0,0,1,7,0,-13,5,2,-2,0,0,0,-18,-120,32,None
0,1,3,1,-3,15,-6,-3,-1,0,0,0,-18,-120,32,None
0,-2,-4,-7,-12,-22,-15,-8,-2,0,0,0,-18,-120,32,None
0,-2,-4,-7,-12,-22,-15,-8,-2,0,0,0,-18,-120,32,None
0,-2,-4,-7,-12,-22,-15,-8,-2,0,0,0,-22,-118,31,None
0,-1,0,-1,22,13,0,3,0,0,0,0,-22,-118,31,None
0,1,2,-6,-30,18,16,3,-2,0,0,0,-22,-118,31,None
0,-3,5,12,24,-6,-12,1,0,0,0,0,-22,-118,31,None
0,-5,-10,-15,-10,-7,7,-9,-5,0,0,0,-22,-118,31,None
0,-5,-10,-15,-10,-7,7,-9,-5,0,0,0,-22,-118,31,None
0,-5,-10,-15,-10,-7,7,-9,-5,0,0,0,-25,-113,28,None
0,-1,0,-8,-18,-4,-8,-4,-3,0,0,0,-25,-113,28,None
0,1,3,9,8,-2,6,3,-2,0,0,0,-25,-113,28,None
0,-2,0,-9,-11,8,12,-3,-4,0,0,0,-25,-113,28,None
0,-2,-1,-2,10,-6,-14,2,1,0,0,0,-25,-113,28,None
0,-2,-1,-2,10,-6,-14,2,1,0,0,0,-25,-113,28,None
0,-2,-1,-2,10,-6,-14,2,1,0,0,0,-30,-109,27,None
0,-2,1,-8,-13,-2,-10,-8,-3,0,0,0,-30,-109,27,None
0,-3,-2,-1,15,-3,4,0,-3,0,0,0,-30,-109,27,None
0,-1,-4,-9,-12,-13,-24,-10,-2,0,0,0,-30,-109,27,None
0,-3,1,3,27,6,-7,-10,-7,0,0,0,-30,-109,27,None
0,-3,1,3,27,6,-7,-10,-7,0,0,0,-30,-109,27,None
0,-3,1,3,27,6,-7,-10,-7,0,0,0,-34,-111,25,None
0,2,1,4,21,2,4,4,0,0,0,0,-34,-111,25,None
0,-2,-2,-15,-27,12,23,13,6,0,0,0,-34,-111,25,None
0,-4,-4,-2,-5,-12,2,-7,-3,0,0,0,-34,-111,25,None
0,-1,0,4,21,-5,-12,-5,-3,0,0,0,-34,-111,25,None
0,-1,0,4,21,-5,-12,-5,-3,0,0,0,-34,-111,25,None
0,-1,0,4,21,-5,-12,-5,-3,0,0,0,-35,-105,23,None
0,0,0,-1,0,-15,-18,-5,-2,0,0,0,-35,-105,23,None
0,-1,4,-4,-15,12,2,-3,-1,0,0,0,-35,-105,23,None
0,2,3,1,12,13,22,6,-2,0,0,0,-35,-105,23,None
0,0,0,-5,-23,-19,-13,-5,2,0,0,0,-35,-105,23,None
0,0,0,-5,-23,-19,-13,-5,2,0,0,0,-35,-105,23,None
0,0,0,-5,-23,-19,-13,-5,2,0,0,0,-38,-102,22,None
0,-2,-5,-5,-5,19,-1,-4,0,0,0,0,-38,-102,22,None
0,-3,-3,-5,16,-11,-15,-6,-2,0,0,0,-38,-102,22,None
0,-2,-4,-10,-23,-9,-4,-1,-2,0,0,0,-38,-102,22,None
0,2,4,8,26,13,-2,-2,1,0,0,0,-38,-102,22,None
0,2,4,8,26,13,-2,-2,1,0,0,0,-38,-102,22,None
0,2,4,8,26,13,-2,-2,1,0,0,0,-43,-96,21,None
0,-3,-4,-15,-21,-7,2,1,-2,0,0,0,-43,-96,21,None
0,2,5,6,-4,-7,-10,-4,-4,0,0,0,-43,-96,21,None
0,2,1,5,6,10,9,2,2,0,0,0,-43,-96,21,None
0,-5,-1,-12,-3,5,2,0,-6,0,0,0,-43,-96,21,None
0,-5,-1,-12,-3,5,2,0,-6,0,0,0,-43,-96,21,None
0,-5,-1,-12,-3,5,2,0,-6,0,0,0,-48,-93,20,None
0,-5,1,1,0,-7,3,-3,-1,0,0,0,-48,-93,20,None
0,0,-4,-7,-12,3,-11,-3,-5,0,0,0,-48,-93,20,None
0,0,-4,-1,5,-11,-11,-4,2,0,0,0,-48,-93,20,None
0,3,8,-2,-23,9,18,10,5,0,0,0,-48,-93,20,None
0,3,8,-2,-23,9,18,10,5,0,0,0,-48,-93,20,None
0,3,8,-2,-23,9,18,10,5,0,0,0,-51,-88,19,None
0,-1,-3,0,27,9,4,-3,-3,0,0,0,-51,-88,19,None
0,-2,-3,-8,2,-12,-16,-7,-1,0,0,0,-51,-88,19,None
0,-1,3,3,4,4,-4,-3,-2,0,0,0,-51,-88,19,None
0,0,6,12,-7,3,12,8,1,0,0,0,-51,-88,19,None
0,0,6,12,-7,3,12,8,1,0,0,0,-51,-88,19,None
0,0,6,12,-7,3,12,8,1,0,0,0,-52,-84,18,None
0,-2,-3,0,14,6,-1,-3,-2,0,0,0,-52,-84,18,None
0,-4,-2,-10,-10,-15,-18,-11,-2,0,0,0,-52,-84,18,None
0,0,2,4,3,7,12,10,0,0,0,0,-52,-84,18,None
0,3,2,-1,-8,1,2,0,1,0,0,0,-52,-84,18,None
0,3,2,-1,-8,1,2,0,1,0,0,0,-52,-84,18,None
0,3,2,-1,-8,1,2,0,1,0,0,0,-54,-79,18,None
0,-3,0,-3,5,2,-5,-4,-1,0,0,0,-54,-79,18,None
0,-1,1,-1,-6,2,2,3,-2,0,0,0,-54,-79,18,None
0,-3,1,-7,-4,-9,-8,-7,-5,0,0,0,-54,-79,18,None
0,-3,-6,-5,3,-6,-12,-10,-3,0,0,0,-54,-79,18,None
0,-3,-6,-5,3,-6,-12,-10,-3,0,0,0,-54,-79,18,None
0,-3,-6,-5,3,-6,-12,-10,-3,0,0,0,-56,-72,17,None
0,3,6,6,-1,10,22,12,2,0,0,0,-56,-72,17,None
0,-1,9,5,-10,7,17,6,-1,0,0,0,-56,-72,17,None
0,0,1,-5,4,-6,-7,-8,-3,0,0,0,-56,-72,17,None
0,-3,0,6,9,-1,-8,0,-1,0,0,0,-56,-72,17,None
0,-3,0,6,9,-1,-8,0,-1,0,0,0,-56,-72,17,None
0,-3,0,6,9,-1,-8,0,-1,0,0,0,-59,-65,19,None
0,-4,6,9,-21,-1,6,1,-3,0,0,0,-59,-65,19,None
0,11,3,0,23,3,-1,1,6,0,0,0,-59,-65,19,None
0,-18,-8,-10,-9,-2,-16,-10,-8,0,0,0,-59,-65,19,None
0,3,7,8,-7,8,7,5,0,0,0,0,-59,-65,19,None
0,3,7,8,-7,8,7,5,0,0,0,0,-59,-65,19,None
0,3,7,8,-7,8,7,5,0,0,0,0,-61,-59,20,None
0,0,-3,-16,-13,-8,-3,-2,0,0,0,0,-61,-59,20,None
0,-3,0,14,-7,4,2,6,4,0,0,0,-61,-59,20,None
0,15,2,0,19,-3,-5,-9,-3,0,0,0,-61,-59,20,None
0,-2,1,1,6,2,-3,-7,-5,0,0,0,-61,-59,20,None
0,-2,1,1,6,2,-3,-7,-5,0,0,0,-61,-59,20,None
0,-2,1,1,6,2,-3,-7,-5,0,0,0,-63,-55,20,None
0,4,10,-12,-21,2,10,11,7,0,0,0,-63,-55,20,None
0,-3,-5,3,7,1,0,-2,-4,0,0,0,-63,-55,20,None
0,-3,-1,-7,-22,-1,5,4,0,0,0,0,-63,-55,20,None
0,-2,-2,-1,30,-5,-10,-7,-4,0,0,0,-63,-55,20,None
0,-2,-2,-1,30,-5,-10,-7,-4,0,0,0,-63,-55,20,None
0,-2,-2,-1,30,-5,-10,-7,-4,0,0,0,-63,-49,21,None
0,1,0,-4,-17,-6,-12,-7,0,0,0,0,-63,-49,21,None
0,-7,3,16,4,8,13,6,-1,0,0,0,-63,-49,21,None
0,4,-3,-45,-1,2,-6,-4,-2,0,0,0,-63,-49,21,None
0,1,-2,-9,-12,-7,-4,-3,0,0,0,0,-63,-49,21,None
0,1,-2,-9,-12,-7,-4,-3,0,0,0,0,-63,-49,21,None
0,1,-2,-9,-12,-7,-4,-3,0,0,0,0,-65,-45,21,None
0,-4,2,10,15,-10,-9,-4,-6,0,0,0,-65,-45,21,None
0,-2,-1,-4,-3,-3,-2,-5,-2,0,0,0,-65,-45,21,None
0,-4,3,14,-11,7,5,3,2,0,0,0,-65,-45,21,None
0,6,0,-20,-6,-2,-3,-2,2,0,0,0,-65,-45,21,None
0,6,0,-20,-6,-2,-3,-2,2,0,0,0,-65,-45,21,None
0,6,0,-20,-6,-2,-3,-2,2,0,0,0,-68,-38,22,None
0,-17,13,4,15,6,2,4,-9,0,0,0,-68,-38,22,None
0,-2,0,-9,1,4,4,-11,-3,0,0,0,-68,-38,22,None
0,-2,13,-4,1,-4,-2,-2,0,0,0,0,-68,-38,22,None
0,-3,-30,7,3,5,3,2,2,0,0,0,-68,-38,22,None
0,-3,-30,7,3,5,3,2,2,0,0,0,-68,-38,22,None
0,-3,-30,7,3,5,3,2,2,0,0,0,-71,-32,23,None
0,-1,-17,1,9,-1,-11,-9,-1,0,0,0,-71,-32,23,None
0,5,1,-14,-24,-9,-10,-1,0,0,0,0,-71,-32,23,None
0,-8,2,42,15,4,1,1,0,0,0,0,-71,-32,23,None
0,3,14,-40,-15,-2,0,0,-4,0,0,0,-71,-32,23,None
0,3,14,-40,-15,-2,0,0,-4,0,0,0,-71,-32,23,None
0,3,14,-40,-15,-2,0,0,-4,0,0,0,-72,-28,24,None
0,-6,-2,3,26,7,0,-5,-5,0,0,0,-72,-28,24,None
0,8,-1,-4,-13,1,3,3,0,0,0,0,-72,-28,24,None
0,0,7,-16,2,1,9,1,1,0,0,0,-72,-28,24,None
0,1,-2,13,12,1,-1,1,-4,0,0,0,-72,-28,24,None
0,1,-2,13,12,1,-1,1,-4,0,0,0,-72,-28,24,None
0,1,-2,13,12,1,-1,1,-4,0,0,0,-74,-23,23,None
0,2,-1,-14,-34,-9,-10,-10,-3,0,0,0,-74,-23,23,None
0,0,4,3,13,1,-5,3,-4,0,0,0,-74,-23,23,None
0,0,31,-20,-11,2,-1,-6,-2,0,0,0,-74,-23,23,None
0,1,7,36,33,11,5,1,0,0,0,0,-74,-23,23,None
0,1,7,36,33,11,5,1,0,0,0,0,-74,-23,23,None
0,1,7,36,33,11,5,1,0,0,0,0,-76,-19,24,None
0,4,-7,-22,-7,-8,0,1,2,0,0,0,-76,-19,24,None
0,-8,2,2,-3,-3,-9,-7,-2,0,0,0,-76,-19,24,None
0,9,-3,-2,-17,-5,-8,-1,-4,0,0,0,-76,-19,24,None
0,-8,25,-6,-21,9,9,4,0,0,0,0,-76,-19,24,None
0,-8,25,-6,-21,9,9,4,0,0,0,0,-76,-19,24,None
0,-8,25,-6,-21,9,9,4,0,0,0,0,-76,-18,25,None
0,2,-21,30,27,0,6,1,3,0,0,0,-76,-18,25,None
0,0,-4,-25,-10,0,0,-2,-2,0,0,0,-76,-18,25,None
0,-5,-14,7,33,1,-7,-2,0,0,0,0,-76,-18,25,None
0,-2,8,2,-21,-15,-10,-5,0,0,0,0,-76,-18,25,None
0,-2,8,2,-21,-15,-10,-5,0,0,0,0,-76,-18,25,None
0,-2,8,2,-21,-15,-10,-5,0,0,0,0,-77,-16,26,None
0,4,5,-10,0,12,3,2,-1,0,0,0,-77,-16,26,None
0,-1,-5,-10,1,6,8,-1,4,0,0,0,-77,-16,26,None
0,-3,14,8,9,3,4,2,-4,0,0,0,-77,-16,26,None
0,-7,-17,-14,-8,-5,-9,-9,-5,0,0,0,-77,-16,26,None
0,-7,-17,-14,-8,-5,-9,-9,-5,0,0,0,-77,-16,26,None
0,-7,-17,-14,-8,-5,-9,-9,-5,0,0,0,-79,-12,27,None
0,-2,12,-6,-11,-5,-6,-3,-1,0,0,0,-79,-12,27,None
0,-3,-1,8,10,-3,-3,-5,-4,0,0,0,-79,-12,27,None
0,1,1,-10,-2,7,6,12,6,0,0,0,-79,-12,27,None
0,12,8,1,-12,-5,-8,-9,-9,0,0,0,-79,-12,27,None
0,12,8,1,-12,-5,-8,-9,-9,0,0,0,-79,-12,27,None
0,12,8,1,-12,-5,-8,-9,-9,0,0,0,-81,-10,28,None
0,-21,1,-2,4,-1,-1,-3,11,0,0,0,-81,-10,28,None
0,9,15,2,2,2,-1,5,-8,0,0,0,-81,-10,28,None
0,12,-9,37,13,13,12,-5,-24,0,0,0,-81,-10,28,None
0,4,-12,-45,20,-3,-3,0,26,0,0,0,-81,-10,28,None
0,4,-12,-45,20,-3,-3,0,26,0,0,0,-81,-10,28,None
0,4,-12,-45,20,-3,-3,0,26,0,0,0,-85,-12,29,None
0,-1,-7,-10,-38,-5,-4,0,-9,0,0,0,-85,-12,29,None
0,-8,1,4,28,0,-11,-5,4,0,0,0,-85,-12,29,None
0,-1,-11,-15,-23,-4,-5,-7,-1,0,0,0,-85,-12,29,None
0,-13,0,23,9,7,11,6,-15,0,0,0,-85,-12,29,None
0,-13,0,23,9,7,11,6,-15,0,0,0,-85,-12,29,None
0,-13,0,23,9,7,11,6,-15,0,0,0,-86,-12,31,None
0,17,14,6,6,5,4,2,3,0,0,0,-86,-12,31,None
0,-10,-6,-17,15,-3,-7,-2,-1,0,0,0,-86,-12,31,None
0,6,7,-21,-25,-5,-5,-1,1,0,0,0,-86,-12,31,None
0,-2,2,20,14,3,3,-2,-2,0,0,0,-86,-12,31,None
0,-2,2,20,14,3,3,-2,-2,0,0,0,-86,-12,31,None
0,-2,2,20,14,3,3,-2,-2,0,0,0,-84,-8,32,None
0,-3,-2,-2,10,1,-7,-1,1,0,0,0,-84,-8,32,None
0,-4,-14,3,-20,1,-5,-9,-5,0,0,0,-84,-8,32,None
0,-5,5,-2,2,3,11,10,4,0,0,0,-84,-8,32,None
0,-8,-6,-6,-3,0,-6,-5,-2,0,0,0,-84,-8,32,None
0,-8,-6,-6,-3,0,-6,-5,-2,0,0,0,-84,-8,32,None
0,-8,-6,-6,-3,0,-6,-5,-2,0,0,0,-83,-6,33,None
0,7,2,-19,7,1,0,-1,-6,0,0,0,-83,-6,33,None
0,-11,3,5,-28,-4,-3,-6,-5,0,0,0,-83,-6,33,None
0,-2,-8,-5,-9,-1,2,-1,0,0,0,0,-83,-6,33,None
0,-3,-14,-21,37,-1,-9,-7,-4,0,0,0,-83,-6,33,None
0,-3,-14,-21,37,-1,-9,-7,-4,0,0,0,-83,-6,33,None
0,-3,-14,-21,37,-1,-9,-7,-4,0,0,0,-88,-9,33,None
0,0,6,0,-21,8,9,2,-2,0,0,0,-88,-9,33,None
0,-3,-1,17,41,1,-1,0,-4,0,0,0,-88,-9,33,None
0,-12,-20,-17,-21,-11,-15,-9,3,0,0,0,-88,-9,33,None
0,2,5,1,-18,1,1,2,-1,0,0,0,-88,-9,33,None
0,2,5,1,-18,1,1,2,-1,0,0,0,-88,-9,33,None
0,2,5,1,-18,1,1,2,-1,0,0,0,-95,-16,32,None
0,1,8,-1,13,3,4,2,-3,0,0,0,-95,-16,32,None
0,1,11,13,-11,3,2,1,4,0,0,0,-95,-16,32,None
0,4,-7,-26,1,-6,-9,-6,3,0,0,0,-95,-16,32,None
0,-22,-8,-1,-2,4,-1,0,-11,0,0,0,-95,-16,32,None
0,-22,-8,-1,-2,4,-1,0,-11,0,0,0,-95,-16,32,None
0,-22,-8,-1,-2,4,-1,0,-11,0,0,0,-97,-18,32,None
0,-3,0,-12,-13,-2,1,-1,-3,0,0,0,-97,-18,32,None
0,4,-2,11,6,-5,1,3,2,0,0,0,-97,-18,32,None
0,2,-1,2,-6,-2,-2,1,0,0,0,0,-97,-18,32,None
0,-1,11,8,-7,2,0,-3,-4,0,0,0,-97,-18,32,None
0,-1,11,8,-7,2,0,-3,-4,0,0,0,-97,-18,32,None
0,-1,11,8,-7,2,0,-3,-4,0,0,0,-95,-18,32,None
0,-1,10,2,18,5,-3,-3,0,0,0,0,-95,-18,32,None
0,-4,-21,-29,-12,1,-1,-1,0,0,0,0,-95,-18,32,None
0,-7,-12,11,-6,1,1,0,-5,0,0,0,-95,-18,32,None
0,0,2,-2,-9,-2,-1,0,4,0,0,0,-95,-18,32,None
0,0,2,-2,-9,-2,-1,0,4,0,0,0,-95,-18,32,None
0,0,2,-2,-9,-2,-1,0,4,0,0,0,-93,-21,32,None
0,11,-28,47,17,12,7,6,6,0,0,0,-93,-21,32,None
0,1,-6,4,-11,-10,-3,-2,-3,0,0,0,-93,-21,32,None
0,-4,3,20,7,5,-2,-3,-2,0,0,0,-93,-21,32,None
0,2,-24,-4,-14,5,2,3,3,0,0,0,-93,-21,32,None
0,2,-24,-4,-14,5,2,3,3,0,0,0,-93,-21,32,None
0,2,-24,-4,-14,5,2,3,3,0,0,0,-92,-20,32,None
0,-6,5,-16,-9,-7,2,-1,-4,0,0,0,-92,-20,32,None
0,4,22,1,22,4,4,1,-1,0,0,0,-92,-20,32,None
0,-7,-24,27,-5,1,-3,0,5,0,0,0,-92,-20,32,None
0,1,16,-6,-4,-2,-6,-5,-3,0,0,0,-92,-20,32,None
0,1,16,-6,-4,-2,-6,-5,-3,0,0,0,-92,-20,32,None
0,1,16,-6,-4,-2,-6,-5,-3,0,0,0,-88,-18,32,None
0,0,27,5,-12,0,-2,-3,-3,0,0,0,-88,-18,32,None
0,-1,-4,19,19,4,3,2,0,0,0,0,-88,-18,32,None
0,-4,12,-22,-14,-5,-11,-8,-4,0,0,0,-88,-18,32,None
0,4,10,8,7,2,7,4,0,0,0,0,-88,-18,32,None
0,4,10,8,7,2,7,4,0,0,0,0,-88,-18,32,None
0,4,10,8,7,2,7,4,0,0,0,0,-85,-15,32,None
0,10,1,-2,-8,-5,-3,-2,2,0,0,0,-85,-15,32,None
0,-13,7,-15,-11,0,-4,-6,-6,0,0,0,-85,-15,32,None
0,9,13,0,15,4,3,1,-2,0,0,0,-85,-15,32,None
0,1,-17,22,9,1,6,2,-2,0,0,0,-85,-15,32,None
0,1,-17,22,9,1,6,2,-2,0,0,0,-85,-15,32,None
0,1,-17,22,9,1,6,2,-2,0,0,0,-83,-14,32,None
0,-3,-10,-10,-6,-3,-10,-6,1,0,0,0,-83,-14,32,None
0,-8,-23,-9,-20,-2,-4,-4,-3,0,0,0,-83,-14,32,None
0,9,17,-7,-2,-4,0,1,-1,0,0,0,-83,-14,32,None
0,-4,-7,-7,-3,-3,-9,-6,-2,0,0,0,-83,-14,32,None
0,-4,-7,-7,-3,-3,-9,-6,-2,0,0,0,-83,-14,32,None
0,-4,-7,-7,-3,-3,-9,-6,-2,0,0,0,-77,-15,32,None
0,-6,-6,-3,0,-1,-3,-2,-3,0,0,0,-77,-15,32,None
0,4,9,-3,1,4,6,4,0,0,0,0,-77,-15,32,None
0,-30,4,-12,-2,0,3,-2,-7,0,0,0,-77,-15,32,None
0,37,16,17,-5,1,-2,1,3,0,0,0,-77,-15,32,None
0,37,16,17,-5,1,-2,1,3,0,0,0,-77,-15,32,None
0,37,16,17,-5,1,-2,1,3,0,0,0,-73,-17,32,None
0,-8,-9,-5,-9,-1,-2,-1,-1,0,0,0,-73,-17,32,None
0,6,1,-7,1,2,0,-2,-3,0,0,0,-73,-17,32,None
0,-3,-6,-11,-7,-2,-4,-4,2,0,0,0,-73,-17,32,None
0,-8,5,-9,-4,-1,-4,-2,-2,0,0,0,-73,-17,32,None
0,-8,5,-9,-4,-1,-4,-2,-2,0,0,0,-73,-17,32,None
0,-8,5,-9,-4,-1,-4,-2,-2,0,0,0,-70,-17,31,None
0,-4,5,20,8,0,2,2,-2,0,0,0,-70,-17,31,None
0,6,25,-17,3,-3,-10,-7,-2,0,0,0,-70,-17,31,None
0,2,-6,-6,8,5,-1,-1,-2,0,0,0,-70,-17,31,None
0,-2,4,0,-8,-5,-2,-1,0,0,0,0,-70,-17,31,None
0,-2,4,0,-8,-5,-2,-1,0,0,0,0,-70,-17,31,None
0,-2,4,0,-8,-5,-2,-1,0,0,0,0,-72,-16,31,None
0,-13,11,2,-2,2,2,-2,-11,0,0,0,-72,-16,31,None
0,-5,-33,-25,-3,4,0,1,1,0,0,0,-72,-16,31,None
0,3,0,15,8,0,3,4,1,0,0,0,-72,-16,31,None
0,-5,3,-12,-20,0,1,-3,-5,0,0,0,-72,-16,31,None
0,-5,3,-12,-20,0,1,-3,-5,0,0,0,-72,-16,31,None
0,-5,3,-12,-20,0,1,-3,-5,0,0,0,-72,-19,30,None
0,-5,-3,-2,12,-2,-9,-8,2,0,0,0,-72,-19,30,None
0,2,10,-10,-11,0,-2,-3,-3,0,0,0,-72,-19,30,None
0,13,1,11,28,2,3,-1,-3,0,0,0,-72,-19,30,None
0,-23,-21,-25,-4,1,0,0,6,0,0,0,-72,-19,30,None
0,-23,-21,-25,-4,1,0,0,6,0,0,0,-72,-19,30,None
0,-23,-21,-25,-4,1,0,0,6,0,0,0,-70,-25,30,None
0,22,4,-11,-17,-3,-7,-2,1,0,0,0,-70,-25,30,None
0,-6,5,10,11,1,2,4,-1,0,0,0,-70,-25,30,None
0,0,5,8,-1,1,6,1,-2,0,0,0,-70,-25,30,None
0,-3,14,-6,3,0,-2,-2,-3,0,0,0,-70,-25,30,None
0,-3,14,-6,3,0,-2,-2,-3,0,0,0,-70,-25,30,None
0,-3,14,-6,3,0,-2,-2,-3,0,0,0,-70,-30,31,None
0,-3,-11,-26,11,2,5,2,-4,0,0,0,-70,-30,31,None
0,-4,3,1,-8,-2,1,-3,-6,0,0,0,-70,-30,31,None
0,0,-3,-4,-2,-4,-7,-4,2,0,0,0,-70,-30,31,None
0,1,10,2,-6,2,-2,-1,-4,0,0,0,-70,-30,31,None
0,1,10,2,-6,2,-2,-1,-4,0,0,0,-70,-30,31,None
0,1,10,2,-6,2,-2,-1,-4,0,0,0,-71,-36,30,None
0,-9,-4,7,8,-2,-1,-5,-3,0,0,0,-71,-36,30,None
0,7,4,8,0,1,-5,0,0,0,0,0,-71,-36,30,None
0,-18,-3,2,13,0,-4,-5,-1,0,0,0,-71,-36,30,None
0,15,-1,0,-19,-2,-1,0,0,0,0,0,-71,-36,30,None
0,15,-1,0,-19,-2,-1,0,0,0,0,0,-71,-36,30,None
0,15,-1,0,-19,-2,-1,0,0,0,0,0,-72,-40,29,None
0,3,0,2,-3,2,4,1,0,0,0,0,-72,-40,29,None
0,-2,-1,-8,-1,5,-1,-2,1,0,0,0,-72,-40,29,None
0,-3,8,-11,7,3,9,5,-5,0,0,0,-72,-40,29,None
0,-4,-2,10,-2,0,0,-1,-3,0,0,0,-72,-40,29,None
0,-4,-2,10,-2,0,0,-1,-3,0,0,0,-72,-40,29,None
0,-4,-2,10,-2,0,0,-1,-3,0,0,0,-70,-45,27,None
0,-3,-4,0,-17,-7,-5,-4,-1,0,0,0,-70,-45,27,None
0,-1,-1,-20,0,-2,-5,-9,-2,0,0,0,-70,-45,27,None
0,-1,-3,11,-2,4,-3,-1,-1,0,0,0,-70,-45,27,None
0,-1,0,-21,6,-2,-7,-5,-3,0,0,0,-70,-45,27,None
0,-1,0,-21,6,-2,-7,-5,-3,0,0,0,-70,-45,27,None
0,-1,0,-21,6,-2,-7,-5,-3,0,0,0,-68,-51,25,None
0,-2,0,-12,3,5,3,-2,-1,0,0,0,-68,-51,25,None
0,-3,2,17,-5,-2,3,0,-5,0,0,0,-68,-51,25,None
0,3,-3,-12,-14,-3,-4,-1,1,0,0,0,-68,-51,25,None
0,-5,-6,6,-3,-2,1,0,-3,0,0,0,-68,-51,25,None
0,-5,-6,6,-3,-2,1,0,-3,0,0,0,-68,-51,25,None
0,-5,-6,6,-3,-2,1,0,-3,0,0,0,-70,-61,26,None
0,5,14,5,20,3,2,1,-1,0,0,0,-70,-61,26,None
0,-5,-4,-4,-19,2,0,5,-2,0,0,0,-70,-61,26,None
0,2,0,-9,1,-2,-4,-8,1,0,0,0,-70,-61,26,None
0,1,7,3,5,-1,-2,-2,-1,0,0,0,-70,-61,26,None
0,1,7,3,5,-1,-2,-2,-1,0,0,0,-70,-61,26,None
0,1,7,3,5,-1,-2,-2,-1,0,0,0,-69,-67,26,None
0,-6,-2,7,4,6,7,9,-4,0,0,0,-69,-67,26,None
0,1,-4,6,5,-5,-8,-4,-3,0,0,0,-69,-67,26,None
0,0,1,17,1,1,0,0,-3,0,0,0,-69,-67,26,None
0,-5,-10,-16,18,1,0,-1,-2,0,0,0,-69,-67,26,None
0,-5,-10,-16,18,1,0,-1,-2,0,0,0,-69,-67,26,None
0,-5,-10,-16,18,1,0,-1,-2,0,0,0,-66,-74,27,None
0,1,1,-13,-35,-3,-4,-8,3,0,0,0,-66,-74,27,None
0,0,11,-16,-3,-3,-1,0,2,0,0,0,-66,-74,27,None
0,-2,-4,5,0,3,3,0,-3,0,0,0,-66,-74,27,None
0,-4,2,-2,12,1,4,0,-6,0,0,0,-66,-74,27,None
0,-4,2,-2,12,1,4,0,-6,0,0,0,-66,-74,27,None
0,-4,2,-2,12,1,4,0,-6,0,0,0,-65,-77,26,None
0,-2,-21,-15,-2,7,0,1,3,0,0,0,-65,-77,26,None
0,-1,2,5,11,1,-2,-6,-2,0,0,0,-65,-77,26,None
0,-2,-2,-19,-14,-3,-9,-5,-3,0,0,0,-65,-77,26,None
0,-2,-2,14,0,5,-5,-5,0,0,0,0,-65,-77,26,None
0,-2,-2,14,0,5,-5,-5,0,0,0,0,-65,-77,26,None
0,-2,-2,14,0,5,-5,-5,0,0,0,0,-62,-78,28,None
0,-2,-1,-30,2,-6,-3,-4,-2,0,0,0,-62,-78,28,None
0,0,1,-12,-14,2,7,0,1,0,0,0,-62,-78,28,None
0,-1,0,-2,7,3,0,-3,1,0,0,0,-62,-78,28,None
0,1,11,19,-5,-5,-5,-1,-1,0,0,0,-62,-78,28,None
0,1,11,19,-5,-5,-5,-1,-1,0,0,0,-62,-78,28,None
0,1,11,19,-5,-5,-5,-1,-1,0,0,0,-56,-84,29,None
0,-1,2,-11,-3,1,1,4,-2,0,0,0,-56,-84,29,None
0,1,-1,8,19,6,9,0,1,0,0,0,-56,-84,29,None
0,0,1,-10,-11,-6,-10,-5,1,0,0,0,-56,-84,29,None
0,0,0,-20,-8,5,2,1,-5,0,0,0,-56,-84,29,None
0,0,0,-20,-8,5,2,1,-5,0,0,0,-56,-84,29,None
0,0,0,-20,-8,5,2,1,-5,0,0,0,-48,-88,33,None
0,-2,2,11,2,-6,-4,-8,0,0,0,0,-48,-88,33,None
0,5,10,2,3,2,-7,8,6,0,0,0,-48,-88,33,None
0,-4,-16,-34,6,1,-7,-8,-7,0,0,0,-48,-88,33,None
0,-1,3,27,-7,-19,-3,-4,-2,0,0,0,-48,-88,33,None
0,-1,3,27,-7,-19,-3,-4,-2,0,0,0,-48,-88,33,None
0,-1,3,27,-7,-19,-3,-4,-2,0,0,0,-41,-90,36,None
0,-2,2,11,-10,-2,2,10,1,0,0,0,-41,-90,36,None
0,1,2,-3,4,3,-2,0,-2,0,0,0,-41,-90,36,None
0,4,39,-7,4,3,4,-2,-3,0,0,0,-41,-90,36,None
0,-6,-20,-40,-18,3,1,3,-5,0,0,0,-41,-90,36,None
0,-6,-20,-40,-18,3,1,3,-5,0,0,0,-41,-90,36,None
0,-6,-20,-40,-18,3,1,3,-5,0,0,0,-37,-95,38,None
0,0,7,36,15,-2,-5,-7,-5,0,0,0,-37,-95,38,None
0,-6,-10,-27,-36,-11,-1,-2,-6,0,0,0,-37,-95,38,None
0,0,6,22,23,7,1,4,-1,0,0,0,-37,-95,38,None
0,-1,5,7,14,6,-3,-6,1,0,0,0,-37,-95,38,None
0,-1,5,7,14,6,-3,-6,1,0,0,0,-37,-95,38,None
0,-1,5,7,14,6,-3,-6,1,0,0,0,-35,-98,38,None
0,-3,-13,19,9,2,-4,-3,0,0,0,0,-35,-98,38,None
0,-2,0,-4,-11,1,-2,1,-1,0,0,0,-35,-98,38,None
0,-4,-24,0,-13,-4,-3,-4,2,0,0,0,-35,-98,38,None
0,2,9,12,10,3,8,5,2,0,0,0,-35,-98,38,None
0,2,9,12,10,3,8,5,2,0,0,0,-35,-98,38,None
0,2,9,12,10,3,8,5,2,0,0,0,-35,-103,39,None
0,-1,-3,-12,6,6,6,4,-1,0,0,0,-35,-103,39,None
0,-1,-8,10,11,4,3,-6,-2,0,0,0,-35,-103,39,None
0,-1,-5,-5,-3,-1,-7,-8,-3,0,0,0,-35,-103,39,None
0,0,8,3,-9,-7,-4,-1,2,0,0,0,-35,-103,39,None
0,0,8,3,-9,-7,-4,-1,2,0,0,0,-35,-103,39,None
0,0,8,3,-9,-7,-4,-1,2,0,0,0,-32,-104,43,None
0,-1,7,-26,-12,3,1,3,-6,0,0,0,-32,-104,43,None
0,-3,-1,5,1,0,-3,-10,-1,0,0,0,-32,-104,43,None
0,1,3,0,-2,-2,-2,6,0,0,0,0,-32,-104,43,None
0,-2,-9,-42,5,6,-1,2,1,0,0,0,-32,-104,43,None
0,-2,-9,-42,5,6,-1,2,1,0,0,0,-32,-104,43,None
0,-2,-9,-42,5,6,-1,2,1,0,0,0,-25,-100,46,None
0,2,0,-3,-20,-6,-9,-14,-2,0,0,0,-25,-100,46,None
0,0,10,2,23,2,-3,2,0,0,0,0,-25,-100,46,None
0,-3,-5,15,2,1,8,4,-3,0,0,0,-25,-100,46,None
0,-1,-6,6,-2,4,0,-8,-2,0,0,0,-25,-100,46,None
0,-1,-6,6,-2,4,0,-8,-2,0,0,0,-25,-100,46,None
0,-1,-6,6,-2,4,0,-8,-2,0,0,0,-21,-96,47,None
0,-1,-14,-5,1,6,-5,2,1,0,0,0,-21,-96,47,None
0,-2,5,8,9,-5,1,-6,-4,0,0,0,-21,-96,47,None
0,-3,-9,32,-14,11,9,2,6,0,0,0,-21,-96,47,None
0,3,3,-19,11,8,5,6,0,0,0,0,-21,-96,47,None
0,3,3,-19,11,8,5,6,0,0,0,0,-21,-96,47,None
0,3,3,-19,11,8,5,6,0,0,0,0,-20,-99,45,None
0,-5,3,-19,-5,-2,-9,-3,-7,0,0,0,-20,-99,45,None
0,-1,-1,-8,-18,-3,1,-2,-5,0,0,0,-20,-99,45,None
0,1,2,-1,3,-6,-7,-1,1,0,0,0,-20,-99,45,None
0,2,9,48,4,0,5,-2,4,0,0,0,-20,-99,45,None
0,2,9,48,4,0,5,-2,4,0,0,0,-20,-99,45,None
0,2,9,48,4,0,5,-2,4,0,0,0,-16,-97,45,None
0,-4,1,-19,3,1,5,5,-3,0,0,0,-16,-97,45,None
0,-3,-11,4,-9,2,-4,-3,-1,0,0,0,-16,-97,45,None
0,3,8,-17,1,1,4,1,-1,0,0,0,-16,-97,45,None
0,1,8,-8,-7,-12,-12,-6,-3,0,0,0,-16,-97,45,None
0,1,8,-8,-7,-12,-12,-6,-3,0,0,0,-16,-97,45,None
0,1,8,-8,-7,-12,-12,-6,-3,0,0,0,-11,-98,44,None
0,-5,-2,-23,-14,-4,-4,-5,-2,0,0,0,-11,-98,44,None
0,-1,5,23,21,22,1,-6,1,0,0,0,-11,-98,44,None
0,-3,-10,-26,-17,-14,2,-5,-2,0,0,0,-11,-98,44,None
0,1,-1,-24,-11,13,5,2,-4,0,0,0,-11,-98,44,None
0,1,-1,-24,-11,13,5,2,-4,0,0,0,-11,-98,44,None
0,1,-1,-24,-11,13,5,2,-4,0,0,0,-6,-97,45,None
0,-2,2,2,3,-7,-12,-5,-1,0,0,0,-6,-97,45,None
0,2,4,33,7,2,-1,6,2,0,0,0,-6,-97,45,None
0,-5,-1,-9,-23,0,-3,-4,-8,0,0,0,-6,-97,45,None
0,-1,7,-7,14,1,-1,0,-2,0,0,0,-6,-97,45,None
0,-1,7,-7,14,1,-1,0,-2,0,0,0,-6,-97,45,None
0,-1,7,-7,14,1,-1,0,-2,0,0,0,-6,-95,44,None
0,3,8,13,-9,0,1,-9,-2,0,0,0,-6,-95,44,None
0,-1,5,-15,6,-2,4,7,-2,0,0,0,-6,-95,44,None
0,0,4,2,3,0,-3,-5,-2,0,0,0,-6,-95,44,None
0,-11,-6,15,-4,-4,0,-1,-4,0,0,0,-6,-95,44,None
0,-11,-6,15,-4,-4,0,-1,-4,0,0,0,-6,-95,44,None
0,-11,-6,15,-4,-4,0,-1,-4,0,0,0,-7,-97,43,None
0,8,-2,2,4,4,4,0,-2,0,0,0,-7,-97,43,None
0,1,-2,-8,-5,-9,-4,-6,0,0,0,0,-7,-97,43,None
0,-6,-6,-17,-7,-5,-10,-1,-2,0,0,0,-7,-97,43,None
0,-3,17,-17,-3,-2,-8,-7,-3,0,0,0,-7,-97,43,None
0,-3,17,-17,-3,-2,-8,-7,-3,0,0,0,-7,-97,43,None
0,-3,17,-17,-3,-2,-8,-7,-3,0,0,0,-5,-97,45,None
0,-7,-1,39,7,3,7,10,1,0,0,0,-5,-97,45,None
0,7,2,-25,8,-2,-1,8,2,0,0,0,-5,-97,45,None
0,-2,-7,-16,-10,-2,-12,-8,-5,0,0,0,-5,-97,45,None
0,3,3,-9,8,2,11,2,-2,0,0,0,-5,-97,45,None
0,3,3,-9,8,2,11,2,-2,0,0,0,-5,-97,45,None
0,3,3,-9,8,2,11,2,-2,0,0,0,-3,-95,46,None
0,-7,-9,-24,-2,2,-4,-8,1,0,0,0,-3,-95,46,None
0,0,1,19,-11,-6,0,8,4,0,0,0,-3,-95,46,None
0,0,-5,-16,19,4,0,0,1,0,0,0,-3,-95,46,None
0,-9,-7,14,-9,-1,0,-3,-6,0,0,0,-3,-95,46,None
0,-9,-7,14,-9,-1,0,-3,-6,0,0,0,-3,-95,46,None
0,-9,-7,14,-9,-1,0,-3,-6,0,0,0,-6,-91,46,None
0,8,3,19,18,-2,-9,-9,-2,0,0,0,-6,-91,46,None
0,-8,-13,-26,-16,2,-2,2,-1,0,0,0,-6,-91,46,None
0,3,16,3,1,-1,0,-4,-4,0,0,0,-6,-91,46,None
0,-9,-2,12,-4,2,0,3,1,0,0,0,-6,-91,46,None
0,-9,-2,12,-4,2,0,3,1,0,0,0,-6,-91,46,None
0,-9,-2,12,-4,2,0,3,1,0,0,0,-4,-90,45,None
0,10,4,-13,-6,0,3,-6,-5,0,0,0,-4,-90,45,None
0,-1,3,-9,-3,-3,3,-4,-3,0,0,0,-4,-90,45,None
0,0,10,11,7,5,4,1,-1,0,0,0,-4,-90,45,None
0,3,-8,10,7,2,-6,0,3,0,0,0,-4,-90,45,None
0,3,-8,10,7,2,-6,0,3,0,0,0,-4,-90,45,None
0,3,-8,10,7,2,-6,0,3,0,0,0,-2,-92,43,None
0,-8,4,36,1,0,-6,2,1,0,0,0,-2,-92,43,None
0,15,0,-11,3,-1,-2,-4,-1,0,0,0,-2,-92,43,None
0,-23,-2,-19,-5,0,1,-4,-7,0,0,0,-2,-92,43,None
0,20,-9,5,4,-3,-5,-3,-1,0,0,0,-2,-92,43,None
0,20,-9,5,4,-3,-5,-3,-1,0,0,0,-2,-92,43,None
0,20,-9,5,4,-3,-5,-3,-1,0,0,0,-1,-93,40,None
0,-5,3,-8,-12,1,-1,-6,-6,0,0,0,-1,-93,40,None
0,7,11,24,-9,-2,-1,-3,-1,0,0,0,-1,-93,40,None
0,3,-14,-37,18,3,-1,2,4,0,0,0,-1,-93,40,None
0,-11,9,9,-2,0,2,-1,-4,0,0,0,-1,-93,40,None
0,-11,9,9,-2,0,2,-1,-4,0,0,0,-1,-93,40,None
0,-11,9,9,-2,0,2,-1,-4,0,0,0,-3,-101,44,None
0,-11,8,0,0,-2,3,3,1,0,0,0,-3,-101,44,None
0,0,-23,-22,2,-2,-7,-8,-6,0,0,0,-3,-101,44,None
0,7,16,35,6,3,0,3,0,0,0,0,-3,-101,44,None
0,-2,-5,-7,-4,-1,-3,1,3,0,0,0,-3,-101,44,None
0,-2,-5,-7,-4,-1,-3,1,3,0,0,0,-3,-101,44,None
0,-2,-5,-7,-4,-1,-3,1,3,0,0,0,-1,-100,45,None
0,-3,-18,-6,3,-1,-1,-5,-12,0,0,0,-1,-100,45,None
0,-13,-21,-17,-8,0,0,-9,34,0,0,0,-1,-100,45,None
0,24,6,16,1,-1,1,-1,-14,0,0,0,-1,-100,45,None
0,-5,-9,-13,-5,-2,-2,2,-3,0,0,0,-1,-100,45,None
0,-5,-9,-13,-5,-2,-2,2,-3,0,0,0,-1,-100,45,None
0,-5,-9,-13,-5,-2,-2,2,-3,0,0,0,0,-93,48,None
0,-10,0,0,-1,2,1,-6,2,0,0,0,0,-93,48,None
0,10,13,11,6,1,6,14,-10,0,0,0,0,-93,48,None
0,-23,4,12,-8,-2,1,-1,10,0,0,0,0,-93,48,None
0,1,-1,-13,-5,1,-11,-11,1,0,0,0,0,-93,48,None
0,1,-1,-13,-5,1,-11,-11,1,0,0,0,0,-93,48,None
0,1,-1,-13,-5,1,-11,-11,1,0,0,0,-5,-80,48,None
0,2,8,-3,3,3,2,11,0,0,0,0,-5,-80,48,None
0,-10,1,20,1,0,-4,-7,-9,0,0,0,-5,-80,48,None
0,3,-2,0,5,1,-1,1,2,0,0,0,-5,-80,48,None
0,-11,-5,-26,-23,-3,-1,-3,-11,0,0,0,-5,-80,48,None
0,-11,-5,-26,-23,-3,-1,-3,-11,0,0,0,-5,-80,48,None
0,-11,-5,-26,-23,-3,-1,-3,-11,0,0,0,-5,-82,46,None
0,6,13,6,10,1,-1,2,9,0,0,0,-5,-82,46,None
0,1,3,-10,-3,2,-2,-3,-7,0,0,0,-5,-82,46,None
0,9,2,-3,-1,0,-3,-6,-1,0,0,0,-5,-82,46,None
0,-33,-5,16,11,2,4,5,-8,0,0,0,-5,-82,46,None
0,-33,-5,16,11,2,4,5,-8,0,0,0,-5,-82,46,None
0,-33,-5,16,11,2,4,5,-8,0,0,0,3,-91,45,None
0,15,-2,-10,-3,-3,0,-2,-3,0,0,0,3,-91,45,None
0,-11,2,-7,-4,0,-7,-6,-2,0,0,0,3,-91,45,None
0,5,-7,-2,-2,0,1,5,3,0,0,0,3,-91,45,None
0,19,15,-3,8,3,3,-1,2,0,0,0,3,-91,45,None
0,19,15,-3,8,3,3,-1,2,0,0,0,3,-91,45,None
0,19,15,-3,8,3,3,-1,2,0,0,0,7,-94,45,None
0,-6,-7,8,-1,-3,-10,-8,0,0,0,0,7,-94,45,None
0,-33,-5,-6,0,0,-6,-7,-12,0,0,0,7,-94,45,None
0,0,1,7,-7,1,3,-1,1,0,0,0,7,-94,45,None
0,5,-1,-3,5,-2,-1,-4,-2,0,0,0,7,-94,45,None
0,5,-1,-3,5,-2,-1,-4,-2,0,0,0,7,-94,45,None
0,5,-1,-3,5,-2,-1,-4,-2,0,0,0,5,-88,45,None
0,-24,-3,-36,-9,1,-5,-2,-3,0,0,0,5,-88,45,None
0,42,10,21,8,2,4,2,2,0,0,0,5,-88,45,None
0,-19,-7,-17,-13,0,-1,2,-3,0,0,0,5,-88,45,None
0,-6,-5,11,7,1,-4,-6,1,0,0,0,5,-88,45,None
0,-6,-5,11,7,1,-4,-6,1,0,0,0,5,-88,45,None
0,-6,-5,11,7,1,-4,-6,1,0,0,0,0,-85,44,None
0,-7,4,7,5,1,2,2,-2,0,0,0,0,-85,44,None
0,11,0,-11,-4,-2,-2,1,4,0,0,0,0,-85,44,None
0,-16,-1,-7,0,1,-4,-4,-7,0,0,0,0,-85,44,None
0,25,0,-4,-3,-1,-2,-1,7,0,0,0,0,-85,44,None
0,25,0,-4,-3,-1,-2,-1,7,0,0,0,0,-85,44,None
0,25,0,-4,-3,-1,-2,-1,7,0,0,0,-1,-87,44,None
0,-11,6,-2,7,0,-1,-1,-6,0,0,0,-1,-87,44,None
0,15,12,-1,1,-1,-1,-4,-5,0,0,0,-1,-87,44,None
0,5,-3,-5,-6,-3,-2,3,1,0,0,0,-1,-87,44,None
0,-3,1,-1,-4,0,0,0,1,0,0,0,-1,-87,44,None
0,-3,1,-1,-4,0,0,0,1,0,0,0,-1,-87,44,None
0,-3,1,-1,-4,0,0,0,1,0,0,0,-1,-90,44,None
0,22,8,14,1,1,6,2,1,0,0,0,-1,-90,44,None
0,-43,-13,-24,-3,1,-6,-4,0,0,0,0,-1,-90,44,None
0,6,5,13,3,0,-1,-1,-5,0,0,0,-1,-90,44,None
0,-4,-1,-8,-1,1,0,0,-3,0,0,0,-1,-90,44,None
0,-4,-1,-8,-1,1,0,0,-3,0,0,0,-1,-90,44,None
0,-4,-1,-8,-1,1,0,0,-3,0,0,0,-2,-91,44,None
0,9,-1,-18,-5,-1,-3,-3,5,0,0,0,-2,-91,44,None
0,-13,-3,1,-7,-1,-3,5,-5,0,0,0,-2,-91,44,None
0,9,0,2,-3,0,3,0,5,0,0,0,-2,-91,44,None
0,-13,1,0,-1,0,-3,-4,-8,0,0,0,-2,-91,44,None
0,-13,1,0,-1,0,-3,-4,-8,0,0,0,-2,-91,44,None
0,-13,1,0,-1,0,-3,-4,-8,0,0,0,-2,-90,43,None
0,4,-5,4,3,2,1,0,-1,0,0,0,-2,-90,43,None
0,-11,-1,0,3,2,6,5,-3,0,0,0,-2,-90,43,None
0,-15,-4,-9,1,1,-2,-8,-6,0,0,0,-2,-90,43,None
0,11,1,-4,0,1,-3,-1,1,0,0,0,-2,-90,43,None
0,11,1,-4,0,1,-3,-1,1,0,0,0,-2,-90,43,None
0,11,1,-4,0,1,-3,-1,1,0,0,0,-1,-89,44,None
0,3,2,4,-2,-1,-2,-3,-1,0,0,0,-1,-89,44,None
0,-40,-13,-18,-10,-2,0,0,-5,0,0,0,-1,-89,44,None
0,26,4,11,14,1,-4,0,6,0,0,0,-1,-89,44,None
0,-7,-3,-7,-9,1,-5,-7,-2,0,0,0,-1,-89,44,None
0,-7,-3,-7,-9,1,-5,-7,-2,0,0,0,-1,-89,44,None
0,-7,-3,-7,-9,1,-5,-7,-2,0,0,0,0,-89,44,None
0,12,-2,-3,3,1,1,2,3,0,0,0,0,-89,44,None
0,4,5,6,6,0,-2,-6,-3,0,0,0,0,-89,44,None
0,-11,-1,-12,-2,-1,-1,-1,-3,0,0,0,0,-89,44,None
0,12,8,18,0,0,5,2,-1,0,0,0,0,-89,44,None
0,12,8,18,0,0,5,2,-1,0,0,0,0,-89,44,None
0,12,8,18,0,0,5,2,-1,0,0,0,0,-89,45,None
0,-7,2,-8,-10,-1,-1,-1,-2,0,0,0,0,-89,45,None
0,16,-4,-3,3,0,-3,-2,-2,0,0,0,0,-89,45,None
0,-12,2,-5,-4,-1,0,-1,-3,0,0,0,0,-89,45,None
0,21,0,5,4,1,3,4,1,0,0,0,0,-89,45,None
0,21,0,5,4,1,3,4,1,0,0,0,0,-89,45,None
0,21,0,5,4,1,3,4,1,0,0,0,0,-89,44,None
0,-6,-6,-15,-4,-3,-6,-10,-3,0,0,0,0,-89,44,None
0,2,2,1,6,1,-4,-3,-3,0,0,0,0,-89,44,None
0,4,3,7,-8,0,2,9,2,0,0,0,0,-89,44,None
0,-1,4,-14,1,2,-4,-16,-5,0,0,0,0,-89,44,None
0,-1,4,-14,1,2,-4,-16,-5,0,0,0,0,-89,44,None
0,-1,4,-14,1,2,-4,-16,-5,0,0,0,-1,-88,45,None
0,-15,-4,0,-2,0,-2,6,0,0,0,0,-1,-88,45,None
0,27,5,0,1,1,0,-2,2,0,0,0,-1,-88,45,None
0,-26,-7,1,2,1,0,-1,-4,0,0,0,-1,-88,45,None
0,5,3,0,0,0,-2,4,5,0,0,0,-1,-88,45,None
0,5,3,0,0,0,-2,4,5,0,0,0,-1,-88,45,None
0,5,3,0,0,0,-2,4,5,0,0,0,-1,-88,46,None
0,-4,0,-17,-6,-1,-2,-2,-3,0,0,0,-1,-88,46,None
0,1,6,20,13,3,2,-3,-3,0,0,0,-1,-88,46,None
0,6,5,3,3,0,-5,-4,-1,0,0,0,-1,-88,46,None
0,-8,-7,-5,-7,-1,-2,0,1,0,0,0,-1,-88,46,None
0,-8,-7,-5,-7,-1,-2,0,1,0,0,0,-1,-88,46,None
0,-8,-7,-5,-7,-1,-2,0,1,0,0,0,-1,-88,45,None
0,16,5,9,0,0,2,1,3,0,0,0,-1,-88,45,None
0,-5,0,-3,-6,0,-1,2,-3,0,0,0,-1,-88,45,None
0,8,-1,-13,-5,0,-4,-7,-4,0,0,0,-1,-88,45,None
0,-21,-1,5,2,-1,-1,2,-4,0,0,0,-1,-88,45,None
0,-21,-1,5,2,-1,-1,2,-4,0,0,0,-1,-88,45,None
0,-21,-1,5,2,-1,-1,2,-4,0,0,0,-2,-89,46,None
0,18,8,13,2,1,0,-2,0,0,0,0,-2,-89,46,None
0,5,4,-1,-4,0,-3,5,1,0,0,0,-2,-89,46,None
0,-16,-3,12,4,2,0,-6,-4,0,0,0,-2,-89,46,None
0,14,7,6,4,0,0,-2,-1,0,0,0,-2,-89,46,None
0,14,7,6,4,0,0,-2,-1,0,0,0,-2,-89,46,None
0,14,7,6,4,0,0,-2,-1,0,0,0,-2,-89,46,None
0,-17,-8,-20,-9,0,-5,-4,-3,0,0,0,-2,-89,46,None
0,0,0,1,-4,-1,-3,-5,-2,0,0,0,-2,-89,46,None
0,8,3,0,1,0,0,-2,-2,0,0,0,-2,-89,46,None
0,-13,-6,-13,3,-1,-4,-6,-3,0,0,0,-2,-89,46,None
0,-13,-6,-13,3,-1,-4,-6,-3,0,0,0,-2,-89,46,None
0,-13,-6,-13,3,-1,-4,-6,-3,0,0,0,-2,-88,46,None
0,-5,0,-7,-6,1,0,0,0,0,0,0,-2,-88,46,None
0,7,0,4,1,1,1,-1,2,0,0,0,-2,-88,46,None
0,-17,1,-3,-6,-3,0,0,-6,0,0,0,-2,-88,46,None
0,5,-2,-10,-3,-1,-4,-2,-2,0,0,0,-2,-88,46,None
0,5,-2,-10,-3,-1,-4,-2,-2,0,0,0,-2,-88,46,None
0,5,-2,-10,-3,-1,-4,-2,-2,0,0,0,-2,-88,46,None
0,-3,-3,-1,5,1,-1,-2,-1,0,0,0,-2,-88,46,None
0,6,3,-3,0,1,0,-1,1,0,0,0,-2,-88,46,None
0,19,0,-8,-2,0,-5,-4,-1,0,0,0,-2,-88,46,None
0,-5,-3,-10,-4,0,-2,1,4,0,0,0,-2,-88,46,None
0,-5,-3,-10,-4,0,-2,1,4,0,0,0,-2,-88,46,None
0,-5,-3,-10,-4,0,-2,1,4,0,0,0,-1,-88,46,None
0,-20,3,11,11,0,1,-1,-7,0,0,0,-1,-88,46,None
0,7,-1,-13,-4,-1,-2,-4,0,0,0,0,-1,-88,46,None
0,-18,0,14,0,1,1,1,-2,0,0,0,-1,-88,46,None
0,44,8,-15,-10,1,0,2,6,0,0,0,-1,-88,46,None
0,44,8,-15,-10,1,0,2,6,0,0,0,-1,-88,46,None
0,44,8,-15,-10,1,0,2,6,0,0,0,-1,-88,46,None
0,-3,-1,0,7,2,4,2,-3,0,0,0,-1,-88,46,None
0,-8,3,4,7,1,-2,-14,-8,0,0,0,-1,-88,46,None
0,-2,0,-9,-4,-1,-1,2,0,0,0,0,-1,-88,46,None
0,9,6,0,-4,-1,0,-1,-3,0,0,0,-1,-88,46,None
0,9,6,0,-4,-1,0,-1,-3,0,0,0,-1,-88,46,None
0,9,6,0,-4,-1,0,-1,-3,0,0,0,-1,-87,45,None
0,-20,-10,-6,-2,-3,-8,-5,-3,0,0,0,-1,-87,45,None
0,-8,-1,1,-4,-1,-4,-5,0,0,0,0,-1,-87,45,None
0,15,4,3,0,1,4,2,2,0,0,0,-1,-87,45,None
0,-19,-6,-24,-9,-1,-7,-7,-12,0,0,0,-1,-87,45,None
0,-19,-6,-24,-9,-1,-7,-7,-12,0,0,0,-1,-87,45,None
0,-19,-6,-24,-9,-1,-7,-7,-12,0,0,0,-2,-88,46,None
0,10,4,2,-3,0,0,-3,0,0,0,0,-2,-88,46,None
0,-15,0,2,0,0,2,3,-2,0,0,0,-2,-88,46,None
0,15,-1,-9,-7,-2,1,-1,4,0,0,0,-2,-88,46,None
0,-13,1,10,6,0,-1,-1,-1,0,0,0,-2,-88,46,None
0,-13,1,10,6,0,-1,-1,-1,0,0,0,-2,-88,46,None
0,-13,1,10,6,0,-1,-1,-1,0,0,0,-2,-88,47,None
0,5,4,4,4,1,1,0,-1,0,0,0,-2,-88,47,None
0,-2,0,-9,-7,-2,-1,1,-3,0,0,0,-2,-88,47,None
0,-9,-1,0,1,1,-2,-2,2,0,0,0,-2,-88,47,None
0,-8,4,-3,3,-1,-3,-1,-2,0,0,0,-2,-88,47,None
0,-8,4,-3,3,-1,-3,-1,-2,0,0,0,-2,-88,47,None
0,-8,4,-3,3,-1,-3,-1,-2,0,0,0,-2,-89,47,None
0,15,2,-4,-3,0,0,-2,-1,0,0,0,-2,-89,47,None
0,1,-2,-6,-2,1,-3,0,4,0,0,0,-2,-89,47,None
0,-6,-1,-12,-10,-1,-5,-2,-2,0,0,0,-2,-89,47,None
0,-13,-2,8,1,1,3,1,-3,0,0,0,-2,-89,47,None
0,-13,-2,8,1,1,3,1,-3,0,0,0,-2,-89,47,None
0,-13,-2,8,1,1,3,1,-3,0,0,0,-2,-88,46,None
0,10,8,-2,-5,-1,1,1,-2,0,0,0,-2,-88,46,None
0,-29,-9,-7,1,2,-3,-3,-1,0,0,0,-2,-88,46,None
0,12,4,2,4,-1,-1,-2,-5,0,0,0,-2,-88,46,None
0,-8,-1,2,6,0,1,0,-4,0,0,0,-2,-88,46,None
0,-8,-1,2,6,0,1,0,-4,0,0,0,-2,-88,46,None
0,-8,-1,2,6,0,1,0,-4,0,0,0,-3,-88,46,None
0,-2,-3,-9,-12,0,-5,-3,1,0,0,0,-3,-88,46,None
0,19,5,5,-2,0,0,2,0,0,0,0,-3,-88,46,None
0,-55,-10,-17,-4,-1,-5,-8,-9,0,0,0,-3,-88,46,None
0,3,-2,4,-2,0,-2,-2,2,0,0,0,-3,-88,46,None
0,3,-2,4,-2,0,-2,-2,2,0,0,0,-3,-88,46,None
0,3,-2,4,-2,0,-2,-2,2,0,0,0,-2,-88,46,None
0,0,1,1,7,0,-2,-2,-1,0,0,0,-2,-88,46,None
0,5,2,2,0,-1,4,2,4,0,0,0,-2,-88,46,None
0,-18,6,1,3,2,0,0,-3,0,0,0,-2,-88,46,None
0,33,8,-4,3,0,-2,-6,0,0,0,0,-2,-88,46,None
0,33,8,-4,3,0,-2,-6,0,0,0,0,-2,-88,46,None
0,33,8,-4,3,0,-2,-6,0,0,0,0,-2,-88,46,None
0,-18,-4,9,-1,1,1,6,-2,0,0,0,-2,-88,46,None
0,9,-2,-29,-3,1,0,0,-2,0,0,0,-2,-88,46,None
0,7,-2,11,6,0,-3,-3,3,0,0,0,-2,-88,46,None
0,-27,-9,-10,-14,-1,-4,-1,-1,0,0,0,-2,-88,46,None
0,-27,-9,-10,-14,-1,-4,-1,-1,0,0,0,-2,-88,46,None
0,-27,-9,-10,-14,-1,-4,-1,-1,0,0,0,-2,-88,46,None
0,16,6,-1,0,0,1,-3,-1,0,0,0,-2,-88,46,None
0,-5,-1,-3,-7,-2,-4,-6,-4,0,0,0,-2,-88,46,None
0,13,-1,9,11,3,-3,-1,2,0,0,0,-2,-88,46,None
0,-1,3,-20,-8,-2,1,1,-2,0,0,0,-2,-88,46,None
0,-1,3,-20,-8,-2,1,1,-2,0,0,0,-2,-88,46,None
0,-1,3,-20,-8,-2,1,1,-2,0,0,0,-1,-87,46,None
0,-8,-6,0,0,-1,-2,-2,-1,0,0,0,-1,-87,46,None
0,0,1,4,-1,1,-3,-3,-5,0,0,0,-1,-87,46,None
0,14,-1,-8,-4,-2,1,-3,0,0,0,0,-1,-87,46,None
0,10,3,15,2,1,1,2,1,0,0,0,-1,-87,46,None
0,10,3,15,2,1,1,2,1,0,0,0,-1,-87,46,None
0,10,3,15,2,1,1,2,1,0,0,0,-1,-87,46,None
0,-14,-1,-8,-1,3,-4,-6,-4,0,0,0,-1,-87,46,None
0,3,0,-5,1,1,-1,-2,-2,0,0,0,-1,-87,46,None
0,11,1,-4,-1,2,2,1,-3,0,0,0,-1,-87,46,None
0,-18,-9,-4,-2,0,-5,-2,0,0,0,0,-1,-87,46,None
0,-18,-9,-4,-2,0,-5,-2,0,0,0,0,-1,-87,46,None
0,-18,-9,-4,-2,0,-5,-2,0,0,0,0,-1,-87,46,None
0,25,4,-8,-7,-1,-3,-1,8,0,0,0,-1,-87,46,None
0,-21,0,5,2,-1,4,1,-4,0,0,0,-1,-87,46,None
0,6,2,-1,-1,1,0,0,2,0,0,0,-1,-87,46,None
0,21,4,5,2,0,-2,3,-1,0,0,0,-1,-87,46,None
0,21,4,5,2,0,-2,3,-1,0,0,0,-1,-87,46,None
0,21,4,5,2,0,-2,3,-1,0,0,0,-2,-88,46,None
0,-22,-9,-4,3,1,0,-15,-8,0,0,0,-2,-88,46,None
0,11,3,1,-4,0,2,6,1,0,0,0,-2,-88,46,None
0,3,4,-4,1,1,-4,-7,-4,0,0,0,-2,-88,46,None
0,-13,-9,-9,-1,1,-2,-1,-2,0,0,0,-2,-88,46,None
0,-13,-9,-9,-1,1,-2,-1,-2,0,0,0,-2,-88,46,None
0,-13,-9,-9,-1,1,-2,-1,-2,0,0,0,-2,-88,45,None
0,1,3,6,-1,-2,-1,1,0,0,0,0,-2,-88,45,None
0,-4,-7,-33,0,-1,-7,-7,-2,0,0,0,-2,-88,45,None
0,3,0,3,-8,0,-1,-3,-3,0,0,0,-2,-88,45,None
0,-10,-5,-30,-1,-1,-1,-3,-6,0,0,0,-2,-88,45,None
0,-10,-5,-30,-1,-1,-1,-3,-6,0,0,0,-2,-88,45,None
0,-10,-5,-30,-1,-1,-1,-3,-6,0,0,0,-2,-88,45,None
0,-3,2,2,-1,0,1,3,-1,0,0,0,-2,-88,45,None
0,-18,4,15,10,3,-1,-4,-6,0,0,0,-2,-88,45,None
0,4,-4,-3,-11,-2,1,3,2,0,0,0,-2,-88,45,None
0,0,10,3,1,2,2,0,0,0,0,0,-2,-88,45,None
0,0,10,3,1,2,2,0,0,0,0,0,-2,-88,45,None
0,0,10,3,1,2,2,0,0,0,0,0,-2,-88,46,None
0,6,0,-8,1,0,-3,3,2,0,0,0,-2,-88,46,None
0,-14,-5,-7,-1,0,-4,-2,-3,0,0,0,-2,-88,46,None
0,-1,1,2,3,1,2,2,2,0,0,0,-2,-88,46,None
0,-7,-1,11,1,0,-2,-4,-3,0,0,0,-2,-88,46,None
0,-7,-1,11,1,0,-2,-4,-3,0,0,0,-2,-88,46,None
0,-7,-1,11,1,0,-2,-4,-3,0,0,0,-1,-88,46,None
0,4,-2,-8,-4,0,-2,-3,0,0,0,0,-1,-88,46,None
0,1,4,8,-2,1,2,0,-1,0,0,0,-1,-88,46,None
0,0,0,-3,-1,0,-1,-3,-3,0,0,0,-1,-88,46,None
0,-8,-3,3,1,0,-3,1,2,0,0,0,-1,-88,46,None
0,-8,-3,3,1,0,-3,1,2,0,0,0,-1,-88,46,None
0,-8,-3,3,1,0,-3,1,2,0,0,0,-1,-87,46,None
0,-3,2,5,4,0,1,2,-3,0,0,0,-1,-87,46,None
0,18,6,1,0,-1,1,-1,-1,0,0,0,-1,-87,46,None
0,-8,0,-15,-7,-1,-4,4,-3,0,0,0,-1,-87,46,None
0,3,4,12,3,-1,-2,-9,-3,0,0,0,-1,-87,46,None
0,3,4,12,3,-1,-2,-9,-3,0,0,0,-1,-87,46,None
0,3,4,12,3,-1,-2,-9,-3,0,0,0,-1,-87,46,None
0,-19,2,-1,2,-1,-2,0,-4,0,0,0,-1,-87,46,None
0,15,0,-17,8,0,-4,-4,0,0,0,0,-1,-87,46,None
0,3,-2,-7,-14,-2,-5,-1,2,0,0,0,-1,-87,46,None
0,-19,-1,14,2,2,4,-4,-7,0,0,0,-1,-87,46,None
0,-19,-1,14,2,2,4,-4,-7,0,0,0,-1,-87,46,None
0,-19,-1,14,2,2,4,-4,-7,0,0,0,-1,-87,46,None
0,7,4,-17,-2,0,-1,0,-1,0,0,0,-1,-87,46,None
0,-5,-3,13,-2,1,-2,-1,0,0,0,0,-1,-87,46,None
0,-17,-2,-7,9,0,1,-2,-7,0,0,0,-1,-87,46,None
0,6,4,1,-2,1,3,2,0,0,0,0,-1,-87,46,None
0,6,4,1,-2,1,3,2,0,0,0,0,-1,-87,46,None
0,6,4,1,-2,1,3,2,0,0,0,0,-1,-89,45,None
0,-1,-3,-1,-4,-2,-5,-5,-2,0,0,0,-1,-89,45,None
0,4,2,7,10,1,-1,-2,-2,0,0,0,-1,-89,45,None
0,-10,0,-4,0,2,-1,-5,-3,0,0,0,-1,-89,45,None
0,8,-2,-6,-4,1,-3,-2,2,0,0,0,-1,-89,45,None
0,8,-2,-6,-4,1,-3,-2,2,0,0,0,-1,-89,45,None
0,8,-2,-6,-4,1,-3,-2,2,0,0,0,-2,-88,46,None
0,-13,0,2,6,3,-1,-3,-7,0,0,0,-2,-88,46,None
0,-3,1,-6,-10,-1,1,3,1,0,0,0,-2,-88,46,None
0,8,3,1,-1,1,-3,-1,-2,0,0,0,-2,-88,46,None
0,-5,-2,-2,4,0,-3,-1,-2,0,0,0,-2,-88,46,None
0,-5,-2,-2,4,0,-3,-1,-2,0,0,0,-2,-88,46,None
0,-5,-2,-2,4,0,-3,-1,-2,0,0,0,-2,-87,46,None
0,4,1,-3,-3,0,2,1,0,0,0,0,-2,-87,46,None
