0,-3,-2,-7,14,-4,-9,-5,-3,0,0,0,-22,-109,44,None
0,-2,-2,-1,-2,11,4,-5,-3,0,0,0,-22,-109,44,None
0,3,4,2,-3,-21,-22,0,-2,0,0,0,-22,-109,44,None
0,3,4,2,-3,-21,-22,0,-2,0,0,0,-22,-109,44,None
0,3,4,2,-3,-21,-22,0,-2,0,0,0,-25,-105,43,None
0,3,0,-4,9,31,36,8,5,0,0,0,-25,-105,43,None
0,0,1,0,-3,5,10,4,3,0,0,0,-25,-105,43,None
0,-3,-2,-8,-14,-20,-17,-7,-5,0,0,0,-25,-105,43,None
0,-2,2,0,-7,-12,0,-5,-3,0,0,0,-25,-105,43,None
0,-2,2,0,-7,-12,0,-5,-3,0,0,0,-25,-105,43,None
0,-2,2,0,-7,-12,0,-5,-3,0,0,0,-30,-101,41,None
0,-2,-2,2,14,14,6,3,-1,0,0,0,-30,-101,41,None
0,-2,1,-2,-16,-12,-9,-4,-2,0,0,0,-30,-101,41,None
0,0,-1,2,2,-3,-13,-5,-1,0,0,0,-30,-101,41,None
0,-3,-3,-8,4,6,-2,1,0,0,0,0,-30,-101,41,None
0,-3,-3,-8,4,6,-2,1,0,0,0,0,-30,-101,41,None
0,-3,-3,-8,4,6,-2,1,0,0,0,0,-35,-97,38,None
0,0,-1,-3,1,9,14,5,1,0,0,0,-35,-97,38,None
0,-1,1,2,16,0,1,-4,-3,0,0,0,-35,-97,38,None
0,0,0,-2,-22,-3,-4,-1,1,0,0,0,-35,-97,38,None
0,-2,-2,-2,15,1,-11,-9,-3,0,0,0,-35,-97,38,None
0,-2,-2,-2,15,1,-11,-9,-3,0,0,0,-35,-97,38,None
0,-2,-2,-2,15,1,-11,-9,-3,0,0,0,-38,-96,35,None
0,-4,1,-1,-25,-18,-7,-3,-3,0,0,0,-38,-96,35,None
0,-1,0,0,14,11,-11,-5,-3,0,0,0,-38,-96,35,None
0,-2,2,-2,0,-4,-3,-2,-2,0,0,0,-38,-96,35,None
0,1,2,-5,-11,14,30,14,2,0,0,0,-38,-96,35,None
0,1,2,-5,-11,14,30,14,2,0,0,0,-38,-96,35,None
0,1,2,-5,-11,14,30,14,2,0,0,0,-43,-93,34,None
0,-2,-2,0,9,-12,-5,1,0,0,0,0,-43,-93,34,None
0,-1,-2,0,-5,25,20,2,-1,0,0,0,-43,-93,34,None
0,-2,-4,-12,1,-8,-16,-12,-4,0,0,0,-43,-93,34,None
0,-1,2,6,2,-5,-13,-7,-5,0,0,0,-43,-93,34,None
0,-1,2,6,2,-5,-13,-7,-5,0,0,0,-43,-93,34,None
0,-1,2,6,2,-5,-13,-7,-5,0,0,0,-48,-90,32,None
0,-3,0,-5,-4,-14,-9,-4,-3,0,0,0,-48,-90,32,None
0,0,2,-4,-8,7,5,5,1,0,0,0,-48,-90,32,None
0,0,2,-4,-8,7,5,5,1,0,0,0,-48,-90,32,None
0,0,2,-4,-8,7,5,5,1,0,0,0,-52,-85,31,None
0,-2,-2,-1,0,1,2,-3,-1,0,0,0,-52,-85,31,None
0,-2,0,-1,0,7,8,2,-1,0,0,0,-52,-85,31,None
0,1,2,4,5,-6,-18,-11,-4,0,0,0,-52,-85,31,None
0,-1,-1,-9,3,6,5,4,0,0,0,0,-52,-85,31,None
0,0,2,-3,-6,7,10,0,-4,0,0,0,-52,-85,31,None
0,-1,2,7,8,-8,-23,-1,0,0,0,0,-52,-85,31,None
0,-1,2,7,8,-8,-23,-1,0,0,0,0,-52,-85,31,None
0,-1,2,7,8,-8,-23,-1,0,0,0,0,-55,-80,30,None
0,-2,-2,-6,4,24,22,0,-1,0,0,0,-55,-80,30,None
0,0,2,2,-15,-7,5,4,1,0,0,0,-55,-80,30,None
0,0,2,2,-15,-7,5,4,1,0,0,0,-55,-80,30,None
0,0,2,2,-15,-7,5,4,1,0,0,0,-58,-78,29,None
0,-1,-1,1,21,10,6,2,-1,0,0,0,-58,-78,29,None
0,0,1,5,-8,-6,-7,-7,-2,0,0,0,-58,-78,29,None
0,-2,1,-15,2,-8,-14,-3,-4,0,0,0,-58,-78,29,None
0,-1,1,3,0,-2,-7,-6,-4,0,0,0,-58,-78,29,None
0,-1,1,3,0,-2,-7,-6,-4,0,0,0,-58,-78,29,None
0,-1,1,3,0,-2,-7,-6,-4,0,0,0,-61,-75,30,None
0,0,2,-2,-10,1,1,2,1,0,0,0,-61,-75,30,None
0,0,3,5,-1,7,1,1,-1,0,0,0,-61,-75,30,None
0,-5,-2,-4,16,0,2,1,-4,0,0,0,-61,-75,30,None
0,0,-1,-3,-23,-2,-8,-7,0,0,0,0,-61,-75,30,None
0,0,-1,-3,-23,-2,-8,-7,0,0,0,0,-61,-75,30,None
0,0,-1,-3,-23,-2,-8,-7,0,0,0,0,-64,-68,30,None
0,-1,-2,-4,6,-6,-4,-3,-1,0,0,0,-64,-68,30,None
0,-2,0,-1,-5,13,15,5,0,0,0,0,-64,-68,30,None
0,2,2,-4,-4,-1,-2,0,2,0,0,0,-64,-68,30,None
0,-4,-4,-5,15,-4,-5,-7,-4,0,0,0,-64,-68,30,None
0,-4,-4,-5,15,-4,-5,-7,-4,0,0,0,-64,-68,30,None
0,-4,-4,-5,15,-4,-5,-7,-4,0,0,0,-67,-61,30,None
0,-2,1,-1,-5,-2,-2,2,-2,0,0,0,-67,-61,30,None
0,-2,-2,-7,0,-5,-6,-5,-4,0,0,0,-67,-61,30,None
0,-1,0,5,-8,-13,-4,-3,-1,0,0,0,-67,-61,30,None
0,-1,1,1,-4,6,2,2,-2,0,0,0,-67,-61,30,None
0,-1,1,1,-4,6,2,2,-2,0,0,0,-67,-61,30,None
0,-1,1,1,-4,6,2,2,-2,0,0,0,-69,-58,29,None
0,0,6,-2,-14,7,11,3,0,0,0,0,-69,-58,29,None
0,-1,-2,-10,19,0,-2,-3,2,0,0,0,-69,-58,29,None
0,-3,-5,-4,-9,1,-9,-6,-3,0,0,0,-69,-58,29,None
0,0,3,4,-7,-9,-2,1,-3,0,0,0,-69,-58,29,None
0,0,3,4,-7,-9,-2,1,-3,0,0,0,-69,-58,29,None
0,0,3,4,-7,-9,-2,1,-3,0,0,0,-70,-53,29,None
0,-3,-1,-2,-1,-6,-5,-5,-3,0,0,0,-70,-53,29,None
0,-2,-3,-9,-6,-5,-8,-6,-2,0,0,0,-70,-53,29,None
0,1,6,8,-2,6,0,-1,-3,0,0,0,-70,-53,29,None
0,1,2,-11,-23,6,17,10,2,0,0,0,-70,-53,29,None
0,1,2,-11,-23,6,17,10,2,0,0,0,-70,-53,29,None
0,1,2,-11,-23,6,17,10,2,0,0,0,-71,-49,29,None
0,-1,1,3,30,4,-2,-2,0,0,0,0,-71,-49,29,None
0,0,0,-11,-32,-1,-6,-5,-2,0,0,0,-71,-49,29,None
0,-2,0,4,7,-6,1,1,-1,0,0,0,-71,-49,29,None
0,-4,1,-1,20,-4,-13,-8,-5,0,0,0,-71,-49,29,None
0,-4,1,-1,20,-4,-13,-8,-5,0,0,0,-71,-49,29,None
0,-4,1,-1,20,-4,-13,-8,-5,0,0,0,-74,-44,29,None
0,-2,-9,-14,-11,-3,-15,-8,-1,0,0,0,-74,-44,29,None
0,1,5,11,9,11,17,5,-1,0,0,0,-74,-44,29,None
0,0,4,-10,-13,7,5,1,0,0,0,0,-74,-44,29,None
0,-2,-7,1,5,-2,-5,-4,0,0,0,0,-74,-44,29,None
0,-2,-7,1,5,-2,-5,-4,0,0,0,0,-74,-44,29,None
0,-2,-7,1,5,-2,-5,-4,0,0,0,0,-75,-39,30,None
0,0,5,-8,-2,-6,-2,-2,-3,0,0,0,-75,-39,30,None
0,-1,-3,4,5,-4,-1,2,-3,0,0,0,-75,-39,30,None
0,0,0,3,11,5,-2,-1,0,0,0,0,-75,-39,30,None
0,1,1,-8,-6,-1,-1,-3,0,0,0,0,-75,-39,30,None
0,1,1,-8,-6,-1,-1,-3,0,0,0,0,-75,-39,30,None
0,1,1,-8,-6,-1,-1,-3,0,0,0,0,-75,-34,28,None
0,1,11,19,3,1,9,4,0,0,0,0,-75,-34,28,None
0,0,1,-3,16,3,-1,-2,-1,0,0,0,-75,-34,28,None
0,-4,-10,-25,-20,-10,-10,-6,-3,0,0,0,-75,-34,28,None
0,-2,10,-9,-3,-2,-2,-2,-3,0,0,0,-75,-34,28,None
0,-2,10,-9,-3,-2,-2,-2,-3,0,0,0,-75,-34,28,None
0,-2,10,-9,-3,-2,-2,-2,-3,0,0,0,-77,-30,28,None
0,-2,-5,0,-1,3,-1,-2,-3,0,0,0,-77,-30,28,None
0,-2,1,1,-1,-3,0,-1,1,0,0,0,-77,-30,28,None
0,0,2,4,19,1,-5,-2,-4,0,0,0,-77,-30,28,None
0,2,10,-1,-9,9,12,2,-1,0,0,0,-77,-30,28,None
0,2,10,-1,-9,9,12,2,-1,0,0,0,-77,-30,28,None
0,2,10,-1,-9,9,12,2,-1,0,0,0,-79,-24,28,None
0,-2,4,0,7,2,1,-1,-1,0,0,0,-79,-24,28,None
0,-2,3,-13,-2,-3,-4,-2,-2,0,0,0,-79,-24,28,None
0,1,26,-7,-29,-4,0,0,-4,0,0,0,-79,-24,28,None
0,-5,-9,-6,12,-9,-6,-3,-2,0,0,0,-79,-24,28,None
0,-5,-9,-6,12,-9,-6,-3,-2,0,0,0,-79,-24,28,None
0,-5,-9,-6,12,-9,-6,-3,-2,0,0,0,-80,-18,27,None
0,0,-12,30,-4,4,4,0,1,0,0,0,-80,-18,27,None
0,-5,-17,-23,6,-3,-4,0,-3,0,0,0,-80,-18,27,None
0,-2,-2,-30,-12,1,-2,-4,0,0,0,0,-80,-18,27,None
0,-1,-2,-7,-1,-1,-10,-8,-4,0,0,0,-80,-18,27,None
0,-1,-2,-7,-1,-1,-10,-8,-4,0,0,0,-80,-18,27,None
0,-1,-2,-7,-1,-1,-10,-8,-4,0,0,0,-80,-16,25,None
0,0,8,-8,2,1,2,1,-1,0,0,0,-80,-16,25,None
0,2,6,7,-20,1,7,3,1,0,0,0,-80,-16,25,None
0,-1,-6,19,27,10,4,2,1,0,0,0,-80,-16,25,None
0,-3,2,1,-8,0,-1,0,-2,0,0,0,-80,-16,25,None
0,-3,2,1,-8,0,-1,0,-2,0,0,0,-80,-16,25,None
0,-3,2,1,-8,0,-1,0,-2,0,0,0,-81,-10,27,None
0,-1,-2,-4,-2,-3,-3,0,-3,0,0,0,-81,-10,27,None
0,-2,-2,1,5,-2,-5,-4,-1,0,0,0,-81,-10,27,None
0,-1,0,1,-3,4,3,2,0,0,0,0,-81,-10,27,None
0,-2,-3,16,16,0,-5,-3,0,0,0,0,-81,-10,27,None
0,-2,-3,16,16,0,-5,-3,0,0,0,0,-81,-10,27,None
0,-2,-3,16,16,0,-5,-3,0,0,0,0,-83,-8,27,None
0,-1,2,-16,-21,-3,-6,-4,-2,0,0,0,-83,-8,27,None
0,-1,-3,-5,-7,-3,0,1,0,0,0,0,-83,-8,27,None
0,-3,0,12,5,4,5,0,-3,0,0,0,-83,-8,27,None
0,-2,0,-1,4,-3,-3,-1,1,0,0,0,-83,-8,27,None
0,-2,0,-1,4,-3,-3,-1,1,0,0,0,-83,-8,27,None
0,-2,0,-1,4,-3,-3,-1,1,0,0,0,-85,-7,27,None
0,-2,-2,-7,-1,1,2,-1,-1,0,0,0,-85,-7,27,None
0,0,5,10,10,2,-4,-3,-2,0,0,0,-85,-7,27,None
0,1,-2,1,-11,-4,0,-2,-1,0,0,0,-85,-7,27,None
0,-2,-2,-6,-11,3,-2,-3,-2,0,0,0,-85,-7,27,None
0,-2,-2,-6,-11,3,-2,-3,-2,0,0,0,-85,-7,27,None
0,-2,-2,-6,-11,3,-2,-3,-2,0,0,0,-86,-7,28,None
0,0,3,-8,0,2,0,0,-2,0,0,0,-86,-7,28,None
0,-1,0,2,-9,-1,-5,-5,-4,0,0,0,-86,-7,28,None
0,-3,-4,0,9,0,-3,0,-1,0,0,0,-86,-7,28,None
0,-1,-2,2,25,-2,-5,-3,-2,0,0,0,-86,-7,28,None
0,-1,-2,2,25,-2,-5,-3,-2,0,0,0,-86,-7,28,None
0,-1,-2,2,25,-2,-5,-3,-2,0,0,0,-83,-10,27,None
0,-1,2,-12,-31,1,1,2,0,0,0,0,-83,-10,27,None
0,0,1,1,7,3,-3,-3,-2,0,0,0,-83,-10,27,None
0,-2,-6,-9,-11,-6,-8,-5,-1,0,0,0,-83,-10,27,None
0,1,7,9,11,-3,2,1,-2,0,0,0,-83,-10,27,None
0,1,7,9,11,-3,2,1,-2,0,0,0,-83,-10,27,None
0,1,7,9,11,-3,2,1,-2,0,0,0,-85,-11,28,None
0,-1,-2,16,18,9,0,0,0,0,0,0,-85,-11,28,None
0,0,2,-1,1,-3,-1,-2,1,0,0,0,-85,-11,28,None
0,1,2,-9,-10,2,6,5,-2,0,0,0,-85,-11,28,None
0,-2,-4,3,-9,3,1,0,-3,0,0,0,-85,-11,28,None
0,-2,-4,3,-9,3,1,0,-3,0,0,0,-85,-11,28,None
0,-2,-4,3,-9,3,1,0,-3,0,0,0,-86,-6,28,None
0,-1,4,-5,9,-3,-6,-3,1,0,0,0,-86,-6,28,None
0,-2,-2,1,-8,-1,-2,0,-2,0,0,0,-86,-6,28,None
0,-2,-2,-5,14,1,-2,-3,-1,0,0,0,-86,-6,28,None
0,1,3,-10,-9,-3,-9,-5,-1,0,0,0,-86,-6,28,None
0,1,3,-10,-9,-3,-9,-5,-1,0,0,0,-86,-6,28,None
0,1,3,-10,-9,-3,-9,-5,-1,0,0,0,-84,-6,29,None
0,-3,-6,-10,3,-1,-1,-3,-3,0,0,0,-84,-6,29,None
0,2,15,2,3,3,4,2,0,0,0,0,-84,-6,29,None
0,-4,-2,13,-10,-2,-2,0,-2,0,0,0,-84,-6,29,None
0,-1,2,-13,-15,-7,-10,-5,-3,0,0,0,-84,-6,29,None
0,-1,2,-13,-15,-7,-10,-5,-3,0,0,0,-84,-6,29,None
0,-1,2,-13,-15,-7,-10,-5,-3,0,0,0,-82,-9,30,None
0,-3,0,-1,15,9,13,5,-2,0,0,0,-82,-9,30,None
0,1,-4,8,-8,-4,5,4,4,0,0,0,-82,-9,30,None
0,-2,-13,-2,-3,7,-8,-7,-2,0,0,0,-82,-9,30,None
0,2,6,18,6,-1,3,2,0,0,0,0,-82,-9,30,None
0,2,6,18,6,-1,3,2,0,0,0,0,-82,-9,30,None
0,2,6,18,6,-1,3,2,0,0,0,0,-82,-11,30,None
0,1,3,-10,-5,1,1,-3,-3,0,0,0,-82,-11,30,None
0,-4,3,-7,14,3,-8,-7,-3,0,0,0,-82,-11,30,None
0,0,7,-13,-4,4,-2,-1,1,0,0,0,-82,-11,30,None
0,-4,-14,-3,5,0,6,1,-3,0,0,0,-82,-11,30,None
0,-4,-14,-3,5,0,6,1,-3,0,0,0,-82,-11,30,None
0,-4,-14,-3,5,0,6,1,-3,0,0,0,-84,-10,30,None
0,1,12,7,3,-4,-4,-1,-2,0,0,0,-84,-10,30,None
0,-2,-6,-8,1,3,-1,-1,-1,0,0,0,-84,-10,30,None
0,0,6,4,-3,-4,-1,0,-4,0,0,0,-84,-10,30,None
0,-2,3,-5,-4,5,4,1,-1,0,0,0,-84,-10,30,None
0,-2,3,-5,-4,5,4,1,-1,0,0,0,-84,-10,30,None
0,-2,3,-5,-4,5,4,1,-1,0,0,0,-82,-9,30,None
0,-1,-2,-1,-1,-4,-6,-3,-1,0,0,0,-82,-9,30,None
0,-5,-5,-5,10,2,-1,-3,-5,0,0,0,-82,-9,30,None
0,1,-6,17,22,2,1,3,2,0,0,0,-82,-9,30,None
0,-1,-13,-24,-25,-2,-2,-1,2,0,0,0,-82,-9,30,None
0,-1,-13,-24,-25,-2,-2,-1,2,0,0,0,-82,-9,30,None
0,-1,-13,-24,-25,-2,-2,-1,2,0,0,0,-82,-9,29,None
0,-3,-11,2,20,-3,-5,-4,-3,0,0,0,-82,-9,29,None
0,-1,-4,1,-19,3,4,0,-2,0,0,0,-82,-9,29,None
0,-1,7,0,-2,-2,1,-2,-3,0,0,0,-82,-9,29,None
0,-1,4,-5,6,3,0,-1,-1,0,0,0,-82,-9,29,None
0,-1,4,-5,6,3,0,-1,-1,0,0,0,-82,-9,29,None
0,-1,4,-5,6,3,0,-1,-1,0,0,0,-81,-10,30,None
0,0,-3,-3,-1,1,0,1,-1,0,0,0,-81,-10,30,None
0,-2,4,4,0,0,2,-1,-3,0,0,0,-81,-10,30,None
0,-1,4,-13,-8,-1,-2,-2,-1,0,0,0,-81,-10,30,None
0,-1,2,-6,2,3,-2,-1,-3,0,0,0,-81,-10,30,None
0,-1,2,-6,2,3,-2,-1,-3,0,0,0,-81,-10,30,None
0,-1,2,-6,2,3,-2,-1,-3,0,0,0,-81,-12,29,None
0,-3,-2,4,0,-1,1,1,-1,0,0,0,-81,-12,29,None
0,-1,-3,-8,5,0,-3,-1,0,0,0,0,-81,-12,29,None
0,-1,-2,5,3,2,-2,-2,-1,0,0,0,-81,-12,29,None
0,-1,3,-2,-3,3,3,2,0,0,0,0,-81,-12,29,None
0,-1,3,-2,-3,3,3,2,0,0,0,0,-81,-12,29,None
0,-1,3,-2,-3,3,3,2,0,0,0,0,-81,-15,30,None
0,-1,0,-7,-23,-8,-1,-3,-1,0,0,0,-81,-15,30,None
0,1,3,20,16,4,-4,-2,-2,0,0,0,-81,-15,30,None
0,-1,-2,-25,-18,-3,1,-1,-3,0,0,0,-81,-15,30,None
0,-2,3,11,5,1,-1,-2,-2,0,0,0,-81,-15,30,None
0,-2,3,11,5,1,-1,-2,-2,0,0,0,-81,-15,30,None
0,-2,3,11,5,1,-1,-2,-2,0,0,0,-80,-16,29,None
0,-1,2,-8,4,1,-7,-4,-2,0,0,0,-80,-16,29,None
0,-1,-1,-11,-10,-5,-5,-4,-2,0,0,0,-80,-16,29,None
0,-1,2,11,2,3,2,0,-2,0,0,0,-80,-16,29,None
0,0,4,5,1,-2,-5,-3,-2,0,0,0,-80,-16,29,None
0,0,4,5,1,-2,-5,-3,-2,0,0,0,-80,-16,29,None
0,0,4,5,1,-2,-5,-3,-2,0,0,0,-81,-18,31,None
0,-1,0,-5,-10,-2,-3,-1,-1,0,0,0,-81,-18,31,None
0,-1,-1,-5,-9,0,2,0,-1,0,0,0,-81,-18,31,None
0,0,4,5,18,3,1,-1,-1,0,0,0,-81,-18,31,None
0,-1,-4,-5,-4,-3,-4,-4,-2,0,0,0,-81,-18,31,None
0,-1,-4,-5,-4,-3,-4,-4,-2,0,0,0,-81,-18,31,None
0,-1,-4,-5,-4,-3,-4,-4,-2,0,0,0,-79,-23,30,None
0,-1,3,-1,-4,-1,-1,2,-2,0,0,0,-79,-23,30,None
0,-4,-2,-6,11,1,3,-1,-2,0,0,0,-79,-23,30,None
0,-2,2,-4,-9,-1,-4,-4,-1,0,0,0,-79,-23,30,None
0,-2,-7,-10,-16,-6,-4,-2,-3,0,0,0,-79,-23,30,None
0,-2,-7,-10,-16,-6,-4,-2,-3,0,0,0,-79,-23,30,None
0,-2,-7,-10,-16,-6,-4,-2,-3,0,0,0,-79,-26,30,None
0,1,4,4,10,2,1,-2,1,0,0,0,-79,-26,30,None
0,-4,-25,-1,5,-1,-2,-2,1,0,0,0,-79,-26,30,None
0,1,5,14,6,-1,-2,-1,2,0,0,0,-79,-26,30,None
0,-1,2,1,-2,2,1,0,-1,0,0,0,-79,-26,30,None
0,-1,2,1,-2,2,1,0,-1,0,0,0,-79,-26,30,None
0,-1,2,1,-2,2,1,0,-1,0,0,0,-80,-28,31,None
0,-2,3,1,3,2,2,-2,-2,0,0,0,-80,-28,31,None
0,-1,9,-5,-8,2,-3,-3,-2,0,0,0,-80,-28,31,None
0,-5,0,-5,1,-2,0,-1,-3,0,0,0,-80,-28,31,None
0,-1,2,-2,12,3,3,1,0,0,0,0,-80,-28,31,None
0,-1,2,-2,12,3,3,1,0,0,0,0,-80,-28,31,None
0,-1,2,-2,12,3,3,1,0,0,0,0,-79,-35,30,None
0,-2,-3,-8,-6,-3,-8,-4,0,0,0,0,-79,-35,30,None
0,0,3,-6,1,-4,-7,-6,-3,0,0,0,-79,-35,30,None
0,0,0,-1,2,4,3,2,-1,0,0,0,-79,-35,30,None
0,0,3,6,0,0,-1,0,0,0,0,0,-79,-35,30,None
0,0,3,6,0,0,-1,0,0,0,0,0,-79,-35,30,None
0,0,3,6,0,0,-1,0,0,0,0,0,-77,-39,28,None
0,-1,-6,-21,-5,-4,-5,-4,-3,0,0,0,-77,-39,28,None
0,1,5,1,-7,1,-1,-1,-3,0,0,0,-77,-39,28,None
0,1,1,3,9,3,0,0,1,0,0,0,-77,-39,28,None
0,-4,-2,-6,-4,-4,-4,-5,-2,0,0,0,-77,-39,28,None
0,-4,-2,-6,-4,-4,-4,-5,-2,0,0,0,-77,-39,28,None
0,-4,-2,-6,-4,-4,-4,-5,-2,0,0,0,-77,-43,29,None
0,-1,2,10,5,-1,3,1,0,0,0,0,-77,-43,29,None
0,-1,1,-7,-9,-1,-1,0,-1,0,0,0,-77,-43,29,None
0,-4,-6,0,8,-5,-6,-1,-1,0,0,0,-77,-43,29,None
0,0,-1,-8,-17,-1,-2,-1,0,0,0,0,-77,-43,29,None
0,0,-1,-8,-17,-1,-2,-1,0,0,0,0,-77,-43,29,None
0,0,-1,-8,-17,-1,-2,-1,0,0,0,0,-80,-50,29,None
0,0,2,3,7,6,3,0,-1,0,0,0,-80,-50,29,None
0,-4,-2,-16,-15,-2,-6,-6,-4,0,0,0,-80,-50,29,None
0,0,1,-3,-1,2,1,0,-2,0,0,0,-80,-50,29,None
0,-3,-2,-5,1,0,-3,-2,-5,0,0,0,-80,-50,29,None
0,-3,-2,-5,1,0,-3,-2,-5,0,0,0,-80,-50,29,None
0,-3,-2,-5,1,0,-3,-2,-5,0,0,0,-77,-54,31,None
0,1,7,12,1,3,1,1,1,0,0,0,-77,-54,31,None
0,0,0,-4,-8,-6,-4,-1,-1,0,0,0,-77,-54,31,None
0,-1,0,-3,-13,-2,0,-4,-3,0,0,0,-77,-54,31,None
0,1,4,4,1,4,6,7,3,0,0,0,-77,-54,31,None
0,1,4,4,1,4,6,7,3,0,0,0,-77,-54,31,None
0,1,4,4,1,4,6,7,3,0,0,0,-67,-61,30,None
0,-3,-6,-5,13,2,-8,-4,-1,0,0,0,-67,-61,30,None
0,-1,1,0,9,3,3,2,0,0,0,0,-67,-61,30,None
0,1,-1,1,-6,0,2,0,-1,0,0,0,-67,-61,30,None
0,-1,2,0,-11,-1,-1,-4,-4,0,0,0,-67,-61,30,None
0,-1,2,0,-11,-1,-1,-4,-4,0,0,0,-67,-61,30,None
0,-1,2,0,-11,-1,-1,-4,-4,0,0,0,-62,-68,31,None
0,-4,-5,-9,3,-1,-9,-8,-3,0,0,0,-62,-68,31,None
0,-2,2,-1,-6,-4,-3,1,0,0,0,0,-62,-68,31,None
0,-4,-4,-2,-4,2,3,1,-3,0,0,0,-62,-68,31,None
0,0,2,5,13,1,-4,-2,-1,0,0,0,-62,-68,31,None
0,0,2,5,13,1,-4,-2,-1,0,0,0,-62,-68,31,None
0,0,2,5,13,1,-4,-2,-1,0,0,0,-65,-76,31,None
0,0,2,-2,-12,3,8,4,0,0,0,0,-65,-76,31,None
0,0,1,4,3,3,8,3,-2,0,0,0,-65,-76,31,None
0,-1,0,6,5,0,-5,-4,-2,0,0,0,-65,-76,31,None
0,-3,-5,-22,-7,-5,-7,-5,-1,0,0,0,-65,-76,31,None
0,-3,-5,-22,-7,-5,-7,-5,-1,0,0,0,-65,-76,31,None
0,-3,-5,-22,-7,-5,-7,-5,-1,0,0,0,-65,-79,29,None
0,-1,-2,0,-5,-6,-5,-4,-3,0,0,0,-65,-79,29,None
0,-1,1,-7,-24,-1,2,3,3,0,0,0,-65,-79,29,None
0,1,3,5,34,7,1,2,-1,0,0,0,-65,-79,29,None
0,-3,-1,-3,2,4,-1,-4,-1,0,0,0,-65,-79,29,None
0,-3,-1,-3,2,4,-1,-4,-1,0,0,0,-65,-79,29,None
0,-3,-1,-3,2,4,-1,-4,-1,0,0,0,-58,-79,30,None
0,1,8,4,-7,2,-3,-3,-1,0,0,0,-58,-79,30,None
0,-1,-1,4,-4,-3,3,0,3,0,0,0,-58,-79,30,None
0,1,-1,-5,-10,-1,-4,-3,-2,0,0,0,-58,-79,30,None
0,-1,-2,1,0,0,2,0,-3,0,0,0,-58,-79,30,None
0,-1,-2,1,0,0,2,0,-3,0,0,0,-58,-79,30,None
0,-1,-2,1,0,0,2,0,-3,0,0,0,-49,-86,31,None
0,-1,2,-1,-9,-5,-3,2,1,0,0,0,-49,-86,31,None
0,-1,1,18,40,5,-2,-3,-3,0,0,0,-49,-86,31,None
0,1,2,-26,-36,-3,-2,-2,1,0,0,0,-49,-86,31,None
0,1,4,8,16,0,-6,-6,-1,0,0,0,-49,-86,31,None
0,1,4,8,16,0,-6,-6,-1,0,0,0,-49,-86,31,None
0,1,4,8,16,0,-6,-6,-1,0,0,0,-45,-93,30,None
0,-1,-3,-14,-15,1,2,6,2,0,0,0,-45,-93,30,None
0,-1,3,8,8,-1,-4,-3,-4,0,0,0,-45,-93,30,None
0,-3,-2,-1,5,2,-4,-5,-2,0,0,0,-45,-93,30,None
0,1,0,-2,-8,0,1,2,-1,0,0,0,-45,-93,30,None
0,1,0,-2,-8,0,1,2,-1,0,0,0,-45,-93,30,None
0,1,0,-2,-8,0,1,2,-1,0,0,0,-41,-93,33,None
0,-3,2,4,5,2,7,-1,-11,0,0,0,-41,-93,33,None
0,0,2,-2,-1,-6,2,4,2,0,0,0,-41,-93,33,None
0,0,5,7,2,9,1,-4,-3,0,0,0,-41,-93,33,None
0,-3,-5,-34,-13,2,2,2,0,0,0,0,-41,-93,33,None
0,-3,-5,-34,-13,2,2,2,0,0,0,0,-41,-93,33,None
0,-3,-5,-34,-13,2,2,2,0,0,0,0,-35,-94,35,None
0,0,5,18,8,-4,-3,-4,-3,0,0,0,-35,-94,35,None
0,1,10,5,27,4,-13,-5,-1,0,0,0,-35,-94,35,None
0,-5,-6,-29,-32,5,16,1,-3,0,0,0,-35,-94,35,None
0,-1,3,5,10,-4,-3,-3,-1,0,0,0,-35,-94,35,None
0,-1,3,5,10,-4,-3,-3,-1,0,0,0,-35,-94,35,None
0,-1,3,5,10,-4,-3,-3,-1,0,0,0,-27,-96,36,None
0,1,-1,-7,6,7,4,1,7,0,0,0,-27,-96,36,None
0,-2,2,-9,-23,-1,-6,-7,-6,0,0,0,-27,-96,36,None
0,-5,-2,26,19,-5,-3,4,0,0,0,0,-27,-96,36,None
0,0,1,13,10,2,-2,-4,-1,0,0,0,-27,-96,36,None
0,0,1,13,10,2,-2,-4,-1,0,0,0,-27,-96,36,None
0,0,1,13,10,2,-2,-4,-1,0,0,0,-22,-99,36,None
0,-1,-2,-23,-5,-1,-5,-8,-3,0,0,0,-22,-99,36,None
0,0,7,7,-9,4,3,4,-3,0,0,0,-22,-99,36,None
0,-2,-2,9,14,-6,-6,-3,-1,0,0,0,-22,-99,36,None
0,-5,-9,-21,-25,2,1,-3,-6,0,0,0,-22,-99,36,None
0,-5,-9,-21,-25,2,1,-3,-6,0,0,0,-22,-99,36,None
0,-5,-9,-21,-25,2,1,-3,-6,0,0,0,-19,-101,40,None
0,1,4,20,26,2,3,8,0,0,0,0,-19,-101,40,None
0,3,-2,-9,-12,2,5,-1,5,0,0,0,-19,-101,40,None
0,-3,-9,-49,-14,-4,-10,-8,-1,0,0,0,-19,-101,40,None
0,0,6,2,-1,-1,-4,1,1,0,0,0,-19,-101,40,None
0,0,6,2,-1,-1,-4,1,1,0,0,0,-19,-101,40,None
0,0,6,2,-1,-1,-4,1,1,0,0,0,-17,-101,41,None
0,-3,1,6,-9,0,-3,-5,-3,0,0,0,-17,-101,41,None
0,-6,-6,-9,24,3,-4,-7,-6,0,0,0,-17,-101,41,None
0,-1,1,1,5,-19,-12,-4,0,0,0,0,-17,-101,41,None
0,-2,1,3,-11,7,10,6,3,0,0,0,-17,-101,41,None
0,-2,1,3,-11,7,10,6,3,0,0,0,-17,-101,41,None
0,-2,1,3,-11,7,10,6,3,0,0,0,-14,-103,44,None
0,4,12,13,-15,17,25,18,6,0,0,0,-14,-103,44,None
0,-3,-9,0,3,4,-8,-11,-2,0,0,0,-14,-103,44,None
0,-1,1,-1,4,-6,-10,-10,-2,0,0,0,-14,-103,44,None
0,-1,9,34,29,-3,-9,-5,-6,0,0,0,-14,-103,44,None
0,-1,9,34,29,-3,-9,-5,-6,0,0,0,-14,-103,44,None
0,-1,9,34,29,-3,-9,-5,-6,0,0,0,-12,-99,45,None
0,-8,-15,-35,-31,-9,-8,-9,-9,0,0,0,-12,-99,45,None
0,1,1,-7,-12,1,2,3,0,0,0,0,-12,-99,45,None
0,2,6,19,7,9,8,7,1,0,0,0,-12,-99,45,None
0,-2,-6,-10,6,-2,-4,-6,-4,0,0,0,-12,-99,45,None
0,-2,-6,-10,6,-2,-4,-6,-4,0,0,0,-12,-99,45,None
0,-2,-6,-10,6,-2,-4,-6,-4,0,0,0,-8,-98,46,None
0,1,3,-7,-1,0,-4,-2,0,0,0,0,-8,-98,46,None
0,-1,4,20,14,-5,0,0,-3,0,0,0,-8,-98,46,None
0,-3,-5,-42,-25,-6,-3,0,-2,0,0,0,-8,-98,46,None
0,0,5,6,12,4,-6,-2,0,0,0,0,-8,-98,46,None
0,0,5,6,12,4,-6,-2,0,0,0,0,-8,-98,46,None
0,0,5,6,12,4,-6,-2,0,0,0,0,-5,-96,49,None
0,-3,-8,-22,-7,-7,1,-3,-2,0,0,0,-5,-96,49,None
0,-5,-10,-5,-14,2,8,3,-1,0,0,0,-5,-96,49,None
0,1,6,16,14,7,1,-2,0,0,0,0,-5,-96,49,None
0,1,1,0,0,2,-2,2,1,0,0,0,-5,-96,49,None
0,1,1,0,0,2,-2,2,1,0,0,0,-5,-96,49,None
0,1,1,0,0,2,-2,2,1,0,0,0,-4,-92,50,None
0,-2,3,-13,-3,-3,-8,3,0,0,0,0,-4,-92,50,None
0,-1,-1,-18,-7,3,5,-3,-1,0,0,0,-4,-92,50,None
0,-1,1,8,3,-2,-4,-4,-2,0,0,0,-4,-92,50,None
0,1,-3,-2,2,4,5,2,-2,0,0,0,-4,-92,50,None
0,1,-3,-2,2,4,5,2,-2,0,0,0,-4,-92,50,None
0,1,-3,-2,2,4,5,2,-2,0,0,0,-2,-87,51,None
0,0,-2,8,-6,-4,-9,-12,-1,0,0,0,-2,-87,51,None
0,-3,0,7,-3,-1,-1,6,-2,0,0,0,-2,-87,51,None
0,-2,1,1,-8,3,-1,0,-2,0,0,0,-2,-87,51,None
0,0,3,11,-4,-5,0,-4,-3,0,0,0,-2,-87,51,None
0,0,3,11,-4,-5,0,-4,-3,0,0,0,-2,-87,51,None
0,0,3,11,-4,-5,0,-4,-3,0,0,0,0,-85,48,None
0,-3,-8,-29,6,-2,-9,-5,-3,0,0,0,0,-85,48,None
0,-1,-1,-4,10,-4,-7,-3,0,0,0,0,0,-85,48,None
0,3,2,-4,-14,-1,-1,-1,-2,0,0,0,0,-85,48,None
0,-6,0,-4,3,0,2,1,-3,0,0,0,0,-85,48,None
0,-6,0,-4,3,0,2,1,-3,0,0,0,0,-85,48,None
0,-6,0,-4,3,0,2,1,-3,0,0,0,0,-105,52,None
0,-1,10,29,17,5,1,4,1,0,0,0,0,-105,52,None
0,-6,-1,-12,-17,4,6,-3,-2,0,0,0,0,-105,52,None
0,11,3,-2,16,0,1,4,-3,0,0,0,0,-105,52,None
0,0,-4,-5,-17,-2,-1,-6,3,0,0,0,0,-105,52,None
0,0,-4,-5,-17,-2,-1,-6,3,0,0,0,0,-105,52,None
0,0,-4,-5,-17,-2,-1,-6,3,0,0,0,3,-105,57,None
0,4,7,-2,-4,-2,-10,-6,-9,0,0,0,3,-105,57,None
0,14,9,-4,-2,-1,-2,2,-8,0,0,0,3,-105,57,None
0,-53,-9,16,1,1,-2,-6,6,0,0,0,3,-105,57,None
0,0,-1,-6,-6,2,0,0,-1,0,0,0,3,-105,57,None
0,0,-1,-6,-6,2,0,0,-1,0,0,0,3,-105,57,None
0,0,-1,-6,-6,2,0,0,-1,0,0,0,1,-94,58,None
0,-3,1,-2,9,1,3,-3,-5,0,0,0,1,-94,58,None
0,-2,1,-1,1,1,0,1,-1,0,0,0,1,-94,58,None
0,4,1,-12,-11,0,2,1,-4,0,0,0,1,-94,58,None
0,10,-2,-15,1,1,0,4,6,0,0,0,1,-94,58,None
0,10,-2,-15,1,1,0,4,6,0,0,0,1,-94,58,None
0,10,-2,-15,1,1,0,4,6,0,0,0,-1,-71,57,None
0,-10,0,25,12,2,5,0,2,0,0,0,-1,-71,57,None
0,-3,-1,-9,-11,-2,-2,2,-6,0,0,0,-1,-71,57,None
0,9,-1,-5,-8,-1,-4,-8,0,0,0,0,-1,-71,57,None
0,-9,1,-8,-3,0,-1,2,-1,0,0,0,-1,-71,57,None
0,-9,1,-8,-3,0,-1,2,-1,0,0,0,-1,-71,57,None
0,-9,1,-8,-3,0,-1,2,-1,0,0,0,-6,-69,55,None
0,7,2,6,3,1,-1,0,0,0,0,0,-6,-69,55,None
0,7,-3,8,2,0,-4,-4,2,0,0,0,-6,-69,55,None
0,8,2,-16,-6,1,0,3,0,0,0,0,-6,-69,55,None
0,2,0,2,-1,-3,-2,-2,2,0,0,0,-6,-69,55,None
0,2,0,2,-1,-3,-2,-2,2,0,0,0,-6,-69,55,None
0,2,0,2,-1,-3,-2,-2,2,0,0,0,1,-81,55,None
0,-19,-3,-9,-4,1,-1,-5,-11,0,0,0,1,-81,55,None
0,-4,4,5,9,0,-1,-3,-3,0,0,0,1,-81,55,None
0,-8,-10,11,7,5,7,4,0,0,0,0,1,-81,55,None
0,-5,-2,-4,-2,-1,-6,-5,-7,0,0,0,1,-81,55,None
0,-5,-2,-4,-2,-1,-6,-5,-7,0,0,0,1,-81,55,None
0,-5,-2,-4,-2,-1,-6,-5,-7,0,0,0,6,-92,55,None
0,8,-2,-8,-9,-1,-3,-4,3,0,0,0,6,-92,55,None
0,-18,-6,-14,6,-2,-3,-2,3,0,0,0,6,-92,55,None
0,2,1,3,-13,-3,-6,-3,-2,0,0,0,6,-92,55,None
0,0,-4,-8,-3,0,-2,-4,-3,0,0,0,6,-92,55,None
0,0,-4,-8,-3,0,-2,-4,-3,0,0,0,6,-92,55,None
0,0,-4,-8,-3,0,-2,-4,-3,0,0,0,8,-94,55,None
0,-21,-4,1,0,3,2,0,-6,0,0,0,8,-94,55,None
0,15,2,0,-2,0,-1,-4,5,0,0,0,8,-94,55,None
0,9,9,4,-1,-1,-3,2,-5,0,0,0,8,-94,55,None
0,-14,2,-1,5,0,1,-4,-23,0,0,0,8,-94,55,None
0,-14,2,-1,5,0,1,-4,-23,0,0,0,8,-94,55,None
0,-14,2,-1,5,0,1,-4,-23,0,0,0,6,-89,55,None
0,24,1,8,0,1,4,7,31,0,0,0,6,-89,55,None
0,-15,0,-5,0,0,-3,-5,-5,0,0,0,6,-89,55,None
0,12,6,-2,12,2,-2,-3,5,0,0,0,6,-89,55,None
0,19,7,0,-10,1,1,1,-3,0,0,0,6,-89,55,None
0,19,7,0,-10,1,1,1,-3,0,0,0,6,-89,55,None
0,19,7,0,-10,1,1,1,-3,0,0,0,1,-77,55,None
0,-4,-4,-9,-3,-2,-3,-6,-8,0,0,0,1,-77,55,None
0,-6,-1,-2,-5,0,-4,1,0,0,0,0,1,-77,55,None
0,4,3,6,7,0,2,2,1,0,0,0,1,-77,55,None
0,-12,-3,-2,1,2,1,-2,0,0,0,0,1,-77,55,None
0,-12,-3,-2,1,2,1,-2,0,0,0,0,1,-77,55,None
0,-12,-3,-2,1,2,1,-2,0,0,0,0,-1,-76,56,None
0,2,-3,-10,-4,-2,-1,-3,-2,0,0,0,-1,-76,56,None
0,4,2,-4,-5,0,2,1,1,0,0,0,-1,-76,56,None
0,-6,-2,-8,1,0,-1,-5,-7,0,0,0,-1,-76,56,None
0,-6,0,5,0,0,-1,-2,1,0,0,0,-1,-76,56,None
0,-6,0,5,0,0,-1,-2,1,0,0,0,-1,-76,56,None
0,-6,0,5,0,0,-1,-2,1,0,0,0,0,-82,56,None
0,-5,-3,-2,5,-1,-3,0,-6,0,0,0,0,-82,56,None
0,1,0,-4,-14,-1,-2,0,-3,0,0,0,0,-82,56,None
0,0,-2,0,18,0,-4,-4,-4,0,0,0,0,-82,56,None
0,-12,3,-6,-7,-1,-5,3,6,0,0,0,0,-82,56,None
0,-12,3,-6,-7,-1,-5,3,6,0,0,0,0,-82,56,None
0,-12,3,-6,-7,-1,-5,3,6,0,0,0,1,-87,57,None
0,34,9,3,1,1,0,-9,-9,0,0,0,1,-87,57,None
0,9,0,-2,1,0,0,2,22,0,0,0,1,-87,57,None
0,-55,-4,-5,-6,-2,-3,-11,-22,0,0,0,1,-87,57,None
0,5,-1,1,1,0,1,5,1,0,0,0,1,-87,57,None
0,5,-1,1,1,0,1,5,1,0,0,0,1,-87,57,None
0,5,-1,1,1,0,1,5,1,0,0,0,1,-86,56,None
0,9,5,-2,-1,0,0,-1,-2,0,0,0,1,-86,56,None
0,-6,1,-3,0,2,-3,-5,-9,0,0,0,1,-86,56,None
0,5,1,5,2,3,1,-1,0,0,0,0,1,-86,56,None
0,6,-2,-6,-3,-2,1,-2,6,0,0,0,1,-86,56,None
0,6,-2,-6,-3,-2,1,-2,6,0,0,0,1,-86,56,None
0,6,-2,-6,-3,-2,1,-2,6,0,0,0,0,-83,56,None
0,-21,-8,-11,-6,1,-5,-2,-7,0,0,0,0,-83,56,None
0,-2,1,7,-1,-2,-2,-3,-9,0,0,0,0,-83,56,None
0,5,-3,3,2,2,2,3,9,0,0,0,0,-83,56,None
0,0,1,0,1,1,0,-4,-5,0,0,0,0,-83,56,None
0,0,1,0,1,1,0,-4,-5,0,0,0,0,-83,56,None
0,0,1,0,1,1,0,-4,-5,0,0,0,0,-81,55,None
0,0,1,0,1,-1,-2,1,2,0,0,0,0,-81,55,None
0,-7,1,-6,-5,2,4,0,0,0,0,0,0,-81,55,None
0,8,3,-4,-2,1,-1,0,-1,0,0,0,0,-81,55,None
0,1,-3,-3,5,-1,-4,-6,0,0,0,0,0,-81,55,None
0,1,-3,-3,5,-1,-4,-6,0,0,0,0,0,-81,55,None
0,1,-3,-3,5,-1,-4,-6,0,0,0,0,1,-79,56,None
0,18,2,-3,-5,-1,0,0,3,0,0,0,1,-79,56,None
0,-7,-5,-3,1,0,0,0,0,0,0,0,1,-79,56,None
0,-18,1,-2,-2,-1,-5,-3,-9,0,0,0,1,-79,56,None
0,-14,-2,-6,-2,-1,-3,-5,-9,0,0,0,1,-79,56,None
0,-14,-2,-6,-2,-1,-3,-5,-9,0,0,0,1,-79,56,None
0,-14,-2,-6,-2,-1,-3,-5,-9,0,0,0,2,-79,56,None
0,-10,1,0,-10,0,0,2,2,0,0,0,2,-79,56,None
0,4,1,-3,-2,-1,-2,-6,-8,0,0,0,2,-79,56,None
0,12,-2,-1,1,0,-1,7,7,0,0,0,2,-79,56,None
0,-7,-1,2,3,0,1,-4,1,0,0,0,2,-79,56,None
0,-7,-1,2,3,0,1,-4,1,0,0,0,2,-79,56,None
0,-7,-1,2,3,0,1,-4,1,0,0,0,2,-80,57,None
0,-9,1,2,1,2,3,5,-5,0,0,0,2,-80,57,None
0,-2,0,-5,2,2,-5,-11,-4,0,0,0,2,-80,57,None
0,1,0,-2,-6,0,0,0,-3,0,0,0,2,-80,57,None
0,-7,5,1,1,2,1,2,0,0,0,0,2,-80,57,None
0,-7,5,1,1,2,1,2,0,0,0,0,2,-80,57,None
0,-7,5,1,1,2,1,2,0,0,0,0,1,-80,58,None
0,4,-3,4,6,0,-5,-6,-23,0,0,0,1,-80,58,None
0,0,-4,-19,-20,-5,-5,1,21,0,0,0,1,-80,58,None
0,3,-1,-1,6,1,1,0,0,0,0,0,1,-80,58,None
0,3,4,5,-4,0,-2,-2,2,0,0,0,1,-80,58,None
0,3,4,5,-4,0,-2,-2,2,0,0,0,1,-80,58,None
0,3,4,5,-4,0,-2,-2,2,0,0,0,0,-81,58,None
0,-4,-1,-3,4,1,-3,-3,-3,0,0,0,0,-81,58,None
0,-12,5,5,6,1,3,3,-8,0,0,0,0,-81,58,None
0,44,10,-2,-6,2,1,-1,5,0,0,0,0,-81,58,None
0,-7,-8,-5,-1,0,-3,1,-1,0,0,0,0,-81,58,None
0,-7,-8,-5,-1,0,-3,1,-1,0,0,0,0,-81,58,None
0,-7,-8,-5,-1,0,-3,1,-1,0,0,0,0,-81,58,None
0,-10,-3,-3,4,1,0,0,2,0,0,0,0,-81,58,None
0,-15,4,4,-1,2,1,1,-19,0,0,0,0,-81,58,None
0,-1,1,-6,-8,-1,-1,0,12,0,0,0,0,-81,58,None
0,10,0,-1,5,0,-3,-3,-3,0,0,0,0,-81,58,None
0,10,0,-1,5,0,-3,-3,-3,0,0,0,0,-81,58,None
0,10,0,-1,5,0,-3,-3,-3,0,0,0,0,-81,60,None
0,-6,1,-2,-3,2,1,0,6,0,0,0,0,-81,60,None
0,5,-3,-3,3,0,-5,-2,-1,0,0,0,0,-81,60,None
0,-8,0,4,1,0,-1,-5,-9,0,0,0,0,-81,60,None
0,0,8,-2,-5,0,2,-2,-7,0,0,0,0,-81,60,None
0,0,8,-2,-5,0,2,-2,-7,0,0,0,0,-81,60,None
0,0,8,-2,-5,0,2,-2,-7,0,0,0,0,-81,59,None
0,-15,-2,-3,-1,0,1,0,4,0,0,0,0,-81,59,None
0,6,-1,-5,-2,-2,-3,2,-3,0,0,0,0,-81,59,None
0,-9,-2,-3,1,1,-1,-4,-3,0,0,0,0,-81,59,None
0,3,1,1,0,-1,2,3,-2,0,0,0,0,-81,59,None
0,3,1,1,0,-1,2,3,-2,0,0,0,0,-81,59,None
0,3,1,1,0,-1,2,3,-2,0,0,0,0,-80,59,None
0,0,2,-3,-1,-2,-5,-7,-2,0,0,0,0,-80,59,None
0,-7,-2,-2,-3,1,-2,6,-1,0,0,0,0,-80,59,None
0,-1,2,1,-1,0,0,-3,-4,0,0,0,0,-80,59,None
0,28,-1,-6,-3,-1,-4,-5,3,0,0,0,0,-80,59,None
0,28,-1,-6,-3,-1,-4,-5,3,0,0,0,0,-80,59,None
0,28,-1,-6,-3,-1,-4,-5,3,0,0,0,0,-80,59,None
0,15,2,-1,-1,-2,-4,1,8,0,0,0,0,-80,59,None
0,-5,4,4,5,0,1,-2,-6,0,0,0,0,-80,59,None
0,-20,-2,-5,-4,2,0,0,-6,0,0,0,0,-80,59,None
0,8,0,-1,0,0,-3,-3,0,0,0,0,0,-80,59,None
0,8,0,-1,0,0,-3,-3,0,0,0,0,0,-80,59,None
0,8,0,-1,0,0,-3,-3,0,0,0,0,0,-80,59,None
0,8,3,0,-3,2,2,-1,5,0,0,0,0,-80,59,None
0,7,4,0,3,1,0,-2,-7,0,0,0,0,-80,59,None
0,-2,0,-4,-3,-1,-4,-1,11,0,0,0,0,-80,59,None
0,-7,-2,-4,0,3,-1,0,0,0,0,0,0,-80,59,None
0,-7,-2,-4,0,3,-1,0,0,0,0,0,0,-80,59,None
0,-7,-2,-4,0,3,-1,0,0,0,0,0,0,-80,59,None
0,18,0,-1,-1,1,1,-1,-3,0,0,0,0,-80,59,None
0,-27,-10,-6,3,0,-4,-6,-3,0,0,0,0,-80,59,None
0,-1,-2,-2,-2,-2,-3,-3,-19,0,0,0,0,-80,59,None
0,-4,-1,0,-2,0,1,2,16,0,0,0,0,-80,59,None
0,-4,-1,0,-2,0,1,2,16,0,0,0,0,-80,59,None
0,-4,-1,0,-2,0,1,2,16,0,0,0,0,-80,58,None
0,-24,-1,-1,0,1,1,-1,-7,0,0,0,0,-80,58,None
0,20,1,-2,2,2,-1,-4,2,0,0,0,0,-80,58,None
0,17,1,-1,-3,-1,-1,1,-3,0,0,0,0,-80,58,None
0,-10,1,0,-1,2,1,-2,-5,0,0,0,0,-80,58,None
0,-10,1,0,-1,2,1,-2,-5,0,0,0,0,-80,58,None
0,-10,1,0,-1,2,1,-2,-5,0,0,0,0,-80,59,None
0,-17,-2,-5,-5,-2,-5,-3,-5,0,0,0,0,-80,59,None
0,3,1,-5,3,1,-1,-3,-2,0,0,0,0,-80,59,None
0,-5,1,-1,2,-1,0,0,3,0,0,0,0,-80,59,None
0,-1,-3,-2,0,-1,-2,-3,-5,0,0,0,0,-80,59,None
0,-1,-3,-2,0,-1,-2,-3,-5,0,0,0,0,-80,59,None
0,-1,-3,-2,0,-1,-2,-3,-5,0,0,0,0,-79,58,None
0,5,1,-6,-6,-1,-2,-2,6,0,0,0,0,-79,58,None
0,-4,1,0,-4,-1,2,0,-6,0,0,0,0,-79,58,None
0,5,1,-2,1,0,0,-1,4,0,0,0,0,-79,58,None
0,-7,-1,-2,0,1,-3,-2,0,0,0,0,0,-79,58,None
0,-7,-1,-2,0,1,-3,-2,0,0,0,0,0,-79,58,None
0,-7,-1,-2,0,1,-3,-2,0,0,0,0,0,-79,58,None
0,-4,1,-3,2,0,2,-1,-6,0,0,0,0,-79,58,None
0,2,-1,3,0,0,0,2,2,0,0,0,0,-79,58,None
0,-4,-1,-3,0,1,-4,-2,-1,0,0,0,0,-79,58,None
0,-2,0,-3,2,0,-2,-1,-6,0,0,0,0,-79,58,None
0,-2,0,-3,2,0,-2,-1,-6,0,0,0,0,-79,58,None
0,-2,0,-3,2,0,-2,-1,-6,0,0,0,0,-79,58,None
0,-6,-2,-5,-6,1,1,-3,-3,0,0,0,0,-79,58,None
0,-2,-1,-1,-1,2,-3,-2,3,0,0,0,0,-79,58,None
0,3,0,-3,0,1,-2,-6,-3,0,0,0,0,-79,58,None
0,-3,0,-4,-7,-3,0,0,0,0,0,0,0,-79,58,None
0,-3,0,-4,-7,-3,0,0,0,0,0,0,0,-79,58,None
0,-3,0,-4,-7,-3,0,0,0,0,0,0,0,-80,58,None
0,-4,1,0,2,0,-2,-3,-3,0,0,0,0,-80,58,None
0,0,1,1,0,0,-3,-1,1,0,0,0,0,-80,58,None
0,-5,5,2,3,3,4,7,-1,0,0,0,0,-80,58,None
0,17,-2,-1,2,-1,-1,-6,-1,0,0,0,0,-80,58,None
0,17,-2,-1,2,-1,-1,-6,-1,0,0,0,0,-80,58,None
0,17,-2,-1,2,-1,-1,-6,-1,0,0,0,0,-80,59,None
0,-6,-1,-3,-3,0,-6,-6,-5,0,0,0,0,-80,59,None
0,-7,3,0,0,1,2,0,-3,0,0,0,0,-80,59,None
0,9,2,3,2,0,-1,2,1,0,0,0,0,-80,59,None
0,4,-1,-7,-5,1,-6,-3,-2,0,0,0,0,-80,59,None
0,4,-1,-7,-5,1,-6,-3,-2,0,0,0,0,-80,59,None
0,4,-1,-7,-5,1,-6,-3,-2,0,0,0,0,-81,59,None
0,23,2,2,2,2,-1,0,-2,0,0,0,0,-81,59,None
0,-29,-5,-4,-3,0,0,-2,3,0,0,0,0,-81,59,None
0,-10,-5,-5,-1,0,-4,-4,-7,0,0,0,0,-81,59,None
0,-10,-5,-7,7,0,-1,1,1,0,0,0,0,-81,59,None
0,-10,-5,-7,7,0,-1,1,1,0,0,0,0,-81,59,None
0,-10,-5,-7,7,0,-1,1,1,0,0,0,0,-80,60,None
0,1,0,1,-12,-3,1,-1,-5,0,0,0,0,-80,60,None
0,10,2,1,0,2,0,1,-4,0,0,0,0,-80,60,None
0,-3,-2,-6,-5,-2,-4,-10,1,0,0,0,0,-80,60,None
0,-11,1,-1,1,2,2,0,-7,0,0,0,0,-80,60,None
0,-11,1,-1,1,2,2,0,-7,0,0,0,0,-80,60,None
0,-11,1,-1,1,2,2,0,-7,0,0,0,0,-79,59,None
0,13,7,1,9,0,-1,0,5,0,0,0,0,-79,59,None
0,-1,-13,-9,-1,-3,-6,-5,-3,0,0,0,0,-79,59,None
0,-10,-3,-2,-2,1,-1,1,-1,0,0,0,0,-79,59,None
0,3,4,5,0,0,0,-1,-8,0,0,0,0,-79,59,None
0,3,4,5,0,0,0,-1,-8,0,0,0,0,-79,59,None
0,3,4,5,0,0,0,-1,-8,0,0,0,0,-80,59,None
0,-4,3,2,3,0,-3,0,5,0,0,0,0,-80,59,None
0,-1,3,-3,-4,-1,-1,0,1,0,0,0,0,-80,59,None
0,11,2,1,4,1,3,-2,-1,0,0,0,0,-80,59,None
0,-6,1,-1,-4,-1,0,-4,-2,0,0,0,0,-80,59,None
0,-6,1,-1,-4,-1,0,-4,-2,0,0,0,0,-80,59,None
0,-6,1,-1,-4,-1,0,-4,-2,0,0,0,0,-80,59,None
0,-20,-5,-5,0,-1,-2,2,2,0,0,0,0,-80,59,None
0,-7,3,-2,4,4,-1,-3,-13,0,0,0,0,-80,59,None
0,-13,3,4,0,0,1,1,-5,0,0,0,0,-80,59,None
0,1,-2,-4,-7,0,-5,-2,3,0,0,0,0,-80,59,None
0,1,-2,-4,-7,0,-5,-2,3,0,0,0,0,-80,59,None
0,1,-2,-4,-7,0,-5,-2,3,0,0,0,1,-80,59,None
0,-13,-4,-5,1,-1,-1,-2,-6,0,0,0,1,-80,59,None
0,18,2,3,0,1,2,-1,18,0,0,0,1,-80,59,None
0,0,-1,-3,-1,2,-3,-2,-5,0,0,0,1,-80,59,None
0,-16,0,-1,-2,0,-2,-3,-5,0,0,0,1,-80,59,None
0,-16,0,-1,-2,0,-2,-3,-5,0,0,0,1,-80,59,None
0,-16,0,-1,-2,0,-2,-3,-5,0,0,0,0,-80,59,None
0,14,0,-1,-1,1,1,-2,1,0,0,0,0,-80,59,None
0,13,5,-1,-2,-3,0,-2,-8,0,0,0,0,-80,59,None
0,-31,-10,-5,-7,-2,-4,-5,-2,0,0,0,0,-80,59,None
0,4,1,-1,2,0,2,0,2,0,0,0,0,-80,59,None
0,4,1,-1,2,0,2,0,2,0,0,0,0,-80,59,None
0,4,1,-1,2,0,2,0,2,0,0,0,0,-80,59,None
0,-16,-2,-3,-1,-1,-1,0,-11,0,0,0,0,-80,59,None
0,5,0,-3,-1,0,-3,-2,-2,0,0,0,0,-80,59,None
0,7,1,-6,-1,-1,-3,0,4,0,0,0,0,-80,59,None
0,-6,4,4,6,2,2,0,-4,0,0,0,0,-80,59,None
0,-6,4,4,6,2,2,0,-4,0,0,0,0,-80,59,None
0,-6,4,4,6,2,2,0,-4,0,0,0,0,-80,58,None
0,3,-2,0,2,-2,-1,-3,2,0,0,0,0,-80,58,None
0,-4,1,-3,-1,-1,-2,-2,-4,0,0,0,0,-80,58,None
0,3,2,2,0,2,1,2,0,0,0,0,0,-80,58,None
0,14,1,-1,-5,0,2,2,4,0,0,0,0,-80,58,None
0,14,1,-1,-5,0,2,2,4,0,0,0,0,-80,58,None
0,14,1,-1,-5,0,2,2,4,0,0,0,0,-80,58,None
0,-4,2,-4,0,2,-2,-4,-6,0,0,0,0,-80,58,None
0,-17,-1,-2,-1,-1,-2,-2,1,0,0,0,0,-80,58,None
0,-11,1,-2,-5,-1,0,-2,-15,0,0,0,0,-80,58,None
0,6,0,-3,0,-2,-3,-1,8,0,0,0,0,-80,58,None
0,6,0,-3,0,-2,-3,-1,8,0,0,0,0,-80,58,None
0,6,0,-3,0,-2,-3,-1,8,0,0,0,0,-80,59,None
0,-4,-1,-2,-2,2,-3,-1,-20,0,0,0,0,-80,59,None
0,13,0,1,2,1,0,-1,23,0,0,0,0,-80,59,None
0,3,0,-3,-1,1,-2,1,0,0,0,0,0,-80,59,None
0,-15,-1,-4,-4,0,-1,-6,-4,0,0,0,0,-80,59,None
0,-15,-1,-4,-4,0,-1,-6,-4,0,0,0,0,-80,59,None
0,-15,-1,-4,-4,0,-1,-6,-4,0,0,0,0,-80,58,None
0,25,4,-1,3,-1,1,0,-2,0,0,0,0,-80,58,None
0,-23,-1,-4,-7,-2,-1,-1,-16,0,0,0,0,-80,58,None
0,12,1,-2,-1,0,1,-1,5,0,0,0,0,-80,58,None
0,-2,1,-2,-1,2,-1,1,-3,0,0,0,0,-80,58,None
0,-2,1,-2,-1,2,-1,1,-3,0,0,0,0,-80,58,None
0,-2,1,-2,-1,2,-1,1,-3,0,0,0,0,-80,59,None
0,-5,1,-1,-2,-1,-1,-1,5,0,0,0,0,-80,59,None
0,9,0,-1,0,1,-4,-1,-3,0,0,0,0,-80,59,None
0,0,2,-5,0,0,-1,-3,4,0,0,0,0,-80,59,None
0,3,3,-1,0,0,2,0,-1,0,0,0,0,-80,59,None
0,3,3,-1,0,0,2,0,-1,0,0,0,0,-80,59,None
0,3,3,-1,0,0,2,0,-1,0,0,0,0,-80,58,None
0,-15,-6,-4,-6,0,-3,-5,-2,0,0,0,0,-80,58,None
0,2,3,-2,1,1,-2,-1,-3,0,0,0,0,-80,58,None
0,-4,0,0,2,0,2,-1,-4,0,0,0,0,-80,58,None
0,2,-1,-1,1,0,-1,2,0,0,0,0,0,-80,58,None
0,2,-1,-1,1,0,-1,2,0,0,0,0,0,-80,58,None
0,2,-1,-1,1,0,-1,2,0,0,0,0,0,-79,59,None
0,-2,-2,-3,0,0,0,-3,3,0,0,0,0,-79,59,None
0,-8,-1,-1,0,0,0,-1,1,0,0,0,0,-79,59,None
0,42,6,-2,-7,2,0,0,-7,0,0,0,0,-79,59,None
0,-10,0,-5,-5,-3,-7,-1,-6,0,0,0,0,-79,59,None
0,-10,0,-5,-5,-3,-7,-1,-6,0,0,0,0,-79,59,None
0,-10,0,-5,-5,-3,-7,-1,-6,0,0,0,0,-79,58,None
0,-7,-4,-5,2,0,-4,-6,7,0,0,0,0,-79,58,None
0,7,4,-1,0,0,1,1,-1,0,0,0,0,-79,58,None
0,6,5,-1,3,1,-2,-5,-5,0,0,0,0,-79,58,None
0,-2,-3,0,0,-1,0,-1,-2,0,0,0,0,-79,58,None
0,-2,-3,0,0,-1,0,-1,-2,0,0,0,0,-79,58,None
0,-2,-3,0,0,-1,0,-1,-2,0,0,0,0,-80,59,None
0,-3,2,-1,-2,0,1,3,-1,0,0,0,0,-80,59,None
