0,1,5,2,-6,12,24,11,3,0,0,0,-17,-111,30,None
0,-2,2,-2,-24,10,11,-3,-2,0,0,0,-17,-111,30,None
0,-2,-2,-10,10,-11,-1,-2,0,0,0,0,-17,-111,30,None
0,-2,-2,-10,10,-11,-1,-2,0,0,0,0,-17,-111,30,None
0,-2,-2,-10,10,-11,-1,-2,0,0,0,0,-21,-111,29,None
0,-1,2,-3,-14,-8,-17,-8,-2,0,0,0,-21,-111,29,None
0,-2,0,-1,11,-1,5,-5,-5,0,0,0,-21,-111,29,None
0,0,-1,-1,15,-4,-18,-2,-1,0,0,0,-21,-111,29,None
0,1,4,10,-3,3,16,1,0,0,0,0,-21,-111,29,None
0,1,4,10,-3,3,16,1,0,0,0,0,-21,-111,29,None
0,1,4,10,-3,3,16,1,0,0,0,0,-25,-111,30,None
0,-4,-4,-19,-7,-7,-14,-4,-3,0,0,0,-25,-111,30,None
0,0,1,9,15,3,-5,-2,-2,0,0,0,-25,-111,30,None
0,-1,-1,-7,-21,-3,-3,-4,-2,0,0,0,-25,-111,30,None
0,0,3,4,12,-8,-8,3,-1,0,0,0,-25,-111,30,None
0,0,3,4,12,-8,-8,3,-1,0,0,0,-25,-111,30,None
0,0,3,4,12,-8,-8,3,-1,0,0,0,-27,-107,29,None
0,-1,4,3,2,30,28,4,2,0,0,0,-27,-107,29,None
0,-3,1,18,22,-3,-6,-3,-1,0,0,0,-27,-107,29,None
0,-4,-13,-37,-15,-5,0,-2,-3,0,0,0,-27,-107,29,None
0,-1,3,-7,-12,-2,-3,-4,-2,0,0,0,-27,-107,29,None
0,-1,3,-7,-12,-2,-3,-4,-2,0,0,0,-27,-107,29,None
0,-1,3,-7,-12,-2,-3,-4,-2,0,0,0,-29,-105,28,None
0,1,3,8,-9,-13,-18,-3,-1,0,0,0,-29,-105,28,None
0,-2,-4,-14,8,0,-6,-2,0,0,0,0,-29,-105,28,None
0,-1,2,19,21,13,12,4,-2,0,0,0,-29,-105,28,None
0,-2,-3,-12,-29,-10,-5,-7,-2,0,0,0,-29,-105,28,None
0,-2,-3,-12,-29,-10,-5,-7,-2,0,0,0,-29,-105,28,None
0,-2,-3,-12,-29,-10,-5,-7,-2,0,0,0,-32,-103,28,None
0,-2,-1,10,19,-6,-8,-2,1,0,0,0,-32,-103,28,None
0,-2,-1,-7,-16,4,-3,-1,-2,0,0,0,-32,-103,28,None
0,2,6,10,3,7,14,7,1,0,0,0,-32,-103,28,None
0,-3,-5,-11,9,6,4,0,-1,0,0,0,-32,-103,28,None
0,-3,-5,-11,9,6,4,0,-1,0,0,0,-32,-103,28,None
0,-3,-5,-11,9,6,4,0,-1,0,0,0,-34,-100,25,None
0,1,6,8,3,-4,-2,0,-1,0,0,0,-34,-100,25,None
0,0,0,-12,-17,4,2,1,-1,0,0,0,-34,-100,25,None
0,-2,1,3,10,1,-1,-2,0,0,0,0,-34,-100,25,None
0,-3,-4,-4,-20,-5,-11,-8,-4,0,0,0,-34,-100,25,None
0,-3,-4,-4,-20,-5,-11,-8,-4,0,0,0,-34,-100,25,None
0,-3,-4,-4,-20,-5,-11,-8,-4,0,0,0,-37,-98,25,None
0,1,1,2,22,-1,-6,-4,-2,0,0,0,-37,-98,25,None
0,-1,1,-5,-17,3,3,1,0,0,0,0,-37,-98,25,None
0,-2,-7,-7,8,-6,-12,-7,-2,0,0,0,-37,-98,25,None
0,1,4,5,-2,10,7,4,-1,0,0,0,-37,-98,25,None
0,1,4,5,-2,10,7,4,-1,0,0,0,-37,-98,25,None
0,1,4,5,-2,10,7,4,-1,0,0,0,-40,-97,23,None
0,0,4,-7,-18,-2,18,4,0,0,0,0,-40,-97,23,None
0,-3,-3,-10,13,-9,-24,-7,-3,0,0,0,-40,-97,23,None
0,-3,0,12,39,20,20,4,-2,0,0,0,-40,-97,23,None
0,1,2,-5,-14,-8,-9,-2,-1,0,0,0,-40,-97,23,None
0,1,2,-5,-14,-8,-9,-2,-1,0,0,0,-40,-97,23,None
0,1,2,-5,-14,-8,-9,-2,-1,0,0,0,-43,-93,23,None
0,-1,-1,-3,4,4,-5,-1,-2,0,0,0,-43,-93,23,None
0,-1,-4,-4,-5,-8,-1,-4,0,0,0,0,-43,-93,23,None
0,-1,1,-13,-23,-6,-2,2,-1,0,0,0,-43,-93,23,None
0,-1,-1,0,7,-1,-6,-5,-2,0,0,0,-43,-93,23,None
0,-1,-1,0,7,-1,-6,-5,-2,0,0,0,-43,-93,23,None
0,-1,-1,0,7,-1,-6,-5,-2,0,0,0,-45,-90,23,None
0,-2,-1,-3,-5,0,-7,-4,-2,0,0,0,-45,-90,23,None
0,-1,3,-1,0,3,1,-2,-2,0,0,0,-45,-90,23,None
0,-1,4,11,1,-5,-2,-1,-2,0,0,0,-45,-90,23,None
0,0,2,-5,13,10,8,3,2,0,0,0,-45,-90,23,None
0,0,2,-5,13,10,8,3,2,0,0,0,-45,-90,23,None
0,0,2,-5,13,10,8,3,2,0,0,0,-49,-88,23,None
0,-2,-3,-9,-26,-8,-5,-3,-4,0,0,0,-49,-88,23,None
0,-2,-1,2,15,10,9,2,-2,0,0,0,-49,-88,23,None
0,2,2,2,3,-7,-9,-3,0,0,0,0,-49,-88,23,None
0,-3,-3,-14,-22,-7,-21,-13,-6,0,0,0,-49,-88,23,None
0,-3,-3,-14,-22,-7,-21,-13,-6,0,0,0,-49,-88,23,None
0,-3,-3,-14,-22,-7,-21,-13,-6,0,0,0,-52,-84,24,None
0,0,8,14,10,5,9,6,0,0,0,0,-52,-84,24,None
0,-2,-2,-1,32,14,21,7,2,0,0,0,-52,-84,24,None
0,-2,-5,-14,-38,-13,-9,-8,-2,0,0,0,-52,-84,24,None
0,-2,-1,-5,-2,-4,-5,-3,-3,0,0,0,-52,-84,24,None
0,-2,-1,-5,-2,-4,-5,-3,-3,0,0,0,-52,-84,24,None
0,-2,-1,-5,-2,-4,-5,-3,-3,0,0,0,-56,-80,23,None
0,-1,0,8,18,-3,-13,-5,-4,0,0,0,-56,-80,23,None
0,-3,-4,-11,-22,-2,-9,-6,-4,0,0,0,-56,-80,23,None
0,0,3,1,2,12,9,7,1,0,0,0,-56,-80,23,None
0,1,5,6,0,1,11,4,3,0,0,0,-56,-80,23,None
0,1,5,6,0,1,11,4,3,0,0,0,-56,-80,23,None
0,1,5,6,0,1,11,4,3,0,0,0,-59,-76,23,None
0,-2,-5,-5,5,-11,-14,-10,-2,0,0,0,-59,-76,23,None
0,2,5,21,10,4,4,2,0,0,0,0,-59,-76,23,None
0,-2,-2,-24,-23,0,-4,-4,-3,0,0,0,-59,-76,23,None
0,-1,-2,-4,-2,0,-1,-3,-2,0,0,0,-59,-76,23,None
0,-1,-2,-4,-2,0,-1,-3,-2,0,0,0,-59,-76,23,None
0,-1,-2,-4,-2,0,-1,-3,-2,0,0,0,-62,-71,21,None
0,-2,-2,-5,-5,3,-2,-2,-4,0,0,0,-62,-71,21,None
0,0,2,-2,-6,-1,2,1,0,0,0,0,-62,-71,21,None
0,0,6,23,27,-4,-7,-3,-4,0,0,0,-62,-71,21,None
0,-1,-3,-9,-24,2,2,0,-1,0,0,0,-62,-71,21,None
0,-1,-3,-9,-24,2,2,0,-1,0,0,0,-62,-71,21,None
0,-1,-3,-9,-24,2,2,0,-1,0,0,0,-65,-67,22,None
0,-2,0,-9,4,-4,-2,0,-2,0,0,0,-65,-67,22,None
0,1,5,9,6,14,16,6,-1,0,0,0,-65,-67,22,None
0,0,-2,0,7,0,4,1,1,0,0,0,-65,-67,22,None
0,0,-3,-4,0,-2,-3,-3,-2,0,0,0,-65,-67,22,None
0,0,-3,-4,0,-2,-3,-3,-2,0,0,0,-65,-67,22,None
0,0,-3,-4,0,-2,-3,-3,-2,0,0,0,-67,-64,22,None
0,-1,-1,-9,-34,-7,-7,-5,0,0,0,0,-67,-64,22,None
0,-4,-5,-15,-10,-9,-16,-9,-4,0,0,0,-67,-64,22,None
0,0,1,0,20,2,-8,-5,-1,0,0,0,-67,-64,22,None
0,-1,3,12,3,7,6,1,-1,0,0,0,-67,-64,22,None
0,-1,3,12,3,7,6,1,-1,0,0,0,-67,-64,22,None
0,-1,3,12,3,7,6,1,-1,0,0,0,-68,-61,23,None
0,0,2,-6,-1,10,12,6,1,0,0,0,-68,-61,23,None
0,-2,-2,-9,-12,-1,-2,1,2,0,0,0,-68,-61,23,None
0,0,2,0,-15,-8,2,-1,-1,0,0,0,-68,-61,23,None
0,-2,0,3,7,-4,-4,-1,-4,0,0,0,-68,-61,23,None
0,-2,0,3,7,-4,-4,-1,-4,0,0,0,-68,-61,23,None
0,-2,0,3,7,-4,-4,-1,-4,0,0,0,-70,-57,23,None
0,0,3,13,21,10,0,-2,-1,0,0,0,-70,-57,23,None
0,-1,3,7,17,4,0,-2,-1,0,0,0,-70,-57,23,None
0,-3,0,-19,-31,-5,-7,-3,-3,0,0,0,-70,-57,23,None
0,-2,-1,5,1,-5,-5,-5,-4,0,0,0,-70,-57,23,None
0,-2,-1,5,1,-5,-5,-5,-4,0,0,0,-70,-57,23,None
0,-2,-1,5,1,-5,-5,-5,-4,0,0,0,-72,-52,23,None
0,-1,1,-4,3,1,-6,-4,0,0,0,0,-72,-52,23,None
0,-1,-4,-10,-25,-12,-2,-1,-1,0,0,0,-72,-52,23,None
0,-2,0,9,25,12,6,-1,0,0,0,0,-72,-52,23,None
0,-1,-1,-6,-8,0,-3,-1,1,0,0,0,-72,-52,23,None
0,-1,-1,-6,-8,0,-3,-1,1,0,0,0,-72,-52,23,None
0,-1,-1,-6,-8,0,-3,-1,1,0,0,0,-73,-47,23,None
0,-1,4,2,9,2,8,1,-3,0,0,0,-73,-47,23,None
0,-1,1,-1,-9,-7,-4,-4,-4,0,0,0,-73,-47,23,None
0,0,0,0,8,-1,-6,-1,2,0,0,0,-73,-47,23,None
0,-1,1,-4,4,8,-1,-1,-1,0,0,0,-73,-47,23,None
0,-1,1,-4,4,8,-1,-1,-1,0,0,0,-73,-47,23,None
0,-1,1,-4,4,8,-1,-1,-1,0,0,0,-75,-42,23,None
0,-2,-5,-5,5,-12,-5,-2,-1,0,0,0,-75,-42,23,None
0,-2,-3,-12,-14,7,-5,-5,-2,0,0,0,-75,-42,23,None
0,2,10,14,13,4,1,-1,-1,0,0,0,-75,-42,23,None
0,-1,-1,-1,-4,-1,3,3,1,0,0,0,-75,-42,23,None
0,-1,-1,-1,-4,-1,3,3,1,0,0,0,-75,-42,23,None
0,-1,-1,-1,-4,-1,3,3,1,0,0,0,-77,-40,23,None
0,0,0,-5,-26,2,-1,-1,-1,0,0,0,-77,-40,23,None
0,-4,-1,3,51,4,-6,-5,-4,0,0,0,-77,-40,23,None
0,1,0,-15,-42,0,8,4,0,0,0,0,-77,-40,23,None
0,-1,5,-1,14,7,12,3,-2,0,0,0,-77,-40,23,None
0,-1,5,-1,14,7,12,3,-2,0,0,0,-77,-40,23,None
0,-1,5,-1,14,7,12,3,-2,0,0,0,-79,-37,23,None
0,0,1,5,22,8,4,2,1,0,0,0,-79,-37,23,None
0,1,2,-3,-26,-11,-2,-1,0,0,0,0,-79,-37,23,None
0,-1,2,10,17,0,-4,-5,-3,0,0,0,-79,-37,23,None
0,0,0,-7,-14,-7,-4,-4,-2,0,0,0,-79,-37,23,None
0,0,0,-7,-14,-7,-4,-4,-2,0,0,0,-79,-37,23,None
0,0,0,-7,-14,-7,-4,-4,-2,0,0,0,-79,-31,24,None
0,0,-2,-12,-10,0,-6,-2,0,0,0,0,-79,-31,24,None
0,-2,4,17,16,5,0,-1,0,0,0,0,-79,-31,24,None
0,-6,-10,-24,-6,-4,-7,-6,-4,0,0,0,-79,-31,24,None
0,-2,-3,-7,-10,-1,-3,-3,0,0,0,0,-79,-31,24,None
0,-2,-3,-7,-10,-1,-3,-3,0,0,0,0,-79,-31,24,None
0,-2,-3,-7,-10,-1,-3,-3,0,0,0,0,-79,-30,25,None
0,1,6,-2,-5,0,4,0,-1,0,0,0,-79,-30,25,None
0,-2,0,13,8,5,4,3,1,0,0,0,-79,-30,25,None
0,-5,-8,-15,-35,-8,-10,-7,-4,0,0,0,-79,-30,25,None
0,-3,-4,3,37,-3,-2,0,-2,0,0,0,-79,-30,25,None
0,-3,-4,3,37,-3,-2,0,-2,0,0,0,-79,-30,25,None
0,-3,-4,3,37,-3,-2,0,-2,0,0,0,-80,-27,26,None
0,-2,-3,-5,1,3,2,-1,-2,0,0,0,-80,-27,26,None
0,0,0,-5,3,2,2,-1,0,0,0,0,-80,-27,26,None
0,0,1,-6,-22,-1,2,-2,0,0,0,0,-80,-27,26,None
0,0,6,6,20,0,-3,-1,-1,0,0,0,-80,-27,26,None
0,0,6,6,20,0,-3,-1,-1,0,0,0,-80,-27,26,None
0,0,6,6,20,0,-3,-1,-1,0,0,0,-81,-22,26,None
0,-5,-9,-10,-14,-5,-6,-3,0,0,0,0,-81,-22,26,None
0,-1,13,-15,-23,-7,-8,-5,-3,0,0,0,-81,-22,26,None
0,-3,-6,-16,-1,-3,-3,-2,-6,0,0,0,-81,-22,26,None
0,2,4,0,11,11,9,3,2,0,0,0,-81,-22,26,None
0,2,4,0,11,11,9,3,2,0,0,0,-81,-22,26,None
0,2,4,0,11,11,9,3,2,0,0,0,-82,-19,27,None
0,-2,-9,2,12,4,0,-2,-1,0,0,0,-82,-19,27,None
0,1,5,0,-10,1,-2,1,-1,0,0,0,-82,-19,27,None
0,-2,0,-8,-2,2,3,1,-3,0,0,0,-82,-19,27,None
0,-2,3,4,13,-7,-17,-11,-3,0,0,0,-82,-19,27,None
0,-2,3,4,13,-7,-17,-11,-3,0,0,0,-82,-19,27,None
0,-2,3,4,13,-7,-17,-11,-3,0,0,0,-82,-17,29,None
0,-2,-2,-7,-10,4,1,1,0,0,0,0,-82,-17,29,None
0,0,0,8,7,1,1,-1,-1,0,0,0,-82,-17,29,None
0,-2,-1,-6,-1,-11,-9,-6,-1,0,0,0,-82,-17,29,None
0,-1,-5,3,8,4,3,-1,0,0,0,0,-82,-17,29,None
0,-1,-5,3,8,4,3,-1,0,0,0,0,-82,-17,29,None
0,-1,-5,3,8,4,3,-1,0,0,0,0,-83,-17,29,None
0,1,9,16,-37,1,9,6,-1,0,0,0,-83,-17,29,None
0,-4,-13,-29,21,1,-1,-4,-4,0,0,0,-83,-17,29,None
0,1,0,4,11,-1,-5,-4,2,0,0,0,-83,-17,29,None
0,-4,0,-7,-14,-1,-1,0,-6,0,0,0,-83,-17,29,None
0,-4,0,-7,-14,-1,-1,0,-6,0,0,0,-83,-17,29,None
0,-4,0,-7,-14,-1,-1,0,-6,0,0,0,-85,-15,29,None
0,0,3,-1,12,-2,-1,-3,-3,0,0,0,-85,-15,29,None
0,0,-3,4,-7,5,6,5,4,0,0,0,-85,-15,29,None
0,-1,3,7,9,7,0,1,2,0,0,0,-85,-15,29,None
0,-2,-3,1,-12,-3,-2,-3,-2,0,0,0,-85,-15,29,None
0,-2,-3,1,-12,-3,-2,-3,-2,0,0,0,-85,-15,29,None
0,-2,-3,1,-12,-3,-2,-3,-2,0,0,0,-85,-14,30,None
0,-1,3,-2,23,1,-6,-4,-1,0,0,0,-85,-14,30,None
0,0,1,-5,-40,-2,-2,-2,-3,0,0,0,-85,-14,30,None
0,-4,-4,-8,3,-1,3,0,-3,0,0,0,-85,-14,30,None
0,1,0,2,-2,1,-1,2,0,0,0,0,-85,-14,30,None
0,1,0,2,-2,1,-1,2,0,0,0,0,-85,-14,30,None
0,1,0,2,-2,1,-1,2,0,0,0,0,-85,-13,31,None
0,2,6,0,-13,-3,-5,-3,-1,0,0,0,-85,-13,31,None
0,-2,1,6,12,-5,-2,-4,-1,0,0,0,-85,-13,31,None
0,-1,-2,-12,10,7,2,1,-1,0,0,0,-85,-13,31,None
0,-3,-8,-14,-5,1,-1,-1,0,0,0,0,-85,-13,31,None
0,-3,-8,-14,-5,1,-1,-1,0,0,0,0,-85,-13,31,None
0,-3,-8,-14,-5,1,-1,-1,0,0,0,0,-85,-14,32,None
0,-2,-3,-6,5,8,-4,-5,-2,0,0,0,-85,-14,32,None
0,0,0,3,28,-9,1,1,-2,0,0,0,-85,-14,32,None
0,-1,-1,-4,-39,-5,-6,-3,-2,0,0,0,-85,-14,32,None
0,-2,8,2,12,4,-2,-2,-3,0,0,0,-85,-14,32,None
0,-2,8,2,12,4,-2,-2,-3,0,0,0,-85,-14,32,None
0,-2,8,2,12,4,-2,-2,-3,0,0,0,-88,-11,33,None
0,0,2,-19,4,6,8,4,0,0,0,0,-88,-11,33,None
0,-2,-5,4,-11,0,-1,-1,0,0,0,0,-88,-11,33,None
0,-1,0,4,13,4,-1,-2,0,0,0,0,-88,-11,33,None
0,-2,-3,-11,-17,-2,3,-1,-2,0,0,0,-88,-11,33,None
0,-2,-3,-11,-17,-2,3,-1,-2,0,0,0,-88,-11,33,None
0,-2,-3,-11,-17,-2,3,-1,-2,0,0,0,-89,-10,33,None
0,-3,0,27,15,0,0,-1,-4,0,0,0,-89,-10,33,None
0,-3,-1,-3,6,0,-7,-4,-1,0,0,0,-89,-10,33,None
0,0,4,7,5,1,-3,0,0,0,0,0,-89,-10,33,None
0,0,3,11,5,6,7,3,0,0,0,0,-89,-10,33,None
0,0,3,11,5,6,7,3,0,0,0,0,-89,-10,33,None
0,0,3,11,5,6,7,3,0,0,0,0,-90,-9,34,None
0,-1,-7,-38,-27,-9,-6,-5,-2,0,0,0,-90,-9,34,None
0,0,2,9,0,5,-2,0,-2,0,0,0,-90,-9,34,None
0,1,5,7,-7,0,3,1,-1,0,0,0,-90,-9,34,None
0,2,-1,-4,-14,-5,0,-1,1,0,0,0,-90,-9,34,None
0,2,-1,-4,-14,-5,0,-1,1,0,0,0,-90,-9,34,None
0,2,-1,-4,-14,-5,0,-1,1,0,0,0,-89,-6,34,None
0,-1,6,6,-2,-5,-6,-5,-3,0,0,0,-89,-6,34,None
0,-1,6,-14,-7,-1,1,-1,-2,0,0,0,-89,-6,34,None
0,0,-21,29,29,8,4,4,1,0,0,0,-89,-6,34,None
0,1,-1,-8,0,5,-2,-2,-1,0,0,0,-89,-6,34,None
0,1,-1,-8,0,5,-2,-2,-1,0,0,0,-89,-6,34,None
0,1,-1,-8,0,5,-2,-2,-1,0,0,0,-86,-5,36,None
0,-6,-20,-30,-17,-12,-8,-2,-3,0,0,0,-86,-5,36,None
0,2,10,3,3,6,-1,-2,-3,0,0,0,-86,-5,36,None
0,0,10,4,-6,-9,-8,-5,-3,0,0,0,-86,-5,36,None
0,0,20,1,12,-2,-8,-6,-3,0,0,0,-86,-5,36,None
0,0,20,1,12,-2,-8,-6,-3,0,0,0,-86,-5,36,None
0,0,20,1,12,-2,-8,-6,-3,0,0,0,-87,-8,36,None
0,-4,-49,18,18,15,15,9,5,0,0,0,-87,-8,36,None
0,0,9,17,-21,-4,-4,-2,-3,0,0,0,-87,-8,36,None
0,-1,-1,-28,-13,-6,-1,-5,-1,0,0,0,-87,-8,36,None
0,-6,-8,1,-23,-5,1,-2,-3,0,0,0,-87,-8,36,None
0,-6,-8,1,-23,-5,1,-2,-3,0,0,0,-87,-8,36,None
0,-6,-8,1,-23,-5,1,-2,-3,0,0,0,-88,-12,35,None
0,0,27,0,11,-1,-4,-5,-5,0,0,0,-88,-12,35,None
0,-2,5,-18,-9,0,-3,-1,0,0,0,0,-88,-12,35,None
0,-1,3,5,10,5,3,1,0,0,0,0,-88,-12,35,None
0,3,9,-1,-5,-2,-1,0,0,0,0,0,-88,-12,35,None
0,3,9,-1,-5,-2,-1,0,0,0,0,0,-88,-12,35,None
0,3,9,-1,-5,-2,-1,0,0,0,0,0,-86,-9,34,None
0,-2,2,7,8,-5,-10,-7,-1,0,0,0,-86,-9,34,None
0,0,-6,-13,-1,-4,-4,-2,0,0,0,0,-86,-9,34,None
0,1,20,-17,3,5,1,-2,-3,0,0,0,-86,-9,34,None
0,-2,-6,15,3,2,3,1,-1,0,0,0,-86,-9,34,None
0,-2,-6,15,3,2,3,1,-1,0,0,0,-86,-9,34,None
0,-2,-6,15,3,2,3,1,-1,0,0,0,-83,-8,33,None
0,-1,-5,6,-7,-1,0,0,-1,0,0,0,-83,-8,33,None
0,-1,-3,-2,-7,0,3,1,0,0,0,0,-83,-8,33,None
0,-1,9,-4,14,3,2,-1,-4,0,0,0,-83,-8,33,None
0,-4,-16,1,-6,1,-4,-1,1,0,0,0,-83,-8,33,None
0,-4,-16,1,-6,1,-4,-1,1,0,0,0,-83,-8,33,None
0,-4,-16,1,-6,1,-4,-1,1,0,0,0,-81,-9,33,None
0,1,7,-5,1,0,-4,-1,-1,0,0,0,-81,-9,33,None
0,-2,4,-5,6,1,0,-2,-3,0,0,0,-81,-9,33,None
0,-4,-10,0,-4,0,1,0,-1,0,0,0,-81,-9,33,None
0,-4,-4,-12,0,1,-3,-5,-2,0,0,0,-81,-9,33,None
0,-4,-4,-12,0,1,-3,-5,-2,0,0,0,-81,-9,33,None
0,-4,-4,-12,0,1,-3,-5,-2,0,0,0,-80,-11,32,None
0,2,10,31,13,0,3,3,1,0,0,0,-80,-11,32,None
0,-1,-5,3,3,-1,-3,-2,0,0,0,0,-80,-11,32,None
0,-1,-1,-6,-15,-1,0,0,-3,0,0,0,-80,-11,32,None
0,-2,-4,1,15,-2,-3,-3,-3,0,0,0,-80,-11,32,None
0,-2,-4,1,15,-2,-3,-3,-3,0,0,0,-80,-11,32,None
0,-2,-4,1,15,-2,-3,-3,-3,0,0,0,-79,-12,31,None
0,0,9,-12,-1,4,0,-4,-3,0,0,0,-79,-12,31,None
0,-1,3,-1,-8,-1,3,1,-1,0,0,0,-79,-12,31,None
0,1,-4,16,1,0,-2,0,1,0,0,0,-79,-12,31,None
0,0,9,-24,-21,-3,-2,-1,-2,0,0,0,-79,-12,31,None
0,0,9,-24,-21,-3,-2,-1,-2,0,0,0,-79,-12,31,None
0,0,9,-24,-21,-3,-2,-1,-2,0,0,0,-79,-14,31,None
0,-3,-3,-2,1,1,-1,-4,-2,0,0,0,-79,-14,31,None
0,0,1,-11,1,1,-4,-3,-2,0,0,0,-79,-14,31,None
0,-3,-10,8,7,2,1,2,0,0,0,0,-79,-14,31,None
0,-1,-2,-10,-8,1,-1,-1,-2,0,0,0,-79,-14,31,None
0,-1,-2,-10,-8,1,-1,-1,-2,0,0,0,-79,-14,31,None
0,-1,-2,-10,-8,1,-1,-1,-2,0,0,0,-80,-16,30,None
0,-2,7,-2,7,-3,-5,-5,-3,0,0,0,-80,-16,30,None
0,-2,1,-3,-14,-2,2,0,-1,0,0,0,-80,-16,30,None
0,0,6,2,-2,2,0,-2,-1,0,0,0,-80,-16,30,None
0,-2,0,-10,3,1,-3,0,-1,0,0,0,-80,-16,30,None
0,-2,0,-10,3,1,-3,0,-1,0,0,0,-80,-16,30,None
0,-2,0,-10,3,1,-3,0,-1,0,0,0,-81,-18,31,None
0,0,2,-3,-10,0,-2,-3,-1,0,0,0,-81,-18,31,None
0,-1,-2,2,11,3,2,-1,-1,0,0,0,-81,-18,31,None
0,-1,3,1,4,1,-5,-3,-2,0,0,0,-81,-18,31,None
0,-1,-3,-16,-15,-3,-4,-3,-1,0,0,0,-81,-18,31,None
0,-1,-3,-16,-15,-3,-4,-3,-1,0,0,0,-81,-18,31,None
0,-1,-3,-16,-15,-3,-4,-3,-1,0,0,0,-82,-22,31,None
0,-1,4,-5,-7,0,0,-3,-4,0,0,0,-82,-22,31,None
0,-2,-3,-4,-2,0,-1,-1,-2,0,0,0,-82,-22,31,None
0,-1,4,-5,3,0,-4,-4,-2,0,0,0,-82,-22,31,None
0,0,4,7,12,2,2,0,-2,0,0,0,-82,-22,31,None
0,0,4,7,12,2,2,0,-2,0,0,0,-82,-22,31,None
0,0,4,7,12,2,2,0,-2,0,0,0,-78,-25,30,None
0,3,13,9,-3,-3,1,2,-1,0,0,0,-78,-25,30,None
0,-2,-7,-7,8,1,-4,-3,-2,0,0,0,-78,-25,30,None
0,-1,-2,3,-8,2,3,1,1,0,0,0,-78,-25,30,None
0,0,1,-2,11,-7,-6,-5,-2,0,0,0,-78,-25,30,None
0,0,1,-2,11,-7,-6,-5,-2,0,0,0,-78,-25,30,None
0,0,1,-2,11,-7,-6,-5,-2,0,0,0,-80,-27,29,None
0,1,-4,2,-5,-1,-5,2,10,0,0,0,-80,-27,29,None
0,0,1,5,20,2,-3,0,-3,0,0,0,-80,-27,29,None
0,-11,-4,-19,-16,1,-2,-4,-9,0,0,0,-80,-27,29,None
0,0,2,-9,-7,3,4,4,1,0,0,0,-80,-27,29,None
0,0,2,-9,-7,3,4,4,1,0,0,0,-80,-27,29,None
0,0,2,-9,-7,3,4,4,1,0,0,0,-83,-31,29,None
0,-3,-1,-2,1,-3,-2,-2,-1,0,0,0,-83,-31,29,None
0,2,32,-8,3,1,-4,-3,-4,0,0,0,-83,-31,29,None
0,-1,-2,-10,-15,-6,3,1,-1,0,0,0,-83,-31,29,None
0,-1,0,10,3,2,-5,-5,-2,0,0,0,-83,-31,29,None
0,-1,0,10,3,2,-5,-5,-2,0,0,0,-83,-31,29,None
0,-1,0,10,3,2,-5,-5,-2,0,0,0,-81,-37,30,None
0,-2,-3,-16,-5,4,-1,-2,-6,0,0,0,-81,-37,30,None
0,-4,3,-7,-8,-1,-4,-8,2,0,0,0,-81,-37,30,None
0,3,3,1,12,5,-1,2,1,0,0,0,-81,-37,30,None
0,-2,5,-1,-16,-2,-2,3,1,0,0,0,-81,-37,30,None
0,-2,5,-1,-16,-2,-2,3,1,0,0,0,-81,-37,30,None
0,-2,5,-1,-16,-2,-2,3,1,0,0,0,-75,-45,29,None
0,-2,1,6,10,1,3,-1,-4,0,0,0,-75,-45,29,None
0,-3,-14,1,-6,0,-1,-1,4,0,0,0,-75,-45,29,None
0,0,1,5,13,-2,-4,-4,-1,0,0,0,-75,-45,29,None
0,-4,-7,5,4,1,5,4,-4,0,0,0,-75,-45,29,None
0,-4,-7,5,4,1,5,4,-4,0,0,0,-75,-45,29,None
0,-4,-7,5,4,1,5,4,-4,0,0,0,-72,-52,25,None
0,0,8,-9,-12,1,1,1,-3,0,0,0,-72,-52,25,None
0,-1,-10,-3,-7,1,-3,-1,-1,0,0,0,-72,-52,25,None
0,-2,0,-22,-6,-2,-5,-4,-3,0,0,0,-72,-52,25,None
0,2,5,22,20,-4,-3,-5,-1,0,0,0,-72,-52,25,None
0,2,5,22,20,-4,-3,-5,-1,0,0,0,-72,-52,25,None
0,2,5,22,20,-4,-3,-5,-1,0,0,0,-76,-57,27,None
0,-3,-5,-18,-3,0,-6,-5,-2,0,0,0,-76,-57,27,None
0,-2,-9,-8,-10,4,3,1,2,0,0,0,-76,-57,27,None
0,-1,3,5,-4,1,3,4,1,0,0,0,-76,-57,27,None
0,-2,3,1,4,2,0,-1,0,0,0,0,-76,-57,27,None
0,-2,3,1,4,2,0,-1,0,0,0,0,-76,-57,27,None
0,-2,3,1,4,2,0,-1,0,0,0,0,-74,-61,29,None
0,0,-2,7,-3,0,-3,0,0,0,0,0,-74,-61,29,None
0,-2,-2,3,1,-1,2,0,-4,0,0,0,-74,-61,29,None
0,-2,2,6,7,0,0,-2,-1,0,0,0,-74,-61,29,None
0,0,-3,-9,-7,-4,-2,-5,0,0,0,0,-74,-61,29,None
0,0,-3,-9,-7,-4,-2,-5,0,0,0,0,-74,-61,29,None
0,0,-3,-9,-7,-4,-2,-5,0,0,0,0,-69,-61,29,None
0,-1,-4,-8,-4,0,2,1,-1,0,0,0,-69,-61,29,None
0,0,1,-6,0,-1,1,2,-4,0,0,0,-69,-61,29,None
0,-4,-7,-4,8,0,-5,-5,-2,0,0,0,-69,-61,29,None
0,1,-4,-9,-4,1,-7,-6,-4,0,0,0,-69,-61,29,None
0,1,-4,-9,-4,1,-7,-6,-4,0,0,0,-69,-61,29,None
0,1,-4,-9,-4,1,-7,-6,-4,0,0,0,-63,-64,28,None
0,-2,5,14,10,0,2,-1,0,0,0,0,-63,-64,28,None
0,-2,-4,-24,-1,3,0,-2,1,0,0,0,-63,-64,28,None
0,0,1,-1,-14,1,-6,-3,0,0,0,0,-63,-64,28,None
0,3,2,10,3,2,4,6,0,0,0,0,-63,-64,28,None
0,3,2,10,3,2,4,6,0,0,0,0,-63,-64,28,None
0,3,2,10,3,2,4,6,0,0,0,0,-62,-70,28,None
0,-1,3,4,9,2,3,-6,-4,0,0,0,-62,-70,28,None
0,-1,-1,5,11,2,-1,-1,-1,0,0,0,-62,-70,28,None
0,-2,0,0,-22,0,0,0,-1,0,0,0,-62,-70,28,None
0,-3,-15,10,13,3,4,0,0,0,0,0,-62,-70,28,None
0,-3,-15,10,13,3,4,0,0,0,0,0,-62,-70,28,None
0,-3,-15,10,13,3,4,0,0,0,0,0,-60,-77,31,None
0,-4,-4,-5,4,-2,-7,-5,-4,0,0,0,-60,-77,31,None
0,0,1,18,-1,2,0,0,-1,0,0,0,-60,-77,31,None
0,3,13,-9,7,4,5,2,-1,0,0,0,-60,-77,31,None
0,-1,-2,1,-2,-3,-4,-2,-1,0,0,0,-60,-77,31,None
0,-1,-2,1,-2,-3,-4,-2,-1,0,0,0,-60,-77,31,None
0,-1,-2,1,-2,-3,-4,-2,-1,0,0,0,-58,-80,33,None
0,-2,10,-11,-2,2,-2,-6,-5,0,0,0,-58,-80,33,None
0,0,-2,31,-9,-6,-4,3,1,0,0,0,-58,-80,33,None
0,-1,-7,16,13,4,2,0,0,0,0,0,-58,-80,33,None
0,-3,-12,-6,-9,2,-3,-4,-1,0,0,0,-58,-80,33,None
0,-3,-12,-6,-9,2,-3,-4,-1,0,0,0,-58,-80,33,None
0,-3,-12,-6,-9,2,-3,-4,-1,0,0,0,-52,-81,32,None
0,0,0,-7,-6,-2,5,4,1,0,0,0,-52,-81,32,None
0,0,1,-12,1,4,1,-1,-1,0,0,0,-52,-81,32,None
0,-2,5,12,10,-7,-3,-4,-1,0,0,0,-52,-81,32,None
0,-1,7,2,-23,-6,-8,-7,-2,0,0,0,-52,-81,32,None
0,-1,7,2,-23,-6,-8,-7,-2,0,0,0,-52,-81,32,None
0,-1,7,2,-23,-6,-8,-7,-2,0,0,0,-49,-86,34,None
0,2,-4,0,7,-2,1,-1,-1,0,0,0,-49,-86,34,None
0,-3,-1,-13,-15,1,-3,2,3,0,0,0,-49,-86,34,None
0,0,7,25,27,1,-3,-5,-8,0,0,0,-49,-86,34,None
0,-4,4,-11,1,8,4,4,-1,0,0,0,-49,-86,34,None
0,-4,4,-11,1,8,4,4,-1,0,0,0,-49,-86,34,None
0,-4,4,-11,1,8,4,4,-1,0,0,0,-49,-91,36,None
0,-2,-19,11,8,1,0,1,2,0,0,0,-49,-91,36,None
0,3,19,20,5,0,-3,-6,1,0,0,0,-49,-91,36,None
0,3,5,-2,-8,0,0,6,3,0,0,0,-49,-91,36,None
0,-2,3,-6,4,2,5,2,-2,0,0,0,-49,-91,36,None
0,-2,3,-6,4,2,5,2,-2,0,0,0,-49,-91,36,None
0,-2,3,-6,4,2,5,2,-2,0,0,0,-45,-93,39,None
0,1,0,8,7,4,-2,0,0,0,0,0,-45,-93,39,None
0,0,-2,-15,13,3,4,-2,-3,0,0,0,-45,-93,39,None
0,-5,6,-40,-26,-4,-6,-7,-7,0,0,0,-45,-93,39,None
0,-3,-27,31,-3,-2,-1,3,3,0,0,0,-45,-93,39,None
0,-3,-27,31,-3,-2,-1,3,3,0,0,0,-45,-93,39,None
0,-3,-27,31,-3,-2,-1,3,3,0,0,0,-40,-92,40,None
0,-6,-3,-26,-8,-7,-10,-6,-3,0,0,0,-40,-92,40,None
0,-3,-5,2,-10,-3,-1,0,-4,0,0,0,-40,-92,40,None
0,1,10,-9,9,13,4,-1,2,0,0,0,-40,-92,40,None
0,-1,4,2,0,-3,-5,-8,-5,0,0,0,-40,-92,40,None
0,-1,4,2,0,-3,-5,-8,-5,0,0,0,-40,-92,40,None
0,-1,4,2,0,-3,-5,-8,-5,0,0,0,-36,-92,42,None
0,2,13,-4,1,6,8,7,1,0,0,0,-36,-92,42,None
0,-5,-9,9,-1,-2,-1,-2,-6,0,0,0,-36,-92,42,None
0,1,-13,1,3,2,0,-2,2,0,0,0,-36,-92,42,None
0,7,17,-8,-3,1,1,1,3,0,0,0,-36,-92,42,None
0,7,17,-8,-3,1,1,1,3,0,0,0,-36,-92,42,None
0,7,17,-8,-3,1,1,1,3,0,0,0,-30,-95,45,None
0,-3,-15,35,6,-5,-6,1,-1,0,0,0,-30,-95,45,None
0,-4,-2,-36,-12,6,-7,-9,-4,0,0,0,-30,-95,45,None
0,2,11,-16,-5,-8,-7,-3,1,0,0,0,-30,-95,45,None
0,3,13,34,18,-8,11,5,2,0,0,0,-30,-95,45,None
0,3,13,34,18,-8,11,5,2,0,0,0,-30,-95,45,None
0,3,13,34,18,-8,11,5,2,0,0,0,-22,-97,50,None
0,0,24,-10,16,35,11,4,-3,0,0,0,-22,-97,50,None
0,-5,-9,17,19,-26,-11,-3,-6,0,0,0,-22,-97,50,None
0,-1,4,0,-32,-10,-2,-2,-1,0,0,0,-22,-97,50,None
0,-3,5,-29,-5,-3,-16,-12,-11,0,0,0,-22,-97,50,None
0,-3,5,-29,-5,-3,-16,-12,-11,0,0,0,-22,-97,50,None
0,-3,5,-29,-5,-3,-16,-12,-11,0,0,0,-15,-93,50,None
0,-4,-4,-4,7,3,4,1,-6,0,0,0,-15,-93,50,None
0,1,10,7,1,5,2,8,1,0,0,0,-15,-93,50,None
0,-1,-8,-4,0,2,6,6,-1,0,0,0,-15,-93,50,None
0,-3,-4,-4,-7,-5,-7,-2,0,0,0,0,-15,-93,50,None
0,-3,-4,-4,-7,-5,-7,-2,0,0,0,0,-15,-93,50,None
0,-3,-4,-4,-7,-5,-7,-2,0,0,0,0,-12,-90,51,None
0,-1,2,-31,-9,0,-8,-8,-2,0,0,0,-12,-90,51,None
0,-1,1,12,24,-1,-2,-2,-5,0,0,0,-12,-90,51,None
0,-4,-15,-18,-9,-9,-1,-2,0,0,0,0,-12,-90,51,None
0,-2,0,-14,-20,7,1,-5,0,0,0,0,-12,-90,51,None
0,-2,0,-14,-20,7,1,-5,0,0,0,0,-12,-90,51,None
0,-2,0,-14,-20,7,1,-5,0,0,0,0,-10,-94,55,None
0,-2,-15,35,0,-4,-2,8,5,0,0,0,-10,-94,55,None
0,-2,-15,-39,-19,1,5,1,-1,0,0,0,-10,-94,55,None
0,2,6,19,26,5,-4,-8,3,0,0,0,-10,-94,55,None
0,0,-5,11,17,7,6,7,2,0,0,0,-10,-94,55,None
0,0,-5,11,17,7,6,7,2,0,0,0,-10,-94,55,None
0,0,-5,11,17,7,6,7,2,0,0,0,-5,-97,57,None
0,-3,1,0,-16,-12,-3,-2,1,0,0,0,-5,-97,57,None
0,2,13,-27,-7,2,-2,-2,-3,0,0,0,-5,-97,57,None
0,-4,-20,18,9,5,-2,4,4,0,0,0,-5,-97,57,None
0,-2,2,-31,7,4,-1,-6,-6,0,0,0,-5,-97,57,None
0,-2,2,-31,7,4,-1,-6,-6,0,0,0,-5,-97,57,None
0,-2,2,-31,7,4,-1,-6,-6,0,0,0,1,-97,56,None
0,2,7,14,-3,-10,-4,-2,0,0,0,0,1,-97,56,None
0,3,6,-2,-25,3,5,2,4,0,0,0,1,-97,56,None
0,-3,4,-13,20,1,2,3,-6,0,0,0,1,-97,56,None
0,1,3,29,14,1,3,-1,1,0,0,0,1,-97,56,None
0,1,3,29,14,1,3,-1,1,0,0,0,1,-97,56,None
0,1,3,29,14,1,3,-1,1,0,0,0,2,-95,56,None
0,-2,-10,-34,-20,-4,-7,-6,-3,0,0,0,2,-95,56,None
0,1,8,25,8,6,-3,-4,0,0,0,0,2,-95,56,None
0,-3,1,2,-13,1,1,1,-3,0,0,0,2,-95,56,None
0,-5,-14,-27,-5,-7,-5,0,-3,0,0,0,2,-95,56,None
0,-5,-14,-27,-5,-7,-5,0,-3,0,0,0,2,-95,56,None
0,-5,-14,-27,-5,-7,-5,0,-3,0,0,0,0,-89,56,None
0,-1,4,3,-2,2,-2,-11,-6,0,0,0,0,-89,56,None
0,-2,-7,0,7,-6,3,3,-1,0,0,0,0,-89,56,None
0,-2,5,2,-6,7,3,-4,-1,0,0,0,0,-89,56,None
0,-1,6,-13,-7,-3,-4,2,0,0,0,0,0,-89,56,None
0,-1,6,-13,-7,-3,-4,2,0,0,0,0,0,-89,56,None
0,-1,6,-13,-7,-3,-4,2,0,0,0,0,-1,-87,55,None
0,0,1,-7,-1,1,3,0,-1,0,0,0,-1,-87,55,None
0,-3,-6,7,-11,-3,-3,-5,-2,0,0,0,-1,-87,55,None
0,0,-1,-3,-3,-5,-6,-3,0,0,0,0,-1,-87,55,None
0,0,6,-7,-4,-3,2,-1,0,0,0,0,-1,-87,55,None
0,0,6,-7,-4,-3,2,-1,0,0,0,0,-1,-87,55,None
0,0,6,-7,-4,-3,2,-1,0,0,0,0,0,-99,59,None
0,-3,-1,-2,-4,3,1,0,-1,0,0,0,0,-99,59,None
0,-9,-9,3,-1,0,-3,-5,-2,0,0,0,0,-99,59,None
0,1,0,-26,20,3,-4,3,3,0,0,0,0,-99,59,None
0,-6,3,18,-33,-2,-3,-7,-4,0,0,0,0,-99,59,None
0,-6,3,18,-33,-2,-3,-7,-4,0,0,0,0,-99,59,None
0,-6,3,18,-33,-2,-3,-7,-4,0,0,0,4,-96,60,None
0,25,5,6,3,-5,-4,3,0,0,0,0,4,-96,60,None
0,-11,-8,-2,4,4,-3,-7,4,0,0,0,4,-96,60,None
0,-43,0,-2,-4,2,3,-3,-19,0,0,0,4,-96,60,None
0,0,7,1,10,2,3,5,4,0,0,0,4,-96,60,None
0,0,7,1,10,2,3,5,4,0,0,0,4,-96,60,None
0,0,7,1,10,2,3,5,4,0,0,0,1,-88,61,None
0,-3,14,-27,-4,-2,-4,-2,-1,0,0,0,1,-88,61,None
0,-8,-14,22,8,0,1,1,1,0,0,0,1,-88,61,None
0,22,-3,5,-13,-4,-2,-9,-3,0,0,0,1,-88,61,None
0,-8,2,-13,4,1,-4,0,-3,0,0,0,1,-88,61,None
0,-8,2,-13,4,1,-4,0,-3,0,0,0,1,-88,61,None
0,-8,2,-13,4,1,-4,0,-3,0,0,0,-5,-70,60,None
0,-8,1,-5,-6,-4,-7,-6,-5,0,0,0,-5,-70,60,None
0,14,6,-27,5,3,2,2,0,0,0,0,-5,-70,60,None
0,-14,-3,-11,-30,-3,-2,-6,-6,0,0,0,-5,-70,60,None
0,3,-2,-1,3,2,-3,-3,-3,0,0,0,-5,-70,60,None
0,3,-2,-1,3,2,-3,-3,-3,0,0,0,-5,-70,60,None
0,3,-2,-1,3,2,-3,-3,-3,0,0,0,-5,-70,54,None
0,-6,0,0,2,1,1,1,3,0,0,0,-5,-70,54,None
0,6,1,-5,-4,-1,0,-3,-3,0,0,0,-5,-70,54,None
0,9,-4,10,17,3,-1,2,4,0,0,0,-5,-70,54,None
0,1,2,-21,-20,1,-1,-1,-3,0,0,0,-5,-70,54,None
0,1,2,-21,-20,1,-1,-1,-3,0,0,0,-5,-70,54,None
0,1,2,-21,-20,1,-1,-1,-3,0,0,0,3,-79,54,None
0,-7,-1,0,2,1,1,0,0,0,0,0,3,-79,54,None
0,-3,1,13,11,2,-1,0,0,0,0,0,3,-79,54,None
0,-5,2,-8,-15,-5,-7,-5,0,0,0,0,3,-79,54,None
0,33,-2,10,7,4,3,2,4,0,0,0,3,-79,54,None
0,33,-2,10,7,4,3,2,4,0,0,0,3,-79,54,None
0,33,-2,10,7,4,3,2,4,0,0,0,11,-85,53,None
0,-12,-1,-8,0,-1,-1,-3,-5,0,0,0,11,-85,53,None
0,18,4,-6,-7,2,-3,-3,-2,0,0,0,11,-85,53,None
0,-14,0,9,10,0,2,3,-3,0,0,0,11,-85,53,None
0,13,0,-6,-8,-3,-1,-1,1,0,0,0,11,-85,53,None
0,13,0,-6,-8,-3,-1,-1,1,0,0,0,11,-85,53,None
0,13,0,-6,-8,-3,-1,-1,1,0,0,0,14,-86,55,None
0,14,0,-4,-5,0,-2,-2,2,0,0,0,14,-86,55,None
0,-30,-2,9,7,3,-2,0,-10,0,0,0,14,-86,55,None
0,0,3,-14,-6,-1,2,2,12,0,0,0,14,-86,55,None
0,-7,6,-9,18,1,-5,-5,-6,0,0,0,14,-86,55,None
0,-7,6,-9,18,1,-5,-5,-6,0,0,0,14,-86,55,None
0,-7,6,-9,18,1,-5,-5,-6,0,0,0,8,-76,57,None
0,-8,-6,-6,-10,0,-2,-5,-4,0,0,0,8,-76,57,None
0,6,4,-4,-16,-1,1,0,1,0,0,0,8,-76,57,None
0,3,-1,6,12,0,-1,-3,-6,0,0,0,8,-76,57,None
0,-17,-5,-6,0,1,-2,-3,-4,0,0,0,8,-76,57,None
0,-17,-5,-6,0,1,-2,-3,-4,0,0,0,8,-76,57,None
0,-17,-5,-6,0,1,-2,-3,-4,0,0,0,0,-72,59,None
0,7,11,11,2,0,3,5,2,0,0,0,0,-72,59,None
0,2,3,-8,0,0,0,-3,-4,0,0,0,0,-72,59,None
0,2,3,2,-7,1,-2,-1,0,0,0,0,0,-72,59,None
0,3,0,4,13,3,2,1,0,0,0,0,0,-72,59,None
0,3,0,4,13,3,2,1,0,0,0,0,0,-72,59,None
0,3,0,4,13,3,2,1,0,0,0,0,-2,-77,61,None
0,-8,-2,-3,-3,-2,-1,0,-3,0,0,0,-2,-77,61,None
0,13,6,-11,-12,-2,-6,-3,1,0,0,0,-2,-77,61,None
0,-14,-8,-7,3,3,-2,-2,-6,0,0,0,-2,-77,61,None
0,-2,4,-3,-5,0,2,-1,0,0,0,0,-2,-77,61,None
0,-2,4,-3,-5,0,2,-1,0,0,0,0,-2,-77,61,None
0,-2,4,-3,-5,0,2,-1,0,0,0,0,1,-84,62,None
0,-5,-4,-2,2,0,-6,-7,-2,0,0,0,1,-84,62,None
0,-16,-1,-6,5,4,1,-1,1,0,0,0,1,-84,62,None
0,37,8,4,0,-2,3,3,3,0,0,0,1,-84,62,None
0,-11,0,-7,3,3,-1,-1,-6,0,0,0,1,-84,62,None
0,-11,0,-7,3,3,-1,-1,-6,0,0,0,1,-84,62,None
0,-11,0,-7,3,3,-1,-1,-6,0,0,0,4,-87,62,None
0,-3,-9,-1,-13,-3,-4,-5,0,0,0,0,4,-87,62,None
0,-1,2,4,6,1,4,2,-2,0,0,0,4,-87,62,None
0,-12,5,0,-4,2,-1,0,-4,0,0,0,4,-87,62,None
0,0,-4,-3,2,1,-4,-2,1,0,0,0,4,-87,62,None
0,0,-4,-3,2,1,-4,-2,1,0,0,0,4,-87,62,None
0,0,-4,-3,2,1,-4,-2,1,0,0,0,2,-83,62,None
0,-2,2,-4,3,1,-1,-2,-4,0,0,0,2,-83,62,None
0,-8,2,1,-4,-1,0,-1,-1,0,0,0,2,-83,62,None
0,13,-2,0,15,3,-4,-5,3,0,0,0,2,-83,62,None
0,1,-4,-8,-27,-6,-5,-2,-1,0,0,0,2,-83,62,None
0,1,-4,-8,-27,-6,-5,-2,-1,0,0,0,2,-83,62,None
0,1,-4,-8,-27,-6,-5,-2,-1,0,0,0,1,-80,61,None
0,-9,1,2,4,2,5,2,0,0,0,0,1,-80,61,None
0,6,0,-7,-5,-1,-1,-3,-5,0,0,0,1,-80,61,None
0,-11,-2,-1,-2,-1,-5,0,-6,0,0,0,1,-80,61,None
0,11,2,-6,5,1,3,-2,1,0,0,0,1,-80,61,None
0,11,2,-6,5,1,3,-2,1,0,0,0,1,-80,61,None
0,11,2,-6,5,1,3,-2,1,0,0,0,2,-78,60,None
0,0,-2,3,4,0,3,0,-3,0,0,0,2,-78,60,None
0,-6,-3,-9,-20,-4,-8,-5,-3,0,0,0,2,-78,60,None
0,2,0,2,1,2,0,-2,1,0,0,0,2,-78,60,None
0,-9,1,0,4,3,2,1,-3,0,0,0,2,-78,60,None
0,-9,1,0,4,3,2,1,-3,0,0,0,2,-78,60,None
0,-9,1,0,4,3,2,1,-3,0,0,0,2,-79,60,None
0,-8,-14,5,7,-3,-8,-4,-2,0,0,0,2,-79,60,None
0,7,-2,-10,-1,-1,-2,-1,1,0,0,0,2,-79,60,None
0,1,1,-1,2,-2,1,-2,0,0,0,0,2,-79,60,None
0,-16,1,2,-6,1,0,2,-6,0,0,0,2,-79,60,None
0,-16,1,2,-6,1,0,2,-6,0,0,0,2,-79,60,None
0,-16,1,2,-6,1,0,2,-6,0,0,0,3,-80,59,None
0,8,3,-2,-4,0,-2,-1,2,0,0,0,3,-80,59,None
0,4,5,4,6,2,2,0,-18,0,0,0,3,-80,59,None
0,0,-1,-3,-3,2,1,2,19,0,0,0,3,-80,59,None
0,-4,2,2,4,-3,-4,-4,1,0,0,0,3,-80,59,None
0,-4,2,2,4,-3,-4,-4,1,0,0,0,3,-80,59,None
0,-4,2,2,4,-3,-4,-4,1,0,0,0,3,-80,59,None
0,-3,-1,-8,-4,2,-2,-1,-4,0,0,0,3,-80,59,None
0,12,3,-1,1,-2,-1,-1,0,0,0,0,3,-80,59,None
0,8,4,1,-9,-2,-4,-5,-5,0,0,0,3,-80,59,None
0,0,-3,0,7,2,-1,-2,5,0,0,0,3,-80,59,None
0,0,-3,0,7,2,-1,-2,5,0,0,0,3,-80,59,None
0,0,-3,0,7,2,-1,-2,5,0,0,0,2,-80,60,None
0,-9,5,-2,3,2,2,-1,-9,0,0,0,2,-80,60,None
0,-4,3,3,0,0,1,1,3,0,0,0,2,-80,60,None
0,-3,-4,-7,-2,-2,-3,-3,-5,0,0,0,2,-80,60,None
0,-2,-2,-3,-3,0,2,1,0,0,0,0,2,-80,60,None
0,-2,-2,-3,-3,0,2,1,0,0,0,0,2,-80,60,None
0,-2,-2,-3,-3,0,2,1,0,0,0,0,2,-79,59,None
0,1,2,0,-3,-5,0,-1,-3,0,0,0,2,-79,59,None
0,-13,-6,-12,1,1,-3,-3,-2,0,0,0,2,-79,59,None
0,-4,-5,3,9,0,0,-1,-4,0,0,0,2,-79,59,None
0,0,-1,-8,-19,-3,-2,-4,-4,0,0,0,2,-79,59,None
0,0,-1,-8,-19,-3,-2,-4,-4,0,0,0,2,-79,59,None
0,0,-1,-8,-19,-3,-2,-4,-4,0,0,0,2,-79,60,None
0,-3,0,-3,3,3,-3,0,2,0,0,0,2,-79,60,None
0,2,2,-5,-1,0,-3,-3,1,0,0,0,2,-79,60,None
0,-1,1,-1,-3,-2,2,0,-3,0,0,0,2,-79,60,None
0,4,-2,-3,2,1,-1,0,3,0,0,0,2,-79,60,None
0,4,-2,-3,2,1,-1,0,3,0,0,0,2,-79,60,None
0,4,-2,-3,2,1,-1,0,3,0,0,0,2,-79,59,None
0,-20,-1,-2,7,1,-2,-2,-5,0,0,0,2,-79,59,None
0,-8,3,8,0,-1,0,-1,-1,0,0,0,2,-79,59,None
0,17,2,-6,-11,0,1,-2,-2,0,0,0,2,-79,59,None
0,7,-4,-2,5,0,-4,-5,-1,0,0,0,2,-79,59,None
0,7,-4,-2,5,0,-4,-5,-1,0,0,0,2,-79,59,None
0,7,-4,-2,5,0,-4,-5,-1,0,0,0,2,-79,59,None
0,3,2,7,2,2,-1,-2,3,0,0,0,2,-79,59,None
0,-1,-1,-7,0,0,-2,-1,-1,0,0,0,2,-79,59,None
0,-21,1,-1,-1,1,-3,-4,-7,0,0,0,2,-79,59,None
0,-3,1,-3,6,0,-1,-3,-4,0,0,0,2,-79,59,None
0,-3,1,-3,6,0,-1,-3,-4,0,0,0,2,-79,59,None
0,-3,1,-3,6,0,-1,-3,-4,0,0,0,2,-80,59,None
0,23,1,-11,-20,-2,1,-1,5,0,0,0,2,-80,59,None
0,-34,-6,0,3,0,1,-3,-14,0,0,0,2,-80,59,None
0,6,1,-1,-1,-2,-3,0,6,0,0,0,2,-80,59,None
0,-10,2,0,3,0,-1,-2,-6,0,0,0,2,-80,59,None
0,-10,2,0,3,0,-1,-2,-6,0,0,0,2,-80,59,None
0,-10,2,0,3,0,-1,-2,-6,0,0,0,2,-80,59,None
0,5,-2,-1,4,1,0,3,4,0,0,0,2,-80,59,None
0,6,0,0,0,0,-2,-2,-3,0,0,0,2,-80,59,None
0,26,3,-4,-6,2,0,0,6,0,0,0,2,-80,59,None
0,-61,-5,-3,-1,-1,-1,-3,-17,0,0,0,2,-80,59,None
0,-61,-5,-3,-1,-1,-1,-3,-17,0,0,0,2,-80,59,None
0,-61,-5,-3,-1,-1,-1,-3,-17,0,0,0,1,-79,59,None
0,0,3,-4,1,0,-3,-3,-5,0,0,0,1,-79,59,None
0,8,0,-2,-4,0,-2,0,4,0,0,0,1,-79,59,None
0,-3,-2,-1,5,0,1,-2,-2,0,0,0,1,-79,59,None
0,14,5,-1,-4,0,-3,-1,5,0,0,0,1,-79,59,None
0,14,5,-1,-4,0,-3,-1,5,0,0,0,1,-79,59,None
0,14,5,-1,-4,0,-3,-1,5,0,0,0,2,-79,59,None
0,-1,-3,-2,-1,0,-1,-3,-1,0,0,0,2,-79,59,None
0,-3,2,-5,-5,-1,0,-1,1,0,0,0,2,-79,59,None
0,-13,1,4,11,2,2,0,-5,0,0,0,2,-79,59,None
0,15,-1,-11,-17,0,-4,-2,-1,0,0,0,2,-79,59,None
0,15,-1,-11,-17,0,-4,-2,-1,0,0,0,2,-79,59,None
0,15,-1,-11,-17,0,-4,-2,-1,0,0,0,3,-79,59,None
0,-7,-4,-4,0,-3,-8,-3,-2,0,0,0,3,-79,59,None
0,9,2,-2,0,1,-1,-1,5,0,0,0,3,-79,59,None
0,4,1,3,0,1,0,0,-4,0,0,0,3,-79,59,None
0,6,-1,-4,-2,0,-5,-4,1,0,0,0,3,-79,59,None
0,6,-1,-4,-2,0,-5,-4,1,0,0,0,3,-79,59,None
0,6,-1,-4,-2,0,-5,-4,1,0,0,0,2,-79,60,None
0,-9,1,-1,2,0,1,0,-2,0,0,0,2,-79,60,None
0,17,3,5,8,0,3,0,0,0,0,0,2,-79,60,None
0,24,2,-11,-25,-4,-5,-3,4,0,0,0,2,-79,60,None
0,-15,2,1,-1,2,1,0,-4,0,0,0,2,-79,60,None
0,-15,2,1,-1,2,1,0,-4,0,0,0,2,-79,60,None
0,-15,2,1,-1,2,1,0,-4,0,0,0,2,-80,60,None
0,8,1,1,1,0,4,0,1,0,0,0,2,-80,60,None
0,-7,1,1,10,1,-3,-5,-4,0,0,0,2,-80,60,None
0,-19,-5,-8,-8,1,-2,0,0,0,0,0,2,-80,60,None
0,29,0,3,-3,0,1,1,2,0,0,0,2,-80,60,None
0,29,0,3,-3,0,1,1,2,0,0,0,2,-80,60,None
0,29,0,3,-3,0,1,1,2,0,0,0,2,-80,60,None
0,10,1,-8,-9,1,0,-3,-1,0,0,0,2,-80,60,None
0,-32,-7,-3,-2,-3,-4,-2,-3,0,0,0,2,-80,60,None
0,-13,0,4,11,2,-1,-1,-2,0,0,0,2,-80,60,None
0,-7,0,0,0,-1,2,1,-1,0,0,0,2,-80,60,None
0,-7,0,0,0,-1,2,1,-1,0,0,0,2,-80,60,None
0,-7,0,0,0,-1,2,1,-1,0,0,0,1,-80,60,None
0,3,2,1,3,0,0,-1,-1,0,0,0,1,-80,60,None
0,3,2,-3,-3,0,0,0,-1,0,0,0,1,-80,60,None
0,-18,-2,-1,-1,1,2,-1,-9,0,0,0,1,-80,60,None
0,4,5,7,6,-1,-2,-1,10,0,0,0,1,-80,60,None
0,4,5,7,6,-1,-2,-1,10,0,0,0,1,-80,60,None
0,4,5,7,6,-1,-2,-1,10,0,0,0,1,-80,59,None
0,12,2,-3,0,0,-4,-2,-4,0,0,0,1,-80,59,None
0,5,1,-3,-4,1,0,0,-1,0,0,0,1,-80,59,None
0,-9,-2,-4,3,1,-3,-3,-3,0,0,0,1,-80,59,None
0,10,5,-5,-2,0,1,-1,-5,0,0,0,1,-80,59,None
0,10,5,-5,-2,0,1,-1,-5,0,0,0,1,-80,59,None
0,10,5,-5,-2,0,1,-1,-5,0,0,0,1,-80,59,None
0,-30,-2,4,9,3,3,-2,-12,0,0,0,1,-80,59,None
0,5,1,-4,-9,-2,-3,-1,6,0,0,0,1,-80,59,None
0,-16,-1,-2,1,0,-2,-3,-9,0,0,0,1,-80,59,None
0,24,1,-2,-14,-1,0,-3,0,0,0,0,1,-80,59,None
0,24,1,-2,-14,-1,0,-3,0,0,0,0,1,-80,59,None
0,24,1,-2,-14,-1,0,-3,0,0,0,0,1,-80,59,None
0,-3,-1,-5,-7,0,-1,2,2,0,0,0,1,-80,59,None
0,-5,-2,-3,2,0,-2,-3,-4,0,0,0,1,-80,59,None
0,-1,1,0,6,2,0,0,4,0,0,0,1,-80,59,None
0,-6,-5,1,5,2,-1,-1,0,0,0,0,1,-80,59,None
0,-6,-5,1,5,2,-1,-1,0,0,0,0,1,-80,59,None
0,-6,-5,1,5,2,-1,-1,0,0,0,0,2,-79,59,None
0,-4,0,-2,-1,-1,-3,-3,0,0,0,0,2,-79,59,None
0,-4,0,-3,0,1,-1,-2,-1,0,0,0,2,-79,59,None
0,-3,1,0,4,0,1,2,-3,0,0,0,2,-79,59,None
0,-7,-3,-5,-4,1,-3,-1,1,0,0,0,2,-79,59,None
0,-7,-3,-5,-4,1,-3,-1,1,0,0,0,2,-79,59,None
0,-7,-3,-5,-4,1,-3,-1,1,0,0,0,3,-80,60,None
0,3,-1,-5,-4,0,-3,-2,-3,0,0,0,3,-80,60,None
0,-3,-1,1,0,1,5,2,2,0,0,0,3,-80,60,None
0,3,7,2,-3,0,-2,-4,-3,0,0,0,3,-80,60,None
0,8,0,-3,9,1,-4,-2,0,0,0,0,3,-80,60,None
0,8,0,-3,9,1,-4,-2,0,0,0,0,3,-80,60,None
0,8,0,-3,9,1,-4,-2,0,0,0,0,3,-80,59,None
0,-49,-7,3,10,1,3,1,-5,0,0,0,3,-80,59,None
0,27,1,-11,-23,-1,-1,-2,3,0,0,0,3,-80,59,None
0,2,-2,-5,-6,-1,-5,-5,0,0,0,0,3,-80,59,None
0,11,2,0,6,-1,0,-1,3,0,0,0,3,-80,59,None
0,11,2,0,6,-1,0,-1,3,0,0,0,3,-80,59,None
0,11,2,0,6,-1,0,-1,3,0,0,0,3,-80,59,None
0,-14,2,1,0,1,-1,0,-4,0,0,0,3,-80,59,None
0,3,2,1,6,-1,-6,-3,0,0,0,0,3,-80,59,None
0,2,-2,-7,-5,1,-1,-2,-3,0,0,0,3,-80,59,None
0,-15,3,4,-2,1,3,-1,-6,0,0,0,3,-80,59,None
0,-15,3,4,-2,1,3,-1,-6,0,0,0,3,-80,59,None
0,-15,3,4,-2,1,3,-1,-6,0,0,0,1,-79,58,None
0,8,-2,-2,1,-2,-2,-1,2,0,0,0,1,-79,58,None
0,-8,0,-7,-3,-2,-3,-2,-4,0,0,0,1,-79,58,None
0,2,0,1,0,3,1,-1,-1,0,0,0,1,-79,58,None
0,-6,4,4,6,1,-1,-2,-2,0,0,0,1,-79,58,None
0,-6,4,4,6,1,-1,-2,-2,0,0,0,1,-79,58,None
0,-6,4,4,6,1,-1,-2,-2,0,0,0,1,-80,59,None
0,6,-1,-10,-12,-1,-4,-3,-1,0,0,0,1,-80,59,None
0,0,-2,3,10,2,-1,-2,-2,0,0,0,1,-80,59,None
0,0,1,2,1,0,1,2,0,0,0,0,1,-80,59,None
0,15,1,-9,-19,-3,-5,-2,4,0,0,0,1,-80,59,None
0,15,1,-9,-19,-3,-5,-2,4,0,0,0,1,-80,59,None
0,15,1,-9,-19,-3,-5,-2,4,0,0,0,0,-81,58,None
0,-9,1,-1,-1,2,-2,-4,-6,0,0,0,0,-81,58,None
0,1,3,3,4,3,3,2,-1,0,0,0,0,-81,58,None
0,-24,-4,-2,0,-1,0,0,-1,0,0,0,0,-81,58,None
0,15,-2,-2,8,3,-3,-2,-1,0,0,0,0,-81,58,None
0,15,-2,-2,8,3,-3,-2,-1,0,0,0,0,-81,58,None
0,15,-2,-2,8,3,-3,-2,-1,0,0,0,1,-81,58,None
0,17,6,0,-2,0,1,0,1,0,0,0,1,-81,58,None
0,-6,-1,-1,-1,0,1,-1,-2,0,0,0,1,-81,58,None
0,6,2,1,5,0,-5,-3,0,0,0,0,1,-81,58,None
0,-16,-5,-15,-16,-5,0,-1,-4,0,0,0,1,-81,58,None
0,-16,-5,-15,-16,-5,0,-1,-4,0,0,0,1,-81,58,None
0,-16,-5,-15,-16,-5,0,-1,-4,0,0,0,2,-80,58,None
0,1,5,13,10,5,0,1,1,0,0,0,2,-80,58,None
0,-4,-4,-10,-1,-1,-5,-3,0,0,0,0,2,-80,58,None
0,4,-1,-3,-1,0,-2,-2,-1,0,0,0,2,-80,58,None
0,-18,-2,3,2,1,3,-1,-4,0,0,0,2,-80,58,None
0,-18,-2,3,2,1,3,-1,-4,0,0,0,2,-80,58,None
0,-18,-2,3,2,1,3,-1,-4,0,0,0,3,-80,58,None
0,4,1,-11,-13,-2,1,0,-3,0,0,0,3,-80,58,None
0,15,2,-3,-4,-1,-3,-2,5,0,0,0,3,-80,58,None
0,3,-3,-2,9,3,3,1,-3,0,0,0,3,-80,58,None
0,-7,3,-1,-8,-2,-2,-1,-5,0,0,0,3,-80,58,None
0,-7,3,-1,-8,-2,-2,-1,-5,0,0,0,3,-80,58,None
0,-7,3,-1,-8,-2,-2,-1,-5,0,0,0,3,-79,58,None
0,5,-3,-4,4,-1,-3,-4,3,0,0,0,3,-79,58,None
0,-5,0,0,-4,1,-2,-2,-1,0,0,0,3,-79,58,None
0,15,7,0,-3,-3,1,-1,-1,0,0,0,3,-79,58,None
0,-17,-4,-6,13,1,-4,-3,-5,0,0,0,3,-79,58,None
0,-17,-4,-6,13,1,-4,-3,-5,0,0,0,3,-79,58,None
0,-17,-4,-6,13,1,-4,-3,-5,0,0,0,2,-79,58,None
0,13,-4,-5,0,1,-4,-2,6,0,0,0,2,-79,58,None
0,-2,3,1,-2,0,1,0,-7,0,0,0,2,-79,58,None
0,4,4,2,2,1,1,-1,-1,0,0,0,2,-79,58,None
0,-13,-4,-6,0,0,-3,-3,-3,0,0,0,2,-79,58,None
0,-13,-4,-6,0,0,-3,-3,-3,0,0,0,2,-79,58,None
0,-13,-4,-6,0,0,-3,-3,-3,0,0,0,2,-80,59,None
0,20,1,-1,-2,0,0,-1,3,0,0,0,2,-80,59,None
0,2,2,-2,-1,1,2,0,-2,0,0,0,2,-80,59,None
0,-8,-3,-1,2,-1,-5,-4,-1,0,0,0,2,-80,59,None
0,-19,6,-9,-14,-1,-3,-3,-8,0,0,0,2,-80,59,None
0,-19,6,-9,-14,-1,-3,-3,-8,0,0,0,2,-80,59,None
0,-19,6,-9,-14,-1,-3,-3,-8,0,0,0,1,-80,59,None
0,-4,-3,-6,-1,-2,1,-2,-3,0,0,0,1,-80,59,None
0,-9,-2,0,2,0,-5,-3,-2,0,0,0,1,-80,59,None
0,5,0,-9,-11,-2,-3,-4,0,0,0,0,1,-80,59,None
0,5,-1,5,3,2,3,2,1,0,0,0,1,-80,59,None
0,5,-1,5,3,2,3,2,1,0,0,0,1,-80,59,None
0,5,-1,5,3,2,3,2,1,0,0,0,0,-81,59,None
0,-22,3,1,0,-1,0,-1,-13,0,0,0,0,-81,59,None
0,31,7,-3,-2,0,-2,-3,-1,0,0,0,0,-81,59,None
0,-33,-10,-2,-5,1,1,0,-3,0,0,0,0,-81,59,None
0,5,2,2,5,0,0,2,-1,0,0,0,0,-81,59,None
0,5,2,2,5,0,0,2,-1,0,0,0,0,-81,59,None
0,5,2,2,5,0,0,2,-1,0,0,0,1,-80,58,None
0,-2,-1,-5,-12,-1,-5,-4,1,0,0,0,1,-80,58,None
