0,-12,-7,2,3,0,-2,-1,1,0,0,0,-6,-81,47,None
0,-13,2,3,-4,-1,1,2,-3,0,0,0,-6,-81,47,None
0,0,1,-11,-2,1,0,-2,2,0,0,0,-6,-81,47,None
0,0,1,-11,-2,1,0,-2,2,0,0,0,-6,-81,47,None
0,0,1,-11,-2,1,0,-2,2,0,0,0,-3,-86,49,None
0,2,1,8,18,5,2,3,3,0,0,0,-3,-86,49,None
0,10,-3,-19,-27,-3,-3,-4,-3,0,0,0,-3,-86,49,None
0,-6,2,14,5,3,1,-1,1,0,0,0,-3,-86,49,None
0,22,2,-9,11,1,-2,-2,0,0,0,0,-3,-86,49,None
0,22,2,-9,11,1,-2,-2,0,0,0,0,-3,-86,49,None
0,22,2,-9,11,1,-2,-2,0,0,0,0,1,-91,48,None
0,10,10,0,-7,-1,-1,0,0,0,0,0,1,-91,48,None
0,-18,-9,0,-1,0,-2,-5,-6,0,0,0,1,-91,48,None
0,-12,-6,-10,4,0,-5,-2,0,0,0,0,1,-91,48,None
0,-8,-4,2,-5,0,-4,-2,-1,0,0,0,1,-91,48,None
0,-8,-4,2,-5,0,-4,-2,-1,0,0,0,1,-91,48,None
0,-8,-4,2,-5,0,-4,-2,-1,0,0,0,4,-93,47,None
0,10,-1,-7,1,0,0,2,1,0,0,0,4,-93,47,None
0,14,5,3,4,0,1,1,2,0,0,0,4,-93,47,None
0,-16,-6,4,4,0,-1,-3,-5,0,0,0,4,-93,47,None
0,-9,-14,-14,-6,-1,-2,0,-1,0,0,0,4,-93,47,None
0,-9,-14,-14,-6,-1,-2,0,-1,0,0,0,4,-93,47,None
0,-9,-14,-14,-6,-1,-2,0,-1,0,0,0,6,-90,48,None
0,-10,4,11,-2,1,1,1,-2,0,0,0,6,-90,48,None
0,14,-3,0,3,-2,-5,-5,-1,0,0,0,6,-90,48,None
0,-24,-6,-15,-8,-2,-2,-2,-4,0,0,0,6,-90,48,None
0,10,6,4,0,1,1,0,2,0,0,0,6,-90,48,None
0,10,6,4,0,1,1,0,2,0,0,0,6,-90,48,None
0,10,6,4,0,1,1,0,2,0,0,0,7,-83,50,None
0,-5,3,5,2,-1,-3,-2,-1,0,0,0,7,-83,50,None
0,6,2,3,-5,-1,-2,0,1,0,0,0,7,-83,50,None
0,-4,1,0,-4,0,1,-1,-4,0,0,0,7,-83,50,None
0,-1,-1,-1,9,0,-2,-4,-1,0,0,0,7,-83,50,None
0,-1,-1,-1,9,0,-2,-4,-1,0,0,0,7,-83,50,None
0,-1,-1,-1,9,0,-2,-4,-1,0,0,0,4,-79,50,None
0,9,3,-7,-6,-1,-3,0,7,0,0,0,4,-79,50,None
0,-64,-3,10,3,2,-2,-6,-24,0,0,0,4,-79,50,None
0,21,5,3,2,0,0,3,6,0,0,0,4,-79,50,None
0,-4,3,4,-9,-2,-4,-2,-1,0,0,0,4,-79,50,None
0,-4,3,4,-9,-2,-4,-2,-1,0,0,0,4,-79,50,None
0,-4,3,4,-9,-2,-4,-2,-1,0,0,0,3,-82,50,None
0,-10,-9,-10,1,-1,-2,-3,-5,0,0,0,3,-82,50,None
0,20,3,16,7,1,2,1,5,0,0,0,3,-82,50,None
0,-15,-5,-13,-3,-1,-4,-2,-1,0,0,0,3,-82,50,None
0,-14,0,-14,2,0,-3,-3,-7,0,0,0,3,-82,50,None
0,-14,0,-14,2,0,-3,-3,-7,0,0,0,3,-82,50,None
0,-14,0,-14,2,0,-3,-3,-7,0,0,0,4,-87,50,None
0,-4,-10,1,-6,0,0,1,-4,0,0,0,4,-87,50,None
0,18,2,-5,2,0,0,0,4,0,0,0,4,-87,50,None
0,-11,-12,-10,-5,-2,-3,-4,-5,0,0,0,4,-87,50,None
0,22,5,-18,3,2,4,1,5,0,0,0,4,-87,50,None
0,22,5,-18,3,2,4,1,5,0,0,0,4,-87,50,None
0,22,5,-18,3,2,4,1,5,0,0,0,4,-90,48,None
0,-28,-3,9,-15,-2,-2,-2,-7,0,0,0,4,-90,48,None
0,-1,-2,10,8,1,-5,-2,-1,0,0,0,4,-90,48,None
0,-5,2,-3,3,1,-2,-2,-3,0,0,0,4,-90,48,None
0,4,-2,-7,-4,-1,0,0,-2,0,0,0,4,-90,48,None
0,4,-2,-7,-4,-1,0,0,-2,0,0,0,4,-90,48,None
0,4,-2,-7,-4,-1,0,0,-2,0,0,0,1,-89,48,None
0,-1,-1,-2,5,-2,-3,-3,-2,0,0,0,1,-89,48,None
0,12,5,-5,-7,0,0,0,4,0,0,0,1,-89,48,None
0,-15,0,6,11,2,1,-3,-10,0,0,0,1,-89,48,None
0,0,-1,-13,-18,-4,0,0,-3,0,0,0,1,-89,48,None
0,0,-1,-13,-18,-4,0,0,-3,0,0,0,1,-89,48,None
0,0,-1,-13,-18,-4,0,0,-3,0,0,0,0,-88,47,None
0,-6,5,4,-1,2,-4,-2,-3,0,0,0,0,-88,47,None
0,-4,-4,0,1,0,1,0,-1,0,0,0,0,-88,47,None
0,13,1,-1,6,1,1,0,0,0,0,0,0,-88,47,None
0,9,1,16,7,1,-1,-2,4,0,0,0,0,-88,47,None
0,9,1,16,7,1,-1,-2,4,0,0,0,0,-88,47,None
0,9,1,16,7,1,-1,-2,4,0,0,0,0,-88,47,None
0,-26,-5,-22,-7,-1,-4,-3,-6,0,0,0,0,-88,47,None
0,16,5,-3,1,1,2,0,1,0,0,0,0,-88,47,None
0,-4,1,0,-7,-3,-4,-2,2,0,0,0,0,-88,47,None
0,-11,-2,-4,7,-1,-2,-3,-2,0,0,0,0,-88,47,None
0,-11,-2,-4,7,-1,-2,-3,-2,0,0,0,0,-88,47,None
0,-11,-2,-4,7,-1,-2,-3,-2,0,0,0,0,-87,47,None
0,18,3,-4,1,0,2,0,3,0,0,0,0,-87,47,None
0,-10,-2,6,4,1,-1,-3,-3,0,0,0,0,-87,47,None
0,0,5,5,-1,2,0,1,1,0,0,0,0,-87,47,None
0,7,5,11,-4,0,-1,-1,-1,0,0,0,0,-87,47,None
0,7,5,11,-4,0,-1,-1,-1,0,0,0,0,-87,47,None
0,7,5,11,-4,0,-1,-1,-1,0,0,0,0,-86,48,None
0,-5,2,-18,-1,-3,0,0,-1,0,0,0,0,-86,48,None
0,6,-1,5,6,0,-4,-2,2,0,0,0,0,-86,48,None
0,-9,-1,-17,-11,-1,-2,-3,-4,0,0,0,0,-86,48,None
0,6,2,-11,-12,2,0,1,1,0,0,0,0,-86,48,None
0,6,2,-11,-12,2,0,1,1,0,0,0,0,-86,48,None
0,6,2,-11,-12,2,0,1,1,0,0,0,0,-86,48,None
0,-29,1,14,13,1,-4,-5,-13,0,0,0,0,-86,48,None
0,-1,-8,-17,-9,-1,-1,-2,-1,0,0,0,0,-86,48,None
0,15,5,-2,-5,-1,2,-1,3,0,0,0,0,-86,48,None
0,-13,2,-2,1,-2,-4,-6,-8,0,0,0,0,-86,48,None
0,-13,2,-2,1,-2,-4,-6,-8,0,0,0,0,-86,48,None
0,-13,2,-2,1,-2,-4,-6,-8,0,0,0,1,-86,48,None
0,12,-2,-12,-7,0,2,1,5,0,0,0,1,-86,48,None
0,-4,5,7,-1,0,0,0,-1,0,0,0,1,-86,48,None
0,10,1,2,6,1,1,0,-2,0,0,0,1,-86,48,None
0,-6,-2,-8,-4,0,-3,-3,-1,0,0,0,1,-86,48,None
0,-6,-2,-8,-4,0,-3,-3,-1,0,0,0,1,-86,48,None
0,-6,-2,-8,-4,0,-3,-3,-1,0,0,0,1,-87,48,None
0,13,2,7,5,0,1,-2,0,0,0,0,1,-87,48,None
0,-17,3,-4,1,-1,1,-2,-3,0,0,0,1,-87,48,None
0,18,-7,-8,-6,-1,-6,-4,1,0,0,0,1,-87,48,None
0,-1,2,7,2,1,-2,-2,-2,0,0,0,1,-87,48,None
0,-1,2,7,2,1,-2,-2,-2,0,0,0,1,-87,48,None
0,-1,2,7,2,1,-2,-2,-2,0,0,0,1,-86,49,None
0,13,2,-1,0,2,1,-1,1,0,0,0,1,-86,49,None
0,-22,0,-1,1,3,-1,-1,-3,0,0,0,1,-86,49,None
0,3,6,19,1,-1,-2,-1,-2,0,0,0,1,-86,49,None
0,-7,-8,-9,3,-1,1,0,3,0,0,0,1,-86,49,None
0,-7,-8,-9,3,-1,1,0,3,0,0,0,1,-86,49,None
0,-7,-8,-9,3,-1,1,0,3,0,0,0,0,-87,49,None
0,-12,0,0,-10,-1,0,-1,-3,0,0,0,0,-87,49,None
0,17,1,-14,-3,0,-3,-1,3,0,0,0,0,-87,49,None
0,-18,-1,2,4,3,0,-2,-8,0,0,0,0,-87,49,None
0,1,-1,7,3,0,1,0,-2,0,0,0,0,-87,49,None
0,1,-1,7,3,0,1,0,-2,0,0,0,0,-87,49,None
0,1,-1,7,3,0,1,0,-2,0,0,0,0,-87,48,None
0,4,0,-4,6,0,-2,-1,3,0,0,0,0,-87,48,None
0,2,-1,-8,-7,-1,-3,-4,-3,0,0,0,0,-87,48,None
0,-8,-3,-15,0,-2,-2,0,1,0,0,0,0,-87,48,None
0,-1,2,19,7,0,-5,-4,-4,0,0,0,0,-87,48,None
0,-1,2,19,7,0,-5,-4,-4,0,0,0,0,-87,48,None
0,-1,2,19,7,0,-5,-4,-4,0,0,0,0,-87,49,None
0,-21,1,-4,-3,0,-1,-1,-2,0,0,0,0,-87,49,None
0,35,5,-6,-10,-2,-1,0,5,0,0,0,0,-87,49,None
0,-15,0,-11,-2,0,0,-2,-7,0,0,0,0,-87,49,None
0,-7,0,6,-5,0,-3,-4,-1,0,0,0,0,-87,49,None
0,-7,0,6,-5,0,-3,-4,-1,0,0,0,0,-87,49,None
0,-7,0,6,-5,0,-3,-4,-1,0,0,0,0,-87,49,None
0,-1,-1,9,4,2,1,1,0,0,0,0,0,-87,49,None
0,3,5,8,16,2,1,1,0,0,0,0,0,-87,49,None
0,4,-3,-1,-15,-3,-4,-4,3,0,0,0,0,-87,49,None
0,-10,-1,-16,5,1,-1,-2,-1,0,0,0,0,-87,49,None
0,-10,-1,-16,5,1,-1,-2,-1,0,0,0,0,-87,49,None
0,-10,-1,-16,5,1,-1,-2,-1,0,0,0,0,-87,48,None
0,16,7,-6,-7,-1,-1,-2,-3,0,0,0,0,-87,48,None
0,-21,-11,-4,1,1,-1,-1,3,0,0,0,0,-87,48,None
0,35,7,9,7,2,-2,-2,-2,0,0,0,0,-87,48,None
0,-13,4,-3,-2,-1,0,0,-2,0,0,0,0,-87,48,None
0,-13,4,-3,-2,-1,0,0,-2,0,0,0,0,-87,48,None
0,-13,4,-3,-2,-1,0,0,-2,0,0,0,0,-86,49,None
0,13,10,12,5,4,3,0,1,0,0,0,0,-86,49,None
0,-16,-4,2,-3,0,-3,-2,-2,0,0,0,0,-86,49,None
0,20,8,4,3,0,1,-1,3,0,0,0,0,-86,49,None
0,-3,4,-1,-2,2,1,-1,-4,0,0,0,0,-86,49,None
0,-3,4,-1,-2,2,1,-1,-4,0,0,0,0,-86,49,None
0,-3,4,-1,-2,2,1,-1,-4,0,0,0,0,-86,48,None
0,3,-7,-14,-9,-4,-7,-5,0,0,0,0,0,-86,48,None
0,-6,5,3,8,0,-3,-3,-6,0,0,0,0,-86,48,None
0,-17,-4,3,1,0,1,0,-1,0,0,0,0,-86,48,None
0,4,3,-12,-3,1,-1,-1,-2,0,0,0,0,-86,48,None
0,4,3,-12,-3,1,-1,-1,-2,0,0,0,0,-86,48,None
0,4,3,-12,-3,1,-1,-1,-2,0,0,0,0,-87,47,None
0,8,-1,-2,-1,0,-2,-4,2,0,0,0,0,-87,47,None
0,-7,-1,-13,-4,0,-1,0,-8,0,0,0,0,-87,47,None
0,-12,-4,-3,5,0,-3,-1,-2,0,0,0,0,-87,47,None
0,5,0,0,0,0,0,-2,1,0,0,0,0,-87,47,None
0,5,0,0,0,0,0,-2,1,0,0,0,0,-87,47,None
0,5,0,0,0,0,0,-2,1,0,0,0,0,-87,48,None
0,-6,0,-2,0,0,-2,-2,-2,0,0,0,0,-87,48,None
0,9,0,-4,-7,-1,1,-2,-2,0,0,0,0,-87,48,None
0,-5,-2,-5,1,1,-3,-2,2,0,0,0,0,-87,48,None
0,-10,-5,-4,-8,-4,-7,-3,-5,0,0,0,0,-87,48,None
0,-10,-5,-4,-8,-4,-7,-3,-5,0,0,0,0,-87,48,None
0,-10,-5,-4,-8,-4,-7,-3,-5,0,0,0,0,-87,47,None
0,8,4,0,3,2,0,0,-1,0,0,0,0,-87,47,None
0,-2,0,-7,-2,-1,1,1,2,0,0,0,0,-87,47,None
0,4,0,1,1,0,-2,-1,-1,0,0,0,0,-87,47,None
0,0,-1,-6,-3,3,1,0,1,0,0,0,0,-87,47,None
0,0,-1,-6,-3,3,1,0,1,0,0,0,0,-87,47,None
0,0,-1,-6,-3,3,1,0,1,0,0,0,0,-87,49,None
0,1,1,4,-1,0,2,1,-3,0,0,0,0,-87,49,None
0,4,0,-4,6,2,-1,-2,0,0,0,0,0,-87,49,None
0,-5,2,-7,-4,-1,-2,-1,-1,0,0,0,0,-87,49,None
0,-9,-9,11,6,2,3,2,2,0,0,0,0,-87,49,None
0,-9,-9,11,6,2,3,2,2,0,0,0,0,-87,49,None
0,-9,-9,11,6,2,3,2,2,0,0,0,0,-86,48,None
0,10,1,0,-13,-4,-6,-5,-2,0,0,0,0,-86,48,None
0,-8,-3,-3,1,1,-5,-4,-6,0,0,0,0,-86,48,None
0,-10,3,-10,-6,-1,1,0,-1,0,0,0,0,-86,48,None
0,10,11,2,6,1,1,-3,-1,0,0,0,0,-86,48,None
0,10,11,2,6,1,1,-3,-1,0,0,0,0,-86,48,None
0,10,11,2,6,1,1,-3,-1,0,0,0,0,-87,49,None
0,-15,-4,2,5,1,0,2,-3,0,0,0,0,-87,49,None
0,-1,-2,-18,-5,-1,3,0,-2,0,0,0,0,-87,49,None
0,3,5,5,-1,1,2,0,-3,0,0,0,0,-87,49,None
0,4,5,-5,-3,-3,-3,-2,-2,0,0,0,0,-87,49,None
0,4,5,-5,-3,-3,-3,-2,-2,0,0,0,0,-87,49,None
0,4,5,-5,-3,-3,-3,-2,-2,0,0,0,0,-86,48,None
0,-5,-2,3,3,4,-1,-2,0,0,0,0,0,-86,48,None
0,4,1,-2,5,-1,-1,-2,-2,0,0,0,0,-86,48,None
0,9,0,2,-1,1,-2,-1,5,0,0,0,0,-86,48,None
0,-10,1,-12,-7,0,-3,-5,-7,0,0,0,0,-86,48,None
0,-10,1,-12,-7,0,-3,-5,-7,0,0,0,0,-86,48,None
0,-10,1,-12,-7,0,-3,-5,-7,0,0,0,0,-87,49,None
0,-23,-9,-6,0,0,0,0,-1,0,0,0,0,-87,49,None
0,-13,4,13,3,1,-2,-1,-1,0,0,0,0,-87,49,None
0,13,1,0,0,0,-1,-1,4,0,0,0,0,-87,49,None
0,-6,-1,-1,-6,1,0,1,-3,0,0,0,0,-87,49,None
0,-6,-1,-1,-6,1,0,1,-3,0,0,0,0,-87,49,None
0,-6,-1,-1,-6,1,0,1,-3,0,0,0,0,-87,48,None
0,0,4,5,9,1,3,1,-2,0,0,0,0,-87,48,None
0,-4,3,-1,-8,-1,-4,-2,0,0,0,0,0,-87,48,None
0,-10,-4,-9,-3,-1,0,0,-5,0,0,0,0,-87,48,None
0,6,3,-7,1,2,1,1,2,0,0,0,0,-87,48,None
0,6,3,-7,1,2,1,1,2,0,0,0,0,-87,48,None
0,6,3,-7,1,2,1,1,2,0,0,0,0,-86,48,None
0,-7,-5,4,4,2,-3,-3,-4,0,0,0,0,-86,48,None
0,10,3,2,-10,-2,-4,-1,0,0,0,0,0,-86,48,None
0,-14,1,-14,3,0,-1,-2,-5,0,0,0,0,-86,48,None
0,3,-4,1,-4,-3,-1,-2,0,0,0,0,0,-86,48,None
0,3,-4,1,-4,-3,-1,-2,0,0,0,0,0,-86,48,None
0,3,-4,1,-4,-3,-1,-2,0,0,0,0,0,-86,49,None
0,0,0,-5,-6,-1,-2,-4,-2,0,0,0,0,-86,49,None
0,8,-3,-1,8,0,1,0,-1,0,0,0,0,-86,49,None
0,-9,-2,-3,-3,2,2,-1,-3,0,0,0,0,-86,49,None
0,-12,-4,-1,-1,0,-3,-3,-6,0,0,0,0,-86,49,None
0,-12,-4,-1,-1,0,-3,-3,-6,0,0,0,0,-86,49,None
0,-12,-4,-1,-1,0,-3,-3,-6,0,0,0,0,-86,48,None
0,5,7,-24,4,0,-1,-1,0,0,0,0,0,-86,48,None
0,-15,-8,2,-19,0,-1,-2,-7,0,0,0,0,-86,48,None
0,8,-1,-1,-1,-2,-6,-3,0,0,0,0,0,-86,48,None
0,-2,-1,-9,10,1,-4,-3,1,0,0,0,0,-86,48,None
0,-2,-1,-9,10,1,-4,-3,1,0,0,0,0,-86,48,None
0,-2,-1,-9,10,1,-4,-3,1,0,0,0,0,-87,48,None
0,6,-1,7,3,1,2,3,4,0,0,0,0,-87,48,None
0,-4,4,-3,2,0,-5,-4,-6,0,0,0,0,-87,48,None
0,-9,-7,-11,-4,0,-2,-2,-4,0,0,0,0,-87,48,None
0,-7,0,5,3,1,1,1,-2,0,0,0,0,-87,48,None
0,-7,0,5,3,1,1,1,-2,0,0,0,0,-87,48,None
0,-7,0,5,3,1,1,1,-2,0,0,0,0,-87,49,None
0,22,3,-3,-2,-3,-2,0,5,0,0,0,0,-87,49,None
0,3,1,-3,3,1,-2,-3,0,0,0,0,0,-87,49,None
0,-6,-3,1,-8,2,1,0,-2,0,0,0,0,-87,49,None
0,2,4,3,5,0,1,0,-1,0,0,0,0,-87,49,None
0,2,4,3,5,0,1,0,-1,0,0,0,0,-87,49,None
0,2,4,3,5,0,1,0,-1,0,0,0,0,-86,48,None
0,-5,-1,-9,-5,2,-3,-3,-7,0,0,0,0,-86,48,None
0,7,1,3,0,-1,-3,-3,0,0,0,0,0,-86,48,None
0,-8,1,8,1,0,0,1,-3,0,0,0,0,-86,48,None
0,0,0,8,-1,-2,-4,-3,-2,0,0,0,0,-86,48,None
0,0,0,8,-1,-2,-4,-3,-2,0,0,0,0,-86,48,None
0,0,0,8,-1,-2,-4,-3,-2,0,0,0,0,-86,48,None
0,-9,-4,-6,2,-3,-5,-4,0,0,0,0,0,-86,48,None
0,18,4,-18,-16,-1,1,2,3,0,0,0,0,-86,48,None
0,-4,11,19,8,-1,2,-2,-7,0,0,0,0,-86,48,None
0,-5,0,-7,-4,1,-1,1,3,0,0,0,0,-86,48,None
0,-5,0,-7,-4,1,-1,1,3,0,0,0,0,-86,48,None
0,-5,0,-7,-4,1,-1,1,3,0,0,0,0,-86,48,None
0,-4,-10,2,-1,1,2,-2,-7,0,0,0,0,-86,48,None
0,9,5,9,13,2,0,0,1,0,0,0,0,-86,48,None
0,-3,1,-7,-2,-2,-2,-2,0,0,0,0,0,-86,48,None
0,18,5,1,-5,0,-2,-3,0,0,0,0,0,-86,48,None
0,18,5,1,-5,0,-2,-3,0,0,0,0,0,-86,48,None
0,18,5,1,-5,0,-2,-3,0,0,0,0,0,-87,48,None
0,-20,-4,-11,0,0,0,-1,-1,0,0,0,0,-87,48,None
0,12,-1,-3,7,2,-2,-5,-6,0,0,0,0,-87,48,None
0,-7,-2,-5,-5,-2,-5,-3,0,0,0,0,0,-87,48,None
0,2,4,2,3,1,1,0,-3,0,0,0,0,-87,48,None
0,2,4,2,3,1,1,0,-3,0,0,0,0,-87,48,None
0,2,4,2,3,1,1,0,-3,0,0,0,0,-86,48,None
0,4,3,5,-5,-1,1,0,1,0,0,0,0,-86,48,None
0,-13,-4,-1,2,1,-1,-2,-4,0,0,0,0,-86,48,None
0,2,2,-2,-2,2,0,0,-1,0,0,0,0,-86,48,None
0,5,-3,-7,-1,0,1,-1,2,0,0,0,0,-86,48,None
0,5,-3,-7,-1,0,1,-1,2,0,0,0,0,-86,48,None
0,5,-3,-7,-1,0,1,-1,2,0,0,0,0,-86,48,None
0,-6,6,-1,-3,1,-4,-2,-2,0,0,0,0,-86,48,None
0,21,4,-3,-10,-3,-3,0,8,0,0,0,0,-86,48,None
0,-64,-12,6,7,1,-2,-5,-15,0,0,0,0,-86,48,None
0,7,-7,-28,-6,-2,-5,0,1,0,0,0,0,-86,48,None
0,7,-7,-28,-6,-2,-5,0,1,0,0,0,0,-86,48,None
0,7,-7,-28,-6,-2,-5,0,1,0,0,0,0,-87,49,None
0,1,1,0,-4,1,-4,-3,-1,0,0,0,0,-87,49,None
0,4,2,8,5,3,5,1,4,0,0,0,0,-87,49,None
0,4,2,4,4,1,0,-1,0,0,0,0,0,-87,49,None
0,-11,-1,-10,-7,1,-1,-2,-4,0,0,0,0,-87,49,None
0,-11,-1,-10,-7,1,-1,-2,-4,0,0,0,0,-87,49,None
0,-11,-1,-10,-7,1,-1,-2,-4,0,0,0,0,-86,49,None
0,3,-3,4,-1,-1,-1,-2,0,0,0,0,0,-86,49,None
0,-8,0,-8,-1,-1,0,0,-5,0,0,0,0,-86,49,None
0,7,-1,-2,1,0,-2,0,2,0,0,0,0,-86,49,None
0,-6,-3,-9,-14,-3,-2,-3,-3,0,0,0,0,-86,49,None
0,-6,-3,-9,-14,-3,-2,-3,-3,0,0,0,0,-86,49,None
0,-6,-3,-9,-14,-3,-2,-3,-3,0,0,0,0,-86,48,None
0,4,5,2,4,1,1,0,-1,0,0,0,0,-86,48,None
