0,-3,-3,-1,26,-1,-12,-8,-4,0,0,0,-59,-90,19,None
0,-2,-2,4,-9,-7,-10,-5,-2,0,0,0,-59,-90,19,None
0,-1,2,-4,-15,12,5,2,-3,0,0,0,-59,-90,19,None
0,-1,2,-4,-15,12,5,2,-3,0,0,0,-59,-90,19,None
0,-1,2,-4,-15,12,5,2,-3,0,0,0,-62,-83,21,None
0,-1,-3,3,7,-21,-4,-1,-1,0,0,0,-62,-83,21,None
0,-1,-4,-9,0,-4,-22,-13,-4,0,0,0,-62,-83,21,None
0,-3,2,-5,-8,7,6,2,-2,0,0,0,-62,-83,21,None
0,-3,-1,-9,-16,-14,4,4,1,0,0,0,-62,-83,21,None
0,-3,-1,-9,-16,-14,4,4,1,0,0,0,-62,-83,21,None
0,-3,-1,-9,-16,-14,4,4,1,0,0,0,-62,-80,22,None
0,-1,1,8,23,12,6,-1,0,0,0,0,-62,-80,22,None
0,1,5,-2,-34,-4,6,2,0,0,0,0,-62,-80,22,None
0,-2,3,13,15,3,-2,-1,-2,0,0,0,-62,-80,22,None
0,0,0,-19,10,-5,-4,0,2,0,0,0,-62,-80,22,None
0,0,0,-19,10,-5,-4,0,2,0,0,0,-62,-80,22,None
0,0,0,-19,10,-5,-4,0,2,0,0,0,-65,-70,23,None
0,-2,-1,7,-6,14,0,-2,-1,0,0,0,-65,-70,23,None
0,-2,-5,-11,6,-9,-3,-2,-2,0,0,0,-65,-70,23,None
0,-1,2,10,12,5,0,-2,0,0,0,0,-65,-70,23,None
0,-1,-3,-7,-13,2,-5,-6,-1,0,0,0,-65,-70,23,None
0,-1,-3,-7,-13,2,-5,-6,-1,0,0,0,-65,-70,23,None
0,-1,-3,-7,-13,2,-5,-6,-1,0,0,0,-67,-64,22,None
0,1,1,-6,2,3,4,2,-3,0,0,0,-67,-64,22,None
0,-1,6,16,7,4,5,3,1,0,0,0,-67,-64,22,None
0,-1,-6,-6,-38,-14,-12,-7,-3,0,0,0,-67,-64,22,None
0,-1,1,-2,7,11,6,0,-3,0,0,0,-67,-64,22,None
0,-1,1,-2,7,11,6,0,-3,0,0,0,-67,-64,22,None
0,-1,1,-2,7,11,6,0,-3,0,0,0,-68,-60,24,None
0,-2,5,23,3,-3,4,4,-2,0,0,0,-68,-60,24,None
0,0,1,-21,10,6,-1,0,2,0,0,0,-68,-60,24,None
0,-4,-7,-34,-23,-9,-5,-5,-4,0,0,0,-68,-60,24,None
0,-1,4,16,17,5,6,1,-1,0,0,0,-68,-60,24,None
0,-1,4,16,17,5,6,1,-1,0,0,0,-68,-60,24,None
0,-1,4,16,17,5,6,1,-1,0,0,0,-69,-57,26,None
0,-2,-3,-14,-7,-2,-2,-2,-1,0,0,0,-69,-57,26,None
0,1,0,4,2,3,-4,-2,0,0,0,0,-69,-57,26,None
0,-2,2,-4,-15,-5,0,0,-1,0,0,0,-69,-57,26,None
0,0,1,3,16,14,-3,-2,-3,0,0,0,-69,-57,26,None
0,0,1,3,16,14,-3,-2,-3,0,0,0,-69,-57,26,None
0,0,1,3,16,14,-3,-2,-3,0,0,0,-69,-52,25,None
0,-1,-6,-12,9,-14,-5,-4,-1,0,0,0,-69,-52,25,None
0,-1,2,5,-13,4,2,0,-2,0,0,0,-69,-52,25,None
0,-1,8,0,7,4,5,3,1,0,0,0,-69,-52,25,None
0,0,4,11,-3,2,-3,-4,-4,0,0,0,-69,-52,25,None
0,0,4,11,-3,2,-3,-4,-4,0,0,0,-69,-52,25,None
0,0,4,11,-3,2,-3,-4,-4,0,0,0,-68,-47,24,None
0,-1,-2,-2,10,8,-2,-1,0,0,0,0,-68,-47,24,None
0,1,4,4,0,-1,6,4,-2,0,0,0,-68,-47,24,None
0,1,1,12,-1,-1,-5,-4,0,0,0,0,-68,-47,24,None
0,0,-3,-15,0,-4,-7,-4,-1,0,0,0,-68,-47,24,None
0,0,-3,-15,0,-4,-7,-4,-1,0,0,0,-68,-47,24,None
0,0,-3,-15,0,-4,-7,-4,-1,0,0,0,-68,-42,22,None
0,1,6,-10,-6,4,0,-2,-3,0,0,0,-68,-42,22,None
0,-1,-2,-6,-27,-15,-6,-3,-2,0,0,0,-68,-42,22,None
0,0,2,13,16,10,5,1,1,0,0,0,-68,-42,22,None
0,-3,-5,-6,-27,-9,1,-1,-4,0,0,0,-68,-42,22,None
0,-3,-5,-6,-27,-9,1,-1,-4,0,0,0,-68,-42,22,None
0,-3,-5,-6,-27,-9,1,-1,-4,0,0,0,-69,-41,22,None
0,0,4,-13,-10,6,-4,-2,-4,0,0,0,-69,-41,22,None
0,-3,-2,1,7,1,-3,-3,0,0,0,0,-69,-41,22,None
0,-1,1,-3,25,8,5,0,-3,0,0,0,-69,-41,22,None
0,2,6,5,-17,5,8,5,2,0,0,0,-69,-41,22,None
0,2,6,5,-17,5,8,5,2,0,0,0,-69,-41,22,None
0,2,6,5,-17,5,8,5,2,0,0,0,-73,-38,22,None
0,-1,-3,9,11,-6,2,-1,0,0,0,0,-73,-38,22,None
0,-3,-4,-15,-25,4,-14,-8,-4,0,0,0,-73,-38,22,None
0,-2,2,18,10,-13,-4,-2,-3,0,0,0,-73,-38,22,None
0,-5,-2,-19,3,-3,-8,-7,-2,0,0,0,-73,-38,22,None
0,-5,-2,-19,3,-3,-8,-7,-2,0,0,0,-73,-38,22,None
0,-5,-2,-19,3,-3,-8,-7,-2,0,0,0,-74,-34,23,None
0,1,4,6,-1,4,2,1,1,0,0,0,-74,-34,23,None
0,-1,2,10,3,8,6,1,-3,0,0,0,-74,-34,23,None
0,2,4,5,14,0,3,2,0,0,0,0,-74,-34,23,None
0,-2,-2,-3,-11,-5,-8,-5,-3,0,0,0,-74,-34,23,None
0,-2,-2,-3,-11,-5,-8,-5,-3,0,0,0,-74,-34,23,None
0,-2,-2,-3,-11,-5,-8,-5,-3,0,0,0,-75,-31,22,None
0,-2,-3,-5,-13,-5,-3,-2,-2,0,0,0,-75,-31,22,None
0,-2,2,0,21,0,-1,-2,-2,0,0,0,-75,-31,22,None
0,-2,-6,-6,-8,6,-2,-2,-1,0,0,0,-75,-31,22,None
0,-1,-4,-6,-6,-7,0,0,1,0,0,0,-75,-31,22,None
0,-1,-4,-6,-6,-7,0,0,1,0,0,0,-75,-31,22,None
0,-1,-4,-6,-6,-7,0,0,1,0,0,0,-77,-28,23,None
0,-1,4,14,19,14,2,0,-4,0,0,0,-77,-28,23,None
0,-2,-3,-21,-9,-6,0,-1,0,0,0,0,-77,-28,23,None
0,-3,-11,-24,-32,-6,-3,-2,-1,0,0,0,-77,-28,23,None
0,0,7,31,32,1,0,1,-3,0,0,0,-77,-28,23,None
0,0,7,31,32,1,0,1,-3,0,0,0,-77,-28,23,None
0,0,7,31,32,1,0,1,-3,0,0,0,-79,-24,25,None
0,-1,-2,-28,-18,-4,1,-3,-2,0,0,0,-79,-24,25,None
0,-2,-4,4,7,5,-3,-2,-2,0,0,0,-79,-24,25,None
0,3,14,2,-2,-4,0,-1,-3,0,0,0,-79,-24,25,None
0,-4,-2,6,13,-3,3,0,-3,0,0,0,-79,-24,25,None
0,-4,-2,6,13,-3,3,0,-3,0,0,0,-79,-24,25,None
0,-4,-2,6,13,-3,3,0,-3,0,0,0,-80,-22,24,None
0,-3,-1,-7,-30,-7,-10,-6,-1,0,0,0,-80,-22,24,None
0,-1,5,7,37,6,0,0,-2,0,0,0,-80,-22,24,None
0,-1,-2,-11,5,1,6,5,0,0,0,0,-80,-22,24,None
0,1,-5,7,-4,11,0,-2,0,0,0,0,-80,-22,24,None
0,1,-5,7,-4,11,0,-2,0,0,0,0,-80,-22,24,None
0,1,-5,7,-4,11,0,-2,0,0,0,0,-82,-19,25,None
0,-2,-3,-12,6,-1,-4,-2,-3,0,0,0,-82,-19,25,None
0,1,-11,27,-11,-2,3,3,0,0,0,0,-82,-19,25,None
0,0,-2,-21,14,-3,-4,-3,-1,0,0,0,-82,-19,25,None
0,-4,-4,2,14,2,-6,-4,-1,0,0,0,-82,-19,25,None
0,-4,-4,2,14,2,-6,-4,-1,0,0,0,-82,-19,25,None
0,-4,-4,2,14,2,-6,-4,-1,0,0,0,-84,-15,25,None
0,0,-2,-6,-10,0,8,3,2,0,0,0,-84,-15,25,None
0,-2,0,3,7,3,2,1,0,0,0,0,-84,-15,25,None
0,1,9,10,7,3,-5,-4,1,0,0,0,-84,-15,25,None
0,-1,2,10,-6,-4,0,1,0,0,0,0,-84,-15,25,None
0,-1,2,10,-6,-4,0,1,0,0,0,0,-84,-15,25,None
0,-1,2,10,-6,-4,0,1,0,0,0,0,-84,-13,28,None
0,-1,10,0,-5,-4,-1,-3,-3,0,0,0,-84,-13,28,None
0,-1,-21,12,-6,1,-7,-3,4,0,0,0,-84,-13,28,None
0,1,6,15,7,6,0,0,-2,0,0,0,-84,-13,28,None
0,-3,-20,-22,-12,-7,0,-1,-2,0,0,0,-84,-13,28,None
0,-3,-20,-22,-12,-7,0,-1,-2,0,0,0,-84,-13,28,None
0,-3,-20,-22,-12,-7,0,-1,-2,0,0,0,-85,-13,30,None
0,0,6,24,13,2,0,-1,0,0,0,0,-85,-13,30,None
0,-1,13,-6,2,-4,-5,-5,-5,0,0,0,-85,-13,30,None
0,-5,-13,-18,-19,-1,1,-2,-4,0,0,0,-85,-13,30,None
0,1,12,14,10,3,2,2,0,0,0,0,-85,-13,30,None
0,1,12,14,10,3,2,2,0,0,0,0,-85,-13,30,None
0,1,12,14,10,3,2,2,0,0,0,0,-86,-9,31,None
0,0,-3,-17,-4,-1,-5,-3,-2,0,0,0,-86,-9,31,None
0,2,8,-11,-3,-3,-2,-4,-3,0,0,0,-86,-9,31,None
0,0,12,-4,9,1,-1,-1,-2,0,0,0,-86,-9,31,None
0,-5,-15,-28,-18,-9,-9,-7,-3,0,0,0,-86,-9,31,None
0,-5,-15,-28,-18,-9,-9,-7,-3,0,0,0,-86,-9,31,None
0,-5,-15,-28,-18,-9,-9,-7,-3,0,0,0,-86,-5,32,None
0,3,3,-5,-20,-2,-1,-2,0,0,0,0,-86,-5,32,None
0,-9,1,-18,3,-2,-5,-5,-6,0,0,0,-86,-5,32,None
0,-1,1,23,7,-7,0,0,0,0,0,0,-86,-5,32,None
0,0,1,-17,-3,7,4,0,1,0,0,0,-86,-5,32,None
0,0,1,-17,-3,7,4,0,1,0,0,0,-86,-5,32,None
0,0,1,-17,-3,7,4,0,1,0,0,0,-84,-4,34,None
0,0,-1,7,-20,-1,2,3,1,0,0,0,-84,-4,34,None
0,0,-1,2,21,4,2,-1,-4,0,0,0,-84,-4,34,None
0,-1,8,-6,-5,3,-11,-3,-2,0,0,0,-84,-4,34,None
0,-1,-9,-24,-20,-3,-1,-1,-2,0,0,0,-84,-4,34,None
0,-1,-9,-24,-20,-3,-1,-1,-2,0,0,0,-84,-4,34,None
0,-1,-9,-24,-20,-3,-1,-1,-2,0,0,0,-80,0,35,None
0,-2,19,8,28,-2,-4,-3,-4,0,0,0,-80,0,35,None
0,-1,-3,-37,-35,-6,1,-1,0,0,0,0,-80,0,35,None
0,-2,0,-1,-23,1,-8,-6,-2,0,0,0,-80,0,35,None
0,3,13,0,21,6,6,2,-1,0,0,0,-80,0,35,None
0,3,13,0,21,6,6,2,-1,0,0,0,-80,0,35,None
0,3,13,0,21,6,6,2,-1,0,0,0,-81,0,37,None
0,-2,-2,4,9,6,2,0,0,0,0,0,-81,0,37,None
0,-2,9,-13,-19,-1,-3,-4,-3,0,0,0,-81,0,37,None
0,0,-7,3,18,-1,3,1,-1,0,0,0,-81,0,37,None
0,-3,3,-6,0,-7,-5,-3,-4,0,0,0,-81,0,37,None
0,-3,3,-6,0,-7,-5,-3,-4,0,0,0,-81,0,37,None
0,-3,3,-6,0,-7,-5,-3,-4,0,0,0,-86,-2,36,None
0,1,5,8,-4,2,0,-4,-2,0,0,0,-86,-2,36,None
0,-4,-13,-8,17,2,-2,1,0,0,0,0,-86,-2,36,None
0,-2,-11,-17,-26,4,6,2,-1,0,0,0,-86,-2,36,None
0,-1,8,3,-13,-4,-10,-8,-2,0,0,0,-86,-2,36,None
0,-1,8,3,-13,-4,-10,-8,-2,0,0,0,-86,-2,36,None
0,-1,8,3,-13,-4,-10,-8,-2,0,0,0,-88,-8,37,None
0,-3,-1,-10,18,0,-5,-3,-2,0,0,0,-88,-8,37,None
0,3,-7,33,-1,0,6,4,2,0,0,0,-88,-8,37,None
0,-1,0,2,-1,-2,-6,-5,-2,0,0,0,-88,-8,37,None
0,-1,6,-1,1,7,2,-1,-3,0,0,0,-88,-8,37,None
0,-1,6,-1,1,7,2,-1,-3,0,0,0,-88,-8,37,None
0,-1,6,-1,1,7,2,-1,-3,0,0,0,-88,-6,36,None
0,-1,-16,7,0,1,6,6,2,0,0,0,-88,-6,36,None
0,0,11,11,-4,2,1,-2,-3,0,0,0,-88,-6,36,None
0,-3,-22,11,2,0,-3,-3,-1,0,0,0,-88,-6,36,None
0,2,3,8,-7,-7,-1,0,1,0,0,0,-88,-6,36,None
0,2,3,8,-7,-7,-1,0,1,0,0,0,-88,-6,36,None
0,2,3,8,-7,-7,-1,0,1,0,0,0,-86,-6,35,None
0,1,5,5,5,6,3,1,0,0,0,0,-86,-6,35,None
0,1,13,6,8,1,-4,-3,-1,0,0,0,-86,-6,35,None
0,-4,-8,-24,-6,2,-7,-5,-2,0,0,0,-86,-6,35,None
0,-3,5,-5,11,2,1,-1,-3,0,0,0,-86,-6,35,None
0,-3,5,-5,11,2,1,-1,-3,0,0,0,-86,-6,35,None
0,-3,5,-5,11,2,1,-1,-3,0,0,0,-86,-10,33,None
0,-3,-11,-16,-32,-6,-4,-4,-3,0,0,0,-86,-10,33,None
0,2,8,11,28,6,-3,-3,0,0,0,0,-86,-10,33,None
0,-1,24,-25,-19,1,7,3,-2,0,0,0,-86,-10,33,None
0,-4,-13,3,-2,2,-3,-2,-3,0,0,0,-86,-10,33,None
0,-4,-13,3,-2,2,-3,-2,-3,0,0,0,-86,-10,33,None
0,-4,-13,3,-2,2,-3,-2,-3,0,0,0,-86,-12,31,None
0,-2,-10,-6,-10,-1,-5,-1,-2,0,0,0,-86,-12,31,None
0,-3,3,0,4,-4,1,0,-1,0,0,0,-86,-12,31,None
0,-1,3,9,12,2,0,-1,-1,0,0,0,-86,-12,31,None
0,2,1,6,2,2,1,0,1,0,0,0,-86,-12,31,None
0,2,1,6,2,2,1,0,1,0,0,0,-86,-12,31,None
0,2,1,6,2,2,1,0,1,0,0,0,-86,-12,31,None
0,-1,11,-9,-6,-4,-6,-5,-1,0,0,0,-86,-12,31,None
0,-4,-10,-10,-7,-4,-3,-2,-4,0,0,0,-86,-12,31,None
0,0,-3,-5,4,0,-1,0,-1,0,0,0,-86,-12,31,None
0,1,6,-7,-7,-4,-2,-2,0,0,0,0,-86,-12,31,None
0,1,6,-7,-7,-4,-2,-2,0,0,0,0,-86,-12,31,None
0,1,6,-7,-7,-4,-2,-2,0,0,0,0,-85,-12,30,None
0,-2,2,-1,1,0,1,-2,-4,0,0,0,-85,-12,30,None
0,-3,2,-19,-9,0,2,2,-2,0,0,0,-85,-12,30,None
0,-1,1,1,5,-1,-2,-2,-1,0,0,0,-85,-12,30,None
0,-3,1,-1,-5,1,0,-1,-1,0,0,0,-85,-12,30,None
0,-3,1,-1,-5,1,0,-1,-1,0,0,0,-85,-12,30,None
0,-3,1,-1,-5,1,0,-1,-1,0,0,0,-85,-14,30,None
0,-1,4,10,-5,3,2,2,-2,0,0,0,-85,-14,30,None
0,-2,-4,-12,18,2,-3,-3,-1,0,0,0,-85,-14,30,None
0,0,5,14,-11,-5,-5,-1,1,0,0,0,-85,-14,30,None
0,-1,-3,-9,-10,-1,-1,0,-3,0,0,0,-85,-14,30,None
0,-1,-3,-9,-10,-1,-1,0,-3,0,0,0,-85,-14,30,None
0,-1,-3,-9,-10,-1,-1,0,-3,0,0,0,-83,-16,29,None
0,-2,-2,1,8,-4,-6,-4,-1,0,0,0,-83,-16,29,None
0,0,6,1,-7,2,1,0,0,0,0,0,-83,-16,29,None
0,-2,-1,0,-3,-3,0,0,-3,0,0,0,-83,-16,29,None
0,1,7,2,8,3,6,4,-1,0,0,0,-83,-16,29,None
0,1,7,2,8,3,6,4,-1,0,0,0,-83,-16,29,None
0,1,7,2,8,3,6,4,-1,0,0,0,-84,-18,30,None
0,-2,-6,-1,8,1,-6,-4,1,0,0,0,-84,-18,30,None
0,2,3,-5,-28,-2,-1,-2,-1,0,0,0,-84,-18,30,None
0,-3,-1,12,28,1,0,-2,-3,0,0,0,-84,-18,30,None
0,-1,-2,-31,-14,-1,-4,-3,0,0,0,0,-84,-18,30,None
0,-1,-2,-31,-14,-1,-4,-3,0,0,0,0,-84,-18,30,None
0,-1,-2,-31,-14,-1,-4,-3,0,0,0,0,-84,-22,29,None
0,-4,-5,-9,7,0,-2,-1,-1,0,0,0,-84,-22,29,None
0,0,2,3,-10,4,3,2,-1,0,0,0,-84,-22,29,None
0,-1,3,22,14,2,-6,-3,-1,0,0,0,-84,-22,29,None
0,-4,-2,-14,-9,-3,1,-5,-2,0,0,0,-84,-22,29,None
0,-4,-2,-14,-9,-3,1,-5,-2,0,0,0,-84,-22,29,None
0,-4,-2,-14,-9,-3,1,-5,-2,0,0,0,-82,-26,26,None
0,-2,0,-1,1,-6,-2,-1,-4,0,0,0,-82,-26,26,None
0,1,4,8,1,8,5,4,-1,0,0,0,-82,-26,26,None
0,-1,0,-15,-14,-3,0,-3,-1,0,0,0,-82,-26,26,None
0,1,3,18,14,5,1,0,-2,0,0,0,-82,-26,26,None
0,1,3,18,14,5,1,0,-2,0,0,0,-82,-26,26,None
0,1,3,18,14,5,1,0,-2,0,0,0,-75,-30,22,None
0,1,2,-17,-9,8,10,5,0,0,0,0,-75,-30,22,None
0,0,-2,6,-5,-6,-4,-4,-2,0,0,0,-75,-30,22,None
0,-4,-6,-8,17,0,-6,-4,-2,0,0,0,-75,-30,22,None
0,0,1,-2,-25,1,3,-2,0,0,0,0,-75,-30,22,None
0,0,1,-2,-25,1,3,-2,0,0,0,0,-75,-30,22,None
0,0,1,-2,-25,1,3,-2,0,0,0,0,-69,-34,19,None
0,-1,-2,6,10,0,-9,-5,1,0,0,0,-69,-34,19,None
0,-6,-4,-13,0,-5,-14,-7,-3,0,0,0,-69,-34,19,None
0,0,3,-3,-6,1,6,3,-1,0,0,0,-69,-34,19,None
0,-3,0,1,4,1,2,2,-2,0,0,0,-69,-34,19,None
0,-3,0,1,4,1,2,2,-2,0,0,0,-69,-34,19,None
0,-3,0,1,4,1,2,2,-2,0,0,0,-69,-38,20,None
0,1,1,2,-7,1,-3,-6,-1,0,0,0,-69,-38,20,None
0,0,-1,-2,9,1,1,-1,0,0,0,0,-69,-38,20,None
0,-1,1,-3,-13,1,1,-1,0,0,0,0,-69,-38,20,None
0,-4,-2,2,-5,-1,-5,-4,0,0,0,0,-69,-38,20,None
0,-4,-2,2,-5,-1,-5,-4,0,0,0,0,-69,-38,20,None
0,-4,-2,2,-5,-1,-5,-4,0,0,0,0,-76,-45,23,None
0,4,-1,-15,-8,0,-1,-2,-3,0,0,0,-76,-45,23,None
0,0,-1,-2,19,0,0,-2,1,0,0,0,-76,-45,23,None
0,-2,-5,-11,-11,-1,-6,-6,-2,0,0,0,-76,-45,23,None
0,-1,-2,5,5,-4,-3,0,0,0,0,0,-76,-45,23,None
0,-1,-2,5,5,-4,-3,0,0,0,0,0,-76,-45,23,None
0,-1,-2,5,5,-4,-3,0,0,0,0,0,-77,-50,21,None
0,-1,1,0,-1,-1,0,-2,-2,0,0,0,-77,-50,21,None
0,-1,3,-3,-10,-5,1,0,-1,0,0,0,-77,-50,21,None
0,0,1,-4,6,5,0,-3,-2,0,0,0,-77,-50,21,None
0,0,1,6,14,4,0,2,-1,0,0,0,-77,-50,21,None
0,0,1,6,14,4,0,2,-1,0,0,0,-77,-50,21,None
0,0,1,6,14,4,0,2,-1,0,0,0,-71,-55,22,None
0,-7,1,-17,-13,-2,-2,0,-3,0,0,0,-71,-55,22,None
0,-1,-14,-1,-2,4,2,1,2,0,0,0,-71,-55,22,None
0,-1,-9,-15,-12,-4,-5,-2,-4,0,0,0,-71,-55,22,None
0,-1,3,6,13,1,-2,-2,-3,0,0,0,-71,-55,22,None
0,-1,3,6,13,1,-2,-2,-3,0,0,0,-71,-55,22,None
0,-1,3,6,13,1,-2,-2,-3,0,0,0,-68,-62,25,None
0,-2,0,2,7,-3,-5,-4,-4,0,0,0,-68,-62,25,None
0,-4,3,-7,-10,-1,-7,-4,-1,0,0,0,-68,-62,25,None
0,-2,3,7,5,1,3,3,-2,0,0,0,-68,-62,25,None
0,2,6,9,5,6,3,2,-1,0,0,0,-68,-62,25,None
0,2,6,9,5,6,3,2,-1,0,0,0,-68,-62,25,None
0,2,6,9,5,6,3,2,-1,0,0,0,-70,-68,25,None
0,-3,0,5,5,10,7,3,0,0,0,0,-70,-68,25,None
0,-2,-1,-5,-6,-7,-5,-6,-5,0,0,0,-70,-68,25,None
0,0,3,1,-2,1,3,-1,0,0,0,0,-70,-68,25,None
0,-2,4,0,12,-4,-7,0,-2,0,0,0,-70,-68,25,None
0,-2,4,0,12,-4,-7,0,-2,0,0,0,-70,-68,25,None
0,-2,4,0,12,-4,-7,0,-2,0,0,0,-71,-70,24,None
0,-1,-4,-21,-25,-5,-4,-3,-1,0,0,0,-71,-70,24,None
0,0,3,6,1,5,3,1,-4,0,0,0,-71,-70,24,None
0,0,-3,-6,-10,-6,-9,-6,-2,0,0,0,-71,-70,24,None
0,0,0,-4,4,2,-3,-3,-3,0,0,0,-71,-70,24,None
0,0,0,-4,4,2,-3,-3,-3,0,0,0,-71,-70,24,None
0,0,0,-4,4,2,-3,-3,-3,0,0,0,-67,-73,24,None
0,0,5,12,16,1,0,0,-1,0,0,0,-67,-73,24,None
0,1,4,-6,-12,1,-1,-1,0,0,0,0,-67,-73,24,None
0,-5,-6,-21,0,-1,-2,-5,-1,0,0,0,-67,-73,24,None
0,1,8,4,-10,3,5,5,1,0,0,0,-67,-73,24,None
0,1,8,4,-10,3,5,5,1,0,0,0,-67,-73,24,None
0,1,8,4,-10,3,5,5,1,0,0,0,-63,-80,24,None
0,-3,-7,2,8,0,0,-3,-1,0,0,0,-63,-80,24,None
0,1,3,22,1,-3,-3,-2,0,0,0,0,-63,-80,24,None
0,-2,2,-20,1,3,1,0,-3,0,0,0,-63,-80,24,None
0,-3,-6,-13,-1,-6,-7,-6,-3,0,0,0,-63,-80,24,None
0,-3,-6,-13,-1,-6,-7,-6,-3,0,0,0,-63,-80,24,None
0,-3,-6,-13,-1,-6,-7,-6,-3,0,0,0,-61,-85,27,None
0,0,-7,4,1,-2,-6,0,4,0,0,0,-61,-85,27,None
0,-2,1,-9,4,9,4,3,-2,0,0,0,-61,-85,27,None
0,-4,-2,-3,-14,-7,-4,-8,-7,0,0,0,-61,-85,27,None
0,0,0,1,3,3,0,2,0,0,0,0,-61,-85,27,None
0,0,0,1,3,3,0,2,0,0,0,0,-61,-85,27,None
0,0,0,1,3,3,0,2,0,0,0,0,-59,-89,27,None
0,-3,1,-6,3,-2,-6,-3,-6,0,0,0,-59,-89,27,None
0,2,3,-1,2,2,-3,2,0,0,0,0,-59,-89,27,None
0,2,-1,11,1,-3,16,11,7,0,0,0,-59,-89,27,None
0,-3,-7,6,8,12,1,1,-1,0,0,0,-59,-89,27,None
0,-3,-7,6,8,12,1,1,-1,0,0,0,-59,-89,27,None
0,-3,-7,6,8,12,1,1,-1,0,0,0,-56,-89,28,None
0,-1,1,-10,-13,-4,-4,-5,-3,0,0,0,-56,-89,28,None
0,-3,2,-2,-4,-6,-7,-10,-5,0,0,0,-56,-89,28,None
0,2,6,4,-6,7,-7,3,4,0,0,0,-56,-89,28,None
0,-4,-7,-14,-11,-8,-4,-5,-3,0,0,0,-56,-89,28,None
0,-4,-7,-14,-11,-8,-4,-5,-3,0,0,0,-56,-89,28,None
0,-4,-7,-14,-11,-8,-4,-5,-3,0,0,0,-49,-93,24,None
0,-2,1,-19,-24,4,5,1,-1,0,0,0,-49,-93,24,None
0,-3,-2,-1,-1,-1,-4,-3,-2,0,0,0,-49,-93,24,None
0,-3,-12,-2,20,0,-7,-7,-3,0,0,0,-49,-93,24,None
0,-1,3,10,-6,-3,0,-2,-1,0,0,0,-49,-93,24,None
0,-1,3,10,-6,-3,0,-2,-1,0,0,0,-49,-93,24,None
0,-1,3,10,-6,-3,0,-2,-1,0,0,0,-42,-97,25,None
0,-2,3,0,12,5,8,2,1,0,0,0,-42,-97,25,None
0,-3,0,1,2,6,9,7,-1,0,0,0,-42,-97,25,None
0,-1,4,-6,-4,-2,-2,-2,-6,0,0,0,-42,-97,25,None
0,-1,7,21,11,1,-7,-4,-4,0,0,0,-42,-97,25,None
0,-1,7,21,11,1,-7,-4,-4,0,0,0,-42,-97,25,None
0,-1,7,21,11,1,-7,-4,-4,0,0,0,-39,-101,27,None
0,-3,-6,-22,-21,-8,-10,-11,-7,0,0,0,-39,-101,27,None
0,-2,-7,-28,1,2,3,2,0,0,0,0,-39,-101,27,None
0,2,9,3,3,3,4,3,2,0,0,0,-39,-101,27,None
0,-2,-6,11,-7,7,7,-3,-1,0,0,0,-39,-101,27,None
0,-2,-6,11,-7,7,7,-3,-1,0,0,0,-39,-101,27,None
0,-2,-6,11,-7,7,7,-3,-1,0,0,0,-37,-102,26,None
0,-2,-5,-11,17,-2,-9,-2,-5,0,0,0,-37,-102,26,None
0,-1,3,2,-8,0,0,-3,-8,0,0,0,-37,-102,26,None
0,-2,3,9,6,-2,-9,-2,-2,0,0,0,-37,-102,26,None
0,4,14,-20,-5,1,5,3,3,0,0,0,-37,-102,26,None
0,4,14,-20,-5,1,5,3,3,0,0,0,-37,-102,26,None
0,4,14,-20,-5,1,5,3,3,0,0,0,-32,-101,27,None
0,-1,5,30,14,8,13,5,-2,0,0,0,-32,-101,27,None
0,-1,-3,-4,8,0,-4,-1,-1,0,0,0,-32,-101,27,None
0,-1,-2,-3,3,-7,-12,-8,-2,0,0,0,-32,-101,27,None
0,0,0,-18,-14,-6,-4,0,5,0,0,0,-32,-101,27,None
0,0,0,-18,-14,-6,-4,0,5,0,0,0,-32,-101,27,None
0,0,0,-18,-14,-6,-4,0,5,0,0,0,-27,-97,30,None
0,3,8,12,7,7,-3,3,-2,0,0,0,-27,-97,30,None
0,0,1,16,9,6,-6,-4,0,0,0,0,-27,-97,30,None
0,1,2,-9,-7,-11,3,1,-1,0,0,0,-27,-97,30,None
0,-1,-4,-14,-1,21,22,14,0,0,0,0,-27,-97,30,None
0,-1,-4,-14,-1,21,22,14,0,0,0,0,-27,-97,30,None
0,-1,-4,-14,-1,21,22,14,0,0,0,0,-23,-97,31,None
0,-4,-8,-1,1,-1,3,-2,3,0,0,0,-23,-97,31,None
0,0,2,5,-7,-2,-2,-1,1,0,0,0,-23,-97,31,None
0,-4,-5,-39,-4,4,-6,-7,-5,0,0,0,-23,-97,31,None
0,2,3,19,-1,-14,-10,-7,-2,0,0,0,-23,-97,31,None
0,2,3,19,-1,-14,-10,-7,-2,0,0,0,-23,-97,31,None
0,2,3,19,-1,-14,-10,-7,-2,0,0,0,-21,-96,31,None
0,1,2,5,16,7,-3,-4,1,0,0,0,-21,-96,31,None
0,-2,-6,2,-16,-8,-6,-4,2,0,0,0,-21,-96,31,None
0,0,5,13,-2,5,6,3,-2,0,0,0,-21,-96,31,None
0,-6,-11,-22,-10,-6,-7,6,0,0,0,0,-21,-96,31,None
0,-6,-11,-22,-10,-6,-7,6,0,0,0,0,-21,-96,31,None
0,-6,-11,-22,-10,-6,-7,6,0,0,0,0,-16,-99,32,None
0,-1,3,9,12,3,-5,-10,-2,0,0,0,-16,-99,32,None
0,-1,10,-7,6,-7,-5,-3,-1,0,0,0,-16,-99,32,None
0,0,1,22,-18,-1,-3,0,2,0,0,0,-16,-99,32,None
0,0,3,4,15,11,10,9,2,0,0,0,-16,-99,32,None
0,0,3,4,15,11,10,9,2,0,0,0,-16,-99,32,None
0,0,3,4,15,11,10,9,2,0,0,0,-12,-99,35,None
0,7,15,37,9,12,21,11,6,0,0,0,-12,-99,35,None
0,-5,-10,-7,-20,-4,-8,-14,-13,0,0,0,-12,-99,35,None
0,0,3,-15,-1,-2,-6,-10,-1,0,0,0,-12,-99,35,None
0,1,-15,-6,-28,-9,-13,-2,0,0,0,0,-12,-99,35,None
0,1,-15,-6,-28,-9,-13,-2,0,0,0,0,-12,-99,35,None
0,1,-15,-6,-28,-9,-13,-2,0,0,0,0,-9,-96,35,None
0,-1,4,7,9,-8,-1,0,-1,0,0,0,-9,-96,35,None
0,1,1,-8,-2,-6,-5,-2,2,0,0,0,-9,-96,35,None
0,-1,3,2,6,14,12,4,1,0,0,0,-9,-96,35,None
0,-2,3,2,4,-2,-1,-4,-7,0,0,0,-9,-96,35,None
0,-2,3,2,4,-2,-1,-4,-7,0,0,0,-9,-96,35,None
0,-2,3,2,4,-2,-1,-4,-7,0,0,0,-9,-96,38,None
0,-3,-5,-13,-13,-8,-3,0,2,0,0,0,-9,-96,38,None
0,-4,-3,-11,-6,4,-2,0,-4,0,0,0,-9,-96,38,None
0,-4,2,31,2,-4,-5,-4,-4,0,0,0,-9,-96,38,None
0,-1,5,10,0,1,-6,-7,-4,0,0,0,-9,-96,38,None
0,-1,5,10,0,1,-6,-7,-4,0,0,0,-9,-96,38,None
0,-1,5,10,0,1,-6,-7,-4,0,0,0,-7,-91,39,None
0,-5,-10,-34,-9,-5,-11,-5,-2,0,0,0,-7,-91,39,None
0,7,17,3,13,8,6,8,6,0,0,0,-7,-91,39,None
0,-6,6,40,20,1,4,2,-6,0,0,0,-7,-91,39,None
0,-5,-8,-27,-15,-8,-7,-14,-3,0,0,0,-7,-91,39,None
0,-5,-8,-27,-15,-8,-7,-14,-3,0,0,0,-7,-91,39,None
0,-5,-8,-27,-15,-8,-7,-14,-3,0,0,0,-3,-90,39,None
0,-1,0,2,-6,-1,-4,-4,-3,0,0,0,-3,-90,39,None
0,-2,5,1,-2,-1,4,5,-6,0,0,0,-3,-90,39,None
0,1,0,-27,-5,3,5,0,1,0,0,0,-3,-90,39,None
0,3,-1,13,18,4,-1,7,2,0,0,0,-3,-90,39,None
0,3,-1,13,18,4,-1,7,2,0,0,0,-3,-90,39,None
0,3,-1,13,18,4,-1,7,2,0,0,0,-2,-94,40,None
0,-6,-4,-24,-5,-2,-6,-3,-3,0,0,0,-2,-94,40,None
0,-2,-4,-17,-6,1,4,0,0,0,0,0,-2,-94,40,None
0,3,-2,0,5,1,-4,0,3,0,0,0,-2,-94,40,None
0,-7,8,-4,-1,-2,-4,-8,-1,0,0,0,-2,-94,40,None
0,-7,8,-4,-1,-2,-4,-8,-1,0,0,0,-2,-94,40,None
0,-7,8,-4,-1,-2,-4,-8,-1,0,0,0,-1,-98,41,None
0,6,-3,7,-12,-4,-3,-2,-5,0,0,0,-1,-98,41,None
0,-22,-9,16,5,2,1,-2,-4,0,0,0,-1,-98,41,None
0,4,-4,-24,-4,0,-3,-1,-1,0,0,0,-1,-98,41,None
0,-4,6,0,9,0,0,-4,-2,0,0,0,-1,-98,41,None
0,-4,6,0,9,0,0,-4,-2,0,0,0,-1,-98,41,None
0,-4,6,0,9,0,0,-4,-2,0,0,0,-2,-108,40,None
0,9,2,-2,1,1,1,0,-4,0,0,0,-2,-108,40,None
0,2,-2,9,3,1,2,-4,1,0,0,0,-2,-108,40,None
0,7,2,3,-9,-2,-6,0,1,0,0,0,-2,-108,40,None
0,-35,-6,-14,-3,0,-2,-8,-14,0,0,0,-2,-108,40,None
0,-35,-6,-14,-3,0,-2,-8,-14,0,0,0,-2,-108,40,None
0,-35,-6,-14,-3,0,-2,-8,-14,0,0,0,-2,-107,44,None
0,10,8,-6,-4,-2,-3,-1,2,0,0,0,-2,-107,44,None
0,-11,-1,-4,10,2,2,-1,-2,0,0,0,-2,-107,44,None
0,5,1,-19,-7,2,3,1,0,0,0,0,-2,-107,44,None
0,6,2,4,6,0,-5,-4,2,0,0,0,-2,-107,44,None
0,6,2,4,6,0,-5,-4,2,0,0,0,-2,-107,44,None
0,6,2,4,6,0,-5,-4,2,0,0,0,-4,-99,47,None
0,-8,1,-3,-9,0,-3,-3,-3,0,0,0,-4,-99,47,None
0,21,10,-2,-10,0,4,0,1,0,0,0,-4,-99,47,None
0,-11,-6,2,5,-1,0,-1,-2,0,0,0,-4,-99,47,None
0,6,-2,-4,-5,1,-2,3,2,0,0,0,-4,-99,47,None
0,6,-2,-4,-5,1,-2,3,2,0,0,0,-4,-99,47,None
0,6,-2,-4,-5,1,-2,3,2,0,0,0,-4,-85,47,None
0,-16,-3,-2,-2,-2,-2,-8,-8,0,0,0,-4,-85,47,None
0,10,6,1,3,0,1,0,1,0,0,0,-4,-85,47,None
0,-2,-3,-6,-6,1,-1,-1,0,0,0,0,-4,-85,47,None
0,0,2,-1,2,2,-4,-5,-2,0,0,0,-4,-85,47,None
0,0,2,-1,2,2,-4,-5,-2,0,0,0,-4,-85,47,None
0,0,2,-1,2,2,-4,-5,-2,0,0,0,-3,-82,48,None
0,-5,9,-7,0,2,2,4,3,0,0,0,-3,-82,48,None
0,4,-7,-3,-16,-3,-6,-2,1,0,0,0,-3,-82,48,None
0,-3,9,20,4,1,-1,-1,-2,0,0,0,-3,-82,48,None
0,8,3,3,22,-1,-1,-3,-3,0,0,0,-3,-82,48,None
0,8,3,3,22,-1,-1,-3,-3,0,0,0,-3,-82,48,None
0,8,3,3,22,-1,-1,-3,-3,0,0,0,-1,-87,49,None
0,6,-1,-9,-3,0,-2,1,0,0,0,0,-1,-87,49,None
0,-4,0,-4,2,0,-2,-2,-3,0,0,0,-1,-87,49,None
0,-1,-1,2,-2,1,0,-1,-2,0,0,0,-1,-87,49,None
0,0,3,2,-1,1,1,-1,-4,0,0,0,-1,-87,49,None
0,0,3,2,-1,1,1,-1,-4,0,0,0,-1,-87,49,None
0,0,3,2,-1,1,1,-1,-4,0,0,0,1,-92,49,None
0,7,6,-3,6,2,0,0,3,0,0,0,1,-92,49,None
0,2,-4,5,-15,-3,-8,-5,-2,0,0,0,1,-92,49,None
0,-10,-1,5,-1,2,4,3,0,0,0,0,1,-92,49,None
0,-2,9,8,6,0,-2,-2,-4,0,0,0,1,-92,49,None
0,-2,9,8,6,0,-2,-2,-4,0,0,0,1,-92,49,None
0,-2,9,8,6,0,-2,-2,-4,0,0,0,4,-94,47,None
0,15,-5,1,6,0,-5,-4,1,0,0,0,4,-94,47,None
0,-4,2,-1,10,2,1,-1,-4,0,0,0,4,-94,47,None
0,-4,3,-1,9,2,0,-2,-2,0,0,0,4,-94,47,None
0,25,10,16,-9,2,1,-2,3,0,0,0,4,-94,47,None
0,25,10,16,-9,2,1,-2,3,0,0,0,4,-94,47,None
0,25,10,16,-9,2,1,-2,3,0,0,0,5,-90,45,None
0,-8,-8,-12,-5,-1,2,1,0,0,0,0,5,-90,45,None
0,-21,2,20,12,2,-2,-4,-7,0,0,0,5,-90,45,None
0,-1,-5,-16,-9,-4,-6,-5,0,0,0,0,5,-90,45,None
0,18,-2,-6,-7,-1,2,1,7,0,0,0,5,-90,45,None
0,18,-2,-6,-7,-1,2,1,7,0,0,0,5,-90,45,None
0,18,-2,-6,-7,-1,2,1,7,0,0,0,4,-86,45,None
0,-31,6,1,-13,0,-2,-2,-18,0,0,0,4,-86,45,None
0,4,-7,-13,6,0,-1,0,4,0,0,0,4,-86,45,None
0,-1,-7,-14,-5,-3,-6,-2,-2,0,0,0,4,-86,45,None
0,-4,3,0,-1,3,3,-1,-5,0,0,0,4,-86,45,None
0,-4,3,0,-1,3,3,-1,-5,0,0,0,4,-86,45,None
0,-4,3,0,-1,3,3,-1,-5,0,0,0,1,-84,43,None
0,0,-1,-16,-1,0,2,3,3,0,0,0,1,-84,43,None
0,0,2,-15,3,1,-2,-4,-1,0,0,0,1,-84,43,None
0,-7,2,-1,1,0,1,1,-4,0,0,0,1,-84,43,None
0,-11,-5,-14,-8,-3,-1,-1,-5,0,0,0,1,-84,43,None
0,-11,-5,-14,-8,-3,-1,-1,-5,0,0,0,1,-84,43,None
0,-11,-5,-14,-8,-3,-1,-1,-5,0,0,0,0,-85,43,None
0,25,2,20,0,1,-5,-3,3,0,0,0,0,-85,43,None
0,-23,-10,-15,-7,-3,-4,-4,-4,0,0,0,0,-85,43,None
0,9,5,-3,1,3,2,-1,-3,0,0,0,0,-85,43,None
0,-35,-13,-12,4,1,-6,-4,-2,0,0,0,0,-85,43,None
0,-35,-13,-12,4,1,-6,-4,-2,0,0,0,0,-85,43,None
0,-35,-13,-12,4,1,-6,-4,-2,0,0,0,0,-89,44,None
0,-2,-2,1,6,1,-4,-1,-1,0,0,0,0,-89,44,None
0,25,5,-8,-15,-2,2,2,6,0,0,0,0,-89,44,None
0,-4,0,12,5,2,3,-1,-2,0,0,0,0,-89,44,None
0,1,5,7,14,1,-1,-1,-4,0,0,0,0,-89,44,None
0,1,5,7,14,1,-1,-1,-4,0,0,0,0,-89,44,None
0,1,5,7,14,1,-1,-1,-4,0,0,0,0,-91,45,None
0,8,2,-11,-24,-2,2,-1,4,0,0,0,0,-91,45,None
0,-7,7,27,4,1,1,-1,-7,0,0,0,0,-91,45,None
0,-27,-10,-21,-16,-2,-8,-5,1,0,0,0,0,-91,45,None
0,7,6,-7,-2,0,-1,-1,-1,0,0,0,0,-91,45,None
0,7,6,-7,-2,0,-1,-1,-1,0,0,0,0,-91,45,None
0,7,6,-7,-2,0,-1,-1,-1,0,0,0,0,-90,44,None
0,-6,0,10,17,1,-1,-2,3,0,0,0,0,-90,44,None
0,1,0,-6,-1,0,-3,-3,-3,0,0,0,0,-90,44,None
0,13,-2,-8,-6,-1,-3,-3,-2,0,0,0,0,-90,44,None
0,-16,-4,11,2,0,-1,-1,-3,0,0,0,0,-90,44,None
0,-16,-4,11,2,0,-1,-1,-3,0,0,0,0,-90,44,None
0,-16,-4,11,2,0,-1,-1,-3,0,0,0,0,-87,45,None
0,18,-5,-10,-3,-1,-1,-1,-2,0,0,0,0,-87,45,None
0,-5,-4,-8,-1,-1,-2,-1,-2,0,0,0,0,-87,45,None
0,-3,1,6,1,0,1,0,-4,0,0,0,0,-87,45,None
0,12,-6,-11,-17,-1,0,1,5,0,0,0,0,-87,45,None
0,12,-6,-11,-17,-1,0,1,5,0,0,0,0,-87,45,None
0,12,-6,-11,-17,-1,0,1,5,0,0,0,-1,-86,44,None
0,-4,1,1,11,0,-3,-6,-11,0,0,0,-1,-86,44,None
0,-49,-17,-12,-1,1,-2,0,-2,0,0,0,-1,-86,44,None
0,9,6,0,3,1,0,-2,0,0,0,0,-1,-86,44,None
0,-3,-6,-6,-3,-2,-5,-4,-3,0,0,0,-1,-86,44,None
0,-3,-6,-6,-3,-2,-5,-4,-3,0,0,0,-1,-86,44,None
0,-3,-6,-6,-3,-2,-5,-4,-3,0,0,0,0,-87,44,None
0,-10,-1,13,6,0,-2,-1,1,0,0,0,0,-87,44,None
0,14,4,-13,-8,-3,1,-1,-1,0,0,0,0,-87,44,None
0,-13,1,21,1,0,1,1,-3,0,0,0,0,-87,44,None
0,5,-3,-21,-8,-2,-5,-4,1,0,0,0,0,-87,44,None
0,5,-3,-21,-8,-2,-5,-4,1,0,0,0,0,-87,44,None
0,5,-3,-21,-8,-2,-5,-4,1,0,0,0,0,-89,45,None
0,-14,5,2,-1,4,2,2,-4,0,0,0,0,-89,45,None
0,12,2,-2,9,2,0,0,3,0,0,0,0,-89,45,None
0,10,2,-1,0,-3,-2,-2,2,0,0,0,0,-89,45,None
0,-7,2,-2,-1,3,-1,-1,-5,0,0,0,0,-89,45,None
0,-7,2,-2,-1,3,-1,-1,-5,0,0,0,0,-89,45,None
0,-7,2,-2,-1,3,-1,-1,-5,0,0,0,0,-89,45,None
0,-8,8,1,3,-2,-2,-3,-9,0,0,0,0,-89,45,None
0,3,0,-5,-9,1,0,0,2,0,0,0,0,-89,45,None
0,-16,-6,-15,-2,-1,-5,-6,-10,0,0,0,0,-89,45,None
0,9,7,-2,-4,-2,2,0,1,0,0,0,0,-89,45,None
0,9,7,-2,-4,-2,2,0,1,0,0,0,0,-89,45,None
0,9,7,-2,-4,-2,2,0,1,0,0,0,0,-89,44,None
0,-31,-10,1,-5,-1,1,-2,-1,0,0,0,0,-89,44,None
0,1,0,12,4,-1,-3,-4,-3,0,0,0,0,-89,44,None
0,5,2,-18,-3,1,3,2,-1,0,0,0,0,-89,44,None
0,5,5,12,5,2,2,0,-1,0,0,0,0,-89,44,None
0,5,5,12,5,2,2,0,-1,0,0,0,0,-89,44,None
0,5,5,12,5,2,2,0,-1,0,0,0,0,-88,46,None
0,-6,-7,-5,-4,0,-5,-4,0,0,0,0,0,-88,46,None
0,21,7,-1,7,0,0,-1,3,0,0,0,0,-88,46,None
0,6,-3,6,4,-1,-2,-3,-3,0,0,0,0,-88,46,None
0,-6,-1,-13,-15,-3,-4,-3,0,0,0,0,0,-88,46,None
0,-6,-1,-13,-15,-3,-4,-3,0,0,0,0,0,-88,46,None
0,-6,-1,-13,-15,-3,-4,-3,0,0,0,0,-1,-88,46,None
0,12,2,7,1,2,-1,0,3,0,0,0,-1,-88,46,None
0,0,2,7,5,0,1,2,0,0,0,0,-1,-88,46,None
0,-4,6,-22,-7,0,-2,-1,-6,0,0,0,-1,-88,46,None
0,-15,-3,-5,-5,0,-1,-1,-3,0,0,0,-1,-88,46,None
0,-15,-3,-5,-5,0,-1,-1,-3,0,0,0,-1,-88,46,None
0,-15,-3,-5,-5,0,-1,-1,-3,0,0,0,-1,-88,46,None
0,36,8,7,-2,1,0,0,1,0,0,0,-1,-88,46,None
0,-35,-6,1,3,1,-1,1,-3,0,0,0,-1,-88,46,None
0,10,-2,-2,-7,0,0,0,8,0,0,0,-1,-88,46,None
0,11,2,13,11,1,-2,-3,-3,0,0,0,-1,-88,46,None
0,11,2,13,11,1,-2,-3,-3,0,0,0,-1,-88,46,None
0,11,2,13,11,1,-2,-3,-3,0,0,0,-1,-88,45,None
0,-12,2,-13,-9,-2,1,4,1,0,0,0,-1,-88,45,None
0,14,8,-3,3,-1,-5,-6,-4,0,0,0,-1,-88,45,None
0,8,-3,-2,0,0,-1,0,5,0,0,0,-1,-88,45,None
0,-5,3,9,2,-3,0,-2,-2,0,0,0,-1,-88,45,None
0,-5,3,9,2,-3,0,-2,-2,0,0,0,-1,-88,45,None
0,-5,3,9,2,-3,0,-2,-2,0,0,0,0,-89,45,None
0,6,2,-23,-1,0,0,-3,-1,0,0,0,0,-89,45,None
0,-4,-5,-6,2,1,-1,0,-2,0,0,0,0,-89,45,None
0,-2,-1,-15,-2,-2,1,0,-3,0,0,0,0,-89,45,None
0,0,3,0,-1,2,1,0,-1,0,0,0,0,-89,45,None
0,0,3,0,-1,2,1,0,-1,0,0,0,0,-89,45,None
0,0,3,0,-1,2,1,0,-1,0,0,0,-1,-89,46,None
0,8,-4,2,1,0,-2,-3,0,0,0,0,-1,-89,46,None
0,1,4,0,-6,0,-2,-3,-4,0,0,0,-1,-89,46,None
0,-1,3,9,4,1,-1,-2,-2,0,0,0,-1,-89,46,None
0,3,-4,-12,4,1,-2,-2,0,0,0,0,-1,-89,46,None
0,3,-4,-12,4,1,-2,-2,0,0,0,0,-1,-89,46,None
0,3,-4,-12,4,1,-2,-2,0,0,0,0,-1,-89,45,None
0,-8,-2,-8,-7,-3,-2,-2,-2,0,0,0,-1,-89,45,None
0,6,-3,-2,-4,0,1,0,3,0,0,0,-1,-89,45,None
0,11,10,5,11,4,0,-1,-1,0,0,0,-1,-89,45,None
0,-39,-15,-8,2,-1,-6,-3,-4,0,0,0,-1,-89,45,None
0,-39,-15,-8,2,-1,-6,-3,-4,0,0,0,-1,-89,45,None
0,-39,-15,-8,2,-1,-6,-3,-4,0,0,0,0,-89,45,None
0,-13,-1,1,-3,0,4,0,-4,0,0,0,0,-89,45,None
0,14,5,0,6,0,2,2,3,0,0,0,0,-89,45,None
0,-7,-1,0,0,1,-4,-4,-3,0,0,0,0,-89,45,None
0,7,2,-5,2,-2,0,-1,0,0,0,0,0,-89,45,None
0,7,2,-5,2,-2,0,-1,0,0,0,0,0,-89,45,None
0,7,2,-5,2,-2,0,-1,0,0,0,0,-1,-89,45,None
0,-3,0,-6,-12,-1,-2,0,0,0,0,0,-1,-89,45,None
0,-12,-3,2,-1,1,-3,-2,-4,0,0,0,-1,-89,45,None
0,-2,-4,-9,-3,-3,-4,-2,1,0,0,0,-1,-89,45,None
0,0,2,1,2,2,1,-1,-4,0,0,0,-1,-89,45,None
0,0,2,1,2,2,1,-1,-4,0,0,0,-1,-89,45,None
0,0,2,1,2,2,1,-1,-4,0,0,0,-1,-88,45,None
0,-17,-1,-1,4,0,-2,-4,-2,0,0,0,-1,-88,45,None
0,15,8,2,-1,2,1,-1,0,0,0,0,-1,-88,45,None
0,8,-1,3,-3,0,-2,-2,-3,0,0,0,-1,-88,45,None
0,9,5,3,-9,0,2,-1,0,0,0,0,-1,-88,45,None
0,9,5,3,-9,0,2,-1,0,0,0,0,-1,-88,45,None
0,9,5,3,-9,0,2,-1,0,0,0,0,-1,-88,45,None
0,-7,-2,-2,-1,0,-4,-2,0,0,0,0,-1,-88,45,None
0,16,12,18,8,3,4,1,3,0,0,0,-1,-88,45,None
0,-12,-2,-5,-6,0,0,-1,-6,0,0,0,-1,-88,45,None
0,9,0,3,12,1,-4,-4,0,0,0,0,-1,-88,45,None
0,9,0,3,12,1,-4,-4,0,0,0,0,-1,-88,45,None
0,9,0,3,12,1,-4,-4,0,0,0,0,-1,-88,45,None
0,-2,-1,-4,-1,0,-3,-2,-1,0,0,0,-1,-88,45,None
0,-6,-5,-16,-8,0,0,0,-4,0,0,0,-1,-88,45,None
0,-24,-7,8,1,-1,-3,-2,0,0,0,0,-1,-88,45,None
0,4,3,-4,-5,-1,-2,-3,1,0,0,0,-1,-88,45,None
0,4,3,-4,-5,-1,-2,-3,1,0,0,0,-1,-88,45,None
0,4,3,-4,-5,-1,-2,-3,1,0,0,0,-1,-88,46,None
0,-4,-1,4,4,-1,1,0,-2,0,0,0,-1,-88,46,None
0,-11,-1,-10,-2,-1,0,-2,-1,0,0,0,-1,-88,46,None
0,18,-1,2,-5,0,-2,-4,0,0,0,0,-1,-88,46,None
0,-8,0,-2,-2,0,1,-1,-4,0,0,0,-1,-88,46,None
0,-8,0,-2,-2,0,1,-1,-4,0,0,0,-1,-88,46,None
0,-8,0,-2,-2,0,1,-1,-4,0,0,0,-1,-89,46,None
0,5,3,0,4,2,2,0,0,0,0,0,-1,-89,46,None
0,-25,-12,-6,-6,-4,-5,-5,-4,0,0,0,-1,-89,46,None
0,15,-2,-8,-3,-1,-2,-2,3,0,0,0,-1,-89,46,None
0,1,3,1,2,2,1,0,-2,0,0,0,-1,-89,46,None
0,1,3,1,2,2,1,0,-2,0,0,0,-1,-89,46,None
0,1,3,1,2,2,1,0,-2,0,0,0,-1,-89,46,None
0,-4,-2,-2,1,-1,-4,-3,-3,0,0,0,-1,-89,46,None
0,5,-4,-11,-7,0,-3,-3,-3,0,0,0,-1,-89,46,None
0,-8,6,9,5,0,2,-1,-2,0,0,0,-1,-89,46,None
0,3,-2,-2,-3,-2,0,0,-1,0,0,0,-1,-89,46,None
0,3,-2,-2,-3,-2,0,0,-1,0,0,0,-1,-89,46,None
0,3,-2,-2,-3,-2,0,0,-1,0,0,0,-1,-88,45,None
0,0,2,-4,-3,0,-3,-1,-3,0,0,0,-1,-88,45,None
0,-7,0,-5,-1,1,0,-1,-4,0,0,0,-1,-88,45,None
0,-11,7,5,-1,1,0,0,-2,0,0,0,-1,-88,45,None
0,13,-7,-6,3,-1,-4,-2,0,0,0,0,-1,-88,45,None
0,13,-7,-6,3,-1,-4,-2,0,0,0,0,-1,-88,45,None
0,13,-7,-6,3,-1,-4,-2,0,0,0,0,-1,-88,45,None
0,18,1,-5,-2,1,-2,-1,3,0,0,0,-1,-88,45,None
0,-31,-2,13,-2,-1,-2,-2,-4,0,0,0,-1,-88,45,None
0,-8,-3,-8,2,1,-2,-3,-3,0,0,0,-1,-88,45,None
0,1,-4,-2,-4,-3,-3,-1,-2,0,0,0,-1,-88,45,None
0,1,-4,-2,-4,-3,-3,-1,-2,0,0,0,-1,-88,45,None
0,1,-4,-2,-4,-3,-3,-1,-2,0,0,0,-1,-88,45,None
0,17,5,9,6,2,-1,-1,2,0,0,0,-1,-88,45,None
0,-7,-5,-15,-2,-3,-2,-1,-2,0,0,0,-1,-88,45,None
0,9,-2,-11,-11,2,-1,-2,-3,0,0,0,-1,-88,45,None
0,-19,-1,2,7,1,0,0,-2,0,0,0,-1,-88,45,None
0,-19,-1,2,7,1,0,0,-2,0,0,0,-1,-88,45,None
0,-19,-1,2,7,1,0,0,-2,0,0,0,-1,-89,45,None
0,0,0,-1,0,-1,2,-1,-3,0,0,0,-1,-89,45,None
0,28,2,0,1,0,-5,-5,4,0,0,0,-1,-89,45,None
0,-13,0,0,5,0,-2,-3,-4,0,0,0,-1,-89,45,None
0,6,6,-6,-4,0,4,1,3,0,0,0,-1,-89,45,None
0,6,6,-6,-4,0,4,1,3,0,0,0,-1,-89,45,None
0,6,6,-6,-4,0,4,1,3,0,0,0,-1,-89,45,None
0,-6,-4,-9,-5,-1,-4,-3,1,0,0,0,-1,-89,45,None
0,2,3,10,6,3,3,-1,-6,0,0,0,-1,-89,45,None
0,2,1,-4,-5,-2,2,1,2,0,0,0,-1,-89,45,None
0,-5,1,3,4,3,0,-1,-3,0,0,0,-1,-89,45,None
0,-5,1,3,4,3,0,-1,-3,0,0,0,-1,-89,45,None
0,-5,1,3,4,3,0,-1,-3,0,0,0,-1,-88,45,None
0,-3,-3,-7,-5,0,-2,-4,-2,0,0,0,-1,-88,45,None
0,-8,2,11,1,2,2,2,-2,0,0,0,-1,-88,45,None
0,20,2,-7,9,2,0,0,4,0,0,0,-1,-88,45,None
0,-23,-1,-6,-7,-5,-6,-6,-12,0,0,0,-1,-88,45,None
0,-23,-1,-6,-7,-5,-6,-6,-12,0,0,0,-1,-88,45,None
0,-23,-1,-6,-7,-5,-6,-6,-12,0,0,0,-1,-87,45,None
0,-8,1,1,1,1,-2,-1,-4,0,0,0,-1,-87,45,None
0,11,0,-11,-3,1,1,2,2,0,0,0,-1,-87,45,None
0,-10,0,3,-3,-1,-5,-1,6,0,0,0,-1,-87,45,None
0,4,-2,-15,-1,2,-1,-3,0,0,0,0,-1,-87,45,None
0,4,-2,-15,-1,2,-1,-3,0,0,0,0,-1,-87,45,None
0,4,-2,-15,-1,2,-1,-3,0,0,0,0,-1,-88,45,None
0,10,6,17,7,0,0,1,-1,0,0,0,-1,-88,45,None
0,-5,-2,-10,-3,-1,-1,-2,-2,0,0,0,-1,-88,45,None
0,-1,-1,-10,-6,0,0,-1,-2,0,0,0,-1,-88,45,None
0,0,0,4,-3,1,0,-1,-2,0,0,0,-1,-88,45,None
0,0,0,4,-3,1,0,-1,-2,0,0,0,-1,-88,45,None
0,0,0,4,-3,1,0,-1,-2,0,0,0,-1,-89,46,None
0,-3,1,1,-4,0,1,-1,-2,0,0,0,-1,-89,46,None
0,-1,1,-8,-1,2,-4,0,0,0,0,0,-1,-89,46,None
0,-9,-2,8,8,2,-2,-1,-5,0,0,0,-1,-89,46,None
0,13,-2,-9,-11,-2,0,1,-2,0,0,0,-1,-89,46,None
0,13,-2,-9,-11,-2,0,1,-2,0,0,0,-1,-89,46,None
0,13,-2,-9,-11,-2,0,1,-2,0,0,0,-1,-89,45,None
0,-11,-4,8,-1,-2,-2,-5,-4,0,0,0,-1,-89,45,None
0,30,6,-12,0,2,-4,-1,7,0,0,0,-1,-89,45,None
0,-10,-7,-7,-6,-1,-3,-4,-9,0,0,0,-1,-89,45,None
0,-8,2,6,2,0,-1,0,-2,0,0,0,-1,-89,45,None
0,-8,2,6,2,0,-1,0,-2,0,0,0,-1,-89,45,None
0,-8,2,6,2,0,-1,0,-2,0,0,0,-1,-88,46,None
0,16,7,-2,0,1,-4,0,1,0,0,0,-1,-88,46,None
