0,-4,4,5,-12,3,3,9,-3,0,0,0,-51,-74,32,None
0,4,2,7,39,1,-2,-12,2,0,0,0,-51,-74,32,None
0,1,0,-8,-25,-3,-2,9,3,0,0,0,-51,-74,32,None
0,1,0,-8,-25,-3,-2,9,3,0,0,0,-51,-74,32,None
0,1,0,-8,-25,-3,-2,9,3,0,0,0,-52,-66,31,None
0,-6,4,7,23,3,13,4,-5,0,0,0,-52,-66,31,None
0,-2,-3,-13,-31,-4,-6,-14,-4,0,0,0,-52,-66,31,None
0,-5,0,-5,15,2,-8,1,0,0,0,0,-52,-66,31,None
0,-1,6,17,33,8,8,4,-4,0,0,0,-52,-66,31,None
0,-1,6,17,33,8,8,4,-4,0,0,0,-52,-66,31,None
0,-1,6,17,33,8,8,4,-4,0,0,0,-53,-60,29,None
0,3,-5,-14,-21,0,-7,-1,-1,0,0,0,-53,-60,29,None
0,-10,-5,-10,2,-3,-11,-4,-1,0,0,0,-53,-60,29,None
0,8,0,-4,-22,-1,-1,-7,-4,0,0,0,-53,-60,29,None
0,4,7,6,-4,4,13,10,5,0,0,0,-53,-60,29,None
0,4,7,6,-4,4,13,10,5,0,0,0,-53,-60,29,None
0,4,7,6,-4,4,13,10,5,0,0,0,-55,-54,30,None
0,-2,-1,-3,10,1,-4,-5,-6,0,0,0,-55,-54,30,None
0,4,7,38,11,4,7,3,4,0,0,0,-55,-54,30,None
0,-10,5,7,-16,-3,3,5,-3,0,0,0,-55,-54,30,None
0,4,-6,-6,15,-3,-10,-8,-4,0,0,0,-55,-54,30,None
0,4,-6,-6,15,-3,-10,-8,-4,0,0,0,-55,-54,30,None
0,4,-6,-6,15,-3,-10,-8,-4,0,0,0,-57,-49,29,None
0,2,5,-5,-2,6,-1,-4,2,0,0,0,-57,-49,29,None
0,-2,-14,-2,-7,-5,5,3,0,0,0,0,-57,-49,29,None
0,-8,-6,2,21,-2,-7,1,-2,0,0,0,-57,-49,29,None
0,11,13,13,-4,2,-1,-2,7,0,0,0,-57,-49,29,None
0,11,13,13,-4,2,-1,-2,7,0,0,0,-57,-49,29,None
0,11,13,13,-4,2,-1,-2,7,0,0,0,-60,-42,30,None
0,-7,1,2,-17,-5,-6,-5,-7,0,0,0,-60,-42,30,None
0,0,8,-1,27,9,2,-4,-4,0,0,0,-60,-42,30,None
0,0,-14,5,-6,-1,-1,2,4,0,0,0,-60,-42,30,None
0,-12,-8,-27,-29,1,1,1,-5,0,0,0,-60,-42,30,None
0,-12,-8,-27,-29,1,1,1,-5,0,0,0,-60,-42,30,None
0,-12,-8,-27,-29,1,1,1,-5,0,0,0,-62,-37,29,None
0,-1,0,1,20,2,1,-1,0,0,0,0,-62,-37,29,None
0,3,1,-6,-10,-4,-7,-7,-4,0,0,0,-62,-37,29,None
0,-2,2,-4,12,2,-1,4,-2,0,0,0,-62,-37,29,None
0,12,10,4,22,8,8,0,2,0,0,0,-62,-37,29,None
0,12,10,4,22,8,8,0,2,0,0,0,-62,-37,29,None
0,12,10,4,22,8,8,0,2,0,0,0,-64,-32,30,None
0,-23,-18,-12,-29,-7,-8,-5,-3,0,0,0,-64,-32,30,None
0,-7,-3,-19,-2,-4,-7,-5,-3,0,0,0,-64,-32,30,None
0,18,2,2,11,2,3,-1,4,0,0,0,-64,-32,30,None
0,-6,-4,3,3,-3,-7,-8,-4,0,0,0,-64,-32,30,None
0,-6,-4,3,3,-3,-7,-8,-4,0,0,0,-64,-32,30,None
0,-6,-4,3,3,-3,-7,-8,-4,0,0,0,-67,-27,30,None
0,2,6,-16,-24,-1,1,4,1,0,0,0,-67,-27,30,None
0,-5,-7,-15,8,1,1,-6,-1,0,0,0,-67,-27,30,None
0,-4,3,4,20,-4,1,7,-5,0,0,0,-67,-27,30,None
0,-9,0,-7,-5,4,0,0,2,0,0,0,-67,-27,30,None
0,-9,0,-7,-5,4,0,0,2,0,0,0,-67,-27,30,None
0,-9,0,-7,-5,4,0,0,2,0,0,0,-70,-24,30,None
0,9,-1,-5,10,-3,-2,-2,1,0,0,0,-70,-24,30,None
0,-7,0,10,2,2,-5,1,-3,0,0,0,-70,-24,30,None
0,1,-1,-15,-25,0,-6,-8,0,0,0,0,-70,-24,30,None
0,12,2,-4,9,1,-4,-2,-3,0,0,0,-70,-24,30,None
0,12,2,-4,9,1,-4,-2,-3,0,0,0,-70,-24,30,None
0,12,2,-4,9,1,-4,-2,-3,0,0,0,-72,-22,30,None
0,-14,-6,15,-6,1,4,0,-4,0,0,0,-72,-22,30,None
0,-5,6,-17,-23,-4,-3,-1,-4,0,0,0,-72,-22,30,None
0,-9,-34,-1,26,7,0,-6,-2,0,0,0,-72,-22,30,None
0,-13,2,-6,-3,-4,-2,2,-2,0,0,0,-72,-22,30,None
0,-13,2,-6,-3,-4,-2,2,-2,0,0,0,-72,-22,30,None
0,-13,2,-6,-3,-4,-2,2,-2,0,0,0,-75,-21,30,None
0,19,7,19,20,1,4,0,1,0,0,0,-75,-21,30,None
0,-8,-1,-5,-21,-2,-5,-1,-1,0,0,0,-75,-21,30,None
0,-5,15,-11,-11,1,3,-1,-4,0,0,0,-75,-21,30,None
0,10,17,14,-16,-11,-6,-3,-2,0,0,0,-75,-21,30,None
0,10,17,14,-16,-11,-6,-3,-2,0,0,0,-75,-21,30,None
0,10,17,14,-16,-11,-6,-3,-2,0,0,0,-78,-17,30,None
0,-4,-11,0,24,4,-5,-4,-1,0,0,0,-78,-17,30,None
0,3,-1,-7,-28,-6,-10,-9,0,0,0,0,-78,-17,30,None
0,1,7,0,14,2,-1,2,-2,0,0,0,-78,-17,30,None
0,0,3,2,6,11,10,9,5,0,0,0,-78,-17,30,None
0,0,3,2,6,11,10,9,5,0,0,0,-78,-17,30,None
0,0,3,2,6,11,10,9,5,0,0,0,-80,-18,31,None
0,2,11,-12,-22,-1,5,0,1,0,0,0,-80,-18,31,None
0,6,4,14,14,-5,2,2,-1,0,0,0,-80,-18,31,None
0,0,11,6,2,-6,-8,-9,-5,0,0,0,-80,-18,31,None
0,-10,-7,-13,-12,-2,-12,-8,-4,0,0,0,-80,-18,31,None
0,-10,-7,-13,-12,-2,-12,-8,-4,0,0,0,-80,-18,31,None
0,-10,-7,-13,-12,-2,-12,-8,-4,0,0,0,-82,-16,31,None
0,2,9,2,9,10,9,4,5,0,0,0,-82,-16,31,None
0,2,2,-7,2,4,5,0,-2,0,0,0,-82,-16,31,None
0,-8,2,-1,-15,-8,-13,-7,-5,0,0,0,-82,-16,31,None
0,-4,-3,0,10,-1,-1,-2,-1,0,0,0,-82,-16,31,None
0,-4,-3,0,10,-1,-1,-2,-1,0,0,0,-82,-16,31,None
0,-4,-3,0,10,-1,-1,-2,-1,0,0,0,-82,-13,31,None
0,-1,-8,-2,-1,-3,-3,-5,-15,0,0,0,-82,-13,31,None
0,4,10,-7,-4,1,-1,10,2,0,0,0,-82,-13,31,None
0,-11,-2,-8,17,1,-3,-16,0,0,0,0,-82,-13,31,None
0,3,4,-17,-39,-2,-1,1,-9,0,0,0,-82,-13,31,None
0,3,4,-17,-39,-2,-1,1,-9,0,0,0,-82,-13,31,None
0,3,4,-17,-39,-2,-1,1,-9,0,0,0,-82,-11,33,None
0,1,-7,0,-12,2,5,3,4,0,0,0,-82,-11,33,None
0,11,-4,21,31,6,-2,0,8,0,0,0,-82,-11,33,None
0,-7,-1,2,5,3,3,3,-6,0,0,0,-82,-11,33,None
0,-6,-5,-6,4,1,4,-3,-5,0,0,0,-82,-11,33,None
0,-6,-5,-6,4,1,4,-3,-5,0,0,0,-82,-11,33,None
0,-6,-5,-6,4,1,4,-3,-5,0,0,0,-85,-13,34,None
0,-2,-1,-14,-5,-2,-11,-4,-1,0,0,0,-85,-13,34,None
0,16,-1,-7,-2,-6,-7,-13,3,0,0,0,-85,-13,34,None
0,-14,-7,-7,-17,7,14,10,-2,0,0,0,-85,-13,34,None
0,2,-2,3,1,-1,-7,-4,0,0,0,0,-85,-13,34,None
0,2,-2,3,1,-1,-7,-4,0,0,0,0,-85,-13,34,None
0,2,-2,3,1,-1,-7,-4,0,0,0,0,-87,-10,35,None
0,-7,9,4,13,-3,-3,-1,-2,0,0,0,-87,-10,35,None
0,-11,5,1,5,7,1,-2,-11,0,0,0,-87,-10,35,None
0,11,7,7,3,4,-2,-2,1,0,0,0,-87,-10,35,None
0,-10,-9,-19,-18,-3,2,1,-1,0,0,0,-87,-10,35,None
0,-10,-9,-19,-18,-3,2,1,-1,0,0,0,-87,-10,35,None
0,-10,-9,-19,-18,-3,2,1,-1,0,0,0,-84,-4,37,None
0,1,-2,-7,-1,2,0,-2,-2,0,0,0,-84,-4,37,None
0,-1,4,-2,18,3,5,3,0,0,0,0,-84,-4,37,None
0,-3,-2,-2,-5,0,-4,-1,3,0,0,0,-84,-4,37,None
0,5,-3,-3,-7,-4,-5,-2,4,0,0,0,-84,-4,37,None
0,5,-3,-3,-7,-4,-5,-2,4,0,0,0,-84,-4,37,None
0,5,-3,-3,-7,-4,-5,-2,4,0,0,0,-83,-3,39,None
0,4,-2,10,24,13,7,2,-3,0,0,0,-83,-3,39,None
0,-5,-1,-7,-2,3,3,-1,-2,0,0,0,-83,-3,39,None
0,1,-2,-3,-5,-3,-7,-2,-2,0,0,0,-83,-3,39,None
0,-10,4,16,13,3,5,-1,-5,0,0,0,-83,-3,39,None
0,-10,4,16,13,3,5,-1,-5,0,0,0,-83,-3,39,None
0,-10,4,16,13,3,5,-1,-5,0,0,0,-84,-10,39,None
0,13,3,-11,-18,-4,-3,-2,1,0,0,0,-84,-10,39,None
0,-10,-2,2,5,3,-1,-1,-2,0,0,0,-84,-10,39,None
0,3,0,-8,-1,-1,0,3,0,0,0,0,-84,-10,39,None
0,0,8,16,2,3,-1,-2,-3,0,0,0,-84,-10,39,None
0,0,8,16,2,3,-1,-2,-3,0,0,0,-84,-10,39,None
0,0,8,16,2,3,-1,-2,-3,0,0,0,-91,-14,39,None
0,-6,-1,-24,-15,-3,-3,-4,-1,0,0,0,-91,-14,39,None
0,-1,-3,1,8,-3,-9,-4,-1,0,0,0,-91,-14,39,None
0,3,-15,19,19,2,3,-1,-2,0,0,0,-91,-14,39,None
0,-3,-10,-19,-17,-4,-7,-6,-2,0,0,0,-91,-14,39,None
0,-3,-10,-19,-17,-4,-7,-6,-2,0,0,0,-91,-14,39,None
0,-3,-10,-19,-17,-4,-7,-6,-2,0,0,0,-89,-15,40,None
0,-8,-4,-36,-11,-8,-14,-11,-4,0,0,0,-89,-15,40,None
0,-1,13,-19,-4,8,8,2,-5,0,0,0,-89,-15,40,None
0,1,34,-8,-19,-10,-10,-5,-4,0,0,0,-89,-15,40,None
0,-3,-29,-14,3,0,0,1,1,0,0,0,-89,-15,40,None
0,-3,-29,-14,3,0,0,1,1,0,0,0,-89,-15,40,None
0,-3,-29,-14,3,0,0,1,1,0,0,0,-88,-18,39,None
0,-1,-7,2,13,1,0,0,-1,0,0,0,-88,-18,39,None
0,-6,5,-6,-27,1,0,1,-2,0,0,0,-88,-18,39,None
0,3,9,-18,7,-3,-7,-5,-3,0,0,0,-88,-18,39,None
0,-1,9,-8,13,4,1,-3,-1,0,0,0,-88,-18,39,None
0,-1,9,-8,13,4,1,-3,-1,0,0,0,-88,-18,39,None
0,-1,9,-8,13,4,1,-3,-1,0,0,0,-85,-18,39,None
0,0,13,7,-8,-3,-3,0,-2,0,0,0,-85,-18,39,None
0,5,-10,-3,0,-1,-7,-3,3,0,0,0,-85,-18,39,None
0,-25,18,16,5,2,3,-1,-11,0,0,0,-85,-18,39,None
0,4,19,-4,-23,-2,3,2,1,0,0,0,-85,-18,39,None
0,4,19,-4,-23,-2,3,2,1,0,0,0,-85,-18,39,None
0,4,19,-4,-23,-2,3,2,1,0,0,0,-85,-15,37,None
0,-5,-11,14,11,3,3,0,-3,0,0,0,-85,-15,37,None
0,-9,-10,7,4,-1,0,0,-1,0,0,0,-85,-15,37,None
0,8,-5,-11,-17,-3,1,1,1,0,0,0,-85,-15,37,None
0,-1,9,9,5,3,-3,-1,-3,0,0,0,-85,-15,37,None
0,-1,9,9,5,3,-3,-1,-3,0,0,0,-85,-15,37,None
0,-1,9,9,5,3,-3,-1,-3,0,0,0,-81,-14,36,None
0,-3,9,7,2,-1,-5,-4,-2,0,0,0,-81,-14,36,None
0,-1,1,-12,-10,0,-2,-3,-1,0,0,0,-81,-14,36,None
0,4,-12,9,2,1,8,6,1,0,0,0,-81,-14,36,None
0,-2,-12,-2,9,2,-3,-2,0,0,0,0,-81,-14,36,None
0,-2,-12,-2,9,2,-3,-2,0,0,0,0,-81,-14,36,None
0,-2,-12,-2,9,2,-3,-2,0,0,0,0,-81,-12,36,None
0,2,-4,3,-6,-5,-6,-5,1,0,0,0,-81,-12,36,None
0,-4,-5,1,-10,0,4,1,-4,0,0,0,-81,-12,36,None
0,3,-9,-6,26,8,8,5,2,0,0,0,-81,-12,36,None
0,-3,-2,0,-18,-4,-7,-7,-3,0,0,0,-81,-12,36,None
0,-3,-2,0,-18,-4,-7,-7,-3,0,0,0,-81,-12,36,None
0,-3,-2,0,-18,-4,-7,-7,-3,0,0,0,-81,-13,36,None
0,-2,-4,16,4,2,4,3,0,0,0,0,-81,-13,36,None
0,-2,4,-8,-7,-2,-1,-2,-3,0,0,0,-81,-13,36,None
0,-13,-22,-5,-14,5,2,0,2,0,0,0,-81,-13,36,None
0,13,-8,9,7,1,-4,-3,-1,0,0,0,-81,-13,36,None
0,13,-8,9,7,1,-4,-3,-1,0,0,0,-81,-13,36,None
0,13,-8,9,7,1,-4,-3,-1,0,0,0,-81,-14,36,None
0,-2,2,1,15,1,2,2,-1,0,0,0,-81,-14,36,None
0,-2,-5,0,-8,0,-6,-5,0,0,0,0,-81,-14,36,None
0,-3,3,1,5,-2,-5,-3,1,0,0,0,-81,-14,36,None
0,9,4,-3,-7,0,4,1,0,0,0,0,-81,-14,36,None
0,9,4,-3,-7,0,4,1,0,0,0,0,-81,-14,36,None
0,9,4,-3,-7,0,4,1,0,0,0,0,-81,-14,36,None
0,-22,-5,1,16,0,-6,-7,-12,0,0,0,-81,-14,36,None
0,1,4,-1,-9,1,-2,-1,0,0,0,0,-81,-14,36,None
0,4,1,-10,1,0,1,-4,-1,0,0,0,-81,-14,36,None
0,-7,2,-1,3,-3,3,1,-3,0,0,0,-81,-14,36,None
0,-7,2,-1,3,-3,3,1,-3,0,0,0,-81,-14,36,None
0,-7,2,-1,3,-3,3,1,-3,0,0,0,-82,-16,35,None
0,3,4,-9,-21,-2,-3,-2,1,0,0,0,-82,-16,35,None
0,-2,-3,2,15,4,-2,-1,0,0,0,0,-82,-16,35,None
0,0,2,-7,-4,-1,-1,-4,-3,0,0,0,-82,-16,35,None
0,-1,-1,12,7,0,-5,0,1,0,0,0,-82,-16,35,None
0,-1,-1,12,7,0,-5,0,1,0,0,0,-82,-16,35,None
0,-1,-1,12,7,0,-5,0,1,0,0,0,-81,-19,34,None
0,5,-1,-12,1,1,-6,-4,3,0,0,0,-81,-19,34,None
0,-4,-2,5,2,-3,0,-4,-4,0,0,0,-81,-19,34,None
0,6,-1,4,-9,0,1,3,1,0,0,0,-81,-19,34,None
0,-6,3,-5,11,3,-3,-2,-4,0,0,0,-81,-19,34,None
0,-6,3,-5,11,3,-3,-2,-4,0,0,0,-81,-19,34,None
0,-6,3,-5,11,3,-3,-2,-4,0,0,0,-82,-23,34,None
0,1,3,-10,-15,-1,6,3,-1,0,0,0,-82,-23,34,None
0,-2,4,7,9,1,3,-6,-5,0,0,0,-82,-23,34,None
0,1,1,-6,-1,2,-3,3,2,0,0,0,-82,-23,34,None
0,-3,-2,-4,-8,-1,-3,-1,-2,0,0,0,-82,-23,34,None
0,-3,-2,-4,-8,-1,-3,-1,-2,0,0,0,-82,-23,34,None
0,-3,-2,-4,-8,-1,-3,-1,-2,0,0,0,-82,-27,33,None
0,-2,-2,4,8,0,2,-4,-1,0,0,0,-82,-27,33,None
0,1,1,-2,-1,-1,-3,-1,-1,0,0,0,-82,-27,33,None
0,-3,-2,1,7,-1,-10,-6,0,0,0,0,-82,-27,33,None
0,3,-3,-3,3,1,3,2,-2,0,0,0,-82,-27,33,None
0,3,-3,-3,3,1,3,2,-2,0,0,0,-82,-27,33,None
0,3,-3,-3,3,1,3,2,-2,0,0,0,-81,-29,30,None
0,3,6,4,-5,2,2,5,0,0,0,0,-81,-29,30,None
0,-2,10,-7,-1,-1,-4,-5,-2,0,0,0,-81,-29,30,None
0,1,-5,6,-6,-2,0,0,-1,0,0,0,-81,-29,30,None
0,-5,2,-6,-2,2,5,1,1,0,0,0,-81,-29,30,None
0,-5,2,-6,-2,2,5,1,1,0,0,0,-81,-29,30,None
0,-5,2,-6,-2,2,5,1,1,0,0,0,-80,-32,32,None
0,2,1,4,7,-2,-2,0,3,0,0,0,-80,-32,32,None
0,3,0,-4,8,-3,-9,-3,-2,0,0,0,-80,-32,32,None
0,-4,5,-4,-13,-2,1,-11,-6,0,0,0,-80,-32,32,None
0,-3,-1,4,22,4,1,-3,-4,0,0,0,-80,-32,32,None
0,-3,-1,4,22,4,1,-3,-4,0,0,0,-80,-32,32,None
0,-3,-1,4,22,4,1,-3,-4,0,0,0,-79,-39,31,None
0,0,-3,-5,-11,2,-5,-1,1,0,0,0,-79,-39,31,None
0,-4,-4,-2,-2,-2,2,0,-3,0,0,0,-79,-39,31,None
0,2,2,2,-2,0,-2,1,0,0,0,0,-79,-39,31,None
0,-4,-5,-12,3,0,-7,-6,-2,0,0,0,-79,-39,31,None
0,-4,-5,-12,3,0,-7,-6,-2,0,0,0,-79,-39,31,None
0,-4,-5,-12,3,0,-7,-6,-2,0,0,0,-78,-45,28,None
0,1,3,-4,-18,3,1,-4,-4,0,0,0,-78,-45,28,None
0,0,3,5,8,0,6,3,0,0,0,0,-78,-45,28,None
0,-1,-5,-11,-8,1,-4,-5,-2,0,0,0,-78,-45,28,None
0,0,6,-3,-12,0,-2,2,4,0,0,0,-78,-45,28,None
0,0,6,-3,-12,0,-2,2,4,0,0,0,-78,-45,28,None
0,0,6,-3,-12,0,-2,2,4,0,0,0,-75,-49,26,None
0,0,1,5,31,1,1,-1,0,0,0,0,-75,-49,26,None
0,-1,-1,1,-4,5,-1,0,1,0,0,0,-75,-49,26,None
0,2,0,-4,4,-1,-3,-3,-1,0,0,0,-75,-49,26,None
0,-2,5,2,7,-2,1,3,0,0,0,0,-75,-49,26,None
0,-2,5,2,7,-2,1,3,0,0,0,0,-75,-49,26,None
0,-2,5,2,7,-2,1,3,0,0,0,0,-73,-56,25,None
0,1,2,-3,-16,1,1,0,-1,0,0,0,-73,-56,25,None
0,0,-5,-2,-4,-4,-4,-3,-1,0,0,0,-73,-56,25,None
0,-1,2,4,12,-2,-3,-2,-2,0,0,0,-73,-56,25,None
0,-1,5,4,-6,1,-1,-4,-3,0,0,0,-73,-56,25,None
0,-1,5,4,-6,1,-1,-4,-3,0,0,0,-73,-56,25,None
0,-1,5,4,-6,1,-1,-4,-3,0,0,0,-69,-60,26,None
0,0,1,0,-1,-2,-2,12,4,0,0,0,-69,-60,26,None
0,1,5,-5,-5,7,4,0,-5,0,0,0,-69,-60,26,None
0,-5,7,-8,-28,-1,-2,-1,-3,0,0,0,-69,-60,26,None
0,11,-5,1,32,-3,-8,-7,-2,0,0,0,-69,-60,26,None
0,11,-5,1,32,-3,-8,-7,-2,0,0,0,-69,-60,26,None
0,11,-5,1,32,-3,-8,-7,-2,0,0,0,-62,-64,27,None
0,-6,-4,-9,-30,-4,-7,-6,-3,0,0,0,-62,-64,27,None
0,0,1,12,13,3,1,3,2,0,0,0,-62,-64,27,None
0,-1,-1,-18,-11,-3,-3,-3,-2,0,0,0,-62,-64,27,None
0,-7,1,2,-2,3,3,1,-4,0,0,0,-62,-64,27,None
0,-7,1,2,-2,3,3,1,-4,0,0,0,-62,-64,27,None
0,-7,1,2,-2,3,3,1,-4,0,0,0,-59,-69,25,None
0,-3,2,8,9,2,4,-2,-4,0,0,0,-59,-69,25,None
0,-1,2,-10,-25,-6,1,0,-3,0,0,0,-59,-69,25,None
0,-3,-10,-4,27,-5,-14,-11,-4,0,0,0,-59,-69,25,None
0,-2,1,-5,-5,-2,-4,-1,0,0,0,0,-59,-69,25,None
0,-2,1,-5,-5,-2,-4,-1,0,0,0,0,-59,-69,25,None
0,-2,1,-5,-5,-2,-4,-1,0,0,0,0,-57,-71,22,None
0,-1,0,-4,-3,4,0,-5,-5,0,0,0,-57,-71,22,None
0,-5,-8,0,1,2,1,-5,1,0,0,0,-57,-71,22,None
0,3,0,-3,3,8,5,10,5,0,0,0,-57,-71,22,None
0,-7,2,27,3,2,4,0,-4,0,0,0,-57,-71,22,None
0,-7,2,27,3,2,4,0,-4,0,0,0,-57,-71,22,None
0,-7,2,27,3,2,4,0,-4,0,0,0,-54,-73,24,None
0,-1,-7,-25,-10,-2,1,1,1,0,0,0,-54,-73,24,None
0,0,-2,-10,1,-2,-7,-7,-1,0,0,0,-54,-73,24,None
0,1,6,12,8,2,5,2,-4,0,0,0,-54,-73,24,None
0,-4,-5,-9,-7,-2,-1,-3,-2,0,0,0,-54,-73,24,None
0,-4,-5,-9,-7,-2,-1,-3,-2,0,0,0,-54,-73,24,None
0,-4,-5,-9,-7,-2,-1,-3,-2,0,0,0,-48,-79,27,None
0,-2,3,11,9,0,-5,-8,-5,0,0,0,-48,-79,27,None
0,1,7,-4,0,-1,-1,-4,0,0,0,0,-48,-79,27,None
0,-3,-9,-12,-8,2,1,9,2,0,0,0,-48,-79,27,None
0,-10,-3,-6,-10,-4,-11,-12,-5,0,0,0,-48,-79,27,None
0,-10,-3,-6,-10,-4,-11,-12,-5,0,0,0,-48,-79,27,None
0,-10,-3,-6,-10,-4,-11,-12,-5,0,0,0,-45,-85,26,None
0,1,-3,-7,0,-2,-4,-2,0,0,0,0,-45,-85,26,None
0,0,2,-3,1,-1,1,-1,-2,0,0,0,-45,-85,26,None
0,1,6,4,-11,3,1,-1,2,0,0,0,-45,-85,26,None
0,-2,-3,-7,11,0,-5,-3,-1,0,0,0,-45,-85,26,None
0,-2,-3,-7,11,0,-5,-3,-1,0,0,0,-45,-85,26,None
0,-2,-3,-7,11,0,-5,-3,-1,0,0,0,-42,-91,24,None
0,1,10,29,32,5,7,0,-3,0,0,0,-42,-91,24,None
0,-1,-5,-34,-39,-9,-3,-3,-1,0,0,0,-42,-91,24,None
0,-6,-3,-6,8,2,-15,-7,-3,0,0,0,-42,-91,24,None
0,-3,-7,-11,-8,-1,8,2,-8,0,0,0,-42,-91,24,None
0,-3,-7,-11,-8,-1,8,2,-8,0,0,0,-42,-91,24,None
0,-3,-7,-11,-8,-1,8,2,-8,0,0,0,-39,-91,23,None
0,0,0,4,-8,-4,-3,0,0,0,0,0,-39,-91,23,None
0,2,6,3,35,8,0,4,0,0,0,0,-39,-91,23,None
0,-1,-8,-2,-11,-10,-3,-5,-2,0,0,0,-39,-91,23,None
0,1,7,-4,-18,-2,-3,-2,4,0,0,0,-39,-91,23,None
0,1,7,-4,-18,-2,-3,-2,4,0,0,0,-39,-91,23,None
0,1,7,-4,-18,-2,-3,-2,4,0,0,0,-36,-93,26,None
0,2,9,4,27,16,8,3,0,0,0,0,-36,-93,26,None
0,-9,-11,-4,-41,-7,-4,-1,-7,0,0,0,-36,-93,26,None
0,7,12,-6,5,6,7,-1,-4,0,0,0,-36,-93,26,None
0,-5,-6,-10,-3,-5,-6,-3,-4,0,0,0,-36,-93,26,None
0,-5,-6,-10,-3,-5,-6,-3,-4,0,0,0,-36,-93,26,None
0,-5,-6,-10,-3,-5,-6,-3,-4,0,0,0,-33,-98,25,None
0,-3,-13,1,-21,0,0,0,1,0,0,0,-33,-98,25,None
0,6,9,14,13,3,1,2,-5,0,0,0,-33,-98,25,None
0,-2,6,6,11,1,-2,-10,-4,0,0,0,-33,-98,25,None
0,-4,-6,-7,-10,2,0,5,4,0,0,0,-33,-98,25,None
0,-4,-6,-7,-10,2,0,5,4,0,0,0,-33,-98,25,None
0,-4,-6,-7,-10,2,0,5,4,0,0,0,-30,-102,25,None
0,2,11,-19,-10,1,0,-3,-1,0,0,0,-30,-102,25,None
0,-9,-12,-3,7,-4,-5,-6,-1,0,0,0,-30,-102,25,None
0,0,6,27,10,-1,-2,1,3,0,0,0,-30,-102,25,None
0,0,-6,-13,-18,1,-11,-10,-4,0,0,0,-30,-102,25,None
0,0,-6,-13,-18,1,-11,-10,-4,0,0,0,-30,-102,25,None
0,0,-6,-13,-18,1,-11,-10,-4,0,0,0,-28,-104,30,None
0,-1,4,16,15,-6,4,0,0,0,0,0,-28,-104,30,None
0,-2,-2,3,8,-1,-2,0,2,0,0,0,-28,-104,30,None
0,0,2,6,-11,6,4,4,1,0,0,0,-28,-104,30,None
0,3,11,5,10,8,15,3,0,0,0,0,-28,-104,30,None
0,3,11,5,10,8,15,3,0,0,0,0,-28,-104,30,None
0,3,11,5,10,8,15,3,0,0,0,0,-23,-100,33,None
0,-6,-6,-10,-3,-8,-11,-6,-4,0,0,0,-23,-100,33,None
0,-2,-1,7,-2,-2,-5,-5,-2,0,0,0,-23,-100,33,None
0,0,4,-3,-10,-4,-2,-3,-6,0,0,0,-23,-100,33,None
0,-1,12,10,21,7,-6,-11,-10,0,0,0,-23,-100,33,None
0,-1,12,10,21,7,-6,-11,-10,0,0,0,-23,-100,33,None
0,-1,12,10,21,7,-6,-11,-10,0,0,0,-19,-95,32,None
0,-13,-23,-50,-29,-7,-17,-17,-10,0,0,0,-19,-95,32,None
0,-1,-2,-4,12,5,11,10,4,0,0,0,-19,-95,32,None
0,-4,4,12,3,9,14,6,-4,0,0,0,-19,-95,32,None
0,3,2,-1,9,-1,3,3,1,0,0,0,-19,-95,32,None
0,3,2,-1,9,-1,3,3,1,0,0,0,-19,-95,32,None
0,3,2,-1,9,-1,3,3,1,0,0,0,-18,-97,30,None
0,2,-1,-21,-13,0,-8,-7,-4,0,0,0,-18,-97,30,None
0,0,6,13,17,-4,-4,-2,-3,0,0,0,-18,-97,30,None
0,-3,-6,-10,-26,-18,-8,-4,3,0,0,0,-18,-97,30,None
0,5,4,3,16,6,4,3,3,0,0,0,-18,-97,30,None
0,5,4,3,16,6,4,3,3,0,0,0,-18,-97,30,None
0,5,4,3,16,6,4,3,3,0,0,0,-16,-98,29,None
0,-7,-14,-18,-5,1,1,1,-4,0,0,0,-16,-98,29,None
0,1,9,7,-17,2,1,4,3,0,0,0,-16,-98,29,None
0,0,-4,10,11,1,-9,-3,2,0,0,0,-16,-98,29,None
0,0,1,-7,-12,-4,-9,-5,-1,0,0,0,-16,-98,29,None
0,0,1,-7,-12,-4,-9,-5,-1,0,0,0,-16,-98,29,None
0,0,1,-7,-12,-4,-9,-5,-1,0,0,0,-13,-99,30,None
0,4,2,42,11,-7,3,1,5,0,0,0,-13,-99,30,None
0,-3,2,19,-16,-6,1,2,-2,0,0,0,-13,-99,30,None
0,0,-1,-14,-3,3,-1,-10,-6,0,0,0,-13,-99,30,None
0,0,6,-8,-5,1,10,8,2,0,0,0,-13,-99,30,None
0,0,6,-8,-5,1,10,8,2,0,0,0,-13,-99,30,None
0,0,6,-8,-5,1,10,8,2,0,0,0,-10,-101,31,None
0,-3,-2,2,13,7,-3,-11,-5,0,0,0,-10,-101,31,None
0,1,2,22,16,0,-10,10,10,0,0,0,-10,-101,31,None
0,-12,-23,-48,-23,-9,0,-5,-16,0,0,0,-10,-101,31,None
0,-2,-8,-20,-9,3,5,-6,-3,0,0,0,-10,-101,31,None
0,-2,-8,-20,-9,3,5,-6,-3,0,0,0,-10,-101,31,None
0,-2,-8,-20,-9,3,5,-6,-3,0,0,0,-12,-103,32,None
0,3,16,27,5,2,-9,-9,0,0,0,0,-12,-103,32,None
0,-6,-1,-26,-2,-2,-6,-5,0,0,0,0,-12,-103,32,None
0,12,11,22,14,1,2,-2,-2,0,0,0,-12,-103,32,None
0,-4,-2,14,-9,1,-10,2,3,0,0,0,-12,-103,32,None
0,-4,-2,14,-9,1,-10,2,3,0,0,0,-12,-103,32,None
0,-4,-2,14,-9,1,-10,2,3,0,0,0,-17,-105,33,None
0,2,5,-10,-5,2,6,5,1,0,0,0,-17,-105,33,None
0,-2,4,5,4,0,8,-5,-4,0,0,0,-17,-105,33,None
0,2,14,-3,4,9,-1,0,3,0,0,0,-17,-105,33,None
0,-7,-17,-29,-22,-16,-18,-18,-4,0,0,0,-17,-105,33,None
0,-7,-17,-29,-22,-16,-18,-18,-4,0,0,0,-17,-105,33,None
0,-7,-17,-29,-22,-16,-18,-18,-4,0,0,0,-15,-109,36,None
0,3,0,-13,-20,-3,4,18,13,0,0,0,-15,-109,36,None
0,3,1,-31,-16,15,14,10,-8,0,0,0,-15,-109,36,None
0,-2,5,29,33,5,9,9,2,0,0,0,-15,-109,36,None
0,-8,-9,6,-17,-11,-22,-12,-4,0,0,0,-15,-109,36,None
0,-8,-9,6,-17,-11,-22,-12,-4,0,0,0,-15,-109,36,None
0,-8,-9,6,-17,-11,-22,-12,-4,0,0,0,-11,-104,37,None
0,-3,1,3,5,-1,-2,0,-3,0,0,0,-11,-104,37,None
0,-4,-8,-13,-12,-3,-4,-9,-5,0,0,0,-11,-104,37,None
0,2,2,11,18,4,-4,-8,4,0,0,0,-11,-104,37,None
0,-19,-2,1,-2,3,8,4,-5,0,0,0,-11,-104,37,None
0,-19,-2,1,-2,3,8,4,-5,0,0,0,-11,-104,37,None
0,-19,-2,1,-2,3,8,4,-5,0,0,0,-11,-95,37,None
0,28,-2,-30,5,2,-5,-6,-5,0,0,0,-11,-95,37,None
0,0,-1,-11,-2,1,-2,-2,-1,0,0,0,-11,-95,37,None
0,0,1,-22,10,-2,-2,-3,-1,0,0,0,-11,-95,37,None
0,3,9,-6,-2,4,10,8,1,0,0,0,-11,-95,37,None
0,3,9,-6,-2,4,10,8,1,0,0,0,-11,-95,37,None
0,3,9,-6,-2,4,10,8,1,0,0,0,-9,-98,38,None
0,-17,5,53,-1,-3,-13,1,0,0,0,0,-9,-98,38,None
0,18,0,-13,7,4,-4,-11,2,0,0,0,-9,-98,38,None
0,-6,0,-33,-14,-2,-1,-3,-6,0,0,0,-9,-98,38,None
0,1,10,30,15,8,12,5,-11,0,0,0,-9,-98,38,None
0,1,10,30,15,8,12,5,-11,0,0,0,-9,-98,38,None
0,1,10,30,15,8,12,5,-11,0,0,0,-5,-97,39,None
0,-8,-7,-10,5,-4,-4,-14,-6,0,0,0,-5,-97,39,None
0,-3,10,25,-8,-5,-10,-4,-5,0,0,0,-5,-97,39,None
0,-8,-16,-6,-12,7,5,1,-3,0,0,0,-5,-97,39,None
0,6,-5,-4,13,-3,-1,-1,6,0,0,0,-5,-97,39,None
0,6,-5,-4,13,-3,-1,-1,6,0,0,0,-5,-97,39,None
0,6,-5,-4,13,-3,-1,-1,6,0,0,0,-3,-97,39,None
0,5,13,-2,-1,3,6,8,4,0,0,0,-3,-97,39,None
0,-4,-5,22,23,4,0,-4,0,0,0,0,-3,-97,39,None
0,-5,-5,-14,-34,-5,-15,-2,-4,0,0,0,-3,-97,39,None
0,2,-1,-8,16,6,-13,-9,-1,0,0,0,-3,-97,39,None
0,2,-1,-8,16,6,-13,-9,-1,0,0,0,-3,-97,39,None
0,2,-1,-8,16,6,-13,-9,-1,0,0,0,-3,-96,40,None
0,-5,0,0,1,0,12,3,-6,0,0,0,-3,-96,40,None
0,0,-2,-8,1,4,8,6,5,0,0,0,-3,-96,40,None
0,2,7,-7,-15,-2,-4,-8,-3,0,0,0,-3,-96,40,None
0,0,-2,34,22,-2,0,6,1,0,0,0,-3,-96,40,None
0,0,-2,34,22,-2,0,6,1,0,0,0,-3,-96,40,None
0,0,-2,34,22,-2,0,6,1,0,0,0,-2,-91,40,None
0,-7,-15,-57,-28,-1,-6,-2,2,0,0,0,-2,-91,40,None
0,-4,4,3,10,3,0,-2,-3,0,0,0,-2,-91,40,None
0,-1,3,46,15,-3,-5,-16,-5,0,0,0,-2,-91,40,None
0,3,11,-4,-6,-4,-6,2,4,0,0,0,-2,-91,40,None
0,3,11,-4,-6,-4,-6,2,4,0,0,0,-2,-91,40,None
0,3,11,-4,-6,-4,-6,2,4,0,0,0,-3,-88,38,None
0,-8,-2,2,11,-2,-1,-2,-3,0,0,0,-3,-88,38,None
0,3,-1,-6,-3,-2,-4,1,-2,0,0,0,-3,-88,38,None
0,18,17,-14,-20,4,8,11,8,0,0,0,-3,-88,38,None
0,-4,-1,22,24,5,3,0,1,0,0,0,-3,-88,38,None
0,-4,-1,22,24,5,3,0,1,0,0,0,-3,-88,38,None
0,-4,-1,22,24,5,3,0,1,0,0,0,-3,-96,36,None
0,1,12,-3,-11,1,4,1,-1,0,0,0,-3,-96,36,None
0,-7,-5,-22,-4,-2,-6,-6,1,0,0,0,-3,-96,36,None
0,-7,1,3,8,1,4,10,-5,0,0,0,-3,-96,36,None
0,5,1,-23,-13,-3,-3,0,-3,0,0,0,-3,-96,36,None
0,5,1,-23,-13,-3,-3,0,-3,0,0,0,-3,-96,36,None
0,5,1,-23,-13,-3,-3,0,-3,0,0,0,0,-103,40,None
0,14,8,14,-2,3,5,2,0,0,0,0,0,-103,40,None
0,-32,-13,11,0,-4,-4,-9,-6,0,0,0,0,-103,40,None
0,-16,-7,-18,-8,0,-5,-3,-2,0,0,0,0,-103,40,None
0,11,8,-4,1,6,5,6,6,0,0,0,0,-103,40,None
0,11,8,-4,1,6,5,6,6,0,0,0,0,-103,40,None
0,11,8,-4,1,6,5,6,6,0,0,0,1,-97,40,None
0,6,-4,9,0,-1,-2,-11,-2,0,0,0,1,-97,40,None
0,-9,-3,-20,1,3,1,3,-3,0,0,0,1,-97,40,None
0,-8,-17,15,-8,-4,-8,-6,7,0,0,0,1,-97,40,None
0,-19,4,3,-14,-1,7,3,-13,0,0,0,1,-97,40,None
0,-19,4,3,-14,-1,7,3,-13,0,0,0,1,-97,40,None
0,-19,4,3,-14,-1,7,3,-13,0,0,0,-1,-89,42,None
0,-23,6,6,9,4,4,9,-6,0,0,0,-1,-89,42,None
0,22,3,-1,6,0,-5,-5,0,0,0,0,-1,-89,42,None
0,-2,2,2,7,2,1,-4,-1,0,0,0,-1,-89,42,None
0,8,1,-20,-8,0,3,-1,2,0,0,0,-1,-89,42,None
0,8,1,-20,-8,0,3,-1,2,0,0,0,-1,-89,42,None
0,8,1,-20,-8,0,3,-1,2,0,0,0,-4,-86,43,None
0,-1,-7,-14,-14,2,-7,-11,1,0,0,0,-4,-86,43,None
0,-4,-4,-24,-13,-10,-2,1,-1,0,0,0,-4,-86,43,None
0,2,2,5,19,4,4,7,-1,0,0,0,-4,-86,43,None
0,6,0,-26,-6,2,-1,-4,1,0,0,0,-4,-86,43,None
0,6,0,-26,-6,2,-1,-4,1,0,0,0,-4,-86,43,None
0,6,0,-26,-6,2,-1,-4,1,0,0,0,0,-90,42,None
0,0,-5,-18,-5,-1,-5,-3,-1,0,0,0,0,-90,42,None
0,-7,7,28,-1,6,5,2,-1,0,0,0,0,-90,42,None
0,12,1,-51,-12,-5,-2,0,-2,0,0,0,0,-90,42,None
0,-4,-4,1,-4,1,-2,-2,-1,0,0,0,0,-90,42,None
0,-4,-4,1,-4,1,-2,-2,-1,0,0,0,0,-90,42,None
0,-4,-4,1,-4,1,-2,-2,-1,0,0,0,2,-92,42,None
0,-3,4,-5,16,3,0,-4,-4,0,0,0,2,-92,42,None
0,11,9,21,-7,1,2,-2,-1,0,0,0,2,-92,42,None
0,-32,-15,7,-3,-1,-5,0,0,0,0,0,2,-92,42,None
0,-2,-1,0,-2,-2,-8,-11,-8,0,0,0,2,-92,42,None
0,-2,-1,0,-2,-2,-8,-11,-8,0,0,0,2,-92,42,None
0,-2,-1,0,-2,-2,-8,-11,-8,0,0,0,4,-93,42,None
0,13,1,-10,-1,-3,1,5,3,0,0,0,4,-93,42,None
0,17,4,13,1,2,0,-2,-2,0,0,0,4,-93,42,None
0,-36,-9,13,14,-2,-2,-6,-4,0,0,0,4,-93,42,None
0,17,6,-15,-12,-1,2,-1,2,0,0,0,4,-93,42,None
0,17,6,-15,-12,-1,2,-1,2,0,0,0,4,-93,42,None
0,17,6,-15,-12,-1,2,-1,2,0,0,0,4,-89,42,None
0,-4,3,35,8,0,0,3,0,0,0,0,4,-89,42,None
0,-4,-2,-19,-2,2,-2,-1,-3,0,0,0,4,-89,42,None
0,19,5,-2,5,1,3,-4,0,0,0,0,4,-89,42,None
0,-1,3,-5,3,2,0,1,1,0,0,0,4,-89,42,None
0,-1,3,-5,3,2,0,1,1,0,0,0,4,-89,42,None
0,-1,3,-5,3,2,0,1,1,0,0,0,4,-87,42,None
0,-9,-10,-23,-18,-3,-6,-4,0,0,0,0,4,-87,42,None
0,3,-2,-9,-5,-1,-4,0,-1,0,0,0,4,-87,42,None
0,8,6,1,8,4,1,2,-2,0,0,0,4,-87,42,None
0,-10,-4,1,-12,-3,-3,-5,-2,0,0,0,4,-87,42,None
0,-10,-4,1,-12,-3,-3,-5,-2,0,0,0,4,-87,42,None
0,-10,-4,1,-12,-3,-3,-5,-2,0,0,0,3,-86,42,None
0,3,-1,13,25,4,0,6,0,0,0,0,3,-86,42,None
0,-12,-3,-22,-12,-4,-1,-10,-3,0,0,0,3,-86,42,None
0,5,6,4,-1,1,1,7,1,0,0,0,3,-86,42,None
0,1,-11,-11,-11,-3,-7,-11,-4,0,0,0,3,-86,42,None
0,1,-11,-11,-11,-3,-7,-11,-4,0,0,0,3,-86,42,None
0,1,-11,-11,-11,-3,-7,-11,-4,0,0,0,2,-87,43,None
0,0,11,6,-4,2,3,6,-2,0,0,0,2,-87,43,None
0,-4,-2,6,9,3,-1,-2,-4,0,0,0,2,-87,43,None
0,18,5,-30,-8,0,-4,-5,0,0,0,0,2,-87,43,None
0,-2,-4,7,1,-1,-2,3,-10,0,0,0,2,-87,43,None
0,-2,-4,7,1,-1,-2,3,-10,0,0,0,2,-87,43,None
0,-2,-4,7,1,-1,-2,3,-10,0,0,0,2,-90,43,None
0,-37,-5,-13,-8,0,1,6,9,0,0,0,2,-90,43,None
0,10,0,-10,4,1,-3,0,-1,0,0,0,2,-90,43,None
0,17,0,-25,-2,-1,-7,-6,-2,0,0,0,2,-90,43,None
0,-1,1,2,-6,1,4,-1,-6,0,0,0,2,-90,43,None
0,-1,1,2,-6,1,4,-1,-6,0,0,0,2,-90,43,None
0,-1,1,2,-6,1,4,-1,-6,0,0,0,1,-92,44,None
0,-31,-4,-12,18,5,5,-3,-7,0,0,0,1,-92,44,None
0,3,0,-14,-14,-2,-3,-1,4,0,0,0,1,-92,44,None
0,-6,-13,0,-11,-4,-2,-3,-5,0,0,0,1,-92,44,None
0,-1,1,22,5,1,0,1,7,0,0,0,1,-92,44,None
0,-1,1,22,5,1,0,1,7,0,0,0,1,-92,44,None
0,-1,1,22,5,1,0,1,7,0,0,0,0,-92,44,None
0,23,3,-1,-3,1,-5,-5,-3,0,0,0,0,-92,44,None
0,-8,0,12,7,2,-3,-3,1,0,0,0,0,-92,44,None
0,-1,8,7,-8,-1,2,1,-4,0,0,0,0,-92,44,None
0,-20,-10,-15,0,-1,-2,2,4,0,0,0,0,-92,44,None
0,-20,-10,-15,0,-1,-2,2,4,0,0,0,0,-92,44,None
0,-20,-10,-15,0,-1,-2,2,4,0,0,0,0,-88,44,None
0,20,-1,1,-3,-1,-7,-7,-4,0,0,0,0,-88,44,None
0,-9,2,-7,6,2,2,1,-8,0,0,0,0,-88,44,None
0,1,-1,4,7,3,1,4,0,0,0,0,0,-88,44,None
0,-3,3,2,8,0,-1,-3,4,0,0,0,0,-88,44,None
0,-3,3,2,8,0,-1,-3,4,0,0,0,0,-88,44,None
0,-3,3,2,8,0,-1,-3,4,0,0,0,0,-88,44,None
0,12,7,-3,-24,-5,0,0,-5,0,0,0,0,-88,44,None
0,11,-3,-3,-2,1,3,-1,4,0,0,0,0,-88,44,None
0,-16,-8,-5,3,4,-5,-1,-1,0,0,0,0,-88,44,None
0,-4,-1,-10,-3,0,-3,1,1,0,0,0,0,-88,44,None
0,-4,-1,-10,-3,0,-3,1,1,0,0,0,0,-88,44,None
0,-4,-1,-10,-3,0,-3,1,1,0,0,0,1,-89,44,None
0,14,-4,-4,1,-2,0,-8,-5,0,0,0,1,-89,44,None
0,9,7,9,-2,-1,-3,1,4,0,0,0,1,-89,44,None
0,-4,-5,-13,-8,-1,-1,0,0,0,0,0,1,-89,44,None
0,1,2,8,5,1,0,-2,-4,0,0,0,1,-89,44,None
0,1,2,8,5,1,0,-2,-4,0,0,0,1,-89,44,None
0,1,2,8,5,1,0,-2,-4,0,0,0,2,-90,44,None
0,-1,-1,3,-2,-1,-2,0,1,0,0,0,2,-90,44,None
0,-5,-2,-2,-8,0,0,-1,-4,0,0,0,2,-90,44,None
0,-2,3,0,3,-1,-2,-3,-2,0,0,0,2,-90,44,None
0,-1,6,-10,0,1,2,1,-4,0,0,0,2,-90,44,None
0,-1,6,-10,0,1,2,1,-4,0,0,0,2,-90,44,None
0,-1,6,-10,0,1,2,1,-4,0,0,0,1,-90,43,None
0,-10,-2,-8,-2,1,-2,3,6,0,0,0,1,-90,43,None
0,-17,-5,-8,-1,-4,-8,-15,-11,0,0,0,1,-90,43,None
0,3,9,6,5,4,4,3,1,0,0,0,1,-90,43,None
0,-2,-1,10,-6,-1,-5,-6,-6,0,0,0,1,-90,43,None
0,-2,-1,10,-6,-1,-5,-6,-6,0,0,0,1,-90,43,None
0,-2,-1,10,-6,-1,-5,-6,-6,0,0,0,0,-89,43,None
0,-2,1,12,2,1,-4,-1,-1,0,0,0,0,-89,43,None
0,-3,2,-8,7,2,4,3,-2,0,0,0,0,-89,43,None
0,-2,1,7,-5,-2,3,-1,-1,0,0,0,0,-89,43,None
0,25,-1,2,0,1,-1,-2,3,0,0,0,0,-89,43,None
0,25,-1,2,0,1,-1,-2,3,0,0,0,0,-89,43,None
0,25,-1,2,0,1,-1,-2,3,0,0,0,0,-88,44,None
0,6,4,8,6,1,2,-3,-3,0,0,0,0,-88,44,None
0,-49,-14,21,17,-1,-1,2,-5,0,0,0,0,-88,44,None
0,13,0,-18,-27,-5,-9,-7,-2,0,0,0,0,-88,44,None
0,-2,0,-9,3,1,-1,-1,3,0,0,0,0,-88,44,None
0,-2,0,-9,3,1,-1,-1,3,0,0,0,0,-88,44,None
0,-2,0,-9,3,1,-1,-1,3,0,0,0,1,-89,44,None
0,-14,1,-3,-8,0,1,0,-6,0,0,0,1,-89,44,None
0,11,0,-2,14,1,-6,-8,2,0,0,0,1,-89,44,None
0,12,6,14,0,3,-1,0,1,0,0,0,1,-89,44,None
0,-47,-11,-32,1,1,-1,2,-6,0,0,0,1,-89,44,None
0,-47,-11,-32,1,1,-1,2,-6,0,0,0,1,-89,44,None
0,-47,-11,-32,1,1,-1,2,-6,0,0,0,0,-88,44,None
0,4,-2,2,1,0,1,-7,-4,0,0,0,0,-88,44,None
0,6,-1,-1,-15,1,-2,1,0,0,0,0,0,-88,44,None
0,-1,9,16,12,1,2,-3,-3,0,0,0,0,-88,44,None
0,15,5,2,-7,-1,2,1,1,0,0,0,0,-88,44,None
0,15,5,2,-7,-1,2,1,1,0,0,0,0,-88,44,None
0,15,5,2,-7,-1,2,1,1,0,0,0,0,-89,45,None
0,-14,-5,6,12,-1,-5,-6,-2,0,0,0,0,-89,45,None
0,16,1,-14,-4,0,-3,-1,0,0,0,0,0,-89,45,None
0,-5,-4,-15,-4,1,-2,-3,-5,0,0,0,0,-89,45,None
0,-3,1,6,1,0,-5,-3,0,0,0,0,0,-89,45,None
0,-3,1,6,1,0,-5,-3,0,0,0,0,0,-89,45,None
0,-3,1,6,1,0,-5,-3,0,0,0,0,0,-89,45,None
0,-1,4,-7,0,0,-3,-2,1,0,0,0,0,-89,45,None
0,14,9,5,2,1,5,3,-2,0,0,0,0,-89,45,None
0,1,-3,1,-1,-2,0,0,-1,0,0,0,0,-89,45,None
0,3,1,1,-1,0,-2,0,-2,0,0,0,0,-89,45,None
0,3,1,1,-1,0,-2,0,-2,0,0,0,0,-89,45,None
0,3,1,1,-1,0,-2,0,-2,0,0,0,1,-89,44,None
0,-3,-2,0,-5,-1,2,1,-2,0,0,0,1,-89,44,None
0,15,9,-19,-8,-1,3,-1,1,0,0,0,1,-89,44,None
0,-11,-11,-1,8,2,-2,1,6,0,0,0,1,-89,44,None
0,1,3,-5,-3,0,-2,-5,-3,0,0,0,1,-89,44,None
0,1,3,-5,-3,0,-2,-5,-3,0,0,0,1,-89,44,None
0,1,3,-5,-3,0,-2,-5,-3,0,0,0,1,-88,45,None
0,6,2,5,9,2,0,0,0,0,0,0,1,-88,45,None
0,-5,0,2,-1,-1,-5,-2,-1,0,0,0,1,-88,45,None
0,0,1,-7,-1,-2,-2,-2,2,0,0,0,1,-88,45,None
0,4,1,1,0,1,3,-3,-3,0,0,0,1,-88,45,None
0,4,1,1,0,1,3,-3,-3,0,0,0,1,-88,45,None
0,4,1,1,0,1,3,-3,-3,0,0,0,0,-88,45,None
0,-4,-2,-2,-4,-1,0,2,1,0,0,0,0,-88,45,None
0,-2,-1,-12,3,1,-3,-2,-2,0,0,0,0,-88,45,None
0,-12,-2,7,-16,0,0,0,-6,0,0,0,0,-88,45,None
0,0,2,18,27,2,0,-3,-1,0,0,0,0,-88,45,None
0,0,2,18,27,2,0,-3,-1,0,0,0,0,-88,45,None
0,0,2,18,27,2,0,-3,-1,0,0,0,1,-88,45,None
0,-17,-5,-1,-7,-1,-3,-3,-3,0,0,0,1,-88,45,None
0,20,-2,-3,-4,0,-2,0,2,0,0,0,1,-88,45,None
0,-8,3,-16,-2,0,-2,-2,-5,0,0,0,1,-88,45,None
0,-3,-1,-5,-5,-1,-1,-1,-1,0,0,0,1,-88,45,None
0,-3,-1,-5,-5,-1,-1,-1,-1,0,0,0,1,-88,45,None
0,-3,-1,-5,-5,-1,-1,-1,-1,0,0,0,0,-88,44,None
0,6,7,-5,3,1,-4,-2,0,0,0,0,0,-88,44,None
0,-12,-2,-6,-7,0,2,1,0,0,0,0,0,-88,44,None
0,-5,6,14,9,2,1,1,-4,0,0,0,0,-88,44,None
0,7,-5,-2,-6,2,-1,2,0,0,0,0,0,-88,44,None
0,7,-5,-2,-6,2,-1,2,0,0,0,0,0,-88,44,None
0,7,-5,-2,-6,2,-1,2,0,0,0,0,0,-89,44,None
0,-11,-2,-7,-2,-1,0,-5,-4,0,0,0,0,-89,44,None
0,-6,8,13,0,2,6,2,-4,0,0,0,0,-89,44,None
0,19,4,-4,9,0,-2,-3,1,0,0,0,0,-89,44,None
0,4,0,5,10,0,-1,0,5,0,0,0,0,-89,44,None
0,4,0,5,10,0,-1,0,5,0,0,0,0,-89,44,None
0,4,0,5,10,0,-1,0,5,0,0,0,0,-89,45,None
0,6,2,-10,-24,-2,-2,-1,-1,0,0,0,0,-89,45,None
0,-13,-4,-2,-3,-1,-5,-6,-2,0,0,0,0,-89,45,None
0,-2,2,2,9,2,-2,2,2,0,0,0,0,-89,45,None
0,13,3,-20,-2,0,0,6,2,0,0,0,0,-89,45,None
0,13,3,-20,-2,0,0,6,2,0,0,0,0,-89,45,None
0,13,3,-20,-2,0,0,6,2,0,0,0,0,-89,44,None
0,-4,1,-3,0,2,1,-6,-6,0,0,0,0,-89,44,None
0,4,1,2,2,-2,-4,-3,-1,0,0,0,0,-89,44,None
0,-5,2,-1,3,-1,4,1,-2,0,0,0,0,-89,44,None
0,-11,0,4,-11,-1,-2,-1,-4,0,0,0,0,-89,44,None
0,-11,0,4,-11,-1,-2,-1,-4,0,0,0,0,-89,44,None
0,-11,0,4,-11,-1,-2,-1,-4,0,0,0,0,-88,44,None
0,-5,-4,-11,-2,0,-4,-2,0,0,0,0,0,-88,44,None
0,-11,-4,-3,1,2,-2,2,-7,0,0,0,0,-88,44,None
0,-3,-3,-3,-12,-2,0,-2,-3,0,0,0,0,-88,44,None
0,-4,-4,-12,9,3,-3,-2,1,0,0,0,0,-88,44,None
0,-4,-4,-12,9,3,-3,-2,1,0,0,0,0,-88,44,None
0,-4,-4,-12,9,3,-3,-2,1,0,0,0,0,-87,44,None
0,11,5,-11,-8,-3,-5,-6,-1,0,0,0,0,-87,44,None
0,-5,2,7,6,1,1,3,3,0,0,0,0,-87,44,None
0,0,5,7,-2,0,1,2,-1,0,0,0,0,-87,44,None
0,4,-2,-13,-6,1,-2,-5,-1,0,0,0,0,-87,44,None
0,4,-2,-13,-6,1,-2,-5,-1,0,0,0,0,-87,44,None
0,4,-2,-13,-6,1,-2,-5,-1,0,0,0,1,-88,44,None
0,-5,2,3,17,0,0,2,-1,0,0,0,1,-88,44,None
0,0,-1,0,-18,0,1,-3,0,0,0,0,1,-88,44,None
0,-3,-1,-8,-4,0,-2,-5,-2,0,0,0,1,-88,44,None
0,-8,-1,2,-5,-4,-1,-2,-4,0,0,0,1,-88,44,None
0,-8,-1,2,-5,-4,-1,-2,-4,0,0,0,1,-88,44,None
0,-8,-1,2,-5,-4,-1,-2,-4,0,0,0,0,-89,44,None
0,28,8,9,0,1,3,4,2,0,0,0,0,-89,44,None
0,-26,-13,-24,3,0,-3,-2,-3,0,0,0,0,-89,44,None
0,-15,-2,0,3,-1,-10,-3,-4,0,0,0,0,-89,44,None
0,-5,2,-14,-4,0,0,0,1,0,0,0,0,-89,44,None
0,-5,2,-14,-4,0,0,0,1,0,0,0,0,-89,44,None
0,-5,2,-14,-4,0,0,0,1,0,0,0,0,-89,44,None
0,1,-4,7,-5,-2,-3,-7,-5,0,0,0,0,-89,44,None
0,-7,1,-5,-9,-1,-2,1,0,0,0,0,0,-89,44,None
0,8,1,-2,-1,1,3,-2,-3,0,0,0,0,-89,44,None
0,5,2,-2,4,0,-1,2,2,0,0,0,0,-89,44,None
0,5,2,-2,4,0,-1,2,2,0,0,0,0,-89,44,None
0,5,2,-2,4,0,-1,2,2,0,0,0,0,-89,44,None
0,-15,-2,-2,-2,0,-3,-1,-4,0,0,0,0,-89,44,None
0,3,6,1,-1,-1,-1,-3,1,0,0,0,0,-89,44,None
0,-5,-3,-7,0,0,-1,-2,-2,0,0,0,0,-89,44,None
0,-4,1,12,0,0,-5,-4,-3,0,0,0,0,-89,44,None
0,-4,1,12,0,0,-5,-4,-3,0,0,0,0,-89,44,None
0,-4,1,12,0,0,-5,-4,-3,0,0,0,0,-89,44,None
0,-5,-5,-5,-3,0,-1,-1,0,0,0,0,0,-89,44,None
0,19,10,9,6,1,-1,-3,-2,0,0,0,0,-89,44,None
0,2,-11,-24,-6,2,-2,0,0,0,0,0,0,-89,44,None
0,-2,1,2,-4,1,-2,-3,-5,0,0,0,0,-89,44,None
0,-2,1,2,-4,1,-2,-3,-5,0,0,0,0,-89,44,None
0,-2,1,2,-4,1,-2,-3,-5,0,0,0,0,-88,44,None
0,-5,2,6,7,2,3,5,-2,0,0,0,0,-88,44,None
0,6,3,-1,2,0,3,2,2,0,0,0,0,-88,44,None
0,-4,0,11,-3,-1,-2,-4,-1,0,0,0,0,-88,44,None
0,-5,-1,-20,-8,0,-1,-4,-3,0,0,0,0,-88,44,None
0,-5,-1,-20,-8,0,-1,-4,-3,0,0,0,0,-88,44,None
0,-5,-1,-20,-8,0,-1,-4,-3,0,0,0,0,-89,44,None
0,4,2,-3,-3,-1,-1,0,0,0,0,0,0,-89,44,None
0,-4,-1,-2,3,1,-5,-2,-2,0,0,0,0,-89,44,None
0,2,0,1,7,2,-2,-2,-1,0,0,0,0,-89,44,None
0,-15,-1,2,-8,-1,0,-1,-6,0,0,0,0,-89,44,None
0,-15,-1,2,-8,-1,0,-1,-6,0,0,0,0,-89,44,None
0,-15,-1,2,-8,-1,0,-1,-6,0,0,0,1,-89,45,None
0,9,2,-2,4,-1,-2,-1,2,0,0,0,1,-89,45,None
0,3,-4,-10,-3,-1,-1,-3,-1,0,0,0,1,-89,45,None
0,-2,3,15,6,0,4,4,3,0,0,0,1,-89,45,None
0,-22,-3,-9,-7,0,-1,-7,-10,0,0,0,1,-89,45,None
0,-22,-3,-9,-7,0,-1,-7,-10,0,0,0,1,-89,45,None
0,-22,-3,-9,-7,0,-1,-7,-10,0,0,0,0,-88,45,None
0,2,0,-6,5,1,-3,-1,1,0,0,0,0,-88,45,None
0,-2,-2,4,-8,0,-1,3,2,0,0,0,0,-88,45,None
0,5,4,9,3,1,0,-5,-8,0,0,0,0,-88,45,None
0,16,-5,-30,-5,-2,-6,-3,2,0,0,0,0,-88,45,None
0,16,-5,-30,-5,-2,-6,-3,2,0,0,0,0,-88,45,None
0,16,-5,-30,-5,-2,-6,-3,2,0,0,0,0,-88,45,None
0,-22,-8,11,-5,-2,-5,-5,-3,0,0,0,0,-88,45,None
