0,-2,-1,-7,-14,-11,-9,-2,0,0,0,0,-54,-87,28,None
0,-2,2,5,20,5,11,3,-3,0,0,0,-54,-87,28,None
0,-1,-1,3,0,8,8,2,0,0,0,0,-54,-87,28,None
0,-1,-1,3,0,8,8,2,0,0,0,0,-54,-87,28,None
0,-1,-1,3,0,8,8,2,0,0,0,0,-58,-83,26,None
0,-1,0,-7,-25,-2,-6,-6,-3,0,0,0,-58,-83,26,None
0,-1,0,-1,26,-15,-17,-7,-3,0,0,0,-58,-83,26,None
0,1,6,10,6,17,14,8,0,0,0,0,-58,-83,26,None
0,-3,-3,-7,-2,-3,-1,-3,0,0,0,0,-58,-83,26,None
0,-3,-3,-7,-2,-3,-1,-3,0,0,0,0,-58,-83,26,None
0,-3,-3,-7,-2,-3,-1,-3,0,0,0,0,-61,-78,26,None
0,-1,-1,-3,0,-10,-7,-3,-3,0,0,0,-61,-78,26,None
0,-2,0,-2,-25,0,7,0,-3,0,0,0,-61,-78,26,None
0,-4,-2,-9,2,-3,-11,-9,-1,0,0,0,-61,-78,26,None
0,0,-1,-10,-10,-2,-12,-6,-3,0,0,0,-61,-78,26,None
0,0,-1,-10,-10,-2,-12,-6,-3,0,0,0,-61,-78,26,None
0,0,-1,-10,-10,-2,-12,-6,-3,0,0,0,-62,-74,27,None
0,-1,0,-1,14,0,12,6,2,0,0,0,-62,-74,27,None
0,0,1,1,-8,-1,4,5,0,0,0,0,-62,-74,27,None
0,-1,-3,-6,-7,2,-1,-9,-1,0,0,0,-62,-74,27,None
0,-1,1,0,-11,-6,-11,-5,-4,0,0,0,-62,-74,27,None
0,-1,1,0,-11,-6,-11,-5,-4,0,0,0,-62,-74,27,None
0,-1,1,0,-11,-6,-11,-5,-4,0,0,0,-61,-68,27,None
0,-2,1,5,5,-3,0,-1,-3,0,0,0,-61,-68,27,None
0,-2,-1,3,28,11,-1,-2,-1,0,0,0,-61,-68,27,None
0,0,-1,-5,-4,-9,-1,0,0,0,0,0,-61,-68,27,None
0,-3,1,2,-8,-11,-4,-1,-3,0,0,0,-61,-68,27,None
0,-3,1,2,-8,-11,-4,-1,-3,0,0,0,-61,-68,27,None
0,-3,1,2,-8,-11,-4,-1,-3,0,0,0,-64,-61,26,None
0,-2,0,1,3,5,-1,-1,0,0,0,0,-64,-61,26,None
0,0,-3,-15,-20,5,-1,-4,-2,0,0,0,-64,-61,26,None
0,2,9,14,15,9,11,9,3,0,0,0,-64,-61,26,None
0,-2,-9,-9,0,1,1,-1,-2,0,0,0,-64,-61,26,None
0,-2,-9,-9,0,1,1,-1,-2,0,0,0,-64,-61,26,None
0,-2,-9,-9,0,1,1,-1,-2,0,0,0,-68,-54,28,None
0,-2,0,-2,-5,-7,-6,-3,-1,0,0,0,-68,-54,28,None
0,-2,0,1,-2,2,-2,-2,-3,0,0,0,-68,-54,28,None
0,-3,1,0,6,-1,-5,-4,-3,0,0,0,-68,-54,28,None
0,2,5,0,-6,1,-3,0,0,0,0,0,-68,-54,28,None
0,2,5,0,-6,1,-3,0,0,0,0,0,-68,-54,28,None
0,2,5,0,-6,1,-3,0,0,0,0,0,-67,-48,26,None
0,-2,1,6,30,10,4,2,1,0,0,0,-67,-48,26,None
0,-1,2,-6,-11,-7,5,0,-2,0,0,0,-67,-48,26,None
0,0,3,1,-17,0,-1,-1,-1,0,0,0,-67,-48,26,None
0,-3,-2,-8,6,-3,-4,-3,0,0,0,0,-67,-48,26,None
0,-3,-2,-8,6,-3,-4,-3,0,0,0,0,-67,-48,26,None
0,-3,-2,-8,6,-3,-4,-3,0,0,0,0,-67,-43,26,None
0,0,0,-10,-15,0,0,-1,-2,0,0,0,-67,-43,26,None
0,-3,0,10,22,6,-3,-2,-2,0,0,0,-67,-43,26,None
0,-2,-7,-11,-7,-7,-4,-3,-2,0,0,0,-67,-43,26,None
0,-1,2,-3,-7,1,-4,-1,-1,0,0,0,-67,-43,26,None
0,-1,2,-3,-7,1,-4,-1,-1,0,0,0,-67,-43,26,None
0,-1,2,-3,-7,1,-4,-1,-1,0,0,0,-68,-39,26,None
0,0,3,1,4,5,5,0,0,0,0,0,-68,-39,26,None
0,-3,-4,-9,3,0,0,-1,-1,0,0,0,-68,-39,26,None
0,3,9,17,-1,-1,0,0,-1,0,0,0,-68,-39,26,None
0,0,3,7,4,3,0,-2,-1,0,0,0,-68,-39,26,None
0,0,3,7,4,3,0,-2,-1,0,0,0,-68,-39,26,None
0,0,3,7,4,3,0,-2,-1,0,0,0,-70,-33,27,None
0,-4,-4,-5,6,4,-2,3,2,0,0,0,-70,-33,27,None
0,-1,13,-37,-44,-11,-12,-8,-4,0,0,0,-70,-33,27,None
0,-2,-5,5,11,5,3,0,-1,0,0,0,-70,-33,27,None
0,1,4,9,1,-2,-1,-1,1,0,0,0,-70,-33,27,None
0,1,4,9,1,-2,-1,-1,1,0,0,0,-70,-33,27,None
0,1,4,9,1,-2,-1,-1,1,0,0,0,-71,-28,25,None
0,-2,-3,0,0,-5,-2,-4,-3,0,0,0,-71,-28,25,None
0,-3,1,-25,2,7,1,-1,-3,0,0,0,-71,-28,25,None
0,-2,-2,-5,7,-4,-2,-2,-1,0,0,0,-71,-28,25,None
0,0,5,11,0,7,3,1,1,0,0,0,-71,-28,25,None
0,0,5,11,0,7,3,1,1,0,0,0,-71,-28,25,None
0,0,5,11,0,7,3,1,1,0,0,0,-73,-23,25,None
0,-1,2,-11,-2,-4,-3,0,-3,0,0,0,-73,-23,25,None
0,1,0,21,9,4,2,-1,-1,0,0,0,-73,-23,25,None
0,-4,-1,-20,-12,5,2,0,-1,0,0,0,-73,-23,25,None
0,-1,-6,-5,16,-7,-4,-2,-3,0,0,0,-73,-23,25,None
0,-1,-6,-5,16,-7,-4,-2,-3,0,0,0,-73,-23,25,None
0,-1,-6,-5,16,-7,-4,-2,-3,0,0,0,-77,-18,26,None
0,1,6,3,-9,2,-1,-1,-2,0,0,0,-77,-18,26,None
0,-1,-1,-5,-9,-2,-5,-5,0,0,0,0,-77,-18,26,None
0,-1,-6,0,11,-1,-5,-2,-1,0,0,0,-77,-18,26,None
0,-1,7,-2,-2,5,5,3,0,0,0,0,-77,-18,26,None
0,-1,7,-2,-2,5,5,3,0,0,0,0,-77,-18,26,None
0,-1,7,-2,-2,5,5,3,0,0,0,0,-78,-15,25,None
0,-2,-2,-11,-16,-9,-6,-4,0,0,0,0,-78,-15,25,None
0,3,28,-8,2,-4,-1,-2,-2,0,0,0,-78,-15,25,None
0,-1,-1,-10,-8,2,-3,-3,-3,0,0,0,-78,-15,25,None
0,-1,-5,-6,3,10,7,1,-1,0,0,0,-78,-15,25,None
0,-1,-5,-6,3,10,7,1,-1,0,0,0,-78,-15,25,None
0,-1,-5,-6,3,10,7,1,-1,0,0,0,-78,-17,26,None
0,1,-3,0,10,1,-5,-4,-1,0,0,0,-78,-17,26,None
0,-3,-3,2,-15,-5,1,0,-1,0,0,0,-78,-17,26,None
0,-2,2,-8,-11,-1,-1,0,-3,0,0,0,-78,-17,26,None
0,-2,-2,-16,12,-3,-7,-6,-2,0,0,0,-78,-17,26,None
0,-2,-2,-16,12,-3,-7,-6,-2,0,0,0,-78,-17,26,None
0,-2,-2,-16,12,-3,-7,-6,-2,0,0,0,-83,-10,26,None
0,-3,-17,22,4,6,2,1,1,0,0,0,-83,-10,26,None
0,-2,-5,14,7,2,3,0,-1,0,0,0,-83,-10,26,None
0,-2,5,-9,-2,-5,-5,-3,-3,0,0,0,-83,-10,26,None
0,-4,-9,1,1,1,-4,-3,-3,0,0,0,-83,-10,26,None
0,-4,-9,1,1,1,-4,-3,-3,0,0,0,-83,-10,26,None
0,-4,-9,1,1,1,-4,-3,-3,0,0,0,-83,-8,28,None
0,-1,5,-15,-12,-6,-2,-2,-3,0,0,0,-83,-8,28,None
0,-1,-8,7,0,1,-1,-2,-1,0,0,0,-83,-8,28,None
0,-2,-8,-6,11,4,-6,-4,-1,0,0,0,-83,-8,28,None
0,-1,6,-3,-11,-8,-1,-2,-2,0,0,0,-83,-8,28,None
0,-1,6,-3,-11,-8,-1,-2,-2,0,0,0,-83,-8,28,None
0,-1,6,-3,-11,-8,-1,-2,-2,0,0,0,-83,-12,28,None
0,1,11,13,9,11,8,4,-1,0,0,0,-83,-12,28,None
0,1,4,-2,-22,-5,-4,-2,-1,0,0,0,-83,-12,28,None
0,-5,-2,0,31,1,-8,-8,-6,0,0,0,-83,-12,28,None
0,3,10,23,-6,-8,-1,-1,1,0,0,0,-83,-12,28,None
0,3,10,23,-6,-8,-1,-1,1,0,0,0,-83,-12,28,None
0,3,10,23,-6,-8,-1,-1,1,0,0,0,-78,-11,29,None
0,-2,-5,-19,-5,-4,-4,-3,0,0,0,0,-78,-11,29,None
0,-3,-3,10,7,7,0,0,-4,0,0,0,-78,-11,29,None
0,3,2,-13,-13,-2,6,5,1,0,0,0,-78,-11,29,None
0,-2,2,8,6,5,-1,0,-1,0,0,0,-78,-11,29,None
0,-2,2,8,6,5,-1,0,-1,0,0,0,-78,-11,29,None
0,-2,2,8,6,5,-1,0,-1,0,0,0,-81,-6,30,None
0,-3,-1,-7,3,-5,-4,-3,-4,0,0,0,-81,-6,30,None
0,0,-3,-5,-6,5,4,1,1,0,0,0,-81,-6,30,None
0,1,6,2,10,12,1,0,0,0,0,0,-81,-6,30,None
0,-2,-5,-5,-7,-19,-3,-3,-2,0,0,0,-81,-6,30,None
0,-2,-5,-5,-7,-19,-3,-3,-2,0,0,0,-81,-6,30,None
0,-2,-5,-5,-7,-19,-3,-3,-2,0,0,0,-85,-8,30,None
0,1,12,10,-7,7,-5,-3,-1,0,0,0,-85,-8,30,None
0,-5,2,-2,9,3,1,0,-3,0,0,0,-85,-8,30,None
0,-3,-23,-3,3,-2,0,1,1,0,0,0,-85,-8,30,None
0,0,5,8,-6,7,-5,-3,-1,0,0,0,-85,-8,30,None
0,0,5,8,-6,7,-5,-3,-1,0,0,0,-85,-8,30,None
0,0,5,8,-6,7,-5,-3,-1,0,0,0,-85,-12,31,None
0,-3,2,-11,-11,-11,-2,-4,-4,0,0,0,-85,-12,31,None
0,-2,-11,17,13,0,0,0,0,0,0,0,-85,-12,31,None
0,0,-23,29,-10,3,1,3,3,0,0,0,-85,-12,31,None
0,-2,-2,-15,-6,4,-2,-2,0,0,0,0,-85,-12,31,None
0,-2,-2,-15,-6,4,-2,-2,0,0,0,0,-85,-12,31,None
0,-2,-2,-15,-6,4,-2,-2,0,0,0,0,-83,-17,31,None
0,-6,-28,-13,6,-1,0,-2,-4,0,0,0,-83,-17,31,None
0,-1,-2,2,-9,-2,-4,-5,1,0,0,0,-83,-17,31,None
0,3,20,-12,-7,-3,1,0,0,0,0,0,-83,-17,31,None
0,-3,2,18,22,2,3,0,-4,0,0,0,-83,-17,31,None
0,-3,2,18,22,2,3,0,-4,0,0,0,-83,-17,31,None
0,-3,2,18,22,2,3,0,-4,0,0,0,-81,-16,31,None
0,-6,-8,-38,-26,-4,-7,-6,-4,0,0,0,-81,-16,31,None
0,2,-6,1,3,2,-3,1,2,0,0,0,-81,-16,31,None
0,-1,4,12,15,3,5,0,-2,0,0,0,-81,-16,31,None
0,-1,2,-19,-30,-7,-5,-3,-2,0,0,0,-81,-16,31,None
0,-1,2,-19,-30,-7,-5,-3,-2,0,0,0,-81,-16,31,None
0,-1,2,-19,-30,-7,-5,-3,-2,0,0,0,-82,-18,30,None
0,0,2,-16,-6,-2,-2,-1,-2,0,0,0,-82,-18,30,None
0,-1,3,4,14,1,2,-1,-2,0,0,0,-82,-18,30,None
0,-2,10,1,-8,3,-1,-3,-4,0,0,0,-82,-18,30,None
0,-2,-10,-8,-8,2,-1,0,1,0,0,0,-82,-18,30,None
0,-2,-10,-8,-8,2,-1,0,1,0,0,0,-82,-18,30,None
0,-2,-10,-8,-8,2,-1,0,1,0,0,0,-81,-18,31,None
0,1,9,16,6,-2,-4,-2,1,0,0,0,-81,-18,31,None
0,-2,-4,-18,-5,1,-1,-1,-4,0,0,0,-81,-18,31,None
0,1,14,-6,-3,-5,-4,-2,-1,0,0,0,-81,-18,31,None
0,-1,0,0,0,5,1,0,0,0,0,0,-81,-18,31,None
0,-1,0,0,0,5,1,0,0,0,0,0,-81,-18,31,None
0,-1,0,0,0,5,1,0,0,0,0,0,-78,-19,30,None
0,2,9,12,11,3,2,1,-2,0,0,0,-78,-19,30,None
0,-2,0,1,-2,1,1,-1,-2,0,0,0,-78,-19,30,None
0,-2,4,-3,-1,-3,-6,-5,-5,0,0,0,-78,-19,30,None
0,-1,6,-4,2,1,-1,-2,-2,0,0,0,-78,-19,30,None
0,-1,6,-4,2,1,-1,-2,-2,0,0,0,-78,-19,30,None
0,-1,6,-4,2,1,-1,-2,-2,0,0,0,-80,-18,28,None
0,-2,-1,-10,-2,-3,2,1,-1,0,0,0,-80,-18,28,None
0,-1,3,5,12,-1,-5,-5,-1,0,0,0,-80,-18,28,None
0,-1,-1,-4,-8,-3,-1,-3,-2,0,0,0,-80,-18,28,None
0,0,2,2,3,2,-1,-1,-1,0,0,0,-80,-18,28,None
0,0,2,2,3,2,-1,-1,-1,0,0,0,-80,-18,28,None
0,0,2,2,3,2,-1,-1,-1,0,0,0,-81,-19,30,None
0,0,2,11,13,6,2,0,-2,0,0,0,-81,-19,30,None
0,-1,-4,-18,-22,-4,-3,-2,0,0,0,0,-81,-19,30,None
0,-2,-3,-12,-19,-3,-1,1,-1,0,0,0,-81,-19,30,None
0,-1,1,9,27,5,2,1,-1,0,0,0,-81,-19,30,None
0,-1,1,9,27,5,2,1,-1,0,0,0,-81,-19,30,None
0,-1,1,9,27,5,2,1,-1,0,0,0,-78,-24,30,None
0,-2,2,-3,8,1,-2,-4,-3,0,0,0,-78,-24,30,None
0,-2,-11,3,7,1,0,3,0,0,0,0,-78,-24,30,None
0,-3,-3,-9,-16,-2,1,-6,-4,0,0,0,-78,-24,30,None
0,-1,3,-12,-9,1,-3,-2,-2,0,0,0,-78,-24,30,None
0,-1,3,-12,-9,1,-3,-2,-2,0,0,0,-78,-24,30,None
0,-1,3,-12,-9,1,-3,-2,-2,0,0,0,-76,-28,31,None
0,-1,3,9,7,1,-4,-2,0,0,0,0,-76,-28,31,None
0,-2,2,-4,-2,0,3,-1,-3,0,0,0,-76,-28,31,None
0,-1,1,4,0,0,0,4,2,0,0,0,-76,-28,31,None
0,0,-4,-10,-5,-2,-5,-5,-2,0,0,0,-76,-28,31,None
0,0,-4,-10,-5,-2,-5,-5,-2,0,0,0,-76,-28,31,None
0,0,-4,-10,-5,-2,-5,-5,-2,0,0,0,-77,-30,32,None
0,1,1,5,0,1,2,2,2,0,0,0,-77,-30,32,None
0,1,1,1,-1,-2,0,-1,-1,0,0,0,-77,-30,32,None
0,-3,-1,1,5,1,-3,-2,-2,0,0,0,-77,-30,32,None
0,-2,0,-9,-1,3,0,-1,-4,0,0,0,-77,-30,32,None
0,-2,0,-9,-1,3,0,-1,-4,0,0,0,-77,-30,32,None
0,-2,0,-9,-1,3,0,-1,-4,0,0,0,-78,-34,31,None
0,-1,2,5,-8,-4,-2,-2,-2,0,0,0,-78,-34,31,None
0,0,4,-11,-1,1,-3,-4,-3,0,0,0,-78,-34,31,None
0,-3,-2,-6,-2,0,-3,-1,-1,0,0,0,-78,-34,31,None
0,-2,-1,0,-1,-2,1,1,-2,0,0,0,-78,-34,31,None
0,-2,-1,0,-1,-2,1,1,-2,0,0,0,-78,-34,31,None
0,-2,-1,0,-1,-2,1,1,-2,0,0,0,-79,-36,31,None
0,-1,-2,-2,-3,2,0,-2,2,0,0,0,-79,-36,31,None
0,-1,-2,-1,2,1,2,2,-1,0,0,0,-79,-36,31,None
0,2,3,12,24,-1,0,-3,-2,0,0,0,-79,-36,31,None
0,0,3,-6,-22,-1,-2,-2,0,0,0,0,-79,-36,31,None
0,0,3,-6,-22,-1,-2,-2,0,0,0,0,-79,-36,31,None
0,0,3,-6,-22,-1,-2,-2,0,0,0,0,-79,-42,32,None
0,-2,0,5,17,0,-4,-2,-2,0,0,0,-79,-42,32,None
0,-3,4,-5,-21,-1,-1,-2,-3,0,0,0,-79,-42,32,None
0,-1,-1,3,0,3,2,0,0,0,0,0,-79,-42,32,None
0,-3,-3,8,24,0,-3,-2,-2,0,0,0,-79,-42,32,None
0,-3,-3,8,24,0,-3,-2,-2,0,0,0,-79,-42,32,None
0,-3,-3,8,24,0,-3,-2,-2,0,0,0,-77,-51,33,None
0,-1,-1,-21,-23,-2,-2,-3,-4,0,0,0,-77,-51,33,None
0,-1,2,-3,4,1,-2,-3,-3,0,0,0,-77,-51,33,None
0,0,1,-1,-21,-3,-2,-3,-2,0,0,0,-77,-51,33,None
0,-1,-2,-5,1,1,-3,-3,-2,0,0,0,-77,-51,33,None
0,-1,-2,-5,1,1,-3,-3,-2,0,0,0,-77,-51,33,None
0,-1,-2,-5,1,1,-3,-3,-2,0,0,0,-75,-54,34,None
0,0,4,6,6,3,5,1,0,0,0,0,-75,-54,34,None
0,-2,0,1,7,1,-4,-1,-3,0,0,0,-75,-54,34,None
0,-1,-4,-5,-20,-7,-6,-6,-2,0,0,0,-75,-54,34,None
0,0,-2,-3,19,2,-1,-1,0,0,0,0,-75,-54,34,None
0,0,-2,-3,19,2,-1,-1,0,0,0,0,-75,-54,34,None
0,0,-2,-3,19,2,-1,-1,0,0,0,0,-71,-58,32,None
0,0,2,8,-4,-2,6,0,-7,0,0,0,-71,-58,32,None
0,-1,1,-7,-2,1,-4,4,0,0,0,0,-71,-58,32,None
0,-1,2,5,5,-1,-1,-6,1,0,0,0,-71,-58,32,None
0,0,1,-5,-13,2,4,1,-1,0,0,0,-71,-58,32,None
0,0,1,-5,-13,2,4,1,-1,0,0,0,-71,-58,32,None
0,0,1,-5,-13,2,4,1,-1,0,0,0,-69,-63,34,None
0,-3,-8,-8,9,2,-4,-6,-6,0,0,0,-69,-63,34,None
0,2,0,-2,3,3,-1,1,7,0,0,0,-69,-63,34,None
0,-2,0,-9,5,-1,0,6,0,0,0,0,-69,-63,34,None
0,-2,-2,-12,-13,1,-1,-6,-2,0,0,0,-69,-63,34,None
0,-2,-2,-12,-13,1,-1,-6,-2,0,0,0,-69,-63,34,None
0,-2,-2,-12,-13,1,-1,-6,-2,0,0,0,-63,-70,35,None
0,-1,1,3,4,-2,-5,-2,2,0,0,0,-63,-70,35,None
0,-1,0,-7,-17,-4,1,1,-4,0,0,0,-63,-70,35,None
0,-5,-4,2,14,-2,-5,-4,-3,0,0,0,-63,-70,35,None
0,3,7,14,10,9,7,1,3,0,0,0,-63,-70,35,None
0,3,7,14,10,9,7,1,3,0,0,0,-63,-70,35,None
0,3,7,14,10,9,7,1,3,0,0,0,-56,-79,34,None
0,-3,-3,-17,-27,-4,-3,-4,-1,0,0,0,-56,-79,34,None
0,-3,-11,26,28,7,6,4,0,0,0,0,-56,-79,34,None
0,-2,-4,-28,-29,-6,-7,-7,-2,0,0,0,-56,-79,34,None
0,-1,0,-10,0,-1,-3,-1,-2,0,0,0,-56,-79,34,None
0,-1,0,-10,0,-1,-3,-1,-2,0,0,0,-56,-79,34,None
0,-1,0,-10,0,-1,-3,-1,-2,0,0,0,-50,-87,33,None
0,3,8,17,18,5,5,3,1,0,0,0,-50,-87,33,None
0,-5,0,-18,-6,-2,-8,-9,-6,0,0,0,-50,-87,33,None
0,1,6,1,-10,3,2,1,-2,0,0,0,-50,-87,33,None
0,-3,-1,14,7,-1,-3,-6,-6,0,0,0,-50,-87,33,None
0,-3,-1,14,7,-1,-3,-6,-6,0,0,0,-50,-87,33,None
0,-3,-1,14,7,-1,-3,-6,-6,0,0,0,-48,-90,34,None
0,0,3,-9,2,5,8,9,2,0,0,0,-48,-90,34,None
0,-3,-4,5,-2,-4,-6,-6,-1,0,0,0,-48,-90,34,None
0,2,5,2,3,4,0,0,2,0,0,0,-48,-90,34,None
0,3,14,24,4,-2,0,3,3,0,0,0,-48,-90,34,None
0,3,14,24,4,-2,0,3,3,0,0,0,-48,-90,34,None
0,3,14,24,4,-2,0,3,3,0,0,0,-43,-94,38,None
0,-5,-15,-26,-24,-11,-8,-4,-4,0,0,0,-43,-94,38,None
0,1,4,3,-5,-6,0,0,-3,0,0,0,-43,-94,38,None
0,2,9,5,11,8,3,1,2,0,0,0,-43,-94,38,None
0,-2,-6,-18,-19,0,-7,-4,-2,0,0,0,-43,-94,38,None
0,-2,-6,-18,-19,0,-7,-4,-2,0,0,0,-43,-94,38,None
0,-2,-6,-18,-19,0,-7,-4,-2,0,0,0,-37,-95,38,None
0,-4,-4,8,19,1,-5,-6,-2,0,0,0,-37,-95,38,None
0,-2,-6,-12,1,3,6,4,0,0,0,0,-37,-95,38,None
0,-3,-4,-5,-9,3,5,-3,-5,0,0,0,-37,-95,38,None
0,-2,4,-6,1,-7,-7,-7,-4,0,0,0,-37,-95,38,None
0,-2,4,-6,1,-7,-7,-7,-4,0,0,0,-37,-95,38,None
0,-2,4,-6,1,-7,-7,-7,-4,0,0,0,-31,-91,39,None
0,3,7,10,10,7,1,5,2,0,0,0,-31,-91,39,None
0,-4,1,-13,-1,1,-10,-15,-6,0,0,0,-31,-91,39,None
0,-1,1,9,20,10,5,3,0,0,0,0,-31,-91,39,None
0,-1,-2,-18,-13,-1,8,7,1,0,0,0,-31,-91,39,None
0,-1,-2,-18,-13,-1,8,7,1,0,0,0,-31,-91,39,None
0,-1,-2,-18,-13,-1,8,7,1,0,0,0,-26,-92,41,None
0,1,0,-15,-23,-14,-8,-4,3,0,0,0,-26,-92,41,None
0,-2,-1,-13,2,4,0,-6,-10,0,0,0,-26,-92,41,None
0,-2,2,24,11,3,-3,6,0,0,0,0,-26,-92,41,None
0,-1,-2,10,16,7,-1,0,2,0,0,0,-26,-92,41,None
0,-1,-2,10,16,7,-1,0,2,0,0,0,-26,-92,41,None
0,-1,-2,10,16,7,-1,0,2,0,0,0,-21,-98,39,None
0,2,2,2,-1,-3,4,1,0,0,0,0,-21,-98,39,None
0,2,7,-6,-9,-2,-3,1,2,0,0,0,-21,-98,39,None
0,-4,-8,-19,16,5,4,0,-6,0,0,0,-21,-98,39,None
0,-3,-9,17,-1,-4,2,4,-4,0,0,0,-21,-98,39,None
0,-3,-9,17,-1,-4,2,4,-4,0,0,0,-21,-98,39,None
0,-3,-9,17,-1,-4,2,4,-4,0,0,0,-18,-100,41,None
0,-1,4,7,-6,5,-2,-7,-4,0,0,0,-18,-100,41,None
0,0,2,12,5,-7,-9,-7,-4,0,0,0,-18,-100,41,None
0,1,1,-13,-21,-3,-11,-8,-2,0,0,0,-18,-100,41,None
0,-3,5,22,9,-10,9,0,-4,0,0,0,-18,-100,41,None
0,-3,5,22,9,-10,9,0,-4,0,0,0,-18,-100,41,None
0,-3,5,22,9,-10,9,0,-4,0,0,0,-16,-101,46,None
0,-2,-5,-5,-7,18,8,7,1,0,0,0,-16,-101,46,None
0,-4,-9,4,18,-1,5,4,-2,0,0,0,-16,-101,46,None
0,0,3,-3,7,9,7,1,-4,0,0,0,-16,-101,46,None
0,1,0,-30,-17,-4,-8,-7,-3,0,0,0,-16,-101,46,None
0,1,0,-30,-17,-4,-8,-7,-3,0,0,0,-16,-101,46,None
0,1,0,-30,-17,-4,-8,-7,-3,0,0,0,-14,-92,47,None
0,-4,-1,12,-13,-11,-12,-8,-6,0,0,0,-14,-92,47,None
0,0,4,-25,5,0,-2,-3,-2,0,0,0,-14,-92,47,None
0,-2,-7,11,-8,-8,-11,-5,1,0,0,0,-14,-92,47,None
0,0,1,-4,4,4,-3,5,-1,0,0,0,-14,-92,47,None
0,0,1,-4,4,4,-3,5,-1,0,0,0,-14,-92,47,None
0,0,1,-4,4,4,-3,5,-1,0,0,0,-9,-88,47,None
0,0,2,2,16,3,0,-6,1,0,0,0,-9,-88,47,None
0,3,5,-13,-13,7,2,1,4,0,0,0,-9,-88,47,None
0,-2,-2,11,8,-5,-3,3,-1,0,0,0,-9,-88,47,None
0,-1,-2,-4,-3,3,2,2,0,0,0,0,-9,-88,47,None
0,-1,-2,-4,-3,3,2,2,0,0,0,0,-9,-88,47,None
0,-1,-2,-4,-3,3,2,2,0,0,0,0,-6,-93,49,None
0,2,7,3,13,0,5,7,-1,0,0,0,-6,-93,49,None
0,-2,0,14,-20,0,1,-5,-1,0,0,0,-6,-93,49,None
0,-1,1,-7,-4,-4,1,-5,-3,0,0,0,-6,-93,49,None
0,-5,-9,0,0,0,-5,3,-1,0,0,0,-6,-93,49,None
0,-5,-9,0,0,0,-5,3,-1,0,0,0,-6,-93,49,None
0,-5,-9,0,0,0,-5,3,-1,0,0,0,-4,-94,50,None
0,-2,-1,-14,-5,0,-12,-16,-1,0,0,0,-4,-94,50,None
0,0,1,1,2,-1,3,14,1,0,0,0,-4,-94,50,None
0,0,0,-4,6,0,6,-1,-2,0,0,0,-4,-94,50,None
0,-2,-4,-10,-11,7,2,-1,3,0,0,0,-4,-94,50,None
0,-2,-4,-10,-11,7,2,-1,3,0,0,0,-4,-94,50,None
0,-2,-4,-10,-11,7,2,-1,3,0,0,0,-2,-94,54,None
0,-2,2,-9,8,4,-6,-12,-8,0,0,0,-2,-94,54,None
0,0,5,-1,-9,-3,2,0,3,0,0,0,-2,-94,54,None
0,-1,3,-3,2,-5,0,-4,-7,0,0,0,-2,-94,54,None
0,-1,-2,-2,3,2,-8,1,0,0,0,0,-2,-94,54,None
0,-1,-2,-2,3,2,-8,1,0,0,0,0,-2,-94,54,None
0,-1,-2,-2,3,2,-8,1,0,0,0,0,-1,-89,55,None
0,-4,-6,4,-27,-5,6,3,-2,0,0,0,-1,-89,55,None
0,2,7,0,16,6,3,6,1,0,0,0,-1,-89,55,None
0,-3,-1,-8,5,0,-11,-15,0,0,0,0,-1,-89,55,None
0,0,5,5,2,2,-2,-6,-5,0,0,0,-1,-89,55,None
0,0,5,5,2,2,-2,-6,-5,0,0,0,-1,-89,55,None
0,0,5,5,2,2,-2,-6,-5,0,0,0,-1,-86,55,None
0,1,5,21,12,2,-6,-2,-1,0,0,0,-1,-86,55,None
0,-1,-2,1,-7,-2,-2,0,2,0,0,0,-1,-86,55,None
0,-2,-3,-9,1,4,4,9,1,0,0,0,-1,-86,55,None
0,0,0,-19,-26,0,3,1,2,0,0,0,-1,-86,55,None
0,0,0,-19,-26,0,3,1,2,0,0,0,-1,-86,55,None
0,0,0,-19,-26,0,3,1,2,0,0,0,-2,-89,55,None
0,-4,-3,-6,5,-7,-9,-25,-14,0,0,0,-2,-89,55,None
0,-2,-2,8,7,3,0,7,-2,0,0,0,-2,-89,55,None
0,0,4,0,-3,0,0,-2,-1,0,0,0,-2,-89,55,None
0,-1,1,-7,-20,-8,-2,-2,-3,0,0,0,-2,-89,55,None
0,-1,1,-7,-20,-8,-2,-2,-3,0,0,0,-2,-89,55,None
0,-1,1,-7,-20,-8,-2,-2,-3,0,0,0,-2,-89,53,None
0,0,1,-7,12,4,-3,12,2,0,0,0,-2,-89,53,None
0,0,2,-5,-20,6,9,-6,-1,0,0,0,-2,-89,53,None
0,-5,-7,3,44,-9,-10,-6,-7,0,0,0,-2,-89,53,None
0,-1,-1,-12,-7,-3,-3,-8,-2,0,0,0,-2,-89,53,None
0,-1,-1,-12,-7,-3,-3,-8,-2,0,0,0,-2,-89,53,None
0,-1,-1,-12,-7,-3,-3,-8,-2,0,0,0,-1,-89,51,None
0,0,1,4,6,-3,4,9,1,0,0,0,-1,-89,51,None
0,-1,3,-2,-2,3,-4,-7,-4,0,0,0,-1,-89,51,None
0,-1,1,-18,-21,0,1,2,1,0,0,0,-1,-89,51,None
0,0,-3,7,14,1,0,-4,-3,0,0,0,-1,-89,51,None
0,0,-3,7,14,1,0,-4,-3,0,0,0,-1,-89,51,None
0,0,-3,7,14,1,0,-4,-3,0,0,0,1,-93,53,None
0,-2,-2,-32,-7,0,2,6,4,0,0,0,1,-93,53,None
0,-3,-2,14,2,-2,-6,-3,-5,0,0,0,1,-93,53,None
0,-2,-4,0,-8,0,-1,1,-1,0,0,0,1,-93,53,None
0,-11,0,3,12,1,-3,-2,3,0,0,0,1,-93,53,None
0,-11,0,3,12,1,-3,-2,3,0,0,0,1,-93,53,None
0,-11,0,3,12,1,-3,-2,3,0,0,0,4,-95,53,None
0,40,13,1,-6,1,3,5,4,0,0,0,4,-95,53,None
0,-41,-12,0,14,0,-6,-8,-1,0,0,0,4,-95,53,None
0,21,3,-20,-32,-4,-4,8,2,0,0,0,4,-95,53,None
0,-23,-5,12,0,-1,-5,-16,-13,0,0,0,4,-95,53,None
0,-23,-5,12,0,-1,-5,-16,-13,0,0,0,4,-95,53,None
0,-23,-5,12,0,-1,-5,-16,-13,0,0,0,2,-88,56,None
0,-13,3,18,10,2,3,6,0,0,0,0,2,-88,56,None
0,18,0,-16,-8,-3,-3,-3,1,0,0,0,2,-88,56,None
0,1,1,7,-5,-4,-2,-1,-1,0,0,0,2,-88,56,None
0,2,3,-3,11,2,1,2,2,0,0,0,2,-88,56,None
0,2,3,-3,11,2,1,2,2,0,0,0,2,-88,56,None
0,2,3,-3,11,2,1,2,2,0,0,0,-2,-79,54,None
0,-12,0,9,4,1,1,1,1,0,0,0,-2,-79,54,None
0,4,1,0,-13,-2,-6,-6,-3,0,0,0,-2,-79,54,None
0,-9,0,-8,-11,3,1,0,-2,0,0,0,-2,-79,54,None
0,3,5,-11,1,0,-1,-2,-3,0,0,0,-2,-79,54,None
0,3,5,-11,1,0,-1,-2,-3,0,0,0,-2,-79,54,None
0,3,5,-11,1,0,-1,-2,-3,0,0,0,-1,-77,53,None
0,3,-10,4,7,-1,-4,-6,-4,0,0,0,-1,-77,53,None
0,4,5,-9,0,0,2,4,-1,0,0,0,-1,-77,53,None
0,-1,3,1,5,-1,-3,-5,-2,0,0,0,-1,-77,53,None
0,2,1,-19,-16,0,-4,-1,1,0,0,0,-1,-77,53,None
0,2,1,-19,-16,0,-4,-1,1,0,0,0,-1,-77,53,None
0,2,1,-19,-16,0,-4,-1,1,0,0,0,3,-84,54,None
0,1,-5,0,2,2,0,2,1,0,0,0,3,-84,54,None
0,-5,5,9,3,0,-3,-4,-7,0,0,0,3,-84,54,None
0,-22,-1,1,6,1,-2,-2,-8,0,0,0,3,-84,54,None
0,19,5,1,4,0,-1,-1,3,0,0,0,3,-84,54,None
0,19,5,1,4,0,-1,-1,3,0,0,0,3,-84,54,None
0,19,5,1,4,0,-1,-1,3,0,0,0,6,-88,53,None
0,-11,0,-9,-4,4,3,1,-4,0,0,0,6,-88,53,None
0,8,3,-8,1,-2,-2,-4,-1,0,0,0,6,-88,53,None
0,-27,-10,-4,-5,-1,-2,-3,-3,0,0,0,6,-88,53,None
0,7,-1,5,4,2,0,-1,1,0,0,0,6,-88,53,None
0,7,-1,5,4,2,0,-1,1,0,0,0,6,-88,53,None
0,7,-1,5,4,2,0,-1,1,0,0,0,8,-86,54,None
0,0,5,-3,-1,1,-3,-4,-5,0,0,0,8,-86,54,None
0,-10,-6,-3,-8,-2,-1,2,3,0,0,0,8,-86,54,None
0,28,11,3,3,2,-2,-3,4,0,0,0,8,-86,54,None
0,-22,-3,-4,-4,1,3,2,-7,0,0,0,8,-86,54,None
0,-22,-3,-4,-4,1,3,2,-7,0,0,0,8,-86,54,None
0,-22,-3,-4,-4,1,3,2,-7,0,0,0,4,-80,55,None
0,16,4,-2,5,-1,-3,-3,-1,0,0,0,4,-80,55,None
0,0,-2,-9,-3,0,-1,-3,1,0,0,0,4,-80,55,None
0,11,4,13,8,3,4,3,5,0,0,0,4,-80,55,None
0,-3,-5,-17,-11,-1,-5,-2,-3,0,0,0,4,-80,55,None
0,-3,-5,-17,-11,-1,-5,-2,-3,0,0,0,4,-80,55,None
0,-3,-5,-17,-11,-1,-5,-2,-3,0,0,0,1,-80,55,None
0,-22,-1,3,-3,-2,-5,-4,-2,0,0,0,1,-80,55,None
0,24,4,0,6,0,3,-3,-4,0,0,0,1,-80,55,None
0,7,4,-5,-3,0,-2,-2,-1,0,0,0,1,-80,55,None
0,21,3,-17,2,-2,-3,-2,2,0,0,0,1,-80,55,None
0,21,3,-17,2,-2,-3,-2,2,0,0,0,1,-80,55,None
0,21,3,-17,2,-2,-3,-2,2,0,0,0,1,-82,56,None
0,-23,-2,-3,-1,0,3,1,-2,0,0,0,1,-82,56,None
0,9,4,8,3,1,1,1,0,0,0,0,1,-82,56,None
0,-2,0,-10,-3,-2,-3,-6,-3,0,0,0,1,-82,56,None
0,2,1,6,-6,-1,-1,2,1,0,0,0,1,-82,56,None
0,2,1,6,-6,-1,-1,2,1,0,0,0,1,-82,56,None
0,2,1,6,-6,-1,-1,2,1,0,0,0,2,-85,56,None
0,0,2,-14,-4,1,0,0,-1,0,0,0,2,-85,56,None
0,-20,-5,-2,0,1,-4,-3,-7,0,0,0,2,-85,56,None
0,10,3,4,2,1,-1,-2,0,0,0,0,2,-85,56,None
0,-5,-7,-7,-5,1,2,2,9,0,0,0,2,-85,56,None
0,-5,-7,-7,-5,1,2,2,9,0,0,0,2,-85,56,None
0,-5,-7,-7,-5,1,2,2,9,0,0,0,2,-85,56,None
0,-3,1,-1,-11,-3,-4,-4,-9,0,0,0,2,-85,56,None
0,-11,2,2,11,1,-1,5,0,0,0,0,2,-85,56,None
0,8,3,0,-5,-1,1,-3,-4,0,0,0,2,-85,56,None
0,4,3,5,-4,-1,1,-3,1,0,0,0,2,-85,56,None
0,4,3,5,-4,-1,1,-3,1,0,0,0,2,-85,56,None
0,4,3,5,-4,-1,1,-3,1,0,0,0,1,-84,56,None
0,3,-3,-2,1,4,0,-1,-1,0,0,0,1,-84,56,None
0,7,3,-1,-3,0,-5,-2,-1,0,0,0,1,-84,56,None
0,-10,4,1,6,4,1,0,-2,0,0,0,1,-84,56,None
0,-21,-14,1,9,-2,-6,-7,-13,0,0,0,1,-84,56,None
0,-21,-14,1,9,-2,-6,-7,-13,0,0,0,1,-84,56,None
0,-21,-14,1,9,-2,-6,-7,-13,0,0,0,1,-82,56,None
0,-8,-1,-10,-11,-1,-3,-1,5,0,0,0,1,-82,56,None
0,-5,1,1,-3,-1,1,0,-1,0,0,0,1,-82,56,None
0,-5,-2,-5,-12,-1,1,-3,-1,0,0,0,1,-82,56,None
0,3,4,-1,7,3,-2,-3,-3,0,0,0,1,-82,56,None
0,3,4,-1,7,3,-2,-3,-3,0,0,0,1,-82,56,None
0,3,4,-1,7,3,-2,-3,-3,0,0,0,1,-81,57,None
0,3,5,8,6,-2,1,-1,-2,0,0,0,1,-81,57,None
0,4,-1,-2,-1,-2,1,0,2,0,0,0,1,-81,57,None
0,-19,-5,-10,-7,-2,-2,-2,-2,0,0,0,1,-81,57,None
0,26,3,-4,-2,1,1,0,3,0,0,0,1,-81,57,None
0,26,3,-4,-2,1,1,0,3,0,0,0,1,-81,57,None
0,26,3,-4,-2,1,1,0,3,0,0,0,2,-81,57,None
0,-12,-1,-8,-5,-1,-1,-4,-6,0,0,0,2,-81,57,None
0,-4,-1,-2,2,1,-4,-2,-2,0,0,0,2,-81,57,None
0,-1,-5,-3,-1,-1,-3,-1,-2,0,0,0,2,-81,57,None
0,-7,6,8,4,2,1,-1,-4,0,0,0,2,-81,57,None
0,-7,6,8,4,2,1,-1,-4,0,0,0,2,-81,57,None
0,-7,6,8,4,2,1,-1,-4,0,0,0,2,-81,56,None
0,8,-5,-4,-2,-1,-4,-3,3,0,0,0,2,-81,56,None
0,15,-3,-8,-7,0,-3,-3,3,0,0,0,2,-81,56,None
0,8,6,1,1,1,-1,1,-2,0,0,0,2,-81,56,None
0,-33,-6,6,6,0,2,2,-5,0,0,0,2,-81,56,None
0,-33,-6,6,6,0,2,2,-5,0,0,0,2,-81,56,None
0,-33,-6,6,6,0,2,2,-5,0,0,0,3,-81,57,None
0,-18,-5,-7,-2,0,-1,-4,0,0,0,0,3,-81,57,None
0,19,9,0,-1,-2,0,1,-4,0,0,0,3,-81,57,None
0,0,-1,-3,-4,0,-1,-3,-5,0,0,0,3,-81,57,None
0,7,3,-1,5,1,-4,-1,10,0,0,0,3,-81,57,None
0,7,3,-1,5,1,-4,-1,10,0,0,0,3,-81,57,None
0,7,3,-1,5,1,-4,-1,10,0,0,0,3,-81,56,None
0,14,0,-4,-6,0,0,0,4,0,0,0,3,-81,56,None
0,-18,-2,0,5,3,0,-2,-5,0,0,0,3,-81,56,None
0,-13,-2,-1,2,2,0,-1,-4,0,0,0,3,-81,56,None
0,1,4,-1,0,-2,-4,-3,-4,0,0,0,3,-81,56,None
0,1,4,-1,0,-2,-4,-3,-4,0,0,0,3,-81,56,None
0,1,4,-1,0,-2,-4,-3,-4,0,0,0,1,-80,57,None
0,8,3,0,-6,-2,1,2,1,0,0,0,1,-80,57,None
0,0,0,-2,-4,0,2,-3,-2,0,0,0,1,-80,57,None
0,0,0,-2,0,0,-5,-1,0,0,0,0,1,-80,57,None
0,-4,0,-4,-4,-1,1,0,-3,0,0,0,1,-80,57,None
0,-4,0,-4,-4,-1,1,0,-3,0,0,0,1,-80,57,None
0,-4,0,-4,-4,-1,1,0,-3,0,0,0,0,-80,57,None
0,1,0,1,7,1,-1,-6,-4,0,0,0,0,-80,57,None
0,-1,-1,-6,-5,0,-2,0,-1,0,0,0,0,-80,57,None
0,-5,-3,-5,-1,1,-1,1,1,0,0,0,0,-80,57,None
0,-1,-2,-7,0,-1,-4,-3,-19,0,0,0,0,-80,57,None
0,-1,-2,-7,0,-1,-4,-3,-19,0,0,0,0,-80,57,None
0,-1,-2,-7,0,-1,-4,-3,-19,0,0,0,2,-80,57,None
0,4,1,-1,-1,1,-1,5,23,0,0,0,2,-80,57,None
0,-9,-1,0,-1,-1,0,18,2,0,0,0,2,-80,57,None
0,-6,-1,-1,1,0,-2,-34,-13,0,0,0,2,-80,57,None
0,5,3,-2,-4,-2,-3,-2,7,0,0,0,2,-80,57,None
0,5,3,-2,-4,-2,-3,-2,7,0,0,0,2,-80,57,None
0,5,3,-2,-4,-2,-3,-2,7,0,0,0,3,-81,57,None
0,-13,-2,-2,0,1,0,-3,-12,0,0,0,3,-81,57,None
0,1,0,1,2,1,0,2,-3,0,0,0,3,-81,57,None
0,9,0,1,3,2,3,12,3,0,0,0,3,-81,57,None
0,21,4,-2,-4,-2,-4,-5,4,0,0,0,3,-81,57,None
0,21,4,-2,-4,-2,-4,-5,4,0,0,0,3,-81,57,None
0,21,4,-2,-4,-2,-4,-5,4,0,0,0,2,-81,57,None
0,-37,-6,-3,0,1,-5,-4,-19,0,0,0,2,-81,57,None
0,10,2,6,2,1,1,-2,10,0,0,0,2,-81,57,None
0,-6,5,-6,-11,-1,-4,3,-3,0,0,0,2,-81,57,None
0,3,0,0,4,0,-2,-6,-1,0,0,0,2,-81,57,None
0,3,0,0,4,0,-2,-6,-1,0,0,0,2,-81,57,None
0,3,0,0,4,0,-2,-6,-1,0,0,0,0,-81,57,None
0,3,0,-2,2,1,1,5,0,0,0,0,0,-81,57,None
0,5,3,-2,2,-1,-3,-7,-3,0,0,0,0,-81,57,None
0,1,-4,-3,-2,0,-2,0,3,0,0,0,0,-81,57,None
0,2,5,3,1,0,5,21,0,0,0,0,0,-81,57,None
0,2,5,3,1,0,5,21,0,0,0,0,0,-81,57,None
0,2,5,3,1,0,5,21,0,0,0,0,0,-80,56,None
0,-11,-2,-5,-4,-2,-2,-19,5,0,0,0,0,-80,56,None
0,-16,-5,-4,1,-1,-4,-9,-10,0,0,0,0,-80,56,None
0,15,-1,-3,-1,0,0,0,2,0,0,0,0,-80,56,None
0,-17,2,0,1,0,0,2,2,0,0,0,0,-80,56,None
0,-17,2,0,1,0,0,2,2,0,0,0,0,-80,56,None
0,-17,2,0,1,0,0,2,2,0,0,0,0,-80,57,None
0,31,1,-7,-1,-1,-2,3,-6,0,0,0,0,-80,57,None
0,-31,-8,4,1,0,-4,-9,-6,0,0,0,0,-80,57,None
0,-8,-2,-2,1,1,1,3,5,0,0,0,0,-80,57,None
0,-12,-2,0,-1,0,2,-3,-12,0,0,0,0,-80,57,None
0,-12,-2,0,-1,0,2,-3,-12,0,0,0,0,-80,57,None
0,-12,-2,0,-1,0,2,-3,-12,0,0,0,0,-81,59,None
0,15,5,-8,-5,0,-1,1,1,0,0,0,0,-81,59,None
0,-5,3,-10,-13,-2,-3,-10,-13,0,0,0,0,-81,59,None
0,-4,6,7,16,2,2,6,14,0,0,0,0,-81,59,None
0,5,-8,-16,-23,-2,-5,-5,0,0,0,0,0,-81,59,None
0,5,-8,-16,-23,-2,-5,-5,0,0,0,0,0,-81,59,None
0,5,-8,-16,-23,-2,-5,-5,0,0,0,0,-1,-81,59,None
0,-8,1,12,6,4,2,1,-4,0,0,0,-1,-81,59,None
0,4,4,1,2,3,4,5,6,0,0,0,-1,-81,59,None
0,5,3,0,2,-2,-4,-3,-7,0,0,0,-1,-81,59,None
0,-30,-10,-3,3,-1,0,-2,-3,0,0,0,-1,-81,59,None
0,-30,-10,-3,3,-1,0,-2,-3,0,0,0,-1,-81,59,None
0,-30,-10,-3,3,-1,0,-2,-3,0,0,0,-1,-81,59,None
0,-4,1,0,-2,1,-1,-4,-2,0,0,0,-1,-81,59,None
0,9,1,-2,-1,0,0,7,4,0,0,0,-1,-81,59,None
0,-26,-3,-2,-5,-1,-2,-14,-14,0,0,0,-1,-81,59,None
0,19,9,5,3,3,0,-1,2,0,0,0,-1,-81,59,None
0,19,9,5,3,3,0,-1,2,0,0,0,-1,-81,59,None
0,19,9,5,3,3,0,-1,2,0,0,0,0,-80,59,None
0,4,-4,-2,-3,-2,0,4,2,0,0,0,0,-80,59,None
0,-18,-4,-4,7,-1,-5,-7,-9,0,0,0,0,-80,59,None
0,0,1,-5,-3,1,-2,2,2,0,0,0,0,-80,59,None
0,-3,-1,-2,-1,-1,-1,-2,-3,0,0,0,0,-80,59,None
0,-3,-1,-2,-1,-1,-1,-2,-3,0,0,0,0,-80,59,None
0,-3,-1,-2,-1,-1,-1,-2,-3,0,0,0,0,-79,60,None
0,-4,1,-1,1,-2,-3,0,-5,0,0,0,0,-79,60,None
0,6,4,-3,-1,0,-2,-6,-18,0,0,0,0,-79,60,None
0,3,-2,-1,-2,0,1,7,30,0,0,0,0,-79,60,None
0,6,5,2,5,1,2,-3,-5,0,0,0,0,-79,60,None
0,6,5,2,5,1,2,-3,-5,0,0,0,0,-79,60,None
0,6,5,2,5,1,2,-3,-5,0,0,0,0,-81,59,None
0,4,2,-6,-12,-2,-1,1,-4,0,0,0,0,-81,59,None
0,-4,-2,-2,-2,0,1,-3,0,0,0,0,0,-81,59,None
0,9,5,10,7,4,4,4,-10,0,0,0,0,-81,59,None
0,0,-4,-11,-4,-3,-5,0,6,0,0,0,0,-81,59,None
0,0,-4,-11,-4,-3,-5,0,6,0,0,0,0,-81,59,None
0,0,-4,-11,-4,-3,-5,0,6,0,0,0,0,-81,59,None
0,-1,1,3,6,4,-1,-8,-6,0,0,0,0,-81,59,None
0,8,-2,-8,-8,1,2,0,7,0,0,0,0,-81,59,None
0,11,5,-5,-4,0,-2,-2,-11,0,0,0,0,-81,59,None
0,7,7,3,6,2,-2,-3,0,0,0,0,0,-81,59,None
0,7,7,3,6,2,-2,-3,0,0,0,0,0,-81,59,None
0,7,7,3,6,2,-2,-3,0,0,0,0,0,-82,59,None
0,-7,0,-1,7,1,0,2,-7,0,0,0,0,-82,59,None
0,-25,-7,-6,-9,-1,-2,-3,-1,0,0,0,0,-82,59,None
0,-3,2,6,3,2,-1,1,0,0,0,0,0,-82,59,None
0,2,0,-1,-3,2,3,0,1,0,0,0,0,-82,59,None
0,2,0,-1,-3,2,3,0,1,0,0,0,0,-82,59,None
0,2,0,-1,-3,2,3,0,1,0,0,0,-1,-82,59,None
0,2,-1,-3,-3,-1,0,1,0,0,0,0,-1,-82,59,None
0,2,-1,-3,0,0,-3,-3,1,0,0,0,-1,-82,59,None
0,-6,-3,-5,-2,-3,-3,1,-5,0,0,0,-1,-82,59,None
0,2,5,1,-6,-1,-1,-8,-20,0,0,0,-1,-82,59,None
0,2,5,1,-6,-1,-1,-8,-20,0,0,0,-1,-82,59,None
0,2,5,1,-6,-1,-1,-8,-20,0,0,0,-1,-81,59,None
0,-42,-15,-5,-2,-2,-5,0,27,0,0,0,-1,-81,59,None
0,34,2,3,7,0,-3,-1,1,0,0,0,-1,-81,59,None
0,-6,-2,-14,-16,-3,-2,0,-7,0,0,0,-1,-81,59,None
0,1,2,1,7,3,0,-2,-3,0,0,0,-1,-81,59,None
0,1,2,1,7,3,0,-2,-3,0,0,0,-1,-81,59,None
0,1,2,1,7,3,0,-2,-3,0,0,0,-1,-81,59,None
0,-8,3,-2,-2,0,-2,-5,-10,0,0,0,-1,-81,59,None
0,24,4,1,2,0,1,0,4,0,0,0,-1,-81,59,None
0,-13,-1,-1,0,-1,-2,0,-4,0,0,0,-1,-81,59,None
0,-13,-6,-8,-8,0,-3,1,-4,0,0,0,-1,-81,59,None
0,-13,-6,-8,-8,0,-3,1,-4,0,0,0,-1,-81,59,None
0,-13,-6,-8,-8,0,-3,1,-4,0,0,0,0,-81,58,None
0,-3,1,-4,-2,0,-2,-6,-7,0,0,0,0,-81,58,None
0,4,6,4,1,0,1,2,6,0,0,0,0,-81,58,None
0,8,0,-2,0,0,-2,-4,-4,0,0,0,0,-81,58,None
0,-10,-2,-3,4,1,-2,-2,6,0,0,0,0,-81,58,None
0,-10,-2,-3,4,1,-2,-2,6,0,0,0,0,-81,58,None
0,-10,-2,-3,4,1,-2,-2,6,0,0,0,0,-81,58,None
0,10,4,-1,-2,-1,0,2,-1,0,0,0,0,-81,58,None
0,-7,-1,-6,-11,-1,-2,-2,-5,0,0,0,0,-81,58,None
0,-3,-3,-4,5,-1,-1,-1,-1,0,0,0,0,-81,58,None
0,7,-2,-1,-3,0,-1,-7,2,0,0,0,0,-81,58,None
0,7,-2,-1,-3,0,-1,-7,2,0,0,0,0,-81,58,None
0,7,-2,-1,-3,0,-1,-7,2,0,0,0,0,-81,57,None
0,24,5,1,0,1,0,0,-1,0,0,0,0,-81,57,None
0,-23,-3,-3,1,0,-4,-5,-13,0,0,0,0,-81,57,None
0,-11,-3,-4,-4,-1,-4,-2,2,0,0,0,0,-81,57,None
0,16,0,-3,-3,0,3,5,16,0,0,0,0,-81,57,None
0,16,0,-3,-3,0,3,5,16,0,0,0,0,-81,57,None
0,16,0,-3,-3,0,3,5,16,0,0,0,0,-80,58,None
0,14,5,6,5,0,-5,-2,-1,0,0,0,0,-80,58,None
0,-9,-2,-2,-1,0,-1,-3,-3,0,0,0,0,-80,58,None
0,6,5,1,3,2,0,-1,-3,0,0,0,0,-80,58,None
0,-7,1,1,-1,0,-1,-2,-8,0,0,0,0,-80,58,None
0,-7,1,1,-1,0,-1,-2,-8,0,0,0,0,-80,58,None
0,-7,1,1,-1,0,-1,-2,-8,0,0,0,-1,-81,57,None
0,0,-3,-8,-2,0,-2,-2,-2,0,0,0,-1,-81,57,None
0,-1,3,1,3,0,2,3,8,0,0,0,-1,-81,57,None
0,-12,-3,-1,0,-1,2,-3,-9,0,0,0,-1,-81,57,None
0,9,3,-2,-2,0,-4,-3,4,0,0,0,-1,-81,57,None
0,9,3,-2,-2,0,-4,-3,4,0,0,0,-1,-81,57,None
0,9,3,-2,-2,0,-4,-3,4,0,0,0,0,-80,57,None
0,-12,-2,-3,-3,-2,-2,0,-2,0,0,0,0,-80,57,None
0,8,2,0,0,0,-2,0,-4,0,0,0,0,-80,57,None
0,2,0,-4,-1,1,-3,-1,2,0,0,0,0,-80,57,None
0,-6,-1,-2,-1,0,-4,-6,-4,0,0,0,0,-80,57,None
0,-6,-1,-2,-1,0,-4,-6,-4,0,0,0,0,-80,57,None
0,-6,-1,-2,-1,0,-4,-6,-4,0,0,0,0,-81,58,None
0,-3,1,0,1,1,2,0,-2,0,0,0,0,-81,58,None
0,-5,-1,-2,1,1,0,0,-1,0,0,0,0,-81,58,None
0,2,0,-4,-1,-2,-3,-3,-1,0,0,0,0,-81,58,None
0,-3,4,-1,0,-1,1,4,-1,0,0,0,0,-81,58,None
0,-3,4,-1,0,-1,1,4,-1,0,0,0,0,-81,58,None
0,-3,4,-1,0,-1,1,4,-1,0,0,0,0,-80,57,None
0,-6,-1,-2,-1,0,0,-5,-7,0,0,0,0,-80,57,None
0,0,1,-2,-1,0,-3,-2,2,0,0,0,0,-80,57,None
0,-3,0,-2,-2,0,1,0,-4,0,0,0,0,-80,57,None
0,-13,-1,-2,0,0,0,-8,-6,0,0,0,0,-80,57,None
0,-13,-1,-2,0,0,0,-8,-6,0,0,0,0,-80,57,None
0,-13,-1,-2,0,0,0,-8,-6,0,0,0,0,-79,58,None
0,10,0,-4,-1,1,-1,1,-6,0,0,0,0,-79,58,None
0,-28,0,-3,0,-1,-2,0,8,0,0,0,0,-79,58,None
0,18,1,0,0,3,-2,-3,2,0,0,0,0,-79,58,None
0,21,5,0,0,-1,1,2,6,0,0,0,0,-79,58,None
0,21,5,0,0,-1,1,2,6,0,0,0,0,-79,58,None
0,21,5,0,0,-1,1,2,6,0,0,0,0,-80,57,None
0,1,5,0,-1,0,-3,-4,-5,0,0,0,0,-80,57,None
