0,-2,2,1,-13,-3,4,4,-1,0,0,0,1,-109,36,None
0,-2,0,-6,6,3,-15,-10,-3,0,0,0,1,-109,36,None
0,-3,-2,-2,-6,-2,7,2,3,0,0,0,1,-109,36,None
0,-3,-2,-2,-6,-2,7,2,3,0,0,0,1,-109,36,None
0,-3,-2,-2,-6,-2,7,2,3,0,0,0,-4,-116,33,None
0,-2,-5,-15,0,-14,-18,-1,-2,0,0,0,-4,-116,33,None
0,1,7,13,12,37,38,12,3,0,0,0,-4,-116,33,None
0,-2,-1,-4,-25,-30,-18,-8,-4,0,0,0,-4,-116,33,None
0,0,3,5,11,-5,-23,-10,-5,0,0,0,-4,-116,33,None
0,0,3,5,11,-5,-23,-10,-5,0,0,0,-4,-116,33,None
0,0,3,5,11,-5,-23,-10,-5,0,0,0,-6,-114,36,None
0,-5,-3,6,20,-3,4,-2,-2,0,0,0,-6,-114,36,None
0,0,3,-4,-17,11,-1,6,1,0,0,0,-6,-114,36,None
0,0,0,-5,-10,6,19,6,2,0,0,0,-6,-114,36,None
0,-1,1,1,5,0,-11,-3,0,0,0,0,-6,-114,36,None
0,-1,1,1,5,0,-11,-3,0,0,0,0,-6,-114,36,None
0,-1,1,1,5,0,-11,-3,0,0,0,0,-14,-106,32,None
0,0,-5,-26,-41,-19,-19,-11,-2,0,0,0,-14,-106,32,None
0,-5,0,7,11,-11,-17,-8,-7,0,0,0,-14,-106,32,None
0,0,9,4,19,8,17,7,-2,0,0,0,-14,-106,32,None
0,0,-6,-14,-14,-2,29,14,5,0,0,0,-14,-106,32,None
0,0,-6,-14,-14,-2,29,14,5,0,0,0,-14,-106,32,None
0,0,-6,-14,-14,-2,29,14,5,0,0,0,-26,-109,35,None
0,1,-3,0,-1,20,8,-4,-1,0,0,0,-26,-109,35,None
0,-2,-2,-6,-4,-26,-13,-8,-4,0,0,0,-26,-109,35,None
0,-3,-1,3,14,-9,-27,-12,-7,0,0,0,-26,-109,35,None
0,1,3,1,-15,-27,-23,0,1,0,0,0,-26,-109,35,None
0,1,3,1,-15,-27,-23,0,1,0,0,0,-26,-109,35,None
0,1,3,1,-15,-27,-23,0,1,0,0,0,-31,-110,34,None
0,1,6,2,-4,26,22,3,1,0,0,0,-31,-110,34,None
0,0,1,5,0,-7,26,7,4,0,0,0,-31,-110,34,None
0,-2,2,2,6,16,6,4,-1,0,0,0,-31,-110,34,None
0,-2,-3,-19,-2,7,8,-5,-1,0,0,0,-31,-110,34,None
0,-2,-3,-19,-2,7,8,-5,-1,0,0,0,-31,-110,34,None
0,-2,-3,-19,-2,7,8,-5,-1,0,0,0,-33,-109,32,None
0,-2,0,4,3,-22,-37,-9,-4,0,0,0,-33,-109,32,None
0,1,5,7,4,3,-32,-13,-3,0,0,0,-33,-109,32,None
0,2,3,5,3,5,21,10,2,0,0,0,-33,-109,32,None
0,-3,-3,0,23,15,24,8,2,0,0,0,-33,-109,32,None
0,-3,-3,0,23,15,24,8,2,0,0,0,-33,-109,32,None
0,-3,-3,0,23,15,24,8,2,0,0,0,-37,-105,29,None
0,0,1,-6,-9,6,10,7,2,0,0,0,-37,-105,29,None
0,-3,-2,-2,9,-3,-24,-15,-4,0,0,0,-37,-105,29,None
0,-3,-4,-7,-13,-27,-13,-10,-4,0,0,0,-37,-105,29,None
0,0,3,-1,-5,7,-6,-4,-6,0,0,0,-37,-105,29,None
0,0,3,-1,-5,7,-6,-4,-6,0,0,0,-37,-105,29,None
0,0,3,-1,-5,7,-6,-4,-6,0,0,0,-43,-100,25,None
0,0,5,1,1,2,0,6,1,0,0,0,-43,-100,25,None
0,0,-1,4,3,14,19,-1,0,0,0,0,-43,-100,25,None
0,-4,-5,-5,5,-8,-8,-2,-2,0,0,0,-43,-100,25,None
0,-1,3,1,-7,29,25,5,-2,0,0,0,-43,-100,25,None
0,-1,3,1,-7,29,25,5,-2,0,0,0,-43,-100,25,None
0,-1,3,1,-7,29,25,5,-2,0,0,0,-48,-98,24,None
0,-2,-1,-1,23,-12,-10,-7,-2,0,0,0,-48,-98,24,None
0,-2,-1,-5,-21,-3,-19,-3,-2,0,0,0,-48,-98,24,None
0,0,4,-5,-19,7,3,-2,-5,0,0,0,-48,-98,24,None
0,-2,-1,8,31,2,-3,0,-1,0,0,0,-48,-98,24,None
0,-2,-1,8,31,2,-3,0,-1,0,0,0,-48,-98,24,None
0,-2,-1,8,31,2,-3,0,-1,0,0,0,-50,-93,23,None
0,0,-2,-13,-19,2,6,-2,0,0,0,0,-50,-93,23,None
0,-1,5,6,14,-14,-15,-2,-4,0,0,0,-50,-93,23,None
0,-2,-6,-26,-61,-3,-11,-8,-1,0,0,0,-50,-93,23,None
0,-1,1,10,42,7,9,-2,-2,0,0,0,-50,-93,23,None
0,-1,1,10,42,7,9,-2,-2,0,0,0,-50,-93,23,None
0,-1,1,10,42,7,9,-2,-2,0,0,0,-52,-91,24,None
0,0,0,-8,-37,-2,18,10,3,0,0,0,-52,-91,24,None
0,-1,2,-3,8,4,3,1,-2,0,0,0,-52,-91,24,None
0,-2,-2,7,26,1,-12,-6,-3,0,0,0,-52,-91,24,None
0,0,3,-1,-11,0,-3,-3,-4,0,0,0,-52,-91,24,None
0,0,3,-1,-11,0,-3,-3,-4,0,0,0,-52,-91,24,None
0,0,3,-1,-11,0,-3,-3,-4,0,0,0,-56,-86,23,None
0,-2,-1,-3,7,-1,-1,-5,-5,0,0,0,-56,-86,23,None
0,-2,-3,-10,-8,-10,-12,-3,-2,0,0,0,-56,-86,23,None
0,1,-4,-7,-13,7,5,2,1,0,0,0,-56,-86,23,None
0,-2,0,4,3,4,2,-1,1,0,0,0,-56,-86,23,None
0,-2,0,4,3,4,2,-1,1,0,0,0,-56,-86,23,None
0,-2,0,4,3,4,2,-1,1,0,0,0,-59,-79,23,None
0,1,2,7,13,-5,-3,-2,-2,0,0,0,-59,-79,23,None
0,-1,-3,-16,-15,-5,-9,-4,-1,0,0,0,-59,-79,23,None
0,0,4,7,18,10,6,2,-1,0,0,0,-59,-79,23,None
0,-2,1,-2,-4,0,4,-1,-1,0,0,0,-59,-79,23,None
0,-2,1,-2,-4,0,4,-1,-1,0,0,0,-59,-79,23,None
0,-2,1,-2,-4,0,4,-1,-1,0,0,0,-62,-74,23,None
0,-2,3,1,-4,-9,-12,-3,-2,0,0,0,-62,-74,23,None
0,-2,-1,3,-4,9,17,7,0,0,0,0,-62,-74,23,None
0,1,8,8,17,8,7,1,-2,0,0,0,-62,-74,23,None
0,-5,-9,-23,-24,-23,-15,-9,-3,0,0,0,-62,-74,23,None
0,-5,-9,-23,-24,-23,-15,-9,-3,0,0,0,-62,-74,23,None
0,-5,-9,-23,-24,-23,-15,-9,-3,0,0,0,-64,-69,24,None
0,0,2,5,7,7,-4,-3,-1,0,0,0,-64,-69,24,None
0,0,0,2,3,4,4,3,0,0,0,0,-64,-69,24,None
0,-3,-3,-2,-3,9,-3,-3,1,0,0,0,-64,-69,24,None
0,0,-1,-6,-9,-8,-12,-7,-1,0,0,0,-64,-69,24,None
0,0,-1,-6,-9,-8,-12,-7,-1,0,0,0,-64,-69,24,None
0,0,-1,-6,-9,-8,-12,-7,-1,0,0,0,-66,-62,25,None
0,-2,-1,-1,-1,-3,5,2,-2,0,0,0,-66,-62,25,None
0,0,2,-4,3,-1,-2,-1,-1,0,0,0,-66,-62,25,None
0,1,-2,-3,24,8,8,3,3,0,0,0,-66,-62,25,None
0,-1,-2,-5,-16,1,-1,-2,-3,0,0,0,-66,-62,25,None
0,-1,-2,-5,-16,1,-1,-2,-3,0,0,0,-66,-62,25,None
0,-1,-2,-5,-16,1,-1,-2,-3,0,0,0,-67,-55,25,None
0,-2,-1,0,5,4,6,4,-3,0,0,0,-67,-55,25,None
0,-1,1,9,13,-5,-6,-4,-3,0,0,0,-67,-55,25,None
0,-1,-4,-13,-12,-10,-13,-4,-1,0,0,0,-67,-55,25,None
0,-1,1,-9,-32,5,7,3,-4,0,0,0,-67,-55,25,None
0,-1,1,-9,-32,5,7,3,-4,0,0,0,-67,-55,25,None
0,-1,1,-9,-32,5,7,3,-4,0,0,0,-69,-50,23,None
0,-3,-8,7,56,-1,-6,-7,0,0,0,0,-69,-50,23,None
0,-2,-3,-7,-20,0,-5,-1,-2,0,0,0,-69,-50,23,None
0,0,5,-5,-13,-5,-6,-2,-4,0,0,0,-69,-50,23,None
0,-2,2,13,21,10,8,2,1,0,0,0,-69,-50,23,None
0,-2,2,13,21,10,8,2,1,0,0,0,-69,-50,23,None
0,-2,2,13,21,10,8,2,1,0,0,0,-71,-47,24,None
0,-1,0,-14,-18,2,0,-2,-3,0,0,0,-71,-47,24,None
0,-1,-2,-4,-7,-2,1,1,0,0,0,0,-71,-47,24,None
0,0,7,11,3,2,2,-2,-4,0,0,0,-71,-47,24,None
0,0,-2,-7,-5,-1,-9,-3,0,0,0,0,-71,-47,24,None
0,0,-2,-7,-5,-1,-9,-3,0,0,0,0,-71,-47,24,None
0,0,-2,-7,-5,-1,-9,-3,0,0,0,0,-72,-43,25,None
0,-2,-2,6,4,-4,-6,-3,-2,0,0,0,-72,-43,25,None
0,-3,0,3,9,1,1,-2,-1,0,0,0,-72,-43,25,None
0,0,2,-11,-15,0,0,1,-1,0,0,0,-72,-43,25,None
0,-1,1,4,20,19,7,4,2,0,0,0,-72,-43,25,None
0,-1,1,4,20,19,7,4,2,0,0,0,-72,-43,25,None
0,-1,1,4,20,19,7,4,2,0,0,0,-73,-40,24,None
0,1,7,-1,-40,-7,5,3,0,0,0,0,-73,-40,24,None
0,-5,-6,7,48,-5,-8,-8,-7,0,0,0,-73,-40,24,None
0,-4,-8,-8,-12,-14,-11,-7,0,0,0,0,-73,-40,24,None
0,-2,3,0,6,-1,-4,-3,-4,0,0,0,-73,-40,24,None
0,-2,3,0,6,-1,-4,-3,-4,0,0,0,-73,-40,24,None
0,-2,3,0,6,-1,-4,-3,-4,0,0,0,-77,-33,23,None
0,2,6,5,-14,8,7,3,-1,0,0,0,-77,-33,23,None
0,1,6,-6,1,15,8,1,0,0,0,0,-77,-33,23,None
0,-4,-8,-18,-16,-4,1,0,-1,0,0,0,-77,-33,23,None
0,-1,7,13,25,-3,-8,-4,-3,0,0,0,-77,-33,23,None
0,-1,7,13,25,-3,-8,-4,-3,0,0,0,-77,-33,23,None
0,-1,7,13,25,-3,-8,-4,-3,0,0,0,-81,-27,25,None
0,-4,-14,-12,-40,-4,-4,-3,-2,0,0,0,-81,-27,25,None
0,-2,-3,-5,7,-5,-8,-4,-1,0,0,0,-81,-27,25,None
0,0,4,15,25,13,8,3,-2,0,0,0,-81,-27,25,None
0,2,5,-7,-14,1,-1,-4,-2,0,0,0,-81,-27,25,None
0,2,5,-7,-14,1,-1,-4,-2,0,0,0,-81,-27,25,None
0,2,5,-7,-14,1,-1,-4,-2,0,0,0,-81,-25,24,None
0,-3,-1,-15,7,-3,-3,-3,-1,0,0,0,-81,-25,24,None
0,3,3,18,-12,0,3,4,1,0,0,0,-81,-25,24,None
0,-2,-2,-12,5,-1,3,-2,-3,0,0,0,-81,-25,24,None
0,-3,-16,-1,-20,-2,-4,-3,0,0,0,0,-81,-25,24,None
0,-3,-16,-1,-20,-2,-4,-3,0,0,0,0,-81,-25,24,None
0,-3,-16,-1,-20,-2,-4,-3,0,0,0,0,-79,-22,22,None
0,1,9,15,24,5,3,1,1,0,0,0,-79,-22,22,None
0,-3,-2,-10,-9,-3,-10,-8,-5,0,0,0,-79,-22,22,None
0,-1,1,10,14,13,8,5,5,0,0,0,-79,-22,22,None
0,1,1,-10,-12,-5,-2,0,-1,0,0,0,-79,-22,22,None
0,1,1,-10,-12,-5,-2,0,-1,0,0,0,-79,-22,22,None
0,1,1,-10,-12,-5,-2,0,-1,0,0,0,-79,-19,24,None
0,0,8,-1,3,-3,-4,-2,-4,0,0,0,-79,-19,24,None
0,-3,-2,-13,-14,3,3,1,-1,0,0,0,-79,-19,24,None
0,1,3,-2,-9,1,-5,-4,-1,0,0,0,-79,-19,24,None
0,-2,4,1,8,0,-1,-2,-3,0,0,0,-79,-19,24,None
0,-2,4,1,8,0,-1,-2,-3,0,0,0,-79,-19,24,None
0,-2,4,1,8,0,-1,-2,-3,0,0,0,-83,-14,25,None
0,-1,0,1,-6,7,9,4,0,0,0,0,-83,-14,25,None
0,0,6,10,2,1,-1,1,-2,0,0,0,-83,-14,25,None
0,-4,-6,-25,-24,-8,-3,-3,-4,0,0,0,-83,-14,25,None
0,-3,-3,-4,-1,-12,-6,-4,-3,0,0,0,-83,-14,25,None
0,-3,-3,-4,-1,-12,-6,-4,-3,0,0,0,-83,-14,25,None
0,-3,-3,-4,-1,-12,-6,-4,-3,0,0,0,-82,-15,25,None
0,1,2,1,14,-4,-6,-5,0,0,0,0,-82,-15,25,None
0,-2,-4,-10,-7,2,-4,-3,-1,0,0,0,-82,-15,25,None
0,1,5,5,10,6,7,2,0,0,0,0,-82,-15,25,None
0,3,9,2,1,-1,-5,-3,0,0,0,0,-82,-15,25,None
0,3,9,2,1,-1,-5,-3,0,0,0,0,-82,-15,25,None
0,3,9,2,1,-1,-5,-3,0,0,0,0,-80,-18,27,None
0,-5,-11,-20,3,-5,-10,-5,-3,0,0,0,-80,-18,27,None
0,-2,0,6,-20,1,6,3,0,0,0,0,-80,-18,27,None
0,-1,-2,-3,13,5,-2,-2,-3,0,0,0,-80,-18,27,None
0,-1,3,-6,2,0,-5,-4,-2,0,0,0,-80,-18,27,None
0,-1,3,-6,2,0,-5,-4,-2,0,0,0,-80,-18,27,None
0,-1,3,-6,2,0,-5,-4,-2,0,0,0,-84,-15,28,None
0,0,3,-2,-10,-5,-3,-2,-1,0,0,0,-84,-15,28,None
0,1,7,-7,3,9,10,5,2,0,0,0,-84,-15,28,None
0,-1,-1,12,11,-2,-6,-5,-3,0,0,0,-84,-15,28,None
0,-3,-6,-12,-8,-3,-6,-5,-3,0,0,0,-84,-15,28,None
0,-3,-6,-12,-8,-3,-6,-5,-3,0,0,0,-84,-15,28,None
0,-3,-6,-12,-8,-3,-6,-5,-3,0,0,0,-84,-12,28,None
0,-2,-2,-13,-17,0,7,4,0,0,0,0,-84,-12,28,None
0,-1,-1,-2,-9,-1,-2,0,-1,0,0,0,-84,-12,28,None
0,-2,-1,2,1,-7,-9,-5,-1,0,0,0,-84,-12,28,None
0,-2,-2,11,17,2,4,2,-1,0,0,0,-84,-12,28,None
0,-2,-2,11,17,2,4,2,-1,0,0,0,-84,-12,28,None
0,-2,-2,11,17,2,4,2,-1,0,0,0,-79,-11,30,None
0,-3,1,-12,-6,3,-3,-3,-2,0,0,0,-79,-11,30,None
0,-2,-2,-15,-16,-8,0,-1,-2,0,0,0,-79,-11,30,None
0,0,6,23,19,6,5,3,-2,0,0,0,-79,-11,30,None
0,-1,-4,-26,-10,1,1,0,1,0,0,0,-79,-11,30,None
0,-1,-4,-26,-10,1,1,0,1,0,0,0,-79,-11,30,None
0,-1,-4,-26,-10,1,1,0,1,0,0,0,-80,-8,31,None
0,-2,-4,8,-8,-3,-6,-4,-2,0,0,0,-80,-8,31,None
0,-1,2,1,0,-2,-8,-5,-2,0,0,0,-80,-8,31,None
0,-3,-5,-14,-8,-3,1,2,-1,0,0,0,-80,-8,31,None
0,0,2,13,-3,2,-5,-2,0,0,0,0,-80,-8,31,None
0,0,2,13,-3,2,-5,-2,0,0,0,0,-80,-8,31,None
0,0,2,13,-3,2,-5,-2,0,0,0,0,-82,-11,31,None
0,2,4,10,9,14,0,-3,-1,0,0,0,-82,-11,31,None
0,-2,-2,-16,4,-9,-7,-3,-3,0,0,0,-82,-11,31,None
0,-3,-2,-6,-30,-13,1,-1,0,0,0,0,-82,-11,31,None
0,-4,-11,-20,3,6,0,-2,-2,0,0,0,-82,-11,31,None
0,-4,-11,-20,3,6,0,-2,-2,0,0,0,-82,-11,31,None
0,-4,-11,-20,3,6,0,-2,-2,0,0,0,-84,-16,32,None
0,-1,-2,15,5,7,7,2,-3,0,0,0,-84,-16,32,None
0,-2,-6,-18,3,2,-1,1,0,0,0,0,-84,-16,32,None
0,-1,1,-11,3,3,-8,-5,-2,0,0,0,-84,-16,32,None
0,-3,3,0,6,-5,0,-2,-2,0,0,0,-84,-16,32,None
0,-3,3,0,6,-5,0,-2,-2,0,0,0,-84,-16,32,None
0,-3,3,0,6,-5,0,-2,-2,0,0,0,-88,-14,32,None
0,2,6,-8,-15,1,-1,2,0,0,0,0,-88,-14,32,None
0,-3,-4,15,15,3,-5,-6,-3,0,0,0,-88,-14,32,None
0,0,2,-3,5,-2,-4,-2,0,0,0,0,-88,-14,32,None
0,2,11,6,-1,2,5,1,-2,0,0,0,-88,-14,32,None
0,2,11,6,-1,2,5,1,-2,0,0,0,-88,-14,32,None
0,2,11,6,-1,2,5,1,-2,0,0,0,-87,-14,32,None
0,-6,-25,-12,0,0,0,-2,-1,0,0,0,-87,-14,32,None
0,-2,0,-15,-10,-1,-3,-3,-2,0,0,0,-87,-14,32,None
0,1,-1,15,4,7,7,3,0,0,0,0,-87,-14,32,None
0,0,10,5,10,3,2,1,1,0,0,0,-87,-14,32,None
0,0,10,5,10,3,2,1,1,0,0,0,-87,-14,32,None
0,0,10,5,10,3,2,1,1,0,0,0,-86,-17,32,None
0,-2,6,-7,1,-6,-11,-5,-2,0,0,0,-86,-17,32,None
0,-1,2,9,0,2,0,0,0,0,0,0,-86,-17,32,None
0,0,1,-16,9,1,-2,-2,-2,0,0,0,-86,-17,32,None
0,-1,1,5,-6,-1,-1,-1,0,0,0,0,-86,-17,32,None
0,-1,1,5,-6,-1,-1,-1,0,0,0,0,-86,-17,32,None
0,-1,1,5,-6,-1,-1,-1,0,0,0,0,-86,-18,32,None
0,-6,-1,-21,-3,-13,-10,-6,-5,0,0,0,-86,-18,32,None
0,1,4,15,-7,8,6,2,0,0,0,0,-86,-18,32,None
0,0,7,-3,-2,1,2,0,-2,0,0,0,-86,-18,32,None
0,-2,-5,-5,-23,-4,-3,-2,-3,0,0,0,-86,-18,32,None
0,-2,-5,-5,-23,-4,-3,-2,-3,0,0,0,-86,-18,32,None
0,-2,-5,-5,-23,-4,-3,-2,-3,0,0,0,-86,-17,32,None
0,0,7,17,20,4,3,0,-2,0,0,0,-86,-17,32,None
0,-1,5,2,-11,2,1,-1,-2,0,0,0,-86,-17,32,None
0,-2,0,-8,-1,2,-5,-3,-2,0,0,0,-86,-17,32,None
0,0,-1,0,5,-1,-4,-2,-1,0,0,0,-86,-17,32,None
0,0,-1,0,5,-1,-4,-2,-1,0,0,0,-86,-17,32,None
0,0,-1,0,5,-1,-4,-2,-1,0,0,0,-84,-18,31,None
0,1,4,3,5,5,2,1,-1,0,0,0,-84,-18,31,None
0,-3,-2,-12,5,-1,-1,-1,-1,0,0,0,-84,-18,31,None
0,-1,1,5,-2,3,-2,-5,-1,0,0,0,-84,-18,31,None
0,-2,4,-8,4,-4,-2,-1,0,0,0,0,-84,-18,31,None
0,-2,4,-8,4,-4,-2,-1,0,0,0,0,-84,-18,31,None
0,-2,4,-8,4,-4,-2,-1,0,0,0,0,-84,-19,31,None
0,3,3,33,30,7,8,3,1,0,0,0,-84,-19,31,None
0,-2,-5,-15,-41,-8,-3,-1,-1,0,0,0,-84,-19,31,None
0,-3,1,4,15,-3,-1,-2,-4,0,0,0,-84,-19,31,None
0,0,3,0,-5,3,-1,-1,-4,0,0,0,-84,-19,31,None
0,0,3,0,-5,3,-1,-1,-4,0,0,0,-84,-19,31,None
0,0,3,0,-5,3,-1,-1,-4,0,0,0,-84,-21,31,None
0,0,3,-3,-9,-1,-5,-4,0,0,0,0,-84,-21,31,None
0,0,-1,-12,2,2,2,1,-3,0,0,0,-84,-21,31,None
0,0,-2,-2,-3,2,-3,-2,-1,0,0,0,-84,-21,31,None
0,-2,-8,2,15,-1,-2,-2,-2,0,0,0,-84,-21,31,None
0,-2,-8,2,15,-1,-2,-2,-2,0,0,0,-84,-21,31,None
0,-2,-8,2,15,-1,-2,-2,-2,0,0,0,-84,-23,30,None
0,0,0,-14,-20,-2,-3,-2,0,0,0,0,-84,-23,30,None
0,1,3,2,12,2,2,-1,-3,0,0,0,-84,-23,30,None
0,-2,4,-4,-7,0,-2,0,-1,0,0,0,-84,-23,30,None
0,0,-1,-2,3,3,-2,-3,-1,0,0,0,-84,-23,30,None
0,0,-1,-2,3,3,-2,-3,-1,0,0,0,-84,-23,30,None
0,0,-1,-2,3,3,-2,-3,-1,0,0,0,-84,-25,30,None
0,-3,7,8,-3,-5,2,1,-1,0,0,0,-84,-25,30,None
0,0,5,3,15,-1,0,-1,0,0,0,0,-84,-25,30,None
0,-2,-5,-6,-16,-2,-3,-3,-1,0,0,0,-84,-25,30,None
0,-2,1,6,-1,2,1,-2,-1,0,0,0,-84,-25,30,None
0,-2,1,6,-1,2,1,-2,-1,0,0,0,-84,-25,30,None
0,-2,1,6,-1,2,1,-2,-1,0,0,0,-82,-28,29,None
0,2,4,1,3,4,3,0,-2,0,0,0,-82,-28,29,None
0,-2,0,-3,10,2,-3,-3,-1,0,0,0,-82,-28,29,None
0,0,-5,-6,0,2,-1,-2,-1,0,0,0,-82,-28,29,None
0,1,2,-4,-10,0,2,1,0,0,0,0,-82,-28,29,None
0,1,2,-4,-10,0,2,1,0,0,0,0,-82,-28,29,None
0,1,2,-4,-10,0,2,1,0,0,0,0,-82,-29,30,None
0,-2,1,-9,-1,-1,-3,-2,-2,0,0,0,-82,-29,30,None
0,0,-1,2,3,1,-2,-2,0,0,0,0,-82,-29,30,None
0,1,3,9,6,1,2,4,1,0,0,0,-82,-29,30,None
0,-1,1,4,-12,0,2,2,-3,0,0,0,-82,-29,30,None
0,-1,1,4,-12,0,2,2,-3,0,0,0,-82,-29,30,None
0,-1,1,4,-12,0,2,2,-3,0,0,0,-80,-30,29,None
0,0,1,-9,3,0,-3,-2,-1,0,0,0,-80,-30,29,None
0,-2,-2,6,-1,-1,-5,-4,-4,0,0,0,-80,-30,29,None
0,-2,0,-2,-14,-1,-1,-5,-1,0,0,0,-80,-30,29,None
0,0,-1,-6,-2,0,-3,-1,1,0,0,0,-80,-30,29,None
0,0,-1,-6,-2,0,-3,-1,1,0,0,0,-80,-30,29,None
0,0,-1,-6,-2,0,-3,-1,1,0,0,0,-80,-34,27,None
0,-1,-3,-7,-6,3,-2,-4,-3,0,0,0,-80,-34,27,None
0,0,4,0,-3,0,-2,1,-1,0,0,0,-80,-34,27,None
0,0,5,-1,3,1,-2,-2,-4,0,0,0,-80,-34,27,None
0,-1,0,8,11,1,-3,-1,1,0,0,0,-80,-34,27,None
0,-1,0,8,11,1,-3,-1,1,0,0,0,-80,-34,27,None
0,-1,0,8,11,1,-3,-1,1,0,0,0,-81,-38,27,None
0,-3,-4,-27,-31,-5,-3,-3,-2,0,0,0,-81,-38,27,None
0,-1,3,-1,-4,2,5,3,-1,0,0,0,-81,-38,27,None
0,-3,-4,-5,0,-1,-5,-7,-4,0,0,0,-81,-38,27,None
0,1,5,6,9,0,-2,-2,1,0,0,0,-81,-38,27,None
0,1,5,6,9,0,-2,-2,1,0,0,0,-81,-38,27,None
0,1,5,6,9,0,-2,-2,1,0,0,0,-77,-42,27,None
0,-1,-1,5,12,4,3,6,2,0,0,0,-77,-42,27,None
0,1,3,2,2,2,-4,-6,-2,0,0,0,-77,-42,27,None
0,-1,0,-11,-2,0,-3,-3,0,0,0,0,-77,-42,27,None
0,-2,1,-1,-5,-1,3,1,-1,0,0,0,-77,-42,27,None
0,-2,1,-1,-5,-1,3,1,-1,0,0,0,-77,-42,27,None
0,-2,1,-1,-5,-1,3,1,-1,0,0,0,-71,-46,26,None
0,-1,-1,3,5,-1,-4,-5,-3,0,0,0,-71,-46,26,None
0,1,-1,-10,-23,-1,-1,2,2,0,0,0,-71,-46,26,None
0,-2,1,10,24,3,-1,-1,-3,0,0,0,-71,-46,26,None
0,-4,-2,-7,0,1,1,-2,-2,0,0,0,-71,-46,26,None
0,-4,-2,-7,0,1,1,-2,-2,0,0,0,-71,-46,26,None
0,-4,-2,-7,0,1,1,-2,-2,0,0,0,-71,-50,27,None
0,0,5,1,7,2,-3,-2,-1,0,0,0,-71,-50,27,None
0,-3,-7,-15,-19,-10,-5,-1,-2,0,0,0,-71,-50,27,None
0,-2,-1,2,-3,-1,-1,-2,-3,0,0,0,-71,-50,27,None
0,-1,0,1,25,1,-3,-3,-1,0,0,0,-71,-50,27,None
0,-1,0,1,25,1,-3,-3,-1,0,0,0,-71,-50,27,None
0,-1,0,1,25,1,-3,-3,-1,0,0,0,-72,-54,26,None
0,-3,-6,-19,-39,-3,-5,-4,-1,0,0,0,-72,-54,26,None
0,0,1,17,29,6,5,0,-1,0,0,0,-72,-54,26,None
0,-2,-3,-19,-14,-1,0,0,-2,0,0,0,-72,-54,26,None
0,-2,-1,-3,4,3,-1,0,0,0,0,0,-72,-54,26,None
0,-2,-1,-3,4,3,-1,0,0,0,0,0,-72,-54,26,None
0,-2,-1,-3,4,3,-1,0,0,0,0,0,-70,-59,25,None
0,2,3,12,7,-2,3,0,-1,0,0,0,-70,-59,25,None
0,-1,1,-2,3,1,0,0,0,0,0,0,-70,-59,25,None
0,0,1,2,-9,-4,-5,-3,0,0,0,0,-70,-59,25,None
0,1,-3,-9,-14,4,0,-3,-1,0,0,0,-70,-59,25,None
0,1,-3,-9,-14,4,0,-3,-1,0,0,0,-70,-59,25,None
0,1,-3,-9,-14,4,0,-3,-1,0,0,0,-67,-60,27,None
0,0,2,1,5,-2,-1,-1,-2,0,0,0,-67,-60,27,None
0,-3,-3,-11,-1,-2,-6,-7,-4,0,0,0,-67,-60,27,None
0,2,6,5,0,4,-1,-1,0,0,0,0,-67,-60,27,None
0,-2,1,-11,-17,-6,-4,-2,-3,0,0,0,-67,-60,27,None
0,-2,1,-11,-17,-6,-4,-2,-3,0,0,0,-67,-60,27,None
0,-2,1,-11,-17,-6,-4,-2,-3,0,0,0,-62,-67,26,None
0,-4,-4,2,10,2,-1,0,-1,0,0,0,-62,-67,26,None
0,-1,-3,-7,13,6,5,-2,1,0,0,0,-62,-67,26,None
0,-1,0,1,-4,-1,7,4,0,0,0,0,-62,-67,26,None
0,0,4,9,-6,1,2,0,-1,0,0,0,-62,-67,26,None
0,0,4,9,-6,1,2,0,-1,0,0,0,-62,-67,26,None
0,0,4,9,-6,1,2,0,-1,0,0,0,-54,-73,25,None
0,-2,0,-1,13,-1,-8,-8,-2,0,0,0,-54,-73,25,None
0,1,2,3,-22,-2,0,6,1,0,0,0,-54,-73,25,None
0,-2,1,-9,4,2,2,3,3,0,0,0,-54,-73,25,None
0,-2,-4,-4,2,0,-6,-5,-2,0,0,0,-54,-73,25,None
0,-2,-4,-4,2,0,-6,-5,-2,0,0,0,-54,-73,25,None
0,-2,-4,-4,2,0,-6,-5,-2,0,0,0,-52,-79,25,None
0,1,0,-1,7,0,-2,0,1,0,0,0,-52,-79,25,None
0,-2,2,6,6,-1,-2,-6,-4,0,0,0,-52,-79,25,None
0,3,9,-2,-10,-6,-8,-3,0,0,0,0,-52,-79,25,None
0,-2,-7,-3,8,1,2,0,1,0,0,0,-52,-79,25,None
0,-2,-7,-3,8,1,2,0,1,0,0,0,-52,-79,25,None
0,-2,-7,-3,8,1,2,0,1,0,0,0,-51,-85,26,None
0,-3,0,-10,-24,-3,2,-2,-1,0,0,0,-51,-85,26,None
0,1,6,8,5,4,4,6,-1,0,0,0,-51,-85,26,None
0,-1,-1,-7,2,-2,-5,-4,-1,0,0,0,-51,-85,26,None
0,-1,-1,-10,1,-1,-2,1,-2,0,0,0,-51,-85,26,None
0,-1,-1,-10,1,-1,-2,1,-2,0,0,0,-51,-85,26,None
0,-1,-1,-10,1,-1,-2,1,-2,0,0,0,-49,-90,26,None
0,-1,3,6,14,5,0,-4,-5,0,0,0,-49,-90,26,None
0,-2,-9,-28,-16,-11,-10,-5,-2,0,0,0,-49,-90,26,None
0,0,-7,0,-9,-4,-4,-3,-2,0,0,0,-49,-90,26,None
0,0,4,6,5,10,11,4,0,0,0,0,-49,-90,26,None
0,0,4,6,5,10,11,4,0,0,0,0,-49,-90,26,None
0,0,4,6,5,10,11,4,0,0,0,0,-46,-93,25,None
0,-2,-8,-16,4,1,0,3,1,0,0,0,-46,-93,25,None
0,-4,0,-14,2,-3,-9,-7,-3,0,0,0,-46,-93,25,None
0,0,2,10,2,-2,-3,-6,-5,0,0,0,-46,-93,25,None
0,1,0,-15,4,1,6,8,2,0,0,0,-46,-93,25,None
0,1,0,-15,4,1,6,8,2,0,0,0,-46,-93,25,None
0,1,0,-15,4,1,6,8,2,0,0,0,-43,-93,24,None
0,-3,-5,-21,-16,-6,-8,-10,-2,0,0,0,-43,-93,24,None
0,0,12,5,-5,5,6,6,-4,0,0,0,-43,-93,24,None
0,1,0,9,13,5,3,3,1,0,0,0,-43,-93,24,None
0,-3,0,18,-9,-3,-11,-11,-6,0,0,0,-43,-93,24,None
0,-3,0,18,-9,-3,-11,-11,-6,0,0,0,-43,-93,24,None
0,-3,0,18,-9,-3,-11,-11,-6,0,0,0,-39,-96,27,None
0,-1,5,10,14,1,1,2,0,0,0,0,-39,-96,27,None
0,0,1,1,15,2,2,-2,-3,0,0,0,-39,-96,27,None
0,-5,-4,-20,-25,-1,-4,1,-2,0,0,0,-39,-96,27,None
0,0,4,9,4,-2,-4,-6,-2,0,0,0,-39,-96,27,None
0,0,4,9,4,-2,-4,-6,-2,0,0,0,-39,-96,27,None
0,0,4,9,4,-2,-4,-6,-2,0,0,0,-34,-102,28,None
0,-1,1,15,4,1,2,1,-3,0,0,0,-34,-102,28,None
0,-2,-6,-9,-2,-2,-3,-2,-2,0,0,0,-34,-102,28,None
0,-1,3,12,21,8,7,1,-1,0,0,0,-34,-102,28,None
0,1,5,-3,7,4,2,-3,1,0,0,0,-34,-102,28,None
0,1,5,-3,7,4,2,-3,1,0,0,0,-34,-102,28,None
0,1,5,-3,7,4,2,-3,1,0,0,0,-30,-104,29,None
0,-1,1,-19,-7,-2,6,5,-3,0,0,0,-30,-104,29,None
0,-6,-8,-15,-11,-9,-8,-11,-4,0,0,0,-30,-104,29,None
0,2,5,-10,-6,4,0,-2,0,0,0,0,-30,-104,29,None
0,-4,-2,12,-18,-17,-17,-4,-5,0,0,0,-30,-104,29,None
0,-4,-2,12,-18,-17,-17,-4,-5,0,0,0,-30,-104,29,None
0,-4,-2,12,-18,-17,-17,-4,-5,0,0,0,-28,-101,33,None
0,-1,0,2,5,6,-6,-5,2,0,0,0,-28,-101,33,None
0,1,5,14,17,14,14,5,2,0,0,0,-28,-101,33,None
0,-1,0,7,2,1,9,5,-2,0,0,0,-28,-101,33,None
0,-5,-5,-42,-20,-5,-4,-5,-10,0,0,0,-28,-101,33,None
0,-5,-5,-42,-20,-5,-4,-5,-10,0,0,0,-28,-101,33,None
0,-5,-5,-42,-20,-5,-4,-5,-10,0,0,0,-25,-101,35,None
0,0,10,7,12,-3,-11,-2,2,0,0,0,-25,-101,35,None
0,-2,3,26,-3,1,3,7,-1,0,0,0,-25,-101,35,None
0,-2,-3,-5,6,-2,-3,0,2,0,0,0,-25,-101,35,None
0,4,9,-2,-6,5,0,0,4,0,0,0,-25,-101,35,None
0,4,9,-2,-6,5,0,0,4,0,0,0,-25,-101,35,None
0,4,9,-2,-6,5,0,0,4,0,0,0,-20,-102,34,None
0,-2,-7,28,-13,-1,-1,-4,1,0,0,0,-20,-102,34,None
0,2,4,7,19,9,2,2,3,0,0,0,-20,-102,34,None
0,-4,1,-6,-12,-7,-11,-8,-4,0,0,0,-20,-102,34,None
0,-4,-6,-15,4,5,0,-3,-4,0,0,0,-20,-102,34,None
0,-4,-6,-15,4,5,0,-3,-4,0,0,0,-20,-102,34,None
0,-4,-6,-15,4,5,0,-3,-4,0,0,0,-16,-105,35,None
0,-2,0,-6,-2,-2,8,10,-5,0,0,0,-16,-105,35,None
0,0,3,17,-11,1,-6,-4,0,0,0,0,-16,-105,35,None
0,-1,-7,-9,-2,-2,-2,-6,-2,0,0,0,-16,-105,35,None
0,-3,4,5,6,-2,-1,-1,-2,0,0,0,-16,-105,35,None
0,-3,4,5,6,-2,-1,-1,-2,0,0,0,-16,-105,35,None
0,-3,4,5,6,-2,-1,-1,-2,0,0,0,-13,-101,38,None
0,0,-4,-11,-3,10,8,2,-2,0,0,0,-13,-101,38,None
0,-3,-7,-9,7,-5,-10,-7,-1,0,0,0,-13,-101,38,None
0,-3,-9,16,-12,-3,-2,3,-1,0,0,0,-13,-101,38,None
0,-2,-2,-4,8,4,-8,0,2,0,0,0,-13,-101,38,None
0,-2,-2,-4,8,4,-8,0,2,0,0,0,-13,-101,38,None
0,-2,-2,-4,8,4,-8,0,2,0,0,0,-10,-98,40,None
0,-3,-10,-19,-18,-8,-6,-16,-9,0,0,0,-10,-98,40,None
0,1,6,-1,10,1,3,6,2,0,0,0,-10,-98,40,None
0,1,7,5,1,7,7,-1,0,0,0,0,-10,-98,40,None
0,-1,-1,3,-11,-9,-3,-1,0,0,0,0,-10,-98,40,None
0,-1,-1,3,-11,-9,-3,-1,0,0,0,0,-10,-98,40,None
0,-1,-1,3,-11,-9,-3,-1,0,0,0,0,-7,-95,40,None
0,-5,1,-4,5,12,0,-4,-9,0,0,0,-7,-95,40,None
0,-1,1,9,1,-7,2,1,-3,0,0,0,-7,-95,40,None
0,-5,-1,-21,-14,1,-1,-1,-5,0,0,0,-7,-95,40,None
0,3,-1,14,6,2,6,0,4,0,0,0,-7,-95,40,None
0,3,-1,14,6,2,6,0,4,0,0,0,-7,-95,40,None
0,3,-1,14,6,2,6,0,4,0,0,0,-4,-93,41,None
0,2,4,-5,-4,0,-1,7,2,0,0,0,-4,-93,41,None
0,-5,-2,14,1,-2,-11,-11,-9,0,0,0,-4,-93,41,None
0,-3,-7,-12,9,-5,-8,-3,1,0,0,0,-4,-93,41,None
0,-1,0,-1,-8,1,2,1,-2,0,0,0,-4,-93,41,None
0,-1,0,-1,-8,1,2,1,-2,0,0,0,-4,-93,41,None
0,-1,0,-1,-8,1,2,1,-2,0,0,0,-3,-93,41,None
0,-7,9,1,1,-3,-2,-1,0,0,0,0,-3,-93,41,None
0,8,-6,-23,-12,-2,0,-4,-1,0,0,0,-3,-93,41,None
0,-3,-1,6,19,4,-7,-4,-2,0,0,0,-3,-93,41,None
0,-5,0,-1,8,4,4,4,-4,0,0,0,-3,-93,41,None
0,-5,0,-1,8,4,4,4,-4,0,0,0,-3,-93,41,None
0,-5,0,-1,8,4,4,4,-4,0,0,0,-1,-94,41,None
0,2,5,7,-3,-1,4,2,3,0,0,0,-1,-94,41,None
0,-6,-6,-11,-6,-6,-6,-6,-1,0,0,0,-1,-94,41,None
0,-5,-4,-18,-9,0,5,5,-3,0,0,0,-1,-94,41,None
0,-2,4,-2,1,0,-2,-1,-3,0,0,0,-1,-94,41,None
0,-2,4,-2,1,0,-2,-1,-3,0,0,0,-1,-94,41,None
0,-2,4,-2,1,0,-2,-1,-3,0,0,0,-1,-110,43,None
0,1,2,7,6,1,-7,-4,1,0,0,0,-1,-110,43,None
0,-18,0,-8,-1,5,0,-1,0,0,0,0,-1,-110,43,None
0,44,4,-17,-10,-1,2,-3,3,0,0,0,-1,-110,43,None
0,-7,-3,-7,-18,-4,-4,-5,-10,0,0,0,-1,-110,43,None
0,-7,-3,-7,-18,-4,-4,-5,-10,0,0,0,-1,-110,43,None
0,-7,-3,-7,-18,-4,-4,-5,-10,0,0,0,0,-110,49,None
0,1,-4,-7,-2,-4,-3,-3,-1,0,0,0,0,-110,49,None
0,1,6,-6,-3,3,3,1,-3,0,0,0,0,-110,49,None
0,-11,8,7,23,5,4,1,-3,0,0,0,0,-110,49,None
0,6,-1,-3,4,0,-3,-3,3,0,0,0,0,-110,49,None
0,6,-1,-3,4,0,-3,-3,3,0,0,0,0,-110,49,None
0,6,-1,-3,4,0,-3,-3,3,0,0,0,-2,-98,49,None
0,5,3,-10,-8,-3,-1,-1,-1,0,0,0,-2,-98,49,None
0,-2,-1,2,11,2,-1,-1,-1,0,0,0,-2,-98,49,None
0,-4,-3,3,-23,-4,-5,-2,2,0,0,0,-2,-98,49,None
0,-8,-2,-9,0,1,-1,-2,-3,0,0,0,-2,-98,49,None
0,-8,-2,-9,0,1,-1,-2,-3,0,0,0,-2,-98,49,None
0,-8,-2,-9,0,1,-1,-2,-3,0,0,0,-4,-79,48,None
0,3,-2,10,9,2,2,0,-2,0,0,0,-4,-79,48,None
0,-3,-4,-9,-2,1,0,1,2,0,0,0,-4,-79,48,None
0,-8,6,13,9,1,-1,-1,-4,0,0,0,-4,-79,48,None
0,-4,0,-11,-4,0,2,2,0,0,0,0,-4,-79,48,None
0,-4,0,-11,-4,0,2,2,0,0,0,0,-4,-79,48,None
0,-4,0,-11,-4,0,2,2,0,0,0,0,-5,-75,48,None
0,-12,1,3,3,-1,0,-2,-4,0,0,0,-5,-75,48,None
0,29,3,-9,-7,-1,-4,-5,-2,0,0,0,-5,-75,48,None
0,-6,2,2,2,1,-3,0,-4,0,0,0,-5,-75,48,None
0,-20,-5,-10,-4,0,2,-3,-4,0,0,0,-5,-75,48,None
0,-20,-5,-10,-4,0,2,-3,-4,0,0,0,-5,-75,48,None
0,-20,-5,-10,-4,0,2,-3,-4,0,0,0,-1,-86,49,None
0,9,8,16,7,3,0,-2,1,0,0,0,-1,-86,49,None
0,2,-4,4,-6,2,-2,0,4,0,0,0,-1,-86,49,None
0,-29,-8,-14,-19,-7,-3,-5,-13,0,0,0,-1,-86,49,None
0,15,11,10,6,4,2,0,1,0,0,0,-1,-86,49,None
0,15,11,10,6,4,2,0,1,0,0,0,-1,-86,49,None
0,15,11,10,6,4,2,0,1,0,0,0,4,-92,48,None
0,1,0,-13,-1,-2,-5,-4,-3,0,0,0,4,-92,48,None
0,-34,-5,2,3,5,2,3,-2,0,0,0,4,-92,48,None
0,26,6,6,6,3,4,-1,4,0,0,0,4,-92,48,None
0,-6,-1,0,1,0,-2,-2,0,0,0,0,4,-92,48,None
0,-6,-1,0,1,0,-2,-2,0,0,0,0,4,-92,48,None
0,-6,-1,0,1,0,-2,-2,0,0,0,0,8,-93,48,None
0,-20,-7,-8,-10,-2,-2,-1,-2,0,0,0,8,-93,48,None
0,25,4,-4,-4,-1,-1,-4,-3,0,0,0,8,-93,48,None
0,-4,-1,1,7,1,-3,-1,0,0,0,0,8,-93,48,None
0,-1,-4,-2,-6,-3,-5,-4,-2,0,0,0,8,-93,48,None
0,-1,-4,-2,-6,-3,-5,-4,-2,0,0,0,8,-93,48,None
0,-1,-4,-2,-6,-3,-5,-4,-2,0,0,0,8,-88,50,None
0,2,2,-3,0,2,2,2,1,0,0,0,8,-88,50,None
0,-8,-1,4,8,-1,-1,-2,-3,0,0,0,8,-88,50,None
0,1,-7,-21,-16,-1,-2,-2,3,0,0,0,8,-88,50,None
0,-4,7,11,2,-1,3,0,-7,0,0,0,8,-88,50,None
0,-4,7,11,2,-1,3,0,-7,0,0,0,8,-88,50,None
0,-4,7,11,2,-1,3,0,-7,0,0,0,3,-80,50,None
0,0,-3,-10,0,2,2,-1,-3,0,0,0,3,-80,50,None
0,11,5,0,-15,-4,-1,-1,4,0,0,0,3,-80,50,None
0,-18,-3,-3,5,2,-2,-3,-4,0,0,0,3,-80,50,None
0,-7,-1,0,-4,2,1,-1,-5,0,0,0,3,-80,50,None
0,-7,-1,0,-4,2,1,-1,-5,0,0,0,3,-80,50,None
0,-7,-1,0,-4,2,1,-1,-5,0,0,0,0,-77,50,None
0,3,-1,-9,-1,-2,-5,-2,1,0,0,0,0,-77,50,None
0,-1,1,-8,1,1,-2,-3,-1,0,0,0,0,-77,50,None
0,-2,2,8,4,1,4,2,0,0,0,0,0,-77,50,None
0,11,-2,-6,-8,-1,-4,-2,1,0,0,0,0,-77,50,None
0,11,-2,-6,-8,-1,-4,-2,1,0,0,0,0,-77,50,None
0,11,-2,-6,-8,-1,-4,-2,1,0,0,0,0,-83,49,None
0,-3,-2,-3,4,0,-3,-4,-5,0,0,0,0,-83,49,None
0,-4,0,-6,-6,-1,0,1,-2,0,0,0,0,-83,49,None
0,-1,5,7,3,1,2,0,-2,0,0,0,0,-83,49,None
0,1,-1,-7,6,1,-3,-3,1,0,0,0,0,-83,49,None
0,1,-1,-7,6,1,-3,-3,1,0,0,0,0,-83,49,None
0,1,-1,-7,6,1,-3,-3,1,0,0,0,0,-90,50,None
0,5,2,5,1,1,1,0,1,0,0,0,0,-90,50,None
0,-11,-7,-15,-17,-2,-2,-3,-5,0,0,0,0,-90,50,None
0,-1,-1,-6,6,1,-4,-4,-2,0,0,0,0,-90,50,None
0,3,-1,-2,-2,-3,-3,-2,0,0,0,0,0,-90,50,None
0,3,-1,-2,-2,-3,-3,-2,0,0,0,0,0,-90,50,None
0,3,-1,-2,-2,-3,-3,-2,0,0,0,0,0,-93,49,None
0,-3,-1,-8,-6,1,0,1,-1,0,0,0,0,-93,49,None
0,-3,2,5,-2,0,0,-3,-3,0,0,0,0,-93,49,None
0,14,2,3,14,2,-3,-1,1,0,0,0,0,-93,49,None
0,-3,-2,-9,-9,0,0,-1,-3,0,0,0,0,-93,49,None
0,-3,-2,-9,-9,0,0,-1,-3,0,0,0,0,-93,49,None
0,-3,-2,-9,-9,0,0,-1,-3,0,0,0,0,-89,48,None
0,5,0,-1,-1,-3,-1,-3,1,0,0,0,0,-89,48,None
0,-24,3,-4,-2,2,-3,-3,-11,0,0,0,0,-89,48,None
0,0,-4,-1,1,1,-1,-2,-1,0,0,0,0,-89,48,None
0,4,3,-2,13,0,-1,0,0,0,0,0,0,-89,48,None
0,4,3,-2,13,0,-1,0,0,0,0,0,0,-89,48,None
0,4,3,-2,13,0,-1,0,0,0,0,0,-1,-86,48,None
0,1,-1,1,-7,2,-5,-3,0,0,0,0,-1,-86,48,None
0,1,1,-1,10,0,-1,0,1,0,0,0,-1,-86,48,None
0,-3,4,2,-10,-2,-1,-1,-2,0,0,0,-1,-86,48,None
0,-4,0,-6,1,2,0,-1,-2,0,0,0,-1,-86,48,None
0,-4,0,-6,1,2,0,-1,-2,0,0,0,-1,-86,48,None
0,-4,0,-6,1,2,0,-1,-2,0,0,0,0,-84,48,None
0,-6,-4,-1,3,-2,-3,-1,-3,0,0,0,0,-84,48,None
0,-1,1,-1,8,0,2,-1,-1,0,0,0,0,-84,48,None
0,7,1,20,10,1,4,2,4,0,0,0,0,-84,48,None
0,-18,-2,-31,-12,0,-5,-5,-8,0,0,0,0,-84,48,None
0,-18,-2,-31,-12,0,-5,-5,-8,0,0,0,0,-84,48,None
0,-18,-2,-31,-12,0,-5,-5,-8,0,0,0,1,-85,48,None
0,9,0,1,-3,-3,-1,0,2,0,0,0,1,-85,48,None
0,-19,3,0,-3,2,2,-1,-8,0,0,0,1,-85,48,None
0,14,3,6,-2,-2,-4,-3,-2,0,0,0,1,-85,48,None
0,6,1,9,4,0,-2,-4,3,0,0,0,1,-85,48,None
0,6,1,9,4,0,-2,-4,3,0,0,0,1,-85,48,None
0,6,1,9,4,0,-2,-4,3,0,0,0,1,-84,48,None
0,-3,1,-4,2,4,4,1,-2,0,0,0,1,-84,48,None
0,3,-5,-4,-2,-1,-5,-4,-1,0,0,0,1,-84,48,None
0,-14,0,-4,0,1,-1,-4,-6,0,0,0,1,-84,48,None
0,4,0,5,-6,0,1,2,0,0,0,0,1,-84,48,None
0,4,0,5,-6,0,1,2,0,0,0,0,1,-84,48,None
0,4,0,5,-6,0,1,2,0,0,0,0,0,-84,49,None
0,-12,-1,-7,1,0,-1,0,-4,0,0,0,0,-84,49,None
0,33,2,7,6,-2,-1,-1,2,0,0,0,0,-84,49,None
0,-13,-4,-16,-16,0,0,1,-2,0,0,0,0,-84,49,None
0,19,5,6,0,1,2,1,1,0,0,0,0,-84,49,None
0,19,5,6,0,1,2,1,1,0,0,0,0,-84,49,None
0,19,5,6,0,1,2,1,1,0,0,0,0,-85,49,None
0,-34,-6,-3,3,0,-5,-5,-6,0,0,0,0,-85,49,None
0,-2,1,-7,0,3,-2,0,7,0,0,0,0,-85,49,None
0,13,2,-9,3,-1,0,0,-2,0,0,0,0,-85,49,None
0,2,3,-3,-5,1,-2,-3,1,0,0,0,0,-85,49,None
0,2,3,-3,-5,1,-2,-3,1,0,0,0,0,-85,49,None
0,2,3,-3,-5,1,-2,-3,1,0,0,0,0,-86,49,None
0,-5,0,0,-6,0,-1,-2,-2,0,0,0,0,-86,49,None
0,-5,0,-3,-1,1,2,0,0,0,0,0,0,-86,49,None
0,-10,-3,-2,-1,0,0,-2,-3,0,0,0,0,-86,49,None
0,-2,-5,-3,1,-2,-3,-1,-2,0,0,0,0,-86,49,None
0,-2,-5,-3,1,-2,-3,-1,-2,0,0,0,0,-86,49,None
0,-2,-5,-3,1,-2,-3,-1,-2,0,0,0,0,-85,50,None
0,13,5,1,-3,0,0,0,0,0,0,0,0,-85,50,None
0,8,2,-3,-9,-1,2,0,3,0,0,0,0,-85,50,None
0,-28,-4,-1,-2,-1,-4,-5,-11,0,0,0,0,-85,50,None
0,0,4,-5,7,3,1,-1,-1,0,0,0,0,-85,50,None
0,0,4,-5,7,3,1,-1,-1,0,0,0,0,-85,50,None
0,0,4,-5,7,3,1,-1,-1,0,0,0,0,-85,50,None
0,-3,2,1,3,1,0,0,0,0,0,0,0,-85,50,None
0,19,2,-6,-6,0,-4,-2,2,0,0,0,0,-85,50,None
0,-44,-8,2,2,3,-3,-5,-8,0,0,0,0,-85,50,None
0,16,5,6,2,-3,1,1,0,0,0,0,0,-85,50,None
0,16,5,6,2,-3,1,1,0,0,0,0,0,-85,50,None
0,16,5,6,2,-3,1,1,0,0,0,0,0,-85,50,None
0,2,3,-6,-9,-1,1,-1,-2,0,0,0,0,-85,50,None
0,-14,-5,-1,3,1,-3,-4,-5,0,0,0,0,-85,50,None
0,10,4,-2,-3,2,2,-1,2,0,0,0,0,-85,50,None
0,-8,-1,3,3,0,0,1,0,0,0,0,0,-85,50,None
0,-8,-1,3,3,0,0,1,0,0,0,0,0,-85,50,None
0,-8,-1,3,3,0,0,1,0,0,0,0,0,-85,51,None
0,4,5,-5,-2,-2,-5,-3,-3,0,0,0,0,-85,51,None
0,1,-6,-5,2,0,-1,-2,-3,0,0,0,0,-85,51,None
0,22,2,-5,-13,0,1,0,3,0,0,0,0,-85,51,None
0,-22,-8,1,3,-1,-2,-2,-4,0,0,0,0,-85,51,None
0,-22,-8,1,3,-1,-2,-2,-4,0,0,0,0,-85,51,None
0,-22,-8,1,3,-1,-2,-2,-4,0,0,0,0,-85,50,None
0,11,-1,-5,-1,2,-1,-1,1,0,0,0,0,-85,50,None
0,-14,1,2,0,0,-1,-1,-6,0,0,0,0,-85,50,None
0,15,3,-5,8,1,0,1,6,0,0,0,0,-85,50,None
0,-21,-6,-10,-10,-1,-6,-6,-14,0,0,0,0,-85,50,None
0,-21,-6,-10,-10,-1,-6,-6,-14,0,0,0,0,-85,50,None
0,-21,-6,-10,-10,-1,-6,-6,-14,0,0,0,0,-86,50,None
0,-6,2,0,7,3,2,0,0,0,0,0,0,-86,50,None
0,1,3,13,-2,0,1,0,-4,0,0,0,0,-86,50,None
0,19,4,-2,-6,-2,-3,-1,3,0,0,0,0,-86,50,None
0,-14,-5,-1,-1,-1,0,-1,0,0,0,0,0,-86,50,None
0,-14,-5,-1,-1,-1,0,-1,0,0,0,0,0,-86,50,None
0,-14,-5,-1,-1,-1,0,-1,0,0,0,0,0,-86,50,None
0,2,-1,0,1,-1,1,-2,0,0,0,0,0,-86,50,None
0,-16,-1,-8,-2,-1,-5,-3,-4,0,0,0,0,-86,50,None
0,9,2,-4,-1,-1,-4,0,2,0,0,0,0,-86,50,None
0,-2,2,4,3,2,1,-1,-3,0,0,0,0,-86,50,None
0,-2,2,4,3,2,1,-1,-3,0,0,0,0,-86,50,None
0,-2,2,4,3,2,1,-1,-3,0,0,0,0,-86,49,None
0,-5,-2,-5,-4,-1,-3,-3,-3,0,0,0,0,-86,49,None
0,10,-1,-5,-3,1,2,1,7,0,0,0,0,-86,49,None
0,-22,1,-3,-7,-1,-1,-3,-14,0,0,0,0,-86,49,None
0,4,-2,-2,1,1,0,2,3,0,0,0,0,-86,49,None
0,4,-2,-2,1,1,0,2,3,0,0,0,0,-86,49,None
0,4,-2,-2,1,1,0,2,3,0,0,0,0,-85,49,None
0,13,5,1,1,2,-2,-3,-1,0,0,0,0,-85,49,None
0,-8,0,-2,8,-2,-4,-5,-9,0,0,0,0,-85,49,None
0,0,-4,-5,-10,-1,0,-1,2,0,0,0,0,-85,49,None
0,1,0,-9,-13,0,-5,-4,0,0,0,0,0,-85,49,None
0,1,0,-9,-13,0,-5,-4,0,0,0,0,0,-85,49,None
0,1,0,-9,-13,0,-5,-4,0,0,0,0,0,-85,49,None
0,1,-2,0,1,-1,0,-1,-1,0,0,0,0,-85,49,None
0,-2,3,5,6,5,2,1,-1,0,0,0,0,-85,49,None
0,-10,3,3,11,0,-1,-2,-2,0,0,0,0,-85,49,None
0,18,-3,-2,-3,-2,-2,-2,2,0,0,0,0,-85,49,None
0,18,-3,-2,-3,-2,-2,-2,2,0,0,0,0,-85,49,None
0,18,-3,-2,-3,-2,-2,-2,2,0,0,0,0,-86,49,None
0,-3,2,7,6,4,1,-1,-3,0,0,0,0,-86,49,None
0,-2,1,-7,-10,-3,-2,1,4,0,0,0,0,-86,49,None
0,-9,-4,-4,7,2,-1,-2,-3,0,0,0,0,-86,49,None
0,16,3,2,-3,1,0,0,4,0,0,0,0,-86,49,None
0,16,3,2,-3,1,0,0,4,0,0,0,0,-86,49,None
0,16,3,2,-3,1,0,0,4,0,0,0,0,-86,49,None
0,-2,1,-3,-13,-3,-2,-2,-7,0,0,0,0,-86,49,None
0,-8,-6,-2,5,1,-6,-4,-5,0,0,0,0,-86,49,None
0,6,2,-3,-3,0,-2,-1,2,0,0,0,0,-86,49,None
0,-12,-1,6,12,1,2,-2,-7,0,0,0,0,-86,49,None
0,-12,-1,6,12,1,2,-2,-7,0,0,0,0,-86,49,None
0,-12,-1,6,12,1,2,-2,-7,0,0,0,-1,-86,49,None
0,1,0,-11,-5,-3,-1,-2,0,0,0,0,-1,-86,49,None
0,4,2,-3,-4,-2,-3,-3,-2,0,0,0,-1,-86,49,None
0,-3,-2,-3,-4,-2,0,2,1,0,0,0,-1,-86,49,None
0,9,7,4,2,3,1,-1,-1,0,0,0,-1,-86,49,None
0,9,7,4,2,3,1,-1,-1,0,0,0,-1,-86,49,None
0,9,7,4,2,3,1,-1,-1,0,0,0,-1,-86,50,None
0,-1,-5,-3,1,-1,-5,-2,1,0,0,0,-1,-86,50,None
0,8,0,-8,-19,-1,-1,-1,6,0,0,0,-1,-86,50,None
0,-5,3,-2,4,2,2,0,-7,0,0,0,-1,-86,50,None
0,14,0,-2,-3,0,-3,-1,-1,0,0,0,-1,-86,50,None
0,14,0,-2,-3,0,-3,-1,-1,0,0,0,-1,-86,50,None
0,14,0,-2,-3,0,-3,-1,-1,0,0,0,0,-85,49,None
0,-9,-3,-4,1,-1,-2,-3,8,0,0,0,0,-85,49,None
0,8,2,0,5,0,2,0,-3,0,0,0,0,-85,49,None
0,-11,1,2,3,-1,-2,-3,-5,0,0,0,0,-85,49,None
0,-3,-2,-11,-10,-1,-2,-2,5,0,0,0,0,-85,49,None
0,-3,-2,-11,-10,-1,-2,-2,5,0,0,0,0,-85,49,None
0,-3,-2,-11,-10,-1,-2,-2,5,0,0,0,0,-85,49,None
0,21,0,1,-3,1,1,0,-4,0,0,0,0,-85,49,None
0,-16,0,0,1,2,1,0,-10,0,0,0,0,-85,49,None
0,-1,-1,0,4,-1,-2,-1,5,0,0,0,0,-85,49,None
0,-7,1,-4,-3,1,0,-1,-7,0,0,0,0,-85,49,None
0,-7,1,-4,-3,1,0,-1,-7,0,0,0,0,-85,49,None
0,-7,1,-4,-3,1,0,-1,-7,0,0,0,0,-85,49,None
0,-8,-1,1,7,3,0,0,-2,0,0,0,0,-85,49,None
0,0,-1,-5,-3,-2,-3,-2,-1,0,0,0,0,-85,49,None
0,4,-2,-2,-1,2,-2,-4,-1,0,0,0,0,-85,49,None
0,-6,0,1,1,1,-1,-2,0,0,0,0,0,-85,49,None
0,-6,0,1,1,1,-1,-2,0,0,0,0,0,-85,49,None
0,-6,0,1,1,1,-1,-2,0,0,0,0,0,-85,49,None
0,-1,5,-3,-2,1,1,-1,0,0,0,0,0,-85,49,None
0,-3,-3,-4,-8,-2,-2,-2,1,0,0,0,0,-85,49,None
0,-4,-2,-1,-1,1,0,-1,-3,0,0,0,0,-85,49,None
0,5,4,2,4,1,2,-1,1,0,0,0,0,-85,49,None
0,5,4,2,4,1,2,-1,1,0,0,0,0,-85,49,None
0,5,4,2,4,1,2,-1,1,0,0,0,-1,-85,49,None
0,-2,-1,0,2,1,-2,-1,2,0,0,0,-1,-85,49,None
0,-32,-1,-4,-1,2,-2,-1,-13,0,0,0,-1,-85,49,None
0,26,6,3,4,2,0,0,4,0,0,0,-1,-85,49,None
0,-5,-5,-14,-12,-1,-6,-4,-3,0,0,0,-1,-85,49,None
0,-5,-5,-14,-12,-1,-6,-4,-3,0,0,0,-1,-85,49,None
0,-5,-5,-14,-12,-1,-6,-4,-3,0,0,0,0,-85,49,None
0,-4,0,4,7,-3,-4,-3,-2,0,0,0,0,-85,49,None
0,-1,1,3,4,1,2,-1,1,0,0,0,0,-85,49,None
0,-5,1,-3,0,-1,-1,1,-1,0,0,0,0,-85,49,None
0,5,-8,-4,3,1,-2,-3,-1,0,0,0,0,-85,49,None
0,5,-8,-4,3,1,-2,-3,-1,0,0,0,0,-85,49,None
0,5,-8,-4,3,1,-2,-3,-1,0,0,0,-1,-86,50,None
0,-8,0,-1,-4,-1,1,1,-6,0,0,0,-1,-86,50,None
0,11,0,-2,-1,0,1,-2,2,0,0,0,-1,-86,50,None
0,-9,-1,-5,-6,-1,-4,-5,-16,0,0,0,-1,-86,50,None
0,1,5,2,2,1,2,4,16,0,0,0,-1,-86,50,None
0,1,5,2,2,1,2,4,16,0,0,0,-1,-86,50,None
0,1,5,2,2,1,2,4,16,0,0,0,0,-86,50,None
0,9,2,-3,-3,1,0,0,-5,0,0,0,0,-86,50,None
0,-24,-12,0,3,-3,-5,-2,0,0,0,0,0,-86,50,None
0,8,5,-5,3,-1,-2,-3,-6,0,0,0,0,-86,50,None
0,-17,-4,1,2,-1,-1,-3,-11,0,0,0,0,-86,50,None
0,-17,-4,1,2,-1,-1,-3,-11,0,0,0,0,-86,50,None
0,-17,-4,1,2,-1,-1,-3,-11,0,0,0,-1,-86,50,None
0,-7,-6,-6,0,0,-4,-3,-2,0,0,0,-1,-86,50,None
0,15,6,0,-4,0,-3,0,1,0,0,0,-1,-86,50,None
0,-1,-2,-1,-18,-3,1,0,3,0,0,0,-1,-86,50,None
0,-1,4,4,7,0,1,-1,-3,0,0,0,-1,-86,50,None
0,-1,4,4,7,0,1,-1,-3,0,0,0,-1,-86,50,None
0,-1,4,4,7,0,1,-1,-3,0,0,0,-1,-86,50,None
0,19,1,-1,1,0,-3,0,6,0,0,0,-1,-86,50,None
0,-12,1,-1,5,3,1,0,-10,0,0,0,-1,-86,50,None
0,-2,-2,-3,-2,1,0,0,2,0,0,0,-1,-86,50,None
0,0,1,-1,3,0,-6,-2,1,0,0,0,-1,-86,50,None
0,0,1,-1,3,0,-6,-2,1,0,0,0,-1,-86,50,None
0,0,1,-1,3,0,-6,-2,1,0,0,0,0,-86,50,None
0,-5,1,-4,-6,2,-2,-1,-4,0,0,0,0,-86,50,None
0,3,3,-1,-1,1,2,-1,2,0,0,0,0,-86,50,None
0,-2,0,-1,-3,1,-3,-1,3,0,0,0,0,-86,50,None
0,1,2,0,-1,1,-2,-1,-3,0,0,0,0,-86,50,None
0,1,2,0,-1,1,-2,-1,-3,0,0,0,0,-86,50,None
0,1,2,0,-1,1,-2,-1,-3,0,0,0,-1,-86,51,None
0,-8,1,0,4,1,0,-2,-2,0,0,0,-1,-86,51,None
0,8,4,3,1,0,1,1,1,0,0,0,-1,-86,51,None
0,3,3,-1,12,2,-2,-1,1,0,0,0,-1,-86,51,None
0,-28,-9,-8,-16,-2,-1,-2,-4,0,0,0,-1,-86,51,None
0,-28,-9,-8,-16,-2,-1,-2,-4,0,0,0,-1,-86,51,None
0,-28,-9,-8,-16,-2,-1,-2,-4,0,0,0,-1,-85,51,None
0,-6,-1,0,0,1,0,0,-2,0,0,0,-1,-85,51,None
0,-6,-2,-7,-4,0,-3,-4,0,0,0,0,-1,-85,51,None
0,28,-4,-2,2,1,-1,-2,1,0,0,0,-1,-85,51,None
0,2,6,0,8,1,0,-2,-3,0,0,0,-1,-85,51,None
0,2,6,0,8,1,0,-2,-3,0,0,0,-1,-85,51,None
0,2,6,0,8,1,0,-2,-3,0,0,0,-2,-85,51,None
0,-4,-2,-9,-15,-2,-3,-2,-2,0,0,0,-2,-85,51,None
0,4,-1,-3,4,0,-3,-2,-1,0,0,0,-2,-85,51,None
0,-18,2,2,0,0,2,1,-4,0,0,0,-2,-85,51,None
0,17,4,1,3,1,2,-1,-1,0,0,0,-2,-85,51,None
0,17,4,1,3,1,2,-1,-1,0,0,0,-2,-85,51,None
0,17,4,1,3,1,2,-1,-1,0,0,0,-2,-85,51,None
0,5,-2,-4,-1,-1,-4,-3,0,0,0,0,-2,-85,51,None
0,13,6,-1,-1,-1,1,-1,-1,0,0,0,-2,-85,51,None
0,-5,1,-1,-5,0,2,1,2,0,0,0,-2,-85,51,None
0,7,5,-1,5,1,-4,-3,-2,0,0,0,-2,-85,51,None
0,7,5,-1,5,1,-4,-3,-2,0,0,0,-2,-85,51,None
0,7,5,-1,5,1,-4,-3,-2,0,0,0,-2,-86,50,None
0,-5,2,-2,-6,0,-3,-2,-2,0,0,0,-2,-86,50,None
0,2,0,1,7,0,0,-2,-2,0,0,0,-2,-86,50,None
0,-4,-2,-4,-1,3,-1,-5,-1,0,0,0,-2,-86,50,None
0,-13,-3,-8,-8,-2,-3,-1,-4,0,0,0,-2,-86,50,None
0,-13,-3,-8,-8,-2,-3,-1,-4,0,0,0,-2,-86,50,None
0,-13,-3,-8,-8,-2,-3,-1,-4,0,0,0,-2,-86,51,None
0,17,7,4,7,2,1,0,2,0,0,0,-2,-86,51,None
