0,0,0,2,13,-25,-41,-7,-3,0,0,0,-30,-117,29,None
0,-3,2,-1,9,4,26,6,-3,0,0,0,-30,-117,29,None
0,-2,0,1,2,10,18,10,1,0,0,0,-30,-117,29,None
0,-2,0,1,2,10,18,10,1,0,0,0,-30,-117,29,None
0,-2,0,1,2,10,18,10,1,0,0,0,-37,-118,25,None
0,1,-1,-8,-14,-18,-31,-11,-2,0,0,0,-37,-118,25,None
0,-5,0,6,10,8,14,0,-2,0,0,0,-37,-118,25,None
0,-1,-1,-14,-13,-12,-5,0,-2,0,0,0,-37,-118,25,None
0,0,0,-1,6,-1,-8,-11,-3,0,0,0,-37,-118,25,None
0,0,0,-1,6,-1,-8,-11,-3,0,0,0,-37,-118,25,None
0,0,0,-1,6,-1,-8,-11,-3,0,0,0,-45,-117,23,None
0,-1,-4,-6,-22,-12,-18,-5,-1,0,0,0,-45,-117,23,None
0,0,-1,-3,28,6,7,0,-1,0,0,0,-45,-117,23,None
0,0,1,4,-24,17,23,8,0,0,0,0,-45,-117,23,None
0,1,-2,-5,13,-15,-6,-7,-1,0,0,0,-45,-117,23,None
0,1,-2,-5,13,-15,-6,-7,-1,0,0,0,-45,-117,23,None
0,1,-2,-5,13,-15,-6,-7,-1,0,0,0,-47,-113,20,None
0,-2,2,-8,-21,4,4,3,-2,0,0,0,-47,-113,20,None
0,1,1,2,17,-4,5,-1,-3,0,0,0,-47,-113,20,None
0,-2,-4,-3,-7,-10,-13,-10,-1,0,0,0,-47,-113,20,None
0,-2,-2,-4,2,2,-3,-1,0,0,0,0,-47,-113,20,None
0,-2,-2,-4,2,2,-3,-1,0,0,0,0,-47,-113,20,None
0,-2,-2,-4,2,2,-3,-1,0,0,0,0,-49,-106,18,None
0,-1,0,-3,-2,-4,4,3,1,0,0,0,-49,-106,18,None
0,-1,-3,2,15,9,-13,-11,-5,0,0,0,-49,-106,18,None
0,-3,-4,-10,11,-18,-28,-9,-1,0,0,0,-49,-106,18,None
0,-1,3,6,6,12,5,1,-2,0,0,0,-49,-106,18,None
0,-1,3,6,6,12,5,1,-2,0,0,0,-49,-106,18,None
0,-1,3,6,6,12,5,1,-2,0,0,0,-53,-101,18,None
0,0,-3,-15,-13,1,-1,-1,0,0,0,0,-53,-101,18,None
0,-3,-3,-7,-26,5,6,-2,-1,0,0,0,-53,-101,18,None
0,0,1,1,4,9,3,3,0,0,0,0,-53,-101,18,None
0,0,5,7,-4,1,4,1,-2,0,0,0,-53,-101,18,None
0,0,5,7,-4,1,4,1,-2,0,0,0,-53,-101,18,None
0,0,5,7,-4,1,4,1,-2,0,0,0,-56,-95,19,None
0,1,-4,-5,-6,-4,2,-2,0,0,0,0,-56,-95,19,None
0,-7,-3,-10,5,-5,-12,-8,-5,0,0,0,-56,-95,19,None
0,0,7,9,18,0,4,5,-4,0,0,0,-56,-95,19,None
0,-2,-4,-17,-23,0,-2,-3,0,0,0,0,-56,-95,19,None
0,-2,-4,-17,-23,0,-2,-3,0,0,0,0,-56,-95,19,None
0,-2,-4,-17,-23,0,-2,-3,0,0,0,0,-59,-88,20,None
0,0,-3,3,24,1,-4,-5,2,0,0,0,-59,-88,20,None
0,0,3,-5,-29,-7,4,2,-2,0,0,0,-59,-88,20,None
0,-2,2,7,1,3,-8,-3,-2,0,0,0,-59,-88,20,None
0,-3,-3,-12,-13,-1,-3,-3,-3,0,0,0,-59,-88,20,None
0,-3,-3,-12,-13,-1,-3,-3,-3,0,0,0,-59,-88,20,None
0,-3,-3,-12,-13,-1,-3,-3,-3,0,0,0,-61,-79,18,None
0,3,8,4,10,14,6,3,0,0,0,0,-61,-79,18,None
0,-1,2,4,-21,-13,13,8,4,0,0,0,-61,-79,18,None
0,-3,-7,10,38,1,-9,-5,-2,0,0,0,-61,-79,18,None
0,-2,2,-1,3,2,-3,-2,-3,0,0,0,-61,-79,18,None
0,-2,2,-1,3,2,-3,-2,-3,0,0,0,-61,-79,18,None
0,-2,2,-1,3,2,-3,-2,-3,0,0,0,-61,-72,18,None
0,1,11,22,16,11,17,9,-1,0,0,0,-61,-72,18,None
0,-4,-9,-26,-21,-2,-9,-9,-6,0,0,0,-61,-72,18,None
0,0,-3,-13,-17,-9,-11,-4,-2,0,0,0,-61,-72,18,None
0,0,3,12,14,1,0,-2,-2,0,0,0,-61,-72,18,None
0,0,3,12,14,1,0,-2,-2,0,0,0,-61,-72,18,None
0,0,3,12,14,1,0,-2,-2,0,0,0,-61,-68,17,None
0,-4,-3,-10,-9,-10,-5,-5,-3,0,0,0,-61,-68,17,None
0,2,3,7,19,13,2,0,1,0,0,0,-61,-68,17,None
0,-1,9,-2,-13,-6,4,0,-2,0,0,0,-61,-68,17,None
0,-1,-3,2,-5,7,9,5,1,0,0,0,-61,-68,17,None
0,-1,-3,2,-5,7,9,5,1,0,0,0,-61,-68,17,None
0,-1,-3,2,-5,7,9,5,1,0,0,0,-60,-62,18,None
0,-4,-2,-9,-19,-6,-1,-3,-2,0,0,0,-60,-62,18,None
0,5,2,-4,-9,7,1,0,0,0,0,0,-60,-62,18,None
0,-7,-4,2,37,-8,-3,-1,-5,0,0,0,-60,-62,18,None
0,-1,6,6,-2,9,1,-3,0,0,0,0,-60,-62,18,None
0,-1,6,6,-2,9,1,-3,0,0,0,0,-60,-62,18,None
0,-1,6,6,-2,9,1,-3,0,0,0,0,-59,-55,18,None
0,-2,0,-4,1,-2,0,1,3,0,0,0,-59,-55,18,None
0,-1,-1,-2,21,1,4,-2,-3,0,0,0,-59,-55,18,None
0,3,0,-6,-20,-2,-5,-2,1,0,0,0,-59,-55,18,None
0,-4,-3,-12,-3,0,-8,-5,-3,0,0,0,-59,-55,18,None
0,-4,-3,-12,-3,0,-8,-5,-3,0,0,0,-59,-55,18,None
0,-4,-3,-12,-3,0,-8,-5,-3,0,0,0,-60,-47,19,None
0,-2,7,-2,0,-6,-9,-6,-4,0,0,0,-60,-47,19,None
0,-5,-5,9,37,11,14,5,-1,0,0,0,-60,-47,19,None
0,1,2,-6,-15,-5,-4,-2,1,0,0,0,-60,-47,19,None
0,2,3,-2,-10,-1,-1,2,-1,0,0,0,-60,-47,19,None
0,2,3,-2,-10,-1,-1,2,-1,0,0,0,-60,-47,19,None
0,2,3,-2,-10,-1,-1,2,-1,0,0,0,-60,-41,20,None
0,-3,3,2,7,2,2,1,-2,0,0,0,-60,-41,20,None
0,0,16,-5,-8,4,-10,-7,-4,0,0,0,-60,-41,20,None
0,1,-3,-2,16,-2,-2,-3,-1,0,0,0,-60,-41,20,None
0,0,-1,2,-6,3,6,2,-2,0,0,0,-60,-41,20,None
0,0,-1,2,-6,3,6,2,-2,0,0,0,-60,-41,20,None
0,0,-1,2,-6,3,6,2,-2,0,0,0,-61,-34,20,None
0,-4,-7,-22,-7,-1,-6,-8,-2,0,0,0,-61,-34,20,None
0,1,0,23,-3,1,-4,-1,2,0,0,0,-61,-34,20,None
0,-9,-10,-39,-18,-6,-11,-3,-2,0,0,0,-61,-34,20,None
0,3,7,3,24,15,6,3,3,0,0,0,-61,-34,20,None
0,3,7,3,24,15,6,3,3,0,0,0,-61,-34,20,None
0,3,7,3,24,15,6,3,3,0,0,0,-63,-32,21,None
0,-2,15,13,6,-3,11,2,-2,0,0,0,-63,-32,21,None
0,-1,0,7,-19,-6,-2,-2,1,0,0,0,-63,-32,21,None
0,6,14,33,7,6,4,3,1,0,0,0,-63,-32,21,None
0,2,13,-8,-10,-10,-14,-8,-3,0,0,0,-63,-32,21,None
0,2,13,-8,-10,-10,-14,-8,-3,0,0,0,-63,-32,21,None
0,2,13,-8,-10,-10,-14,-8,-3,0,0,0,-64,-28,20,None
0,-2,-7,-6,6,1,-12,-4,-1,0,0,0,-64,-28,20,None
0,-1,-1,1,25,7,8,5,2,0,0,0,-64,-28,20,None
0,0,1,-3,-31,4,4,1,-1,0,0,0,-64,-28,20,None
0,-1,6,14,23,-3,-5,-5,-3,0,0,0,-64,-28,20,None
0,-1,6,14,23,-3,-5,-5,-3,0,0,0,-64,-28,20,None
0,-1,6,14,23,-3,-5,-5,-3,0,0,0,-67,-26,20,None
0,0,-2,-3,-21,-3,2,-1,-2,0,0,0,-67,-26,20,None
0,-1,-2,-6,0,-4,-8,-1,-2,0,0,0,-67,-26,20,None
0,2,-1,4,-6,3,5,-2,-4,0,0,0,-67,-26,20,None
0,1,-5,24,6,6,8,9,5,0,0,0,-67,-26,20,None
0,1,-5,24,6,6,8,9,5,0,0,0,-67,-26,20,None
0,1,-5,24,6,6,8,9,5,0,0,0,-68,-19,21,None
0,-9,-7,-10,-6,-6,-4,-3,-6,0,0,0,-68,-19,21,None
0,13,-8,7,5,-6,-6,1,-5,0,0,0,-68,-19,21,None
0,-3,2,-7,4,10,1,-6,-3,0,0,0,-68,-19,21,None
0,1,5,-17,-29,-8,-2,-4,-2,0,0,0,-68,-19,21,None
0,1,5,-17,-29,-8,-2,-4,-2,0,0,0,-68,-19,21,None
0,1,5,-17,-29,-8,-2,-4,-2,0,0,0,-72,-18,22,None
0,-4,-9,1,10,-2,-5,-3,-3,0,0,0,-72,-18,22,None
0,-6,-5,-15,18,7,-2,-1,1,0,0,0,-72,-18,22,None
0,2,14,26,3,5,9,5,0,0,0,0,-72,-18,22,None
0,-1,-2,1,-9,-6,-10,-8,-3,0,0,0,-72,-18,22,None
0,-1,-2,1,-9,-6,-10,-8,-3,0,0,0,-72,-18,22,None
0,-1,-2,1,-9,-6,-10,-8,-3,0,0,0,-77,-17,23,None
0,-1,-4,-7,-1,-1,-7,-5,-1,0,0,0,-77,-17,23,None
0,-1,8,-1,-18,-1,7,0,-5,0,0,0,-77,-17,23,None
0,-3,-5,-27,-18,-10,-12,-6,-2,0,0,0,-77,-17,23,None
0,-6,-7,0,30,-1,-3,-1,0,0,0,0,-77,-17,23,None
0,-6,-7,0,30,-1,-3,-1,0,0,0,0,-77,-17,23,None
0,-6,-7,0,30,-1,-3,-1,0,0,0,0,-79,-17,25,None
0,3,-6,1,-17,13,12,7,4,0,0,0,-79,-17,25,None
0,0,5,8,3,0,5,0,0,0,0,0,-79,-17,25,None
0,-7,-8,-16,8,-5,-11,-9,0,0,0,0,-79,-17,25,None
0,-1,-3,-8,-3,-2,-6,-3,-7,0,0,0,-79,-17,25,None
0,-1,-3,-8,-3,-2,-6,-3,-7,0,0,0,-79,-17,25,None
0,-1,-3,-8,-3,-2,-6,-3,-7,0,0,0,-82,-14,25,None
0,2,8,2,9,6,6,4,3,0,0,0,-82,-14,25,None
0,2,-4,-12,-22,-6,-3,1,1,0,0,0,-82,-14,25,None
0,-6,-1,1,-12,0,-4,-5,-5,0,0,0,-82,-14,25,None
0,5,2,-4,6,5,3,-1,-4,0,0,0,-82,-14,25,None
0,5,2,-4,6,5,3,-1,-4,0,0,0,-82,-14,25,None
0,5,2,-4,6,5,3,-1,-4,0,0,0,-86,-14,27,None
0,-6,1,-10,-4,-8,2,0,0,0,0,0,-86,-14,27,None
0,2,5,-8,-1,2,-5,-4,3,0,0,0,-86,-14,27,None
0,0,2,2,-6,-6,-9,0,-3,0,0,0,-86,-14,27,None
0,-7,-14,-11,-8,-2,-6,-5,-2,0,0,0,-86,-14,27,None
0,-7,-14,-11,-8,-2,-6,-5,-2,0,0,0,-86,-14,27,None
0,-7,-14,-11,-8,-2,-6,-5,-2,0,0,0,-87,-16,28,None
0,2,0,6,6,4,5,1,1,0,0,0,-87,-16,28,None
0,-1,6,-9,-11,5,0,-3,-2,0,0,0,-87,-16,28,None
0,-5,-1,-8,-14,-5,8,5,-1,0,0,0,-87,-16,28,None
0,-7,-5,4,25,-1,-4,-6,-4,0,0,0,-87,-16,28,None
0,-7,-5,4,25,-1,-4,-6,-4,0,0,0,-87,-16,28,None
0,-7,-5,4,25,-1,-4,-6,-4,0,0,0,-87,-13,28,None
0,3,0,3,-8,-4,-10,-6,-3,0,0,0,-87,-13,28,None
0,-6,-1,-9,-18,-4,-1,-1,-5,0,0,0,-87,-13,28,None
0,1,-1,-21,-4,5,3,0,-2,0,0,0,-87,-13,28,None
0,-1,-1,11,-1,1,0,3,3,0,0,0,-87,-13,28,None
0,-1,-1,11,-1,1,0,3,3,0,0,0,-87,-13,28,None
0,-1,-1,11,-1,1,0,3,3,0,0,0,-88,-10,29,None
0,9,7,-12,7,2,0,-2,0,0,0,0,-88,-10,29,None
0,-20,-5,10,11,0,-6,-4,-4,0,0,0,-88,-10,29,None
0,21,-3,-2,-1,-6,-9,-8,-3,0,0,0,-88,-10,29,None
0,-11,2,-12,-3,3,1,3,1,0,0,0,-88,-10,29,None
0,-11,2,-12,-3,3,1,3,1,0,0,0,-88,-10,29,None
0,-11,2,-12,-3,3,1,3,1,0,0,0,-91,-12,29,None
0,0,4,1,-11,3,7,3,-1,0,0,0,-91,-12,29,None
0,-1,1,3,-4,4,-3,-5,-4,0,0,0,-91,-12,29,None
0,-5,-4,-17,19,0,-1,2,1,0,0,0,-91,-12,29,None
0,1,4,0,-14,1,5,-3,-5,0,0,0,-91,-12,29,None
0,1,4,0,-14,1,5,-3,-5,0,0,0,-91,-12,29,None
0,1,4,0,-14,1,5,-3,-5,0,0,0,-94,-15,29,None
0,1,4,10,6,0,-3,0,-2,0,0,0,-94,-15,29,None
0,-4,-12,-9,-7,-4,-8,-6,-3,0,0,0,-94,-15,29,None
0,-5,4,17,5,4,2,1,-1,0,0,0,-94,-15,29,None
0,4,6,-6,-9,2,3,2,-1,0,0,0,-94,-15,29,None
0,4,6,-6,-9,2,3,2,-1,0,0,0,-94,-15,29,None
0,4,6,-6,-9,2,3,2,-1,0,0,0,-94,-17,30,None
0,-4,0,-5,1,1,-6,-3,0,0,0,0,-94,-17,30,None
0,0,-5,-21,-11,-5,-5,-4,-1,0,0,0,-94,-17,30,None
0,1,10,24,21,5,8,7,1,0,0,0,-94,-17,30,None
0,-5,-7,-23,8,4,-2,-5,-3,0,0,0,-94,-17,30,None
0,-5,-7,-23,8,4,-2,-5,-3,0,0,0,-94,-17,30,None
0,-5,-7,-23,8,4,-2,-5,-3,0,0,0,-97,-20,30,None
0,0,-7,3,-7,-2,-2,-2,-1,0,0,0,-97,-20,30,None
0,-1,1,5,2,-4,0,-1,-2,0,0,0,-97,-20,30,None
0,-3,1,3,-18,2,-2,1,-1,0,0,0,-97,-20,30,None
0,0,-5,-21,-11,3,-3,-2,0,0,0,0,-97,-20,30,None
0,0,-5,-21,-11,3,-3,-2,0,0,0,0,-97,-20,30,None
0,0,-5,-21,-11,3,-3,-2,0,0,0,0,-97,-20,30,None
0,-14,1,10,12,-2,-4,-4,-6,0,0,0,-97,-20,30,None
0,9,0,-12,-9,-1,5,2,0,0,0,0,-97,-20,30,None
0,-2,15,-33,-2,-3,-10,-5,-2,0,0,0,-97,-20,30,None
0,3,-6,8,-9,2,4,1,3,0,0,0,-97,-20,30,None
0,3,-6,8,-9,2,4,1,3,0,0,0,-97,-20,30,None
0,3,-6,8,-9,2,4,1,3,0,0,0,-94,-21,30,None
0,-8,-2,-8,-2,-1,-3,-5,-5,0,0,0,-94,-21,30,None
0,1,5,13,19,5,-3,-1,0,0,0,0,-94,-21,30,None
0,-5,-5,-1,-11,2,0,-2,-4,0,0,0,-94,-21,30,None
0,-3,4,-21,-8,-4,-2,-1,-5,0,0,0,-94,-21,30,None
0,-3,4,-21,-8,-4,-2,-1,-5,0,0,0,-94,-21,30,None
0,-3,4,-21,-8,-4,-2,-1,-5,0,0,0,-93,-21,30,None
0,5,8,19,1,2,5,2,-2,0,0,0,-93,-21,30,None
0,-4,-6,-18,1,-2,-4,-4,-2,0,0,0,-93,-21,30,None
0,3,-3,19,8,5,6,0,1,0,0,0,-93,-21,30,None
0,0,29,5,3,-4,-3,-1,-2,0,0,0,-93,-21,30,None
0,0,29,5,3,-4,-3,-1,-2,0,0,0,-93,-21,30,None
0,0,29,5,3,-4,-3,-1,-2,0,0,0,-91,-19,30,None
0,-2,-11,2,-4,-4,-8,-6,-1,0,0,0,-91,-19,30,None
0,-2,-4,-25,-26,-3,-3,-2,1,0,0,0,-91,-19,30,None
0,-5,1,1,11,1,0,-1,-2,0,0,0,-91,-19,30,None
0,-2,-1,-2,-22,-3,-4,-3,-1,0,0,0,-91,-19,30,None
0,-2,-1,-2,-22,-3,-4,-3,-1,0,0,0,-91,-19,30,None
0,-2,-1,-2,-22,-3,-4,-3,-1,0,0,0,-89,-20,30,None
0,-1,-1,-11,11,0,-5,-5,-1,0,0,0,-89,-20,30,None
0,-1,9,16,7,4,4,2,-3,0,0,0,-89,-20,30,None
0,-1,-3,-7,4,-5,-4,-2,-2,0,0,0,-89,-20,30,None
0,0,6,13,-2,-1,-2,0,1,0,0,0,-89,-20,30,None
0,0,6,13,-2,-1,-2,0,1,0,0,0,-89,-20,30,None
0,0,6,13,-2,-1,-2,0,1,0,0,0,-89,-20,29,None
0,2,-8,-53,-2,5,6,4,-1,0,0,0,-89,-20,29,None
0,-4,0,16,2,0,-1,-1,-2,0,0,0,-89,-20,29,None
0,0,-14,30,-10,1,-3,-2,2,0,0,0,-89,-20,29,None
0,-2,-37,-4,17,0,-4,-4,-1,0,0,0,-89,-20,29,None
0,-2,-37,-4,17,0,-4,-4,-1,0,0,0,-89,-20,29,None
0,-2,-37,-4,17,0,-4,-4,-1,0,0,0,-86,-19,28,None
0,1,3,27,1,4,5,4,0,0,0,0,-86,-19,28,None
0,-1,9,-14,14,1,1,0,-1,0,0,0,-86,-19,28,None
0,-2,5,-17,-5,-5,-10,-6,-4,0,0,0,-86,-19,28,None
0,-3,-16,12,3,6,5,4,0,0,0,0,-86,-19,28,None
0,-3,-16,12,3,6,5,4,0,0,0,0,-86,-19,28,None
0,-3,-16,12,3,6,5,4,0,0,0,0,-85,-18,27,None
0,1,0,-4,-12,-1,2,-1,-3,0,0,0,-85,-18,27,None
0,3,-8,8,12,1,-4,-2,1,0,0,0,-85,-18,27,None
0,-3,1,-2,-2,0,4,-1,-5,0,0,0,-85,-18,27,None
0,-2,7,-18,-3,-5,-3,-2,-3,0,0,0,-85,-18,27,None
0,-2,7,-18,-3,-5,-3,-2,-3,0,0,0,-85,-18,27,None
0,-2,7,-18,-3,-5,-3,-2,-3,0,0,0,-83,-18,26,None
0,1,1,-11,-8,-3,-10,-5,1,0,0,0,-83,-18,26,None
0,1,4,-3,-4,4,2,-1,-1,0,0,0,-83,-18,26,None
0,-4,-28,54,10,2,3,1,1,0,0,0,-83,-18,26,None
0,1,9,14,8,4,-4,-4,0,0,0,0,-83,-18,26,None
0,1,9,14,8,4,-4,-4,0,0,0,0,-83,-18,26,None
0,1,9,14,8,4,-4,-4,0,0,0,0,-79,-19,28,None
0,-9,-24,6,-3,0,2,3,1,0,0,0,-79,-19,28,None
0,4,-1,-23,3,-2,2,1,-4,0,0,0,-79,-19,28,None
0,0,14,-9,0,3,-1,-3,0,0,0,0,-79,-19,28,None
0,0,4,-5,-3,-2,-4,-1,1,0,0,0,-79,-19,28,None
0,0,4,-5,-3,-2,-4,-1,1,0,0,0,-79,-19,28,None
0,0,4,-5,-3,-2,-4,-1,1,0,0,0,-75,-18,28,None
0,-3,15,6,-9,0,-2,-4,-4,0,0,0,-75,-18,28,None
0,-7,-5,-2,0,1,1,0,-3,0,0,0,-75,-18,28,None
0,-2,-1,-25,8,-1,-5,-3,-2,0,0,0,-75,-18,28,None
0,0,3,-6,-4,-2,-4,-1,-2,0,0,0,-75,-18,28,None
0,0,3,-6,-4,-2,-4,-1,-2,0,0,0,-75,-18,28,None
0,0,3,-6,-4,-2,-4,-1,-2,0,0,0,-73,-19,28,None
0,1,12,2,8,0,1,0,0,0,0,0,-73,-19,28,None
0,-1,4,-1,-25,-1,-4,-4,-1,0,0,0,-73,-19,28,None
0,2,7,-3,-3,-1,-2,-2,-1,0,0,0,-73,-19,28,None
0,-1,7,21,2,2,4,1,-1,0,0,0,-73,-19,28,None
0,-1,7,21,2,2,4,1,-1,0,0,0,-73,-19,28,None
0,-1,7,21,2,2,4,1,-1,0,0,0,-73,-20,27,None
0,2,10,1,4,-1,0,-3,-1,0,0,0,-73,-20,27,None
0,-1,-18,2,1,-1,-3,-1,1,0,0,0,-73,-20,27,None
0,-7,0,4,6,1,4,3,-3,0,0,0,-73,-20,27,None
0,3,5,5,10,2,3,0,-1,0,0,0,-73,-20,27,None
0,3,5,5,10,2,3,0,-1,0,0,0,-73,-20,27,None
0,3,5,5,10,2,3,0,-1,0,0,0,-75,-21,25,None
0,1,2,-21,-3,1,-2,-2,-2,0,0,0,-75,-21,25,None
0,-3,4,0,-26,-2,-5,-5,-2,0,0,0,-75,-21,25,None
0,2,7,-6,-4,-5,-2,-3,0,0,0,0,-75,-21,25,None
0,-2,6,-9,-5,-2,-7,-4,-2,0,0,0,-75,-21,25,None
0,-2,6,-9,-5,-2,-7,-4,-2,0,0,0,-75,-21,25,None
0,-2,6,-9,-5,-2,-7,-4,-2,0,0,0,-79,-23,25,None
0,0,1,0,13,1,-3,-3,0,0,0,0,-79,-23,25,None
0,-3,7,14,-4,0,1,0,-4,0,0,0,-79,-23,25,None
0,-3,-11,-6,13,4,2,-1,0,0,0,0,-79,-23,25,None
0,-3,4,-9,-7,3,1,-3,-1,0,0,0,-79,-23,25,None
0,-3,4,-9,-7,3,1,-3,-1,0,0,0,-79,-23,25,None
0,-3,4,-9,-7,3,1,-3,-1,0,0,0,-80,-25,25,None
0,4,-5,4,-7,-3,-1,0,-3,0,0,0,-80,-25,25,None
0,-2,5,0,8,0,5,1,-1,0,0,0,-80,-25,25,None
0,-1,5,-23,-10,6,-5,-2,-2,0,0,0,-80,-25,25,None
0,-4,-10,-9,4,-7,-7,-7,-2,0,0,0,-80,-25,25,None
0,-4,-10,-9,4,-7,-7,-7,-2,0,0,0,-80,-25,25,None
0,-4,-10,-9,4,-7,-7,-7,-2,0,0,0,-79,-32,24,None
0,1,-2,3,-5,3,2,0,-3,0,0,0,-79,-32,24,None
0,-3,-5,5,6,2,-2,-2,-1,0,0,0,-79,-32,24,None
0,0,-2,-14,-11,-1,-5,0,-1,0,0,0,-79,-32,24,None
0,-2,-1,-2,-4,-1,-2,0,-3,0,0,0,-79,-32,24,None
0,-2,-1,-2,-4,-1,-2,0,-3,0,0,0,-79,-32,24,None
0,-2,-1,-2,-4,-1,-2,0,-3,0,0,0,-76,-36,22,None
0,-1,5,3,-4,0,-1,-2,0,0,0,0,-76,-36,22,None
0,0,1,-2,3,-2,-3,-4,0,0,0,0,-76,-36,22,None
0,0,2,8,9,0,6,-1,-2,0,0,0,-76,-36,22,None
0,1,0,4,17,8,7,4,0,0,0,0,-76,-36,22,None
0,1,0,4,17,8,7,4,0,0,0,0,-76,-36,22,None
0,1,0,4,17,8,7,4,0,0,0,0,-72,-42,21,None
0,-2,13,-15,-4,-6,-9,-8,-5,0,0,0,-72,-42,21,None
0,0,-1,1,-17,-2,-2,-1,-1,0,0,0,-72,-42,21,None
0,-3,-8,-1,8,2,2,-1,-2,0,0,0,-72,-42,21,None
0,1,0,-20,-8,-3,-10,-5,1,0,0,0,-72,-42,21,None
0,1,0,-20,-8,-3,-10,-5,1,0,0,0,-72,-42,21,None
0,1,0,-20,-8,-3,-10,-5,1,0,0,0,-74,-48,21,None
0,-1,13,-20,-6,0,-5,-7,-3,0,0,0,-74,-48,21,None
0,-4,-4,15,13,1,6,5,-2,0,0,0,-74,-48,21,None
0,-2,0,-8,-9,-3,-5,-6,-4,0,0,0,-74,-48,21,None
0,-1,11,-5,-3,-4,-4,-3,-1,0,0,0,-74,-48,21,None
0,-1,11,-5,-3,-4,-4,-3,-1,0,0,0,-74,-48,21,None
0,-1,11,-5,-3,-4,-4,-3,-1,0,0,0,-73,-54,23,None
0,-5,-3,-19,8,3,7,6,-3,0,0,0,-73,-54,23,None
0,1,10,11,-7,-2,1,2,-2,0,0,0,-73,-54,23,None
0,1,3,-1,1,0,-2,-2,2,0,0,0,-73,-54,23,None
0,0,-3,-4,1,2,-3,-2,2,0,0,0,-73,-54,23,None
0,0,-3,-4,1,2,-3,-2,2,0,0,0,-73,-54,23,None
0,0,-3,-4,1,2,-3,-2,2,0,0,0,-69,-60,16,None
0,-3,-6,7,5,0,1,0,-2,0,0,0,-69,-60,16,None
0,4,-26,31,19,2,-7,-15,5,0,0,0,-69,-60,16,None
0,-3,-1,-17,-13,1,-1,12,3,0,0,0,-69,-60,16,None
0,5,44,-30,-4,-1,1,-9,-3,0,0,0,-69,-60,16,None
0,5,44,-30,-4,-1,1,-9,-3,0,0,0,-69,-60,16,None
0,5,44,-30,-4,-1,1,-9,-3,0,0,0,-66,-62,15,None
0,-4,-23,2,-15,-3,-2,2,2,0,0,0,-66,-62,15,None
0,-3,6,-3,12,5,0,-1,-5,0,0,0,-66,-62,15,None
0,1,5,3,0,-3,0,-10,-6,0,0,0,-66,-62,15,None
0,0,-2,-4,-6,-3,2,7,-4,0,0,0,-66,-62,15,None
0,0,-2,-4,-6,-3,2,7,-4,0,0,0,-66,-62,15,None
0,0,-2,-4,-6,-3,2,7,-4,0,0,0,-65,-73,18,None
0,-4,1,-26,-13,-4,-14,-16,-4,0,0,0,-65,-73,18,None
0,1,12,-9,8,0,-3,1,-1,0,0,0,-65,-73,18,None
0,-2,1,-6,5,4,0,-4,1,0,0,0,-65,-73,18,None
0,-6,-18,17,5,3,-6,-2,-3,0,0,0,-65,-73,18,None
0,-6,-18,17,5,3,-6,-2,-3,0,0,0,-65,-73,18,None
0,-6,-18,17,5,3,-6,-2,-3,0,0,0,-61,-82,19,None
0,1,2,16,5,-1,-1,0,0,0,0,0,-61,-82,19,None
0,-1,4,-20,-8,0,0,2,-2,0,0,0,-61,-82,19,None
0,-3,-11,3,-7,-2,-5,-4,-2,0,0,0,-61,-82,19,None
0,1,-2,16,-2,2,0,-1,-1,0,0,0,-61,-82,19,None
0,1,-2,16,-2,2,0,-1,-1,0,0,0,-61,-82,19,None
0,1,-2,16,-2,2,0,-1,-1,0,0,0,-59,-86,20,None
0,-1,1,-3,3,5,8,5,0,0,0,0,-59,-86,20,None
0,-4,10,-34,-9,0,-2,-8,-6,0,0,0,-59,-86,20,None
0,2,21,-10,4,-4,-7,-5,-1,0,0,0,-59,-86,20,None
0,-5,-15,13,3,1,5,3,-3,0,0,0,-59,-86,20,None
0,-5,-15,13,3,1,5,3,-3,0,0,0,-59,-86,20,None
0,-5,-15,13,3,1,5,3,-3,0,0,0,-59,-90,21,None
0,-1,13,-13,1,-2,-5,-10,-1,0,0,0,-59,-90,21,None
0,-3,-22,20,-8,0,0,4,1,0,0,0,-59,-90,21,None
0,1,0,-4,4,0,-4,-3,-3,0,0,0,-59,-90,21,None
0,-3,-9,-3,-6,1,8,14,0,0,0,0,-59,-90,21,None
0,-3,-9,-3,-6,1,8,14,0,0,0,0,-59,-90,21,None
0,-3,-9,-3,-6,1,8,14,0,0,0,0,-60,-89,22,None
0,1,0,1,-11,3,-7,-12,-2,0,0,0,-60,-89,22,None
0,-3,5,-1,11,4,3,4,-1,0,0,0,-60,-89,22,None
0,-3,-10,-5,0,-1,0,2,-2,0,0,0,-60,-89,22,None
0,2,-5,7,-11,1,1,-2,1,0,0,0,-60,-89,22,None
0,2,-5,7,-11,1,1,-2,1,0,0,0,-60,-89,22,None
0,2,-5,7,-11,1,1,-2,1,0,0,0,-55,-92,23,None
0,1,-1,14,11,4,0,-1,2,0,0,0,-55,-92,23,None
0,-4,-2,-45,-21,-12,-8,-8,-6,0,0,0,-55,-92,23,None
0,1,5,26,8,-4,-5,-8,-2,0,0,0,-55,-92,23,None
0,-3,-9,-11,8,9,-7,-7,-3,0,0,0,-55,-92,23,None
0,-3,-9,-11,8,9,-7,-7,-3,0,0,0,-55,-92,23,None
0,-3,-9,-11,8,9,-7,-7,-3,0,0,0,-46,-98,25,None
0,-3,-45,30,10,5,20,13,5,0,0,0,-46,-98,25,None
0,0,5,5,-14,0,3,-1,2,0,0,0,-46,-98,25,None
0,-4,-10,-3,4,0,-8,-5,-2,0,0,0,-46,-98,25,None
0,2,15,10,-1,-3,-11,-17,0,0,0,0,-46,-98,25,None
0,2,15,10,-1,-3,-11,-17,0,0,0,0,-46,-98,25,None
0,2,15,10,-1,-3,-11,-17,0,0,0,0,-39,-101,26,None
0,0,18,-33,-7,0,2,15,-1,0,0,0,-39,-101,26,None
0,-1,-6,24,10,3,2,6,-2,0,0,0,-39,-101,26,None
0,-1,-5,-4,-6,1,0,-2,-3,0,0,0,-39,-101,26,None
0,0,12,18,25,3,4,5,-2,0,0,0,-39,-101,26,None
0,0,12,18,25,3,4,5,-2,0,0,0,-39,-101,26,None
0,0,12,18,25,3,4,5,-2,0,0,0,-35,-102,30,None
0,-3,7,-34,-30,-2,-3,-11,-2,0,0,0,-35,-102,30,None
0,-2,-3,12,5,-19,-14,-9,0,0,0,0,-35,-102,30,None
0,0,2,-47,-19,5,3,-1,2,0,0,0,-35,-102,30,None
0,-5,9,-36,-7,0,-1,5,-9,0,0,0,-35,-102,30,None
0,-5,9,-36,-7,0,-1,5,-9,0,0,0,-35,-102,30,None
0,-5,9,-36,-7,0,-1,5,-9,0,0,0,-32,-102,33,None
0,2,14,17,3,1,-4,0,1,0,0,0,-32,-102,33,None
0,-2,-6,-10,17,2,-4,-4,-5,0,0,0,-32,-102,33,None
0,-4,-1,8,-1,-8,-4,-5,-3,0,0,0,-32,-102,33,None
0,-1,1,-15,-16,-2,8,0,-3,0,0,0,-32,-102,33,None
0,-1,1,-15,-16,-2,8,0,-3,0,0,0,-32,-102,33,None
0,-1,1,-15,-16,-2,8,0,-3,0,0,0,-29,-101,33,None
0,2,11,0,21,6,0,-2,-2,0,0,0,-29,-101,33,None
0,-1,13,44,-17,-12,-3,-8,-4,0,0,0,-29,-101,33,None
0,-1,1,-8,-2,-3,9,8,-1,0,0,0,-29,-101,33,None
0,0,-10,-8,-5,-1,-8,-4,-1,0,0,0,-29,-101,33,None
0,0,-10,-8,-5,-1,-8,-4,-1,0,0,0,-29,-101,33,None
0,0,-10,-8,-5,-1,-8,-4,-1,0,0,0,-22,-103,34,None
0,-4,2,7,-26,-11,-13,-6,-6,0,0,0,-22,-103,34,None
0,4,19,-1,15,6,0,-4,0,0,0,0,-22,-103,34,None
0,-1,-6,52,15,9,9,9,3,0,0,0,-22,-103,34,None
0,5,1,-3,-12,-4,-9,-12,-1,0,0,0,-22,-103,34,None
0,5,1,-3,-12,-4,-9,-12,-1,0,0,0,-22,-103,34,None
0,5,1,-3,-12,-4,-9,-12,-1,0,0,0,-12,-102,35,None
0,-3,0,43,29,3,12,15,4,0,0,0,-12,-102,35,None
0,1,19,-39,0,9,-1,-6,-1,0,0,0,-12,-102,35,None
0,2,9,-5,-9,-4,-6,3,-2,0,0,0,-12,-102,35,None
0,0,10,-20,9,0,4,1,0,0,0,0,-12,-102,35,None
0,0,10,-20,9,0,4,1,0,0,0,0,-12,-102,35,None
0,0,10,-20,9,0,4,1,0,0,0,0,-3,-103,36,None
0,-5,-18,23,6,1,-4,-8,-4,0,0,0,-3,-103,36,None
0,-1,2,-11,-19,0,-4,-4,0,0,0,0,-3,-103,36,None
0,-1,0,-23,-14,4,-3,-5,-7,0,0,0,-3,-103,36,None
0,-1,-7,20,3,-2,-1,-12,-3,0,0,0,-3,-103,36,None
0,-1,-7,20,3,-2,-1,-12,-3,0,0,0,-3,-103,36,None
0,-1,-7,20,3,-2,-1,-12,-3,0,0,0,0,-102,36,None
0,2,2,-25,4,1,-5,5,0,0,0,0,0,-102,36,None
0,-1,-4,10,-6,3,6,17,4,0,0,0,0,-102,36,None
0,-3,-5,-9,0,6,-1,2,1,0,0,0,0,-102,36,None
0,-7,-22,9,3,5,8,5,1,0,0,0,0,-102,36,None
0,-7,-22,9,3,5,8,5,1,0,0,0,0,-102,36,None
0,-7,-22,9,3,5,8,5,1,0,0,0,-2,-102,37,None
0,-1,-1,-12,7,1,-2,-4,-2,0,0,0,-2,-102,37,None
0,-2,-17,-9,-7,1,3,-5,-3,0,0,0,-2,-102,37,None
0,-1,5,-7,-3,2,-1,-6,-3,0,0,0,-2,-102,37,None
0,2,-10,-10,10,-2,-4,7,2,0,0,0,-2,-102,37,None
0,2,-10,-10,10,-2,-4,7,2,0,0,0,-2,-102,37,None
0,2,-10,-10,10,-2,-4,7,2,0,0,0,-5,-101,38,None
0,-3,-2,7,-26,-6,-1,-11,-4,0,0,0,-5,-101,38,None
0,0,-3,1,8,9,4,5,4,0,0,0,-5,-101,38,None
0,-1,13,12,3,0,-5,-6,-2,0,0,0,-5,-101,38,None
0,-8,-8,-12,-2,-3,-2,0,-14,0,0,0,-5,-101,38,None
0,-8,-8,-12,-2,-3,-2,0,-14,0,0,0,-5,-101,38,None
0,-8,-8,-12,-2,-3,-2,0,-14,0,0,0,-4,-99,40,None
0,2,2,0,-3,3,6,-1,37,0,0,0,-4,-99,40,None
0,-1,-2,-30,4,1,-4,-9,-14,0,0,0,-4,-99,40,None
0,-2,1,3,6,1,-1,6,3,0,0,0,-4,-99,40,None
0,-1,10,1,-13,-3,2,-2,2,0,0,0,-4,-99,40,None
0,-1,10,1,-13,-3,2,-2,2,0,0,0,-4,-99,40,None
0,-1,10,1,-13,-3,2,-2,2,0,0,0,-3,-97,40,None
0,-2,-3,11,9,3,-3,-2,-13,0,0,0,-3,-97,40,None
0,-4,1,-9,-1,-2,-5,4,0,0,0,0,-3,-97,40,None
0,2,8,-17,1,-1,-3,-7,4,0,0,0,-3,-97,40,None
0,-3,-7,14,-6,3,0,4,-5,0,0,0,-3,-97,40,None
0,-3,-7,14,-6,3,0,4,-5,0,0,0,-3,-97,40,None
0,-3,-7,14,-6,3,0,4,-5,0,0,0,-3,-96,41,None
0,1,2,-12,-9,-6,-1,2,-9,0,0,0,-3,-96,41,None
0,-6,-9,-19,7,-5,-6,-6,0,0,0,0,-3,-96,41,None
0,-2,4,10,-7,2,3,3,-7,0,0,0,-3,-96,41,None
0,-9,7,16,14,3,-2,-6,3,0,0,0,-3,-96,41,None
0,-9,7,16,14,3,-2,-6,3,0,0,0,-3,-96,41,None
0,-9,7,16,14,3,-2,-6,3,0,0,0,-3,-93,41,None
0,20,10,-36,-38,-5,-8,-12,-15,0,0,0,-3,-93,41,None
0,-4,-10,31,15,6,9,5,1,0,0,0,-3,-93,41,None
0,11,-7,-17,-7,-2,0,0,-2,0,0,0,-3,-93,41,None
0,-22,-2,-5,7,0,-9,-2,0,0,0,0,-3,-93,41,None
0,-22,-2,-5,7,0,-9,-2,0,0,0,0,-3,-93,41,None
0,-22,-2,-5,7,0,-9,-2,0,0,0,0,-5,-97,40,None
0,-6,-8,-9,-4,1,-1,0,1,0,0,0,-5,-97,40,None
0,-2,-2,-30,-4,1,-1,-3,-7,0,0,0,-5,-97,40,None
0,-1,-2,14,4,-1,-5,-4,0,0,0,0,-5,-97,40,None
0,7,-3,-25,-16,-3,-1,0,7,0,0,0,-5,-97,40,None
0,7,-3,-25,-16,-3,-1,0,7,0,0,0,-5,-97,40,None
0,7,-3,-25,-16,-3,-1,0,7,0,0,0,-2,-99,41,None
0,-6,12,11,32,-1,-4,-6,-26,0,0,0,-2,-99,41,None
0,-39,-16,-20,-40,-4,-2,-1,-2,0,0,0,-2,-99,41,None
0,-8,-7,-11,12,3,2,4,2,0,0,0,-2,-99,41,None
0,4,4,8,-4,1,3,-4,-7,0,0,0,-2,-99,41,None
0,4,4,8,-4,1,3,-4,-7,0,0,0,-2,-99,41,None
0,4,4,8,-4,1,3,-4,-7,0,0,0,0,-95,41,None
0,-4,-5,-1,-2,2,0,1,4,0,0,0,0,-95,41,None
0,15,10,15,8,3,-4,-3,2,0,0,0,0,-95,41,None
0,-6,-5,5,10,-2,-3,-5,-2,0,0,0,0,-95,41,None
0,6,9,3,-7,-2,0,2,-1,0,0,0,0,-95,41,None
0,6,9,3,-7,-2,0,2,-1,0,0,0,0,-95,41,None
0,6,9,3,-7,-2,0,2,-1,0,0,0,1,-90,46,None
0,-17,-8,4,10,4,-4,-5,-5,0,0,0,1,-90,46,None
0,31,7,-1,5,3,-2,0,4,0,0,0,1,-90,46,None
0,8,7,6,-17,1,4,3,-2,0,0,0,1,-90,46,None
0,-21,-10,-5,-6,-4,-2,-1,0,0,0,0,1,-90,46,None
0,-21,-10,-5,-6,-4,-2,-1,0,0,0,0,1,-90,46,None
0,-21,-10,-5,-6,-4,-2,-1,0,0,0,0,-1,-80,47,None
0,-2,2,-10,11,3,2,1,3,0,0,0,-1,-80,47,None
0,-5,7,28,-4,-1,2,1,-2,0,0,0,-1,-80,47,None
0,-5,3,-12,-8,0,3,0,-3,0,0,0,-1,-80,47,None
0,14,0,12,15,1,-4,-4,-3,0,0,0,-1,-80,47,None
0,14,0,12,15,1,-4,-4,-3,0,0,0,-1,-80,47,None
0,14,0,12,15,1,-4,-4,-3,0,0,0,-2,-83,45,None
0,-3,-4,-13,-8,0,-3,1,1,0,0,0,-2,-83,45,None
0,-8,0,11,6,-1,0,-2,-3,0,0,0,-2,-83,45,None
0,13,-2,-21,-8,0,-6,-6,-2,0,0,0,-2,-83,45,None
0,-5,-3,-4,9,-2,-4,-1,-2,0,0,0,-2,-83,45,None
0,-5,-3,-4,9,-2,-4,-1,-2,0,0,0,-2,-83,45,None
0,-5,-3,-4,9,-2,-4,-1,-2,0,0,0,3,-90,45,None
0,13,-2,14,-4,1,3,-1,5,0,0,0,3,-90,45,None
0,-19,7,2,9,4,1,0,-11,0,0,0,3,-90,45,None
0,-2,-3,4,-1,1,-3,-9,-3,0,0,0,3,-90,45,None
0,-9,-2,-5,-2,1,2,7,1,0,0,0,3,-90,45,None
0,-9,-2,-5,-2,1,2,7,1,0,0,0,3,-90,45,None
0,-9,-2,-5,-2,1,2,7,1,0,0,0,7,-95,44,None
0,-13,1,17,10,-1,-2,-2,-5,0,0,0,7,-95,44,None
0,-6,-7,-33,-4,-1,-5,-3,1,0,0,0,7,-95,44,None
0,11,3,6,-2,-2,-2,0,0,0,0,0,7,-95,44,None
0,21,7,-8,-8,2,3,0,1,0,0,0,7,-95,44,None
0,21,7,-8,-8,2,3,0,1,0,0,0,7,-95,44,None
0,21,7,-8,-8,2,3,0,1,0,0,0,5,-91,45,None
0,-10,-3,9,4,0,-4,-1,-1,0,0,0,5,-91,45,None
0,15,3,-2,-9,0,-3,-3,-3,0,0,0,5,-91,45,None
0,-8,5,7,9,1,2,1,-2,0,0,0,5,-91,45,None
0,-18,-8,-1,1,1,1,-3,-4,0,0,0,5,-91,45,None
0,-18,-8,-1,1,1,1,-3,-4,0,0,0,5,-91,45,None
0,-18,-8,-1,1,1,1,-3,-4,0,0,0,0,-86,44,None
0,-5,0,-10,-7,-2,1,2,-1,0,0,0,0,-86,44,None
0,9,-1,-6,4,-1,3,1,-1,0,0,0,0,-86,44,None
0,-2,-1,4,1,1,1,1,-3,0,0,0,0,-86,44,None
0,4,-2,-29,-9,-2,-4,-5,0,0,0,0,0,-86,44,None
0,4,-2,-29,-9,-2,-4,-5,0,0,0,0,0,-86,44,None
0,4,-2,-29,-9,-2,-4,-5,0,0,0,0,-2,-86,45,None
0,-1,-4,-7,-3,2,-2,-1,0,0,0,0,-2,-86,45,None
0,-10,-3,-11,3,0,1,-2,-6,0,0,0,-2,-86,45,None
0,-1,0,2,-4,-2,-6,-5,0,0,0,0,-2,-86,45,None
0,1,3,6,-2,3,-2,0,-2,0,0,0,-2,-86,45,None
0,1,3,6,-2,3,-2,0,-2,0,0,0,-2,-86,45,None
0,1,3,6,-2,3,-2,0,-2,0,0,0,0,-89,43,None
0,-5,0,-12,8,2,1,-1,-5,0,0,0,0,-89,43,None
0,14,5,6,-17,-2,0,0,6,0,0,0,0,-89,43,None
0,-6,-3,3,10,0,-2,-2,-2,0,0,0,0,-89,43,None
0,-2,4,-1,-9,-1,2,-2,-2,0,0,0,0,-89,43,None
0,-2,4,-1,-9,-1,2,-2,-2,0,0,0,0,-89,43,None
0,-2,4,-1,-9,-1,2,-2,-2,0,0,0,0,-91,42,None
0,8,4,6,2,1,2,1,1,0,0,0,0,-91,42,None
0,7,-2,-2,9,2,-2,-1,6,0,0,0,0,-91,42,None
0,-9,0,-3,-7,1,0,-4,-10,0,0,0,0,-91,42,None
0,0,2,6,3,-2,-4,-1,-1,0,0,0,0,-91,42,None
0,0,2,6,3,-2,-4,-1,-1,0,0,0,0,-91,42,None
0,0,2,6,3,-2,-4,-1,-1,0,0,0,0,-91,44,None
0,-1,1,2,-1,-2,-6,-3,-3,0,0,0,0,-91,44,None
0,-9,1,-6,-4,1,-5,-2,3,0,0,0,0,-91,44,None
0,-4,0,3,7,1,3,-1,-1,0,0,0,0,-91,44,None
0,10,6,9,-1,1,0,0,0,0,0,0,0,-91,44,None
0,10,6,9,-1,1,0,0,0,0,0,0,0,-91,44,None
0,10,6,9,-1,1,0,0,0,0,0,0,0,-90,44,None
0,-9,-6,-21,-8,-1,-3,-3,-2,0,0,0,0,-90,44,None
0,10,6,2,-8,-1,2,3,0,0,0,0,0,-90,44,None
0,-19,-6,-5,16,2,-1,0,-1,0,0,0,0,-90,44,None
0,-2,-2,-14,-11,-3,-3,-4,-2,0,0,0,0,-90,44,None
0,-2,-2,-14,-11,-3,-3,-4,-2,0,0,0,0,-90,44,None
0,-2,-2,-14,-11,-3,-3,-4,-2,0,0,0,0,-89,44,None
0,7,6,18,4,0,-1,-2,-1,0,0,0,0,-89,44,None
0,-10,-3,-2,-12,-3,-1,-4,-4,0,0,0,0,-89,44,None
0,3,1,-5,0,1,-4,0,3,0,0,0,0,-89,44,None
0,9,-1,-5,9,0,-2,-4,0,0,0,0,0,-89,44,None
0,9,-1,-5,9,0,-2,-4,0,0,0,0,0,-89,44,None
0,9,-1,-5,9,0,-2,-4,0,0,0,0,0,-88,44,None
0,-11,-1,-5,-12,1,2,1,-1,0,0,0,0,-88,44,None
0,12,2,-3,7,0,-2,-3,-2,0,0,0,0,-88,44,None
0,-4,0,0,-5,0,-3,-1,0,0,0,0,0,-88,44,None
0,-1,2,0,2,1,2,1,-2,0,0,0,0,-88,44,None
0,-1,2,0,2,1,2,1,-2,0,0,0,0,-88,44,None
0,-1,2,0,2,1,2,1,-2,0,0,0,0,-87,45,None
0,0,4,11,2,1,3,1,-1,0,0,0,0,-87,45,None
0,-8,-7,-4,5,-1,-4,-4,-4,0,0,0,0,-87,45,None
0,1,1,-8,-7,0,0,1,1,0,0,0,0,-87,45,None
0,-10,0,7,4,-1,0,-2,-3,0,0,0,0,-87,45,None
0,-10,0,7,4,-1,0,-2,-3,0,0,0,0,-87,45,None
0,-10,0,7,4,-1,0,-2,-3,0,0,0,0,-88,45,None
0,3,-3,-11,1,-1,-5,-3,-1,0,0,0,0,-88,45,None
0,2,7,12,7,1,-2,-3,0,0,0,0,0,-88,45,None
0,-6,-3,-17,-1,0,-1,2,-3,0,0,0,0,-88,45,None
0,3,-4,-16,-13,-1,-2,-3,0,0,0,0,0,-88,45,None
0,3,-4,-16,-13,-1,-2,-3,0,0,0,0,0,-88,45,None
0,3,-4,-16,-13,-1,-2,-3,0,0,0,0,0,-89,45,None
0,-2,-1,1,1,0,-4,-2,-3,0,0,0,0,-89,45,None
0,-4,0,1,-3,-1,2,-1,-2,0,0,0,0,-89,45,None
0,2,2,2,-3,0,4,1,-2,0,0,0,0,-89,45,None
0,-8,4,5,-2,1,-5,-1,-2,0,0,0,0,-89,45,None
0,-8,4,5,-2,1,-5,-1,-2,0,0,0,0,-89,45,None
0,-8,4,5,-2,1,-5,-1,-2,0,0,0,-1,-89,45,None
0,19,0,-5,4,1,1,-1,6,0,0,0,-1,-89,45,None
0,-9,3,-5,0,3,1,3,-4,0,0,0,-1,-89,45,None
0,8,2,8,3,0,-8,-10,-1,0,0,0,-1,-89,45,None
0,-30,-16,-5,1,1,-6,-4,-3,0,0,0,-1,-89,45,None
0,-30,-16,-5,1,1,-6,-4,-3,0,0,0,-1,-89,45,None
0,-30,-16,-5,1,1,-6,-4,-3,0,0,0,0,-89,45,None
0,8,2,1,-11,-2,1,1,0,0,0,0,0,-89,45,None
0,1,3,0,1,-1,-5,-2,0,0,0,0,0,-89,45,None
0,-5,-1,-2,-4,-1,-1,-1,-1,0,0,0,0,-89,45,None
0,6,6,3,4,0,2,0,0,0,0,0,0,-89,45,None
0,6,6,3,4,0,2,0,0,0,0,0,0,-89,45,None
0,6,6,3,4,0,2,0,0,0,0,0,0,-89,45,None
0,-4,-1,-3,1,1,0,-1,-5,0,0,0,0,-89,45,None
0,-10,-3,-4,-2,0,-2,1,0,0,0,0,0,-89,45,None
0,0,0,0,-5,0,0,2,-3,0,0,0,0,-89,45,None
0,-1,2,-5,1,0,2,0,-2,0,0,0,0,-89,45,None
0,-1,2,-5,1,0,2,0,-2,0,0,0,0,-89,45,None
0,-1,2,-5,1,0,2,0,-2,0,0,0,0,-88,45,None
0,6,0,-2,-6,1,-5,-6,2,0,0,0,0,-88,45,None
0,1,1,0,6,-1,-3,-5,-3,0,0,0,0,-88,45,None
0,-2,0,-2,-10,0,1,-1,-4,0,0,0,0,-88,45,None
0,5,0,-1,4,0,-1,0,-1,0,0,0,0,-88,45,None
0,5,0,-1,4,0,-1,0,-1,0,0,0,0,-88,45,None
0,5,0,-1,4,0,-1,0,-1,0,0,0,0,-88,45,None
0,0,1,-2,-2,-1,-2,-2,-3,0,0,0,0,-88,45,None
0,-3,1,-3,-2,1,1,-2,-3,0,0,0,0,-88,45,None
0,3,1,9,4,0,2,-1,0,0,0,0,0,-88,45,None
0,9,3,4,-2,1,-2,-3,1,0,0,0,0,-88,45,None
0,9,3,4,-2,1,-2,-3,1,0,0,0,0,-88,45,None
0,9,3,4,-2,1,-2,-3,1,0,0,0,0,-89,45,None
0,-7,1,-10,-2,1,1,0,-3,0,0,0,0,-89,45,None
0,0,1,-6,-2,-1,0,-2,-4,0,0,0,0,-89,45,None
0,1,2,2,1,-1,-3,-2,-1,0,0,0,0,-89,45,None
0,3,-3,-6,-3,-1,-4,-4,0,0,0,0,0,-89,45,None
0,3,-3,-6,-3,-1,-4,-4,0,0,0,0,0,-89,45,None
0,3,-3,-6,-3,-1,-4,-4,0,0,0,0,0,-89,46,None
0,12,8,4,11,1,3,0,1,0,0,0,0,-89,46,None
0,7,3,-7,-5,1,0,0,2,0,0,0,0,-89,46,None
0,1,-4,-3,-3,-2,-5,-3,1,0,0,0,0,-89,46,None
0,-2,3,3,2,1,3,0,-3,0,0,0,0,-89,46,None
0,-2,3,3,2,1,3,0,-3,0,0,0,0,-89,46,None
0,-2,3,3,2,1,3,0,-3,0,0,0,0,-89,45,None
0,-3,-3,-5,-11,0,-1,-2,-3,0,0,0,0,-89,45,None
0,2,0,4,11,2,-2,-1,0,0,0,0,0,-89,45,None
0,-4,0,-12,-8,0,1,1,-2,0,0,0,0,-89,45,None
0,-9,3,13,4,0,2,1,-3,0,0,0,0,-89,45,None
0,-9,3,13,4,0,2,1,-3,0,0,0,0,-89,45,None
0,-9,3,13,4,0,2,1,-3,0,0,0,0,-88,45,None
0,9,-2,-18,-1,0,-6,-1,1,0,0,0,0,-88,45,None
0,7,2,-4,-6,0,-2,-3,-1,0,0,0,0,-88,45,None
0,-4,3,0,6,1,0,1,0,0,0,0,0,-88,45,None
0,-3,1,4,5,2,-3,-5,-3,0,0,0,0,-88,45,None
0,-3,1,4,5,2,-3,-5,-3,0,0,0,0,-88,45,None
0,-3,1,4,5,2,-3,-5,-3,0,0,0,-1,-88,46,None
0,-14,-5,0,-5,0,0,-1,-3,0,0,0,-1,-88,46,None
0,-7,-6,-10,-18,-4,-2,-1,-1,0,0,0,-1,-88,46,None
0,-4,4,6,7,0,1,1,-2,0,0,0,-1,-88,46,None
0,16,-5,-11,-3,-1,-3,-1,1,0,0,0,-1,-88,46,None
0,16,-5,-11,-3,-1,-3,-1,1,0,0,0,-1,-88,46,None
0,16,-5,-11,-3,-1,-3,-1,1,0,0,0,0,-88,45,None
0,-5,2,4,2,1,3,2,-3,0,0,0,0,-88,45,None
0,-4,0,1,4,1,1,-1,-4,0,0,0,0,-88,45,None
0,1,-2,-6,4,-1,-3,-2,0,0,0,0,0,-88,45,None
0,-4,-1,2,-7,1,-5,-3,-3,0,0,0,0,-88,45,None
0,-4,-1,2,-7,1,-5,-3,-3,0,0,0,0,-88,45,None
0,-4,-1,2,-7,1,-5,-3,-3,0,0,0,0,-88,46,None
0,-5,-2,-17,2,0,-2,-2,-2,0,0,0,0,-88,46,None
0,-6,0,3,-3,-1,-1,-4,-1,0,0,0,0,-88,46,None
0,6,-1,-8,-3,0,-1,-2,-2,0,0,0,0,-88,46,None
0,-13,0,2,1,2,-1,-2,-4,0,0,0,0,-88,46,None
0,-13,0,2,1,2,-1,-2,-4,0,0,0,0,-88,46,None
0,-13,0,2,1,2,-1,-2,-4,0,0,0,0,-88,46,None
0,18,4,12,1,-1,0,-1,-1,0,0,0,0,-88,46,None
0,6,0,1,1,1,0,0,2,0,0,0,0,-88,46,None
0,-27,0,0,1,0,0,-1,-10,0,0,0,0,-88,46,None
0,22,4,-9,-2,1,2,1,1,0,0,0,0,-88,46,None
0,22,4,-9,-2,1,2,1,1,0,0,0,0,-88,46,None
0,22,4,-9,-2,1,2,1,1,0,0,0,0,-88,46,None
0,-6,-3,0,-4,1,-5,-4,0,0,0,0,0,-88,46,None
0,-9,-3,-20,-9,-1,-3,-5,-6,0,0,0,0,-88,46,None
0,3,-4,15,2,-1,0,-1,2,0,0,0,0,-88,46,None
0,-2,2,1,-7,-1,-4,-2,-2,0,0,0,0,-88,46,None
0,-2,2,1,-7,-1,-4,-2,-2,0,0,0,0,-88,46,None
0,-2,2,1,-7,-1,-4,-2,-2,0,0,0,-1,-89,46,None
0,-12,-4,-5,3,1,-2,-2,-4,0,0,0,-1,-89,46,None
0,-4,3,6,4,1,3,1,-1,0,0,0,-1,-89,46,None
0,15,1,0,1,2,0,-1,0,0,0,0,-1,-89,46,None
0,-6,-2,-11,1,0,-3,-3,-2,0,0,0,-1,-89,46,None
0,-6,-2,-11,1,0,-3,-3,-2,0,0,0,-1,-89,46,None
0,-6,-2,-11,1,0,-3,-3,-2,0,0,0,-1,-87,45,None
0,5,1,9,3,-1,1,1,-2,0,0,0,-1,-87,45,None
0,-33,-5,4,1,1,1,-1,-2,0,0,0,-1,-87,45,None
0,0,-1,-5,-3,-1,-5,-2,0,0,0,0,-1,-87,45,None
0,-4,1,1,6,1,-2,-1,0,0,0,0,-1,-87,45,None
0,-4,1,1,6,1,-2,-1,0,0,0,0,-1,-87,45,None
0,-4,1,1,6,1,-2,-1,0,0,0,0,-1,-88,45,None
0,-3,-3,-3,-2,-1,2,1,-1,0,0,0,-1,-88,45,None
0,6,-6,-5,-3,-1,-6,-4,-1,0,0,0,-1,-88,45,None
0,-5,1,-4,1,1,-2,1,-2,0,0,0,-1,-88,45,None
0,2,0,-6,-7,-3,1,-1,0,0,0,0,-1,-88,45,None
0,2,0,-6,-7,-3,1,-1,0,0,0,0,-1,-88,45,None
0,2,0,-6,-7,-3,1,-1,0,0,0,0,0,-87,46,None
0,-11,0,-1,0,1,0,-1,-1,0,0,0,0,-87,46,None
0,1,3,2,8,2,-1,2,0,0,0,0,0,-87,46,None
0,11,5,-1,-6,-1,2,1,2,0,0,0,0,-87,46,None
0,4,6,-1,6,1,3,0,-2,0,0,0,0,-87,46,None
0,4,6,-1,6,1,3,0,-2,0,0,0,0,-87,46,None
0,4,6,-1,6,1,3,0,-2,0,0,0,0,-88,45,None
0,-1,1,-12,-12,3,-4,-3,-1,0,0,0,0,-88,45,None
0,6,-1,17,14,0,-5,-3,0,0,0,0,0,-88,45,None
0,-33,-4,-27,-27,-4,-4,-4,-11,0,0,0,0,-88,45,None
0,6,0,-1,8,1,-4,-4,-2,0,0,0,0,-88,45,None
0,6,0,-1,8,1,-4,-4,-2,0,0,0,0,-88,45,None
0,6,0,-1,8,1,-4,-4,-2,0,0,0,0,-89,44,None
0,-5,-2,-4,-1,-3,-3,-3,-1,0,0,0,0,-89,44,None
0,-5,1,-3,6,1,1,0,-5,0,0,0,0,-89,44,None
0,6,1,6,7,1,3,-1,2,0,0,0,0,-89,44,None
0,3,-2,-6,-9,-2,-3,-3,-2,0,0,0,0,-89,44,None
0,3,-2,-6,-9,-2,-3,-3,-2,0,0,0,0,-89,44,None
0,3,-2,-6,-9,-2,-3,-3,-2,0,0,0,0,-88,45,None
0,-6,-1,-2,-1,0,2,-2,-4,0,0,0,0,-88,45,None
0,3,2,5,1,-1,2,1,-1,0,0,0,0,-88,45,None
0,-2,-3,-4,-5,-2,-5,-3,1,0,0,0,0,-88,45,None
0,-10,-3,-5,-4,2,0,-2,0,0,0,0,0,-88,45,None
0,-10,-3,-5,-4,2,0,-2,0,0,0,0,0,-88,45,None
0,-10,-3,-5,-4,2,0,-2,0,0,0,0,0,-88,45,None
0,3,1,5,7,2,0,0,-1,0,0,0,0,-88,45,None
0,3,-1,-3,-6,0,-3,-2,0,0,0,0,0,-88,45,None
0,7,0,-4,0,0,-2,-2,-1,0,0,0,0,-88,45,None
0,-12,1,1,3,2,3,3,-1,0,0,0,0,-88,45,None
0,-12,1,1,3,2,3,3,-1,0,0,0,0,-88,45,None
0,-12,1,1,3,2,3,3,-1,0,0,0,0,-88,46,None
0,5,3,3,-9,-3,-2,-3,-4,0,0,0,0,-88,46,None
0,1,0,-16,-8,0,-1,-2,-4,0,0,0,0,-88,46,None
0,5,0,9,8,2,2,-2,-2,0,0,0,0,-88,46,None
0,-4,2,-2,-7,-1,1,1,-1,0,0,0,0,-88,46,None
0,-4,2,-2,-7,-1,1,1,-1,0,0,0,0,-88,46,None
0,-4,2,-2,-7,-1,1,1,-1,0,0,0,0,-88,45,None
0,-7,-3,-2,11,-1,-5,-3,-1,0,0,0,0,-88,45,None
0,2,1,-6,-4,0,-2,-3,0,0,0,0,0,-88,45,None
0,-1,6,1,5,2,3,1,-1,0,0,0,0,-88,45,None
0,15,-3,-5,-3,-1,-4,-3,-2,0,0,0,0,-88,45,None
0,15,-3,-5,-3,-1,-4,-3,-2,0,0,0,0,-88,45,None
0,15,-3,-5,-3,-1,-4,-3,-2,0,0,0,0,-88,46,None
0,3,1,-6,-5,0,-3,-3,2,0,0,0,0,-88,46,None
0,-15,0,3,4,2,1,0,-10,0,0,0,0,-88,46,None
0,7,3,-2,-5,-1,-2,0,0,0,0,0,0,-88,46,None
0,-9,-3,2,8,1,-2,-1,-2,0,0,0,0,-88,46,None
0,-9,-3,2,8,1,-2,-1,-2,0,0,0,0,-88,46,None
0,-9,-3,2,8,1,-2,-1,-2,0,0,0,0,-88,45,None
0,-4,-1,-7,-13,0,1,1,-2,0,0,0,0,-88,45,None
0,10,6,2,0,0,0,0,1,0,0,0,0,-88,45,None
0,11,-5,-24,2,1,-2,0,6,0,0,0,0,-88,45,None
0,-24,7,-1,-1,-1,-3,-1,-5,0,0,0,0,-88,45,None
0,-24,7,-1,-1,-1,-3,-1,-5,0,0,0,0,-88,45,None
0,-24,7,-1,-1,-1,-3,-1,-5,0,0,0,0,-88,45,None
0,20,-2,-2,0,1,1,0,2,0,0,0,0,-88,45,None
0,-1,2,10,-3,2,-7,-2,1,0,0,0,0,-88,45,None
0,-1,-3,-1,7,0,-3,-3,1,0,0,0,0,-88,45,None
0,5,1,-1,1,2,0,0,-1,0,0,0,0,-88,45,None
0,5,1,-1,1,2,0,0,-1,0,0,0,0,-88,45,None
0,5,1,-1,1,2,0,0,-1,0,0,0,0,-88,45,None
0,-1,1,-6,8,-1,-1,-1,-2,0,0,0,0,-88,45,None
0,3,-2,-4,-6,-1,-1,-3,0,0,0,0,0,-88,45,None
0,-7,3,7,1,0,2,1,-3,0,0,0,0,-88,45,None
0,0,-1,-5,-5,-1,-1,-1,0,0,0,0,0,-88,45,None
0,0,-1,-5,-5,-1,-1,-1,0,0,0,0,0,-88,45,None
0,0,-1,-5,-5,-1,-1,-1,0,0,0,0,0,-88,45,None
0,4,6,3,0,2,-2,-2,-2,0,0,0,0,-88,45,None
0,-21,-16,-13,-6,-3,-3,-2,-3,0,0,0,0,-88,45,None
0,-5,2,1,-2,1,-1,-3,-4,0,0,0,0,-88,45,None
0,-2,-6,-3,3,0,-4,-4,0,0,0,0,0,-88,45,None
0,-2,-6,-3,3,0,-4,-4,0,0,0,0,0,-88,45,None
0,-2,-6,-3,3,0,-4,-4,0,0,0,0,-1,-87,45,None
0,-2,-2,-9,-8,-3,-4,-1,1,0,0,0,-1,-87,45,None
