0,-3,-2,0,-8,1,0,-2,-4,0,0,0,-62,-74,26,None
0,-1,10,-9,-5,-4,-7,-4,0,0,0,0,-62,-74,26,None
0,0,8,16,8,6,4,1,0,0,0,0,-62,-74,26,None
0,0,8,16,8,6,4,1,0,0,0,0,-62,-74,26,None
0,0,8,16,8,6,4,1,0,0,0,0,-59,-77,26,None
0,0,2,5,7,-1,-2,-2,-2,0,0,0,-59,-77,26,None
0,-2,-5,-16,-29,-7,-8,-10,-1,0,0,0,-59,-77,26,None
0,-2,0,-19,13,8,-4,-3,-2,0,0,0,-59,-77,26,None
0,-1,2,7,10,-4,2,-1,0,0,0,0,-59,-77,26,None
0,-1,2,7,10,-4,2,-1,0,0,0,0,-59,-77,26,None
0,-1,2,7,10,-4,2,-1,0,0,0,0,-59,-80,26,None
0,-2,-5,-15,-1,-2,-8,-1,0,0,0,0,-59,-80,26,None
0,-3,-2,-11,-6,0,-1,0,-5,0,0,0,-59,-80,26,None
0,1,4,9,-5,-3,5,5,2,0,0,0,-59,-80,26,None
0,-2,-2,-12,6,3,1,5,-2,0,0,0,-59,-80,26,None
0,-2,-2,-12,6,3,1,5,-2,0,0,0,-59,-80,26,None
0,-2,-2,-12,6,3,1,5,-2,0,0,0,-58,-81,26,None
0,-4,-3,-3,-2,0,-1,0,-2,0,0,0,-58,-81,26,None
0,0,0,-14,-17,-1,2,-1,-1,0,0,0,-58,-81,26,None
0,1,-2,22,14,7,10,4,2,0,0,0,-58,-81,26,None
0,-3,-11,-10,5,2,-8,-4,0,0,0,0,-58,-81,26,None
0,-3,-11,-10,5,2,-8,-4,0,0,0,0,-58,-81,26,None
0,-3,-11,-10,5,2,-8,-4,0,0,0,0,-53,-84,26,None
0,-2,6,6,2,-4,-3,-7,-6,0,0,0,-53,-84,26,None
0,2,5,-5,-6,0,-1,-2,0,0,0,0,-53,-84,26,None
0,1,-4,0,-2,0,-2,-3,1,0,0,0,-53,-84,26,None
0,0,7,5,-5,-1,-2,1,-3,0,0,0,-53,-84,26,None
0,0,7,5,-5,-1,-2,1,-3,0,0,0,-53,-84,26,None
0,0,7,5,-5,-1,-2,1,-3,0,0,0,-49,-88,26,None
0,0,1,-2,0,2,2,-1,-2,0,0,0,-49,-88,26,None
0,-3,4,-2,12,2,1,-2,0,0,0,0,-49,-88,26,None
0,-2,-5,4,-21,-3,-6,-3,-2,0,0,0,-49,-88,26,None
0,-1,1,-4,0,0,-1,-7,-4,0,0,0,-49,-88,26,None
0,-1,1,-4,0,0,-1,-7,-4,0,0,0,-49,-88,26,None
0,-1,1,-4,0,0,-1,-7,-4,0,0,0,-44,-91,28,None
0,-1,1,7,2,-2,0,0,-1,0,0,0,-44,-91,28,None
0,-2,-2,-8,4,1,-5,-2,-9,0,0,0,-44,-91,28,None
0,-3,3,-6,-4,3,-3,-5,-5,0,0,0,-44,-91,28,None
0,-2,-5,5,1,-6,3,1,-2,0,0,0,-44,-91,28,None
0,-2,-5,5,1,-6,3,1,-2,0,0,0,-44,-91,28,None
0,-2,-5,5,1,-6,3,1,-2,0,0,0,-39,-93,30,None
0,-1,-1,-13,-11,4,1,7,1,0,0,0,-39,-93,30,None
0,-4,-11,35,15,1,-6,-15,-6,0,0,0,-39,-93,30,None
0,3,11,-22,-9,-3,1,4,2,0,0,0,-39,-93,30,None
0,0,2,-2,1,7,7,7,2,0,0,0,-39,-93,30,None
0,0,2,-2,1,7,7,7,2,0,0,0,-39,-93,30,None
0,0,2,-2,1,7,7,7,2,0,0,0,-35,-96,32,None
0,-3,-5,-6,-2,-4,-2,-3,0,0,0,0,-35,-96,32,None
0,2,14,7,20,-1,-3,2,-1,0,0,0,-35,-96,32,None
0,-2,-4,-27,-14,-1,-4,-3,2,0,0,0,-35,-96,32,None
0,-2,1,12,0,3,-2,-1,-3,0,0,0,-35,-96,32,None
0,-2,1,12,0,3,-2,-1,-3,0,0,0,-35,-96,32,None
0,-2,1,12,0,3,-2,-1,-3,0,0,0,-31,-97,30,None
0,-2,0,22,-2,2,-1,0,-1,0,0,0,-31,-97,30,None
0,1,1,-43,-26,-6,-3,1,1,0,0,0,-31,-97,30,None
0,0,2,30,17,0,-2,-4,-1,0,0,0,-31,-97,30,None
0,-3,4,-34,-5,-1,-5,-4,-7,0,0,0,-31,-97,30,None
0,-3,4,-34,-5,-1,-5,-4,-7,0,0,0,-31,-97,30,None
0,-3,4,-34,-5,-1,-5,-4,-7,0,0,0,-29,-99,29,None
0,4,18,20,11,9,10,5,1,0,0,0,-29,-99,29,None
0,-9,-27,-47,-8,-8,-7,-11,-6,0,0,0,-29,-99,29,None
0,2,5,-4,6,6,-2,0,-1,0,0,0,-29,-99,29,None
0,1,5,27,7,-3,1,-3,-3,0,0,0,-29,-99,29,None
0,1,5,27,7,-3,1,-3,-3,0,0,0,-29,-99,29,None
0,1,5,27,7,-3,1,-3,-3,0,0,0,-26,-101,31,None
0,-1,-6,-30,-16,-1,-3,-2,-2,0,0,0,-26,-101,31,None
0,1,3,19,15,3,1,-1,1,0,0,0,-26,-101,31,None
0,-2,0,-9,3,3,9,3,-2,0,0,0,-26,-101,31,None
0,0,11,-5,5,11,4,1,1,0,0,0,-26,-101,31,None
0,0,11,-5,5,11,4,1,1,0,0,0,-26,-101,31,None
0,0,11,-5,5,11,4,1,1,0,0,0,-22,-101,35,None
0,-3,-7,-5,6,-8,-13,-14,-3,0,0,0,-22,-101,35,None
0,2,2,-16,-14,-4,-3,6,5,0,0,0,-22,-101,35,None
0,-4,1,10,-2,-4,-1,-4,-4,0,0,0,-22,-101,35,None
0,0,4,-1,-11,-4,-4,-8,-2,0,0,0,-22,-101,35,None
0,0,4,-1,-11,-4,-4,-8,-2,0,0,0,-22,-101,35,None
0,0,4,-1,-11,-4,-4,-8,-2,0,0,0,-17,-100,36,None
0,-3,-5,-12,-8,-5,3,7,3,0,0,0,-17,-100,36,None
0,0,8,12,11,7,9,2,-2,0,0,0,-17,-100,36,None
0,0,5,25,-10,8,3,2,2,0,0,0,-17,-100,36,None
0,-4,-10,-35,-24,-5,-9,-4,-2,0,0,0,-17,-100,36,None
0,-4,-10,-35,-24,-5,-9,-4,-2,0,0,0,-17,-100,36,None
0,-4,-10,-35,-24,-5,-9,-4,-2,0,0,0,-13,-96,35,None
0,-1,-4,-33,6,8,-2,-4,0,0,0,0,-13,-96,35,None
0,-1,-1,43,0,-7,-7,-5,2,0,0,0,-13,-96,35,None
0,1,8,0,8,-6,-6,-1,2,0,0,0,-13,-96,35,None
0,-2,-4,-6,1,4,-1,-10,-3,0,0,0,-13,-96,35,None
0,-2,-4,-6,1,4,-1,-10,-3,0,0,0,-13,-96,35,None
0,-2,-4,-6,1,4,-1,-10,-3,0,0,0,-12,-93,36,None
0,1,13,25,1,-9,4,6,-2,0,0,0,-12,-93,36,None
0,-1,3,-17,0,16,11,8,-1,0,0,0,-12,-93,36,None
0,-6,-20,15,5,-3,-1,-5,-5,0,0,0,-12,-93,36,None
0,1,1,-20,-2,-6,-1,-5,-1,0,0,0,-12,-93,36,None
0,1,1,-20,-2,-6,-1,-5,-1,0,0,0,-12,-93,36,None
0,1,1,-20,-2,-6,-1,-5,-1,0,0,0,-9,-94,37,None
0,0,8,15,-6,4,-1,-6,-2,0,0,0,-9,-94,37,None
0,-2,0,-14,-11,-7,-9,-5,-1,0,0,0,-9,-94,37,None
0,-2,-1,0,-2,-5,-5,-10,-9,0,0,0,-9,-94,37,None
0,-2,-4,17,8,0,2,7,2,0,0,0,-9,-94,37,None
0,-2,-4,17,8,0,2,7,2,0,0,0,-9,-94,37,None
0,-2,-4,17,8,0,2,7,2,0,0,0,-5,-97,40,None
0,-3,-7,-37,-9,1,-2,-7,-1,0,0,0,-5,-97,40,None
0,1,-4,-21,-15,-3,3,-1,0,0,0,0,-5,-97,40,None
0,-3,-10,24,21,4,1,-2,-1,0,0,0,-5,-97,40,None
0,0,5,23,3,1,2,4,-1,0,0,0,-5,-97,40,None
0,0,5,23,3,1,2,4,-1,0,0,0,-5,-97,40,None
0,0,5,23,3,1,2,4,-1,0,0,0,0,-96,42,None
0,-1,-8,-27,-21,-12,-12,-6,-1,0,0,0,0,-96,42,None
0,-1,6,23,21,5,2,-1,-1,0,0,0,0,-96,42,None
0,2,7,-21,-29,3,-1,8,4,0,0,0,0,-96,42,None
0,-1,-2,-9,15,0,2,-12,1,0,0,0,0,-96,42,None
0,-1,-2,-9,15,0,2,-12,1,0,0,0,0,-96,42,None
0,-1,-2,-9,15,0,2,-12,1,0,0,0,-1,-92,43,None
0,0,0,15,2,4,5,13,0,0,0,0,-1,-92,43,None
0,1,-2,-8,8,7,3,-1,-1,0,0,0,-1,-92,43,None
0,-1,-3,23,22,-3,1,2,-1,0,0,0,-1,-92,43,None
0,-3,-1,-1,-24,-1,-11,-7,-2,0,0,0,-1,-92,43,None
0,-3,-1,-1,-24,-1,-11,-7,-2,0,0,0,-1,-92,43,None
0,-3,-1,-1,-24,-1,-11,-7,-2,0,0,0,-1,-89,44,None
0,-1,-1,-36,-21,-2,-3,-3,-2,0,0,0,-1,-89,44,None
0,1,21,13,15,1,-1,-3,-4,0,0,0,-1,-89,44,None
0,-2,-1,-15,-2,4,-3,-5,-1,0,0,0,-1,-89,44,None
0,-2,6,1,-7,-8,-2,9,-5,0,0,0,-1,-89,44,None
0,-2,6,1,-7,-8,-2,9,-5,0,0,0,-1,-89,44,None
0,-2,6,1,-7,-8,-2,9,-5,0,0,0,1,-89,44,None
0,-2,0,5,-2,2,6,-2,1,0,0,0,1,-89,44,None
0,0,-1,-16,-16,0,-4,1,5,0,0,0,1,-89,44,None
0,-1,6,-16,1,2,6,-2,-1,0,0,0,1,-89,44,None
0,-3,-6,-7,6,2,0,0,-2,0,0,0,1,-89,44,None
0,-3,-6,-7,6,2,0,0,-2,0,0,0,1,-89,44,None
0,-3,-6,-7,6,2,0,0,-2,0,0,0,4,-87,45,None
0,1,6,18,7,4,-2,-1,-3,0,0,0,4,-87,45,None
0,-5,-7,1,-9,-3,-8,-1,-2,0,0,0,4,-87,45,None
0,1,5,-17,-13,-3,3,1,2,0,0,0,4,-87,45,None
0,-2,-3,4,10,4,-1,2,-1,0,0,0,4,-87,45,None
0,-2,-3,4,10,4,-1,2,-1,0,0,0,4,-87,45,None
0,-2,-3,4,10,4,-1,2,-1,0,0,0,-1,-98,44,None
0,-3,0,3,8,1,-3,-5,-2,0,0,0,-1,-98,44,None
0,-7,10,-2,-4,2,3,-4,-5,0,0,0,-1,-98,44,None
0,7,-11,-30,8,-5,-4,-5,-7,0,0,0,-1,-98,44,None
0,-11,2,0,-2,2,-1,-5,-4,0,0,0,-1,-98,44,None
0,-11,2,0,-2,2,-1,-5,-4,0,0,0,-1,-98,44,None
0,-11,2,0,-2,2,-1,-5,-4,0,0,0,0,-112,52,None
0,39,1,-7,3,0,2,2,9,0,0,0,0,-112,52,None
0,-53,1,23,5,-2,1,2,-12,0,0,0,0,-112,52,None
0,35,-10,-26,-15,-3,-9,-7,3,0,0,0,0,-112,52,None
0,-30,0,36,10,1,-2,-1,-3,0,0,0,0,-112,52,None
0,-30,0,36,10,1,-2,-1,-3,0,0,0,0,-112,52,None
0,-30,0,36,10,1,-2,-1,-3,0,0,0,0,-107,56,None
0,2,-2,-13,-5,2,1,0,0,0,0,0,0,-107,56,None
0,8,2,8,-2,-1,0,-4,6,0,0,0,0,-107,56,None
0,-3,-2,-8,-8,0,-2,10,5,0,0,0,0,-107,56,None
0,20,7,-2,2,1,2,-9,-11,0,0,0,0,-107,56,None
0,20,7,-2,2,1,2,-9,-11,0,0,0,0,-107,56,None
0,20,7,-2,2,1,2,-9,-11,0,0,0,-2,-78,56,None
0,-16,9,0,3,1,0,-2,-6,0,0,0,-2,-78,56,None
0,5,-17,-1,9,-2,-5,-11,-5,0,0,0,-2,-78,56,None
0,-20,4,35,13,2,0,2,-3,0,0,0,-2,-78,56,None
0,13,0,-40,-23,-3,-1,2,3,0,0,0,-2,-78,56,None
0,13,0,-40,-23,-3,-1,2,3,0,0,0,-2,-78,56,None
0,13,0,-40,-23,-3,-1,2,3,0,0,0,-8,-70,53,None
0,-9,-2,2,2,2,-5,-2,-1,0,0,0,-8,-70,53,None
0,8,-4,-10,2,2,-3,-1,-1,0,0,0,-8,-70,53,None
0,0,8,4,-4,0,2,-3,-3,0,0,0,-8,-70,53,None
0,-5,-4,-1,4,1,-2,1,2,0,0,0,-8,-70,53,None
0,-5,-4,-1,4,1,-2,1,2,0,0,0,-8,-70,53,None
0,-5,-4,-1,4,1,-2,1,2,0,0,0,-4,-84,51,None
0,-7,-8,3,-1,-2,-1,-4,-4,0,0,0,-4,-84,51,None
0,9,3,19,9,1,5,5,3,0,0,0,-4,-84,51,None
0,-13,0,-9,3,2,0,-5,-5,0,0,0,-4,-84,51,None
0,-2,-3,-4,-4,1,-4,0,2,0,0,0,-4,-84,51,None
0,-2,-3,-4,-4,1,-4,0,2,0,0,0,-4,-84,51,None
0,-2,-3,-4,-4,1,-4,0,2,0,0,0,2,-96,52,None
0,-6,-2,1,-1,0,-3,-2,-4,0,0,0,2,-96,52,None
0,22,8,14,12,2,1,0,1,0,0,0,2,-96,52,None
0,-34,-6,10,-6,-3,-4,-4,-5,0,0,0,2,-96,52,None
0,3,-4,-9,-15,-1,-2,-3,-2,0,0,0,2,-96,52,None
0,3,-4,-9,-15,-1,-2,-3,-2,0,0,0,2,-96,52,None
0,3,-4,-9,-15,-1,-2,-3,-2,0,0,0,9,-95,51,None
0,0,4,13,8,1,0,-1,-1,0,0,0,9,-95,51,None
0,11,-2,-14,-10,-2,-1,2,7,0,0,0,9,-95,51,None
0,-19,4,-7,2,3,-2,-9,-20,0,0,0,9,-95,51,None
0,3,5,11,-1,-1,2,2,0,0,0,0,9,-95,51,None
0,3,5,11,-1,-1,2,2,0,0,0,0,9,-95,51,None
0,3,5,11,-1,-1,2,2,0,0,0,0,8,-87,51,None
0,-9,-4,1,1,0,-1,-1,-5,0,0,0,8,-87,51,None
0,-8,1,2,-5,1,1,-3,-4,0,0,0,8,-87,51,None
0,20,1,-4,-1,-1,-1,1,4,0,0,0,8,-87,51,None
0,1,4,1,-1,1,0,0,1,0,0,0,8,-87,51,None
0,1,4,1,-1,1,0,0,1,0,0,0,8,-87,51,None
0,1,4,1,-1,1,0,0,1,0,0,0,2,-75,50,None
0,-5,0,-1,7,0,-6,-4,-5,0,0,0,2,-75,50,None
0,3,0,-6,-1,-1,-6,-2,-2,0,0,0,2,-75,50,None
0,4,3,-6,-16,1,2,3,0,0,0,0,2,-75,50,None
0,-3,1,6,8,0,-2,-2,0,0,0,0,2,-75,50,None
0,-3,1,6,8,0,-2,-2,0,0,0,0,2,-75,50,None
0,-3,1,6,8,0,-2,-2,0,0,0,0,3,-76,48,None
0,2,-2,-9,0,-2,-3,-3,0,0,0,0,3,-76,48,None
0,-13,-2,-1,-15,0,0,1,-4,0,0,0,3,-76,48,None
0,9,9,15,14,1,3,1,3,0,0,0,3,-76,48,None
0,-4,-5,-18,-10,2,-2,-1,-1,0,0,0,3,-76,48,None
0,-4,-5,-18,-10,2,-2,-1,-1,0,0,0,3,-76,48,None
0,-4,-5,-18,-10,2,-2,-1,-1,0,0,0,4,-85,49,None
0,-1,1,3,1,3,3,0,-2,0,0,0,4,-85,49,None
0,-5,0,-3,2,-1,0,-1,-3,0,0,0,4,-85,49,None
0,-2,-3,-8,0,1,-3,-3,-2,0,0,0,4,-85,49,None
0,4,1,9,12,0,-4,-3,-2,0,0,0,4,-85,49,None
0,4,1,9,12,0,-4,-3,-2,0,0,0,4,-85,49,None
0,4,1,9,12,0,-4,-3,-2,0,0,0,3,-90,49,None
0,-2,3,0,-2,0,-2,0,0,0,0,0,3,-90,49,None
0,-4,-3,0,-1,2,-1,-3,-3,0,0,0,3,-90,49,None
0,14,-3,-27,-12,-3,-3,-2,2,0,0,0,3,-90,49,None
0,-10,-5,-3,17,3,1,1,-2,0,0,0,3,-90,49,None
0,-10,-5,-3,17,3,1,1,-2,0,0,0,3,-90,49,None
0,-10,-5,-3,17,3,1,1,-2,0,0,0,1,-89,49,None
0,1,2,-1,-8,-3,0,-1,-2,0,0,0,1,-89,49,None
0,-5,1,-4,-3,1,-2,-2,-2,0,0,0,1,-89,49,None
0,7,0,-10,-14,-2,0,-2,-1,0,0,0,1,-89,49,None
0,0,4,0,3,0,1,2,-1,0,0,0,1,-89,49,None
0,0,4,0,3,0,1,2,-1,0,0,0,1,-89,49,None
0,0,4,0,3,0,1,2,-1,0,0,0,0,-87,49,None
0,-3,-1,-3,2,0,-3,-5,-1,0,0,0,0,-87,49,None
0,10,-3,-14,-4,-1,-6,-3,3,0,0,0,0,-87,49,None
0,-16,5,16,8,1,0,-4,-12,0,0,0,0,-87,49,None
0,-12,-4,-6,0,0,-3,-1,-3,0,0,0,0,-87,49,None
0,-12,-4,-6,0,0,-3,-1,-3,0,0,0,0,-87,49,None
0,-12,-4,-6,0,0,-3,-1,-3,0,0,0,1,-85,50,None
0,17,0,0,-3,0,-1,-2,-1,0,0,0,1,-85,50,None
0,-9,1,-5,5,0,-1,-1,-3,0,0,0,1,-85,50,None
0,3,-1,7,0,-3,0,-1,1,0,0,0,1,-85,50,None
0,6,2,-3,-9,-1,0,-1,1,0,0,0,1,-85,50,None
0,6,2,-3,-9,-1,0,-1,1,0,0,0,1,-85,50,None
0,6,2,-3,-9,-1,0,-1,1,0,0,0,2,-85,51,None
0,-20,0,1,2,1,0,-2,-7,0,0,0,2,-85,51,None
0,6,1,-2,-3,-1,0,1,-1,0,0,0,2,-85,51,None
0,-2,-3,-8,6,0,-4,-3,-2,0,0,0,2,-85,51,None
0,6,1,-3,-4,0,-1,-2,1,0,0,0,2,-85,51,None
0,6,1,-3,-4,0,-1,-2,1,0,0,0,2,-85,51,None
0,6,1,-3,-4,0,-1,-2,1,0,0,0,3,-84,50,None
0,-9,0,6,-4,1,0,0,-2,0,0,0,3,-84,50,None
0,5,-2,-14,3,-2,-4,-4,-1,0,0,0,3,-84,50,None
0,-13,-4,-27,-11,-1,-4,-1,-2,0,0,0,3,-84,50,None
0,-3,0,0,-1,2,2,-2,-3,0,0,0,3,-84,50,None
0,-3,0,0,-1,2,2,-2,-3,0,0,0,3,-84,50,None
0,-3,0,0,-1,2,2,-2,-3,0,0,0,2,-84,51,None
0,10,2,-1,-1,0,1,1,2,0,0,0,2,-84,51,None
0,-4,-3,-1,-2,-2,-2,-3,-2,0,0,0,2,-84,51,None
0,0,1,11,7,0,2,2,0,0,0,0,2,-84,51,None
0,5,3,-4,-7,2,0,-2,1,0,0,0,2,-84,51,None
0,5,3,-4,-7,2,0,-2,1,0,0,0,2,-84,51,None
0,5,3,-4,-7,2,0,-2,1,0,0,0,2,-85,51,None
0,-5,-2,-9,1,0,-2,-1,1,0,0,0,2,-85,51,None
0,-4,0,4,-1,0,-2,-3,-3,0,0,0,2,-85,51,None
0,-3,-2,-12,1,-2,-1,0,1,0,0,0,2,-85,51,None
0,9,0,2,-1,0,-2,-2,1,0,0,0,2,-85,51,None
0,9,0,2,-1,0,-2,-2,1,0,0,0,2,-85,51,None
0,9,0,2,-1,0,-2,-2,1,0,0,0,2,-86,51,None
0,-5,6,11,2,-2,-4,-3,0,0,0,0,2,-86,51,None
0,0,3,-8,-6,1,1,2,-2,0,0,0,2,-86,51,None
0,2,2,3,-1,2,2,-1,0,0,0,0,2,-86,51,None
0,-5,-2,-4,7,-1,-6,-3,-2,0,0,0,2,-86,51,None
0,-5,-2,-4,7,-1,-6,-3,-2,0,0,0,2,-86,51,None
0,-5,-2,-4,7,-1,-6,-3,-2,0,0,0,2,-85,50,None
0,-6,0,-6,-3,1,1,0,-2,0,0,0,2,-85,50,None
0,7,2,0,-2,2,0,0,-2,0,0,0,2,-85,50,None
0,-6,0,1,0,0,-2,-3,2,0,0,0,2,-85,50,None
0,-2,-2,-9,-6,-3,-2,-3,-5,0,0,0,2,-85,50,None
0,-2,-2,-9,-6,-3,-2,-3,-5,0,0,0,2,-85,50,None
0,-2,-2,-9,-6,-3,-2,-3,-5,0,0,0,1,-85,51,None
0,13,2,3,0,-2,-1,0,1,0,0,0,1,-85,51,None
0,4,1,7,1,0,-3,-2,-1,0,0,0,1,-85,51,None
0,-14,-1,-15,-4,-1,-3,-1,-3,0,0,0,1,-85,51,None
0,3,4,4,-1,0,1,1,1,0,0,0,1,-85,51,None
0,3,4,4,-1,0,1,1,1,0,0,0,1,-85,51,None
0,3,4,4,-1,0,1,1,1,0,0,0,1,-85,51,None
0,3,-2,1,7,2,1,-1,-1,0,0,0,1,-85,51,None
0,-7,-7,-6,-15,-2,-4,-2,-3,0,0,0,1,-85,51,None
0,8,4,4,3,2,3,0,2,0,0,0,1,-85,51,None
0,-4,0,-4,-2,-1,1,0,-2,0,0,0,1,-85,51,None
0,-4,0,-4,-2,-1,1,0,-2,0,0,0,1,-85,51,None
0,-4,0,-4,-2,-1,1,0,-2,0,0,0,1,-85,51,None
0,-5,-4,-9,-2,-1,-5,-2,-1,0,0,0,1,-85,51,None
0,10,5,-5,-2,-1,-2,-2,-2,0,0,0,1,-85,51,None
0,-10,-1,5,3,1,-1,0,0,0,0,0,1,-85,51,None
0,-5,-3,-5,-4,1,-3,-3,-2,0,0,0,1,-85,51,None
0,-5,-3,-5,-4,1,-3,-3,-2,0,0,0,1,-85,51,None
0,-5,-3,-5,-4,1,-3,-3,-2,0,0,0,1,-84,51,None
0,-1,6,9,5,-1,-1,-5,-2,0,0,0,1,-84,51,None
0,-2,0,-7,-2,0,1,1,0,0,0,0,1,-84,51,None
0,4,0,2,-7,1,-1,-1,-2,0,0,0,1,-84,51,None
0,-4,-2,-3,3,1,-2,-2,-2,0,0,0,1,-84,51,None
0,-4,-2,-3,3,1,-2,-2,-2,0,0,0,1,-84,51,None
0,-4,-2,-3,3,1,-2,-2,-2,0,0,0,1,-85,51,None
0,3,3,-2,-5,-1,1,-1,0,0,0,0,1,-85,51,None
0,-20,-2,-6,2,2,4,0,-4,0,0,0,1,-85,51,None
0,34,6,12,10,-2,-9,-6,6,0,0,0,1,-85,51,None
0,-22,-1,-5,-4,0,-2,-2,-7,0,0,0,1,-85,51,None
0,-22,-1,-5,-4,0,-2,-2,-7,0,0,0,1,-85,51,None
0,-22,-1,-5,-4,0,-2,-2,-7,0,0,0,2,-85,51,None
0,7,-3,-6,-13,-1,0,-1,-3,0,0,0,2,-85,51,None
0,-5,-1,-4,-3,-1,-2,-3,0,0,0,0,2,-85,51,None
0,3,1,4,5,3,-3,0,-1,0,0,0,2,-85,51,None
0,-10,-2,-11,4,0,0,-1,-4,0,0,0,2,-85,51,None
0,-10,-2,-11,4,0,0,-1,-4,0,0,0,2,-85,51,None
0,-10,-2,-11,4,0,0,-1,-4,0,0,0,1,-85,51,None
0,1,2,-2,-5,-1,-2,0,-2,0,0,0,1,-85,51,None
0,-8,-1,-6,-4,-2,-2,-2,-3,0,0,0,1,-85,51,None
0,1,1,13,7,1,2,-2,-2,0,0,0,1,-85,51,None
0,7,4,-5,-11,-1,0,3,4,0,0,0,1,-85,51,None
0,7,4,-5,-11,-1,0,3,4,0,0,0,1,-85,51,None
0,7,4,-5,-11,-1,0,3,4,0,0,0,1,-85,51,None
0,-10,-3,-4,1,2,-6,-3,-4,0,0,0,1,-85,51,None
0,-3,1,-7,-1,1,-5,-3,-2,0,0,0,1,-85,51,None
0,-12,0,-7,-9,0,2,-2,-2,0,0,0,1,-85,51,None
0,14,2,6,8,0,-2,-3,-1,0,0,0,1,-85,51,None
0,14,2,6,8,0,-2,-3,-1,0,0,0,1,-85,51,None
0,14,2,6,8,0,-2,-3,-1,0,0,0,1,-85,51,None
0,-6,-6,-10,-7,-1,-1,-3,1,0,0,0,1,-85,51,None
0,6,2,2,7,2,2,0,-1,0,0,0,1,-85,51,None
0,-12,-2,-2,0,1,1,0,-4,0,0,0,1,-85,51,None
0,5,1,2,1,-1,-2,-3,-2,0,0,0,1,-85,51,None
0,5,1,2,1,-1,-2,-3,-2,0,0,0,1,-85,51,None
0,5,1,2,1,-1,-2,-3,-2,0,0,0,1,-85,51,None
0,0,-1,-6,-4,-2,1,1,1,0,0,0,1,-85,51,None
0,5,0,1,10,2,0,-1,-2,0,0,0,1,-85,51,None
0,-7,-1,0,-9,0,-2,-2,-3,0,0,0,1,-85,51,None
0,-3,1,-11,-3,0,-2,-1,-3,0,0,0,1,-85,51,None
0,-3,1,-11,-3,0,-2,-1,-3,0,0,0,1,-85,51,None
0,-3,1,-11,-3,0,-2,-1,-3,0,0,0,1,-85,51,None
0,13,3,9,6,3,3,0,0,0,0,0,1,-85,51,None
0,-14,-8,-4,-5,0,-3,-3,3,0,0,0,1,-85,51,None
0,-4,-2,-7,0,0,-4,-1,-3,0,0,0,1,-85,51,None
0,6,4,0,2,2,0,0,0,0,0,0,1,-85,51,None
0,6,4,0,2,2,0,0,0,0,0,0,1,-85,51,None
0,6,4,0,2,2,0,0,0,0,0,0,1,-85,51,None
0,5,1,3,0,-1,-1,-1,0,0,0,0,1,-85,51,None
0,4,2,1,-3,-1,-2,-3,0,0,0,0,1,-85,51,None
0,0,1,-8,-2,-2,0,-1,0,0,0,0,1,-85,51,None
0,-3,3,7,-3,1,0,-1,-2,0,0,0,1,-85,51,None
0,-3,3,7,-3,1,0,-1,-2,0,0,0,1,-85,51,None
0,-3,3,7,-3,1,0,-1,-2,0,0,0,1,-85,51,None
0,-1,2,-10,5,2,-2,-4,-2,0,0,0,1,-85,51,None
0,-5,-1,8,1,0,-2,0,-2,0,0,0,1,-85,51,None
0,5,0,-7,-1,-3,0,0,-1,0,0,0,1,-85,51,None
0,5,-3,-3,-6,-2,-5,-4,1,0,0,0,1,-85,51,None
0,5,-3,-3,-6,-2,-5,-4,1,0,0,0,1,-85,51,None
0,5,-3,-3,-6,-2,-5,-4,1,0,0,0,1,-85,51,None
0,-15,2,-4,-5,-1,-5,-2,-2,0,0,0,1,-85,51,None
0,1,-2,-4,-1,0,-1,-2,-7,0,0,0,1,-85,51,None
0,-10,5,3,6,0,0,-1,-5,0,0,0,1,-85,51,None
0,0,-4,4,-3,-1,0,0,3,0,0,0,1,-85,51,None
0,0,-4,4,-3,-1,0,0,3,0,0,0,1,-85,51,None
0,0,-4,4,-3,-1,0,0,3,0,0,0,1,-85,51,None
0,7,-4,-6,-4,0,1,0,-2,0,0,0,1,-85,51,None
0,0,2,4,4,2,2,0,-1,0,0,0,1,-85,51,None
0,-2,-2,-6,2,2,-3,-2,-1,0,0,0,1,-85,51,None
0,-2,-3,-6,-6,-2,-3,-4,-4,0,0,0,1,-85,51,None
0,-2,-3,-6,-6,-2,-3,-4,-4,0,0,0,1,-85,51,None
0,-2,-3,-6,-6,-2,-3,-4,-4,0,0,0,1,-85,51,None
0,-4,3,1,-1,2,-2,0,-1,0,0,0,1,-85,51,None
0,2,4,2,3,1,-3,-1,-1,0,0,0,1,-85,51,None
0,-3,-5,-5,-2,-1,-3,-5,0,0,0,0,1,-85,51,None
0,0,6,-10,3,2,3,0,-1,0,0,0,1,-85,51,None
0,0,6,-10,3,2,3,0,-1,0,0,0,1,-85,51,None
0,0,6,-10,3,2,3,0,-1,0,0,0,1,-85,51,None
0,-7,-2,-4,-5,-1,-3,-2,-2,0,0,0,1,-85,51,None
0,12,0,-3,3,-1,-1,-2,4,0,0,0,1,-85,51,None
0,-22,0,-6,-3,0,0,-3,-14,0,0,0,1,-85,51,None
0,-11,2,6,2,0,2,2,-4,0,0,0,1,-85,51,None
0,-11,2,6,2,0,2,2,-4,0,0,0,1,-85,51,None
0,-11,2,6,2,0,2,2,-4,0,0,0,1,-85,51,None
0,-2,-2,0,7,1,-4,-2,0,0,0,0,1,-85,51,None
0,-7,-4,-23,-24,-3,-2,-2,-4,0,0,0,1,-85,51,None
0,15,2,7,-2,-2,-1,-1,8,0,0,0,1,-85,51,None
0,-5,-5,-3,2,1,-5,-3,-1,0,0,0,1,-85,51,None
0,-5,-5,-3,2,1,-5,-3,-1,0,0,0,1,-85,51,None
0,-5,-5,-3,2,1,-5,-3,-1,0,0,0,1,-85,51,None
0,5,-3,-16,2,-1,-3,-5,-5,0,0,0,1,-85,51,None
0,-1,3,15,0,0,2,2,0,0,0,0,1,-85,51,None
0,1,0,-5,1,1,0,0,0,0,0,0,1,-85,51,None
0,-19,-11,-6,1,0,-2,-3,-2,0,0,0,1,-85,51,None
0,-19,-11,-6,1,0,-2,-3,-2,0,0,0,1,-85,51,None
0,-19,-11,-6,1,0,-2,-3,-2,0,0,0,1,-85,51,None
0,12,9,-3,0,0,2,3,1,0,0,0,1,-85,51,None
0,-3,0,4,1,0,2,0,-5,0,0,0,1,-85,51,None
0,-5,0,-1,-6,0,-4,-1,-1,0,0,0,1,-85,51,None
0,16,2,5,5,2,1,-1,0,0,0,0,1,-85,51,None
0,16,2,5,5,2,1,-1,0,0,0,0,1,-85,51,None
0,16,2,5,5,2,1,-1,0,0,0,0,1,-85,51,None
0,-9,-2,0,-6,-1,1,-1,-1,0,0,0,1,-85,51,None
0,-3,-1,-3,3,2,-4,-3,-1,0,0,0,1,-85,51,None
0,4,-2,-4,-2,-1,-4,-3,0,0,0,0,1,-85,51,None
0,2,6,6,3,2,1,-2,-2,0,0,0,1,-85,51,None
0,2,6,6,3,2,1,-2,-2,0,0,0,1,-85,51,None
0,2,6,6,3,2,1,-2,-2,0,0,0,1,-85,51,None
0,-9,-1,-4,-3,1,-1,-2,-3,0,0,0,1,-85,51,None
0,3,2,0,2,2,-1,-3,-2,0,0,0,1,-85,51,None
0,2,-3,-5,0,1,0,1,0,0,0,0,1,-85,51,None
0,-2,1,1,-10,-1,1,0,-1,0,0,0,1,-85,51,None
0,-2,1,1,-10,-1,1,0,-1,0,0,0,1,-85,51,None
0,-2,1,1,-10,-1,1,0,-1,0,0,0,1,-85,51,None
0,2,-1,1,3,-1,-2,-2,-4,0,0,0,1,-85,51,None
0,-8,0,-3,1,0,-2,1,-1,0,0,0,1,-85,51,None
0,4,0,-1,0,3,3,0,1,0,0,0,1,-85,51,None
0,12,-1,-6,-2,-2,-5,-2,-1,0,0,0,1,-85,51,None
0,12,-1,-6,-2,-2,-5,-2,-1,0,0,0,1,-85,51,None
0,12,-1,-6,-2,-2,-5,-2,-1,0,0,0,1,-85,51,None
0,-9,-4,0,4,1,-3,-1,-1,0,0,0,1,-85,51,None
0,6,4,0,-1,-1,0,-1,0,0,0,0,1,-85,51,None
0,2,-1,-1,0,0,-3,-2,0,0,0,0,1,-85,51,None
0,-4,0,-9,-4,-1,-3,-2,-1,0,0,0,1,-85,51,None
0,-4,0,-9,-4,-1,-3,-2,-1,0,0,0,1,-85,51,None
0,-4,0,-9,-4,-1,-3,-2,-1,0,0,0,1,-85,51,None
0,1,3,4,-4,1,1,0,-2,0,0,0,1,-85,51,None
0,-18,-3,-2,1,0,1,-1,-2,0,0,0,1,-85,51,None
0,5,2,-2,-2,1,-1,-2,0,0,0,0,1,-85,51,None
0,-2,0,-3,4,0,-1,-1,-1,0,0,0,1,-85,51,None
0,-2,0,-3,4,0,-1,-1,-1,0,0,0,1,-85,51,None
0,-2,0,-3,4,0,-1,-1,-1,0,0,0,1,-85,51,None
0,-4,0,-3,-10,-1,-1,-1,-2,0,0,0,1,-85,51,None
0,1,0,-2,2,0,-3,-2,-4,0,0,0,1,-85,51,None
0,-8,-2,-3,-4,0,-3,-2,-3,0,0,0,1,-85,51,None
0,-13,0,-1,1,1,-1,-1,-1,0,0,0,1,-85,51,None
0,-13,0,-1,1,1,-1,-1,-1,0,0,0,1,-85,51,None
0,-13,0,-1,1,1,-1,-1,-1,0,0,0,0,-85,51,None
0,20,3,-2,3,0,-3,-4,0,0,0,0,0,-85,51,None
0,-2,-3,-4,-2,-2,-3,-3,-1,0,0,0,0,-85,51,None
0,-2,1,1,-2,1,2,2,-4,0,0,0,0,-85,51,None
0,4,0,0,-1,2,2,0,1,0,0,0,0,-85,51,None
0,4,0,0,-1,2,2,0,1,0,0,0,0,-85,51,None
0,4,0,0,-1,2,2,0,1,0,0,0,1,-85,52,None
0,-4,-2,-3,-1,0,-1,-1,-2,0,0,0,1,-85,52,None
0,1,6,0,0,1,1,-1,-1,0,0,0,1,-85,52,None
0,-1,0,-2,0,0,2,1,-3,0,0,0,1,-85,52,None
0,-2,2,-1,-1,-1,-3,-3,1,0,0,0,1,-85,52,None
0,-2,2,-1,-1,-1,-3,-3,1,0,0,0,1,-85,52,None
0,-2,2,-1,-1,-1,-3,-3,1,0,0,0,1,-85,51,None
0,-7,2,0,0,0,-2,-4,-6,0,0,0,1,-85,51,None
0,-1,-3,-8,-2,1,3,0,-3,0,0,0,1,-85,51,None
0,13,4,1,3,-1,-4,-3,3,0,0,0,1,-85,51,None
0,-7,2,-4,-4,3,-3,-2,-4,0,0,0,1,-85,51,None
0,-7,2,-4,-4,3,-3,-2,-4,0,0,0,1,-85,51,None
0,-7,2,-4,-4,3,-3,-2,-4,0,0,0,1,-85,52,None
0,-5,2,-1,-4,1,1,2,0,0,0,0,1,-85,52,None
0,1,2,3,3,0,1,0,-2,0,0,0,1,-85,52,None
0,-11,-2,-3,5,1,-1,-3,-4,0,0,0,1,-85,52,None
0,12,-3,-6,-15,-2,2,-1,1,0,0,0,1,-85,52,None
0,12,-3,-6,-15,-2,2,-1,1,0,0,0,1,-85,52,None
0,12,-3,-6,-15,-2,2,-1,1,0,0,0,0,-84,52,None
0,-14,2,3,1,3,1,-2,-3,0,0,0,0,-84,52,None
