0,-3,-1,1,5,-6,-2,-6,-3,0,0,0,-27,-109,41,None
0,-2,-3,-11,-11,-14,-22,-7,-3,0,0,0,-27,-109,41,None
0,3,6,7,-5,12,7,5,-1,0,0,0,-27,-109,41,None
0,3,6,7,-5,12,7,5,-1,0,0,0,-27,-109,41,None
0,3,6,7,-5,12,7,5,-1,0,0,0,-28,-107,38,None
0,2,2,-4,7,24,21,9,4,0,0,0,-28,-107,38,None
0,0,-1,0,12,-1,15,1,3,0,0,0,-28,-107,38,None
0,-1,-1,-10,-9,0,-22,-11,-6,0,0,0,-28,-107,38,None
0,-1,0,-1,-10,-4,20,11,3,0,0,0,-28,-107,38,None
0,-1,0,-1,-10,-4,20,11,3,0,0,0,-28,-107,38,None
0,-1,0,-1,-10,-4,20,11,3,0,0,0,-29,-104,37,None
0,-1,0,2,3,11,-2,-3,-1,0,0,0,-29,-104,37,None
0,0,2,1,13,1,2,-1,-3,0,0,0,-29,-104,37,None
0,-1,0,-1,9,-1,-2,-3,-1,0,0,0,-29,-104,37,None
0,-2,-3,-13,-19,-19,-30,-14,-6,0,0,0,-29,-104,37,None
0,-2,-3,-13,-19,-19,-30,-14,-6,0,0,0,-29,-104,37,None
0,-2,-3,-13,-19,-19,-30,-14,-6,0,0,0,-30,-102,34,None
0,-1,2,1,5,10,-2,-3,-2,0,0,0,-30,-102,34,None
0,-1,-2,-7,-19,-2,-1,4,1,0,0,0,-30,-102,34,None
0,1,2,0,1,13,17,3,1,0,0,0,-30,-102,34,None
0,-4,-5,-3,31,4,-4,-5,-2,0,0,0,-30,-102,34,None
0,-4,-5,-3,31,4,-4,-5,-2,0,0,0,-30,-102,34,None
0,-4,-5,-3,31,4,-4,-5,-2,0,0,0,-34,-101,33,None
0,2,5,13,24,4,-1,1,-1,0,0,0,-34,-101,33,None
0,-2,0,-12,-21,-5,-5,-2,-3,0,0,0,-34,-101,33,None
0,-2,-1,-8,-25,-6,-7,-4,0,0,0,0,-34,-101,33,None
0,-1,2,2,7,10,6,-1,-2,0,0,0,-34,-101,33,None
0,-1,2,2,7,10,6,-1,-2,0,0,0,-34,-101,33,None
0,-1,2,2,7,10,6,-1,-2,0,0,0,-38,-98,31,None
0,-1,1,-3,-19,-10,-12,-4,-2,0,0,0,-38,-98,31,None
0,-2,1,-2,-1,3,1,1,0,0,0,0,-38,-98,31,None
0,-2,-3,-5,10,15,6,-2,0,0,0,0,-38,-98,31,None
0,-1,1,1,2,-1,-2,-4,-4,0,0,0,-38,-98,31,None
0,-1,1,1,2,-1,-2,-4,-4,0,0,0,-38,-98,31,None
0,-1,1,1,2,-1,-2,-4,-4,0,0,0,-43,-96,31,None
0,-1,-3,-6,-19,-6,-2,1,1,0,0,0,-43,-96,31,None
0,0,-1,-5,15,-6,-14,-8,-3,0,0,0,-43,-96,31,None
0,0,2,1,-12,3,6,4,2,0,0,0,-43,-96,31,None
0,-2,0,-6,-8,9,5,-2,0,0,0,0,-43,-96,31,None
0,-2,0,-6,-8,9,5,-2,0,0,0,0,-43,-96,31,None
0,-2,0,-6,-8,9,5,-2,0,0,0,0,-48,-93,30,None
0,0,0,5,17,-3,-9,-4,-3,0,0,0,-48,-93,30,None
0,-2,-3,-11,-9,2,0,0,-1,0,0,0,-48,-93,30,None
0,0,4,6,3,-5,-1,3,-1,0,0,0,-48,-93,30,None
0,-2,0,6,23,1,-1,-4,-4,0,0,0,-48,-93,30,None
0,-2,0,6,23,1,-1,-4,-4,0,0,0,-48,-93,30,None
0,-2,0,6,23,1,-1,-4,-4,0,0,0,-51,-89,31,None
0,-1,-3,-10,-23,-4,-2,-6,-1,0,0,0,-51,-89,31,None
0,-2,0,-1,-9,-7,-6,-1,-2,0,0,0,-51,-89,31,None
0,-2,0,0,8,6,-4,-1,-1,0,0,0,-51,-89,31,None
0,-1,-1,-6,-5,0,5,2,1,0,0,0,-51,-89,31,None
0,-1,-1,-6,-5,0,5,2,1,0,0,0,-51,-89,31,None
0,-1,-1,-6,-5,0,5,2,1,0,0,0,-52,-86,30,None
0,-2,1,-1,6,1,10,2,-3,0,0,0,-52,-86,30,None
0,-3,0,7,21,0,-12,-6,-3,0,0,0,-52,-86,30,None
0,-2,-1,0,5,-11,-1,-3,-2,0,0,0,-52,-86,30,None
0,0,2,-5,-20,15,4,3,-1,0,0,0,-52,-86,30,None
0,0,2,-5,-20,15,4,3,-1,0,0,0,-52,-86,30,None
0,0,2,-5,-20,15,4,3,-1,0,0,0,-55,-81,28,None
0,0,1,-11,2,-6,1,-1,-1,0,0,0,-55,-81,28,None
0,-2,0,1,-19,-4,-4,-4,-3,0,0,0,-55,-81,28,None
0,-1,-2,-7,6,-4,-5,-2,-1,0,0,0,-55,-81,28,None
0,-1,2,-6,-12,-6,-9,-3,-3,0,0,0,-55,-81,28,None
0,-1,2,-6,-12,-6,-9,-3,-3,0,0,0,-55,-81,28,None
0,-1,2,-6,-12,-6,-9,-3,-3,0,0,0,-59,-77,28,None
0,-2,-1,2,14,0,1,-4,-2,0,0,0,-59,-77,28,None
0,2,2,8,17,17,9,4,3,0,0,0,-59,-77,28,None
0,0,0,-5,-6,-10,1,0,-2,0,0,0,-59,-77,28,None
0,-3,2,6,14,-7,-10,-5,-2,0,0,0,-59,-77,28,None
0,-3,2,6,14,-7,-10,-5,-2,0,0,0,-59,-77,28,None
0,-3,2,6,14,-7,-10,-5,-2,0,0,0,-63,-74,27,None
0,-3,-4,-18,-18,-1,-9,-4,-2,0,0,0,-63,-74,27,None
0,-1,-1,-4,-9,1,10,0,-1,0,0,0,-63,-74,27,None
0,-1,2,8,8,4,5,3,-1,0,0,0,-63,-74,27,None
0,1,-2,0,13,1,1,1,-1,0,0,0,-63,-74,27,None
0,1,-2,0,13,1,1,1,-1,0,0,0,-63,-74,27,None
0,1,-2,0,13,1,1,1,-1,0,0,0,-66,-69,25,None
0,-3,3,4,-14,-3,-10,-5,-2,0,0,0,-66,-69,25,None
0,-1,1,-6,-16,-1,3,1,-3,0,0,0,-66,-69,25,None
0,0,0,-6,4,5,3,2,0,0,0,0,-66,-69,25,None
0,-3,-4,-13,-16,-3,-6,-5,0,0,0,0,-66,-69,25,None
0,-3,-4,-13,-16,-3,-6,-5,0,0,0,0,-66,-69,25,None
0,-3,-4,-13,-16,-3,-6,-5,0,0,0,0,-68,-64,24,None
0,-1,3,0,17,5,3,5,1,0,0,0,-68,-64,24,None
0,-1,3,5,0,0,2,0,-2,0,0,0,-68,-64,24,None
0,-1,0,-1,-5,1,-2,-4,-2,0,0,0,-68,-64,24,None
0,-1,-1,-10,-18,-5,-9,-6,-4,0,0,0,-68,-64,24,None
0,-1,-1,-10,-18,-5,-9,-6,-4,0,0,0,-68,-64,24,None
0,-1,-1,-10,-18,-5,-9,-6,-4,0,0,0,-69,-60,24,None
0,-2,0,2,14,-9,-2,-1,-3,0,0,0,-69,-60,24,None
0,1,2,2,1,3,1,3,1,0,0,0,-69,-60,24,None
0,1,2,2,1,3,1,3,1,0,0,0,-69,-60,24,None
0,1,2,2,1,3,1,3,1,0,0,0,-70,-57,24,None
0,-1,-3,-7,-3,3,2,-1,0,0,0,0,-70,-57,24,None
0,-2,1,1,1,-5,0,-1,-2,0,0,0,-70,-57,24,None
0,-1,0,2,7,10,2,-3,-2,0,0,0,-70,-57,24,None
0,-2,-6,-11,-12,-9,-17,-10,-3,0,0,0,-70,-57,24,None
0,1,5,6,-3,5,3,2,-1,0,0,0,-70,-57,24,None
0,1,4,4,14,10,14,4,-1,0,0,0,-70,-57,24,None
0,1,4,4,14,10,14,4,-1,0,0,0,-70,-57,24,None
0,1,4,4,14,10,14,4,-1,0,0,0,-71,-50,24,None
0,-3,-4,-8,-17,-10,-13,-8,-3,0,0,0,-71,-50,24,None
0,0,5,0,9,-2,-3,-2,0,0,0,0,-71,-50,24,None
0,-1,2,7,-8,6,8,4,1,0,0,0,-71,-50,24,None
0,-4,-6,-18,-9,-3,-6,-3,-2,0,0,0,-71,-50,24,None
0,-4,-6,-18,-9,-3,-6,-3,-2,0,0,0,-71,-50,24,None
0,-4,-6,-18,-9,-3,-6,-3,-2,0,0,0,-73,-45,25,None
0,-2,-3,-1,-1,3,-5,-3,-3,0,0,0,-73,-45,25,None
0,1,1,-3,-5,2,6,2,-2,0,0,0,-73,-45,25,None
0,-1,1,2,-6,6,0,-2,0,0,0,0,-73,-45,25,None
0,0,0,-3,12,-6,-11,-4,0,0,0,0,-73,-45,25,None
0,0,0,-3,12,-6,-11,-4,0,0,0,0,-73,-45,25,None
0,0,0,-3,12,-6,-11,-4,0,0,0,0,-74,-43,24,None
0,2,7,1,-7,5,6,4,-1,0,0,0,-74,-43,24,None
0,-1,2,-4,6,2,-2,-2,-2,0,0,0,-74,-43,24,None
0,-2,2,-8,-16,-9,-6,-4,-3,0,0,0,-74,-43,24,None
0,-1,-7,17,23,5,1,0,0,0,0,0,-74,-43,24,None
0,-1,-7,17,23,5,1,0,0,0,0,0,-74,-43,24,None
0,-1,-7,17,23,5,1,0,0,0,0,0,-74,-39,23,None
0,1,-1,-7,-17,1,3,0,-2,0,0,0,-74,-39,23,None
0,-1,1,2,7,4,0,-2,0,0,0,0,-74,-39,23,None
0,-1,0,-6,14,-1,0,-4,-4,0,0,0,-74,-39,23,None
0,0,5,0,-25,-3,1,2,2,0,0,0,-74,-39,23,None
0,0,5,0,-25,-3,1,2,2,0,0,0,-74,-39,23,None
0,0,5,0,-25,-3,1,2,2,0,0,0,-76,-36,24,None
0,-2,-3,2,26,-1,-5,-3,-2,0,0,0,-76,-36,24,None
0,-1,1,-11,-26,4,1,1,-1,0,0,0,-76,-36,24,None
0,1,4,2,14,1,0,-3,-1,0,0,0,-76,-36,24,None
0,0,3,6,-9,-2,-10,-4,-1,0,0,0,-76,-36,24,None
0,0,3,6,-9,-2,-10,-4,-1,0,0,0,-76,-36,24,None
0,0,3,6,-9,-2,-10,-4,-1,0,0,0,-77,-32,24,None
0,2,2,-4,11,3,3,1,1,0,0,0,-77,-32,24,None
0,-9,-26,8,-6,-8,2,0,-5,0,0,0,-77,-32,24,None
0,-9,-26,8,-6,-8,2,0,-5,0,0,0,-77,-32,24,None
0,-9,-26,8,-6,-8,2,0,-5,0,0,0,-78,-27,24,None
0,-1,1,3,3,5,-4,-1,-3,0,0,0,-78,-27,24,None
0,-2,1,-10,-23,-6,-6,-7,-4,0,0,0,-78,-27,24,None
0,-4,-6,-7,11,1,9,5,0,0,0,0,-78,-27,24,None
0,-1,2,14,21,4,-1,-2,0,0,0,0,-78,-27,24,None
0,-1,2,14,21,4,-1,-2,0,0,0,0,-78,-27,24,None
0,-1,2,14,21,4,-1,-2,0,0,0,0,-78,-20,25,None
0,2,-5,-19,-29,-5,-6,-3,0,0,0,0,-78,-20,25,None
0,0,-2,2,10,8,1,1,-3,0,0,0,-78,-20,25,None
0,-2,2,-2,1,3,0,-2,-1,0,0,0,-78,-20,25,None
0,-1,2,-1,13,-2,-7,-6,-1,0,0,0,-78,-20,25,None
0,-1,2,-1,13,-2,-7,-6,-1,0,0,0,-78,-20,25,None
0,-1,2,-1,13,-2,-7,-6,-1,0,0,0,-79,-14,26,None
0,-4,-4,-2,-1,-3,-4,-3,-3,0,0,0,-79,-14,26,None
0,1,6,-6,-10,4,8,1,-1,0,0,0,-79,-14,26,None
0,0,7,-10,-25,-6,-4,-3,-2,0,0,0,-79,-14,26,None
0,3,9,15,21,7,2,-1,1,0,0,0,-79,-14,26,None
0,3,9,15,21,7,2,-1,1,0,0,0,-79,-14,26,None
0,3,9,15,21,7,2,-1,1,0,0,0,-81,-12,26,None
0,1,14,1,8,1,1,1,0,0,0,0,-81,-12,26,None
0,-2,-14,-6,-17,-5,1,1,-1,0,0,0,-81,-12,26,None
0,-1,0,6,13,0,-8,-5,-2,0,0,0,-81,-12,26,None
0,-3,6,-10,3,5,1,0,-3,0,0,0,-81,-12,26,None
0,-3,6,-10,3,5,1,0,-3,0,0,0,-81,-12,26,None
0,-3,6,-10,3,5,1,0,-3,0,0,0,-80,-11,28,None
0,0,15,17,-6,-2,-4,-2,-1,0,0,0,-80,-11,28,None
0,-6,-21,-28,-11,-5,-6,-4,-3,0,0,0,-80,-11,28,None
0,-1,-2,-8,-13,-3,-2,-2,-1,0,0,0,-80,-11,28,None
0,0,1,2,5,3,2,2,0,0,0,0,-80,-11,28,None
0,0,1,2,5,3,2,2,0,0,0,0,-80,-11,28,None
0,0,1,2,5,3,2,2,0,0,0,0,-81,-10,29,None
0,-2,-1,12,8,2,0,-1,-3,0,0,0,-81,-10,29,None
0,-3,6,-12,-13,-1,-2,-2,-2,0,0,0,-81,-10,29,None
0,0,0,6,16,-2,-3,-1,-5,0,0,0,-81,-10,29,None
0,1,3,1,3,6,2,-2,0,0,0,0,-81,-10,29,None
0,1,3,1,3,6,2,-2,0,0,0,0,-81,-10,29,None
0,1,3,1,3,6,2,-2,0,0,0,0,-83,-8,30,None
0,-3,-9,-23,-21,-2,0,-1,0,0,0,0,-83,-8,30,None
0,0,4,13,6,0,-1,-1,0,0,0,0,-83,-8,30,None
0,-1,1,-5,0,9,5,2,-1,0,0,0,-83,-8,30,None
0,1,1,-2,-1,-7,-6,-3,-2,0,0,0,-83,-8,30,None
0,1,1,-2,-1,-7,-6,-3,-2,0,0,0,-83,-8,30,None
0,1,1,-2,-1,-7,-6,-3,-2,0,0,0,-87,-4,31,None
0,-3,-6,-9,-12,-5,-9,-7,-3,0,0,0,-87,-4,31,None
0,1,5,-4,-13,1,6,3,0,0,0,0,-87,-4,31,None
0,-6,-3,25,37,-8,-8,-5,-3,0,0,0,-87,-4,31,None
0,-3,-6,-39,-28,2,-7,-4,-2,0,0,0,-87,-4,31,None
0,-3,-6,-39,-28,2,-7,-4,-2,0,0,0,-87,-4,31,None
0,-3,-6,-39,-28,2,-7,-4,-2,0,0,0,-85,-3,32,None
0,-1,-3,6,6,1,1,1,-2,0,0,0,-85,-3,32,None
0,1,5,3,5,-1,-1,0,-2,0,0,0,-85,-3,32,None
0,0,5,-6,-8,5,-1,0,0,0,0,0,-85,-3,32,None
0,-3,-1,7,16,-3,-3,-3,-2,0,0,0,-85,-3,32,None
0,-3,-1,7,16,-3,-3,-3,-2,0,0,0,-85,-3,32,None
0,-3,-1,7,16,-3,-3,-3,-2,0,0,0,-85,-7,32,None
0,-2,-3,-21,-17,-5,-1,-3,-2,0,0,0,-85,-7,32,None
0,-2,0,3,17,2,-2,-2,-1,0,0,0,-85,-7,32,None
0,3,11,17,-4,7,4,0,1,0,0,0,-85,-7,32,None
0,0,0,-3,2,-2,1,2,0,0,0,0,-85,-7,32,None
0,0,0,-3,2,-2,1,2,0,0,0,0,-85,-7,32,None
0,0,0,-3,2,-2,1,2,0,0,0,0,-86,-10,32,None
0,-2,-8,-21,-14,-4,-4,-3,-1,0,0,0,-86,-10,32,None
0,-2,-1,-7,11,4,-1,-1,-1,0,0,0,-86,-10,32,None
0,2,0,-20,-19,-2,2,-1,-1,0,0,0,-86,-10,32,None
0,-2,1,12,-2,2,3,2,-1,0,0,0,-86,-10,32,None
0,-2,1,12,-2,2,3,2,-1,0,0,0,-86,-10,32,None
0,-2,1,12,-2,2,3,2,-1,0,0,0,-86,-8,33,None
0,-1,1,17,34,8,-1,2,0,0,0,0,-86,-8,33,None
0,0,5,-7,-1,-1,0,0,-1,0,0,0,-86,-8,33,None
0,0,14,-6,-13,-6,-3,-4,-2,0,0,0,-86,-8,33,None
0,0,-7,-6,-9,1,-3,-3,-1,0,0,0,-86,-8,33,None
0,0,-7,-6,-9,1,-3,-3,-1,0,0,0,-86,-8,33,None
0,0,-7,-6,-9,1,-3,-3,-1,0,0,0,-89,-5,33,None
0,-2,-1,-19,-10,2,-3,-2,-2,0,0,0,-89,-5,33,None
0,2,-4,22,10,3,4,4,2,0,0,0,-89,-5,33,None
0,-2,2,-9,-2,2,-6,-3,-3,0,0,0,-89,-5,33,None
0,-2,3,-2,-6,-1,0,-3,-2,0,0,0,-89,-5,33,None
0,-2,3,-2,-6,-1,0,-3,-2,0,0,0,-89,-5,33,None
0,-2,3,-2,-6,-1,0,-3,-2,0,0,0,-89,-6,34,None
0,-4,-5,-3,-4,-3,0,-2,-2,0,0,0,-89,-6,34,None
0,-1,10,20,5,3,3,2,0,0,0,0,-89,-6,34,None
0,-2,-9,-35,4,-1,3,-1,0,0,0,0,-89,-6,34,None
0,-3,-2,-16,-25,-11,-8,-4,-3,0,0,0,-89,-6,34,None
0,-3,-2,-16,-25,-11,-8,-4,-3,0,0,0,-89,-6,34,None
0,-3,-2,-16,-25,-11,-8,-4,-3,0,0,0,-91,-5,35,None
0,-1,2,20,-5,8,1,0,-1,0,0,0,-91,-5,35,None
0,0,3,-2,5,-2,-6,-3,-1,0,0,0,-91,-5,35,None
0,-4,-9,17,-4,1,-3,-1,-2,0,0,0,-91,-5,35,None
0,0,1,-15,11,0,1,-2,-2,0,0,0,-91,-5,35,None
0,0,1,-15,11,0,1,-2,-2,0,0,0,-91,-5,35,None
0,0,1,-15,11,0,1,-2,-2,0,0,0,-90,-6,35,None
0,2,7,-18,3,1,1,-1,0,0,0,0,-90,-6,35,None
0,-2,2,7,-4,-3,-5,-7,-4,0,0,0,-90,-6,35,None
0,-3,-11,20,13,1,-2,2,2,0,0,0,-90,-6,35,None
0,0,1,-14,7,3,3,2,-1,0,0,0,-90,-6,35,None
0,0,1,-14,7,3,3,2,-1,0,0,0,-90,-6,35,None
0,0,1,-14,7,3,3,2,-1,0,0,0,-91,-8,35,None
0,-5,-4,19,-7,-3,-4,-3,-2,0,0,0,-91,-8,35,None
0,0,8,-8,1,-5,-5,-6,-2,0,0,0,-91,-8,35,None
0,-3,-15,-17,-36,-1,2,1,-1,0,0,0,-91,-8,35,None
0,-2,-2,6,-8,-2,-6,-2,0,0,0,0,-91,-8,35,None
0,-2,-2,6,-8,-2,-6,-2,0,0,0,0,-91,-8,35,None
0,-2,-2,6,-8,-2,-6,-2,0,0,0,0,-91,-9,35,None
0,0,1,0,8,2,-1,-1,-1,0,0,0,-91,-9,35,None
0,-2,3,0,21,2,0,0,0,0,0,0,-91,-9,35,None
0,0,11,5,-7,1,-2,-5,-5,0,0,0,-91,-9,35,None
0,-1,-3,-6,7,1,2,1,0,0,0,0,-91,-9,35,None
0,-1,-3,-6,7,1,2,1,0,0,0,0,-91,-9,35,None
0,-1,-3,-6,7,1,2,1,0,0,0,0,-89,-9,34,None
0,-5,-17,-45,-19,-1,-1,-1,-3,0,0,0,-89,-9,34,None
0,3,26,19,6,-4,-1,-1,-4,0,0,0,-89,-9,34,None
0,1,1,0,-9,-2,-3,0,1,0,0,0,-89,-9,34,None
0,0,14,-1,3,1,-5,-6,-4,0,0,0,-89,-9,34,None
0,0,14,-1,3,1,-5,-6,-4,0,0,0,-89,-9,34,None
0,0,14,-1,3,1,-5,-6,-4,0,0,0,-87,-8,33,None
0,-1,-7,4,21,2,5,1,-1,0,0,0,-87,-8,33,None
0,-3,-9,-4,-6,2,0,0,-1,0,0,0,-87,-8,33,None
0,0,5,-5,6,1,-5,-5,0,0,0,0,-87,-8,33,None
0,-4,29,-46,-24,-4,-8,-5,-7,0,0,0,-87,-8,33,None
0,-4,29,-46,-24,-4,-8,-5,-7,0,0,0,-87,-8,33,None
0,-4,29,-46,-24,-4,-8,-5,-7,0,0,0,-85,-7,32,None
0,-2,-41,21,12,0,12,4,4,0,0,0,-85,-7,32,None
0,-1,-3,-13,-6,1,-3,-3,-3,0,0,0,-85,-7,32,None
0,-4,-10,18,2,2,6,4,2,0,0,0,-85,-7,32,None
0,0,-1,4,17,3,4,2,-2,0,0,0,-85,-7,32,None
0,0,-1,4,17,3,4,2,-2,0,0,0,-85,-7,32,None
0,0,-1,4,17,3,4,2,-2,0,0,0,-81,-7,31,None
0,1,26,11,-4,-3,-9,-5,-3,0,0,0,-81,-7,31,None
0,-1,-8,-15,-12,0,-4,-1,-2,0,0,0,-81,-7,31,None
0,-12,-2,-2,19,5,3,-2,-5,0,0,0,-81,-7,31,None
0,-1,-4,7,-10,1,-4,-4,1,0,0,0,-81,-7,31,None
0,-1,-4,7,-10,1,-4,-4,1,0,0,0,-81,-7,31,None
0,-1,-4,7,-10,1,-4,-4,1,0,0,0,-80,-8,29,None
0,-1,5,3,-13,-7,-4,-1,-2,0,0,0,-80,-8,29,None
0,-3,-7,0,11,2,-2,-1,0,0,0,0,-80,-8,29,None
0,3,13,1,10,-1,-3,-2,-3,0,0,0,-80,-8,29,None
0,0,-11,-20,-20,-1,-2,-1,1,0,0,0,-80,-8,29,None
0,0,-11,-20,-20,-1,-2,-1,1,0,0,0,-80,-8,29,None
0,0,-11,-20,-20,-1,-2,-1,1,0,0,0,-79,-8,29,None
0,1,12,12,2,0,-2,-1,-2,0,0,0,-79,-8,29,None
0,-1,3,-10,-11,2,3,1,-1,0,0,0,-79,-8,29,None
0,0,-3,-8,-1,-2,-3,-2,-1,0,0,0,-79,-8,29,None
0,-4,-6,18,4,1,0,0,-1,0,0,0,-79,-8,29,None
0,-4,-6,18,4,1,0,0,-1,0,0,0,-79,-8,29,None
0,-4,-6,18,4,1,0,0,-1,0,0,0,-79,-9,28,None
0,-5,2,-8,7,2,4,1,0,0,0,0,-79,-9,28,None
0,3,-2,-9,-7,-2,-4,-3,-1,0,0,0,-79,-9,28,None
0,1,-2,-3,1,-2,-6,-3,0,0,0,0,-79,-9,28,None
0,0,-5,8,7,3,1,0,-1,0,0,0,-79,-9,28,None
0,0,-5,8,7,3,1,0,-1,0,0,0,-79,-9,28,None
0,0,-5,8,7,3,1,0,-1,0,0,0,-75,-11,28,None
0,-2,8,-10,-9,-2,-3,-3,-2,0,0,0,-75,-11,28,None
0,-4,-3,-2,1,2,0,-3,-2,0,0,0,-75,-11,28,None
0,-1,8,1,1,0,2,-3,-3,0,0,0,-75,-11,28,None
0,0,-8,4,7,3,4,2,-1,0,0,0,-75,-11,28,None
0,0,-8,4,7,3,4,2,-1,0,0,0,-75,-11,28,None
0,0,-8,4,7,3,4,2,-1,0,0,0,-72,-14,26,None
0,-3,-2,-11,-8,-3,-7,-1,-4,0,0,0,-72,-14,26,None
0,-1,0,-4,-1,0,-1,-3,-1,0,0,0,-72,-14,26,None
0,1,5,-5,12,5,7,3,0,0,0,0,-72,-14,26,None
0,-2,-6,4,-14,-2,-5,-4,-3,0,0,0,-72,-14,26,None
0,-2,-6,4,-14,-2,-5,-4,-3,0,0,0,-72,-14,26,None
0,-2,-6,4,-14,-2,-5,-4,-3,0,0,0,-72,-18,26,None
0,2,5,-1,5,2,-5,-8,-2,0,0,0,-72,-18,26,None
0,-3,-4,-3,-10,-2,1,1,-1,0,0,0,-72,-18,26,None
0,-2,3,-1,-1,2,-1,0,0,0,0,0,-72,-18,26,None
0,-3,-3,11,13,-2,-3,-4,-3,0,0,0,-72,-18,26,None
0,-3,-3,11,13,-2,-3,-4,-3,0,0,0,-72,-18,26,None
0,-3,-3,11,13,-2,-3,-4,-3,0,0,0,-77,-22,28,None
0,5,-1,-4,-1,2,-1,0,1,0,0,0,-77,-22,28,None
0,-5,4,4,20,5,8,3,-4,0,0,0,-77,-22,28,None
0,2,-3,-12,-45,-5,-6,-6,0,0,0,0,-77,-22,28,None
0,1,8,11,16,3,0,4,3,0,0,0,-77,-22,28,None
0,1,8,11,16,3,0,4,3,0,0,0,-77,-22,28,None
0,1,8,11,16,3,0,4,3,0,0,0,-81,-29,28,None
0,1,3,7,-5,-1,2,1,-1,0,0,0,-81,-29,28,None
0,1,1,-2,-5,-2,-6,-4,0,0,0,0,-81,-29,28,None
0,-3,-5,-17,-1,-1,-7,-3,-5,0,0,0,-81,-29,28,None
0,1,4,4,-5,2,2,1,0,0,0,0,-81,-29,28,None
0,1,4,4,-5,2,2,1,0,0,0,0,-81,-29,28,None
0,1,4,4,-5,2,2,1,0,0,0,0,-76,-33,27,None
0,-3,1,-9,5,-3,-5,-1,-2,0,0,0,-76,-33,27,None
0,-1,-2,5,6,0,-2,-3,0,0,0,0,-76,-33,27,None
0,-3,-3,2,1,2,4,1,-3,0,0,0,-76,-33,27,None
0,-2,0,-8,-11,-2,0,-2,-2,0,0,0,-76,-33,27,None
0,-2,0,-8,-11,-2,0,-2,-2,0,0,0,-76,-33,27,None
0,-2,0,-8,-11,-2,0,-2,-2,0,0,0,-69,-40,26,None
0,0,1,-3,1,2,-3,-4,0,0,0,0,-69,-40,26,None
0,-3,-2,-6,-17,-1,0,2,-3,0,0,0,-69,-40,26,None
0,-1,-2,-6,16,-3,1,0,-2,0,0,0,-69,-40,26,None
0,-3,-1,0,-2,2,-2,-1,-1,0,0,0,-69,-40,26,None
0,-3,-1,0,-2,2,-2,-1,-1,0,0,0,-69,-40,26,None
0,-3,-1,0,-2,2,-2,-1,-1,0,0,0,-69,-47,26,None
0,-1,2,2,16,5,-2,-3,0,0,0,0,-69,-47,26,None
0,2,3,-4,-31,-8,-2,-4,-2,0,0,0,-69,-47,26,None
0,0,-3,-3,8,4,2,2,1,0,0,0,-69,-47,26,None
0,0,1,1,3,-1,-4,-7,-2,0,0,0,-69,-47,26,None
0,0,1,1,3,-1,-4,-7,-2,0,0,0,-69,-47,26,None
0,0,1,1,3,-1,-4,-7,-2,0,0,0,-70,-56,25,None
0,-3,2,-6,-6,-1,4,2,-3,0,0,0,-70,-56,25,None
0,-1,-1,-3,0,1,-3,-2,-2,0,0,0,-70,-56,25,None
0,-3,-3,0,-2,-1,-3,-1,-4,0,0,0,-70,-56,25,None
0,1,2,21,2,-3,1,2,-1,0,0,0,-70,-56,25,None
0,1,2,21,2,-3,1,2,-1,0,0,0,-70,-56,25,None
0,1,2,21,2,-3,1,2,-1,0,0,0,-70,-60,24,None
0,-2,-2,-41,-5,1,-4,-7,-4,0,0,0,-70,-60,24,None
0,-1,2,-4,0,1,0,2,2,0,0,0,-70,-60,24,None
0,1,2,-5,-11,-1,-2,-2,-1,0,0,0,-70,-60,24,None
0,-2,1,13,-10,-7,-3,-5,-4,0,0,0,-70,-60,24,None
0,-2,1,13,-10,-7,-3,-5,-4,0,0,0,-70,-60,24,None
0,-2,1,13,-10,-7,-3,-5,-4,0,0,0,-69,-65,25,None
0,-1,2,12,6,0,-3,1,-1,0,0,0,-69,-65,25,None
0,-1,-7,-20,-18,1,0,-3,-1,0,0,0,-69,-65,25,None
0,1,5,5,22,0,-1,-2,-3,0,0,0,-69,-65,25,None
0,2,4,0,-6,5,5,6,3,0,0,0,-69,-65,25,None
0,2,4,0,-6,5,5,6,3,0,0,0,-69,-65,25,None
0,2,4,0,-6,5,5,6,3,0,0,0,-64,-73,27,None
0,-3,5,6,1,1,-6,-3,2,0,0,0,-64,-73,27,None
0,-1,2,0,8,2,2,1,-4,0,0,0,-64,-73,27,None
0,2,5,13,1,4,5,-4,1,0,0,0,-64,-73,27,None
0,-2,-1,-5,-8,-4,-10,-3,-2,0,0,0,-64,-73,27,None
0,-2,-1,-5,-8,-4,-10,-3,-2,0,0,0,-64,-73,27,None
0,-2,-1,-5,-8,-4,-10,-3,-2,0,0,0,-59,-78,29,None
0,-2,-3,-34,-7,-2,0,-1,-8,0,0,0,-59,-78,29,None
0,-2,0,2,4,-1,-3,-5,-3,0,0,0,-59,-78,29,None
0,-4,-2,-3,0,0,-9,-1,3,0,0,0,-59,-78,29,None
0,-3,-6,1,6,6,6,2,-6,0,0,0,-59,-78,29,None
0,-3,-6,1,6,6,6,2,-6,0,0,0,-59,-78,29,None
0,-3,-6,1,6,6,6,2,-6,0,0,0,-53,-83,31,None
0,0,5,31,-8,8,13,1,-4,0,0,0,-53,-83,31,None
0,-4,-6,-12,8,-1,0,1,1,0,0,0,-53,-83,31,None
0,-2,-6,-20,-28,-9,-9,-4,-4,0,0,0,-53,-83,31,None
0,-4,-5,-23,20,4,4,0,-2,0,0,0,-53,-83,31,None
0,-4,-5,-23,20,4,4,0,-2,0,0,0,-53,-83,31,None
0,-4,-5,-23,20,4,4,0,-2,0,0,0,-52,-90,31,None
0,0,5,3,0,1,-4,-2,1,0,0,0,-52,-90,31,None
0,-3,-8,-17,-6,-9,-12,-8,-3,0,0,0,-52,-90,31,None
0,-2,3,8,2,6,7,2,-1,0,0,0,-52,-90,31,None
0,-2,1,8,-6,0,1,1,1,0,0,0,-52,-90,31,None
0,-2,1,8,-6,0,1,1,1,0,0,0,-52,-90,31,None
0,-2,1,8,-6,0,1,1,1,0,0,0,-51,-95,33,None
0,-2,-6,-3,1,-5,-10,-7,0,0,0,0,-51,-95,33,None
0,0,-2,-2,1,4,-1,-1,-1,0,0,0,-51,-95,33,None
0,0,6,10,12,1,-1,-4,-5,0,0,0,-51,-95,33,None
0,-3,-6,-18,-8,-5,-8,-4,0,0,0,0,-51,-95,33,None
0,-3,-6,-18,-8,-5,-8,-4,0,0,0,0,-51,-95,33,None
0,-3,-6,-18,-8,-5,-8,-4,0,0,0,0,-46,-95,35,None
0,-1,-3,-21,8,1,-2,-2,0,0,0,0,-46,-95,35,None
0,-1,8,51,14,6,8,3,-2,0,0,0,-46,-95,35,None
0,1,-1,-11,-14,6,-6,-3,-2,0,0,0,-46,-95,35,None
0,-1,2,-1,31,-12,-4,-2,0,0,0,0,-46,-95,35,None
0,-1,2,-1,31,-12,-4,-2,0,0,0,0,-46,-95,35,None
0,-1,2,-1,31,-12,-4,-2,0,0,0,0,-41,-96,35,None
0,-3,-6,-11,-39,4,9,5,-1,0,0,0,-41,-96,35,None
0,-1,1,-33,7,1,-3,0,-3,0,0,0,-41,-96,35,None
0,-3,-5,-7,-20,-6,-9,-7,-5,0,0,0,-41,-96,35,None
0,0,3,2,11,7,-3,-9,-4,0,0,0,-41,-96,35,None
0,0,3,2,11,7,-3,-9,-4,0,0,0,-41,-96,35,None
0,0,3,2,11,7,-3,-9,-4,0,0,0,-39,-100,36,None
0,-1,5,11,0,-3,-4,-2,-2,0,0,0,-39,-100,36,None
0,-2,3,6,6,-2,0,1,-1,0,0,0,-39,-100,36,None
0,0,2,-8,-7,4,10,2,0,0,0,0,-39,-100,36,None
0,0,4,3,-14,0,2,3,-3,0,0,0,-39,-100,36,None
0,0,4,3,-14,0,2,3,-3,0,0,0,-39,-100,36,None
0,0,4,3,-14,0,2,3,-3,0,0,0,-32,-102,39,None
0,-2,-2,15,7,2,1,6,4,0,0,0,-32,-102,39,None
0,4,10,28,10,2,-1,-3,2,0,0,0,-32,-102,39,None
0,1,4,-14,-8,-4,-2,3,2,0,0,0,-32,-102,39,None
0,-4,0,-17,0,-4,0,-5,-5,0,0,0,-32,-102,39,None
0,-4,0,-17,0,-4,0,-5,-5,0,0,0,-32,-102,39,None
0,-4,0,-17,0,-4,0,-5,-5,0,0,0,-24,-105,42,None
0,0,0,10,-2,-4,-8,-8,-4,0,0,0,-24,-105,42,None
0,-2,1,-17,-12,3,-4,-1,-1,0,0,0,-24,-105,42,None
0,-4,-1,-1,4,-5,-2,-5,-3,0,0,0,-24,-105,42,None
0,0,5,-24,-11,-3,-10,-3,-5,0,0,0,-24,-105,42,None
0,0,5,-24,-11,-3,-10,-3,-5,0,0,0,-24,-105,42,None
0,0,5,-24,-11,-3,-10,-3,-5,0,0,0,-19,-102,44,None
0,-4,-12,12,-13,-5,-4,-3,-2,0,0,0,-19,-102,44,None
0,-1,3,-35,3,0,-4,-4,-1,0,0,0,-19,-102,44,None
0,-2,1,13,4,3,8,5,-3,0,0,0,-19,-102,44,None
0,-1,-2,4,-19,0,6,1,0,0,0,0,-19,-102,44,None
0,-1,-2,4,-19,0,6,1,0,0,0,0,-19,-102,44,None
0,-1,-2,4,-19,0,6,1,0,0,0,0,-17,-101,46,None
0,-1,3,7,20,0,5,0,-2,0,0,0,-17,-101,46,None
0,1,-3,-4,-15,3,5,6,3,0,0,0,-17,-101,46,None
0,-4,-3,8,11,-2,-13,-11,-1,0,0,0,-17,-101,46,None
0,-2,-4,-18,-4,0,-13,-9,1,0,0,0,-17,-101,46,None
0,-2,-4,-18,-4,0,-13,-9,1,0,0,0,-17,-101,46,None
0,-2,-4,-18,-4,0,-13,-9,1,0,0,0,-11,-99,46,None
0,1,9,34,14,-1,5,5,1,0,0,0,-11,-99,46,None
0,-2,-1,-3,-12,-3,-8,-12,-2,0,0,0,-11,-99,46,None
0,0,-3,-5,14,2,6,6,1,0,0,0,-11,-99,46,None
0,2,0,12,-15,4,5,8,2,0,0,0,-11,-99,46,None
0,2,0,12,-15,4,5,8,2,0,0,0,-11,-99,46,None
0,2,0,12,-15,4,5,8,2,0,0,0,-5,-100,49,None
0,-3,2,-9,-8,-3,-4,-4,0,0,0,0,-5,-100,49,None
0,-2,-3,-6,5,-2,-6,-8,-6,0,0,0,-5,-100,49,None
0,0,2,31,4,-1,3,4,2,0,0,0,-5,-100,49,None
0,-1,-2,-22,-4,4,7,-3,1,0,0,0,-5,-100,49,None
0,-1,-2,-22,-4,4,7,-3,1,0,0,0,-5,-100,49,None
0,-1,-2,-22,-4,4,7,-3,1,0,0,0,-4,-99,48,None
0,2,5,5,23,4,-1,3,3,0,0,0,-4,-99,48,None
0,-5,-7,-14,-20,-4,-2,-4,-6,0,0,0,-4,-99,48,None
0,-2,-2,-15,-4,-3,-3,-7,-4,0,0,0,-4,-99,48,None
0,0,-1,12,-4,1,1,4,0,0,0,0,-4,-99,48,None
0,0,-1,12,-4,1,1,4,0,0,0,0,-4,-99,48,None
0,0,-1,12,-4,1,1,4,0,0,0,0,-3,-96,49,None
0,-1,2,-6,14,2,-4,-9,-5,0,0,0,-3,-96,49,None
0,-4,3,5,7,2,3,2,0,0,0,0,-3,-96,49,None
0,9,2,10,-4,4,3,0,-3,0,0,0,-3,-96,49,None
0,-2,-2,-10,-1,-1,-3,-1,0,0,0,0,-3,-96,49,None
0,-2,-2,-10,-1,-1,-3,-1,0,0,0,0,-3,-96,49,None
0,-2,-2,-10,-1,-1,-3,-1,0,0,0,0,-1,-95,50,None
0,-4,1,-16,-2,0,1,-2,-6,0,0,0,-1,-95,50,None
0,-7,1,15,3,-1,-1,-2,-2,0,0,0,-1,-95,50,None
0,1,-4,-24,-22,-1,-3,1,3,0,0,0,-1,-95,50,None
0,-14,-4,12,18,2,-3,-4,-6,0,0,0,-1,-95,50,None
0,-14,-4,12,18,2,-3,-4,-6,0,0,0,-1,-95,50,None
0,-14,-4,12,18,2,-3,-4,-6,0,0,0,-3,-108,49,None
0,14,1,-7,-8,-1,0,0,1,0,0,0,-3,-108,49,None
0,-3,-3,-20,-7,-5,-4,1,0,0,0,0,-3,-108,49,None
0,-1,0,-18,0,2,-1,-2,-1,0,0,0,-3,-108,49,None
0,21,8,6,-14,-1,-1,-1,3,0,0,0,-3,-108,49,None
0,21,8,6,-14,-1,-1,-1,3,0,0,0,-3,-108,49,None
0,21,8,6,-14,-1,-1,-1,3,0,0,0,-2,-114,53,None
0,-26,-3,-8,-6,0,3,2,-1,0,0,0,-2,-114,53,None
0,34,-2,24,8,3,2,0,1,0,0,0,-2,-114,53,None
0,-1,9,15,12,2,-3,-4,-3,0,0,0,-2,-114,53,None
0,2,2,3,1,1,2,-1,0,0,0,0,-2,-114,53,None
0,2,2,3,1,1,2,-1,0,0,0,0,-2,-114,53,None
0,2,2,3,1,1,2,-1,0,0,0,0,-4,-104,53,None
0,-2,-5,-5,-7,-1,-5,1,0,0,0,0,-4,-104,53,None
0,13,4,-7,-2,1,-3,-1,1,0,0,0,-4,-104,53,None
0,21,8,-7,1,-1,-2,5,7,0,0,0,-4,-104,53,None
0,-22,11,24,11,5,1,-7,-11,0,0,0,-4,-104,53,None
0,-22,11,24,11,5,1,-7,-11,0,0,0,-4,-104,53,None
0,-22,11,24,11,5,1,-7,-11,0,0,0,-5,-78,52,None
0,-25,-18,-7,-6,0,-3,0,-9,0,0,0,-5,-78,52,None
0,8,13,2,1,-2,-1,-10,1,0,0,0,-5,-78,52,None
0,-4,-4,-16,-4,-4,-1,-2,-11,0,0,0,-5,-78,52,None
0,-2,1,-2,1,2,-1,0,-1,0,0,0,-5,-78,52,None
0,-2,1,-2,1,2,-1,0,-1,0,0,0,-5,-78,52,None
0,-2,1,-2,1,2,-1,0,-1,0,0,0,-8,-68,52,None
0,18,-1,-10,2,0,1,-1,7,0,0,0,-8,-68,52,None
0,-27,6,20,-3,0,2,4,-18,0,0,0,-8,-68,52,None
0,-8,-4,-2,-3,1,-4,-4,1,0,0,0,-8,-68,52,None
0,5,-8,-10,8,0,-9,-5,1,0,0,0,-8,-68,52,None
0,5,-8,-10,8,0,-9,-5,1,0,0,0,-8,-68,52,None
0,5,-8,-10,8,0,-9,-5,1,0,0,0,-3,-80,50,None
0,4,9,9,1,1,0,-1,-4,0,0,0,-3,-80,50,None
0,-13,-6,-14,-5,0,-2,-3,-1,0,0,0,-3,-80,50,None
0,-3,1,7,7,0,0,0,1,0,0,0,-3,-80,50,None
0,-3,-3,-6,-5,-1,1,2,0,0,0,0,-3,-80,50,None
0,-3,-3,-6,-5,-1,1,2,0,0,0,0,-3,-80,50,None
0,-3,-3,-6,-5,-1,1,2,0,0,0,0,6,-90,50,None
0,1,12,8,0,2,2,-1,-2,0,0,0,6,-90,50,None
0,27,-1,6,2,2,-2,0,9,0,0,0,6,-90,50,None
0,-68,-17,-8,-2,-3,-6,-5,-11,0,0,0,6,-90,50,None
0,9,7,5,-3,1,-1,0,-2,0,0,0,6,-90,50,None
0,9,7,5,-3,1,-1,0,-2,0,0,0,6,-90,50,None
0,9,7,5,-3,1,-1,0,-2,0,0,0,10,-95,51,None
0,-10,7,-6,-11,1,-4,-4,-5,0,0,0,10,-95,51,None
0,-22,-12,-12,-1,-2,-6,-2,1,0,0,0,10,-95,51,None
0,12,1,2,1,2,4,2,0,0,0,0,10,-95,51,None
0,-3,1,8,-3,-3,-3,-2,-2,0,0,0,10,-95,51,None
0,-3,1,8,-3,-3,-3,-2,-2,0,0,0,10,-95,51,None
0,-3,1,8,-3,-3,-3,-2,-2,0,0,0,8,-87,51,None
0,-2,-3,0,12,1,-2,-4,0,0,0,0,8,-87,51,None
0,1,7,-10,-23,-1,2,5,1,0,0,0,8,-87,51,None
0,37,4,5,1,0,1,-1,-1,0,0,0,8,-87,51,None
0,-26,-1,-1,3,0,-3,-2,-7,0,0,0,8,-87,51,None
0,-26,-1,-1,3,0,-3,-2,-7,0,0,0,8,-87,51,None
0,-26,-1,-1,3,0,-3,-2,-7,0,0,0,0,-79,52,None
0,7,-4,-30,-8,-1,1,-1,1,0,0,0,0,-79,52,None
0,10,1,7,16,3,4,2,-3,0,0,0,0,-79,52,None
0,-4,-2,-7,3,-2,-4,-5,-1,0,0,0,0,-79,52,None
0,7,-2,-6,-9,0,-3,-1,2,0,0,0,0,-79,52,None
0,7,-2,-6,-9,0,-3,-1,2,0,0,0,0,-79,52,None
0,7,-2,-6,-9,0,-3,-1,2,0,0,0,-1,-78,52,None
0,5,3,5,4,-1,0,-2,-1,0,0,0,-1,-78,52,None
0,-27,-4,-7,5,0,-4,-3,-6,0,0,0,-1,-78,52,None
0,8,-3,-8,-3,0,-2,-2,1,0,0,0,-1,-78,52,None
0,13,8,5,0,0,1,0,0,0,0,0,-1,-78,52,None
0,13,8,5,0,0,1,0,0,0,0,0,-1,-78,52,None
0,13,8,5,0,0,1,0,0,0,0,0,0,-82,53,None
0,-32,-7,3,2,0,-1,-1,-7,0,0,0,0,-82,53,None
0,-4,0,-13,-3,-1,-3,-3,0,0,0,0,0,-82,53,None
0,-1,1,6,-8,0,1,-2,-1,0,0,0,0,-82,53,None
0,6,-1,-9,-4,0,1,-2,-3,0,0,0,0,-82,53,None
0,6,-1,-9,-4,0,1,-2,-3,0,0,0,0,-82,53,None
0,6,-1,-9,-4,0,1,-2,-3,0,0,0,1,-85,53,None
0,10,0,-6,-2,-2,-5,-4,-13,0,0,0,1,-85,53,None
0,4,4,14,17,5,3,2,24,0,0,0,1,-85,53,None
0,-4,1,-3,-11,-2,-3,-1,-4,0,0,0,1,-85,53,None
0,5,1,-23,-6,-1,-1,-1,0,0,0,0,1,-85,53,None
0,5,1,-23,-6,-1,-1,-1,0,0,0,0,1,-85,53,None
0,5,1,-23,-6,-1,-1,-1,0,0,0,0,0,-87,53,None
0,-32,-9,-8,-7,-2,-5,-7,-5,0,0,0,0,-87,53,None
0,-3,-4,-3,-1,0,1,0,-8,0,0,0,0,-87,53,None
0,1,7,5,5,1,1,1,2,0,0,0,0,-87,53,None
0,23,2,1,4,-3,-5,-1,11,0,0,0,0,-87,53,None
0,23,2,1,4,-3,-5,-1,11,0,0,0,0,-87,53,None
0,23,2,1,4,-3,-5,-1,11,0,0,0,-1,-86,54,None
0,-1,4,-5,-7,1,2,0,-2,0,0,0,-1,-86,54,None
0,18,1,1,-3,-1,-1,1,-6,0,0,0,-1,-86,54,None
0,-1,1,-3,6,1,-4,-2,2,0,0,0,-1,-86,54,None
0,1,2,-12,-10,0,-2,-3,-4,0,0,0,-1,-86,54,None
0,1,2,-12,-10,0,-2,-3,-4,0,0,0,-1,-86,54,None
0,1,2,-12,-10,0,-2,-3,-4,0,0,0,-2,-86,53,None
0,-17,-3,3,1,3,3,2,0,0,0,0,-2,-86,53,None
0,5,1,-10,-5,-1,-4,-3,0,0,0,0,-2,-86,53,None
0,-3,2,-1,0,-1,-2,-2,-2,0,0,0,-2,-86,53,None
0,-11,-5,-5,0,2,0,-1,-3,0,0,0,-2,-86,53,None
0,-11,-5,-5,0,2,0,-1,-3,0,0,0,-2,-86,53,None
0,-11,-5,-5,0,2,0,-1,-3,0,0,0,0,-83,53,None
0,4,1,-5,-4,1,0,1,2,0,0,0,0,-83,53,None
0,-20,2,-2,1,0,-2,-3,-9,0,0,0,0,-83,53,None
0,2,0,-3,-3,1,2,-1,0,0,0,0,0,-83,53,None
0,-1,0,1,9,1,4,2,1,0,0,0,0,-83,53,None
0,-1,0,1,9,1,4,2,1,0,0,0,0,-83,53,None
0,-1,0,1,9,1,4,2,1,0,0,0,0,-82,53,None
0,8,8,4,1,0,-1,-2,-2,0,0,0,0,-82,53,None
0,3,-3,-2,-1,0,-3,-3,-11,0,0,0,0,-82,53,None
0,-18,-1,2,0,0,0,0,0,0,0,0,0,-82,53,None
0,-17,5,-7,-2,-1,-4,-3,-5,0,0,0,0,-82,53,None
0,-17,5,-7,-2,-1,-4,-3,-5,0,0,0,0,-82,53,None
0,-17,5,-7,-2,-1,-4,-3,-5,0,0,0,0,-81,54,None
0,22,-8,-3,-3,-2,-4,-3,6,0,0,0,0,-81,54,None
0,-8,-2,-5,-3,1,0,-2,-13,0,0,0,0,-81,54,None
0,-2,4,4,3,1,1,-2,-5,0,0,0,0,-81,54,None
0,-14,-6,-7,-3,-1,-2,-4,-3,0,0,0,0,-81,54,None
0,-14,-6,-7,-3,-1,-2,-4,-3,0,0,0,0,-81,54,None
0,-14,-6,-7,-3,-1,-2,-4,-3,0,0,0,1,-81,54,None
0,11,4,0,2,-2,-1,-1,-3,0,0,0,1,-81,54,None
0,1,2,0,-1,0,1,0,4,0,0,0,1,-81,54,None
0,-3,-5,-8,-3,-3,-5,-2,2,0,0,0,1,-81,54,None
0,1,-1,3,-1,2,1,-1,-2,0,0,0,1,-81,54,None
0,1,-1,3,-1,2,1,-1,-2,0,0,0,1,-81,54,None
0,1,-1,3,-1,2,1,-1,-2,0,0,0,1,-82,54,None
0,3,1,2,8,1,-2,0,1,0,0,0,1,-82,54,None
0,-7,0,6,2,0,-4,-3,1,0,0,0,1,-82,54,None
0,24,2,-21,-5,-1,-1,1,6,0,0,0,1,-82,54,None
0,-23,0,9,5,0,3,-1,-9,0,0,0,1,-82,54,None
0,-23,0,9,5,0,3,-1,-9,0,0,0,1,-82,54,None
0,-23,0,9,5,0,3,-1,-9,0,0,0,1,-83,55,None
0,11,3,3,-3,1,0,-1,6,0,0,0,1,-83,55,None
0,7,9,-1,2,1,-1,-1,3,0,0,0,1,-83,55,None
0,8,0,7,6,3,3,3,0,0,0,0,1,-83,55,None
0,4,2,-12,-12,0,-2,-3,-8,0,0,0,1,-83,55,None
0,4,2,-12,-12,0,-2,-3,-8,0,0,0,1,-83,55,None
0,4,2,-12,-12,0,-2,-3,-8,0,0,0,0,-83,56,None
0,-15,-8,-6,-3,0,-3,1,13,0,0,0,0,-83,56,None
0,13,8,0,-4,-1,3,1,2,0,0,0,0,-83,56,None
0,-7,0,7,5,3,2,-1,-7,0,0,0,0,-83,56,None
0,1,-5,-3,5,0,-5,-3,2,0,0,0,0,-83,56,None
0,1,-5,-3,5,0,-5,-3,2,0,0,0,0,-83,56,None
0,1,-5,-3,5,0,-5,-3,2,0,0,0,-1,-83,56,None
0,3,5,-3,1,-1,-2,-3,-6,0,0,0,-1,-83,56,None
0,12,-6,-3,-1,-1,0,0,-4,0,0,0,-1,-83,56,None
0,-16,-4,-5,-8,-1,-7,-7,-20,0,0,0,-1,-83,56,None
0,3,2,1,0,0,-4,2,20,0,0,0,-1,-83,56,None
0,3,2,1,0,0,-4,2,20,0,0,0,-1,-83,56,None
0,3,2,1,0,0,-4,2,20,0,0,0,-2,-83,56,None
0,5,6,2,-4,-1,3,-1,-6,0,0,0,-2,-83,56,None
0,-4,0,2,5,1,-1,0,8,0,0,0,-2,-83,56,None
0,-10,0,-6,-5,-2,-4,-4,-7,0,0,0,-2,-83,56,None
0,-24,2,3,-1,2,2,0,-12,0,0,0,-2,-83,56,None
0,-24,2,3,-1,2,2,0,-12,0,0,0,-2,-83,56,None
0,-24,2,3,-1,2,2,0,-12,0,0,0,-1,-82,57,None
0,33,5,1,4,0,0,2,7,0,0,0,-1,-82,57,None
0,-16,-5,-8,-3,-1,-5,-4,-6,0,0,0,-1,-82,57,None
0,15,2,-7,-7,-1,-3,-2,9,0,0,0,-1,-82,57,None
0,8,3,-1,0,1,0,-1,-4,0,0,0,-1,-82,57,None
0,8,3,-1,0,1,0,-1,-4,0,0,0,-1,-82,57,None
0,8,3,-1,0,1,0,-1,-4,0,0,0,0,-82,56,None
0,-50,-13,-4,-5,-2,-4,-2,-3,0,0,0,0,-82,56,None
0,0,2,0,5,0,0,-2,-4,0,0,0,0,-82,56,None
0,14,3,1,4,2,3,0,2,0,0,0,0,-82,56,None
0,-31,-8,1,5,1,-1,-2,-2,0,0,0,0,-82,56,None
0,-31,-8,1,5,1,-1,-2,-2,0,0,0,0,-82,56,None
0,-31,-8,1,5,1,-1,-2,-2,0,0,0,0,-81,56,None
0,9,3,-8,-10,0,-5,-4,-8,0,0,0,0,-81,56,None
0,-3,-4,-11,-5,-1,-1,-1,-1,0,0,0,0,-81,56,None
0,-16,-7,1,4,-2,-1,1,-1,0,0,0,0,-81,56,None
0,27,3,-1,-5,-1,-3,-3,3,0,0,0,0,-81,56,None
0,27,3,-1,-5,-1,-3,-3,3,0,0,0,0,-81,56,None
0,27,3,-1,-5,-1,-3,-3,3,0,0,0,0,-81,55,None
0,5,3,-1,0,-1,-1,-2,0,0,0,0,0,-81,55,None
0,-19,-7,-5,-2,2,0,0,-1,0,0,0,0,-81,55,None
0,11,4,7,2,2,-1,-1,-2,0,0,0,0,-81,55,None
0,9,1,-3,8,1,-2,0,-1,0,0,0,0,-81,55,None
0,9,1,-3,8,1,-2,0,-1,0,0,0,0,-81,55,None
0,9,1,-3,8,1,-2,0,-1,0,0,0,0,-81,56,None
0,-9,1,1,-10,-1,1,-2,-6,0,0,0,0,-81,56,None
0,2,-1,-1,-1,-1,0,-1,0,0,0,0,0,-81,56,None
0,-4,-1,-4,1,1,-3,-3,1,0,0,0,0,-81,56,None
0,7,3,2,-3,0,1,4,1,0,0,0,0,-81,56,None
0,7,3,2,-3,0,1,4,1,0,0,0,0,-81,56,None
0,7,3,2,-3,0,1,4,1,0,0,0,0,-82,55,None
0,-18,-3,-3,7,1,2,0,-12,0,0,0,0,-82,55,None
0,11,5,0,-1,2,-3,-5,8,0,0,0,0,-82,55,None
0,-5,-4,-2,-1,-1,-2,-3,-3,0,0,0,0,-82,55,None
0,-8,-3,-1,3,0,0,1,-7,0,0,0,0,-82,55,None
0,-8,-3,-1,3,0,0,1,-7,0,0,0,0,-82,55,None
0,-8,-3,-1,3,0,0,1,-7,0,0,0,0,-82,56,None
0,10,-2,-7,-9,-2,-5,-4,4,0,0,0,0,-82,56,None
0,1,0,1,-3,-1,-3,-3,-5,0,0,0,0,-82,56,None
0,-4,3,1,4,2,1,-1,0,0,0,0,0,-82,56,None
0,-30,-1,-5,-8,0,1,-2,-9,0,0,0,0,-82,56,None
0,-30,-1,-5,-8,0,1,-2,-9,0,0,0,0,-82,56,None
0,-30,-1,-5,-8,0,1,-2,-9,0,0,0,-1,-82,56,None
0,34,3,-1,6,-1,-3,-2,-4,0,0,0,-1,-82,56,None
0,-16,2,0,1,2,-1,-2,-6,0,0,0,-1,-82,56,None
0,6,1,-3,-6,-2,-1,0,1,0,0,0,-1,-82,56,None
0,-1,-3,-3,-2,-2,-3,-2,0,0,0,0,-1,-82,56,None
0,-1,-3,-3,-2,-2,-3,-2,0,0,0,0,-1,-82,56,None
0,-1,-3,-3,-2,-2,-3,-2,0,0,0,0,-1,-82,56,None
0,-2,2,-2,1,1,-1,-1,1,0,0,0,-1,-82,56,None
0,-15,-2,3,-1,0,2,2,-2,0,0,0,-1,-82,56,None
0,0,2,-3,1,0,-3,1,3,0,0,0,-1,-82,56,None
0,13,1,-2,-3,-1,-1,-4,-1,0,0,0,-1,-82,56,None
0,13,1,-2,-3,-1,-1,-4,-1,0,0,0,-1,-82,56,None
0,13,1,-2,-3,-1,-1,-4,-1,0,0,0,-2,-82,55,None
0,-22,-2,4,2,-1,1,-1,-4,0,0,0,-2,-82,55,None
0,4,-2,-7,-7,0,1,0,1,0,0,0,-2,-82,55,None
0,-6,4,6,0,3,-1,-1,-7,0,0,0,-2,-82,55,None
0,0,2,4,10,0,-4,-3,-3,0,0,0,-2,-82,55,None
0,0,2,4,10,0,-4,-3,-3,0,0,0,-2,-82,55,None
0,0,2,4,10,0,-4,-3,-3,0,0,0,-1,-82,56,None
0,20,7,2,-6,1,2,3,9,0,0,0,-1,-82,56,None
0,-14,-2,-4,2,-2,-5,-4,-7,0,0,0,-1,-82,56,None
0,-1,-5,-5,4,1,-3,-4,-4,0,0,0,-1,-82,56,None
0,11,2,-11,-11,0,-2,-2,0,0,0,0,-1,-82,56,None
0,11,2,-11,-11,0,-2,-2,0,0,0,0,-1,-82,56,None
0,11,2,-11,-11,0,-2,-2,0,0,0,0,0,-82,56,None
0,-2,4,0,4,3,3,-1,-7,0,0,0,0,-82,56,None
0,6,1,-2,-5,-1,-4,-2,10,0,0,0,0,-82,56,None
0,-16,-4,-5,0,-1,0,0,-2,0,0,0,0,-82,56,None
0,21,2,11,-5,-2,5,1,1,0,0,0,0,-82,56,None
0,21,2,11,-5,-2,5,1,1,0,0,0,0,-82,56,None
0,21,2,11,-5,-2,5,1,1,0,0,0,0,-82,55,None
0,-2,-1,-8,-1,0,-4,-4,-8,0,0,0,0,-82,55,None
0,-22,0,-1,-2,0,-2,-2,-9,0,0,0,0,-82,55,None
0,14,3,-3,2,1,1,0,3,0,0,0,0,-82,55,None
0,-25,-1,-3,0,2,-4,-2,-8,0,0,0,0,-82,55,None
0,-25,-1,-3,0,2,-4,-2,-8,0,0,0,0,-82,55,None
0,-25,-1,-3,0,2,-4,-2,-8,0,0,0,0,-81,56,None
0,12,3,-5,-2,-1,-3,-3,1,0,0,0,0,-81,56,None
0,-13,-8,-3,0,-1,0,-1,-2,0,0,0,0,-81,56,None
0,-9,2,0,-2,0,0,-2,0,0,0,0,0,-81,56,None
0,9,-2,-3,0,0,-3,-4,-1,0,0,0,0,-81,56,None
0,9,-2,-3,0,0,-3,-4,-1,0,0,0,0,-81,56,None
0,9,-2,-3,0,0,-3,-4,-1,0,0,0,0,-81,56,None
0,-3,-3,-5,-5,1,1,0,3,0,0,0,0,-81,56,None
0,-3,5,3,11,2,1,-1,-14,0,0,0,0,-81,56,None
0,-9,0,-4,-4,-2,0,-2,-3,0,0,0,0,-81,56,None
0,10,-4,-5,0,1,0,-1,2,0,0,0,0,-81,56,None
0,10,-4,-5,0,1,0,-1,2,0,0,0,0,-81,56,None
0,10,-4,-5,0,1,0,-1,2,0,0,0,-1,-83,56,None
0,-19,-1,0,3,2,1,0,-4,0,0,0,-1,-83,56,None
0,14,1,-3,-3,-1,-2,-1,0,0,0,0,-1,-83,56,None
0,-10,-5,-3,-1,1,-4,-3,-9,0,0,0,-1,-83,56,None
0,3,-2,-5,4,0,-3,-1,1,0,0,0,-1,-83,56,None
0,3,-2,-5,4,0,-3,-1,1,0,0,0,-1,-83,56,None
0,3,-2,-5,4,0,-3,-1,1,0,0,0,-2,-82,56,None
0,-5,-2,-5,4,1,-4,-2,0,0,0,0,-2,-82,56,None
0,-7,-2,0,-9,-1,-5,-3,-4,0,0,0,-2,-82,56,None
0,19,5,2,-3,-2,2,0,-5,0,0,0,-2,-82,56,None
0,-42,-6,0,5,-1,0,0,-3,0,0,0,-2,-82,56,None
0,-42,-6,0,5,-1,0,0,-3,0,0,0,-2,-82,56,None
0,-42,-6,0,5,-1,0,0,-3,0,0,0,-1,-82,56,None
0,8,0,-4,1,1,-2,-3,-1,0,0,0,-1,-82,56,None
0,4,2,-2,-1,0,3,5,0,0,0,0,-1,-82,56,None
0,0,1,-3,-6,1,-1,-2,0,0,0,0,-1,-82,56,None
0,-32,-2,0,6,3,-1,-3,-4,0,0,0,-1,-82,56,None
0,-32,-2,0,6,3,-1,-3,-4,0,0,0,-1,-82,56,None
0,-32,-2,0,6,3,-1,-3,-4,0,0,0,-1,-81,56,None
0,34,-1,-5,-13,-5,-3,-3,8,0,0,0,-1,-81,56,None
0,0,2,1,5,2,1,-2,-3,0,0,0,-1,-81,56,None
0,-4,-1,-5,-7,-1,-4,-2,1,0,0,0,-1,-81,56,None
0,10,3,-3,-1,-1,-2,-1,3,0,0,0,-1,-81,56,None
0,10,3,-3,-1,-1,-2,-1,3,0,0,0,-1,-81,56,None
0,10,3,-3,-1,-1,-2,-1,3,0,0,0,0,-81,56,None
0,-16,3,5,7,1,-2,0,-8,0,0,0,0,-81,56,None
0,15,-7,-7,-5,0,1,0,4,0,0,0,0,-81,56,None
0,-2,0,1,4,2,-1,-2,2,0,0,0,0,-81,56,None
0,11,4,0,2,0,1,-1,-4,0,0,0,0,-81,56,None
0,11,4,0,2,0,1,-1,-4,0,0,0,0,-81,56,None
0,11,4,0,2,0,1,-1,-4,0,0,0,0,-82,55,None
0,-12,-2,-3,-10,-1,0,-2,-3,0,0,0,0,-82,55,None
0,4,1,-3,-3,-2,-4,-4,1,0,0,0,0,-82,55,None
0,-11,-1,-1,-1,-1,-1,-3,-1,0,0,0,0,-82,55,None
0,19,9,2,2,1,0,-3,-24,0,0,0,0,-82,55,None
0,19,9,2,2,1,0,-3,-24,0,0,0,0,-82,55,None
0,19,9,2,2,1,0,-3,-24,0,0,0,0,-82,56,None
0,5,-4,-1,-3,0,0,3,38,0,0,0,0,-82,56,None
0,-8,-1,-5,-2,0,-4,-2,-5,0,0,0,0,-82,56,None
0,7,0,-2,5,2,3,-1,-1,0,0,0,0,-82,56,None
0,-1,-1,-3,-3,-1,-1,0,-3,0,0,0,0,-82,56,None
0,-1,-1,-3,-3,-1,-1,0,-3,0,0,0,0,-82,56,None
0,-1,-1,-3,-3,-1,-1,0,-3,0,0,0,0,-82,56,None
0,16,-8,-18,-6,-4,-4,-6,-9,0,0,0,0,-82,56,None
0,-17,1,9,4,2,-1,-3,-9,0,0,0,0,-82,56,None
0,4,-1,-7,-7,-1,1,0,4,0,0,0,0,-82,56,None
0,3,0,-4,-5,1,-1,-3,7,0,0,0,0,-82,56,None
0,3,0,-4,-5,1,-1,-3,7,0,0,0,0,-82,56,None
0,3,0,-4,-5,1,-1,-3,7,0,0,0,-1,-82,56,None
0,-19,0,-8,1,2,-1,-2,-12,0,0,0,-1,-82,56,None
0,2,3,5,-1,2,3,2,7,0,0,0,-1,-82,56,None
0,16,5,-1,7,1,-7,-4,-5,0,0,0,-1,-82,56,None
0,-7,-4,-3,-5,-1,-3,-3,1,0,0,0,-1,-82,56,None
0,-7,-4,-3,-5,-1,-3,-3,1,0,0,0,-1,-82,56,None
0,-7,-4,-3,-5,-1,-3,-3,1,0,0,0,-1,-81,56,None
0,-11,6,9,8,2,1,2,-4,0,0,0,-1,-81,56,None
