0,5,21,3,-9,4,-1,3,3,0,0,0,30,-55,77,None
0,-13,3,4,-3,-5,-3,-26,-27,0,0,0,30,-55,77,None
0,-6,2,-4,2,-1,-5,13,21,0,0,0,30,-55,77,None
0,-6,2,-4,2,-1,-5,13,21,0,0,0,30,-55,77,None
0,-6,2,-4,2,-1,-5,13,21,0,0,0,26,-53,74,None
0,-64,24,6,-5,-9,-2,0,-20,0,0,0,26,-53,74,None
0,32,29,5,-11,26,1,-26,-8,0,0,0,26,-53,74,None
0,-27,-40,3,4,-3,1,19,36,0,0,0,26,-53,74,None
0,59,-13,-14,-9,-2,1,-2,-25,0,0,0,26,-53,74,None
0,59,-13,-14,-9,-2,1,-2,-25,0,0,0,26,-53,74,None
0,59,-13,-14,-9,-2,1,-2,-25,0,0,0,24,-58,74,None
0,57,51,5,10,-3,-6,-3,8,0,0,0,24,-58,74,None
0,-37,-22,-18,4,-4,-4,4,-11,0,0,0,24,-58,74,None
0,37,-9,8,-5,-3,-1,-3,5,0,0,0,24,-58,74,None
0,9,17,7,7,5,1,11,11,0,0,0,24,-58,74,None
0,9,17,7,7,5,1,11,11,0,0,0,24,-58,74,None
0,9,17,7,7,5,1,11,11,0,0,0,21,-71,70,None
0,-18,-23,-8,-15,-3,-2,-15,-7,0,0,0,21,-71,70,None
0,7,-15,-2,19,1,-3,-6,1,0,0,0,21,-71,70,None
0,27,-12,-7,-14,4,1,3,-6,0,0,0,21,-71,70,None
0,-8,24,16,44,-11,-9,-6,2,0,0,0,21,-71,70,None
0,-8,24,16,44,-11,-9,-6,2,0,0,0,21,-71,70,None
0,-8,24,16,44,-11,-9,-6,2,0,0,0,20,-75,76,None
0,-49,-35,-25,-59,4,2,5,-4,0,0,0,20,-75,76,None
0,-4,19,-2,4,1,4,1,-2,0,0,0,20,-75,76,None
0,103,-39,-4,10,1,0,-2,7,0,0,0,20,-75,76,None
0,-37,-22,-8,-18,1,0,-4,-11,0,0,0,20,-75,76,None
0,-37,-22,-8,-18,1,0,-4,-11,0,0,0,20,-75,76,None
0,-37,-22,-8,-18,1,0,-4,-11,0,0,0,22,-47,69,None
0,2,12,5,12,0,2,-5,1,0,0,0,22,-47,69,None
0,26,12,5,-2,-4,-4,3,4,0,0,0,22,-47,69,None
0,11,16,-8,-2,3,-2,3,1,0,0,0,22,-47,69,None
0,-4,-1,-2,-8,3,2,-6,-4,0,0,0,22,-47,69,None
0,-4,-1,-2,-8,3,2,-6,-4,0,0,0,22,-47,69,None
0,-4,-1,-2,-8,3,2,-6,-4,0,0,0,17,-38,73,None
0,8,-16,3,13,5,2,1,5,0,0,0,17,-38,73,None
0,-20,-5,-4,-6,-5,1,9,0,0,0,0,17,-38,73,None
0,-26,11,5,6,-2,-1,-2,-6,0,0,0,17,-38,73,None
0,-19,-6,-10,-8,1,-3,-10,-4,0,0,0,17,-38,73,None
0,-19,-6,-10,-8,1,-3,-10,-4,0,0,0,17,-38,73,None
0,-19,-6,-10,-8,1,-3,-10,-4,0,0,0,15,-44,79,None
0,-15,3,2,6,-1,-2,1,-1,0,0,0,15,-44,79,None
0,-1,-12,-5,-1,-4,-1,-2,-5,0,0,0,15,-44,79,None
0,-13,3,-1,3,4,-1,1,1,0,0,0,15,-44,79,None
0,-5,-76,-5,-7,4,1,9,3,0,0,0,15,-44,79,None
0,-5,-76,-5,-7,4,1,9,3,0,0,0,15,-44,79,None
0,-5,-76,-5,-7,4,1,9,3,0,0,0,19,-72,81,None
0,3,3,-3,14,-5,-4,-16,-7,0,0,0,19,-72,81,None
0,30,3,-4,-16,-7,-6,-7,-4,0,0,0,19,-72,81,None
0,-62,-4,-4,-6,-2,0,1,0,0,0,0,19,-72,81,None
0,5,18,1,-1,4,-1,6,3,0,0,0,19,-72,81,None
0,5,18,1,-1,4,-1,6,3,0,0,0,19,-72,81,None
0,5,18,1,-1,4,-1,6,3,0,0,0,16,-66,77,None
0,-38,0,1,6,1,-2,-7,-6,0,0,0,16,-66,77,None
0,-7,-1,1,4,-1,-2,-5,-4,0,0,0,16,-66,77,None
0,35,20,-3,-1,2,-2,0,4,0,0,0,16,-66,77,None
0,-34,1,2,4,-1,-2,-4,-8,0,0,0,16,-66,77,None
0,-34,1,2,4,-1,-2,-4,-8,0,0,0,16,-66,77,None
0,-34,1,2,4,-1,-2,-4,-8,0,0,0,19,-52,75,None
0,0,6,-2,-7,-2,-3,-2,-1,0,0,0,19,-52,75,None
0,-12,5,0,3,7,1,0,0,0,0,0,19,-52,75,None
0,17,-19,1,8,-3,-3,2,1,0,0,0,19,-52,75,None
0,-7,16,-2,-8,2,-3,0,0,0,0,0,19,-52,75,None
0,-7,16,-2,-8,2,-3,0,0,0,0,0,19,-52,75,None
0,-7,16,-2,-8,2,-3,0,0,0,0,0,25,-59,71,None
0,22,-13,-5,-3,-4,-3,-6,-2,0,0,0,25,-59,71,None
0,-16,-9,-2,-1,2,-2,4,0,0,0,0,25,-59,71,None
0,-8,4,0,-1,-7,-4,-8,-9,0,0,0,25,-59,71,None
0,38,11,3,16,7,0,-8,2,0,0,0,25,-59,71,None
0,38,11,3,16,7,0,-8,2,0,0,0,25,-59,71,None
0,38,11,3,16,7,0,-8,2,0,0,0,40,-62,71,None
0,-4,4,-2,-7,0,1,7,3,0,0,0,40,-62,71,None
0,-39,-7,-7,-7,-6,-2,-7,-8,0,0,0,40,-62,71,None
0,9,2,0,4,7,2,7,1,0,0,0,40,-62,71,None
0,12,10,2,1,-18,-1,4,0,0,0,0,40,-62,71,None
0,12,10,2,1,-18,-1,4,0,0,0,0,40,-62,71,None
0,12,10,2,1,-18,-1,4,0,0,0,0,48,-57,68,None
0,8,7,0,10,16,-2,-6,-4,0,0,0,48,-57,68,None
0,-7,3,-3,-13,-4,0,1,1,0,0,0,48,-57,68,None
0,10,29,-4,0,4,-4,-4,-4,0,0,0,48,-57,68,None
0,-16,-33,-10,-8,5,1,-5,-3,0,0,0,48,-57,68,None
0,-16,-33,-10,-8,5,1,-5,-3,0,0,0,48,-57,68,None
0,-16,-33,-10,-8,5,1,-5,-3,0,0,0,57,-44,67,None
0,13,12,0,2,-1,0,7,3,0,0,0,57,-44,67,None
0,-10,0,4,31,-10,-2,-6,-4,0,0,0,57,-44,67,None
0,-2,12,-9,-42,7,-1,0,-1,0,0,0,57,-44,67,None
0,-22,11,-2,-8,1,-1,-3,-6,0,0,0,57,-44,67,None
0,-22,11,-2,-8,1,-1,-3,-6,0,0,0,57,-44,67,None
0,-22,11,-2,-8,1,-1,-3,-6,0,0,0,52,-46,66,None
0,1,-3,0,0,-3,-2,-1,1,0,0,0,52,-46,66,None
0,2,-4,-1,2,0,-2,-2,1,0,0,0,52,-46,66,None
0,-6,-6,2,9,-3,-3,-3,-1,0,0,0,52,-46,66,None
0,18,10,0,0,3,1,-1,2,0,0,0,52,-46,66,None
0,18,10,0,0,3,1,-1,2,0,0,0,52,-46,66,None
0,18,10,0,0,3,1,-1,2,0,0,0,40,-54,66,None
0,-6,-9,-4,-5,4,-1,-2,-2,0,0,0,40,-54,66,None
0,-35,-1,-3,-3,2,-1,-6,-7,0,0,0,40,-54,66,None
0,6,3,1,7,-1,0,3,-1,0,0,0,40,-54,66,None
0,2,-12,-2,-6,4,0,-4,2,0,0,0,40,-54,66,None
0,2,-12,-2,-6,4,0,-4,2,0,0,0,40,-54,66,None
0,2,-12,-2,-6,4,0,-4,2,0,0,0,38,-55,69,None
0,5,4,0,5,-5,-2,1,0,0,0,0,38,-55,69,None
0,20,5,-2,-11,-1,-2,1,-2,0,0,0,38,-55,69,None
0,20,5,-2,-11,-1,-2,1,-2,0,0,0,38,-55,69,None
0,20,5,-2,-11,-1,-2,1,-2,0,0,0,39,-54,70,None
0,-9,-4,-4,-1,-1,-2,-3,0,0,0,0,39,-54,70,None
0,17,9,2,9,5,1,2,0,0,0,0,39,-54,70,None
0,-47,-6,-2,3,0,3,5,-6,0,0,0,39,-54,70,None
0,10,-1,-3,-11,6,-3,-6,-1,0,0,0,39,-54,70,None
0,-8,4,-1,0,-7,-1,-3,-3,0,0,0,39,-54,70,None
0,-2,6,-1,-4,-4,-6,-6,0,0,0,0,39,-54,70,None
0,-2,6,-1,-4,-4,-6,-6,0,0,0,0,39,-54,70,None
0,-2,6,-1,-4,-4,-6,-6,0,0,0,0,37,-55,71,None
0,2,0,-1,-4,-3,-3,2,1,0,0,0,37,-55,71,None
0,2,3,1,0,5,0,2,1,0,0,0,37,-55,71,None
0,-15,-9,-2,7,2,3,-5,-6,0,0,0,37,-55,71,None
0,-1,13,-1,3,-4,-3,0,1,0,0,0,37,-55,71,None
0,-1,13,-1,3,-4,-3,0,1,0,0,0,37,-55,71,None
0,-1,13,-1,3,-4,-3,0,1,0,0,0,31,-55,71,None
0,2,-4,-4,-17,7,-2,-4,-4,0,0,0,31,-55,71,None
0,10,2,0,-6,-3,0,1,-2,0,0,0,31,-55,71,None
0,17,-7,-3,0,-4,-3,-1,2,0,0,0,31,-55,71,None
0,-39,12,-5,-6,1,0,-3,-4,0,0,0,31,-55,71,None
0,-39,12,-5,-6,1,0,-3,-4,0,0,0,31,-55,71,None
0,-39,12,-5,-6,1,0,-3,-4,0,0,0,27,-61,73,None
0,6,-1,3,19,0,-1,7,1,0,0,0,27,-61,73,None
0,8,-4,-3,-3,0,-5,-16,-5,0,0,0,27,-61,73,None
0,0,-4,-1,-3,0,0,2,-1,0,0,0,27,-61,73,None
0,11,-2,0,4,1,0,1,-3,0,0,0,27,-61,73,None
0,11,-2,0,4,1,0,1,-3,0,0,0,27,-61,73,None
0,11,-2,0,4,1,0,1,-3,0,0,0,18,-67,74,None
0,-16,1,-6,-2,-2,-1,-2,-2,0,0,0,18,-67,74,None
0,-5,-9,-1,4,0,0,0,-3,0,0,0,18,-67,74,None
0,-4,5,-4,-7,2,0,1,1,0,0,0,18,-67,74,None
0,5,12,-2,1,-3,1,-4,-6,0,0,0,18,-67,74,None
0,5,12,-2,1,-3,1,-4,-6,0,0,0,18,-67,74,None
0,5,12,-2,1,-3,1,-4,-6,0,0,0,11,-67,77,None
0,-6,-19,-5,-1,1,-2,-1,0,0,0,0,11,-67,77,None
0,20,2,-5,0,3,0,5,0,0,0,0,11,-67,77,None
0,-26,-3,2,9,-1,-1,2,-1,0,0,0,11,-67,77,None
0,11,-24,-1,-9,3,-2,-6,0,0,0,0,11,-67,77,None
0,11,-24,-1,-9,3,-2,-6,0,0,0,0,11,-67,77,None
0,11,-24,-1,-9,3,-2,-6,0,0,0,0,0,-67,77,None
0,5,4,2,-4,-2,1,-2,-3,0,0,0,0,-67,77,None
0,3,4,-1,1,-3,-1,0,1,0,0,0,0,-67,77,None
0,-7,-5,-1,4,3,1,-2,-4,0,0,0,0,-67,77,None
0,2,3,-3,-6,-2,-2,3,-2,0,0,0,0,-67,77,None
0,2,3,-3,-6,-2,-2,3,-2,0,0,0,0,-67,77,None
0,2,3,-3,-6,-2,-2,3,-2,0,0,0,-10,-69,77,None
0,5,8,-1,3,0,0,-4,-2,0,0,0,-10,-69,77,None
0,13,-3,-5,-13,3,3,5,0,0,0,0,-10,-69,77,None
0,0,3,2,3,3,1,-3,0,0,0,0,-10,-69,77,None
0,-7,9,0,1,-1,0,-1,-1,0,0,0,-10,-69,77,None
0,-7,9,0,1,-1,0,-1,-1,0,0,0,-10,-69,77,None
0,-7,9,0,1,-1,0,-1,-1,0,0,0,-15,-72,78,None
0,3,7,-1,0,-1,3,-3,-1,0,0,0,-15,-72,78,None
0,-3,5,-1,7,0,-2,1,-3,0,0,0,-15,-72,78,None
0,9,-8,-5,-7,0,-2,-2,-1,0,0,0,-15,-72,78,None
0,-7,4,-1,7,0,2,0,0,0,0,0,-15,-72,78,None
0,-7,4,-1,7,0,2,0,0,0,0,0,-15,-72,78,None
0,-7,4,-1,7,0,2,0,0,0,0,0,-4,-68,82,None
0,11,-2,-3,0,-1,-3,-8,-2,0,0,0,-4,-68,82,None
0,-24,2,0,-2,-2,0,-1,-3,0,0,0,-4,-68,82,None
0,13,-8,-3,0,-2,0,-4,-4,0,0,0,-4,-68,82,None
0,2,-5,-4,5,4,1,3,0,0,0,0,-4,-68,82,None
0,2,-5,-4,5,4,1,3,0,0,0,0,-4,-68,82,None
0,2,-5,-4,5,4,1,3,0,0,0,0,-2,-64,82,None
0,-12,11,0,-10,0,0,-1,0,0,0,0,-2,-64,82,None
0,9,25,1,-4,4,0,-1,0,0,0,0,-2,-64,82,None
0,-20,-23,-10,-2,1,1,-1,-4,0,0,0,-2,-64,82,None
0,12,-8,-4,-5,-1,-2,1,-2,0,0,0,-2,-64,82,None
0,12,-8,-4,-5,-1,-2,1,-2,0,0,0,-2,-64,82,None
0,12,-8,-4,-5,-1,-2,1,-2,0,0,0,1,-63,80,None
0,3,-7,-2,0,-2,-2,-4,-1,0,0,0,1,-63,80,None
0,11,14,2,14,0,-1,-2,-2,0,0,0,1,-63,80,None
0,-23,2,-4,-10,2,-3,-1,0,0,0,0,1,-63,80,None
0,8,2,-1,-2,1,-2,-2,-2,0,0,0,1,-63,80,None
0,8,2,-1,-2,1,-2,-2,-2,0,0,0,1,-63,80,None
0,8,2,-1,-2,1,-2,-2,-2,0,0,0,10,-63,79,None
0,-14,7,-2,-1,1,-1,0,0,0,0,0,10,-63,79,None
0,-7,-17,-1,0,-2,-4,-2,-2,0,0,0,10,-63,79,None
0,13,8,0,1,-3,-5,-3,0,0,0,0,10,-63,79,None
0,-5,-2,-1,2,3,1,1,-1,0,0,0,10,-63,79,None
0,-5,-2,-1,2,3,1,1,-1,0,0,0,10,-63,79,None
0,-5,-2,-1,2,3,1,1,-1,0,0,0,17,-64,78,None
0,0,-6,-2,-6,0,0,-4,-1,0,0,0,17,-64,78,None
0,-8,-18,-3,12,-3,-3,-6,-1,0,0,0,17,-64,78,None
0,-6,2,0,-5,1,0,2,2,0,0,0,17,-64,78,None
0,-18,4,-6,0,4,0,-4,-5,0,0,0,17,-64,78,None
0,-18,4,-6,0,4,0,-4,-5,0,0,0,17,-64,78,None
0,-18,4,-6,0,4,0,-4,-5,0,0,0,23,-64,78,None
0,5,-17,-1,-6,-4,-3,-4,-2,0,0,0,23,-64,78,None
0,-9,0,-2,4,1,-2,-2,-2,0,0,0,23,-64,78,None
0,4,7,0,3,0,-1,1,-1,0,0,0,23,-64,78,None
0,5,5,2,4,-2,-2,-5,-1,0,0,0,23,-64,78,None
0,5,5,2,4,-2,-2,-5,-1,0,0,0,23,-64,78,None
0,5,5,2,4,-2,-2,-5,-1,0,0,0,32,-60,74,None
0,-8,2,-3,6,2,1,4,-1,0,0,0,32,-60,74,None
0,7,-11,-4,-9,-5,-1,-1,-1,0,0,0,32,-60,74,None
0,-1,10,-1,-3,-1,-3,-8,-9,0,0,0,32,-60,74,None
0,-3,-1,-3,-9,-1,-7,-4,0,0,0,0,32,-60,74,None
0,-3,-1,-3,-9,-1,-7,-4,0,0,0,0,32,-60,74,None
0,-3,-1,-3,-9,-1,-7,-4,0,0,0,0,43,-56,74,None
0,-10,4,0,3,-2,-1,0,-3,0,0,0,43,-56,74,None
0,1,-1,-2,1,10,0,1,3,0,0,0,43,-56,74,None
0,19,12,2,6,0,2,1,1,0,0,0,43,-56,74,None
0,-26,-2,-1,22,-2,-5,-2,-5,0,0,0,43,-56,74,None
0,-26,-2,-1,22,-2,-5,-2,-5,0,0,0,43,-56,74,None
0,-26,-2,-1,22,-2,-5,-2,-5,0,0,0,54,-54,73,None
0,19,15,-10,-38,-2,-1,0,4,0,0,0,54,-54,73,None
0,-7,3,1,3,0,-2,2,-2,0,0,0,54,-54,73,None
0,-3,-1,0,3,3,-1,-5,-3,0,0,0,54,-54,73,None
0,19,-1,-3,2,-7,-1,-1,-1,0,0,0,54,-54,73,None
0,19,-1,-3,2,-7,-1,-1,-1,0,0,0,54,-54,73,None
0,19,-1,-3,2,-7,-1,-1,-1,0,0,0,56,-50,74,None
0,-1,6,-1,1,-5,-2,-4,-2,0,0,0,56,-50,74,None
0,-3,3,-4,-6,7,-1,-1,1,0,0,0,56,-50,74,None
0,12,-5,-2,-2,-3,-1,0,-3,0,0,0,56,-50,74,None
0,-6,4,3,0,4,2,2,1,0,0,0,56,-50,74,None
0,-6,4,3,0,4,2,2,1,0,0,0,56,-50,74,None
0,-6,4,3,0,4,2,2,1,0,0,0,45,-47,72,None
0,9,6,-4,10,7,-2,-1,-2,0,0,0,45,-47,72,None
0,-5,-3,-4,-10,-5,0,-2,-2,0,0,0,45,-47,72,None
0,-8,-4,0,4,1,-1,0,0,0,0,0,45,-47,72,None
0,2,1,-5,-11,0,0,-1,-2,0,0,0,45,-47,72,None
0,2,1,-5,-11,0,0,-1,-2,0,0,0,45,-47,72,None
0,2,1,-5,-11,0,0,-1,-2,0,0,0,45,-50,73,None
0,-4,-2,1,5,0,-2,-2,-1,0,0,0,45,-50,73,None
0,-2,-2,-1,2,-2,0,-5,-3,0,0,0,45,-50,73,None
0,-6,0,-2,-1,-2,-1,0,0,0,0,0,45,-50,73,None
0,2,0,-3,-10,-2,-3,-1,1,0,0,0,45,-50,73,None
0,2,0,-3,-10,-2,-3,-1,1,0,0,0,45,-50,73,None
0,2,0,-3,-10,-2,-3,-1,1,0,0,0,48,-51,73,None
0,-3,-3,0,3,3,-1,2,-3,0,0,0,48,-51,73,None
0,3,1,0,-2,-3,-1,-8,-4,0,0,0,48,-51,73,None
0,3,1,0,-2,-3,-1,-8,-4,0,0,0,48,-51,73,None
0,3,1,0,-2,-3,-1,-8,-4,0,0,0,42,-55,73,None
0,-13,-3,-2,-3,1,-3,-2,0,0,0,0,42,-55,73,None
0,-8,-16,-3,-6,4,0,-2,-4,0,0,0,42,-55,73,None
0,4,2,1,5,0,0,1,-1,0,0,0,42,-55,73,None
0,15,12,0,6,2,-1,3,-1,0,0,0,42,-55,73,None
0,15,12,0,6,2,-1,3,-1,0,0,0,42,-55,73,None
0,15,12,0,6,2,-1,3,-1,0,0,0,32,-58,73,None
0,-23,-2,-6,-13,-2,0,-4,-6,0,0,0,32,-58,73,None
0,5,5,2,-3,1,-2,-6,3,0,0,0,32,-58,73,None
0,-8,1,-2,2,0,-3,0,1,0,0,0,32,-58,73,None
0,7,11,-2,-3,-1,0,1,-4,0,0,0,32,-58,73,None
0,7,11,-2,-3,-1,0,1,-4,0,0,0,32,-58,73,None
0,7,11,-2,-3,-1,0,1,-4,0,0,0,23,-58,73,None
0,5,-28,-4,2,-1,-2,3,0,0,0,0,23,-58,73,None
0,-10,4,-2,-1,0,1,6,0,0,0,0,23,-58,73,None
0,-1,5,0,2,2,-2,-7,0,0,0,0,23,-58,73,None
0,-10,3,-2,-3,1,-1,0,-1,0,0,0,23,-58,73,None
0,-10,3,-2,-3,1,-1,0,-1,0,0,0,23,-58,73,None
0,-10,3,-2,-3,1,-1,0,-1,0,0,0,11,-64,75,None
0,8,5,-2,1,-1,-1,-4,-1,0,0,0,11,-64,75,None
0,-6,-1,-3,-1,0,3,3,-3,0,0,0,11,-64,75,None
0,13,-2,1,4,6,-3,-1,-2,0,0,0,11,-64,75,None
0,-15,-6,-4,-2,0,1,3,1,0,0,0,11,-64,75,None
0,-15,-6,-4,-2,0,1,3,1,0,0,0,11,-64,75,None
0,-15,-6,-4,-2,0,1,3,1,0,0,0,2,-71,77,None
0,3,7,0,-1,0,0,-5,-2,0,0,0,2,-71,77,None
0,8,2,-1,0,-2,-1,-2,-3,0,0,0,2,-71,77,None
0,-1,1,0,-1,3,0,-1,-3,0,0,0,2,-71,77,None
0,0,-5,-2,-2,0,0,7,-2,0,0,0,2,-71,77,None
0,0,-5,-2,-2,0,0,7,-2,0,0,0,2,-71,77,None
0,0,-5,-2,-2,0,0,7,-2,0,0,0,-7,-72,80,None
0,9,6,0,2,-1,-2,-14,1,0,0,0,-7,-72,80,None
0,-3,2,-2,1,0,-4,0,0,0,0,0,-7,-72,80,None
0,-3,2,-1,-1,-1,3,-1,-3,0,0,0,-7,-72,80,None
0,4,6,-1,1,0,1,1,1,0,0,0,-7,-72,80,None
0,4,6,-1,1,0,1,1,1,0,0,0,-7,-72,80,None
0,4,6,-1,1,0,1,1,1,0,0,0,-11,-68,80,None
0,-7,-13,-11,5,-4,-2,3,-3,0,0,0,-11,-68,80,None
0,24,9,-2,-9,6,2,-4,-2,0,0,0,-11,-68,80,None
0,-24,2,-2,0,-3,0,2,-2,0,0,0,-11,-68,80,None
0,2,-9,-2,2,-2,-5,-7,-2,0,0,0,-11,-68,80,None
0,2,-9,-2,2,-2,-5,-7,-2,0,0,0,-11,-68,80,None
0,2,-9,-2,2,-2,-5,-7,-2,0,0,0,0,-61,82,None
0,-4,17,0,-5,0,1,0,0,0,0,0,0,-61,82,None
0,3,3,-1,1,-2,-2,-6,-4,0,0,0,0,-61,82,None
0,6,-23,-4,-1,-2,-2,1,-1,0,0,0,0,-61,82,None
0,-18,-2,-1,-5,0,-3,-3,0,0,0,0,0,-61,82,None
0,-18,-2,-1,-5,0,-3,-3,0,0,0,0,0,-61,82,None
0,-18,-2,-1,-5,0,-3,-3,0,0,0,0,-4,-67,79,None
0,13,6,1,3,2,1,0,0,0,0,0,-4,-67,79,None
0,-9,-4,-2,0,2,1,0,0,0,0,0,-4,-67,79,None
0,0,-1,-2,2,2,-1,-3,-1,0,0,0,-4,-67,79,None
0,-3,1,-4,-14,-3,1,-1,-6,0,0,0,-4,-67,79,None
0,-3,1,-4,-14,-3,1,-1,-6,0,0,0,-4,-67,79,None
0,-3,1,-4,-14,-3,1,-1,-6,0,0,0,4,-66,80,None
0,3,1,1,1,2,1,3,2,0,0,0,4,-66,80,None
0,-2,9,5,11,6,0,1,-2,0,0,0,4,-66,80,None
0,1,5,-3,-11,-3,-2,5,-1,0,0,0,4,-66,80,None
0,1,-1,-3,3,0,-2,-13,-1,0,0,0,4,-66,80,None
0,1,-1,-3,3,0,-2,-13,-1,0,0,0,4,-66,80,None
0,1,-1,-3,3,0,-2,-13,-1,0,0,0,13,-61,79,None
0,-5,2,-2,-5,-3,-4,-1,-3,0,0,0,13,-61,79,None
0,0,-3,-1,-2,-3,-2,-3,1,0,0,0,13,-61,79,None
0,-5,6,1,8,2,0,-3,0,0,0,0,13,-61,79,None
0,-10,-5,-2,3,1,-2,2,-2,0,0,0,13,-61,79,None
0,-10,-5,-2,3,1,-2,2,-2,0,0,0,13,-61,79,None
0,-10,-5,-2,3,1,-2,2,-2,0,0,0,17,-62,78,None
0,8,8,1,-7,0,-2,-3,-4,0,0,0,17,-62,78,None
0,-17,2,-6,-2,1,-1,-3,-1,0,0,0,17,-62,78,None
0,14,-3,-2,-3,-1,-1,-2,-2,0,0,0,17,-62,78,None
0,1,6,2,1,1,-2,0,0,0,0,0,17,-62,78,None
0,1,6,2,1,1,-2,0,0,0,0,0,17,-62,78,None
0,1,6,2,1,1,-2,0,0,0,0,0,26,-55,77,None
0,-8,4,0,4,6,1,2,-2,0,0,0,26,-55,77,None
0,7,7,-4,-4,-3,0,-3,-1,0,0,0,26,-55,77,None
0,-8,-26,-4,-6,-4,-3,-2,-1,0,0,0,26,-55,77,None
0,25,9,-2,5,4,-2,-3,0,0,0,0,26,-55,77,None
0,25,9,-2,5,4,-2,-3,0,0,0,0,26,-55,77,None
0,25,9,-2,5,4,-2,-3,0,0,0,0,37,-56,77,None
0,-37,3,-2,4,1,2,8,-1,0,0,0,37,-56,77,None
0,-13,-4,-4,-8,-1,-1,-8,-4,0,0,0,37,-56,77,None
0,2,-8,-1,8,-5,-1,-4,-1,0,0,0,37,-56,77,None
0,-1,2,-6,-10,1,-2,1,-2,0,0,0,37,-56,77,None
0,-1,2,-6,-10,1,-2,1,-2,0,0,0,37,-56,77,None
0,-1,2,-6,-10,1,-2,1,-2,0,0,0,46,-57,74,None
0,9,-2,0,-4,2,-2,-3,0,0,0,0,46,-57,74,None
0,-3,-4,-2,0,1,-2,2,-2,0,0,0,46,-57,74,None
0,-5,12,-1,-1,-1,-2,-3,-1,0,0,0,46,-57,74,None
0,-7,-6,1,6,0,-1,0,-1,0,0,0,46,-57,74,None
0,-7,-6,1,6,0,-1,0,-1,0,0,0,46,-57,74,None
0,-7,-6,1,6,0,-1,0,-1,0,0,0,48,-49,74,None
0,4,3,-3,-5,0,-4,-4,2,0,0,0,48,-49,74,None
0,-4,-4,-3,-8,-4,-5,-1,-1,0,0,0,48,-49,74,None
0,4,8,0,3,1,1,-2,-2,0,0,0,48,-49,74,None
0,-8,-7,-2,-2,-1,-2,-1,-3,0,0,0,48,-49,74,None
0,-8,-7,-2,-2,-1,-2,-1,-3,0,0,0,48,-49,74,None
0,-8,-7,-2,-2,-1,-2,-1,-3,0,0,0,44,-47,75,None
0,4,5,0,2,-1,-3,-1,0,0,0,0,44,-47,75,None
0,3,1,-1,3,0,2,-4,-5,0,0,0,44,-47,75,None
0,-1,9,-2,0,3,0,0,0,0,0,0,44,-47,75,None
0,-5,0,-3,-6,-4,-1,-2,-2,0,0,0,44,-47,75,None
0,-5,0,-3,-6,-4,-1,-2,-2,0,0,0,44,-47,75,None
0,-5,0,-3,-6,-4,-1,-2,-2,0,0,0,33,-54,74,None
0,0,-4,-2,1,-2,0,-2,0,0,0,0,33,-54,74,None
0,2,-3,-3,1,1,-1,0,-1,0,0,0,33,-54,74,None
0,-1,0,-5,-2,2,-2,0,0,0,0,0,33,-54,74,None
0,-4,2,0,1,-2,0,-1,-2,0,0,0,33,-54,74,None
0,-4,2,0,1,-2,0,-1,-2,0,0,0,33,-54,74,None
0,-4,2,0,1,-2,0,-1,-2,0,0,0,33,-55,73,None
0,3,-6,-2,-1,1,-1,-3,-2,0,0,0,33,-55,73,None
0,-1,-2,-1,-1,1,-2,-1,-1,0,0,0,33,-55,73,None
0,-1,6,-6,-1,1,0,-2,-2,0,0,0,33,-55,73,None
0,0,-2,-1,-3,-2,-1,-1,-1,0,0,0,33,-55,73,None
0,0,-2,-1,-3,-2,-1,-1,-1,0,0,0,33,-55,73,None
0,0,-2,-1,-3,-2,-1,-1,-1,0,0,0,33,-53,73,None
0,1,-1,2,0,2,-1,0,-1,0,0,0,33,-53,73,None
0,-2,3,10,-1,-1,-2,0,-1,0,0,0,33,-53,73,None
0,-1,-12,-10,3,1,-1,-3,-2,0,0,0,33,-53,73,None
0,-3,5,43,5,0,-1,0,-2,0,0,0,33,-53,73,None
0,-3,5,43,5,0,-1,0,-2,0,0,0,33,-53,73,None
0,-3,5,43,5,0,-1,0,-2,0,0,0,36,-52,70,None
0,-2,-2,10,-1,-2,-1,-1,-2,0,0,0,36,-52,70,None
0,-2,-2,-34,-2,3,-2,-1,-1,0,0,0,36,-52,70,None
0,1,3,28,12,1,-3,-2,-1,0,0,0,36,-52,70,None
0,-1,1,9,-17,1,1,0,3,0,0,0,36,-52,70,None
0,-1,1,9,-17,1,1,0,3,0,0,0,36,-52,70,None
0,-1,1,9,-17,1,1,0,3,0,0,0,39,-50,71,None
0,-1,-6,-17,-3,-1,-1,-2,-4,0,0,0,39,-50,71,None
0,1,1,17,5,0,0,3,0,0,0,0,39,-50,71,None
0,-1,8,-56,-10,-2,-2,-2,-1,0,0,0,39,-50,71,None
0,-1,4,54,16,5,0,-1,-1,0,0,0,39,-50,71,None
0,-1,4,54,16,5,0,-1,-1,0,0,0,39,-50,71,None
0,-1,4,54,16,5,0,-1,-1,0,0,0,36,-50,71,None
0,1,0,-80,-17,-1,1,1,-1,0,0,0,36,-50,71,None
0,-2,-3,-25,-6,-4,-2,-3,-3,0,0,0,36,-50,71,None
0,-1,4,-21,-14,2,-1,-2,-1,0,0,0,36,-50,71,None
0,-5,-3,4,5,-1,-2,-2,-4,0,0,0,36,-50,71,None
0,-5,-3,4,5,-1,-2,-2,-4,0,0,0,36,-50,71,None
0,-5,-3,4,5,-1,-2,-2,-4,0,0,0,34,-51,70,None
0,1,5,54,13,-1,-1,0,-3,0,0,0,34,-51,70,None
0,0,0,-56,-1,5,-2,-2,1,0,0,0,34,-51,70,None
0,-2,0,57,20,-1,-2,0,-1,0,0,0,34,-51,70,None
0,0,5,-44,-20,-1,0,0,-1,0,0,0,34,-51,70,None
0,0,5,-44,-20,-1,0,0,-1,0,0,0,34,-51,70,None
0,0,5,-44,-20,-1,0,0,-1,0,0,0,33,-49,73,None
0,0,-1,26,13,1,-1,0,0,0,0,0,33,-49,73,None
0,-1,1,-18,-17,1,1,-1,-1,0,0,0,33,-49,73,None
0,-3,3,91,0,-1,-2,-3,-4,0,0,0,33,-49,73,None
0,-1,-9,-19,7,0,-1,-2,-1,0,0,0,33,-49,73,None
0,-1,-9,-19,7,0,-1,-2,-1,0,0,0,33,-49,73,None
0,-1,-9,-19,7,0,-1,-2,-1,0,0,0,31,-50,73,None
0,-3,-2,-60,3,-4,-6,-5,-2,0,0,0,31,-50,73,None
0,-2,-4,-16,-2,0,-2,0,0,0,0,0,31,-50,73,None
0,1,6,-45,21,2,1,5,4,0,0,0,31,-50,73,None
0,-6,-3,51,-33,-4,-4,-2,-5,0,0,0,31,-50,73,None
0,-6,-3,51,-33,-4,-4,-2,-5,0,0,0,31,-50,73,None
0,-6,-3,51,-33,-4,-4,-2,-5,0,0,0,24,-54,72,None
0,0,3,0,17,3,0,-2,0,0,0,0,24,-54,72,None
0,1,9,-13,-26,2,4,-2,-3,0,0,0,24,-54,72,None
0,-7,-37,-52,-9,-2,-3,-5,-7,0,0,0,24,-54,72,None
0,1,3,11,11,-3,-1,-4,0,0,0,0,24,-54,72,None
0,1,3,11,11,-3,-1,-4,0,0,0,0,24,-54,72,None
0,1,3,11,11,-3,-1,-4,0,0,0,0,20,-59,75,None
0,2,11,-40,4,3,-2,0,2,0,0,0,20,-59,75,None
0,-6,-10,55,-7,-1,1,-4,-3,0,0,0,20,-59,75,None
0,0,4,21,-1,3,-1,-4,1,0,0,0,20,-59,75,None
0,-2,-9,-41,10,-5,-4,-4,-2,0,0,0,20,-59,75,None
0,-2,-9,-41,10,-5,-4,-4,-2,0,0,0,20,-59,75,None
0,-2,-9,-41,10,-5,-4,-4,-2,0,0,0,22,-55,73,None
0,-2,-11,69,-18,4,4,0,-5,0,0,0,22,-55,73,None
0,2,5,83,2,-1,-3,1,2,0,0,0,22,-55,73,None
0,0,5,44,-51,-3,-1,-4,-3,0,0,0,22,-55,73,None
0,0,-1,105,36,6,2,2,4,0,0,0,22,-55,73,None
0,0,-1,105,36,6,2,2,4,0,0,0,22,-55,73,None
0,0,-1,105,36,6,2,2,4,0,0,0,20,-57,74,None
0,-3,0,-47,-9,-1,0,2,-1,0,0,0,20,-57,74,None
0,2,0,-86,-6,-4,-1,-2,2,0,0,0,20,-57,74,None
0,-2,1,42,36,11,-1,0,2,0,0,0,20,-57,74,None
0,0,17,-20,-16,-1,-4,-3,-4,0,0,0,20,-57,74,None
0,0,17,-20,-16,-1,-4,-3,-4,0,0,0,20,-57,74,None
0,0,17,-20,-16,-1,-4,-3,-4,0,0,0,22,-56,73,None
0,-2,4,84,36,2,8,-6,10,0,0,0,22,-56,73,None
0,-6,-38,67,-34,-8,-7,-2,-18,0,0,0,22,-56,73,None
0,3,19,-72,-2,6,4,1,2,0,0,0,22,-56,73,None
0,1,4,-71,11,1,0,1,-5,0,0,0,22,-56,73,None
0,1,4,-71,11,1,0,1,-5,0,0,0,22,-56,73,None
0,1,4,-71,11,1,0,1,-5,0,0,0,22,-55,75,None
0,2,1,14,16,2,-10,-8,-5,0,0,0,22,-55,75,None
0,-6,3,-20,23,-4,-3,-1,6,0,0,0,22,-55,75,None
0,3,12,-76,-14,-2,-2,-2,-4,0,0,0,22,-55,75,None
0,-2,-15,1,-18,2,2,-1,-1,0,0,0,22,-55,75,None
0,-2,-15,1,-18,2,2,-1,-1,0,0,0,22,-55,75,None
0,-2,-15,1,-18,2,2,-1,-1,0,0,0,26,-53,77,None
0,1,11,22,-26,-7,-3,1,2,0,0,0,26,-53,77,None
0,-6,-4,-49,10,0,8,3,13,0,0,0,26,-53,77,None
0,3,11,-10,27,13,-2,0,-16,0,0,0,26,-53,77,None
0,3,8,-4,-16,-4,1,-2,3,0,0,0,26,-53,77,None
0,3,8,-4,-16,-4,1,-2,3,0,0,0,26,-53,77,None
0,3,8,-4,-16,-4,1,-2,3,0,0,0,32,-51,79,None
0,-4,-7,38,4,3,-4,0,-5,0,0,0,32,-51,79,None
0,1,11,12,-45,-4,3,-2,0,0,0,0,32,-51,79,None
0,0,8,-32,12,-3,0,1,15,0,0,0,32,-51,79,None
0,0,9,44,14,2,2,-2,-1,0,0,0,32,-51,79,None
0,0,9,44,14,2,2,-2,-1,0,0,0,32,-51,79,None
0,0,9,44,14,2,2,-2,-1,0,0,0,35,-46,80,None
0,1,23,84,9,1,0,-2,-3,0,0,0,35,-46,80,None
0,-4,-15,-77,24,4,-2,-3,0,0,0,0,35,-46,80,None
0,0,5,-6,66,-2,9,-4,-1,0,0,0,35,-46,80,None
0,1,-2,58,-44,9,2,8,3,0,0,0,35,-46,80,None
0,1,-2,58,-44,9,2,8,3,0,0,0,35,-46,80,None
0,1,-2,58,-44,9,2,8,3,0,0,0,41,-47,79,None
0,-1,16,4,-18,-4,-7,-3,13,0,0,0,41,-47,79,None
0,-1,-21,127,2,3,-1,-4,-20,0,0,0,41,-47,79,None
0,3,2,-84,-2,-3,2,1,-2,0,0,0,41,-47,79,None
0,-3,-15,-63,57,7,0,-2,5,0,0,0,41,-47,79,None
0,-3,-15,-63,57,7,0,-2,5,0,0,0,41,-47,79,None
0,-3,-15,-63,57,7,0,-2,5,0,0,0,47,-50,77,None
0,-3,-13,-63,-112,-12,3,-3,-3,0,0,0,47,-50,77,None
0,5,17,17,30,4,-4,4,7,0,0,0,47,-50,77,None
0,-1,-5,21,-5,-1,-2,3,6,0,0,0,47,-50,77,None
0,-5,-3,-84,9,-5,-5,-4,4,0,0,0,47,-50,77,None
0,-5,-3,-84,9,-5,-5,-4,4,0,0,0,47,-50,77,None
0,-5,-3,-84,9,-5,-5,-4,4,0,0,0,48,-52,72,None
0,0,-6,-39,15,6,3,2,-3,0,0,0,48,-52,72,None
0,1,7,-3,15,1,-6,-4,-7,0,0,0,48,-52,72,None
0,3,-3,-37,-40,-3,-10,0,10,0,0,0,48,-52,72,None
0,2,9,-18,15,0,-6,-2,-4,0,0,0,48,-52,72,None
0,2,9,-18,15,0,-6,-2,-4,0,0,0,48,-52,72,None
0,2,9,-18,15,0,-6,-2,-4,0,0,0,54,-50,70,None
0,-5,-3,-1,12,-2,-9,0,-8,0,0,0,54,-50,70,None
0,1,10,-3,0,3,1,-1,10,0,0,0,54,-50,70,None
0,-6,-6,66,16,-4,-9,-4,-7,0,0,0,54,-50,70,None
0,0,-1,-3,1,0,0,0,-4,0,0,0,54,-50,70,None
0,0,-1,-3,1,0,0,0,-4,0,0,0,54,-50,70,None
0,0,-1,-3,1,0,0,0,-4,0,0,0,55,-43,70,None
0,-1,-14,43,23,3,3,-2,-3,0,0,0,55,-43,70,None
0,-3,6,-45,19,-2,-4,-3,-31,0,0,0,55,-43,70,None
0,0,3,65,-22,1,0,-1,-4,0,0,0,55,-43,70,None
0,-2,-11,0,7,1,2,-2,-4,0,0,0,55,-43,70,None
0,-2,-11,0,7,1,2,-2,-4,0,0,0,55,-43,70,None
0,-2,-11,0,7,1,2,-2,-4,0,0,0,63,-39,69,None
0,-1,2,-13,-1,1,-1,-1,0,0,0,0,63,-39,69,None
0,2,7,9,21,4,0,1,5,0,0,0,63,-39,69,None
0,-5,-1,9,-15,-1,-1,-2,-4,0,0,0,63,-39,69,None
0,-5,4,-19,-15,-1,-3,-2,-3,0,0,0,63,-39,69,None
0,-5,4,-19,-15,-1,-3,-2,-3,0,0,0,63,-39,69,None
0,-5,4,-19,-15,-1,-3,-2,-3,0,0,0,81,-68,92,None
0,-2,1,-31,8,3,-5,0,-1,0,0,0,81,-68,92,None
0,8,2,-34,-3,-2,-5,-3,3,0,0,0,81,-68,92,None
0,-10,-11,22,-11,-2,-6,-2,3,0,0,0,81,-68,92,None
0,2,2,4,-17,-1,-7,-1,-10,0,0,0,81,-68,92,None
0,2,2,4,-17,-1,-7,-1,-10,0,0,0,81,-68,92,None
0,2,2,4,-17,-1,-7,-1,-10,0,0,0,73,-55,90,None
0,-1,-7,-24,1,1,-1,-1,1,0,0,0,73,-55,90,None
0,-5,5,44,11,0,0,-1,1,0,0,0,73,-55,90,None
0,-6,-3,15,-15,-1,6,-2,-6,0,0,0,73,-55,90,None
0,-2,0,-25,3,-1,6,0,-3,0,0,0,73,-55,90,None
0,-2,0,-25,3,-1,6,0,-3,0,0,0,73,-55,90,None
0,-2,0,-25,3,-1,6,0,-3,0,0,0,40,-25,84,None
0,-1,2,-20,-4,-2,6,-2,-5,0,0,0,40,-25,84,None
0,-3,2,1,-5,0,2,-1,1,0,0,0,40,-25,84,None
0,1,-2,11,2,1,2,-2,-4,0,0,0,40,-25,84,None
0,-2,3,2,0,4,3,-1,-2,0,0,0,40,-25,84,None
0,-2,3,2,0,4,3,-1,-2,0,0,0,40,-25,84,None
0,-2,3,2,0,4,3,-1,-2,0,0,0,44,-36,72,None
0,1,-3,5,-4,-1,-1,-1,5,0,0,0,44,-36,72,None
0,-3,6,-6,-7,2,-4,0,-20,0,0,0,44,-36,72,None
0,0,-2,-7,-11,1,-1,0,-2,0,0,0,44,-36,72,None
0,-1,-1,6,12,-2,-6,-1,1,0,0,0,44,-36,72,None
0,-1,-1,6,12,-2,-6,-1,1,0,0,0,44,-36,72,None
0,-1,-1,6,12,-2,-6,-1,1,0,0,0,56,-48,67,None
0,-3,-3,-11,1,-1,-4,-2,-2,0,0,0,56,-48,67,None
0,1,4,8,0,0,-2,-2,4,0,0,0,56,-48,67,None
0,0,0,-38,-1,-3,-2,-3,-3,0,0,0,56,-48,67,None
0,-2,-1,-2,-13,-3,-4,-3,-1,0,0,0,56,-48,67,None
0,-2,-1,-2,-13,-3,-4,-3,-1,0,0,0,56,-48,67,None
0,-2,-1,-2,-13,-3,-4,-3,-1,0,0,0,60,-43,68,None
0,-3,0,7,6,1,-2,-1,-5,0,0,0,60,-43,68,None
0,1,3,-30,-3,-1,-1,-2,2,0,0,0,60,-43,68,None
0,-1,-2,19,-8,-3,-1,-3,-6,0,0,0,60,-43,68,None
0,-3,2,8,-14,-1,-2,-2,1,0,0,0,60,-43,68,None
0,-3,2,8,-14,-1,-2,-2,1,0,0,0,60,-43,68,None
0,-3,2,8,-14,-1,-2,-2,1,0,0,0,63,-36,69,None
0,-2,2,-3,8,1,1,0,-5,0,0,0,63,-36,69,None
0,0,1,-8,-3,3,1,2,3,0,0,0,63,-36,69,None
0,-2,1,11,2,1,-2,-1,0,0,0,0,63,-36,69,None
0,-2,1,5,-2,0,1,0,-8,0,0,0,63,-36,69,None
0,-2,1,5,-2,0,1,0,-8,0,0,0,63,-36,69,None
0,-2,1,5,-2,0,1,0,-8,0,0,0,62,-37,69,None
0,-1,1,-19,7,1,-1,-1,-3,0,0,0,62,-37,69,None
0,-3,1,9,-10,-1,-2,-3,12,0,0,0,62,-37,69,None
0,-1,-6,-21,5,-2,-1,-1,-5,0,0,0,62,-37,69,None
0,-1,9,-11,-2,1,-1,0,4,0,0,0,62,-37,69,None
0,-1,9,-11,-2,1,-1,0,4,0,0,0,62,-37,69,None
0,-1,9,-11,-2,1,-1,0,4,0,0,0,58,-38,71,None
0,-1,4,-1,4,1,0,-1,-5,0,0,0,58,-38,71,None
0,-3,-3,3,-3,-2,-3,-2,5,0,0,0,58,-38,71,None
0,-2,8,1,-3,0,-2,0,-3,0,0,0,58,-38,71,None
0,-2,-3,-5,-3,1,-1,-2,0,0,0,0,58,-38,71,None
0,-2,-3,-5,-3,1,-1,-2,0,0,0,0,58,-38,71,None
0,-2,-3,-5,-3,1,-1,-2,0,0,0,0,56,-42,71,None
0,-2,-4,-14,0,-1,-3,-2,1,0,0,0,56,-42,71,None
0,-1,7,12,7,1,-2,-2,-5,0,0,0,56,-42,71,None
0,-5,0,38,-2,0,-2,0,-1,0,0,0,56,-42,71,None
0,3,-3,-36,-2,-2,-3,-4,6,0,0,0,56,-42,71,None
0,3,-3,-36,-2,-2,-3,-4,6,0,0,0,56,-42,71,None
0,3,-3,-36,-2,-2,-3,-4,6,0,0,0,56,-45,70,None
0,3,-2,23,1,0,-2,-3,-1,0,0,0,56,-45,70,None
0,-3,-2,-6,1,1,0,-1,-1,0,0,0,56,-45,70,None
0,-1,-3,-4,-4,0,-2,-1,-1,0,0,0,56,-45,70,None
0,-3,-7,-1,-5,-2,-2,-2,0,0,0,0,56,-45,70,None
0,-3,-7,-1,-5,-2,-2,-2,0,0,0,0,56,-45,70,None
0,-3,-7,-1,-5,-2,-2,-2,0,0,0,0,57,-44,68,None
0,-2,4,-23,-1,0,1,-1,-3,0,0,0,57,-44,68,None
0,0,0,-6,-2,0,0,-2,-1,0,0,0,57,-44,68,None
0,-1,-1,-2,-2,1,-2,-2,1,0,0,0,57,-44,68,None
0,-1,5,3,-4,0,0,-2,-3,0,0,0,57,-44,68,None
0,-1,5,3,-4,0,0,-2,-3,0,0,0,57,-44,68,None
0,-1,5,3,-4,0,0,-2,-3,0,0,0,57,-42,68,None
0,0,-3,2,0,1,0,0,-1,0,0,0,57,-42,68,None
0,-1,-2,0,-1,0,-3,-2,-4,0,0,0,57,-42,68,None
0,-5,0,-9,-17,-1,-1,-3,-6,0,0,0,57,-42,68,None
0,-2,17,7,12,2,-1,0,19,0,0,0,57,-42,68,None
0,-2,17,7,12,2,-1,0,19,0,0,0,57,-42,68,None
0,-2,17,7,12,2,-1,0,19,0,0,0,56,-42,68,None
0,0,5,22,-3,0,-2,-1,-16,0,0,0,56,-42,68,None
0,0,3,5,3,2,-1,-2,0,0,0,0,56,-42,68,None
0,2,0,-9,2,1,-1,0,0,0,0,0,56,-42,68,None
0,0,3,11,-4,-1,0,-2,-4,0,0,0,56,-42,68,None
0,0,3,11,-4,-1,0,-2,-4,0,0,0,56,-42,68,None
0,0,3,11,-4,-1,0,-2,-4,0,0,0,57,-42,67,None
0,-3,-5,-14,-3,1,-4,-3,3,0,0,0,57,-42,67,None
0,-1,2,-10,-2,-1,0,-1,0,0,0,0,57,-42,67,None
0,0,6,9,3,2,0,-3,-4,0,0,0,57,-42,67,None
0,-3,-6,-6,-4,1,-3,-2,-7,0,0,0,57,-42,67,None
0,-3,-6,-6,-4,1,-3,-2,-7,0,0,0,57,-42,67,None
0,-3,-6,-6,-4,1,-3,-2,-7,0,0,0,57,-40,68,None
0,-2,-2,-14,1,0,-2,0,1,0,0,0,57,-40,68,None
0,-2,-3,0,-1,-1,1,-1,-6,0,0,0,57,-40,68,None
0,-2,-3,-14,4,0,-3,-2,6,0,0,0,57,-40,68,None
0,2,-3,-19,-6,0,0,-3,1,0,0,0,57,-40,68,None
0,2,-3,-19,-6,0,0,-3,1,0,0,0,57,-40,68,None
0,2,-3,-19,-6,0,0,-3,1,0,0,0,58,-41,69,None
0,-2,-13,-9,4,-1,0,-1,-2,0,0,0,58,-41,69,None
0,-1,2,-11,-3,1,0,0,0,0,0,0,58,-41,69,None
0,-1,0,11,-3,-2,-2,-2,-2,0,0,0,58,-41,69,None
0,-1,-2,-14,-3,0,0,0,-4,0,0,0,58,-41,69,None
0,-1,-2,-14,-3,0,0,0,-4,0,0,0,58,-41,69,None
0,-1,-2,-14,-3,0,0,0,-4,0,0,0,59,-41,69,None
0,-1,6,-3,-2,2,0,-1,-2,0,0,0,59,-41,69,None
0,-2,-3,-2,-1,-1,-1,-2,-1,0,0,0,59,-41,69,None
0,-5,-2,7,6,-1,-2,-3,-6,0,0,0,59,-41,69,None
0,0,-3,3,-2,0,-1,0,18,0,0,0,59,-41,69,None
0,0,-3,3,-2,0,-1,0,18,0,0,0,59,-41,69,None
0,0,-3,3,-2,0,-1,0,18,0,0,0,58,-39,71,None
0,-4,-1,-3,-3,0,-2,-2,-4,0,0,0,58,-39,71,None
0,-1,-1,5,6,0,-2,-1,-2,0,0,0,58,-39,71,None
0,2,5,17,7,2,2,0,5,0,0,0,58,-39,71,None
0,-3,2,-34,-16,-1,-2,-2,-10,0,0,0,58,-39,71,None
0,-3,2,-34,-16,-1,-2,-2,-10,0,0,0,58,-39,71,None
0,-3,2,-34,-16,-1,-2,-2,-10,0,0,0,58,-39,70,None
0,-1,1,7,2,0,-1,-3,0,0,0,0,58,-39,70,None
0,0,3,-17,-4,-1,0,0,5,0,0,0,58,-39,70,None
0,1,0,9,-1,0,0,0,-2,0,0,0,58,-39,70,None
0,0,-3,-7,3,-1,-2,-2,-6,0,0,0,58,-39,70,None
0,0,-3,-7,3,-1,-2,-2,-6,0,0,0,58,-39,70,None
0,0,-3,-7,3,-1,-2,-2,-6,0,0,0,58,-39,71,None
0,-3,-1,18,-2,-1,-2,-2,1,0,0,0,58,-39,71,None
0,0,2,-19,-6,1,-1,-2,-5,0,0,0,58,-39,71,None
0,-3,-1,5,1,0,-2,0,4,0,0,0,58,-39,71,None
0,-2,-3,16,7,1,1,-1,-7,0,0,0,58,-39,71,None
0,-2,-3,16,7,1,1,-1,-7,0,0,0,58,-39,71,None
0,-2,-3,16,7,1,1,-1,-7,0,0,0,57,-39,71,None
0,1,4,-22,-2,1,0,1,-1,0,0,0,57,-39,71,None
0,-2,0,13,1,-1,-1,-1,6,0,0,0,57,-39,71,None
0,-1,0,-15,-6,-1,-2,-3,-6,0,0,0,57,-39,71,None
0,1,3,6,-1,1,2,-2,-4,0,0,0,57,-39,71,None
0,1,3,6,-1,1,2,-2,-4,0,0,0,57,-39,71,None
0,1,3,6,-1,1,2,-2,-4,0,0,0,58,-39,71,None
0,1,6,26,4,0,1,0,-6,0,0,0,58,-39,71,None
0,-3,-4,-97,-17,-1,-1,-1,-1,0,0,0,58,-39,71,None
0,-1,0,75,7,-2,-1,-3,-3,0,0,0,58,-39,71,None
0,-1,0,1,5,3,-1,-2,-9,0,0,0,58,-39,71,None
0,-1,0,1,5,3,-1,-2,-9,0,0,0,58,-39,71,None
0,-1,0,1,5,3,-1,-2,-9,0,0,0,58,-39,70,None
0,-3,0,8,-4,-1,-3,-2,5,0,0,0,58,-39,70,None
0,2,-1,14,0,0,-3,-1,-5,0,0,0,58,-39,70,None
0,0,1,-31,-8,1,1,-2,-3,0,0,0,58,-39,70,None
0,-2,-1,1,1,-1,0,0,-7,0,0,0,58,-39,70,None
0,-2,-1,1,1,-1,0,0,-7,0,0,0,58,-39,70,None
0,-2,-1,1,1,-1,0,0,-7,0,0,0,57,-39,70,None
0,-2,-1,-7,-1,1,-2,-3,0,0,0,0,57,-39,70,None
0,-2,4,12,-1,-1,-1,-1,-2,0,0,0,57,-39,70,None
0,0,-1,-21,-2,0,0,0,-2,0,0,0,57,-39,70,None
0,-2,2,37,3,0,-3,-3,1,0,0,0,57,-39,70,None
0,-2,2,37,3,0,-3,-3,1,0,0,0,57,-39,70,None
0,-2,2,37,3,0,-3,-3,1,0,0,0,58,-40,70,None
0,1,-3,-42,-6,1,0,-2,15,0,0,0,58,-40,70,None
0,-4,1,-19,-5,-2,0,0,-15,0,0,0,58,-40,70,None
0,5,-1,2,4,0,0,-2,2,0,0,0,58,-40,70,None
0,-1,-2,6,1,2,-2,0,-1,0,0,0,58,-40,70,None
0,-1,-2,6,1,2,-2,0,-1,0,0,0,58,-40,70,None
0,-1,-2,6,1,2,-2,0,-1,0,0,0,57,-41,69,None
0,-1,3,-13,-3,1,1,1,-7,0,0,0,57,-41,69,None
0,2,0,14,3,0,-2,-2,15,0,0,0,57,-41,69,None
0,-1,1,-14,-5,0,-2,-2,-4,0,0,0,57,-41,69,None
0,-1,2,-11,-5,-2,1,0,-4,0,0,0,57,-41,69,None
0,-1,2,-11,-5,-2,1,0,-4,0,0,0,57,-41,69,None
0,-1,2,-11,-5,-2,1,0,-4,0,0,0,57,-41,69,None
0,-4,0,5,2,0,1,-2,-6,0,0,0,57,-41,69,None
0,-3,3,28,5,1,-1,-2,-2,0,0,0,57,-41,69,None
0,-2,-2,-28,-10,0,-2,0,-2,0,0,0,57,-41,69,None
0,1,-1,34,14,1,-2,0,-3,0,0,0,57,-41,69,None
0,1,-1,34,14,1,-2,0,-3,0,0,0,57,-41,69,None
0,1,-1,34,14,1,-2,0,-3,0,0,0,57,-41,70,None
0,-3,-3,-21,-19,-2,-2,-2,-3,0,0,0,57,-41,70,None
0,0,1,28,14,1,-2,-2,-4,0,0,0,57,-41,70,None
0,0,2,-18,-2,0,0,0,3,0,0,0,57,-41,70,None
0,-4,0,-13,-5,0,-1,-2,-3,0,0,0,57,-41,70,None
0,-4,0,-13,-5,0,-1,-2,-3,0,0,0,57,-41,70,None
0,-4,0,-13,-5,0,-1,-2,-3,0,0,0,57,-40,70,None
0,0,0,1,2,0,-1,-1,3,0,0,0,57,-40,70,None
0,-4,1,3,-5,1,1,-1,-28,0,0,0,57,-40,70,None
0,-4,1,-9,-2,1,0,-2,-2,0,0,0,57,-40,70,None
0,-3,1,23,0,1,-2,-3,-1,0,0,0,57,-40,70,None
0,-3,1,23,0,1,-2,-3,-1,0,0,0,57,-40,70,None
0,-3,1,23,0,1,-2,-3,-1,0,0,0,58,-40,70,None
0,0,4,14,9,-1,-2,-3,-8,0,0,0,58,-40,70,None
0,-4,-2,3,-5,-2,-1,-1,5,0,0,0,58,-40,70,None
0,1,-2,-21,0,0,-3,-2,13,0,0,0,58,-40,70,None
0,-1,0,-1,-3,0,0,-1,-7,0,0,0,58,-40,70,None
0,-1,0,-1,-3,0,0,-1,-7,0,0,0,58,-40,70,None
0,-1,0,-1,-3,0,0,-1,-7,0,0,0,58,-39,70,None
0,1,0,4,3,1,-1,0,-1,0,0,0,58,-39,70,None
0,-1,-3,4,0,1,-1,-2,-2,0,0,0,58,-39,70,None
0,-2,-1,5,-1,0,-2,-2,-8,0,0,0,58,-39,70,None
0,0,1,-18,-7,0,0,-2,7,0,0,0,58,-39,70,None
0,0,1,-18,-7,0,0,-2,7,0,0,0,58,-39,70,None
0,0,1,-18,-7,0,0,-2,7,0,0,0,58,-39,70,None
0,0,2,-11,-1,0,-1,0,-2,0,0,0,58,-39,70,None
0,-2,0,-6,-2,0,-1,-4,1,0,0,0,58,-39,70,None
0,-3,-2,6,4,0,1,-2,-5,0,0,0,58,-39,70,None
0,-1,-1,-3,-2,0,-1,0,0,0,0,0,58,-39,70,None
0,-1,-1,-3,-2,0,-1,0,0,0,0,0,58,-39,70,None
0,-1,-1,-3,-2,0,-1,0,0,0,0,0,58,-40,70,None
0,-3,2,-1,3,-1,-2,-2,-23,0,0,0,58,-40,70,None
0,8,-4,3,2,0,-4,-1,8,0,0,0,58,-40,70,None
0,-1,1,-1,-2,1,-1,-1,0,0,0,0,58,-40,70,None
0,-3,1,-5,-2,0,0,-3,-5,0,0,0,58,-40,70,None
0,-3,1,-5,-2,0,0,-3,-5,0,0,0,58,-40,70,None
0,-3,1,-5,-2,0,0,-3,-5,0,0,0,58,-40,70,None
0,-3,0,10,0,0,-1,-3,4,0,0,0,58,-40,70,None
0,-2,3,-14,-6,0,-1,0,2,0,0,0,58,-40,70,None
0,-1,-1,-30,-2,-2,1,-2,-5,0,0,0,58,-40,70,None
0,-1,-3,-10,-3,-1,-2,-1,2,0,0,0,58,-40,70,None
0,-1,-3,-10,-3,-1,-2,-1,2,0,0,0,58,-40,70,None
0,-1,-3,-10,-3,-1,-2,-1,2,0,0,0,57,-40,69,None
0,-2,1,-16,-1,0,0,0,-3,0,0,0,57,-40,69,None
0,-4,3,18,-5,1,-1,-2,-5,0,0,0,57,-40,69,None
0,-4,-1,14,5,1,-1,0,-1,0,0,0,57,-40,69,None
0,-2,1,-30,-3,-2,-3,-2,-1,0,0,0,57,-40,69,None
0,-2,1,-30,-3,-2,-3,-2,-1,0,0,0,57,-40,69,None
0,-2,1,-30,-3,-2,-3,-2,-1,0,0,0,57,-41,69,None
0,2,2,-3,-1,1,-1,0,3,0,0,0,57,-41,69,None
0,0,-1,6,1,-2,-1,-1,-23,0,0,0,57,-41,69,None
0,1,0,-8,-3,-1,-3,-2,-1,0,0,0,57,-41,69,None
0,-1,3,10,-3,0,1,-1,-3,0,0,0,57,-41,69,None
0,-1,3,10,-3,0,1,-1,-3,0,0,0,57,-41,69,None
0,-1,3,10,-3,0,1,-1,-3,0,0,0,58,-41,69,None
0,1,0,1,1,-1,-1,0,2,0,0,0,58,-41,69,None
0,-4,-1,-6,0,1,-1,-2,4,0,0,0,58,-41,69,None
0,-2,2,7,-1,0,0,-1,0,0,0,0,58,-41,69,None
0,-1,2,1,1,2,-2,0,-4,0,0,0,58,-41,69,None
0,-1,2,1,1,2,-2,0,-4,0,0,0,58,-41,69,None
0,-1,2,1,1,2,-2,0,-4,0,0,0,57,-40,69,None
0,-3,-1,9,2,1,-2,-3,2,0,0,0,57,-40,69,None
0,-1,-2,-28,3,0,-1,-1,3,0,0,0,57,-40,69,None
0,-2,3,27,0,0,-1,-1,-6,0,0,0,57,-40,69,None
0,-2,-1,-14,-2,-1,-1,-2,3,0,0,0,57,-40,69,None
0,-2,-1,-14,-2,-1,-1,-2,3,0,0,0,57,-40,69,None
0,-2,-1,-14,-2,-1,-1,-2,3,0,0,0,58,-41,70,None
0,0,0,-3,0,-1,0,-2,-2,0,0,0,58,-41,70,None
0,0,3,16,-2,1,0,0,1,0,0,0,58,-41,70,None
0,0,2,4,6,1,0,0,-4,0,0,0,58,-41,70,None
0,-2,-3,-17,-4,-1,-2,-3,18,0,0,0,58,-41,70,None
0,-2,-3,-17,-4,-1,-2,-3,18,0,0,0,58,-41,70,None
0,-2,-3,-17,-4,-1,-2,-3,18,0,0,0,58,-40,70,None
0,0,1,14,-2,0,0,-2,-14,0,0,0,58,-40,70,None
0,0,-1,5,3,0,1,1,-1,0,0,0,58,-40,70,None
0,0,0,23,2,-1,-2,-3,1,0,0,0,58,-40,70,None
0,-1,-2,-14,-3,-2,-2,-3,-3,0,0,0,58,-40,70,None
0,-1,-2,-14,-3,-2,-2,-3,-3,0,0,0,58,-40,70,None
0,-1,-2,-14,-3,-2,-2,-3,-3,0,0,0,58,-41,70,None
0,1,2,-24,-2,0,-2,-2,3,0,0,0,58,-41,70,None
0,-2,0,-7,-4,-1,-1,-2,5,0,0,0,58,-41,70,None
0,-2,2,-5,-3,-1,-1,-1,-4,0,0,0,58,-41,70,None
0,-1,1,18,2,2,1,0,-7,0,0,0,58,-41,70,None
0,-1,1,18,2,2,1,0,-7,0,0,0,58,-41,70,None
0,-1,1,18,2,2,1,0,-7,0,0,0,58,-40,70,None
0,-2,0,-2,-2,1,0,0,2,0,0,0,58,-40,70,None
0,-1,0,-6,-2,0,-2,-3,-6,0,0,0,58,-40,70,None
0,1,1,-13,-1,0,1,-1,4,0,0,0,58,-40,70,None
0,1,5,3,6,1,0,0,-1,0,0,0,58,-40,70,None
0,1,5,3,6,1,0,0,-1,0,0,0,58,-40,70,None
0,1,5,3,6,1,0,0,-1,0,0,0,57,-40,69,None
0,-2,-1,-8,-3,-1,-2,-2,1,0,0,0,57,-40,69,None
0,0,0,3,-1,1,-4,-1,3,0,0,0,57,-40,69,None
0,-2,-2,-14,-4,2,-1,-1,-5,0,0,0,57,-40,69,None
0,-2,-1,5,-1,1,-2,-1,-2,0,0,0,57,-40,69,None
0,-2,-1,5,-1,1,-2,-1,-2,0,0,0,57,-40,69,None
0,-2,-1,5,-1,1,-2,-1,-2,0,0,0,58,-40,70,None
0,-2,1,3,0,0,-2,-2,0,0,0,0,58,-40,70,None
0,-4,4,-5,0,-1,2,-1,-6,0,0,0,58,-40,70,None
0,3,1,47,7,4,1,-1,6,0,0,0,58,-40,70,None
0,-5,-2,-37,-7,-5,-3,-3,-6,0,0,0,58,-40,70,None
0,-5,-2,-37,-7,-5,-3,-3,-6,0,0,0,58,-40,70,None
0,-5,-2,-37,-7,-5,-3,-3,-6,0,0,0,57,-40,70,None
0,3,4,11,7,2,-1,-1,1,0,0,0,57,-40,70,None
0,-3,-1,-3,-2,1,2,-1,-1,0,0,0,57,-40,70,None
0,0,-1,-4,-1,-2,-1,-1,-3,0,0,0,57,-40,70,None
0,-1,-1,2,-1,0,-2,-2,-1,0,0,0,57,-40,70,None
0,-1,-1,2,-1,0,-2,-2,-1,0,0,0,57,-40,70,None
0,-1,-1,2,-1,0,-2,-2,-1,0,0,0,58,-41,70,None
0,-3,-1,-1,-4,0,-2,-1,1,0,0,0,58,-41,70,None
