0,11,18,31,-5,2,8,9,11,0,0,0,4,-84,46,None
0,1,-38,-48,-3,9,-3,-2,14,0,0,0,4,-84,46,None
0,0,45,86,28,-5,-4,-6,-15,0,0,0,4,-84,46,None
0,0,45,86,28,-5,-4,-6,-15,0,0,0,4,-84,46,None
0,0,45,86,28,-5,-4,-6,-15,0,0,0,6,-78,46,None
0,9,9,5,-1,4,7,6,12,0,0,0,6,-78,46,None
0,-6,-6,-20,-5,9,8,1,-7,0,0,0,6,-78,46,None
0,-11,-18,-74,-12,7,-7,-4,-3,0,0,0,6,-78,46,None
0,0,1,6,11,-9,-4,-4,-2,0,0,0,6,-78,46,None
0,0,1,6,11,-9,-4,-4,-2,0,0,0,6,-78,46,None
0,0,1,6,11,-9,-4,-4,-2,0,0,0,7,-75,50,None
0,3,-1,-47,-27,-7,-2,1,12,0,0,0,7,-75,50,None
0,-13,-18,7,-27,-18,-11,-10,-5,0,0,0,7,-75,50,None
0,3,15,19,12,-2,5,1,-14,0,0,0,7,-75,50,None
0,-13,-28,-84,-30,-6,-13,-6,-11,0,0,0,7,-75,50,None
0,-13,-28,-84,-30,-6,-13,-6,-11,0,0,0,7,-75,50,None
0,-13,-28,-84,-30,-6,-13,-6,-11,0,0,0,15,-84,50,None
0,-6,11,65,7,-1,-9,-10,-11,0,0,0,15,-84,50,None
0,4,10,-11,8,3,4,3,5,0,0,0,15,-84,50,None
0,8,2,2,11,3,-8,0,16,0,0,0,15,-84,50,None
0,-3,2,-23,-15,-11,-5,-5,-3,0,0,0,15,-84,50,None
0,-3,2,-23,-15,-11,-5,-5,-3,0,0,0,15,-84,50,None
0,-3,2,-23,-15,-11,-5,-5,-3,0,0,0,14,-81,51,None
0,-2,0,36,21,19,7,0,-14,0,0,0,14,-81,51,None
0,-3,2,30,1,10,23,3,8,0,0,0,14,-81,51,None
0,1,5,-8,14,4,0,2,5,0,0,0,14,-81,51,None
0,-2,-14,-5,-19,-3,3,-5,-4,0,0,0,14,-81,51,None
0,-2,-14,-5,-19,-3,3,-5,-4,0,0,0,14,-81,51,None
0,-2,-14,-5,-19,-3,3,-5,-4,0,0,0,15,-70,52,None
0,2,2,-9,7,-8,-18,-3,-3,0,0,0,15,-70,52,None
0,-1,14,48,20,-2,-5,-2,-9,0,0,0,15,-70,52,None
0,-7,-5,-27,-8,10,2,-2,-2,0,0,0,15,-70,52,None
0,9,26,1,-1,-3,-4,0,8,0,0,0,15,-70,52,None
0,9,26,1,-1,-3,-4,0,8,0,0,0,15,-70,52,None
0,9,26,1,-1,-3,-4,0,8,0,0,0,14,-74,52,None
0,-7,-23,-27,-5,-2,-6,-4,-4,0,0,0,14,-74,52,None
0,-4,0,-10,-9,-4,2,-8,-13,0,0,0,14,-74,52,None
0,0,-1,12,5,10,4,9,7,0,0,0,14,-74,52,None
0,-1,-7,-8,-11,-11,-10,-1,1,0,0,0,14,-74,52,None
0,-1,-7,-8,-11,-11,-10,-1,1,0,0,0,14,-74,52,None
0,-1,-7,-8,-11,-11,-10,-1,1,0,0,0,6,-76,55,None
0,0,3,15,11,17,12,-2,-2,0,0,0,6,-76,55,None
0,-2,2,0,19,0,-3,0,-4,0,0,0,6,-76,55,None
0,2,0,-5,-4,-3,0,-4,3,0,0,0,6,-76,55,None
0,-5,-11,-16,7,-1,-12,-6,-4,0,0,0,6,-76,55,None
0,-5,-11,-16,7,-1,-12,-6,-4,0,0,0,6,-76,55,None
0,-5,-11,-16,7,-1,-12,-6,-4,0,0,0,3,-73,53,None
0,-2,4,13,-8,-7,-6,7,0,0,0,0,3,-73,53,None
0,-1,-4,-6,-23,5,17,1,-1,0,0,0,3,-73,53,None
0,3,4,-5,12,4,-1,-7,-1,0,0,0,3,-73,53,None
0,-2,-2,-2,-17,2,3,3,0,0,0,0,3,-73,53,None
0,-2,-2,-2,-17,2,3,3,0,0,0,0,3,-73,53,None
0,-2,-2,-2,-17,2,3,3,0,0,0,0,4,-77,55,None
0,0,7,5,7,-3,3,-2,-1,0,0,0,4,-77,55,None
0,-7,-4,9,24,-6,-24,-10,1,0,0,0,4,-77,55,None
0,-1,-2,-15,0,-1,1,-4,-3,0,0,0,4,-77,55,None
0,-4,-9,-6,-8,-2,0,1,0,0,0,0,4,-77,55,None
0,-4,-9,-6,-8,-2,0,1,0,0,0,0,4,-77,55,None
0,-4,-9,-6,-8,-2,0,1,0,0,0,0,8,-81,54,None
0,-1,3,-5,-10,9,12,-1,-2,0,0,0,8,-81,54,None
0,1,0,-12,-24,-4,-7,1,-3,0,0,0,8,-81,54,None
0,-4,-2,18,2,-13,-19,-11,-4,0,0,0,8,-81,54,None
0,0,-4,-23,-19,5,6,2,2,0,0,0,8,-81,54,None
0,0,-4,-23,-19,5,6,2,2,0,0,0,8,-81,54,None
0,0,-4,-23,-19,5,6,2,2,0,0,0,0,-83,55,None
0,-1,4,20,51,12,7,3,0,0,0,0,0,-83,55,None
0,0,0,-3,-4,3,0,-2,-2,0,0,0,0,-83,55,None
0,-3,-2,19,6,-8,-5,-2,-1,0,0,0,0,-83,55,None
0,-2,2,-24,-38,-5,0,4,1,0,0,0,0,-83,55,None
0,-2,2,-24,-38,-5,0,4,1,0,0,0,0,-83,55,None
0,-2,2,-24,-38,-5,0,4,1,0,0,0,-7,-84,54,None
0,-2,-5,3,-4,-13,2,9,4,0,0,0,-7,-84,54,None
0,-5,-4,-6,4,14,-15,-17,-14,0,0,0,-7,-84,54,None
0,4,5,-9,4,4,15,4,2,0,0,0,-7,-84,54,None
0,-4,-3,-14,4,8,12,3,1,0,0,0,-7,-84,54,None
0,-4,-3,-14,4,8,12,3,1,0,0,0,-7,-84,54,None
0,-4,-3,-14,4,8,12,3,1,0,0,0,-11,-84,52,None
0,-3,-1,1,6,0,-8,-6,-5,0,0,0,-11,-84,52,None
0,1,-3,-13,-17,-16,-5,2,1,0,0,0,-11,-84,52,None
0,-1,0,-7,-16,-6,-12,-3,-2,0,0,0,-11,-84,52,None
0,0,-1,10,23,4,-1,-7,-8,0,0,0,-11,-84,52,None
0,0,-1,10,23,4,-1,-7,-8,0,0,0,-11,-84,52,None
0,0,-1,10,23,4,-1,-7,-8,0,0,0,-8,-83,53,None
0,-1,5,5,6,5,0,1,1,0,0,0,-8,-83,53,None
0,0,1,-3,-9,-4,1,4,0,0,0,0,-8,-83,53,None
0,-4,-5,-11,7,5,-7,-2,0,0,0,0,-8,-83,53,None
0,1,2,9,10,2,11,2,1,0,0,0,-8,-83,53,None
0,1,2,9,10,2,11,2,1,0,0,0,-8,-83,53,None
0,1,2,9,10,2,11,2,1,0,0,0,-8,-80,52,None
0,-2,-3,-9,-14,-6,-9,-10,-7,0,0,0,-8,-80,52,None
0,0,1,-4,2,1,-1,1,0,0,0,0,-8,-80,52,None
0,-2,1,4,9,1,0,-2,-2,0,0,0,-8,-80,52,None
0,0,-1,-1,-21,-4,-5,0,-1,0,0,0,-8,-80,52,None
0,0,-1,-1,-21,-4,-5,0,-1,0,0,0,-8,-80,52,None
0,0,-1,-1,-21,-4,-5,0,-1,0,0,0,-13,-84,53,None
0,1,9,17,-5,1,-2,-4,-2,0,0,0,-13,-84,53,None
0,-8,-11,-18,-3,-11,-5,-4,-6,0,0,0,-13,-84,53,None
0,-2,-4,-18,-16,-4,1,-1,-4,0,0,0,-13,-84,53,None
0,0,3,19,17,2,-3,-2,1,0,0,0,-13,-84,53,None
0,0,3,19,17,2,-3,-2,1,0,0,0,-13,-84,53,None
0,0,3,19,17,2,-3,-2,1,0,0,0,-21,-91,51,None
0,-1,-3,-4,3,1,2,-2,-3,0,0,0,-21,-91,51,None
0,-1,5,13,-4,4,2,2,0,0,0,0,-21,-91,51,None
0,1,2,6,-3,4,6,2,2,0,0,0,-21,-91,51,None
0,0,3,-27,5,-5,-9,-3,0,0,0,0,-21,-91,51,None
0,0,3,-27,5,-5,-9,-3,0,0,0,0,-21,-91,51,None
0,0,3,-27,5,-5,-9,-3,0,0,0,0,-30,-87,50,None
0,-3,0,-16,-11,-12,-3,-2,-1,0,0,0,-30,-87,50,None
0,3,10,2,11,13,2,0,0,0,0,0,-30,-87,50,None
0,1,-1,-9,1,-3,2,-1,-1,0,0,0,-30,-87,50,None
0,0,0,7,-4,-4,-3,-2,-1,0,0,0,-30,-87,50,None
0,0,0,7,-4,-4,-3,-2,-1,0,0,0,-30,-87,50,None
0,0,0,7,-4,-4,-3,-2,-1,0,0,0,-33,-82,50,None
0,-1,-1,21,-5,-7,-4,-3,-4,0,0,0,-33,-82,50,None
0,-2,-7,-37,-15,-5,-2,-2,-2,0,0,0,-33,-82,50,None
0,-2,0,8,8,1,-9,-3,-4,0,0,0,-33,-82,50,None
0,0,9,14,10,3,3,0,0,0,0,0,-33,-82,50,None
0,0,9,14,10,3,3,0,0,0,0,0,-33,-82,50,None
0,0,9,14,10,3,3,0,0,0,0,0,-36,-82,47,None
0,-2,-2,-20,3,8,7,-4,-6,0,0,0,-36,-82,47,None
0,-1,-3,6,0,-1,0,2,2,0,0,0,-36,-82,47,None
0,-1,14,2,1,6,-1,2,0,0,0,0,-36,-82,47,None
0,-2,-14,-48,6,10,-6,-4,-3,0,0,0,-36,-82,47,None
0,-2,-14,-48,6,10,-6,-4,-3,0,0,0,-36,-82,47,None
0,-2,-14,-48,6,10,-6,-4,-3,0,0,0,-34,-85,49,None
0,-3,-3,-2,-8,-9,0,-4,-2,0,0,0,-34,-85,49,None
0,0,6,-1,5,2,-1,-2,0,0,0,0,-34,-85,49,None
0,-2,-2,2,-9,-9,-4,-1,-1,0,0,0,-34,-85,49,None
0,0,13,15,12,13,9,1,-2,0,0,0,-34,-85,49,None
0,0,13,15,12,13,9,1,-2,0,0,0,-34,-85,49,None
0,0,13,15,12,13,9,1,-2,0,0,0,-25,-84,50,None
0,-3,-10,-52,7,21,-3,1,-2,0,0,0,-25,-84,50,None
0,3,-7,-7,-22,-24,7,5,9,0,0,0,-25,-84,50,None
0,2,-18,-43,-16,-12,-3,-4,3,0,0,0,-25,-84,50,None
0,-8,12,88,10,-10,-9,-5,-12,0,0,0,-25,-84,50,None
0,-8,12,88,10,-10,-9,-5,-12,0,0,0,-25,-84,50,None
0,-8,12,88,10,-10,-9,-5,-12,0,0,0,-26,-82,49,None
0,-9,-20,-33,-9,12,-9,-9,-15,0,0,0,-26,-82,49,None
0,0,12,0,11,-1,6,1,-3,0,0,0,-26,-82,49,None
0,3,2,-26,-20,-26,-12,-3,5,0,0,0,-26,-82,49,None
0,5,-8,-8,-4,22,19,9,19,0,0,0,-26,-82,49,None
0,5,-8,-8,-4,22,19,9,19,0,0,0,-26,-82,49,None
0,5,-8,-8,-4,22,19,9,19,0,0,0,-29,-83,47,None
0,0,18,-6,-7,-12,-4,-4,-24,0,0,0,-29,-83,47,None
0,-11,-12,26,18,19,-18,-10,-11,0,0,0,-29,-83,47,None
0,-3,-1,-24,-5,-12,0,0,-3,0,0,0,-29,-83,47,None
0,0,5,0,-7,-2,-8,-5,0,0,0,0,-29,-83,47,None
0,0,5,0,-7,-2,-8,-5,0,0,0,0,-29,-83,47,None
0,0,5,0,-7,-2,-8,-5,0,0,0,0,-25,-81,48,None
0,-8,-17,-36,0,-3,3,1,6,0,0,0,-25,-81,48,None
0,-1,-3,-101,-20,-5,6,2,-17,0,0,0,-25,-81,48,None
0,3,11,103,23,12,-2,-4,-2,0,0,0,-25,-81,48,None
0,-10,-21,-14,3,-5,-14,-6,7,0,0,0,-25,-81,48,None
0,-10,-21,-14,3,-5,-14,-6,7,0,0,0,-25,-81,48,None
0,-10,-21,-14,3,-5,-14,-6,7,0,0,0,-9,-83,49,None
0,5,8,19,4,3,0,-3,-18,0,0,0,-9,-83,49,None
0,4,10,16,1,-11,0,3,12,0,0,0,-9,-83,49,None
0,-10,-16,-12,7,34,14,-1,-12,0,0,0,-9,-83,49,None
0,5,17,3,-2,-11,-4,3,16,0,0,0,-9,-83,49,None
0,5,17,3,-2,-11,-4,3,16,0,0,0,-9,-83,49,None
0,5,17,3,-2,-11,-4,3,16,0,0,0,-4,-84,49,None
0,3,1,97,2,-9,-6,-3,-2,0,0,0,-4,-84,49,None
0,21,33,11,8,7,1,1,13,0,0,0,-4,-84,49,None
0,-7,13,-8,-1,12,-1,-2,-14,0,0,0,-4,-84,49,None
0,-10,-41,-53,-8,-18,-1,-5,-10,0,0,0,-4,-84,49,None
0,-10,-41,-53,-8,-18,-1,-5,-10,0,0,0,-4,-84,49,None
0,-10,-41,-53,-8,-18,-1,-5,-10,0,0,0,-13,-85,51,None
0,1,17,-50,-18,2,-1,1,8,0,0,0,-13,-85,51,None
0,-9,-11,0,-1,-1,-3,-2,-6,0,0,0,-13,-85,51,None
0,6,10,-30,1,8,-4,-2,14,0,0,0,-13,-85,51,None
0,0,3,-7,-8,-5,1,-4,-17,0,0,0,-13,-85,51,None
0,0,3,-7,-8,-5,1,-4,-17,0,0,0,-13,-85,51,None
0,0,3,-7,-8,-5,1,-4,-17,0,0,0,-10,-83,51,None
0,-4,-6,-8,3,2,2,1,5,0,0,0,-10,-83,51,None
0,-15,-21,-45,-14,1,-5,-1,-6,0,0,0,-10,-83,51,None
0,5,9,-10,11,6,3,3,24,0,0,0,-10,-83,51,None
0,-11,-26,-42,-4,9,-2,-9,-33,0,0,0,-10,-83,51,None
0,-11,-26,-42,-4,9,-2,-9,-33,0,0,0,-10,-83,51,None
0,-11,-26,-42,-4,9,-2,-9,-33,0,0,0,-3,-86,51,None
0,12,15,-41,-5,-12,7,8,13,0,0,0,-3,-86,51,None
0,0,-7,24,7,11,3,-7,0,0,0,0,-3,-86,51,None
0,-4,-8,21,-3,-8,-11,-4,-2,0,0,0,-3,-86,51,None
0,2,8,-37,-10,0,-1,-1,0,0,0,0,-3,-86,51,None
0,2,8,-37,-10,0,-1,-1,0,0,0,0,-3,-86,51,None
0,2,8,-37,-10,0,-1,-1,0,0,0,0,0,-84,51,None
0,-2,-1,3,2,-1,-6,-2,8,0,0,0,0,-84,51,None
0,-4,-1,6,6,3,4,-3,-3,0,0,0,0,-84,51,None
0,1,3,4,1,9,4,2,-9,0,0,0,0,-84,51,None
0,2,5,6,-5,3,7,0,5,0,0,0,0,-84,51,None
0,2,5,6,-5,3,7,0,5,0,0,0,0,-84,51,None
0,2,5,6,-5,3,7,0,5,0,0,0,8,-85,54,None
0,3,0,23,16,10,-2,-2,2,0,0,0,8,-85,54,None
0,-4,2,-38,-3,-3,5,1,-3,0,0,0,8,-85,54,None
0,0,0,-36,-9,-3,-9,-1,-3,0,0,0,8,-85,54,None
0,-14,-16,48,1,-17,-9,-8,-10,0,0,0,8,-85,54,None
0,-14,-16,48,1,-17,-9,-8,-10,0,0,0,8,-85,54,None
0,-14,-16,48,1,-17,-9,-8,-10,0,0,0,15,-86,57,None
0,-6,-3,-5,2,16,11,1,3,0,0,0,15,-86,57,None
0,1,5,21,-9,-18,-24,-6,-5,0,0,0,15,-86,57,None
0,-1,0,18,2,3,5,-3,-6,0,0,0,15,-86,57,None
0,1,8,-21,2,2,-7,1,3,0,0,0,15,-86,57,None
0,1,8,-21,2,2,-7,1,3,0,0,0,15,-86,57,None
0,1,8,-21,2,2,-7,1,3,0,0,0,16,-81,56,None
0,-1,3,13,-8,-8,-1,-6,-4,0,0,0,16,-81,56,None
0,-3,-5,22,13,6,11,11,4,0,0,0,16,-81,56,None
0,-1,0,-2,-1,16,6,3,-2,0,0,0,16,-81,56,None
0,3,16,17,6,9,7,-3,4,0,0,0,16,-81,56,None
0,3,16,17,6,9,7,-3,4,0,0,0,16,-81,56,None
0,3,16,17,6,9,7,-3,4,0,0,0,12,-82,55,None
0,-2,-3,4,0,-9,0,-1,0,0,0,0,12,-82,55,None
0,1,7,17,-2,3,-8,-7,-4,0,0,0,12,-82,55,None
0,-4,-7,25,3,-14,-16,-2,-4,0,0,0,12,-82,55,None
0,3,7,-16,-2,1,0,-5,-2,0,0,0,12,-82,55,None
0,3,7,-16,-2,1,0,-5,-2,0,0,0,12,-82,55,None
0,3,7,-16,-2,1,0,-5,-2,0,0,0,2,-84,55,None
0,-2,0,10,-8,-12,-12,3,-1,0,0,0,2,-84,55,None
0,-4,-5,-3,-3,10,17,-5,-2,0,0,0,2,-84,55,None
0,-2,0,4,2,-8,-19,7,-1,0,0,0,2,-84,55,None
0,3,5,0,5,19,33,10,4,0,0,0,2,-84,55,None
0,3,5,0,5,19,33,10,4,0,0,0,2,-84,55,None
0,3,5,0,5,19,33,10,4,0,0,0,4,-84,56,None
0,-1,0,1,1,20,8,-10,-6,0,0,0,4,-84,56,None
0,-2,-1,11,-4,-17,-30,-8,-1,0,0,0,4,-84,56,None
0,0,-3,-4,-16,-25,13,-4,-3,0,0,0,4,-84,56,None
0,1,5,2,14,7,-2,9,2,0,0,0,4,-84,56,None
0,1,5,2,14,7,-2,9,2,0,0,0,4,-84,56,None
0,1,5,2,14,7,-2,9,2,0,0,0,5,-81,54,None
0,-2,-1,-1,8,14,0,0,-3,0,0,0,5,-81,54,None
0,0,1,5,7,5,-1,-1,1,0,0,0,5,-81,54,None
0,-4,-1,-13,-14,-6,-6,-10,-6,0,0,0,5,-81,54,None
0,-1,-2,11,-11,-17,-16,-6,-3,0,0,0,5,-81,54,None
0,-1,-2,11,-11,-17,-16,-6,-3,0,0,0,5,-81,54,None
0,-1,-2,11,-11,-17,-16,-6,-3,0,0,0,4,-85,54,None
0,-2,-4,-12,3,-4,9,3,1,0,0,0,4,-85,54,None
0,1,5,-8,9,10,-6,-2,-3,0,0,0,4,-85,54,None
0,-3,-6,-5,-26,-12,-5,-6,-6,0,0,0,4,-85,54,None
0,1,2,20,32,0,2,2,0,0,0,0,4,-85,54,None
0,1,2,20,32,0,2,2,0,0,0,0,4,-85,54,None
0,1,2,20,32,0,2,2,0,0,0,0,2,-94,50,None
0,0,6,6,-9,14,-18,-2,1,0,0,0,2,-94,50,None
0,-1,1,1,8,-1,27,3,-1,0,0,0,2,-94,50,None
0,-1,-1,-5,0,14,3,6,2,0,0,0,2,-94,50,None
0,-1,5,-2,-12,-4,4,-5,-1,0,0,0,2,-94,50,None
0,-1,5,-2,-12,-4,4,-5,-1,0,0,0,2,-94,50,None
0,-1,5,-2,-12,-4,4,-5,-1,0,0,0,-9,-90,48,None
0,-1,-4,-1,-1,-2,-1,0,1,0,0,0,-9,-90,48,None
0,-2,1,3,-1,-10,-16,-5,-4,0,0,0,-9,-90,48,None
0,-2,1,1,-11,-4,-13,-6,-4,0,0,0,-9,-90,48,None
0,2,3,-11,-5,9,3,-2,0,0,0,0,-9,-90,48,None
0,2,3,-11,-5,9,3,-2,0,0,0,0,-9,-90,48,None
0,2,3,-11,-5,9,3,-2,0,0,0,0,-5,-80,50,None
0,-1,2,-3,-17,-12,-4,2,2,0,0,0,-5,-80,50,None
0,-1,-1,21,-8,15,20,6,0,0,0,0,-5,-80,50,None
0,-1,-1,-2,30,-8,1,-6,-5,0,0,0,-5,-80,50,None
0,0,1,-2,5,18,-7,4,2,0,0,0,-5,-80,50,None
0,0,1,-2,5,18,-7,4,2,0,0,0,-5,-80,50,None
0,0,1,-2,5,18,-7,4,2,0,0,0,0,-80,50,None
0,1,1,0,-6,-15,5,5,1,0,0,0,0,-80,50,None
0,-1,1,-4,9,0,-8,-8,-7,0,0,0,0,-80,50,None
0,-3,0,-5,-11,7,10,20,13,0,0,0,0,-80,50,None
0,-3,4,10,12,-10,-17,-29,-16,0,0,0,0,-80,50,None
0,-3,4,10,12,-10,-17,-29,-16,0,0,0,0,-80,50,None
0,-3,4,10,12,-10,-17,-29,-16,0,0,0,-3,-89,49,None
0,-5,-4,-14,-7,-1,-5,1,-1,0,0,0,-3,-89,49,None
0,-2,-4,-7,-34,-4,-6,-4,-4,0,0,0,-3,-89,49,None
0,2,5,4,10,4,7,3,0,0,0,0,-3,-89,49,None
0,-2,-1,-5,-12,-3,0,7,4,0,0,0,-3,-89,49,None
0,-2,-1,-5,-12,-3,0,7,4,0,0,0,-3,-89,49,None
0,-2,-1,-5,-12,-3,0,7,4,0,0,0,-10,-89,47,None
0,0,3,18,21,15,7,-3,0,0,0,0,-10,-89,47,None
0,0,-1,-15,6,4,5,2,0,0,0,0,-10,-89,47,None
0,-1,-2,15,-4,4,0,-5,-3,0,0,0,-10,-89,47,None
0,-5,-6,-10,11,-7,-6,-1,-1,0,0,0,-10,-89,47,None
0,-5,-6,-10,11,-7,-6,-1,-1,0,0,0,-10,-89,47,None
0,-5,-6,-10,11,-7,-6,-1,-1,0,0,0,-8,-84,47,None
0,-1,5,12,10,-4,-9,-10,-5,0,0,0,-8,-84,47,None
0,-2,-3,-1,-36,-6,-5,4,1,0,0,0,-8,-84,47,None
0,1,3,-16,2,7,4,-4,-3,0,0,0,-8,-84,47,None
0,1,0,-2,2,6,1,-1,-2,0,0,0,-8,-84,47,None
0,1,0,-2,2,6,1,-1,-2,0,0,0,-8,-84,47,None
0,1,0,-2,2,6,1,-1,-2,0,0,0,-13,-85,48,None
0,-2,2,-7,-11,-6,-1,0,0,0,0,0,-13,-85,48,None
0,0,2,11,8,6,3,1,0,0,0,0,-13,-85,48,None
0,0,7,7,15,6,4,-2,-1,0,0,0,-13,-85,48,None
0,-1,-4,-42,-10,-3,-4,3,0,0,0,0,-13,-85,48,None
0,-1,-4,-42,-10,-3,-4,3,0,0,0,0,-13,-85,48,None
0,-1,-4,-42,-10,-3,-4,3,0,0,0,0,-15,-81,48,None
0,-3,-3,-14,-1,-3,-5,-4,-4,0,0,0,-15,-81,48,None
0,1,2,0,-8,6,0,1,0,0,0,0,-15,-81,48,None
0,-3,-1,-7,-1,-5,-2,-6,-5,0,0,0,-15,-81,48,None
0,0,5,4,2,-5,-6,-1,-1,0,0,0,-15,-81,48,None
0,0,5,4,2,-5,-6,-1,-1,0,0,0,-15,-81,48,None
0,0,5,4,2,-5,-6,-1,-1,0,0,0,-14,-80,48,None
0,-2,-2,9,16,1,-7,-3,-3,0,0,0,-14,-80,48,None
0,-2,1,-10,5,-4,4,-1,-1,0,0,0,-14,-80,48,None
0,-1,-1,-2,-21,1,12,4,0,0,0,0,-14,-80,48,None
0,0,1,6,2,11,1,1,0,0,0,0,-14,-80,48,None
0,0,1,6,2,11,1,1,0,0,0,0,-14,-80,48,None
0,0,1,6,2,11,1,1,0,0,0,0,-14,-83,46,None
0,0,0,-12,-37,-12,-4,-4,-2,0,0,0,-14,-83,46,None
0,-2,0,11,38,-4,-11,-6,-3,0,0,0,-14,-83,46,None
0,-2,0,4,8,3,-4,-5,-3,0,0,0,-14,-83,46,None
0,-1,-1,-5,-14,-6,3,0,0,0,0,0,-14,-83,46,None
0,-1,-1,-5,-14,-6,3,0,0,0,0,0,-14,-83,46,None
0,-1,-1,-5,-14,-6,3,0,0,0,0,0,-12,-83,46,None
0,-2,0,13,1,4,-3,-3,-1,0,0,0,-12,-83,46,None
0,-2,1,-5,8,-3,-3,1,0,0,0,0,-12,-83,46,None
0,-3,-1,-12,4,0,-2,-6,-3,0,0,0,-12,-83,46,None
0,-1,-1,-19,-17,-1,-2,2,1,0,0,0,-12,-83,46,None
0,-1,-1,-19,-17,-1,-2,2,1,0,0,0,-12,-83,46,None
0,-1,-1,-19,-17,-1,-2,2,1,0,0,0,-11,-82,45,None
0,0,1,21,10,15,8,0,1,0,0,0,-11,-82,45,None
0,-2,0,5,1,-4,-4,-2,-2,0,0,0,-11,-82,45,None
0,-1,1,16,0,2,-8,-6,-4,0,0,0,-11,-82,45,None
0,-1,-4,-30,-9,-7,-7,-1,1,0,0,0,-11,-82,45,None
0,-1,-4,-30,-9,-7,-7,-1,1,0,0,0,-11,-82,45,None
0,-1,-4,-30,-9,-7,-7,-1,1,0,0,0,-9,-81,45,None
0,-5,1,-4,3,-5,0,2,-2,0,0,0,-9,-81,45,None
0,0,0,-5,-7,6,1,-1,-1,0,0,0,-9,-81,45,None
0,-2,0,6,0,-2,-3,-1,-3,0,0,0,-9,-81,45,None
0,-2,2,17,0,2,-2,-2,-1,0,0,0,-9,-81,45,None
0,-2,2,17,0,2,-2,-2,-1,0,0,0,-9,-81,45,None
0,-2,2,17,0,2,-2,-2,-1,0,0,0,-6,-83,45,None
0,-1,1,-14,-1,-9,4,1,0,0,0,0,-6,-83,45,None
0,0,0,1,6,13,-2,-2,-1,0,0,0,-6,-83,45,None
0,1,1,-14,4,0,1,2,0,0,0,0,-6,-83,45,None
0,-1,1,19,-13,-14,-1,1,-2,0,0,0,-6,-83,45,None
0,-1,1,19,-13,-14,-1,1,-2,0,0,0,-6,-83,45,None
0,-1,1,19,-13,-14,-1,1,-2,0,0,0,-4,-84,45,None
0,-2,-5,5,0,2,-5,-4,-3,0,0,0,-4,-84,45,None
0,0,1,-3,-6,-7,-5,-2,-3,0,0,0,-4,-84,45,None
0,-2,-1,-3,5,5,-7,-3,-1,0,0,0,-4,-84,45,None
0,-2,0,1,4,6,7,0,0,0,0,0,-4,-84,45,None
0,-2,0,1,4,6,7,0,0,0,0,0,-4,-84,45,None
0,-2,0,1,4,6,7,0,0,0,0,0,-2,-85,46,None
0,1,2,-6,0,1,5,2,2,0,0,0,-2,-85,46,None
0,-2,1,5,-7,4,1,-1,-2,0,0,0,-2,-85,46,None
0,-3,-3,-10,2,1,-2,-4,-2,0,0,0,-2,-85,46,None
0,0,2,0,-1,0,-4,-4,-2,0,0,0,-2,-85,46,None
0,0,2,0,-1,0,-4,-4,-2,0,0,0,-2,-85,46,None
0,0,2,0,-1,0,-4,-4,-2,0,0,0,-2,-85,45,None
0,0,2,-4,2,2,-5,-3,-2,0,0,0,-2,-85,45,None
0,-2,-2,-7,1,-3,0,-1,-3,0,0,0,-2,-85,45,None
0,0,1,9,-12,-15,-4,-2,-1,0,0,0,-2,-85,45,None
0,0,2,1,8,13,3,2,0,0,0,0,-2,-85,45,None
0,0,2,1,8,13,3,2,0,0,0,0,-2,-85,45,None
0,0,2,1,8,13,3,2,0,0,0,0,0,-86,45,None
0,-1,-2,0,-3,-1,1,2,1,0,0,0,0,-86,45,None
0,-4,-3,-18,0,6,0,0,-3,0,0,0,0,-86,45,None
0,-2,0,14,2,0,-3,-4,-2,0,0,0,0,-86,45,None
0,0,0,4,-2,-3,-1,-3,-3,0,0,0,0,-86,45,None
0,0,0,4,-2,-3,-1,-3,-3,0,0,0,0,-86,45,None
0,0,0,4,-2,-3,-1,-3,-3,0,0,0,-1,-86,47,None
0,-1,1,-6,-1,0,-7,-5,-3,0,0,0,-1,-86,47,None
0,0,-1,3,-1,-6,-1,0,0,0,0,0,-1,-86,47,None
0,1,4,-4,2,8,10,4,0,0,0,0,-1,-86,47,None
0,-2,-2,-8,-1,7,2,-1,-1,0,0,0,-1,-86,47,None
0,-2,-2,-8,-1,7,2,-1,-1,0,0,0,-1,-86,47,None
0,-2,-2,-8,-1,7,2,-1,-1,0,0,0,0,-87,47,None
0,0,0,-4,1,-2,-6,-4,-2,0,0,0,0,-87,47,None
0,-2,2,6,-1,-1,-6,-4,-2,0,0,0,0,-87,47,None
0,-1,-1,-8,3,0,-3,0,-1,0,0,0,0,-87,47,None
0,-1,0,-2,-4,-1,-4,-2,-3,0,0,0,0,-87,47,None
0,-1,0,-2,-4,-1,-4,-2,-3,0,0,0,0,-87,47,None
0,-1,0,-2,-4,-1,-4,-2,-3,0,0,0,1,-86,47,None
0,-4,-3,-7,-3,-6,-2,-2,-4,0,0,0,1,-86,47,None
0,1,1,2,-2,6,6,2,2,0,0,0,1,-86,47,None
0,-2,-1,-6,2,3,1,-3,1,0,0,0,1,-86,47,None
0,-1,0,-1,0,-3,-6,-2,-1,0,0,0,1,-86,47,None
0,-1,0,-1,0,-3,-6,-2,-1,0,0,0,1,-86,47,None
0,-1,0,-1,0,-3,-6,-2,-1,0,0,0,2,-87,46,None
0,0,2,-2,3,7,1,-1,1,0,0,0,2,-87,46,None
0,-3,1,-2,2,-3,-3,-2,-1,0,0,0,2,-87,46,None
0,0,0,-9,-2,3,2,2,0,0,0,0,2,-87,46,None
0,-2,1,0,-3,-1,-3,-4,-2,0,0,0,2,-87,46,None
0,-2,1,0,-3,-1,-3,-4,-2,0,0,0,2,-87,46,None
0,-2,1,0,-3,-1,-3,-4,-2,0,0,0,2,-88,47,None
0,-1,0,-4,-8,-9,-3,-4,-1,0,0,0,2,-88,47,None
0,0,2,-3,1,0,-1,0,0,0,0,0,2,-88,47,None
0,-2,-1,-2,-2,3,-3,-2,-3,0,0,0,2,-88,47,None
0,-1,-1,1,-1,-8,-5,-4,-3,0,0,0,2,-88,47,None
0,-1,-1,1,-1,-8,-5,-4,-3,0,0,0,2,-88,47,None
0,-1,-1,1,-1,-8,-5,-4,-3,0,0,0,2,-89,48,None
0,-1,0,-3,3,13,6,1,-1,0,0,0,2,-89,48,None
0,-1,0,0,-2,-3,-1,-2,-1,0,0,0,2,-89,48,None
0,-1,-2,-3,0,7,2,-1,0,0,0,0,2,-89,48,None
0,-2,1,1,2,-1,-3,-1,-1,0,0,0,2,-89,48,None
0,-2,1,1,2,-1,-3,-1,-1,0,0,0,2,-89,48,None
0,-2,1,1,2,-1,-3,-1,-1,0,0,0,1,-90,48,None
0,-2,-2,-6,-5,-3,-1,0,-1,0,0,0,1,-90,48,None
0,0,0,-1,-3,2,1,-2,-1,0,0,0,1,-90,48,None
0,-1,0,-1,-2,-5,-3,-1,-2,0,0,0,1,-90,48,None
0,-2,-3,-5,-1,0,-5,-2,-4,0,0,0,1,-90,48,None
0,-2,-3,-5,-1,0,-5,-2,-4,0,0,0,1,-90,48,None
0,-2,-3,-5,-1,0,-5,-2,-4,0,0,0,1,-91,47,None
0,-1,1,-2,-1,2,0,-2,-2,0,0,0,1,-91,47,None
0,-1,0,1,-4,-5,-3,-3,-2,0,0,0,1,-91,47,None
0,-1,0,-3,2,8,5,1,1,0,0,0,1,-91,47,None
0,-1,0,-4,0,-1,-1,-2,-1,0,0,0,1,-91,47,None
0,-1,0,-4,0,-1,-1,-2,-1,0,0,0,1,-91,47,None
0,-1,0,-4,0,-1,-1,-2,-1,0,0,0,3,-91,46,None
0,-1,3,1,2,-1,-3,0,-2,0,0,0,3,-91,46,None
0,-3,1,-1,-1,0,-3,-3,-3,0,0,0,3,-91,46,None
0,-2,0,-5,-7,-10,-8,-8,-4,0,0,0,3,-91,46,None
0,0,0,0,1,4,0,3,1,0,0,0,3,-91,46,None
0,0,0,0,1,4,0,3,1,0,0,0,3,-91,46,None
0,0,0,0,1,4,0,3,1,0,0,0,4,-91,45,None
0,0,0,-2,-1,-3,4,3,1,0,0,0,4,-91,45,None
0,0,-1,-1,4,15,1,-1,0,0,0,0,4,-91,45,None
0,-3,-1,-3,3,2,1,-2,-3,0,0,0,4,-91,45,None
0,-2,1,-2,-4,-3,-2,-4,-2,0,0,0,4,-91,45,None
0,-2,1,-2,-4,-3,-2,-4,-2,0,0,0,4,-91,45,None
0,-2,1,-2,-4,-3,-2,-4,-2,0,0,0,5,-91,44,None
0,-1,-1,-4,-2,-5,-6,-5,-2,0,0,0,5,-91,44,None
0,-3,-1,-4,-1,0,-2,0,-2,0,0,0,5,-91,44,None
0,-1,2,-2,-2,-3,-1,1,-1,0,0,0,5,-91,44,None
0,0,1,-1,1,2,3,0,1,0,0,0,5,-91,44,None
0,0,1,-1,1,2,3,0,1,0,0,0,5,-91,44,None
0,0,1,-1,1,2,3,0,1,0,0,0,7,-91,43,None
0,-2,0,-3,0,0,0,0,-2,0,0,0,7,-91,43,None
0,-1,0,-1,-2,0,1,-3,-2,0,0,0,7,-91,43,None
0,-1,1,-1,-1,0,-3,-2,-1,0,0,0,7,-91,43,None
0,-2,-1,-1,-2,-3,-2,-2,-2,0,0,0,7,-91,43,None
0,-2,-1,-1,-2,-3,-2,-2,-2,0,0,0,7,-91,43,None
0,-2,-1,-1,-2,-3,-2,-2,-2,0,0,0,9,-90,42,None
0,-1,0,0,0,0,-1,-1,-2,0,0,0,9,-90,42,None
0,0,0,-3,-2,0,-1,-1,1,0,0,0,9,-90,42,None
0,-2,-1,-4,0,1,-4,-1,-1,0,0,0,9,-90,42,None
0,-1,0,-1,1,5,-1,-1,-1,0,0,0,9,-90,42,None
0,-1,0,-1,1,5,-1,-1,-1,0,0,0,9,-90,42,None
0,-1,0,-1,1,5,-1,-1,-1,0,0,0,10,-89,42,None
0,-1,0,-2,-2,4,6,3,0,0,0,0,10,-89,42,None
0,-1,0,-3,-2,-2,-1,-1,0,0,0,0,10,-89,42,None
0,0,-3,-2,0,1,0,-4,-3,0,0,0,10,-89,42,None
0,0,-1,-2,-3,-6,-6,-1,1,0,0,0,10,-89,42,None
0,0,-1,-2,-3,-6,-6,-1,1,0,0,0,10,-89,42,None
0,0,-1,-2,-3,-6,-6,-1,1,0,0,0,9,-87,42,None
0,1,0,-1,0,-4,-8,-4,-3,0,0,0,9,-87,42,None
0,-2,0,-2,-1,-1,1,2,0,0,0,0,9,-87,42,None
0,-2,0,0,5,10,3,-1,0,0,0,0,9,-87,42,None
0,-1,2,-3,-7,-7,1,-1,-3,0,0,0,9,-87,42,None
0,-1,2,-3,-7,-7,1,-1,-3,0,0,0,9,-87,42,None
0,-1,2,-3,-7,-7,1,-1,-3,0,0,0,9,-87,42,None
0,-3,0,-3,-1,1,-4,-3,-1,0,0,0,9,-87,42,None
0,-2,0,-3,-4,-7,-5,-3,-4,0,0,0,9,-87,42,None
0,1,2,1,2,8,5,1,1,0,0,0,9,-87,42,None
0,-2,0,-2,0,3,5,1,0,0,0,0,9,-87,42,None
0,-2,0,-2,0,3,5,1,0,0,0,0,9,-87,42,None
0,-2,0,-2,0,3,5,1,0,0,0,0,9,-89,41,None
0,-1,-1,-3,-1,0,-2,0,-1,0,0,0,9,-89,41,None
0,-2,0,-2,-2,-5,-4,-2,-2,0,0,0,9,-89,41,None
0,0,-1,-2,-2,-8,-9,-6,-3,0,0,0,9,-89,41,None
0,-1,-1,0,1,2,2,0,0,0,0,0,9,-89,41,None
0,-1,-1,0,1,2,2,0,0,0,0,0,9,-89,41,None
0,-1,-1,0,1,2,2,0,0,0,0,0,9,-89,42,None
0,-1,1,-1,1,4,2,-1,0,0,0,0,9,-89,42,None
0,-1,0,-2,1,2,2,-2,-1,0,0,0,9,-89,42,None
0,-1,0,-4,-3,-3,-3,-3,-1,0,0,0,9,-89,42,None
0,-2,0,-3,-2,-2,-4,-1,0,0,0,0,9,-89,42,None
0,-2,0,-3,-2,-2,-4,-1,0,0,0,0,9,-89,42,None
0,-2,0,-3,-2,-2,-4,-1,0,0,0,0,10,-88,42,None
0,-1,0,-3,-5,-6,-7,-3,-3,0,0,0,10,-88,42,None
0,-1,1,1,3,7,1,0,0,0,0,0,10,-88,42,None
0,-1,-1,-2,0,3,5,1,0,0,0,0,10,-88,42,None
0,-2,-1,0,0,0,0,-3,-4,0,0,0,10,-88,42,None
0,-2,-1,0,0,0,0,-3,-4,0,0,0,10,-88,42,None
0,-2,-1,0,0,0,0,-3,-4,0,0,0,11,-89,41,None
0,0,0,-1,1,-3,-3,-2,0,0,0,0,11,-89,41,None
0,-1,1,-1,-1,1,-1,-3,-1,0,0,0,11,-89,41,None
0,-3,0,-2,0,-2,-3,0,-1,0,0,0,11,-89,41,None
0,-1,1,0,1,4,-1,-3,-2,0,0,0,11,-89,41,None
0,-1,1,0,1,4,-1,-3,-2,0,0,0,11,-89,41,None
0,-1,1,0,1,4,-1,-3,-2,0,0,0,11,-89,41,None
0,-1,0,-1,2,3,2,-3,-3,0,0,0,11,-89,41,None
0,0,1,-2,-3,1,-2,-2,-3,0,0,0,11,-89,41,None
0,-3,2,-3,-2,-5,-4,1,0,0,0,0,11,-89,41,None
0,-1,-1,-1,2,3,1,0,-2,0,0,0,11,-89,41,None
0,-1,-1,-1,2,3,1,0,-2,0,0,0,11,-89,41,None
0,-1,-1,-1,2,3,1,0,-2,0,0,0,11,-89,41,None
0,-1,1,-2,0,6,4,0,0,0,0,0,11,-89,41,None
0,-2,-1,-4,-2,-2,-3,-2,-1,0,0,0,11,-89,41,None
0,-1,1,-1,-2,-2,-2,0,-2,0,0,0,11,-89,41,None
0,0,1,-3,2,4,1,-1,-1,0,0,0,11,-89,41,None
0,0,1,-3,2,4,1,-1,-1,0,0,0,11,-89,41,None
0,0,1,-3,2,4,1,-1,-1,0,0,0,14,-90,41,None
0,-1,-1,-2,-5,-6,-2,-1,-1,0,0,0,14,-90,41,None
0,-2,-1,-2,0,-1,-4,-2,-2,0,0,0,14,-90,41,None
0,-2,-1,-4,-4,-4,-4,-1,-2,0,0,0,14,-90,41,None
0,-1,0,-3,-1,-2,-2,-1,-2,0,0,0,14,-90,41,None
0,-1,0,-3,-1,-2,-2,-1,-2,0,0,0,14,-90,41,None
0,-1,0,-3,-1,-2,-2,-1,-2,0,0,0,16,-91,41,None
0,-2,1,-1,2,5,3,0,-1,0,0,0,16,-91,41,None
0,-2,1,-1,0,-1,-1,-1,0,0,0,0,16,-91,41,None
0,-2,-1,-3,-1,2,-4,-7,-4,0,0,0,16,-91,41,None
0,-1,-1,-2,-1,-1,-2,4,2,0,0,0,16,-91,41,None
0,-1,-1,-2,-1,-1,-2,4,2,0,0,0,16,-91,41,None
0,-1,-1,-2,-1,-1,-2,4,2,0,0,0,16,-89,40,None
0,0,0,0,1,-3,-2,-1,-1,0,0,0,16,-89,40,None
0,-1,0,-3,-3,-4,-4,-3,-2,0,0,0,16,-89,40,None
0,-2,0,0,-1,3,2,-1,-1,0,0,0,16,-89,40,None
0,-1,0,-1,1,-1,2,-3,-3,0,0,0,16,-89,40,None
0,-1,0,-1,1,-1,2,-3,-3,0,0,0,16,-89,40,None
0,-1,0,-1,1,-1,2,-3,-3,0,0,0,16,-89,40,None
0,-1,1,-5,-3,0,-3,-2,-4,0,0,0,16,-89,40,None
0,-1,1,-2,0,0,0,-1,0,0,0,0,16,-89,40,None
0,-1,0,-3,2,0,0,-2,-1,0,0,0,16,-89,40,None
0,-3,0,-4,-6,0,-3,-1,-3,0,0,0,16,-89,40,None
0,-3,0,-4,-6,0,-3,-1,-3,0,0,0,16,-89,40,None
0,-3,0,-4,-6,0,-3,-1,-3,0,0,0,16,-88,39,None
0,-1,-2,-2,-1,-8,-7,-3,-1,0,0,0,16,-88,39,None
0,-2,1,1,2,-1,2,1,-2,0,0,0,16,-88,39,None
0,-1,1,0,0,7,3,-1,0,0,0,0,16,-88,39,None
0,-1,1,-1,-2,-1,-1,-3,0,0,0,0,16,-88,39,None
0,-1,1,-1,-2,-1,-1,-3,0,0,0,0,16,-88,39,None
0,-1,1,-1,-2,-1,-1,-3,0,0,0,0,16,-89,40,None
0,0,0,-1,-1,0,-3,-2,-1,0,0,0,16,-89,40,None
0,-1,0,-1,0,-2,-1,0,-1,0,0,0,16,-89,40,None
0,0,1,-1,1,0,0,1,0,0,0,0,16,-89,40,None
0,0,1,-6,-1,1,-4,-7,-4,0,0,0,16,-89,40,None
0,0,1,-6,-1,1,-4,-7,-4,0,0,0,16,-89,40,None
0,0,1,-6,-1,1,-4,-7,-4,0,0,0,15,-91,40,None
0,0,-1,-1,-1,0,0,5,4,0,0,0,15,-91,40,None
