0,-5,-3,-15,-14,-3,22,1,-8,0,0,0,27,-84,54,None
0,-1,2,15,7,-3,-3,4,1,0,0,0,27,-84,54,None
0,-2,-5,0,-5,17,6,4,-2,0,0,0,27,-84,54,None
0,-2,-5,0,-5,17,6,4,-2,0,0,0,27,-84,54,None
0,-2,-5,0,-5,17,6,4,-2,0,0,0,31,-78,57,None
0,0,0,-4,-4,-11,-10,-20,-5,0,0,0,31,-78,57,None
0,-3,-2,9,17,14,-5,13,3,0,0,0,31,-78,57,None
0,1,-3,-9,9,1,3,-7,-5,0,0,0,31,-78,57,None
0,-1,-2,-10,-28,-26,-11,-11,-4,0,0,0,31,-78,57,None
0,-1,-2,-10,-28,-26,-11,-11,-4,0,0,0,31,-78,57,None
0,-1,-2,-10,-28,-26,-11,-11,-4,0,0,0,14,-77,55,None
0,-5,0,7,17,-11,-23,-2,3,0,0,0,14,-77,55,None
0,-1,0,4,12,-21,19,16,2,0,0,0,14,-77,55,None
0,-3,3,-3,-14,49,27,-16,-7,0,0,0,14,-77,55,None
0,-1,-1,0,10,-15,-10,2,-4,0,0,0,14,-77,55,None
0,-1,-1,0,10,-15,-10,2,-4,0,0,0,14,-77,55,None
0,-1,-1,0,10,-15,-10,2,-4,0,0,0,18,-80,55,None
0,-1,1,8,4,19,17,-1,4,0,0,0,18,-80,55,None
0,0,-3,-7,-1,-20,-26,2,2,0,0,0,18,-80,55,None
0,-6,-2,-2,-14,-24,-12,9,1,0,0,0,18,-80,55,None
0,0,5,5,4,9,-4,-5,2,0,0,0,18,-80,55,None
0,0,5,5,4,9,-4,-5,2,0,0,0,18,-80,55,None
0,0,5,5,4,9,-4,-5,2,0,0,0,21,-83,56,None
0,-3,-9,-21,-18,-7,6,6,-7,0,0,0,21,-83,56,None
0,4,3,13,34,29,30,6,-2,0,0,0,21,-83,56,None
0,2,0,-3,-10,17,17,4,5,0,0,0,21,-83,56,None
0,-7,-3,2,2,-27,-24,-21,-19,0,0,0,21,-83,56,None
0,-7,-3,2,2,-27,-24,-21,-19,0,0,0,21,-83,56,None
0,-7,-3,2,2,-27,-24,-21,-19,0,0,0,20,-90,54,None
0,-2,2,-3,7,-7,-22,-5,0,0,0,0,20,-90,54,None
0,-3,-3,-10,-21,14,-8,-9,-4,0,0,0,20,-90,54,None
0,0,0,-2,12,-4,5,1,-1,0,0,0,20,-90,54,None
0,-2,-2,-2,-10,-7,-7,2,1,0,0,0,20,-90,54,None
0,-2,-2,-2,-10,-7,-7,2,1,0,0,0,20,-90,54,None
0,-2,-2,-2,-10,-7,-7,2,1,0,0,0,9,-89,52,None
0,1,3,2,14,5,5,6,3,0,0,0,9,-89,52,None
0,3,4,-4,-9,5,5,-9,1,0,0,0,9,-89,52,None
0,-5,-4,-3,18,-4,-8,-3,-9,0,0,0,9,-89,52,None
0,0,-2,-5,-13,0,7,9,3,0,0,0,9,-89,52,None
0,0,-2,-5,-13,0,7,9,3,0,0,0,9,-89,52,None
0,0,-2,-5,-13,0,7,9,3,0,0,0,4,-84,50,None
0,2,0,-3,-7,9,6,-3,3,0,0,0,4,-84,50,None
0,-2,0,-12,-34,-20,-2,-4,-6,0,0,0,4,-84,50,None
0,1,4,6,16,18,-6,1,0,0,0,0,4,-84,50,None
0,-1,-1,-2,12,9,20,3,1,0,0,0,4,-84,50,None
0,-1,-1,-2,12,9,20,3,1,0,0,0,4,-84,50,None
0,-1,-1,-2,12,9,20,3,1,0,0,0,1,-83,47,None
0,-1,3,-1,-13,-7,-15,-7,-5,0,0,0,1,-83,47,None
0,-3,0,-11,-7,-11,-21,-8,-6,0,0,0,1,-83,47,None
0,-1,2,7,10,6,12,7,6,0,0,0,1,-83,47,None
0,0,0,2,1,5,4,-1,2,0,0,0,1,-83,47,None
0,0,0,2,1,5,4,-1,2,0,0,0,1,-83,47,None
0,0,0,2,1,5,4,-1,2,0,0,0,0,-88,46,None
0,-1,-2,-11,19,0,-2,1,-4,0,0,0,0,-88,46,None
0,-3,1,-1,-39,-10,-13,-11,-4,0,0,0,0,-88,46,None
0,-2,-3,-8,-11,-6,-5,-3,-2,0,0,0,0,-88,46,None
0,-1,1,10,9,7,-1,-1,-3,0,0,0,0,-88,46,None
0,-1,1,10,9,7,-1,-1,-3,0,0,0,0,-88,46,None
0,-1,1,10,9,7,-1,-1,-3,0,0,0,-1,-86,44,None
0,0,3,2,13,3,7,2,1,0,0,0,-1,-86,44,None
0,-2,-2,0,-5,-1,-7,-7,-4,0,0,0,-1,-86,44,None
0,1,1,-5,-3,-2,-7,-3,-4,0,0,0,-1,-86,44,None
0,-3,-4,-9,-11,-4,-4,-2,-1,0,0,0,-1,-86,44,None
0,-3,-4,-9,-11,-4,-4,-2,-1,0,0,0,-1,-86,44,None
0,-3,-4,-9,-11,-4,-4,-2,-1,0,0,0,-5,-81,43,None
0,0,6,17,7,9,7,3,0,0,0,0,-5,-81,43,None
0,-2,-3,-15,16,1,1,-2,-1,0,0,0,-5,-81,43,None
0,0,4,15,-27,-7,-11,-6,-2,0,0,0,-5,-81,43,None
0,-2,-8,-13,0,0,0,3,-1,0,0,0,-5,-81,43,None
0,-2,-8,-13,0,0,0,3,-1,0,0,0,-5,-81,43,None
0,-2,-8,-13,0,0,0,3,-1,0,0,0,-5,-76,43,None
0,-2,-7,-10,2,1,3,-1,-1,0,0,0,-5,-76,43,None
0,-1,7,8,6,12,-2,-4,-3,0,0,0,-5,-76,43,None
0,-2,1,-12,-3,-8,-7,-1,-3,0,0,0,-5,-76,43,None
0,-1,4,2,5,3,5,1,1,0,0,0,-5,-76,43,None
0,-1,4,2,5,3,5,1,1,0,0,0,-5,-76,43,None
0,-1,4,2,5,3,5,1,1,0,0,0,-5,-79,42,None
0,1,3,3,-6,2,4,-1,0,0,0,0,-5,-79,42,None
0,0,0,-8,-12,0,-3,-3,-1,0,0,0,-5,-79,42,None
0,-1,-1,-6,0,-9,-9,-2,-4,0,0,0,-5,-79,42,None
0,-1,1,0,-8,5,3,1,1,0,0,0,-5,-79,42,None
0,-1,1,0,-8,5,3,1,1,0,0,0,-5,-79,42,None
0,-1,1,0,-8,5,3,1,1,0,0,0,-5,-82,43,None
0,-2,1,8,12,-3,-5,-2,-2,0,0,0,-5,-82,43,None
0,-1,-1,3,19,7,1,-1,-3,0,0,0,-5,-82,43,None
0,-2,-1,4,-3,2,5,0,-1,0,0,0,-5,-82,43,None
0,0,-1,-10,-12,0,-2,-2,-1,0,0,0,-5,-82,43,None
0,0,-1,-10,-12,0,-2,-2,-1,0,0,0,-5,-82,43,None
0,0,-1,-10,-12,0,-2,-2,-1,0,0,0,-6,-80,41,None
0,-1,0,-12,-14,-1,-1,-2,0,0,0,0,-6,-80,41,None
0,-3,1,-5,-4,-8,-10,-6,-4,0,0,0,-6,-80,41,None
0,-3,1,6,8,-3,-6,-5,-2,0,0,0,-6,-80,41,None
0,-1,0,-6,4,4,5,2,0,0,0,0,-6,-80,41,None
0,-1,0,-6,4,4,5,2,0,0,0,0,-6,-80,41,None
0,-1,0,-6,4,4,5,2,0,0,0,0,-5,-81,41,None
0,-1,-2,-7,-10,1,3,-1,1,0,0,0,-5,-81,41,None
0,-2,4,5,7,0,-3,-2,-4,0,0,0,-5,-81,41,None
0,-1,-1,-5,-3,7,-2,-3,-3,0,0,0,-5,-81,41,None
0,-2,-1,0,3,-7,-1,-2,-2,0,0,0,-5,-81,41,None
0,-2,-1,0,3,-7,-1,-2,-2,0,0,0,-5,-81,41,None
0,-2,-1,0,3,-7,-1,-2,-2,0,0,0,-4,-81,41,None
0,0,1,1,-3,1,-2,1,-1,0,0,0,-4,-81,41,None
0,0,-3,3,2,3,1,-1,-2,0,0,0,-4,-81,41,None
0,-1,2,-4,-1,-2,0,0,0,0,0,0,-4,-81,41,None
0,-1,5,0,3,3,0,3,1,0,0,0,-4,-81,41,None
0,-1,5,0,3,3,0,3,1,0,0,0,-4,-81,41,None
0,-1,5,0,3,3,0,3,1,0,0,0,-3,-84,41,None
0,-1,-5,1,-5,-1,0,-1,0,0,0,0,-3,-84,41,None
0,-1,0,-8,0,2,-2,-3,-1,0,0,0,-3,-84,41,None
0,-1,0,-3,3,-1,-5,-4,-1,0,0,0,-3,-84,41,None
0,-5,6,4,4,-3,2,0,-3,0,0,0,-3,-84,41,None
0,-5,6,4,4,-3,2,0,-3,0,0,0,-3,-84,41,None
0,-5,6,4,4,-3,2,0,-3,0,0,0,-3,-88,41,None
0,-3,-4,-8,-14,0,1,-1,-2,0,0,0,-3,-88,41,None
0,-3,3,1,1,4,-3,-1,-1,0,0,0,-3,-88,41,None
0,0,-3,-2,5,-3,1,0,0,0,0,0,-3,-88,41,None
0,0,1,-3,-4,1,-6,-3,-2,0,0,0,-3,-88,41,None
0,0,1,-3,-4,1,-6,-3,-2,0,0,0,-3,-88,41,None
0,0,1,-3,-4,1,-6,-3,-2,0,0,0,-2,-91,41,None
0,-2,3,-2,0,3,0,0,-1,0,0,0,-2,-91,41,None
0,-1,-2,-1,-4,-2,1,0,-1,0,0,0,-2,-91,41,None
0,-2,0,-1,0,-1,-6,-3,-3,0,0,0,-2,-91,41,None
0,0,-2,-2,3,-6,-6,-2,-2,0,0,0,-2,-91,41,None
0,0,-2,-2,3,-6,-6,-2,-2,0,0,0,-2,-91,41,None
0,0,-2,-2,3,-6,-6,-2,-2,0,0,0,0,-92,41,None
0,-2,2,-3,-8,-4,-5,-4,-3,0,0,0,0,-92,41,None
0,1,-2,-1,2,8,4,2,2,0,0,0,0,-92,41,None
0,0,3,-3,-1,-1,2,-1,0,0,0,0,0,-92,41,None
0,-1,-3,-2,2,1,-7,-4,0,0,0,0,0,-92,41,None
0,-1,-3,-2,2,1,-7,-4,0,0,0,0,0,-92,41,None
0,-1,-3,-2,2,1,-7,-4,0,0,0,0,1,-91,42,None
0,0,2,-1,-1,4,1,2,0,0,0,0,1,-91,42,None
0,-1,-1,-4,-1,2,-2,-2,-1,0,0,0,1,-91,42,None
0,-2,-2,-4,2,0,-3,-1,-3,0,0,0,1,-91,42,None
0,-3,2,1,2,6,2,-4,-4,0,0,0,1,-91,42,None
0,-3,2,1,2,6,2,-4,-4,0,0,0,1,-91,42,None
0,-3,2,1,2,6,2,-4,-4,0,0,0,3,-88,44,None
0,1,2,2,-11,-29,-7,-1,-2,0,0,0,3,-88,44,None
0,-1,-1,-1,7,22,6,-1,2,0,0,0,3,-88,44,None
0,-3,-1,-5,-15,-19,0,0,-5,0,0,0,3,-88,44,None
0,-1,0,1,4,17,3,-1,0,0,0,0,3,-88,44,None
0,-1,0,1,4,17,3,-1,0,0,0,0,3,-88,44,None
0,-1,0,1,4,17,3,-1,0,0,0,0,6,-87,44,None
0,-3,1,-4,1,1,-6,-4,-4,0,0,0,6,-87,44,None
0,-2,-1,-1,3,-6,-1,-1,0,0,0,0,6,-87,44,None
0,-1,3,-2,-1,3,-5,-3,0,0,0,0,6,-87,44,None
0,0,-4,-3,-2,-5,-4,-4,-2,0,0,0,6,-87,44,None
0,0,-4,-3,-2,-5,-4,-4,-2,0,0,0,6,-87,44,None
0,0,-4,-3,-2,-5,-4,-4,-2,0,0,0,9,-89,44,None
0,-2,3,0,9,6,1,-4,-5,0,0,0,9,-89,44,None
0,1,-4,-5,-22,-11,2,7,4,0,0,0,9,-89,44,None
0,-1,1,2,5,7,-3,-6,-2,0,0,0,9,-89,44,None
0,-3,3,-2,-1,-5,-1,0,-2,0,0,0,9,-89,44,None
0,-3,3,-2,-1,-5,-1,0,-2,0,0,0,9,-89,44,None
0,-3,3,-2,-1,-5,-1,0,-2,0,0,0,12,-92,45,None
0,-2,-5,-6,-7,3,4,1,0,0,0,0,12,-92,45,None
0,-3,0,-2,-1,-4,-8,-5,-5,0,0,0,12,-92,45,None
0,-1,-1,-4,-2,-5,0,0,-1,0,0,0,12,-92,45,None
0,1,2,3,-1,7,5,1,0,0,0,0,12,-92,45,None
0,1,2,3,-1,7,5,1,0,0,0,0,12,-92,45,None
0,1,2,3,-1,7,5,1,0,0,0,0,12,-94,44,None
0,-1,-1,-3,3,3,0,-2,0,0,0,0,12,-94,44,None
0,-3,2,-1,0,-2,-4,-3,-3,0,0,0,12,-94,44,None
0,-2,-3,-3,-3,-3,-5,-3,-4,0,0,0,12,-94,44,None
0,-2,-1,-1,1,-3,-5,-3,-2,0,0,0,12,-94,44,None
0,-2,-1,-1,1,-3,-5,-3,-2,0,0,0,12,-94,44,None
0,-2,-1,-1,1,-3,-5,-3,-2,0,0,0,12,-93,45,None
0,2,1,-2,2,5,4,3,0,0,0,0,12,-93,45,None
0,-5,0,0,1,5,4,0,-3,0,0,0,12,-93,45,None
0,-1,-1,1,-3,3,0,-1,0,0,0,0,12,-93,45,None
0,-2,1,-5,-6,-3,-5,-3,-3,0,0,0,12,-93,45,None
0,-2,1,-5,-6,-3,-5,-3,-3,0,0,0,12,-93,45,None
0,-2,1,-5,-6,-3,-5,-3,-3,0,0,0,14,-92,45,None
0,-2,0,-2,-3,-1,-3,-2,1,0,0,0,14,-92,45,None
0,0,2,-1,2,-1,-6,-3,-2,0,0,0,14,-92,45,None
0,0,2,1,2,-3,-4,-3,-1,0,0,0,14,-92,45,None
0,-1,-3,-6,0,2,9,4,2,0,0,0,14,-92,45,None
0,-1,-3,-6,0,2,9,4,2,0,0,0,14,-92,45,None
0,-1,-3,-6,0,2,9,4,2,0,0,0,16,-91,44,None
0,0,4,-1,1,7,1,0,-1,0,0,0,16,-91,44,None
0,-2,-1,0,3,-7,-2,-3,-2,0,0,0,16,-91,44,None
0,-1,-4,-6,1,6,-3,1,3,0,0,0,16,-91,44,None
0,-1,-2,-4,-9,-12,-6,-4,-7,0,0,0,16,-91,44,None
0,-1,-2,-4,-9,-12,-6,-4,-7,0,0,0,16,-91,44,None
0,-1,-2,-4,-9,-12,-6,-4,-7,0,0,0,18,-92,42,None
0,0,3,1,-2,2,-2,-4,-3,0,0,0,18,-92,42,None
0,-1,0,-1,-1,-2,-2,1,0,0,0,0,18,-92,42,None
0,0,1,-1,1,4,1,1,0,0,0,0,18,-92,42,None
0,0,-2,-2,1,0,1,1,1,0,0,0,18,-92,42,None
0,0,-2,-2,1,0,1,1,1,0,0,0,18,-92,42,None
0,0,-2,-2,1,0,1,1,1,0,0,0,21,-94,41,None
0,0,1,-2,2,6,2,0,0,0,0,0,21,-94,41,None
0,-1,0,-3,-5,-4,-4,-5,-4,0,0,0,21,-94,41,None
0,-3,-2,-3,-2,-2,-2,-3,-4,0,0,0,21,-94,41,None
0,1,1,-1,3,2,0,0,1,0,0,0,21,-94,41,None
0,1,1,-1,3,2,0,0,1,0,0,0,21,-94,41,None
0,1,1,-1,3,2,0,0,1,0,0,0,22,-94,40,None
0,-2,-2,-1,2,2,3,1,-1,0,0,0,22,-94,40,None
0,0,-1,-5,-3,-5,-6,-6,-3,0,0,0,22,-94,40,None
0,0,2,6,1,0,1,1,-1,0,0,0,22,-94,40,None
0,-2,0,-2,4,9,4,-2,-1,0,0,0,22,-94,40,None
0,-2,0,-2,4,9,4,-2,-1,0,0,0,22,-94,40,None
0,-2,0,-2,4,9,4,-2,-1,0,0,0,24,-92,40,None
0,0,0,-5,-5,-5,-5,-3,-1,0,0,0,24,-92,40,None
0,-2,1,-1,-1,-1,-2,-2,-2,0,0,0,24,-92,40,None
0,-1,1,-3,0,2,0,0,-2,0,0,0,24,-92,40,None
0,-3,-1,1,0,-1,-1,0,-1,0,0,0,24,-92,40,None
0,-3,-1,1,0,-1,-1,0,-1,0,0,0,24,-92,40,None
0,-3,-1,1,0,-1,-1,0,-1,0,0,0,24,-91,39,None
0,-2,0,-3,0,0,-7,-2,-1,0,0,0,24,-91,39,None
0,-1,-1,0,1,4,6,1,-1,0,0,0,24,-91,39,None
0,-1,-1,-5,0,1,1,-3,-3,0,0,0,24,-91,39,None
0,0,2,-2,0,-3,-4,-2,-1,0,0,0,24,-91,39,None
0,0,2,-2,0,-3,-4,-2,-1,0,0,0,24,-91,39,None
0,0,2,-2,0,-3,-4,-2,-1,0,0,0,24,-92,39,None
0,0,0,-1,-2,1,0,-1,1,0,0,0,24,-92,39,None
0,-1,2,0,-2,0,-2,-1,-1,0,0,0,24,-92,39,None
0,-3,0,-5,-2,-1,-5,-2,-4,0,0,0,24,-92,39,None
0,-1,-1,0,2,2,1,0,0,0,0,0,24,-92,39,None
0,-1,-1,0,2,2,1,0,0,0,0,0,24,-92,39,None
0,-1,-1,0,2,2,1,0,0,0,0,0,23,-94,37,None
0,0,-1,-3,-2,-2,1,-1,-3,0,0,0,23,-94,37,None
0,1,-1,-2,1,1,-1,0,0,0,0,0,23,-94,37,None
0,0,-1,-2,-2,0,-1,-1,0,0,0,0,23,-94,37,None
0,-2,-1,-2,-4,-4,-5,-4,-4,0,0,0,23,-94,37,None
0,-2,-1,-2,-4,-4,-5,-4,-4,0,0,0,23,-94,37,None
0,-2,-1,-2,-4,-4,-5,-4,-4,0,0,0,23,-95,35,None
0,-2,2,-1,1,3,0,0,0,0,0,0,23,-95,35,None
0,-1,0,-3,0,-2,-2,-4,-1,0,0,0,23,-95,35,None
0,0,1,-2,1,4,3,-1,-2,0,0,0,23,-95,35,None
0,-1,1,-1,-3,-5,-4,-3,-2,0,0,0,23,-95,35,None
0,-1,1,-1,-3,-5,-4,-3,-2,0,0,0,23,-95,35,None
0,-1,1,-1,-3,-5,-4,-3,-2,0,0,0,22,-93,35,None
0,-2,-1,-3,0,1,0,0,-1,0,0,0,22,-93,35,None
0,-1,0,-1,0,1,2,1,1,0,0,0,22,-93,35,None
0,-2,1,-2,0,-1,-3,-2,-2,0,0,0,22,-93,35,None
0,1,-1,-1,-1,2,-1,-2,0,0,0,0,22,-93,35,None
0,1,-1,-1,-1,2,-1,-2,0,0,0,0,22,-93,35,None
0,1,-1,-1,-1,2,-1,-2,0,0,0,0,21,-91,35,None
0,0,0,-4,-2,-3,-1,-2,-2,0,0,0,21,-91,35,None
0,-1,1,-1,-2,-2,-6,-1,-2,0,0,0,21,-91,35,None
0,-1,-1,-4,-3,-4,-3,-2,-2,0,0,0,21,-91,35,None
0,-2,0,-1,3,13,6,0,0,0,0,0,21,-91,35,None
0,-2,0,-1,3,13,6,0,0,0,0,0,21,-91,35,None
0,-2,0,-1,3,13,6,0,0,0,0,0,19,-89,36,None
0,-3,-1,-1,1,3,4,1,-1,0,0,0,19,-89,36,None
0,-2,2,-1,0,-2,-2,-2,-3,0,0,0,19,-89,36,None
0,-1,-1,-1,-1,-3,-3,-2,0,0,0,0,19,-89,36,None
0,-1,1,-3,-1,-2,-3,0,1,0,0,0,19,-89,36,None
0,-1,1,-3,-1,-2,-3,0,1,0,0,0,19,-89,36,None
0,-1,1,-3,-1,-2,-3,0,1,0,0,0,19,-90,36,None
0,-2,-2,-4,-1,3,1,0,0,0,0,0,19,-90,36,None
0,-2,-1,1,0,1,0,-2,-3,0,0,0,19,-90,36,None
0,0,0,-3,-2,-2,-5,-5,-4,0,0,0,19,-90,36,None
0,-1,1,-1,0,0,2,2,-1,0,0,0,19,-90,36,None
0,-1,1,-1,0,0,2,2,-1,0,0,0,19,-90,36,None
0,-1,1,-1,0,0,2,2,-1,0,0,0,19,-90,36,None
0,0,2,-1,-2,1,0,-2,-2,0,0,0,19,-90,36,None
0,-1,-1,-4,3,2,0,-1,-1,0,0,0,19,-90,36,None
0,-1,0,-1,-3,2,2,-1,-1,0,0,0,19,-90,36,None
0,-1,1,-1,0,-3,-3,-3,-3,0,0,0,19,-90,36,None
0,-1,1,-1,0,-3,-3,-3,-3,0,0,0,19,-90,36,None
0,-1,1,-1,0,-3,-3,-3,-3,0,0,0,19,-93,36,None
0,-1,1,-2,-1,-1,-4,-2,-1,0,0,0,19,-93,36,None
0,-1,0,-1,0,0,-1,-2,-1,0,0,0,19,-93,36,None
0,-1,1,-2,-1,1,1,0,0,0,0,0,19,-93,36,None
0,-2,-1,-3,-2,-2,-3,-2,-1,0,0,0,19,-93,36,None
0,-2,-1,-3,-2,-2,-3,-2,-1,0,0,0,19,-93,36,None
0,-2,-1,-3,-2,-2,-3,-2,-1,0,0,0,18,-94,36,None
0,-2,-1,-1,-2,-2,-6,-3,-3,0,0,0,18,-94,36,None
0,-1,1,0,1,4,0,0,1,0,0,0,18,-94,36,None
0,-2,1,-4,2,1,-1,-3,-3,0,0,0,18,-94,36,None
0,0,-1,-2,-3,-1,-2,-2,-3,0,0,0,18,-94,36,None
0,0,-1,-2,-3,-1,-2,-2,-3,0,0,0,18,-94,36,None
0,0,-1,-2,-3,-1,-2,-2,-3,0,0,0,18,-93,36,None
0,0,0,-1,1,2,2,-1,-1,0,0,0,18,-93,36,None
0,0,0,-2,-1,1,0,-1,-1,0,0,0,18,-93,36,None
0,-1,-1,0,-1,2,0,0,0,0,0,0,18,-93,36,None
0,-1,0,-2,-1,0,-2,-2,-2,0,0,0,18,-93,36,None
0,-1,0,-2,-1,0,-2,-2,-2,0,0,0,18,-93,36,None
0,-1,0,-2,-1,0,-2,-2,-2,0,0,0,18,-92,35,None
0,-2,-1,-1,-2,-1,-7,-2,-2,0,0,0,18,-92,35,None
0,-2,1,-4,-1,-1,2,-1,-2,0,0,0,18,-92,35,None
0,-2,0,-3,0,0,-1,0,-1,0,0,0,18,-92,35,None
0,0,1,-3,-2,-2,-1,-4,-1,0,0,0,18,-92,35,None
0,0,1,-3,-2,-2,-1,-4,-1,0,0,0,18,-92,35,None
0,0,1,-3,-2,-2,-1,-4,-1,0,0,0,20,-91,34,None
0,-1,-1,5,3,2,4,2,-1,0,0,0,20,-91,34,None
0,-1,0,-5,-3,-1,-5,-2,-3,0,0,0,20,-91,34,None
0,0,1,-3,-1,0,1,-2,-1,0,0,0,20,-91,34,None
0,-1,1,0,-1,-2,-5,-3,-3,0,0,0,20,-91,34,None
0,-1,1,0,-1,-2,-5,-3,-3,0,0,0,20,-91,34,None
0,-1,1,0,-1,-2,-5,-3,-3,0,0,0,21,-91,33,None
0,-1,0,-3,-1,1,1,-2,-2,0,0,0,21,-91,33,None
0,-2,2,-1,-2,-3,-1,-1,-1,0,0,0,21,-91,33,None
0,0,0,0,2,3,2,1,-1,0,0,0,21,-91,33,None
0,-1,-1,-4,-2,1,-1,-2,-1,0,0,0,21,-91,33,None
0,-1,-1,-4,-2,1,-1,-2,-1,0,0,0,21,-91,33,None
0,-1,-1,-4,-2,1,-1,-2,-1,0,0,0,21,-91,32,None
0,-2,0,-4,-1,-2,-3,-3,-3,0,0,0,21,-91,32,None
0,0,0,0,0,3,2,1,-1,0,0,0,21,-91,32,None
0,-1,2,-2,-2,1,0,-1,-1,0,0,0,21,-91,32,None
0,-1,1,0,0,0,-2,-1,0,0,0,0,21,-91,32,None
0,-1,1,0,0,0,-2,-1,0,0,0,0,21,-91,32,None
0,-1,1,0,0,0,-2,-1,0,0,0,0,19,-90,33,None
0,0,1,-4,-1,1,-1,-1,0,0,0,0,19,-90,33,None
