0,-3,-9,13,9,8,3,-4,-9,0,0,0,2,-75,47,None
0,-12,-7,15,-8,-16,-14,-9,-11,0,0,0,2,-75,47,None
0,-9,-16,-9,-18,-7,-9,-7,3,0,0,0,2,-75,47,None
0,-9,-16,-9,-18,-7,-9,-7,3,0,0,0,2,-75,47,None
0,-9,-16,-9,-18,-7,-9,-7,3,0,0,0,2,-70,51,None
0,4,16,-12,-4,-1,-11,-7,-1,0,0,0,2,-70,51,None
0,-7,-25,52,4,-22,-3,-4,-5,0,0,0,2,-70,51,None
0,-4,-2,-52,0,35,10,5,-1,0,0,0,2,-70,51,None
0,2,-7,-45,-27,-22,3,4,13,0,0,0,2,-70,51,None
0,2,-7,-45,-27,-22,3,4,13,0,0,0,2,-70,51,None
0,2,-7,-45,-27,-22,3,4,13,0,0,0,10,-75,52,None
0,-8,-2,32,-14,0,-3,-4,-9,0,0,0,10,-75,52,None
0,-7,3,-4,4,11,-2,-3,-11,0,0,0,10,-75,52,None
0,3,3,-1,15,-8,-1,2,5,0,0,0,10,-75,52,None
0,0,-3,1,-2,4,-4,-5,0,0,0,0,10,-75,52,None
0,0,-3,1,-2,4,-4,-5,0,0,0,0,10,-75,52,None
0,0,-3,1,-2,4,-4,-5,0,0,0,0,13,-76,55,None
0,5,22,18,17,4,-2,-3,0,0,0,0,13,-76,55,None
0,4,10,12,-5,-4,-6,-1,2,0,0,0,13,-76,55,None
0,0,-3,4,0,0,6,3,-5,0,0,0,13,-76,55,None
0,1,-3,-26,-8,-1,3,2,9,0,0,0,13,-76,55,None
0,1,-3,-26,-8,-1,3,2,9,0,0,0,13,-76,55,None
0,1,-3,-26,-8,-1,3,2,9,0,0,0,12,-72,56,None
0,-3,-3,7,3,1,-5,-3,-2,0,0,0,12,-72,56,None
0,-2,3,-3,-4,4,1,0,-3,0,0,0,12,-72,56,None
0,-1,-8,6,-1,-7,-6,-7,-2,0,0,0,12,-72,56,None
0,-1,8,32,6,-1,-8,0,0,0,0,0,12,-72,56,None
0,-1,8,32,6,-1,-8,0,0,0,0,0,12,-72,56,None
0,-1,8,32,6,-1,-8,0,0,0,0,0,7,-75,59,None
0,1,5,16,-7,0,12,1,2,0,0,0,7,-75,59,None
0,-4,-2,-11,-16,-3,-7,-6,-7,0,0,0,7,-75,59,None
0,0,2,5,7,8,4,0,-3,0,0,0,7,-75,59,None
0,1,6,20,32,-5,-2,2,2,0,0,0,7,-75,59,None
0,1,6,20,32,-5,-2,2,2,0,0,0,7,-75,59,None
0,1,6,20,32,-5,-2,2,2,0,0,0,3,-75,59,None
0,-1,-8,0,-2,3,1,-1,-2,0,0,0,3,-75,59,None
0,-1,8,-19,2,3,-6,-5,-2,0,0,0,3,-75,59,None
0,0,-12,-8,-34,3,16,6,0,0,0,0,3,-75,59,None
0,-1,8,5,10,-1,1,-4,-2,0,0,0,3,-75,59,None
0,-1,8,5,10,-1,1,-4,-2,0,0,0,3,-75,59,None
0,-1,8,5,10,-1,1,-4,-2,0,0,0,3,-75,58,None
0,-3,-6,-6,21,1,-12,-7,0,0,0,0,3,-75,58,None
0,-6,3,3,-31,-6,-2,2,-3,0,0,0,3,-75,58,None
0,-2,-5,-3,-16,-1,-2,-2,0,0,0,0,3,-75,58,None
0,0,0,0,-19,-8,-7,-5,-4,0,0,0,3,-75,58,None
0,0,0,0,-19,-8,-7,-5,-4,0,0,0,3,-75,58,None
0,0,0,0,-19,-8,-7,-5,-4,0,0,0,6,-77,61,None
0,2,6,1,26,19,16,6,0,0,0,0,6,-77,61,None
0,-1,-3,-5,-16,-9,-6,-6,-3,0,0,0,6,-77,61,None
0,-3,4,-4,3,-9,-9,-2,-3,0,0,0,6,-77,61,None
0,-3,-2,2,3,7,4,-5,0,0,0,0,6,-77,61,None
0,-3,-2,2,3,7,4,-5,0,0,0,0,6,-77,61,None
0,-3,-2,2,3,7,4,-5,0,0,0,0,10,-79,61,None
0,2,1,5,-16,5,0,1,0,0,0,0,10,-79,61,None
0,-1,2,-6,34,4,-1,2,-1,0,0,0,10,-79,61,None
0,-1,4,6,-2,-9,-8,-3,-1,0,0,0,10,-79,61,None
0,0,1,5,0,-2,5,3,-1,0,0,0,10,-79,61,None
0,0,1,5,0,-2,5,3,-1,0,0,0,10,-79,61,None
0,0,1,5,0,-2,5,3,-1,0,0,0,4,-82,59,None
0,-2,2,3,-4,-2,-9,-7,-5,0,0,0,4,-82,59,None
0,2,0,-8,-35,11,23,13,6,0,0,0,4,-82,59,None
0,-2,1,-18,38,-8,0,2,-2,0,0,0,4,-82,59,None
0,-1,-3,4,-16,-11,-16,-9,-1,0,0,0,4,-82,59,None
0,-1,-3,4,-16,-11,-16,-9,-1,0,0,0,4,-82,59,None
0,-1,-3,4,-16,-11,-16,-9,-1,0,0,0,0,-86,57,None
0,-1,1,7,26,0,-6,1,0,0,0,0,0,-86,57,None
0,-2,7,0,-11,1,0,-3,-6,0,0,0,0,-86,57,None
0,1,2,1,-7,1,0,-3,2,0,0,0,0,-86,57,None
0,0,0,-8,-15,-1,-4,-5,-4,0,0,0,0,-86,57,None
0,0,0,-8,-15,-1,-4,-5,-4,0,0,0,0,-86,57,None
0,0,0,-8,-15,-1,-4,-5,-4,0,0,0,-1,-87,58,None
0,-1,-1,-2,-12,-6,-4,-3,-3,0,0,0,-1,-87,58,None
0,-1,-2,-2,12,3,1,-1,-3,0,0,0,-1,-87,58,None
0,0,2,-2,8,7,2,3,2,0,0,0,-1,-87,58,None
0,2,1,-17,-7,6,4,3,2,0,0,0,-1,-87,58,None
0,2,1,-17,-7,6,4,3,2,0,0,0,-1,-87,58,None
0,2,1,-17,-7,6,4,3,2,0,0,0,0,-85,58,None
0,-6,-6,-3,4,1,-5,-9,-7,0,0,0,0,-85,58,None
0,-3,-4,-1,7,-9,-4,-3,-2,0,0,0,0,-85,58,None
0,-1,-2,-11,-12,3,-4,-3,-5,0,0,0,0,-85,58,None
0,4,4,12,6,4,4,1,5,0,0,0,0,-85,58,None
0,4,4,12,6,4,4,1,5,0,0,0,0,-85,58,None
0,4,4,12,6,4,4,1,5,0,0,0,-6,-84,57,None
0,-1,1,-13,-24,2,2,6,0,0,0,0,-6,-84,57,None
0,-5,-2,1,55,9,1,-2,-1,0,0,0,-6,-84,57,None
0,-5,-3,-4,1,-5,-8,-9,-5,0,0,0,-6,-84,57,None
0,2,4,-1,-26,-6,1,0,-1,0,0,0,-6,-84,57,None
0,2,4,-1,-26,-6,1,0,-1,0,0,0,-6,-84,57,None
0,2,4,-1,-26,-6,1,0,-1,0,0,0,-13,-87,56,None
0,-2,0,6,-17,-6,-4,-1,-3,0,0,0,-13,-87,56,None
0,0,-3,-13,-10,-5,-4,-5,-3,0,0,0,-13,-87,56,None
0,-2,-5,-5,-19,4,-2,-2,-4,0,0,0,-13,-87,56,None
0,0,5,5,18,-1,-1,-1,-1,0,0,0,-13,-87,56,None
0,0,5,5,18,-1,-1,-1,-1,0,0,0,-13,-87,56,None
0,0,5,5,18,-1,-1,-1,-1,0,0,0,-17,-88,55,None
0,1,8,21,13,-1,-3,-2,0,0,0,0,-17,-88,55,None
0,-2,-6,10,-18,-4,5,0,0,0,0,0,-17,-88,55,None
0,0,3,0,9,3,5,4,0,0,0,0,-17,-88,55,None
0,-4,-6,-21,-8,7,0,-2,-1,0,0,0,-17,-88,55,None
0,-4,-6,-21,-8,7,0,-2,-1,0,0,0,-17,-88,55,None
0,-4,-6,-21,-8,7,0,-2,-1,0,0,0,-24,-86,53,None
0,1,11,15,4,0,1,1,0,0,0,0,-24,-86,53,None
0,1,2,9,9,1,-6,-6,-3,0,0,0,-24,-86,53,None
0,-2,-4,19,1,-4,-4,-2,-1,0,0,0,-24,-86,53,None
0,-5,-13,-8,2,1,-2,-1,-4,0,0,0,-24,-86,53,None
0,-5,-13,-8,2,1,-2,-1,-4,0,0,0,-24,-86,53,None
0,-5,-13,-8,2,1,-2,-1,-4,0,0,0,-28,-82,51,None
0,2,8,0,5,3,0,0,0,0,0,0,-28,-82,51,None
0,-2,-4,-19,-6,0,3,2,0,0,0,0,-28,-82,51,None
0,-1,6,7,-7,-5,-6,-4,-3,0,0,0,-28,-82,51,None
0,-2,0,13,10,14,-3,-1,-4,0,0,0,-28,-82,51,None
0,-2,0,13,10,14,-3,-1,-4,0,0,0,-28,-82,51,None
0,-2,0,13,10,14,-3,-1,-4,0,0,0,-27,-83,52,None
0,-1,-3,-39,-22,-14,17,5,3,0,0,0,-27,-83,52,None
0,-4,-12,27,5,-2,-10,-6,-5,0,0,0,-27,-83,52,None
0,2,9,-22,-4,7,-1,0,6,0,0,0,-27,-83,52,None
0,-2,-1,-23,4,-3,-6,-3,-8,0,0,0,-27,-83,52,None
0,-2,-1,-23,4,-3,-6,-3,-8,0,0,0,-27,-83,52,None
0,-2,-1,-23,4,-3,-6,-3,-8,0,0,0,-20,-81,52,None
0,-6,-1,2,8,8,-3,-3,-9,0,0,0,-20,-81,52,None
0,5,20,-18,-14,-9,3,-1,0,0,0,0,-20,-81,52,None
0,-4,-3,21,13,0,-6,-2,-1,0,0,0,-20,-81,52,None
0,7,7,-8,-3,-3,10,5,19,0,0,0,-20,-81,52,None
0,7,7,-8,-3,-3,10,5,19,0,0,0,-20,-81,52,None
0,7,7,-8,-3,-3,10,5,19,0,0,0,-11,-80,51,None
0,-2,9,22,16,9,-4,-5,-20,0,0,0,-11,-80,51,None
0,-9,-14,27,-8,-1,1,-5,-6,0,0,0,-11,-80,51,None
0,4,19,-11,7,6,-2,-1,-1,0,0,0,-11,-80,51,None
0,-6,-3,40,10,-3,-10,-7,-3,0,0,0,-11,-80,51,None
0,-6,-3,40,10,-3,-10,-7,-3,0,0,0,-11,-80,51,None
0,-6,-3,40,10,-3,-10,-7,-3,0,0,0,-9,-80,50,None
0,-3,-2,-8,-16,-10,0,1,3,0,0,0,-9,-80,50,None
0,-2,0,-48,-2,-7,-5,-4,0,0,0,0,-9,-80,50,None
0,1,-2,2,-17,-8,6,4,-4,0,0,0,-9,-80,50,None
0,-1,1,-27,-1,5,-6,-3,0,0,0,0,-9,-80,50,None
0,-1,1,-27,-1,5,-6,-3,0,0,0,0,-9,-80,50,None
0,-1,1,-27,-1,5,-6,-3,0,0,0,0,-15,-80,50,None
0,-2,1,1,2,1,-6,-5,-2,0,0,0,-15,-80,50,None
0,-1,-3,3,16,5,1,-1,-3,0,0,0,-15,-80,50,None
0,5,1,-41,-6,-4,-2,1,22,0,0,0,-15,-80,50,None
0,-8,-7,-1,-12,-3,4,1,-28,0,0,0,-15,-80,50,None
0,-8,-7,-1,-12,-3,4,1,-28,0,0,0,-15,-80,50,None
0,-8,-7,-1,-12,-3,4,1,-28,0,0,0,-12,-79,53,None
0,-2,5,-17,-12,-18,-11,-4,0,0,0,0,-12,-79,53,None
0,5,11,13,5,29,10,4,3,0,0,0,-12,-79,53,None
0,-8,-15,78,33,27,-4,-6,-9,0,0,0,-12,-79,53,None
0,-4,-5,-18,-25,-22,-4,-2,5,0,0,0,-12,-79,53,None
0,-4,-5,-18,-25,-22,-4,-2,5,0,0,0,-12,-79,53,None
0,-4,-5,-18,-25,-22,-4,-2,5,0,0,0,-3,-81,55,None
0,-3,-10,-45,-12,-2,2,1,3,0,0,0,-3,-81,55,None
0,7,17,41,6,13,17,6,5,0,0,0,-3,-81,55,None
0,-6,-8,-83,-17,-11,-7,-4,-13,0,0,0,-3,-81,55,None
0,-2,2,44,19,9,-3,-6,-6,0,0,0,-3,-81,55,None
0,-2,2,44,19,9,-3,-6,-6,0,0,0,-3,-81,55,None
0,-2,2,44,19,9,-3,-6,-6,0,0,0,0,-82,55,None
0,0,-3,-18,-21,-13,-7,-5,-3,0,0,0,0,-82,55,None
0,-1,-7,-56,6,-4,-5,2,10,0,0,0,0,-82,55,None
0,7,15,12,12,14,9,4,-5,0,0,0,0,-82,55,None
0,-3,0,74,14,9,-5,-3,3,0,0,0,0,-82,55,None
0,-3,0,74,14,9,-5,-3,3,0,0,0,0,-82,55,None
0,-3,0,74,14,9,-5,-3,3,0,0,0,-4,-83,53,None
0,5,1,-77,-13,-6,7,3,1,0,0,0,-4,-83,53,None
0,-9,-12,23,-8,-8,-10,-5,-16,0,0,0,-4,-83,53,None
0,5,3,18,0,-5,0,2,23,0,0,0,-4,-83,53,None
0,-1,-4,-86,-1,10,-1,1,-24,0,0,0,-4,-83,53,None
0,-1,-4,-86,-1,10,-1,1,-24,0,0,0,-4,-83,53,None
0,-1,-4,-86,-1,10,-1,1,-24,0,0,0,-8,-81,55,None
0,5,-1,11,34,14,0,-6,-5,0,0,0,-8,-81,55,None
0,-2,0,5,-48,-36,-2,-2,7,0,0,0,-8,-81,55,None
0,-8,1,-31,-6,0,-6,-6,-11,0,0,0,-8,-81,55,None
0,7,7,-41,-25,-14,2,5,17,0,0,0,-8,-81,55,None
0,7,7,-41,-25,-14,2,5,17,0,0,0,-8,-81,55,None
0,7,7,-41,-25,-14,2,5,17,0,0,0,-7,-84,54,None
0,-7,-4,36,35,47,-4,-3,1,0,0,0,-7,-84,54,None
0,-3,7,-21,-12,-16,3,-4,-13,0,0,0,-7,-84,54,None
0,-9,-7,-3,-9,-15,-3,-5,-9,0,0,0,-7,-84,54,None
0,5,18,21,24,21,9,3,3,0,0,0,-7,-84,54,None
0,5,18,21,24,21,9,3,3,0,0,0,-7,-84,54,None
0,5,18,21,24,21,9,3,3,0,0,0,-7,-85,53,None
0,-6,-17,27,-14,-1,-8,-3,0,0,0,0,-7,-85,53,None
0,1,8,2,11,5,-10,-7,3,0,0,0,-7,-85,53,None
0,6,-3,19,-11,-11,-4,-3,16,0,0,0,-7,-85,53,None
0,-21,-9,19,1,1,5,-2,-32,0,0,0,-7,-85,53,None
0,-21,-9,19,1,1,5,-2,-32,0,0,0,-7,-85,53,None
0,-21,-9,19,1,1,5,-2,-32,0,0,0,0,-84,54,None
0,5,6,38,-8,-11,-9,-3,10,0,0,0,0,-84,54,None
0,-2,-3,0,3,3,-5,-2,-4,0,0,0,0,-84,54,None
0,1,3,20,7,10,8,1,-2,0,0,0,0,-84,54,None
0,-2,-3,-30,-10,-10,-9,-5,5,0,0,0,0,-84,54,None
0,-2,-3,-30,-10,-10,-9,-5,5,0,0,0,0,-84,54,None
0,-2,-3,-30,-10,-10,-9,-5,5,0,0,0,3,-79,55,None
0,6,9,34,14,6,7,7,7,0,0,0,3,-79,55,None
0,5,17,-42,12,19,12,6,-1,0,0,0,3,-79,55,None
0,-13,-25,2,-33,-26,-14,-7,-12,0,0,0,3,-79,55,None
0,1,-4,9,0,-7,-7,-5,3,0,0,0,3,-79,55,None
0,1,-4,9,0,-7,-7,-5,3,0,0,0,3,-79,55,None
0,1,-4,9,0,-7,-7,-5,3,0,0,0,10,-80,56,None
0,-5,-2,-7,-10,-11,-17,-9,-7,0,0,0,10,-80,56,None
0,2,5,-1,31,14,5,5,7,0,0,0,10,-80,56,None
0,0,6,-9,-2,14,13,-1,-8,0,0,0,10,-80,56,None
0,4,-1,-8,-7,-11,5,-1,6,0,0,0,10,-80,56,None
0,4,-1,-8,-7,-11,5,-1,6,0,0,0,10,-80,56,None
0,4,-1,-8,-7,-11,5,-1,6,0,0,0,19,-81,57,None
0,-2,-5,10,-3,-6,2,4,3,0,0,0,19,-81,57,None
0,-3,2,7,0,6,-14,-8,-9,0,0,0,19,-81,57,None
0,2,-3,-9,1,-9,-7,0,-3,0,0,0,19,-81,57,None
0,4,3,11,-6,-5,-4,-6,4,0,0,0,19,-81,57,None
0,4,3,11,-6,-5,-4,-6,4,0,0,0,19,-81,57,None
0,4,3,11,-6,-5,-4,-6,4,0,0,0,23,-80,60,None
0,-4,-1,-19,-3,3,3,6,-4,0,0,0,23,-80,60,None
0,-1,-4,10,8,1,3,-1,-2,0,0,0,23,-80,60,None
0,-1,5,-7,1,3,-3,-6,-7,0,0,0,23,-80,60,None
0,0,3,-8,-1,-3,-10,4,5,0,0,0,23,-80,60,None
0,0,3,-8,-1,-3,-10,4,5,0,0,0,23,-80,60,None
0,0,3,-8,-1,-3,-10,4,5,0,0,0,15,-77,60,None
0,1,-2,-18,0,16,26,3,5,0,0,0,15,-77,60,None
0,1,-3,6,-4,-11,-7,16,7,0,0,0,15,-77,60,None
0,-6,1,1,-2,1,-21,-31,-31,0,0,0,15,-77,60,None
0,0,-3,-2,7,15,11,-2,14,0,0,0,15,-77,60,None
0,0,-3,-2,7,15,11,-2,14,0,0,0,15,-77,60,None
0,0,-3,-2,7,15,11,-2,14,0,0,0,6,-78,59,None
0,-1,-2,-11,8,-8,2,-2,0,0,0,0,6,-78,59,None
0,-1,-1,7,-15,9,-9,7,3,0,0,0,6,-78,59,None
0,1,4,-6,-1,-18,-16,-5,-1,0,0,0,6,-78,59,None
0,-3,-2,5,12,15,-1,2,-5,0,0,0,6,-78,59,None
0,-3,-2,5,12,15,-1,2,-5,0,0,0,6,-78,59,None
0,-3,-2,5,12,15,-1,2,-5,0,0,0,9,-80,59,None
0,-1,-5,-3,3,8,28,8,0,0,0,0,9,-80,59,None
0,-1,6,-1,3,-4,0,4,0,0,0,0,9,-80,59,None
0,-2,-2,3,-1,6,-22,-8,1,0,0,0,9,-80,59,None
0,-1,3,-1,-9,-5,6,-6,-2,0,0,0,9,-80,59,None
0,-1,3,-1,-9,-5,6,-6,-2,0,0,0,9,-80,59,None
0,-1,3,-1,-9,-5,6,-6,-2,0,0,0,9,-86,59,None
0,-1,-1,-2,-12,10,3,1,-3,0,0,0,9,-86,59,None
0,-4,-6,6,12,-10,-19,-21,-10,0,0,0,9,-86,59,None
0,-3,0,-3,1,1,2,8,4,0,0,0,9,-86,59,None
0,-1,-1,-8,-15,-21,-13,2,2,0,0,0,9,-86,59,None
0,-1,-1,-8,-15,-21,-13,2,2,0,0,0,9,-86,59,None
0,-1,-1,-8,-15,-21,-13,2,2,0,0,0,10,-87,59,None
0,-2,1,-7,-10,-18,-15,-14,-11,0,0,0,10,-87,59,None
0,-3,-2,-1,-7,3,3,-7,-2,0,0,0,10,-87,59,None
0,0,4,-2,-3,0,4,5,4,0,0,0,10,-87,59,None
0,-2,2,6,16,9,14,13,0,0,0,0,10,-87,59,None
0,-2,2,6,16,9,14,13,0,0,0,0,10,-87,59,None
0,-2,2,6,16,9,14,13,0,0,0,0,10,-85,59,None
0,0,0,-16,-4,16,1,-5,2,0,0,0,10,-85,59,None
0,0,-2,-9,-22,-6,0,0,-1,0,0,0,10,-85,59,None
0,-1,3,-2,7,6,11,7,5,0,0,0,10,-85,59,None
0,-1,-1,1,2,-8,-8,-13,-5,0,0,0,10,-85,59,None
0,-1,-1,1,2,-8,-8,-13,-5,0,0,0,10,-85,59,None
0,-1,-1,1,2,-8,-8,-13,-5,0,0,0,5,-81,57,None
0,-3,-1,1,13,-14,-17,-2,0,0,0,0,5,-81,57,None
0,-4,-4,-2,-3,7,2,-3,-1,0,0,0,5,-81,57,None
0,1,2,-12,-7,12,17,4,-1,0,0,0,5,-81,57,None
0,0,0,1,-8,-9,-10,3,-1,0,0,0,5,-81,57,None
0,0,0,1,-8,-9,-10,3,-1,0,0,0,5,-81,57,None
0,0,0,1,-8,-9,-10,3,-1,0,0,0,6,-82,58,None
0,-5,-3,-6,-5,0,-11,-5,-5,0,0,0,6,-82,58,None
0,5,14,4,28,-1,9,-3,0,0,0,0,6,-82,58,None
0,-10,-12,3,-17,1,1,2,-6,0,0,0,6,-82,58,None
0,0,-1,1,3,11,-2,-3,-1,0,0,0,6,-82,58,None
0,0,-1,1,3,11,-2,-3,-1,0,0,0,6,-82,58,None
0,0,-1,1,3,11,-2,-3,-1,0,0,0,1,-86,53,None
0,0,-2,-7,-13,-7,-1,1,0,0,0,0,1,-86,53,None
0,-4,-1,2,15,8,-1,-5,-4,0,0,0,1,-86,53,None
0,6,13,2,-21,-2,7,5,4,0,0,0,1,-86,53,None
0,-1,3,9,-10,0,-2,-3,-1,0,0,0,1,-86,53,None
0,-1,3,9,-10,0,-2,-3,-1,0,0,0,1,-86,53,None
0,-1,3,9,-10,0,-2,-3,-1,0,0,0,-6,-87,51,None
0,1,3,11,29,3,-3,-2,-4,0,0,0,-6,-87,51,None
0,-5,-14,-2,19,3,-4,-3,-4,0,0,0,-6,-87,51,None
0,-1,5,9,4,-3,1,1,-1,0,0,0,-6,-87,51,None
0,-1,-8,-14,-12,9,4,0,-2,0,0,0,-6,-87,51,None
0,-1,-8,-14,-12,9,4,0,-2,0,0,0,-6,-87,51,None
0,-1,-8,-14,-12,9,4,0,-2,0,0,0,-9,-84,49,None
0,2,8,1,-13,-4,-3,-1,1,0,0,0,-9,-84,49,None
0,2,8,-6,10,2,2,-1,1,0,0,0,-9,-84,49,None
0,3,10,44,31,3,4,2,2,0,0,0,-9,-84,49,None
0,-2,-2,-50,0,-3,-4,-4,-2,0,0,0,-9,-84,49,None
0,-2,-2,-50,0,-3,-4,-4,-2,0,0,0,-9,-84,49,None
0,-2,-2,-50,0,-3,-4,-4,-2,0,0,0,-13,-78,49,None
0,-4,-1,10,-10,1,-5,-4,-4,0,0,0,-13,-78,49,None
0,-3,-6,-11,-28,-11,-1,2,0,0,0,0,-13,-78,49,None
0,1,4,5,-9,-11,1,0,2,0,0,0,-13,-78,49,None
0,-1,3,-10,7,-1,-2,-2,-4,0,0,0,-13,-78,49,None
0,-1,3,-10,7,-1,-2,-2,-4,0,0,0,-13,-78,49,None
0,-1,3,-10,7,-1,-2,-2,-4,0,0,0,-14,-76,46,None
0,-2,0,11,3,-4,-5,-3,-1,0,0,0,-14,-76,46,None
0,-3,-3,7,-9,6,-9,-8,-7,0,0,0,-14,-76,46,None
0,0,-1,-12,6,4,2,3,1,0,0,0,-14,-76,46,None
0,-1,1,13,6,-1,-1,-2,-2,0,0,0,-14,-76,46,None
0,-1,1,13,6,-1,-1,-2,-2,0,0,0,-14,-76,46,None
0,-1,1,13,6,-1,-1,-2,-2,0,0,0,-11,-74,46,None
0,-2,-5,-27,-5,-2,-3,-3,-2,0,0,0,-11,-74,46,None
0,1,1,5,-6,4,1,-1,-1,0,0,0,-11,-74,46,None
0,-2,-5,-14,17,-3,-1,1,-1,0,0,0,-11,-74,46,None
0,-3,2,8,-2,10,3,0,-1,0,0,0,-11,-74,46,None
0,-3,2,8,-2,10,3,0,-1,0,0,0,-11,-74,46,None
0,-3,2,8,-2,10,3,0,-1,0,0,0,-10,-75,45,None
0,0,4,1,-16,0,3,0,0,0,0,0,-10,-75,45,None
0,-2,-3,-6,-4,1,-1,-1,-1,0,0,0,-10,-75,45,None
0,-2,-5,-12,5,4,4,1,-1,0,0,0,-10,-75,45,None
0,-2,1,-7,0,-4,0,-1,-1,0,0,0,-10,-75,45,None
0,-2,1,-7,0,-4,0,-1,-1,0,0,0,-10,-75,45,None
0,-2,1,-7,0,-4,0,-1,-1,0,0,0,-8,-76,45,None
0,-1,-2,-15,3,-1,-3,-1,-1,0,0,0,-8,-76,45,None
0,-2,-3,-3,-8,-1,-2,-2,-3,0,0,0,-8,-76,45,None
0,-1,-1,-10,0,0,-5,-5,-1,0,0,0,-8,-76,45,None
0,-2,-1,7,2,-5,-6,-3,-4,0,0,0,-8,-76,45,None
0,-2,-1,7,2,-5,-6,-3,-4,0,0,0,-8,-76,45,None
0,-2,-1,7,2,-5,-6,-3,-4,0,0,0,-5,-76,44,None
0,-3,1,7,0,21,2,-1,-2,0,0,0,-5,-76,44,None
0,-2,-2,-2,4,-14,-5,-2,-3,0,0,0,-5,-76,44,None
0,0,0,-15,-16,-3,3,0,2,0,0,0,-5,-76,44,None
0,-1,0,-7,-1,1,0,-1,-1,0,0,0,-5,-76,44,None
0,-1,0,-7,-1,1,0,-1,-1,0,0,0,-5,-76,44,None
0,-1,0,-7,-1,1,0,-1,-1,0,0,0,0,-76,42,None
0,-1,-1,2,1,-10,-4,-1,0,0,0,0,0,-76,42,None
0,-2,0,-6,4,9,-2,-4,-1,0,0,0,0,-76,42,None
0,-4,-2,-7,4,3,-2,-4,-5,0,0,0,0,-76,42,None
0,0,-2,-1,-4,-5,-3,-3,-2,0,0,0,0,-76,42,None
0,0,-2,-1,-4,-5,-3,-3,-2,0,0,0,0,-76,42,None
0,0,-2,-1,-4,-5,-3,-3,-2,0,0,0,4,-79,41,None
0,-3,0,0,2,-1,-1,2,-1,0,0,0,4,-79,41,None
0,0,2,0,-3,5,3,0,1,0,0,0,4,-79,41,None
0,-2,-2,-3,4,-1,-2,-5,-4,0,0,0,4,-79,41,None
0,0,1,0,-8,0,1,-1,-1,0,0,0,4,-79,41,None
0,0,1,0,-8,0,1,-1,-1,0,0,0,4,-79,41,None
0,0,1,0,-8,0,1,-1,-1,0,0,0,5,-81,41,None
0,0,2,0,4,1,-2,-2,-2,0,0,0,5,-81,41,None
0,-2,-1,-2,-3,-2,-3,-1,-1,0,0,0,5,-81,41,None
0,-3,-3,-4,2,12,5,1,-3,0,0,0,5,-81,41,None
0,-1,7,-4,2,-2,0,1,1,0,0,0,5,-81,41,None
0,-1,7,-4,2,-2,0,1,1,0,0,0,5,-81,41,None
0,-1,7,-4,2,-2,0,1,1,0,0,0,3,-81,40,None
0,1,0,0,-1,-2,1,-2,0,0,0,0,3,-81,40,None
0,0,0,4,-4,-2,0,-2,-1,0,0,0,3,-81,40,None
0,-1,1,-4,1,0,-7,-1,0,0,0,0,3,-81,40,None
0,-2,-3,3,-2,-4,-3,-2,-3,0,0,0,3,-81,40,None
0,-2,-3,3,-2,-4,-3,-2,-3,0,0,0,3,-81,40,None
0,-2,-3,3,-2,-4,-3,-2,-3,0,0,0,6,-76,42,None
0,1,3,0,2,2,-3,-1,2,0,0,0,6,-76,42,None
0,-2,0,-6,-3,4,3,-1,-2,0,0,0,6,-76,42,None
0,-2,0,-4,5,-3,-3,0,-2,0,0,0,6,-76,42,None
0,2,2,-1,7,17,11,-1,-1,0,0,0,6,-76,42,None
0,2,2,-1,7,17,11,-1,-1,0,0,0,6,-76,42,None
0,2,2,-1,7,17,11,-1,-1,0,0,0,10,-80,45,None
0,-3,-1,-5,-3,-10,-2,1,-2,0,0,0,10,-80,45,None
0,-1,1,-5,2,4,-3,-3,-1,0,0,0,10,-80,45,None
0,1,5,-1,-7,-6,-2,-3,2,0,0,0,10,-80,45,None
0,-4,-2,-1,-1,-3,-4,-2,-7,0,0,0,10,-80,45,None
0,-4,-2,-1,-1,-3,-4,-2,-7,0,0,0,10,-80,45,None
0,-4,-2,-1,-1,-3,-4,-2,-7,0,0,0,10,-84,47,None
0,-4,0,-6,1,-6,-5,-3,-3,0,0,0,10,-84,47,None
0,-2,-1,-3,-3,-2,-6,-3,-1,0,0,0,10,-84,47,None
0,0,1,0,9,13,3,2,2,0,0,0,10,-84,47,None
0,0,-1,0,-4,-3,8,3,2,0,0,0,10,-84,47,None
0,0,-1,0,-4,-3,8,3,2,0,0,0,10,-84,47,None
0,0,-1,0,-4,-3,8,3,2,0,0,0,9,-88,50,None
0,-1,4,3,1,2,0,-2,-1,0,0,0,9,-88,50,None
0,-1,-2,-4,-2,-3,-3,1,0,0,0,0,9,-88,50,None
0,-2,-4,-3,0,-7,-3,-2,-4,0,0,0,9,-88,50,None
0,-5,2,-5,7,14,2,0,-2,0,0,0,9,-88,50,None
0,-5,2,-5,7,14,2,0,-2,0,0,0,9,-88,50,None
0,-5,2,-5,7,14,2,0,-2,0,0,0,9,-90,51,None
0,0,-3,-5,-12,-3,-2,-2,-1,0,0,0,9,-90,51,None
0,-1,3,2,1,1,2,0,-2,0,0,0,9,-90,51,None
0,0,-2,-5,-1,-9,-7,-9,-3,0,0,0,9,-90,51,None
0,0,0,-1,3,3,-6,2,2,0,0,0,9,-90,51,None
0,0,0,-1,3,3,-6,2,2,0,0,0,9,-90,51,None
0,0,0,-1,3,3,-6,2,2,0,0,0,13,-86,53,None
0,-3,2,1,3,-6,0,-1,-4,0,0,0,13,-86,53,None
0,1,-1,-2,4,11,4,-1,1,0,0,0,13,-86,53,None
0,-1,-1,-2,2,3,0,-6,-4,0,0,0,13,-86,53,None
0,4,4,0,-2,1,3,10,15,0,0,0,13,-86,53,None
0,4,4,0,-2,1,3,10,15,0,0,0,13,-86,53,None
0,4,4,0,-2,1,3,10,15,0,0,0,16,-89,53,None
0,-2,-5,-1,0,2,-9,-12,-21,0,0,0,16,-89,53,None
0,-3,0,-4,-3,-6,1,-2,0,0,0,0,16,-89,53,None
0,-2,-3,-1,0,15,10,2,-3,0,0,0,16,-89,53,None
0,-1,0,-3,-6,-12,-12,-9,-5,0,0,0,16,-89,53,None
0,-1,0,-3,-6,-12,-12,-9,-5,0,0,0,16,-89,53,None
0,-1,0,-3,-6,-12,-12,-9,-5,0,0,0,18,-92,52,None
0,1,2,-2,-1,2,0,-3,2,0,0,0,18,-92,52,None
0,-2,-2,-3,0,2,-4,2,3,0,0,0,18,-92,52,None
0,1,6,-3,-1,0,10,3,1,0,0,0,18,-92,52,None
0,0,-3,-1,1,0,-3,-6,-6,0,0,0,18,-92,52,None
0,0,-3,-1,1,0,-3,-6,-6,0,0,0,18,-92,52,None
0,0,-3,-1,1,0,-3,-6,-6,0,0,0,20,-93,50,None
0,-2,-2,-4,1,5,1,5,5,0,0,0,20,-93,50,None
0,-2,2,0,-4,-6,-6,-4,-3,0,0,0,20,-93,50,None
0,-4,-5,-3,-3,-3,-3,0,-2,0,0,0,20,-93,50,None
0,-1,2,-5,0,0,-2,-2,-5,0,0,0,20,-93,50,None
0,-1,2,-5,0,0,-2,-2,-5,0,0,0,20,-93,50,None
0,-1,2,-5,0,0,-2,-2,-5,0,0,0,19,-91,49,None
0,0,0,-3,-3,-5,-6,-3,-2,0,0,0,19,-91,49,None
0,-1,2,1,-3,3,4,3,1,0,0,0,19,-91,49,None
0,-1,4,-2,-4,0,-6,-4,-2,0,0,0,19,-91,49,None
0,0,2,0,-1,1,-1,6,11,0,0,0,19,-91,49,None
0,0,2,0,-1,1,-1,6,11,0,0,0,19,-91,49,None
0,0,2,0,-1,1,-1,6,11,0,0,0,20,-95,49,None
0,-1,-7,2,1,1,4,-2,-2,0,0,0,20,-95,49,None
0,-3,6,-4,-1,0,1,2,-5,0,0,0,20,-95,49,None
0,-2,0,-4,0,0,-3,-5,-4,0,0,0,20,-95,49,None
0,-1,-2,-1,-3,-4,-7,-6,-6,0,0,0,20,-95,49,None
0,-1,-2,-1,-3,-4,-7,-6,-6,0,0,0,20,-95,49,None
0,-1,-2,-1,-3,-4,-7,-6,-6,0,0,0,19,-97,46,None
0,1,4,0,1,4,9,12,6,0,0,0,19,-97,46,None
0,0,-2,-3,-3,0,-5,-10,1,0,0,0,19,-97,46,None
0,-3,-1,-1,-2,-5,-5,-1,-2,0,0,0,19,-97,46,None
0,0,2,-1,0,3,6,0,-3,0,0,0,19,-97,46,None
0,0,2,-1,0,3,6,0,-3,0,0,0,19,-97,46,None
0,0,2,-1,0,3,6,0,-3,0,0,0,18,-100,45,None
0,-1,1,-2,-1,5,0,-4,0,0,0,0,18,-100,45,None
0,-1,0,-1,-1,-4,-2,-3,-7,0,0,0,18,-100,45,None
0,-1,0,-1,-3,-1,-6,-3,-2,0,0,0,18,-100,45,None
0,0,1,-2,0,-3,-9,-6,-4,0,0,0,18,-100,45,None
0,0,1,-2,0,-3,-9,-6,-4,0,0,0,18,-100,45,None
0,0,1,-2,0,-3,-9,-6,-4,0,0,0,13,-100,42,None
0,-2,-2,-1,2,-3,5,-2,0,0,0,0,13,-100,42,None
0,1,5,2,2,9,6,6,2,0,0,0,13,-100,42,None
0,-1,-4,-2,0,0,2,1,1,0,0,0,13,-100,42,None
0,-2,0,-4,-3,-2,-4,-5,-4,0,0,0,13,-100,42,None
0,-2,0,-4,-3,-2,-4,-5,-4,0,0,0,13,-100,42,None
0,-2,0,-4,-3,-2,-4,-5,-4,0,0,0,12,-94,43,None
0,-3,7,-2,-4,-5,-16,-5,-5,0,0,0,12,-94,43,None
0,-1,-10,-4,-1,-1,6,1,2,0,0,0,12,-94,43,None
0,0,3,-3,1,2,0,1,0,0,0,0,12,-94,43,None
0,-1,-11,-4,-1,0,2,-2,-2,0,0,0,12,-94,43,None
0,-1,-11,-4,-1,0,2,-2,-2,0,0,0,12,-94,43,None
0,-1,-11,-4,-1,0,2,-2,-2,0,0,0,12,-96,48,None
0,1,4,-2,-1,-1,-1,-1,0,0,0,0,12,-96,48,None
0,-2,3,0,-1,-1,-3,-3,-4,0,0,0,12,-96,48,None
0,3,1,-1,-1,2,-1,-2,-3,0,0,0,12,-96,48,None
0,-7,2,-2,-3,-3,-1,2,-1,0,0,0,12,-96,48,None
0,-7,2,-2,-3,-3,-1,2,-1,0,0,0,12,-96,48,None
0,-7,2,-2,-3,-3,-1,2,-1,0,0,0,15,-99,53,None
0,-1,-1,0,0,0,-3,-2,0,0,0,0,15,-99,53,None
0,-1,-1,-2,0,2,-1,-5,-3,0,0,0,15,-99,53,None
0,-2,-1,-2,-2,-1,-2,-1,-3,0,0,0,15,-99,53,None
0,1,1,-1,0,-2,-5,-1,-1,0,0,0,15,-99,53,None
0,1,1,-1,0,-2,-5,-1,-1,0,0,0,15,-99,53,None
0,1,1,-1,0,-2,-5,-1,-1,0,0,0,20,-91,47,None
0,-1,-2,-4,0,-3,4,-5,-6,0,0,0,20,-91,47,None
0,-3,0,-1,1,12,5,3,-2,0,0,0,20,-91,47,None
0,-2,2,0,-1,-1,-1,-2,-1,0,0,0,20,-91,47,None
0,-1,-1,-3,-2,0,-4,-4,-1,0,0,0,20,-91,47,None
0,-1,-1,-3,-2,0,-4,-4,-1,0,0,0,20,-91,47,None
0,-1,-1,-3,-2,0,-4,-4,-1,0,0,0,26,-82,43,None
0,-4,0,-2,0,-3,-4,0,-1,0,0,0,26,-82,43,None
0,0,0,-2,-2,-5,-1,1,-1,0,0,0,26,-82,43,None
0,-2,1,-1,-2,0,-1,-1,-1,0,0,0,26,-82,43,None
0,0,0,-2,0,2,0,-3,-3,0,0,0,26,-82,43,None
0,0,0,-2,0,2,0,-3,-3,0,0,0,26,-82,43,None
0,0,0,-2,0,2,0,-3,-3,0,0,0,26,-88,41,None
0,1,-3,-2,-2,1,0,1,2,0,0,0,26,-88,41,None
0,-1,0,0,-3,-5,-4,-3,-2,0,0,0,26,-88,41,None
0,-1,3,-2,1,2,-1,2,1,0,0,0,26,-88,41,None
0,-1,-1,-1,1,3,2,0,-1,0,0,0,26,-88,41,None
0,-1,-1,-1,1,3,2,0,-1,0,0,0,26,-88,41,None
0,-1,-1,-1,1,3,2,0,-1,0,0,0,23,-90,41,None
0,-2,1,-2,0,1,-3,-2,-1,0,0,0,23,-90,41,None
0,2,0,-2,-2,-1,-4,-4,-1,0,0,0,23,-90,41,None
0,-5,0,-3,-1,-2,-2,0,-5,0,0,0,23,-90,41,None
0,-2,2,-1,0,1,2,-1,-2,0,0,0,23,-90,41,None
0,-2,2,-1,0,1,2,-1,-2,0,0,0,23,-90,41,None
0,-2,2,-1,0,1,2,-1,-2,0,0,0,23,-88,39,None
0,-1,1,-2,1,4,4,-1,-1,0,0,0,23,-88,39,None
0,0,-1,-3,0,-1,-2,-1,0,0,0,0,23,-88,39,None
0,1,1,-1,0,-2,-4,-1,1,0,0,0,23,-88,39,None
0,-2,3,-2,-1,0,-2,-4,-4,0,0,0,23,-88,39,None
0,-2,3,-2,-1,0,-2,-4,-4,0,0,0,23,-88,39,None
0,-2,3,-2,-1,0,-2,-4,-4,0,0,0,24,-84,39,None
0,-1,-4,-3,-1,1,1,-2,-4,0,0,0,24,-84,39,None
0,-2,1,-4,-2,-2,-5,-1,2,0,0,0,24,-84,39,None
0,0,0,-1,-1,2,3,0,-1,0,0,0,24,-84,39,None
0,0,-2,-3,-2,-3,-5,-2,-2,0,0,0,24,-84,39,None
0,0,-2,-3,-2,-3,-5,-2,-2,0,0,0,24,-84,39,None
0,0,-2,-3,-2,-3,-5,-2,-2,0,0,0,23,-85,40,None
0,0,1,-2,-2,3,-1,1,0,0,0,0,23,-85,40,None
0,-2,1,1,2,4,3,0,-2,0,0,0,23,-85,40,None
0,0,0,-1,-1,0,-3,-2,-2,0,0,0,23,-85,40,None
0,0,-1,-1,0,2,1,1,1,0,0,0,23,-85,40,None
0,0,-1,-1,0,2,1,1,1,0,0,0,23,-85,40,None
0,0,-1,-1,0,2,1,1,1,0,0,0,23,-89,40,None
0,-3,1,-2,-2,-3,-5,-2,-2,0,0,0,23,-89,40,None
0,-1,1,-1,0,-3,-3,-4,-4,0,0,0,23,-89,40,None
0,-1,-1,-1,0,1,-3,-1,-1,0,0,0,23,-89,40,None
0,1,-1,-2,-1,0,-1,-3,-1,0,0,0,23,-89,40,None
0,1,-1,-2,-1,0,-1,-3,-1,0,0,0,23,-89,40,None
0,1,-1,-2,-1,0,-1,-3,-1,0,0,0,21,-90,39,None
0,-5,1,-1,-3,-1,-1,-1,-2,0,0,0,21,-90,39,None
0,-1,0,-3,-2,-1,-1,3,1,0,0,0,21,-90,39,None
0,-13,-3,-2,0,1,2,0,1,0,0,0,21,-90,39,None
0,10,3,-2,-1,1,0,-1,-5,0,0,0,21,-90,39,None
0,10,3,-2,-1,1,0,-1,-5,0,0,0,21,-90,39,None
0,10,3,-2,-1,1,0,-1,-5,0,0,0,21,-90,39,None
0,1,1,-1,0,0,-1,-2,-2,0,0,0,21,-90,39,None
0,-1,0,-3,-1,1,-1,0,-1,0,0,0,21,-90,39,None
0,-1,-1,-3,-1,-1,-1,0,-2,0,0,0,21,-90,39,None
0,-4,0,-1,-1,0,-2,-5,-1,0,0,0,21,-90,39,None
0,-4,0,-1,-1,0,-2,-5,-1,0,0,0,21,-90,39,None
0,-4,0,-1,-1,0,-2,-5,-1,0,0,0,20,-89,39,None
0,-1,0,-3,-2,-1,-2,-3,-1,0,0,0,20,-89,39,None
0,0,0,-3,-1,0,-1,-3,-4,0,0,0,20,-89,39,None
0,0,1,-2,-1,1,-3,-2,-1,0,0,0,20,-89,39,None
0,-4,-1,-1,1,2,2,-1,-2,0,0,0,20,-89,39,None
0,-4,-1,-1,1,2,2,-1,-2,0,0,0,20,-89,39,None
0,-4,-1,-1,1,2,2,-1,-2,0,0,0,21,-88,39,None
0,2,0,-3,0,0,-2,0,0,0,0,0,21,-88,39,None
0,-2,-2,-1,-1,-1,-3,1,1,0,0,0,21,-88,39,None
0,1,1,-3,-1,-2,-3,-13,-8,0,0,0,21,-88,39,None
0,-3,1,-3,-3,1,-1,1,0,0,0,0,21,-88,39,None
0,-3,1,-3,-3,1,-1,1,0,0,0,0,21,-88,39,None
0,-3,1,-3,-3,1,-1,1,0,0,0,0,23,-87,39,None
0,-2,1,-4,-3,-1,0,1,1,0,0,0,23,-87,39,None
0,-3,0,-1,-1,0,0,-1,-3,0,0,0,23,-87,39,None
0,2,1,-2,0,-1,-1,0,0,0,0,0,23,-87,39,None
0,-2,0,-1,0,0,-3,-5,-3,0,0,0,23,-87,39,None
0,-2,0,-1,0,0,-3,-5,-3,0,0,0,23,-87,39,None
0,-2,0,-1,0,0,-3,-5,-3,0,0,0,23,-88,40,None
0,0,-1,-1,0,1,2,-2,-1,0,0,0,23,-88,40,None
0,-1,0,-2,-2,-1,-4,-6,-4,0,0,0,23,-88,40,None
0,0,-2,-3,-1,-1,-4,1,1,0,0,0,23,-88,40,None
0,-3,3,-1,-1,0,-2,-5,-1,0,0,0,23,-88,40,None
0,-3,3,-1,-1,0,-2,-5,-1,0,0,0,23,-88,40,None
0,-3,3,-1,-1,0,-2,-5,-1,0,0,0,24,-89,40,None
0,0,2,-1,0,1,0,0,-1,0,0,0,24,-89,40,None
0,-1,0,-3,-2,-1,0,-1,-2,0,0,0,24,-89,40,None
0,-1,-1,-1,0,1,0,-3,-1,0,0,0,24,-89,40,None
0,-1,-1,1,1,0,0,0,-2,0,0,0,24,-89,40,None
0,-1,-1,1,1,0,0,0,-2,0,0,0,24,-89,40,None
0,-1,-1,1,1,0,0,0,-2,0,0,0,24,-89,39,None
0,-2,-1,-3,-1,-1,-3,2,1,0,0,0,24,-89,39,None
0,-3,0,-2,-1,1,-2,-5,-2,0,0,0,24,-89,39,None
0,-1,3,-1,-1,0,-1,4,1,0,0,0,24,-89,39,None
0,-3,0,-3,-1,-2,-2,-8,-5,0,0,0,24,-89,39,None
0,-3,0,-3,-1,-2,-2,-8,-5,0,0,0,24,-89,39,None
0,-3,0,-3,-1,-2,-2,-8,-5,0,0,0,24,-89,39,None
0,-1,0,-3,1,1,0,0,-2,0,0,0,24,-89,39,None
0,-1,0,-1,1,0,2,2,1,0,0,0,24,-89,39,None
0,-1,-1,-2,-1,3,-3,-5,-5,0,0,0,24,-89,39,None
0,-1,0,-3,-3,1,0,3,1,0,0,0,24,-89,39,None
0,-1,0,-3,-3,1,0,3,1,0,0,0,24,-89,39,None
0,-1,0,-3,-3,1,0,3,1,0,0,0,23,-88,40,None
0,-2,-1,-1,0,0,-1,-1,-2,0,0,0,23,-88,40,None
0,-1,0,-1,0,2,1,-3,-3,0,0,0,23,-88,40,None
0,1,2,-1,1,0,0,-1,0,0,0,0,23,-88,40,None
0,2,-1,-2,-2,-2,-3,0,-1,0,0,0,23,-88,40,None
0,2,-1,-2,-2,-2,-3,0,-1,0,0,0,23,-88,40,None
0,2,-1,-2,-2,-2,-3,0,-1,0,0,0,22,-88,39,None
0,-5,0,-1,0,0,0,-1,-3,0,0,0,22,-88,39,None
0,1,1,-3,0,1,-2,-2,-1,0,0,0,22,-88,39,None
0,-1,0,-3,0,0,-1,0,-2,0,0,0,22,-88,39,None
0,-2,-1,-1,0,2,0,4,1,0,0,0,22,-88,39,None
0,-2,-1,-1,0,2,0,4,1,0,0,0,22,-88,39,None
0,-2,-1,-1,0,2,0,4,1,0,0,0,23,-88,39,None
0,1,1,0,-3,-3,-4,-2,0,0,0,0,23,-88,39,None
0,-1,-1,-1,1,3,3,0,-1,0,0,0,23,-88,39,None
0,0,1,-1,0,-1,0,-1,0,0,0,0,23,-88,39,None
0,-1,-1,-2,-1,-1,-1,-1,-2,0,0,0,23,-88,39,None
0,-1,-1,-2,-1,-1,-1,-1,-2,0,0,0,23,-88,39,None
0,-1,-1,-2,-1,-1,-1,-1,-2,0,0,0,23,-88,39,None
0,0,0,-3,-2,-1,-3,-4,-1,0,0,0,23,-88,39,None
0,-1,0,-2,-2,-2,-4,-2,-1,0,0,0,23,-88,39,None
0,-2,1,-1,0,0,3,0,1,0,0,0,23,-88,39,None
0,-1,1,-2,1,1,0,-1,-2,0,0,0,23,-88,39,None
0,-1,1,-2,1,1,0,-1,-2,0,0,0,23,-88,39,None
0,-1,1,-2,1,1,0,-1,-2,0,0,0,23,-88,39,None
0,-1,0,-1,1,0,-3,-6,-2,0,0,0,23,-88,39,None
0,-1,-1,-1,-1,-2,-2,-2,0,0,0,0,23,-88,39,None
0,2,-2,-1,-1,0,1,1,-1,0,0,0,23,-88,39,None
0,-2,2,-2,1,0,-2,-1,-3,0,0,0,23,-88,39,None
0,-2,2,-2,1,0,-2,-1,-3,0,0,0,23,-88,39,None
0,-2,2,-2,1,0,-2,-1,-3,0,0,0,23,-88,39,None
0,0,1,-2,-1,0,1,-4,-4,0,0,0,23,-88,39,None
0,-1,0,-1,-3,0,-1,4,3,0,0,0,23,-88,39,None
0,-2,-1,-2,-3,-1,-4,-5,-4,0,0,0,23,-88,39,None
0,-1,0,-1,-1,-1,-4,-1,-1,0,0,0,23,-88,39,None
0,-1,0,-1,-1,-1,-4,-1,-1,0,0,0,23,-88,39,None
0,-1,0,-1,-1,-1,-4,-1,-1,0,0,0,22,-88,39,None
0,0,0,-2,-1,4,1,-3,-2,0,0,0,22,-88,39,None
0,-2,0,-2,-1,0,0,-1,-2,0,0,0,22,-88,39,None
0,-1,0,-5,-2,0,-1,-3,0,0,0,0,22,-88,39,None
0,-1,0,-2,-1,0,1,-1,-2,0,0,0,22,-88,39,None
0,-1,0,-2,-1,0,1,-1,-2,0,0,0,22,-88,39,None
0,-1,0,-2,-1,0,1,-1,-2,0,0,0,22,-87,39,None
0,2,-1,-1,1,1,0,0,1,0,0,0,22,-87,39,None
0,-6,1,0,-1,-3,-3,-3,-3,0,0,0,22,-87,39,None
0,-2,0,-2,-1,-1,-2,1,-1,0,0,0,22,-87,39,None
0,-2,0,-1,-1,0,0,-2,-3,0,0,0,22,-87,39,None
0,-2,0,-1,-1,0,0,-2,-3,0,0,0,22,-87,39,None
0,-2,0,-1,-1,0,0,-2,-3,0,0,0,23,-88,39,None
0,-1,0,-1,-1,0,-1,3,-1,0,0,0,23,-88,39,None
0,1,0,-2,-2,1,-2,-7,-5,0,0,0,23,-88,39,None
0,0,0,-1,-3,0,-3,2,1,0,0,0,23,-88,39,None
0,-3,2,-1,0,2,1,1,0,0,0,0,23,-88,39,None
0,-3,2,-1,0,2,1,1,0,0,0,0,23,-88,39,None
0,-3,2,-1,0,2,1,1,0,0,0,0,22,-87,40,None
0,-3,0,-3,-2,1,0,-1,-1,0,0,0,22,-87,40,None
0,0,1,-1,0,0,-6,-3,-1,0,0,0,22,-87,40,None
0,-2,0,-2,0,-1,-1,-3,-3,0,0,0,22,-87,40,None
0,0,-1,-2,-1,1,2,2,-1,0,0,0,22,-87,40,None
0,0,-1,-2,-1,1,2,2,-1,0,0,0,22,-87,40,None
0,0,-1,-2,-1,1,2,2,-1,0,0,0,23,-87,40,None
0,0,0,-2,1,0,0,-4,0,0,0,0,23,-87,40,None
0,-1,0,-1,-1,0,0,0,1,0,0,0,23,-87,40,None
0,-2,1,-2,0,1,-4,-1,-2,0,0,0,23,-87,40,None
0,-2,-2,-2,-1,1,1,-2,1,0,0,0,23,-87,40,None
0,-2,-2,-2,-1,1,1,-2,1,0,0,0,23,-87,40,None
0,-2,-2,-2,-1,1,1,-2,1,0,0,0,23,-87,40,None
0,0,-1,-2,-2,0,-1,-2,-4,0,0,0,23,-87,40,None
0,0,0,-4,-1,0,-1,0,-2,0,0,0,23,-87,40,None
0,0,2,-3,-1,0,0,-2,-5,0,0,0,23,-87,40,None
0,-2,0,-1,-2,-2,-4,0,1,0,0,0,23,-87,40,None
0,-2,0,-1,-2,-2,-4,0,1,0,0,0,23,-87,40,None
0,-2,0,-1,-2,-2,-4,0,1,0,0,0,23,-87,40,None
0,-1,1,-1,0,0,-2,0,2,0,0,0,23,-87,40,None
0,0,0,-2,0,2,3,1,1,0,0,0,23,-87,40,None
0,-2,-1,-1,-1,1,2,2,-3,0,0,0,23,-87,40,None
0,-3,0,-1,-1,-1,-2,-7,-4,0,0,0,23,-87,40,None
0,-3,0,-1,-1,-1,-2,-7,-4,0,0,0,23,-87,40,None
0,-3,0,-1,-1,-1,-2,-7,-4,0,0,0,23,-88,39,None
0,-1,-1,-3,-2,1,-2,1,1,0,0,0,23,-88,39,None
0,-2,-1,-3,0,1,-4,-1,-2,0,0,0,23,-88,39,None
0,2,1,-1,0,0,-1,-2,-1,0,0,0,23,-88,39,None
0,-2,0,-4,-4,-4,-4,-2,-2,0,0,0,23,-88,39,None
0,-2,0,-4,-4,-4,-4,-2,-2,0,0,0,23,-88,39,None
0,-2,0,-4,-4,-4,-4,-2,-2,0,0,0,23,-88,39,None
0,-3,0,-2,-1,1,-3,-1,-1,0,0,0,23,-88,39,None
0,1,1,-2,1,2,1,-2,-2,0,0,0,23,-88,39,None
0,-1,1,-1,2,0,3,1,0,0,0,0,23,-88,39,None
0,-1,0,-3,-1,1,-3,-1,1,0,0,0,23,-88,39,None
0,-1,0,-3,-1,1,-3,-1,1,0,0,0,23,-88,39,None
0,-1,0,-3,-1,1,-3,-1,1,0,0,0,23,-88,39,None
0,-1,1,-2,-1,2,3,0,-4,0,0,0,23,-88,39,None
0,-1,0,-1,-2,-2,-3,-2,0,0,0,0,23,-88,39,None
0,-4,-1,-2,0,-1,-4,-4,-2,0,0,0,23,-88,39,None
0,3,1,0,1,1,1,-1,1,0,0,0,23,-88,39,None
0,3,1,0,1,1,1,-1,1,0,0,0,23,-88,39,None
0,3,1,0,1,1,1,-1,1,0,0,0,23,-88,39,None
0,0,-1,-1,1,-1,-1,0,-3,0,0,0,23,-88,39,None
0,-3,1,-3,0,0,0,-2,-2,0,0,0,23,-88,39,None
0,0,-2,-2,-1,0,-1,-1,-1,0,0,0,23,-88,39,None
0,0,0,-1,-1,1,-3,-3,-3,0,0,0,23,-88,39,None
0,0,0,-1,-1,1,-3,-3,-3,0,0,0,23,-88,39,None
0,0,0,-1,-1,1,-3,-3,-3,0,0,0,23,-87,39,None
0,-3,0,-1,-1,-1,-4,0,0,0,0,0,23,-87,39,None
0,0,-1,-2,1,2,1,-1,-2,0,0,0,23,-87,39,None
0,-2,-1,-2,0,2,1,0,1,0,0,0,23,-87,39,None
0,-1,1,-1,0,1,-2,-1,-3,0,0,0,23,-87,39,None
0,-1,1,-1,0,1,-2,-1,-3,0,0,0,23,-87,39,None
0,-1,1,-1,0,1,-2,-1,-3,0,0,0,23,-87,39,None
0,2,0,-1,0,-1,-1,-1,-2,0,0,0,23,-87,39,None
0,-6,0,-2,0,0,-2,-2,-2,0,0,0,23,-87,39,None
0,0,0,-1,-2,-1,-2,-2,-3,0,0,0,23,-87,39,None
0,1,0,-2,1,1,-2,-2,-4,0,0,0,23,-87,39,None
0,1,0,-2,1,1,-2,-2,-4,0,0,0,23,-87,39,None
0,1,0,-2,1,1,-2,-2,-4,0,0,0,22,-88,40,None
0,-1,2,-2,0,-1,1,-1,1,0,0,0,22,-88,40,None
0,1,0,-1,-1,-2,-2,-1,-2,0,0,0,22,-88,40,None
0,-2,1,-2,0,1,-1,-2,-2,0,0,0,22,-88,40,None
0,-3,-2,-3,-2,-1,-2,-2,-1,0,0,0,22,-88,40,None
0,-3,-2,-3,-2,-1,-2,-2,-1,0,0,0,22,-88,40,None
0,-3,-2,-3,-2,-1,-2,-2,-1,0,0,0,22,-88,39,None
0,1,0,0,-1,1,-3,-4,-2,0,0,0,22,-88,39,None
0,-1,0,0,1,2,1,0,-2,0,0,0,22,-88,39,None
0,-2,-2,-3,0,1,2,1,0,0,0,0,22,-88,39,None
0,0,0,-3,-3,0,-1,2,-1,0,0,0,22,-88,39,None
0,0,0,-3,-3,0,-1,2,-1,0,0,0,22,-88,39,None
0,0,0,-3,-3,0,-1,2,-1,0,0,0,22,-88,39,None
0,-3,1,-3,-2,0,-2,-4,-4,0,0,0,22,-88,39,None
0,-1,-1,-4,-2,-2,-5,-2,-3,0,0,0,22,-88,39,None
0,0,2,-2,-1,-1,-4,-6,-1,0,0,0,22,-88,39,None
0,0,1,-2,1,1,3,2,1,0,0,0,22,-88,39,None
0,0,1,-2,1,1,3,2,1,0,0,0,22,-88,39,None
0,0,1,-2,1,1,3,2,1,0,0,0,23,-88,39,None
0,-1,0,-1,1,1,1,0,1,0,0,0,23,-88,39,None
0,-1,0,-2,-2,0,-3,-3,-3,0,0,0,23,-88,39,None
0,-3,0,-1,-2,0,-4,-3,-3,0,0,0,23,-88,39,None
0,-2,1,0,-1,0,-1,0,-1,0,0,0,23,-88,39,None
0,-2,1,0,-1,0,-1,0,-1,0,0,0,23,-88,39,None
0,-2,1,0,-1,0,-1,0,-1,0,0,0,23,-87,40,None
0,-2,0,-3,-3,1,-2,-3,1,0,0,0,23,-87,40,None
0,-1,1,-3,0,-1,-1,1,-3,0,0,0,23,-87,40,None
0,-1,3,-1,0,1,-2,-4,-2,0,0,0,23,-87,40,None
0,0,-2,-3,0,1,1,-1,-3,0,0,0,23,-87,40,None
0,0,-2,-3,0,1,1,-1,-3,0,0,0,23,-87,40,None
0,0,-2,-3,0,1,1,-1,-3,0,0,0,23,-88,39,None
0,-2,0,-3,-1,-1,-3,-1,-2,0,0,0,23,-88,39,None
0,0,0,-1,0,1,4,0,2,0,0,0,23,-88,39,None
0,-1,-1,-2,-1,0,-1,-2,-1,0,0,0,23,-88,39,None
0,1,-1,-3,-2,0,1,-2,0,0,0,0,23,-88,39,None
0,1,-1,-3,-2,0,1,-2,0,0,0,0,23,-88,39,None
0,1,-1,-3,-2,0,1,-2,0,0,0,0,23,-87,40,None
0,-6,1,-1,-1,0,-1,-2,-3,0,0,0,23,-87,40,None
