0,-1,-2,3,-8,-2,-1,-1,-1,0,0,0,3,-108,51,None
0,0,1,0,-3,-3,-6,-3,0,0,0,0,3,-108,51,None
0,0,1,7,13,5,7,3,-1,0,0,0,3,-108,51,None
0,0,1,7,13,5,7,3,-1,0,0,0,3,-108,51,None
0,0,1,7,13,5,7,3,-1,0,0,0,3,-107,52,None
0,-1,-1,-3,9,8,3,1,-1,0,0,0,3,-107,52,None
0,-1,1,-18,-23,-10,-2,-1,0,0,0,0,3,-107,52,None
0,-1,-3,-6,-6,-7,-4,-2,-3,0,0,0,3,-107,52,None
0,1,1,-2,-6,2,3,1,1,0,0,0,3,-107,52,None
0,1,1,-2,-6,2,3,1,1,0,0,0,3,-107,52,None
0,1,1,-2,-6,2,3,1,1,0,0,0,7,-102,50,None
0,-2,0,-10,29,3,-5,-5,-3,0,0,0,7,-102,50,None
0,-4,-4,5,-4,3,0,0,-2,0,0,0,7,-102,50,None
0,-2,-2,-2,17,1,0,-3,-2,0,0,0,7,-102,50,None
0,1,2,8,-4,0,-5,-2,-1,0,0,0,7,-102,50,None
0,1,2,8,-4,0,-5,-2,-1,0,0,0,7,-102,50,None
0,1,2,8,-4,0,-5,-2,-1,0,0,0,3,-98,46,None
0,2,4,-9,-15,-2,0,0,0,0,0,0,3,-98,46,None
0,-2,-3,-14,5,2,-6,-4,-2,0,0,0,3,-98,46,None
0,-3,-5,-3,5,5,5,0,-1,0,0,0,3,-98,46,None
0,-1,-2,-7,-23,-26,-3,0,0,0,0,0,3,-98,46,None
0,-1,-2,-7,-23,-26,-3,0,0,0,0,0,3,-98,46,None
0,-1,-2,-7,-23,-26,-3,0,0,0,0,0,3,-95,44,None
0,-2,-5,-1,-17,1,-3,-4,-3,0,0,0,3,-95,44,None
0,1,8,-8,23,14,4,0,0,0,0,0,3,-95,44,None
0,-1,-2,4,3,-5,0,-3,-1,0,0,0,3,-95,44,None
0,-2,0,-3,4,4,2,0,-1,0,0,0,3,-95,44,None
0,-2,0,-3,4,4,2,0,-1,0,0,0,3,-95,44,None
0,-2,0,-3,4,4,2,0,-1,0,0,0,4,-94,42,None
0,-2,-1,2,-8,-8,-3,-2,-2,0,0,0,4,-94,42,None
0,-1,4,7,-3,-2,-4,-2,-2,0,0,0,4,-94,42,None
0,-3,1,-4,6,10,0,-1,-2,0,0,0,4,-94,42,None
0,0,1,2,7,-1,-3,-2,-1,0,0,0,4,-94,42,None
0,0,1,2,7,-1,-3,-2,-1,0,0,0,4,-94,42,None
0,0,1,2,7,-1,-3,-2,-1,0,0,0,6,-93,40,None
0,0,1,-14,-9,-3,-2,-1,0,0,0,0,6,-93,40,None
0,-3,-2,8,11,6,2,-1,-1,0,0,0,6,-93,40,None
0,0,3,-2,-11,-7,-3,-1,-2,0,0,0,6,-93,40,None
0,-2,-4,-5,3,9,2,-3,-2,0,0,0,6,-93,40,None
0,-2,-4,-5,3,9,2,-3,-2,0,0,0,6,-93,40,None
0,-2,-4,-5,3,9,2,-3,-2,0,0,0,8,-91,40,None
0,-1,5,7,2,-1,-5,-5,-2,0,0,0,8,-91,40,None
0,-2,-5,-7,1,4,2,0,-1,0,0,0,8,-91,40,None
0,0,-1,-6,-15,-12,-3,1,0,0,0,0,8,-91,40,None
0,-2,1,-10,-3,4,-5,-3,-2,0,0,0,8,-91,40,None
0,-2,1,-10,-3,4,-5,-3,-2,0,0,0,8,-91,40,None
0,-2,1,-10,-3,4,-5,-3,-2,0,0,0,8,-87,40,None
0,-1,-3,-1,5,3,-1,-3,-2,0,0,0,8,-87,40,None
0,-1,4,1,1,-3,-3,-3,-3,0,0,0,8,-87,40,None
0,-2,-1,23,-4,2,3,-2,-3,0,0,0,8,-87,40,None
0,-2,0,-36,-1,6,-2,-2,-1,0,0,0,8,-87,40,None
0,-2,0,-36,-1,6,-2,-2,-1,0,0,0,8,-87,40,None
0,-2,0,-36,-1,6,-2,-2,-1,0,0,0,8,-84,41,None
0,0,3,10,10,1,-4,-3,-3,0,0,0,8,-84,41,None
0,-2,1,-14,-26,-23,5,3,0,0,0,0,8,-84,41,None
0,-6,-10,27,2,23,0,-3,-3,0,0,0,8,-84,41,None
0,2,2,-13,10,-11,-8,-4,0,0,0,0,8,-84,41,None
0,2,2,-13,10,-11,-8,-4,0,0,0,0,8,-84,41,None
0,2,2,-13,10,-11,-8,-4,0,0,0,0,9,-85,43,None
0,-4,-2,-1,-17,-7,9,1,-4,0,0,0,9,-85,43,None
0,-1,8,41,10,3,-10,-5,-4,0,0,0,9,-85,43,None
0,-5,-10,-58,-23,-16,-3,-1,1,0,0,0,9,-85,43,None
0,0,6,21,15,7,1,1,-2,0,0,0,9,-85,43,None
0,0,6,21,15,7,1,1,-2,0,0,0,9,-85,43,None
0,0,6,21,15,7,1,1,-2,0,0,0,7,-84,42,None
0,4,11,15,-13,-15,-3,0,5,0,0,0,7,-84,42,None
0,1,-8,-41,-7,4,-2,-2,-8,0,0,0,7,-84,42,None
0,0,-1,-10,9,5,-3,0,3,0,0,0,7,-84,42,None
0,-2,-1,21,-1,-3,-3,-4,7,0,0,0,7,-84,42,None
0,-2,-1,21,-1,-3,-3,-4,7,0,0,0,7,-84,42,None
0,-2,-1,21,-1,-3,-3,-4,7,0,0,0,9,-81,45,None
0,-6,-11,6,-1,4,-4,-3,-14,0,0,0,9,-81,45,None
0,16,13,10,3,-3,11,11,42,0,0,0,9,-81,45,None
0,-15,0,-7,-4,-10,-10,-11,-50,0,0,0,9,-81,45,None
0,5,-6,-33,2,15,-1,-1,13,0,0,0,9,-81,45,None
0,5,-6,-33,2,15,-1,-1,13,0,0,0,9,-81,45,None
0,5,-6,-33,2,15,-1,-1,13,0,0,0,14,-76,46,None
0,5,4,83,6,16,18,5,13,0,0,0,14,-76,46,None
0,14,4,-62,-5,-1,-10,4,27,0,0,0,14,-76,46,None
0,-15,9,3,-7,-3,7,-10,-62,0,0,0,14,-76,46,None
0,-30,-13,28,7,-6,-15,-15,-41,0,0,0,14,-76,46,None
0,-30,-13,28,7,-6,-15,-15,-41,0,0,0,14,-76,46,None
0,-30,-13,28,7,-6,-15,-15,-41,0,0,0,13,-72,45,None
0,-6,6,-38,-3,-7,-24,-7,-2,0,0,0,13,-72,45,None
0,7,5,-10,-2,40,46,12,19,0,0,0,13,-72,45,None
0,-1,-32,-9,-23,-20,-8,6,45,0,0,0,13,-72,45,None
0,16,27,-21,-4,17,8,2,-14,0,0,0,13,-72,45,None
0,16,27,-21,-4,17,8,2,-14,0,0,0,13,-72,45,None
0,16,27,-21,-4,17,8,2,-14,0,0,0,7,-71,45,None
0,-6,-3,-34,16,1,-3,-6,-6,0,0,0,7,-71,45,None
0,-20,-11,-32,-5,-37,-22,-13,-17,0,0,0,7,-71,45,None
0,14,13,-42,8,23,-2,0,14,0,0,0,7,-71,45,None
0,5,5,47,-19,-12,7,8,5,0,0,0,7,-71,45,None
0,5,5,47,-19,-12,7,8,5,0,0,0,7,-71,45,None
0,5,5,47,-19,-12,7,8,5,0,0,0,2,-75,46,None
0,-9,-28,-13,4,0,-7,-5,14,0,0,0,2,-75,46,None
0,-1,7,27,10,3,-3,-1,-13,0,0,0,2,-75,46,None
0,-7,1,3,-1,4,6,1,-3,0,0,0,2,-75,46,None
0,8,6,-17,1,-4,-5,0,11,0,0,0,2,-75,46,None
0,8,6,-17,1,-4,-5,0,11,0,0,0,2,-75,46,None
0,8,6,-17,1,-4,-5,0,11,0,0,0,16,-80,49,None
0,5,-2,-94,-29,-2,5,3,-3,0,0,0,16,-80,49,None
0,-3,10,97,15,6,-4,-6,-18,0,0,0,16,-80,49,None
0,3,4,23,7,-5,-7,-1,9,0,0,0,16,-80,49,None
0,-4,-4,-11,3,9,1,0,4,0,0,0,16,-80,49,None
0,-4,-4,-11,3,9,1,0,4,0,0,0,16,-80,49,None
0,-4,-4,-11,3,9,1,0,4,0,0,0,18,-74,48,None
0,-1,8,16,-11,1,5,1,-7,0,0,0,18,-74,48,None
0,-6,-7,-10,-6,-8,-4,-3,-9,0,0,0,18,-74,48,None
0,8,7,6,-2,8,12,6,13,0,0,0,18,-74,48,None
0,4,16,34,21,2,0,-1,1,0,0,0,18,-74,48,None
0,4,16,34,21,2,0,-1,1,0,0,0,18,-74,48,None
0,4,16,34,21,2,0,-1,1,0,0,0,10,-66,49,None
0,-13,-22,-1,-23,-6,-8,-6,-11,0,0,0,10,-66,49,None
0,-1,-3,8,7,-1,-12,-7,-8,0,0,0,10,-66,49,None
0,2,-2,-3,-2,-3,-3,-3,5,0,0,0,10,-66,49,None
0,-5,-2,-13,-26,-19,-5,-3,-2,0,0,0,10,-66,49,None
0,-5,-2,-13,-26,-19,-5,-3,-2,0,0,0,10,-66,49,None
0,-5,-2,-13,-26,-19,-5,-3,-2,0,0,0,20,-76,52,None
0,2,11,10,15,10,4,1,-2,0,0,0,20,-76,52,None
0,-3,2,-1,-1,-2,-3,-2,-4,0,0,0,20,-76,52,None
0,0,2,-1,4,1,-6,-3,-2,0,0,0,20,-76,52,None
0,-3,-7,-18,2,4,7,4,0,0,0,0,20,-76,52,None
0,-3,-7,-18,2,4,7,4,0,0,0,0,20,-76,52,None
0,-3,-7,-18,2,4,7,4,0,0,0,0,21,-73,53,None
0,6,8,5,8,2,-1,-2,1,0,0,0,21,-73,53,None
0,-7,-12,-24,-16,5,-4,-4,-8,0,0,0,21,-73,53,None
0,2,9,10,10,10,11,4,4,0,0,0,21,-73,53,None
0,-2,-10,-4,17,-3,-3,0,1,0,0,0,21,-73,53,None
0,-2,-10,-4,17,-3,-3,0,1,0,0,0,21,-73,53,None
0,-2,-10,-4,17,-3,-3,0,1,0,0,0,21,-65,56,None
0,0,8,21,31,5,-2,-3,-2,0,0,0,21,-65,56,None
0,-4,-3,-6,-3,-7,-10,-5,-8,0,0,0,21,-65,56,None
0,1,1,0,-20,3,2,-1,3,0,0,0,21,-65,56,None
0,-2,-5,-8,5,3,3,0,2,0,0,0,21,-65,56,None
0,-2,-5,-8,5,3,3,0,2,0,0,0,21,-65,56,None
0,-2,-5,-8,5,3,3,0,2,0,0,0,15,-66,57,None
0,1,4,-2,-16,2,0,1,-1,0,0,0,15,-66,57,None
0,-2,-3,-7,6,-3,0,-3,-4,0,0,0,15,-66,57,None
0,-3,1,-6,16,-5,-13,-1,0,0,0,0,15,-66,57,None
0,-2,-4,-8,-4,6,6,-1,-1,0,0,0,15,-66,57,None
0,-2,-4,-8,-4,6,6,-1,-1,0,0,0,15,-66,57,None
0,-2,-4,-8,-4,6,6,-1,-1,0,0,0,13,-70,58,None
0,1,1,-7,-15,-6,-3,0,0,0,0,0,13,-70,58,None
0,1,1,2,-6,5,4,-9,-5,0,0,0,13,-70,58,None
0,-1,3,-1,4,0,-7,4,3,0,0,0,13,-70,58,None
0,-7,-7,-5,-17,-2,-1,-8,-7,0,0,0,13,-70,58,None
0,-7,-7,-5,-17,-2,-1,-8,-7,0,0,0,13,-70,58,None
0,-7,-7,-5,-17,-2,-1,-8,-7,0,0,0,12,-70,60,None
0,1,2,5,12,4,5,1,1,0,0,0,12,-70,60,None
0,-3,0,-5,6,0,4,1,-2,0,0,0,12,-70,60,None
0,-1,-1,4,0,-3,-5,-6,-3,0,0,0,12,-70,60,None
0,1,2,4,-4,3,-4,0,0,0,0,0,12,-70,60,None
0,1,2,4,-4,3,-4,0,0,0,0,0,12,-70,60,None
0,1,2,4,-4,3,-4,0,0,0,0,0,15,-74,61,None
0,-1,5,-4,23,5,2,2,1,0,0,0,15,-74,61,None
0,-5,-6,-6,-25,-7,-10,-7,-5,0,0,0,15,-74,61,None
0,-1,1,8,18,3,1,-1,-2,0,0,0,15,-74,61,None
0,1,0,-20,-61,-4,-2,0,1,0,0,0,15,-74,61,None
0,1,0,-20,-61,-4,-2,0,1,0,0,0,15,-74,61,None
0,1,0,-20,-61,-4,-2,0,1,0,0,0,8,-82,60,None
0,0,2,2,30,-9,-3,-4,-3,0,0,0,8,-82,60,None
0,-2,-2,7,18,11,4,3,-1,0,0,0,8,-82,60,None
0,-2,0,0,-1,-4,-5,-5,-3,0,0,0,8,-82,60,None
0,-2,-2,3,7,-2,0,-2,-2,0,0,0,8,-82,60,None
0,-2,-2,3,7,-2,0,-2,-2,0,0,0,8,-82,60,None
0,-2,-2,3,7,-2,0,-2,-2,0,0,0,1,-86,60,None
0,1,1,-8,-22,3,3,4,-1,0,0,0,1,-86,60,None
0,-2,-3,-17,-25,-5,-5,-1,-2,0,0,0,1,-86,60,None
0,0,1,-6,5,4,-3,-1,0,0,0,0,1,-86,60,None
0,-2,-1,-1,31,-3,-1,-4,-2,0,0,0,1,-86,60,None
0,-2,-1,-1,31,-3,-1,-4,-2,0,0,0,1,-86,60,None
0,-2,-1,-1,31,-3,-1,-4,-2,0,0,0,2,-84,60,None
0,0,2,0,-11,1,-1,-3,-1,0,0,0,2,-84,60,None
0,0,2,-4,10,5,10,8,5,0,0,0,2,-84,60,None
0,0,-1,-6,-21,-4,3,-4,-1,0,0,0,2,-84,60,None
0,-2,0,-11,1,2,-8,-4,-5,0,0,0,2,-84,60,None
0,-2,0,-11,1,2,-8,-4,-5,0,0,0,2,-84,60,None
0,-2,0,-11,1,2,-8,-4,-5,0,0,0,1,-86,59,None
0,-2,-3,-1,2,-7,-8,-4,-4,0,0,0,1,-86,59,None
0,-1,1,6,-3,-4,-8,-4,-2,0,0,0,1,-86,59,None
0,2,3,-11,-6,3,4,1,2,0,0,0,1,-86,59,None
0,0,1,1,13,9,4,2,2,0,0,0,1,-86,59,None
0,0,1,1,13,9,4,2,2,0,0,0,1,-86,59,None
0,0,1,1,13,9,4,2,2,0,0,0,-1,-85,60,None
0,-1,-1,-2,-8,-2,-1,-3,-3,0,0,0,-1,-85,60,None
0,1,1,0,1,-2,-4,-1,-1,0,0,0,-1,-85,60,None
0,-1,4,2,2,2,3,1,0,0,0,0,-1,-85,60,None
0,-2,2,0,15,11,-10,-5,-1,0,0,0,-1,-85,60,None
0,-2,2,0,15,11,-10,-5,-1,0,0,0,-1,-85,60,None
0,-2,2,0,15,11,-10,-5,-1,0,0,0,-7,-86,59,None
0,-1,-5,-8,-11,-5,7,2,0,0,0,0,-7,-86,59,None
0,0,-2,9,8,6,0,0,-2,0,0,0,-7,-86,59,None
0,0,2,-13,-3,-8,-2,-3,-2,0,0,0,-7,-86,59,None
0,-1,-1,-6,-13,-1,1,1,0,0,0,0,-7,-86,59,None
0,-1,-1,-6,-13,-1,1,1,0,0,0,0,-7,-86,59,None
0,-1,-1,-6,-13,-1,1,1,0,0,0,0,-14,-85,57,None
0,-3,1,17,9,11,0,-2,-1,0,0,0,-14,-85,57,None
0,-1,7,3,14,15,-7,-4,-3,0,0,0,-14,-85,57,None
0,-2,0,-26,1,-11,8,-1,-2,0,0,0,-14,-85,57,None
0,-4,-4,45,0,0,-5,-3,-3,0,0,0,-14,-85,57,None
0,-4,-4,45,0,0,-5,-3,-3,0,0,0,-14,-85,57,None
0,-4,-4,45,0,0,-5,-3,-3,0,0,0,-20,-84,55,None
0,2,2,-29,0,16,13,3,3,0,0,0,-20,-84,55,None
0,-5,-8,2,-14,-15,-8,-5,-4,0,0,0,-20,-84,55,None
0,-2,-3,-6,6,14,-5,-3,-2,0,0,0,-20,-84,55,None
0,0,11,1,-1,-16,-1,0,-1,0,0,0,-20,-84,55,None
0,0,11,1,-1,-16,-1,0,-1,0,0,0,-20,-84,55,None
0,0,11,1,-1,-16,-1,0,-1,0,0,0,-23,-83,55,None
0,-2,-2,2,-8,-3,0,-2,-2,0,0,0,-23,-83,55,None
0,0,-1,-9,3,3,-2,-2,-2,0,0,0,-23,-83,55,None
0,-1,2,7,9,5,-1,-1,1,0,0,0,-23,-83,55,None
0,-2,-6,-4,-7,-3,1,0,-2,0,0,0,-23,-83,55,None
0,-2,-6,-4,-7,-3,1,0,-2,0,0,0,-23,-83,55,None
0,-2,-6,-4,-7,-3,1,0,-2,0,0,0,-25,-81,54,None
0,-1,0,-9,-9,-5,-3,-1,3,0,0,0,-25,-81,54,None
0,-2,6,0,2,-2,-3,-4,-9,0,0,0,-25,-81,54,None
0,-1,-1,-1,-3,3,0,-1,-1,0,0,0,-25,-81,54,None
0,2,5,-3,7,8,-2,-3,0,0,0,0,-25,-81,54,None
0,2,5,-3,7,8,-2,-3,0,0,0,0,-25,-81,54,None
0,2,5,-3,7,8,-2,-3,0,0,0,0,-20,-82,55,None
0,-3,4,16,-2,-1,4,0,-3,0,0,0,-20,-82,55,None
0,-3,-11,4,10,10,0,1,4,0,0,0,-20,-82,55,None
0,0,14,-38,-31,-24,7,2,-1,0,0,0,-20,-82,55,None
0,-5,-20,-15,0,3,-2,-2,-3,0,0,0,-20,-82,55,None
0,-5,-20,-15,0,3,-2,-2,-3,0,0,0,-20,-82,55,None
0,-5,-20,-15,0,3,-2,-2,-3,0,0,0,-10,-80,56,None
0,8,1,-21,0,0,-3,3,23,0,0,0,-10,-80,56,None
0,-13,-5,-54,-7,-5,-6,-5,-36,0,0,0,-10,-80,56,None
0,0,4,51,12,1,-6,-1,0,0,0,0,-10,-80,56,None
0,1,0,38,25,33,8,-1,-5,0,0,0,-10,-80,56,None
0,1,0,38,25,33,8,-1,-5,0,0,0,-10,-80,56,None
0,1,0,38,25,33,8,-1,-5,0,0,0,-15,-83,53,None
0,-3,-1,-9,-33,-34,-7,-1,-2,0,0,0,-15,-83,53,None
0,3,5,5,4,8,4,1,11,0,0,0,-15,-83,53,None
0,4,2,2,0,-2,-4,-3,12,0,0,0,-15,-83,53,None
0,-4,-2,-17,-3,-3,1,3,-11,0,0,0,-15,-83,53,None
0,-4,-2,-17,-3,-3,1,3,-11,0,0,0,-15,-83,53,None
0,-4,-2,-17,-3,-3,1,3,-11,0,0,0,-12,-83,52,None
0,-4,-13,3,13,17,-2,-5,-4,0,0,0,-12,-83,52,None
0,-2,6,-10,-2,-1,6,-1,-4,0,0,0,-12,-83,52,None
0,-2,11,-4,16,11,-8,0,-4,0,0,0,-12,-83,52,None
0,-5,-4,32,-36,-25,-4,-3,3,0,0,0,-12,-83,52,None
0,-5,-4,32,-36,-25,-4,-3,3,0,0,0,-12,-83,52,None
0,-5,-4,32,-36,-25,-4,-3,3,0,0,0,-6,-79,54,None
0,4,2,-19,0,2,-8,-2,-2,0,0,0,-6,-79,54,None
0,2,-6,39,-9,-24,-4,1,20,0,0,0,-6,-79,54,None
0,6,23,55,20,35,8,-2,-17,0,0,0,-6,-79,54,None
0,-10,-18,-71,-8,-18,-7,1,15,0,0,0,-6,-79,54,None
0,-10,-18,-71,-8,-18,-7,1,15,0,0,0,-6,-79,54,None
0,-10,-18,-71,-8,-18,-7,1,15,0,0,0,0,-78,56,None
0,-17,-14,1,-3,11,1,-9,-49,0,0,0,0,-78,56,None
0,-1,6,19,7,11,-1,0,-1,0,0,0,0,-78,56,None
0,8,-7,45,17,2,0,4,24,0,0,0,0,-78,56,None
0,5,5,-71,-8,-13,-13,-2,17,0,0,0,0,-78,56,None
0,5,5,-71,-8,-13,-13,-2,17,0,0,0,0,-78,56,None
0,5,5,-71,-8,-13,-13,-2,17,0,0,0,0,-77,55,None
0,-7,-5,35,-20,-18,2,-11,-24,0,0,0,0,-77,55,None
0,7,4,-44,-6,6,0,-1,13,0,0,0,0,-77,55,None
0,-5,-4,29,1,0,-4,-6,-12,0,0,0,0,-77,55,None
0,6,14,-9,12,5,2,0,-7,0,0,0,0,-77,55,None
0,6,14,-9,12,5,2,0,-7,0,0,0,0,-77,55,None
0,6,14,-9,12,5,2,0,-7,0,0,0,0,-84,55,None
0,-1,2,36,11,0,-5,2,17,0,0,0,0,-84,55,None
0,6,7,-10,7,8,12,2,-4,0,0,0,0,-84,55,None
0,-6,-11,-16,-21,-11,-6,-5,0,0,0,0,0,-84,55,None
0,-3,-3,31,-3,3,-1,-2,-1,0,0,0,0,-84,55,None
0,-3,-3,31,-3,3,-1,-2,-1,0,0,0,0,-84,55,None
0,-3,-3,31,-3,3,-1,-2,-1,0,0,0,5,-84,55,None
0,10,16,-4,10,7,-6,-2,2,0,0,0,5,-84,55,None
0,1,12,17,3,-10,-2,-1,1,0,0,0,5,-84,55,None
0,-16,-25,-16,-14,-12,-6,-8,-15,0,0,0,5,-84,55,None
0,-1,-1,-9,-3,9,7,0,-6,0,0,0,5,-84,55,None
0,-1,-1,-9,-3,9,7,0,-6,0,0,0,5,-84,55,None
0,-1,-1,-9,-3,9,7,0,-6,0,0,0,11,-82,58,None
0,-2,3,11,11,11,6,2,2,0,0,0,11,-82,58,None
0,-6,-8,-32,-12,-2,-1,-1,-4,0,0,0,11,-82,58,None
0,0,0,-18,-6,-6,-4,-4,-2,0,0,0,11,-82,58,None
0,-1,1,7,8,0,-13,-6,-13,0,0,0,11,-82,58,None
0,-1,1,7,8,0,-13,-6,-13,0,0,0,11,-82,58,None
0,-1,1,7,8,0,-13,-6,-13,0,0,0,14,-78,59,None
0,-3,-1,-16,-19,-20,3,4,6,0,0,0,14,-78,59,None
0,0,3,25,-1,-7,-3,-1,2,0,0,0,14,-78,59,None
0,-2,-4,-24,-5,5,9,-2,-6,0,0,0,14,-78,59,None
0,3,10,17,4,2,-13,2,0,0,0,0,14,-78,59,None
0,3,10,17,4,2,-13,2,0,0,0,0,14,-78,59,None
0,3,10,17,4,2,-13,2,0,0,0,0,23,-78,61,None
0,0,5,-5,16,11,8,1,5,0,0,0,23,-78,61,None
0,-3,-4,0,-10,-5,9,2,-4,0,0,0,23,-78,61,None
0,-1,2,-16,-5,4,5,4,1,0,0,0,23,-78,61,None
0,-3,-4,-17,5,0,8,-3,-3,0,0,0,23,-78,61,None
0,-3,-4,-17,5,0,8,-3,-3,0,0,0,23,-78,61,None
0,-3,-4,-17,5,0,8,-3,-3,0,0,0,25,-77,60,None
0,1,1,-11,-2,0,-10,0,1,0,0,0,25,-77,60,None
0,-7,-4,-8,-8,-10,-13,-13,-9,0,0,0,25,-77,60,None
0,-6,-14,-31,-13,-12,-15,0,-1,0,0,0,25,-77,60,None
0,3,10,19,-6,20,20,9,4,0,0,0,25,-77,60,None
0,3,10,19,-6,20,20,9,4,0,0,0,25,-77,60,None
0,3,10,19,-6,20,20,9,4,0,0,0,13,-82,61,None
0,-1,1,-1,32,-1,1,-3,-3,0,0,0,13,-82,61,None
0,-3,-7,3,-7,4,-6,-5,-3,0,0,0,13,-82,61,None
0,3,5,-2,14,-14,-9,-4,1,0,0,0,13,-82,61,None
0,-3,4,-13,-11,-13,-11,-7,-6,0,0,0,13,-82,61,None
0,-3,4,-13,-11,-13,-11,-7,-6,0,0,0,13,-82,61,None
0,-3,4,-13,-11,-13,-11,-7,-6,0,0,0,9,-82,60,None
0,0,-8,2,-24,3,-4,2,-1,0,0,0,9,-82,60,None
0,3,7,-5,3,8,12,13,6,0,0,0,9,-82,60,None
0,-4,-7,-16,4,6,6,-6,-3,0,0,0,9,-82,60,None
0,2,3,1,3,-2,-3,-1,-1,0,0,0,9,-82,60,None
0,2,3,1,3,-2,-3,-1,-1,0,0,0,9,-82,60,None
0,2,3,1,3,-2,-3,-1,-1,0,0,0,9,-81,59,None
0,-1,7,-5,-12,20,18,14,11,0,0,0,9,-81,59,None
0,3,6,-4,9,-3,-5,-14,-6,0,0,0,9,-81,59,None
0,-6,7,18,13,2,0,0,-4,0,0,0,9,-81,59,None
0,0,0,5,-9,-12,-13,-8,-3,0,0,0,9,-81,59,None
0,0,0,5,-9,-12,-13,-8,-3,0,0,0,9,-81,59,None
0,0,0,5,-9,-12,-13,-8,-3,0,0,0,11,-83,58,None
0,-1,1,-5,-8,-15,-19,-9,-6,0,0,0,11,-83,58,None
0,-4,-1,11,8,1,-4,0,0,0,0,0,11,-83,58,None
0,0,-4,-15,9,5,8,5,0,0,0,0,11,-83,58,None
0,-2,3,13,16,9,9,-3,-4,0,0,0,11,-83,58,None
0,-2,3,13,16,9,9,-3,-4,0,0,0,11,-83,58,None
0,-2,3,13,16,9,9,-3,-4,0,0,0,10,-86,57,None
0,-1,1,-13,-2,-2,-6,-2,-1,0,0,0,10,-86,57,None
0,0,1,-7,-14,3,-1,3,0,0,0,0,10,-86,57,None
0,2,6,26,9,-4,-9,-7,-5,0,0,0,10,-86,57,None
0,-2,-2,-21,-23,-5,-5,-3,-2,0,0,0,10,-86,57,None
0,-2,-2,-21,-23,-5,-5,-3,-2,0,0,0,10,-86,57,None
0,-2,-2,-21,-23,-5,-5,-3,-2,0,0,0,4,-84,56,None
0,-2,-1,4,-4,0,1,-1,-1,0,0,0,4,-84,56,None
0,-1,-2,-5,29,5,4,0,1,0,0,0,4,-84,56,None
0,-1,2,-3,-8,1,2,-1,0,0,0,0,4,-84,56,None
0,1,0,8,-15,-3,4,2,1,0,0,0,4,-84,56,None
0,1,0,8,-15,-3,4,2,1,0,0,0,4,-84,56,None
0,1,0,8,-15,-3,4,2,1,0,0,0,5,-81,55,None
0,0,1,-22,-21,-7,-11,-7,-5,0,0,0,5,-81,55,None
0,-5,-8,7,5,-4,-7,-2,-3,0,0,0,5,-81,55,None
0,2,6,-20,-14,1,0,2,-1,0,0,0,5,-81,55,None
0,-2,-5,-18,0,4,3,-1,-1,0,0,0,5,-81,55,None
0,-2,-5,-18,0,4,3,-1,-1,0,0,0,5,-81,55,None
0,-2,-5,-18,0,4,3,-1,-1,0,0,0,2,-80,53,None
0,-1,8,2,15,-1,-4,-3,-2,0,0,0,2,-80,53,None
0,0,-1,21,-10,6,3,-1,-1,0,0,0,2,-80,53,None
0,-1,-1,15,-10,2,-3,-3,-2,0,0,0,2,-80,53,None
0,-3,-6,2,7,-1,-2,-3,-3,0,0,0,2,-80,53,None
0,-3,-6,2,7,-1,-2,-3,-3,0,0,0,2,-80,53,None
0,-3,-6,2,7,-1,-2,-3,-3,0,0,0,1,-81,51,None
0,-2,3,-22,13,5,0,-1,-2,0,0,0,1,-81,51,None
0,1,4,0,9,0,2,0,-1,0,0,0,1,-81,51,None
0,-1,2,11,-28,-15,-4,0,-1,0,0,0,1,-81,51,None
0,-4,-3,-5,2,12,3,-3,-4,0,0,0,1,-81,51,None
0,-4,-3,-5,2,12,3,-3,-4,0,0,0,1,-81,51,None
0,-4,-3,-5,2,12,3,-3,-4,0,0,0,1,-81,48,None
0,-2,-1,-1,12,1,0,-1,1,0,0,0,1,-81,48,None
0,-2,-1,-28,-12,-7,-7,-3,-2,0,0,0,1,-81,48,None
0,2,-1,-7,0,18,7,2,2,0,0,0,1,-81,48,None
0,0,4,8,7,-6,0,1,0,0,0,0,1,-81,48,None
0,0,4,8,7,-6,0,1,0,0,0,0,1,-81,48,None
0,0,4,8,7,-6,0,1,0,0,0,0,0,-78,47,None
0,-1,-2,2,2,3,-3,-2,-3,0,0,0,0,-78,47,None
0,-1,-2,-17,-19,-4,0,-1,-1,0,0,0,0,-78,47,None
0,0,-5,-12,5,0,-1,0,0,0,0,0,0,-78,47,None
0,-1,1,6,-10,-22,-3,1,1,0,0,0,0,-78,47,None
0,-1,1,6,-10,-22,-3,1,1,0,0,0,0,-78,47,None
0,-1,1,6,-10,-22,-3,1,1,0,0,0,0,-76,45,None
0,-1,1,8,2,8,-1,-5,-3,0,0,0,0,-76,45,None
0,1,-1,7,6,1,0,-1,-2,0,0,0,0,-76,45,None
0,-2,-2,-3,-2,4,-2,0,-2,0,0,0,0,-76,45,None
0,-1,3,-4,6,9,1,0,-2,0,0,0,0,-76,45,None
0,-1,3,-4,6,9,1,0,-2,0,0,0,0,-76,45,None
0,-1,3,-4,6,9,1,0,-2,0,0,0,-4,-73,44,None
0,-1,-2,1,-2,-7,-2,-3,-2,0,0,0,-4,-73,44,None
0,1,1,5,5,3,-1,0,1,0,0,0,-4,-73,44,None
0,-2,-4,-19,0,2,-2,-3,-2,0,0,0,-4,-73,44,None
0,0,3,-4,-5,2,-3,-1,-2,0,0,0,-4,-73,44,None
0,0,3,-4,-5,2,-3,-1,-2,0,0,0,-4,-73,44,None
0,0,3,-4,-5,2,-3,-1,-2,0,0,0,-1,-74,44,None
0,0,3,10,3,-11,-4,-2,-2,0,0,0,-1,-74,44,None
0,-4,-4,-7,-2,11,2,-3,-3,0,0,0,-1,-74,44,None
0,1,2,-10,-15,-12,1,-1,2,0,0,0,-1,-74,44,None
0,-1,-1,1,2,-1,-1,0,-2,0,0,0,-1,-74,44,None
0,-1,-1,1,2,-1,-1,0,-2,0,0,0,-1,-74,44,None
0,-1,-1,1,2,-1,-1,0,-2,0,0,0,0,-75,43,None
0,-1,1,3,-2,2,0,1,-1,0,0,0,0,-75,43,None
0,-1,-1,1,-3,-3,-4,-2,-3,0,0,0,0,-75,43,None
0,-2,-2,-3,5,3,-5,-4,-2,0,0,0,0,-75,43,None
0,1,0,-2,6,2,-3,-2,-3,0,0,0,0,-75,43,None
0,1,0,-2,6,2,-3,-2,-3,0,0,0,0,-75,43,None
0,1,0,-2,6,2,-3,-2,-3,0,0,0,0,-75,43,None
0,-2,-4,-4,1,4,1,-2,-1,0,0,0,0,-75,43,None
0,-3,-2,-6,-12,-15,-8,-2,-1,0,0,0,0,-75,43,None
0,-1,1,2,8,23,13,4,0,0,0,0,0,-75,43,None
0,0,1,2,-1,-2,2,-2,0,0,0,0,0,-75,43,None
0,0,1,2,-1,-2,2,-2,0,0,0,0,0,-75,43,None
0,0,1,2,-1,-2,2,-2,0,0,0,0,-3,-75,44,None
0,0,-1,-4,3,9,-1,0,0,0,0,0,-3,-75,44,None
0,-1,3,3,-4,-3,-4,-3,-2,0,0,0,-3,-75,44,None
0,-2,-2,1,2,-5,-8,-4,-2,0,0,0,-3,-75,44,None
0,-3,1,2,11,9,3,0,-3,0,0,0,-3,-75,44,None
0,-3,1,2,11,9,3,0,-3,0,0,0,-3,-75,44,None
0,-3,1,2,11,9,3,0,-3,0,0,0,-2,-76,44,None
0,-1,-1,-2,-4,-2,-2,-2,-1,0,0,0,-2,-76,44,None
0,-3,0,-3,-2,-2,-1,3,-1,0,0,0,-2,-76,44,None
0,0,1,-6,4,-2,-7,-3,-1,0,0,0,-2,-76,44,None
0,0,-1,-5,-8,-12,-1,-3,-1,0,0,0,-2,-76,44,None
0,0,-1,-5,-8,-12,-1,-3,-1,0,0,0,-2,-76,44,None
0,0,-1,-5,-8,-12,-1,-3,-1,0,0,0,1,-79,44,None
0,-2,1,-3,1,-1,-6,-2,-3,0,0,0,1,-79,44,None
0,-3,-1,-7,6,20,8,-2,-6,0,0,0,1,-79,44,None
0,3,1,-5,4,-1,4,1,9,0,0,0,1,-79,44,None
0,1,0,-3,-2,-3,-7,-1,-2,0,0,0,1,-79,44,None
0,1,0,-3,-2,-3,-7,-1,-2,0,0,0,1,-79,44,None
0,1,0,-3,-2,-3,-7,-1,-2,0,0,0,7,-84,44,None
0,-4,0,-3,-4,-4,4,-3,-3,0,0,0,7,-84,44,None
0,0,0,-5,0,-4,-9,-5,0,0,0,0,7,-84,44,None
0,-2,-1,-1,-5,4,5,-1,-7,0,0,0,7,-84,44,None
0,-1,4,-2,2,2,3,3,2,0,0,0,7,-84,44,None
0,-1,4,-2,2,2,3,3,2,0,0,0,7,-84,44,None
0,-1,4,-2,2,2,3,3,2,0,0,0,10,-87,44,None
0,0,-4,-2,3,-1,-1,-1,2,0,0,0,10,-87,44,None
0,0,-2,-3,-1,1,-2,0,4,0,0,0,10,-87,44,None
0,-5,-2,-4,-4,-7,-6,-6,-15,0,0,0,10,-87,44,None
0,-1,1,-3,-4,3,-3,-6,-1,0,0,0,10,-87,44,None
0,-1,1,-3,-4,3,-3,-6,-1,0,0,0,10,-87,44,None
0,-1,1,-3,-4,3,-3,-6,-1,0,0,0,13,-87,46,None
0,-1,3,-2,-2,-2,-7,-4,-2,0,0,0,13,-87,46,None
0,-1,-1,2,-6,-7,3,-1,-3,0,0,0,13,-87,46,None
0,1,0,-2,-1,-3,-2,3,4,0,0,0,13,-87,46,None
0,-3,1,-2,-1,4,-1,-8,-9,0,0,0,13,-87,46,None
0,-3,1,-2,-1,4,-1,-8,-9,0,0,0,13,-87,46,None
0,-3,1,-2,-1,4,-1,-8,-9,0,0,0,17,-87,47,None
0,-2,0,2,3,5,1,5,1,0,0,0,17,-87,47,None
0,0,6,2,1,0,-2,-1,-1,0,0,0,17,-87,47,None
0,-1,-4,-3,-1,-3,-1,0,-1,0,0,0,17,-87,47,None
0,-1,-4,-1,4,7,1,0,0,0,0,0,17,-87,47,None
0,-1,-4,-1,4,7,1,0,0,0,0,0,17,-87,47,None
0,-1,-4,-1,4,7,1,0,0,0,0,0,17,-87,47,None
0,-1,2,-1,-1,0,4,-1,-3,0,0,0,17,-87,47,None
0,-1,-2,-3,-5,-6,-2,-1,1,0,0,0,17,-87,47,None
0,-4,8,-1,7,17,1,-1,-1,0,0,0,17,-87,47,None
0,1,-6,-1,1,-7,-2,-2,1,0,0,0,17,-87,47,None
0,1,-6,-1,1,-7,-2,-2,1,0,0,0,17,-87,47,None
0,1,-6,-1,1,-7,-2,-2,1,0,0,0,17,-90,49,None
0,-1,2,-3,-9,-6,-3,-2,-1,0,0,0,17,-90,49,None
0,-2,1,-2,0,8,-1,-1,-3,0,0,0,17,-90,49,None
0,0,17,-1,0,-2,-3,-4,-3,0,0,0,17,-90,49,None
0,3,-17,2,6,5,0,3,3,0,0,0,17,-90,49,None
0,3,-17,2,6,5,0,3,3,0,0,0,17,-90,49,None
0,3,-17,2,6,5,0,3,3,0,0,0,16,-97,48,None
0,-4,7,-5,-2,-3,-1,-1,-4,0,0,0,16,-97,48,None
0,2,-1,-4,2,8,1,-1,-1,0,0,0,16,-97,48,None
0,2,-3,2,-2,-13,-10,-7,-2,0,0,0,16,-97,48,None
0,-5,9,-6,-10,-5,-4,-1,-6,0,0,0,16,-97,48,None
0,-5,9,-6,-10,-5,-4,-1,-6,0,0,0,16,-97,48,None
0,-5,9,-6,-10,-5,-4,-1,-6,0,0,0,15,-102,48,None
0,0,13,1,2,4,1,-3,-1,0,0,0,15,-102,48,None
0,-3,-2,-3,-2,2,2,0,-1,0,0,0,15,-102,48,None
0,-1,-15,-5,-1,2,-2,-2,-1,0,0,0,15,-102,48,None
0,1,19,2,0,-2,-2,-3,-1,0,0,0,15,-102,48,None
0,1,19,2,0,-2,-2,-3,-1,0,0,0,15,-102,48,None
0,1,19,2,0,-2,-2,-3,-1,0,0,0,15,-101,47,None
0,2,-11,3,-1,0,0,-2,-2,0,0,0,15,-101,47,None
0,-2,5,-2,-2,2,-2,-2,-4,0,0,0,15,-101,47,None
0,-2,0,-3,-3,-1,1,0,0,0,0,0,15,-101,47,None
0,-3,0,-4,-3,-7,-2,-3,-1,0,0,0,15,-101,47,None
0,-3,0,-4,-3,-7,-2,-3,-1,0,0,0,15,-101,47,None
0,-3,0,-4,-3,-7,-2,-3,-1,0,0,0,17,-98,48,None
0,-1,-2,-2,2,8,1,-1,-1,0,0,0,17,-98,48,None
0,-1,-3,-2,0,-4,-3,-2,0,0,0,0,17,-98,48,None
0,-3,2,-1,-3,-2,-2,1,-2,0,0,0,17,-98,48,None
0,-2,-6,-3,1,6,3,0,0,0,0,0,17,-98,48,None
0,-2,-6,-3,1,6,3,0,0,0,0,0,17,-98,48,None
0,-2,-6,-3,1,6,3,0,0,0,0,0,18,-96,47,None
0,0,0,-2,1,-3,-2,-2,0,0,0,0,18,-96,47,None
0,0,2,2,-1,-1,0,1,0,0,0,0,18,-96,47,None
0,-3,-5,-2,1,0,0,1,-1,0,0,0,18,-96,47,None
0,-2,3,-3,0,4,1,-3,-2,0,0,0,18,-96,47,None
0,-2,3,-3,0,4,1,-3,-2,0,0,0,18,-96,47,None
0,-2,3,-3,0,4,1,-3,-2,0,0,0,20,-96,46,None
0,-2,-1,-5,1,1,-5,-3,-3,0,0,0,20,-96,46,None
0,0,1,0,-5,-6,-1,-2,-1,0,0,0,20,-96,46,None
0,-1,0,-2,-3,-1,-3,-3,0,0,0,0,20,-96,46,None
0,-1,-2,-1,2,4,0,3,1,0,0,0,20,-96,46,None
0,-1,-2,-1,2,4,0,3,1,0,0,0,20,-96,46,None
0,-1,-2,-1,2,4,0,3,1,0,0,0,22,-94,45,None
0,0,-2,-1,-1,2,2,0,-2,0,0,0,22,-94,45,None
0,-2,0,-2,1,3,1,-3,-2,0,0,0,22,-94,45,None
0,-2,0,-3,-4,-3,-4,-4,-4,0,0,0,22,-94,45,None
0,-1,2,-4,-4,-1,-3,-1,-1,0,0,0,22,-94,45,None
0,-1,2,-4,-4,-1,-3,-1,-1,0,0,0,22,-94,45,None
0,-1,2,-4,-4,-1,-3,-1,-1,0,0,0,22,-92,44,None
0,0,-3,0,-2,2,-2,-4,-3,0,0,0,22,-92,44,None
0,-2,3,-5,0,0,-1,3,0,0,0,0,22,-92,44,None
0,-2,-2,-1,0,0,-1,0,-2,0,0,0,22,-92,44,None
0,0,-3,4,4,2,1,0,0,0,0,0,22,-92,44,None
0,0,-3,4,4,2,1,0,0,0,0,0,22,-92,44,None
0,0,-3,4,4,2,1,0,0,0,0,0,22,-90,43,None
0,0,0,-1,1,0,-3,4,3,0,0,0,22,-90,43,None
0,-1,1,-7,-3,-1,-2,-5,-7,0,0,0,22,-90,43,None
0,0,5,-4,-4,-1,-3,0,1,0,0,0,22,-90,43,None
0,-3,1,-1,-1,-1,-2,-2,-3,0,0,0,22,-90,43,None
0,-3,1,-1,-1,-1,-2,-2,-3,0,0,0,22,-90,43,None
0,-3,1,-1,-1,-1,-2,-2,-3,0,0,0,22,-90,41,None
0,-2,-3,-2,-2,-2,-2,-3,-2,0,0,0,22,-90,41,None
0,-1,1,1,1,0,-1,-1,0,0,0,0,22,-90,41,None
0,1,-1,1,2,0,0,0,-1,0,0,0,22,-90,41,None
0,-2,1,-1,0,5,4,-2,0,0,0,0,22,-90,41,None
0,-2,1,-1,0,5,4,-2,0,0,0,0,22,-90,41,None
0,-2,1,-1,0,5,4,-2,0,0,0,0,22,-90,40,None
0,1,-2,-7,-4,0,-1,-1,0,0,0,0,22,-90,40,None
0,-5,0,-1,0,-2,-4,-4,-5,0,0,0,22,-90,40,None
0,-1,-1,-7,-3,0,-1,-3,-2,0,0,0,22,-90,40,None
0,-2,-1,-3,-1,-6,-3,-1,-1,0,0,0,22,-90,40,None
0,-2,-1,-3,-1,-6,-3,-1,-1,0,0,0,22,-90,40,None
0,-2,-1,-3,-1,-6,-3,-1,-1,0,0,0,22,-91,39,None
0,0,4,2,2,12,5,-1,-1,0,0,0,22,-91,39,None
0,1,-4,0,0,-2,-1,-1,1,0,0,0,22,-91,39,None
0,-1,-1,0,-1,2,-1,-2,-2,0,0,0,22,-91,39,None
0,0,1,-3,-3,-4,-6,-3,-2,0,0,0,22,-91,39,None
0,0,1,-3,-3,-4,-6,-3,-2,0,0,0,22,-91,39,None
0,0,1,-3,-3,-4,-6,-3,-2,0,0,0,23,-91,39,None
0,-2,-1,-1,-1,-2,0,2,1,0,0,0,23,-91,39,None
0,0,2,2,-1,2,-3,-3,-2,0,0,0,23,-91,39,None
0,0,2,2,-1,2,-3,-3,-2,0,0,0,23,-91,39,None
0,0,2,2,-1,2,-3,-3,-2,0,0,0,23,-90,38,None
0,-1,-2,-2,1,0,-1,-2,0,0,0,0,23,-90,38,None
0,-1,0,-2,-3,-1,-2,-2,-2,0,0,0,23,-90,38,None
0,-2,1,0,0,-3,-2,-4,-4,0,0,0,23,-90,38,None
0,0,-4,-4,0,2,1,1,0,0,0,0,23,-90,38,None
0,0,-4,-4,0,2,1,1,0,0,0,0,23,-90,38,None
0,0,-4,-4,0,2,1,1,0,0,0,0,24,-90,37,None
0,-2,1,-7,-1,0,2,1,0,0,0,0,24,-90,37,None
0,-1,0,-1,-1,0,-3,-3,-3,0,0,0,24,-90,37,None
0,-2,-2,-2,-2,-3,-2,-1,-3,0,0,0,24,-90,37,None
0,1,1,-2,-1,-1,-4,-1,0,0,0,0,24,-90,37,None
0,1,1,-2,-1,-1,-4,-1,0,0,0,0,24,-90,37,None
0,1,1,-2,-1,-1,-4,-1,0,0,0,0,24,-91,35,None
0,-1,-5,0,1,3,-1,0,0,0,0,0,24,-91,35,None
0,-4,3,0,1,0,5,1,-1,0,0,0,24,-91,35,None
0,2,-1,-1,3,-2,-2,0,-2,0,0,0,24,-91,35,None
0,-4,-2,-3,-6,1,-2,-4,-3,0,0,0,24,-91,35,None
0,-4,-2,-3,-6,1,-2,-4,-3,0,0,0,24,-91,35,None
0,-4,-2,-3,-6,1,-2,-4,-3,0,0,0,26,-91,36,None
0,1,5,2,-1,2,3,2,1,0,0,0,26,-91,36,None
0,-3,-1,-5,0,1,-5,-3,-2,0,0,0,26,-91,36,None
0,4,5,-2,-1,-1,-4,-4,-4,0,0,0,26,-91,36,None
0,2,-7,4,4,-2,4,-1,5,0,0,0,26,-91,36,None
0,2,-7,4,4,-2,4,-1,5,0,0,0,26,-91,36,None
0,2,-7,4,4,-2,4,-1,5,0,0,0,26,-90,36,None
0,-4,5,-1,0,-5,-3,-2,-3,0,0,0,26,-90,36,None
0,-2,-5,-9,-4,-2,-2,-1,1,0,0,0,26,-90,36,None
0,-3,2,1,2,6,3,1,-2,0,0,0,26,-90,36,None
0,-2,1,-2,-2,-2,-5,-3,-3,0,0,0,26,-90,36,None
0,-2,1,-2,-2,-2,-5,-3,-3,0,0,0,26,-90,36,None
0,-2,1,-2,-2,-2,-5,-3,-3,0,0,0,26,-90,36,None
0,-2,0,-1,-1,0,-3,-3,-3,0,0,0,26,-90,36,None
0,3,2,-3,0,-2,-3,0,-1,0,0,0,26,-90,36,None
0,-3,-2,-4,-5,-1,-2,-3,-1,0,0,0,26,-90,36,None
0,2,2,-3,1,2,2,0,0,0,0,0,26,-90,36,None
0,2,2,-3,1,2,2,0,0,0,0,0,26,-90,36,None
0,2,2,-3,1,2,2,0,0,0,0,0,26,-90,37,None
0,-6,-2,0,-1,0,-1,0,-2,0,0,0,26,-90,37,None
0,-2,2,-3,0,1,-1,-4,-3,0,0,0,26,-90,37,None
0,-4,-5,-2,-2,-1,1,0,2,0,0,0,26,-90,37,None
0,3,0,-2,1,2,2,-1,0,0,0,0,26,-90,37,None
0,3,0,-2,1,2,2,-1,0,0,0,0,26,-90,37,None
0,3,0,-2,1,2,2,-1,0,0,0,0,25,-89,38,None
0,-5,-2,-1,-3,0,-1,0,-3,0,0,0,25,-89,38,None
0,0,2,2,0,1,-1,-1,-2,0,0,0,25,-89,38,None
0,-2,3,-10,-3,-2,-4,-3,-3,0,0,0,25,-89,38,None
0,-3,2,-2,1,0,-1,0,-1,0,0,0,25,-89,38,None
0,-3,2,-2,1,0,-1,0,-1,0,0,0,25,-89,38,None
0,-3,2,-2,1,0,-1,0,-1,0,0,0,23,-87,36,None
0,2,-2,-2,0,0,-2,-4,-2,0,0,0,23,-87,36,None
0,5,0,1,-1,0,-2,-2,1,0,0,0,23,-87,36,None
0,-8,-4,-1,-2,-1,-2,-1,-2,0,0,0,23,-87,36,None
0,-3,2,-2,0,1,-2,-2,-4,0,0,0,23,-87,36,None
0,-3,2,-2,0,1,-2,-2,-4,0,0,0,23,-87,36,None
0,-3,2,-2,0,1,-2,-2,-4,0,0,0,22,-87,35,None
0,0,1,-4,0,3,3,0,0,0,0,0,22,-87,35,None
0,-1,1,-2,-2,0,-3,-1,-2,0,0,0,22,-87,35,None
0,-3,-2,-1,0,-2,-1,-3,-1,0,0,0,22,-87,35,None
0,4,4,0,-1,0,-2,0,-1,0,0,0,22,-87,35,None
0,4,4,0,-1,0,-2,0,-1,0,0,0,22,-87,35,None
0,4,4,0,-1,0,-2,0,-1,0,0,0,22,-89,35,None
0,-2,-2,1,-1,-2,-3,-3,-3,0,0,0,22,-89,35,None
0,-2,0,-3,1,2,1,-2,-1,0,0,0,22,-89,35,None
0,5,1,0,1,-1,-2,-1,1,0,0,0,22,-89,35,None
0,-18,1,0,3,4,1,2,0,0,0,0,22,-89,35,None
0,-18,1,0,3,4,1,2,0,0,0,0,22,-89,35,None
0,-18,1,0,3,4,1,2,0,0,0,0,23,-91,35,None
0,9,2,-8,-5,0,-1,-4,0,0,0,0,23,-91,35,None
0,0,0,-2,-1,1,0,0,-3,0,0,0,23,-91,35,None
0,-4,-1,-2,-1,-1,-1,-3,-2,0,0,0,23,-91,35,None
0,3,0,2,0,1,0,-1,-2,0,0,0,23,-91,35,None
0,3,0,2,0,1,0,-1,-2,0,0,0,23,-91,35,None
0,3,0,2,0,1,0,-1,-2,0,0,0,23,-91,35,None
0,-1,1,0,-1,-1,-2,-4,-3,0,0,0,23,-91,35,None
0,-1,0,-2,-1,1,0,-1,0,0,0,0,23,-91,35,None
0,0,-2,-2,-3,0,-3,-2,1,0,0,0,23,-91,35,None
0,-1,3,-2,0,0,-1,-2,-3,0,0,0,23,-91,35,None
0,-1,3,-2,0,0,-1,-2,-3,0,0,0,23,-91,35,None
0,-1,3,-2,0,0,-1,-2,-3,0,0,0,24,-91,34,None
0,0,2,1,1,-1,-2,0,1,0,0,0,24,-91,34,None
0,-2,0,-3,1,0,-4,-2,-1,0,0,0,24,-91,34,None
0,-1,-1,-1,0,0,1,1,0,0,0,0,24,-91,34,None
0,0,-1,-2,-2,0,-2,-2,-1,0,0,0,24,-91,34,None
0,0,-1,-2,-2,0,-2,-2,-1,0,0,0,24,-91,34,None
0,0,-1,-2,-2,0,-2,-2,-1,0,0,0,25,-91,34,None
0,-1,1,-6,-4,0,2,-4,-4,0,0,0,25,-91,34,None
0,-2,-1,-1,0,3,1,4,3,0,0,0,25,-91,34,None
0,2,3,0,-1,2,2,-1,-1,0,0,0,25,-91,34,None
0,1,1,-3,-2,0,-3,-2,0,0,0,0,25,-91,34,None
0,1,1,-3,-2,0,-3,-2,0,0,0,0,25,-91,34,None
0,1,1,-3,-2,0,-3,-2,0,0,0,0,25,-90,35,None
0,-2,0,-1,-1,-3,-3,-4,-4,0,0,0,25,-90,35,None
0,-1,-2,-1,-1,0,0,-1,-1,0,0,0,25,-90,35,None
0,-2,2,-1,0,1,-1,-3,-3,0,0,0,25,-90,35,None
0,2,1,-2,-2,-1,0,0,-1,0,0,0,25,-90,35,None
0,2,1,-2,-2,-1,0,0,-1,0,0,0,25,-90,35,None
0,2,1,-2,-2,-1,0,0,-1,0,0,0,26,-89,34,None
0,3,-4,-1,0,1,0,1,3,0,0,0,26,-89,34,None
0,-6,0,-2,0,-1,-3,-3,-5,0,0,0,26,-89,34,None
0,2,2,-2,-2,0,-2,0,0,0,0,0,26,-89,34,None
0,-1,0,-4,-2,-2,-2,-5,-2,0,0,0,26,-89,34,None
0,-1,0,-4,-2,-2,-2,-5,-2,0,0,0,26,-89,34,None
0,-1,0,-4,-2,-2,-2,-5,-2,0,0,0,25,-89,34,None
0,-2,0,0,0,1,-2,-2,-1,0,0,0,25,-89,34,None
0,2,0,0,-3,0,0,0,-1,0,0,0,25,-89,34,None
0,-15,-2,-2,0,6,2,-1,-4,0,0,0,25,-89,34,None
0,9,-1,-5,1,2,1,0,1,0,0,0,25,-89,34,None
0,9,-1,-5,1,2,1,0,1,0,0,0,25,-89,34,None
0,9,-1,-5,1,2,1,0,1,0,0,0,25,-89,34,None
0,5,1,2,2,0,0,-2,0,0,0,0,25,-89,34,None
0,0,1,-2,-1,0,-2,-3,0,0,0,0,25,-89,34,None
0,0,-3,-5,-2,-2,-4,-3,-2,0,0,0,25,-89,34,None
0,-7,-1,-1,-2,-1,0,-2,-3,0,0,0,25,-89,34,None
0,-7,-1,-1,-2,-1,0,-2,-3,0,0,0,25,-89,34,None
0,-7,-1,-1,-2,-1,0,-2,-3,0,0,0,25,-89,34,None
0,-5,-3,-2,-3,0,-3,0,-1,0,0,0,25,-89,34,None
0,1,5,-3,-1,0,0,-2,-2,0,0,0,25,-89,34,None
0,-2,1,2,1,0,-2,-1,-1,0,0,0,25,-89,34,None
0,-3,-1,1,3,1,1,0,-1,0,0,0,25,-89,34,None
0,-3,-1,1,3,1,1,0,-1,0,0,0,25,-89,34,None
0,-3,-1,1,3,1,1,0,-1,0,0,0,25,-89,34,None
0,-1,0,-9,-6,1,0,-1,-1,0,0,0,25,-89,34,None
0,-4,-4,-4,-4,1,-1,-2,-3,0,0,0,25,-89,34,None
0,4,-1,-1,-1,3,2,-1,0,0,0,0,25,-89,34,None
0,0,1,-1,2,1,-3,-1,-1,0,0,0,25,-89,34,None
0,0,1,-1,2,1,-3,-1,-1,0,0,0,25,-89,34,None
0,0,1,-1,2,1,-3,-1,-1,0,0,0,24,-90,34,None
0,-3,2,1,3,-1,-3,0,-4,0,0,0,24,-90,34,None
0,0,1,-2,-2,-1,-2,-3,-1,0,0,0,24,-90,34,None
0,-1,1,-1,-1,-2,-3,-1,-2,0,0,0,24,-90,34,None
0,-3,-1,-2,-2,3,2,0,-2,0,0,0,24,-90,34,None
0,-3,-1,-2,-2,3,2,0,-2,0,0,0,24,-90,34,None
0,-3,-1,-2,-2,3,2,0,-2,0,0,0,24,-89,35,None
0,-2,-1,1,2,2,2,2,1,0,0,0,24,-89,35,None
0,-2,5,-1,1,0,0,-2,-2,0,0,0,24,-89,35,None
0,4,-4,-4,-2,-2,-3,-3,-1,0,0,0,24,-89,35,None
0,-5,1,-2,-3,-2,-3,-2,-4,0,0,0,24,-89,35,None
0,-5,1,-2,-3,-2,-3,-2,-4,0,0,0,24,-89,35,None
0,-5,1,-2,-3,-2,-3,-2,-4,0,0,0,24,-89,34,None
0,0,0,-3,-1,1,-1,-3,-3,0,0,0,24,-89,34,None
0,0,0,-1,-2,-2,-4,-4,-4,0,0,0,24,-89,34,None
0,-1,2,-2,0,2,0,3,-1,0,0,0,24,-89,34,None
0,-1,0,-1,-1,2,2,-2,-1,0,0,0,24,-89,34,None
0,-1,0,-1,-1,2,2,-2,-1,0,0,0,24,-89,34,None
0,-1,0,-1,-1,2,2,-2,-1,0,0,0,24,-89,34,None
0,-3,-2,-1,2,0,1,0,-1,0,0,0,24,-89,34,None
0,1,-2,-2,0,-2,-3,-2,-1,0,0,0,24,-89,34,None
0,-1,3,-2,0,4,2,-2,-1,0,0,0,24,-89,34,None
0,-3,0,-3,-2,-2,-3,-1,-2,0,0,0,24,-89,34,None
0,-3,0,-3,-2,-2,-3,-1,-2,0,0,0,24,-89,34,None
0,-3,0,-3,-2,-2,-3,-1,-2,0,0,0,24,-90,34,None
0,-1,1,-3,-2,-1,-3,-2,-2,0,0,0,24,-90,34,None
0,-2,-1,-1,0,-1,-1,-1,-1,0,0,0,24,-90,34,None
0,-1,1,0,-3,-3,-4,-2,-3,0,0,0,24,-90,34,None
0,-5,-2,-3,0,2,0,1,-1,0,0,0,24,-90,34,None
0,-5,-2,-3,0,2,0,1,-1,0,0,0,24,-90,34,None
0,-5,-2,-3,0,2,0,1,-1,0,0,0,25,-89,34,None
0,4,3,1,2,3,4,-1,-1,0,0,0,25,-89,34,None
0,-2,0,-2,1,0,0,-1,-2,0,0,0,25,-89,34,None
0,-3,-3,-7,-1,-1,0,-1,0,0,0,0,25,-89,34,None
0,0,1,-2,-2,-1,-5,-5,-3,0,0,0,25,-89,34,None
0,0,1,-2,-2,-1,-5,-5,-3,0,0,0,25,-89,34,None
0,0,1,-2,-2,-1,-5,-5,-3,0,0,0,25,-90,35,None
0,-5,1,-1,-2,-1,-2,-2,-4,0,0,0,25,-90,35,None
0,-2,0,0,3,3,3,2,-1,0,0,0,25,-90,35,None
0,0,0,-4,-2,-1,-1,-2,-1,0,0,0,25,-90,35,None
0,2,-1,-2,-2,-2,-2,-2,0,0,0,0,25,-90,35,None
0,2,-1,-2,-2,-2,-2,-2,0,0,0,0,25,-90,35,None
0,2,-1,-2,-2,-2,-2,-2,0,0,0,0,25,-89,34,None
0,-4,0,-4,-3,0,-2,-2,-1,0,0,0,25,-89,34,None
