0,36,9,-5,0,-3,-1,-3,-4,0,0,0,30,-61,80,None
0,-38,-1,-3,-1,-3,1,-3,-2,0,0,0,30,-61,80,None
0,69,10,0,3,2,-3,-7,-8,0,0,0,30,-61,80,None
0,69,10,0,3,2,-3,-7,-8,0,0,0,30,-61,80,None
0,69,10,0,3,2,-3,-7,-8,0,0,0,21,-63,81,None
0,-23,-17,0,4,3,3,6,14,0,0,0,21,-63,81,None
0,-72,3,13,17,2,3,1,-9,0,0,0,21,-63,81,None
0,-5,5,-8,-15,-7,-4,-5,-5,0,0,0,21,-63,81,None
0,28,28,10,-8,6,-3,-5,14,0,0,0,21,-63,81,None
0,28,28,10,-8,6,-3,-5,14,0,0,0,21,-63,81,None
0,28,28,10,-8,6,-3,-5,14,0,0,0,14,-68,78,None
0,5,-21,0,1,2,0,2,-5,0,0,0,14,-68,78,None
0,48,-7,3,2,-5,0,-1,-6,0,0,0,14,-68,78,None
0,-4,-32,-10,0,2,-4,-6,-16,0,0,0,14,-68,78,None
0,4,27,10,11,1,4,5,5,0,0,0,14,-68,78,None
0,4,27,10,11,1,4,5,5,0,0,0,14,-68,78,None
0,4,27,10,11,1,4,5,5,0,0,0,11,-64,70,None
0,-19,-5,-6,-2,-1,-1,-10,-7,0,0,0,11,-64,70,None
0,6,4,-2,-9,-3,-4,2,7,0,0,0,11,-64,70,None
0,39,21,9,14,1,-1,6,7,0,0,0,11,-64,70,None
0,-28,-22,-13,-4,-2,-4,-2,-2,0,0,0,11,-64,70,None
0,-28,-22,-13,-4,-2,-4,-2,-2,0,0,0,11,-64,70,None
0,-28,-22,-13,-4,-2,-4,-2,-2,0,0,0,13,-61,69,None
0,59,23,4,3,6,0,11,32,0,0,0,13,-61,69,None
0,-25,-5,-5,-10,-4,-3,15,12,0,0,0,13,-61,69,None
0,22,-6,-6,32,0,-3,-53,-82,0,0,0,13,-61,69,None
0,-105,1,-12,-55,-1,-1,-15,10,0,0,0,13,-61,69,None
0,-105,1,-12,-55,-1,-1,-15,10,0,0,0,13,-61,69,None
0,-105,1,-12,-55,-1,-1,-15,10,0,0,0,15,-68,70,None
0,11,-3,1,1,3,-1,-8,-7,0,0,0,15,-68,70,None
0,0,12,2,-15,5,2,26,25,0,0,0,15,-68,70,None
0,23,14,3,2,1,-1,-11,-9,0,0,0,15,-68,70,None
0,49,-3,-2,20,-2,-3,1,-13,0,0,0,15,-68,70,None
0,49,-3,-2,20,-2,-3,1,-13,0,0,0,15,-68,70,None
0,49,-3,-2,20,-2,-3,1,-13,0,0,0,25,-55,67,None
0,-76,-23,-4,-2,-3,0,-6,-5,0,0,0,25,-55,67,None
0,-12,5,-7,-9,-2,-1,-4,5,0,0,0,25,-55,67,None
0,-1,23,2,0,3,-4,16,24,0,0,0,25,-55,67,None
0,-11,-45,-4,5,-2,1,-1,-20,0,0,0,25,-55,67,None
0,-11,-45,-4,5,-2,1,-1,-20,0,0,0,25,-55,67,None
0,-11,-45,-4,5,-2,1,-1,-20,0,0,0,20,-50,74,None
0,22,19,0,-5,-1,-2,1,5,0,0,0,20,-50,74,None
0,16,-7,-3,8,-1,-3,-12,-22,0,0,0,20,-50,74,None
0,25,-15,-3,-5,6,1,10,11,0,0,0,20,-50,74,None
0,-90,-7,-3,4,-2,2,1,1,0,0,0,20,-50,74,None
0,-90,-7,-3,4,-2,2,1,1,0,0,0,20,-50,74,None
0,-90,-7,-3,4,-2,2,1,1,0,0,0,35,-37,76,None
0,55,-7,-5,-1,-2,-2,2,-6,0,0,0,35,-37,76,None
0,9,1,-2,-2,2,-3,-8,9,0,0,0,35,-37,76,None
0,-78,-21,-5,-11,-4,-1,-1,-11,0,0,0,35,-37,76,None
0,63,20,2,2,3,0,9,19,0,0,0,35,-37,76,None
0,63,20,2,2,3,0,9,19,0,0,0,35,-37,76,None
0,63,20,2,2,3,0,9,19,0,0,0,26,-51,73,None
0,-59,-5,-4,0,-2,-1,8,-20,0,0,0,26,-51,73,None
0,30,12,-4,-3,-1,-5,-37,-16,0,0,0,26,-51,73,None
0,9,3,3,-2,4,1,9,26,0,0,0,26,-51,73,None
0,2,-2,1,26,-3,-1,1,-6,0,0,0,26,-51,73,None
0,2,-2,1,26,-3,-1,1,-6,0,0,0,26,-51,73,None
0,2,-2,1,26,-3,-1,1,-6,0,0,0,40,-54,74,None
0,-1,16,-4,-30,1,-1,0,-7,0,0,0,40,-54,74,None
0,34,-23,-4,4,3,-1,0,1,0,0,0,40,-54,74,None
0,-17,0,-4,-16,-3,-2,5,8,0,0,0,40,-54,74,None
0,-8,12,-1,-1,0,-4,-7,-5,0,0,0,40,-54,74,None
0,-8,12,-1,-1,0,-4,-7,-5,0,0,0,40,-54,74,None
0,-8,12,-1,-1,0,-4,-7,-5,0,0,0,39,-56,71,None
0,52,1,-7,7,0,-2,-7,-5,0,0,0,39,-56,71,None
0,-24,-1,-1,2,-1,-1,2,1,0,0,0,39,-56,71,None
0,-2,-7,-1,6,-3,0,2,5,0,0,0,39,-56,71,None
0,-25,-3,-4,-19,-2,-3,-1,-11,0,0,0,39,-56,71,None
0,-25,-3,-4,-19,-2,-3,-1,-11,0,0,0,39,-56,71,None
0,-25,-3,-4,-19,-2,-3,-1,-11,0,0,0,39,-50,71,None
0,14,5,0,10,8,0,-3,3,0,0,0,39,-50,71,None
0,-22,26,0,-5,2,-1,-4,-9,0,0,0,39,-50,71,None
0,-11,30,-2,0,1,0,2,8,0,0,0,39,-50,71,None
0,43,-2,-6,-5,-8,-4,0,-7,0,0,0,39,-50,71,None
0,43,-2,-6,-5,-8,-4,0,-7,0,0,0,39,-50,71,None
0,43,-2,-6,-5,-8,-4,0,-7,0,0,0,44,-51,68,None
0,-29,-5,0,7,1,-2,-15,-8,0,0,0,44,-51,68,None
0,7,-9,-2,-1,3,3,7,4,0,0,0,44,-51,68,None
0,21,14,0,2,4,1,-3,-1,0,0,0,44,-51,68,None
0,14,-2,-3,-5,-2,1,13,13,0,0,0,44,-51,68,None
0,14,-2,-3,-5,-2,1,13,13,0,0,0,44,-51,68,None
0,14,-2,-3,-5,-2,1,13,13,0,0,0,55,-56,64,None
0,-18,-2,-3,0,-7,-5,-18,-13,0,0,0,55,-56,64,None
0,5,-24,-6,-8,1,0,-5,-17,0,0,0,55,-56,64,None
0,4,-18,4,21,-1,-3,-2,11,0,0,0,55,-56,64,None
0,-2,-20,-7,0,4,2,1,-1,0,0,0,55,-56,64,None
0,-2,-20,-7,0,4,2,1,-1,0,0,0,55,-56,64,None
0,-2,-20,-7,0,4,2,1,-1,0,0,0,63,-50,63,None
0,19,7,-5,-19,-5,-4,1,-5,0,0,0,63,-50,63,None
0,4,-3,-5,1,-4,-1,9,7,0,0,0,63,-50,63,None
0,14,36,3,0,10,2,-4,3,0,0,0,63,-50,63,None
0,-19,-16,2,10,-3,1,1,-9,0,0,0,63,-50,63,None
0,-19,-16,2,10,-3,1,1,-9,0,0,0,63,-50,63,None
0,-19,-16,2,10,-3,1,1,-9,0,0,0,67,-43,61,None
0,14,23,2,7,-1,-3,-3,4,0,0,0,67,-43,61,None
0,-22,-10,-4,-6,-4,-2,-6,-7,0,0,0,67,-43,61,None
0,16,4,-5,-14,-4,0,3,-3,0,0,0,67,-43,61,None
0,5,17,2,11,5,-3,-5,-1,0,0,0,67,-43,61,None
0,5,17,2,11,5,-3,-5,-1,0,0,0,67,-43,61,None
0,5,17,2,11,5,-3,-5,-1,0,0,0,60,-47,62,None
0,-7,-9,-2,-4,5,3,2,0,0,0,0,60,-47,62,None
0,-2,5,1,2,1,-2,6,4,0,0,0,60,-47,62,None
0,-20,-2,-2,-2,-1,-1,-11,-8,0,0,0,60,-47,62,None
0,-18,-19,-4,10,6,-1,-1,-3,0,0,0,60,-47,62,None
0,-18,-19,-4,10,6,-1,-1,-3,0,0,0,60,-47,62,None
0,-18,-19,-4,10,6,-1,-1,-3,0,0,0,56,-50,65,None
0,-4,-7,-4,-14,-1,0,8,-4,0,0,0,56,-50,65,None
0,-7,0,-2,-3,-7,-2,-15,-3,0,0,0,56,-50,65,None
0,6,4,1,-3,4,1,7,6,0,0,0,56,-50,65,None
0,26,13,1,0,0,-1,-2,-2,0,0,0,56,-50,65,None
0,26,13,1,0,0,-1,-2,-2,0,0,0,56,-50,65,None
0,26,13,1,0,0,-1,-2,-2,0,0,0,54,-49,66,None
0,-52,2,-2,8,-1,1,-4,-1,0,0,0,54,-49,66,None
0,7,6,0,6,5,0,-3,-2,0,0,0,54,-49,66,None
0,4,-9,-4,-5,-9,-5,3,-1,0,0,0,54,-49,66,None
0,-17,16,-3,-9,8,-1,-7,-3,0,0,0,54,-49,66,None
0,-17,16,-3,-9,8,-1,-7,-3,0,0,0,54,-49,66,None
0,-17,16,-3,-9,8,-1,-7,-3,0,0,0,54,-49,69,None
0,8,-30,-1,6,-4,0,7,2,0,0,0,54,-49,69,None
0,-10,-3,-2,-4,5,0,0,-2,0,0,0,54,-49,69,None
0,12,-7,-1,5,-1,-1,-1,-1,0,0,0,54,-49,69,None
0,-22,-10,-5,-3,-4,-5,-4,-3,0,0,0,54,-49,69,None
0,-22,-10,-5,-3,-4,-5,-4,-3,0,0,0,54,-49,69,None
0,-22,-10,-5,-3,-4,-5,-4,-3,0,0,0,46,-49,68,None
0,24,13,-1,-5,-3,-3,0,2,0,0,0,46,-49,68,None
0,-33,5,0,5,2,2,-5,-4,0,0,0,46,-49,68,None
0,9,-15,-2,-3,1,-2,5,0,0,0,0,46,-49,68,None
0,3,4,0,-4,-1,0,-7,-2,0,0,0,46,-49,68,None
0,3,4,0,-4,-1,0,-7,-2,0,0,0,46,-49,68,None
0,3,4,0,-4,-1,0,-7,-2,0,0,0,41,-54,71,None
0,-19,2,-1,1,3,1,-1,-4,0,0,0,41,-54,71,None
0,23,8,-2,3,0,0,-2,0,0,0,0,41,-54,71,None
0,-11,-1,-3,-2,3,-2,0,1,0,0,0,41,-54,71,None
0,-17,5,1,-12,-7,1,3,-5,0,0,0,41,-54,71,None
0,-17,5,1,-12,-7,1,3,-5,0,0,0,41,-54,71,None
0,-17,5,1,-12,-7,1,3,-5,0,0,0,34,-63,73,None
0,23,0,-5,4,6,1,-10,-1,0,0,0,34,-63,73,None
0,-21,1,1,-1,-3,-2,-2,-1,0,0,0,34,-63,73,None
0,-1,0,-3,5,4,1,-3,-2,0,0,0,34,-63,73,None
0,-17,17,12,-2,0,0,-1,-3,0,0,0,34,-63,73,None
0,-17,17,12,-2,0,0,-1,-3,0,0,0,34,-63,73,None
0,-17,17,12,-2,0,0,-1,-3,0,0,0,22,-71,76,None
0,7,0,0,6,3,-1,4,-2,0,0,0,22,-71,76,None
0,15,-5,-1,-3,-3,-1,5,3,0,0,0,22,-71,76,None
0,1,6,0,1,0,0,-5,-1,0,0,0,22,-71,76,None
0,11,14,-2,1,1,-2,-3,0,0,0,0,22,-71,76,None
0,11,14,-2,1,1,-2,-3,0,0,0,0,22,-71,76,None
0,11,14,-2,1,1,-2,-3,0,0,0,0,8,-72,74,None
0,-10,-6,0,-1,0,-3,-3,-5,0,0,0,8,-72,74,None
0,9,1,-5,0,0,2,-1,-5,0,0,0,8,-72,74,None
0,-5,1,-1,-4,-1,0,0,-1,0,0,0,8,-72,74,None
0,1,-8,-6,3,1,-1,-2,-2,0,0,0,8,-72,74,None
0,1,-8,-6,3,1,-1,-2,-2,0,0,0,8,-72,74,None
0,1,-8,-6,3,1,-1,-2,-2,0,0,0,-1,-73,78,None
0,1,2,-3,1,1,-2,1,-1,0,0,0,-1,-73,78,None
0,1,-3,-3,-1,0,0,-3,-2,0,0,0,-1,-73,78,None
0,5,-8,-4,-10,0,0,4,-1,0,0,0,-1,-73,78,None
0,8,-12,-4,0,2,0,-6,-2,0,0,0,-1,-73,78,None
0,8,-12,-4,0,2,0,-6,-2,0,0,0,-1,-73,78,None
0,8,-12,-4,0,2,0,-6,-2,0,0,0,-8,-76,80,None
0,1,8,-1,-4,-2,0,-2,1,0,0,0,-8,-76,80,None
0,-3,9,2,3,1,-4,-1,-4,0,0,0,-8,-76,80,None
0,11,-8,-1,-3,-2,-1,-3,-4,0,0,0,-8,-76,80,None
0,-1,-1,-4,3,2,2,9,1,0,0,0,-8,-76,80,None
0,-1,-1,-4,3,2,2,9,1,0,0,0,-8,-76,80,None
0,-1,-1,-4,3,2,2,9,1,0,0,0,-8,-75,82,None
0,-19,0,-1,1,0,2,-10,-5,0,0,0,-8,-75,82,None
0,7,13,1,-3,3,0,-5,0,0,0,0,-8,-75,82,None
0,6,-20,-6,-1,-3,-1,0,-2,0,0,0,-8,-75,82,None
0,-17,-3,-2,-2,-1,0,-1,-2,0,0,0,-8,-75,82,None
0,-17,-3,-2,-2,-1,0,-1,-2,0,0,0,-8,-75,82,None
0,-17,-3,-2,-2,-1,0,-1,-2,0,0,0,0,-67,82,None
0,8,1,2,1,1,-1,1,1,0,0,0,0,-67,82,None
0,-6,3,-4,-1,0,-6,-5,-2,0,0,0,0,-67,82,None
0,19,8,-1,-1,-2,-1,-2,0,0,0,0,0,-67,82,None
0,-20,1,-4,2,2,1,-3,0,0,0,0,0,-67,82,None
0,-20,1,-4,2,2,1,-3,0,0,0,0,0,-67,82,None
0,-20,1,-4,2,2,1,-3,0,0,0,0,2,-66,77,None
0,-11,-3,0,4,-2,-2,3,0,0,0,0,2,-66,77,None
0,2,-1,-6,-11,2,1,1,-3,0,0,0,2,-66,77,None
0,-8,11,2,3,5,1,1,-3,0,0,0,2,-66,77,None
0,9,6,1,-1,1,-1,3,6,0,0,0,2,-66,77,None
0,9,6,1,-1,1,-1,3,6,0,0,0,2,-66,77,None
0,9,6,1,-1,1,-1,3,6,0,0,0,9,-72,77,None
0,5,-15,-4,5,-1,-1,-8,-4,0,0,0,9,-72,77,None
0,0,-4,-2,2,0,-2,-3,-3,0,0,0,9,-72,77,None
0,0,0,-2,-5,-1,-1,-3,-3,0,0,0,9,-72,77,None
0,-11,6,-1,1,-1,-3,0,-1,0,0,0,9,-72,77,None
0,-11,6,-1,1,-1,-3,0,-1,0,0,0,9,-72,77,None
0,-11,6,-1,1,-1,-3,0,-1,0,0,0,18,-73,75,None
0,9,3,-3,-4,-2,-1,0,2,0,0,0,18,-73,75,None
0,10,-5,1,0,1,-3,-4,-1,0,0,0,18,-73,75,None
0,-28,0,-2,-2,1,0,-1,-3,0,0,0,18,-73,75,None
0,14,3,-3,1,-1,-2,-7,-6,0,0,0,18,-73,75,None
0,14,3,-3,1,-1,-2,-7,-6,0,0,0,18,-73,75,None
0,14,3,-3,1,-1,-2,-7,-6,0,0,0,25,-66,74,None
0,-5,-17,-5,-4,0,-2,2,4,0,0,0,25,-66,74,None
0,0,-13,-4,5,-2,-2,2,-5,0,0,0,25,-66,74,None
0,-31,14,-3,-10,-1,-2,-3,-3,0,0,0,25,-66,74,None
0,6,2,-1,-1,1,-2,-8,-2,0,0,0,25,-66,74,None
0,6,2,-1,-1,1,-2,-8,-2,0,0,0,25,-66,74,None
0,6,2,-1,-1,1,-2,-8,-2,0,0,0,33,-59,75,None
0,-20,-26,-7,-4,-1,-3,-2,-2,0,0,0,33,-59,75,None
0,10,13,3,4,3,1,2,2,0,0,0,33,-59,75,None
0,5,-5,-4,0,-1,-2,1,1,0,0,0,33,-59,75,None
0,-11,-8,-4,-1,-1,-3,-2,-3,0,0,0,33,-59,75,None
0,-11,-8,-4,-1,-1,-3,-2,-3,0,0,0,33,-59,75,None
0,-11,-8,-4,-1,-1,-3,-2,-3,0,0,0,42,-61,74,None
0,7,15,3,2,2,-1,3,-1,0,0,0,42,-61,74,None
0,0,-2,-6,-9,3,2,-2,-2,0,0,0,42,-61,74,None
0,-8,1,-2,-1,-2,-1,5,1,0,0,0,42,-61,74,None
0,1,0,-1,-3,-1,-1,-7,-2,0,0,0,42,-61,74,None
0,1,0,-1,-3,-1,-1,-7,-2,0,0,0,42,-61,74,None
0,1,0,-1,-3,-1,-1,-7,-2,0,0,0,56,-58,71,None
0,2,13,0,6,-3,-2,-4,-2,0,0,0,56,-58,71,None
0,-25,-4,-5,-7,-8,-3,-4,-2,0,0,0,56,-58,71,None
0,13,6,-1,3,7,-2,-3,0,0,0,0,56,-58,71,None
0,5,0,-4,-4,-3,0,1,2,0,0,0,56,-58,71,None
0,5,0,-4,-4,-3,0,1,2,0,0,0,56,-58,71,None
0,5,0,-4,-4,-3,0,1,2,0,0,0,65,-51,70,None
0,2,6,0,-2,6,0,0,-2,0,0,0,65,-51,70,None
0,4,1,0,0,-2,-4,0,0,0,0,0,65,-51,70,None
0,-2,-2,1,16,0,-4,0,-1,0,0,0,65,-51,70,None
0,6,-2,-5,-24,-3,-3,-2,-1,0,0,0,65,-51,70,None
0,6,-2,-5,-24,-3,-3,-2,-1,0,0,0,65,-51,70,None
0,6,-2,-5,-24,-3,-3,-2,-1,0,0,0,71,-44,69,None
0,7,17,0,-3,5,1,-5,-2,0,0,0,71,-44,69,None
0,-58,-22,-4,2,0,0,-3,-4,0,0,0,71,-44,69,None
0,0,6,-1,-8,-8,-2,-2,0,0,0,0,71,-44,69,None
0,3,-15,-3,11,8,3,1,-3,0,0,0,71,-44,69,None
0,3,-15,-3,11,8,3,1,-3,0,0,0,71,-44,69,None
0,3,-15,-3,11,8,3,1,-3,0,0,0,70,-44,67,None
0,5,25,0,0,-3,-5,1,2,0,0,0,70,-44,67,None
0,-11,-3,-7,-3,9,0,-2,-5,0,0,0,70,-44,67,None
0,-4,2,-1,2,0,0,4,0,0,0,0,70,-44,67,None
0,-7,-9,-3,-2,-7,-3,-10,-3,0,0,0,70,-44,67,None
0,-7,-9,-3,-2,-7,-3,-10,-3,0,0,0,70,-44,67,None
0,-7,-9,-3,-2,-7,-3,-10,-3,0,0,0,63,-47,65,None
0,20,0,-6,-5,3,-1,4,-3,0,0,0,63,-47,65,None
0,1,5,3,8,-3,0,3,3,0,0,0,63,-47,65,None
0,-4,5,-3,-6,-2,-1,-3,-2,0,0,0,63,-47,65,None
0,1,-9,-5,-3,1,-1,-1,-3,0,0,0,63,-47,65,None
0,1,-9,-5,-3,1,-1,-1,-3,0,0,0,63,-47,65,None
0,1,-9,-5,-3,1,-1,-1,-3,0,0,0,62,-47,65,None
0,-8,1,-2,1,-3,1,-3,-5,0,0,0,62,-47,65,None
0,24,8,1,-6,1,1,0,0,0,0,0,62,-47,65,None
0,-5,-4,-5,-3,6,-2,-8,-4,0,0,0,62,-47,65,None
0,-3,6,1,4,0,1,2,-1,0,0,0,62,-47,65,None
0,-3,6,1,4,0,1,2,-1,0,0,0,62,-47,65,None
0,-3,6,1,4,0,1,2,-1,0,0,0,62,-44,66,None
0,-5,-1,0,10,-5,-2,-4,-2,0,0,0,62,-44,66,None
0,-1,8,-6,-21,-9,-3,-1,1,0,0,0,62,-44,66,None
0,7,-8,0,-3,8,0,-2,2,0,0,0,62,-44,66,None
0,1,3,0,4,-3,-2,0,0,0,0,0,62,-44,66,None
0,1,3,0,4,-3,-2,0,0,0,0,0,62,-44,66,None
0,1,3,0,4,-3,-2,0,0,0,0,0,56,-45,68,None
0,-18,-9,-3,2,5,-1,-3,-5,0,0,0,56,-45,68,None
0,15,6,1,18,-7,-3,3,1,0,0,0,56,-45,68,None
0,26,-1,-5,-32,4,-1,-6,-6,0,0,0,56,-45,68,None
0,-25,2,-2,5,3,-3,-5,3,0,0,0,56,-45,68,None
0,-25,2,-2,5,3,-3,-5,3,0,0,0,56,-45,68,None
0,-25,2,-2,5,3,-3,-5,3,0,0,0,49,-49,66,None
0,13,-1,-2,-5,-6,-1,0,-2,0,0,0,49,-49,66,None
0,11,-4,0,5,7,-2,-3,-2,0,0,0,49,-49,66,None
0,14,4,1,9,-5,-1,6,3,0,0,0,49,-49,66,None
0,-29,-6,-1,2,4,0,-4,-6,0,0,0,49,-49,66,None
0,-29,-6,-1,2,4,0,-4,-6,0,0,0,49,-49,66,None
0,-29,-6,-1,2,4,0,-4,-6,0,0,0,41,-54,66,None
0,8,2,-1,-7,1,-2,-1,4,0,0,0,41,-54,66,None
0,-4,1,-1,2,1,0,1,-2,0,0,0,41,-54,66,None
0,2,-1,-4,9,-3,1,-6,0,0,0,0,41,-54,66,None
0,0,0,-4,-10,-1,-1,3,-3,0,0,0,41,-54,66,None
0,0,0,-4,-10,-1,-1,3,-3,0,0,0,41,-54,66,None
0,0,0,-4,-10,-1,-1,3,-3,0,0,0,34,-63,70,None
0,-23,-1,1,7,-4,-1,-8,-4,0,0,0,34,-63,70,None
0,13,5,-2,-17,9,0,0,-1,0,0,0,34,-63,70,None
0,-16,-1,0,8,-3,-2,0,-1,0,0,0,34,-63,70,None
0,9,-1,-1,10,2,-2,-3,-2,0,0,0,34,-63,70,None
0,9,-1,-1,10,2,-2,-3,-2,0,0,0,34,-63,70,None
0,9,-1,-1,10,2,-2,-3,-2,0,0,0,20,-71,71,None
0,-8,26,-5,-25,3,2,5,1,0,0,0,20,-71,71,None
0,19,-31,-1,1,-2,0,-7,-3,0,0,0,20,-71,71,None
0,-21,0,1,2,-3,-1,-1,3,0,0,0,20,-71,71,None
0,7,-3,0,3,1,1,10,4,0,0,0,20,-71,71,None
0,7,-3,0,3,1,1,10,4,0,0,0,20,-71,71,None
0,7,-3,0,3,1,1,10,4,0,0,0,4,-71,68,None
0,-9,-5,-2,4,4,0,-7,-5,0,0,0,4,-71,68,None
0,-7,10,-1,3,-3,-3,-7,-2,0,0,0,4,-71,68,None
0,4,6,-2,-5,0,0,2,-1,0,0,0,4,-71,68,None
0,5,11,-1,3,0,0,-2,-1,0,0,0,4,-71,68,None
0,5,11,-1,3,0,0,-2,-1,0,0,0,4,-71,68,None
0,5,11,-1,3,0,0,-2,-1,0,0,0,-6,-76,73,None
0,-13,-30,-4,-4,1,0,11,0,0,0,0,-6,-76,73,None
0,-6,4,-2,-4,3,-1,-7,-2,0,0,0,-6,-76,73,None
0,-1,-6,-2,7,-1,-2,-5,-4,0,0,0,-6,-76,73,None
0,15,9,0,4,3,0,-1,-4,0,0,0,-6,-76,73,None
0,15,9,0,4,3,0,-1,-4,0,0,0,-6,-76,73,None
0,15,9,0,4,3,0,-1,-4,0,0,0,-11,-80,74,None
0,-1,-1,-2,-11,-1,-1,0,-3,0,0,0,-11,-80,74,None
0,6,2,-4,2,0,2,4,0,0,0,0,-11,-80,74,None
0,-11,0,-1,-3,1,2,-1,-2,0,0,0,-11,-80,74,None
0,2,0,-4,-3,0,0,-3,0,0,0,0,-11,-80,74,None
0,2,0,-4,-3,0,0,-3,0,0,0,0,-11,-80,74,None
0,2,0,-4,-3,0,0,-3,0,0,0,0,-6,-69,76,None
0,2,4,1,11,1,0,-1,-1,0,0,0,-6,-69,76,None
0,8,1,-2,-4,-2,1,1,-1,0,0,0,-6,-69,76,None
0,0,0,-6,-8,6,2,-3,-4,0,0,0,-6,-69,76,None
0,-11,3,-2,-10,0,-2,-2,-1,0,0,0,-6,-69,76,None
0,-11,3,-2,-10,0,-2,-2,-1,0,0,0,-6,-69,76,None
0,-11,3,-2,-10,0,-2,-2,-1,0,0,0,-4,-67,76,None
0,16,0,0,4,-3,-2,-7,-2,0,0,0,-4,-67,76,None
0,-17,-3,0,11,-1,-4,2,0,0,0,0,-4,-67,76,None
0,-17,8,-3,-4,-6,-5,3,-2,0,0,0,-4,-67,76,None
0,-2,-14,-1,1,1,-1,-1,-4,0,0,0,-4,-67,76,None
0,-2,-14,-1,1,1,-1,-1,-4,0,0,0,-4,-67,76,None
0,-2,-14,-1,1,1,-1,-1,-4,0,0,0,-2,-72,73,None
0,26,12,-2,1,5,-3,-11,0,0,0,0,-2,-72,73,None
0,-9,8,-1,5,-1,0,3,-4,0,0,0,-2,-72,73,None
0,5,-5,-1,2,2,2,2,2,0,0,0,-2,-72,73,None
0,-5,7,-3,-5,-4,-2,-1,-3,0,0,0,-2,-72,73,None
0,-5,7,-3,-5,-4,-2,-1,-3,0,0,0,-2,-72,73,None
0,-5,7,-3,-5,-4,-2,-1,-3,0,0,0,11,-75,75,None
0,-5,2,-1,0,-1,0,-3,-3,0,0,0,11,-75,75,None
0,17,-4,-2,0,2,-1,-2,-1,0,0,0,11,-75,75,None
0,-10,4,1,2,1,0,0,-5,0,0,0,11,-75,75,None
0,15,6,-1,-4,-1,-1,0,3,0,0,0,11,-75,75,None
0,15,6,-1,-4,-1,-1,0,3,0,0,0,11,-75,75,None
0,15,6,-1,-4,-1,-1,0,3,0,0,0,20,-69,76,None
0,-16,-8,-4,-1,-1,-2,-1,1,0,0,0,20,-69,76,None
0,0,4,-2,-4,0,1,-2,-2,0,0,0,20,-69,76,None
0,4,-7,-1,-3,-1,-4,-6,-3,0,0,0,20,-69,76,None
0,-6,2,1,6,1,-4,-2,-3,0,0,0,20,-69,76,None
0,-6,2,1,6,1,-4,-2,-3,0,0,0,20,-69,76,None
0,-6,2,1,6,1,-4,-2,-3,0,0,0,29,-62,77,None
0,8,-5,-4,-8,0,1,4,3,0,0,0,29,-62,77,None
0,-11,1,0,1,0,-2,-4,-3,0,0,0,29,-62,77,None
0,6,2,0,3,-1,-2,-4,-1,0,0,0,29,-62,77,None
0,5,-5,-7,-12,-2,1,-2,-4,0,0,0,29,-62,77,None
0,5,-5,-7,-12,-2,1,-2,-4,0,0,0,29,-62,77,None
0,5,-5,-7,-12,-2,1,-2,-4,0,0,0,39,-57,76,None
0,-4,1,0,4,0,-2,-1,0,0,0,0,39,-57,76,None
0,0,0,1,-4,3,0,6,1,0,0,0,39,-57,76,None
0,-1,-4,-1,7,-1,-3,-9,-4,0,0,0,39,-57,76,None
0,6,4,-1,3,-1,-3,-4,-1,0,0,0,39,-57,76,None
0,6,4,-1,3,-1,-3,-4,-1,0,0,0,39,-57,76,None
0,6,4,-1,3,-1,-3,-4,-1,0,0,0,51,-57,75,None
0,-32,-6,-5,-4,1,-2,1,1,0,0,0,51,-57,75,None
0,10,6,-2,2,-3,-4,-5,-5,0,0,0,51,-57,75,None
0,-15,-20,-3,-6,4,1,2,-1,0,0,0,51,-57,75,None
0,7,10,1,1,0,-2,-2,0,0,0,0,51,-57,75,None
0,7,10,1,1,0,-2,-2,0,0,0,0,51,-57,75,None
0,7,10,1,1,0,-2,-2,0,0,0,0,62,-55,73,None
0,3,-21,-3,-4,-4,-2,-1,3,0,0,0,62,-55,73,None
0,-18,3,0,0,-2,-2,-3,-3,0,0,0,62,-55,73,None
0,7,8,-4,-2,0,0,1,0,0,0,0,62,-55,73,None
0,-7,-1,-2,-1,1,-3,-5,-3,0,0,0,62,-55,73,None
0,-7,-1,-2,-1,1,-3,-5,-3,0,0,0,62,-55,73,None
0,-7,-1,-2,-1,1,-3,-5,-3,0,0,0,69,-50,74,None
0,-1,6,1,3,2,2,3,-2,0,0,0,69,-50,74,None
0,-10,3,-1,0,3,-1,0,-2,0,0,0,69,-50,74,None
0,13,-8,-6,-2,-2,-4,-5,0,0,0,0,69,-50,74,None
0,-5,2,0,1,2,-1,2,0,0,0,0,69,-50,74,None
0,-5,2,0,1,2,-1,2,0,0,0,0,69,-50,74,None
0,-5,2,0,1,2,-1,2,0,0,0,0,70,-44,73,None
0,5,6,-2,1,-3,-2,4,0,0,0,0,70,-44,73,None
0,11,-3,-4,-4,-5,-2,-4,-1,0,0,0,70,-44,73,None
0,-22,2,-4,-5,2,-1,-2,-3,0,0,0,70,-44,73,None
0,-1,3,-1,2,1,1,-4,0,0,0,0,70,-44,73,None
0,-1,3,-1,2,1,1,-4,0,0,0,0,70,-44,73,None
0,-1,3,-1,2,1,1,-4,0,0,0,0,64,-45,69,None
0,7,-12,0,-1,2,-1,-4,-3,0,0,0,64,-45,69,None
0,-7,-2,-2,-3,-3,-3,0,-1,0,0,0,64,-45,69,None
0,9,3,0,11,-1,-3,-1,0,0,0,0,64,-45,69,None
0,7,3,-3,-15,5,3,1,-2,0,0,0,64,-45,69,None
0,7,3,-3,-15,5,3,1,-2,0,0,0,64,-45,69,None
0,7,3,-3,-15,5,3,1,-2,0,0,0,61,-45,69,None
0,-10,12,0,-1,-1,-1,-1,-6,0,0,0,61,-45,69,None
0,28,-9,-3,0,-2,-3,-3,0,0,0,0,61,-45,69,None
0,-32,-1,-2,-4,1,1,-1,-2,0,0,0,61,-45,69,None
0,-35,0,-1,4,-2,-1,-1,-6,0,0,0,61,-45,69,None
0,-35,0,-1,4,-2,-1,-1,-6,0,0,0,61,-45,69,None
0,-35,0,-1,4,-2,-1,-1,-6,0,0,0,60,-45,66,None
0,3,7,-2,2,6,1,-1,1,0,0,0,60,-45,66,None
0,-5,0,-4,-4,0,-1,-1,-1,0,0,0,60,-45,66,None
0,25,5,0,-1,-2,-1,8,-1,0,0,0,60,-45,66,None
0,-3,-5,-4,1,-2,-8,-13,-2,0,0,0,60,-45,66,None
0,-3,-5,-4,1,-2,-8,-13,-2,0,0,0,60,-45,66,None
0,-3,-5,-4,1,-2,-8,-13,-2,0,0,0,54,-49,64,None
0,-10,-3,-5,-5,0,-3,-4,-1,0,0,0,54,-49,64,None
0,-3,1,-1,3,0,0,-2,-2,0,0,0,54,-49,64,None
0,-5,0,0,-1,6,1,2,3,0,0,0,54,-49,64,None
0,14,0,-3,-2,-4,-2,-2,0,0,0,0,54,-49,64,None
0,14,0,-3,-2,-4,-2,-2,0,0,0,0,54,-49,64,None
0,14,0,-3,-2,-4,-2,-2,0,0,0,0,50,-53,63,None
0,-4,5,-2,0,-4,-2,0,-4,0,0,0,50,-53,63,None
0,-2,0,-3,-4,1,-1,-1,3,0,0,0,50,-53,63,None
0,4,0,-1,0,-2,-1,-6,-1,0,0,0,50,-53,63,None
0,-1,0,-1,-1,1,3,4,-3,0,0,0,50,-53,63,None
0,-1,0,-1,-1,1,3,4,-3,0,0,0,50,-53,63,None
0,-1,0,-1,-1,1,3,4,-3,0,0,0,42,-59,65,None
0,12,1,-1,5,0,-3,-5,0,0,0,0,42,-59,65,None
0,-20,-1,-3,-10,1,0,-1,-5,0,0,0,42,-59,65,None
0,4,5,0,-3,-4,-3,-4,1,0,0,0,42,-59,65,None
0,-7,1,-4,0,-1,-1,3,1,0,0,0,42,-59,65,None
0,-7,1,-4,0,-1,-1,3,1,0,0,0,42,-59,65,None
0,-7,1,-4,0,-1,-1,3,1,0,0,0,28,-68,67,None
0,3,-12,-2,-2,-3,-3,-1,-6,0,0,0,28,-68,67,None
0,7,1,-1,4,4,1,-7,-1,0,0,0,28,-68,67,None
0,12,1,-1,5,4,0,6,-2,0,0,0,28,-68,67,None
0,11,6,0,-1,1,-1,-8,2,0,0,0,28,-68,67,None
0,11,6,0,-1,1,-1,-8,2,0,0,0,28,-68,67,None
0,11,6,0,-1,1,-1,-8,2,0,0,0,17,-71,68,None
0,-15,6,-3,-6,-3,-2,0,-1,0,0,0,17,-71,68,None
0,-1,-1,-1,6,-2,-1,1,-2,0,0,0,17,-71,68,None
0,-4,3,-4,-16,1,0,-4,-3,0,0,0,17,-71,68,None
0,7,-3,0,5,-1,-1,2,-3,0,0,0,17,-71,68,None
0,7,-3,0,5,-1,-1,2,-3,0,0,0,17,-71,68,None
0,7,-3,0,5,-1,-1,2,-3,0,0,0,8,-72,70,None
0,-13,1,-1,2,5,-1,0,-3,0,0,0,8,-72,70,None
0,-3,1,-1,-6,1,0,0,1,0,0,0,8,-72,70,None
0,1,0,-1,5,0,-1,-1,-3,0,0,0,8,-72,70,None
0,-9,-2,-2,-3,0,2,2,0,0,0,0,8,-72,70,None
0,-9,-2,-2,-3,0,2,2,0,0,0,0,8,-72,70,None
0,-9,-2,-2,-3,0,2,2,0,0,0,0,-1,-75,72,None
0,8,7,1,-1,0,0,-4,-1,0,0,0,-1,-75,72,None
0,1,3,-1,2,2,3,6,-3,0,0,0,-1,-75,72,None
0,-18,-2,-1,-1,0,-2,-5,2,0,0,0,-1,-75,72,None
0,6,-2,-1,0,-2,1,0,-1,0,0,0,-1,-75,72,None
0,6,-2,-1,0,-2,1,0,-1,0,0,0,-1,-75,72,None
0,6,-2,-1,0,-2,1,0,-1,0,0,0,-4,-73,76,None
0,-2,1,-3,0,3,0,1,-3,0,0,0,-4,-73,76,None
0,2,1,-2,-2,3,-1,0,-3,0,0,0,-4,-73,76,None
0,20,2,-2,0,-1,-1,8,1,0,0,0,-4,-73,76,None
0,-34,-2,-3,-2,1,2,-14,-7,0,0,0,-4,-73,76,None
0,-34,-2,-3,-2,1,2,-14,-7,0,0,0,-4,-73,76,None
0,-34,-2,-3,-2,1,2,-14,-7,0,0,0,2,-69,82,None
0,7,5,0,4,-1,0,1,2,0,0,0,2,-69,82,None
0,-33,-3,-2,-1,0,0,-2,-6,0,0,0,2,-69,82,None
0,1,-1,-2,0,-2,1,-4,-3,0,0,0,2,-69,82,None
0,6,1,0,4,3,-1,4,0,0,0,0,2,-69,82,None
0,6,1,0,4,3,-1,4,0,0,0,0,2,-69,82,None
0,6,1,0,4,3,-1,4,0,0,0,0,5,-69,81,None
0,17,1,-2,-4,-2,-2,-4,-4,0,0,0,5,-69,81,None
0,-19,0,-2,-2,-2,-2,-3,5,0,0,0,5,-69,81,None
0,-5,1,0,4,2,-2,-1,-5,0,0,0,5,-69,81,None
0,4,2,0,0,-1,-3,1,0,0,0,0,5,-69,81,None
0,4,2,0,0,-1,-3,1,0,0,0,0,5,-69,81,None
0,4,2,0,0,-1,-3,1,0,0,0,0,10,-70,77,None
0,-10,-3,-3,-4,-1,0,-2,-2,0,0,0,10,-70,77,None
0,7,5,-1,1,0,-2,-5,-1,0,0,0,10,-70,77,None
0,-5,-4,-3,1,0,1,3,-1,0,0,0,10,-70,77,None
0,3,-3,-2,-2,0,-2,-4,-1,0,0,0,10,-70,77,None
0,3,-3,-2,-2,0,-2,-4,-1,0,0,0,10,-70,77,None
0,3,-3,-2,-2,0,-2,-4,-1,0,0,0,22,-69,76,None
0,-4,0,-1,0,4,-1,0,-3,0,0,0,22,-69,76,None
0,1,-2,0,10,-3,-2,7,2,0,0,0,22,-69,76,None
0,-5,-2,-7,-23,-1,-5,-14,-3,0,0,0,22,-69,76,None
0,4,1,0,-1,0,-2,2,-1,0,0,0,22,-69,76,None
0,4,1,0,-1,0,-2,2,-1,0,0,0,22,-69,76,None
0,4,1,0,-1,0,-2,2,-1,0,0,0,25,-67,74,None
0,1,-1,-1,2,-1,-1,-3,1,0,0,0,25,-67,74,None
0,3,-4,-2,0,-1,-2,-4,-3,0,0,0,25,-67,74,None
0,2,1,0,7,0,-1,2,0,0,0,0,25,-67,74,None
0,-13,-3,-5,-6,-1,-3,-5,-3,0,0,0,25,-67,74,None
0,-13,-3,-5,-6,-1,-3,-5,-3,0,0,0,25,-67,74,None
0,-13,-3,-5,-6,-1,-3,-5,-3,0,0,0,29,-63,72,None
0,-2,-1,-3,1,3,-1,-2,-1,0,0,0,29,-63,72,None
0,4,0,0,-2,-1,-2,0,0,0,0,0,29,-63,72,None
0,-3,-1,0,1,-2,0,-4,-2,0,0,0,29,-63,72,None
0,2,0,-2,-2,-2,-2,0,0,0,0,0,29,-63,72,None
0,2,0,-2,-2,-2,-2,0,0,0,0,0,29,-63,72,None
0,2,0,-2,-2,-2,-2,0,0,0,0,0,35,-62,70,None
0,-3,-1,-1,2,-1,-2,-4,-3,0,0,0,35,-62,70,None
0,2,-1,-2,-3,3,0,-4,-1,0,0,0,35,-62,70,None
0,-2,2,-1,0,1,-2,-2,-2,0,0,0,35,-62,70,None
0,2,-2,-4,0,-1,-3,0,-1,0,0,0,35,-62,70,None
0,2,-2,-4,0,-1,-3,0,-1,0,0,0,35,-62,70,None
0,2,-2,-4,0,-1,-3,0,-1,0,0,0,42,-63,68,None
0,-5,1,-3,-5,-3,-1,7,-1,0,0,0,42,-63,68,None
0,5,0,-2,-2,2,-1,-10,0,0,0,0,42,-63,68,None
0,-4,-1,1,2,2,0,-4,-2,0,0,0,42,-63,68,None
0,0,1,-2,0,0,-2,4,-1,0,0,0,42,-63,68,None
0,0,1,-2,0,0,-2,4,-1,0,0,0,42,-63,68,None
0,0,1,-2,0,0,-2,4,-1,0,0,0,48,-57,66,None
0,-2,1,-1,0,1,1,-2,-1,0,0,0,48,-57,66,None
0,-1,1,-4,-3,0,0,1,-4,0,0,0,48,-57,66,None
0,-1,-1,0,2,2,-3,-2,-2,0,0,0,48,-57,66,None
0,0,-1,-2,0,0,0,-1,-2,0,0,0,48,-57,66,None
0,0,-1,-2,0,0,0,-1,-2,0,0,0,48,-57,66,None
0,0,-1,-2,0,0,0,-1,-2,0,0,0,54,-53,65,None
0,-1,1,-2,-2,-1,-1,-2,-1,0,0,0,54,-53,65,None
0,-1,1,-1,2,5,-2,0,0,0,0,0,54,-53,65,None
0,-5,3,-4,-2,-1,-3,-3,-2,0,0,0,54,-53,65,None
0,2,1,0,0,-3,0,1,0,0,0,0,54,-53,65,None
0,2,1,0,0,-3,0,1,0,0,0,0,54,-53,65,None
0,2,1,0,0,-3,0,1,0,0,0,0,58,-51,64,None
0,-3,-2,-6,-3,-2,-1,-4,0,0,0,0,58,-51,64,None
0,-1,1,1,2,0,-1,-2,-2,0,0,0,58,-51,64,None
0,-3,-1,-17,4,4,-1,1,1,0,0,0,58,-51,64,None
0,0,-1,-15,-15,0,-2,0,-2,0,0,0,58,-51,64,None
0,0,-1,-15,-15,0,-2,0,-2,0,0,0,58,-51,64,None
0,0,-1,-15,-15,0,-2,0,-2,0,0,0,63,-48,63,None
0,-1,-1,9,-3,-3,-4,-2,-2,0,0,0,63,-48,63,None
0,-3,0,2,4,-5,-2,-2,-3,0,0,0,63,-48,63,None
0,0,-1,-13,-9,-1,0,-1,1,0,0,0,63,-48,63,None
0,0,0,-11,9,2,0,2,-2,0,0,0,63,-48,63,None
0,0,0,-11,9,2,0,2,-2,0,0,0,63,-48,63,None
0,0,0,-11,9,2,0,2,-2,0,0,0,59,-48,65,None
0,0,1,20,8,1,-2,-3,-1,0,0,0,59,-48,65,None
0,-1,1,15,-9,-1,1,1,-2,0,0,0,59,-48,65,None
0,-2,-2,-49,-4,-1,-1,-2,-1,0,0,0,59,-48,65,None
0,-1,0,77,18,1,-1,-3,1,0,0,0,59,-48,65,None
0,-1,0,77,18,1,-1,-3,1,0,0,0,59,-48,65,None
0,-1,0,77,18,1,-1,-3,1,0,0,0,56,-46,65,None
0,1,1,-12,-17,1,1,0,-1,0,0,0,56,-46,65,None
0,-3,2,2,10,1,-1,-4,-3,0,0,0,56,-46,65,None
0,-4,-3,-55,-11,-1,0,-2,-5,0,0,0,56,-46,65,None
0,-4,-4,-34,-8,-3,-1,-2,-2,0,0,0,56,-46,65,None
0,-4,-4,-34,-8,-3,-1,-2,-2,0,0,0,56,-46,65,None
0,-4,-4,-34,-8,-3,-1,-2,-2,0,0,0,58,-43,66,None
0,1,-2,-46,-4,1,-2,-3,-1,0,0,0,58,-43,66,None
0,-2,5,49,7,-1,-4,-1,-5,0,0,0,58,-43,66,None
0,1,4,48,-2,2,5,-1,1,0,0,0,58,-43,66,None
0,-3,1,49,11,-1,3,-4,-7,0,0,0,58,-43,66,None
0,-3,1,49,11,-1,3,-4,-7,0,0,0,58,-43,66,None
0,-3,1,49,11,-1,3,-4,-7,0,0,0,57,-43,66,None
0,-3,-1,-1,5,-2,-6,-5,-1,0,0,0,57,-43,66,None
0,-4,-8,22,5,6,-4,-6,0,0,0,0,57,-43,66,None
0,1,11,107,6,-1,-1,0,-2,0,0,0,57,-43,66,None
0,-2,1,2,-24,-2,3,0,-1,0,0,0,57,-43,66,None
0,-2,1,2,-24,-2,3,0,-1,0,0,0,57,-43,66,None
0,-2,1,2,-24,-2,3,0,-1,0,0,0,53,-49,67,None
0,-2,-1,1,10,-1,-1,-1,-2,0,0,0,53,-49,67,None
0,5,6,-46,10,3,2,3,3,0,0,0,53,-49,67,None
0,-6,-12,-1,-16,-9,-6,-6,-2,0,0,0,53,-49,67,None
0,2,3,80,38,13,-4,1,2,0,0,0,53,-49,67,None
0,2,3,80,38,13,-4,1,2,0,0,0,53,-49,67,None
0,2,3,80,38,13,-4,1,2,0,0,0,49,-48,69,None
0,-7,-11,-95,-35,-7,3,0,-4,0,0,0,49,-48,69,None
0,1,2,23,1,-2,-2,0,-1,0,0,0,49,-48,69,None
0,3,-1,27,-5,3,-2,-2,1,0,0,0,49,-48,69,None
0,-1,1,-42,-5,-5,5,4,2,0,0,0,49,-48,69,None
0,-1,1,-42,-5,-5,5,4,2,0,0,0,49,-48,69,None
0,-1,1,-42,-5,-5,5,4,2,0,0,0,47,-45,68,None
0,-1,4,37,-2,7,-5,-5,-6,0,0,0,47,-45,68,None
0,2,5,74,17,2,-10,-1,1,0,0,0,47,-45,68,None
0,1,15,-89,-19,2,-6,-3,0,0,0,0,47,-45,68,None
0,-1,-37,41,3,-1,-7,3,1,0,0,0,47,-45,68,None
0,-1,-37,41,3,-1,-7,3,1,0,0,0,47,-45,68,None
0,-1,-37,41,3,-1,-7,3,1,0,0,0,37,-59,69,None
0,-6,2,103,38,-5,3,-2,-4,0,0,0,37,-59,69,None
0,-4,-4,-9,-37,-2,6,-6,-5,0,0,0,37,-59,69,None
0,-1,-4,59,25,5,-2,-1,-3,0,0,0,37,-59,69,None
0,2,15,-32,16,-4,2,-3,-1,0,0,0,37,-59,69,None
0,2,15,-32,16,-4,2,-3,-1,0,0,0,37,-59,69,None
0,2,15,-32,16,-4,2,-3,-1,0,0,0,33,-70,67,None
0,3,-1,55,-33,7,-8,1,3,0,0,0,33,-70,67,None
0,-4,-14,33,2,-6,-5,-3,-2,0,0,0,33,-70,67,None
0,4,8,63,9,-2,2,5,3,0,0,0,33,-70,67,None
0,-10,-7,69,18,2,-7,-9,-7,0,0,0,33,-70,67,None
0,-10,-7,69,18,2,-7,-9,-7,0,0,0,33,-70,67,None
0,-10,-7,69,18,2,-7,-9,-7,0,0,0,25,-63,69,None
0,5,39,-9,20,0,9,1,6,0,0,0,25,-63,69,None
0,-17,-41,-128,-72,-18,-13,-5,-2,0,0,0,25,-63,69,None
0,7,15,-75,23,7,11,-1,-9,0,0,0,25,-63,69,None
0,3,14,-30,15,0,-3,-1,23,0,0,0,25,-63,69,None
0,3,14,-30,15,0,-3,-1,23,0,0,0,25,-63,69,None
0,3,14,-30,15,0,-3,-1,23,0,0,0,25,-51,70,None
0,-1,-5,-70,-47,1,4,0,-4,0,0,0,25,-51,70,None
0,11,32,64,36,15,10,3,27,0,0,0,25,-51,70,None
0,-11,-13,-80,-19,-9,-2,1,6,0,0,0,25,-51,70,None
0,-3,0,-87,-19,3,12,18,-15,0,0,0,25,-51,70,None
0,-3,0,-87,-19,3,12,18,-15,0,0,0,25,-51,70,None
0,-3,0,-87,-19,3,12,18,-15,0,0,0,29,-51,76,None
0,4,20,-6,-42,-3,-2,-33,-7,0,0,0,29,-51,76,None
0,-6,-14,-30,-10,-12,0,3,-4,0,0,0,29,-51,76,None
0,5,-1,68,27,3,-7,-5,18,0,0,0,29,-51,76,None
0,6,9,10,-87,4,1,4,-5,0,0,0,29,-51,76,None
0,6,9,10,-87,4,1,4,-5,0,0,0,29,-51,76,None
0,6,9,10,-87,4,1,4,-5,0,0,0,39,-52,81,None
0,-5,-20,0,41,4,3,7,3,0,0,0,39,-52,81,None
0,-2,4,-53,-10,3,1,-5,-10,0,0,0,39,-52,81,None
0,-5,-5,-55,30,3,-1,-3,-9,0,0,0,39,-52,81,None
0,-2,34,113,16,-1,-6,-11,-9,0,0,0,39,-52,81,None
0,-2,34,113,16,-1,-6,-11,-9,0,0,0,39,-52,81,None
0,-2,34,113,16,-1,-6,-11,-9,0,0,0,34,-55,80,None
0,2,-17,-46,-64,3,-2,6,4,0,0,0,34,-55,80,None
0,1,12,24,-22,0,-3,-5,-8,0,0,0,34,-55,80,None
0,-2,-7,-45,-10,0,0,3,-14,0,0,0,34,-55,80,None
0,-3,0,-114,7,-1,-4,-6,7,0,0,0,34,-55,80,None
0,-3,0,-114,7,-1,-4,-6,7,0,0,0,34,-55,80,None
0,-3,0,-114,7,-1,-4,-6,7,0,0,0,31,-54,76,None
0,-8,-8,26,12,-7,-4,1,-4,0,0,0,31,-54,76,None
0,-5,-16,-88,-6,-5,3,2,-12,0,0,0,31,-54,76,None
0,-9,6,1,-34,-5,-2,-2,-1,0,0,0,31,-54,76,None
0,0,-2,40,32,5,-3,-4,2,0,0,0,31,-54,76,None
0,0,-2,40,32,5,-3,-4,2,0,0,0,31,-54,76,None
0,0,-2,40,32,5,-3,-4,2,0,0,0,33,-59,72,None
0,-1,5,29,24,2,-9,1,-1,0,0,0,33,-59,72,None
0,3,3,55,46,5,-1,1,-4,0,0,0,33,-59,72,None
0,2,8,40,-68,-3,0,-1,0,0,0,0,33,-59,72,None
0,-2,-14,-65,0,-3,-6,-5,7,0,0,0,33,-59,72,None
0,-2,-14,-65,0,-3,-6,-5,7,0,0,0,33,-59,72,None
0,-2,-14,-65,0,-3,-6,-5,7,0,0,0,38,-56,70,None
0,0,-2,-24,26,5,3,7,0,0,0,0,38,-56,70,None
0,0,10,60,15,1,1,-3,0,0,0,0,38,-56,70,None
0,-2,-1,-45,21,3,1,-2,-2,0,0,0,38,-56,70,None
0,-1,0,26,21,1,5,2,-5,0,0,0,38,-56,70,None
0,-1,0,26,21,1,5,2,-5,0,0,0,38,-56,70,None
0,-1,0,26,21,1,5,2,-5,0,0,0,52,-46,66,None
0,-4,4,19,-3,-2,4,0,-6,0,0,0,52,-46,66,None
0,10,10,-39,0,4,3,0,10,0,0,0,52,-46,66,None
0,-4,-3,41,13,1,-3,-2,-5,0,0,0,52,-46,66,None
0,-1,-6,-32,-28,-4,-4,-3,-7,0,0,0,52,-46,66,None
0,-1,-6,-32,-28,-4,-4,-3,-7,0,0,0,52,-46,66,None
0,-1,-6,-32,-28,-4,-4,-3,-7,0,0,0,50,-57,74,None
0,0,-3,-29,16,0,-7,-1,-1,0,0,0,50,-57,74,None
0,-2,0,19,11,1,-9,-1,-7,0,0,0,50,-57,74,None
0,-1,-3,43,12,0,-9,-2,4,0,0,0,50,-57,74,None
0,-1,-3,-28,-10,-2,-5,-3,5,0,0,0,50,-57,74,None
0,-1,-3,-28,-10,-2,-5,-3,5,0,0,0,50,-57,74,None
0,-1,-3,-28,-10,-2,-5,-3,5,0,0,0,74,-74,88,None
0,-5,-2,32,7,-1,-4,-2,1,0,0,0,74,-74,88,None
0,-8,3,2,4,2,1,0,-37,0,0,0,74,-74,88,None
0,8,-1,-21,-7,0,-2,1,9,0,0,0,74,-74,88,None
0,0,3,13,-15,-2,0,-2,-4,0,0,0,74,-74,88,None
0,0,3,13,-15,-2,0,-2,-4,0,0,0,74,-74,88,None
0,0,3,13,-15,-2,0,-2,-4,0,0,0,57,-46,86,None
0,2,6,33,5,3,7,-2,-4,0,0,0,57,-46,86,None
0,-3,3,41,2,1,3,0,6,0,0,0,57,-46,86,None
0,-5,0,-45,18,-1,1,-1,-7,0,0,0,57,-46,86,None
0,0,-2,-61,-13,0,2,-1,-5,0,0,0,57,-46,86,None
0,0,-2,-61,-13,0,2,-1,-5,0,0,0,57,-46,86,None
0,0,-2,-61,-13,0,2,-1,-5,0,0,0,43,-33,79,None
0,-5,-4,70,15,-2,-2,-2,-5,0,0,0,43,-33,79,None
0,2,2,-9,-3,1,-1,0,6,0,0,0,43,-33,79,None
0,-4,-3,11,13,0,-1,-2,-5,0,0,0,43,-33,79,None
0,2,-1,-5,-28,0,-2,1,0,0,0,0,43,-33,79,None
0,2,-1,-5,-28,0,-2,1,0,0,0,0,43,-33,79,None
0,2,-1,-5,-28,0,-2,1,0,0,0,0,53,-46,70,None
0,-2,1,-38,1,0,-2,-2,0,0,0,0,53,-46,70,None
0,-2,-2,-24,-9,-1,-3,-2,2,0,0,0,53,-46,70,None
0,-2,2,64,4,0,-2,-4,-3,0,0,0,53,-46,70,None
0,-4,-1,-47,0,0,-2,-4,-3,0,0,0,53,-46,70,None
0,-4,-1,-47,0,0,-2,-4,-3,0,0,0,53,-46,70,None
0,-4,-1,-47,0,0,-2,-4,-3,0,0,0,58,-46,67,None
0,0,2,18,-1,-3,-4,-4,-12,0,0,0,58,-46,67,None
0,1,0,3,-1,-1,-2,-1,33,0,0,0,58,-46,67,None
0,1,0,25,4,2,0,0,-5,0,0,0,58,-46,67,None
0,-1,2,34,4,-1,-3,-3,-1,0,0,0,58,-46,67,None
0,-1,2,34,4,-1,-3,-3,-1,0,0,0,58,-46,67,None
0,-1,2,34,4,-1,-3,-3,-1,0,0,0,61,-39,67,None
0,-1,1,-24,-1,1,-1,0,-1,0,0,0,61,-39,67,None
0,-3,2,9,4,0,0,0,-1,0,0,0,61,-39,67,None
0,-2,2,-4,-6,0,0,-2,0,0,0,0,61,-39,67,None
0,0,0,14,9,0,-3,-4,-3,0,0,0,61,-39,67,None
0,0,0,14,9,0,-3,-4,-3,0,0,0,61,-39,67,None
0,0,0,14,9,0,-3,-4,-3,0,0,0,62,-39,68,None
0,3,4,-4,-4,2,3,-1,3,0,0,0,62,-39,68,None
0,-6,1,6,0,1,0,0,-15,0,0,0,62,-39,68,None
0,-3,-3,-68,-13,-1,-1,-2,0,0,0,0,62,-39,68,None
0,0,-1,6,2,-1,-2,-1,-6,0,0,0,62,-39,68,None
0,0,-1,6,2,-1,-2,-1,-6,0,0,0,62,-39,68,None
0,0,-1,6,2,-1,-2,-1,-6,0,0,0,60,-41,68,None
0,1,0,-5,2,1,0,1,1,0,0,0,60,-41,68,None
0,0,0,-23,-4,1,-2,0,-4,0,0,0,60,-41,68,None
0,0,0,11,-4,1,1,-1,-5,0,0,0,60,-41,68,None
0,-2,3,-7,2,2,-1,-1,7,0,0,0,60,-41,68,None
0,-2,3,-7,2,2,-1,-1,7,0,0,0,60,-41,68,None
0,-2,3,-7,2,2,-1,-1,7,0,0,0,57,-44,69,None
0,-1,-3,-44,-3,-3,-4,-1,13,0,0,0,57,-44,69,None
0,10,1,10,-6,1,-2,-2,-1,0,0,0,57,-44,69,None
0,-3,-2,3,1,0,1,1,-1,0,0,0,57,-44,69,None
0,2,-1,-4,-3,0,-1,0,2,0,0,0,57,-44,69,None
0,2,-1,-4,-3,0,-1,0,2,0,0,0,57,-44,69,None
0,2,-1,-4,-3,0,-1,0,2,0,0,0,55,-44,68,None
0,-3,-2,1,0,2,-2,-2,-5,0,0,0,55,-44,68,None
0,-3,0,-11,-1,-1,0,-3,-6,0,0,0,55,-44,68,None
0,1,1,12,-1,1,-1,-2,-1,0,0,0,55,-44,68,None
0,-2,-1,-1,-1,0,-2,-1,-7,0,0,0,55,-44,68,None
0,-2,-1,-1,-1,0,-2,-1,-7,0,0,0,55,-44,68,None
0,-2,-1,-1,-1,0,-2,-1,-7,0,0,0,55,-45,68,None
0,-3,-1,-2,2,0,-3,-2,-1,0,0,0,55,-45,68,None
0,-1,0,-12,0,0,0,-2,-1,0,0,0,55,-45,68,None
0,-2,-1,8,0,-1,-3,-1,-4,0,0,0,55,-45,68,None
0,-1,1,0,-3,0,0,0,-2,0,0,0,55,-45,68,None
0,-1,1,0,-3,0,0,0,-2,0,0,0,55,-45,68,None
0,-1,1,0,-3,0,0,0,-2,0,0,0,55,-44,67,None
0,-4,-3,-35,-1,-4,0,-2,6,0,0,0,55,-44,67,None
0,1,-2,-10,8,1,0,-2,-1,0,0,0,55,-44,67,None
0,-1,5,30,-1,0,-2,0,-2,0,0,0,55,-44,67,None
0,-1,1,2,0,2,0,-2,-2,0,0,0,55,-44,67,None
0,-1,1,2,0,2,0,-2,-2,0,0,0,55,-44,67,None
0,-1,1,2,0,2,0,-2,-2,0,0,0,55,-45,68,None
0,0,3,2,-1,2,-1,-2,-5,0,0,0,55,-45,68,None
0,-4,-2,-18,-8,0,-3,-3,-3,0,0,0,55,-45,68,None
0,-1,-3,-10,-3,-2,-3,-2,0,0,0,0,55,-45,68,None
0,-2,-1,4,3,-1,-2,-1,-4,0,0,0,55,-45,68,None
0,-2,-1,4,3,-1,-2,-1,-4,0,0,0,55,-45,68,None
0,-2,-1,4,3,-1,-2,-1,-4,0,0,0,56,-44,69,None
0,-2,1,8,1,2,0,1,-3,0,0,0,56,-44,69,None
0,-3,-2,2,-2,1,-1,-1,1,0,0,0,56,-44,69,None
0,0,23,11,2,-1,-2,-1,-8,0,0,0,56,-44,69,None
0,-4,-79,-6,0,1,2,-1,4,0,0,0,56,-44,69,None
0,-4,-79,-6,0,1,2,-1,4,0,0,0,56,-44,69,None
0,-4,-79,-6,0,1,2,-1,4,0,0,0,55,-42,68,None
0,-15,-16,-22,-8,0,1,-3,-13,0,0,0,55,-42,68,None
0,5,14,-44,-1,2,2,0,4,0,0,0,55,-42,68,None
0,-4,-9,2,-5,-2,0,-2,-1,0,0,0,55,-42,68,None
0,1,18,25,8,0,-2,1,-1,0,0,0,55,-42,68,None
0,1,18,25,8,0,-2,1,-1,0,0,0,55,-42,68,None
0,1,18,25,8,0,-2,1,-1,0,0,0,55,-43,69,None
0,-1,5,2,2,1,-2,-1,-6,0,0,0,55,-43,69,None
0,-2,-10,-5,-6,0,-2,0,0,0,0,0,55,-43,69,None
0,-2,1,-4,0,0,-1,-2,1,0,0,0,55,-43,69,None
0,-4,13,-6,-3,-1,-2,-2,-13,0,0,0,55,-43,69,None
0,-4,13,-6,-3,-1,-2,-2,-13,0,0,0,55,-43,69,None
0,-4,13,-6,-3,-1,-2,-2,-13,0,0,0,56,-44,69,None
0,3,1,7,1,2,1,-1,4,0,0,0,56,-44,69,None
0,-1,10,-16,-6,0,-2,0,8,0,0,0,56,-44,69,None
0,0,-4,0,5,0,-2,-2,-15,0,0,0,56,-44,69,None
0,-1,13,7,-1,1,2,-2,-4,0,0,0,56,-44,69,None
0,-1,13,7,-1,1,2,-2,-4,0,0,0,56,-44,69,None
0,-1,13,7,-1,1,2,-2,-4,0,0,0,56,-41,69,None
0,1,4,8,4,-1,-1,-1,-1,0,0,0,56,-41,69,None
0,-1,-5,11,2,1,-2,-2,1,0,0,0,56,-41,69,None
0,-1,-6,-12,-4,2,-2,-2,1,0,0,0,56,-41,69,None
0,0,4,-12,-4,0,-1,-2,3,0,0,0,56,-41,69,None
0,0,4,-12,-4,0,-1,-2,3,0,0,0,56,-41,69,None
0,0,4,-12,-4,0,-1,-2,3,0,0,0,58,-41,69,None
0,1,5,7,1,0,-3,-1,-4,0,0,0,58,-41,69,None
0,-2,0,3,0,-2,-3,-3,-7,0,0,0,58,-41,69,None
0,0,-4,-3,-2,0,1,-3,1,0,0,0,58,-41,69,None
0,-1,14,6,3,0,-2,-1,-6,0,0,0,58,-41,69,None
0,-1,14,6,3,0,-2,-1,-6,0,0,0,58,-41,69,None
0,-1,14,6,3,0,-2,-1,-6,0,0,0,59,-42,70,None
0,2,4,-1,-2,0,-3,-2,6,0,0,0,59,-42,70,None
0,-1,-4,5,-3,-1,0,-2,-2,0,0,0,59,-42,70,None
0,-4,-2,76,6,2,-2,-2,-15,0,0,0,59,-42,70,None
0,-2,1,-66,3,0,-1,-1,15,0,0,0,59,-42,70,None
0,-2,1,-66,3,0,-1,-1,15,0,0,0,59,-42,70,None
0,-2,1,-66,3,0,-1,-1,15,0,0,0,59,-42,70,None
0,0,-1,-25,-5,-1,-2,-1,-7,0,0,0,59,-42,70,None
0,-3,-1,47,6,1,-1,-1,-4,0,0,0,59,-42,70,None
0,0,2,-17,-4,1,-1,1,2,0,0,0,59,-42,70,None
0,0,4,1,-5,0,-2,-2,-1,0,0,0,59,-42,70,None
0,0,4,1,-5,0,-2,-2,-1,0,0,0,59,-42,70,None
0,0,4,1,-5,0,-2,-2,-1,0,0,0,58,-40,69,None
0,-1,0,10,-1,0,0,0,-1,0,0,0,58,-40,69,None
0,-2,5,-16,-2,0,0,-1,-4,0,0,0,58,-40,69,None
0,-1,1,-25,-4,-2,-1,-3,6,0,0,0,58,-40,69,None
0,-2,5,17,1,1,-1,-2,-5,0,0,0,58,-40,69,None
0,-2,5,17,1,1,-1,-2,-5,0,0,0,58,-40,69,None
0,-2,5,17,1,1,-1,-2,-5,0,0,0,56,-40,70,None
0,1,2,-3,1,0,0,0,11,0,0,0,56,-40,70,None
0,-1,-3,4,-2,-2,-4,-3,-5,0,0,0,56,-40,70,None
0,1,18,-2,4,1,0,-1,-2,0,0,0,56,-40,70,None
0,-3,-45,-45,-14,-1,-2,-1,1,0,0,0,56,-40,70,None
0,-3,-45,-45,-14,-1,-2,-1,1,0,0,0,56,-40,70,None
0,-3,-45,-45,-14,-1,-2,-1,1,0,0,0,56,-42,70,None
0,-3,6,17,12,1,-3,-2,-2,0,0,0,56,-42,70,None
0,-1,3,2,-4,2,0,-2,-3,0,0,0,56,-42,70,None
0,-2,1,2,4,0,0,0,1,0,0,0,56,-42,70,None
0,0,13,5,-1,1,-1,0,-1,0,0,0,56,-42,70,None
0,0,13,5,-1,1,-1,0,-1,0,0,0,56,-42,70,None
0,0,13,5,-1,1,-1,0,-1,0,0,0,57,-43,70,None
0,-1,-4,-6,-3,-1,-1,-2,-6,0,0,0,57,-43,70,None
0,-1,-5,-4,-2,-1,-1,0,-4,0,0,0,57,-43,70,None
0,-1,0,-19,-3,-1,0,0,4,0,0,0,57,-43,70,None
0,-1,7,18,0,0,-1,-2,-3,0,0,0,57,-43,70,None
0,-1,7,18,0,0,-1,-2,-3,0,0,0,57,-43,70,None
0,-1,7,18,0,0,-1,-2,-3,0,0,0,57,-42,70,None
0,-1,-4,-1,-3,-1,-2,-2,-3,0,0,0,57,-42,70,None
0,0,7,3,2,1,1,0,-6,0,0,0,57,-42,70,None
0,-4,-7,-3,-4,-1,0,-1,18,0,0,0,57,-42,70,None
0,-4,7,-6,1,0,-1,-3,-4,0,0,0,57,-42,70,None
0,-4,7,-6,1,0,-1,-3,-4,0,0,0,57,-42,70,None
0,-4,7,-6,1,0,-1,-3,-4,0,0,0,56,-41,69,None
0,-4,0,28,2,-1,-1,-2,-4,0,0,0,56,-41,69,None
0,-2,-1,-18,-2,-2,-1,0,8,0,0,0,56,-41,69,None
0,-3,-2,-15,-2,0,-1,-2,-8,0,0,0,56,-41,69,None
0,1,4,27,-1,1,1,0,4,0,0,0,56,-41,69,None
0,1,4,27,-1,1,1,0,4,0,0,0,56,-41,69,None
0,1,4,27,-1,1,1,0,4,0,0,0,57,-42,69,None
0,-2,1,-13,2,2,-1,0,0,0,0,0,57,-42,69,None
0,0,-2,4,-2,0,-2,-1,3,0,0,0,57,-42,69,None
0,0,-4,-7,-2,0,-2,-1,-2,0,0,0,57,-42,69,None
0,-1,8,-2,-1,0,0,-2,-1,0,0,0,57,-42,69,None
0,-1,8,-2,-1,0,0,-2,-1,0,0,0,57,-42,69,None
0,-1,8,-2,-1,0,0,-2,-1,0,0,0,57,-42,69,None
0,2,-1,-7,-3,1,-3,-3,-3,0,0,0,57,-42,69,None
0,-1,-2,-3,-1,-1,-1,-2,-8,0,0,0,57,-42,69,None
0,-1,0,-1,3,2,-1,-1,-4,0,0,0,57,-42,69,None
0,-2,8,8,1,-3,-2,0,-8,0,0,0,57,-42,69,None
0,-2,8,8,1,-3,-2,0,-8,0,0,0,57,-42,69,None
0,-2,8,8,1,-3,-2,0,-8,0,0,0,56,-42,69,None
0,-1,-4,-7,-3,0,0,-2,1,0,0,0,56,-42,69,None
0,-2,0,6,2,-1,-1,-2,-2,0,0,0,56,-42,69,None
0,0,-1,-35,-7,-1,-1,1,-10,0,0,0,56,-42,69,None
0,0,2,2,1,1,-2,-2,10,0,0,0,56,-42,69,None
0,0,2,2,1,1,-2,-2,10,0,0,0,56,-42,69,None
0,0,2,2,1,1,-2,-2,10,0,0,0,57,-42,68,None
0,-1,0,2,-2,0,-2,-2,-6,0,0,0,57,-42,68,None
0,-2,2,0,1,0,0,-1,-2,0,0,0,57,-42,68,None
0,0,-2,4,-1,1,-1,-1,-1,0,0,0,57,-42,68,None
0,-1,1,2,4,-1,-2,-2,-3,0,0,0,57,-42,68,None
0,-1,1,2,4,-1,-2,-2,-3,0,0,0,57,-42,68,None
0,-1,1,2,4,-1,-2,-2,-3,0,0,0,57,-42,69,None
0,-1,4,-6,-4,0,-1,0,-1,0,0,0,57,-42,69,None
0,-2,-1,-15,-3,1,1,-1,-7,0,0,0,57,-42,69,None
0,-1,2,45,11,0,-2,-2,7,0,0,0,57,-42,69,None
0,0,0,-37,-4,0,-1,0,1,0,0,0,57,-42,69,None
0,0,0,-37,-4,0,-1,0,1,0,0,0,57,-42,69,None
0,0,0,-37,-4,0,-1,0,1,0,0,0,57,-43,70,None
0,-1,3,4,0,0,1,-1,-3,0,0,0,57,-43,70,None
0,-1,-2,-12,-5,0,-2,-1,1,0,0,0,57,-43,70,None
0,1,-1,3,-3,0,-2,-1,-2,0,0,0,57,-43,70,None
0,-1,3,12,0,0,1,0,-4,0,0,0,57,-43,70,None
0,-1,3,12,0,0,1,0,-4,0,0,0,57,-43,70,None
0,-1,3,12,0,0,1,0,-4,0,0,0,57,-42,69,None
0,-1,-3,-7,-1,0,-1,-3,1,0,0,0,57,-42,69,None
0,-1,1,0,0,0,-2,-3,0,0,0,0,57,-42,69,None
0,-2,1,-11,-2,0,0,-2,-6,0,0,0,57,-42,69,None
0,2,2,-12,-5,0,0,0,4,0,0,0,57,-42,69,None
0,2,2,-12,-5,0,0,0,4,0,0,0,57,-42,69,None
0,2,2,-12,-5,0,0,0,4,0,0,0,57,-41,69,None
0,-9,19,37,7,-2,-3,-2,-2,0,0,0,57,-41,69,None
0,0,-8,-63,-7,0,0,-1,-5,0,0,0,57,-41,69,None
0,-2,2,30,1,0,-1,-2,-1,0,0,0,57,-41,69,None
0,-3,-2,-45,-5,1,-2,-2,-7,0,0,0,57,-41,69,None
0,-3,-2,-45,-5,1,-2,-2,-7,0,0,0,57,-41,69,None
0,-3,-2,-45,-5,1,-2,-2,-7,0,0,0,57,-42,69,None
0,0,4,-2,-4,1,-1,-3,0,0,0,0,57,-42,69,None
0,0,3,11,-1,0,0,-2,3,0,0,0,57,-42,69,None
0,-3,-3,-12,-1,-1,-3,-1,0,0,0,0,57,-42,69,None
0,-1,3,13,-1,-2,-3,-2,-3,0,0,0,57,-42,69,None
0,-1,3,13,-1,-2,-3,-2,-3,0,0,0,57,-42,69,None
0,-1,3,13,-1,-2,-3,-2,-3,0,0,0,57,-42,69,None
0,0,-5,-8,-2,2,1,1,-1,0,0,0,57,-42,69,None
0,-2,1,11,3,1,-2,-2,-1,0,0,0,57,-42,69,None
0,-1,-3,-20,-4,0,0,-1,0,0,0,0,57,-42,69,None
0,-3,3,26,5,1,-1,0,2,0,0,0,57,-42,69,None
0,-3,3,26,5,1,-1,0,2,0,0,0,57,-42,69,None
0,-3,3,26,5,1,-1,0,2,0,0,0,57,-42,69,None
0,-3,-4,-14,-1,0,-1,-2,-26,0,0,0,57,-42,69,None
0,2,-2,3,0,-1,-2,-1,1,0,0,0,57,-42,69,None
0,-3,1,17,-4,-1,-1,-2,6,0,0,0,57,-42,69,None
0,-2,0,9,2,-1,0,-2,-6,0,0,0,57,-42,69,None
0,-2,0,9,2,-1,0,-2,-6,0,0,0,57,-42,69,None
0,-2,0,9,2,-1,0,-2,-6,0,0,0,57,-42,70,None
0,0,-4,-4,2,1,-2,-1,2,0,0,0,57,-42,70,None
0,-2,2,2,-2,0,-2,-1,0,0,0,0,57,-42,70,None
0,-1,1,-12,-2,1,-2,-1,-4,0,0,0,57,-42,70,None
0,-1,1,1,0,0,-2,-2,-1,0,0,0,57,-42,70,None
0,-1,1,1,0,0,-2,-2,-1,0,0,0,57,-42,70,None
0,-1,1,1,0,0,-2,-2,-1,0,0,0,57,-43,70,None
0,0,-3,-12,-4,-1,1,-1,5,0,0,0,57,-43,70,None
0,-2,3,16,3,0,-1,0,-5,0,0,0,57,-43,70,None
0,0,-1,-12,-1,0,-1,-2,1,0,0,0,57,-43,70,None
0,1,-1,1,0,1,-1,-2,-1,0,0,0,57,-43,70,None
0,1,-1,1,0,1,-1,-2,-1,0,0,0,57,-43,70,None
0,1,-1,1,0,1,-1,-2,-1,0,0,0,56,-42,70,None
0,0,1,2,2,1,-1,-1,9,0,0,0,56,-42,70,None
0,1,2,9,-1,1,-1,0,2,0,0,0,56,-42,70,None
0,-1,1,-8,0,-1,-1,-1,1,0,0,0,56,-42,70,None
0,-2,-3,-6,-2,0,-1,-2,-4,0,0,0,56,-42,70,None
0,-2,-3,-6,-2,0,-1,-2,-4,0,0,0,56,-42,70,None
0,-2,-3,-6,-2,0,-1,-2,-4,0,0,0,57,-42,69,None
0,1,-1,-12,-4,-1,0,-1,2,0,0,0,57,-42,69,None
0,-3,1,-3,-1,1,1,-1,-2,0,0,0,57,-42,69,None
0,0,-1,3,0,1,-2,-1,-3,0,0,0,57,-42,69,None
0,-1,3,10,3,0,0,0,-3,0,0,0,57,-42,69,None
0,-1,3,10,3,0,0,0,-3,0,0,0,57,-42,69,None
0,-1,3,10,3,0,0,0,-3,0,0,0,56,-41,69,None
0,2,-2,-8,-2,2,1,0,6,0,0,0,56,-41,69,None
0,-5,-1,6,0,0,-4,-5,9,0,0,0,56,-41,69,None
0,-1,4,-6,0,0,0,-1,-5,0,0,0,56,-41,69,None
0,-2,0,0,-3,1,-1,-2,-2,0,0,0,56,-41,69,None
0,-2,0,0,-3,1,-1,-2,-2,0,0,0,56,-41,69,None
0,-2,0,0,-3,1,-1,-2,-2,0,0,0,57,-42,68,None
0,-3,-2,-4,-1,-1,-2,-2,-5,0,0,0,57,-42,68,None
0,0,0,4,-1,-1,-2,-1,-5,0,0,0,57,-42,68,None
0,-5,2,-10,-2,0,1,-1,0,0,0,0,57,-42,68,None
0,3,1,17,3,0,-3,-3,10,0,0,0,57,-42,68,None
0,3,1,17,3,0,-3,-3,10,0,0,0,57,-42,68,None
0,3,1,17,3,0,-3,-3,10,0,0,0,57,-42,69,None
0,1,0,3,-1,0,-1,-2,-8,0,0,0,57,-42,69,None
0,2,3,-5,2,-1,-1,-1,-3,0,0,0,57,-42,69,None
0,-1,-3,-5,-1,0,-1,-2,-3,0,0,0,57,-42,69,None
0,-2,1,11,1,0,-1,-1,-1,0,0,0,57,-42,69,None
0,-2,1,11,1,0,-1,-1,-1,0,0,0,57,-42,69,None
0,-2,1,11,1,0,-1,-1,-1,0,0,0,57,-43,70,None
0,-1,0,1,-1,0,-1,-1,0,0,0,0,57,-43,70,None
