0,-2,-2,39,22,-1,1,1,-1,0,0,0,9,-71,56,None
0,3,4,0,5,11,-2,-6,1,0,0,0,9,-71,56,None
0,-2,2,13,11,-3,-8,-5,-4,0,0,0,9,-71,56,None
0,-2,2,13,11,-3,-8,-5,-4,0,0,0,9,-71,56,None
0,-2,2,13,11,-3,-8,-5,-4,0,0,0,10,-76,56,None
0,1,4,-9,-17,0,9,-2,0,0,0,0,10,-76,56,None
0,3,3,-9,2,11,12,14,8,0,0,0,10,-76,56,None
0,-2,-1,-10,-18,-2,-1,-7,-9,0,0,0,10,-76,56,None
0,1,7,13,0,3,3,-1,-1,0,0,0,10,-76,56,None
0,1,7,13,0,3,3,-1,-1,0,0,0,10,-76,56,None
0,1,7,13,0,3,3,-1,-1,0,0,0,7,-80,54,None
0,-3,-6,-18,-25,-10,-2,2,-4,0,0,0,7,-80,54,None
0,-1,0,-8,0,-4,-16,-20,-5,0,0,0,7,-80,54,None
0,3,10,10,-4,6,5,9,5,0,0,0,7,-80,54,None
0,-3,-2,10,-4,-7,4,2,2,0,0,0,7,-80,54,None
0,-3,-2,10,-4,-7,4,2,2,0,0,0,7,-80,54,None
0,-3,-2,10,-4,-7,4,2,2,0,0,0,6,-82,53,None
0,-1,-1,-14,8,13,-1,-5,-5,0,0,0,6,-82,53,None
0,0,3,4,28,1,-2,-4,-2,0,0,0,6,-82,53,None
0,0,-3,-20,-20,-3,3,5,-1,0,0,0,6,-82,53,None
0,-2,1,8,-1,1,-5,0,-1,0,0,0,6,-82,53,None
0,-2,1,8,-1,1,-5,0,-1,0,0,0,6,-82,53,None
0,-2,1,8,-1,1,-5,0,-1,0,0,0,5,-80,55,None
0,6,13,20,19,15,7,-3,0,0,0,0,5,-80,55,None
0,-3,-5,12,-19,-11,1,18,3,0,0,0,5,-80,55,None
0,-4,-9,-23,-26,-2,-6,-10,-4,0,0,0,5,-80,55,None
0,0,1,-12,2,-4,-5,1,-1,0,0,0,5,-80,55,None
0,0,1,-12,2,-4,-5,1,-1,0,0,0,5,-80,55,None
0,0,1,-12,2,-4,-5,1,-1,0,0,0,2,-77,56,None
0,-7,-8,-13,4,-2,-6,-7,-6,0,0,0,2,-77,56,None
0,0,3,-18,-22,-1,-5,-4,-4,0,0,0,2,-77,56,None
0,-3,0,9,31,0,-2,-7,-3,0,0,0,2,-77,56,None
0,2,3,16,-22,8,11,9,2,0,0,0,2,-77,56,None
0,2,3,16,-22,8,11,9,2,0,0,0,2,-77,56,None
0,2,3,16,-22,8,11,9,2,0,0,0,0,-78,57,None
0,-1,-5,-32,-30,-11,-3,-2,-2,0,0,0,0,-78,57,None
0,-3,3,13,71,11,-5,-5,-5,0,0,0,0,-78,57,None
0,-3,-3,4,-32,-11,1,4,1,0,0,0,0,-78,57,None
0,-2,-2,-36,-9,6,-3,-6,-1,0,0,0,0,-78,57,None
0,-2,-2,-36,-9,6,-3,-6,-1,0,0,0,0,-78,57,None
0,-2,-2,-36,-9,6,-3,-6,-1,0,0,0,-1,-80,57,None
0,-2,5,13,-10,-6,-8,-1,0,0,0,0,-1,-80,57,None
0,1,2,-3,-9,-5,-2,-4,0,0,0,0,-1,-80,57,None
0,1,2,7,30,7,8,4,1,0,0,0,-1,-80,57,None
0,-3,0,3,25,-1,-5,-9,-4,0,0,0,-1,-80,57,None
0,-3,0,3,25,-1,-5,-9,-4,0,0,0,-1,-80,57,None
0,-3,0,3,25,-1,-5,-9,-4,0,0,0,1,-83,58,None
0,3,3,11,1,5,0,11,-8,0,0,0,1,-83,58,None
0,-9,1,-14,-4,-2,0,-4,31,0,0,0,1,-83,58,None
0,-6,-4,-10,-13,-8,-8,-9,-7,0,0,0,1,-83,58,None
0,14,2,-1,7,5,0,7,-12,0,0,0,1,-83,58,None
0,14,2,-1,7,5,0,7,-12,0,0,0,1,-83,58,None
0,14,2,-1,7,5,0,7,-12,0,0,0,3,-88,60,None
0,-5,11,11,6,0,1,-15,16,0,0,0,3,-88,60,None
0,4,-1,-8,-7,0,-1,-15,-5,0,0,0,3,-88,60,None
0,-7,0,12,16,2,-2,1,9,0,0,0,3,-88,60,None
0,-5,1,-1,-11,0,-3,4,15,0,0,0,3,-88,60,None
0,-5,1,-1,-11,0,-3,4,15,0,0,0,3,-88,60,None
0,-5,1,-1,-11,0,-3,4,15,0,0,0,2,-84,63,None
0,2,-1,-1,-25,-3,1,-1,-17,0,0,0,2,-84,63,None
0,-6,1,-8,9,3,4,7,-13,0,0,0,2,-84,63,None
0,-1,0,3,-6,-1,-6,-1,7,0,0,0,2,-84,63,None
0,1,0,-10,-2,-6,-4,-9,-15,0,0,0,2,-84,63,None
0,1,0,-10,-2,-6,-4,-9,-15,0,0,0,2,-84,63,None
0,1,0,-10,-2,-6,-4,-9,-15,0,0,0,-4,-74,61,None
0,-8,-1,1,10,5,3,7,6,0,0,0,-4,-74,61,None
0,2,1,-1,-8,1,0,-4,-5,0,0,0,-4,-74,61,None
0,5,4,3,1,-1,0,4,-2,0,0,0,-4,-74,61,None
0,-4,-3,-1,4,-5,-4,-11,-1,0,0,0,-4,-74,61,None
0,-4,-3,-1,4,-5,-4,-11,-1,0,0,0,-4,-74,61,None
0,-4,-3,-1,4,-5,-4,-11,-1,0,0,0,-4,-72,60,None
0,-1,0,-2,-5,5,3,5,0,0,0,0,-4,-72,60,None
0,1,1,2,3,2,1,1,1,0,0,0,-4,-72,60,None
0,1,1,-2,4,-1,-1,0,-9,0,0,0,-4,-72,60,None
0,-7,-1,-1,-4,-2,-2,-3,-3,0,0,0,-4,-72,60,None
0,-7,-1,-1,-4,-2,-2,-3,-3,0,0,0,-4,-72,60,None
0,-7,-1,-1,-4,-2,-2,-3,-3,0,0,0,-2,-80,60,None
0,-12,-2,2,0,5,0,-5,5,0,0,0,-2,-80,60,None
0,16,0,-6,-1,-2,-4,-8,-17,0,0,0,-2,-80,60,None
0,-3,4,3,5,1,-1,8,-22,0,0,0,-2,-80,60,None
0,9,1,1,-3,0,1,-3,57,0,0,0,-2,-80,60,None
0,9,1,1,-3,0,1,-3,57,0,0,0,-2,-80,60,None
0,9,1,1,-3,0,1,-3,57,0,0,0,0,-85,60,None
0,11,3,-8,4,2,-2,-7,-14,0,0,0,0,-85,60,None
0,-12,-3,3,1,2,-1,0,-7,0,0,0,0,-85,60,None
0,0,0,-5,-5,2,0,3,2,0,0,0,0,-85,60,None
0,-17,-3,-5,7,-1,-3,-3,-20,0,0,0,0,-85,60,None
0,-17,-3,-5,7,-1,-3,-3,-20,0,0,0,0,-85,60,None
0,-17,-3,-5,7,-1,-3,-3,-20,0,0,0,-1,-84,60,None
0,21,3,-3,2,-1,-1,4,7,0,0,0,-1,-84,60,None
0,-3,1,-2,0,2,-2,-2,-2,0,0,0,-1,-84,60,None
0,-11,0,0,-1,-1,-1,-6,-8,0,0,0,-1,-84,60,None
0,15,-4,-3,-10,0,2,12,5,0,0,0,-1,-84,60,None
0,15,-4,-3,-10,0,2,12,5,0,0,0,-1,-84,60,None
0,15,-4,-3,-10,0,2,12,5,0,0,0,-2,-81,59,None
0,-17,-2,2,0,0,-2,-4,-14,0,0,0,-2,-81,59,None
0,8,3,-3,0,-1,-3,-7,-9,0,0,0,-2,-81,59,None
0,5,-2,2,10,1,-3,-3,6,0,0,0,-2,-81,59,None
0,-10,2,0,-5,1,-1,2,-5,0,0,0,-2,-81,59,None
0,-10,2,0,-5,1,-1,2,-5,0,0,0,-2,-81,59,None
0,-10,2,0,-5,1,-1,2,-5,0,0,0,-4,-80,59,None
0,-14,-5,-4,0,1,-1,-5,0,0,0,0,-4,-80,59,None
0,11,0,1,-3,0,2,7,2,0,0,0,-4,-80,59,None
0,-4,-3,-11,-7,-3,0,-10,-8,0,0,0,-4,-80,59,None
0,29,10,1,-2,0,-2,-1,25,0,0,0,-4,-80,59,None
0,29,10,1,-2,0,-2,-1,25,0,0,0,-4,-80,59,None
0,29,10,1,-2,0,-2,-1,25,0,0,0,-2,-80,59,None
0,-33,-10,-5,-2,0,-4,-3,-17,0,0,0,-2,-80,59,None
0,-16,2,1,7,2,1,1,-2,0,0,0,-2,-80,59,None
0,-2,-5,-10,-2,1,0,2,6,0,0,0,-2,-80,59,None
0,8,5,-1,5,1,-2,-8,-20,0,0,0,-2,-80,59,None
0,8,5,-1,5,1,-2,-8,-20,0,0,0,-2,-80,59,None
0,8,5,-1,5,1,-2,-8,-20,0,0,0,-1,-83,59,None
0,5,1,-3,-10,-1,1,1,6,0,0,0,-1,-83,59,None
0,-2,-1,3,2,1,-1,3,-18,0,0,0,-1,-83,59,None
0,-4,0,1,-1,0,-2,-15,51,0,0,0,-1,-83,59,None
0,-16,-3,-5,-4,-1,-3,-5,-20,0,0,0,-1,-83,59,None
0,-16,-3,-5,-4,-1,-3,-5,-20,0,0,0,-1,-83,59,None
0,-16,-3,-5,-4,-1,-3,-5,-20,0,0,0,-2,-85,61,None
0,11,3,1,8,3,2,5,0,0,0,0,-2,-85,61,None
0,-15,-5,-8,-4,-1,-2,1,11,0,0,0,-2,-85,61,None
0,10,2,2,0,1,-1,-3,-18,0,0,0,-2,-85,61,None
0,-10,0,-4,-8,-1,-1,2,-7,0,0,0,-2,-85,61,None
0,-10,0,-4,-8,-1,-1,2,-7,0,0,0,-2,-85,61,None
0,-10,0,-4,-8,-1,-1,2,-7,0,0,0,-2,-84,60,None
0,10,-2,-4,0,-1,-3,-5,-12,0,0,0,-2,-84,60,None
0,-15,-1,-1,-3,0,2,5,36,0,0,0,-2,-84,60,None
0,17,1,5,2,1,1,-6,-11,0,0,0,-2,-84,60,None
0,-5,3,-2,-4,-2,-2,5,14,0,0,0,-2,-84,60,None
0,-5,3,-2,-4,-2,-2,5,14,0,0,0,-2,-84,60,None
0,-5,3,-2,-4,-2,-2,5,14,0,0,0,-3,-83,60,None
0,12,4,-12,-1,1,-3,1,-39,0,0,0,-3,-83,60,None
0,17,5,2,3,2,0,-1,50,0,0,0,-3,-83,60,None
0,-6,1,2,0,-1,-2,8,-9,0,0,0,-3,-83,60,None
0,-13,-1,-4,-3,0,-3,-8,-13,0,0,0,-3,-83,60,None
0,-13,-1,-4,-3,0,-3,-8,-13,0,0,0,-3,-83,60,None
0,-13,-1,-4,-3,0,-3,-8,-13,0,0,0,-3,-82,59,None
0,7,2,-1,0,0,-1,2,11,0,0,0,-3,-82,59,None
0,3,1,-3,-1,-2,-1,1,-23,0,0,0,-3,-82,59,None
0,-4,2,-2,-1,-1,-2,-2,3,0,0,0,-3,-82,59,None
0,5,-2,-5,-6,0,-2,1,0,0,0,0,-3,-82,59,None
0,5,-2,-5,-6,0,-2,1,0,0,0,0,-3,-82,59,None
0,5,-2,-5,-6,0,-2,1,0,0,0,0,-3,-82,59,None
0,1,0,2,2,2,2,5,10,0,0,0,-3,-82,59,None
0,-4,-2,-2,-1,1,-2,-20,-19,0,0,0,-3,-82,59,None
0,-5,2,-1,-1,1,-1,-1,-3,0,0,0,-3,-82,59,None
0,-6,0,-2,0,0,2,-5,-8,0,0,0,-3,-82,59,None
0,-6,0,-2,0,0,2,-5,-8,0,0,0,-3,-82,59,None
0,-6,0,-2,0,0,2,-5,-8,0,0,0,-4,-82,58,None
0,-2,1,3,2,-1,3,5,5,0,0,0,-4,-82,58,None
0,-2,-2,-2,-2,1,-2,1,-1,0,0,0,-4,-82,58,None
0,2,3,-4,-2,-2,-5,-3,-7,0,0,0,-4,-82,58,None
0,-4,1,-1,-1,0,0,-1,-6,0,0,0,-4,-82,58,None
0,-4,1,-1,-1,0,0,-1,-6,0,0,0,-4,-82,58,None
0,-4,1,-1,-1,0,0,-1,-6,0,0,0,-4,-81,57,None
0,-2,-2,1,1,0,-2,-14,4,0,0,0,-4,-81,57,None
0,1,0,-3,-1,-1,-1,21,-2,0,0,0,-4,-81,57,None
0,-3,0,-1,-1,-1,-1,2,3,0,0,0,-4,-81,57,None
0,-4,-4,-2,-2,2,-1,-9,-18,0,0,0,-4,-81,57,None
0,-4,-4,-2,-2,2,-1,-9,-18,0,0,0,-4,-81,57,None
0,-4,-4,-2,-2,2,-1,-9,-18,0,0,0,-4,-81,56,None
0,-6,1,-2,0,-2,-2,3,12,0,0,0,-4,-81,56,None
0,0,0,-2,-2,1,-1,-26,-11,0,0,0,-4,-81,56,None
0,-3,0,1,0,1,0,6,-7,0,0,0,-4,-81,56,None
0,-4,-2,-3,-2,-4,-5,-8,11,0,0,0,-4,-81,56,None
0,-4,-2,-3,-2,-4,-5,-8,11,0,0,0,-4,-81,56,None
0,-4,-2,-3,-2,-4,-5,-8,11,0,0,0,-3,-82,56,None
0,-5,-1,-3,-2,-1,-2,-12,-32,0,0,0,-3,-82,56,None
0,2,3,3,0,0,2,5,11,0,0,0,-3,-82,56,None
0,14,0,-2,0,1,-2,4,8,0,0,0,-3,-82,56,None
0,-26,-1,-4,-2,2,-1,-10,-13,0,0,0,-3,-82,56,None
0,-26,-1,-4,-2,2,-1,-10,-13,0,0,0,-3,-82,56,None
0,-26,-1,-4,-2,2,-1,-10,-13,0,0,0,-4,-83,56,None
0,-17,-1,0,0,1,2,-1,-28,0,0,0,-4,-83,56,None
0,14,0,0,0,-2,1,6,29,0,0,0,-4,-83,56,None
0,12,4,-2,-1,-1,-4,-13,7,0,0,0,-4,-83,56,None
0,12,3,2,2,4,1,5,-4,0,0,0,-4,-83,56,None
0,12,3,2,2,4,1,5,-4,0,0,0,-4,-83,56,None
0,12,3,2,2,4,1,5,-4,0,0,0,-4,-83,55,None
0,3,1,-1,2,1,0,3,13,0,0,0,-4,-83,55,None
0,-18,-3,-4,-1,0,-2,0,-20,0,0,0,-4,-83,55,None
0,2,4,-4,-1,0,-3,-5,0,0,0,0,-4,-83,55,None
0,-3,-3,-3,0,-2,2,-1,-2,0,0,0,-4,-83,55,None
0,-3,-3,-3,0,-2,2,-1,-2,0,0,0,-4,-83,55,None
0,-3,-3,-3,0,-2,2,-1,-2,0,0,0,-4,-82,55,None
0,0,-1,-4,-1,0,-4,-5,13,0,0,0,-4,-82,55,None
0,4,0,-1,-1,-2,-2,-2,-11,0,0,0,-4,-82,55,None
0,-12,-2,-1,0,0,1,-4,-5,0,0,0,-4,-82,55,None
0,-7,-2,-7,0,-1,1,7,2,0,0,0,-4,-82,55,None
0,-7,-2,-7,0,-1,1,7,2,0,0,0,-4,-82,55,None
0,-7,-2,-7,0,-1,1,7,2,0,0,0,-3,-82,55,None
0,14,1,-2,0,1,-2,3,6,0,0,0,-3,-82,55,None
0,-25,-2,-6,0,0,-4,-14,-18,0,0,0,-3,-82,55,None
0,12,0,-2,0,1,0,11,-1,0,0,0,-3,-82,55,None
0,5,-2,-2,-1,2,-2,-18,-9,0,0,0,-3,-82,55,None
0,5,-2,-2,-1,2,-2,-18,-9,0,0,0,-3,-82,55,None
0,5,-2,-2,-1,2,-2,-18,-9,0,0,0,-4,-82,55,None
0,-13,1,0,0,-1,1,4,4,0,0,0,-4,-82,55,None
0,10,2,-1,-3,-1,-4,3,6,0,0,0,-4,-82,55,None
0,-19,-1,-2,1,0,-1,-7,-20,0,0,0,-4,-82,55,None
0,18,2,-2,0,2,0,8,17,0,0,0,-4,-82,55,None
0,18,2,-2,0,2,0,8,17,0,0,0,-4,-82,55,None
0,18,2,-2,0,2,0,8,17,0,0,0,-3,-83,55,None
0,-3,-2,-1,-2,-1,-1,-14,8,0,0,0,-3,-83,55,None
0,1,2,0,-1,0,0,2,-15,0,0,0,-3,-83,55,None
0,-8,-3,-5,-1,-1,-2,-2,-17,0,0,0,-3,-83,55,None
0,-2,-1,-1,-1,1,0,17,29,0,0,0,-3,-83,55,None
0,-2,-1,-1,-1,1,0,17,29,0,0,0,-3,-83,55,None
0,-2,-1,-1,-1,1,0,17,29,0,0,0,-4,-82,55,None
0,12,5,0,-3,0,-2,-11,-3,0,0,0,-4,-82,55,None
0,-23,-5,-5,-1,1,0,6,-36,0,0,0,-4,-82,55,None
0,-9,1,-2,0,1,-2,-6,21,0,0,0,-4,-82,55,None
0,18,2,-1,0,1,-1,-5,-20,0,0,0,-4,-82,55,None
0,18,2,-1,0,1,-1,-5,-20,0,0,0,-4,-82,55,None
0,18,2,-1,0,1,-1,-5,-20,0,0,0,-5,-83,56,None
0,-6,-2,-2,0,0,-3,-1,-2,0,0,0,-5,-83,56,None
0,8,3,-1,-2,0,-1,6,3,0,0,0,-5,-83,56,None
0,3,-7,-10,-3,-3,-2,-16,-18,0,0,0,-5,-83,56,None
0,-18,-2,-1,-1,-1,-5,-3,-2,0,0,0,-5,-83,56,None
0,-18,-2,-1,-1,-1,-5,-3,-2,0,0,0,-5,-83,56,None
0,-18,-2,-1,-1,-1,-5,-3,-2,0,0,0,-5,-83,57,None
0,3,0,-4,0,-1,-1,2,8,0,0,0,-5,-83,57,None
0,3,2,-2,1,2,2,4,-26,0,0,0,-5,-83,57,None
0,-6,0,0,-1,1,1,-1,22,0,0,0,-5,-83,57,None
0,5,2,-2,-2,-1,-1,-6,1,0,0,0,-5,-83,57,None
0,5,2,-2,-2,-1,-1,-6,1,0,0,0,-5,-83,57,None
0,5,2,-2,-2,-1,-1,-6,1,0,0,0,-5,-83,57,None
0,2,-1,-3,0,0,-2,-2,4,0,0,0,-5,-83,57,None
0,-36,-2,-3,-1,-1,-2,-8,-18,0,0,0,-5,-83,57,None
0,-4,0,0,-1,0,-1,10,-3,0,0,0,-5,-83,57,None
0,2,0,-2,-1,1,-3,-3,-8,0,0,0,-5,-83,57,None
0,2,0,-2,-1,1,-3,-3,-8,0,0,0,-5,-83,57,None
0,2,0,-2,-1,1,-3,-3,-8,0,0,0,-5,-82,57,None
0,-4,2,4,-3,0,-2,5,-1,0,0,0,-5,-82,57,None
0,14,-1,-1,1,1,-2,-13,10,0,0,0,-5,-82,57,None
0,-6,2,0,0,1,-2,2,-4,0,0,0,-5,-82,57,None
0,-6,1,-1,0,-1,-1,-5,0,0,0,0,-5,-82,57,None
0,-6,1,-1,0,-1,-1,-5,0,0,0,0,-5,-82,57,None
0,-6,1,-1,0,-1,-1,-5,0,0,0,0,-5,-82,57,None
0,-4,-2,-3,0,-1,0,6,-2,0,0,0,-5,-82,57,None
0,12,1,-1,-1,0,-2,-4,15,0,0,0,-5,-82,57,None
0,0,4,0,-1,1,0,-1,-1,0,0,0,-5,-82,57,None
0,-5,-2,-3,0,1,2,-4,-3,0,0,0,-5,-82,57,None
0,-5,-2,-3,0,1,2,-4,-3,0,0,0,-5,-82,57,None
0,-5,-2,-3,0,1,2,-4,-3,0,0,0,-5,-81,56,None
0,0,0,-2,-1,0,-2,4,5,0,0,0,-5,-81,56,None
0,1,-1,-3,-1,1,-1,-6,2,0,0,0,-5,-81,56,None
0,3,1,1,0,1,0,7,3,0,0,0,-5,-81,56,None
0,-6,1,-1,-1,-1,-1,-3,-44,0,0,0,-5,-81,56,None
0,-6,1,-1,-1,-1,-1,-3,-44,0,0,0,-5,-81,56,None
0,-6,1,-1,-1,-1,-1,-3,-44,0,0,0,-4,-83,55,None
0,0,-1,-2,1,0,-1,3,29,0,0,0,-4,-83,55,None
0,3,2,-1,-1,0,0,-4,3,0,0,0,-4,-83,55,None
0,-2,1,0,0,1,1,6,-5,0,0,0,-4,-83,55,None
0,-4,0,-4,-1,-1,-3,1,-8,0,0,0,-4,-83,55,None
0,-4,0,-4,-1,-1,-3,1,-8,0,0,0,-4,-83,55,None
0,-4,0,-4,-1,-1,-3,1,-8,0,0,0,-4,-82,54,None
0,-3,-2,-3,0,0,-3,-8,-14,0,0,0,-4,-82,54,None
0,3,2,1,0,2,0,6,15,0,0,0,-4,-82,54,None
0,6,3,-2,-2,-2,-4,-14,-3,0,0,0,-4,-82,54,None
0,-23,-13,-6,-3,-2,-4,4,5,0,0,0,-4,-82,54,None
0,-23,-13,-6,-3,-2,-4,4,5,0,0,0,-4,-82,54,None
0,-23,-13,-6,-3,-2,-4,4,5,0,0,0,-4,-82,54,None
0,-8,-1,-3,-2,2,2,-7,-8,0,0,0,-4,-82,54,None
0,7,0,-1,-1,-1,-3,1,3,0,0,0,-4,-82,54,None
0,0,-1,-2,2,0,-1,-1,-3,0,0,0,-4,-82,54,None
0,4,3,-1,-3,0,2,4,-14,0,0,0,-4,-82,54,None
0,4,3,-1,-3,0,2,4,-14,0,0,0,-4,-82,54,None
0,4,3,-1,-3,0,2,4,-14,0,0,0,-4,-82,54,None
0,-2,1,0,-1,1,0,1,42,0,0,0,-4,-82,54,None
0,3,2,-3,-1,0,-2,1,-4,0,0,0,-4,-82,54,None
0,-13,-6,-3,-1,1,0,-6,-10,0,0,0,-4,-82,54,None
0,7,2,0,2,2,0,-2,-4,0,0,0,-4,-82,54,None
0,7,2,0,2,2,0,-2,-4,0,0,0,-4,-82,54,None
0,7,2,0,2,2,0,-2,-4,0,0,0,-4,-83,54,None
0,1,-1,-3,0,1,1,7,-11,0,0,0,-4,-83,54,None
0,-5,0,-3,-1,-1,-5,-7,0,0,0,0,-4,-83,54,None
0,4,-1,0,0,-1,0,5,6,0,0,0,-4,-83,54,None
0,1,2,-1,-1,0,-3,-12,9,0,0,0,-4,-83,54,None
0,1,2,-1,-1,0,-3,-12,9,0,0,0,-4,-83,54,None
0,1,2,-1,-1,0,-3,-12,9,0,0,0,-4,-83,54,None
0,1,3,1,-1,0,-1,4,-11,0,0,0,-4,-83,54,None
0,1,-1,-2,-1,-1,2,-5,4,0,0,0,-4,-83,54,None
0,-2,2,1,-1,0,0,5,-1,0,0,0,-4,-83,54,None
0,5,2,-2,-2,-1,-2,-2,19,0,0,0,-4,-83,54,None
0,5,2,-2,-2,-1,-2,-2,19,0,0,0,-4,-83,54,None
0,5,2,-2,-2,-1,-2,-2,19,0,0,0,-4,-83,54,None
0,-2,0,-3,0,-2,-4,-5,-11,0,0,0,-4,-83,54,None
0,-1,0,-1,0,1,1,5,-1,0,0,0,-4,-83,54,None
0,-8,0,-2,-1,1,-3,-10,-10,0,0,0,-4,-83,54,None
0,4,-1,-2,0,0,1,8,4,0,0,0,-4,-83,54,None
0,4,-1,-2,0,0,1,8,4,0,0,0,-4,-83,54,None
0,4,-1,-2,0,0,1,8,4,0,0,0,-5,-82,54,None
0,2,1,-3,-2,-1,0,-10,-1,0,0,0,-5,-82,54,None
0,-8,-1,0,-1,1,-1,0,-34,0,0,0,-5,-82,54,None
0,16,2,-3,0,1,-1,3,29,0,0,0,-5,-82,54,None
0,-6,3,0,0,0,0,4,4,0,0,0,-5,-82,54,None
0,-6,3,0,0,0,0,4,4,0,0,0,-5,-82,54,None
0,-6,3,0,0,0,0,4,4,0,0,0,-4,-83,55,None
0,7,1,0,1,0,0,-2,-9,0,0,0,-4,-83,55,None
0,-2,3,-1,-1,1,-3,-4,-15,0,0,0,-4,-83,55,None
0,-4,0,0,0,0,1,1,-8,0,0,0,-4,-83,55,None
0,7,3,1,-1,1,1,0,4,0,0,0,-4,-83,55,None
0,7,3,1,-1,1,1,0,4,0,0,0,-4,-83,55,None
0,7,3,1,-1,1,1,0,4,0,0,0,-4,-83,55,None
0,-14,-5,-8,-3,-1,-4,-1,-2,0,0,0,-4,-83,55,None
0,7,1,-2,-1,-2,-1,-9,8,0,0,0,-4,-83,55,None
0,8,-2,-2,-2,0,-2,10,6,0,0,0,-4,-83,55,None
0,3,0,-3,-2,0,-5,-17,5,0,0,0,-4,-83,55,None
0,3,0,-3,-2,0,-5,-17,5,0,0,0,-4,-83,55,None
0,3,0,-3,-2,0,-5,-17,5,0,0,0,-4,-83,55,None
0,-8,0,-3,-3,1,-1,0,-11,0,0,0,-4,-83,55,None
0,15,0,-1,-1,0,1,0,0,0,0,0,-4,-83,55,None
0,-12,1,-2,-3,-1,-1,-1,-17,0,0,0,-4,-83,55,None
0,-6,-2,-4,-2,0,-1,0,-2,0,0,0,-4,-83,55,None
0,-6,-2,-4,-2,0,-1,0,-2,0,0,0,-4,-83,55,None
0,-6,-2,-4,-2,0,-1,0,-2,0,0,0,-5,-82,55,None
0,5,2,0,-2,-1,-1,-4,-9,0,0,0,-5,-82,55,None
0,-8,-1,-2,-2,1,0,2,10,0,0,0,-5,-82,55,None
0,-8,-1,-2,1,0,-2,-6,1,0,0,0,-5,-82,55,None
0,-1,0,-2,0,3,0,1,-2,0,0,0,-5,-82,55,None
0,-1,0,-2,0,3,0,1,-2,0,0,0,-5,-82,55,None
0,-1,0,-2,0,3,0,1,-2,0,0,0,-5,-82,55,None
0,-4,0,-1,0,3,1,3,5,0,0,0,-5,-82,55,None
