0,-6,-10,-21,-26,-19,-13,-4,9,0,0,0,-8,-81,45,None
0,2,-22,-28,14,43,4,3,5,0,0,0,-8,-81,45,None
0,12,25,-21,-14,-17,13,4,7,0,0,0,-8,-81,45,None
0,12,25,-21,-14,-17,13,4,7,0,0,0,-8,-81,45,None
0,12,25,-21,-14,-17,13,4,7,0,0,0,1,-76,46,None
0,-12,-23,-14,-2,9,-7,-5,-11,0,0,0,1,-76,46,None
0,-1,-5,-24,11,10,-1,0,9,0,0,0,1,-76,46,None
0,-5,-5,60,-31,-33,-1,-2,-18,0,0,0,1,-76,46,None
0,-1,11,74,26,14,-8,-1,5,0,0,0,1,-76,46,None
0,-1,11,74,26,14,-8,-1,5,0,0,0,1,-76,46,None
0,-1,11,74,26,14,-8,-1,5,0,0,0,0,-70,45,None
0,0,-11,-7,-5,8,1,-7,-11,0,0,0,0,-70,45,None
0,5,19,15,9,1,6,4,0,0,0,0,0,-70,45,None
0,-9,-14,-39,-2,-1,-5,-5,-5,0,0,0,0,-70,45,None
0,-6,-14,78,2,3,-3,-4,-6,0,0,0,0,-70,45,None
0,-6,-14,78,2,3,-3,-4,-6,0,0,0,0,-70,45,None
0,-6,-14,78,2,3,-3,-4,-6,0,0,0,1,-74,49,None
0,2,5,-41,-18,-10,-6,0,4,0,0,0,1,-74,49,None
0,9,5,38,7,9,7,4,20,0,0,0,1,-74,49,None
0,-3,-2,13,1,-1,-2,-4,-7,0,0,0,1,-74,49,None
0,8,19,-10,-2,-8,-3,1,6,0,0,0,1,-74,49,None
0,8,19,-10,-2,-8,-3,1,6,0,0,0,1,-74,49,None
0,8,19,-10,-2,-8,-3,1,6,0,0,0,5,-75,52,None
0,-6,-8,0,-4,7,-10,-9,-11,0,0,0,5,-75,52,None
0,-4,7,3,21,16,7,1,0,0,0,0,5,-75,52,None
0,4,0,-22,-15,-5,3,4,5,0,0,0,5,-75,52,None
0,1,4,-18,0,4,0,0,1,0,0,0,5,-75,52,None
0,1,4,-18,0,4,0,0,1,0,0,0,5,-75,52,None
0,1,4,-18,0,4,0,0,1,0,0,0,7,-73,54,None
0,1,8,-10,-8,-4,2,2,-1,0,0,0,7,-73,54,None
0,-3,-4,-24,-1,-7,-7,-3,-6,0,0,0,7,-73,54,None
0,3,10,18,10,0,6,-1,-1,0,0,0,7,-73,54,None
0,-2,-4,8,1,5,-5,-2,0,0,0,0,7,-73,54,None
0,-2,-4,8,1,5,-5,-2,0,0,0,0,7,-73,54,None
0,-2,-4,8,1,5,-5,-2,0,0,0,0,6,-72,53,None
0,-5,0,38,8,-2,-4,-4,-3,0,0,0,6,-72,53,None
0,-2,7,-17,-8,-3,3,2,-4,0,0,0,6,-72,53,None
0,1,-3,-19,0,-2,4,2,1,0,0,0,6,-72,53,None
0,-3,-8,5,0,7,-1,-4,0,0,0,0,6,-72,53,None
0,-3,-8,5,0,7,-1,-4,0,0,0,0,6,-72,53,None
0,-3,-8,5,0,7,-1,-4,0,0,0,0,8,-74,54,None
0,-2,-3,-1,-13,-11,-6,-5,-3,0,0,0,8,-74,54,None
0,0,11,-9,-7,-9,-20,-5,-5,0,0,0,8,-74,54,None
0,2,7,26,13,0,1,0,1,0,0,0,8,-74,54,None
0,2,3,-5,18,12,13,5,2,0,0,0,8,-74,54,None
0,2,3,-5,18,12,13,5,2,0,0,0,8,-74,54,None
0,2,3,-5,18,12,13,5,2,0,0,0,2,-77,57,None
0,0,3,0,-1,2,3,0,-1,0,0,0,2,-77,57,None
0,-3,0,12,5,4,0,-1,-5,0,0,0,2,-77,57,None
0,-2,-2,2,1,1,-2,0,1,0,0,0,2,-77,57,None
0,-2,-2,-5,-3,-9,-9,-3,0,0,0,0,2,-77,57,None
0,-2,-2,-5,-3,-9,-9,-3,0,0,0,0,2,-77,57,None
0,-2,-2,-5,-3,-9,-9,-3,0,0,0,0,-4,-73,57,None
0,-4,-7,-5,-26,-6,-3,-2,-2,0,0,0,-4,-73,57,None
0,-1,7,0,28,16,8,1,-1,0,0,0,-4,-73,57,None
0,-2,-3,-6,22,-1,0,0,-1,0,0,0,-4,-73,57,None
0,0,-2,-9,-32,-12,-5,-8,-4,0,0,0,-4,-73,57,None
0,0,-2,-9,-32,-12,-5,-8,-4,0,0,0,-4,-73,57,None
0,0,-2,-9,-32,-12,-5,-8,-4,0,0,0,-8,-76,56,None
0,0,-1,-1,1,4,-6,2,2,0,0,0,-8,-76,56,None
0,-2,1,5,-26,-10,-15,-5,-2,0,0,0,-8,-76,56,None
0,1,3,8,1,0,10,3,0,0,0,0,-8,-76,56,None
0,0,1,-28,-2,8,11,6,-1,0,0,0,-8,-76,56,None
0,0,1,-28,-2,8,11,6,-1,0,0,0,-8,-76,56,None
0,0,1,-28,-2,8,11,6,-1,0,0,0,-2,-80,60,None
0,-2,3,22,17,4,-2,-3,-2,0,0,0,-2,-80,60,None
0,-2,-2,-21,-23,2,10,1,-1,0,0,0,-2,-80,60,None
0,-2,-4,-5,2,-5,-10,-4,-4,0,0,0,-2,-80,60,None
0,-2,-7,-10,17,1,-10,-3,1,0,0,0,-2,-80,60,None
0,-2,-7,-10,17,1,-10,-3,1,0,0,0,-2,-80,60,None
0,-2,-7,-10,17,1,-10,-3,1,0,0,0,-4,-85,58,None
0,-1,4,19,-12,-9,2,-2,-4,0,0,0,-4,-85,58,None
0,1,1,4,21,5,5,0,-3,0,0,0,-4,-85,58,None
0,-1,6,-8,-22,-2,-5,0,1,0,0,0,-4,-85,58,None
0,-3,4,15,-8,-6,-7,-5,-2,0,0,0,-4,-85,58,None
0,-3,4,15,-8,-6,-7,-5,-2,0,0,0,-4,-85,58,None
0,-3,4,15,-8,-6,-7,-5,-2,0,0,0,-11,-86,58,None
0,0,-1,-4,21,5,0,1,1,0,0,0,-11,-86,58,None
0,-2,4,13,20,2,-3,-6,-4,0,0,0,-11,-86,58,None
0,0,1,-6,-18,0,-3,-1,0,0,0,0,-11,-86,58,None
0,-1,7,7,-7,-7,4,2,-1,0,0,0,-11,-86,58,None
0,-1,7,7,-7,-7,4,2,-1,0,0,0,-11,-86,58,None
0,-1,7,7,-7,-7,4,2,-1,0,0,0,-13,-83,56,None
0,1,3,5,-1,17,12,4,3,0,0,0,-13,-83,56,None
0,-3,-5,-15,-23,-10,-11,-9,-6,0,0,0,-13,-83,56,None
0,-3,-4,6,25,4,-1,-7,-5,0,0,0,-13,-83,56,None
0,1,1,-2,31,12,6,9,4,0,0,0,-13,-83,56,None
0,1,1,-2,31,12,6,9,4,0,0,0,-13,-83,56,None
0,1,1,-2,31,12,6,9,4,0,0,0,-12,-81,55,None
0,-3,-3,-11,-32,-15,-10,-6,-4,0,0,0,-12,-81,55,None
0,0,-1,1,-5,2,3,2,0,0,0,0,-12,-81,55,None
0,-3,0,-6,-62,-9,-5,-4,-3,0,0,0,-12,-81,55,None
0,-6,-3,5,35,-4,-9,-8,-7,0,0,0,-12,-81,55,None
0,-6,-3,5,35,-4,-9,-8,-7,0,0,0,-12,-81,55,None
0,-6,-3,5,35,-4,-9,-8,-7,0,0,0,-14,-82,55,None
0,-1,-1,-5,10,-3,-4,-3,-4,0,0,0,-14,-82,55,None
0,1,2,13,16,6,1,0,0,0,0,0,-14,-82,55,None
0,-1,0,-15,-9,-1,4,1,1,0,0,0,-14,-82,55,None
0,0,1,-21,-27,2,0,-2,0,0,0,0,-14,-82,55,None
0,0,1,-21,-27,2,0,-2,0,0,0,0,-14,-82,55,None
0,0,1,-21,-27,2,0,-2,0,0,0,0,-17,-85,56,None
0,-1,-1,14,36,9,0,-3,-2,0,0,0,-17,-85,56,None
0,-2,1,-10,-9,-13,-8,-5,-3,0,0,0,-17,-85,56,None
0,-3,-9,-12,11,-1,0,3,2,0,0,0,-17,-85,56,None
0,-2,-7,-14,-13,2,2,-2,-1,0,0,0,-17,-85,56,None
0,-2,-7,-14,-13,2,2,-2,-1,0,0,0,-17,-85,56,None
0,-2,-7,-14,-13,2,2,-2,-1,0,0,0,-22,-86,55,None
0,-3,5,7,3,8,3,-1,-2,0,0,0,-22,-86,55,None
0,-2,2,-7,6,-2,-4,-3,-2,0,0,0,-22,-86,55,None
0,0,3,5,-1,2,-2,-1,-2,0,0,0,-22,-86,55,None
0,2,3,0,-3,6,-4,-3,-1,0,0,0,-22,-86,55,None
0,2,3,0,-3,6,-4,-3,-1,0,0,0,-22,-86,55,None
0,2,3,0,-3,6,-4,-3,-1,0,0,0,-27,-85,53,None
0,0,1,-17,-6,-7,2,2,0,0,0,0,-27,-85,53,None
0,-2,4,20,9,21,1,0,-1,0,0,0,-27,-85,53,None
0,1,10,6,-2,-13,3,0,1,0,0,0,-27,-85,53,None
0,-5,-6,-5,-14,3,-6,-3,-4,0,0,0,-27,-85,53,None
0,-5,-6,-5,-14,3,-6,-3,-4,0,0,0,-27,-85,53,None
0,-5,-6,-5,-14,3,-6,-3,-4,0,0,0,-27,-83,53,None
0,-3,-11,-31,-7,-7,-6,-4,-3,0,0,0,-27,-83,53,None
0,0,3,2,-15,-7,0,-3,-1,0,0,0,-27,-83,53,None
0,-1,-5,-5,17,7,-5,0,0,0,0,0,-27,-83,53,None
0,-1,1,5,3,-1,-2,-2,-2,0,0,0,-27,-83,53,None
0,-1,1,5,3,-1,-2,-2,-2,0,0,0,-27,-83,53,None
0,-1,1,5,3,-1,-2,-2,-2,0,0,0,-29,-82,53,None
0,3,15,31,6,3,2,3,2,0,0,0,-29,-82,53,None
0,-3,-3,-5,9,15,5,3,-2,0,0,0,-29,-82,53,None
0,-4,-9,-4,4,5,5,0,-3,0,0,0,-29,-82,53,None
0,0,-2,-23,-14,-6,-3,-3,1,0,0,0,-29,-82,53,None
0,0,-2,-23,-14,-6,-3,-3,1,0,0,0,-29,-82,53,None
0,0,-2,-23,-14,-6,-3,-3,1,0,0,0,-32,-80,52,None
0,-4,-1,10,-2,-3,-4,-5,-9,0,0,0,-32,-80,52,None
0,1,-12,-48,-18,-16,-11,-2,2,0,0,0,-32,-80,52,None
0,-2,15,33,17,9,4,0,-5,0,0,0,-32,-80,52,None
0,-2,2,-15,3,21,5,1,0,0,0,0,-32,-80,52,None
0,-2,2,-15,3,21,5,1,0,0,0,0,-32,-80,52,None
0,-2,2,-15,3,21,5,1,0,0,0,0,-27,-79,52,None
0,2,7,-19,-2,-21,-1,0,1,0,0,0,-27,-79,52,None
0,0,7,-7,-1,4,1,-3,-1,0,0,0,-27,-79,52,None
0,-1,-5,-26,-16,-3,-4,-2,-1,0,0,0,-27,-79,52,None
0,0,-8,16,-1,-5,-1,0,2,0,0,0,-27,-79,52,None
0,0,-8,16,-1,-5,-1,0,2,0,0,0,-27,-79,52,None
0,0,-8,16,-1,-5,-1,0,2,0,0,0,-17,-80,53,None
0,1,4,-56,2,6,0,-2,7,0,0,0,-17,-80,53,None
0,-1,7,12,4,6,5,-1,-5,0,0,0,-17,-80,53,None
0,2,0,9,8,5,4,1,3,0,0,0,-17,-80,53,None
0,4,12,15,-6,-5,-2,2,16,0,0,0,-17,-80,53,None
0,4,12,15,-6,-5,-2,2,16,0,0,0,-17,-80,53,None
0,4,12,15,-6,-5,-2,2,16,0,0,0,-22,-83,52,None
0,-11,-12,-11,2,14,-6,-7,-36,0,0,0,-22,-83,52,None
0,6,-1,-47,-21,-17,4,6,8,0,0,0,-22,-83,52,None
0,1,-15,-12,10,17,2,-2,0,0,0,0,-22,-83,52,None
0,-2,8,-7,-9,-2,-5,-6,-9,0,0,0,-22,-83,52,None
0,-2,8,-7,-9,-2,-5,-6,-9,0,0,0,-22,-83,52,None
0,-2,8,-7,-9,-2,-5,-6,-9,0,0,0,-23,-85,49,None
0,0,-8,0,-9,-3,7,4,7,0,0,0,-23,-85,49,None
0,0,4,37,5,0,-3,-2,-1,0,0,0,-23,-85,49,None
0,0,5,9,4,11,-3,-1,-3,0,0,0,-23,-85,49,None
0,-2,-2,12,-20,-31,-2,-2,-4,0,0,0,-23,-85,49,None
0,-2,-2,12,-20,-31,-2,-2,-4,0,0,0,-23,-85,49,None
0,-2,-2,12,-20,-31,-2,-2,-4,0,0,0,-21,-82,51,None
0,-4,4,34,-7,3,-3,-3,0,0,0,0,-21,-82,51,None
0,0,1,-9,1,1,1,2,12,0,0,0,-21,-82,51,None
0,2,20,41,14,7,-3,-4,-17,0,0,0,-21,-82,51,None
0,4,13,36,27,2,-5,-2,5,0,0,0,-21,-82,51,None
0,4,13,36,27,2,-5,-2,5,0,0,0,-21,-82,51,None
0,4,13,36,27,2,-5,-2,5,0,0,0,-15,-79,53,None
0,-8,-16,6,-14,4,3,-2,-4,0,0,0,-15,-79,53,None
0,-8,-14,-20,-4,-3,-6,-6,-10,0,0,0,-15,-79,53,None
0,-1,1,-19,5,5,-2,0,3,0,0,0,-15,-79,53,None
0,-6,-3,34,-7,-7,0,-3,-11,0,0,0,-15,-79,53,None
0,-6,-3,34,-7,-7,0,-3,-11,0,0,0,-15,-79,53,None
0,-6,-3,34,-7,-7,0,-3,-11,0,0,0,-14,-81,53,None
0,17,19,49,26,-1,-4,5,18,0,0,0,-14,-81,53,None
0,-4,-7,35,1,19,5,-1,-4,0,0,0,-14,-81,53,None
0,3,-17,-52,-24,-27,-9,-1,22,0,0,0,-14,-81,53,None
0,-11,-6,-19,3,-12,-5,-9,-39,0,0,0,-14,-81,53,None
0,-11,-6,-19,3,-12,-5,-9,-39,0,0,0,-14,-81,53,None
0,-11,-6,-19,3,-12,-5,-9,-39,0,0,0,-17,-84,51,None
0,-7,-14,-48,-34,2,8,1,2,0,0,0,-17,-84,51,None
0,-9,-1,-4,13,-3,-11,-9,-20,0,0,0,-17,-84,51,None
0,5,14,-16,-2,-5,-1,3,14,0,0,0,-17,-84,51,None
0,-1,-14,-3,-4,2,-5,0,16,0,0,0,-17,-84,51,None
0,-1,-14,-3,-4,2,-5,0,16,0,0,0,-17,-84,51,None
0,-1,-14,-3,-4,2,-5,0,16,0,0,0,-13,-84,51,None
0,-4,5,-35,-7,-13,-14,-9,-18,0,0,0,-13,-84,51,None
0,5,2,19,5,-3,2,1,12,0,0,0,-13,-84,51,None
0,-6,-5,-11,-9,-1,-4,-6,-10,0,0,0,-13,-84,51,None
0,3,3,-18,-4,0,8,4,8,0,0,0,-13,-84,51,None
0,3,3,-18,-4,0,8,4,8,0,0,0,-13,-84,51,None
0,3,3,-18,-4,0,8,4,8,0,0,0,-6,-79,53,None
0,4,2,11,5,4,0,2,4,0,0,0,-6,-79,53,None
0,-1,4,-41,-3,6,5,1,1,0,0,0,-6,-79,53,None
0,-4,4,81,1,-19,-10,-5,-10,0,0,0,-6,-79,53,None
0,-6,-12,19,6,21,6,1,0,0,0,0,-6,-79,53,None
0,-6,-12,19,6,21,6,1,0,0,0,0,-6,-79,53,None
0,-6,-12,19,6,21,6,1,0,0,0,0,2,-79,56,None
0,-5,-6,21,-2,-4,-6,-6,-3,0,0,0,2,-79,56,None
0,-4,-2,10,-1,-2,-4,2,-2,0,0,0,2,-79,56,None
0,1,5,-14,-2,-2,-4,-5,-1,0,0,0,2,-79,56,None
0,2,6,-7,0,-5,1,1,-2,0,0,0,2,-79,56,None
0,2,6,-7,0,-5,1,1,-2,0,0,0,2,-79,56,None
0,2,6,-7,0,-5,1,1,-2,0,0,0,7,-82,57,None
0,-1,1,4,6,11,15,5,1,0,0,0,7,-82,57,None
0,1,0,-42,2,-1,-2,-3,-1,0,0,0,7,-82,57,None
0,-6,-2,4,-3,3,-5,-8,-12,0,0,0,7,-82,57,None
0,-1,-1,-13,-6,-9,-12,0,2,0,0,0,7,-82,57,None
0,-1,-1,-13,-6,-9,-12,0,2,0,0,0,7,-82,57,None
0,-1,-1,-13,-6,-9,-12,0,2,0,0,0,15,-80,60,None
0,0,0,-9,-1,-7,-24,-8,2,0,0,0,15,-80,60,None
0,1,11,-3,-2,-5,5,2,-2,0,0,0,15,-80,60,None
0,2,19,16,7,8,12,7,1,0,0,0,15,-80,60,None
0,-1,-7,-34,-9,6,1,-6,-2,0,0,0,15,-80,60,None
0,-1,-7,-34,-9,6,1,-6,-2,0,0,0,15,-80,60,None
0,-1,-7,-34,-9,6,1,-6,-2,0,0,0,7,-78,59,None
0,0,2,-12,1,4,-4,1,3,0,0,0,7,-78,59,None
0,-1,-2,30,1,-15,5,0,-4,0,0,0,7,-78,59,None
0,-1,1,-17,-16,17,10,2,-1,0,0,0,7,-78,59,None
0,-1,1,-1,28,4,-5,-5,-1,0,0,0,7,-78,59,None
0,-1,1,-1,28,4,-5,-5,-1,0,0,0,7,-78,59,None
0,-1,1,-1,28,4,-5,-5,-1,0,0,0,-8,-79,59,None
0,1,3,11,3,-7,-7,-8,-3,0,0,0,-8,-79,59,None
0,0,2,-3,-11,2,5,5,3,0,0,0,-8,-79,59,None
0,0,-7,-10,6,0,-1,5,7,0,0,0,-8,-79,59,None
0,-5,1,-13,-18,7,3,-13,-9,0,0,0,-8,-79,59,None
0,-5,1,-13,-18,7,3,-13,-9,0,0,0,-8,-79,59,None
0,-5,1,-13,-18,7,3,-13,-9,0,0,0,-3,-83,60,None
0,-1,0,-9,-4,-2,-10,-9,1,0,0,0,-3,-83,60,None
0,-1,-1,11,3,-2,-7,-7,-15,0,0,0,-3,-83,60,None
0,-2,-1,-12,-11,-11,-11,-2,2,0,0,0,-3,-83,60,None
0,4,5,10,17,18,24,10,1,0,0,0,-3,-83,60,None
0,4,5,10,17,18,24,10,1,0,0,0,-3,-83,60,None
0,4,5,10,17,18,24,10,1,0,0,0,-1,-84,61,None
0,-5,-4,-3,6,0,1,7,2,0,0,0,-1,-84,61,None
0,-2,1,8,-1,3,-4,1,0,0,0,0,-1,-84,61,None
0,-2,-6,-6,5,8,6,-2,-5,0,0,0,-1,-84,61,None
0,0,1,-6,-20,-16,-14,-6,-4,0,0,0,-1,-84,61,None
0,0,1,-6,-20,-16,-14,-6,-4,0,0,0,-1,-84,61,None
0,0,1,-6,-20,-16,-14,-6,-4,0,0,0,-1,-82,58,None
0,3,6,-10,-15,22,31,15,10,0,0,0,-1,-82,58,None
0,-6,-7,11,23,-16,-16,-21,-5,0,0,0,-1,-82,58,None
0,-3,-2,-5,-37,-19,-27,-12,-12,0,0,0,-1,-82,58,None
0,0,1,-7,-32,-8,-7,-3,1,0,0,0,-1,-82,58,None
0,0,1,-7,-32,-8,-7,-3,1,0,0,0,-1,-82,58,None
0,0,1,-7,-32,-8,-7,-3,1,0,0,0,-1,-81,56,None
0,1,8,20,53,9,10,6,-1,0,0,0,-1,-81,56,None
0,-3,-8,-7,-16,4,3,0,-1,0,0,0,-1,-81,56,None
0,1,3,8,12,4,-2,-7,-2,0,0,0,-1,-81,56,None
0,-3,-1,-5,1,-7,-1,4,0,0,0,0,-1,-81,56,None
0,-3,-1,-5,1,-7,-1,4,0,0,0,0,-1,-81,56,None
0,-3,-1,-5,1,-7,-1,4,0,0,0,0,-6,-82,55,None
0,0,0,-10,-5,6,5,-1,-2,0,0,0,-6,-82,55,None
0,0,0,2,-12,-4,-6,-1,1,0,0,0,-6,-82,55,None
0,-2,3,-11,5,8,10,1,-1,0,0,0,-6,-82,55,None
0,3,5,2,-3,2,-8,0,1,0,0,0,-6,-82,55,None
0,3,5,2,-3,2,-8,0,1,0,0,0,-6,-82,55,None
0,3,5,2,-3,2,-8,0,1,0,0,0,-9,-84,53,None
0,-4,-2,0,35,8,2,-7,-5,0,0,0,-9,-84,53,None
0,-1,-2,-1,-14,-7,0,2,1,0,0,0,-9,-84,53,None
0,-3,-6,-5,14,6,5,6,3,0,0,0,-9,-84,53,None
0,0,3,-7,-8,0,-3,-6,-1,0,0,0,-9,-84,53,None
0,0,3,-7,-8,0,-3,-6,-1,0,0,0,-9,-84,53,None
0,0,3,-7,-8,0,-3,-6,-1,0,0,0,-7,-85,51,None
0,-3,-2,-6,9,-6,-13,-8,-6,0,0,0,-7,-85,51,None
0,-1,2,7,-4,7,4,3,0,0,0,0,-7,-85,51,None
0,-1,0,-4,-19,-7,-2,-3,-5,0,0,0,-7,-85,51,None
0,-2,4,0,25,1,-1,3,0,0,0,0,-7,-85,51,None
0,-2,4,0,25,1,-1,3,0,0,0,0,-7,-85,51,None
0,-2,4,0,25,1,-1,3,0,0,0,0,-9,-84,50,None
0,-3,-5,-5,-25,-11,-9,-6,-5,0,0,0,-9,-84,50,None
0,2,9,5,7,12,5,2,-1,0,0,0,-9,-84,50,None
0,-2,-5,-18,-1,-4,-3,-2,-2,0,0,0,-9,-84,50,None
0,-1,-2,3,0,-3,-6,-5,-2,0,0,0,-9,-84,50,None
0,-1,-2,3,0,-3,-6,-5,-2,0,0,0,-9,-84,50,None
0,-1,-2,3,0,-3,-6,-5,-2,0,0,0,-12,-80,51,None
0,-1,-6,-17,-22,-4,-1,0,0,0,0,0,-12,-80,51,None
0,3,3,-7,-3,-1,-3,-1,2,0,0,0,-12,-80,51,None
0,-2,0,6,27,4,-2,-4,-2,0,0,0,-12,-80,51,None
0,-3,-3,-6,-9,6,6,0,-2,0,0,0,-12,-80,51,None
0,-3,-3,-6,-9,6,6,0,-2,0,0,0,-12,-80,51,None
0,-3,-3,-6,-9,6,6,0,-2,0,0,0,-13,-77,50,None
0,-1,2,-1,-8,-2,-2,-2,-1,0,0,0,-13,-77,50,None
0,0,1,1,18,-6,-8,-2,-1,0,0,0,-13,-77,50,None
0,1,6,-3,-4,8,1,0,-1,0,0,0,-13,-77,50,None
0,-1,-4,19,13,-3,1,2,0,0,0,0,-13,-77,50,None
0,-1,-4,19,13,-3,1,2,0,0,0,0,-13,-77,50,None
0,-1,-4,19,13,-3,1,2,0,0,0,0,-19,-80,46,None
0,-1,0,-7,-22,-10,-11,-3,-2,0,0,0,-19,-80,46,None
0,-4,-4,-4,1,17,12,0,-3,0,0,0,-19,-80,46,None
0,3,10,4,5,-3,4,3,2,0,0,0,-19,-80,46,None
0,-7,-14,-13,0,6,-1,-1,-3,0,0,0,-19,-80,46,None
0,-7,-14,-13,0,6,-1,-1,-3,0,0,0,-19,-80,46,None
0,-7,-14,-13,0,6,-1,-1,-3,0,0,0,-20,-84,46,None
0,-2,2,-4,-2,0,-3,-3,-1,0,0,0,-20,-84,46,None
0,0,-2,3,-2,-5,-6,-3,-2,0,0,0,-20,-84,46,None
0,-2,-3,0,1,-1,-1,-2,-2,0,0,0,-20,-84,46,None
0,2,5,-6,5,4,1,1,0,0,0,0,-20,-84,46,None
0,2,5,-6,5,4,1,1,0,0,0,0,-20,-84,46,None
0,2,5,-6,5,4,1,1,0,0,0,0,-22,-80,45,None
0,-2,1,4,-3,-3,-1,2,-1,0,0,0,-22,-80,45,None
0,-1,-2,-4,-2,4,1,0,1,0,0,0,-22,-80,45,None
0,-3,0,3,2,-9,-1,-4,-2,0,0,0,-22,-80,45,None
0,0,0,2,-1,2,-7,-5,-2,0,0,0,-22,-80,45,None
0,0,0,2,-1,2,-7,-5,-2,0,0,0,-22,-80,45,None
0,0,0,2,-1,2,-7,-5,-2,0,0,0,-19,-77,46,None
0,-1,6,-2,1,4,3,0,-1,0,0,0,-19,-77,46,None
0,-4,-3,1,-1,-7,-3,-1,-1,0,0,0,-19,-77,46,None
0,-2,-4,-5,3,8,1,-3,-2,0,0,0,-19,-77,46,None
0,0,8,-2,5,3,-5,-2,-2,0,0,0,-19,-77,46,None
0,0,8,-2,5,3,-5,-2,-2,0,0,0,-19,-77,46,None
0,0,8,-2,5,3,-5,-2,-2,0,0,0,-15,-77,47,None
0,1,-1,3,-24,-19,1,0,0,0,0,0,-15,-77,47,None
0,-1,3,-13,-4,-1,-5,-2,-1,0,0,0,-15,-77,47,None
0,-5,-6,4,-1,-9,-8,-4,-3,0,0,0,-15,-77,47,None
0,-1,2,0,4,8,1,1,-1,0,0,0,-15,-77,47,None
0,-1,2,0,4,8,1,1,-1,0,0,0,-15,-77,47,None
0,-1,2,0,4,8,1,1,-1,0,0,0,-14,-77,47,None
0,-2,1,-7,4,3,-3,-3,-3,0,0,0,-14,-77,47,None
0,-1,0,2,-1,-2,-3,-4,-2,0,0,0,-14,-77,47,None
0,-1,-4,2,-8,-4,-2,-2,-3,0,0,0,-14,-77,47,None
0,0,3,-5,-1,-3,0,0,0,0,0,0,-14,-77,47,None
0,0,3,-5,-1,-3,0,0,0,0,0,0,-14,-77,47,None
0,0,3,-5,-1,-3,0,0,0,0,0,0,-10,-78,46,None
0,-1,1,-3,1,3,2,-1,-1,0,0,0,-10,-78,46,None
0,0,3,0,-1,1,-1,-2,-1,0,0,0,-10,-78,46,None
0,-2,0,-2,1,5,4,0,0,0,0,0,-10,-78,46,None
0,-1,-1,-7,-4,0,-4,-3,1,0,0,0,-10,-78,46,None
0,-1,-1,-7,-4,0,-4,-3,1,0,0,0,-10,-78,46,None
0,-1,-1,-7,-4,0,-4,-3,1,0,0,0,-3,-81,44,None
0,-1,-2,8,5,-3,-1,-2,-1,0,0,0,-3,-81,44,None
0,1,3,-5,4,14,5,2,0,0,0,0,-3,-81,44,None
0,0,-2,-16,-9,-2,-2,1,-1,0,0,0,-3,-81,44,None
0,-4,3,0,-4,-6,-1,-4,-3,0,0,0,-3,-81,44,None
0,-4,3,0,-4,-6,-1,-4,-3,0,0,0,-3,-81,44,None
0,-4,3,0,-4,-6,-1,-4,-3,0,0,0,0,-82,43,None
0,0,-3,5,5,1,-6,-2,-1,0,0,0,0,-82,43,None
0,-1,2,3,-8,3,5,2,-1,0,0,0,0,-82,43,None
0,-1,1,0,4,-4,0,-5,-3,0,0,0,0,-82,43,None
0,-1,2,-4,-8,0,1,4,1,0,0,0,0,-82,43,None
0,-1,2,-4,-8,0,1,4,1,0,0,0,0,-82,43,None
0,-1,2,-4,-8,0,1,4,1,0,0,0,2,-81,44,None
0,-2,1,-3,2,1,-5,0,-3,0,0,0,2,-81,44,None
0,-4,-4,-3,2,8,4,-1,1,0,0,0,2,-81,44,None
0,0,6,-3,0,-3,-4,-3,-3,0,0,0,2,-81,44,None
0,-4,-2,-1,0,0,1,-2,-1,0,0,0,2,-81,44,None
0,-4,-2,-1,0,0,1,-2,-1,0,0,0,2,-81,44,None
0,-4,-2,-1,0,0,1,-2,-1,0,0,0,4,-78,44,None
0,-3,-1,-5,-1,-2,-3,-1,-2,0,0,0,4,-78,44,None
0,-1,2,0,-4,-3,-1,-1,1,0,0,0,4,-78,44,None
0,-2,-2,2,4,4,1,-1,-1,0,0,0,4,-78,44,None
0,3,4,0,2,1,-1,-1,0,0,0,0,4,-78,44,None
0,3,4,0,2,1,-1,-1,0,0,0,0,4,-78,44,None
0,3,4,0,2,1,-1,-1,0,0,0,0,6,-79,44,None
0,0,-1,-3,3,5,0,-3,2,0,0,0,6,-79,44,None
0,-4,-2,-3,-3,-2,-1,-1,-9,0,0,0,6,-79,44,None
0,-1,1,-3,-3,1,0,0,-1,0,0,0,6,-79,44,None
0,0,-2,-5,1,-4,-6,-3,-4,0,0,0,6,-79,44,None
0,0,-2,-5,1,-4,-6,-3,-4,0,0,0,6,-79,44,None
0,0,-2,-5,1,-4,-6,-3,-4,0,0,0,8,-82,44,None
0,2,1,-3,-4,3,-1,-3,0,0,0,0,8,-82,44,None
0,0,4,1,-2,-1,-5,-3,-3,0,0,0,8,-82,44,None
0,-4,-2,-6,-1,-4,-5,-4,-3,0,0,0,8,-82,44,None
0,0,-2,-2,-1,7,4,3,3,0,0,0,8,-82,44,None
0,0,-2,-2,-1,7,4,3,3,0,0,0,8,-82,44,None
0,0,-2,-2,-1,7,4,3,3,0,0,0,11,-83,45,None
0,0,0,-1,0,2,0,-2,-2,0,0,0,11,-83,45,None
0,-2,-1,-1,0,-6,-7,-4,-3,0,0,0,11,-83,45,None
0,-3,1,-1,-1,1,1,0,-2,0,0,0,11,-83,45,None
0,0,4,1,1,3,-1,-2,-1,0,0,0,11,-83,45,None
0,0,4,1,1,3,-1,-2,-1,0,0,0,11,-83,45,None
0,0,4,1,1,3,-1,-2,-1,0,0,0,10,-86,47,None
0,-1,0,-1,-2,2,5,0,0,0,0,0,10,-86,47,None
0,-1,4,-4,-1,1,-3,-3,-1,0,0,0,10,-86,47,None
0,1,1,-1,2,1,4,3,2,0,0,0,10,-86,47,None
0,-2,1,1,-1,1,3,0,-3,0,0,0,10,-86,47,None
0,-2,1,1,-1,1,3,0,-3,0,0,0,10,-86,47,None
0,-2,1,1,-1,1,3,0,-3,0,0,0,8,-90,48,None
0,1,-5,-3,-1,0,-3,-1,-2,0,0,0,8,-90,48,None
0,-2,-2,-4,-1,-6,-8,-5,-2,0,0,0,8,-90,48,None
0,-1,0,0,1,5,0,1,0,0,0,0,8,-90,48,None
0,-1,0,-4,0,-2,-2,-3,-3,0,0,0,8,-90,48,None
0,-1,0,-4,0,-2,-2,-3,-3,0,0,0,8,-90,48,None
0,-1,0,-4,0,-2,-2,-3,-3,0,0,0,5,-91,49,None
0,-1,2,-3,-4,2,5,0,0,0,0,0,5,-91,49,None
0,-1,0,0,-4,-5,-3,1,1,0,0,0,5,-91,49,None
0,0,1,-1,1,0,1,0,0,0,0,0,5,-91,49,None
0,-1,-4,-6,-3,-3,-5,-5,1,0,0,0,5,-91,49,None
0,-1,-4,-6,-3,-3,-5,-5,1,0,0,0,5,-91,49,None
0,-1,-4,-6,-3,-3,-5,-5,1,0,0,0,6,-94,49,None
0,-2,1,0,9,13,0,-2,-6,0,0,0,6,-94,49,None
0,0,-1,-2,-3,-5,2,-2,-3,0,0,0,6,-94,49,None
0,-7,2,-6,-4,1,-5,-4,-5,0,0,0,6,-94,49,None
0,-2,1,-1,0,-2,1,5,2,0,0,0,6,-94,49,None
0,-2,1,-1,0,-2,1,5,2,0,0,0,6,-94,49,None
0,-2,1,-1,0,-2,1,5,2,0,0,0,6,-94,48,None
0,-3,0,-2,-5,-2,-2,-3,-1,0,0,0,6,-94,48,None
0,1,-1,-4,5,4,-3,-2,1,0,0,0,6,-94,48,None
0,-1,0,2,2,2,1,1,-2,0,0,0,6,-94,48,None
0,2,1,-1,-1,1,2,-2,1,0,0,0,6,-94,48,None
0,2,1,-1,-1,1,2,-2,1,0,0,0,6,-94,48,None
0,2,1,-1,-1,1,2,-2,1,0,0,0,8,-95,47,None
0,-6,1,-3,-1,-3,-6,-1,-5,0,0,0,8,-95,47,None
0,0,1,-2,-1,0,0,0,-1,0,0,0,8,-95,47,None
0,-1,-5,-3,-3,-2,-4,-3,-2,0,0,0,8,-95,47,None
0,0,1,-1,0,0,-2,-2,-2,0,0,0,8,-95,47,None
0,0,1,-1,0,0,-2,-2,-2,0,0,0,8,-95,47,None
0,0,1,-1,0,0,-2,-2,-2,0,0,0,10,-94,48,None
0,0,-2,-3,-3,-2,-2,-1,0,0,0,0,10,-94,48,None
0,-1,3,-1,-1,-3,-2,-1,0,0,0,0,10,-94,48,None
0,-1,3,-1,-1,-3,-2,-1,0,0,0,0,10,-94,48,None
0,-1,3,-1,-1,-3,-2,-1,0,0,0,0,11,-94,47,None
0,-1,-1,-1,0,1,1,-1,-3,0,0,0,11,-94,47,None
0,-2,-1,-4,3,7,2,3,-1,0,0,0,11,-94,47,None
0,0,2,-3,-3,-5,-4,2,-1,0,0,0,11,-94,47,None
0,-2,-2,-1,-3,2,-1,-6,-3,0,0,0,11,-94,47,None
0,-2,-2,-1,-3,2,-1,-6,-3,0,0,0,11,-94,47,None
0,-2,-2,-1,-3,2,-1,-6,-3,0,0,0,12,-94,46,None
0,0,0,-2,1,0,-3,-2,-1,0,0,0,12,-94,46,None
0,-1,1,-2,-7,-9,-2,-4,-4,0,0,0,12,-94,46,None
0,0,-1,-1,-1,1,-1,-2,-1,0,0,0,12,-94,46,None
0,-3,2,-1,-3,-2,1,3,0,0,0,0,12,-94,46,None
0,-3,2,-1,-3,-2,1,3,0,0,0,0,12,-94,46,None
0,-3,2,-1,-3,-2,1,3,0,0,0,0,15,-98,47,None
0,1,-2,-4,2,1,-4,-5,-2,0,0,0,15,-98,47,None
0,-2,2,-3,0,-1,-1,-4,-4,0,0,0,15,-98,47,None
0,-1,-3,-1,-2,-3,-2,7,6,0,0,0,15,-98,47,None
0,0,-2,-8,1,2,-2,1,1,0,0,0,15,-98,47,None
0,0,-2,-8,1,2,-2,1,1,0,0,0,15,-98,47,None
0,0,-2,-8,1,2,-2,1,1,0,0,0,18,-100,46,None
0,0,-3,11,4,7,5,-5,-3,0,0,0,18,-100,46,None
0,-8,-4,-9,-1,-1,-2,-1,-4,0,0,0,18,-100,46,None
0,1,3,-1,-2,0,0,-2,-1,0,0,0,18,-100,46,None
0,0,1,-2,1,0,-4,-8,-3,0,0,0,18,-100,46,None
0,0,1,-2,1,0,-4,-8,-3,0,0,0,18,-100,46,None
0,0,1,-2,1,0,-4,-8,-3,0,0,0,18,-99,45,None
0,1,3,-5,-3,0,1,0,0,0,0,0,18,-99,45,None
0,-1,0,0,0,-3,-3,-2,0,0,0,0,18,-99,45,None
0,-3,1,-1,1,1,0,-1,-3,0,0,0,18,-99,45,None
0,1,-2,-1,-5,-1,0,1,0,0,0,0,18,-99,45,None
0,1,-2,-1,-5,-1,0,1,0,0,0,0,18,-99,45,None
0,1,-2,-1,-5,-1,0,1,0,0,0,0,17,-92,43,None
0,-3,5,1,0,-1,0,0,-2,0,0,0,17,-92,43,None
0,1,-6,2,0,1,0,-2,-1,0,0,0,17,-92,43,None
0,-3,0,-6,1,0,-2,-3,-2,0,0,0,17,-92,43,None
0,0,0,3,1,1,-1,-3,-3,0,0,0,17,-92,43,None
0,0,0,3,1,1,-1,-3,-3,0,0,0,17,-92,43,None
0,0,0,3,1,1,-1,-3,-3,0,0,0,15,-87,41,None
0,1,0,-4,-2,0,-5,-1,0,0,0,0,15,-87,41,None
0,-2,3,-2,0,-4,-2,1,1,0,0,0,15,-87,41,None
0,-1,5,0,2,11,9,1,-1,0,0,0,15,-87,41,None
0,-2,-3,-2,0,3,2,1,-4,0,0,0,15,-87,41,None
0,-2,-3,-2,0,3,2,1,-4,0,0,0,15,-87,41,None
0,-2,-3,-2,0,3,2,1,-4,0,0,0,17,-87,39,None
0,1,0,-5,-3,-3,-3,-3,-1,0,0,0,17,-87,39,None
0,-2,0,-2,0,0,-5,-1,1,0,0,0,17,-87,39,None
0,1,0,-1,-2,-5,-4,-6,-5,0,0,0,17,-87,39,None
0,-2,2,-1,0,3,3,1,0,0,0,0,17,-87,39,None
0,-2,2,-1,0,3,3,1,0,0,0,0,17,-87,39,None
0,-2,2,-1,0,3,3,1,0,0,0,0,19,-90,40,None
0,-2,-1,-5,-1,0,-1,-2,-2,0,0,0,19,-90,40,None
0,0,2,0,-1,0,-3,-3,-2,0,0,0,19,-90,40,None
0,-1,0,-1,-2,-4,-2,-4,-3,0,0,0,19,-90,40,None
0,-3,0,-3,0,4,2,-2,0,0,0,0,19,-90,40,None
0,-3,0,-3,0,4,2,-2,0,0,0,0,19,-90,40,None
0,-3,0,-3,0,4,2,-2,0,0,0,0,21,-92,42,None
0,-2,0,-3,-1,0,-4,2,0,0,0,0,21,-92,42,None
0,-2,-3,-3,1,2,3,-1,-1,0,0,0,21,-92,42,None
0,-2,0,-4,-1,-1,-4,-2,-2,0,0,0,21,-92,42,None
0,0,-1,0,-1,-3,-2,-1,-2,0,0,0,21,-92,42,None
0,0,-1,0,-1,-3,-2,-1,-2,0,0,0,21,-92,42,None
0,0,-1,0,-1,-3,-2,-1,-2,0,0,0,23,-91,44,None
0,-3,2,0,-2,-1,-1,-4,-1,0,0,0,23,-91,44,None
0,2,2,-1,-2,0,-3,-3,-2,0,0,0,23,-91,44,None
0,0,-2,-1,-2,2,-3,-3,-3,0,0,0,23,-91,44,None
0,0,2,-3,-1,-1,0,-2,0,0,0,0,23,-91,44,None
0,0,2,-3,-1,-1,0,-2,0,0,0,0,23,-91,44,None
0,0,2,-3,-1,-1,0,-2,0,0,0,0,22,-91,46,None
0,-2,-4,-3,0,1,2,5,1,0,0,0,22,-91,46,None
0,0,2,-2,0,3,4,-2,-1,0,0,0,22,-91,46,None
0,-2,1,-4,-2,-1,-3,-2,-1,0,0,0,22,-91,46,None
0,-2,-1,0,-2,0,-4,-3,-5,0,0,0,22,-91,46,None
0,-2,-1,0,-2,0,-4,-3,-5,0,0,0,22,-91,46,None
0,-2,-1,0,-2,0,-4,-3,-5,0,0,0,21,-90,43,None
0,0,0,-3,-1,1,0,1,0,0,0,0,21,-90,43,None
0,-1,-3,0,0,1,-3,-2,-1,0,0,0,21,-90,43,None
0,-1,0,1,1,-4,0,-3,-4,0,0,0,21,-90,43,None
0,-1,0,-2,0,12,4,-1,-1,0,0,0,21,-90,43,None
0,-1,0,-2,0,12,4,-1,-1,0,0,0,21,-90,43,None
0,-1,0,-2,0,12,4,-1,-1,0,0,0,23,-89,41,None
0,1,1,-1,-2,-1,-5,-1,-1,0,0,0,23,-89,41,None
0,-1,1,0,1,5,8,2,0,0,0,0,23,-89,41,None
0,-1,0,0,1,0,-1,-1,-1,0,0,0,23,-89,41,None
0,-1,-1,-3,-1,-6,-4,-2,0,0,0,0,23,-89,41,None
0,-1,-1,-3,-1,-6,-4,-2,0,0,0,0,23,-89,41,None
0,-1,-1,-3,-1,-6,-4,-2,0,0,0,0,23,-89,37,None
0,0,-1,-1,-1,-1,-3,-4,-1,0,0,0,23,-89,37,None
0,-1,4,-1,-2,-1,-5,-5,-4,0,0,0,23,-89,37,None
0,-2,0,-1,-3,0,-2,-1,-1,0,0,0,23,-89,37,None
0,-1,0,-1,1,-1,2,-1,-1,0,0,0,23,-89,37,None
0,-1,0,-1,1,-1,2,-1,-1,0,0,0,23,-89,37,None
0,-1,0,-1,1,-1,2,-1,-1,0,0,0,21,-90,36,None
0,-1,0,-3,-1,2,1,-2,-2,0,0,0,21,-90,36,None
0,-1,1,-3,0,-3,-3,-4,-4,0,0,0,21,-90,36,None
0,-3,-1,-2,-1,0,-2,1,-1,0,0,0,21,-90,36,None
0,-2,0,-2,-1,-2,-3,-1,-1,0,0,0,21,-90,36,None
0,-2,0,-2,-1,-2,-3,-1,-1,0,0,0,21,-90,36,None
0,-2,0,-2,-1,-2,-3,-1,-1,0,0,0,20,-88,36,None
0,-1,-2,-3,0,0,-1,-1,-1,0,0,0,20,-88,36,None
0,-1,1,-2,0,0,-3,-3,-1,0,0,0,20,-88,36,None
0,0,0,-3,0,4,5,1,0,0,0,0,20,-88,36,None
0,-2,1,1,0,3,1,0,-3,0,0,0,20,-88,36,None
0,-2,1,1,0,3,1,0,-3,0,0,0,20,-88,36,None
0,-2,1,1,0,3,1,0,-3,0,0,0,19,-89,36,None
0,-1,0,-2,0,-3,-2,-4,-1,0,0,0,19,-89,36,None
0,-2,-1,-2,-1,-1,-4,-1,0,0,0,0,19,-89,36,None
0,-1,-1,-3,-1,0,-3,-4,-1,0,0,0,19,-89,36,None
0,-2,-1,-2,1,-3,-6,-1,-1,0,0,0,19,-89,36,None
0,-2,-1,-2,1,-3,-6,-1,-1,0,0,0,19,-89,36,None
0,-2,-1,-2,1,-3,-6,-1,-1,0,0,0,20,-90,36,None
0,-1,1,-1,0,3,1,-1,-3,0,0,0,20,-90,36,None
0,0,0,-3,-2,-2,-3,-1,-2,0,0,0,20,-90,36,None
0,0,0,-1,0,1,3,-1,0,0,0,0,20,-90,36,None
0,-1,0,-4,1,0,-2,-3,-3,0,0,0,20,-90,36,None
0,-1,0,-4,1,0,-2,-3,-3,0,0,0,20,-90,36,None
0,-1,0,-4,1,0,-2,-3,-3,0,0,0,20,-91,37,None
0,-2,0,-2,0,0,-3,0,-2,0,0,0,20,-91,37,None
0,1,2,0,1,4,3,0,-2,0,0,0,20,-91,37,None
0,-1,-1,-4,-2,-3,-4,-5,-4,0,0,0,20,-91,37,None
0,-2,0,-3,-2,-2,-1,3,1,0,0,0,20,-91,37,None
0,-2,0,-3,-2,-2,-1,3,1,0,0,0,20,-91,37,None
0,-2,0,-3,-2,-2,-1,3,1,0,0,0,21,-91,36,None
0,0,0,-1,0,-1,-3,-5,-2,0,0,0,21,-91,36,None
0,-1,-1,-2,0,-2,-1,0,-1,0,0,0,21,-91,36,None
0,-1,0,-2,-1,2,0,1,1,0,0,0,21,-91,36,None
0,0,0,-1,-1,0,-3,-4,-3,0,0,0,21,-91,36,None
0,0,0,-1,-1,0,-3,-4,-3,0,0,0,21,-91,36,None
0,0,0,-1,-1,0,-3,-4,-3,0,0,0,22,-90,37,None
0,0,2,-1,-2,-2,-1,0,0,0,0,0,22,-90,37,None
0,-3,0,-4,-1,0,0,-2,-2,0,0,0,22,-90,37,None
0,1,1,-2,0,2,-1,-3,-2,0,0,0,22,-90,37,None
0,-1,2,0,1,2,1,0,0,0,0,0,22,-90,37,None
0,-1,2,0,1,2,1,0,0,0,0,0,22,-90,37,None
0,-1,2,0,1,2,1,0,0,0,0,0,21,-89,37,None
0,-1,-2,-8,-5,1,0,1,1,0,0,0,21,-89,37,None
0,-2,0,-2,-4,0,-2,-4,-4,0,0,0,21,-89,37,None
0,-1,0,0,-1,-1,-2,-1,0,0,0,0,21,-89,37,None
0,0,1,-3,0,0,-4,-3,-3,0,0,0,21,-89,37,None
0,0,1,-3,0,0,-4,-3,-3,0,0,0,21,-89,37,None
0,0,1,-3,0,0,-4,-3,-3,0,0,0,22,-90,36,None
0,-2,-1,0,2,2,2,1,-1,0,0,0,22,-90,36,None
0,-2,-1,-2,-2,-2,-1,0,-1,0,0,0,22,-90,36,None
0,1,1,-1,-1,0,-2,-3,-1,0,0,0,22,-90,36,None
0,-6,0,-2,-1,-1,-1,-3,-5,0,0,0,22,-90,36,None
0,-6,0,-2,-1,-1,-1,-3,-5,0,0,0,22,-90,36,None
0,-6,0,-2,-1,-1,-1,-3,-5,0,0,0,22,-90,37,None
0,0,1,0,0,1,-2,-2,-2,0,0,0,22,-90,37,None
0,0,-1,-1,-2,0,-2,-2,-1,0,0,0,22,-90,37,None
0,-1,1,-1,0,1,1,1,0,0,0,0,22,-90,37,None
0,-1,1,-3,-3,-1,-1,-3,-1,0,0,0,22,-90,37,None
0,-1,1,-3,-3,-1,-1,-3,-1,0,0,0,22,-90,37,None
0,-1,1,-3,-3,-1,-1,-3,-1,0,0,0,22,-89,37,None
0,-3,0,-2,-2,-1,-1,-2,-2,0,0,0,22,-89,37,None
0,-1,0,-2,0,0,-1,-2,-2,0,0,0,22,-89,37,None
0,-3,0,-3,-1,-1,-3,-2,-2,0,0,0,22,-89,37,None
0,0,1,-1,-2,-1,-2,-4,-3,0,0,0,22,-89,37,None
0,0,1,-1,-2,-1,-2,-4,-3,0,0,0,22,-89,37,None
0,0,1,-1,-2,-1,-2,-4,-3,0,0,0,23,-89,37,None
0,-2,0,1,4,3,1,1,0,0,0,0,23,-89,37,None
0,0,-1,-4,0,-2,-1,0,-1,0,0,0,23,-89,37,None
0,-1,0,-1,0,6,4,2,0,0,0,0,23,-89,37,None
0,0,0,-2,-2,-3,1,-2,-1,0,0,0,23,-89,37,None
0,0,0,-2,-2,-3,1,-2,-1,0,0,0,23,-89,37,None
0,0,0,-2,-2,-3,1,-2,-1,0,0,0,23,-90,37,None
0,-1,-1,-3,-2,-1,-4,-2,-3,0,0,0,23,-90,37,None
0,-1,1,-3,-2,-1,-2,-2,-2,0,0,0,23,-90,37,None
0,-3,0,-1,1,0,-2,-1,-1,0,0,0,23,-90,37,None
0,-1,-2,-3,0,1,-1,-1,0,0,0,0,23,-90,37,None
0,-1,-2,-3,0,1,-1,-1,0,0,0,0,23,-90,37,None
0,-1,-2,-3,0,1,-1,-1,0,0,0,0,23,-90,37,None
0,-2,0,-1,-3,-2,-5,-2,-2,0,0,0,23,-90,37,None
0,-1,0,-1,0,2,-2,-2,-1,0,0,0,23,-90,37,None
0,-1,1,-2,-1,0,1,0,-2,0,0,0,23,-90,37,None
0,0,0,-2,-2,0,-1,0,-2,0,0,0,23,-90,37,None
0,0,0,-2,-2,0,-1,0,-2,0,0,0,23,-90,37,None
0,0,0,-2,-2,0,-1,0,-2,0,0,0,22,-89,37,None
0,-1,0,-1,-1,1,1,-1,0,0,0,0,22,-89,37,None
0,-1,1,-2,0,0,0,-3,-1,0,0,0,22,-89,37,None
0,0,-1,-3,-1,0,-2,-2,-1,0,0,0,22,-89,37,None
0,0,0,-3,-1,1,0,1,0,0,0,0,22,-89,37,None
0,0,0,-3,-1,1,0,1,0,0,0,0,22,-89,37,None
0,0,0,-3,-1,1,0,1,0,0,0,0,22,-88,36,None
0,-3,1,-3,-3,1,0,-4,-4,0,0,0,22,-88,36,None
0,-1,0,-1,-2,1,-2,3,3,0,0,0,22,-88,36,None
0,-1,-1,-3,0,-1,-3,-4,-3,0,0,0,22,-88,36,None
0,-2,0,0,0,-2,-1,-2,0,0,0,0,22,-88,36,None
0,-2,0,0,0,-2,-1,-2,0,0,0,0,22,-88,36,None
0,-2,0,0,0,-2,-1,-2,0,0,0,0,22,-88,37,None
0,-2,1,-2,-1,-2,-3,-3,-3,0,0,0,22,-88,37,None
0,-1,1,0,0,4,3,2,-1,0,0,0,22,-88,37,None
0,-3,1,-1,-2,1,0,-2,-1,0,0,0,22,-88,37,None
0,-1,2,-2,-3,-3,-3,-2,-1,0,0,0,22,-88,37,None
0,-1,2,-2,-3,-3,-3,-2,-1,0,0,0,22,-88,37,None
0,-1,2,-2,-3,-3,-3,-2,-1,0,0,0,22,-89,37,None
0,0,-1,-2,-1,-1,-2,-1,0,0,0,0,22,-89,37,None
0,-1,0,-2,0,-1,-4,-3,-1,0,0,0,22,-89,37,None
0,0,0,-1,0,2,0,0,-1,0,0,0,22,-89,37,None
0,1,-1,-2,0,3,2,0,0,0,0,0,22,-89,37,None
0,1,-1,-2,0,3,2,0,0,0,0,0,22,-89,37,None
0,1,-1,-2,0,3,2,0,0,0,0,0,22,-89,37,None
0,-3,-2,-3,0,-1,-1,-1,0,0,0,0,22,-89,37,None
0,-2,1,-2,0,-1,-3,-1,-2,0,0,0,22,-89,37,None
0,-3,0,-3,-1,-1,-4,-2,-2,0,0,0,22,-89,37,None
0,1,1,-4,-1,0,-2,-3,-2,0,0,0,22,-89,37,None
0,1,1,-4,-1,0,-2,-3,-2,0,0,0,22,-89,37,None
0,1,1,-4,-1,0,-2,-3,-2,0,0,0,22,-88,37,None
0,0,2,-1,-1,-1,-1,0,-2,0,0,0,22,-88,37,None
0,0,-1,0,0,0,1,-1,-2,0,0,0,22,-88,37,None
0,-4,0,-3,0,1,1,-2,-3,0,0,0,22,-88,37,None
0,-2,-1,-2,0,1,0,0,1,0,0,0,22,-88,37,None
0,-2,-1,-2,0,1,0,0,1,0,0,0,22,-88,37,None
0,-2,-1,-2,0,1,0,0,1,0,0,0,22,-89,37,None
0,-2,1,-2,-1,1,-1,-2,-2,0,0,0,22,-89,37,None
0,0,1,-3,-1,0,-3,-4,-1,0,0,0,22,-89,37,None
0,0,0,-2,-2,-3,-4,-1,-1,0,0,0,22,-89,37,None
0,-3,-1,-1,-1,-2,-3,-2,-2,0,0,0,22,-89,37,None
0,-3,-1,-1,-1,-2,-3,-2,-2,0,0,0,22,-89,37,None
0,-3,-1,-1,-1,-2,-3,-2,-2,0,0,0,22,-90,37,None
0,0,0,-3,-1,0,0,0,0,0,0,0,22,-90,37,None
0,-3,-2,-3,-2,3,2,0,-1,0,0,0,22,-90,37,None
0,0,-1,0,-1,-1,1,0,-2,0,0,0,22,-90,37,None
0,0,2,-1,0,0,-3,-2,-2,0,0,0,22,-90,37,None
0,0,2,-1,0,0,-3,-2,-2,0,0,0,22,-90,37,None
0,0,2,-1,0,0,-3,-2,-2,0,0,0,22,-89,37,None
0,0,0,-2,-1,2,2,0,0,0,0,0,22,-89,37,None
0,-1,0,-2,-1,-1,-3,-4,-3,0,0,0,22,-89,37,None
0,0,1,-2,-3,-3,-5,-4,-3,0,0,0,22,-89,37,None
0,-2,0,-2,-1,0,-1,0,-2,0,0,0,22,-89,37,None
0,-2,0,-2,-1,0,-1,0,-2,0,0,0,22,-89,37,None
0,-2,0,-2,-1,0,-1,0,-2,0,0,0,22,-89,36,None
0,-1,-1,-1,-1,0,0,0,-1,0,0,0,22,-89,36,None
0,-1,0,-2,-1,2,-1,-1,-2,0,0,0,22,-89,36,None
0,-1,0,-2,1,0,-1,-1,-3,0,0,0,22,-89,36,None
0,-2,-1,-1,-2,0,-3,-3,-1,0,0,0,22,-89,36,None
0,-2,-1,-1,-2,0,-3,-3,-1,0,0,0,22,-89,36,None
0,-2,-1,-1,-2,0,-3,-3,-1,0,0,0,22,-89,37,None
0,-1,1,1,0,0,2,0,0,0,0,0,22,-89,37,None
0,-2,1,-1,1,0,1,-1,-2,0,0,0,22,-89,37,None
0,-1,0,-3,-1,-1,-3,-2,-1,0,0,0,22,-89,37,None
0,-2,0,-3,-1,0,0,-1,0,0,0,0,22,-89,37,None
0,-2,0,-3,-1,0,0,-1,0,0,0,0,22,-89,37,None
0,-2,0,-3,-1,0,0,-1,0,0,0,0,22,-89,37,None
0,2,2,-1,1,1,-1,-2,-1,0,0,0,22,-89,37,None
0,-6,-1,-4,-1,0,-1,-1,-2,0,0,0,22,-89,37,None
0,1,2,-2,-1,0,-2,-1,-3,0,0,0,22,-89,37,None
0,-2,-1,-1,-3,-1,1,0,-1,0,0,0,22,-89,37,None
0,-2,-1,-1,-3,-1,1,0,-1,0,0,0,22,-89,37,None
0,-2,-1,-1,-3,-1,1,0,-1,0,0,0,22,-89,37,None
0,-1,0,-1,-1,0,0,-4,-2,0,0,0,22,-89,37,None
0,0,0,-2,0,-2,-5,-1,0,0,0,0,22,-89,37,None
0,-1,-1,-1,-1,3,6,1,-1,0,0,0,22,-89,37,None
0,0,0,-1,-1,2,0,-1,-1,0,0,0,22,-89,37,None
0,0,0,-1,-1,2,0,-1,-1,0,0,0,22,-89,37,None
0,0,0,-1,-1,2,0,-1,-1,0,0,0,22,-89,37,None
0,-2,1,-4,-3,-2,-4,-4,-3,0,0,0,22,-89,37,None
0,0,2,-3,-2,-3,-3,-3,-2,0,0,0,22,-89,37,None
0,-1,0,-1,0,1,-4,-1,0,0,0,0,22,-89,37,None
0,0,-1,-2,0,0,0,-3,-1,0,0,0,22,-89,37,None
0,0,-1,-2,0,0,0,-3,-1,0,0,0,22,-89,37,None
0,0,-1,-2,0,0,0,-3,-1,0,0,0,22,-89,36,None
0,-3,-2,-2,0,1,1,0,0,0,0,0,22,-89,36,None
0,1,-1,-1,-1,1,2,0,-2,0,0,0,22,-89,36,None
0,-2,1,-2,-1,-1,0,0,0,0,0,0,22,-89,36,None
0,-1,1,-2,-2,-2,-2,-2,-2,0,0,0,22,-89,36,None
0,-1,1,-2,-2,-2,-2,-2,-2,0,0,0,22,-89,36,None
0,-1,1,-2,-2,-2,-2,-2,-2,0,0,0,22,-89,37,None
0,0,0,-1,-1,-1,-2,0,-3,0,0,0,22,-89,37,None
0,0,-1,-1,-1,1,1,0,0,0,0,0,22,-89,37,None
0,0,1,-4,-1,-1,-3,-3,-3,0,0,0,22,-89,37,None
0,0,1,-1,0,1,-2,-3,-1,0,0,0,22,-89,37,None
0,0,1,-1,0,1,-2,-3,-1,0,0,0,22,-89,37,None
0,0,1,-1,0,1,-2,-3,-1,0,0,0,22,-89,37,None
0,-2,0,-1,-1,1,-2,0,-1,0,0,0,22,-89,37,None
0,-2,1,-2,0,0,-1,-3,-1,0,0,0,22,-89,37,None
0,-1,-1,-2,-1,1,-2,-1,0,0,0,0,22,-89,37,None
0,-1,1,-2,0,1,-1,0,-1,0,0,0,22,-89,37,None
0,-1,1,-2,0,1,-1,0,-1,0,0,0,22,-89,37,None
0,-1,1,-2,0,1,-1,0,-1,0,0,0,22,-89,37,None
0,3,1,-2,0,2,4,0,0,0,0,0,22,-89,37,None
