0,-2,4,21,4,-3,-19,-8,-3,0,0,0,18,-84,55,None
0,-2,3,9,4,-2,-1,-4,-1,0,0,0,18,-84,55,None
0,1,-3,1,3,18,18,7,4,0,0,0,18,-84,55,None
0,1,-3,1,3,18,18,7,4,0,0,0,18,-84,55,None
0,1,-3,1,3,18,18,7,4,0,0,0,23,-86,56,None
0,-1,9,4,12,0,-9,-8,-10,0,0,0,23,-86,56,None
0,-4,-2,-3,6,7,2,6,9,0,0,0,23,-86,56,None
0,6,6,36,-1,0,10,1,0,0,0,0,23,-86,56,None
0,-2,5,-3,-12,5,6,3,4,0,0,0,23,-86,56,None
0,-2,5,-3,-12,5,6,3,4,0,0,0,23,-86,56,None
0,-2,5,-3,-12,5,6,3,4,0,0,0,14,-80,57,None
0,-6,5,-23,-5,0,-2,2,-8,0,0,0,14,-80,57,None
0,8,19,3,0,-7,-11,-15,0,0,0,0,14,-80,57,None
0,-6,-21,69,-16,-6,-13,-3,0,0,0,0,14,-80,57,None
0,1,-1,8,20,9,9,-2,-8,0,0,0,14,-80,57,None
0,1,-1,8,20,9,9,-2,-8,0,0,0,14,-80,57,None
0,1,-1,8,20,9,9,-2,-8,0,0,0,4,-82,56,None
0,-1,4,9,8,-2,0,3,2,0,0,0,4,-82,56,None
0,3,4,3,3,1,10,0,1,0,0,0,4,-82,56,None
0,-1,7,-28,10,27,-13,-6,-1,0,0,0,4,-82,56,None
0,3,4,-6,-3,-10,27,12,-2,0,0,0,4,-82,56,None
0,3,4,-6,-3,-10,27,12,-2,0,0,0,4,-82,56,None
0,3,4,-6,-3,-10,27,12,-2,0,0,0,3,-86,57,None
0,-4,-7,8,-8,4,5,-7,-7,0,0,0,3,-86,57,None
0,-4,-7,-9,-8,-23,-18,-2,-2,0,0,0,3,-86,57,None
0,0,3,-9,6,22,-1,1,2,0,0,0,3,-86,57,None
0,-4,-2,-15,-16,-8,6,-1,-4,0,0,0,3,-86,57,None
0,-4,-2,-15,-16,-8,6,-1,-4,0,0,0,3,-86,57,None
0,-4,-2,-15,-16,-8,6,-1,-4,0,0,0,7,-88,58,None
0,1,4,2,-6,-4,-21,-3,3,0,0,0,7,-88,58,None
0,-4,-3,-15,-2,8,23,5,-1,0,0,0,7,-88,58,None
0,-4,-1,-7,3,6,4,4,1,0,0,0,7,-88,58,None
0,4,3,9,14,-2,-27,-8,1,0,0,0,7,-88,58,None
0,4,3,9,14,-2,-27,-8,1,0,0,0,7,-88,58,None
0,4,3,9,14,-2,-27,-8,1,0,0,0,6,-91,54,None
0,-1,0,-11,3,7,14,2,-4,0,0,0,6,-91,54,None
0,-3,-2,1,-18,-1,-3,6,0,0,0,0,6,-91,54,None
0,-5,-5,-7,-9,-15,-9,-15,-8,0,0,0,6,-91,54,None
0,0,4,-1,12,7,0,-4,0,0,0,0,6,-91,54,None
0,0,4,-1,12,7,0,-4,0,0,0,0,6,-91,54,None
0,0,4,-1,12,7,0,-4,0,0,0,0,-1,-85,52,None
0,-1,3,5,-13,0,-2,-1,-2,0,0,0,-1,-85,52,None
0,-6,-9,-7,2,-3,-1,-3,-4,0,0,0,-1,-85,52,None
0,3,7,-8,7,8,7,8,1,0,0,0,-1,-85,52,None
0,-2,2,4,10,-11,-21,-11,-5,0,0,0,-1,-85,52,None
0,-2,2,4,10,-11,-21,-11,-5,0,0,0,-1,-85,52,None
0,-2,2,4,10,-11,-21,-11,-5,0,0,0,-5,-80,52,None
0,-1,1,-5,-23,-18,2,1,-2,0,0,0,-5,-80,52,None
0,1,2,13,-2,33,7,5,5,0,0,0,-5,-80,52,None
0,2,4,16,11,-5,14,4,2,0,0,0,-5,-80,52,None
0,-9,-13,-20,-4,1,-19,-14,-8,0,0,0,-5,-80,52,None
0,-9,-13,-20,-4,1,-19,-14,-8,0,0,0,-5,-80,52,None
0,-9,-13,-20,-4,1,-19,-14,-8,0,0,0,-6,-86,51,None
0,-1,-4,-4,-12,-11,-12,-4,-2,0,0,0,-6,-86,51,None
0,0,1,11,0,0,13,3,2,0,0,0,-6,-86,51,None
0,2,10,-18,11,6,9,4,4,0,0,0,-6,-86,51,None
0,-2,1,2,-14,-6,-10,-6,-4,0,0,0,-6,-86,51,None
0,-2,1,2,-14,-6,-10,-6,-4,0,0,0,-6,-86,51,None
0,-2,1,2,-14,-6,-10,-6,-4,0,0,0,-5,-91,49,None
0,-1,4,5,13,5,0,0,-2,0,0,0,-5,-91,49,None
0,-3,-4,-3,-10,-11,-8,-5,-3,0,0,0,-5,-91,49,None
0,-2,-2,-11,-6,3,-3,-3,-1,0,0,0,-5,-91,49,None
0,1,2,-3,7,-2,9,3,1,0,0,0,-5,-91,49,None
0,1,2,-3,7,-2,9,3,1,0,0,0,-5,-91,49,None
0,1,2,-3,7,-2,9,3,1,0,0,0,-6,-85,49,None
0,0,0,-4,14,14,11,3,-1,0,0,0,-6,-85,49,None
0,0,2,3,3,0,-6,-5,0,0,0,0,-6,-85,49,None
0,-2,-5,-14,-1,-4,-2,-3,-3,0,0,0,-6,-85,49,None
0,-1,2,-12,-6,1,-5,-2,-1,0,0,0,-6,-85,49,None
0,-1,2,-12,-6,1,-5,-2,-1,0,0,0,-6,-85,49,None
0,-1,2,-12,-6,1,-5,-2,-1,0,0,0,-11,-78,45,None
0,-5,-7,-7,-9,-4,0,-2,-4,0,0,0,-11,-78,45,None
0,-3,-1,52,17,-4,0,-4,-4,0,0,0,-11,-78,45,None
0,-1,1,-89,-36,-3,-4,-1,-3,0,0,0,-11,-78,45,None
0,2,5,8,13,1,-2,0,0,0,0,0,-11,-78,45,None
0,2,5,8,13,1,-2,0,0,0,0,0,-11,-78,45,None
0,2,5,8,13,1,-2,0,0,0,0,0,-17,-82,45,None
0,-4,-4,10,7,4,-4,-5,-3,0,0,0,-17,-82,45,None
0,-3,-4,-12,0,0,0,-1,-3,0,0,0,-17,-82,45,None
0,-1,-1,6,-13,-4,-2,0,-1,0,0,0,-17,-82,45,None
0,0,5,-3,8,3,1,-2,1,0,0,0,-17,-82,45,None
0,0,5,-3,8,3,1,-2,1,0,0,0,-17,-82,45,None
0,0,5,-3,8,3,1,-2,1,0,0,0,-20,-82,44,None
0,-2,-6,-9,3,-1,-3,-2,-2,0,0,0,-20,-82,44,None
0,-3,-1,-27,-4,1,-1,-1,-4,0,0,0,-20,-82,44,None
0,-1,3,29,2,-2,0,-2,-1,0,0,0,-20,-82,44,None
0,1,0,-8,-13,-3,0,0,0,0,0,0,-20,-82,44,None
0,1,0,-8,-13,-3,0,0,0,0,0,0,-20,-82,44,None
0,1,0,-8,-13,-3,0,0,0,0,0,0,-17,-80,44,None
0,0,7,18,14,9,0,0,0,0,0,0,-17,-80,44,None
0,-1,-1,-8,-19,-4,0,-2,-1,0,0,0,-17,-80,44,None
0,-3,-1,6,13,-3,-3,-2,-3,0,0,0,-17,-80,44,None
0,2,3,8,-8,-1,-5,-3,-2,0,0,0,-17,-80,44,None
0,2,3,8,-8,-1,-5,-3,-2,0,0,0,-17,-80,44,None
0,2,3,8,-8,-1,-5,-3,-2,0,0,0,-17,-79,45,None
0,-2,-1,-3,-2,-8,1,1,1,0,0,0,-17,-79,45,None
0,0,0,-14,4,13,3,-2,1,0,0,0,-17,-79,45,None
0,-3,-2,6,9,0,-2,-2,-2,0,0,0,-17,-79,45,None
0,-2,-1,-3,-5,-2,-2,-2,-2,0,0,0,-17,-79,45,None
0,-2,-1,-3,-5,-2,-2,-2,-2,0,0,0,-17,-79,45,None
0,-2,-1,-3,-5,-2,-2,-2,-2,0,0,0,-15,-78,45,None
0,0,4,0,7,0,-6,-2,-2,0,0,0,-15,-78,45,None
0,-1,-2,-6,5,-4,3,3,0,0,0,0,-15,-78,45,None
0,-2,-1,9,-3,3,3,2,-1,0,0,0,-15,-78,45,None
0,-2,-1,-3,-3,3,-2,-3,-2,0,0,0,-15,-78,45,None
0,-2,-1,-3,-3,3,-2,-3,-2,0,0,0,-15,-78,45,None
0,-2,-1,-3,-3,3,-2,-3,-2,0,0,0,-13,-79,45,None
0,1,0,-9,2,5,-4,-4,-3,0,0,0,-13,-79,45,None
0,-2,2,12,-6,-9,-5,-3,-3,0,0,0,-13,-79,45,None
0,-1,-1,3,1,5,-3,-3,-3,0,0,0,-13,-79,45,None
0,-1,-3,-8,-5,-6,-1,1,-1,0,0,0,-13,-79,45,None
0,-1,-3,-8,-5,-6,-1,1,-1,0,0,0,-13,-79,45,None
0,-1,-3,-8,-5,-6,-1,1,-1,0,0,0,-11,-80,44,None
0,-1,3,-3,-2,5,3,1,0,0,0,0,-11,-80,44,None
0,-1,0,-7,-1,0,-2,-1,0,0,0,0,-11,-80,44,None
0,-1,2,-1,7,2,-3,-3,-1,0,0,0,-11,-80,44,None
0,-2,-3,2,-8,-1,0,-1,-1,0,0,0,-11,-80,44,None
0,-2,-3,2,-8,-1,0,-1,-1,0,0,0,-11,-80,44,None
0,-2,-3,2,-8,-1,0,-1,-1,0,0,0,-7,-81,43,None
0,1,4,5,-4,0,-3,-3,-1,0,0,0,-7,-81,43,None
0,-2,-1,-8,6,3,-2,0,0,0,0,0,-7,-81,43,None
0,-2,-1,0,5,-2,-4,-2,-2,0,0,0,-7,-81,43,None
0,-1,0,-3,-3,4,4,-1,-2,0,0,0,-7,-81,43,None
0,-1,0,-3,-3,4,4,-1,-2,0,0,0,-7,-81,43,None
0,-1,0,-3,-3,4,4,-1,-2,0,0,0,-4,-84,43,None
0,-2,0,1,-6,-2,1,-2,-1,0,0,0,-4,-84,43,None
0,0,0,-5,-1,-2,-1,-2,-1,0,0,0,-4,-84,43,None
0,0,1,0,-1,-4,-4,-1,1,0,0,0,-4,-84,43,None
0,-2,0,-2,3,4,5,2,0,0,0,0,-4,-84,43,None
0,-2,0,-2,3,4,5,2,0,0,0,0,-4,-84,43,None
0,-2,0,-2,3,4,5,2,0,0,0,0,-3,-84,44,None
0,1,1,0,3,6,3,0,0,0,0,0,-3,-84,44,None
0,-1,0,-1,4,3,2,-1,-1,0,0,0,-3,-84,44,None
0,0,0,5,-4,-6,-5,0,-1,0,0,0,-3,-84,44,None
0,-2,0,-5,-1,0,-2,-3,-3,0,0,0,-3,-84,44,None
0,-2,0,-5,-1,0,-2,-3,-3,0,0,0,-3,-84,44,None
0,-2,0,-5,-1,0,-2,-3,-3,0,0,0,-2,-83,44,None
0,-1,0,-1,0,-2,-1,0,-2,0,0,0,-2,-83,44,None
0,-1,3,1,1,1,-2,-2,-3,0,0,0,-2,-83,44,None
0,-1,0,-5,-1,-3,0,-2,-3,0,0,0,-2,-83,44,None
0,0,0,-3,-8,-4,-6,-3,-1,0,0,0,-2,-83,44,None
0,0,0,-3,-8,-4,-6,-3,-1,0,0,0,-2,-83,44,None
0,0,0,-3,-8,-4,-6,-3,-1,0,0,0,0,-82,46,None
0,-2,0,-4,2,4,-2,-5,-4,0,0,0,0,-82,46,None
0,-2,1,-9,1,-2,0,4,3,0,0,0,0,-82,46,None
0,0,0,-5,-10,2,11,5,2,0,0,0,0,-82,46,None
0,-1,2,5,3,-1,-13,-5,-3,0,0,0,0,-82,46,None
0,-1,2,5,3,-1,-13,-5,-3,0,0,0,0,-82,46,None
0,-1,2,5,3,-1,-13,-5,-3,0,0,0,1,-82,46,None
0,-1,0,-8,-10,-2,19,3,1,0,0,0,1,-82,46,None
0,-3,-2,-3,-1,8,-6,-6,-4,0,0,0,1,-82,46,None
0,-2,-2,0,0,-4,-4,-1,-2,0,0,0,1,-82,46,None
0,0,0,0,1,-3,-1,-1,-1,0,0,0,1,-82,46,None
0,0,0,0,1,-3,-1,-1,-1,0,0,0,1,-82,46,None
0,0,0,0,1,-3,-1,-1,-1,0,0,0,2,-84,47,None
0,-1,1,-4,3,4,-5,-6,-3,0,0,0,2,-84,47,None
0,-2,-1,-3,-2,-6,0,6,-1,0,0,0,2,-84,47,None
0,-4,-1,-1,4,9,0,-5,-6,0,0,0,2,-84,47,None
0,-2,1,-2,-5,-9,-3,0,0,0,0,0,2,-84,47,None
0,-2,1,-2,-5,-9,-3,0,0,0,0,0,2,-84,47,None
0,-2,1,-2,-5,-9,-3,0,0,0,0,0,2,-87,47,None
0,0,3,4,6,5,-9,-3,-1,0,0,0,2,-87,47,None
0,-1,-1,-5,-2,-2,3,-2,-2,0,0,0,2,-87,47,None
0,-1,0,1,-3,2,-9,-4,-1,0,0,0,2,-87,47,None
0,-2,-3,-3,4,-2,4,1,-5,0,0,0,2,-87,47,None
0,-2,-3,-3,4,-2,4,1,-5,0,0,0,2,-87,47,None
0,-2,-3,-3,4,-2,4,1,-5,0,0,0,4,-89,47,None
0,0,1,3,4,11,7,3,1,0,0,0,4,-89,47,None
0,-3,0,-1,-9,-8,-1,0,1,0,0,0,4,-89,47,None
0,0,0,-5,1,-2,-9,-5,6,0,0,0,4,-89,47,None
0,-3,-1,-3,0,7,5,-6,-11,0,0,0,4,-89,47,None
0,-3,-1,-3,0,7,5,-6,-11,0,0,0,4,-89,47,None
0,-3,-1,-3,0,7,5,-6,-11,0,0,0,6,-93,46,None
0,0,1,1,4,1,0,5,3,0,0,0,6,-93,46,None
0,0,0,-3,4,-8,-4,-8,-1,0,0,0,6,-93,46,None
0,-3,-1,-6,-13,-1,-3,-4,-8,0,0,0,6,-93,46,None
0,-2,0,-1,-1,2,-2,2,4,0,0,0,6,-93,46,None
0,-2,0,-1,-1,2,-2,2,4,0,0,0,6,-93,46,None
0,-2,0,-1,-1,2,-2,2,4,0,0,0,7,-95,48,None
0,-1,-2,-3,2,-10,-9,-5,-2,0,0,0,7,-95,48,None
0,-1,0,0,-8,-12,-9,-7,-4,0,0,0,7,-95,48,None
0,-1,0,0,1,-7,2,3,1,0,0,0,7,-95,48,None
0,1,1,-6,-27,-8,15,3,3,0,0,0,7,-95,48,None
0,1,1,-6,-27,-8,15,3,3,0,0,0,7,-95,48,None
0,1,1,-6,-27,-8,15,3,3,0,0,0,8,-95,48,None
0,-3,-2,-6,0,9,-3,-4,-4,0,0,0,8,-95,48,None
0,0,1,-2,-1,-2,-4,-1,0,0,0,0,8,-95,48,None
0,-1,2,0,1,1,0,-3,-2,0,0,0,8,-95,48,None
0,-3,-1,3,19,16,-5,-2,-2,0,0,0,8,-95,48,None
0,-3,-1,3,19,16,-5,-2,-2,0,0,0,8,-95,48,None
0,-3,-1,3,19,16,-5,-2,-2,0,0,0,8,-91,47,None
0,-2,-1,-6,-21,-36,1,-3,-1,0,0,0,8,-91,47,None
0,-1,0,3,8,33,2,0,1,0,0,0,8,-91,47,None
0,1,1,-2,7,-1,-1,8,2,0,0,0,8,-91,47,None
0,-4,-2,-9,-25,-27,-3,-17,-9,0,0,0,8,-91,47,None
0,-4,-2,-9,-25,-27,-3,-17,-9,0,0,0,8,-91,47,None
0,-4,-2,-9,-25,-27,-3,-17,-9,0,0,0,9,-91,45,None
0,-5,-2,-1,-1,3,-9,7,-2,0,0,0,9,-91,45,None
0,0,2,0,2,2,1,8,3,0,0,0,9,-91,45,None
0,-2,0,-1,13,9,-3,-15,-4,0,0,0,9,-91,45,None
0,-3,-1,0,0,-14,-17,-5,-4,0,0,0,9,-91,45,None
0,-3,-1,0,0,-14,-17,-5,-4,0,0,0,9,-91,45,None
0,-3,-1,0,0,-14,-17,-5,-4,0,0,0,12,-89,44,None
0,1,1,-2,-13,-4,6,1,0,0,0,0,12,-89,44,None
0,-1,1,-6,-3,-9,-3,-10,-8,0,0,0,12,-89,44,None
0,-2,-2,-4,-2,2,0,7,3,0,0,0,12,-89,44,None
0,3,5,6,13,22,12,7,6,0,0,0,12,-89,44,None
0,3,5,6,13,22,12,7,6,0,0,0,12,-89,44,None
0,3,5,6,13,22,12,7,6,0,0,0,14,-91,42,None
0,-1,0,2,4,-7,-7,-5,0,0,0,0,14,-91,42,None
0,-1,0,-2,3,13,1,3,-4,0,0,0,14,-91,42,None
0,0,1,-1,-4,0,4,-4,-3,0,0,0,14,-91,42,None
0,0,-1,1,7,4,-8,-3,-2,0,0,0,14,-91,42,None
0,0,-1,1,7,4,-8,-3,-2,0,0,0,14,-91,42,None
0,0,-1,1,7,4,-8,-3,-2,0,0,0,13,-93,42,None
0,0,1,-2,5,13,2,-1,-1,0,0,0,13,-93,42,None
0,0,3,-3,-14,-17,-3,0,1,0,0,0,13,-93,42,None
0,1,-1,2,-1,4,6,2,1,0,0,0,13,-93,42,None
0,-2,3,-5,-8,-2,-2,-1,-2,0,0,0,13,-93,42,None
0,-2,3,-5,-8,-2,-2,-1,-2,0,0,0,13,-93,42,None
0,-2,3,-5,-8,-2,-2,-1,-2,0,0,0,14,-94,41,None
0,0,-5,-5,5,11,-5,0,0,0,0,0,14,-94,41,None
0,-1,6,0,10,8,4,-1,3,0,0,0,14,-94,41,None
0,-1,-3,1,-6,-11,1,-1,-5,0,0,0,14,-94,41,None
0,0,2,-4,7,17,7,2,3,0,0,0,14,-94,41,None
0,0,2,-4,7,17,7,2,3,0,0,0,14,-94,41,None
0,0,2,-4,7,17,7,2,3,0,0,0,16,-94,41,None
0,-2,0,-2,3,4,-2,-6,-6,0,0,0,16,-94,41,None
0,0,-2,-2,-7,-13,-6,-5,-3,0,0,0,16,-94,41,None
0,0,2,-2,-1,7,0,0,-2,0,0,0,16,-94,41,None
0,-2,-1,-4,6,2,-8,-2,1,0,0,0,16,-94,41,None
0,-2,-1,-4,6,2,-8,-2,1,0,0,0,16,-94,41,None
0,-2,-1,-4,6,2,-8,-2,1,0,0,0,16,-94,40,None
0,-1,3,-3,-14,-7,0,-1,-1,0,0,0,16,-94,40,None
0,-3,-2,-1,2,5,2,-3,-5,0,0,0,16,-94,40,None
0,-4,0,-3,1,-3,-11,-3,-4,0,0,0,16,-94,40,None
0,1,-1,1,3,7,5,2,3,0,0,0,16,-94,40,None
0,1,-1,1,3,7,5,2,3,0,0,0,16,-94,40,None
0,1,-1,1,3,7,5,2,3,0,0,0,16,-93,39,None
0,-2,3,-1,1,1,-1,-2,-2,0,0,0,16,-93,39,None
0,-1,-2,-4,3,2,3,2,0,0,0,0,16,-93,39,None
0,-1,1,-3,-5,0,1,2,0,0,0,0,16,-93,39,None
0,-2,1,-2,-2,-6,-7,-10,-8,0,0,0,16,-93,39,None
0,-2,1,-2,-2,-6,-7,-10,-8,0,0,0,16,-93,39,None
0,-2,1,-2,-2,-6,-7,-10,-8,0,0,0,16,-90,41,None
0,-2,3,-2,-2,0,-4,-2,-4,0,0,0,16,-90,41,None
0,-1,-2,-2,4,6,5,1,1,0,0,0,16,-90,41,None
0,0,-1,-1,0,2,0,-2,-2,0,0,0,16,-90,41,None
0,-3,-2,-2,0,-9,-7,-2,-4,0,0,0,16,-90,41,None
0,-3,-2,-2,0,-9,-7,-2,-4,0,0,0,16,-90,41,None
0,-3,-2,-2,0,-9,-7,-2,-4,0,0,0,16,-89,40,None
0,-1,0,0,5,14,8,3,-1,0,0,0,16,-89,40,None
0,-3,-1,0,-3,-7,-9,-10,-6,0,0,0,16,-89,40,None
0,-2,0,-3,0,2,2,1,-1,0,0,0,16,-89,40,None
0,-1,-1,-4,-2,-1,-1,2,1,0,0,0,16,-89,40,None
0,-1,-1,-4,-2,-1,-1,2,1,0,0,0,16,-89,40,None
0,-1,-1,-4,-2,-1,-1,2,1,0,0,0,17,-92,39,None
0,-1,-1,-3,-1,-8,-7,-1,0,0,0,0,17,-92,39,None
0,-3,2,1,-2,1,-2,-4,-5,0,0,0,17,-92,39,None
0,0,1,-2,-1,1,0,-2,-1,0,0,0,17,-92,39,None
0,-1,1,-2,-2,0,1,2,1,0,0,0,17,-92,39,None
0,-1,1,-2,-2,0,1,2,1,0,0,0,17,-92,39,None
0,-1,1,-2,-2,0,1,2,1,0,0,0,17,-95,39,None
0,-1,0,-2,0,-2,-2,-5,-3,0,0,0,17,-95,39,None
0,1,0,-2,1,2,-5,-2,-1,0,0,0,17,-95,39,None
0,-1,-1,-7,-6,-2,1,-2,-1,0,0,0,17,-95,39,None
0,1,0,1,2,7,5,4,-1,0,0,0,17,-95,39,None
0,1,0,1,2,7,5,4,-1,0,0,0,17,-95,39,None
0,1,0,1,2,7,5,4,-1,0,0,0,17,-97,42,None
0,-2,1,-2,2,1,0,-2,-1,0,0,0,17,-97,42,None
0,-2,-2,-1,-1,-4,-5,-5,-4,0,0,0,17,-97,42,None
0,-2,1,3,1,0,-5,-1,0,0,0,0,17,-97,42,None
0,0,2,-4,-2,3,0,2,1,0,0,0,17,-97,42,None
0,0,2,-4,-2,3,0,2,1,0,0,0,17,-97,42,None
0,0,2,-4,-2,3,0,2,1,0,0,0,18,-95,45,None
0,0,-1,-2,1,1,-2,-1,0,0,0,0,18,-95,45,None
0,0,0,-2,0,2,-1,-3,-2,0,0,0,18,-95,45,None
0,-1,2,0,2,5,4,-1,-2,0,0,0,18,-95,45,None
0,-3,-2,-3,-3,-5,-6,-5,-5,0,0,0,18,-95,45,None
0,-3,-2,-3,-3,-5,-6,-5,-5,0,0,0,18,-95,45,None
0,-3,-2,-3,-3,-5,-6,-5,-5,0,0,0,18,-93,43,None
0,-1,0,-2,-1,0,-5,-2,2,0,0,0,18,-93,43,None
0,0,2,0,1,6,4,3,0,0,0,0,18,-93,43,None
0,0,0,-1,1,-1,1,2,2,0,0,0,18,-93,43,None
0,-2,1,-1,0,1,1,-1,-2,0,0,0,18,-93,43,None
0,-2,1,-1,0,1,1,-1,-2,0,0,0,18,-93,43,None
0,-2,1,-1,0,1,1,-1,-2,0,0,0,22,-88,39,None
0,-2,2,-3,-2,-5,-6,-6,-4,0,0,0,22,-88,39,None
0,-1,-1,1,3,0,-2,2,1,0,0,0,22,-88,39,None
0,-2,-2,-7,-6,-5,-5,-5,-1,0,0,0,22,-88,39,None
0,-2,-1,-2,-1,-1,-4,-2,-1,0,0,0,22,-88,39,None
0,-2,-1,-2,-1,-1,-4,-2,-1,0,0,0,22,-88,39,None
0,-2,-1,-2,-1,-1,-4,-2,-1,0,0,0,23,-87,36,None
0,0,0,1,1,3,5,1,-1,0,0,0,23,-87,36,None
0,0,1,-4,-1,1,1,0,0,0,0,0,23,-87,36,None
0,-1,0,-1,-1,-3,-4,-3,-1,0,0,0,23,-87,36,None
0,-3,0,-2,-1,1,-2,-3,-4,0,0,0,23,-87,36,None
0,-3,0,-2,-1,1,-2,-3,-4,0,0,0,23,-87,36,None
0,-3,0,-2,-1,1,-2,-3,-4,0,0,0,21,-88,36,None
0,0,-1,-1,-3,-6,-2,-1,-1,0,0,0,21,-88,36,None
0,-1,1,-1,2,12,7,3,1,0,0,0,21,-88,36,None
0,-1,0,-3,-3,-4,-5,-7,-3,0,0,0,21,-88,36,None
0,0,0,-1,-2,-1,-2,-5,-3,0,0,0,21,-88,36,None
0,0,0,-1,-2,-1,-2,-5,-3,0,0,0,21,-88,36,None
0,0,0,-1,-2,-1,-2,-5,-3,0,0,0,20,-88,37,None
0,-2,0,-2,0,3,-3,-3,-3,0,0,0,20,-88,37,None
0,-2,-1,-4,-3,-4,-3,-2,-1,0,0,0,20,-88,37,None
0,-1,2,0,0,1,1,-1,-2,0,0,0,20,-88,37,None
0,-1,-2,-4,1,0,-2,0,2,0,0,0,20,-88,37,None
0,-1,-2,-4,1,0,-2,0,2,0,0,0,20,-88,37,None
0,-1,-2,-4,1,0,-2,0,2,0,0,0,20,-89,39,None
0,0,1,-5,-6,-4,1,-3,-2,0,0,0,20,-89,39,None
0,0,0,1,-2,0,-2,3,3,0,0,0,20,-89,39,None
0,0,1,-1,-1,1,-1,-2,-1,0,0,0,20,-89,39,None
0,1,1,-1,-2,0,-4,-3,-3,0,0,0,20,-89,39,None
0,1,1,-1,-2,0,-4,-3,-3,0,0,0,20,-89,39,None
0,1,1,-1,-2,0,-4,-3,-3,0,0,0,20,-89,38,None
0,-1,0,0,1,4,1,0,-2,0,0,0,20,-89,38,None
0,0,0,-2,-2,-5,-5,-3,-1,0,0,0,20,-89,38,None
0,-2,0,-1,3,6,-3,-3,-3,0,0,0,20,-89,38,None
0,-1,-1,-2,-1,0,4,1,-1,0,0,0,20,-89,38,None
0,-1,-1,-2,-1,0,4,1,-1,0,0,0,20,-89,38,None
0,-1,-1,-2,-1,0,4,1,-1,0,0,0,19,-90,38,None
0,-3,-2,-2,0,-1,-3,-1,-2,0,0,0,19,-90,38,None
0,-2,1,-2,0,3,3,-3,-3,0,0,0,19,-90,38,None
0,-1,0,-2,-1,-1,0,0,-2,0,0,0,19,-90,38,None
0,-1,-1,-1,1,0,-4,-2,-1,0,0,0,19,-90,38,None
0,-1,-1,-1,1,0,-4,-2,-1,0,0,0,19,-90,38,None
0,-1,-1,-1,1,0,-4,-2,-1,0,0,0,19,-90,36,None
0,-1,1,-1,-3,2,0,-3,0,0,0,0,19,-90,36,None
0,-1,0,-2,-2,-6,-4,-3,-4,0,0,0,19,-90,36,None
0,-1,0,-2,-1,4,-3,-3,-2,0,0,0,19,-90,36,None
0,-1,1,-2,-2,-4,-2,-1,-2,0,0,0,19,-90,36,None
0,-1,1,-2,-2,-4,-2,-1,-2,0,0,0,19,-90,36,None
0,-1,1,-2,-2,-4,-2,-1,-2,0,0,0,19,-90,36,None
0,-2,0,-3,2,5,1,-2,-1,0,0,0,19,-90,36,None
0,-1,0,-4,-4,-4,-7,-1,0,0,0,0,19,-90,36,None
0,0,1,1,2,2,4,1,-1,0,0,0,19,-90,36,None
0,0,0,-4,-4,2,-1,1,1,0,0,0,19,-90,36,None
0,0,0,-4,-4,2,-1,1,1,0,0,0,19,-90,36,None
0,0,0,-4,-4,2,-1,1,1,0,0,0,19,-90,36,None
0,-2,-1,-4,-2,-1,-3,-1,-1,0,0,0,19,-90,36,None
0,0,0,-2,-1,1,-1,-3,-3,0,0,0,19,-90,36,None
0,-1,1,-3,-1,-1,-2,0,-2,0,0,0,19,-90,36,None
0,-2,0,-2,0,-3,-2,-5,-2,0,0,0,19,-90,36,None
0,-2,0,-2,0,-3,-2,-5,-2,0,0,0,19,-90,36,None
0,-2,0,-2,0,-3,-2,-5,-2,0,0,0,18,-90,37,None
0,-1,0,-1,-1,1,0,0,0,0,0,0,18,-90,37,None
0,-1,0,0,2,4,2,-1,-2,0,0,0,18,-90,37,None
0,-1,0,-4,-4,-3,-2,-3,-3,0,0,0,18,-90,37,None
0,-1,-1,-1,-1,0,0,2,-1,0,0,0,18,-90,37,None
0,-1,-1,-1,-1,0,0,2,-1,0,0,0,18,-90,37,None
0,-1,-1,-1,-1,0,0,2,-1,0,0,0,19,-89,37,None
0,-1,1,-1,1,1,0,-2,-1,0,0,0,19,-89,37,None
0,-2,-2,-5,-1,0,-1,-3,-2,0,0,0,19,-89,37,None
0,-2,-1,-1,-3,-3,-3,-5,-3,0,0,0,19,-89,37,None
0,0,-1,0,0,2,1,1,0,0,0,0,19,-89,37,None
0,0,-1,0,0,2,1,1,0,0,0,0,19,-89,37,None
0,0,-1,0,0,2,1,1,0,0,0,0,19,-89,37,None
0,0,1,-2,-1,1,-3,-1,0,0,0,0,19,-89,37,None
0,0,0,-1,-2,-2,1,2,0,0,0,0,19,-89,37,None
0,0,2,0,2,3,6,4,2,0,0,0,19,-89,37,None
0,0,1,-3,-1,3,-1,-6,-6,0,0,0,19,-89,37,None
0,0,1,-3,-1,3,-1,-6,-6,0,0,0,19,-89,37,None
0,0,1,-3,-1,3,-1,-6,-6,0,0,0,20,-89,37,None
0,-1,-1,-3,-1,-2,-5,-2,-2,0,0,0,20,-89,37,None
0,-1,-1,-2,0,4,0,-2,-3,0,0,0,20,-89,37,None
0,-1,0,-2,-2,-2,-1,-1,0,0,0,0,20,-89,37,None
0,-2,0,-2,-2,-3,-4,-4,-2,0,0,0,20,-89,37,None
0,-2,0,-2,-2,-3,-4,-4,-2,0,0,0,20,-89,37,None
0,-2,0,-2,-2,-3,-4,-4,-2,0,0,0,21,-90,37,None
0,-2,-1,-2,-3,-3,-4,-2,-1,0,0,0,21,-90,37,None
0,-1,1,-3,-4,-6,-6,-3,-3,0,0,0,21,-90,37,None
0,-2,-1,-1,0,0,-4,-1,-2,0,0,0,21,-90,37,None
0,0,1,-1,3,5,5,1,-2,0,0,0,21,-90,37,None
0,0,1,-1,3,5,5,1,-2,0,0,0,21,-90,37,None
0,0,1,-1,3,5,5,1,-2,0,0,0,21,-90,36,None
0,-1,1,-3,1,-1,-2,-2,1,0,0,0,21,-90,36,None
0,-2,1,0,-2,1,0,0,-2,0,0,0,21,-90,36,None
0,0,1,-2,-1,-1,-1,-2,-1,0,0,0,21,-90,36,None
0,-2,0,-2,-3,-2,-4,-3,-2,0,0,0,21,-90,36,None
0,-2,0,-2,-3,-2,-4,-3,-2,0,0,0,21,-90,36,None
0,-2,0,-2,-3,-2,-4,-3,-2,0,0,0,20,-90,36,None
0,-2,-1,0,-3,-1,-3,-1,-3,0,0,0,20,-90,36,None
0,-1,0,-2,1,1,-1,-2,-2,0,0,0,20,-90,36,None
0,-1,-1,-4,-2,0,-2,0,0,0,0,0,20,-90,36,None
0,-2,1,-1,0,0,1,1,-1,0,0,0,20,-90,36,None
0,-2,1,-1,0,0,1,1,-1,0,0,0,20,-90,36,None
0,-2,1,-1,0,0,1,1,-1,0,0,0,20,-90,36,None
0,-2,2,-1,1,1,1,-2,-3,0,0,0,20,-90,36,None
0,-1,-1,-3,-1,0,-3,-1,0,0,0,0,20,-90,36,None
0,-1,0,-2,-1,0,0,-1,-2,0,0,0,20,-90,36,None
0,-1,-1,-1,-2,0,-2,-3,-2,0,0,0,20,-90,36,None
0,-1,-1,-1,-2,0,-2,-3,-2,0,0,0,20,-90,36,None
0,-1,-1,-1,-2,0,-2,-3,-2,0,0,0,20,-90,36,None
0,-1,-1,-1,-2,0,0,3,0,0,0,0,20,-90,36,None
0,0,0,-1,1,-3,0,-1,1,0,0,0,20,-90,36,None
0,-1,0,1,2,0,0,-1,-1,0,0,0,20,-90,36,None
0,-1,0,-2,1,6,2,2,-1,0,0,0,20,-90,36,None
0,-1,0,-2,1,6,2,2,-1,0,0,0,20,-90,36,None
0,-1,0,-2,1,6,2,2,-1,0,0,0,20,-89,36,None
0,0,1,-4,0,-4,-5,-8,-3,0,0,0,20,-89,36,None
0,-2,1,-1,-2,-3,-1,0,1,0,0,0,20,-89,36,None
0,-1,0,-4,-4,0,-2,-1,-1,0,0,0,20,-89,36,None
0,0,0,-2,0,-1,-1,0,1,0,0,0,20,-89,36,None
0,0,0,-2,0,-1,-1,0,1,0,0,0,20,-89,36,None
0,0,0,-2,0,-1,-1,0,1,0,0,0,20,-90,36,None
0,2,0,-1,-1,2,2,1,0,0,0,0,20,-90,36,None
0,-2,0,-1,0,1,-1,-4,-3,0,0,0,20,-90,36,None
0,-2,0,-3,1,-1,-5,-2,-4,0,0,0,20,-90,36,None
0,0,1,-1,2,0,0,-3,0,0,0,0,20,-90,36,None
0,0,1,-1,2,0,0,-3,0,0,0,0,20,-90,36,None
0,0,1,-1,2,0,0,-3,0,0,0,0,20,-90,36,None
0,0,1,1,1,4,3,3,0,0,0,0,20,-90,36,None
0,0,1,-3,0,0,1,-2,-1,0,0,0,20,-90,36,None
0,-1,-1,-3,-2,1,-3,-2,-2,0,0,0,20,-90,36,None
0,-1,1,-1,-3,-1,-3,-3,-2,0,0,0,20,-90,36,None
0,-1,1,-1,-3,-1,-3,-3,-2,0,0,0,20,-90,36,None
0,-1,1,-1,-3,-1,-3,-3,-2,0,0,0,20,-90,36,None
0,0,-1,-2,-1,-3,-2,-1,0,0,0,0,20,-90,36,None
0,-2,0,-2,-3,2,-2,-2,-1,0,0,0,20,-90,36,None
0,-1,0,-1,0,1,-2,-1,-2,0,0,0,20,-90,36,None
0,-1,1,-1,0,-1,-3,-1,0,0,0,0,20,-90,36,None
0,-1,1,-1,0,-1,-3,-1,0,0,0,0,20,-90,36,None
0,-1,1,-1,0,-1,-3,-1,0,0,0,0,21,-90,36,None
0,-2,1,-2,-1,0,-3,0,-5,0,0,0,21,-90,36,None
0,0,1,-1,-1,5,2,0,-2,0,0,0,21,-90,36,None
0,0,0,-1,-1,0,0,-3,-1,0,0,0,21,-90,36,None
0,-2,0,-3,-1,1,-1,2,-1,0,0,0,21,-90,36,None
0,-2,0,-3,-1,1,-1,2,-1,0,0,0,21,-90,36,None
0,-2,0,-3,-1,1,-1,2,-1,0,0,0,21,-90,36,None
0,-2,-2,-3,-3,-4,-7,-3,-2,0,0,0,21,-90,36,None
0,0,1,0,0,-2,1,1,-1,0,0,0,21,-90,36,None
0,-1,1,0,4,15,8,2,0,0,0,0,21,-90,36,None
0,-1,-2,-3,0,-4,-1,-3,-4,0,0,0,21,-90,36,None
0,-1,-2,-3,0,-4,-1,-3,-4,0,0,0,21,-90,36,None
0,-1,-2,-3,0,-4,-1,-3,-4,0,0,0,21,-90,36,None
0,-1,0,-2,-1,2,1,-2,-2,0,0,0,21,-90,36,None
0,0,-2,-1,-3,-4,-4,-3,-3,0,0,0,21,-90,36,None
0,0,0,-3,-3,-5,-6,-3,1,0,0,0,21,-90,36,None
0,-1,-1,-1,-1,2,0,-1,-1,0,0,0,21,-90,36,None
0,-1,-1,-1,-1,2,0,-1,-1,0,0,0,21,-90,36,None
0,-1,-1,-1,-1,2,0,-1,-1,0,0,0,21,-90,36,None
0,0,0,1,2,3,4,2,0,0,0,0,21,-90,36,None
0,-2,1,-2,1,2,5,0,-2,0,0,0,21,-90,36,None
0,-3,1,-4,-1,-1,-2,-3,-3,0,0,0,21,-90,36,None
0,-1,1,-1,0,-1,-4,-4,-2,0,0,0,21,-90,36,None
0,-1,1,-1,0,-1,-4,-4,-2,0,0,0,21,-90,36,None
0,-1,1,-1,0,-1,-4,-4,-2,0,0,0,20,-90,36,None
0,-2,1,-3,-1,-3,-2,-2,-1,0,0,0,20,-90,36,None
0,-1,-1,-5,-4,1,-3,-4,-2,0,0,0,20,-90,36,None
0,0,0,-2,-1,0,1,0,-3,0,0,0,20,-90,36,None
0,-1,1,-1,-3,-2,-2,1,-1,0,0,0,20,-90,36,None
0,-1,1,-1,-3,-2,-2,1,-1,0,0,0,20,-90,36,None
0,-1,1,-1,-3,-2,-2,1,-1,0,0,0,20,-89,36,None
0,0,2,-3,-1,2,-1,-2,-1,0,0,0,20,-89,36,None
0,-2,0,-1,1,2,-1,-3,-2,0,0,0,20,-89,36,None
0,-2,1,-1,-1,-2,-3,-2,-1,0,0,0,20,-89,36,None
0,-1,-1,-1,-1,1,-1,-2,-2,0,0,0,20,-89,36,None
0,-1,-1,-1,-1,1,-1,-2,-2,0,0,0,20,-89,36,None
0,-1,-1,-1,-1,1,-1,-2,-2,0,0,0,21,-90,36,None
0,-1,0,-2,-1,1,3,3,1,0,0,0,21,-90,36,None
0,0,0,1,1,2,-1,-1,-1,0,0,0,21,-90,36,None
0,-1,-1,-4,-1,-2,0,-1,-3,0,0,0,21,-90,36,None
0,-1,1,-3,-1,4,1,0,-1,0,0,0,21,-90,36,None
0,-1,1,-3,-1,4,1,0,-1,0,0,0,21,-90,36,None
0,-1,1,-3,-1,4,1,0,-1,0,0,0,21,-90,36,None
0,-2,1,-1,-3,-2,-4,-6,-3,0,0,0,21,-90,36,None
0,-2,1,-1,-1,-3,-2,-1,-1,0,0,0,21,-90,36,None
0,-2,1,-3,-1,-2,-3,-3,-2,0,0,0,21,-90,36,None
0,0,1,0,0,-2,-3,0,0,0,0,0,21,-90,36,None
0,0,1,0,0,-2,-3,0,0,0,0,0,21,-90,36,None
0,0,1,0,0,-2,-3,0,0,0,0,0,20,-90,36,None
0,-1,0,0,0,6,4,2,0,0,0,0,20,-90,36,None
0,-2,1,-3,-1,-1,-1,-1,-1,0,0,0,20,-90,36,None
0,-1,0,-2,1,-1,-4,-3,-2,0,0,0,20,-90,36,None
0,-2,0,-1,0,-1,-1,-1,2,0,0,0,20,-90,36,None
0,-2,0,-1,0,-1,-1,-1,2,0,0,0,20,-90,36,None
0,-2,0,-1,0,-1,-1,-1,2,0,0,0,21,-89,36,None
0,-2,-1,-3,-1,-1,-4,-5,-6,0,0,0,21,-89,36,None
0,0,0,-3,1,2,0,-1,-2,0,0,0,21,-89,36,None
0,-2,0,0,-1,0,-3,-2,-2,0,0,0,21,-89,36,None
0,-1,1,-1,-3,-1,0,3,2,0,0,0,21,-89,36,None
0,-1,1,-1,-3,-1,0,3,2,0,0,0,21,-89,36,None
0,-1,1,-1,-3,-1,0,3,2,0,0,0,21,-90,36,None
0,-2,1,-2,-1,-5,-4,-2,-2,0,0,0,21,-90,36,None
0,-2,1,-1,1,11,2,-1,-3,0,0,0,21,-90,36,None
0,0,0,-2,-2,-1,2,-1,-1,0,0,0,21,-90,36,None
0,-1,-1,-3,0,0,-3,-3,-2,0,0,0,21,-90,36,None
0,-1,-1,-3,0,0,-3,-3,-2,0,0,0,21,-90,36,None
0,-1,-1,-3,0,0,-3,-3,-2,0,0,0,20,-90,36,None
0,-2,0,-3,2,0,0,-2,-1,0,0,0,20,-90,36,None
0,0,0,-2,-1,0,0,-1,0,0,0,0,20,-90,36,None
0,-2,0,-2,0,0,-1,0,1,0,0,0,20,-90,36,None
0,-3,0,-2,-1,-1,-2,0,-2,0,0,0,20,-90,36,None
0,-3,0,-2,-1,-1,-2,0,-2,0,0,0,20,-90,36,None
0,-3,0,-2,-1,-1,-2,0,-2,0,0,0,20,-90,36,None
0,-1,1,-1,0,1,1,0,-1,0,0,0,20,-90,36,None
0,1,1,-1,0,1,-1,-2,-3,0,0,0,20,-90,36,None
0,0,-1,0,0,-2,-1,-4,-1,0,0,0,20,-90,36,None
0,-1,0,-3,-2,0,0,1,-3,0,0,0,20,-90,36,None
0,-1,0,-3,-2,0,0,1,-3,0,0,0,20,-90,36,None
0,-1,0,-3,-2,0,0,1,-3,0,0,0,21,-89,36,None
0,-1,0,-2,0,-1,-4,-7,-4,0,0,0,21,-89,36,None
0,-2,0,-2,-2,-3,-4,0,3,0,0,0,21,-89,36,None
0,-1,1,-2,-2,2,1,1,-2,0,0,0,21,-89,36,None
0,-1,0,-2,-1,-1,-1,-1,-1,0,0,0,21,-89,36,None
0,-1,0,-2,-1,-1,-1,-1,-1,0,0,0,21,-89,36,None
0,-1,0,-2,-1,-1,-1,-1,-1,0,0,0,21,-90,36,None
0,-1,0,-2,-3,4,1,-1,-1,0,0,0,21,-90,36,None
0,-2,0,-4,-3,-4,-2,-2,-3,0,0,0,21,-90,36,None
0,-2,1,-1,-3,-2,-3,-1,-2,0,0,0,21,-90,36,None
0,-2,0,-2,1,0,-1,-3,-4,0,0,0,21,-90,36,None
0,-2,0,-2,1,0,-1,-3,-4,0,0,0,21,-90,36,None
0,-2,0,-2,1,0,-1,-3,-4,0,0,0,21,-90,36,None
0,-2,-1,-4,-2,5,0,3,1,0,0,0,21,-90,36,None
0,-2,0,-2,-1,-3,-3,-3,-2,0,0,0,21,-90,36,None
0,0,0,1,-1,1,1,3,2,0,0,0,21,-90,36,None
0,-1,0,-3,1,2,2,-5,-6,0,0,0,21,-90,36,None
0,-1,0,-3,1,2,2,-5,-6,0,0,0,21,-90,36,None
0,-1,0,-3,1,2,2,-5,-6,0,0,0,21,-90,36,None
0,-1,0,-3,0,-2,-3,1,-1,0,0,0,21,-90,36,None
0,-2,0,-2,0,-2,-4,-5,-2,0,0,0,21,-90,36,None
0,-2,1,-2,-2,-7,-4,-2,-1,0,0,0,21,-90,36,None
0,0,1,-1,1,13,5,-2,-1,0,0,0,21,-90,36,None
0,0,1,-1,1,13,5,-2,-1,0,0,0,21,-90,36,None
0,0,1,-1,1,13,5,-2,-1,0,0,0,20,-90,36,None
0,-2,0,-2,1,-1,2,4,1,0,0,0,20,-90,36,None
