0,27,-13,-11,-11,0,-4,-6,-4,0,0,0,53,-55,73,None
0,-28,6,1,2,-7,0,3,9,0,0,0,53,-55,73,None
0,9,-15,-8,-5,-3,-3,-6,-18,0,0,0,53,-55,73,None
0,9,-15,-8,-5,-3,-3,-6,-18,0,0,0,53,-55,73,None
0,9,-15,-8,-5,-3,-3,-6,-18,0,0,0,43,-54,77,None
0,71,12,8,8,3,1,1,20,0,0,0,43,-54,77,None
0,-111,15,11,0,5,3,6,-5,0,0,0,43,-54,77,None
0,-31,-1,-20,-5,-5,-6,-10,-19,0,0,0,43,-54,77,None
0,100,8,4,6,0,-1,-7,-1,0,0,0,43,-54,77,None
0,100,8,4,6,0,-1,-7,-1,0,0,0,43,-54,77,None
0,100,8,4,6,0,-1,-7,-1,0,0,0,36,-57,81,None
0,-85,-12,-7,-5,0,-2,-11,-27,0,0,0,36,-57,81,None
0,20,12,1,-6,1,1,5,16,0,0,0,36,-57,81,None
0,4,-24,-2,2,1,1,12,21,0,0,0,36,-57,81,None
0,26,17,4,1,-1,-2,6,-4,0,0,0,36,-57,81,None
0,26,17,4,1,-1,-2,6,-4,0,0,0,36,-57,81,None
0,26,17,4,1,-1,-2,6,-4,0,0,0,29,-57,80,None
0,52,17,-1,-1,-2,-1,-12,-38,0,0,0,29,-57,80,None
0,-51,-27,-8,2,1,-1,-17,-25,0,0,0,29,-57,80,None
0,-30,3,-5,-14,-2,-2,-6,-3,0,0,0,29,-57,80,None
0,10,-4,-4,15,5,0,6,21,0,0,0,29,-57,80,None
0,10,-4,-4,15,5,0,6,21,0,0,0,29,-57,80,None
0,10,-4,-4,15,5,0,6,21,0,0,0,23,-53,75,None
0,-22,-21,-12,-19,6,2,10,9,0,0,0,23,-53,75,None
0,43,12,2,-1,-8,-2,0,14,0,0,0,23,-53,75,None
0,-12,17,1,-15,4,0,7,5,0,0,0,23,-53,75,None
0,-2,-6,0,5,-6,0,4,-15,0,0,0,23,-53,75,None
0,-2,-6,0,5,-6,0,4,-15,0,0,0,23,-53,75,None
0,-2,-6,0,5,-6,0,4,-15,0,0,0,18,-51,71,None
0,-9,11,0,4,6,-4,1,7,0,0,0,18,-51,71,None
0,11,-3,2,8,2,-2,-32,-20,0,0,0,18,-51,71,None
0,15,-3,1,13,0,1,4,8,0,0,0,18,-51,71,None
0,4,-10,-3,-11,1,-2,-1,4,0,0,0,18,-51,71,None
0,4,-10,-3,-11,1,-2,-1,4,0,0,0,18,-51,71,None
0,4,-10,-3,-11,1,-2,-1,4,0,0,0,10,-60,66,None
0,-19,12,3,12,-8,-1,9,11,0,0,0,10,-60,66,None
0,-20,-1,4,22,-1,2,5,-2,0,0,0,10,-60,66,None
0,13,-8,-12,-19,2,-1,-10,-6,0,0,0,10,-60,66,None
0,-48,-1,-7,-24,2,0,2,3,0,0,0,10,-60,66,None
0,-48,-1,-7,-24,2,0,2,3,0,0,0,10,-60,66,None
0,-48,-1,-7,-24,2,0,2,3,0,0,0,14,-76,63,None
0,35,-7,-4,-8,-6,-1,-4,0,0,0,0,14,-76,63,None
0,16,4,3,9,4,-3,8,-4,0,0,0,14,-76,63,None
0,31,4,7,23,-3,-5,-9,-7,0,0,0,14,-76,63,None
0,-18,-26,-2,2,-1,1,4,6,0,0,0,14,-76,63,None
0,-18,-26,-2,2,-1,1,4,6,0,0,0,14,-76,63,None
0,-18,-26,-2,2,-1,1,4,6,0,0,0,8,-83,74,None
0,-44,-12,-8,5,1,0,-8,-17,0,0,0,8,-83,74,None
0,30,1,-7,-17,2,-3,-8,10,0,0,0,8,-83,74,None
0,1,0,1,4,-1,-3,-8,-10,0,0,0,8,-83,74,None
0,-2,2,-2,-5,3,2,-2,1,0,0,0,8,-83,74,None
0,-2,2,-2,-5,3,2,-2,1,0,0,0,8,-83,74,None
0,-2,2,-2,-5,3,2,-2,1,0,0,0,12,-61,76,None
0,14,1,7,7,3,3,10,13,0,0,0,12,-61,76,None
0,13,-5,-9,-13,-1,-2,7,0,0,0,0,12,-61,76,None
0,9,15,4,1,-2,-1,-3,-3,0,0,0,12,-61,76,None
0,39,-5,-1,7,1,0,-6,0,0,0,0,12,-61,76,None
0,39,-5,-1,7,1,0,-6,0,0,0,0,12,-61,76,None
0,39,-5,-1,7,1,0,-6,0,0,0,0,13,-41,75,None
0,-46,32,-3,-2,-2,-3,-11,-15,0,0,0,13,-41,75,None
0,-8,21,-3,-16,-1,-3,2,3,0,0,0,13,-41,75,None
0,-39,0,-1,8,2,2,-1,-8,0,0,0,13,-41,75,None
0,1,5,0,0,1,-2,-3,3,0,0,0,13,-41,75,None
0,1,5,0,0,1,-2,-3,3,0,0,0,13,-41,75,None
0,1,5,0,0,1,-2,-3,3,0,0,0,20,-51,85,None
0,20,-20,-4,-4,2,3,6,5,0,0,0,20,-51,85,None
0,37,2,-1,-5,3,1,0,-1,0,0,0,20,-51,85,None
0,-2,11,0,4,-4,-1,4,0,0,0,0,20,-51,85,None
0,-20,-10,-3,-2,3,-2,-11,-9,0,0,0,20,-51,85,None
0,-20,-10,-3,-2,3,-2,-11,-9,0,0,0,20,-51,85,None
0,-20,-10,-3,-2,3,-2,-11,-9,0,0,0,26,-65,78,None
0,-7,-2,-4,-13,-3,-4,-6,1,0,0,0,26,-65,78,None
0,-16,-5,2,26,-5,-2,2,0,0,0,0,26,-65,78,None
0,7,4,-5,-10,11,1,0,-3,0,0,0,26,-65,78,None
0,-33,-23,-2,1,0,-1,-3,1,0,0,0,26,-65,78,None
0,-33,-23,-2,1,0,-1,-3,1,0,0,0,26,-65,78,None
0,-33,-23,-2,1,0,-1,-3,1,0,0,0,27,-64,75,None
0,58,9,0,-1,2,-3,-3,5,0,0,0,27,-64,75,None
0,-41,-10,-4,-1,-10,-6,2,0,0,0,0,27,-64,75,None
0,2,-10,-1,5,-3,-2,-1,-10,0,0,0,27,-64,75,None
0,-1,13,0,1,3,-1,-2,0,0,0,0,27,-64,75,None
0,-1,13,0,1,3,-1,-2,0,0,0,0,27,-64,75,None
0,-1,13,0,1,3,-1,-2,0,0,0,0,37,-55,73,None
0,21,-2,1,5,0,-2,-21,-8,0,0,0,37,-55,73,None
0,-32,-6,-5,-11,6,0,6,3,0,0,0,37,-55,73,None
0,8,-6,0,-1,-4,-3,8,5,0,0,0,37,-55,73,None
0,-16,4,-1,-5,-3,-5,-14,-15,0,0,0,37,-55,73,None
0,-16,4,-1,-5,-3,-5,-14,-15,0,0,0,37,-55,73,None
0,-16,4,-1,-5,-3,-5,-14,-15,0,0,0,52,-61,67,None
0,22,-4,4,8,2,-3,-3,4,0,0,0,52,-61,67,None
0,-34,5,-3,-9,5,2,-9,-3,0,0,0,52,-61,67,None
0,7,-3,-1,3,1,-3,-6,-1,0,0,0,52,-61,67,None
0,-16,5,0,7,-2,-3,13,3,0,0,0,52,-61,67,None
0,-16,5,0,7,-2,-3,13,3,0,0,0,52,-61,67,None
0,-16,5,0,7,-2,-3,13,3,0,0,0,70,-54,67,None
0,3,-3,-6,-10,-14,0,11,8,0,0,0,70,-54,67,None
0,24,-7,-4,-11,9,1,-7,-7,0,0,0,70,-54,67,None
0,-17,1,3,39,-2,0,7,-1,0,0,0,70,-54,67,None
0,4,3,-12,-50,4,-1,-7,-2,0,0,0,70,-54,67,None
0,4,3,-12,-50,4,-1,-7,-2,0,0,0,70,-54,67,None
0,4,3,-12,-50,4,-1,-7,-2,0,0,0,81,-39,64,None
0,-20,3,0,-5,-6,-8,-4,-4,0,0,0,81,-39,64,None
0,22,1,-1,-10,-7,-4,2,1,0,0,0,81,-39,64,None
0,-14,-1,1,-1,15,-1,0,1,0,0,0,81,-39,64,None
0,0,6,0,20,4,-2,-4,-3,0,0,0,81,-39,64,None
0,0,6,0,20,4,-2,-4,-3,0,0,0,81,-39,64,None
0,0,6,0,20,4,-2,-4,-3,0,0,0,84,-35,65,None
0,-9,3,-2,-2,-6,6,3,0,0,0,0,84,-35,65,None
0,4,6,-4,-1,2,-1,1,4,0,0,0,84,-35,65,None
0,7,0,-3,0,-13,-3,-9,-6,0,0,0,84,-35,65,None
0,-5,12,0,4,4,-1,-9,-5,0,0,0,84,-35,65,None
0,-5,12,0,4,4,-1,-9,-5,0,0,0,84,-35,65,None
0,-5,12,0,4,4,-1,-9,-5,0,0,0,70,-44,62,None
0,0,-3,-5,-7,2,-2,5,5,0,0,0,70,-44,62,None
0,22,-1,3,7,-3,-1,7,-1,0,0,0,70,-44,62,None
0,-7,5,-4,-10,1,1,-4,-4,0,0,0,70,-44,62,None
0,-3,-1,0,1,6,0,1,1,0,0,0,70,-44,62,None
0,-3,-1,0,1,6,0,1,1,0,0,0,70,-44,62,None
0,-3,-1,0,1,6,0,1,1,0,0,0,64,-46,67,None
0,-6,-1,-2,-1,1,-2,2,-1,0,0,0,64,-46,67,None
0,21,6,-2,2,2,-2,-3,-3,0,0,0,64,-46,67,None
0,-2,-5,-4,-7,-2,-2,-2,1,0,0,0,64,-46,67,None
0,-26,2,-1,-4,-9,-2,5,-1,0,0,0,64,-46,67,None
0,-26,2,-1,-4,-9,-2,5,-1,0,0,0,64,-46,67,None
0,-26,2,-1,-4,-9,-2,5,-1,0,0,0,64,-42,66,None
0,3,-4,-1,8,4,1,0,-1,0,0,0,64,-42,66,None
0,8,1,-1,-2,8,0,0,-3,0,0,0,64,-42,66,None
0,3,1,-1,-6,-7,0,-5,-1,0,0,0,64,-42,66,None
0,-20,-6,-2,4,4,-4,-3,-6,0,0,0,64,-42,66,None
0,-20,-6,-2,4,4,-4,-3,-6,0,0,0,64,-42,66,None
0,-20,-6,-2,4,4,-4,-3,-6,0,0,0,59,-45,67,None
0,16,1,-3,-2,-22,-4,0,2,0,0,0,59,-45,67,None
0,-31,-2,-3,5,39,-1,-8,-2,0,0,0,59,-45,67,None
0,4,0,-2,-2,-11,1,-2,-2,0,0,0,59,-45,67,None
0,3,0,-3,0,1,-2,-5,-1,0,0,0,59,-45,67,None
0,3,0,-3,0,1,-2,-5,-1,0,0,0,59,-45,67,None
0,3,0,-3,0,1,-2,-5,-1,0,0,0,50,-50,66,None
0,6,-1,0,1,-10,0,-3,-5,0,0,0,50,-50,66,None
0,9,2,-2,-10,-9,-2,6,2,0,0,0,50,-50,66,None
0,-16,-5,-3,-4,7,0,0,1,0,0,0,50,-50,66,None
0,5,6,-1,1,-4,1,-3,-4,0,0,0,50,-50,66,None
0,5,6,-1,1,-4,1,-3,-4,0,0,0,50,-50,66,None
0,5,6,-1,1,-4,1,-3,-4,0,0,0,44,-53,68,None
0,11,2,-1,7,10,-2,-1,-3,0,0,0,44,-53,68,None
0,-18,0,-6,-16,-11,0,1,-3,0,0,0,44,-53,68,None
0,8,6,2,3,9,-2,-3,-3,0,0,0,44,-53,68,None
0,-4,7,-1,2,-8,0,-1,0,0,0,0,44,-53,68,None
0,-4,7,-1,2,-8,0,-1,0,0,0,0,44,-53,68,None
0,-4,7,-1,2,-8,0,-1,0,0,0,0,36,-58,70,None
0,2,-2,-3,0,10,-1,-1,1,0,0,0,36,-58,70,None
0,-2,0,-2,1,-6,-4,2,-3,0,0,0,36,-58,70,None
0,-18,-4,-4,-5,-6,0,-10,-4,0,0,0,36,-58,70,None
0,-5,9,-1,0,2,-1,1,0,0,0,0,36,-58,70,None
0,-5,9,-1,0,2,-1,1,0,0,0,0,36,-58,70,None
0,-5,9,-1,0,2,-1,1,0,0,0,0,24,-66,71,None
0,-9,-4,-1,8,8,-1,-5,-1,0,0,0,24,-66,71,None
0,18,22,-3,-11,-7,2,6,1,0,0,0,24,-66,71,None
0,-1,-29,-4,-2,5,-1,0,-1,0,0,0,24,-66,71,None
0,8,2,0,3,-1,-2,-6,-3,0,0,0,24,-66,71,None
0,8,2,0,3,-1,-2,-6,-3,0,0,0,24,-66,71,None
0,8,2,0,3,-1,-2,-6,-3,0,0,0,7,-71,71,None
0,-9,-2,-3,-2,7,0,2,3,0,0,0,7,-71,71,None
0,-2,2,0,3,-10,-3,-5,-2,0,0,0,7,-71,71,None
0,21,9,0,1,1,-1,5,1,0,0,0,7,-71,71,None
0,-35,-11,-3,8,7,-2,-7,-5,0,0,0,7,-71,71,None
0,-35,-11,-3,8,7,-2,-7,-5,0,0,0,7,-71,71,None
0,-35,-11,-3,8,7,-2,-7,-5,0,0,0,0,-74,76,None
0,-1,7,-4,-25,-4,-2,-2,-1,0,0,0,0,-74,76,None
0,-7,-6,0,7,1,2,0,-3,0,0,0,0,-74,76,None
0,6,3,-5,-6,2,-2,2,-3,0,0,0,0,-74,76,None
0,13,4,3,15,0,2,-1,-1,0,0,0,0,-74,76,None
0,13,4,3,15,0,2,-1,-1,0,0,0,0,-74,76,None
0,13,4,3,15,0,2,-1,-1,0,0,0,-18,-81,77,None
0,0,-6,0,-1,8,1,-1,-2,0,0,0,-18,-81,77,None
0,8,5,0,-9,-6,-1,-2,0,0,0,0,-18,-81,77,None
0,-26,-7,-2,3,2,-1,-2,-7,0,0,0,-18,-81,77,None
0,15,-4,-5,-8,-2,2,5,1,0,0,0,-18,-81,77,None
0,15,-4,-5,-8,-2,2,5,1,0,0,0,-18,-81,77,None
0,15,-4,-5,-8,-2,2,5,1,0,0,0,-25,-80,76,None
0,-14,2,0,5,0,-3,-3,1,0,0,0,-25,-80,76,None
0,0,-4,2,7,4,-1,-2,-5,0,0,0,-25,-80,76,None
0,15,18,0,-4,-1,-2,-1,3,0,0,0,-25,-80,76,None
0,-4,-13,-3,-3,-2,-3,-1,-1,0,0,0,-25,-80,76,None
0,-4,-13,-3,-3,-2,-3,-1,-1,0,0,0,-25,-80,76,None
0,-4,-13,-3,-3,-2,-3,-1,-1,0,0,0,-18,-68,79,None
0,6,-2,-4,1,1,-4,-13,-3,0,0,0,-18,-68,79,None
0,-5,0,-1,7,-1,0,0,0,0,0,0,-18,-68,79,None
0,-1,20,-3,-6,0,0,-2,-1,0,0,0,-18,-68,79,None
0,-4,-13,-4,-8,-2,1,4,2,0,0,0,-18,-68,79,None
0,-4,-13,-4,-8,-2,1,4,2,0,0,0,-18,-68,79,None
0,-4,-13,-4,-8,-2,1,4,2,0,0,0,-12,-67,80,None
0,0,5,0,8,2,3,3,-4,0,0,0,-12,-67,80,None
0,-4,-6,-1,-6,3,2,-1,1,0,0,0,-12,-67,80,None
0,25,-4,-2,5,1,-1,2,0,0,0,0,-12,-67,80,None
0,-25,-18,-9,-6,-1,1,8,0,0,0,0,-12,-67,80,None
0,-25,-18,-9,-6,-1,1,8,0,0,0,0,-12,-67,80,None
0,-25,-18,-9,-6,-1,1,8,0,0,0,0,-5,-73,82,None
0,20,-4,-2,-5,1,-2,-11,-2,0,0,0,-5,-73,82,None
0,-28,0,-1,6,-4,-3,-3,-4,0,0,0,-5,-73,82,None
0,10,-1,-2,-1,0,0,1,2,0,0,0,-5,-73,82,None
0,16,10,-1,-5,-1,-1,4,0,0,0,0,-5,-73,82,None
0,16,10,-1,-5,-1,-1,4,0,0,0,0,-5,-73,82,None
0,16,10,-1,-5,-1,-1,4,0,0,0,0,8,-71,82,None
0,-13,8,0,4,4,0,-6,-2,0,0,0,8,-71,82,None
0,5,-10,-2,11,-3,-6,-2,-4,0,0,0,8,-71,82,None
0,-19,4,-2,-12,0,0,-3,-4,0,0,0,8,-71,82,None
0,14,12,-2,-3,-1,-1,0,1,0,0,0,8,-71,82,None
0,14,12,-2,-3,-1,-1,0,1,0,0,0,8,-71,82,None
0,14,12,-2,-3,-1,-1,0,1,0,0,0,13,-66,81,None
0,-16,-4,-2,-2,0,-2,4,-1,0,0,0,13,-66,81,None
0,13,3,-2,1,-3,-1,-5,0,0,0,0,13,-66,81,None
0,-9,-4,1,8,0,-3,-4,-4,0,0,0,13,-66,81,None
0,-2,4,-1,4,2,-4,-5,0,0,0,0,13,-66,81,None
0,-2,4,-1,4,2,-4,-5,0,0,0,0,13,-66,81,None
0,-2,4,-1,4,2,-4,-5,0,0,0,0,27,-62,78,None
0,13,6,-4,-10,-2,-2,0,1,0,0,0,27,-62,78,None
0,-14,-7,-4,-7,-4,-1,2,-8,0,0,0,27,-62,78,None
0,1,10,-2,2,0,-1,-3,-7,0,0,0,27,-62,78,None
0,-13,6,0,3,3,-3,-7,4,0,0,0,27,-62,78,None
0,-13,6,0,3,3,-3,-7,4,0,0,0,27,-62,78,None
0,-13,6,0,3,3,-3,-7,4,0,0,0,41,-59,76,None
0,-9,5,0,5,1,-1,3,-3,0,0,0,41,-59,76,None
0,10,-6,-4,-5,-3,-1,-1,1,0,0,0,41,-59,76,None
0,-11,1,-5,-13,-5,-3,-6,-4,0,0,0,41,-59,76,None
0,6,1,1,2,0,-1,2,1,0,0,0,41,-59,76,None
0,6,1,1,2,0,-1,2,1,0,0,0,41,-59,76,None
0,6,1,1,2,0,-1,2,1,0,0,0,56,-54,74,None
0,10,-3,1,10,3,-1,-5,-3,0,0,0,56,-54,74,None
0,-5,8,-5,-16,-1,-3,5,0,0,0,0,56,-54,74,None
0,23,-11,-4,3,0,-3,-5,2,0,0,0,56,-54,74,None
0,-20,1,-2,-2,-2,0,-9,-8,0,0,0,56,-54,74,None
0,-20,1,-2,-2,-2,0,-9,-8,0,0,0,56,-54,74,None
0,-20,1,-2,-2,-2,0,-9,-8,0,0,0,65,-50,71,None
0,11,-6,-3,-3,-8,-3,2,4,0,0,0,65,-50,71,None
0,8,5,2,0,5,0,-3,-1,0,0,0,65,-50,71,None
0,-12,-4,1,8,8,4,6,5,0,0,0,65,-50,71,None
0,8,6,0,13,3,0,-2,-5,0,0,0,65,-50,71,None
0,8,6,0,13,3,0,-2,-5,0,0,0,65,-50,71,None
0,8,6,0,13,3,0,-2,-5,0,0,0,74,-42,70,None
0,-12,7,-9,-21,-2,2,3,-2,0,0,0,74,-42,70,None
0,6,-1,0,7,4,-2,-3,-2,0,0,0,74,-42,70,None
0,11,3,-1,-5,-4,-3,-1,0,0,0,0,74,-42,70,None
0,-6,0,-1,0,-20,-3,-1,-2,0,0,0,74,-42,70,None
0,-6,0,-1,0,-20,-3,-1,-2,0,0,0,74,-42,70,None
0,-6,0,-1,0,-20,-3,-1,-2,0,0,0,77,-36,69,None
0,-26,-7,0,4,22,-3,-5,-1,0,0,0,77,-36,69,None
0,-4,9,-2,-1,-3,1,-1,0,0,0,0,77,-36,69,None
0,17,-2,-1,-2,-6,-4,-1,-1,0,0,0,77,-36,69,None
0,-2,-1,-3,-5,7,0,-1,0,0,0,0,77,-36,69,None
0,-2,-1,-3,-5,7,0,-1,0,0,0,0,77,-36,69,None
0,-2,-1,-3,-5,7,0,-1,0,0,0,0,69,-39,66,None
0,0,1,-1,1,-4,2,9,-2,0,0,0,69,-39,66,None
0,-4,-3,-5,-7,-4,1,-12,-6,0,0,0,69,-39,66,None
0,-12,-1,-3,2,7,0,-3,-1,0,0,0,69,-39,66,None
0,17,1,1,1,1,1,-1,-4,0,0,0,69,-39,66,None
0,17,1,1,1,1,1,-1,-4,0,0,0,69,-39,66,None
0,17,1,1,1,1,1,-1,-4,0,0,0,66,-41,67,None
0,-2,3,0,1,-4,-1,-2,0,0,0,0,66,-41,67,None
0,-3,-6,-3,-1,4,-2,-2,-1,0,0,0,66,-41,67,None
0,-13,-5,-2,-1,-6,-3,0,-2,0,0,0,66,-41,67,None
0,3,2,-1,-3,-14,1,2,0,0,0,0,66,-41,67,None
0,3,2,-1,-3,-14,1,2,0,0,0,0,66,-41,67,None
0,3,2,-1,-3,-14,1,2,0,0,0,0,68,-40,69,None
0,4,-3,-1,2,29,-2,0,-2,0,0,0,68,-40,69,None
0,15,4,-2,5,20,-2,0,2,0,0,0,68,-40,69,None
0,-24,1,-2,-7,-25,-1,-2,-2,0,0,0,68,-40,69,None
0,2,-1,-2,1,10,-5,-4,-1,0,0,0,68,-40,69,None
0,2,-1,-2,1,10,-5,-4,-1,0,0,0,68,-40,69,None
0,2,-1,-2,1,10,-5,-4,-1,0,0,0,62,-42,68,None
0,-9,-1,-1,-5,-33,-6,-1,-1,0,0,0,62,-42,68,None
0,5,-2,-1,-4,3,-2,-3,1,0,0,0,62,-42,68,None
0,-5,5,-1,0,19,1,4,-4,0,0,0,62,-42,68,None
0,23,1,-2,4,-4,-2,5,0,0,0,0,62,-42,68,None
0,23,1,-2,4,-4,-2,5,0,0,0,0,62,-42,68,None
0,23,1,-2,4,-4,-2,5,0,0,0,0,54,-45,69,None
0,-34,-4,-4,1,1,1,-14,-3,0,0,0,54,-45,69,None
0,2,2,-3,-1,-5,-4,-2,0,0,0,0,54,-45,69,None
0,2,2,-1,-5,-5,-4,-5,-4,0,0,0,54,-45,69,None
0,22,-2,-2,-2,5,-3,5,-2,0,0,0,54,-45,69,None
0,22,-2,-2,-2,5,-3,5,-2,0,0,0,54,-45,69,None
0,22,-2,-2,-2,5,-3,5,-2,0,0,0,46,-50,72,None
0,4,4,-2,2,-2,1,4,-1,0,0,0,46,-50,72,None
0,-9,3,-1,0,5,1,-7,-5,0,0,0,46,-50,72,None
0,-2,-3,0,1,-2,-2,0,1,0,0,0,46,-50,72,None
0,-2,2,-4,-5,4,1,-3,-1,0,0,0,46,-50,72,None
0,-2,2,-4,-5,4,1,-3,-1,0,0,0,46,-50,72,None
0,-2,2,-4,-5,4,1,-3,-1,0,0,0,30,-64,76,None
0,8,-2,-2,-4,4,-3,2,-1,0,0,0,30,-64,76,None
0,-4,-1,-2,-3,-16,1,2,-2,0,0,0,30,-64,76,None
0,1,-2,-2,0,15,0,0,-1,0,0,0,30,-64,76,None
0,-13,-1,-2,-1,-5,-2,-3,-2,0,0,0,30,-64,76,None
0,-13,-1,-2,-1,-5,-2,-3,-2,0,0,0,30,-64,76,None
0,-13,-1,-2,-1,-5,-2,-3,-2,0,0,0,12,-67,74,None
0,8,0,-4,-9,-5,3,1,-3,0,0,0,12,-67,74,None
0,-5,0,2,6,5,-3,1,2,0,0,0,12,-67,74,None
0,3,8,0,-7,-1,1,-1,-2,0,0,0,12,-67,74,None
0,-16,1,1,13,6,1,-3,-1,0,0,0,12,-67,74,None
0,-16,1,1,13,6,1,-3,-1,0,0,0,12,-67,74,None
0,-16,1,1,13,6,1,-3,-1,0,0,0,6,-67,79,None
0,16,4,-5,-21,-2,1,2,-2,0,0,0,6,-67,79,None
0,1,-2,-3,-1,-7,0,6,1,0,0,0,6,-67,79,None
0,-12,2,-2,2,3,-1,-13,-3,0,0,0,6,-67,79,None
0,-4,0,-3,-1,5,-2,-4,-4,0,0,0,6,-67,79,None
0,-4,0,-3,-1,5,-2,-4,-4,0,0,0,6,-67,79,None
0,-4,0,-3,-1,5,-2,-4,-4,0,0,0,-6,-78,80,None
0,0,1,2,12,1,-2,-2,-2,0,0,0,-6,-78,80,None
0,1,2,-2,-3,1,-1,5,-2,0,0,0,-6,-78,80,None
0,3,-1,-3,1,0,1,0,-2,0,0,0,-6,-78,80,None
0,-12,-1,-3,-6,-4,-1,-5,-1,0,0,0,-6,-78,80,None
0,-12,-1,-3,-6,-4,-1,-5,-1,0,0,0,-6,-78,80,None
0,-12,-1,-3,-6,-4,-1,-5,-1,0,0,0,-19,-81,78,None
0,-4,-3,-1,1,2,0,-2,-3,0,0,0,-19,-81,78,None
0,3,0,0,6,0,1,-1,-3,0,0,0,-19,-81,78,None
0,13,-1,-2,-5,0,-3,1,-1,0,0,0,-19,-81,78,None
0,-17,4,-4,-7,3,0,0,-2,0,0,0,-19,-81,78,None
0,-17,4,-4,-7,3,0,0,-2,0,0,0,-19,-81,78,None
0,-17,4,-4,-7,3,0,0,-2,0,0,0,-21,-77,78,None
0,6,-2,1,9,3,1,2,-1,0,0,0,-21,-77,78,None
0,-9,0,1,8,-2,0,-6,0,0,0,0,-21,-77,78,None
0,6,-3,-4,-5,-3,-3,-11,-3,0,0,0,-21,-77,78,None
0,2,3,-1,-12,0,-4,-1,-2,0,0,0,-21,-77,78,None
0,2,3,-1,-12,0,-4,-1,-2,0,0,0,-21,-77,78,None
0,2,3,-1,-12,0,-4,-1,-2,0,0,0,-10,-68,78,None
0,-3,2,1,18,3,0,1,1,0,0,0,-10,-68,78,None
0,0,-12,-6,-27,-4,-2,1,-3,0,0,0,-10,-68,78,None
0,-11,-4,-1,3,2,0,-3,-3,0,0,0,-10,-68,78,None
0,9,9,-1,-5,-3,-3,0,-1,0,0,0,-10,-68,78,None
0,9,9,-1,-5,-3,-3,0,-1,0,0,0,-10,-68,78,None
0,9,9,-1,-5,-3,-3,0,-1,0,0,0,-16,-72,78,None
0,1,-2,-5,0,-3,-1,-5,-2,0,0,0,-16,-72,78,None
0,-4,5,0,6,0,1,1,1,0,0,0,-16,-72,78,None
0,-11,4,2,7,2,2,2,-3,0,0,0,-16,-72,78,None
0,5,-3,-5,-9,0,0,-1,-3,0,0,0,-16,-72,78,None
0,5,-3,-5,-9,0,0,-1,-3,0,0,0,-16,-72,78,None
0,5,-3,-5,-9,0,0,-1,-3,0,0,0,-2,-73,75,None
0,-24,1,-2,-1,0,0,1,-4,0,0,0,-2,-73,75,None
0,4,6,-1,2,0,0,-3,0,0,0,0,-2,-73,75,None
0,-3,-2,-2,-3,-1,-1,-1,-2,0,0,0,-2,-73,75,None
0,1,-1,0,6,0,1,4,0,0,0,0,-2,-73,75,None
0,1,-1,0,6,0,1,4,0,0,0,0,-2,-73,75,None
0,1,-1,0,6,0,1,4,0,0,0,0,7,-66,77,None
0,1,0,0,1,0,-2,2,2,0,0,0,7,-66,77,None
0,1,-1,-4,-2,-3,-3,-9,-2,0,0,0,7,-66,77,None
0,-3,-1,-2,0,3,-1,-1,-2,0,0,0,7,-66,77,None
0,-4,-4,-1,1,0,-1,0,-1,0,0,0,7,-66,77,None
0,-4,-4,-1,1,0,-1,0,-1,0,0,0,7,-66,77,None
0,-4,-4,-1,1,0,-1,0,-1,0,0,0,10,-62,78,None
0,13,1,-3,-5,-2,0,-2,-4,0,0,0,10,-62,78,None
0,-24,0,0,3,1,-2,-6,-1,0,0,0,10,-62,78,None
0,-2,-7,-5,-7,-3,-2,8,1,0,0,0,10,-62,78,None
0,-10,1,1,2,1,1,-9,-4,0,0,0,10,-62,78,None
0,-10,1,1,2,1,1,-9,-4,0,0,0,10,-62,78,None
0,-10,1,1,2,1,1,-9,-4,0,0,0,21,-60,78,None
0,-7,1,-1,-2,0,-3,5,-1,0,0,0,21,-60,78,None
0,4,2,-2,6,2,-2,-7,-2,0,0,0,21,-60,78,None
0,0,4,-1,1,1,1,1,-1,0,0,0,21,-60,78,None
0,0,-2,-3,-4,0,0,0,-2,0,0,0,21,-60,78,None
0,0,-2,-3,-4,0,0,0,-2,0,0,0,21,-60,78,None
0,0,-2,-3,-4,0,0,0,-2,0,0,0,32,-62,78,None
0,2,-4,-4,1,-1,-1,-2,0,0,0,0,32,-62,78,None
0,8,2,1,-2,0,-1,4,0,0,0,0,32,-62,78,None
0,-7,-2,-2,3,1,-2,-5,-3,0,0,0,32,-62,78,None
0,-2,0,-2,-2,-1,-3,-1,1,0,0,0,32,-62,78,None
0,-2,0,-2,-2,-1,-3,-1,1,0,0,0,32,-62,78,None
0,-2,0,-2,-2,-1,-3,-1,1,0,0,0,43,-61,75,None
0,-3,-1,-2,-1,-1,-3,-5,-1,0,0,0,43,-61,75,None
0,6,2,-3,-2,0,-2,1,-2,0,0,0,43,-61,75,None
0,-4,-1,-1,-1,-2,-2,-1,1,0,0,0,43,-61,75,None
0,10,-1,-1,3,-3,-2,-3,0,0,0,0,43,-61,75,None
0,10,-1,-1,3,-3,-2,-3,0,0,0,0,43,-61,75,None
0,10,-1,-1,3,-3,-2,-3,0,0,0,0,51,-55,76,None
0,-1,2,0,-5,2,-1,-3,-2,0,0,0,51,-55,76,None
0,-8,-3,-3,0,1,0,3,-2,0,0,0,51,-55,76,None
0,6,-2,-1,2,-6,-4,-6,-1,0,0,0,51,-55,76,None
0,-3,1,-1,-6,-3,-2,-1,-1,0,0,0,51,-55,76,None
0,-3,1,-1,-6,-3,-2,-1,-1,0,0,0,51,-55,76,None
0,-3,1,-1,-6,-3,-2,-1,-1,0,0,0,57,-47,73,None
0,-2,3,-2,2,9,0,-1,-2,0,0,0,57,-47,73,None
0,0,0,0,2,0,-1,-2,-2,0,0,0,57,-47,73,None
0,0,2,-1,-2,-1,-3,0,0,0,0,0,57,-47,73,None
0,-1,0,-2,5,0,-2,-3,-1,0,0,0,57,-47,73,None
0,-1,0,-2,5,0,-2,-3,-1,0,0,0,57,-47,73,None
0,-1,0,-2,5,0,-2,-3,-1,0,0,0,64,-41,70,None
0,-7,-3,-5,-4,-3,-5,-4,0,0,0,0,64,-41,70,None
0,2,3,-7,-6,-3,-2,0,-1,0,0,0,64,-41,70,None
0,1,3,4,3,0,2,-1,-2,0,0,0,64,-41,70,None
0,-5,1,1,0,2,1,1,-2,0,0,0,64,-41,70,None
0,-5,1,1,0,2,1,1,-2,0,0,0,64,-41,70,None
0,-5,1,1,0,2,1,1,-2,0,0,0,68,-41,70,None
0,5,0,-3,-4,-4,-2,-2,-2,0,0,0,68,-41,70,None
0,-3,1,-2,-2,-3,1,0,-2,0,0,0,68,-41,70,None
0,0,3,-1,2,7,-1,0,-1,0,0,0,68,-41,70,None
0,-4,-3,-8,-8,-7,-4,-3,-2,0,0,0,68,-41,70,None
0,-4,-3,-8,-8,-7,-4,-3,-2,0,0,0,68,-41,70,None
0,-4,-3,-8,-8,-7,-4,-3,-2,0,0,0,61,-45,69,None
0,0,1,7,6,8,3,0,-1,0,0,0,61,-45,69,None
0,0,-1,4,-2,8,2,-2,-1,0,0,0,61,-45,69,None
0,-4,0,1,6,-13,1,-2,-2,0,0,0,61,-45,69,None
0,1,-2,-2,-1,9,0,-2,-1,0,0,0,61,-45,69,None
0,1,-2,-2,-1,9,0,-2,-1,0,0,0,61,-45,69,None
0,1,-2,-2,-1,9,0,-2,-1,0,0,0,62,-41,70,None
0,0,5,-7,-21,-2,-1,1,-1,0,0,0,62,-41,70,None
0,-2,-1,-4,0,-2,-6,-4,-2,0,0,0,62,-41,70,None
0,0,-1,1,8,5,4,0,-1,0,0,0,62,-41,70,None
0,0,4,-2,-1,-1,7,1,-3,0,0,0,62,-41,70,None
0,0,4,-2,-1,-1,7,1,-3,0,0,0,62,-41,70,None
0,0,4,-2,-1,-1,7,1,-3,0,0,0,65,-38,69,None
0,-1,-1,-5,22,-7,-8,-3,-1,0,0,0,65,-38,69,None
0,-1,5,1,-40,9,0,-1,-1,0,0,0,65,-38,69,None
0,0,2,-5,1,-11,-3,-2,-2,0,0,0,65,-38,69,None
0,-2,1,-3,1,14,-1,-3,-1,0,0,0,65,-38,69,None
0,-2,1,-3,1,14,-1,-3,-1,0,0,0,65,-38,69,None
0,-2,1,-3,1,14,-1,-3,-1,0,0,0,64,-40,71,None
0,0,2,0,9,-4,2,-2,0,0,0,0,64,-40,71,None
0,0,-1,0,14,-2,-4,0,-1,0,0,0,64,-40,71,None
0,1,3,1,0,3,2,-1,-1,0,0,0,64,-40,71,None
0,-4,-1,-5,-7,-7,-1,-3,-2,0,0,0,64,-40,71,None
0,-4,-1,-5,-7,-7,-1,-3,-2,0,0,0,64,-40,71,None
0,-4,-1,-5,-7,-7,-1,-3,-2,0,0,0,57,-50,71,None
0,-1,-3,-3,-9,2,-3,-5,-3,0,0,0,57,-50,71,None
0,-2,1,2,17,-2,2,3,1,0,0,0,57,-50,71,None
0,-2,1,-7,-11,3,-2,0,-2,0,0,0,57,-50,71,None
0,-2,-2,-2,0,2,-1,2,-3,0,0,0,57,-50,71,None
0,-2,-2,-2,0,2,-1,2,-3,0,0,0,57,-50,71,None
0,-2,-2,-2,0,2,-1,2,-3,0,0,0,49,-60,71,None
0,0,-4,-3,-4,-2,-4,-4,-1,0,0,0,49,-60,71,None
0,-1,-2,-7,-10,-11,-6,-5,-3,0,0,0,49,-60,71,None
0,-1,-4,-3,-2,-14,-2,-1,1,0,0,0,49,-60,71,None
0,1,1,3,9,36,1,0,3,0,0,0,49,-60,71,None
0,1,1,3,9,36,1,0,3,0,0,0,49,-60,71,None
0,1,1,3,9,36,1,0,3,0,0,0,44,-64,76,None
0,-2,1,-2,-2,-10,1,1,-2,0,0,0,44,-64,76,None
0,-2,-1,-2,3,6,-1,-1,-2,0,0,0,44,-64,76,None
0,0,1,-1,12,-5,-4,-4,-2,0,0,0,44,-64,76,None
0,-1,-1,-9,-31,-8,-4,-3,-2,0,0,0,44,-64,76,None
0,-1,-1,-9,-31,-8,-4,-3,-2,0,0,0,44,-64,76,None
0,-1,-1,-9,-31,-8,-4,-3,-2,0,0,0,22,-74,77,None
0,-1,0,-3,-6,8,1,-2,1,0,0,0,22,-74,77,None
0,1,0,1,2,-4,1,0,0,0,0,0,22,-74,77,None
0,-1,2,-3,-2,6,-3,-2,-1,0,0,0,22,-74,77,None
0,-1,1,-1,12,-4,-2,-2,-2,0,0,0,22,-74,77,None
0,-1,1,-1,12,-4,-2,-2,-2,0,0,0,22,-74,77,None
0,-1,1,-1,12,-4,-2,-2,-2,0,0,0,3,-79,71,None
0,-2,0,-1,-2,5,0,-1,0,0,0,0,3,-79,71,None
0,-2,2,2,5,-1,-1,-2,-2,0,0,0,3,-79,71,None
0,-1,-1,-5,-5,5,-1,-1,0,0,0,0,3,-79,71,None
0,-1,0,17,9,-5,-1,1,-2,0,0,0,3,-79,71,None
0,-1,0,17,9,-5,-1,1,-2,0,0,0,3,-79,71,None
0,-1,0,17,9,-5,-1,1,-2,0,0,0,1,-76,74,None
0,-2,-2,-10,-3,-3,0,-2,-4,0,0,0,1,-76,74,None
0,0,1,-1,9,2,2,-1,-1,0,0,0,1,-76,74,None
0,0,4,2,-12,6,-1,1,-2,0,0,0,1,-76,74,None
0,-1,2,-1,-2,-6,-2,-4,-3,0,0,0,1,-76,74,None
0,-1,2,-1,-2,-6,-2,-4,-3,0,0,0,1,-76,74,None
0,-1,2,-1,-2,-6,-2,-4,-3,0,0,0,-5,-71,72,None
0,0,0,0,5,2,1,1,0,0,0,0,-5,-71,72,None
0,-2,0,-17,-3,-2,0,-2,-1,0,0,0,-5,-71,72,None
0,-1,-4,4,2,8,0,-1,-3,0,0,0,-5,-71,72,None
0,-3,0,-8,0,-5,-1,0,0,0,0,0,-5,-71,72,None
0,-3,0,-8,0,-5,-1,0,0,0,0,0,-5,-71,72,None
0,-3,0,-8,0,-5,-1,0,0,0,0,0,-1,-69,74,None
0,0,2,12,5,1,-1,-1,-2,0,0,0,-1,-69,74,None
0,-1,-4,8,-5,1,-1,-2,-2,0,0,0,-1,-69,74,None
0,-2,-5,-7,0,3,-2,-1,0,0,0,0,-1,-69,74,None
0,1,0,-7,-6,-7,-2,-2,-2,0,0,0,-1,-69,74,None
0,1,0,-7,-6,-7,-2,-2,-2,0,0,0,-1,-69,74,None
0,1,0,-7,-6,-7,-2,-2,-2,0,0,0,0,-64,74,None
0,-2,1,44,3,3,0,-1,-4,0,0,0,0,-64,74,None
0,-1,-1,-16,7,1,1,0,-1,0,0,0,0,-64,74,None
0,0,6,21,-6,2,-2,-1,-1,0,0,0,0,-64,74,None
0,-1,-3,-34,-13,-4,1,1,0,0,0,0,0,-64,74,None
0,-1,-3,-34,-13,-4,1,1,0,0,0,0,0,-64,74,None
0,-1,-3,-34,-13,-4,1,1,0,0,0,0,7,-56,71,None
0,0,1,-28,12,0,-2,0,3,0,0,0,7,-56,71,None
0,-3,0,-30,-14,2,-2,0,-1,0,0,0,7,-56,71,None
0,-2,2,20,-9,0,2,-2,-3,0,0,0,7,-56,71,None
0,2,2,31,18,3,0,-1,-2,0,0,0,7,-56,71,None
0,2,2,31,18,3,0,-1,-2,0,0,0,7,-56,71,None
0,2,2,31,18,3,0,-1,-2,0,0,0,12,-56,68,None
0,-3,-7,-16,-28,-2,-4,-5,-3,0,0,0,12,-56,68,None
0,-2,0,-27,12,-4,-1,-3,0,0,0,0,12,-56,68,None
0,1,8,54,29,7,4,2,0,0,0,0,12,-56,68,None
0,-6,1,-49,-27,-7,-11,-5,-3,0,0,0,12,-56,68,None
0,-6,1,-49,-27,-7,-11,-5,-3,0,0,0,12,-56,68,None
0,-6,1,-49,-27,-7,-11,-5,-3,0,0,0,17,-57,67,None
0,2,2,81,25,3,-4,2,2,0,0,0,17,-57,67,None
0,-2,5,20,-2,-1,-4,-3,-1,0,0,0,17,-57,67,None
0,-4,-7,-28,-20,-7,4,0,-6,0,0,0,17,-57,67,None
0,0,-7,-64,2,0,4,1,1,0,0,0,17,-57,67,None
0,0,-7,-64,2,0,4,1,1,0,0,0,17,-57,67,None
0,0,-7,-64,2,0,4,1,1,0,0,0,21,-60,67,None
0,0,6,0,-4,2,-4,-4,1,0,0,0,21,-60,67,None
0,0,0,123,17,3,3,1,-1,0,0,0,21,-60,67,None
0,-4,-8,-71,7,-3,-7,-3,0,0,0,0,21,-60,67,None
0,-3,-6,-78,-4,0,0,-2,-3,0,0,0,21,-60,67,None
0,-3,-6,-78,-4,0,0,-2,-3,0,0,0,21,-60,67,None
0,-3,-6,-78,-4,0,0,-2,-3,0,0,0,20,-63,68,None
0,-2,4,34,-40,0,3,2,-5,0,0,0,20,-63,68,None
0,0,-4,-99,14,-2,-2,-1,-1,0,0,0,20,-63,68,None
0,1,2,-11,-33,-4,3,-3,-1,0,0,0,20,-63,68,None
0,-2,4,-34,0,-4,-10,-6,-8,0,0,0,20,-63,68,None
0,-2,4,-34,0,-4,-10,-6,-8,0,0,0,20,-63,68,None
0,-2,4,-34,0,-4,-10,-6,-8,0,0,0,17,-63,68,None
0,0,-1,-6,40,6,-1,-1,2,0,0,0,17,-63,68,None
0,-5,9,80,-20,-10,-1,-7,3,0,0,0,17,-63,68,None
0,3,9,-31,0,5,1,-1,-22,0,0,0,17,-63,68,None
0,-4,6,36,0,1,1,0,0,0,0,0,17,-63,68,None
0,-4,6,36,0,1,1,0,0,0,0,0,17,-63,68,None
0,-4,6,36,0,1,1,0,0,0,0,0,25,-55,69,None
0,2,24,20,-4,-2,3,1,0,0,0,0,25,-55,69,None
0,0,-8,-7,30,5,-4,-4,-3,0,0,0,25,-55,69,None
0,-3,-7,-71,-13,-1,9,-1,4,0,0,0,25,-55,69,None
0,5,13,41,-31,1,-2,7,5,0,0,0,25,-55,69,None
0,5,13,41,-31,1,-2,7,5,0,0,0,25,-55,69,None
0,5,13,41,-31,1,-2,7,5,0,0,0,30,-51,70,None
0,-5,-10,-38,-38,-10,2,1,-10,0,0,0,30,-51,70,None
0,0,16,-88,24,5,0,2,-1,0,0,0,30,-51,70,None
0,-4,0,95,-67,-5,-14,-4,0,0,0,0,30,-51,70,None
0,-2,4,-5,43,-4,-4,-4,-3,0,0,0,30,-51,70,None
0,-2,4,-5,43,-4,-4,-4,-3,0,0,0,30,-51,70,None
0,-2,4,-5,43,-4,-4,-4,-3,0,0,0,38,-52,71,None
0,1,-12,-7,19,4,-2,0,18,0,0,0,38,-52,71,None
0,1,3,-35,-16,3,-2,-2,-24,0,0,0,38,-52,71,None
0,3,5,67,-3,3,1,3,0,0,0,0,38,-52,71,None
0,-10,1,36,47,1,3,-5,3,0,0,0,38,-52,71,None
0,-10,1,36,47,1,3,-5,3,0,0,0,38,-52,71,None
0,-10,1,36,47,1,3,-5,3,0,0,0,43,-56,74,None
0,1,-18,-65,-18,-4,-1,-6,-1,0,0,0,43,-56,74,None
0,9,24,96,0,1,0,1,8,0,0,0,43,-56,74,None
0,-11,-46,-6,48,-3,-6,-1,1,0,0,0,43,-56,74,None
0,6,7,48,5,10,16,2,-4,0,0,0,43,-56,74,None
0,6,7,48,5,10,16,2,-4,0,0,0,43,-56,74,None
0,6,7,48,5,10,16,2,-4,0,0,0,45,-47,75,None
0,-3,11,11,34,2,6,-3,-13,0,0,0,45,-47,75,None
0,-5,-7,63,-1,-3,-6,0,8,0,0,0,45,-47,75,None
0,7,8,-55,-45,5,-8,-2,3,0,0,0,45,-47,75,None
0,-4,2,31,7,-1,2,-1,-2,0,0,0,45,-47,75,None
0,-4,2,31,7,-1,2,-1,-2,0,0,0,45,-47,75,None
0,-4,2,31,7,-1,2,-1,-2,0,0,0,47,-41,75,None
0,0,-12,-11,-22,5,7,0,2,0,0,0,47,-41,75,None
0,-2,-12,-84,3,1,2,0,-2,0,0,0,47,-41,75,None
0,-2,14,-26,-9,-1,3,-1,7,0,0,0,47,-41,75,None
0,3,-19,2,-10,-1,-1,-5,-28,0,0,0,47,-41,75,None
0,3,-19,2,-10,-1,-1,-5,-28,0,0,0,47,-41,75,None
0,3,-19,2,-10,-1,-1,-5,-28,0,0,0,52,-41,73,None
0,0,11,-45,-16,-2,-7,-1,-3,0,0,0,52,-41,73,None
0,-5,-6,67,-3,-5,-5,-4,0,0,0,0,52,-41,73,None
0,0,-17,-15,2,1,-4,-3,-2,0,0,0,52,-41,73,None
0,2,0,34,7,2,-5,-1,10,0,0,0,52,-41,73,None
0,2,0,34,7,2,-5,-1,10,0,0,0,52,-41,73,None
0,2,0,34,7,2,-5,-1,10,0,0,0,53,-49,68,None
0,-3,8,-35,11,2,-5,-2,-2,0,0,0,53,-49,68,None
0,-4,-3,-40,-18,-2,1,1,-6,0,0,0,53,-49,68,None
0,-8,0,31,10,-1,-1,-3,-6,0,0,0,53,-49,68,None
0,0,0,0,-22,0,-5,-1,-6,0,0,0,53,-49,68,None
0,0,0,0,-22,0,-5,-1,-6,0,0,0,53,-49,68,None
0,0,0,0,-22,0,-5,-1,-6,0,0,0,53,-47,66,None
0,-3,-3,-15,-3,-3,-6,-2,-2,0,0,0,53,-47,66,None
0,-1,-4,-23,-1,2,-1,-1,1,0,0,0,53,-47,66,None
0,2,14,33,31,6,0,-2,0,0,0,0,53,-47,66,None
0,-2,-2,16,-10,-1,0,-2,-2,0,0,0,53,-47,66,None
0,-2,-2,16,-10,-1,0,-2,-2,0,0,0,53,-47,66,None
0,-2,-2,16,-10,-1,0,-2,-2,0,0,0,61,-45,67,None
0,-3,4,65,-6,-3,-4,-2,4,0,0,0,61,-45,67,None
0,-1,-2,-10,-4,1,-3,0,-2,0,0,0,61,-45,67,None
0,2,6,-2,16,1,-2,-1,-1,0,0,0,61,-45,67,None
0,-2,-3,12,-13,-2,-4,-2,4,0,0,0,61,-45,67,None
0,-2,-3,12,-13,-2,-4,-2,4,0,0,0,61,-45,67,None
0,-2,-3,12,-13,-2,-4,-2,4,0,0,0,85,-71,94,None
0,-1,-5,-11,15,1,-7,-2,-3,0,0,0,85,-71,94,None
0,1,-1,0,-13,-2,-4,0,3,0,0,0,85,-71,94,None
0,-4,9,-4,15,2,-3,-3,-35,0,0,0,85,-71,94,None
0,0,1,-35,-3,0,2,0,25,0,0,0,85,-71,94,None
0,0,1,-35,-3,0,2,0,25,0,0,0,85,-71,94,None
0,0,1,-35,-3,0,2,0,25,0,0,0,75,-48,95,None
0,-2,4,18,6,0,5,-4,-2,0,0,0,75,-48,95,None
0,0,1,2,-7,0,5,-2,-6,0,0,0,75,-48,95,None
0,1,2,-49,-3,1,3,-1,6,0,0,0,75,-48,95,None
0,-1,3,-1,4,0,1,-1,-2,0,0,0,75,-48,95,None
0,-1,3,-1,4,0,1,-1,-2,0,0,0,75,-48,95,None
0,-1,3,-1,4,0,1,-1,-2,0,0,0,38,-16,78,None
0,-1,-1,25,-2,-1,2,-1,-5,0,0,0,38,-16,78,None
0,-2,-4,-13,-10,0,0,-2,8,0,0,0,38,-16,78,None
0,1,0,16,9,2,-1,-2,7,0,0,0,38,-16,78,None
0,-3,-5,7,-4,0,-1,0,-5,0,0,0,38,-16,78,None
0,-3,-5,7,-4,0,-1,0,-5,0,0,0,38,-16,78,None
0,-3,-5,7,-4,0,-1,0,-5,0,0,0,43,-40,73,None
0,-1,-1,-1,4,2,-1,0,2,0,0,0,43,-40,73,None
0,-1,0,-15,-3,2,-2,-1,-4,0,0,0,43,-40,73,None
0,-1,7,21,7,-1,-3,0,3,0,0,0,43,-40,73,None
0,-2,0,-52,-3,-1,-4,-3,-7,0,0,0,43,-40,73,None
0,-2,0,-52,-3,-1,-4,-3,-7,0,0,0,43,-40,73,None
0,-2,0,-52,-3,-1,-4,-3,-7,0,0,0,57,-54,67,None
0,-1,0,-3,-3,1,-3,-4,-5,0,0,0,57,-54,67,None
0,-1,1,-1,-11,-2,-2,-2,-1,0,0,0,57,-54,67,None
0,-3,-6,-8,-3,-1,-4,-2,1,0,0,0,57,-54,67,None
0,-1,2,14,-2,-1,-5,-3,1,0,0,0,57,-54,67,None
0,-1,2,14,-2,-1,-5,-3,1,0,0,0,57,-54,67,None
0,-1,2,14,-2,-1,-5,-3,1,0,0,0,59,-43,68,None
0,1,0,16,7,-2,-3,0,-1,0,0,0,59,-43,68,None
0,0,1,-4,-1,2,-2,-2,-6,0,0,0,59,-43,68,None
0,2,3,-35,0,1,4,-1,-1,0,0,0,59,-43,68,None
0,-2,1,8,-4,0,0,-1,-22,0,0,0,59,-43,68,None
0,-2,1,8,-4,0,0,-1,-22,0,0,0,59,-43,68,None
0,-2,1,8,-4,0,0,-1,-22,0,0,0,60,-33,70,None
0,0,5,-3,11,3,0,0,-4,0,0,0,60,-33,70,None
0,1,0,6,-2,1,1,0,-5,0,0,0,60,-33,70,None
0,-3,1,-10,-1,-1,-1,0,-5,0,0,0,60,-33,70,None
0,0,1,5,3,3,-1,-1,3,0,0,0,60,-33,70,None
0,0,1,5,3,3,-1,-1,3,0,0,0,60,-33,70,None
0,0,1,5,3,3,-1,-1,3,0,0,0,61,-36,72,None
0,-2,3,-11,-6,0,1,-2,-2,0,0,0,61,-36,72,None
0,-5,-1,-10,-4,-1,0,-1,-1,0,0,0,61,-36,72,None
0,-1,1,17,8,0,-1,-1,3,0,0,0,61,-36,72,None
0,0,-1,7,-2,-1,1,0,2,0,0,0,61,-36,72,None
0,0,-1,7,-2,-1,1,0,2,0,0,0,61,-36,72,None
0,0,-1,7,-2,-1,1,0,2,0,0,0,57,-41,74,None
0,0,0,4,-3,1,-2,1,0,0,0,0,57,-41,74,None
0,-1,-1,-6,-3,-2,-2,-2,1,0,0,0,57,-41,74,None
0,-8,-2,47,2,-3,-3,-2,-1,0,0,0,57,-41,74,None
0,0,1,26,6,1,-2,-1,0,0,0,0,57,-41,74,None
0,0,1,26,6,1,-2,-1,0,0,0,0,57,-41,74,None
0,0,1,26,6,1,-2,-1,0,0,0,0,54,-44,73,None
0,-2,-1,-12,-2,2,-1,-3,-4,0,0,0,54,-44,73,None
0,-1,1,-3,2,1,-1,-1,0,0,0,0,54,-44,73,None
0,1,1,-15,-3,-1,-2,-1,-1,0,0,0,54,-44,73,None
0,-1,0,-7,-6,-2,-2,-2,0,0,0,0,54,-44,73,None
0,-1,0,-7,-6,-2,-2,-2,0,0,0,0,54,-44,73,None
0,-1,0,-7,-6,-2,-2,-2,0,0,0,0,56,-45,70,None
0,-3,-2,7,-2,-1,-2,-2,0,0,0,0,56,-45,70,None
0,-2,-1,0,-1,0,-1,-2,-1,0,0,0,56,-45,70,None
0,0,-2,-7,-1,0,-1,-2,2,0,0,0,56,-45,70,None
0,-3,-1,5,-1,1,-2,-2,0,0,0,0,56,-45,70,None
0,-3,-1,5,-1,1,-2,-2,0,0,0,0,56,-45,70,None
0,-3,-1,5,-1,1,-2,-2,0,0,0,0,56,-43,69,None
0,2,2,-15,-3,1,0,1,-3,0,0,0,56,-43,69,None
0,-2,-1,3,1,-1,-1,-1,-1,0,0,0,56,-43,69,None
0,2,2,-6,2,-1,-1,-1,1,0,0,0,56,-43,69,None
0,1,2,-3,1,2,0,-1,-6,0,0,0,56,-43,69,None
0,1,2,-3,1,2,0,-1,-6,0,0,0,56,-43,69,None
0,1,2,-3,1,2,0,-1,-6,0,0,0,56,-42,68,None
0,-7,2,28,0,2,0,1,9,0,0,0,56,-42,68,None
0,6,0,5,-3,-2,-2,-2,-4,0,0,0,56,-42,68,None
0,1,0,7,4,0,-1,-3,-1,0,0,0,56,-42,68,None
0,-2,-3,1,-1,-1,-1,-2,-1,0,0,0,56,-42,68,None
0,-2,-3,1,-1,-1,-1,-2,-1,0,0,0,56,-42,68,None
0,-2,-3,1,-1,-1,-1,-2,-1,0,0,0,55,-42,69,None
0,0,0,7,-4,-1,-2,-2,-2,0,0,0,55,-42,69,None
0,-4,-1,-7,0,1,-1,1,0,0,0,0,55,-42,69,None
0,-4,-1,-7,0,1,-1,1,0,0,0,0,55,-42,69,None
0,-4,-1,-7,0,1,-1,1,0,0,0,0,56,-43,68,None
0,-2,0,-11,-3,-1,-1,-1,2,0,0,0,56,-43,68,None
0,1,2,5,0,1,-2,-1,1,0,0,0,56,-43,68,None
0,0,-1,-22,-4,-2,-2,-4,-5,0,0,0,56,-43,68,None
0,-2,1,2,2,1,0,-1,-1,0,0,0,56,-43,68,None
0,-1,0,-9,0,1,0,-1,-4,0,0,0,56,-43,68,None
0,-5,-1,-7,-2,0,-3,-2,-1,0,0,0,56,-43,68,None
0,-5,-1,-7,-2,0,-3,-2,-1,0,0,0,56,-43,68,None
0,-5,-1,-7,-2,0,-3,-2,-1,0,0,0,54,-42,69,None
0,-2,-4,15,6,-1,-2,-1,2,0,0,0,54,-42,69,None
0,-3,0,-34,-2,0,-2,-2,-2,0,0,0,54,-42,69,None
0,-1,1,25,1,1,-1,0,-2,0,0,0,54,-42,69,None
0,0,2,4,4,-1,0,-1,1,0,0,0,54,-42,69,None
0,0,2,4,4,-1,0,-1,1,0,0,0,54,-42,69,None
0,0,2,4,4,-1,0,-1,1,0,0,0,55,-43,68,None
0,-1,1,-10,-2,-1,-1,-1,-4,0,0,0,55,-43,68,None
0,-1,2,8,-1,0,1,-2,-2,0,0,0,55,-43,68,None
0,-3,-1,-11,-1,0,-2,-2,1,0,0,0,55,-43,68,None
0,-1,0,-7,-1,-1,-2,-2,1,0,0,0,55,-43,68,None
0,-1,0,-7,-1,-1,-2,-2,1,0,0,0,55,-43,68,None
0,-1,0,-7,-1,-1,-2,-2,1,0,0,0,56,-43,69,None
0,-1,4,-13,-4,-1,-1,-1,-4,0,0,0,56,-43,69,None
0,-2,-2,5,2,0,-2,-2,0,0,0,0,56,-43,69,None
0,0,2,-6,-2,1,-1,-3,0,0,0,0,56,-43,69,None
0,0,2,0,-1,0,1,-1,-1,0,0,0,56,-43,69,None
0,0,2,0,-1,0,1,-1,-1,0,0,0,56,-43,69,None
0,0,2,0,-1,0,1,-1,-1,0,0,0,56,-41,69,None
0,-1,1,-8,-1,0,-2,-1,-1,0,0,0,56,-41,69,None
0,0,1,2,-1,1,-1,-2,-1,0,0,0,56,-41,69,None
0,-8,1,-1,-2,0,1,0,-1,0,0,0,56,-41,69,None
0,6,1,15,2,0,-1,0,5,0,0,0,56,-41,69,None
0,6,1,15,2,0,-1,0,5,0,0,0,56,-41,69,None
0,6,1,15,2,0,-1,0,5,0,0,0,57,-40,70,None
0,-3,-1,6,1,1,0,-1,-3,0,0,0,57,-40,70,None
0,-2,1,-36,0,0,1,-1,-2,0,0,0,57,-40,70,None
0,-1,1,1,1,1,-1,-1,-2,0,0,0,57,-40,70,None
0,-4,-1,-6,-3,0,-2,-4,-1,0,0,0,57,-40,70,None
0,-4,-1,-6,-3,0,-2,-4,-1,0,0,0,57,-40,70,None
0,-4,-1,-6,-3,0,-2,-4,-1,0,0,0,57,-41,70,None
0,-1,-3,-6,-5,-1,-2,0,-1,0,0,0,57,-41,70,None
0,-1,2,13,1,1,-1,-2,-1,0,0,0,57,-41,70,None
0,0,1,-1,0,1,-1,-1,-3,0,0,0,57,-41,70,None
0,-3,-3,-16,-4,-2,1,-1,-5,0,0,0,57,-41,70,None
0,-3,-3,-16,-4,-2,1,-1,-5,0,0,0,57,-41,70,None
0,-3,-3,-16,-4,-2,1,-1,-5,0,0,0,57,-41,71,None
0,2,1,-10,-1,0,1,-1,-3,0,0,0,57,-41,71,None
0,-1,-2,5,-2,0,0,-1,-3,0,0,0,57,-41,71,None
0,1,-1,-6,1,1,-1,-2,-5,0,0,0,57,-41,71,None
0,-2,2,8,-1,1,-1,-2,1,0,0,0,57,-41,71,None
0,-2,2,8,-1,1,-1,-2,1,0,0,0,57,-41,71,None
0,-2,2,8,-1,1,-1,-2,1,0,0,0,57,-41,71,None
0,-2,0,-14,-3,-1,-2,-1,-2,0,0,0,57,-41,71,None
0,-2,-1,8,1,-1,-4,-3,-3,0,0,0,57,-41,71,None
0,0,-1,-6,-1,-1,-1,-3,-1,0,0,0,57,-41,71,None
0,-1,2,-1,0,-1,-1,0,-4,0,0,0,57,-41,71,None
0,-1,2,-1,0,-1,-1,0,-4,0,0,0,57,-41,71,None
0,-1,2,-1,0,-1,-1,0,-4,0,0,0,56,-41,71,None
0,1,-1,-6,-2,-1,-2,-3,-2,0,0,0,56,-41,71,None
0,-5,-1,2,-2,1,-1,-2,-5,0,0,0,56,-41,71,None
0,-1,0,4,1,1,0,0,12,0,0,0,56,-41,71,None
0,-3,2,1,-3,2,1,0,-3,0,0,0,56,-41,71,None
0,-3,2,1,-3,2,1,0,-3,0,0,0,56,-41,71,None
0,-3,2,1,-3,2,1,0,-3,0,0,0,56,-41,71,None
0,-1,-2,-5,3,-1,-1,-1,-4,0,0,0,56,-41,71,None
0,1,0,4,1,0,-1,-1,3,0,0,0,56,-41,71,None
0,-1,0,2,-1,-2,-1,-1,-7,0,0,0,56,-41,71,None
0,-1,-1,-3,-1,1,-3,-3,-2,0,0,0,56,-41,71,None
0,-1,-1,-3,-1,1,-3,-3,-2,0,0,0,56,-41,71,None
0,-1,-1,-3,-1,1,-3,-3,-2,0,0,0,57,-41,71,None
0,-2,0,0,-2,0,-2,-2,6,0,0,0,57,-41,71,None
0,0,-1,0,-1,0,-1,0,2,0,0,0,57,-41,71,None
0,0,-2,-7,-1,0,-2,-1,-1,0,0,0,57,-41,71,None
0,-2,0,-6,0,-1,-1,0,1,0,0,0,57,-41,71,None
0,-2,0,-6,0,-1,-1,0,1,0,0,0,57,-41,71,None
0,-2,0,-6,0,-1,-1,0,1,0,0,0,56,-41,70,None
0,1,1,-2,2,2,1,-1,-3,0,0,0,56,-41,70,None
0,-2,2,-2,-3,0,-1,0,2,0,0,0,56,-41,70,None
0,0,-1,-4,-1,0,-1,-2,-3,0,0,0,56,-41,70,None
0,0,1,-3,-1,1,-2,0,1,0,0,0,56,-41,70,None
0,0,1,-3,-1,1,-2,0,1,0,0,0,56,-41,70,None
0,0,1,-3,-1,1,-2,0,1,0,0,0,56,-42,70,None
0,-1,1,-4,-2,0,-1,-3,-2,0,0,0,56,-42,70,None
0,-2,-1,1,1,-1,-1,-1,1,0,0,0,56,-42,70,None
0,-2,-1,1,1,-1,-1,-1,1,0,0,0,56,-42,70,None
0,-2,-1,1,1,-1,-1,-1,1,0,0,0,56,-42,70,None
0,2,0,-4,-2,-2,-2,-2,9,0,0,0,56,-42,70,None
0,-3,0,3,-1,-1,1,-1,-26,0,0,0,56,-42,70,None
0,-4,-4,-12,1,-2,-3,-3,7,0,0,0,56,-42,70,None
0,-1,3,7,0,2,-1,0,-5,0,0,0,56,-42,70,None
0,1,2,-1,1,2,-1,-1,-4,0,0,0,56,-42,70,None
0,-2,-3,-4,1,0,0,-2,5,0,0,0,56,-42,70,None
0,-2,-3,-4,1,0,0,-2,5,0,0,0,56,-42,70,None
0,-2,-3,-4,1,0,0,-2,5,0,0,0,56,-42,71,None
0,-1,2,1,-3,0,0,-1,-6,0,0,0,56,-42,71,None
0,-1,3,-2,0,1,0,-1,-1,0,0,0,56,-42,71,None
0,-4,0,-6,0,1,0,-2,-4,0,0,0,56,-42,71,None
0,-1,-1,-5,0,1,-3,-1,1,0,0,0,56,-42,71,None
0,-1,-1,-5,0,1,-3,-1,1,0,0,0,56,-42,71,None
0,-1,-1,-5,0,1,-3,-1,1,0,0,0,56,-41,70,None
0,1,-1,2,0,-1,-2,-1,-2,0,0,0,56,-41,70,None
0,1,0,-6,0,0,-1,-2,1,0,0,0,56,-41,70,None
0,-3,2,19,-1,0,-1,0,-6,0,0,0,56,-41,70,None
0,-2,-3,-27,0,-1,-3,-4,2,0,0,0,56,-41,70,None
0,-2,-3,-27,0,-1,-3,-4,2,0,0,0,56,-41,70,None
0,-2,-3,-27,0,-1,-3,-4,2,0,0,0,56,-41,70,None
0,0,2,7,-5,0,1,0,4,0,0,0,56,-41,70,None
0,-1,1,8,5,1,-2,-2,-19,0,0,0,56,-41,70,None
0,0,0,-3,0,0,-1,-1,2,0,0,0,56,-41,70,None
0,-1,5,-1,-2,1,1,0,1,0,0,0,56,-41,70,None
0,-1,5,-1,-2,1,1,0,1,0,0,0,56,-41,70,None
0,-1,5,-1,-2,1,1,0,1,0,0,0,57,-42,70,None
0,-2,0,3,-3,1,-1,-1,-4,0,0,0,57,-42,70,None
0,-2,-2,-6,-4,-2,-2,-1,1,0,0,0,57,-42,70,None
0,-4,1,-9,-2,1,-1,-2,-2,0,0,0,57,-42,70,None
0,-1,-1,9,2,2,0,-1,0,0,0,0,57,-42,70,None
0,-1,-1,9,2,2,0,-1,0,0,0,0,57,-42,70,None
0,-1,-1,9,2,2,0,-1,0,0,0,0,57,-41,69,None
0,-2,0,-8,0,0,-3,-2,0,0,0,0,57,-41,69,None
0,-2,0,1,-2,0,-1,-1,3,0,0,0,57,-41,69,None
0,0,0,-4,0,0,2,-1,-14,0,0,0,57,-41,69,None
0,0,2,-1,-2,0,0,0,23,0,0,0,57,-41,69,None
0,0,2,-1,-2,0,0,0,23,0,0,0,57,-41,69,None
0,0,2,-1,-2,0,0,0,23,0,0,0,57,-41,70,None
0,-1,1,-1,1,1,-1,-2,-6,0,0,0,57,-41,70,None
0,-3,2,-3,-4,-1,-2,-1,2,0,0,0,57,-41,70,None
0,-1,1,-13,-2,1,-2,-2,-4,0,0,0,57,-41,70,None
0,-2,0,13,4,-1,-1,-1,-7,0,0,0,57,-41,70,None
0,-2,0,13,4,-1,-1,-1,-7,0,0,0,57,-41,70,None
0,-2,0,13,4,-1,-1,-1,-7,0,0,0,56,-42,70,None
0,-1,0,-9,-1,1,-1,0,-2,0,0,0,56,-42,70,None
0,-3,0,0,-1,1,0,-2,0,0,0,0,56,-42,70,None
0,-2,-3,-5,-3,-1,-2,-2,3,0,0,0,56,-42,70,None
0,1,2,-4,-3,-2,-1,-1,-4,0,0,0,56,-42,70,None
0,1,2,-4,-3,-2,-1,-1,-4,0,0,0,56,-42,70,None
0,1,2,-4,-3,-2,-1,-1,-4,0,0,0,56,-42,70,None
0,-1,3,1,0,-1,-1,-1,-2,0,0,0,56,-42,70,None
0,0,0,-4,0,0,-2,-1,-2,0,0,0,56,-42,70,None
0,-1,-2,0,-2,0,-2,-2,2,0,0,0,56,-42,70,None
0,-2,1,-7,-1,0,2,-1,-4,0,0,0,56,-42,70,None
0,-2,1,-7,-1,0,2,-1,-4,0,0,0,56,-42,70,None
0,-2,1,-7,-1,0,2,-1,-4,0,0,0,56,-42,70,None
0,0,2,2,0,-1,-1,-2,-3,0,0,0,56,-42,70,None
0,0,-1,-3,0,0,-2,-2,12,0,0,0,56,-42,70,None
0,1,0,-2,-1,0,-1,0,-2,0,0,0,56,-42,70,None
0,0,0,-4,-3,1,-3,-2,1,0,0,0,56,-42,70,None
0,0,0,-4,-3,1,-3,-2,1,0,0,0,56,-42,70,None
0,0,0,-4,-3,1,-3,-2,1,0,0,0,56,-41,71,None
0,-2,-1,4,1,1,0,-1,-3,0,0,0,56,-41,71,None
0,0,0,2,2,1,-2,-3,6,0,0,0,56,-41,71,None
0,-3,1,0,1,1,-1,-2,-2,0,0,0,56,-41,71,None
0,0,0,-3,-1,1,-1,-2,9,0,0,0,56,-41,71,None
0,0,0,-3,-1,1,-1,-2,9,0,0,0,56,-41,71,None
0,0,0,-3,-1,1,-1,-2,9,0,0,0,57,-41,71,None
0,-3,-1,-7,-2,0,-2,-1,-2,0,0,0,57,-41,71,None
0,-1,1,3,-2,0,0,0,-7,0,0,0,57,-41,71,None
0,0,1,-1,-2,0,-1,0,0,0,0,0,57,-41,71,None
0,-2,-1,-2,2,0,-3,-2,-8,0,0,0,57,-41,71,None
0,-2,-1,-2,2,0,-3,-2,-8,0,0,0,57,-41,71,None
0,-2,-1,-2,2,0,-3,-2,-8,0,0,0,56,-41,70,None
0,-2,0,-1,0,-1,-1,-1,-1,0,0,0,56,-41,70,None
0,-4,0,-3,0,2,0,-1,-7,0,0,0,56,-41,70,None
0,4,-2,-7,-2,-1,-4,-1,16,0,0,0,56,-41,70,None
0,-1,0,6,0,1,-1,-3,-15,0,0,0,56,-41,70,None
0,-1,0,6,0,1,-1,-3,-15,0,0,0,56,-41,70,None
0,-1,0,6,0,1,-1,-3,-15,0,0,0,56,-41,70,None
0,-2,0,-8,-2,0,3,-1,-1,0,0,0,56,-41,70,None
0,1,-1,-1,0,0,-1,0,-5,0,0,0,56,-41,70,None
0,-2,0,1,1,0,-3,-1,0,0,0,0,56,-41,70,None
0,-1,3,-8,-1,1,0,0,-1,0,0,0,56,-41,70,None
0,-1,3,-8,-1,1,0,0,-1,0,0,0,56,-41,70,None
0,-1,3,-8,-1,1,0,0,-1,0,0,0,56,-41,70,None
0,1,2,-2,0,0,-1,-2,-2,0,0,0,56,-41,70,None
0,-2,-1,-3,-2,-1,1,-2,-2,0,0,0,56,-41,70,None
0,-3,2,-4,0,0,0,-2,-6,0,0,0,56,-41,70,None
0,0,-3,-1,-3,0,-2,-2,4,0,0,0,56,-41,70,None
0,0,-3,-1,-3,0,-2,-2,4,0,0,0,56,-41,70,None
0,0,-3,-1,-3,0,-2,-2,4,0,0,0,57,-41,70,None
0,0,0,5,0,1,-1,-1,-8,0,0,0,57,-41,70,None
0,0,-1,-9,-1,0,-2,-2,2,0,0,0,57,-41,70,None
0,-2,1,4,-1,1,0,-2,-2,0,0,0,57,-41,70,None
0,-1,1,-6,-2,-1,1,-1,-8,0,0,0,57,-41,70,None
0,-1,1,-6,-2,-1,1,-1,-8,0,0,0,57,-41,70,None
0,-1,1,-6,-2,-1,1,-1,-8,0,0,0,57,-41,70,None
0,-2,-1,5,-1,1,-1,-1,4,0,0,0,57,-41,70,None
0,0,4,-6,-1,0,1,-2,-1,0,0,0,57,-41,70,None
0,-1,1,-2,-1,0,0,0,-7,0,0,0,57,-41,70,None
0,-3,0,-2,0,1,-3,-2,-1,0,0,0,57,-41,70,None
0,-3,0,-2,0,1,-3,-2,-1,0,0,0,57,-41,70,None
0,-3,0,-2,0,1,-3,-2,-1,0,0,0,57,-41,70,None
0,0,2,-7,-2,0,-2,0,-1,0,0,0,57,-41,70,None
0,-5,0,0,-1,-1,-1,-1,9,0,0,0,57,-41,70,None
0,-1,-1,-8,-2,-1,0,-4,-12,0,0,0,57,-41,70,None
0,-2,-1,4,1,-1,-1,0,0,0,0,0,57,-41,70,None
0,-2,-1,4,1,-1,-1,0,0,0,0,0,57,-41,70,None
0,-2,-1,4,1,-1,-1,0,0,0,0,0,57,-41,71,None
0,-2,0,11,0,-1,0,-2,7,0,0,0,57,-41,71,None
0,0,-1,-15,-2,0,-1,0,-3,0,0,0,57,-41,71,None
0,-3,2,6,3,-1,0,-2,0,0,0,0,57,-41,71,None
0,-1,2,-8,0,2,0,-1,-3,0,0,0,57,-41,71,None
0,-1,2,-8,0,2,0,-1,-3,0,0,0,57,-41,71,None
0,-1,2,-8,0,2,0,-1,-3,0,0,0,57,-41,70,None
0,-1,1,0,0,1,-1,-1,-5,0,0,0,57,-41,70,None
0,-1,-2,2,-3,1,-2,-1,-7,0,0,0,57,-41,70,None
0,-1,1,-6,-1,0,0,0,0,0,0,0,57,-41,70,None
0,1,3,-3,-1,0,0,-1,-4,0,0,0,57,-41,70,None
0,1,3,-3,-1,0,0,-1,-4,0,0,0,57,-41,70,None
0,1,3,-3,-1,0,0,-1,-4,0,0,0,57,-41,70,None
0,-3,-3,-7,-2,0,-2,-3,2,0,0,0,57,-41,70,None
