0,1,-3,-38,-6,5,-2,-5,-3,0,0,0,28,-79,51,None
0,-11,-9,-6,2,-4,1,-3,-1,0,0,0,28,-79,51,None
0,1,3,-12,4,1,2,2,3,0,0,0,28,-79,51,None
0,1,3,-12,4,1,2,2,3,0,0,0,28,-79,51,None
0,1,3,-12,4,1,2,2,3,0,0,0,28,-66,49,None
0,-5,-8,17,7,13,4,-3,-14,0,0,0,28,-66,49,None
0,1,4,11,-1,0,2,0,5,0,0,0,28,-66,49,None
0,-6,-12,-15,-18,-13,-2,-4,-7,0,0,0,28,-66,49,None
0,3,3,-16,-4,-2,-6,0,8,0,0,0,28,-66,49,None
0,3,3,-16,-4,-2,-6,0,8,0,0,0,28,-66,49,None
0,3,3,-16,-4,-2,-6,0,8,0,0,0,22,-67,49,None
0,-1,9,-4,6,12,5,-3,-10,0,0,0,22,-67,49,None
0,-3,-1,-3,4,2,1,-3,-2,0,0,0,22,-67,49,None
0,-3,-3,-10,-1,2,2,1,3,0,0,0,22,-67,49,None
0,0,1,13,5,6,4,1,-1,0,0,0,22,-67,49,None
0,0,1,13,5,6,4,1,-1,0,0,0,22,-67,49,None
0,0,1,13,5,6,4,1,-1,0,0,0,24,-82,54,None
0,-2,3,-33,0,-2,-2,-4,-4,0,0,0,24,-82,54,None
0,-4,-2,-5,4,-4,-7,-2,-1,0,0,0,24,-82,54,None
0,-4,-6,16,0,6,2,-3,-2,0,0,0,24,-82,54,None
0,6,10,-10,-26,-3,-5,-3,1,0,0,0,24,-82,54,None
0,6,10,-10,-26,-3,-5,-3,1,0,0,0,24,-82,54,None
0,6,10,-10,-26,-3,-5,-3,1,0,0,0,17,-84,55,None
0,-4,-6,-14,7,-7,-8,3,-6,0,0,0,17,-84,55,None
0,-1,-3,4,5,5,6,-2,2,0,0,0,17,-84,55,None
0,1,4,1,-5,8,5,0,-2,0,0,0,17,-84,55,None
0,1,0,2,7,0,4,0,3,0,0,0,17,-84,55,None
0,1,0,2,7,0,4,0,3,0,0,0,17,-84,55,None
0,1,0,2,7,0,4,0,3,0,0,0,10,-73,54,None
0,-2,5,5,2,2,-4,-5,-5,0,0,0,10,-73,54,None
0,1,-2,-3,-16,-1,-3,-1,0,0,0,0,10,-73,54,None
0,-4,-7,5,5,-8,-9,-5,-1,0,0,0,10,-73,54,None
0,0,-1,0,5,6,7,2,1,0,0,0,10,-73,54,None
0,0,-1,0,5,6,7,2,1,0,0,0,10,-73,54,None
0,0,-1,0,5,6,7,2,1,0,0,0,14,-73,55,None
0,-1,0,0,-10,3,1,-8,-7,0,0,0,14,-73,55,None
0,0,3,-3,7,-1,-2,2,2,0,0,0,14,-73,55,None
0,-1,-2,-9,-18,0,0,-2,-3,0,0,0,14,-73,55,None
0,-6,1,-2,-7,-7,-10,-1,0,0,0,0,14,-73,55,None
0,-6,1,-2,-7,-7,-10,-1,0,0,0,0,14,-73,55,None
0,-6,1,-2,-7,-7,-10,-1,0,0,0,0,15,-81,58,None
0,-4,3,6,15,-9,-5,-3,-5,0,0,0,15,-81,58,None
0,-1,-3,-4,0,2,0,-2,-3,0,0,0,15,-81,58,None
0,-1,1,-5,-21,-12,-4,-4,-3,0,0,0,15,-81,58,None
0,-1,-2,-3,-6,10,-3,0,-1,0,0,0,15,-81,58,None
0,-1,-2,-3,-6,10,-3,0,-1,0,0,0,15,-81,58,None
0,-1,-2,-3,-6,10,-3,0,-1,0,0,0,10,-84,59,None
0,-3,0,-5,-9,0,-1,0,-1,0,0,0,10,-84,59,None
0,1,2,1,3,6,10,1,1,0,0,0,10,-84,59,None
0,-1,2,7,25,9,4,1,1,0,0,0,10,-84,59,None
0,-2,1,-4,-10,-7,-5,-5,-4,0,0,0,10,-84,59,None
0,-2,1,-4,-10,-7,-5,-5,-4,0,0,0,10,-84,59,None
0,-2,1,-4,-10,-7,-5,-5,-4,0,0,0,3,-85,55,None
0,-2,-1,11,8,0,-3,-3,-5,0,0,0,3,-85,55,None
0,-4,-3,-2,-16,-6,-12,-8,-3,0,0,0,3,-85,55,None
0,-1,2,-7,-4,-2,-1,3,1,0,0,0,3,-85,55,None
0,-1,0,4,11,2,-2,-6,0,0,0,0,3,-85,55,None
0,-1,0,4,11,2,-2,-6,0,0,0,0,3,-85,55,None
0,-1,0,4,11,2,-2,-6,0,0,0,0,0,-91,53,None
0,3,3,-4,-10,4,5,1,0,0,0,0,0,-91,53,None
0,-1,0,-5,1,3,-1,1,-2,0,0,0,0,-91,53,None
0,-2,0,3,-17,-2,1,-2,-2,0,0,0,0,-91,53,None
0,1,2,-6,12,-6,-1,3,0,0,0,0,0,-91,53,None
0,1,2,-6,12,-6,-1,3,0,0,0,0,0,-91,53,None
0,1,2,-6,12,-6,-1,3,0,0,0,0,0,-91,54,None
0,-2,-1,-6,-19,-4,-3,-3,-2,0,0,0,0,-91,54,None
0,-4,-3,-6,7,0,-5,-5,-3,0,0,0,0,-91,54,None
0,0,1,-9,5,3,3,1,0,0,0,0,0,-91,54,None
0,-2,3,3,15,-1,-5,-3,-3,0,0,0,0,-91,54,None
0,-2,3,3,15,-1,-5,-3,-3,0,0,0,0,-91,54,None
0,-2,3,3,15,-1,-5,-3,-3,0,0,0,0,-86,56,None
0,-1,1,-8,-10,0,6,1,0,0,0,0,0,-86,56,None
0,0,0,-2,5,5,1,0,0,0,0,0,0,-86,56,None
0,0,3,1,15,3,-5,-4,-2,0,0,0,0,-86,56,None
0,-1,0,-3,-9,-3,11,3,2,0,0,0,0,-86,56,None
0,-1,0,-3,-9,-3,11,3,2,0,0,0,0,-86,56,None
0,-1,0,-3,-9,-3,11,3,2,0,0,0,-6,-84,54,None
0,0,0,-2,-14,0,-4,-3,-3,0,0,0,-6,-84,54,None
0,-1,-1,-3,-1,-6,-3,-1,1,0,0,0,-6,-84,54,None
0,-1,-2,-4,15,17,4,-3,-2,0,0,0,-6,-84,54,None
0,0,0,5,3,4,-5,-1,-2,0,0,0,-6,-84,54,None
0,0,0,5,3,4,-5,-1,-2,0,0,0,-6,-84,54,None
0,0,0,5,3,4,-5,-1,-2,0,0,0,-12,-85,52,None
0,-2,0,15,17,4,-4,-2,-2,0,0,0,-12,-85,52,None
0,1,3,-8,-19,-17,-6,-1,1,0,0,0,-12,-85,52,None
0,-3,-3,-1,-3,4,4,1,-1,0,0,0,-12,-85,52,None
0,3,5,-1,-5,2,1,2,1,0,0,0,-12,-85,52,None
0,3,5,-1,-5,2,1,2,1,0,0,0,-12,-85,52,None
0,3,5,-1,-5,2,1,2,1,0,0,0,-15,-85,51,None
0,-4,-5,-12,13,-12,-5,-4,-4,0,0,0,-15,-85,51,None
0,-4,-3,11,-7,13,1,-1,-2,0,0,0,-15,-85,51,None
0,-2,5,-8,-9,-22,-8,-3,-1,0,0,0,-15,-85,51,None
0,-2,-5,5,14,30,0,-1,-1,0,0,0,-15,-85,51,None
0,-2,-5,5,14,30,0,-1,-1,0,0,0,-15,-85,51,None
0,-2,-5,5,14,30,0,-1,-1,0,0,0,-18,-84,50,None
0,-2,-1,-20,-13,-27,5,0,-2,0,0,0,-18,-84,50,None
0,1,2,-21,2,13,1,1,0,0,0,0,-18,-84,50,None
0,1,-3,3,8,8,-7,-7,-3,0,0,0,-18,-84,50,None
0,1,7,19,7,-1,1,1,1,0,0,0,-18,-84,50,None
0,1,7,19,7,-1,1,1,1,0,0,0,-18,-84,50,None
0,1,7,19,7,-1,1,1,1,0,0,0,-19,-85,52,None
0,-1,-6,-26,-15,-5,-4,1,2,0,0,0,-19,-85,52,None
0,-1,5,20,19,20,19,5,2,0,0,0,-19,-85,52,None
0,1,-2,-27,-11,-8,2,-2,-4,0,0,0,-19,-85,52,None
0,2,8,26,-3,-5,-10,-3,2,0,0,0,-19,-85,52,None
0,2,8,26,-3,-5,-10,-3,2,0,0,0,-19,-85,52,None
0,2,8,26,-3,-5,-10,-3,2,0,0,0,-16,-85,52,None
0,-3,-5,-4,3,7,-5,-3,-5,0,0,0,-16,-85,52,None
0,0,4,-2,11,11,-6,-2,-3,0,0,0,-16,-85,52,None
0,5,14,-21,1,-9,9,5,6,0,0,0,-16,-85,52,None
0,-8,-9,29,1,5,-5,-3,-4,0,0,0,-16,-85,52,None
0,-8,-9,29,1,5,-5,-3,-4,0,0,0,-16,-85,52,None
0,-8,-9,29,1,5,-5,-3,-4,0,0,0,-9,-84,51,None
0,4,14,7,1,15,2,-1,0,0,0,0,-9,-84,51,None
0,-2,-3,1,-38,-38,-2,0,-5,0,0,0,-9,-84,51,None
0,-1,2,-1,11,11,-3,-3,-1,0,0,0,-9,-84,51,None
0,4,-6,-112,-7,-13,0,1,4,0,0,0,-9,-84,51,None
0,4,-6,-112,-7,-13,0,1,4,0,0,0,-9,-84,51,None
0,4,-6,-112,-7,-13,0,1,4,0,0,0,-12,-85,49,None
0,-3,2,31,-3,0,0,0,2,0,0,0,-12,-85,49,None
0,2,2,-30,14,5,-5,2,20,0,0,0,-12,-85,49,None
0,-9,-14,42,-6,-13,-3,-4,-25,0,0,0,-12,-85,49,None
0,-2,5,-11,-10,12,4,3,10,0,0,0,-12,-85,49,None
0,-2,5,-11,-10,12,4,3,10,0,0,0,-12,-85,49,None
0,-2,5,-11,-10,12,4,3,10,0,0,0,-13,-84,48,None
0,2,4,-14,4,-6,-7,-2,-19,0,0,0,-13,-84,48,None
0,-5,-8,-18,11,7,-2,-7,-8,0,0,0,-13,-84,48,None
0,-1,8,26,-25,-25,-4,2,6,0,0,0,-13,-84,48,None
0,-3,-8,-19,-4,3,1,0,-1,0,0,0,-13,-84,48,None
0,-3,-8,-19,-4,3,1,0,-1,0,0,0,-13,-84,48,None
0,-3,-8,-19,-4,3,1,0,-1,0,0,0,-8,-83,48,None
0,5,18,13,25,14,6,3,-1,0,0,0,-8,-83,48,None
0,4,9,48,1,2,4,4,10,0,0,0,-8,-83,48,None
0,-7,-12,-10,2,7,-7,-5,-3,0,0,0,-8,-83,48,None
0,-1,2,2,1,6,6,-2,-28,0,0,0,-8,-83,48,None
0,-1,2,2,1,6,6,-2,-28,0,0,0,-8,-83,48,None
0,-1,2,2,1,6,6,-2,-28,0,0,0,-2,-85,51,None
0,-9,-8,-33,6,-2,-5,-5,8,0,0,0,-2,-85,51,None
0,5,3,-78,-20,-2,8,5,-9,0,0,0,-2,-85,51,None
0,-5,5,64,14,6,-8,-7,12,0,0,0,-2,-85,51,None
0,2,5,4,5,-6,4,1,3,0,0,0,-2,-85,51,None
0,2,5,4,5,-6,4,1,3,0,0,0,-2,-85,51,None
0,2,5,4,5,-6,4,1,3,0,0,0,4,-82,51,None
0,2,13,41,-19,-10,1,-2,7,0,0,0,4,-82,51,None
0,-7,-7,-44,2,1,-9,-8,-21,0,0,0,4,-82,51,None
0,-3,-6,-11,-16,-8,0,-3,-1,0,0,0,4,-82,51,None
0,-2,0,25,-7,-2,-7,-4,-6,0,0,0,4,-82,51,None
0,-2,0,25,-7,-2,-7,-4,-6,0,0,0,4,-82,51,None
0,-2,0,25,-7,-2,-7,-4,-6,0,0,0,5,-80,52,None
0,-9,-14,33,-3,-3,-4,-2,-2,0,0,0,5,-80,52,None
0,-2,-1,23,-3,3,0,-1,6,0,0,0,5,-80,52,None
0,8,13,-7,22,17,7,1,0,0,0,0,5,-80,52,None
0,-8,-23,7,-26,-22,-12,-9,-1,0,0,0,5,-80,52,None
0,-8,-23,7,-26,-22,-12,-9,-1,0,0,0,5,-80,52,None
0,-8,-23,7,-26,-22,-12,-9,-1,0,0,0,8,-84,53,None
0,-4,0,-6,-4,3,-2,-5,-11,0,0,0,8,-84,53,None
0,1,-3,17,9,-3,-3,0,13,0,0,0,8,-84,53,None
0,-2,-4,-2,-5,-4,-4,-2,-8,0,0,0,8,-84,53,None
0,-1,-6,-63,-21,-2,3,4,25,0,0,0,8,-84,53,None
0,-1,-6,-63,-21,-2,3,4,25,0,0,0,8,-84,53,None
0,-1,-6,-63,-21,-2,3,4,25,0,0,0,14,-85,52,None
0,2,4,-28,-4,3,-3,-3,-21,0,0,0,14,-85,52,None
0,-10,-3,76,-1,-8,-10,-9,-13,0,0,0,14,-85,52,None
0,1,2,-18,5,10,3,2,0,0,0,0,14,-85,52,None
0,1,8,19,11,0,2,-2,-1,0,0,0,14,-85,52,None
0,1,8,19,11,0,2,-2,-1,0,0,0,14,-85,52,None
0,1,8,19,11,0,2,-2,-1,0,0,0,18,-80,53,None
0,-1,-4,-14,-6,4,2,0,5,0,0,0,18,-80,53,None
0,0,2,-17,1,2,2,-3,-3,0,0,0,18,-80,53,None
0,-1,2,-10,1,-4,-4,-1,-4,0,0,0,18,-80,53,None
0,0,1,2,-3,2,3,-1,-6,0,0,0,18,-80,53,None
0,0,1,2,-3,2,3,-1,-6,0,0,0,18,-80,53,None
0,0,1,2,-3,2,3,-1,-6,0,0,0,26,-80,56,None
0,0,-1,-6,5,2,-16,-8,2,0,0,0,26,-80,56,None
0,-1,2,-1,-5,-11,-4,1,-3,0,0,0,26,-80,56,None
0,-4,-4,-32,-2,6,13,4,1,0,0,0,26,-80,56,None
0,-2,2,-9,7,12,-4,-1,-5,0,0,0,26,-80,56,None
0,-2,2,-9,7,12,-4,-1,-5,0,0,0,26,-80,56,None
0,-2,2,-9,7,12,-4,-1,-5,0,0,0,28,-82,56,None
0,1,0,3,3,-2,7,0,3,0,0,0,28,-82,56,None
0,-1,1,-2,-2,-8,-7,-5,-5,0,0,0,28,-82,56,None
0,-1,-2,-3,-7,1,-9,-3,0,0,0,0,28,-82,56,None
0,0,5,8,-5,-3,0,-6,-8,0,0,0,28,-82,56,None
0,0,5,8,-5,-3,0,-6,-8,0,0,0,28,-82,56,None
0,0,5,8,-5,-3,0,-6,-8,0,0,0,21,-81,55,None
0,-2,-4,-4,5,5,-1,4,4,0,0,0,21,-81,55,None
0,0,-1,-8,1,-2,-13,-9,-7,0,0,0,21,-81,55,None
0,0,3,-1,11,12,13,9,5,0,0,0,21,-81,55,None
0,-4,4,5,2,-9,2,0,-3,0,0,0,21,-81,55,None
0,-4,4,5,2,-9,2,0,-3,0,0,0,21,-81,55,None
0,-4,4,5,2,-9,2,0,-3,0,0,0,13,-81,54,None
0,-3,-5,-5,-10,8,-8,-7,-3,0,0,0,13,-81,54,None
0,-3,2,-1,2,-10,1,0,-2,0,0,0,13,-81,54,None
0,-1,-1,-3,-5,13,0,-4,-3,0,0,0,13,-81,54,None
0,0,2,2,-8,-19,-6,-2,-2,0,0,0,13,-81,54,None
0,0,2,2,-8,-19,-6,-2,-2,0,0,0,13,-81,54,None
0,0,2,2,-8,-19,-6,-2,-2,0,0,0,15,-81,55,None
0,2,2,-2,-9,8,27,13,5,0,0,0,15,-81,55,None
0,-4,-2,4,20,19,5,1,-1,0,0,0,15,-81,55,None
0,-3,-3,-6,-5,-11,-19,-10,-7,0,0,0,15,-81,55,None
0,-2,0,-1,-7,0,-10,-5,-5,0,0,0,15,-81,55,None
0,-2,0,-1,-7,0,-10,-5,-5,0,0,0,15,-81,55,None
0,-2,0,-1,-7,0,-10,-5,-5,0,0,0,18,-83,55,None
0,-1,1,1,1,-8,-13,-7,-1,0,0,0,18,-83,55,None
0,1,2,-5,2,-1,21,7,1,0,0,0,18,-83,55,None
0,0,-1,-2,5,8,4,7,4,0,0,0,18,-83,55,None
0,-3,-5,-4,-25,-4,2,-2,-3,0,0,0,18,-83,55,None
0,-3,-5,-4,-25,-4,2,-2,-3,0,0,0,18,-83,55,None
0,-3,-5,-4,-25,-4,2,-2,-3,0,0,0,16,-86,52,None
0,0,4,0,4,0,-12,-8,-3,0,0,0,16,-86,52,None
0,-2,-1,-5,1,4,-6,-1,1,0,0,0,16,-86,52,None
0,-1,0,0,-27,-8,12,0,-1,0,0,0,16,-86,52,None
0,-1,6,-2,13,9,-5,-2,-1,0,0,0,16,-86,52,None
0,-1,6,-2,13,9,-5,-2,-1,0,0,0,16,-86,52,None
0,-1,6,-2,13,9,-5,-2,-1,0,0,0,9,-87,51,None
0,-3,-9,-8,5,6,0,-1,-2,0,0,0,9,-87,51,None
0,-1,1,-7,-3,4,-5,-4,-2,0,0,0,9,-87,51,None
0,-1,-1,-1,3,-5,-13,-4,-3,0,0,0,9,-87,51,None
0,1,3,3,7,5,6,3,2,0,0,0,9,-87,51,None
0,1,3,3,7,5,6,3,2,0,0,0,9,-87,51,None
0,1,3,3,7,5,6,3,2,0,0,0,9,-85,50,None
0,-1,0,-5,6,10,9,1,-1,0,0,0,9,-85,50,None
0,-1,1,0,-10,-8,-10,-4,-2,0,0,0,9,-85,50,None
0,0,1,-4,-3,1,-5,-2,-1,0,0,0,9,-85,50,None
0,-1,0,4,15,1,-2,-8,-5,0,0,0,9,-85,50,None
0,-1,0,4,15,1,-2,-8,-5,0,0,0,9,-85,50,None
0,-1,0,4,15,1,-2,-8,-5,0,0,0,9,-83,50,None
0,-3,0,2,14,-3,-1,4,3,0,0,0,9,-83,50,None
0,-1,-1,-6,-17,-4,0,0,-1,0,0,0,9,-83,50,None
0,0,-1,-5,2,8,4,-1,-1,0,0,0,9,-83,50,None
0,-2,-2,0,2,0,-2,-2,-3,0,0,0,9,-83,50,None
0,-2,-2,0,2,0,-2,-2,-3,0,0,0,9,-83,50,None
0,-2,-2,0,2,0,-2,-2,-3,0,0,0,5,-86,49,None
0,-1,4,-1,-15,-2,-1,-1,-2,0,0,0,5,-86,49,None
0,-2,-2,-1,20,1,0,-1,-2,0,0,0,5,-86,49,None
0,-2,5,1,-14,-4,-5,-4,-4,0,0,0,5,-86,49,None
0,-2,-3,-5,5,3,0,-1,0,0,0,0,5,-86,49,None
0,-2,-3,-5,5,3,0,-1,0,0,0,0,5,-86,49,None
0,-2,-3,-5,5,3,0,-1,0,0,0,0,4,-85,48,None
0,0,2,-14,-8,-2,-1,1,0,0,0,0,4,-85,48,None
0,-2,-2,5,3,3,0,-2,0,0,0,0,4,-85,48,None
0,0,0,-20,11,5,-2,-3,-2,0,0,0,4,-85,48,None
0,-2,-3,1,4,-5,-3,-2,-1,0,0,0,4,-85,48,None
0,-2,-3,1,4,-5,-3,-2,-1,0,0,0,4,-85,48,None
0,-2,-3,1,4,-5,-3,-2,-1,0,0,0,1,-82,46,None
0,-3,-7,13,3,-3,-2,-3,-4,0,0,0,1,-82,46,None
0,1,3,-11,-14,4,0,0,0,0,0,0,1,-82,46,None
0,-2,-2,7,15,1,-3,-2,-2,0,0,0,1,-82,46,None
0,-2,0,-8,-9,1,-1,-1,0,0,0,0,1,-82,46,None
0,-2,0,-8,-9,1,-1,-1,0,0,0,0,1,-82,46,None
0,-2,0,-8,-9,1,-1,-1,0,0,0,0,1,-79,45,None
0,0,2,-5,-5,-4,-1,-2,0,0,0,0,1,-79,45,None
0,0,2,11,2,0,-1,-2,0,0,0,0,1,-79,45,None
0,-2,0,2,-2,-6,-3,-2,-3,0,0,0,1,-79,45,None
0,0,2,-5,3,10,3,2,0,0,0,0,1,-79,45,None
0,0,2,-5,3,10,3,2,0,0,0,0,1,-79,45,None
0,0,2,-5,3,10,3,2,0,0,0,0,4,-78,45,None
0,-2,1,8,-6,-1,-1,-2,0,0,0,0,4,-78,45,None
0,-1,0,-5,-2,0,-1,-1,-1,0,0,0,4,-78,45,None
0,-1,2,-6,2,0,-2,-3,0,0,0,0,4,-78,45,None
0,-3,2,18,1,-4,-2,-2,-4,0,0,0,4,-78,45,None
0,-3,2,18,1,-4,-2,-2,-4,0,0,0,4,-78,45,None
0,-3,2,18,1,-4,-2,-2,-4,0,0,0,4,-79,46,None
0,-3,-1,-10,2,-5,-2,-2,-2,0,0,0,4,-79,46,None
0,-1,8,10,-4,7,-1,0,0,0,0,0,4,-79,46,None
0,-1,-3,12,3,6,6,2,0,0,0,0,4,-79,46,None
0,-1,-4,4,0,0,-2,-1,-2,0,0,0,4,-79,46,None
0,-1,-4,4,0,0,-2,-1,-2,0,0,0,4,-79,46,None
0,-1,-4,4,0,0,-2,-1,-2,0,0,0,5,-79,43,None
0,-2,1,-2,4,9,3,1,-2,0,0,0,5,-79,43,None
0,1,3,-3,-17,-15,-4,-3,-2,0,0,0,5,-79,43,None
0,1,2,0,1,-11,-5,-3,-3,0,0,0,5,-79,43,None
0,0,3,17,-4,-2,1,-2,-3,0,0,0,5,-79,43,None
0,0,3,17,-4,-2,1,-2,-3,0,0,0,5,-79,43,None
0,0,3,17,-4,-2,1,-2,-3,0,0,0,6,-81,42,None
0,0,-2,-5,9,18,5,0,1,0,0,0,6,-81,42,None
0,-3,0,-11,-2,-6,-5,-3,-3,0,0,0,6,-81,42,None
0,-2,0,-1,12,-12,-6,-2,-3,0,0,0,6,-81,42,None
0,-1,-1,-13,-24,-18,-3,1,-2,0,0,0,6,-81,42,None
0,-1,-1,-13,-24,-18,-3,1,-2,0,0,0,6,-81,42,None
0,-1,-1,-13,-24,-18,-3,1,-2,0,0,0,7,-81,42,None
0,-3,0,-9,-21,-13,-6,-5,-3,0,0,0,7,-81,42,None
0,-3,-3,3,4,3,-1,-2,-2,0,0,0,7,-81,42,None
0,-1,-3,-1,3,17,6,0,0,0,0,0,7,-81,42,None
0,-1,4,-4,10,7,-2,-1,0,0,0,0,7,-81,42,None
0,-1,4,-4,10,7,-2,-1,0,0,0,0,7,-81,42,None
0,-1,4,-4,10,7,-2,-1,0,0,0,0,7,-82,41,None
0,0,3,3,-3,-7,4,1,-2,0,0,0,7,-82,41,None
0,-2,-4,-7,-10,-4,-3,-2,-1,0,0,0,7,-82,41,None
0,-3,-1,-3,-7,-7,-7,-3,-3,0,0,0,7,-82,41,None
0,-1,-3,-8,3,4,-2,-2,-1,0,0,0,7,-82,41,None
0,-1,-3,-8,3,4,-2,-2,-1,0,0,0,7,-82,41,None
0,-1,-3,-8,3,4,-2,-2,-1,0,0,0,8,-83,42,None
0,-1,1,-2,3,4,-1,-4,-2,0,0,0,8,-83,42,None
0,0,-1,-4,6,4,-4,-1,0,0,0,0,8,-83,42,None
0,-1,-1,-3,-3,2,3,-2,-1,0,0,0,8,-83,42,None
0,0,1,-2,3,4,5,2,0,0,0,0,8,-83,42,None
0,0,1,-2,3,4,5,2,0,0,0,0,8,-83,42,None
0,0,1,-2,3,4,5,2,0,0,0,0,8,-87,44,None
0,-1,0,-1,2,1,-4,-3,-2,0,0,0,8,-87,44,None
0,-1,0,-2,3,0,2,-2,0,0,0,0,8,-87,44,None
0,-2,1,1,-2,0,-1,-3,0,0,0,0,8,-87,44,None
0,0,0,-5,-1,3,0,0,-2,0,0,0,8,-87,44,None
0,0,0,-5,-1,3,0,0,-2,0,0,0,8,-87,44,None
0,0,0,-5,-1,3,0,0,-2,0,0,0,8,-88,46,None
0,-2,0,-4,-3,0,-2,-3,-3,0,0,0,8,-88,46,None
0,-1,-2,0,9,5,-2,-1,-1,0,0,0,8,-88,46,None
0,0,1,-3,-11,-4,2,-2,-1,0,0,0,8,-88,46,None
0,-2,-2,-8,-1,2,-4,-2,-2,0,0,0,8,-88,46,None
0,-2,-2,-8,-1,2,-4,-2,-2,0,0,0,8,-88,46,None
0,-2,-2,-8,-1,2,-4,-2,-2,0,0,0,8,-89,47,None
0,-1,1,0,0,1,2,-1,-3,0,0,0,8,-89,47,None
0,-2,0,-2,-6,-1,0,0,-1,0,0,0,8,-89,47,None
0,0,2,0,2,3,-2,-2,-1,0,0,0,8,-89,47,None
0,-2,-1,-4,0,1,-4,-3,-3,0,0,0,8,-89,47,None
0,-2,-1,-4,0,1,-4,-3,-3,0,0,0,8,-89,47,None
0,-2,-1,-4,0,1,-4,-3,-3,0,0,0,7,-88,46,None
0,-1,0,-2,4,-3,0,1,-1,0,0,0,7,-88,46,None
0,0,1,0,5,13,7,0,-1,0,0,0,7,-88,46,None
0,-2,0,-3,-1,-6,-8,-2,-2,0,0,0,7,-88,46,None
0,-1,2,-2,-5,1,3,-1,0,0,0,0,7,-88,46,None
0,-1,2,-2,-5,1,3,-1,0,0,0,0,7,-88,46,None
0,-1,2,-2,-5,1,3,-1,0,0,0,0,6,-90,44,None
0,-2,0,-1,7,11,-6,-2,-2,0,0,0,6,-90,44,None
0,-1,0,-6,-18,-23,-1,-1,-2,0,0,0,6,-90,44,None
0,-1,-1,-3,2,5,-2,0,-1,0,0,0,6,-90,44,None
0,-1,2,2,6,4,0,0,-1,0,0,0,6,-90,44,None
0,-1,2,2,6,4,0,0,-1,0,0,0,6,-90,44,None
0,-1,2,2,6,4,0,0,-1,0,0,0,8,-91,42,None
0,-1,0,-3,2,11,7,-1,0,0,0,0,8,-91,42,None
0,-1,0,-3,-3,-2,-7,-3,-2,0,0,0,8,-91,42,None
0,-1,1,0,3,7,1,-1,-1,0,0,0,8,-91,42,None
0,-1,1,-3,-1,-8,-7,-4,-3,0,0,0,8,-91,42,None
0,-1,1,-3,-1,-8,-7,-4,-3,0,0,0,8,-91,42,None
0,-1,1,-3,-1,-8,-7,-4,-3,0,0,0,11,-90,42,None
0,-1,0,-1,1,4,-6,-2,-2,0,0,0,11,-90,42,None
0,-1,0,-2,3,0,1,0,-1,0,0,0,11,-90,42,None
0,0,1,0,0,10,5,3,0,0,0,0,11,-90,42,None
0,-1,-1,-7,0,-1,-3,-4,-3,0,0,0,11,-90,42,None
0,-1,-1,-7,0,-1,-3,-4,-3,0,0,0,11,-90,42,None
0,-1,-1,-7,0,-1,-3,-4,-3,0,0,0,15,-91,41,None
0,-1,0,-2,-4,-9,-6,2,1,0,0,0,15,-91,41,None
0,-2,0,-1,2,4,0,-2,-2,0,0,0,15,-91,41,None
0,-1,0,-2,-3,-4,-1,-2,-1,0,0,0,15,-91,41,None
0,0,-1,-3,-2,6,1,-3,0,0,0,0,15,-91,41,None
0,0,-1,-3,-2,6,1,-3,0,0,0,0,15,-91,41,None
0,0,-1,-3,-2,6,1,-3,0,0,0,0,18,-90,42,None
0,-2,1,-2,-5,-4,-2,-2,-2,0,0,0,18,-90,42,None
0,0,0,-1,3,2,-1,-2,0,0,0,0,18,-90,42,None
0,-1,-2,-4,-4,-1,0,0,-2,0,0,0,18,-90,42,None
0,-1,2,-1,2,5,-1,0,-1,0,0,0,18,-90,42,None
0,-1,2,-1,2,5,-1,0,-1,0,0,0,18,-90,42,None
0,-1,2,-1,2,5,-1,0,-1,0,0,0,20,-89,42,None
0,0,-1,-6,-13,-19,2,-3,-1,0,0,0,20,-89,42,None
0,0,0,-3,2,0,-6,-2,2,0,0,0,20,-89,42,None
0,-2,-1,-4,-2,-2,-4,-3,-1,0,0,0,20,-89,42,None
0,1,-1,-1,2,5,-3,1,1,0,0,0,20,-89,42,None
0,1,-1,-1,2,5,-3,1,1,0,0,0,20,-89,42,None
0,1,-1,-1,2,5,-3,1,1,0,0,0,23,-89,42,None
0,-1,0,-2,-2,-4,3,1,-1,0,0,0,23,-89,42,None
0,-2,-1,-4,1,5,-3,-4,-5,0,0,0,23,-89,42,None
0,-2,1,0,-1,-5,-1,-2,-2,0,0,0,23,-89,42,None
0,-2,1,-2,-9,-6,-1,0,-1,0,0,0,23,-89,42,None
0,-2,1,-2,-9,-6,-1,0,-1,0,0,0,23,-89,42,None
0,-2,1,-2,-9,-6,-1,0,-1,0,0,0,28,-94,42,None
0,-3,1,-1,5,5,-4,-3,-1,0,0,0,28,-94,42,None
0,0,1,1,1,5,2,-1,-2,0,0,0,28,-94,42,None
0,-2,1,2,7,3,-5,0,-2,0,0,0,28,-94,42,None
0,-2,-1,-6,0,3,2,-1,-1,0,0,0,28,-94,42,None
0,-2,-1,-6,0,3,2,-1,-1,0,0,0,28,-94,42,None
0,-2,-1,-6,0,3,2,-1,-1,0,0,0,30,-94,45,None
0,-1,0,-1,1,0,1,-2,-2,0,0,0,30,-94,45,None
0,0,-1,-3,-1,1,2,-1,-5,0,0,0,30,-94,45,None
0,-1,-2,-10,-6,-1,-4,2,2,0,0,0,30,-94,45,None
0,-1,0,-1,-6,-4,-2,-6,-5,0,0,0,30,-94,45,None
0,-1,0,-1,-6,-4,-2,-6,-5,0,0,0,30,-94,45,None
0,-1,0,-1,-6,-4,-2,-6,-5,0,0,0,29,-91,46,None
0,0,2,2,-1,-3,-8,1,1,0,0,0,29,-91,46,None
0,0,1,0,3,4,4,-3,-5,0,0,0,29,-91,46,None
0,-2,-1,0,1,3,5,7,6,0,0,0,29,-91,46,None
0,-2,0,1,0,-2,0,-4,-2,0,0,0,29,-91,46,None
0,-2,0,1,0,-2,0,-4,-2,0,0,0,29,-91,46,None
0,-2,0,1,0,-2,0,-4,-2,0,0,0,29,-88,45,None
0,0,1,-3,1,2,-5,-2,0,0,0,0,29,-88,45,None
0,-4,1,0,2,1,-2,-2,-2,0,0,0,29,-88,45,None
0,-1,-2,-4,-6,-3,-8,-7,-6,0,0,0,29,-88,45,None
0,-1,1,-1,-2,-2,0,1,1,0,0,0,29,-88,45,None
0,-1,1,-1,-2,-2,0,1,1,0,0,0,29,-88,45,None
0,-1,1,-1,-2,-2,0,1,1,0,0,0,28,-89,44,None
0,-1,0,-1,0,1,1,-1,-3,0,0,0,28,-89,44,None
0,0,0,-4,-2,8,1,-1,-1,0,0,0,28,-89,44,None
0,0,2,-3,-2,0,1,-1,-2,0,0,0,28,-89,44,None
0,-1,-1,-2,2,2,2,-2,0,0,0,0,28,-89,44,None
0,-1,-1,-2,2,2,2,-2,0,0,0,0,28,-89,44,None
0,-1,-1,-2,2,2,2,-2,0,0,0,0,28,-91,42,None
0,0,0,0,1,-3,-3,-2,-3,0,0,0,28,-91,42,None
0,-2,-1,-6,-5,-1,-2,-1,0,0,0,0,28,-91,42,None
0,0,1,2,-1,2,-2,-2,0,0,0,0,28,-91,42,None
0,-1,-1,-3,-1,-2,-3,-1,-1,0,0,0,28,-91,42,None
0,-1,-1,-3,-1,-2,-3,-1,-1,0,0,0,28,-91,42,None
0,-1,-1,-3,-1,-2,-3,-1,-1,0,0,0,27,-93,41,None
0,-4,-3,-6,-4,0,-2,-3,-4,0,0,0,27,-93,41,None
0,-1,2,5,2,-1,0,1,2,0,0,0,27,-93,41,None
0,1,1,-4,0,4,4,-2,-2,0,0,0,27,-93,41,None
0,-1,0,0,-1,-3,-3,-1,-2,0,0,0,27,-93,41,None
0,-1,0,0,-1,-3,-3,-1,-2,0,0,0,27,-93,41,None
0,-1,0,0,-1,-3,-3,-1,-2,0,0,0,28,-93,41,None
0,-1,2,0,-2,0,-3,-2,-1,0,0,0,28,-93,41,None
0,-4,-1,-2,-2,0,-1,-1,-2,0,0,0,28,-93,41,None
0,2,0,-4,0,-4,-5,-3,1,0,0,0,28,-93,41,None
0,-6,3,4,2,1,2,0,-5,0,0,0,28,-93,41,None
0,-6,3,4,2,1,2,0,-5,0,0,0,28,-93,41,None
0,-6,3,4,2,1,2,0,-5,0,0,0,28,-92,42,None
0,0,-1,-8,-6,-1,-6,-2,0,0,0,0,28,-92,42,None
0,-1,1,2,2,3,2,1,-2,0,0,0,28,-92,42,None
0,-1,1,-4,-1,1,2,-3,-3,0,0,0,28,-92,42,None
0,2,-1,-2,-2,-3,-2,-2,0,0,0,0,28,-92,42,None
0,2,-1,-2,-2,-3,-2,-2,0,0,0,0,28,-92,42,None
0,2,-1,-2,-2,-3,-2,-2,0,0,0,0,28,-90,38,None
0,-1,-1,-2,2,0,-3,-2,-3,0,0,0,28,-90,38,None
0,-1,0,-2,-1,7,1,1,1,0,0,0,28,-90,38,None
0,-2,-1,-1,1,0,-1,-3,-3,0,0,0,28,-90,38,None
0,-1,2,0,0,1,-3,-1,0,0,0,0,28,-90,38,None
0,-1,2,0,0,1,-3,-1,0,0,0,0,28,-90,38,None
0,-1,2,0,0,1,-3,-1,0,0,0,0,28,-87,37,None
0,-1,2,-2,0,0,0,0,-2,0,0,0,28,-87,37,None
0,0,-1,-4,-4,-4,-3,-3,1,0,0,0,28,-87,37,None
0,-1,0,-4,-4,1,-1,0,-1,0,0,0,28,-87,37,None
0,-1,-1,-4,-3,0,-1,-1,-2,0,0,0,28,-87,37,None
0,-1,-1,-4,-3,0,-1,-1,-2,0,0,0,28,-87,37,None
0,-1,-1,-4,-3,0,-1,-1,-2,0,0,0,28,-88,35,None
0,0,0,0,3,4,5,0,0,0,0,0,28,-88,35,None
0,1,2,3,-1,-1,0,-3,-3,0,0,0,28,-88,35,None
0,-3,-2,-5,-1,-1,-4,-2,-3,0,0,0,28,-88,35,None
0,-1,-1,-2,3,0,-1,0,-2,0,0,0,28,-88,35,None
0,-1,-1,-2,3,0,-1,0,-2,0,0,0,28,-88,35,None
0,-1,-1,-2,3,0,-1,0,-2,0,0,0,27,-90,37,None
0,-3,-1,-9,-7,-2,-1,-3,0,0,0,0,27,-90,37,None
0,0,-1,1,-1,-2,-4,-1,-1,0,0,0,27,-90,37,None
0,-1,1,2,-1,-2,-4,-5,-3,0,0,0,27,-90,37,None
0,-3,-1,-3,-1,3,0,0,-1,0,0,0,27,-90,37,None
0,-3,-1,-3,-1,3,0,0,-1,0,0,0,27,-90,37,None
0,-3,-1,-3,-1,3,0,0,-1,0,0,0,26,-89,38,None
0,-1,-1,2,5,4,5,2,0,0,0,0,26,-89,38,None
0,-3,5,-7,0,-4,-5,-4,-4,0,0,0,26,-89,38,None
0,1,1,2,-2,-3,-2,0,-1,0,0,0,26,-89,38,None
0,1,2,-1,0,2,0,-2,-1,0,0,0,26,-89,38,None
0,1,2,-1,0,2,0,-2,-1,0,0,0,26,-89,38,None
0,1,2,-1,0,2,0,-2,-1,0,0,0,25,-86,37,None
0,-1,-2,-3,-1,0,-5,-3,-1,0,0,0,25,-86,37,None
0,0,-1,-5,-1,-2,0,0,1,0,0,0,25,-86,37,None
0,-5,-1,-2,-1,-1,-2,-1,-3,0,0,0,25,-86,37,None
0,-1,0,-1,-2,-1,-2,-4,-2,0,0,0,25,-86,37,None
0,-1,0,-1,-2,-1,-2,-4,-2,0,0,0,25,-86,37,None
0,-1,0,-1,-2,-1,-2,-4,-2,0,0,0,25,-85,37,None
0,-3,2,2,0,0,-2,-5,-2,0,0,0,25,-85,37,None
0,0,0,-5,-2,-2,1,1,2,0,0,0,25,-85,37,None
0,-2,1,1,2,13,5,-1,-2,0,0,0,25,-85,37,None
0,-1,1,1,0,-2,-3,-2,-1,0,0,0,25,-85,37,None
0,-1,1,1,0,-2,-3,-2,-1,0,0,0,25,-85,37,None
0,-1,1,1,0,-2,-3,-2,-1,0,0,0,26,-88,36,None
0,-1,0,-4,-6,-3,-4,-3,-4,0,0,0,26,-88,36,None
0,-2,1,0,-1,-2,-5,-2,-2,0,0,0,26,-88,36,None
0,-2,-2,-3,0,-5,-3,-2,-1,0,0,0,26,-88,36,None
0,-1,0,-2,-1,4,0,0,0,0,0,0,26,-88,36,None
0,-1,0,-2,-1,4,0,0,0,0,0,0,26,-88,36,None
0,-1,0,-2,-1,4,0,0,0,0,0,0,26,-89,36,None
0,1,1,1,4,4,7,2,0,0,0,0,26,-89,36,None
0,-1,0,0,0,0,-2,-2,-2,0,0,0,26,-89,36,None
0,0,0,-5,-2,-3,-3,-1,-3,0,0,0,26,-89,36,None
0,-4,-1,-2,-3,-2,-5,-1,-2,0,0,0,26,-89,36,None
0,-4,-1,-2,-3,-2,-5,-1,-2,0,0,0,26,-89,36,None
0,-4,-1,-2,-3,-2,-5,-1,-2,0,0,0,26,-89,35,None
0,1,1,0,0,-1,-1,0,-1,0,0,0,26,-89,35,None
0,-10,-3,-4,-1,1,0,-1,-2,0,0,0,26,-89,35,None
0,3,1,2,0,0,-2,-2,-1,0,0,0,26,-89,35,None
0,0,0,-2,1,1,2,0,0,0,0,0,26,-89,35,None
0,0,0,-2,1,1,2,0,0,0,0,0,26,-89,35,None
0,0,0,-2,1,1,2,0,0,0,0,0,27,-89,35,None
0,0,-1,4,4,2,-1,-1,0,0,0,0,27,-89,35,None
0,0,-1,-12,-7,-1,-2,-3,-3,0,0,0,27,-89,35,None
0,-3,-1,-1,-1,-1,-3,-5,-3,0,0,0,27,-89,35,None
0,-1,-3,-3,-3,-2,-4,2,2,0,0,0,27,-89,35,None
0,-1,-3,-3,-3,-2,-4,2,2,0,0,0,27,-89,35,None
0,-1,-3,-3,-3,-2,-4,2,2,0,0,0,28,-89,35,None
0,-2,3,-2,-2,-2,-3,-2,-1,0,0,0,28,-89,35,None
0,-1,-1,-1,-1,1,-1,-2,0,0,0,0,28,-89,35,None
0,-2,1,0,1,0,-2,-2,-1,0,0,0,28,-89,35,None
0,1,1,-4,-2,-1,0,-2,-1,0,0,0,28,-89,35,None
0,1,1,-4,-2,-1,0,-2,-1,0,0,0,28,-89,35,None
0,1,1,-4,-2,-1,0,-2,-1,0,0,0,28,-89,35,None
0,-4,0,-1,-1,1,-1,-1,-1,0,0,0,28,-89,35,None
0,0,0,1,0,-1,-4,0,-2,0,0,0,28,-89,35,None
0,0,0,-5,-3,-1,2,0,-1,0,0,0,28,-89,35,None
0,-2,0,-1,1,3,1,-1,-1,0,0,0,28,-89,35,None
0,-2,0,-1,1,3,1,-1,-1,0,0,0,28,-89,35,None
0,-2,0,-1,1,3,1,-1,-1,0,0,0,28,-89,35,None
0,0,0,-5,-2,1,-1,-1,-2,0,0,0,28,-89,35,None
0,0,1,1,-1,-2,-3,-4,-3,0,0,0,28,-89,35,None
0,-1,1,-2,1,3,3,1,0,0,0,0,28,-89,35,None
0,0,2,-2,-1,-1,-2,-2,-2,0,0,0,28,-89,35,None
0,0,2,-2,-1,-1,-2,-2,-2,0,0,0,28,-89,35,None
0,0,2,-2,-1,-1,-2,-2,-2,0,0,0,28,-89,35,None
0,-1,0,-2,-3,-1,-5,-2,-1,0,0,0,28,-89,35,None
0,1,-1,-2,-2,0,-1,-2,-1,0,0,0,28,-89,35,None
0,-2,-1,0,1,-5,-1,-1,-1,0,0,0,28,-89,35,None
0,-1,0,0,2,13,6,1,-1,0,0,0,28,-89,35,None
0,-1,0,0,2,13,6,1,-1,0,0,0,28,-89,35,None
0,-1,0,0,2,13,6,1,-1,0,0,0,27,-89,35,None
0,-2,0,-6,-4,-2,-2,-5,-2,0,0,0,27,-89,35,None
0,-1,0,-2,2,-1,0,4,3,0,0,0,27,-89,35,None
0,1,-1,-2,-1,-1,-2,-2,-3,0,0,0,27,-89,35,None
0,-1,1,-4,-2,-3,-4,-3,-2,0,0,0,27,-89,35,None
0,-1,1,-4,-2,-3,-4,-3,-2,0,0,0,27,-89,35,None
0,-1,1,-4,-2,-3,-4,-3,-2,0,0,0,27,-88,35,None
0,-2,-2,-1,-1,2,0,0,-1,0,0,0,27,-88,35,None
0,-4,2,1,0,1,0,-3,-3,0,0,0,27,-88,35,None
0,-4,0,-1,0,1,1,0,-2,0,0,0,27,-88,35,None
0,0,-1,-4,-2,-5,-4,-4,-2,0,0,0,27,-88,35,None
0,0,-1,-4,-2,-5,-4,-4,-2,0,0,0,27,-88,35,None
0,0,-1,-4,-2,-5,-4,-4,-2,0,0,0,26,-88,36,None
0,-1,-1,-1,0,1,-1,-1,-1,0,0,0,26,-88,36,None
0,1,0,1,1,0,2,-1,-1,0,0,0,26,-88,36,None
0,0,2,-1,1,2,-4,0,-1,0,0,0,26,-88,36,None
0,-2,1,-7,-5,-2,2,-2,-1,0,0,0,26,-88,36,None
0,-2,1,-7,-5,-2,2,-2,-1,0,0,0,26,-88,36,None
0,-2,1,-7,-5,-2,2,-2,-1,0,0,0,26,-87,35,None
0,-1,1,-1,-1,0,-3,-2,-2,0,0,0,26,-87,35,None
0,3,-1,-2,-3,-1,-2,0,1,0,0,0,26,-87,35,None
0,-1,0,-3,-2,2,1,0,-1,0,0,0,26,-87,35,None
0,0,2,1,-1,0,-3,-2,-1,0,0,0,26,-87,35,None
0,0,2,1,-1,0,-3,-2,-1,0,0,0,26,-87,35,None
0,0,2,1,-1,0,-3,-2,-1,0,0,0,26,-88,36,None
0,-2,-2,1,-1,-1,-1,-2,-2,0,0,0,26,-88,36,None
0,-4,4,-9,-1,2,1,1,-2,0,0,0,26,-88,36,None
0,1,0,2,-2,1,-2,-3,-2,0,0,0,26,-88,36,None
0,-5,-1,0,0,-2,-3,-1,-2,0,0,0,26,-88,36,None
0,-5,-1,0,0,-2,-3,-1,-2,0,0,0,26,-88,36,None
0,-5,-1,0,0,-2,-3,-1,-2,0,0,0,26,-89,36,None
0,-3,1,-2,-1,0,-1,-1,-3,0,0,0,26,-89,36,None
0,-1,0,3,2,3,0,-1,0,0,0,0,26,-89,36,None
0,1,1,-3,-2,-3,-4,-3,0,0,0,0,26,-89,36,None
0,-3,2,-4,0,1,3,-2,-3,0,0,0,26,-89,36,None
0,-3,2,-4,0,1,3,-2,-3,0,0,0,26,-89,36,None
0,-3,2,-4,0,1,3,-2,-3,0,0,0,26,-88,36,None
0,1,1,-2,-1,0,-2,-2,0,0,0,0,26,-88,36,None
0,-2,0,1,0,-2,-2,-3,-2,0,0,0,26,-88,36,None
0,-1,0,-6,-3,3,2,1,0,0,0,0,26,-88,36,None
0,0,0,-1,0,-1,-4,-2,-1,0,0,0,26,-88,36,None
0,0,0,-1,0,-1,-4,-2,-1,0,0,0,26,-88,36,None
0,0,0,-1,0,-1,-4,-2,-1,0,0,0,26,-88,36,None
0,-2,1,-5,1,1,2,-1,-2,0,0,0,26,-88,36,None
0,-1,0,-1,0,-2,-3,-3,-3,0,0,0,26,-88,36,None
0,-1,0,-3,-2,0,-1,0,2,0,0,0,26,-88,36,None
0,-2,-1,-3,1,0,1,-2,-3,0,0,0,26,-88,36,None
0,-2,-1,-3,1,0,1,-2,-3,0,0,0,26,-88,36,None
0,-2,-1,-3,1,0,1,-2,-3,0,0,0,27,-88,36,None
0,1,0,-2,-1,-1,-1,2,0,0,0,0,27,-88,36,None
0,0,0,-1,-2,1,-2,-3,-1,0,0,0,27,-88,36,None
0,-3,1,-2,0,-1,-2,-2,-3,0,0,0,27,-88,36,None
0,0,0,-1,-1,0,-1,-1,-1,0,0,0,27,-88,36,None
0,0,0,-1,-1,0,-1,-1,-1,0,0,0,27,-88,36,None
0,0,0,-1,-1,0,-1,-1,-1,0,0,0,26,-88,36,None
0,-1,1,-2,-1,-1,-1,0,-1,0,0,0,26,-88,36,None
0,0,-2,-2,1,2,1,0,-1,0,0,0,26,-88,36,None
0,-2,0,-2,0,-1,-1,-2,-2,0,0,0,26,-88,36,None
0,-1,0,0,-1,-1,-2,0,0,0,0,0,26,-88,36,None
0,-1,0,0,-1,-1,-2,0,0,0,0,0,26,-88,36,None
0,-1,0,0,-1,-1,-2,0,0,0,0,0,26,-87,36,None
0,-2,0,-3,-1,2,-1,-1,-2,0,0,0,26,-87,36,None
0,-3,-1,-3,-3,-1,-3,-2,-3,0,0,0,26,-87,36,None
0,-2,0,0,-1,-2,0,-2,-3,0,0,0,26,-87,36,None
0,0,-1,-3,1,-1,-2,-2,-2,0,0,0,26,-87,36,None
0,0,-1,-3,1,-1,-2,-2,-2,0,0,0,26,-87,36,None
0,0,-1,-3,1,-1,-2,-2,-2,0,0,0,26,-88,36,None
0,0,0,-2,-1,0,-1,-3,-1,0,0,0,26,-88,36,None
0,-2,2,-1,0,1,-2,-1,-1,0,0,0,26,-88,36,None
0,-1,0,-1,1,3,0,-1,0,0,0,0,26,-88,36,None
0,0,-2,-3,0,1,-2,-1,-1,0,0,0,26,-88,36,None
0,0,-2,-3,0,1,-2,-1,-1,0,0,0,26,-88,36,None
0,0,-2,-3,0,1,-2,-1,-1,0,0,0,26,-88,36,None
0,-1,0,-3,1,-1,-2,-3,-2,0,0,0,26,-88,36,None
0,3,0,-1,1,3,4,-1,0,0,0,0,26,-88,36,None
0,-6,-2,-3,-1,-1,-2,1,0,0,0,0,26,-88,36,None
0,-2,-1,-2,-2,-2,-4,-2,-2,0,0,0,26,-88,36,None
0,-2,-1,-2,-2,-2,-4,-2,-2,0,0,0,26,-88,36,None
0,-2,-1,-2,-2,-2,-4,-2,-2,0,0,0,27,-88,36,None
0,-2,0,-1,-1,4,2,-1,-2,0,0,0,27,-88,36,None
0,-1,1,-2,-1,-2,-3,-3,1,0,0,0,27,-88,36,None
0,2,3,-3,0,3,1,-3,-4,0,0,0,27,-88,36,None
0,-3,0,-1,-2,-1,-2,-1,-1,0,0,0,27,-88,36,None
0,-3,0,-1,-2,-1,-2,-1,-1,0,0,0,27,-88,36,None
0,-3,0,-1,-2,-1,-2,-1,-1,0,0,0,27,-89,36,None
0,-4,0,-2,-3,-3,-4,-2,-1,0,0,0,27,-89,36,None
0,5,0,-2,-1,0,-1,-2,0,0,0,0,27,-89,36,None
0,-1,-1,-1,1,2,0,0,0,0,0,0,27,-89,36,None
0,2,-1,-2,-1,0,0,-2,-1,0,0,0,27,-89,36,None
0,2,-1,-2,-1,0,0,-2,-1,0,0,0,27,-89,36,None
0,2,-1,-2,-1,0,0,-2,-1,0,0,0,27,-89,36,None
0,-1,4,-3,-1,-2,-3,-7,-6,0,0,0,27,-89,36,None
0,-5,-2,-2,-1,-1,-1,2,1,0,0,0,27,-89,36,None
0,-1,0,-2,1,0,-1,0,-1,0,0,0,27,-89,36,None
0,-1,1,-2,-2,1,-2,-2,-1,0,0,0,27,-89,36,None
0,-1,1,-2,-2,1,-2,-2,-1,0,0,0,27,-89,36,None
0,-1,1,-2,-2,1,-2,-2,-1,0,0,0,27,-89,36,None
0,3,-2,-2,-3,-1,0,-1,-1,0,0,0,27,-89,36,None
