0,0,-1,0,-3,2,5,-1,1,0,0,0,-26,-83,55,None
0,-2,0,-3,13,11,-2,-2,-2,0,0,0,-26,-83,55,None
0,-1,2,6,12,1,-1,-3,-2,0,0,0,-26,-83,55,None
0,-1,2,6,12,1,-1,-3,-2,0,0,0,-26,-83,55,None
0,-1,2,6,12,1,-1,-3,-2,0,0,0,-29,-78,52,None
0,-4,-3,2,-9,-5,-2,-3,-4,0,0,0,-29,-78,52,None
0,-2,-1,-11,-6,0,-2,-1,-4,0,0,0,-29,-78,52,None
0,-2,6,14,17,-3,1,1,0,0,0,0,-29,-78,52,None
0,0,-9,-12,-8,0,0,-1,-2,0,0,0,-29,-78,52,None
0,0,-9,-12,-8,0,0,-1,-2,0,0,0,-29,-78,52,None
0,0,-9,-12,-8,0,0,-1,-2,0,0,0,-27,-79,53,None
0,-2,4,0,-4,-2,-2,-1,-2,0,0,0,-27,-79,53,None
0,2,4,15,8,10,5,1,0,0,0,0,-27,-79,53,None
0,3,7,-3,-7,-9,-4,-2,1,0,0,0,-27,-79,53,None
0,-4,1,15,9,-5,-7,-4,-11,0,0,0,-27,-79,53,None
0,-4,1,15,9,-5,-7,-4,-11,0,0,0,-27,-79,53,None
0,-4,1,15,9,-5,-7,-4,-11,0,0,0,-14,-84,53,None
0,-2,5,-25,-15,1,-11,-6,-4,0,0,0,-14,-84,53,None
0,3,3,48,30,15,12,7,10,0,0,0,-14,-84,53,None
0,-4,-11,-18,4,4,-8,-7,2,0,0,0,-14,-84,53,None
0,4,11,5,-25,2,14,1,-7,0,0,0,-14,-84,53,None
0,4,11,5,-25,2,14,1,-7,0,0,0,-14,-84,53,None
0,4,11,5,-25,2,14,1,-7,0,0,0,-9,-86,54,None
0,-2,-21,-75,-19,-9,-2,-1,-1,0,0,0,-9,-86,54,None
0,-4,18,36,4,-6,-2,-1,-4,0,0,0,-9,-86,54,None
0,4,-11,-35,-7,5,-1,3,9,0,0,0,-9,-86,54,None
0,-3,0,37,-4,-7,-9,-5,3,0,0,0,-9,-86,54,None
0,-3,0,37,-4,-7,-9,-5,3,0,0,0,-9,-86,54,None
0,-3,0,37,-4,-7,-9,-5,3,0,0,0,-16,-87,51,None
0,1,1,-32,13,3,-2,-1,-3,0,0,0,-16,-87,51,None
0,-3,-32,-8,-22,-2,5,0,15,0,0,0,-16,-87,51,None
0,2,13,17,-2,-2,-1,-4,-21,0,0,0,-16,-87,51,None
0,-2,2,0,10,-2,-4,0,1,0,0,0,-16,-87,51,None
0,-2,2,0,10,-2,-4,0,1,0,0,0,-16,-87,51,None
0,-2,2,0,10,-2,-4,0,1,0,0,0,-21,-85,49,None
0,-6,-27,-10,-22,5,2,-1,0,0,0,0,-21,-85,49,None
0,-10,-8,36,11,6,-13,-8,-12,0,0,0,-21,-85,49,None
0,-3,9,37,-4,-15,-1,-3,-1,0,0,0,-21,-85,49,None
0,-6,-11,9,-2,-14,-10,-6,-8,0,0,0,-21,-85,49,None
0,-6,-11,9,-2,-14,-10,-6,-8,0,0,0,-21,-85,49,None
0,-6,-11,9,-2,-14,-10,-6,-8,0,0,0,-12,-85,52,None
0,2,3,-28,-23,-5,9,8,20,0,0,0,-12,-85,52,None
0,10,9,-128,-9,-2,-4,-3,-7,0,0,0,-12,-85,52,None
0,-12,-9,87,13,9,-11,-9,-35,0,0,0,-12,-85,52,None
0,7,17,-3,12,29,21,7,11,0,0,0,-12,-85,52,None
0,7,17,-3,12,29,21,7,11,0,0,0,-12,-85,52,None
0,7,17,-3,12,29,21,7,11,0,0,0,-6,-83,53,None
0,4,-4,-14,28,-1,-6,2,25,0,0,0,-6,-83,53,None
0,-13,1,2,-32,-20,5,-5,-36,0,0,0,-6,-83,53,None
0,11,19,-52,25,16,0,3,21,0,0,0,-6,-83,53,None
0,-9,-14,-30,-21,-15,-7,-7,-17,0,0,0,-6,-83,53,None
0,-9,-14,-30,-21,-15,-7,-7,-17,0,0,0,-6,-83,53,None
0,-9,-14,-30,-21,-15,-7,-7,-17,0,0,0,-9,-81,51,None
0,-2,9,78,10,5,-1,-3,-2,0,0,0,-9,-81,51,None
0,20,-6,-12,2,0,6,9,28,0,0,0,-9,-81,51,None
0,-8,-2,7,5,5,2,-7,-14,0,0,0,-9,-81,51,None
0,-13,7,60,24,14,-4,-3,-20,0,0,0,-9,-81,51,None
0,-13,7,60,24,14,-4,-3,-20,0,0,0,-9,-81,51,None
0,-13,7,60,24,14,-4,-3,-20,0,0,0,-11,-82,52,None
0,2,5,-7,-4,-13,0,-2,-6,0,0,0,-11,-82,52,None
0,-7,-1,19,22,16,-9,-10,-2,0,0,0,-11,-82,52,None
0,-2,-13,-79,-45,-12,12,9,13,0,0,0,-11,-82,52,None
0,14,-2,-22,14,19,-4,3,18,0,0,0,-11,-82,52,None
0,14,-2,-22,14,19,-4,3,18,0,0,0,-11,-82,52,None
0,14,-2,-22,14,19,-4,3,18,0,0,0,-2,-83,52,None
0,8,13,19,-41,-32,2,4,11,0,0,0,-2,-83,52,None
0,-4,2,15,1,2,-3,2,20,0,0,0,-2,-83,52,None
0,-12,1,-12,1,-5,-7,-13,-67,0,0,0,-2,-83,52,None
0,-3,-6,-47,5,-2,1,5,10,0,0,0,-2,-83,52,None
0,-3,-6,-47,5,-2,1,5,10,0,0,0,-2,-83,52,None
0,-3,-6,-47,5,-2,1,5,10,0,0,0,5,-83,54,None
0,-12,10,65,13,15,-5,-9,-29,0,0,0,5,-83,54,None
0,3,10,3,16,5,2,-3,8,0,0,0,5,-83,54,None
0,-7,-32,-15,-27,-11,-9,-3,17,0,0,0,5,-83,54,None
0,-1,-1,3,2,-3,-15,-6,-6,0,0,0,5,-83,54,None
0,-1,-1,3,2,-3,-15,-6,-6,0,0,0,5,-83,54,None
0,-1,-1,3,2,-3,-15,-6,-6,0,0,0,12,-79,56,None
0,-1,3,19,4,-2,7,2,-5,0,0,0,12,-79,56,None
0,-2,6,-1,-8,7,10,2,-5,0,0,0,12,-79,56,None
0,2,11,30,9,-2,-10,-2,5,0,0,0,12,-79,56,None
0,1,0,-18,-7,-4,5,-1,2,0,0,0,12,-79,56,None
0,1,0,-18,-7,-4,5,-1,2,0,0,0,12,-79,56,None
0,1,0,-18,-7,-4,5,-1,2,0,0,0,20,-78,58,None
0,2,4,0,11,7,9,7,6,0,0,0,20,-78,58,None
0,-8,-3,-15,-9,2,-11,-9,-17,0,0,0,20,-78,58,None
0,2,4,-12,-4,-17,-11,-5,5,0,0,0,20,-78,58,None
0,0,0,5,7,19,19,13,9,0,0,0,20,-78,58,None
0,0,0,5,7,19,19,13,9,0,0,0,20,-78,58,None
0,0,0,5,7,19,19,13,9,0,0,0,25,-77,57,None
0,-1,4,14,7,6,-11,-7,-9,0,0,0,25,-77,57,None
0,-1,3,0,-3,-3,17,3,-8,0,0,0,25,-77,57,None
0,0,2,10,-1,2,-7,-5,6,0,0,0,25,-77,57,None
0,-1,-3,-12,-12,-23,-23,-11,-2,0,0,0,25,-77,57,None
0,-1,-3,-12,-12,-23,-23,-11,-2,0,0,0,25,-77,57,None
0,-1,-3,-12,-12,-23,-23,-11,-2,0,0,0,10,-82,58,None
0,1,1,3,-1,14,2,-1,-10,0,0,0,10,-82,58,None
0,2,2,-10,-8,0,-1,11,0,0,0,0,10,-82,58,None
0,1,-2,5,23,3,12,9,20,0,0,0,10,-82,58,None
0,-3,0,1,2,-8,-9,-14,-7,0,0,0,10,-82,58,None
0,-3,0,1,2,-8,-9,-14,-7,0,0,0,10,-82,58,None
0,-3,0,1,2,-8,-9,-14,-7,0,0,0,5,-83,57,None
0,-3,3,-12,-2,1,-3,0,-9,0,0,0,5,-83,57,None
0,-3,-6,-7,-17,-6,-7,-6,-5,0,0,0,5,-83,57,None
0,7,5,-3,18,12,1,11,2,0,0,0,5,-83,57,None
0,-4,0,-3,-21,-5,1,6,-1,0,0,0,5,-83,57,None
0,-4,0,-3,-21,-5,1,6,-1,0,0,0,5,-83,57,None
0,-4,0,-3,-21,-5,1,6,-1,0,0,0,4,-79,57,None
0,-3,0,3,-26,9,24,-11,-32,0,0,0,4,-79,57,None
0,3,8,-1,38,24,33,12,33,0,0,0,4,-79,57,None
0,-6,-9,-2,-20,-23,-21,-3,0,0,0,0,4,-79,57,None
0,-1,-2,0,6,-9,-15,-7,-5,0,0,0,4,-79,57,None
0,-1,-2,0,6,-9,-15,-7,-5,0,0,0,4,-79,57,None
0,-1,-2,0,6,-9,-15,-7,-5,0,0,0,4,-83,58,None
0,-2,-3,-5,9,-10,-34,-9,-2,0,0,0,4,-83,58,None
0,1,4,1,-20,4,4,1,-12,0,0,0,4,-83,58,None
0,2,0,-2,12,2,17,-1,3,0,0,0,4,-83,58,None
0,2,3,-8,-25,4,-1,2,3,0,0,0,4,-83,58,None
0,2,3,-8,-25,4,-1,2,3,0,0,0,4,-83,58,None
0,2,3,-8,-25,4,-1,2,3,0,0,0,8,-87,58,None
0,-5,-4,-22,-13,-16,-22,-11,-1,0,0,0,8,-87,58,None
0,-4,-1,5,11,-9,-12,-4,-5,0,0,0,8,-87,58,None
0,2,8,0,-5,28,29,7,12,0,0,0,8,-87,58,None
0,-2,4,5,30,0,6,1,-15,0,0,0,8,-87,58,None
0,-2,4,5,30,0,6,1,-15,0,0,0,8,-87,58,None
0,-2,4,5,30,0,6,1,-15,0,0,0,1,-87,53,None
0,4,-1,-4,-20,8,18,13,12,0,0,0,1,-87,53,None
0,-4,-5,-4,18,-14,-25,-17,-13,0,0,0,1,-87,53,None
0,-2,4,-3,-15,-16,-20,-12,-1,0,0,0,1,-87,53,None
0,-2,-3,-2,12,10,-6,-2,-4,0,0,0,1,-87,53,None
0,-2,-3,-2,12,10,-6,-2,-4,0,0,0,1,-87,53,None
0,-2,-3,-2,12,10,-6,-2,-4,0,0,0,-2,-83,53,None
0,1,3,-10,-10,11,23,4,1,0,0,0,-2,-83,53,None
0,-2,-3,-15,-17,-10,-14,-5,-1,0,0,0,-2,-83,53,None
0,-2,1,0,-9,1,-4,-5,-12,0,0,0,-2,-83,53,None
0,0,3,-1,2,-1,-2,-5,2,0,0,0,-2,-83,53,None
0,0,3,-1,2,-1,-2,-5,2,0,0,0,-2,-83,53,None
0,0,3,-1,2,-1,-2,-5,2,0,0,0,1,-82,53,None
0,0,2,3,41,1,-10,2,8,0,0,0,1,-82,53,None
0,0,-1,-8,-36,14,15,5,-2,0,0,0,1,-82,53,None
0,-3,0,8,48,7,11,0,-3,0,0,0,1,-82,53,None
0,1,2,0,-14,5,5,-12,3,0,0,0,1,-82,53,None
0,1,2,0,-14,5,5,-12,3,0,0,0,1,-82,53,None
0,1,2,0,-14,5,5,-12,3,0,0,0,-1,-84,49,None
0,0,2,2,33,0,-7,-3,3,0,0,0,-1,-84,49,None
0,-1,-1,-6,-32,-13,-11,-4,-8,0,0,0,-1,-84,49,None
0,-1,2,-2,-5,4,-1,0,-1,0,0,0,-1,-84,49,None
0,0,-1,-7,-2,-3,0,1,5,0,0,0,-1,-84,49,None
0,0,-1,-7,-2,-3,0,1,5,0,0,0,-1,-84,49,None
0,0,-1,-7,-2,-3,0,1,5,0,0,0,-3,-83,50,None
0,-2,-1,3,-9,-1,-4,0,-3,0,0,0,-3,-83,50,None
0,-2,-1,1,11,5,-2,-1,-2,0,0,0,-3,-83,50,None
0,-1,-1,-4,-5,-6,-1,2,3,0,0,0,-3,-83,50,None
0,-2,-2,-1,0,1,4,-3,-4,0,0,0,-3,-83,50,None
0,-2,-2,-1,0,1,4,-3,-4,0,0,0,-3,-83,50,None
0,-2,-2,-1,0,1,4,-3,-4,0,0,0,-3,-81,47,None
0,-1,1,2,2,2,1,-1,0,0,0,0,-3,-81,47,None
0,-2,1,0,3,-2,-5,-2,-5,0,0,0,-3,-81,47,None
0,-1,1,-1,-9,7,-2,0,3,0,0,0,-3,-81,47,None
0,-2,1,-5,-13,-6,2,2,-3,0,0,0,-3,-81,47,None
0,-2,1,-5,-13,-6,2,2,-3,0,0,0,-3,-81,47,None
0,-2,1,-5,-13,-6,2,2,-3,0,0,0,-8,-80,45,None
0,0,2,1,14,8,2,-2,0,0,0,0,-8,-80,45,None
0,-3,-4,-8,-3,-11,-6,-2,-3,0,0,0,-8,-80,45,None
0,-1,3,3,-8,-1,0,-1,-2,0,0,0,-8,-80,45,None
0,-2,-2,-4,19,8,4,1,-1,0,0,0,-8,-80,45,None
0,-2,-2,-4,19,8,4,1,-1,0,0,0,-8,-80,45,None
0,-2,-2,-4,19,8,4,1,-1,0,0,0,-11,-80,46,None
0,-3,-1,-4,-22,-3,-6,-3,-2,0,0,0,-11,-80,46,None
0,0,2,0,13,3,-3,-4,-1,0,0,0,-11,-80,46,None
0,-1,-1,0,-3,-2,-1,-3,-2,0,0,0,-11,-80,46,None
0,0,1,-13,-1,1,0,2,0,0,0,0,-11,-80,46,None
0,0,1,-13,-1,1,0,2,0,0,0,0,-11,-80,46,None
0,0,1,-13,-1,1,0,2,0,0,0,0,-9,-78,46,None
0,-2,-2,7,0,1,0,0,0,0,0,0,-9,-78,46,None
0,-2,1,-4,5,0,-2,-2,-3,0,0,0,-9,-78,46,None
0,-1,1,-1,-6,0,0,-1,-1,0,0,0,-9,-78,46,None
0,0,-1,6,-1,-1,1,0,1,0,0,0,-9,-78,46,None
0,0,-1,6,-1,-1,1,0,1,0,0,0,-9,-78,46,None
0,0,-1,6,-1,-1,1,0,1,0,0,0,-6,-77,46,None
0,-2,-1,-6,4,2,-1,-5,-3,0,0,0,-6,-77,46,None
0,-1,1,0,-2,-3,0,0,0,0,0,0,-6,-77,46,None
0,0,2,-2,-1,3,-1,1,1,0,0,0,-6,-77,46,None
0,-2,-2,-1,-2,1,-2,-1,-1,0,0,0,-6,-77,46,None
0,-2,-2,-1,-2,1,-2,-1,-1,0,0,0,-6,-77,46,None
0,-2,-2,-1,-2,1,-2,-1,-1,0,0,0,-8,-77,46,None
0,2,2,-2,-7,-4,-3,0,-1,0,0,0,-8,-77,46,None
0,-1,-1,6,8,5,3,2,0,0,0,0,-8,-77,46,None
0,-2,-1,-9,4,2,-4,-3,-1,0,0,0,-8,-77,46,None
0,-1,1,9,-2,-9,0,0,-1,0,0,0,-8,-77,46,None
0,-1,1,9,-2,-9,0,0,-1,0,0,0,-8,-77,46,None
0,-1,1,9,-2,-9,0,0,-1,0,0,0,-7,-80,45,None
0,-1,0,-4,1,4,-1,-3,-2,0,0,0,-7,-80,45,None
0,0,1,-4,-1,3,-1,-2,-2,0,0,0,-7,-80,45,None
0,-2,1,-1,-1,-13,-6,-2,-3,0,0,0,-7,-80,45,None
0,-2,-1,-10,-26,-7,1,2,-1,0,0,0,-7,-80,45,None
0,-2,-1,-10,-26,-7,1,2,-1,0,0,0,-7,-80,45,None
0,-2,-1,-10,-26,-7,1,2,-1,0,0,0,-6,-83,46,None
0,-2,1,-3,3,2,-5,-2,-2,0,0,0,-6,-83,46,None
0,-3,-2,-4,-3,-5,-1,-3,-1,0,0,0,-6,-83,46,None
0,0,1,1,6,9,-1,-1,0,0,0,0,-6,-83,46,None
0,1,-3,-3,-2,-2,-5,-3,-1,0,0,0,-6,-83,46,None
0,1,-3,-3,-2,-2,-5,-3,-1,0,0,0,-6,-83,46,None
0,1,-3,-3,-2,-2,-5,-3,-1,0,0,0,-5,-85,46,None
0,-2,1,-5,-2,-7,-8,-4,-3,0,0,0,-5,-85,46,None
0,-1,-3,3,10,9,1,-2,-3,0,0,0,-5,-85,46,None
0,0,1,-8,-15,-2,4,2,0,0,0,0,-5,-85,46,None
0,-1,1,-2,10,5,-4,-6,-2,0,0,0,-5,-85,46,None
0,-1,1,-2,10,5,-4,-6,-2,0,0,0,-5,-85,46,None
0,-1,1,-2,10,5,-4,-6,-2,0,0,0,-4,-86,45,None
0,-1,0,-6,2,4,6,3,1,0,0,0,-4,-86,45,None
0,-1,-2,-1,0,-5,-5,-1,0,0,0,0,-4,-86,45,None
0,-1,2,2,1,6,-7,-3,-4,0,0,0,-4,-86,45,None
0,-2,-1,-3,-5,-10,5,0,-1,0,0,0,-4,-86,45,None
0,-2,-1,-3,-5,-10,5,0,-1,0,0,0,-4,-86,45,None
0,-2,-1,-3,-5,-10,5,0,-1,0,0,0,-4,-86,46,None
0,-1,0,-3,3,-2,-4,-3,-1,0,0,0,-4,-86,46,None
0,-2,2,1,0,-4,-1,-2,-4,0,0,0,-4,-86,46,None
0,-2,-1,-2,-5,0,0,-1,-2,0,0,0,-4,-86,46,None
0,0,1,-3,2,5,-7,-2,-1,0,0,0,-4,-86,46,None
0,0,1,-3,2,5,-7,-2,-1,0,0,0,-4,-86,46,None
0,0,1,-3,2,5,-7,-2,-1,0,0,0,-1,-84,45,None
0,-1,3,-2,3,0,5,0,0,0,0,0,-1,-84,45,None
0,-1,0,-4,-1,3,0,0,-2,0,0,0,-1,-84,45,None
0,-3,-1,-2,4,3,0,0,-1,0,0,0,-1,-84,45,None
0,0,2,-2,-5,-10,-3,-4,-1,0,0,0,-1,-84,45,None
0,0,2,-2,-5,-10,-3,-4,-1,0,0,0,-1,-84,45,None
0,0,2,-2,-5,-10,-3,-4,-1,0,0,0,0,-83,45,None
0,-1,0,0,-1,3,2,1,-2,0,0,0,0,-83,45,None
0,0,2,-4,-17,-12,-5,-3,0,0,0,0,0,-83,45,None
0,1,1,-2,3,9,4,-3,-3,0,0,0,0,-83,45,None
0,-1,2,0,1,10,3,6,4,0,0,0,0,-83,45,None
0,-1,2,0,1,10,3,6,4,0,0,0,0,-83,45,None
0,-1,2,0,1,10,3,6,4,0,0,0,2,-85,45,None
0,-4,-1,-6,-4,2,2,-1,-2,0,0,0,2,-85,45,None
0,-2,-7,-2,1,1,-4,-3,-2,0,0,0,2,-85,45,None
0,-1,6,0,-3,-9,-6,-2,-2,0,0,0,2,-85,45,None
0,-2,6,-3,4,6,-5,-5,-4,0,0,0,2,-85,45,None
0,-2,6,-3,4,6,-5,-5,-4,0,0,0,2,-85,45,None
0,-2,6,-3,4,6,-5,-5,-4,0,0,0,5,-87,46,None
0,-1,-4,-3,2,2,4,-1,-4,0,0,0,5,-87,46,None
0,2,-2,1,5,-2,-1,1,4,0,0,0,5,-87,46,None
0,-2,6,-3,-12,1,2,-3,1,0,0,0,5,-87,46,None
0,1,-3,-2,4,3,-3,-3,-2,0,0,0,5,-87,46,None
0,1,-3,-2,4,3,-3,-3,-2,0,0,0,5,-87,46,None
0,1,-3,-2,4,3,-3,-3,-2,0,0,0,8,-89,45,None
0,-6,-4,-5,-2,-3,-8,-4,-3,0,0,0,8,-89,45,None
0,-3,-9,-2,1,1,-3,-5,-5,0,0,0,8,-89,45,None
0,1,9,-1,-2,-2,-3,-4,-2,0,0,0,8,-89,45,None
0,1,-9,1,3,4,5,8,3,0,0,0,8,-89,45,None
0,1,-9,1,3,4,5,8,3,0,0,0,8,-89,45,None
0,1,-9,1,3,4,5,8,3,0,0,0,10,-90,45,None
0,0,9,1,-1,0,0,1,1,0,0,0,10,-90,45,None
0,1,4,-5,-2,-2,-3,-1,0,0,0,0,10,-90,45,None
0,3,2,1,3,0,-2,-3,-1,0,0,0,10,-90,45,None
0,-1,18,2,-1,4,2,-1,0,0,0,0,10,-90,45,None
0,-1,18,2,-1,4,2,-1,0,0,0,0,10,-90,45,None
0,-1,18,2,-1,4,2,-1,0,0,0,0,11,-89,45,None
0,-1,-18,-6,-4,-8,-4,-4,-2,0,0,0,11,-89,45,None
0,-3,8,-2,-1,8,2,0,-3,0,0,0,11,-89,45,None
0,0,-7,-1,0,0,1,0,0,0,0,0,11,-89,45,None
0,-1,0,-1,0,3,-1,-3,-1,0,0,0,11,-89,45,None
0,-1,0,-1,0,3,-1,-3,-1,0,0,0,11,-89,45,None
0,-1,0,-1,0,3,-1,-3,-1,0,0,0,12,-89,46,None
0,-2,6,0,-1,0,1,-3,-2,0,0,0,12,-89,46,None
0,1,6,-1,-1,-4,-4,-5,2,0,0,0,12,-89,46,None
0,-1,-9,-2,0,4,1,6,1,0,0,0,12,-89,46,None
0,-4,-4,-7,-1,-4,-3,2,-2,0,0,0,12,-89,46,None
0,-4,-4,-7,-1,-4,-3,2,-2,0,0,0,12,-89,46,None
0,-4,-4,-7,-1,-4,-3,2,-2,0,0,0,14,-88,47,None
0,2,4,-1,0,0,-3,-1,0,0,0,0,14,-88,47,None
0,-1,-2,0,1,1,1,-3,0,0,0,0,14,-88,47,None
0,-2,4,-4,-1,-2,-2,-4,-4,0,0,0,14,-88,47,None
0,-1,-4,-3,-2,0,-1,-4,-3,0,0,0,14,-88,47,None
0,-1,-4,-3,-2,0,-1,-4,-3,0,0,0,14,-88,47,None
0,-1,-4,-3,-2,0,-1,-4,-3,0,0,0,15,-91,45,None
0,-2,2,0,-3,-2,-4,-3,0,0,0,0,15,-91,45,None
0,-1,3,0,1,-6,-4,1,-2,0,0,0,15,-91,45,None
0,-1,1,1,4,6,5,-1,1,0,0,0,15,-91,45,None
0,-4,-6,-3,-5,-3,-2,-5,-6,0,0,0,15,-91,45,None
0,-4,-6,-3,-5,-3,-2,-5,-6,0,0,0,15,-91,45,None
0,-4,-6,-3,-5,-3,-2,-5,-6,0,0,0,16,-95,46,None
0,2,3,0,1,2,-1,0,0,0,0,0,16,-95,46,None
0,-3,0,-2,-2,-4,1,0,-3,0,0,0,16,-95,46,None
0,-3,-5,-3,-2,-1,-1,2,2,0,0,0,16,-95,46,None
0,1,-1,-2,-1,8,2,-7,-2,0,0,0,16,-95,46,None
0,1,-1,-2,-1,8,2,-7,-2,0,0,0,16,-95,46,None
0,1,-1,-2,-1,8,2,-7,-2,0,0,0,18,-95,45,None
0,-3,0,-3,-2,-6,-5,-1,-4,0,0,0,18,-95,45,None
0,-3,0,-3,-3,-1,-6,-5,-6,0,0,0,18,-95,45,None
0,0,-3,-1,-1,-5,-5,-1,-2,0,0,0,18,-95,45,None
0,-1,5,-1,-1,-3,-5,-4,-2,0,0,0,18,-95,45,None
0,-1,5,-1,-1,-3,-5,-4,-2,0,0,0,18,-95,45,None
0,-1,5,-1,-1,-3,-5,-4,-2,0,0,0,20,-96,45,None
0,-3,-9,-3,-2,1,1,-5,0,0,0,0,20,-96,45,None
0,-1,2,0,0,4,4,4,-3,0,0,0,20,-96,45,None
0,-2,-1,-3,-1,1,1,-4,-4,0,0,0,20,-96,45,None
0,0,1,-2,-4,-3,-1,-1,-1,0,0,0,20,-96,45,None
0,0,1,-2,-4,-3,-1,-1,-1,0,0,0,20,-96,45,None
0,0,1,-2,-4,-3,-1,-1,-1,0,0,0,21,-97,44,None
0,-2,2,-2,-2,0,-2,1,-4,0,0,0,21,-97,44,None
0,-1,-3,-2,0,2,-1,-1,-1,0,0,0,21,-97,44,None
0,-1,1,-4,-1,0,-3,-2,-2,0,0,0,21,-97,44,None
0,-1,0,-2,1,0,0,0,-2,0,0,0,21,-97,44,None
0,-1,0,-2,1,0,0,0,-2,0,0,0,21,-97,44,None
0,-1,0,-2,1,0,0,0,-2,0,0,0,19,-96,44,None
0,-1,1,0,0,2,1,0,-1,0,0,0,19,-96,44,None
0,-1,0,0,0,0,-3,-1,-2,0,0,0,19,-96,44,None
0,-1,0,0,0,0,-3,-1,-2,0,0,0,19,-96,44,None
0,-1,0,0,0,0,-3,-1,-2,0,0,0,18,-94,43,None
0,-2,-1,-3,-2,-2,-5,-3,-4,0,0,0,18,-94,43,None
0,-1,-1,0,3,1,1,2,0,0,0,0,18,-94,43,None
0,0,1,-1,-1,4,2,1,0,0,0,0,18,-94,43,None
0,-3,1,-3,0,2,3,4,0,0,0,0,18,-94,43,None
0,-3,1,-3,0,2,3,4,0,0,0,0,18,-94,43,None
0,-3,1,-3,0,2,3,4,0,0,0,0,17,-93,42,None
0,-1,-2,-2,-1,-1,0,-1,0,0,0,0,17,-93,42,None
0,-1,0,1,0,0,-2,-4,-1,0,0,0,17,-93,42,None
0,-1,2,-3,-2,3,-2,-7,-4,0,0,0,17,-93,42,None
0,-2,-3,-7,-6,-3,-5,-2,-3,0,0,0,17,-93,42,None
0,-2,-3,-7,-6,-3,-5,-2,-3,0,0,0,17,-93,42,None
0,-2,-3,-7,-6,-3,-5,-2,-3,0,0,0,17,-94,40,None
0,-2,2,1,0,1,-2,-4,-4,0,0,0,17,-94,40,None
0,-2,-1,-3,-2,0,0,6,4,0,0,0,17,-94,40,None
0,-1,1,-1,0,-1,-3,-2,-1,0,0,0,17,-94,40,None
0,-1,0,-1,0,3,-1,-3,-1,0,0,0,17,-94,40,None
0,-1,0,-1,0,3,-1,-3,-1,0,0,0,17,-94,40,None
0,-1,0,-1,0,3,-1,-3,-1,0,0,0,17,-94,39,None
0,0,1,-2,-2,5,2,-1,0,0,0,0,17,-94,39,None
0,-2,-1,0,0,0,-1,-4,-4,0,0,0,17,-94,39,None
0,-1,1,-1,1,1,1,0,-2,0,0,0,17,-94,39,None
0,1,-1,0,0,-2,-1,-2,0,0,0,0,17,-94,39,None
0,1,-1,0,0,-2,-1,-2,0,0,0,0,17,-94,39,None
0,1,-1,0,0,-2,-1,-2,0,0,0,0,17,-92,38,None
0,-2,-2,-1,1,-4,-2,-1,-2,0,0,0,17,-92,38,None
0,-1,0,-4,-2,3,-1,-3,-3,0,0,0,17,-92,38,None
0,-3,1,1,-1,-1,-5,-5,-5,0,0,0,17,-92,38,None
0,0,3,-2,1,6,7,6,3,0,0,0,17,-92,38,None
0,0,3,-2,1,6,7,6,3,0,0,0,17,-92,38,None
0,0,3,-2,1,6,7,6,3,0,0,0,18,-89,37,None
0,-1,-1,-3,-1,1,4,3,1,0,0,0,18,-89,37,None
0,-2,1,-3,-3,-4,-3,-3,-2,0,0,0,18,-89,37,None
0,-2,-4,-2,-1,2,1,3,-3,0,0,0,18,-89,37,None
0,-2,5,1,2,-5,-8,-5,-4,0,0,0,18,-89,37,None
0,-2,5,1,2,-5,-8,-5,-4,0,0,0,18,-89,37,None
0,-2,5,1,2,-5,-8,-5,-4,0,0,0,19,-88,36,None
0,0,0,-3,0,1,-2,-4,0,0,0,0,19,-88,36,None
0,-1,-1,-5,-3,-1,2,0,-1,0,0,0,19,-88,36,None
0,-1,1,-1,0,2,0,-1,0,0,0,0,19,-88,36,None
0,-1,0,0,1,0,-1,-2,-2,0,0,0,19,-88,36,None
0,-1,0,0,1,0,-1,-2,-2,0,0,0,19,-88,36,None
0,-1,0,0,1,0,-1,-2,-2,0,0,0,19,-90,34,None
0,-2,0,-4,-4,-3,-4,-3,-3,0,0,0,19,-90,34,None
0,-1,-1,0,1,2,-2,-3,-3,0,0,0,19,-90,34,None
0,-2,0,-4,0,-2,-1,-1,1,0,0,0,19,-90,34,None
0,-1,0,-6,-3,-1,-2,-2,-3,0,0,0,19,-90,34,None
0,-1,0,-6,-3,-1,-2,-2,-3,0,0,0,19,-90,34,None
0,-1,0,-6,-3,-1,-2,-2,-3,0,0,0,19,-90,35,None
0,-2,-4,-4,-1,0,-1,3,1,0,0,0,19,-90,35,None
0,-2,0,1,1,1,0,-4,-5,0,0,0,19,-90,35,None
0,-1,0,2,1,1,0,1,0,0,0,0,19,-90,35,None
0,3,2,-6,-3,0,0,-4,-2,0,0,0,19,-90,35,None
0,3,2,-6,-3,0,0,-4,-2,0,0,0,19,-90,35,None
0,3,2,-6,-3,0,0,-4,-2,0,0,0,21,-88,35,None
0,-7,1,-4,-1,0,-5,-4,-3,0,0,0,21,-88,35,None
0,-2,1,-4,-1,-1,-2,-1,-1,0,0,0,21,-88,35,None
0,-1,1,0,1,0,1,2,-1,0,0,0,21,-88,35,None
0,-1,1,0,0,3,-3,-5,-1,0,0,0,21,-88,35,None
0,-1,1,0,0,3,-3,-5,-1,0,0,0,21,-88,35,None
0,-1,1,0,0,3,-3,-5,-1,0,0,0,19,-85,35,None
0,1,-2,-3,-2,-4,-2,0,1,0,0,0,19,-85,35,None
0,-1,0,0,1,4,2,0,-1,0,0,0,19,-85,35,None
0,-2,1,-2,0,-1,0,-3,-1,0,0,0,19,-85,35,None
0,-2,-2,-4,0,2,-1,-2,-3,0,0,0,19,-85,35,None
0,-2,-2,-4,0,2,-1,-2,-3,0,0,0,19,-85,35,None
0,-2,-2,-4,0,2,-1,-2,-3,0,0,0,20,-87,36,None
0,-1,-2,2,-2,-1,-5,-3,-3,0,0,0,20,-87,36,None
0,0,0,-3,-4,-3,-3,-1,-2,0,0,0,20,-87,36,None
0,-2,1,-5,-1,-2,-1,0,-1,0,0,0,20,-87,36,None
0,-1,1,1,0,2,0,-1,-2,0,0,0,20,-87,36,None
0,-1,1,1,0,2,0,-1,-2,0,0,0,20,-87,36,None
0,-1,1,1,0,2,0,-1,-2,0,0,0,20,-90,37,None
0,-2,2,3,4,4,4,1,-1,0,0,0,20,-90,37,None
0,-2,-3,-4,-2,2,-2,-1,0,0,0,0,20,-90,37,None
0,-2,-4,-5,-2,-1,-2,-2,-1,0,0,0,20,-90,37,None
0,-2,3,-1,-2,-2,-2,-3,-2,0,0,0,20,-90,37,None
0,-2,3,-1,-2,-2,-2,-3,-2,0,0,0,20,-90,37,None
0,-2,3,-1,-2,-2,-2,-3,-2,0,0,0,18,-93,39,None
0,-1,1,2,0,-1,-2,-3,-3,0,0,0,18,-93,39,None
0,-1,1,-2,2,1,1,0,1,0,0,0,18,-93,39,None
0,1,2,-3,0,2,-1,-2,0,0,0,0,18,-93,39,None
0,-3,0,0,1,2,6,6,0,0,0,0,18,-93,39,None
0,-3,0,0,1,2,6,6,0,0,0,0,18,-93,39,None
0,-3,0,0,1,2,6,6,0,0,0,0,15,-96,42,None
0,-1,0,-3,-1,0,-2,-3,-3,0,0,0,15,-96,42,None
0,-2,1,-2,-3,-3,-3,-3,-3,0,0,0,15,-96,42,None
0,1,0,2,-3,0,-4,-7,-4,0,0,0,15,-96,42,None
0,0,-3,-3,-2,-2,-4,1,0,0,0,0,15,-96,42,None
0,0,-3,-3,-2,-2,-4,1,0,0,0,0,15,-96,42,None
0,0,-3,-3,-2,-2,-4,1,0,0,0,0,15,-96,43,None
0,-2,1,-2,1,4,2,0,-2,0,0,0,15,-96,43,None
