0,-15,-28,-2,-12,8,-13,-1,-2,0,0,0,65,-60,64,None
0,-1,-8,-11,5,-11,-15,-3,-1,0,0,0,65,-60,64,None
0,-21,-18,-2,-2,-11,-14,-1,-5,0,0,0,65,-60,64,None
0,-21,-18,-2,-2,-11,-14,-1,-5,0,0,0,65,-60,64,None
0,-21,-18,-2,-2,-11,-14,-1,-5,0,0,0,56,-63,67,None
0,1,-1,-1,3,30,4,-1,-3,0,0,0,56,-63,67,None
0,-13,11,-3,-13,-13,-9,2,2,0,0,0,56,-63,67,None
0,22,-4,-3,-1,-1,-8,0,-3,0,0,0,56,-63,67,None
0,21,25,6,13,-11,-1,-3,11,0,0,0,56,-63,67,None
0,21,25,6,13,-11,-1,-3,11,0,0,0,56,-63,67,None
0,21,25,6,13,-11,-1,-3,11,0,0,0,49,-64,71,None
0,30,0,-9,-3,27,5,-1,-9,0,0,0,49,-64,71,None
0,-10,-6,-8,-6,-15,-7,-2,3,0,0,0,49,-64,71,None
0,-27,22,4,6,-17,-2,-1,0,0,0,0,49,-64,71,None
0,6,-1,-2,1,21,10,2,-12,0,0,0,49,-64,71,None
0,6,-1,-2,1,21,10,2,-12,0,0,0,49,-64,71,None
0,6,-1,-2,1,21,10,2,-12,0,0,0,39,-65,74,None
0,-8,5,1,2,4,8,12,13,0,0,0,39,-65,74,None
0,-6,15,-4,-23,-6,-3,-6,2,0,0,0,39,-65,74,None
0,-61,-8,-6,6,-2,-1,-15,-27,0,0,0,39,-65,74,None
0,37,-16,-4,-2,-5,0,-1,3,0,0,0,39,-65,74,None
0,37,-16,-4,-2,-5,0,-1,3,0,0,0,39,-65,74,None
0,37,-16,-4,-2,-5,0,-1,3,0,0,0,29,-60,77,None
0,1,10,9,3,7,0,-5,-3,0,0,0,29,-60,77,None
0,21,3,4,6,-6,4,13,23,0,0,0,29,-60,77,None
0,-26,12,-1,2,10,1,21,-1,0,0,0,29,-60,77,None
0,-37,13,-1,0,-7,-4,-37,-64,0,0,0,29,-60,77,None
0,-37,13,-1,0,-7,-4,-37,-64,0,0,0,29,-60,77,None
0,-37,13,-1,0,-7,-4,-37,-64,0,0,0,19,-62,81,None
0,50,-36,-12,-5,5,-3,-16,9,0,0,0,19,-62,81,None
0,49,24,2,0,0,-2,-2,-2,0,0,0,19,-62,81,None
0,-51,-36,-11,-5,-3,-3,-3,5,0,0,0,19,-62,81,None
0,86,-13,-20,-5,-5,2,24,29,0,0,0,19,-62,81,None
0,86,-13,-20,-5,-5,2,24,29,0,0,0,19,-62,81,None
0,86,-13,-20,-5,-5,2,24,29,0,0,0,20,-61,76,None
0,-14,21,11,-5,5,2,-2,-16,0,0,0,20,-61,76,None
0,34,-4,-7,-4,-8,-5,-4,-4,0,0,0,20,-61,76,None
0,4,-14,8,5,10,1,6,12,0,0,0,20,-61,76,None
0,25,5,10,56,-13,-5,-8,1,0,0,0,20,-61,76,None
0,25,5,10,56,-13,-5,-8,1,0,0,0,20,-61,76,None
0,25,5,10,56,-13,-5,-8,1,0,0,0,15,-62,67,None
0,-53,-38,-18,-72,0,4,-5,-8,0,0,0,15,-62,67,None
0,-105,12,5,7,3,-4,9,3,0,0,0,15,-62,67,None
0,38,11,-2,-2,0,-1,-11,-17,0,0,0,15,-62,67,None
0,2,2,2,-5,1,-1,-4,9,0,0,0,15,-62,67,None
0,2,2,2,-5,1,-1,-4,9,0,0,0,15,-62,67,None
0,2,2,2,-5,1,-1,-4,9,0,0,0,8,-63,59,None
0,-1,6,2,24,2,1,0,6,0,0,0,8,-63,59,None
0,24,-10,0,3,-2,-2,1,-7,0,0,0,8,-63,59,None
0,-8,-8,-9,-2,-6,-3,-2,-5,0,0,0,8,-63,59,None
0,-8,5,0,-5,6,0,-3,11,0,0,0,8,-63,59,None
0,-8,5,0,-5,6,0,-3,11,0,0,0,8,-63,59,None
0,-8,5,0,-5,6,0,-3,11,0,0,0,9,-75,61,None
0,-28,-1,-1,14,-5,-3,7,-2,0,0,0,9,-75,61,None
0,4,-16,-8,-12,0,0,-15,-16,0,0,0,9,-75,61,None
0,29,-4,2,-2,3,2,1,9,0,0,0,9,-75,61,None
0,-14,-14,-4,-17,5,1,4,4,0,0,0,9,-75,61,None
0,-14,-14,-4,-17,5,1,4,4,0,0,0,9,-75,61,None
0,-14,-14,-4,-17,5,1,4,4,0,0,0,12,-82,65,None
0,11,38,-1,9,2,-3,0,-8,0,0,0,12,-82,65,None
0,22,-10,8,9,3,-4,0,-1,0,0,0,12,-82,65,None
0,-40,-1,-7,-27,-4,-2,-6,-5,0,0,0,12,-82,65,None
0,-14,-3,7,5,-2,-3,6,7,0,0,0,12,-82,65,None
0,-14,-3,7,5,-2,-3,6,7,0,0,0,12,-82,65,None
0,-14,-3,7,5,-2,-3,6,7,0,0,0,8,-70,69,None
0,-7,-12,-6,-7,4,2,-4,-4,0,0,0,8,-70,69,None
0,40,4,-8,-8,-2,1,8,3,0,0,0,8,-70,69,None
0,22,16,1,5,-3,-3,-17,-5,0,0,0,8,-70,69,None
0,-12,-4,-1,-10,2,1,4,-2,0,0,0,8,-70,69,None
0,-12,-4,-1,-10,2,1,4,-2,0,0,0,8,-70,69,None
0,-12,-4,-1,-10,2,1,4,-2,0,0,0,7,-57,72,None
0,3,21,2,11,2,-1,9,4,0,0,0,7,-57,72,None
0,-5,2,-2,1,2,-3,-14,-6,0,0,0,7,-57,72,None
0,13,4,1,5,6,3,-4,-4,0,0,0,7,-57,72,None
0,-5,-15,-1,0,-2,0,2,3,0,0,0,7,-57,72,None
0,-5,-15,-1,0,-2,0,2,3,0,0,0,7,-57,72,None
0,-5,-15,-1,0,-2,0,2,3,0,0,0,26,-42,72,None
0,-4,-5,-2,6,-2,-3,-8,-9,0,0,0,26,-42,72,None
0,8,-6,-4,-10,0,-2,2,-1,0,0,0,26,-42,72,None
0,-9,3,-6,3,-1,0,7,-2,0,0,0,26,-42,72,None
0,-6,1,-1,1,-1,0,-8,0,0,0,0,26,-42,72,None
0,-6,1,-1,1,-1,0,-8,0,0,0,0,26,-42,72,None
0,-6,1,-1,1,-1,0,-8,0,0,0,0,13,-49,73,None
0,4,8,1,-3,3,-2,-3,3,0,0,0,13,-49,73,None
0,-20,23,2,-3,0,0,0,-14,0,0,0,13,-49,73,None
0,22,-16,-3,9,4,-3,-1,6,0,0,0,13,-49,73,None
0,-25,-13,-2,-5,-3,-5,3,1,0,0,0,13,-49,73,None
0,-25,-13,-2,-5,-3,-5,3,1,0,0,0,13,-49,73,None
0,-25,-13,-2,-5,-3,-5,3,1,0,0,0,17,-64,77,None
0,-3,0,-1,-5,-5,-3,-10,-2,0,0,0,17,-64,77,None
0,-4,3,-2,19,1,-3,-1,-1,0,0,0,17,-64,77,None
0,3,2,-3,-13,3,-3,2,6,0,0,0,17,-64,77,None
0,8,10,-2,-3,-1,-1,-2,-4,0,0,0,17,-64,77,None
0,8,10,-2,-3,-1,-1,-2,-4,0,0,0,17,-64,77,None
0,8,10,-2,-3,-1,-1,-2,-4,0,0,0,32,-67,74,None
0,6,-10,-5,-3,5,-1,12,3,0,0,0,32,-67,74,None
0,-17,7,-1,3,-4,-2,-21,-5,0,0,0,32,-67,74,None
0,25,-3,-3,6,-2,-3,-1,0,0,0,0,32,-67,74,None
0,-12,8,0,-4,-9,0,3,0,0,0,0,32,-67,74,None
0,-12,8,0,-4,-9,0,3,0,0,0,0,32,-67,74,None
0,-12,8,0,-4,-9,0,3,0,0,0,0,38,-48,74,None
0,-1,6,0,3,18,3,2,-6,0,0,0,38,-48,74,None
0,-2,-11,-4,-9,-22,1,4,0,0,0,0,38,-48,74,None
0,7,7,2,21,26,-6,-11,-1,0,0,0,38,-48,74,None
0,-10,11,-12,-23,-6,-1,-7,-5,0,0,0,38,-48,74,None
0,-10,11,-12,-23,-6,-1,-7,-5,0,0,0,38,-48,74,None
0,-10,11,-12,-23,-6,-1,-7,-5,0,0,0,44,-46,72,None
0,14,-1,-2,-4,-9,-2,0,2,0,0,0,44,-46,72,None
0,-49,-33,-8,-7,-22,-1,8,-4,0,0,0,44,-46,72,None
0,9,0,-1,3,31,-1,-2,-4,0,0,0,44,-46,72,None
0,2,11,5,21,-10,-2,1,5,0,0,0,44,-46,72,None
0,2,11,5,21,-10,-2,1,5,0,0,0,44,-46,72,None
0,2,11,5,21,-10,-2,1,5,0,0,0,57,-58,68,None
0,-34,-30,-6,-6,14,-2,-3,-10,0,0,0,57,-58,68,None
0,1,7,-5,-13,-35,-1,-11,-5,0,0,0,57,-58,68,None
0,16,5,1,-3,-9,-5,16,5,0,0,0,57,-58,68,None
0,-10,-7,-2,5,26,-2,-16,-2,0,0,0,57,-58,68,None
0,-10,-7,-2,5,26,-2,-16,-2,0,0,0,57,-58,68,None
0,-10,-7,-2,5,26,-2,-16,-2,0,0,0,64,-56,68,None
0,2,16,1,6,12,17,3,7,0,0,0,64,-56,68,None
0,20,-15,-1,-1,16,-4,4,-5,0,0,0,64,-56,68,None
0,-18,2,3,4,-7,1,-4,-3,0,0,0,64,-56,68,None
0,13,6,-2,-9,-29,-9,6,0,0,0,0,64,-56,68,None
0,13,6,-2,-9,-29,-9,6,0,0,0,0,64,-56,68,None
0,13,6,-2,-9,-29,-9,6,0,0,0,0,60,-46,69,None
0,-14,5,-1,5,-3,-6,-3,0,0,0,0,60,-46,69,None
0,5,0,0,5,19,-4,-2,-1,0,0,0,60,-46,69,None
0,10,2,-3,-11,-20,0,-5,-4,0,0,0,60,-46,69,None
0,25,-1,-3,-4,15,4,3,-2,0,0,0,60,-46,69,None
0,25,-1,-3,-4,15,4,3,-2,0,0,0,60,-46,69,None
0,25,-1,-3,-4,15,4,3,-2,0,0,0,48,-47,70,None
0,-34,3,-2,1,-9,-2,-3,-1,0,0,0,48,-47,70,None
0,-8,3,0,3,10,1,0,1,0,0,0,48,-47,70,None
0,-1,6,-2,-10,-3,-1,-4,-2,0,0,0,48,-47,70,None
0,-15,-4,0,7,20,2,-2,-4,0,0,0,48,-47,70,None
0,-15,-4,0,7,20,2,-2,-4,0,0,0,48,-47,70,None
0,-15,-4,0,7,20,2,-2,-4,0,0,0,45,-56,70,None
0,14,1,0,-3,-1,-2,1,-5,0,0,0,45,-56,70,None
0,3,2,-2,-5,-15,-2,2,1,0,0,0,45,-56,70,None
0,1,-2,-3,2,8,-3,-4,0,0,0,0,45,-56,70,None
0,2,-2,-3,-5,-9,0,7,-2,0,0,0,45,-56,70,None
0,2,-2,-3,-5,-9,0,7,-2,0,0,0,45,-56,70,None
0,2,-2,-3,-5,-9,0,7,-2,0,0,0,48,-55,69,None
0,16,7,1,0,1,-3,-10,2,0,0,0,48,-55,69,None
0,-7,4,-1,5,19,0,-1,-3,0,0,0,48,-55,69,None
0,19,-5,-6,-6,-18,1,-5,-3,0,0,0,48,-55,69,None
0,1,1,0,-3,0,-2,0,1,0,0,0,48,-55,69,None
0,1,1,0,-3,0,-2,0,1,0,0,0,48,-55,69,None
0,1,1,0,-3,0,-2,0,1,0,0,0,39,-57,70,None
0,16,11,-1,-1,-4,-7,-3,1,0,0,0,39,-57,70,None
0,-14,-15,-6,-6,3,2,-4,-5,0,0,0,39,-57,70,None
0,2,-2,-3,0,13,2,0,4,0,0,0,39,-57,70,None
0,-6,5,1,2,0,-2,-1,-4,0,0,0,39,-57,70,None
0,-6,5,1,2,0,-2,-1,-4,0,0,0,39,-57,70,None
0,-6,5,1,2,0,-2,-1,-4,0,0,0,36,-58,71,None
0,-15,-3,-3,2,-7,0,0,1,0,0,0,36,-58,71,None
0,19,8,3,-1,1,-3,-3,0,0,0,0,36,-58,71,None
0,11,2,-3,-1,-1,1,2,2,0,0,0,36,-58,71,None
0,-26,-2,0,2,7,2,0,-7,0,0,0,36,-58,71,None
0,-26,-2,0,2,7,2,0,-7,0,0,0,36,-58,71,None
0,-26,-2,0,2,7,2,0,-7,0,0,0,28,-60,74,None
0,1,3,0,-5,-5,-1,-6,-5,0,0,0,28,-60,74,None
0,3,-20,-1,14,5,-4,1,1,0,0,0,28,-60,74,None
0,6,5,-2,-2,-3,1,8,-1,0,0,0,28,-60,74,None
0,3,5,-1,-6,-4,0,-12,-1,0,0,0,28,-60,74,None
0,3,5,-1,-6,-4,0,-12,-1,0,0,0,28,-60,74,None
0,3,5,-1,-6,-4,0,-12,-1,0,0,0,22,-67,76,None
0,-5,-9,-3,2,2,-2,0,-3,0,0,0,22,-67,76,None
0,-4,6,-4,-7,1,0,-2,3,0,0,0,22,-67,76,None
0,-4,-6,1,14,2,3,4,-1,0,0,0,22,-67,76,None
0,4,-6,-5,-5,0,-2,0,-1,0,0,0,22,-67,76,None
0,4,-6,-5,-5,0,-2,0,-1,0,0,0,22,-67,76,None
0,4,-6,-5,-5,0,-2,0,-1,0,0,0,6,-75,76,None
0,0,14,2,0,0,-4,-1,3,0,0,0,6,-75,76,None
0,-4,1,-4,-3,6,0,-4,-6,0,0,0,6,-75,76,None
0,-6,2,0,-4,-9,1,-1,-2,0,0,0,6,-75,76,None
0,-15,7,-3,6,0,-1,-2,-5,0,0,0,6,-75,76,None
0,-15,7,-3,6,0,-1,-2,-5,0,0,0,6,-75,76,None
0,-15,7,-3,6,0,-1,-2,-5,0,0,0,-6,-77,75,None
0,12,2,0,-1,4,1,0,-1,0,0,0,-6,-77,75,None
0,-11,16,-1,-6,2,0,0,0,0,0,0,-6,-77,75,None
0,5,-8,0,4,-3,-2,-5,-1,0,0,0,-6,-77,75,None
0,4,2,0,-1,0,-2,1,-1,0,0,0,-6,-77,75,None
0,4,2,0,-1,0,-2,1,-1,0,0,0,-6,-77,75,None
0,4,2,0,-1,0,-2,1,-1,0,0,0,-11,-74,77,None
0,15,-3,-1,-1,3,0,0,-3,0,0,0,-11,-74,77,None
0,-2,19,-1,3,0,-1,0,0,0,0,0,-11,-74,77,None
0,-27,-35,-6,-9,-3,-2,-5,-5,0,0,0,-11,-74,77,None
0,5,-5,-5,-1,1,0,1,-1,0,0,0,-11,-74,77,None
0,5,-5,-5,-1,1,0,1,-1,0,0,0,-11,-74,77,None
0,5,-5,-5,-1,1,0,1,-1,0,0,0,-14,-72,77,None
0,7,7,-1,-2,2,2,4,-2,0,0,0,-14,-72,77,None
0,16,11,0,1,1,-2,-3,0,0,0,0,-14,-72,77,None
0,-17,8,-1,0,-1,-1,0,-4,0,0,0,-14,-72,77,None
0,5,-5,-3,6,-2,-3,-7,3,0,0,0,-14,-72,77,None
0,5,-5,-3,6,-2,-3,-7,3,0,0,0,-14,-72,77,None
0,5,-5,-3,6,-2,-3,-7,3,0,0,0,-1,-66,79,None
0,-15,-14,-6,-9,0,-4,-3,-2,0,0,0,-1,-66,79,None
0,-6,-7,-4,-5,-1,-3,1,-4,0,0,0,-1,-66,79,None
0,-3,2,1,16,-1,-1,-5,1,0,0,0,-1,-66,79,None
0,7,13,-3,-27,2,-1,1,1,0,0,0,-1,-66,79,None
0,7,13,-3,-27,2,-1,1,1,0,0,0,-1,-66,79,None
0,7,13,-3,-27,2,-1,1,1,0,0,0,2,-63,77,None
0,-2,-14,-5,-4,-1,-2,0,-9,0,0,0,2,-63,77,None
0,11,-26,-2,1,2,0,-6,-2,0,0,0,2,-63,77,None
0,15,12,-1,-5,-1,-2,0,3,0,0,0,2,-63,77,None
0,-4,5,3,10,1,-1,3,1,0,0,0,2,-63,77,None
0,-4,5,3,10,1,-1,3,1,0,0,0,2,-63,77,None
0,-4,5,3,10,1,-1,3,1,0,0,0,5,-67,74,None
0,-25,7,-2,-2,1,0,-5,-7,0,0,0,5,-67,74,None
0,4,-1,1,7,2,0,-3,0,0,0,0,5,-67,74,None
0,-1,2,-4,-9,-3,-3,-1,-3,0,0,0,5,-67,74,None
0,20,-8,-3,-1,1,-2,6,1,0,0,0,5,-67,74,None
0,20,-8,-3,-1,1,-2,6,1,0,0,0,5,-67,74,None
0,20,-8,-3,-1,1,-2,6,1,0,0,0,17,-67,77,None
0,-36,4,-1,2,-4,-1,-6,-1,0,0,0,17,-67,77,None
0,-5,-6,-2,-2,0,-4,-5,-1,0,0,0,17,-67,77,None
0,-10,3,-2,0,1,-4,-10,-3,0,0,0,17,-67,77,None
0,-5,3,0,0,-2,0,4,-1,0,0,0,17,-67,77,None
0,-5,3,0,0,-2,0,4,-1,0,0,0,17,-67,77,None
0,-5,3,0,0,-2,0,4,-1,0,0,0,21,-64,77,None
0,13,-1,-3,0,0,0,-4,-1,0,0,0,21,-64,77,None
0,-13,4,-2,-3,0,0,3,0,0,0,0,21,-64,77,None
0,17,4,-2,5,-1,0,0,-5,0,0,0,21,-64,77,None
0,1,-6,-5,-9,0,-2,-3,-1,0,0,0,21,-64,77,None
0,1,-6,-5,-9,0,-2,-3,-1,0,0,0,21,-64,77,None
0,1,-6,-5,-9,0,-2,-3,-1,0,0,0,27,-60,75,None
0,5,9,0,16,6,-1,1,4,0,0,0,27,-60,75,None
0,-2,-4,-5,-29,-5,-2,-5,-3,0,0,0,27,-60,75,None
0,-3,-2,-1,3,3,-1,1,-2,0,0,0,27,-60,75,None
0,-7,4,-1,4,-3,-3,-2,2,0,0,0,27,-60,75,None
0,-7,4,-1,4,-3,-3,-2,2,0,0,0,27,-60,75,None
0,-7,4,-1,4,-3,-3,-2,2,0,0,0,41,-55,73,None
0,5,4,-2,7,1,-3,-1,1,0,0,0,41,-55,73,None
0,11,11,2,4,5,2,2,3,0,0,0,41,-55,73,None
0,-13,5,0,-3,-11,-4,-1,-3,0,0,0,41,-55,73,None
0,19,-9,-5,2,5,3,1,-5,0,0,0,41,-55,73,None
0,19,-9,-5,2,5,3,1,-5,0,0,0,41,-55,73,None
0,19,-9,-5,2,5,3,1,-5,0,0,0,54,-58,70,None
0,-48,-4,-3,-1,2,-1,-6,-3,0,0,0,54,-58,70,None
0,14,8,-3,-3,-1,-1,2,-2,0,0,0,54,-58,70,None
0,-9,-9,-5,-11,-1,-2,-3,-2,0,0,0,54,-58,70,None
0,0,9,2,-2,-4,-3,-2,-3,0,0,0,54,-58,70,None
0,0,9,2,-2,-4,-3,-2,-3,0,0,0,54,-58,70,None
0,0,9,2,-2,-4,-3,-2,-3,0,0,0,63,-54,65,None
0,18,-1,1,2,8,1,3,0,0,0,0,63,-54,65,None
0,-8,-6,-4,-2,-1,-1,-3,-3,0,0,0,63,-54,65,None
0,-2,8,-1,0,3,0,-1,-2,0,0,0,63,-54,65,None
0,-17,1,-2,2,-2,0,0,-2,0,0,0,63,-54,65,None
0,-17,1,-2,2,-2,0,0,-2,0,0,0,63,-54,65,None
0,-17,1,-2,2,-2,0,0,-2,0,0,0,68,-43,67,None
0,14,-2,-1,-7,-4,-2,1,-1,0,0,0,68,-43,67,None
0,-14,0,-3,4,-3,-3,-10,-3,0,0,0,68,-43,67,None
0,9,9,1,-5,2,0,3,2,0,0,0,68,-43,67,None
0,15,-1,-1,0,1,3,-3,-4,0,0,0,68,-43,67,None
0,15,-1,-1,0,1,3,-3,-4,0,0,0,68,-43,67,None
0,15,-1,-1,0,1,3,-3,-4,0,0,0,50,-47,68,None
0,-45,-5,-2,-5,-5,-1,5,0,0,0,0,50,-47,68,None
0,13,4,-1,2,0,-1,1,-3,0,0,0,50,-47,68,None
0,-5,-5,-3,-1,3,-1,-7,1,0,0,0,50,-47,68,None
0,-10,-3,0,4,5,-3,-4,-2,0,0,0,50,-47,68,None
0,-10,-3,0,4,5,-3,-4,-2,0,0,0,50,-47,68,None
0,-10,-3,0,4,5,-3,-4,-2,0,0,0,45,-51,72,None
0,13,5,-2,-5,-3,-3,2,0,0,0,0,45,-51,72,None
0,-5,-11,-2,4,5,2,-1,-3,0,0,0,45,-51,72,None
0,1,2,-1,0,-2,1,6,-1,0,0,0,45,-51,72,None
0,-7,-4,-2,-3,-3,-1,-7,-3,0,0,0,45,-51,72,None
0,-7,-4,-2,-3,-3,-1,-7,-3,0,0,0,45,-51,72,None
0,-7,-4,-2,-3,-3,-1,-7,-3,0,0,0,45,-53,74,None
0,14,2,-2,-5,7,0,-2,-1,0,0,0,45,-53,74,None
0,-2,0,2,0,-2,-1,4,-1,0,0,0,45,-53,74,None
0,20,4,1,5,2,-4,0,-2,0,0,0,45,-53,74,None
0,-54,-2,-6,-5,0,0,-4,-1,0,0,0,45,-53,74,None
0,-54,-2,-6,-5,0,0,-4,-1,0,0,0,45,-53,74,None
0,-54,-2,-6,-5,0,0,-4,-1,0,0,0,44,-54,75,None
0,19,-1,-2,-4,-1,-2,-2,0,0,0,0,44,-54,75,None
0,-1,3,0,2,0,-4,6,2,0,0,0,44,-54,75,None
0,-8,2,0,1,-3,-3,-10,-1,0,0,0,44,-54,75,None
0,10,-14,-3,-1,-2,-3,-1,-2,0,0,0,44,-54,75,None
0,10,-14,-3,-1,-2,-3,-1,-2,0,0,0,44,-54,75,None
0,10,-14,-3,-1,-2,-3,-1,-2,0,0,0,32,-54,77,None
0,25,0,-2,-7,-2,0,-2,0,0,0,0,32,-54,77,None
0,-27,-1,-3,4,3,-1,-1,-7,0,0,0,32,-54,77,None
0,15,9,-1,-7,4,1,4,6,0,0,0,32,-54,77,None
0,-28,2,1,2,-1,1,0,-3,0,0,0,32,-54,77,None
0,-28,2,1,2,-1,1,0,-3,0,0,0,32,-54,77,None
0,-28,2,1,2,-1,1,0,-3,0,0,0,25,-59,78,None
0,8,-3,-4,2,-2,-3,-4,-4,0,0,0,25,-59,78,None
0,17,3,0,2,1,0,-1,1,0,0,0,25,-59,78,None
0,-9,-2,-3,-1,0,0,2,-2,0,0,0,25,-59,78,None
0,3,1,-2,2,1,0,2,-2,0,0,0,25,-59,78,None
0,3,1,-2,2,1,0,2,-2,0,0,0,25,-59,78,None
0,3,1,-2,2,1,0,2,-2,0,0,0,17,-66,79,None
0,-7,-3,-2,1,-4,-1,-6,0,0,0,0,17,-66,79,None
0,-7,7,0,2,5,0,-1,-1,0,0,0,17,-66,79,None
0,-7,2,-2,-2,-1,0,-1,-4,0,0,0,17,-66,79,None
0,-1,2,-1,-4,1,-2,0,-1,0,0,0,17,-66,79,None
0,-1,2,-1,-4,1,-2,0,-1,0,0,0,17,-66,79,None
0,-1,2,-1,-4,1,-2,0,-1,0,0,0,10,-65,77,None
0,10,2,-2,6,2,0,-1,0,0,0,0,10,-65,77,None
0,1,0,-5,-4,0,1,-2,-1,0,0,0,10,-65,77,None
0,-8,-3,-1,0,4,0,-2,-2,0,0,0,10,-65,77,None
0,9,2,1,5,-3,-2,3,-2,0,0,0,10,-65,77,None
0,9,2,1,5,-3,-2,3,-2,0,0,0,10,-65,77,None
0,9,2,1,5,-3,-2,3,-2,0,0,0,5,-69,79,None
0,4,1,-3,-3,0,0,-1,-2,0,0,0,5,-69,79,None
0,-7,0,0,0,1,-2,0,2,0,0,0,5,-69,79,None
0,4,-1,-3,0,-2,-2,-3,-1,0,0,0,5,-69,79,None
0,6,8,1,5,1,-2,-2,-1,0,0,0,5,-69,79,None
0,6,8,1,5,1,-2,-2,-1,0,0,0,5,-69,79,None
0,6,8,1,5,1,-2,-2,-1,0,0,0,-6,-71,79,None
0,-8,0,-2,-7,2,0,1,-2,0,0,0,-6,-71,79,None
0,14,8,-1,0,-1,-3,0,1,0,0,0,-6,-71,79,None
0,-26,5,-4,-7,-1,-1,0,-4,0,0,0,-6,-71,79,None
0,3,1,0,-2,3,0,-5,1,0,0,0,-6,-71,79,None
0,3,1,0,-2,3,0,-5,1,0,0,0,-6,-71,79,None
0,3,1,0,-2,3,0,-5,1,0,0,0,-7,-72,79,None
0,-4,0,0,-1,-1,-1,0,0,0,0,0,-7,-72,79,None
0,1,-3,-2,5,-3,-3,-6,-3,0,0,0,-7,-72,79,None
0,0,-3,-2,-1,0,-1,-2,-2,0,0,0,-7,-72,79,None
0,-3,1,-2,0,-5,-3,-4,-1,0,0,0,-7,-72,79,None
0,-3,1,-2,0,-5,-3,-4,-1,0,0,0,-7,-72,79,None
0,-3,1,-2,0,-5,-3,-4,-1,0,0,0,4,-63,78,None
0,-12,4,-3,1,0,-3,-5,-4,0,0,0,4,-63,78,None
0,5,2,-1,-6,0,0,2,2,0,0,0,4,-63,78,None
0,-4,-3,0,3,1,-1,0,-2,0,0,0,4,-63,78,None
0,5,0,-3,-2,-1,-1,-3,-1,0,0,0,4,-63,78,None
0,5,0,-3,-2,-1,-1,-3,-1,0,0,0,4,-63,78,None
0,5,0,-3,-2,-1,-1,-3,-1,0,0,0,1,-66,77,None
0,9,-4,0,8,3,2,4,-1,0,0,0,1,-66,77,None
0,10,2,-5,-10,-1,1,-4,-3,0,0,0,1,-66,77,None
0,-16,-2,-1,3,2,-4,-3,-2,0,0,0,1,-66,77,None
0,7,4,-1,0,1,1,2,-1,0,0,0,1,-66,77,None
0,7,4,-1,0,1,1,2,-1,0,0,0,1,-66,77,None
0,7,4,-1,0,1,1,2,-1,0,0,0,4,-71,76,None
0,-5,-2,-4,-6,-2,-1,-5,-1,0,0,0,4,-71,76,None
0,-2,-1,-2,0,0,-2,-3,-2,0,0,0,4,-71,76,None
0,1,0,-2,0,1,0,-1,-1,0,0,0,4,-71,76,None
0,6,1,-1,4,4,-1,-1,1,0,0,0,4,-71,76,None
0,6,1,-1,4,4,-1,-1,1,0,0,0,4,-71,76,None
0,6,1,-1,4,4,-1,-1,1,0,0,0,15,-64,75,None
0,0,-1,-2,-1,-3,-1,-1,1,0,0,0,15,-64,75,None
0,-13,-2,-2,-4,-1,-2,0,-2,0,0,0,15,-64,75,None
0,17,2,0,-1,-1,0,-3,-1,0,0,0,15,-64,75,None
0,-7,-1,-4,4,0,1,-3,-4,0,0,0,15,-64,75,None
0,-7,-1,-4,4,0,1,-3,-4,0,0,0,15,-64,75,None
0,-7,-1,-4,4,0,1,-3,-4,0,0,0,17,-60,75,None
0,-1,-1,-2,-8,7,-2,0,-1,0,0,0,17,-60,75,None
0,-1,1,-1,1,-3,-2,-5,-2,0,0,0,17,-60,75,None
0,-1,-5,-5,-3,1,-2,0,0,0,0,0,17,-60,75,None
0,14,9,0,0,0,-2,-5,0,0,0,0,17,-60,75,None
0,14,9,0,0,0,-2,-5,0,0,0,0,17,-60,75,None
0,14,9,0,0,0,-2,-5,0,0,0,0,23,-62,75,None
0,-29,2,1,-3,-2,-4,-1,-2,0,0,0,23,-62,75,None
0,0,10,-3,3,2,2,1,-2,0,0,0,23,-62,75,None
0,-2,-14,-2,-2,-3,0,3,-2,0,0,0,23,-62,75,None
0,6,-1,-3,0,-1,-3,-11,-1,0,0,0,23,-62,75,None
0,6,-1,-3,0,-1,-3,-11,-1,0,0,0,23,-62,75,None
0,6,-1,-3,0,-1,-3,-11,-1,0,0,0,34,-58,73,None
0,11,3,-1,0,-1,-1,-1,-3,0,0,0,34,-58,73,None
0,-8,0,-1,0,3,1,-2,-1,0,0,0,34,-58,73,None
0,6,7,3,6,5,-1,3,1,0,0,0,34,-58,73,None
0,-3,0,-3,-6,-2,-1,2,-1,0,0,0,34,-58,73,None
0,-3,0,-3,-6,-2,-1,2,-1,0,0,0,34,-58,73,None
0,-3,0,-3,-6,-2,-1,2,-1,0,0,0,45,-54,73,None
0,-5,-5,-3,-2,-1,-1,-5,-3,0,0,0,45,-54,73,None
0,-5,-11,-3,-5,-3,-5,-2,1,0,0,0,45,-54,73,None
0,1,1,-2,-2,0,0,-3,-2,0,0,0,45,-54,73,None
0,-6,-1,0,1,5,0,1,-1,0,0,0,45,-54,73,None
0,-6,-1,0,1,5,0,1,-1,0,0,0,45,-54,73,None
0,-6,-1,0,1,5,0,1,-1,0,0,0,49,-52,71,None
0,0,3,-2,0,-2,-3,-2,-1,0,0,0,49,-52,71,None
0,2,0,-1,0,1,-2,0,-1,0,0,0,49,-52,71,None
0,-3,4,-3,-1,-3,-1,-6,-3,0,0,0,49,-52,71,None
0,-5,0,-3,-6,2,0,1,-3,0,0,0,49,-52,71,None
0,-5,0,-3,-6,2,0,1,-3,0,0,0,49,-52,71,None
0,-5,0,-3,-6,2,0,1,-3,0,0,0,48,-48,73,None
0,6,3,-3,-1,-3,-2,-1,0,0,0,0,48,-48,73,None
0,-4,1,0,-1,4,0,0,-1,0,0,0,48,-48,73,None
0,0,2,0,3,1,-2,1,-1,0,0,0,48,-48,73,None
0,-8,-6,-3,-5,-2,-4,-3,-4,0,0,0,48,-48,73,None
0,-8,-6,-3,-5,-2,-4,-3,-4,0,0,0,48,-48,73,None
0,-8,-6,-3,-5,-2,-4,-3,-4,0,0,0,46,-48,74,None
0,0,1,0,1,0,2,-1,-1,0,0,0,46,-48,74,None
0,1,-1,-2,-1,-1,0,0,1,0,0,0,46,-48,74,None
0,-3,0,-3,-6,-2,-4,-5,-4,0,0,0,46,-48,74,None
0,-1,0,-2,-1,0,-3,-1,-1,0,0,0,46,-48,74,None
0,-1,0,-2,-1,0,-3,-1,-1,0,0,0,46,-48,74,None
0,-1,0,-2,-1,0,-3,-1,-1,0,0,0,38,-51,74,None
0,-2,2,-2,1,1,0,0,-2,0,0,0,38,-51,74,None
0,-4,0,-1,-1,3,-1,-2,-1,0,0,0,38,-51,74,None
0,-1,0,1,-1,-2,-2,-1,0,0,0,0,38,-51,74,None
0,-4,1,-6,-2,0,3,0,0,0,0,0,38,-51,74,None
0,-4,1,-6,-2,0,3,0,0,0,0,0,38,-51,74,None
0,-4,1,-6,-2,0,3,0,0,0,0,0,32,-54,74,None
0,1,-1,1,1,1,-2,0,-2,0,0,0,32,-54,74,None
0,-1,-2,-21,1,1,-1,-1,-3,0,0,0,32,-54,74,None
0,0,-2,-7,-11,-1,-2,-2,-1,0,0,0,32,-54,74,None
0,-4,-3,12,4,1,0,0,-3,0,0,0,32,-54,74,None
0,-4,-3,12,4,1,0,0,-3,0,0,0,32,-54,74,None
0,-4,-3,12,4,1,0,0,-3,0,0,0,35,-53,74,None
0,-1,1,-33,-2,-2,-1,-1,-1,0,0,0,35,-53,74,None
0,-1,-1,34,16,1,-2,-3,-2,0,0,0,35,-53,74,None
0,-1,-3,-5,0,-2,2,-1,-1,0,0,0,35,-53,74,None
0,0,-1,-24,-20,5,0,1,1,0,0,0,35,-53,74,None
0,0,-1,-24,-20,5,0,1,1,0,0,0,35,-53,74,None
0,0,-1,-24,-20,5,0,1,1,0,0,0,35,-53,72,None
0,0,6,47,12,0,-3,-3,-1,0,0,0,35,-53,72,None
0,-1,2,11,-2,1,-1,0,-2,0,0,0,35,-53,72,None
0,-1,-1,25,2,1,0,-1,-2,0,0,0,35,-53,72,None
0,-3,4,-22,-4,-1,-4,-4,-3,0,0,0,35,-53,72,None
0,-3,4,-22,-4,-1,-4,-4,-3,0,0,0,35,-53,72,None
0,-3,4,-22,-4,-1,-4,-4,-3,0,0,0,37,-52,72,None
0,0,4,-1,6,-1,-2,-1,0,0,0,0,37,-52,72,None
0,-1,-27,20,-6,4,0,-2,-1,0,0,0,37,-52,72,None
0,-4,-1,-19,3,-3,-4,-3,-3,0,0,0,37,-52,72,None
0,-2,-1,-73,-24,-3,2,1,0,0,0,0,37,-52,72,None
0,-2,-1,-73,-24,-3,2,1,0,0,0,0,37,-52,72,None
0,-2,-1,-73,-24,-3,2,1,0,0,0,0,37,-52,71,None
0,0,0,51,8,-1,-2,-2,-1,0,0,0,37,-52,71,None
0,-5,6,12,12,-4,-2,-3,-5,0,0,0,37,-52,71,None
0,1,8,26,-5,1,2,0,-1,0,0,0,37,-52,71,None
0,-2,-2,94,5,1,-3,-3,-1,0,0,0,37,-52,71,None
0,-2,-2,94,5,1,-3,-3,-1,0,0,0,37,-52,71,None
0,-2,-2,94,5,1,-3,-3,-1,0,0,0,37,-52,73,None
0,-1,2,-61,-6,4,1,1,-2,0,0,0,37,-52,73,None
0,-2,-5,-81,-34,-3,-2,-2,-1,0,0,0,37,-52,73,None
0,0,-2,82,23,1,0,-3,-2,0,0,0,37,-52,73,None
0,-1,4,-31,14,-2,-1,-2,0,0,0,0,37,-52,73,None
0,-1,4,-31,14,-2,-1,-2,0,0,0,0,37,-52,73,None
0,-1,4,-31,14,-2,-1,-2,0,0,0,0,35,-48,74,None
0,-4,-7,-64,-25,-1,-5,-5,-4,0,0,0,35,-48,74,None
0,0,7,68,15,-1,-4,-1,0,0,0,0,35,-48,74,None
0,0,3,15,-21,0,0,-2,-5,0,0,0,35,-48,74,None
0,0,0,-67,-12,-2,-1,0,0,0,0,0,35,-48,74,None
0,0,0,-67,-12,-2,-1,0,0,0,0,0,35,-48,74,None
0,0,0,-67,-12,-2,-1,0,0,0,0,0,36,-46,76,None
0,-2,-2,46,9,4,2,-4,-3,0,0,0,36,-46,76,None
0,-1,0,-116,-43,-1,2,0,0,0,0,0,36,-46,76,None
0,-3,-2,68,11,1,-3,0,-2,0,0,0,36,-46,76,None
0,-1,-2,-31,8,3,-1,1,-1,0,0,0,36,-46,76,None
0,-1,-2,-31,8,3,-1,1,-1,0,0,0,36,-46,76,None
0,-1,-2,-31,8,3,-1,1,-1,0,0,0,35,-47,76,None
0,0,-1,-7,8,0,-1,-1,0,0,0,0,35,-47,76,None
0,2,27,77,22,0,3,0,-3,0,0,0,35,-47,76,None
0,-7,-38,-47,-24,-4,-1,-2,-3,0,0,0,35,-47,76,None
0,-4,6,57,15,-2,-5,-3,-3,0,0,0,35,-47,76,None
0,-4,6,57,15,-2,-5,-3,-3,0,0,0,35,-47,76,None
0,-4,6,57,15,-2,-5,-3,-3,0,0,0,34,-54,75,None
0,0,1,5,-1,-1,0,1,-2,0,0,0,34,-54,75,None
0,-2,4,-8,-12,0,0,-1,-2,0,0,0,34,-54,75,None
0,0,14,34,5,-2,7,0,0,0,0,0,34,-54,75,None
0,0,6,-30,27,4,-1,-2,0,0,0,0,34,-54,75,None
0,0,6,-30,27,4,-1,-2,0,0,0,0,34,-54,75,None
0,0,6,-30,27,4,-1,-2,0,0,0,0,29,-56,73,None
0,-3,-4,46,8,0,-8,-3,-1,0,0,0,29,-56,73,None
0,-1,2,-14,5,-8,1,3,-1,0,0,0,29,-56,73,None
0,3,10,-106,-9,7,1,1,5,0,0,0,29,-56,73,None
0,-3,2,102,8,0,0,0,-2,0,0,0,29,-56,73,None
0,-3,2,102,8,0,0,0,-2,0,0,0,29,-56,73,None
0,-3,2,102,8,0,0,0,-2,0,0,0,28,-61,74,None
0,-4,-5,-26,-21,0,-7,-5,-4,0,0,0,28,-61,74,None
0,0,-5,-77,-6,0,-2,-2,0,0,0,0,28,-61,74,None
0,-2,-2,4,12,0,-11,-4,-3,0,0,0,28,-61,74,None
0,1,4,-38,-3,1,7,-2,-4,0,0,0,28,-61,74,None
0,1,4,-38,-3,1,7,-2,-4,0,0,0,28,-61,74,None
0,1,4,-38,-3,1,7,-2,-4,0,0,0,26,-55,72,None
0,1,7,39,-8,-2,-4,3,1,0,0,0,26,-55,72,None
0,-2,17,-21,-12,2,0,-5,-2,0,0,0,26,-55,72,None
0,-7,-43,-58,39,7,0,-2,-6,0,0,0,26,-55,72,None
0,3,25,-12,16,1,-2,-1,-9,0,0,0,26,-55,72,None
0,3,25,-12,16,1,-2,-1,-9,0,0,0,26,-55,72,None
0,3,25,-12,16,1,-2,-1,-9,0,0,0,25,-55,74,None
0,-6,3,63,-44,-10,-2,-4,9,0,0,0,25,-55,74,None
0,2,9,81,40,8,5,0,-3,0,0,0,25,-55,74,None
0,4,6,54,12,3,-6,2,2,0,0,0,25,-55,74,None
0,-3,12,75,-45,-7,2,0,-4,0,0,0,25,-55,74,None
0,-3,12,75,-45,-7,2,0,-4,0,0,0,25,-55,74,None
0,-3,12,75,-45,-7,2,0,-4,0,0,0,27,-51,73,None
0,2,-30,-15,48,5,6,3,-5,0,0,0,27,-51,73,None
0,1,14,-32,9,2,-2,-1,11,0,0,0,27,-51,73,None
0,6,19,-18,12,6,-5,3,10,0,0,0,27,-51,73,None
0,2,-9,4,-42,-5,-5,-1,-1,0,0,0,27,-51,73,None
0,2,-9,4,-42,-5,-5,-1,-1,0,0,0,27,-51,73,None
0,2,-9,4,-42,-5,-5,-1,-1,0,0,0,30,-52,76,None
0,2,7,-74,-3,6,10,2,-3,0,0,0,30,-52,76,None
0,-5,-8,-71,-11,-4,-3,-4,-6,0,0,0,30,-52,76,None
0,2,8,-63,-13,-1,-4,-4,8,0,0,0,30,-52,76,None
0,-5,-7,66,7,-4,-2,-4,-25,0,0,0,30,-52,76,None
0,-5,-7,66,7,-4,-2,-4,-25,0,0,0,30,-52,76,None
0,-5,-7,66,7,-4,-2,-4,-25,0,0,0,36,-48,76,None
0,6,33,-15,-5,3,3,-2,-4,0,0,0,36,-48,76,None
0,-19,-54,-53,-22,-10,-17,-6,3,0,0,0,36,-48,76,None
0,6,4,-55,-1,-2,10,-2,2,0,0,0,36,-48,76,None
0,-2,-33,16,-19,1,-2,0,3,0,0,0,36,-48,76,None
0,-2,-33,16,-19,1,-2,0,3,0,0,0,36,-48,76,None
0,-2,-33,16,-19,1,-2,0,3,0,0,0,35,-52,76,None
0,2,21,-26,-15,-2,-11,-1,13,0,0,0,35,-52,76,None
0,-7,-26,101,10,7,4,-2,-14,0,0,0,35,-52,76,None
0,2,2,86,12,-2,0,-2,5,0,0,0,35,-52,76,None
0,-10,-44,57,9,1,0,-2,-28,0,0,0,35,-52,76,None
0,-10,-44,57,9,1,0,-2,-28,0,0,0,35,-52,76,None
0,-10,-44,57,9,1,0,-2,-28,0,0,0,35,-53,74,None
0,12,28,112,32,5,-2,-1,3,0,0,0,35,-53,74,None
0,-2,9,25,-54,0,4,-1,-1,0,0,0,35,-53,74,None
0,-2,-34,17,-27,-6,-1,-3,-5,0,0,0,35,-53,74,None
0,1,-2,12,6,4,0,-1,8,0,0,0,35,-53,74,None
0,1,-2,12,6,4,0,-1,8,0,0,0,35,-53,74,None
0,1,-2,12,6,4,0,-1,8,0,0,0,39,-52,75,None
0,-10,-6,19,6,-4,-1,-6,-17,0,0,0,39,-52,75,None
0,4,27,115,65,7,2,2,6,0,0,0,39,-52,75,None
0,0,79,-38,-39,-1,1,-2,-4,0,0,0,39,-52,75,None
0,-5,2,-86,0,-2,11,-3,-30,0,0,0,39,-52,75,None
0,-5,2,-86,0,-2,11,-3,-30,0,0,0,39,-52,75,None
0,-5,2,-86,0,-2,11,-3,-30,0,0,0,44,-47,73,None
0,-5,-6,53,-2,-4,5,-2,-2,0,0,0,44,-47,73,None
0,5,3,-64,-15,-7,1,-2,6,0,0,0,44,-47,73,None
0,-3,18,80,-12,1,-16,-1,7,0,0,0,44,-47,73,None
0,2,12,-38,13,0,-14,-3,16,0,0,0,44,-47,73,None
0,2,12,-38,13,0,-14,-3,16,0,0,0,44,-47,73,None
0,2,12,-38,13,0,-14,-3,16,0,0,0,44,-48,68,None
0,-2,-13,-9,-2,1,-4,-2,2,0,0,0,44,-48,68,None
0,-1,-10,-13,2,3,-1,-1,-14,0,0,0,44,-48,68,None
0,1,-4,-71,-7,-3,1,-2,2,0,0,0,44,-48,68,None
0,-1,5,-20,9,1,0,-1,12,0,0,0,44,-48,68,None
0,-1,5,-20,9,1,0,-1,12,0,0,0,44,-48,68,None
0,-1,5,-20,9,1,0,-1,12,0,0,0,50,-52,66,None
0,-6,-20,-28,-7,-4,-2,-1,-9,0,0,0,50,-52,66,None
0,3,8,1,8,2,-7,0,5,0,0,0,50,-52,66,None
0,-5,-11,-28,-6,-1,1,0,-12,0,0,0,50,-52,66,None
0,0,7,-1,8,2,-4,-1,11,0,0,0,50,-52,66,None
0,0,7,-1,8,2,-4,-1,11,0,0,0,50,-52,66,None
0,0,7,-1,8,2,-4,-1,11,0,0,0,52,-46,65,None
0,-1,4,-20,6,1,-1,-2,-3,0,0,0,52,-46,65,None
0,-1,2,4,10,2,2,0,-3,0,0,0,52,-46,65,None
0,-3,-6,18,5,-2,3,-2,-10,0,0,0,52,-46,65,None
0,-1,1,-22,-5,2,2,-1,0,0,0,0,52,-46,65,None
0,-1,1,-22,-5,2,2,-1,0,0,0,0,52,-46,65,None
0,-1,1,-22,-5,2,2,-1,0,0,0,0,70,-36,72,None
0,-5,0,-12,-15,0,0,0,1,0,0,0,70,-36,72,None
0,1,0,1,-7,2,-4,0,-4,0,0,0,70,-36,72,None
0,-8,-7,-3,1,0,-6,-2,-9,0,0,0,70,-36,72,None
0,1,11,-12,1,1,-6,1,12,0,0,0,70,-36,72,None
0,1,11,-12,1,1,-6,1,12,0,0,0,70,-36,72,None
0,1,11,-12,1,1,-6,1,12,0,0,0,100,-68,100,None
0,0,-7,-42,-2,0,1,1,-4,0,0,0,100,-68,100,None
0,0,-2,13,2,2,-5,-4,11,0,0,0,100,-68,100,None
0,-5,-4,11,1,-1,4,-1,-7,0,0,0,100,-68,100,None
0,-2,4,43,10,2,5,-2,16,0,0,0,100,-68,100,None
0,-2,4,43,10,2,5,-2,16,0,0,0,100,-68,100,None
0,-2,4,43,10,2,5,-2,16,0,0,0,63,-37,90,None
0,2,5,6,12,0,7,-2,-4,0,0,0,63,-37,90,None
0,1,4,9,-24,-3,6,0,-4,0,0,0,63,-37,90,None
0,-1,1,31,6,2,4,0,-1,0,0,0,63,-37,90,None
0,0,-1,-15,-6,1,0,-3,-2,0,0,0,63,-37,90,None
0,0,-1,-15,-6,1,0,-3,-2,0,0,0,63,-37,90,None
0,0,-1,-15,-6,1,0,-3,-2,0,0,0,32,-20,80,None
0,-4,-9,-10,-8,-2,-2,-2,0,0,0,0,32,-20,80,None
0,0,1,10,7,0,-2,-1,0,0,0,0,32,-20,80,None
0,0,-1,-39,8,1,-1,0,-3,0,0,0,32,-20,80,None
0,-2,3,28,-5,0,-2,0,-1,0,0,0,32,-20,80,None
0,-2,3,28,-5,0,-2,0,-1,0,0,0,32,-20,80,None
0,-2,3,28,-5,0,-2,0,-1,0,0,0,48,-44,69,None
0,-1,4,-37,1,0,-3,-1,-2,0,0,0,48,-44,69,None
0,-2,-2,27,9,-3,-5,-3,-8,0,0,0,48,-44,69,None
0,-5,12,-8,-2,-1,-4,-3,-4,0,0,0,48,-44,69,None
0,-3,1,-4,3,-2,-3,-4,-2,0,0,0,48,-44,69,None
0,-3,1,-4,3,-2,-3,-4,-2,0,0,0,48,-44,69,None
0,-3,1,-4,3,-2,-3,-4,-2,0,0,0,61,-52,67,None
0,-2,1,-2,-7,1,-2,0,0,0,0,0,61,-52,67,None
0,0,-5,-18,-4,2,-3,-3,0,0,0,0,61,-52,67,None
0,1,-1,-9,-1,0,-2,-2,0,0,0,0,61,-52,67,None
0,-4,3,-5,-4,-2,-2,-3,15,0,0,0,61,-52,67,None
0,-4,3,-5,-4,-2,-2,-3,15,0,0,0,61,-52,67,None
0,-4,3,-5,-4,-2,-2,-3,15,0,0,0,64,-38,71,None
0,0,0,16,2,1,0,-3,-3,0,0,0,64,-38,71,None
0,0,7,-10,-5,0,0,-2,-4,0,0,0,64,-38,71,None
0,-3,-4,25,8,2,1,-1,0,0,0,0,64,-38,71,None
0,0,3,-11,1,1,0,0,-4,0,0,0,64,-38,71,None
0,0,3,-11,1,1,0,0,-4,0,0,0,64,-38,71,None
0,0,3,-11,1,1,0,0,-4,0,0,0,64,-29,71,None
0,-2,-5,-14,-4,1,0,-1,1,0,0,0,64,-29,71,None
0,-2,-2,-9,-2,0,0,0,-2,0,0,0,64,-29,71,None
0,-1,1,1,-3,1,1,-2,-6,0,0,0,64,-29,71,None
0,3,1,12,3,2,-1,2,-11,0,0,0,64,-29,71,None
0,3,1,12,3,2,-1,2,-11,0,0,0,64,-29,71,None
0,3,1,12,3,2,-1,2,-11,0,0,0,58,-33,72,None
0,-2,1,-42,-8,0,-2,-2,2,0,0,0,58,-33,72,None
0,1,-1,-5,6,0,1,0,-4,0,0,0,58,-33,72,None
0,-1,-2,13,8,1,-2,-1,-1,0,0,0,58,-33,72,None
0,-1,2,10,1,-1,-2,-1,-5,0,0,0,58,-33,72,None
0,-1,2,10,1,-1,-2,-1,-5,0,0,0,58,-33,72,None
0,-1,2,10,1,-1,-2,-1,-5,0,0,0,55,-39,72,None
0,0,0,-3,0,0,-1,-2,-1,0,0,0,55,-39,72,None
0,-3,2,-9,-3,-1,-3,-2,0,0,0,0,55,-39,72,None
0,-2,-6,-7,-4,0,-4,-3,0,0,0,0,55,-39,72,None
0,0,-2,-16,-1,0,-2,-3,-1,0,0,0,55,-39,72,None
0,0,-2,-16,-1,0,-2,-3,-1,0,0,0,55,-39,72,None
0,0,-2,-16,-1,0,-2,-3,-1,0,0,0,56,-45,70,None
0,0,0,2,-1,0,0,0,-1,0,0,0,56,-45,70,None
0,-7,-1,-10,-7,0,-1,-1,-8,0,0,0,56,-45,70,None
0,-1,-2,-6,8,1,-2,-2,26,0,0,0,56,-45,70,None
0,-1,3,-10,-10,0,1,-1,-7,0,0,0,56,-45,70,None
0,-1,3,-10,-10,0,1,-1,-7,0,0,0,56,-45,70,None
0,-1,3,-10,-10,0,1,-1,-7,0,0,0,58,-44,70,None
0,-1,0,16,5,2,-1,-1,-5,0,0,0,58,-44,70,None
0,0,1,4,0,-2,-2,-2,-2,0,0,0,58,-44,70,None
0,0,2,-17,-6,0,1,-1,-6,0,0,0,58,-44,70,None
0,-1,-1,-7,1,0,-3,-2,-1,0,0,0,58,-44,70,None
0,-1,-1,-7,1,0,-3,-2,-1,0,0,0,58,-44,70,None
0,-1,-1,-7,1,0,-3,-2,-1,0,0,0,59,-43,69,None
0,-1,-3,7,0,-1,-1,-4,2,0,0,0,59,-43,69,None
0,1,-1,-14,-2,0,-3,-2,0,0,0,0,59,-43,69,None
0,-2,0,4,-2,-1,0,-2,-7,0,0,0,59,-43,69,None
0,0,1,-1,-1,0,-2,-1,1,0,0,0,59,-43,69,None
0,0,1,-1,-1,0,-2,-1,1,0,0,0,59,-43,69,None
0,0,1,-1,-1,0,-2,-1,1,0,0,0,57,-41,68,None
0,-1,-1,-1,-4,1,-2,-1,-6,0,0,0,57,-41,68,None
0,0,5,14,3,2,1,0,-3,0,0,0,57,-41,68,None
0,0,10,-10,-10,-1,-2,-1,-2,0,0,0,57,-41,68,None
0,-2,-27,61,14,0,-1,-1,-8,0,0,0,57,-41,68,None
0,-2,-27,61,14,0,-1,-1,-8,0,0,0,57,-41,68,None
0,-2,-27,61,14,0,-1,-1,-8,0,0,0,57,-41,68,None
0,0,6,-13,1,2,0,0,-1,0,0,0,57,-41,68,None
0,0,0,-3,1,2,1,-1,1,0,0,0,57,-41,68,None
0,0,-1,-3,-4,0,-1,-1,-2,0,0,0,57,-41,68,None
0,-2,5,-26,-8,0,-2,-1,0,0,0,0,57,-41,68,None
0,-2,5,-26,-8,0,-2,-1,0,0,0,0,57,-41,68,None
0,-2,5,-26,-8,0,-2,-1,0,0,0,0,58,-42,67,None
0,0,-2,1,-1,-2,1,-1,-1,0,0,0,58,-42,67,None
0,-3,-5,3,-2,-1,-2,-2,0,0,0,0,58,-42,67,None
0,0,-2,2,0,1,-2,-1,-6,0,0,0,58,-42,67,None
0,0,7,-14,-2,-1,-1,-1,-1,0,0,0,58,-42,67,None
0,0,7,-14,-2,-1,-1,-1,-1,0,0,0,58,-42,67,None
0,0,7,-14,-2,-1,-1,-1,-1,0,0,0,59,-40,67,None
0,-2,-3,-4,0,1,1,-1,-12,0,0,0,59,-40,67,None
0,-3,4,-33,-5,0,-2,-3,21,0,0,0,59,-40,67,None
0,-3,1,20,0,-1,0,-1,-4,0,0,0,59,-40,67,None
0,-2,5,11,11,1,-1,-1,-4,0,0,0,59,-40,67,None
0,-2,5,11,11,1,-1,-1,-4,0,0,0,59,-40,67,None
0,-2,5,11,11,1,-1,-1,-4,0,0,0,58,-39,68,None
0,1,2,-11,-4,-1,-3,-2,0,0,0,0,58,-39,68,None
0,-1,-2,-11,-1,0,0,-3,-5,0,0,0,58,-39,68,None
0,0,-1,-4,-1,0,-2,1,-3,0,0,0,58,-39,68,None
0,-1,1,-12,-5,1,-2,-2,6,0,0,0,58,-39,68,None
0,-1,1,-12,-5,1,-2,-2,6,0,0,0,58,-39,68,None
0,-1,1,-12,-5,1,-2,-2,6,0,0,0,59,-39,70,None
0,-1,1,1,-1,0,-1,-2,0,0,0,0,59,-39,70,None
0,-1,1,6,3,0,-1,-2,-6,0,0,0,59,-39,70,None
0,-3,-1,4,-1,0,0,0,1,0,0,0,59,-39,70,None
0,1,4,-71,-10,-3,-2,-2,-4,0,0,0,59,-39,70,None
0,1,4,-71,-10,-3,-2,-2,-4,0,0,0,59,-39,70,None
0,1,4,-71,-10,-3,-2,-2,-4,0,0,0,59,-38,70,None
0,-1,-1,39,6,0,-1,-2,0,0,0,0,59,-38,70,None
0,-2,2,-2,-2,0,-1,0,-5,0,0,0,59,-38,70,None
0,0,-1,5,2,1,-1,-2,-2,0,0,0,59,-38,70,None
0,-1,1,-4,-4,0,-2,-1,-1,0,0,0,59,-38,70,None
0,-1,1,-4,-4,0,-2,-1,-1,0,0,0,59,-38,70,None
0,-1,1,-4,-4,0,-2,-1,-1,0,0,0,59,-38,70,None
0,-3,1,-13,-3,0,-2,-1,-1,0,0,0,59,-38,70,None
0,-1,-4,-1,-1,-1,-3,-1,5,0,0,0,59,-38,70,None
0,-5,0,4,0,1,-1,-2,-22,0,0,0,59,-38,70,None
0,4,2,11,4,1,0,0,12,0,0,0,59,-38,70,None
0,4,2,11,4,1,0,0,12,0,0,0,59,-38,70,None
0,4,2,11,4,1,0,0,12,0,0,0,59,-38,72,None
0,-1,-2,-65,-17,-2,-1,-2,-2,0,0,0,59,-38,72,None
0,0,-1,41,12,0,-2,-2,-3,0,0,0,59,-38,72,None
0,0,-1,-16,-7,1,0,0,3,0,0,0,59,-38,72,None
0,-2,4,8,0,1,0,0,-7,0,0,0,59,-38,72,None
0,-2,4,8,0,1,0,0,-7,0,0,0,59,-38,72,None
0,-2,4,8,0,1,0,0,-7,0,0,0,58,-39,72,None
0,-1,0,1,0,-1,0,-2,0,0,0,0,58,-39,72,None
0,-1,-1,-15,-5,-1,-1,-1,-2,0,0,0,58,-39,72,None
0,-2,1,-8,-3,-1,-1,-5,-5,0,0,0,58,-39,72,None
0,3,0,-7,-6,1,-2,-1,18,0,0,0,58,-39,72,None
0,3,0,-7,-6,1,-2,-1,18,0,0,0,58,-39,72,None
0,3,0,-7,-6,1,-2,-1,18,0,0,0,58,-39,71,None
0,-5,2,43,8,1,-4,-3,-26,0,0,0,58,-39,71,None
0,0,2,-43,-9,1,1,-1,-8,0,0,0,58,-39,71,None
0,0,1,5,4,0,-1,1,5,0,0,0,58,-39,71,None
0,-4,1,4,3,-1,-1,-3,-4,0,0,0,58,-39,71,None
0,-4,1,4,3,-1,-1,-3,-4,0,0,0,58,-39,71,None
0,-4,1,4,3,-1,-1,-3,-4,0,0,0,58,-40,70,None
0,-1,4,-11,-3,1,-1,0,11,0,0,0,58,-40,70,None
0,-3,-1,-2,-2,-1,-1,-1,-9,0,0,0,58,-40,70,None
0,-1,0,-3,-2,-1,-3,-1,-1,0,0,0,58,-40,70,None
0,-3,-1,-9,-2,0,-1,-2,-16,0,0,0,58,-40,70,None
0,-3,-1,-9,-2,0,-1,-2,-16,0,0,0,58,-40,70,None
0,-3,-1,-9,-2,0,-1,-2,-16,0,0,0,58,-40,69,None
0,0,-1,-4,0,1,0,0,5,0,0,0,58,-40,69,None
0,-2,-1,12,1,1,-3,-3,-5,0,0,0,58,-40,69,None
0,0,1,-5,0,-1,-2,-2,6,0,0,0,58,-40,69,None
0,-4,1,10,0,0,0,1,-5,0,0,0,58,-40,69,None
0,-4,1,10,0,0,0,1,-5,0,0,0,58,-40,69,None
0,-4,1,10,0,0,0,1,-5,0,0,0,57,-40,69,None
0,0,1,13,4,0,-1,0,0,0,0,0,57,-40,69,None
0,0,-4,-7,-3,-1,0,-2,3,0,0,0,57,-40,69,None
0,2,2,-1,1,2,2,-2,1,0,0,0,57,-40,69,None
0,-2,3,-7,-3,0,-1,-2,-6,0,0,0,57,-40,69,None
0,-2,3,-7,-3,0,-1,-2,-6,0,0,0,57,-40,69,None
0,-2,3,-7,-3,0,-1,-2,-6,0,0,0,58,-40,69,None
0,-3,1,-6,-2,-1,-3,-1,5,0,0,0,58,-40,69,None
0,-3,3,-4,-2,1,1,-2,-16,0,0,0,58,-40,69,None
0,0,-1,-8,-1,0,-1,-2,2,0,0,0,58,-40,69,None
0,3,-1,18,0,0,-3,-4,-4,0,0,0,58,-40,69,None
0,3,-1,18,0,0,-3,-4,-4,0,0,0,58,-40,69,None
0,3,-1,18,0,0,-3,-4,-4,0,0,0,58,-39,70,None
0,-3,-3,-17,-4,-1,-1,-2,4,0,0,0,58,-39,70,None
0,0,3,17,3,1,0,0,1,0,0,0,58,-39,70,None
0,-3,-3,-18,-2,0,0,-1,-3,0,0,0,58,-39,70,None
0,-3,0,13,-1,0,-2,-2,-1,0,0,0,58,-39,70,None
0,-3,0,13,-1,0,-2,-2,-1,0,0,0,58,-39,70,None
0,-3,0,13,-1,0,-2,-2,-1,0,0,0,58,-40,70,None
0,-1,2,-2,-2,-1,0,-1,1,0,0,0,58,-40,70,None
0,1,3,-3,-1,2,-1,-1,-6,0,0,0,58,-40,70,None
0,1,0,0,0,-1,-2,-1,-18,0,0,0,58,-40,70,None
0,0,1,-13,-2,1,-1,0,5,0,0,0,58,-40,70,None
0,0,1,-13,-2,1,-1,0,5,0,0,0,58,-40,70,None
0,0,1,-13,-2,1,-1,0,5,0,0,0,59,-39,70,None
0,-1,0,-11,-6,1,0,-1,-3,0,0,0,59,-39,70,None
0,-1,-2,-10,0,-1,-2,-1,2,0,0,0,59,-39,70,None
0,-2,0,9,2,-1,-1,-3,4,0,0,0,59,-39,70,None
0,-3,1,-7,0,0,0,-1,-3,0,0,0,59,-39,70,None
0,-3,1,-7,0,0,0,-1,-3,0,0,0,59,-39,70,None
0,-3,1,-7,0,0,0,-1,-3,0,0,0,58,-39,70,None
0,0,0,7,1,-1,-2,-1,-6,0,0,0,58,-39,70,None
0,-2,-1,2,-1,0,-3,-2,3,0,0,0,58,-39,70,None
0,0,2,-7,-2,0,-1,0,3,0,0,0,58,-39,70,None
0,0,0,-7,-2,0,2,-1,-7,0,0,0,58,-39,70,None
0,0,0,-7,-2,0,2,-1,-7,0,0,0,58,-39,70,None
0,0,0,-7,-2,0,2,-1,-7,0,0,0,59,-39,70,None
0,-7,0,3,-2,0,-3,-2,4,0,0,0,59,-39,70,None
0,6,-2,14,6,0,-1,-1,1,0,0,0,59,-39,70,None
0,-1,1,6,-1,1,-2,-1,1,0,0,0,59,-39,70,None
0,-2,-3,0,1,0,-1,-2,-3,0,0,0,59,-39,70,None
0,-2,-3,0,1,0,-1,-2,-3,0,0,0,59,-39,70,None
0,-2,-3,0,1,0,-1,-2,-3,0,0,0,58,-40,69,None
0,-1,-1,-4,0,0,-2,-2,-2,0,0,0,58,-40,69,None
0,-3,2,-2,-3,0,0,-1,0,0,0,0,58,-40,69,None
0,-4,0,4,-1,-2,-2,-1,-2,0,0,0,58,-40,69,None
0,-1,-1,-2,-1,-1,-1,-1,1,0,0,0,58,-40,69,None
0,-1,-1,-2,-1,-1,-1,-1,1,0,0,0,58,-40,69,None
0,-1,-1,-2,-1,-1,-1,-1,1,0,0,0,58,-40,70,None
0,2,-1,-2,0,1,1,-2,0,0,0,0,58,-40,70,None
0,-3,-1,-4,-2,1,0,-3,14,0,0,0,58,-40,70,None
0,-2,1,-7,-1,-1,-3,-1,-3,0,0,0,58,-40,70,None
0,3,0,-5,-8,1,-1,0,6,0,0,0,58,-40,70,None
0,3,0,-5,-8,1,-1,0,6,0,0,0,58,-40,70,None
0,3,0,-5,-8,1,-1,0,6,0,0,0,57,-39,70,None
0,-4,-1,-13,4,0,2,1,-1,0,0,0,57,-39,70,None
0,-1,-2,-10,2,0,-2,-3,-3,0,0,0,57,-39,70,None
0,-3,0,3,-3,2,0,-3,-2,0,0,0,57,-39,70,None
0,0,2,-11,-1,0,0,-1,-2,0,0,0,57,-39,70,None
0,0,2,-11,-1,0,0,-1,-2,0,0,0,57,-39,70,None
0,0,2,-11,-1,0,0,-1,-2,0,0,0,58,-40,70,None
0,1,-1,-4,-4,0,-2,-2,-2,0,0,0,58,-40,70,None
0,-2,0,-1,-3,0,-2,0,-1,0,0,0,58,-40,70,None
0,-1,3,-8,1,1,1,0,-1,0,0,0,58,-40,70,None
0,-5,0,2,-2,0,-2,-3,-4,0,0,0,58,-40,70,None
0,-5,0,2,-2,0,-2,-3,-4,0,0,0,58,-40,70,None
0,-5,0,2,-2,0,-2,-3,-4,0,0,0,58,-40,70,None
0,1,-1,3,0,0,-3,-2,-1,0,0,0,58,-40,70,None
0,-7,0,-2,-2,-1,0,0,2,0,0,0,58,-40,70,None
0,2,1,-1,-2,1,-2,-1,-6,0,0,0,58,-40,70,None
0,-4,1,-44,-5,1,-2,-1,0,0,0,0,58,-40,70,None
0,-4,1,-44,-5,1,-2,-1,0,0,0,0,58,-40,70,None
0,-4,1,-44,-5,1,-2,-1,0,0,0,0,58,-40,70,None
0,-1,1,24,7,-1,-1,-1,0,0,0,0,58,-40,70,None
0,-2,0,0,1,1,0,0,-9,0,0,0,58,-40,70,None
0,-2,-3,-7,-3,0,-1,-1,-1,0,0,0,58,-40,70,None
0,-1,-1,2,2,1,-1,0,2,0,0,0,58,-40,70,None
0,-1,-1,2,2,1,-1,0,2,0,0,0,58,-40,70,None
0,-1,-1,2,2,1,-1,0,2,0,0,0,58,-40,69,None
0,-1,1,-9,-1,0,0,-1,-7,0,0,0,58,-40,69,None
0,-1,3,-4,-3,0,-2,-1,-3,0,0,0,58,-40,69,None
0,-1,-2,1,-1,0,0,-2,1,0,0,0,58,-40,69,None
0,-2,1,10,2,-1,-1,-2,-3,0,0,0,58,-40,69,None
0,-2,1,10,2,-1,-1,-2,-3,0,0,0,58,-40,69,None
0,-2,1,10,2,-1,-1,-2,-3,0,0,0,58,-39,69,None
0,0,1,-6,-3,-1,-3,-2,1,0,0,0,58,-39,69,None
0,-2,-1,2,-4,0,-2,0,-2,0,0,0,58,-39,69,None
0,-5,-6,31,9,-2,-4,-3,0,0,0,0,58,-39,69,None
0,0,2,-20,1,0,0,1,-3,0,0,0,58,-39,69,None
0,0,2,-20,1,0,0,1,-3,0,0,0,58,-39,69,None
0,0,2,-20,1,0,0,1,-3,0,0,0,58,-39,70,None
0,-2,0,-14,-5,0,-1,-1,-1,0,0,0,58,-39,70,None
0,-1,1,-1,-3,-1,-2,-3,-1,0,0,0,58,-39,70,None
0,-1,1,-19,-3,2,0,0,-3,0,0,0,58,-39,70,None
0,-1,1,4,-8,0,1,-2,8,0,0,0,58,-39,70,None
0,-1,1,4,-8,0,1,-2,8,0,0,0,58,-39,70,None
0,-1,1,4,-8,0,1,-2,8,0,0,0,58,-40,70,None
0,-2,-4,16,6,1,-1,-2,-9,0,0,0,58,-40,70,None
0,3,4,-10,-1,1,0,-2,14,0,0,0,58,-40,70,None
0,-2,3,-4,-2,2,-1,-1,-3,0,0,0,58,-40,70,None
0,-2,-4,8,2,-2,-2,-1,-2,0,0,0,58,-40,70,None
0,-2,-4,8,2,-2,-2,-1,-2,0,0,0,58,-40,70,None
0,-2,-4,8,2,-2,-2,-1,-2,0,0,0,58,-39,70,None
0,-3,3,-12,-4,-1,-1,-1,0,0,0,0,58,-39,70,None
0,-2,-1,9,-2,1,0,-1,-4,0,0,0,58,-39,70,None
0,0,-2,-5,1,-1,0,-1,1,0,0,0,58,-39,70,None
0,-2,1,7,3,0,-2,-3,-1,0,0,0,58,-39,70,None
0,-2,1,7,3,0,-2,-3,-1,0,0,0,58,-39,70,None
0,-2,1,7,3,0,-2,-3,-1,0,0,0,58,-40,70,None
0,1,2,-10,0,4,1,-2,-4,0,0,0,58,-40,70,None
0,-2,0,-2,0,0,1,0,-7,0,0,0,58,-40,70,None
0,-2,0,-6,-5,0,-1,-2,0,0,0,0,58,-40,70,None
0,-1,4,-2,-1,1,0,0,-8,0,0,0,58,-40,70,None
0,-1,4,-2,-1,1,0,0,-8,0,0,0,58,-40,70,None
0,-1,4,-2,-1,1,0,0,-8,0,0,0,58,-40,70,None
0,0,-1,4,4,0,-1,0,2,0,0,0,58,-40,70,None
0,0,3,13,3,0,-1,-1,-1,0,0,0,58,-40,70,None
0,1,0,-3,-1,2,-1,-1,-3,0,0,0,58,-40,70,None
0,0,1,-1,0,1,0,-1,-2,0,0,0,58,-40,70,None
0,0,1,-1,0,1,0,-1,-2,0,0,0,58,-40,70,None
0,0,1,-1,0,1,0,-1,-2,0,0,0,58,-40,70,None
0,-1,-2,2,-3,-1,-2,-3,3,0,0,0,58,-40,70,None
0,-2,-1,0,2,0,-3,-1,-4,0,0,0,58,-40,70,None
0,-2,2,-19,-6,0,0,-2,-6,0,0,0,58,-40,70,None
0,0,0,7,4,1,-1,-2,-5,0,0,0,58,-40,70,None
0,0,0,7,4,1,-1,-2,-5,0,0,0,58,-40,70,None
0,0,0,7,4,1,-1,-2,-5,0,0,0,58,-40,70,None
0,-3,0,9,7,-1,0,-2,-1,0,0,0,58,-40,70,None
0,-1,1,-10,-3,1,-2,-1,-2,0,0,0,58,-40,70,None
0,1,1,2,-2,1,-1,0,0,0,0,0,58,-40,70,None
0,-5,-1,-6,-4,1,-1,-3,3,0,0,0,58,-40,70,None
0,-5,-1,-6,-4,1,-1,-3,3,0,0,0,58,-40,70,None
0,-5,-1,-6,-4,1,-1,-3,3,0,0,0,58,-40,70,None
0,2,0,-7,-4,0,-2,-2,-13,0,0,0,58,-40,70,None
0,-2,2,-14,2,0,1,0,5,0,0,0,58,-40,70,None
0,-3,-3,21,-2,1,-2,-2,-2,0,0,0,58,-40,70,None
0,-2,1,-3,3,-1,-1,-1,-3,0,0,0,58,-40,70,None
0,-2,1,-3,3,-1,-1,-1,-3,0,0,0,58,-40,70,None
0,-2,1,-3,3,-1,-1,-1,-3,0,0,0,58,-40,70,None
0,0,2,-3,-3,0,1,-1,-3,0,0,0,58,-40,70,None
0,-1,-1,-4,-1,-1,1,-3,-5,0,0,0,58,-40,70,None
0,-1,2,-9,-2,0,-2,-2,1,0,0,0,58,-40,70,None
0,1,2,12,0,1,-1,0,-6,0,0,0,58,-40,70,None
0,1,2,12,0,1,-1,0,-6,0,0,0,58,-40,70,None
0,1,2,12,0,1,-1,0,-6,0,0,0,58,-39,70,None
0,-1,1,-3,-6,1,-2,-2,4,0,0,0,58,-39,70,None
