0,-10,-40,-74,-27,-8,-1,3,15,0,0,0,-16,-92,41,None
0,11,39,1,8,11,2,-5,-6,0,0,0,-16,-92,41,None
0,1,5,-22,-12,2,4,4,14,0,0,0,-16,-92,41,None
0,1,5,-22,-12,2,4,4,14,0,0,0,-16,-92,41,None
0,1,5,-22,-12,2,4,4,14,0,0,0,-13,-80,42,None
0,-5,2,57,3,0,-1,-3,-11,0,0,0,-13,-80,42,None
0,-2,5,18,25,10,1,1,-2,0,0,0,-13,-80,42,None
0,-6,-2,9,6,-10,-10,-3,2,0,0,0,-13,-80,42,None
0,3,5,-28,-9,-4,5,2,-6,0,0,0,-13,-80,42,None
0,3,5,-28,-9,-4,5,2,-6,0,0,0,-13,-80,42,None
0,3,5,-28,-9,-4,5,2,-6,0,0,0,-8,-73,42,None
0,0,10,2,3,8,-1,-3,-20,0,0,0,-8,-73,42,None
0,2,-1,-35,2,4,2,3,9,0,0,0,-8,-73,42,None
0,0,2,12,-11,-7,0,-2,2,0,0,0,-8,-73,42,None
0,-7,8,1,-4,-6,-8,-8,-13,0,0,0,-8,-73,42,None
0,-7,8,1,-4,-6,-8,-8,-13,0,0,0,-8,-73,42,None
0,-7,8,1,-4,-6,-8,-8,-13,0,0,0,-4,-78,47,None
0,2,8,-14,-5,-1,-1,3,3,0,0,0,-4,-78,47,None
0,-2,-9,12,0,-10,-4,-1,-3,0,0,0,-4,-78,47,None
0,3,-4,2,-4,-2,-3,-3,-3,0,0,0,-4,-78,47,None
0,-6,10,-19,-9,-5,-12,-11,16,0,0,0,-4,-78,47,None
0,-6,10,-19,-9,-5,-12,-11,16,0,0,0,-4,-78,47,None
0,-6,10,-19,-9,-5,-12,-11,16,0,0,0,-1,-80,49,None
0,9,-8,-6,0,2,2,9,5,0,0,0,-1,-80,49,None
0,-6,-6,4,-3,2,3,-5,-12,0,0,0,-1,-80,49,None
0,-1,5,-1,-5,-4,-3,2,8,0,0,0,-1,-80,49,None
0,3,2,-22,-3,-4,-8,-5,-17,0,0,0,-1,-80,49,None
0,3,2,-22,-3,-4,-8,-5,-17,0,0,0,-1,-80,49,None
0,3,2,-22,-3,-4,-8,-5,-17,0,0,0,0,-78,51,None
0,-3,5,3,6,-1,-3,-5,-6,0,0,0,0,-78,51,None
0,-4,-11,-11,-7,0,0,-3,-19,0,0,0,0,-78,51,None
0,2,15,12,2,-5,-3,0,13,0,0,0,0,-78,51,None
0,0,3,-10,-5,6,4,6,-1,0,0,0,0,-78,51,None
0,0,3,-10,-5,6,4,6,-1,0,0,0,0,-78,51,None
0,0,3,-10,-5,6,4,6,-1,0,0,0,-6,-82,53,None
0,-4,1,2,5,0,1,-9,-1,0,0,0,-6,-82,53,None
0,-4,-6,24,0,-3,-8,-12,-17,0,0,0,-6,-82,53,None
0,0,1,-20,-11,-7,-3,4,2,0,0,0,-6,-82,53,None
0,-4,-8,3,-4,-3,-2,-5,-9,0,0,0,-6,-82,53,None
0,-4,-8,3,-4,-3,-2,-5,-9,0,0,0,-6,-82,53,None
0,-4,-8,3,-4,-3,-2,-5,-9,0,0,0,-15,-79,54,None
0,5,10,-5,1,5,-2,-2,2,0,0,0,-15,-79,54,None
0,-6,-1,1,9,-1,4,32,11,0,0,0,-15,-79,54,None
0,-6,-25,-8,-1,2,-7,-47,-12,0,0,0,-15,-79,54,None
0,0,2,9,-5,-8,-5,3,0,0,0,0,-15,-79,54,None
0,0,2,9,-5,-8,-5,3,0,0,0,0,-15,-79,54,None
0,0,2,9,-5,-8,-5,3,0,0,0,0,-17,-82,54,None
0,0,3,-5,13,0,-2,-1,-4,0,0,0,-17,-82,54,None
0,-6,-11,-1,-23,1,1,0,0,0,0,0,-17,-82,54,None
0,0,6,6,11,-3,-6,8,7,0,0,0,-17,-82,54,None
0,-3,0,2,5,2,-3,-6,-7,0,0,0,-17,-82,54,None
0,-3,0,2,5,2,-3,-6,-7,0,0,0,-17,-82,54,None
0,-3,0,2,5,2,-3,-6,-7,0,0,0,-14,-88,53,None
0,2,6,-13,-16,1,3,12,2,0,0,0,-14,-88,53,None
0,4,2,10,39,10,7,-2,6,0,0,0,-14,-88,53,None
0,-1,2,-4,-28,-4,-4,-5,-1,0,0,0,-14,-88,53,None
0,-4,-8,-17,-2,-9,-6,-11,-6,0,0,0,-14,-88,53,None
0,-4,-8,-17,-2,-9,-6,-11,-6,0,0,0,-14,-88,53,None
0,-4,-8,-17,-2,-9,-6,-11,-6,0,0,0,-12,-89,53,None
0,-2,-1,10,-3,-11,-10,-5,-4,0,0,0,-12,-89,53,None
0,-2,0,-1,-8,3,-2,-3,5,0,0,0,-12,-89,53,None
0,3,2,8,8,6,8,5,-3,0,0,0,-12,-89,53,None
0,-2,-4,-10,-24,-4,1,6,-1,0,0,0,-12,-89,53,None
0,-2,-4,-10,-24,-4,1,6,-1,0,0,0,-12,-89,53,None
0,-2,-4,-10,-24,-4,1,6,-1,0,0,0,-15,-86,53,None
0,3,14,-22,-19,8,10,-1,3,0,0,0,-15,-86,53,None
0,-5,-16,-7,-6,-12,-10,-10,-7,0,0,0,-15,-86,53,None
0,0,8,-18,3,1,-3,-1,-3,0,0,0,-15,-86,53,None
0,1,6,-1,-12,4,4,12,4,0,0,0,-15,-86,53,None
0,1,6,-1,-12,4,4,12,4,0,0,0,-15,-86,53,None
0,1,6,-1,-12,4,4,12,4,0,0,0,-15,-83,52,None
0,-3,-5,21,18,1,-5,-8,-4,0,0,0,-15,-83,52,None
0,3,9,-28,8,6,-2,-7,-1,0,0,0,-15,-83,52,None
0,0,9,18,14,-1,1,7,0,0,0,0,-15,-83,52,None
0,1,-4,-30,-5,0,-1,-1,1,0,0,0,-15,-83,52,None
0,1,-4,-30,-5,0,-1,-1,1,0,0,0,-15,-83,52,None
0,1,-4,-30,-5,0,-1,-1,1,0,0,0,-20,-86,49,None
0,-3,-2,-2,-4,-1,0,-4,0,0,0,0,-20,-86,49,None
0,-2,-2,-1,-12,2,1,-1,-4,0,0,0,-20,-86,49,None
0,1,1,12,15,1,-1,10,0,0,0,0,-20,-86,49,None
0,-2,-2,-6,12,5,-4,-14,-3,0,0,0,-20,-86,49,None
0,-2,-2,-6,12,5,-4,-14,-3,0,0,0,-20,-86,49,None
0,-2,-2,-6,12,5,-4,-14,-3,0,0,0,-22,-89,48,None
0,1,8,17,12,2,1,-2,1,0,0,0,-22,-89,48,None
0,-4,-5,-9,-18,-8,-10,-14,-9,0,0,0,-22,-89,48,None
0,-2,-3,-1,-13,-3,-4,5,-1,0,0,0,-22,-89,48,None
0,1,5,15,22,7,6,3,4,0,0,0,-22,-89,48,None
0,1,5,15,22,7,6,3,4,0,0,0,-22,-89,48,None
0,1,5,15,22,7,6,3,4,0,0,0,-26,-87,47,None
0,-5,-12,10,-16,-4,-3,3,-6,0,0,0,-26,-87,47,None
0,3,12,41,9,5,5,5,6,0,0,0,-26,-87,47,None
0,-1,8,-4,-12,0,-4,-8,-5,0,0,0,-26,-87,47,None
0,-6,-20,8,26,-2,-4,-1,-7,0,0,0,-26,-87,47,None
0,-6,-20,8,26,-2,-4,-1,-7,0,0,0,-26,-87,47,None
0,-6,-20,8,26,-2,-4,-1,-7,0,0,0,-31,-88,45,None
0,-1,0,-6,-12,-8,-1,-4,0,0,0,0,-31,-88,45,None
0,3,0,-14,-5,6,-1,-3,2,0,0,0,-31,-88,45,None
0,-3,17,-1,-6,6,2,1,-1,0,0,0,-31,-88,45,None
0,-2,1,6,-14,-17,4,3,-2,0,0,0,-31,-88,45,None
0,-2,1,6,-14,-17,4,3,-2,0,0,0,-31,-88,45,None
0,-2,1,6,-14,-17,4,3,-2,0,0,0,-34,-89,43,None
0,-1,-1,-13,11,11,-3,-2,-1,0,0,0,-34,-89,43,None
0,-1,-7,-17,-15,-12,-6,-5,-1,0,0,0,-34,-89,43,None
0,-2,0,13,7,0,0,1,-2,0,0,0,-34,-89,43,None
0,1,2,-17,0,5,-2,-4,-3,0,0,0,-34,-89,43,None
0,1,2,-17,0,5,-2,-4,-3,0,0,0,-34,-89,43,None
0,1,2,-17,0,5,-2,-4,-3,0,0,0,-36,-89,40,None
0,-4,-6,-25,-9,-2,-1,-3,-4,0,0,0,-36,-89,40,None
0,2,14,13,3,1,1,5,3,0,0,0,-36,-89,40,None
0,-3,-11,-1,5,2,1,-2,-1,0,0,0,-36,-89,40,None
0,-3,6,-13,6,17,-10,-6,-7,0,0,0,-36,-89,40,None
0,-3,6,-13,6,17,-10,-6,-7,0,0,0,-36,-89,40,None
0,-3,6,-13,6,17,-10,-6,-7,0,0,0,-37,-86,40,None
0,2,-4,-6,-26,-19,16,5,6,0,0,0,-37,-86,40,None
0,-4,23,35,1,6,-2,-2,-7,0,0,0,-37,-86,40,None
0,-2,-40,-29,-1,-3,-9,-5,-2,0,0,0,-37,-86,40,None
0,-8,-2,-8,-14,-2,-4,-4,4,0,0,0,-37,-86,40,None
0,-8,-2,-8,-14,-2,-4,-4,4,0,0,0,-37,-86,40,None
0,-8,-2,-8,-14,-2,-4,-4,4,0,0,0,-30,-80,42,None
0,-3,4,1,18,11,-8,-3,-18,0,0,0,-30,-80,42,None
0,12,11,-5,16,15,11,10,10,0,0,0,-30,-80,42,None
0,-4,0,8,0,8,6,2,-1,0,0,0,-30,-80,42,None
0,-5,-5,46,-18,-17,-3,-4,-10,0,0,0,-30,-80,42,None
0,-5,-5,46,-18,-17,-3,-4,-10,0,0,0,-30,-80,42,None
0,-5,-5,46,-18,-17,-3,-4,-10,0,0,0,-24,-79,42,None
0,4,9,1,6,2,-4,0,12,0,0,0,-24,-79,42,None
0,4,-18,-15,-2,-17,-12,2,16,0,0,0,-24,-79,42,None
0,-13,9,-27,-3,5,1,-9,-34,0,0,0,-24,-79,42,None
0,5,7,-20,-11,4,4,1,5,0,0,0,-24,-79,42,None
0,5,7,-20,-11,4,4,1,5,0,0,0,-24,-79,42,None
0,5,7,-20,-11,4,4,1,5,0,0,0,-25,-83,41,None
0,-10,-29,-7,-6,-1,-2,-7,-12,0,0,0,-25,-83,41,None
0,-5,3,-3,3,-8,-11,-6,-5,0,0,0,-25,-83,41,None
0,10,-2,-15,4,7,-1,4,15,0,0,0,-25,-83,41,None
0,2,13,20,8,8,-1,-4,-1,0,0,0,-25,-83,41,None
0,2,13,20,8,8,-1,-4,-1,0,0,0,-25,-83,41,None
0,2,13,20,8,8,-1,-4,-1,0,0,0,-26,-88,42,None
0,-7,-15,-50,-21,-15,-1,-5,-7,0,0,0,-26,-88,42,None
0,-2,1,18,-1,-4,-3,-3,-4,0,0,0,-26,-88,42,None
0,5,5,4,-6,-10,0,1,6,0,0,0,-26,-88,42,None
0,0,8,-11,7,13,3,1,17,0,0,0,-26,-88,42,None
0,0,8,-11,7,13,3,1,17,0,0,0,-26,-88,42,None
0,0,8,-11,7,13,3,1,17,0,0,0,-23,-87,43,None
0,2,16,72,31,19,4,4,-4,0,0,0,-23,-87,43,None
0,-8,-12,-60,-11,-4,-3,-10,-15,0,0,0,-23,-87,43,None
0,-7,3,-6,1,-5,-2,1,-6,0,0,0,-23,-87,43,None
0,-8,-6,-6,2,4,-2,-1,-8,0,0,0,-23,-87,43,None
0,-8,-6,-6,2,4,-2,-1,-8,0,0,0,-23,-87,43,None
0,-8,-6,-6,2,4,-2,-1,-8,0,0,0,-21,-82,44,None
0,11,14,45,7,5,4,7,21,0,0,0,-21,-82,44,None
0,-15,-25,-61,-16,-2,0,1,-15,0,0,0,-21,-82,44,None
0,4,-2,9,-4,-7,-3,-6,11,0,0,0,-21,-82,44,None
0,2,13,16,8,1,-4,-1,-7,0,0,0,-21,-82,44,None
0,2,13,16,8,1,-4,-1,-7,0,0,0,-21,-82,44,None
0,2,13,16,8,1,-4,-1,-7,0,0,0,-23,-84,45,None
0,0,4,-39,-1,6,4,1,0,0,0,0,-23,-84,45,None
0,-4,-5,14,4,-1,-3,-3,-8,0,0,0,-23,-84,45,None
0,5,7,2,-4,-3,4,4,10,0,0,0,-23,-84,45,None
0,0,-4,-11,-7,0,-1,0,0,0,0,0,-23,-84,45,None
0,0,-4,-11,-7,0,-1,0,0,0,0,0,-23,-84,45,None
0,0,-4,-11,-7,0,-1,0,0,0,0,0,-21,-87,46,None
0,3,14,-10,5,5,0,-3,-9,0,0,0,-21,-87,46,None
0,2,12,32,4,0,1,-4,3,0,0,0,-21,-87,46,None
0,-8,-17,-23,-4,-2,-11,-5,-10,0,0,0,-21,-87,46,None
0,4,0,13,0,-12,-10,-9,-4,0,0,0,-21,-87,46,None
0,4,0,13,0,-12,-10,-9,-4,0,0,0,-21,-87,46,None
0,4,0,13,0,-12,-10,-9,-4,0,0,0,-16,-87,50,None
0,-2,-5,0,-2,2,-4,1,2,0,0,0,-16,-87,50,None
0,2,14,26,11,20,9,3,5,0,0,0,-16,-87,50,None
0,-3,-7,-39,-17,-11,-1,-1,0,0,0,0,-16,-87,50,None
0,-1,1,-10,-6,-11,5,3,-3,0,0,0,-16,-87,50,None
0,-1,1,-10,-6,-11,5,3,-3,0,0,0,-16,-87,50,None
0,-1,1,-10,-6,-11,5,3,-3,0,0,0,-12,-83,52,None
0,-6,-4,-16,3,1,-14,-6,-4,0,0,0,-12,-83,52,None
0,5,1,3,4,5,6,1,6,0,0,0,-12,-83,52,None
0,-3,9,12,4,3,-3,-4,-10,0,0,0,-12,-83,52,None
0,-1,-5,-4,0,0,-1,-2,-2,0,0,0,-12,-83,52,None
0,-1,-5,-4,0,0,-1,-2,-2,0,0,0,-12,-83,52,None
0,-1,-5,-4,0,0,-1,-2,-2,0,0,0,-6,-79,54,None
0,-3,-3,-2,-2,-7,-5,-5,-5,0,0,0,-6,-79,54,None
0,-2,-10,-11,-4,-2,-2,-3,-3,0,0,0,-6,-79,54,None
0,2,2,0,-11,-7,-8,-6,5,0,0,0,-6,-79,54,None
0,-3,-6,4,9,13,8,13,2,0,0,0,-6,-79,54,None
0,-3,-6,4,9,13,8,13,2,0,0,0,-6,-79,54,None
0,-3,-6,4,9,13,8,13,2,0,0,0,-2,-77,52,None
0,2,3,7,0,-11,-7,-6,-2,0,0,0,-2,-77,52,None
0,-2,-1,-11,-7,-2,-9,4,0,0,0,0,-2,-77,52,None
0,-2,0,17,2,3,13,-4,-9,0,0,0,-2,-77,52,None
0,6,-3,-9,4,15,22,10,26,0,0,0,-2,-77,52,None
0,6,-3,-9,4,15,22,10,26,0,0,0,-2,-77,52,None
0,6,-3,-9,4,15,22,10,26,0,0,0,0,-83,54,None
0,-7,0,-2,1,-7,-6,-15,5,0,0,0,0,-83,54,None
0,-4,0,-4,4,-11,-17,-14,-44,0,0,0,0,-83,54,None
0,0,4,8,-4,20,12,5,46,0,0,0,0,-83,54,None
0,-1,4,-1,-5,-6,-2,-2,-26,0,0,0,0,-83,54,None
0,-1,4,-1,-5,-6,-2,-2,-26,0,0,0,0,-83,54,None
0,-1,4,-1,-5,-6,-2,-2,-26,0,0,0,-4,-88,53,None
0,-3,-8,-10,-4,-6,-4,-5,-15,0,0,0,-4,-88,53,None
0,0,-3,0,-2,-7,-9,1,13,0,0,0,-4,-88,53,None
0,0,9,8,0,-4,-9,3,-19,0,0,0,-4,-88,53,None
0,-1,1,-2,2,11,5,-6,-7,0,0,0,-4,-88,53,None
0,-1,1,-2,2,11,5,-6,-7,0,0,0,-4,-88,53,None
0,-1,1,-2,2,11,5,-6,-7,0,0,0,-13,-90,55,None
0,1,8,-2,-12,5,4,4,8,0,0,0,-13,-90,55,None
0,-3,-2,-4,-8,-8,-8,-8,-3,0,0,0,-13,-90,55,None
0,-3,-3,3,10,2,-13,-5,-10,0,0,0,-13,-90,55,None
0,-1,-6,-11,-3,-9,1,5,8,0,0,0,-13,-90,55,None
0,-1,-6,-11,-3,-9,1,5,8,0,0,0,-13,-90,55,None
0,-1,-6,-11,-3,-9,1,5,8,0,0,0,-10,-84,57,None
0,0,2,12,13,30,23,12,-2,0,0,0,-10,-84,57,None
0,1,5,-12,0,-2,11,2,5,0,0,0,-10,-84,57,None
0,1,-2,12,11,-1,-12,-6,-6,0,0,0,-10,-84,57,None
0,-6,-8,-20,-22,-13,-11,-5,-6,0,0,0,-10,-84,57,None
0,-6,-8,-20,-22,-13,-11,-5,-6,0,0,0,-10,-84,57,None
0,-6,-8,-20,-22,-13,-11,-5,-6,0,0,0,-6,-76,57,None
0,2,9,0,-2,-7,5,4,-1,0,0,0,-6,-76,57,None
0,-4,-10,-15,-31,-1,3,-2,3,0,0,0,-6,-76,57,None
0,-3,0,-1,24,-9,-11,-6,-7,0,0,0,-6,-76,57,None
0,-3,7,13,13,17,-14,-9,-9,0,0,0,-6,-76,57,None
0,-3,7,13,13,17,-14,-9,-9,0,0,0,-6,-76,57,None
0,-3,7,13,13,17,-14,-9,-9,0,0,0,-6,-79,56,None
0,-1,-6,-8,-14,-17,-9,2,2,0,0,0,-6,-79,56,None
0,1,7,11,18,14,12,8,11,0,0,0,-6,-79,56,None
0,-1,-2,-4,-22,2,7,-2,-4,0,0,0,-6,-79,56,None
0,-6,-6,8,1,-2,-11,-6,-6,0,0,0,-6,-79,56,None
0,-6,-6,8,1,-2,-11,-6,-6,0,0,0,-6,-79,56,None
0,-6,-6,8,1,-2,-11,-6,-6,0,0,0,-13,-87,54,None
0,-1,3,-1,10,4,10,3,1,0,0,0,-13,-87,54,None
0,0,3,14,-15,-5,-1,-3,0,0,0,0,-13,-87,54,None
0,-3,-1,-5,14,0,-2,-3,-5,0,0,0,-13,-87,54,None
0,2,4,-18,-4,-1,1,0,1,0,0,0,-13,-87,54,None
0,2,4,-18,-4,-1,1,0,1,0,0,0,-13,-87,54,None
0,2,4,-18,-4,-1,1,0,1,0,0,0,-12,-92,51,None
0,-1,-5,3,-9,0,-11,-5,-3,0,0,0,-12,-92,51,None
0,-1,5,2,2,0,-2,0,-2,0,0,0,-12,-92,51,None
0,1,2,1,0,6,6,3,0,0,0,0,-12,-92,51,None
0,-1,-6,-3,4,0,6,1,0,0,0,0,-12,-92,51,None
0,-1,-6,-3,4,0,6,1,0,0,0,0,-12,-92,51,None
0,-1,-6,-3,4,0,6,1,0,0,0,0,-15,-89,52,None
0,-1,4,-8,0,0,-5,-5,-3,0,0,0,-15,-89,52,None
0,-3,0,-7,-2,2,-1,-2,0,0,0,0,-15,-89,52,None
0,-1,1,10,1,1,2,0,2,0,0,0,-15,-89,52,None
0,-2,0,-2,-1,-3,-3,-3,-5,0,0,0,-15,-89,52,None
0,-2,0,-2,-1,-3,-3,-3,-5,0,0,0,-15,-89,52,None
0,-2,0,-2,-1,-3,-3,-3,-5,0,0,0,-21,-86,50,None
0,0,-1,-7,-17,-1,-2,-3,-1,0,0,0,-21,-86,50,None
0,-3,0,-17,11,4,0,-3,-3,0,0,0,-21,-86,50,None
0,1,5,-12,-10,-3,-1,0,-2,0,0,0,-21,-86,50,None
0,-1,-3,37,4,-2,-1,-1,-3,0,0,0,-21,-86,50,None
0,-1,-3,37,4,-2,-1,-1,-3,0,0,0,-21,-86,50,None
0,-1,-3,37,4,-2,-1,-1,-3,0,0,0,-27,-84,48,None
0,-2,-1,-22,-25,3,-1,1,-2,0,0,0,-27,-84,48,None
0,0,3,24,30,2,-6,-1,2,0,0,0,-27,-84,48,None
0,0,2,-9,-19,-2,1,3,-2,0,0,0,-27,-84,48,None
0,-1,1,-13,-4,-2,-3,-3,1,0,0,0,-27,-84,48,None
0,-1,1,-13,-4,-2,-3,-3,1,0,0,0,-27,-84,48,None
0,-1,1,-13,-4,-2,-3,-3,1,0,0,0,-28,-82,46,None
0,-1,4,11,10,5,-2,-1,-2,0,0,0,-28,-82,46,None
0,-1,-3,-9,-19,-1,0,-2,-3,0,0,0,-28,-82,46,None
0,3,10,32,17,9,5,3,-1,0,0,0,-28,-82,46,None
0,2,1,-54,-2,0,4,0,1,0,0,0,-28,-82,46,None
0,2,1,-54,-2,0,4,0,1,0,0,0,-28,-82,46,None
0,2,1,-54,-2,0,4,0,1,0,0,0,-24,-79,47,None
0,-5,-13,6,16,-4,-8,-4,-2,0,0,0,-24,-79,47,None
0,-2,-1,-10,1,-2,-3,-1,-3,0,0,0,-24,-79,47,None
0,-3,-4,-12,-17,-1,-3,-4,-2,0,0,0,-24,-79,47,None
0,0,2,3,-13,-1,0,1,0,0,0,0,-24,-79,47,None
0,0,2,3,-13,-1,0,1,0,0,0,0,-24,-79,47,None
0,0,2,3,-13,-1,0,1,0,0,0,0,-22,-80,47,None
0,1,8,9,33,16,2,2,0,0,0,0,-22,-80,47,None
0,0,1,-1,6,-8,-2,-2,-2,0,0,0,-22,-80,47,None
0,-3,-7,-3,13,0,0,0,0,0,0,0,-22,-80,47,None
0,-3,1,9,0,-1,-1,-1,-4,0,0,0,-22,-80,47,None
0,-3,1,9,0,-1,-1,-1,-4,0,0,0,-22,-80,47,None
0,-3,1,9,0,-1,-1,-1,-4,0,0,0,-22,-80,48,None
0,-5,-7,-43,-34,-9,-5,-4,-3,0,0,0,-22,-80,48,None
0,0,2,11,18,11,0,-2,1,0,0,0,-22,-80,48,None
0,-1,-1,4,-27,1,1,2,0,0,0,0,-22,-80,48,None
0,-7,-6,-8,14,-14,-8,-7,-7,0,0,0,-22,-80,48,None
0,-7,-6,-8,14,-14,-8,-7,-7,0,0,0,-22,-80,48,None
0,-7,-6,-8,14,-14,-8,-7,-7,0,0,0,-21,-78,48,None
0,-2,1,16,15,-9,-11,-7,-3,0,0,0,-21,-78,48,None
0,1,-1,-21,-34,12,16,7,3,0,0,0,-21,-78,48,None
0,-3,-2,-2,4,0,0,-4,-5,0,0,0,-21,-78,48,None
0,2,4,6,-1,4,3,2,1,0,0,0,-21,-78,48,None
0,2,4,6,-1,4,3,2,1,0,0,0,-21,-78,48,None
0,2,4,6,-1,4,3,2,1,0,0,0,-21,-75,50,None
0,0,6,21,16,-6,-7,-2,-2,0,0,0,-21,-75,50,None
0,-3,-3,-7,-22,-18,-4,-4,-4,0,0,0,-21,-75,50,None
0,-2,-3,-29,-4,-7,-6,-3,0,0,0,0,-21,-75,50,None
0,-1,-1,5,-8,2,-3,-5,-3,0,0,0,-21,-75,50,None
0,-1,-1,5,-8,2,-3,-5,-3,0,0,0,-21,-75,50,None
0,-1,-1,5,-8,2,-3,-5,-3,0,0,0,-22,-76,47,None
0,-1,4,20,11,6,1,10,2,0,0,0,-22,-76,47,None
0,-1,3,15,65,9,-7,4,0,0,0,0,-22,-76,47,None
0,-1,1,5,-13,-3,-4,-9,-6,0,0,0,-22,-76,47,None
0,-2,-6,-22,-23,-6,-7,-4,-2,0,0,0,-22,-76,47,None
0,-2,-6,-22,-23,-6,-7,-4,-2,0,0,0,-22,-76,47,None
0,-2,-6,-22,-23,-6,-7,-4,-2,0,0,0,-23,-80,46,None
0,-1,-2,-6,-36,-23,4,-8,-4,0,0,0,-23,-80,46,None
0,3,3,-15,-16,22,10,6,2,0,0,0,-23,-80,46,None
0,-3,-1,2,1,-2,-8,-6,0,0,0,0,-23,-80,46,None
0,3,6,21,20,-1,-3,4,5,0,0,0,-23,-80,46,None
0,3,6,21,20,-1,-3,4,5,0,0,0,-23,-80,46,None
0,3,6,21,20,-1,-3,4,5,0,0,0,-23,-83,48,None
0,-4,-5,-13,-32,14,-6,-6,-9,0,0,0,-23,-83,48,None
0,-3,-1,11,10,-11,3,-7,1,0,0,0,-23,-83,48,None
0,1,8,18,25,13,5,9,2,0,0,0,-23,-83,48,None
0,-1,-5,-24,-51,-19,-6,4,-1,0,0,0,-23,-83,48,None
0,-1,-5,-24,-51,-19,-6,4,-1,0,0,0,-23,-83,48,None
0,-1,-5,-24,-51,-19,-6,4,-1,0,0,0,-23,-84,47,None
0,-2,-4,-10,-9,-1,4,-3,-1,0,0,0,-23,-84,47,None
0,-2,-2,-3,9,17,0,-7,-1,0,0,0,-23,-84,47,None
0,-3,-2,-3,-30,1,2,9,1,0,0,0,-23,-84,47,None
0,-2,5,16,43,7,-5,-5,-1,0,0,0,-23,-84,47,None
0,-2,5,16,43,7,-5,-5,-1,0,0,0,-23,-84,47,None
0,-2,5,16,43,7,-5,-5,-1,0,0,0,-25,-83,50,None
0,-4,-6,-24,-13,-5,-8,7,-1,0,0,0,-25,-83,50,None
0,-5,-1,4,5,-5,-6,-10,-5,0,0,0,-25,-83,50,None
0,2,1,-17,-18,-1,8,4,1,0,0,0,-25,-83,50,None
0,-2,-2,6,2,-6,-2,0,6,0,0,0,-25,-83,50,None
0,-2,-2,6,2,-6,-2,0,6,0,0,0,-25,-83,50,None
0,-2,-2,6,2,-6,-2,0,6,0,0,0,-24,-77,54,None
0,4,9,-1,8,13,3,-9,-1,0,0,0,-24,-77,54,None
0,-3,-3,-10,-6,-6,-1,0,-4,0,0,0,-24,-77,54,None
0,-2,-5,-22,-25,1,-4,1,0,0,0,0,-24,-77,54,None
0,-4,2,16,26,2,5,-5,-13,0,0,0,-24,-77,54,None
0,-4,2,16,26,2,5,-5,-13,0,0,0,-24,-77,54,None
0,-4,2,16,26,2,5,-5,-13,0,0,0,-21,-71,53,None
0,-6,-6,1,44,11,-5,19,-8,0,0,0,-21,-71,53,None
0,-1,4,3,-21,-2,7,-11,2,0,0,0,-21,-71,53,None
0,-1,-3,-15,3,0,-4,-13,-6,0,0,0,-21,-71,53,None
0,1,0,-1,-5,11,12,13,4,0,0,0,-21,-71,53,None
0,1,0,-1,-5,11,12,13,4,0,0,0,-21,-71,53,None
0,1,0,-1,-5,11,12,13,4,0,0,0,-16,-77,56,None
0,3,9,16,15,12,0,-4,3,0,0,0,-16,-77,56,None
0,-2,-2,-4,12,-20,-6,1,-5,0,0,0,-16,-77,56,None
0,-3,1,9,-8,-8,-4,0,-3,0,0,0,-16,-77,56,None
0,-3,0,-7,-36,5,-2,-14,-4,0,0,0,-16,-77,56,None
0,-3,0,-7,-36,5,-2,-14,-4,0,0,0,-16,-77,56,None
0,-3,0,-7,-36,5,-2,-14,-4,0,0,0,-13,-82,55,None
0,0,0,-11,-9,-2,2,0,5,0,0,0,-13,-82,55,None
0,0,-2,-3,-3,-11,-11,1,3,0,0,0,-13,-82,55,None
0,2,6,33,10,5,2,-6,0,0,0,0,-13,-82,55,None
0,0,-2,12,86,2,-20,-4,-1,0,0,0,-13,-82,55,None
0,0,-2,12,86,2,-20,-4,-1,0,0,0,-13,-82,55,None
0,0,-2,12,86,2,-20,-4,-1,0,0,0,-10,-81,56,None
0,-3,-9,-56,-80,-16,9,-1,1,0,0,0,-10,-81,56,None
0,5,6,5,-21,6,8,11,2,0,0,0,-10,-81,56,None
0,-2,2,-3,30,2,7,-5,1,0,0,0,-10,-81,56,None
0,-1,2,9,7,19,5,2,1,0,0,0,-10,-81,56,None
0,-1,2,9,7,19,5,2,1,0,0,0,-10,-81,56,None
0,-1,2,9,7,19,5,2,1,0,0,0,-6,-73,58,None
0,1,3,12,7,-16,-12,-7,0,0,0,0,-6,-73,58,None
0,-3,4,1,2,7,-2,0,-9,0,0,0,-6,-73,58,None
0,-1,2,-7,9,3,-6,-13,-5,0,0,0,-6,-73,58,None
0,-1,0,-15,-22,-10,2,-2,-2,0,0,0,-6,-73,58,None
0,-1,0,-15,-22,-10,2,-2,-2,0,0,0,-6,-73,58,None
0,-1,0,-15,-22,-10,2,-2,-2,0,0,0,1,-69,59,None
0,0,3,-3,-7,-1,-1,-4,2,0,0,0,1,-69,59,None
0,-1,8,9,29,6,-7,-3,-6,0,0,0,1,-69,59,None
0,-5,-12,11,-11,-10,-7,0,-4,0,0,0,1,-69,59,None
0,-3,-5,-22,-23,-4,-2,-7,-3,0,0,0,1,-69,59,None
0,-3,-5,-22,-23,-4,-2,-7,-3,0,0,0,1,-69,59,None
0,-3,-5,-22,-23,-4,-2,-7,-3,0,0,0,8,-73,60,None
0,0,0,4,-28,2,2,0,0,0,0,0,8,-73,60,None
0,-1,0,3,19,-2,-7,0,1,0,0,0,8,-73,60,None
0,3,5,2,26,7,6,2,4,0,0,0,8,-73,60,None
0,2,6,1,7,5,4,-8,3,0,0,0,8,-73,60,None
0,2,6,1,7,5,4,-8,3,0,0,0,8,-73,60,None
0,2,6,1,7,5,4,-8,3,0,0,0,10,-73,59,None
0,-1,1,2,-33,-6,-2,-8,-8,0,0,0,10,-73,59,None
0,-3,2,-5,-12,7,0,3,-35,0,0,0,10,-73,59,None
0,3,1,2,16,2,-1,5,33,0,0,0,10,-73,59,None
0,-7,-4,-12,-26,-14,-10,-15,-47,0,0,0,10,-73,59,None
0,-7,-4,-12,-26,-14,-10,-15,-47,0,0,0,10,-73,59,None
0,-7,-4,-12,-26,-14,-10,-15,-47,0,0,0,18,-75,60,None
0,2,4,8,46,10,3,14,55,0,0,0,18,-75,60,None
0,-6,-5,-13,-11,0,-1,-25,-26,0,0,0,18,-75,60,None
0,-12,-3,-4,-2,-3,-1,10,-11,0,0,0,18,-75,60,None
0,24,10,10,10,8,4,13,10,0,0,0,18,-75,60,None
0,24,10,10,10,8,4,13,10,0,0,0,18,-75,60,None
0,24,10,10,10,8,4,13,10,0,0,0,18,-102,66,None
0,-5,4,8,13,5,5,9,-10,0,0,0,18,-102,66,None
0,8,-3,0,3,-1,0,-17,16,0,0,0,18,-102,66,None
0,18,3,-22,-27,-5,-9,-13,-10,0,0,0,18,-102,66,None
0,-60,-11,9,14,4,0,4,2,0,0,0,18,-102,66,None
0,-60,-11,9,14,4,0,4,2,0,0,0,18,-102,66,None
0,-60,-11,9,14,4,0,4,2,0,0,0,10,-89,69,None
0,-2,-3,-17,-35,-9,-3,-9,-16,0,0,0,10,-89,69,None
0,-8,-3,-8,-17,-1,-1,24,24,0,0,0,10,-89,69,None
0,10,2,0,15,5,0,-9,0,0,0,0,10,-89,69,None
0,8,1,-2,-1,2,0,-3,-18,0,0,0,10,-89,69,None
0,8,1,-2,-1,2,0,-3,-18,0,0,0,10,-89,69,None
0,8,1,-2,-1,2,0,-3,-18,0,0,0,-4,-66,64,None
0,3,3,5,23,4,-1,-3,5,0,0,0,-4,-66,64,None
0,-5,-2,-3,-6,-2,-5,-3,32,0,0,0,-4,-66,64,None
0,-5,-2,-10,0,0,-2,0,-11,0,0,0,-4,-66,64,None
0,8,1,-5,-16,0,1,4,1,0,0,0,-4,-66,64,None
0,8,1,-5,-16,0,1,4,1,0,0,0,-4,-66,64,None
0,8,1,-5,-16,0,1,4,1,0,0,0,-6,-64,66,None
0,-8,-6,2,19,2,-1,-4,-9,0,0,0,-6,-64,66,None
0,2,3,-4,-11,2,1,0,-9,0,0,0,-6,-64,66,None
0,4,2,1,7,0,1,4,-2,0,0,0,-6,-64,66,None
0,6,-3,-7,-14,-3,-4,-2,55,0,0,0,-6,-64,66,None
0,6,-3,-7,-14,-3,-4,-2,55,0,0,0,-6,-64,66,None
0,6,-3,-7,-14,-3,-4,-2,55,0,0,0,-3,-82,69,None
0,-1,2,3,14,3,-3,-9,-29,0,0,0,-3,-82,69,None
0,-5,-2,-3,-5,2,-1,6,-2,0,0,0,-3,-82,69,None
0,-9,-2,-3,0,-1,-1,3,-4,0,0,0,-3,-82,69,None
0,-1,2,-3,-7,1,1,14,-13,0,0,0,-3,-82,69,None
0,-1,2,-3,-7,1,1,14,-13,0,0,0,-3,-82,69,None
0,-1,2,-3,-7,1,1,14,-13,0,0,0,0,-86,67,None
0,-3,-5,0,6,2,-3,-24,13,0,0,0,0,-86,67,None
0,33,11,4,6,1,0,0,-2,0,0,0,0,-86,67,None
0,-56,-12,-9,-6,1,-3,-13,-11,0,0,0,0,-86,67,None
0,-4,3,5,-4,3,6,12,-5,0,0,0,0,-86,67,None
0,-4,3,5,-4,3,6,12,-5,0,0,0,0,-86,67,None
0,-4,3,5,-4,3,6,12,-5,0,0,0,0,-79,67,None
0,25,2,4,18,2,1,19,50,0,0,0,0,-79,67,None
0,-8,-2,-11,-18,-4,-7,-24,-17,0,0,0,0,-79,67,None
0,30,10,4,-2,2,0,9,-1,0,0,0,0,-79,67,None
0,-7,-1,-6,-8,-3,-2,-9,-3,0,0,0,0,-79,67,None
0,-7,-1,-6,-8,-3,-2,-9,-3,0,0,0,0,-79,67,None
0,-7,-1,-6,-8,-3,-2,-9,-3,0,0,0,-3,-78,68,None
0,-8,0,-2,4,2,0,-2,-22,0,0,0,-3,-78,68,None
0,-13,-6,2,10,1,-2,-5,-10,0,0,0,-3,-78,68,None
0,2,1,-4,0,-1,1,17,11,0,0,0,-3,-78,68,None
0,-3,2,-5,-4,-1,0,-20,-13,0,0,0,-3,-78,68,None
0,-3,2,-5,-4,-1,0,-20,-13,0,0,0,-3,-78,68,None
0,-3,2,-5,-4,-1,0,-20,-13,0,0,0,-4,-79,66,None
0,0,-1,2,3,0,-1,16,-5,0,0,0,-4,-79,66,None
0,1,1,-6,-4,-1,-3,-10,-4,0,0,0,-4,-79,66,None
0,-12,-1,3,1,2,3,-18,-45,0,0,0,-4,-79,66,None
0,19,2,-5,-2,0,-7,-6,28,0,0,0,-4,-79,66,None
0,19,2,-5,-2,0,-7,-6,28,0,0,0,-4,-79,66,None
0,19,2,-5,-2,0,-7,-6,28,0,0,0,-3,-77,64,None
0,-5,0,-1,3,0,-2,2,7,0,0,0,-3,-77,64,None
0,-8,2,-3,-3,3,1,0,-3,0,0,0,-3,-77,64,None
0,-3,0,-4,1,-1,-2,13,8,0,0,0,-3,-77,64,None
0,-7,-3,-1,0,0,-1,2,-19,0,0,0,-3,-77,64,None
0,-7,-3,-1,0,0,-1,2,-19,0,0,0,-3,-77,64,None
0,-7,-3,-1,0,0,-1,2,-19,0,0,0,-2,-77,63,None
0,16,4,2,0,1,2,-9,-19,0,0,0,-2,-77,63,None
0,-17,1,-2,-2,0,0,8,25,0,0,0,-2,-77,63,None
0,10,2,-4,3,0,-5,-14,-8,0,0,0,-2,-77,63,None
0,2,-2,-4,1,-1,-1,7,4,0,0,0,-2,-77,63,None
0,2,-2,-4,1,-1,-1,7,4,0,0,0,-2,-77,63,None
0,2,-2,-4,1,-1,-1,7,4,0,0,0,-1,-78,63,None
0,-4,-2,-9,-2,0,-3,-17,-21,0,0,0,-1,-78,63,None
0,-1,-2,-1,-2,0,2,14,29,0,0,0,-1,-78,63,None
0,6,1,-2,0,-1,-3,-6,5,0,0,0,-1,-78,63,None
0,-11,2,-3,1,0,-2,-12,-1,0,0,0,-1,-78,63,None
0,-11,2,-3,1,0,-2,-12,-1,0,0,0,-1,-78,63,None
0,-11,2,-3,1,0,-2,-12,-1,0,0,0,-1,-79,64,None
0,9,-2,-7,-7,-1,-4,1,-3,0,0,0,-1,-79,64,None
0,6,-1,-1,3,-1,3,34,-14,0,0,0,-1,-79,64,None
0,-4,-1,-3,-4,-1,-3,-26,10,0,0,0,-1,-79,64,None
0,-10,-2,-5,-5,-2,-5,-1,-25,0,0,0,-1,-79,64,None
0,-10,-2,-5,-5,-2,-5,-1,-25,0,0,0,-1,-79,64,None
0,-10,-2,-5,-5,-2,-5,-1,-25,0,0,0,-1,-78,64,None
0,11,4,1,1,1,1,8,39,0,0,0,-1,-78,64,None
0,8,5,5,3,2,1,-6,-9,0,0,0,-1,-78,64,None
0,-12,-2,-3,-2,-2,1,6,3,0,0,0,-1,-78,64,None
0,19,2,0,-1,3,1,0,-21,0,0,0,-1,-78,64,None
0,19,2,0,-1,3,1,0,-21,0,0,0,-1,-78,64,None
0,19,2,0,-1,3,1,0,-21,0,0,0,-3,-76,64,None
0,-20,0,1,1,-2,-3,-6,1,0,0,0,-3,-76,64,None
0,0,-2,-4,-4,-2,-3,-3,18,0,0,0,-3,-76,64,None
0,10,-2,-7,-4,-3,-3,10,-4,0,0,0,-3,-76,64,None
0,-13,-3,-4,-2,-3,-3,-23,-14,0,0,0,-3,-76,64,None
0,-13,-3,-4,-2,-3,-3,-23,-14,0,0,0,-3,-76,64,None
0,-13,-3,-4,-2,-3,-3,-23,-14,0,0,0,-4,-76,65,None
0,-9,1,-2,-1,0,1,7,-16,0,0,0,-4,-76,65,None
0,-7,-2,-3,-3,-1,-4,-27,-20,0,0,0,-4,-76,65,None
0,-6,0,0,0,0,-2,6,11,0,0,0,-4,-76,65,None
0,20,3,-4,2,0,1,11,17,0,0,0,-4,-76,65,None
0,20,3,-4,2,0,1,11,17,0,0,0,-4,-76,65,None
0,20,3,-4,2,0,1,11,17,0,0,0,-3,-78,65,None
0,-4,1,5,-2,2,1,-2,-4,0,0,0,-3,-78,65,None
0,-10,-5,-4,-1,-1,-2,-4,-21,0,0,0,-3,-78,65,None
0,17,5,-1,-1,0,3,8,6,0,0,0,-3,-78,65,None
0,-47,-13,-3,-1,0,-3,-8,-33,0,0,0,-3,-78,65,None
0,-47,-13,-3,-1,0,-3,-8,-33,0,0,0,-3,-78,65,None
0,-47,-13,-3,-1,0,-3,-8,-33,0,0,0,-2,-78,64,None
0,-3,0,-2,-1,0,-2,5,42,0,0,0,-2,-78,64,None
0,9,-1,-5,-3,-1,-2,6,0,0,0,0,-2,-78,64,None
0,-4,1,-3,0,0,0,-7,-26,0,0,0,-2,-78,64,None
0,10,3,1,2,2,1,4,21,0,0,0,-2,-78,64,None
0,10,3,1,2,2,1,4,21,0,0,0,-2,-78,64,None
0,10,3,1,2,2,1,4,21,0,0,0,-2,-78,64,None
0,-10,-1,-7,-1,-1,-6,-10,1,0,0,0,-2,-78,64,None
0,-7,-2,-1,-1,1,0,-6,-3,0,0,0,-2,-78,64,None
0,-13,1,2,-1,2,2,14,-5,0,0,0,-2,-78,64,None
0,19,4,-2,-2,-2,-3,1,-1,0,0,0,-2,-78,64,None
0,19,4,-2,-2,-2,-3,1,-1,0,0,0,-2,-78,64,None
0,19,4,-2,-2,-2,-3,1,-1,0,0,0,-4,-76,62,None
0,-2,-3,-4,1,1,-1,-13,-22,0,0,0,-4,-76,62,None
0,9,7,4,0,2,1,-4,10,0,0,0,-4,-76,62,None
0,-10,-4,-5,-2,-1,-3,7,0,0,0,0,-4,-76,62,None
0,21,0,-2,-1,1,-3,-4,16,0,0,0,-4,-76,62,None
0,21,0,-2,-1,1,-3,-4,16,0,0,0,-4,-76,62,None
0,21,0,-2,-1,1,-3,-4,16,0,0,0,-4,-76,62,None
0,-19,0,2,0,1,-1,-9,-25,0,0,0,-4,-76,62,None
0,-10,-2,-6,-3,-2,-3,5,8,0,0,0,-4,-76,62,None
0,0,1,1,0,2,-2,-12,-8,0,0,0,-4,-76,62,None
0,-1,5,0,2,2,4,9,-17,0,0,0,-4,-76,62,None
0,-1,5,0,2,2,4,9,-17,0,0,0,-4,-76,62,None
0,-1,5,0,2,2,4,9,-17,0,0,0,-3,-78,62,None
0,6,2,1,0,0,1,-8,53,0,0,0,-3,-78,62,None
0,9,-5,-7,-2,-1,-2,3,13,0,0,0,-3,-78,62,None
0,-13,-2,0,-1,-3,-3,-7,-2,0,0,0,-3,-78,62,None
0,6,2,-3,0,2,0,-5,4,0,0,0,-3,-78,62,None
0,6,2,-3,0,2,0,-5,4,0,0,0,-3,-78,62,None
0,6,2,-3,0,2,0,-5,4,0,0,0,-4,-77,64,None
0,7,3,-3,-1,-1,-4,7,-20,0,0,0,-4,-77,64,None
0,-25,-4,-1,-2,-1,-1,-5,-21,0,0,0,-4,-77,64,None
0,8,3,4,2,2,0,-7,23,0,0,0,-4,-77,64,None
0,-4,-1,-3,-1,0,-1,6,8,0,0,0,-4,-77,64,None
0,-4,-1,-3,-1,0,-1,6,8,0,0,0,-4,-77,64,None
0,-4,-1,-3,-1,0,-1,6,8,0,0,0,-5,-77,65,None
0,-15,-3,-3,-3,-2,-5,-21,-55,0,0,0,-5,-77,65,None
0,13,2,0,0,1,0,10,25,0,0,0,-5,-77,65,None
0,-3,-1,-3,-1,-1,-2,-10,-3,0,0,0,-5,-77,65,None
0,-9,-1,-1,-1,1,-1,-4,-53,0,0,0,-5,-77,65,None
0,-9,-1,-1,-1,1,-1,-4,-53,0,0,0,-5,-77,65,None
0,-9,-1,-1,-1,1,-1,-4,-53,0,0,0,-6,-77,64,None
0,9,6,1,-2,-1,-1,5,53,0,0,0,-6,-77,64,None
0,-1,0,-3,0,0,-4,-10,-22,0,0,0,-6,-77,64,None
0,-3,0,-3,1,2,-1,11,-2,0,0,0,-6,-77,64,None
0,13,2,2,-1,2,4,11,17,0,0,0,-6,-77,64,None
0,13,2,2,-1,2,4,11,17,0,0,0,-6,-77,64,None
0,13,2,2,-1,2,4,11,17,0,0,0,-3,-77,63,None
0,-12,-2,-4,0,0,-7,-44,-46,0,0,0,-3,-77,63,None
0,4,2,-2,-3,-1,1,6,-8,0,0,0,-3,-77,63,None
0,-14,-2,-4,0,-1,-2,3,1,0,0,0,-3,-77,63,None
0,6,0,1,1,0,1,7,21,0,0,0,-3,-77,63,None
0,6,0,1,1,0,1,7,21,0,0,0,-3,-77,63,None
0,6,0,1,1,0,1,7,21,0,0,0,-2,-77,62,None
0,4,-1,-2,-1,-1,0,20,-10,0,0,0,-2,-77,62,None
0,-5,1,-2,-1,0,-4,-23,-4,0,0,0,-2,-77,62,None
0,11,5,0,0,1,2,9,-2,0,0,0,-2,-77,62,None
0,-7,-2,-3,-2,-2,-3,-12,13,0,0,0,-2,-77,62,None
0,-7,-2,-3,-2,-2,-3,-12,13,0,0,0,-2,-77,62,None
0,-7,-2,-3,-2,-2,-3,-12,13,0,0,0,-3,-77,61,None
0,13,-2,-3,0,1,-1,3,18,0,0,0,-3,-77,61,None
0,-6,0,-3,0,0,-3,-7,-17,0,0,0,-3,-77,61,None
0,1,4,4,-4,0,1,4,-8,0,0,0,-3,-77,61,None
0,0,-2,-6,0,0,-2,0,21,0,0,0,-3,-77,61,None
0,0,-2,-6,0,0,-2,0,21,0,0,0,-3,-77,61,None
0,0,-2,-6,0,0,-2,0,21,0,0,0,-3,-78,61,None
0,-7,-1,-2,-1,-1,1,8,-17,0,0,0,-3,-78,61,None
0,2,4,2,-1,0,3,16,21,0,0,0,-3,-78,61,None
0,9,1,-1,1,2,3,8,-25,0,0,0,-3,-78,61,None
0,-20,0,1,-3,-1,-6,-24,-13,0,0,0,-3,-78,61,None
0,-20,0,1,-3,-1,-6,-24,-13,0,0,0,-3,-78,61,None
0,-20,0,1,-3,-1,-6,-24,-13,0,0,0,-3,-79,61,None
0,6,3,3,0,0,3,14,-7,0,0,0,-3,-79,61,None
0,3,2,1,3,1,-1,13,-3,0,0,0,-3,-79,61,None
0,4,-2,-8,-1,1,-3,-19,-5,0,0,0,-3,-79,61,None
0,-1,3,-2,-1,-1,0,6,56,0,0,0,-3,-79,61,None
0,-1,3,-2,-1,-1,0,6,56,0,0,0,-3,-79,61,None
0,-1,3,-2,-1,-1,0,6,56,0,0,0,-3,-79,62,None
0,-1,0,1,3,1,-3,-4,-17,0,0,0,-3,-79,62,None
0,0,0,-1,-1,0,1,16,-16,0,0,0,-3,-79,62,None
0,1,-3,-3,-1,-2,-10,-24,25,0,0,0,-3,-79,62,None
0,-13,3,2,0,2,1,3,-20,0,0,0,-3,-79,62,None
0,-13,3,2,0,2,1,3,-20,0,0,0,-3,-79,62,None
0,-13,3,2,0,2,1,3,-20,0,0,0,-4,-80,63,None
0,19,1,-3,0,1,1,-3,-10,0,0,0,-4,-80,63,None
0,-4,-4,-4,0,0,1,19,29,0,0,0,-4,-80,63,None
0,-6,0,-2,-2,0,-3,-21,-19,0,0,0,-4,-80,63,None
0,-2,-3,-5,-1,0,0,0,-13,0,0,0,-4,-80,63,None
0,-2,-3,-5,-1,0,0,0,-13,0,0,0,-4,-80,63,None
0,-2,-3,-5,-1,0,0,0,-13,0,0,0,-4,-80,64,None
0,-13,0,-2,0,-1,-1,1,3,0,0,0,-4,-80,64,None
0,4,-1,-3,-2,-1,-3,-10,-17,0,0,0,-4,-80,64,None
0,-10,-2,-3,-2,0,2,9,4,0,0,0,-4,-80,64,None
0,4,3,-1,-1,0,-3,-12,7,0,0,0,-4,-80,64,None
0,4,3,-1,-1,0,-3,-12,7,0,0,0,-4,-80,64,None
0,4,3,-1,-1,0,-3,-12,7,0,0,0,-4,-81,65,None
0,-10,1,1,1,2,0,-2,-27,0,0,0,-4,-81,65,None
0,2,2,-1,1,-1,-1,-17,-1,0,0,0,-4,-81,65,None
0,4,-2,-2,0,-1,-1,3,6,0,0,0,-4,-81,65,None
0,-5,-1,-5,-2,0,0,12,0,0,0,0,-4,-81,65,None
0,-5,-1,-5,-2,0,0,12,0,0,0,0,-4,-81,65,None
0,-5,-1,-5,-2,0,0,12,0,0,0,0,-4,-81,66,None
0,12,6,10,-1,0,1,0,-15,0,0,0,-4,-81,66,None
0,-16,-4,-1,0,1,-2,-20,-19,0,0,0,-4,-81,66,None
0,5,1,0,-1,-2,-3,6,36,0,0,0,-4,-81,66,None
0,-3,-1,-3,0,0,-3,9,-22,0,0,0,-4,-81,66,None
0,-3,-1,-3,0,0,-3,9,-22,0,0,0,-4,-81,66,None
0,-3,-1,-3,0,0,-3,9,-22,0,0,0,-4,-79,66,None
0,1,-2,-2,-1,2,0,-22,4,0,0,0,-4,-79,66,None
0,3,-1,-6,-2,0,-4,-1,8,0,0,0,-4,-79,66,None
0,-6,-4,-2,-2,1,-2,-8,-16,0,0,0,-4,-79,66,None
0,1,1,0,-1,1,0,-12,-2,0,0,0,-4,-79,66,None
0,1,1,0,-1,1,0,-12,-2,0,0,0,-4,-79,66,None
0,1,1,0,-1,1,0,-12,-2,0,0,0,-5,-78,67,None
0,-6,-5,-10,-2,-3,0,9,15,0,0,0,-5,-78,67,None
0,-18,0,-2,0,-1,0,-3,-53,0,0,0,-5,-78,67,None
0,15,-1,-6,1,-1,-1,0,22,0,0,0,-5,-78,67,None
0,-3,0,-2,0,-2,-3,-4,-3,0,0,0,-5,-78,67,None
0,-3,0,-2,0,-2,-3,-4,-3,0,0,0,-5,-78,67,None
0,-3,0,-2,0,-2,-3,-4,-3,0,0,0,-4,-75,68,None
0,-2,-4,-6,-1,2,-3,10,14,0,0,0,-4,-75,68,None
0,-7,-1,-5,-7,-3,-4,-12,-27,0,0,0,-4,-75,68,None
0,-2,0,1,1,1,4,18,-2,0,0,0,-4,-75,68,None
0,0,0,-3,-1,2,-1,-22,-1,0,0,0,-4,-75,68,None
0,0,0,-3,-1,2,-1,-22,-1,0,0,0,-4,-75,68,None
0,0,0,-3,-1,2,-1,-22,-1,0,0,0,-5,-74,67,None
0,-2,0,-4,-1,-1,-2,26,-7,0,0,0,-5,-74,67,None
0,12,0,-1,1,0,-4,-32,15,0,0,0,-5,-74,67,None
0,-18,3,0,0,1,1,1,-2,0,0,0,-5,-74,67,None
0,5,-2,-4,-1,0,-3,0,9,0,0,0,-5,-74,67,None
0,5,-2,-4,-1,0,-3,0,9,0,0,0,-5,-74,67,None
0,5,-2,-4,-1,0,-3,0,9,0,0,0,-5,-75,66,None
0,-6,1,-1,0,1,1,2,-2,0,0,0,-5,-75,66,None
0,4,3,2,2,1,2,-5,-21,0,0,0,-5,-75,66,None
0,1,0,-2,-1,-2,-6,-19,39,0,0,0,-5,-75,66,None
0,-1,1,-3,1,0,-1,0,-14,0,0,0,-5,-75,66,None
0,-1,1,-3,1,0,-1,0,-14,0,0,0,-5,-75,66,None
0,-1,1,-3,1,0,-1,0,-14,0,0,0,-2,-76,63,None
0,-5,-1,-3,0,0,-2,-2,-3,0,0,0,-2,-76,63,None
0,-1,1,-3,-2,-2,-2,7,-2,0,0,0,-2,-76,63,None
0,-1,-3,-4,-1,0,-2,8,-15,0,0,0,-2,-76,63,None
0,-14,-2,-1,-1,0,2,7,0,0,0,0,-2,-76,63,None
0,-14,-2,-1,-1,0,2,7,0,0,0,0,-2,-76,63,None
0,-14,-2,-1,-1,0,2,7,0,0,0,0,-1,-75,60,None
0,16,1,-1,-2,-1,-2,1,9,0,0,0,-1,-75,60,None
0,1,0,-3,0,0,-5,-14,8,0,0,0,-1,-75,60,None
0,-7,1,-4,-2,-1,0,-8,-26,0,0,0,-1,-75,60,None
0,-3,-2,0,-1,-1,0,3,17,0,0,0,-1,-75,60,None
0,-3,-2,0,-1,-1,0,3,17,0,0,0,-1,-75,60,None
0,-3,-2,0,-1,-1,0,3,17,0,0,0,-1,-73,60,None
0,3,0,-3,-1,-2,-2,3,-6,0,0,0,-1,-73,60,None
0,-3,1,-2,-1,1,2,9,-11,0,0,0,-1,-73,60,None
0,2,0,1,-1,1,1,-4,-3,0,0,0,-1,-73,60,None
0,-1,-1,-2,-1,0,-6,-12,-9,0,0,0,-1,-73,60,None
0,-1,-1,-2,-1,0,-6,-12,-9,0,0,0,-1,-73,60,None
0,-1,-1,-2,-1,0,-6,-12,-9,0,0,0,-2,-71,58,None
0,-9,-1,-2,-2,-2,-3,-10,-3,0,0,0,-2,-71,58,None
0,8,0,0,-1,1,1,11,23,0,0,0,-2,-71,58,None
0,-11,1,-1,-2,-1,-1,-9,-21,0,0,0,-2,-71,58,None
0,3,1,-1,-2,-1,2,19,-5,0,0,0,-2,-71,58,None
0,3,1,-1,-2,-1,2,19,-5,0,0,0,-2,-71,58,None
0,3,1,-1,-2,-1,2,19,-5,0,0,0,-1,-70,56,None
0,-8,0,-1,0,2,-1,-10,1,0,0,0,-1,-70,56,None
0,0,2,1,0,-1,-2,-2,22,0,0,0,-1,-70,56,None
0,-3,-2,-4,1,2,-1,5,-27,0,0,0,-1,-70,56,None
0,13,-1,0,0,0,2,19,33,0,0,0,-1,-70,56,None
0,13,-1,0,0,0,2,19,33,0,0,0,-1,-70,56,None
0,13,-1,0,0,0,2,19,33,0,0,0,0,-71,55,None
0,-18,-2,-5,-1,-1,-4,-5,-12,0,0,0,0,-71,55,None
0,3,-2,-1,-1,1,0,4,44,0,0,0,0,-71,55,None
0,-9,-2,-3,-2,-4,-5,-1,11,0,0,0,0,-71,55,None
0,-2,1,1,-1,-2,-4,-20,-23,0,0,0,0,-71,55,None
0,-2,1,1,-1,-2,-4,-20,-23,0,0,0,0,-71,55,None
0,-2,1,1,-1,-2,-4,-20,-23,0,0,0,0,-72,56,None
0,-5,-1,-2,1,3,1,0,-18,0,0,0,0,-72,56,None
