0,-5,0,-4,14,5,-5,0,-3,1,12,9,4,-15,-3,None
0,4,-2,-25,12,1,11,-1,8,1,12,9,4,-15,-3,None
0,-1,1,6,-11,4,-7,10,-1,1,12,9,4,-15,-3,None
0,-1,1,6,-11,4,-7,10,-1,0,12,9,4,-15,-3,None
0,-1,1,6,-11,4,-7,10,-1,0,12,9,3,-15,-3,None
0,0,3,6,-3,-3,-4,-9,0,0,12,9,3,-15,-3,None
0,-1,0,-4,-4,-1,-7,8,-5,0,12,9,3,-15,-3,None
0,-2,1,7,25,20,16,-6,-1,0,12,9,3,-15,-3,None
0,-4,-1,-1,-9,-10,-17,-7,-4,0,12,9,3,-15,-3,None
0,-4,-1,-1,-9,-10,-17,-7,-4,0,12,9,3,-15,-3,None
0,-4,-1,-1,-9,-10,-17,-7,-4,0,12,9,2,-14,-3,None
0,2,3,-10,5,-2,-6,-3,-2,0,12,9,2,-14,-3,None
0,-2,1,6,-2,22,8,-2,-21,0,12,9,2,-14,-3,None
0,-1,1,-1,-10,-18,13,14,13,0,12,9,2,-14,-3,None
0,2,3,-2,3,-3,-12,-2,22,0,12,9,2,-14,-3,None
0,2,3,-2,3,-3,-12,-2,22,0,12,9,2,-14,-3,None
0,2,3,-2,3,-3,-12,-2,22,0,12,9,1,-14,-3,None
0,-5,-3,-8,13,1,-10,-10,-36,0,12,9,1,-14,-3,None
0,-3,0,2,-4,-18,-2,3,24,0,12,9,1,-14,-3,None
0,-1,-3,-19,-27,6,16,-1,-13,0,12,9,1,-14,-3,None
0,-1,0,7,0,3,-6,0,3,0,12,9,1,-14,-3,None
0,-1,0,7,0,3,-6,0,3,0,12,9,1,-14,-3,None
0,-1,0,7,0,3,-6,0,3,0,12,9,0,-14,-3,None
0,0,3,6,3,13,1,-9,2,0,12,9,0,-14,-3,None
0,1,-3,-14,-6,-23,-2,4,7,0,12,9,0,-14,-3,None
0,0,2,2,2,11,6,3,-2,0,12,9,0,-14,-3,None
0,1,4,0,-25,-19,-6,3,-22,0,12,9,0,-14,-3,None
0,1,4,0,-25,-19,-6,3,-22,0,12,8,0,-14,-3,None
0,1,4,0,-25,-19,-6,3,-22,0,12,8,0,-14,-3,None
0,-7,-11,6,-4,-1,-14,-12,8,0,12,8,0,-14,-3,None
0,0,1,-6,11,16,11,7,3,0,12,8,0,-14,-3,None
0,0,1,0,13,6,-3,-8,3,0,12,8,0,-14,-3,None
0,-2,0,-2,-5,-3,-4,-14,-43,0,12,8,0,-14,-3,None
0,-2,0,-2,-5,-3,-4,-14,-43,0,12,8,0,-14,-3,None
0,-2,0,-2,-5,-3,-4,-14,-43,0,12,8,0,-13,-3,None
0,3,5,1,-18,-2,-5,19,32,0,12,8,0,-13,-3,None
0,-4,0,-4,-3,-16,-7,2,13,0,12,8,0,-13,-3,None
0,-3,-2,11,13,17,4,-10,-8,0,12,8,0,-13,-3,None
0,0,0,-4,23,-2,0,-3,1,0,12,8,0,-13,-3,None
0,0,0,-4,23,-2,0,-3,1,17,12,8,0,-13,-3,None
0,0,0,-4,23,-2,0,-3,1,17,12,8,0,-13,-3,None
0,-2,-2,-12,-25,3,-1,2,-5,17,12,8,0,-13,-3,None
0,2,3,7,57,18,5,1,4,17,12,8,0,-13,-3,None
0,-1,2,-11,-87,-37,-17,-7,-3,17,12,8,0,-13,-3,None
0,-2,-5,-15,30,11,-2,-3,5,17,12,8,0,-13,-3,None
0,-2,-5,-15,30,11,-2,-3,5,17,12,8,0,-13,-3,None
0,-2,-5,-15,30,11,-2,-3,5,17,12,8,-1,-13,-3,None
0,-2,3,12,1,-10,0,-4,17,17,12,8,-1,-13,-3,None
0,2,0,-4,54,14,5,-10,2,17,12,8,-1,-13,-3,None
0,2,14,9,-31,8,8,19,5,17,12,8,-1,-13,-3,None
0,3,-3,-8,-9,3,2,19,8,17,12,8,-1,-13,-3,None
0,3,-3,-8,-9,3,2,19,8,17,12,8,-1,-13,-3,None
0,3,-3,-8,-9,3,2,19,8,17,12,8,-2,-13,-3,None
0,-8,1,6,7,-10,-5,-29,-23,17,12,8,-2,-13,-3,None
0,6,0,-9,-22,11,5,14,3,17,12,8,-2,-13,-3,None
0,-4,0,7,25,-3,-11,-2,8,17,12,8,-2,-13,-3,None
0,-9,2,-3,-7,4,-2,-5,6,17,12,8,-2,-13,-3,None
0,-9,2,-3,-7,4,-2,-5,6,17,12,8,-2,-13,-3,None
0,-9,2,-3,-7,4,-2,-5,6,17,12,8,-2,-12,-3,None
0,4,7,-3,-29,3,17,10,1,17,12,8,-2,-12,-3,None
0,-6,2,14,12,5,-11,-18,-27,17,12,8,-2,-12,-3,None
0,-5,-5,-7,12,3,-5,-22,2,17,12,8,-2,-12,-3,None
0,14,-9,10,-12,-10,-5,42,28,17,12,8,-2,-12,-3,None
0,14,-9,10,-12,-10,-5,42,28,17,12,8,-2,-12,-3,None
0,14,-9,10,-12,-10,-5,42,28,17,12,8,-2,-12,-3,None
0,-3,0,-10,12,3,6,0,0,17,12,8,-2,-12,-3,None
0,0,21,0,11,0,-3,-3,-10,17,12,8,-2,-12,-3,None
0,-5,-49,-21,-46,-9,-6,-3,-13,17,12,8,-2,-12,-3,None
0,-15,-5,6,16,-6,-5,-21,-7,17,12,8,-2,-12,-3,None
0,-15,-5,6,16,-6,-5,-21,-7,17,12,8,-2,-12,-3,None
0,-15,-5,6,16,-6,-5,-21,-7,17,12,8,-3,-12,-3,None
0,-1,5,-4,26,10,2,4,-1,17,12,8,-3,-12,-3,None
0,-1,-1,-5,-78,-3,-6,-5,-15,17,12,8,-3,-12,-3,None
0,-1,18,4,19,-5,-3,-19,-18,17,12,8,-3,-12,-3,None
0,8,1,-2,13,-1,1,8,15,17,12,8,-3,-12,-3,None
0,8,1,-2,13,-1,1,8,15,17,12,7,-3,-12,-3,None
0,8,1,-2,13,-1,1,8,15,17,12,7,-3,-13,-3,None
0,-6,-29,-8,-9,-7,-5,-5,-4,17,12,7,-3,-13,-3,None
0,4,14,-13,3,-6,-5,12,-7,17,12,7,-3,-13,-3,None
0,-2,-39,-4,13,-2,-5,-37,-25,17,12,7,-3,-13,-3,None
0,-8,3,-12,-32,16,14,29,21,17,12,7,-3,-13,-3,None
0,-8,3,-12,-32,16,14,29,21,17,12,7,-3,-13,-3,None
0,-8,3,-12,-32,16,14,29,21,17,12,7,-3,-12,-3,None
0,15,9,-11,14,-4,-2,11,11,17,12,7,-3,-12,-3,None
0,-9,-6,2,-19,-2,-7,-50,-6,17,12,7,-3,-12,-3,None
0,11,30,7,19,9,3,41,27,17,12,7,-3,-12,-3,None
0,52,-21,-4,0,0,0,-35,-64,17,12,7,-3,-12,-3,None
0,52,-21,-4,0,0,0,-35,-64,16,12,7,-3,-12,-3,None
0,52,-21,-4,0,0,0,-35,-64,16,12,7,-3,-12,-3,None
0,-46,-2,-5,0,1,2,33,63,16,12,7,-3,-12,-3,None
0,-6,-9,-3,-2,-8,-13,-16,-14,16,12,7,-3,-12,-3,None
0,-25,15,-8,-6,-1,7,-20,62,16,12,7,-3,-12,-3,None
0,13,-28,-8,5,3,-2,32,-3,16,12,7,-3,-12,-3,None
0,13,-28,-8,5,3,-2,32,-3,16,12,7,-3,-12,-3,None
0,13,-28,-8,5,3,-2,32,-3,16,12,7,-2,-12,-2,None
0,0,9,1,-6,-1,-1,-44,-67,16,12,7,-2,-12,-2,None
0,-7,-31,1,-12,-7,-9,-13,75,16,12,7,-2,-12,-2,None
0,55,14,11,5,-7,-2,15,-8,16,12,7,-2,-12,-2,None
0,-4,13,-4,-11,5,9,-2,63,16,12,7,-2,-12,-2,None
0,-4,13,-4,-11,5,9,-2,63,16,12,7,-2,-12,-2,None
0,-4,13,-4,-11,5,9,-2,63,16,12,7,0,-12,0,None
0,19,17,3,-7,-6,-12,12,-70,16,12,7,0,-12,0,None
0,15,7,11,-10,0,7,12,51,16,12,7,0,-12,0,None
0,-24,-3,-5,6,5,0,-18,-80,16,12,7,0,-12,0,None
0,-6,-2,0,3,-3,0,-34,-26,16,12,7,0,-12,0,None
0,-6,-2,0,3,-3,0,-34,-26,16,12,7,0,-12,0,None
0,-6,-2,0,3,-3,0,-34,-26,16,12,7,0,-15,1,None
0,25,21,2,6,10,4,11,-27,16,12,7,0,-15,1,None
0,-21,7,-7,-2,-6,-4,-9,27,16,12,7,0,-15,1,None
0,-5,1,-2,10,7,6,23,-23,16,12,7,0,-15,1,None
0,-6,7,4,-1,0,-1,8,17,16,12,7,0,-15,1,None
0,-6,7,4,-1,0,-1,8,17,16,12,7,0,-15,1,None
0,-6,7,4,-1,0,-1,8,17,16,12,7,-2,-16,-3,None
0,-14,1,0,4,4,-4,5,10,16,12,7,-2,-16,-3,None
0,-7,-40,-13,-11,-6,-7,-9,-25,16,12,7,-2,-16,-3,None
0,-19,-3,-8,3,2,-9,-24,-11,16,12,7,-2,-16,-3,None
0,-5,10,-3,0,12,14,-15,41,16,12,7,-2,-16,-3,None
0,-5,10,-3,0,12,14,-15,41,16,12,7,-2,-16,-3,None
0,-5,10,-3,0,12,14,-15,41,16,12,7,-4,-13,-4,None
0,4,-4,-10,3,-3,2,-5,3,16,12,7,-4,-13,-4,None
0,4,6,-5,6,7,10,46,22,16,12,7,-4,-13,-4,None
0,2,8,5,1,-8,-16,-23,-43,16,12,7,-4,-13,-4,None
0,-21,3,3,0,5,2,8,0,16,12,7,-4,-13,-4,None
0,-21,3,3,0,5,2,8,0,16,12,7,-4,-13,-4,None
0,-21,3,3,0,5,2,8,0,16,12,7,-4,-12,-5,None
0,-3,-2,8,-7,-4,-12,-29,-10,16,12,7,-4,-12,-5,None
0,6,8,1,2,3,2,-10,-42,16,12,7,-4,-12,-5,None
0,5,-1,4,9,12,21,62,87,16,12,7,-4,-12,-5,None
0,-12,25,-5,-5,-9,-13,-30,-43,16,12,7,-4,-12,-5,None
0,-12,25,-5,-5,-9,-13,-30,-43,16,12,7,-4,-12,-5,None
0,-12,25,-5,-5,-9,-13,-30,-43,16,12,7,-3,-13,-4,None
0,2,-8,-6,2,2,2,-25,8,16,12,7,-3,-13,-4,None
0,2,10,2,-1,-2,0,30,-15,16,12,7,-3,-13,-4,None
0,-9,-25,-5,-1,-3,-7,1,-12,16,12,7,-3,-13,-4,None
0,-8,-1,3,5,4,2,-31,24,16,12,7,-3,-13,-4,None
0,-8,-1,3,5,4,2,-31,24,16,12,7,-3,-13,-4,None
0,-8,-1,3,5,4,2,-31,24,16,12,7,-4,-14,-3,None
0,24,9,-2,-8,-6,-2,40,28,16,12,7,-4,-14,-3,None
0,18,10,3,-6,1,5,5,-46,16,12,7,-4,-14,-3,None
0,-4,2,1,-1,-4,-8,-10,-13,16,12,7,-4,-14,-3,None
0,11,34,-4,9,7,0,-7,4,16,12,7,-4,-14,-3,None
0,11,34,-4,9,7,0,-7,4,16,12,7,-4,-14,-3,None
0,11,34,-4,9,7,0,-7,4,16,12,7,-5,-13,-3,None
0,-21,-15,0,0,3,0,-16,40,16,12,7,-5,-13,-3,None
0,15,8,3,-4,-5,-7,-23,-70,16,12,7,-5,-13,-3,None
0,5,1,-1,-4,3,9,42,29,16,12,7,-5,-13,-3,None
0,-5,-3,-3,-4,-8,-12,1,-22,16,12,7,-5,-13,-3,None
0,-5,-3,-3,-4,-8,-12,1,-22,16,12,7,-5,-13,-3,None
0,-5,-3,-3,-4,-8,-12,1,-22,16,12,7,-5,-12,-3,None
0,-1,-4,-1,-1,4,1,-10,29,16,12,7,-5,-12,-3,None
0,-3,0,-5,1,0,3,0,14,16,12,7,-5,-12,-3,None
0,0,14,-5,2,-1,-7,-30,36,16,12,7,-5,-12,-3,None
0,-9,-13,-2,4,4,3,29,-37,16,12,7,-5,-12,-3,None
0,-9,-13,-2,4,4,3,29,-37,16,12,7,-5,-12,-3,None
0,-9,-13,-2,4,4,3,29,-37,16,12,7,-5,-13,-3,None
0,2,-7,-7,-1,0,1,-23,-21,16,12,7,-5,-13,-3,None
0,-9,-5,-2,1,1,-1,16,44,16,12,7,-5,-13,-3,None
0,-5,7,1,-1,0,-3,34,10,16,12,7,-5,-13,-3,None
0,-3,1,0,-8,-3,1,-1,-10,16,12,7,-5,-13,-3,None
0,-3,1,0,-8,-3,1,-1,-10,16,12,7,-5,-13,-3,None
0,-3,1,0,-8,-3,1,-1,-10,16,12,7,-5,-13,-3,None
0,-16,-7,-6,1,5,-4,-56,-3,16,12,7,-5,-13,-3,None
0,-1,4,-1,-5,-5,-7,26,-6,16,12,7,-5,-13,-3,None
0,0,-3,-2,-2,-3,-4,-24,-1,16,12,7,-5,-13,-3,None
0,-5,-3,1,-4,0,1,-1,-8,16,12,7,-5,-13,-3,None
0,-5,-3,1,-4,0,1,-1,-8,16,12,7,-5,-13,-3,None
0,-5,-3,1,-4,0,1,-1,-8,16,12,7,-5,-13,-3,None
0,-1,0,2,-2,-3,-2,-3,-17,16,12,7,-5,-13,-3,None
0,-15,-1,-7,-3,-5,-8,-32,9,16,12,7,-5,-13,-3,None
0,3,5,1,-2,-4,-11,-17,-13,16,12,7,-5,-13,-3,None
0,-12,-20,0,-3,3,6,-31,-66,16,12,7,-5,-13,-3,None
0,-12,-20,0,-3,3,6,-31,-66,16,12,7,-5,-13,-3,None
0,-12,-20,0,-3,3,6,-31,-66,16,12,7,-5,-13,-3,None
0,7,-7,-2,6,-1,-8,17,45,16,12,7,-5,-13,-3,None
0,-6,9,2,-11,9,17,50,-6,16,12,7,-5,-13,-3,None
0,-3,-9,-7,-8,-4,-3,6,-20,16,12,7,-5,-13,-3,None
0,0,4,-6,8,-4,-8,-16,10,16,12,7,-5,-13,-3,None
0,0,4,-6,8,-4,-8,-16,10,16,12,7,-5,-13,-3,None
0,0,4,-6,8,-4,-8,-16,10,16,12,7,-5,-13,-3,None
0,1,5,4,-7,-4,-9,0,-12,16,12,7,-5,-13,-3,None
0,-1,-6,0,35,7,4,3,29,16,12,7,-5,-13,-3,None
0,-1,6,-7,-33,1,-3,-44,-31,16,12,7,-5,-13,-3,None
0,1,2,-4,-40,-2,4,28,-7,16,12,7,-5,-13,-3,None
0,1,2,-4,-40,-2,4,28,-7,16,12,7,-5,-13,-3,None
0,1,2,-4,-40,-2,4,28,-7,16,12,7,-4,-13,-2,None
0,5,3,1,10,2,11,72,46,16,12,7,-4,-13,-2,None
0,-1,0,-5,12,-6,-6,-17,-8,16,12,7,-4,-13,-2,None
0,-1,6,3,-7,6,4,-8,-9,16,12,7,-4,-13,-2,None
0,3,3,-1,4,0,0,-2,10,16,12,7,-4,-13,-2,None
0,3,3,-1,4,0,0,-2,10,16,12,7,-4,-13,-2,None
0,3,3,-1,4,0,0,-2,10,16,12,7,-5,-13,-2,None
0,-3,0,9,57,8,2,0,-24,16,12,7,-5,-13,-2,None
0,-8,-8,-14,-63,-17,-14,-19,-3,16,12,7,-5,-13,-2,None
0,-1,0,4,26,12,5,-2,-7,16,12,7,-5,-13,-2,None
0,2,3,9,24,3,3,14,18,16,12,7,-5,-13,-2,None
0,2,3,9,24,3,3,14,18,16,12,7,-5,-13,-2,None
0,2,3,9,24,3,3,14,18,16,12,7,-5,-13,-3,None
0,-5,-1,-18,-76,-6,-11,-10,-15,16,12,7,-5,-13,-3,None
0,-2,4,-1,-17,0,8,-5,-16,16,12,7,-5,-13,-3,None
0,-2,0,3,-14,-6,-3,0,-5,16,12,7,-5,-13,-3,None
0,3,3,-3,-29,-20,-5,9,15,16,12,7,-5,-13,-3,None
0,3,3,-3,-29,-20,-5,9,15,16,12,7,-5,-13,-3,None
0,3,3,-3,-29,-20,-5,9,15,16,12,7,-4,-13,-3,None
0,-7,-1,0,36,27,-1,-15,-21,16,12,7,-4,-13,-3,None
0,-1,-2,-8,19,-3,-19,-11,-11,16,12,7,-4,-13,-3,None
0,1,0,-6,-27,-6,22,12,8,16,12,7,-4,-13,-3,None
0,0,0,-12,12,1,5,-2,17,16,12,7,-4,-13,-3,None
0,0,0,-12,12,1,5,-2,17,16,12,7,-4,-13,-3,None
0,0,0,-12,12,1,5,-2,17,16,12,7,-4,-13,-3,None
0,-1,2,4,-10,-44,-39,-3,-13,16,12,7,-4,-13,-3,None
0,-2,1,5,-9,39,3,-4,-3,16,12,7,-4,-13,-3,None
0,2,3,-2,41,-23,18,1,4,16,12,7,-4,-13,-3,None
0,-2,-1,-9,-6,34,7,0,0,16,12,7,-4,-13,-3,None
0,-2,-1,-9,-6,34,7,0,0,16,12,7,-4,-13,-3,None
0,-2,-1,-9,-6,34,7,0,0,16,12,7,-4,-12,-3,None
0,-3,1,-3,-5,6,-79,-18,-17,16,12,7,-4,-12,-3,None
0,0,0,12,-16,-61,6,13,0,16,12,7,-4,-12,-3,None
0,2,5,1,5,88,10,-3,3,16,12,7,-4,-12,-3,None
0,-4,-6,-8,16,-39,41,7,2,16,12,7,-4,-12,-3,None
0,-4,-6,-8,16,-39,41,7,2,16,12,7,-4,-12,-3,None
0,-4,-6,-8,16,-39,41,7,2,16,12,7,-4,-12,-4,None
0,2,-5,-20,-5,23,63,10,3,16,12,7,-4,-12,-4,None
0,-1,2,4,2,25,-18,-8,-4,16,12,7,-4,-12,-4,None
0,-1,0,-3,41,17,-11,-8,-7,16,12,7,-4,-12,-4,None
0,-3,-1,2,-26,-5,-39,3,1,16,12,7,-4,-12,-4,None
0,-3,-1,2,-26,-5,-39,3,1,16,12,7,-4,-12,-4,None
0,-3,-1,2,-26,-5,-39,3,1,16,12,7,-4,-11,-4,None
0,-4,1,4,9,20,-1,-9,-7,16,12,7,-4,-11,-4,None
0,0,2,-3,23,10,23,0,-2,16,12,7,-4,-11,-4,None
0,-5,-2,-2,-4,-27,-17,4,-1,16,12,7,-4,-11,-4,None
0,0,1,-4,2,0,-15,-7,1,16,12,7,-4,-11,-4,None
0,0,1,-4,2,0,-15,-7,1,16,12,7,-4,-11,-4,None
0,0,1,-4,2,0,-15,-7,1,16,12,7,-4,-12,-4,None
0,-1,0,2,-7,-19,17,1,-4,16,12,7,-4,-12,-4,None
0,0,-1,-3,-18,-3,-2,-10,-2,16,12,7,-4,-12,-4,None
0,-3,-2,0,-5,-11,-5,0,-1,16,12,7,-4,-12,-4,None
0,-3,0,1,3,-2,-20,-7,-2,16,12,7,-4,-12,-4,None
0,-3,0,1,3,-2,-20,-7,-2,16,12,7,-4,-12,-4,None
0,-3,0,1,3,-2,-20,-7,-2,16,12,7,-4,-13,-3,None
0,2,2,-1,-9,1,14,1,0,16,12,7,-4,-13,-3,None
0,-1,2,1,9,6,1,-1,0,16,12,7,-4,-13,-3,None
0,-1,0,-8,-4,-6,-12,-2,0,16,12,7,-4,-13,-3,None
0,-1,1,2,25,19,13,0,0,16,12,7,-4,-13,-3,None
0,-1,1,2,25,19,13,0,0,16,12,7,-4,-13,-3,None
0,-1,1,2,25,19,13,0,0,16,12,7,-3,-13,-3,None
0,-1,2,2,1,1,6,0,-5,16,12,7,-3,-13,-3,None
0,-1,2,0,12,-12,-7,0,-2,16,12,7,-3,-13,-3,None
0,-2,1,0,7,-14,-3,-1,-2,16,12,7,-3,-13,-3,None
0,-1,0,2,-1,2,-7,-4,-1,16,12,7,-3,-13,-3,None
0,-1,0,2,-1,2,-7,-4,-1,16,12,7,-3,-13,-3,None
0,-1,0,2,-1,2,-7,-4,-1,16,12,7,-3,-14,-3,None
0,-2,-3,-4,-7,-4,4,-1,-2,16,12,7,-3,-14,-3,None
0,-1,-1,-5,9,10,-2,-2,-2,16,12,7,-3,-14,-3,None
0,-2,1,-2,2,-1,-4,-2,-2,16,12,7,-3,-14,-3,None
0,-1,2,-1,0,3,-1,-3,-3,16,12,7,-3,-14,-3,None
0,-1,2,-1,0,3,-1,-3,-3,17,12,7,-3,-14,-3,None
0,-1,2,-1,0,3,-1,-3,-3,17,12,7,-3,-14,-3,None
0,-1,1,1,-2,3,0,1,0,17,12,7,-3,-14,-3,None
0,-1,-1,-8,-2,1,0,-4,-2,17,12,7,-3,-14,-3,None
0,-2,1,-2,-5,-9,3,5,3,17,12,7,-3,-14,-3,None
0,-4,-4,-2,-31,7,-5,-7,-5,17,12,7,-3,-14,-3,None
0,-4,-4,-2,-31,7,-5,-7,-5,17,12,7,-3,-14,-3,None
0,-4,-4,-2,-31,7,-5,-7,-5,17,12,7,-3,-13,-3,None
0,-3,1,1,32,-18,1,-1,-3,17,12,7,-3,-13,-3,None
0,1,1,0,-4,9,-4,-1,-2,17,12,7,-3,-13,-3,None
0,0,2,-1,-13,-2,-4,-4,-3,17,12,7,-3,-13,-3,None
0,1,1,-3,0,-5,-5,-3,0,17,12,7,-3,-13,-3,None
0,1,1,-3,0,-5,-5,-3,0,17,12,8,-3,-13,-3,None
0,1,1,-3,0,-5,-5,-3,0,17,12,8,-4,-13,-4,None
0,0,2,-1,-9,6,7,2,0,17,12,8,-4,-13,-4,None
0,-2,-1,-3,3,0,-2,-2,-1,17,12,8,-4,-13,-4,None
0,-2,-1,0,0,-2,-5,-1,-1,17,12,8,-4,-13,-4,None
0,1,3,3,1,0,1,0,-1,17,12,8,-4,-13,-4,None
0,1,3,3,1,0,1,0,-1,17,12,8,-4,-13,-4,None
0,1,3,3,1,0,1,0,-1,17,12,8,-3,-13,-4,None
0,-1,-2,-5,12,2,-4,-2,-3,17,12,8,-3,-13,-4,None
0,-3,-2,-4,-4,1,2,-2,-3,17,12,8,-3,-13,-4,None
0,-1,0,1,-14,-3,-3,-3,-2,17,12,8,-3,-13,-4,None
0,-4,0,-5,-4,-9,-9,-6,-4,17,12,8,-3,-13,-4,None
0,-4,0,-5,-4,-9,-9,-6,-4,17,12,8,-3,-13,-4,None
0,-4,0,-5,-4,-9,-9,-6,-4,17,12,8,-3,-14,-4,None
0,-1,1,-1,-10,6,11,8,7,17,12,8,-3,-14,-4,None
0,-1,0,-5,6,0,-3,-1,0,17,12,8,-3,-14,-4,None
0,0,-2,-3,-2,1,-1,-2,-2,17,12,8,-3,-14,-4,None
0,0,1,2,3,-3,-4,-1,-2,17,12,8,-3,-14,-4,None
0,0,1,2,3,-3,-4,-1,-2,17,12,8,-3,-14,-4,None
0,0,1,2,3,-3,-4,-1,-2,17,12,8,-3,-14,-4,None
0,-2,0,-2,-3,-6,-7,-4,-6,17,12,8,-3,-14,-4,None
0,-1,-1,-1,-3,3,2,2,-1,17,12,8,-3,-14,-4,None
0,1,1,1,11,1,3,-1,-1,17,12,8,-3,-14,-4,None
0,-2,0,-5,-6,4,-1,0,0,17,12,8,-3,-14,-4,None
0,-2,0,-5,-6,4,-1,0,0,17,12,8,-3,-14,-4,None
0,-2,0,-5,-6,4,-1,0,0,17,12,8,-3,-13,-4,None
0,-1,-1,-6,-10,9,0,-4,-2,17,12,8,-3,-13,-4,None
0,0,0,-4,-5,4,-4,-3,-2,17,12,8,-3,-13,-4,None
0,-3,-1,-7,-16,-25,-3,-1,-3,17,12,8,-3,-13,-4,None
0,-1,0,-4,37,9,0,-3,1,17,12,8,-3,-13,-4,None
0,-1,0,-4,37,9,0,-3,1,17,12,8,-3,-13,-4,None
0,-1,0,-4,37,9,0,-3,1,17,12,8,-3,-13,-4,None
0,0,1,2,-5,0,2,-1,-1,17,12,8,-3,-13,-4,None
0,-1,1,2,14,1,-2,-2,-1,17,12,8,-3,-13,-4,None
0,-1,1,-2,-13,5,-2,0,-1,17,12,8,-3,-13,-4,None
0,-4,-2,-4,9,5,-3,-2,-3,17,12,8,-3,-13,-4,None
0,-4,-2,-4,9,5,-3,-2,-3,17,12,8,-3,-13,-4,None
0,-4,-2,-4,9,5,-3,-2,-3,17,12,8,-2,-13,-4,None
0,2,0,-2,-12,-11,-4,-1,-2,17,12,8,-2,-13,-4,None
0,-1,0,0,19,1,0,-4,-2,17,12,8,-2,-13,-4,None
0,0,0,0,7,-3,4,1,1,17,12,8,-2,-13,-4,None
0,-1,0,0,-3,6,0,-1,-2,17,12,8,-2,-13,-4,None
0,-1,0,0,-3,6,0,-1,-2,17,12,8,-2,-13,-4,None
0,-1,0,0,-3,6,0,-1,-2,17,12,8,-2,-13,-4,None
0,-2,2,-2,-19,0,-7,-1,-2,17,12,8,-2,-13,-4,None
0,-1,-1,3,18,-3,1,-3,-1,17,12,8,-2,-13,-4,None
0,0,1,2,28,13,-1,-4,-3,17,12,8,-2,-13,-4,None
0,-1,0,-2,-20,-9,3,3,0,17,12,8,-2,-13,-4,None
0,-1,0,-2,-20,-9,3,3,0,17,12,8,-2,-13,-4,None
0,-1,0,-2,-20,-9,3,3,0,17,12,8,-1,-14,-4,None
0,-4,-2,-3,-4,7,1,0,-2,17,12,8,-1,-14,-4,None
0,-3,0,1,-2,4,-2,-3,0,17,12,8,-1,-14,-4,None
0,0,2,3,-3,-18,-6,-2,-1,17,12,8,-1,-14,-4,None
0,-2,-1,3,23,9,1,0,-2,17,12,8,-1,-14,-4,None
0,-2,-1,3,23,9,1,0,-2,17,12,8,-1,-14,-4,None
0,-2,-1,3,23,9,1,0,-2,17,12,8,0,-14,-4,None
0,0,2,2,1,-10,-2,-2,-1,17,12,8,0,-14,-4,None
0,-1,1,1,-17,-19,-4,-1,-1,17,12,8,0,-14,-4,None
0,-2,-2,6,6,16,1,-1,-3,17,12,8,0,-14,-4,None
0,-1,-2,1,-28,-1,-4,-3,-1,17,12,8,0,-14,-4,None
0,-1,-2,1,-28,-1,-4,-3,-1,0,12,8,0,-14,-4,None
0,-1,-2,1,-28,-1,-4,-3,-1,0,12,8,0,-14,-4,None
0,-1,-1,2,-12,-6,-1,-2,-2,0,12,8,0,-14,-4,None
0,-2,0,9,1,13,-6,-3,-3,0,12,8,0,-14,-4,None
0,0,-1,2,-49,-8,3,-1,-2,0,12,8,0,-14,-4,None
0,0,2,12,49,-7,-1,-1,-1,0,12,8,0,-14,-4,None
0,0,2,12,49,-7,-1,-1,-1,0,12,8,0,-14,-4,None
0,0,2,12,49,-7,-1,-1,-1,0,12,8,0,-14,-4,None
0,-2,-1,6,7,-3,-5,-1,-2,0,12,8,0,-14,-4,None
0,-4,-3,1,-19,6,0,-6,-5,0,12,8,0,-14,-4,None
0,0,0,-6,-17,25,2,3,1,0,12,8,0,-14,-4,None
0,-3,-1,-11,0,-17,-5,-4,-3,0,12,8,0,-14,-4,None
0,-3,-1,-11,0,-17,-5,-4,-3,0,12,8,0,-14,-4,None
0,-3,-1,-11,0,-17,-5,-4,-3,0,12,8,0,-13,-5,None
0,0,2,-12,-15,-13,7,2,1,0,12,8,0,-13,-5,None
0,-1,0,-16,-10,-7,-5,1,-2,0,12,8,0,-13,-5,None
0,-2,-2,-17,20,-4,-7,-5,-3,0,12,8,0,-13,-5,None
0,0,2,-8,31,33,1,-2,1,0,12,8,0,-13,-5,None
0,0,2,-8,31,33,1,-2,1,0,12,8,0,-13,-5,None
0,0,2,-8,31,33,1,-2,1,0,12,8,1,-14,-4,None
0,0,1,-9,-12,-4,-5,-4,-2,0,12,8,1,-14,-4,None
0,1,-1,-12,-4,-22,0,-1,6,0,12,8,1,-14,-4,None
0,-4,-3,-11,-32,0,1,-1,-4,0,12,8,1,-14,-4,None
0,-2,-3,-7,0,-13,-8,1,-3,0,12,8,1,-14,-4,None
0,-2,-3,-7,0,-13,-8,1,-3,0,12,8,1,-14,-4,None
0,-2,-3,-7,0,-13,-8,1,-3,0,12,8,2,-14,-2,None
0,1,2,0,13,12,-4,-1,2,0,12,8,2,-14,-2,None
0,2,5,3,22,-15,2,0,-1,0,12,8,2,-14,-2,None
0,-2,-1,-5,19,17,-2,-6,2,0,12,8,2,-14,-2,None
0,3,4,-9,-50,-15,1,5,5,0,12,8,2,-14,-2,None
0,3,4,-9,-50,-15,1,5,5,0,12,9,2,-14,-2,None
0,3,4,-9,-50,-15,1,5,5,0,12,9,3,-14,-2,None
0,-3,-2,-6,63,37,8,-1,-5,0,12,9,3,-14,-2,None
0,0,1,-9,-2,-1,2,4,1,0,12,9,3,-14,-2,None
0,1,1,-2,30,-10,-2,-4,0,0,12,9,3,-14,-2,None
0,-3,-1,-9,-52,1,-6,-7,-6,0,12,9,3,-14,-2,None
0,-3,-1,-9,-52,1,-6,-7,-6,0,12,9,3,-14,-2,None
0,-3,-1,-9,-52,1,-6,-7,-6,0,12,9,3,-15,-3,None
0,1,1,-2,-6,5,0,-2,-1,0,12,9,3,-15,-3,None
0,-2,-2,-2,61,1,3,-3,-5,0,12,9,3,-15,-3,None
0,-1,1,0,-32,5,2,3,0,0,12,9,3,-15,-3,None
0,-2,-2,-3,38,38,0,-2,-1,0,12,9,3,-15,-3,None
0,-2,-2,-3,38,38,0,-2,-1,0,12,9,3,-15,-3,None
0,-2,-2,-3,38,38,0,-2,-1,0,12,9,4,-17,-3,None
0,-1,0,-3,0,-15,-7,-6,-2,0,12,9,4,-17,-3,None
0,-2,1,11,-14,-8,3,3,-4,0,12,9,4,-17,-3,None
0,-1,0,1,20,2,-4,-1,-1,0,12,9,4,-17,-3,None
0,1,2,7,-44,-3,-1,-2,1,0,12,9,4,-17,-3,None
0,1,2,7,-44,-3,-1,-2,1,1,12,9,4,-17,-3,None
0,1,2,7,-44,-3,-1,-2,1,1,12,9,4,-16,-2,None
0,-2,5,15,57,23,5,2,2,1,12,9,4,-16,-2,None
0,-3,0,-5,35,-4,1,2,-7,1,12,9,4,-16,-2,None
0,0,-6,-22,-3,-26,-2,-3,-3,1,12,9,4,-16,-2,None
0,-1,3,5,25,9,1,2,-1,1,12,9,4,-16,-2,None
0,-1,3,5,25,9,1,2,-1,1,12,9,4,-16,-2,None
0,-1,3,5,25,9,1,2,-1,1,12,9,4,-13,-3,None
0,-3,-3,-4,21,-31,-13,-8,-4,1,12,9,4,-13,-3,None
0,2,1,-7,-26,32,1,-1,1,1,12,9,4,-13,-3,None
0,-2,3,6,-43,-30,-10,-2,-1,1,12,9,4,-13,-3,None
0,-3,-4,-12,-90,-29,9,3,-2,1,12,9,4,-13,-3,None
0,-3,-4,-12,-90,-29,9,3,-2,1,12,9,4,-13,-3,None
0,-3,-4,-12,-90,-29,9,3,-2,1,12,9,4,-12,-3,None
0,0,0,3,13,21,3,-1,1,1,12,9,4,-12,-3,None
0,-2,4,5,47,2,3,1,0,1,12,9,4,-12,-3,None
0,-4,-8,-15,-63,32,-21,-16,-4,1,12,9,4,-12,-3,None
0,0,1,4,-15,-54,-4,1,3,1,12,9,4,-12,-3,None
0,0,1,4,-15,-54,-4,1,3,1,12,9,4,-12,-3,None
0,0,1,4,-15,-54,-4,1,3,1,12,9,5,-13,-3,None
0,-1,4,14,40,67,11,8,1,1,12,9,5,-13,-3,None
0,2,0,-14,22,14,1,-4,3,1,12,9,5,-13,-3,None
0,0,4,14,56,37,2,3,4,1,12,9,5,-13,-3,None
0,3,2,-1,30,-36,1,0,2,1,12,9,5,-13,-3,None
0,3,2,-1,30,-36,1,0,2,1,12,9,5,-13,-3,None
0,3,2,-1,30,-36,1,0,2,1,12,9,6,-13,-3,None
0,-2,-1,-18,-29,-32,-5,-7,-2,1,12,9,6,-13,-3,None
0,0,0,2,21,-21,0,2,1,1,12,9,6,-13,-3,None
0,-3,-1,5,-6,82,-4,-10,0,1,12,9,6,-13,-3,None
0,-6,-3,-8,-3,-54,-5,0,-11,1,12,9,6,-13,-3,None
0,-6,-3,-8,-3,-54,-5,0,-11,1,12,9,6,-13,-3,None
0,-6,-3,-8,-3,-54,-5,0,-11,1,12,9,6,-13,-4,None
0,-2,0,-5,-11,-18,-7,-9,-4,1,12,9,6,-13,-4,None
0,-6,-4,-9,-58,-26,-6,0,-16,1,12,9,6,-13,-4,None
0,5,8,20,25,47,15,6,10,1,12,9,6,-13,-4,None
0,-4,-1,-9,35,-34,-3,-5,-14,1,12,9,6,-13,-4,None
0,-4,-1,-9,35,-34,-3,-5,-14,1,12,9,6,-13,-4,None
0,-4,-1,-9,35,-34,-3,-5,-14,1,12,9,7,-12,-3,None
0,-2,-6,-4,57,9,-2,-4,-6,1,12,9,7,-12,-3,None
0,-2,-2,-4,-94,-16,-8,-1,1,1,12,9,7,-12,-3,None
0,-6,-1,0,10,-67,5,5,-6,1,12,9,7,-12,-3,None
0,7,4,1,47,80,1,-2,5,1,12,9,7,-12,-3,None
0,7,4,1,47,80,1,-2,5,1,12,9,7,-12,-3,None
0,7,4,1,47,80,1,-2,5,1,12,9,7,-11,-3,None
0,0,1,0,-70,21,-4,-2,2,1,12,9,7,-11,-3,None
0,-3,-1,-2,9,-10,-6,-7,-5,1,12,9,7,-11,-3,None
0,-2,0,-10,47,-4,0,2,0,1,12,9,7,-11,-3,None
0,-4,-2,-3,21,63,-1,-3,0,1,12,9,7,-11,-3,None
0,-4,-2,-3,21,63,-1,-3,0,1,12,9,7,-11,-3,None
0,-4,-2,-3,21,63,-1,-3,0,1,12,9,7,-11,-3,None
0,-6,-4,-12,-92,-56,-5,-2,-9,1,12,9,7,-11,-3,None
0,5,3,5,11,24,0,-12,6,1,12,9,7,-11,-3,None
0,1,4,-1,5,16,3,12,-5,1,12,9,7,-11,-3,None
0,-4,-6,-12,12,38,-5,-8,0,1,12,9,7,-11,-3,None
0,-4,-6,-12,12,38,-5,-8,0,1,12,9,7,-11,-3,None
0,-4,-6,-12,12,38,-5,-8,0,1,12,9,8,-11,-3,None
0,-7,1,9,10,-7,-2,-4,-10,1,12,9,8,-11,-3,None
0,-4,-8,9,-10,-10,-2,1,3,1,12,9,8,-11,-3,None
0,0,11,-25,19,-24,2,0,-6,1,12,9,8,-11,-3,None
0,8,9,8,15,-12,-1,-1,2,1,12,9,8,-11,-3,None
0,8,9,8,15,-12,-1,-1,2,1,12,9,8,-11,-3,None
0,8,9,8,15,-12,-1,-1,2,1,12,9,8,-12,-3,None
0,-4,-23,-5,-14,-9,1,3,6,1,12,9,8,-12,-3,None
0,-1,-2,-2,25,35,5,-1,-3,1,12,9,8,-12,-3,None
0,1,15,0,-50,-30,1,-3,-4,1,12,9,8,-12,-3,None
0,-5,-3,0,-5,5,-1,-7,-7,1,12,9,8,-12,-3,None
0,-5,-3,0,-5,5,-1,-7,-7,1,12,9,8,-12,-3,None
0,-5,-3,0,-5,5,-1,-7,-7,1,12,9,9,-13,-2,None
0,6,14,-4,19,-23,0,4,4,1,12,9,9,-13,-2,None
0,-6,3,-2,-5,47,2,-1,-1,1,12,9,9,-13,-2,None
0,-2,-6,-2,15,5,-7,-7,-2,1,12,9,9,-13,-2,None
0,-1,7,-1,-41,-30,5,0,-2,1,12,9,9,-13,-2,None
0,-1,7,-1,-41,-30,5,0,-2,1,12,9,9,-13,-2,None
0,-1,7,-1,-41,-30,5,0,-2,1,12,9,8,-12,-3,None
0,0,3,3,17,56,-4,-3,-4,1,12,9,8,-12,-3,None
0,0,1,-11,-11,-6,-4,-1,0,1,12,9,8,-12,-3,None
0,-2,-4,0,-29,-39,1,3,-2,1,12,9,8,-12,-3,None
0,0,9,-3,4,12,1,-4,-1,1,12,9,8,-12,-3,None
0,0,9,-3,4,12,1,-4,-1,1,12,9,8,-12,-3,None
0,0,9,-3,4,12,1,-4,-1,1,12,9,8,-15,-2,None
0,-9,-35,1,6,-2,3,1,-3,1,12,9,8,-15,-2,None
0,3,1,2,-4,17,-1,2,3,1,12,9,8,-15,-2,None
0,-3,-3,1,-8,-58,-6,-4,-1,1,12,9,8,-15,-2,None
0,-1,-9,1,-11,-12,-5,-1,0,1,12,9,8,-15,-2,None
0,-1,-9,1,-11,-12,-5,-1,0,1,12,9,8,-15,-2,None
0,-1,-9,1,-11,-12,-5,-1,0,1,12,9,8,-15,-1,None
0,2,15,-2,8,1,4,5,1,1,12,9,8,-15,-1,None
0,0,4,-8,-62,-66,-5,-3,-4,1,12,9,8,-15,-1,None
0,-4,-11,-1,27,26,-4,-5,-2,1,12,9,8,-15,-1,None
0,-2,16,0,11,18,3,1,-1,1,12,9,8,-15,-1,None
0,-2,16,0,11,18,3,1,-1,1,12,9,8,-15,-1,None
0,-2,16,0,11,18,3,1,-1,1,12,9,7,-13,0,None
0,2,7,0,-28,-50,-3,-3,0,1,12,9,7,-13,0,None
0,-1,-1,2,22,20,-1,-2,-3,1,12,9,7,-13,0,None
0,-1,3,0,-10,-2,2,1,0,1,12,9,7,-13,0,None
0,-2,-2,-1,-49,-2,-2,-2,1,1,12,9,7,-13,0,None
0,-2,-2,-1,-49,-2,-2,-2,1,1,12,9,7,-13,0,None
0,-2,-2,-1,-49,-2,-2,-2,1,1,12,9,7,-11,0,None
0,-1,7,-3,-18,-5,2,0,-3,1,12,9,7,-11,0,None
0,-1,-5,-1,-11,-9,-1,0,-2,1,12,9,7,-11,0,None
0,1,7,-1,22,6,-3,-2,0,1,12,9,7,-11,0,None
0,-3,-6,-1,19,11,-2,-2,-2,1,12,9,7,-11,0,None
0,-3,-6,-1,19,11,-2,-2,-2,1,12,9,7,-11,0,None
0,-3,-6,-1,19,11,-2,-2,-2,1,12,9,8,-12,0,None
0,1,2,2,-9,-16,2,-1,3,1,12,9,8,-12,0,None
0,-4,-2,-10,6,17,-6,-3,-3,1,12,9,8,-12,0,None
0,0,-4,2,19,15,1,-1,0,1,12,9,8,-12,0,None
0,0,0,2,16,0,0,1,-1,1,12,9,8,-12,0,None
0,0,0,2,16,0,0,1,-1,1,12,9,8,-12,0,None
0,0,0,2,16,0,0,1,-1,1,12,9,8,-12,0,None
0,4,29,0,11,-9,-1,-1,0,1,12,9,8,-12,0,None
0,-5,-29,-6,28,45,1,-2,-1,1,12,9,8,-12,0,None
0,3,0,1,-11,6,1,0,-3,1,12,9,8,-12,0,None
0,-2,-9,2,8,-7,0,1,-1,1,12,9,8,-12,0,None
0,-2,-9,2,8,-7,0,1,-1,1,12,9,8,-12,0,None
0,-2,-9,2,8,-7,0,1,-1,1,12,9,9,-12,-1,None
0,0,3,-8,-16,6,-3,-3,-1,1,12,9,9,-12,-1,None
0,2,13,0,-5,-18,-1,-1,1,1,12,9,9,-12,-1,None
0,-2,-3,-4,-2,1,-2,-3,-2,1,12,9,9,-12,-1,None
0,-1,1,-2,-18,-13,-3,-2,-1,1,12,9,9,-12,-1,None
0,-1,1,-2,-18,-13,-3,-2,-1,1,12,9,9,-12,-1,None
0,-1,1,-2,-18,-13,-3,-2,-1,1,12,9,9,-12,-1,None
0,3,13,-6,27,46,-1,-4,-5,1,12,9,9,-12,-1,None
0,-1,2,-2,-24,-18,-2,-1,-1,1,12,9,9,-12,-1,None
0,-1,-4,0,4,6,2,-2,-1,1,12,9,9,-12,-1,None
0,1,3,-1,4,-1,-2,0,-1,1,12,9,9,-12,-1,None
0,1,3,-1,4,-1,-2,0,-1,1,12,9,9,-12,-1,None
0,1,3,-1,4,-1,-2,0,-1,1,12,9,9,-12,-1,None
0,-3,-2,-4,-10,2,-3,-2,-1,1,12,9,9,-12,-1,None
0,1,1,1,8,3,0,0,0,1,12,9,9,-12,-1,None
0,0,3,-4,-10,-1,-2,-1,-2,1,12,9,9,-12,-1,None
0,0,0,-3,7,5,-1,-1,-1,1,12,9,9,-12,-1,None
0,0,0,-3,7,5,-1,-1,-1,1,12,9,9,-12,-1,None
0,0,0,-3,7,5,-1,-1,-1,1,12,9,8,-12,-1,None
0,-4,-7,-3,4,-3,-2,-3,-4,1,12,9,8,-12,-1,None
0,9,25,-5,-6,-17,-1,1,-1,1,12,9,8,-12,-1,None
0,-5,-37,-2,-26,0,-4,-5,-4,1,12,9,8,-12,-1,None
0,-2,-1,0,10,3,-2,-2,-2,1,12,9,8,-12,-1,None
0,-2,-1,0,10,3,-2,-2,-2,1,12,9,8,-12,-1,None
0,-2,-1,0,10,3,-2,-2,-2,1,12,9,8,-12,-1,None
0,-1,-6,-1,-3,3,-1,0,-1,1,12,9,8,-12,-1,None
0,-1,7,2,1,-10,0,-1,-2,1,12,9,8,-12,-1,None
0,1,14,-2,-1,-7,-1,0,-1,1,12,9,8,-12,-1,None
0,-1,-2,-3,1,1,-1,-1,-1,1,12,9,8,-12,-1,None
0,-1,-2,-3,1,1,-1,-1,-1,1,12,9,8,-12,-1,None
0,-1,-2,-3,1,1,-1,-1,-1,1,12,9,7,-12,-1,None
0,-3,-7,-4,-12,1,-2,-2,-1,1,12,9,7,-12,-1,None
0,-2,0,0,0,4,-2,-2,-1,1,12,9,7,-12,-1,None
0,0,5,-1,1,-2,-2,-1,0,1,12,9,7,-12,-1,None
0,-4,-2,-2,-1,11,2,0,-3,1,12,9,7,-12,-1,None
0,-4,-2,-2,-1,11,2,0,-3,1,12,9,7,-12,-1,None
0,-4,-2,-2,-1,11,2,0,-3,1,12,9,8,-12,-1,None
0,0,2,-3,-4,-4,-1,-2,0,1,12,9,8,-12,-1,None
0,-5,-5,0,-7,5,2,1,-4,1,12,9,8,-12,-1,None
0,-5,-5,0,-7,5,2,1,-4,1,12,9,8,-12,-1,None
0,-5,-5,0,-7,5,2,1,-4,1,12,9,8,-12,-2,None
0,4,3,-3,19,-8,0,0,1,1,12,9,8,-12,-2,None
0,-5,8,-4,13,6,-4,-3,-4,1,12,9,8,-12,-2,None
0,-2,-2,-2,-5,6,1,-1,-2,1,12,9,8,-12,-2,None
0,-2,-3,-1,2,8,-1,-3,-2,1,12,9,8,-12,-2,None
0,0,0,-3,-3,0,0,-1,-1,1,12,9,8,-12,-2,None
0,0,-1,-2,-3,-7,-1,0,1,1,12,9,8,-12,-2,None
0,0,-1,-2,-3,-7,-1,0,1,1,12,9,8,-12,-2,None
0,0,-1,-2,-3,-7,-1,0,1,1,12,9,8,-12,-2,None
0,-1,-2,-4,-4,-6,-3,-2,-1,1,12,9,8,-12,-2,None
0,-1,0,-2,-1,2,-2,-2,-2,1,12,9,8,-12,-2,None
0,-2,7,0,3,-2,-1,-1,-2,1,12,9,8,-12,-2,None
0,0,-1,-2,-5,0,-1,-1,-2,1,12,9,8,-12,-2,None
0,0,-1,-2,-5,0,-1,-1,-2,1,12,9,8,-12,-2,None
0,0,-1,-2,-5,0,-1,-1,-2,1,12,9,8,-12,-2,None
0,-4,-3,-1,-5,-2,-1,-1,-2,1,12,9,8,-12,-2,None
0,2,15,-4,-1,8,0,-1,-2,1,12,9,8,-12,-2,None
0,2,15,-4,-1,8,0,-1,-2,1,12,9,8,-12,-2,None
0,2,15,-4,-1,8,0,-1,-2,1,12,9,8,-12,-2,None
0,-4,-8,5,15,7,1,-1,-2,1,12,9,8,-12,-2,None
0,0,-2,-4,-37,-13,-2,-1,-1,1,12,9,8,-12,-2,None
0,-1,-4,0,20,16,1,-1,-2,1,12,9,8,-12,-2,None
0,-2,4,-2,-15,-2,-2,-3,-2,1,12,9,8,-12,-2,None
0,-2,4,-2,-15,-2,-2,-3,-2,1,12,9,8,-12,-2,None
0,-2,4,-2,-15,-2,-2,-3,-2,1,12,9,8,-12,-2,None
0,-1,4,-4,-4,0,-3,-1,-1,1,12,9,8,-12,-2,None
0,-2,-1,0,7,0,0,-2,-1,1,12,9,8,-12,-2,None
0,0,2,1,0,-5,-1,0,0,1,12,9,8,-12,-2,None
0,-1,-5,-2,-3,-3,-1,-1,0,1,12,9,8,-12,-2,None
0,-1,-5,-2,-3,-3,-1,-1,0,1,12,9,8,-12,-2,None
0,-1,-5,-2,-3,-3,-1,-1,0,1,12,9,8,-12,-2,None
0,-2,3,-3,0,3,-1,-1,-1,1,12,9,8,-12,-2,None
0,1,-2,-1,4,3,0,0,-2,1,12,9,8,-12,-2,None
0,-1,1,-3,-10,-3,-2,-3,-1,1,12,9,8,-12,-2,None
0,-3,-5,-1,6,1,-2,-2,-2,1,12,9,8,-12,-2,None
0,-3,-5,-1,6,1,-2,-2,-2,1,12,9,8,-12,-2,None
0,-3,-5,-1,6,1,-2,-2,-2,1,12,9,8,-12,-2,None
0,-4,22,-3,-10,-1,-1,-2,0,1,12,9,8,-12,-2,None
0,-2,-1,1,12,9,2,-1,-1,1,12,9,8,-12,-2,None
0,-1,0,-3,-7,-2,-2,-1,-2,1,12,9,8,-12,-2,None
0,-2,-9,-2,-5,-6,-2,-3,-4,1,12,9,8,-12,-2,None
0,-2,-9,-2,-5,-6,-2,-3,-4,1,12,9,8,-12,-2,None
0,-2,-9,-2,-5,-6,-2,-3,-4,1,12,9,8,-12,-1,None
0,0,6,-1,-1,4,-1,-1,-1,1,12,9,8,-12,-1,None
0,0,2,-3,-3,0,-2,-1,-1,1,12,9,8,-12,-1,None
0,0,-2,-3,-4,-9,-3,-2,-1,1,12,9,8,-12,-1,None
0,0,3,1,-5,4,-2,-1,0,1,12,9,8,-12,-1,None
0,0,3,1,-5,4,-2,-1,0,1,12,9,8,-12,-1,None
0,0,3,1,-5,4,-2,-1,0,1,12,9,8,-12,-1,None
0,0,-5,-3,8,-8,1,0,-3,1,12,9,8,-12,-1,None
0,-1,-2,-2,-5,18,-1,-2,-1,1,12,9,8,-12,-1,None
0,-2,-3,-1,-5,0,0,0,-2,1,12,9,8,-12,-1,None
0,0,14,-1,-3,-2,-1,-1,-1,1,12,9,8,-12,-1,None
0,0,14,-1,-3,-2,-1,-1,-1,1,12,9,8,-12,-1,None
0,0,14,-1,-3,-2,-1,-1,-1,1,12,9,8,-12,-1,None
0,-1,-13,-2,-6,-1,-2,-1,-2,1,12,9,8,-12,-1,None
0,-1,-4,-2,4,-8,-2,-3,0,1,12,9,8,-12,-1,None
0,1,4,0,-1,0,-1,-2,-1,1,12,9,8,-12,-1,None
0,-1,2,-2,1,2,-1,0,-2,1,12,9,8,-12,-1,None
0,-1,2,-2,1,2,-1,0,-2,1,12,9,8,-12,-1,None
0,-1,2,-2,1,2,-1,0,-2,1,12,9,8,-12,-1,None
0,-2,-5,-2,-2,-3,-1,-3,0,1,12,9,8,-12,-1,None
0,1,4,-4,-7,-12,1,0,0,1,12,9,8,-12,-1,None
0,-5,-3,2,7,17,-5,-3,-2,1,12,9,8,-12,-1,None
0,6,-5,-2,-2,0,1,-1,0,1,12,9,8,-12,-1,None
0,6,-5,-2,-2,0,1,-1,0,1,12,9,8,-12,-1,None
0,6,-5,-2,-2,0,1,-1,0,1,12,9,8,-12,-2,None
0,0,-1,-2,-4,-1,-1,-1,-1,1,12,9,8,-12,-2,None
0,-3,-1,-1,2,-5,-2,-1,-2,1,12,9,8,-12,-2,None
0,0,3,-4,-4,-10,-1,-1,0,1,12,9,8,-12,-2,None
0,-4,-5,-2,5,1,-1,-2,-2,1,12,9,8,-12,-2,None
0,-4,-5,-2,5,1,-1,-2,-2,1,12,9,8,-12,-2,None
0,-4,-5,-2,5,1,-1,-2,-2,1,12,9,8,-12,-1,None
0,-3,2,-1,-1,5,-2,-2,-3,1,12,9,8,-12,-1,None
0,0,5,0,-3,0,-1,-1,-1,1,12,9,8,-12,-1,None
0,4,-4,-5,-3,1,-1,-2,-2,1,12,9,8,-12,-1,None
0,-4,2,4,12,3,-1,-2,-2,1,12,9,8,-12,-1,None
0,-4,2,4,12,3,-1,-2,-2,1,12,9,8,-12,-1,None
0,-4,2,4,12,3,-1,-2,-2,1,12,9,8,-12,-2,None
0,0,4,1,5,3,-1,-1,0,1,12,9,8,-12,-2,None
0,-3,-2,-1,-13,6,-1,-1,-3,1,12,9,8,-12,-2,None
0,-1,-1,-3,-3,-6,-1,-2,-1,1,12,9,8,-12,-2,None
0,-1,-3,-5,0,-6,-1,-1,-2,1,12,9,8,-12,-2,None
0,-1,-3,-5,0,-6,-1,-1,-2,1,12,9,8,-12,-2,None
0,-1,-3,-5,0,-6,-1,-1,-2,1,12,9,8,-12,-1,None
0,0,1,-1,-2,-1,0,-1,-2,1,12,9,8,-12,-1,None
0,-1,-1,-1,6,5,-1,-2,-1,1,12,9,8,-12,-1,None
0,0,13,0,0,0,0,-1,-1,1,12,9,8,-12,-1,None
0,-2,-12,-4,-5,-4,-1,-1,-1,1,12,9,8,-12,-1,None
0,-2,-12,-4,-5,-4,-1,-1,-1,1,12,9,8,-12,-1,None
0,-2,-12,-4,-5,-4,-1,-1,-1,1,12,9,8,-12,-1,None
0,-2,-1,-2,2,2,-1,-1,-1,1,12,9,8,-12,-1,None
0,-2,0,-1,7,-1,-2,-1,-1,1,12,9,8,-12,-1,None
0,-4,-3,-2,3,5,-2,-3,-4,1,12,9,8,-12,-1,None
0,-2,7,1,-10,-9,-3,-2,-2,1,12,9,8,-12,-1,None
0,-2,7,1,-10,-9,-3,-2,-2,1,12,9,8,-12,-1,None
0,-2,7,1,-10,-9,-3,-2,-2,1,12,9,8,-12,-1,None
0,-2,-1,-4,-10,4,1,-1,-1,1,12,9,8,-12,-1,None
0,-2,-5,-2,2,1,-2,-1,-1,1,12,9,8,-12,-1,None
0,1,6,-1,1,-5,-1,-1,-1,1,12,9,8,-12,-1,None
0,-1,2,-1,3,3,-2,0,-1,1,12,9,8,-12,-1,None
0,-1,2,-1,3,3,-2,0,-1,1,12,9,8,-12,-1,None
0,-1,2,-1,3,3,-2,0,-1,1,12,9,8,-12,-1,None
0,0,-1,-2,-5,0,-1,-1,-1,1,12,9,8,-12,-1,None
0,0,3,-3,-1,-5,-1,-2,0,1,12,9,8,-12,-1,None
0,0,-3,-4,-2,0,1,-1,-3,1,12,9,8,-12,-1,None
0,-2,1,-3,15,-10,-3,-2,-2,1,12,9,8,-12,-1,None
0,-2,1,-3,15,-10,-3,-2,-2,1,12,9,8,-12,-1,None
0,-2,1,-3,15,-10,-3,-2,-2,1,12,9,8,-12,-2,None
0,-1,-2,8,-20,32,0,-3,-1,1,12,9,8,-12,-2,None
0,-4,-2,-7,25,9,-1,-4,-3,1,12,9,8,-12,-2,None
0,-2,-3,-1,-10,2,0,-2,-2,1,12,9,8,-12,-2,None
0,-1,-2,-3,-5,-2,-1,-2,0,1,12,9,8,-12,-2,None
0,-1,-2,-3,-5,-2,-1,-2,0,1,12,9,8,-12,-2,None
0,-1,-2,-3,-5,-2,-1,-2,0,1,12,9,8,-12,-1,None
0,0,6,-1,7,-13,-3,1,-1,1,12,9,8,-12,-1,None
0,0,3,1,-4,-4,-1,-1,-1,1,12,9,8,-12,-1,None
0,-3,-3,-3,-3,2,-1,0,-1,1,12,9,8,-12,-1,None
0,-2,1,-1,3,2,0,-1,-2,1,12,9,8,-12,-1,None
0,-2,1,-1,3,2,0,-1,-2,1,12,9,8,-12,-1,None
0,-2,1,-1,3,2,0,-1,-2,1,12,9,8,-12,-1,None
0,0,0,-3,3,-5,-3,-2,-1,1,12,9,8,-12,-1,None
0,-3,-2,0,-9,3,-1,-2,-2,1,12,9,8,-12,-1,None
0,1,-7,-4,0,-5,-1,1,-1,1,12,9,8,-12,-1,None
0,-2,19,-3,0,8,-2,0,-2,1,12,9,8,-12,-1,None
0,-2,19,-3,0,8,-2,0,-2,1,12,9,8,-12,-1,None
0,-2,19,-3,0,8,-2,0,-2,1,12,9,8,-12,-1,None
0,-4,-13,0,14,7,1,-1,-1,1,12,9,8,-12,-1,None
0,-2,-4,-2,0,-6,-1,0,-2,1,12,9,8,-12,-1,None
0,-1,1,0,0,-1,-1,-2,-1,1,12,9,8,-12,-1,None
0,-1,0,-2,-4,1,-2,-1,-1,1,12,9,8,-12,-1,None
0,-1,0,-2,-4,1,-2,-1,-1,1,12,9,8,-12,-1,None
0,-1,0,-2,-4,1,-2,-1,-1,1,12,9,8,-12,-1,None
0,-1,3,-4,0,-3,-3,-2,-2,1,12,9,8,-12,-1,None
0,0,3,-1,0,2,-1,-1,-1,1,12,9,8,-12,-1,None
0,-2,0,-2,-1,1,0,0,0,1,12,9,8,-12,-1,None
0,0,-5,-1,-1,-1,1,0,-2,1,12,9,8,-12,-1,None
0,0,-5,-1,-1,-1,1,0,-2,1,12,9,8,-12,-1,None
0,0,-5,-1,-1,-1,1,0,-2,1,12,9,8,-12,-1,None
0,-1,2,-5,2,-5,-1,-1,-2,1,12,9,8,-12,-1,None
0,2,7,-3,-12,-3,-1,-2,-1,1,12,9,8,-12,-1,None
0,-9,-22,-3,-9,1,-2,-2,-3,1,12,9,8,-12,-1,None
0,-2,-5,-1,7,2,-2,-1,-1,1,12,9,8,-12,-1,None
0,-2,-5,-1,7,2,-2,-1,-1,1,12,9,8,-12,-1,None
0,-2,-5,-1,7,2,-2,-1,-1,1,12,9,8,-12,-1,None
0,-1,2,-3,-6,-17,-3,-2,-2,1,12,9,8,-12,-1,None
0,-1,-3,-2,2,9,-1,-2,-2,1,12,9,8,-12,-1,None
0,0,8,-1,6,-1,-1,-1,-1,1,12,9,8,-12,-1,None
0,0,-1,-3,-4,3,1,0,-3,1,12,9,8,-12,-1,None
0,0,-1,-3,-4,3,1,0,-3,1,12,9,8,-12,-1,None
0,0,-1,-3,-4,3,1,0,-3,1,12,9,8,-12,-1,None
0,0,-3,-4,10,0,-1,-1,0,1,12,9,8,-12,-1,None
0,-1,4,2,-10,0,-2,-2,-2,1,12,9,8,-12,-1,None
0,-1,5,-3,2,4,-4,-2,-1,1,12,9,8,-12,-1,None
0,-2,-7,-1,-15,-8,0,-1,-2,1,12,9,8,-12,-1,None
0,-2,-7,-1,-15,-8,0,-1,-2,1,12,9,8,-12,-1,None
0,-2,-7,-1,-15,-8,0,-1,-2,1,12,9,8,-12,-1,None
0,1,8,-3,3,-2,-2,-1,0,1,12,9,8,-12,-1,None
0,-4,-3,-1,0,-4,0,0,-1,1,12,9,8,-12,-1,None
0,-1,4,-1,5,3,-1,-1,-1,1,12,9,8,-12,-1,None
0,-1,-4,-2,5,4,-1,-3,-1,1,12,9,8,-12,-1,None
0,-1,-4,-2,5,4,-1,-3,-1,1,12,9,8,-12,-1,None
0,-1,-4,-2,5,4,-1,-3,-1,1,12,9,8,-12,-1,None
0,-4,-1,-4,-8,-3,-1,-1,-2,1,12,9,8,-12,-1,None
0,4,12,-1,4,1,1,0,-1,1,12,9,8,-12,-1,None
0,-7,-24,-2,-6,1,0,-1,0,1,12,9,8,-12,-1,None
0,-3,1,-5,-35,-21,-4,-2,0,1,12,9,8,-12,-1,None
0,-3,1,-5,-35,-21,-4,-2,0,1,12,9,8,-12,-1,None
0,-3,1,-5,-35,-21,-4,-2,0,1,12,9,8,-12,-1,None
0,-3,-3,-2,12,33,1,-3,-3,1,12,9,8,-12,-1,None
0,-2,-2,-1,-4,-2,1,-1,-1,1,12,9,8,-12,-1,None
0,2,11,-2,1,0,1,-2,-2,1,12,9,8,-12,-1,None
0,1,2,1,5,0,0,0,0,1,12,9,8,-12,-1,None
0,1,2,1,5,0,0,0,0,1,12,9,8,-12,-1,None
0,1,2,1,5,0,0,0,0,1,12,9,8,-12,-1,None
0,-1,-1,-1,-6,-10,-1,-2,-3,1,12,9,8,-12,-1,None
0,-3,-3,-3,-1,1,-1,-3,-2,1,12,9,8,-12,-1,None
0,0,8,1,9,0,0,1,0,1,12,9,8,-12,-1,None
0,6,14,-1,-5,-2,0,-1,0,1,12,9,8,-12,-1,None
0,6,14,-1,-5,-2,0,-1,0,1,12,9,8,-12,-1,None
0,6,14,-1,-5,-2,0,-1,0,1,12,9,8,-12,-1,None
0,-7,-39,-5,-6,9,-2,-3,-3,1,12,9,8,-12,-1,None
0,-2,-2,-1,8,2,-2,-2,-3,1,12,9,8,-12,-1,None
0,0,3,-1,-6,-6,-2,-2,-2,1,12,9,8,-12,-1,None
0,0,-3,-2,18,19,0,-1,-1,1,12,9,8,-12,-1,None
0,0,-3,-2,18,19,0,-1,-1,1,12,9,8,-12,-1,None
0,0,-3,-2,18,19,0,-1,-1,1,12,9,8,-12,-1,None
0,-2,10,-2,-1,-4,0,0,-1,1,12,9,8,-12,-1,None
0,0,3,-3,-6,-7,-2,1,-2,1,12,9,8,-12,-1,None
0,1,-1,-2,-2,-6,-1,-1,-2,1,12,9,8,-12,-1,None
0,-3,0,-1,8,4,-2,-3,-1,1,12,9,8,-12,-1,None
0,-3,0,-1,8,4,-2,-3,-1,1,12,9,8,-12,-1,None
0,-3,0,-1,8,4,-2,-3,-1,1,12,9,8,-12,-1,None
0,1,7,-2,-12,-6,-1,-1,-2,1,12,9,8,-12,-1,None
0,-7,-7,-5,17,16,-2,-2,-3,1,12,9,8,-12,-1,None
0,-3,9,0,-10,-1,-1,-2,-2,1,12,9,8,-12,-1,None
0,0,-1,0,0,0,-1,-1,-1,1,12,9,8,-12,-1,None
0,0,-1,0,0,0,-1,-1,-1,1,12,9,8,-12,-1,None
0,0,-1,0,0,0,-1,-1,-1,1,12,9,8,-12,-1,None
0,1,5,0,7,-3,-1,-2,0,1,12,9,8,-12,-1,None
0,1,0,-4,-21,-7,-2,-2,0,1,12,9,8,-12,-1,None
0,0,2,-2,9,3,-2,-2,0,1,12,9,8,-12,-1,None
0,-2,11,-2,-6,-2,0,-1,-2,1,12,9,8,-12,-1,None
0,-2,11,-2,-6,-2,0,-1,-2,1,12,9,8,-12,-1,None
0,-2,11,-2,-6,-2,0,-1,-2,1,12,9,8,-12,-1,None
0,-4,-14,-1,-6,-2,-1,-1,-1,1,12,9,8,-12,-1,None
0,3,0,-1,14,-1,-1,-1,-3,1,12,9,8,-12,-1,None
0,0,2,0,3,6,2,-1,-1,1,12,9,8,-12,-1,None
0,-3,-2,-5,0,6,-2,-2,-2,1,12,9,8,-12,-1,None
0,-3,-2,-5,0,6,-2,-2,-2,1,12,9,8,-12,-1,None
0,-3,-2,-5,0,6,-2,-2,-2,1,12,9,8,-12,-1,None
0,1,14,-1,-4,-4,0,-1,-1,1,12,9,8,-12,-1,None
0,-2,1,-2,-2,-5,-1,-1,0,1,12,9,8,-12,-1,None
0,-2,-3,-2,-2,-3,-2,-2,-2,1,12,9,8,-12,-1,None
0,5,18,2,5,13,0,0,-1,1,12,9,8,-12,-1,None
0,5,18,2,5,13,0,0,-1,1,12,9,8,-12,-1,None
0,5,18,2,5,13,0,0,-1,1,12,9,8,-12,-1,None
0,-4,-31,-2,-1,4,0,-1,-1,1,12,9,8,-12,-1,None
0,-5,-3,-3,-8,-2,-2,-1,-1,1,12,9,8,-12,-1,None
0,2,-1,-5,-1,-6,-3,-2,-2,1,12,9,8,-12,-1,None
0,-3,-4,-2,-4,-3,-1,-1,-1,1,12,9,8,-12,-1,None
0,-3,-4,-2,-4,-3,-1,-1,-1,1,12,9,8,-12,-1,None
0,-3,-4,-2,-4,-3,-1,-1,-1,1,12,9,8,-12,-1,None
0,1,13,-1,3,-3,-1,0,-1,1,12,9,8,-12,-1,None
0,-2,1,-1,-1,0,-2,-3,-1,1,12,9,8,-12,-1,None
0,2,-1,-4,-6,-6,-1,0,-1,1,12,9,8,-12,-1,None
0,-8,-4,2,6,8,0,-2,-2,1,12,9,8,-12,-1,None
0,-8,-4,2,6,8,0,-2,-2,1,12,9,8,-12,-1,None
0,-8,-4,2,6,8,0,-2,-2,1,12,9,8,-12,-1,None
0,0,15,-3,10,-7,-2,-1,-2,1,12,9,8,-12,-1,None
0,-5,-28,-3,-8,14,-2,-2,-2,1,12,9,8,-12,-1,None
0,-2,7,-2,-1,2,-1,0,0,1,12,9,8,-12,-1,None
0,-2,-6,-4,-5,-9,-2,-2,0,1,12,9,8,-12,-1,None
0,-2,-6,-4,-5,-9,-2,-2,0,1,12,9,8,-12,-1,None
0,-2,-6,-4,-5,-9,-2,-2,0,1,12,9,8,-12,-1,None
0,1,6,-2,-2,-2,-1,1,-1,1,12,9,8,-12,-1,None
0,1,11,0,1,-5,-1,-1,-1,1,12,9,8,-12,-1,None
0,-3,-1,-3,0,2,-1,-3,-2,1,12,9,8,-12,-1,None
0,0,-8,-3,-2,0,0,-1,-3,1,12,9,8,-12,-1,None
0,0,-8,-3,-2,0,0,-1,-3,1,12,9,8,-12,-1,None
0,0,-8,-3,-2,0,0,-1,-3,1,12,9,8,-12,-1,None
0,-1,5,-2,-6,-2,-2,-2,0,1,12,9,8,-12,-1,None
0,3,7,-1,7,-6,1,-1,-2,1,12,9,8,-12,-1,None
0,1,22,-3,-55,-3,-2,0,0,1,12,9,8,-12,-1,None
0,-7,-11,-3,32,28,0,-4,-4,1,12,9,8,-12,-1,None
0,-7,-11,-3,32,28,0,-4,-4,1,12,9,8,-12,-1,None
0,-7,-11,-3,32,28,0,-4,-4,1,12,9,8,-12,-1,None
0,-1,6,-1,5,3,-3,-1,-1,1,12,9,8,-12,-1,None
0,-3,-3,-1,-22,-13,-1,-2,-1,1,12,9,8,-12,-1,None
0,1,3,1,3,-5,0,0,-1,1,12,9,8,-12,-1,None
0,0,3,-2,-9,-12,-3,-1,-1,1,12,9,8,-12,-1,None
0,0,3,-2,-9,-12,-3,-1,-1,1,12,9,8,-12,-1,None
0,0,3,-2,-9,-12,-3,-1,-1,1,12,9,8,-12,-1,None
0,-2,1,-3,-4,0,-1,-1,-1,1,12,9,8,-12,-1,None
0,1,7,-1,11,5,-2,0,-1,1,12,9,8,-12,-1,None
0,-2,-7,-2,11,2,-2,-2,-2,1,12,9,8,-12,-1,None
0,0,-2,-2,-9,-4,1,-1,0,1,12,9,8,-12,-1,None
0,0,-2,-2,-9,-4,1,-1,0,1,12,9,8,-12,-1,None
0,0,-2,-2,-9,-4,1,-1,0,1,12,9,8,-12,-1,None
0,-3,-1,0,3,3,-2,-3,-2,1,12,9,8,-12,-1,None
0,-5,3,-3,-6,-11,-1,1,0,1,12,9,8,-12,-1,None
0,11,-1,5,30,-4,-4,-1,0,1,12,9,8,-12,-1,None
0,-6,4,-5,-36,28,0,-4,-4,1,12,9,8,-12,-1,None
0,-6,4,-5,-36,28,0,-4,-4,1,12,9,8,-12,-1,None
0,-6,4,-5,-36,28,0,-4,-4,1,12,9,8,-12,-1,None
0,0,6,-2,1,-10,-1,-1,-2,1,12,9,8,-12,-1,None
0,-2,1,0,-2,4,0,-2,-1,1,12,9,8,-12,-1,None
0,-3,-1,-5,6,-4,-1,-2,-1,1,12,9,8,-12,-1,None
0,2,2,-1,0,-18,-2,0,1,1,12,9,8,-12,-1,None
0,2,2,-1,0,-18,-2,0,1,1,12,9,8,-12,-1,None
0,2,2,-1,0,-18,-2,0,1,1,12,9,8,-12,-1,None
0,-1,1,-1,-4,1,-1,-1,-2,1,12,9,8,-12,-1,None
0,-1,2,-2,3,4,-2,0,-1,1,12,9,8,-12,-1,None
0,-4,-8,-2,2,4,1,-1,-2,1,12,9,8,-12,-1,None
0,1,-1,-1,4,-6,-3,0,-1,1,12,9,8,-12,-1,None
0,1,-1,-1,4,-6,-3,0,-1,1,12,9,8,-12,-1,None
0,1,-1,-1,4,-6,-3,0,-1,1,12,9,8,-12,-1,None
0,-3,2,-4,-4,4,0,-1,-2,1,12,9,8,-12,-1,None
0,-1,-3,0,5,1,-2,-1,-1,1,12,9,8,-12,-1,None
0,-3,-1,-3,2,6,0,-2,-2,1,12,9,8,-12,-1,None
0,1,-1,1,13,1,-1,-1,-1,1,12,9,8,-12,-1,None
0,1,-1,1,13,1,-1,-1,-1,1,12,9,8,-12,-1,None
0,1,-1,1,13,1,-1,-1,-1,1,12,9,8,-12,-1,None
0,0,3,-2,-44,-12,-1,-3,0,1,12,9,8,-12,-1,None
0,0,1,1,14,17,0,-3,-4,1,12,9,8,-12,-1,None
0,-4,-3,-3,-9,12,0,-3,-3,1,12,9,8,-12,-1,None
0,-4,1,-5,-2,-8,0,0,-2,1,12,9,8,-12,-1,None
0,-4,1,-5,-2,-8,0,0,-2,1,12,9,8,-12,-1,None
0,-4,1,-5,-2,-8,0,0,-2,1,12,9,8,-12,-1,None
0,2,0,2,10,1,-1,-1,1,1,12,9,8,-12,-1,None
0,0,1,-2,-7,-6,-2,0,0,1,12,9,8,-12,-1,None
0,-3,-1,-2,-6,0,-3,-1,-2,1,12,9,8,-12,-1,None
0,-2,-4,-1,8,0,-1,0,-2,1,12,9,8,-12,-1,None
0,-2,-4,-1,8,0,-1,0,-2,1,12,9,8,-12,-1,None
0,-2,-4,-1,8,0,-1,0,-2,1,12,9,8,-12,-1,None
0,-1,-3,-2,-4,1,-1,0,-1,1,12,9,8,-12,-1,None
0,-1,4,-3,4,0,1,-3,-2,1,12,9,8,-12,-1,None
0,-1,-4,-2,10,2,-1,-1,-1,1,12,9,8,-12,-1,None
0,-3,1,-3,-8,-3,-2,-3,-2,1,12,9,8,-12,-1,None
0,-3,1,-3,-8,-3,-2,-3,-2,1,12,9,8,-12,-1,None
0,-3,1,-3,-8,-3,-2,-3,-2,1,12,9,8,-12,-1,None
0,-1,12,-1,12,7,-1,-2,-1,1,12,9,8,-12,-1,None
0,-1,-5,-2,0,1,-1,-2,0,1,12,9,8,-12,-1,None
0,-7,-18,-2,8,0,0,0,-2,1,12,9,8,-12,-1,None
0,0,-2,-2,-2,-3,-2,0,-1,1,12,9,8,-12,-1,None
0,0,-2,-2,-2,-3,-2,0,-1,1,12,9,8,-12,-1,None
0,0,-2,-2,-2,-3,-2,0,-1,1,12,9,8,-12,-1,None
0,0,5,2,1,4,-2,-2,-2,1,12,9,8,-12,-1,None
