0,-4,-1,1,6,-15,11,68,-4,1,12,9,6,-15,-3,None
0,2,0,-4,-4,7,7,-37,8,1,12,9,6,-15,-3,None
0,1,6,7,-12,-15,16,14,-8,1,12,9,6,-15,-3,None
0,1,6,7,-12,-15,16,14,-8,1,12,9,6,-15,-3,None
0,1,6,7,-12,-15,16,14,-8,1,12,9,5,-15,-3,None
0,-4,0,-2,14,14,-72,-15,-11,1,12,9,5,-15,-3,None
0,-1,-1,-4,17,10,73,13,7,1,12,9,5,-15,-3,None
0,-2,2,-2,-1,-1,-2,-20,-27,1,12,9,5,-15,-3,None
0,0,3,9,-5,-2,-21,-23,17,1,12,9,5,-15,-3,None
0,0,3,9,-5,-2,-21,-23,17,0,12,9,5,-15,-3,None
0,0,3,9,-5,-2,-21,-23,17,0,12,9,4,-14,-3,None
0,-2,-2,-3,-17,-6,32,49,8,0,12,9,4,-14,-3,None
0,1,2,-7,-12,-6,-25,13,33,0,12,9,4,-14,-3,None
0,-1,2,1,-11,0,1,2,2,0,12,9,4,-14,-3,None
0,-1,-4,-17,0,3,12,-10,7,0,12,9,4,-14,-3,None
0,-1,-4,-17,0,3,12,-10,7,0,12,9,4,-14,-3,None
0,-1,-4,-17,0,3,12,-10,7,0,12,9,2,-15,-4,None
0,-3,1,11,-20,-14,-9,-24,-7,0,12,9,2,-15,-4,None
0,-3,-1,-5,-17,11,1,15,-35,0,12,9,2,-15,-4,None
0,0,2,5,0,0,-11,5,9,0,12,9,2,-15,-4,None
0,-5,-3,-7,-11,-13,-27,-21,-30,0,12,9,2,-15,-4,None
0,-5,-3,-7,-11,-13,-27,-21,-30,0,12,9,2,-15,-4,None
0,-5,-3,-7,-11,-13,-27,-21,-30,0,12,9,1,-15,-3,None
0,0,2,0,-14,-1,42,3,5,0,12,9,1,-15,-3,None
0,2,1,3,-9,-10,-16,6,22,0,12,9,1,-15,-3,None
0,-4,-2,-1,-6,-2,-36,-11,-24,0,12,9,1,-15,-3,None
0,2,1,-3,34,21,44,-16,-3,0,12,9,1,-15,-3,None
0,2,1,-3,34,21,44,-16,-3,0,12,9,1,-15,-3,None
0,2,1,-3,34,21,44,-16,-3,0,12,9,0,-14,-3,None
0,-7,-3,-3,-39,-15,-48,13,-11,0,12,9,0,-14,-3,None
0,-4,-1,0,12,5,35,-1,-15,0,12,9,0,-14,-3,None
0,3,5,4,20,0,-10,14,37,0,12,9,0,-14,-3,None
0,-7,-2,-10,-33,-18,-12,-21,-6,0,12,9,0,-14,-3,None
0,-7,-2,-10,-33,-18,-12,-21,-6,0,12,8,0,-14,-3,None
0,-7,-2,-10,-33,-18,-12,-21,-6,0,12,8,0,-14,-3,None
0,-1,2,-1,31,4,29,9,-23,0,12,8,0,-14,-3,None
0,-4,1,5,17,-6,-55,-44,-25,0,12,8,0,-14,-3,None
0,1,-1,-10,8,15,25,22,21,0,12,8,0,-14,-3,None
0,-2,-2,1,17,-8,-2,15,-1,0,12,8,0,-14,-3,None
0,-2,-2,1,17,-8,-2,15,-1,0,12,8,0,-14,-3,None
0,-2,-2,1,17,-8,-2,15,-1,0,12,8,-1,-14,-3,None
0,-1,0,-4,4,2,11,-32,0,0,12,8,-1,-14,-3,None
0,-6,-2,9,10,5,-11,8,-22,0,12,8,-1,-14,-3,None
0,5,1,-11,8,1,0,2,8,0,12,8,-1,-14,-3,None
0,-6,-1,3,-42,-11,-13,-7,-7,0,12,8,-1,-14,-3,None
0,-6,-1,3,-42,-11,-13,-7,-7,17,12,8,-1,-14,-3,None
0,-6,-1,3,-42,-11,-13,-7,-7,17,12,8,-1,-12,-3,None
0,1,-1,-7,20,15,23,14,27,17,12,8,-1,-12,-3,None
0,1,3,5,-20,-8,-15,-12,-3,17,12,8,-1,-12,-3,None
0,1,0,-3,-15,-7,-9,7,7,17,12,8,-1,-12,-3,None
0,7,3,-2,27,24,8,2,-7,17,12,8,-1,-12,-3,None
0,7,3,-2,27,24,8,2,-7,17,12,8,-1,-12,-3,None
0,7,3,-2,27,24,8,2,-7,17,12,8,-1,-13,-3,None
0,-1,0,-3,-2,0,13,-9,-3,17,12,8,-1,-13,-3,None
0,5,6,2,11,10,9,14,55,17,12,8,-1,-13,-3,None
0,-7,-7,-12,-34,-7,-10,1,-40,17,12,8,-1,-13,-3,None
0,2,3,1,5,-4,-8,-1,-15,17,12,8,-1,-13,-3,None
0,2,3,1,5,-4,-8,-1,-15,17,12,8,-1,-13,-3,None
0,2,3,1,5,-4,-8,-1,-15,17,12,8,-2,-12,-3,None
0,2,2,1,-11,-4,9,-5,-19,17,12,8,-2,-12,-3,None
0,2,4,0,30,6,3,-2,25,17,12,8,-2,-12,-3,None
0,-3,-2,-17,-11,-3,-8,-10,-13,17,12,8,-2,-12,-3,None
0,-6,0,7,40,14,-5,-9,-3,17,12,8,-2,-12,-3,None
0,-6,0,7,40,14,-5,-9,-3,17,12,8,-2,-12,-3,None
0,-6,0,7,40,14,-5,-9,-3,17,12,8,-2,-12,-3,None
0,-4,-3,-2,-53,-18,-1,6,-43,17,12,8,-2,-12,-3,None
0,1,-2,-5,27,8,6,27,50,17,12,8,-2,-12,-3,None
0,1,2,1,0,1,-4,-8,5,17,12,8,-2,-12,-3,None
0,-1,0,5,-19,3,0,-3,1,17,12,8,-2,-12,-3,None
0,-1,0,5,-19,3,0,-3,1,17,12,8,-2,-12,-3,None
0,-1,0,5,-19,3,0,-3,1,17,12,8,-2,-12,-3,None
0,-3,1,-10,29,6,1,0,10,17,12,8,-2,-12,-3,None
0,-5,-1,-9,-24,-4,-11,-15,-20,17,12,8,-2,-12,-3,None
0,-3,2,4,28,-9,-8,-22,-12,17,12,8,-2,-12,-3,None
0,1,-1,-8,-18,2,5,29,-2,17,12,8,-2,-12,-3,None
0,1,-1,-8,-18,2,5,29,-2,17,12,8,-2,-12,-3,None
0,1,-1,-8,-18,2,5,29,-2,17,12,8,-2,-12,-3,None
0,3,1,3,25,0,-4,-6,7,17,12,8,-2,-12,-3,None
0,-1,1,-2,34,-1,-12,-13,-21,17,12,8,-2,-12,-3,None
0,-5,-3,3,-3,4,19,-1,1,17,12,8,-2,-12,-3,None
0,-2,-1,-18,-18,7,-10,-8,-36,17,12,8,-2,-12,-3,None
0,-2,-1,-18,-18,7,-10,-8,-36,17,12,8,-2,-12,-3,None
0,-2,-1,-18,-18,7,-10,-8,-36,17,12,8,-2,-12,-3,None
0,1,0,-7,8,2,0,21,37,17,12,8,-2,-12,-3,None
0,-9,3,-14,-8,-8,-2,-13,21,17,12,8,-2,-12,-3,None
0,-1,-1,-6,35,7,-6,7,-33,17,12,8,-2,-12,-3,None
0,2,3,3,-17,6,12,15,13,17,12,8,-2,-12,-3,None
0,2,3,3,-17,6,12,15,13,17,12,8,-2,-12,-3,None
0,2,3,3,-17,6,12,15,13,17,12,8,-2,-12,-3,None
0,-2,-1,-3,11,-7,-5,-18,-4,17,12,8,-2,-12,-3,None
0,-3,-1,-10,-25,0,-10,-26,-76,17,12,8,-2,-12,-3,None
0,-3,4,8,-2,1,1,-11,-13,17,12,8,-2,-12,-3,None
0,7,36,-12,34,2,1,-15,25,17,12,8,-2,-12,-3,None
0,7,36,-12,34,2,1,-15,25,17,12,8,-2,-12,-3,None
0,7,36,-12,34,2,1,-15,25,17,12,8,-3,-12,-4,None
0,-3,-30,-5,-14,2,13,54,-23,17,12,8,-3,-12,-4,None
0,-1,0,-2,-18,-10,-11,-15,6,17,12,8,-3,-12,-4,None
0,9,10,-1,-14,10,4,-17,44,17,12,8,-3,-12,-4,None
0,0,0,7,6,4,-1,-3,-28,17,12,8,-3,-12,-4,None
0,0,0,7,6,4,-1,-3,-28,16,12,7,-3,-12,-4,None
0,0,0,7,6,4,-1,-3,-28,16,12,7,-3,-13,-4,None
0,0,-5,-5,-7,-2,-3,-35,-28,16,12,7,-3,-13,-4,None
0,-6,-1,-24,-27,4,-4,-6,-77,16,12,7,-3,-13,-4,None
0,6,-1,-1,22,3,4,33,60,16,12,7,-3,-13,-4,None
0,-30,-17,3,-37,-16,-14,-9,-40,16,12,7,-3,-13,-4,None
0,-30,-17,3,-37,-16,-14,-9,-40,16,12,7,-3,-13,-4,None
0,-30,-17,3,-37,-16,-14,-9,-40,16,12,7,-3,-13,-3,None
0,-5,6,0,-3,-7,-17,-35,20,16,12,7,-3,-13,-3,None
0,2,-16,1,2,14,24,36,83,16,12,7,-3,-13,-3,None
0,-5,9,8,2,2,-7,-10,-76,16,12,7,-3,-13,-3,None
0,39,-5,1,-8,2,9,97,123,16,12,7,-3,-13,-3,None
0,39,-5,1,-8,2,9,97,123,16,12,7,-3,-13,-3,None
0,39,-5,1,-8,2,9,97,123,16,12,7,-3,-13,-2,None
0,-30,-35,7,-18,-12,-15,-50,-40,16,12,7,-3,-13,-2,None
0,7,14,13,-1,-2,-7,-13,4,16,12,7,-3,-13,-2,None
0,-17,-2,7,-15,-6,-5,-22,-18,16,12,7,-3,-13,-2,None
0,-9,-4,6,-4,-3,1,-46,-26,16,12,7,-3,-13,-2,None
0,-9,-4,6,-4,-3,1,-46,-26,16,12,7,-3,-13,-2,None
0,-9,-4,6,-4,-3,1,-46,-26,16,12,7,-2,-13,-1,None
0,6,18,0,-3,0,-2,11,39,16,12,7,-2,-13,-1,None
0,5,5,3,-9,-2,-3,-63,-73,16,12,7,-2,-13,-1,None
0,-10,-47,-4,4,-4,-2,70,54,16,12,7,-2,-13,-1,None
0,-10,-7,-6,13,2,-1,-8,-14,16,12,7,-2,-13,-1,None
0,-10,-7,-6,13,2,-1,-8,-14,16,12,7,-2,-13,-1,None
0,-10,-7,-6,13,2,-1,-8,-14,16,12,7,-2,-14,-2,None
0,7,15,-11,4,7,6,-32,-37,16,12,7,-2,-14,-2,None
0,-9,-9,-7,1,-5,-12,11,31,16,12,7,-2,-14,-2,None
0,5,1,-10,-2,3,10,-11,14,16,12,7,-2,-14,-2,None
0,-4,6,-12,9,-1,-7,10,-52,16,12,7,-2,-14,-2,None
0,-4,6,-12,9,-1,-7,10,-52,16,12,7,-2,-14,-2,None
0,-4,6,-12,9,-1,-7,10,-52,16,12,7,-4,-14,-4,None
0,10,12,-6,6,11,14,51,88,16,12,7,-4,-14,-4,None
0,-3,4,-1,-6,-7,-2,8,5,16,12,7,-4,-14,-4,None
0,2,11,3,-6,-2,-7,-20,-71,16,12,7,-4,-14,-4,None
0,7,-8,6,6,3,3,24,75,16,12,7,-4,-14,-4,None
0,7,-8,6,6,3,3,24,75,16,12,7,-4,-14,-4,None
0,7,-8,6,6,3,3,24,75,16,12,7,-5,-12,-5,None
0,-7,18,3,-5,-3,-3,-22,-41,16,12,7,-5,-12,-5,None
0,-2,-4,0,8,5,0,16,9,16,12,7,-5,-12,-5,None
0,-5,20,7,-4,-5,-7,-9,48,16,12,7,-5,-12,-5,None
0,-16,10,-3,4,1,3,-15,-17,16,12,7,-5,-12,-5,None
0,-16,10,-3,4,1,3,-15,-17,16,12,7,-5,-12,-5,None
0,-16,10,-3,4,1,3,-15,-17,16,12,7,-4,-13,-4,None
0,-3,-29,-6,4,-2,-2,15,34,16,12,7,-4,-13,-4,None
0,14,3,-3,0,3,2,39,-33,16,12,7,-4,-13,-4,None
0,0,6,2,1,4,3,21,16,16,12,7,-4,-13,-4,None
0,5,6,-3,-3,-3,-2,-44,-17,16,12,7,-4,-13,-4,None
0,5,6,-3,-3,-3,-2,-44,-17,16,12,7,-4,-13,-4,None
0,5,6,-3,-3,-3,-2,-44,-17,16,12,7,-4,-14,-4,None
0,4,8,-5,5,2,1,31,-6,16,12,7,-4,-14,-4,None
0,-9,6,-6,-9,-13,-12,-59,4,16,12,7,-4,-14,-4,None
0,7,-4,-2,5,9,11,28,-15,16,12,7,-4,-14,-4,None
0,-14,-5,3,-4,-11,-17,-39,-39,16,12,7,-4,-14,-4,None
0,-14,-5,3,-4,-11,-17,-39,-39,17,12,7,-4,-14,-4,None
0,-14,-5,3,-4,-11,-17,-39,-39,17,12,7,-5,-13,-4,None
0,-3,4,-3,7,14,11,-5,63,17,12,7,-5,-13,-4,None
0,-4,-3,5,-13,-7,-5,-4,-52,17,12,7,-5,-13,-4,None
0,2,22,-7,0,0,-1,23,38,17,12,7,-5,-13,-4,None
0,-4,-20,-15,1,5,7,2,-17,17,12,7,-5,-13,-4,None
0,-4,-20,-15,1,5,7,2,-17,17,12,7,-5,-13,-4,None
0,-4,-20,-15,1,5,7,2,-17,17,12,7,-5,-12,-4,None
0,-3,2,6,1,-2,-6,-46,-46,17,12,7,-5,-12,-4,None
0,-3,2,-1,-4,3,2,-20,40,17,12,7,-5,-12,-4,None
0,4,-8,-10,4,7,3,47,0,17,12,7,-5,-12,-4,None
0,-4,-5,5,-3,-2,-3,-9,48,17,12,7,-5,-12,-4,None
0,-4,-5,5,-3,-2,-3,-9,48,17,12,7,-5,-12,-4,None
0,-4,-5,5,-3,-2,-3,-9,48,17,12,7,-5,-13,-4,None
0,11,4,-1,-7,-8,-7,11,-44,17,12,7,-5,-13,-4,None
0,-21,2,-4,1,3,3,10,56,17,12,7,-5,-13,-4,None
0,-5,13,-2,-1,-8,-12,-53,-30,17,12,7,-5,-13,-4,None
0,2,-9,4,1,9,8,-19,-6,17,12,7,-5,-13,-4,None
0,2,-9,4,1,9,8,-19,-6,17,12,7,-5,-13,-4,None
0,2,-9,4,1,9,8,-19,-6,17,12,7,-5,-13,-4,None
0,1,0,2,-6,-3,-4,10,-15,17,12,7,-5,-13,-4,None
0,-1,2,1,-1,1,1,0,-33,17,12,7,-5,-13,-4,None
0,-2,10,0,17,-1,-10,-58,-44,17,12,7,-5,-13,-4,None
0,-2,-3,-16,-11,-1,-1,48,59,17,12,7,-5,-13,-4,None
0,-2,-3,-16,-11,-1,-1,48,59,17,12,7,-5,-13,-4,None
0,-2,-3,-16,-11,-1,-1,48,59,17,12,7,-5,-13,-4,None
0,-2,9,7,-15,-9,-10,-89,-118,17,12,7,-5,-13,-4,None
0,25,2,4,8,13,24,114,68,17,12,7,-5,-13,-4,None
0,-7,-13,-12,1,-5,-8,-24,13,17,12,7,-5,-13,-4,None
0,7,7,-3,5,2,-3,-31,-36,17,12,7,-5,-13,-4,None
0,7,7,-3,5,2,-3,-31,-36,16,12,7,-5,-13,-4,None
0,7,7,-3,5,2,-3,-31,-36,16,12,7,-4,-13,-4,None
0,1,-2,0,0,-2,-2,25,-18,16,12,7,-4,-13,-4,None
0,-1,-6,-7,-3,-2,-5,-37,2,16,12,7,-4,-13,-4,None
0,-3,-6,0,-16,-1,-1,-7,-2,16,12,7,-4,-13,-4,None
0,2,6,-2,5,-1,-3,3,-76,16,12,7,-4,-13,-4,None
0,2,6,-2,5,-1,-3,3,-76,16,12,7,-4,-13,-4,None
0,2,6,-2,5,-1,-3,3,-76,16,12,7,-5,-13,-4,None
0,-6,-3,-7,-6,3,4,25,91,16,12,7,-5,-13,-4,None
0,-5,0,-3,-1,-2,-8,-13,-9,16,12,7,-5,-13,-4,None
0,-5,-2,5,0,1,2,26,43,16,12,7,-5,-13,-4,None
0,2,5,0,-4,-2,-6,-7,-16,16,12,7,-5,-13,-4,None
0,2,5,0,-4,-2,-6,-7,-16,16,12,7,-5,-13,-4,None
0,2,5,0,-4,-2,-6,-7,-16,16,12,7,-5,-13,-4,None
0,2,-3,-5,3,5,5,-18,-1,16,12,7,-5,-13,-4,None
0,5,3,-7,6,4,3,38,-9,16,12,7,-5,-13,-4,None
0,-7,-23,-7,5,4,6,1,-15,16,12,7,-5,-13,-4,None
0,-5,2,-9,-41,-14,-13,-15,30,16,12,7,-5,-13,-4,None
0,-5,2,-9,-41,-14,-13,-15,30,16,12,7,-5,-13,-4,None
0,-5,2,-9,-41,-14,-13,-15,30,16,12,7,-4,-13,-4,None
0,3,5,-3,20,3,-5,12,21,16,12,7,-4,-13,-4,None
0,1,0,0,-10,-3,5,27,17,16,12,7,-4,-13,-4,None
0,1,3,-4,5,-2,-3,-15,-35,16,12,7,-4,-13,-4,None
0,-1,2,-1,6,-2,-2,-6,-11,16,12,7,-4,-13,-4,None
0,-1,2,-1,6,-2,-2,-6,-11,16,12,7,-4,-13,-4,None
0,-1,2,-1,6,-2,-2,-6,-11,16,12,7,-4,-13,-4,None
0,-3,-8,2,1,-8,-13,-5,-2,16,12,7,-4,-13,-4,None
0,-2,4,3,8,4,4,0,-18,16,12,7,-4,-13,-4,None
0,4,3,-4,5,1,0,-4,10,16,12,7,-4,-13,-4,None
0,-3,-2,4,2,-3,-4,16,3,16,12,7,-4,-13,-4,None
0,-3,-2,4,2,-3,-4,16,3,16,12,7,-4,-13,-4,None
0,-3,-2,4,2,-3,-4,16,3,16,12,7,-4,-13,-4,None
0,-1,9,1,-18,1,2,5,9,16,12,7,-4,-13,-4,None
0,-5,-6,-1,42,3,-4,-17,-24,16,12,7,-4,-13,-4,None
0,-1,1,-1,-32,-7,-6,-13,-36,16,12,7,-4,-13,-4,None
0,1,0,5,10,11,13,16,58,16,12,7,-4,-13,-4,None
0,1,0,5,10,11,13,16,58,16,12,7,-4,-13,-4,None
0,1,0,5,10,11,13,16,58,16,12,7,-4,-13,-4,None
0,-6,-1,0,-3,-4,-7,-11,-26,16,12,7,-4,-13,-4,None
0,0,1,6,-34,3,-1,-27,-3,16,12,7,-4,-13,-4,None
0,-2,-5,-9,27,-1,-4,3,3,16,12,7,-4,-13,-4,None
0,-1,4,-6,-13,5,0,7,-11,16,12,7,-4,-13,-4,None
0,-1,4,-6,-13,5,0,7,-11,16,12,7,-4,-13,-4,None
0,-1,4,-6,-13,5,0,7,-11,16,12,7,-4,-13,-4,None
0,0,3,-7,-20,-13,-6,7,14,16,12,7,-4,-13,-4,None
0,-5,-5,4,22,7,-10,-13,-20,16,12,7,-4,-13,-4,None
0,2,7,7,-33,-3,-22,-4,4,16,12,7,-4,-13,-4,None
0,1,-1,-9,12,25,48,14,2,16,12,7,-4,-13,-4,None
0,1,-1,-9,12,25,48,14,2,16,12,7,-4,-13,-4,None
0,1,-1,-9,12,25,48,14,2,16,12,7,-4,-13,-3,None
0,-2,1,9,2,-17,0,12,3,16,12,7,-4,-13,-3,None
0,-1,-1,-9,-12,5,2,-17,-3,16,12,7,-4,-13,-3,None
0,0,2,-2,-12,-13,-4,-5,-11,16,12,7,-4,-13,-3,None
0,-1,2,7,11,63,-55,-1,4,16,12,7,-4,-13,-3,None
0,-1,2,7,11,63,-55,-1,4,16,12,7,-4,-13,-3,None
0,-1,2,7,11,63,-55,-1,4,16,12,7,-4,-13,-4,None
0,-1,1,-6,-9,-29,53,9,6,16,12,7,-4,-13,-4,None
0,-2,1,-6,-18,-27,35,-3,-11,16,12,7,-4,-13,-4,None
0,-3,-1,-3,4,-13,-1,-5,5,16,12,7,-4,-13,-4,None
0,-6,0,19,34,61,-116,-7,-13,16,12,7,-4,-13,-4,None
0,-6,0,19,34,61,-116,-7,-13,16,12,7,-4,-13,-4,None
0,-6,0,19,34,61,-116,-7,-13,16,12,7,-3,-13,-3,None
0,4,4,-13,-20,37,90,17,8,16,12,7,-3,-13,-3,None
0,-3,-4,-2,1,-32,-50,-12,-8,16,12,7,-3,-13,-3,None
0,1,-1,-7,9,37,17,2,2,16,12,7,-3,-13,-3,None
0,-2,-3,-2,34,65,-27,-1,0,16,12,7,-3,-13,-3,None
0,-2,-3,-2,34,65,-27,-1,0,16,12,7,-3,-13,-3,None
0,-2,-3,-2,34,65,-27,-1,0,16,12,7,-3,-13,-3,None
0,-1,2,-1,-16,-79,48,8,-3,16,12,7,-3,-13,-3,None
0,2,2,-15,-10,-29,-11,-9,3,16,12,7,-3,-13,-3,None
0,-2,-7,-2,1,20,12,-1,0,16,12,7,-3,-13,-3,None
0,3,5,-15,-18,-30,50,4,1,16,12,7,-3,-13,-3,None
0,3,5,-15,-18,-30,50,4,1,16,12,8,-3,-13,-3,None
0,3,5,-15,-18,-30,50,4,1,16,12,8,-3,-13,-3,None
0,-3,7,8,21,35,-78,-5,-4,16,12,8,-3,-13,-3,None
0,-1,2,3,1,16,-31,-10,-5,16,12,8,-3,-13,-3,None
0,-5,-5,22,7,-93,-55,-2,-4,16,12,8,-3,-13,-3,None
0,3,1,-10,-10,12,57,3,5,16,12,8,-3,-13,-3,None
0,3,1,-10,-10,12,57,3,5,17,12,8,-3,-13,-3,None
0,3,1,-10,-10,12,57,3,5,17,12,8,-4,-13,-4,None
0,-5,-5,-9,4,24,-35,-6,-7,17,12,8,-4,-13,-4,None
0,1,4,-7,-4,-8,11,-1,0,17,12,8,-4,-13,-4,None
0,-1,2,-1,7,40,-34,-7,-5,17,12,8,-4,-13,-4,None
0,-4,-6,-1,-12,-59,15,-1,-1,17,12,8,-4,-13,-4,None
0,-4,-6,-1,-12,-59,15,-1,-1,17,12,8,-4,-13,-4,None
0,-4,-6,-1,-12,-59,15,-1,-1,17,12,8,-4,-13,-3,None
0,-2,1,0,6,4,-5,-2,1,17,12,8,-4,-13,-3,None
0,-3,0,4,5,25,-22,-7,-9,17,12,8,-4,-13,-3,None
0,0,-1,-7,-1,8,27,6,7,17,12,8,-4,-13,-3,None
0,0,2,-2,-5,-32,20,2,0,17,12,8,-4,-13,-3,None
0,0,2,-2,-5,-32,20,2,0,17,12,8,-4,-13,-3,None
0,0,2,-2,-5,-32,20,2,0,17,12,8,-3,-13,-3,None
0,-2,-1,-3,5,6,-25,-4,-1,17,12,8,-3,-13,-3,None
0,-2,-2,0,0,3,-3,-3,-4,17,12,8,-3,-13,-3,None
0,1,3,-1,-5,6,22,1,0,17,12,8,-3,-13,-3,None
0,-1,3,0,-6,-36,9,1,1,17,12,8,-3,-13,-3,None
0,-1,3,0,-6,-36,9,1,1,17,12,8,-3,-13,-3,None
0,-1,3,0,-6,-36,9,1,1,17,12,8,-4,-13,-3,None
0,-4,-3,0,3,15,-30,-7,-5,17,12,8,-4,-13,-3,None
0,-1,-2,-2,2,13,10,1,0,17,12,8,-4,-13,-3,None
0,0,3,-2,-1,2,17,1,0,17,12,8,-4,-13,-3,None
0,-1,1,-4,3,-8,-12,-3,-2,17,12,8,-4,-13,-3,None
0,-1,1,-4,3,-8,-12,-3,-2,17,12,8,-4,-13,-3,None
0,-1,1,-4,3,-8,-12,-3,-2,17,12,8,-4,-13,-3,None
0,-1,-3,-4,9,5,-9,-4,-2,17,12,8,-4,-13,-3,None
0,-1,1,0,6,8,11,2,-2,17,12,8,-4,-13,-3,None
0,-1,1,-3,2,-5,-6,-3,-3,17,12,8,-4,-13,-3,None
0,-1,0,-8,-13,-19,0,2,1,17,12,8,-4,-13,-3,None
0,-1,0,-8,-13,-19,0,2,1,17,12,8,-4,-13,-3,None
0,-1,0,-8,-13,-19,0,2,1,17,12,8,-4,-12,-3,None
0,-1,-1,-33,18,12,1,3,0,17,12,8,-4,-12,-3,None
0,0,1,-32,-6,4,7,-2,-1,17,12,8,-4,-12,-3,None
0,-1,-1,-11,-6,-2,-9,-5,-5,17,12,8,-4,-12,-3,None
0,-3,-1,20,-22,-11,1,-3,-5,17,12,8,-4,-12,-3,None
0,-3,-1,20,-22,-11,1,-3,-5,17,12,8,-4,-12,-3,None
0,-3,-1,20,-22,-11,1,-3,-5,17,12,8,-3,-12,-4,None
0,0,0,38,-14,-1,1,0,0,17,12,8,-3,-12,-4,None
0,-1,1,26,-8,13,-2,1,0,17,12,8,-3,-12,-4,None
0,-2,0,7,-19,-1,-1,-3,-1,17,12,8,-3,-12,-4,None
0,-2,-1,8,6,-5,0,-2,-2,17,12,8,-3,-12,-4,None
0,-2,-1,8,6,-5,0,-2,-2,17,12,8,-3,-12,-4,None
0,-2,-1,8,6,-5,0,-2,-2,17,12,8,-3,-12,-3,None
0,-1,1,3,-26,2,-8,-1,0,17,12,8,-3,-12,-3,None
0,0,-1,13,14,14,5,4,0,17,12,8,-3,-12,-3,None
0,0,1,9,-83,-40,2,-2,0,17,12,8,-3,-12,-3,None
0,-1,0,5,37,14,-3,-4,-4,17,12,8,-3,-12,-3,None
0,-1,0,5,37,14,-3,-4,-4,17,12,8,-3,-12,-3,None
0,-1,0,5,37,14,-3,-4,-4,17,12,8,-3,-12,-3,None
0,-2,-1,7,12,7,-6,-1,-1,17,12,8,-3,-12,-3,None
0,-1,1,7,-9,-12,2,-1,-1,17,12,8,-3,-12,-3,None
0,-1,1,-5,-9,10,3,0,0,17,12,8,-3,-12,-3,None
0,-1,1,-9,24,-8,-9,-4,-3,17,12,8,-3,-12,-3,None
0,-1,1,-9,24,-8,-9,-4,-3,17,12,8,-3,-12,-3,None
0,-1,1,-9,24,-8,-9,-4,-3,17,12,8,-2,-13,-3,None
0,0,-2,-6,-39,-6,-4,-2,-2,17,12,8,-2,-13,-3,None
0,-3,-2,-4,2,5,2,-1,-3,17,12,8,-2,-13,-3,None
0,0,3,-5,29,8,2,-3,-1,17,12,8,-2,-13,-3,None
0,-2,2,-1,-19,-11,-4,-2,-2,17,12,8,-2,-13,-3,None
0,-2,2,-1,-19,-11,-4,-2,-2,17,12,8,-2,-13,-3,None
0,-2,2,-1,-19,-11,-4,-2,-2,17,12,8,-2,-13,-3,None
0,0,3,7,80,20,1,1,0,17,12,8,-2,-13,-3,None
0,1,0,-19,-64,-23,-3,0,0,17,12,8,-2,-13,-3,None
0,-3,-3,-16,-5,16,2,-3,-5,17,12,8,-2,-13,-3,None
0,1,0,-17,-15,-1,0,-3,0,17,12,8,-2,-13,-3,None
0,1,0,-17,-15,-1,0,-3,0,17,12,8,-2,-13,-3,None
0,1,0,-17,-15,-1,0,-3,0,17,12,8,-1,-13,-3,None
0,-1,0,-9,30,-11,-6,-7,-4,17,12,8,-1,-13,-3,None
0,-2,-1,-11,-44,17,3,0,0,17,12,8,-1,-13,-3,None
0,-1,-1,-10,-5,-3,1,0,0,17,12,8,-1,-13,-3,None
0,0,2,-5,50,7,5,0,-2,17,12,8,-1,-13,-3,None
0,0,2,-5,50,7,5,0,-2,0,12,9,-1,-13,-3,None
0,0,2,-5,50,7,5,0,-2,0,12,9,-1,-13,-3,None
0,-1,-1,-18,-35,-3,-6,-1,0,0,12,9,-1,-13,-3,None
0,1,2,-3,53,0,-4,-5,-4,0,12,9,-1,-13,-3,None
0,1,2,-8,-28,-11,3,2,0,0,12,9,-1,-13,-3,None
0,1,0,-12,0,2,3,0,0,0,12,9,-1,-13,-3,None
0,1,0,-12,0,2,3,0,0,0,12,9,-1,-13,-3,None
0,1,0,-12,0,2,3,0,0,0,12,9,0,-13,-3,None
0,-8,-6,-14,-7,-10,-6,-4,-3,0,12,9,0,-13,-3,None
0,-2,0,-1,32,8,3,-2,-1,0,12,9,0,-13,-3,None
0,-4,0,3,72,18,-4,-4,-3,0,12,9,0,-13,-3,None
0,-4,-2,-17,-30,-19,3,5,-6,0,12,9,0,-13,-3,None
0,-4,-2,-17,-30,-19,3,5,-6,0,12,9,0,-13,-3,None
0,-4,-2,-17,-30,-19,3,5,-6,0,12,9,1,-14,-2,None
0,0,1,1,-14,11,-2,1,-1,0,12,9,1,-14,-2,None
0,0,3,14,71,45,4,-2,-2,0,12,9,1,-14,-2,None
0,-2,-3,-14,10,-13,-3,-2,0,0,12,9,1,-14,-2,None
0,-2,-2,-2,-67,-24,-11,-5,3,0,12,9,1,-14,-2,None
0,-2,-2,-2,-67,-24,-11,-5,3,0,12,9,1,-14,-2,None
0,-2,-2,-2,-67,-24,-11,-5,3,0,12,9,2,-15,-3,None
0,-1,-4,-2,-3,1,-1,2,-3,0,12,9,2,-15,-3,None
0,-1,2,-5,-41,-18,-7,-3,0,0,12,9,2,-15,-3,None
0,0,2,6,66,21,-1,-3,-2,0,12,9,2,-15,-3,None
0,0,1,0,-86,11,9,4,2,0,12,9,2,-15,-3,None
0,0,1,0,-86,11,9,4,2,0,12,9,2,-15,-3,None
0,0,1,0,-86,11,9,4,2,0,12,9,2,-15,-3,None
0,1,5,6,5,7,4,-1,0,0,12,9,2,-15,-3,None
0,-4,-4,-7,-14,0,-3,-3,-3,0,12,9,2,-15,-3,None
0,0,0,-2,-86,-50,-1,-1,0,0,12,9,2,-15,-3,None
0,-1,-2,-2,17,-1,-7,-7,-5,0,12,9,2,-15,-3,None
0,-1,-2,-2,17,-1,-7,-7,-5,0,12,9,2,-15,-3,None
0,-1,-2,-2,17,-1,-7,-7,-5,0,12,9,3,-16,-3,None
0,0,2,5,37,4,1,0,-1,0,12,9,3,-16,-3,None
0,-5,-3,-15,-10,3,-2,-3,-1,0,12,9,3,-16,-3,None
0,3,8,27,96,45,3,2,-1,0,12,9,3,-16,-3,None
0,-4,0,24,-44,-8,-4,-1,-3,0,12,9,3,-16,-3,None
0,-4,0,24,-44,-8,-4,-1,-3,0,12,9,3,-16,-3,None
0,-4,0,24,-44,-8,-4,-1,-3,0,12,9,3,-15,-2,None
0,-1,-1,-15,-53,4,4,-1,-4,0,12,9,3,-15,-2,None
0,-2,-3,-5,11,-15,-12,-5,-2,0,12,9,3,-15,-2,None
0,0,-1,9,-7,47,11,6,4,0,12,9,3,-15,-2,None
0,3,6,29,75,-8,-7,-13,-3,0,12,9,3,-15,-2,None
0,3,6,29,75,-8,-7,-13,-3,0,12,9,3,-15,-2,None
0,3,6,29,75,-8,-7,-13,-3,0,12,9,4,-13,-2,None
0,4,-1,-11,-24,4,5,9,11,0,12,9,4,-13,-2,None
0,-3,0,-21,-11,13,2,8,-3,0,12,9,4,-13,-2,None
0,-5,-7,14,-19,-47,-4,-7,-4,0,12,9,4,-13,-2,None
0,0,2,-19,8,36,6,8,-1,0,12,9,4,-13,-2,None
0,0,2,-19,8,36,6,8,-1,1,12,9,4,-13,-2,None
0,0,2,-19,8,36,6,8,-1,1,12,9,4,-15,-2,None
0,-9,-6,-15,-75,10,-4,-6,-3,1,12,9,4,-15,-2,None
0,-2,-2,1,-7,-63,-6,-5,0,1,12,9,4,-15,-2,None
0,3,10,14,58,19,0,9,-2,1,12,9,4,-15,-2,None
0,-6,-11,5,-11,17,-2,-8,-4,1,12,9,4,-15,-2,None
0,-6,-11,5,-11,17,-2,-8,-4,1,12,9,4,-15,-2,None
0,-6,-11,5,-11,17,-2,-8,-4,1,12,9,5,-15,-2,None
0,1,8,8,75,-24,3,-3,-3,1,12,9,5,-15,-2,None
0,-2,-2,-39,-66,-2,-7,0,-3,1,12,9,5,-15,-2,None
0,-6,-4,-20,-5,10,10,-4,-8,1,12,9,5,-15,-2,None
0,3,5,10,42,-10,8,7,6,1,12,9,5,-15,-2,None
0,3,5,10,42,-10,8,7,6,1,13,9,5,-15,-2,None
0,3,5,10,42,-10,8,7,6,1,13,9,7,-14,-1,None
0,-3,1,-10,-21,6,-4,-3,-7,1,13,9,7,-14,-1,None
0,0,5,39,71,-18,1,-3,1,1,13,9,7,-14,-1,None
0,1,1,-39,15,56,-6,-7,-1,1,13,9,7,-14,-1,None
0,-2,0,-34,24,7,-7,-5,-3,1,13,9,7,-14,-1,None
0,-2,0,-34,24,7,-7,-5,-3,1,13,9,7,-14,-1,None
0,-2,0,-34,24,7,-7,-5,-3,1,13,9,8,-12,-1,None
0,-1,-2,1,-4,-18,-2,1,1,1,13,9,8,-12,-1,None
0,2,5,30,15,-10,2,-1,2,1,13,9,8,-12,-1,None
0,-2,-1,-7,-54,-21,-6,-3,-2,1,13,9,8,-12,-1,None
0,0,-1,-16,-48,13,2,-3,-4,1,13,9,8,-12,-1,None
0,0,-1,-16,-48,13,2,-3,-4,1,13,9,8,-12,-1,None
0,0,-1,-16,-48,13,2,-3,-4,1,13,9,8,-11,0,None
0,-1,5,24,64,35,-1,0,2,1,13,9,8,-11,0,None
0,-4,8,7,-1,-13,-11,-5,-9,1,13,9,8,-11,0,None
0,-4,-2,-5,-7,16,1,1,0,1,13,9,8,-11,0,None
0,-1,-3,-11,67,-13,-2,5,-5,1,13,9,8,-11,0,None
0,-1,-3,-11,67,-13,-2,5,-5,1,12,9,8,-11,0,None
0,-1,-3,-11,67,-13,-2,5,-5,1,12,9,8,-12,-1,None
0,4,-8,10,7,-8,-1,-1,-1,1,12,9,8,-12,-1,None
0,1,0,-16,-16,-1,4,2,-1,1,12,9,8,-12,-1,None
0,1,18,-4,1,24,0,-1,2,1,12,9,8,-12,-1,None
0,-2,6,2,20,15,1,0,3,1,12,9,8,-12,-1,None
0,-2,6,2,20,15,1,0,3,1,12,9,8,-12,-1,None
0,-2,6,2,20,15,1,0,3,1,12,9,8,-15,-1,None
0,-3,11,3,-28,-22,-12,-8,-4,1,12,9,8,-15,-1,None
0,3,-4,-2,15,32,9,1,8,1,12,9,8,-15,-1,None
0,-3,13,4,-55,-26,-7,-3,-11,1,12,9,8,-15,-1,None
0,-4,-16,-6,20,-6,1,1,-1,1,12,9,8,-15,-1,None
0,-4,-16,-6,20,-6,1,1,-1,1,12,9,8,-15,-1,None
0,-4,-16,-6,20,-6,1,1,-1,1,12,9,8,-16,-1,None
0,-1,7,-19,-63,-19,0,-5,-4,1,12,9,8,-16,-1,None
0,-7,-3,20,9,15,-7,-6,-5,1,12,9,8,-16,-1,None
0,-5,-20,-11,-32,-29,-8,-5,-1,1,12,9,8,-16,-1,None
0,4,21,-1,-36,-39,1,-3,0,1,12,9,8,-16,-1,None
0,4,21,-1,-36,-39,1,-3,0,1,12,9,8,-16,-1,None
0,4,21,-1,-36,-39,1,-3,0,1,12,9,8,-15,-3,None
0,-3,-10,-9,61,21,-2,-2,-6,1,12,9,8,-15,-3,None
0,7,-5,-26,11,5,2,-1,-2,1,12,9,8,-15,-3,None
0,1,8,-7,17,-17,-2,-3,-1,1,12,9,8,-15,-3,None
0,-1,-32,-6,27,5,-2,-2,-4,1,12,9,8,-15,-3,None
0,-1,-32,-6,27,5,-2,-2,-4,1,12,9,8,-15,-3,None
0,-1,-32,-6,27,5,-2,-2,-4,1,12,9,8,-13,-2,None
0,7,-6,-6,-14,-6,-3,-2,1,1,12,9,8,-13,-2,None
0,-4,3,-4,26,0,2,-1,-4,1,12,9,8,-13,-2,None
0,1,2,21,7,20,-1,0,-1,1,12,9,8,-13,-2,None
0,-1,12,15,-11,-8,-1,-2,-2,1,12,9,8,-13,-2,None
0,-1,12,15,-11,-8,-1,-2,-2,1,12,9,8,-13,-2,None
0,-1,12,15,-11,-8,-1,-2,-2,1,12,9,7,-11,-1,None
0,-3,-8,5,17,57,2,-2,-4,1,12,9,7,-11,-1,None
0,-2,-6,-5,89,25,-4,-1,-2,1,12,9,7,-11,-1,None
0,-4,-2,-33,46,55,1,-3,-2,1,12,9,7,-11,-1,None
0,-4,-5,-13,-94,-80,-10,-3,-3,1,12,9,7,-11,-1,None
0,-4,-5,-13,-94,-80,-10,-3,-3,1,12,9,7,-11,-1,None
0,-4,-5,-13,-94,-80,-10,-3,-3,1,12,9,6,-11,0,None
0,-4,18,15,80,-2,-1,0,-1,1,12,9,6,-11,0,None
0,-6,-28,-11,-71,-11,-2,-1,-3,1,12,9,6,-11,0,None
0,-3,-3,21,32,-10,-2,-1,0,1,12,9,6,-11,0,None
0,-2,-2,0,12,17,-1,-1,0,1,12,9,6,-11,0,None
0,-2,-2,0,12,17,-1,-1,0,1,12,9,6,-11,0,None
0,-2,-2,0,12,17,-1,-1,0,1,12,9,7,-11,-1,None
0,-3,8,-11,-12,-27,0,1,-2,1,12,9,7,-11,-1,None
0,-3,13,2,-63,1,-2,-2,0,1,12,9,7,-11,-1,None
0,-3,-36,-1,-15,-5,1,0,2,1,12,9,7,-11,-1,None
0,3,15,22,33,36,1,0,-5,1,12,9,7,-11,-1,None
0,3,15,22,33,36,1,0,-5,1,12,9,7,-11,-1,None
0,3,15,22,33,36,1,0,-5,1,12,9,7,-11,-1,None
0,-10,-50,1,-5,17,2,0,0,1,12,9,7,-11,-1,None
0,1,28,-10,-18,-57,-4,0,1,1,12,9,7,-11,-1,None
0,-3,-31,-6,-10,8,-1,-3,-1,1,12,9,7,-11,-1,None
0,-17,4,3,20,13,0,-2,-3,1,12,9,7,-11,-1,None
0,-17,4,3,20,13,0,-2,-3,1,12,9,7,-11,-1,None
0,-17,4,3,20,13,0,-2,-3,1,12,9,8,-12,-1,None
0,-1,10,-8,-20,5,1,-2,-1,1,12,9,8,-12,-1,None
0,-2,-18,10,-11,-16,2,0,-3,1,12,9,8,-12,-1,None
0,-5,33,-5,-1,-25,-5,-2,-1,1,12,9,8,-12,-1,None
0,3,-10,-5,8,-9,-2,-2,0,1,12,9,8,-12,-1,None
0,3,-10,-5,8,-9,-2,-2,0,1,12,9,8,-12,-1,None
0,3,-10,-5,8,-9,-2,-2,0,1,12,9,8,-13,-1,None
0,-1,4,-6,-23,16,-3,-2,-1,1,12,9,8,-13,-1,None
0,-3,4,-7,-8,-21,-1,0,-1,1,12,9,8,-13,-1,None
0,8,12,3,-5,-28,-3,-1,-2,1,12,9,8,-13,-1,None
0,1,0,-6,-25,16,-1,-2,-1,1,12,9,8,-13,-1,None
0,1,0,-6,-25,16,-1,-2,-1,1,12,9,8,-13,-1,None
0,1,0,-6,-25,16,-1,-2,-1,1,12,9,8,-13,-1,None
0,-1,8,0,-5,-29,-1,-1,-3,1,12,9,8,-13,-1,None
0,4,9,-7,12,41,3,0,-1,1,12,9,8,-13,-1,None
0,-2,-4,5,2,-2,-2,-1,-2,1,12,9,8,-13,-1,None
0,1,3,1,6,2,-2,-1,-2,1,12,9,8,-13,-1,None
0,1,3,1,6,2,-2,-1,-2,1,12,9,8,-13,-1,None
0,1,3,1,6,2,-2,-1,-2,1,12,9,8,-12,0,None
0,-1,9,4,27,-14,-3,-1,0,1,12,9,8,-12,0,None
0,3,-3,3,-56,11,-2,-2,-2,1,12,9,8,-12,0,None
0,-5,-35,-18,32,5,1,-1,-2,1,12,9,8,-12,0,None
0,2,-2,-5,24,14,4,0,1,1,12,9,8,-12,0,None
0,2,-2,-5,24,14,4,0,1,1,12,9,8,-12,0,None
0,2,-2,-5,24,14,4,0,1,1,12,9,8,-12,0,None
0,6,12,-12,-14,-22,-5,-3,-2,1,12,9,8,-12,0,None
0,-6,0,2,40,26,1,-2,-2,1,12,9,8,-12,0,None
0,-2,12,9,-37,-24,0,1,-1,1,12,9,8,-12,0,None
0,2,-7,-3,-2,-10,-3,-1,-1,1,12,9,8,-12,0,None
0,2,-7,-3,-2,-10,-3,-1,-1,1,12,9,8,-12,0,None
0,2,-7,-3,-2,-10,-3,-1,-1,1,12,9,8,-12,0,None
0,-2,-4,-4,-10,0,2,0,-1,1,12,9,8,-12,0,None
0,0,-2,3,10,-6,-1,-1,-1,1,12,9,8,-12,0,None
0,0,9,1,-12,-4,-4,-1,-1,1,12,9,8,-12,0,None
0,1,19,-6,9,4,-3,-2,-1,1,12,9,8,-12,0,None
0,1,19,-6,9,4,-3,-2,-1,1,12,9,8,-12,0,None
0,1,19,-6,9,4,-3,-2,-1,1,12,9,8,-12,0,None
0,0,6,-4,-4,0,-1,-4,-3,1,12,9,8,-12,0,None
0,-3,1,10,7,11,1,-2,-2,1,12,9,8,-12,0,None
0,5,19,-10,11,11,2,0,0,1,12,9,8,-12,0,None
0,-9,-40,-8,-8,1,-1,-1,0,1,12,9,8,-12,0,None
0,-9,-40,-8,-8,1,-1,-1,0,1,12,9,8,-12,0,None
0,-9,-40,-8,-8,1,-1,-1,0,1,12,9,7,-12,0,None
0,1,5,-3,-10,1,-1,0,-1,1,12,9,7,-12,0,None
0,-1,2,-1,12,-1,-2,-1,-1,1,12,9,7,-12,0,None
0,1,3,-3,-6,-1,-2,-2,-1,1,12,9,7,-12,0,None
0,-1,8,-1,-3,-3,-2,-1,-1,1,12,9,7,-12,0,None
0,-1,8,-1,-3,-3,-2,-1,-1,1,12,9,7,-12,0,None
0,-1,8,-1,-3,-3,-2,-1,-1,1,12,9,7,-12,-1,None
0,-5,-5,4,20,5,1,-1,0,1,12,9,7,-12,-1,None
0,2,2,-9,-17,-1,-3,-1,1,1,12,9,7,-12,-1,None
0,0,12,4,-16,5,-2,-3,-4,1,12,9,7,-12,-1,None
0,-1,8,3,18,24,-1,-3,-3,1,12,9,7,-12,-1,None
0,-1,8,3,18,24,-1,-3,-3,1,12,9,7,-12,-1,None
0,-1,8,3,18,24,-1,-3,-3,1,12,9,7,-12,-1,None
0,0,-4,3,5,1,0,-2,-1,1,12,9,7,-12,-1,None
0,0,11,2,4,-1,1,1,1,1,12,9,7,-12,-1,None
0,0,-1,-8,-6,-6,0,0,0,1,12,9,7,-12,-1,None
0,1,7,-4,-12,-7,-3,-2,-2,1,12,9,7,-12,-1,None
0,1,7,-4,-12,-7,-3,-2,-2,1,12,9,7,-12,-1,None
0,1,7,-4,-12,-7,-3,-2,-2,1,12,9,8,-12,-1,None
0,-2,0,0,-5,-1,-1,-1,-2,1,12,9,8,-12,-1,None
0,-1,-1,-3,4,0,0,-2,-2,1,12,9,8,-12,-1,None
0,-1,-3,-1,1,-3,0,-2,0,1,12,9,8,-12,-1,None
0,-1,-1,-3,2,0,-2,-1,-2,1,12,9,8,-12,-1,None
0,-1,-1,-3,2,0,-2,-1,-2,1,12,9,8,-12,-1,None
0,-1,-1,-3,2,0,-2,-1,-2,1,12,9,8,-12,-1,None
0,0,2,2,13,4,-1,-2,0,1,12,9,8,-12,-1,None
0,2,13,-3,-3,-2,-2,-1,0,1,12,9,8,-12,-1,None
0,-2,3,1,16,16,-1,-2,-2,1,12,9,8,-12,-1,None
0,-2,8,9,17,5,-1,-2,-2,1,12,9,8,-12,-1,None
0,-2,8,9,17,5,-1,-2,-2,1,12,9,8,-12,-1,None
0,-2,8,9,17,5,-1,-2,-2,1,12,9,8,-12,-1,None
0,0,4,12,-9,-1,-1,-2,-2,1,12,9,8,-12,-1,None
0,-2,-5,-9,5,6,1,1,0,1,12,9,8,-12,-1,None
0,0,6,2,-4,-8,0,0,0,1,12,9,8,-12,-1,None
0,0,4,-6,-7,-3,0,-1,1,1,12,9,8,-12,-1,None
0,0,4,-6,-7,-3,0,-1,1,1,12,9,8,-12,-1,None
0,0,4,-6,-7,-3,0,-1,1,1,12,9,8,-12,-1,None
0,-1,-2,-3,-4,-1,-3,-2,-1,1,12,9,8,-12,-1,None
0,-1,-1,4,7,2,1,-2,-2,1,12,9,8,-12,-1,None
0,-3,-3,-2,1,-2,-1,-3,-2,1,12,9,8,-12,-1,None
0,-1,0,-6,-8,-1,-1,-2,-1,1,12,9,8,-12,-1,None
0,-1,0,-6,-8,-1,-1,-2,-1,1,12,9,8,-12,-1,None
0,-1,0,-6,-8,-1,-1,-2,-1,1,12,9,8,-12,-1,None
0,0,-1,-6,-1,-1,-1,-2,-2,1,12,9,8,-12,-1,None
0,-2,-2,-2,-2,2,-1,-3,-2,1,12,9,8,-12,-1,None
0,0,-5,-5,1,0,-2,-2,0,1,12,9,8,-12,-1,None
0,-1,0,7,-3,-1,3,1,1,1,12,9,8,-12,-1,None
0,-1,0,7,-3,-1,3,1,1,1,12,9,8,-12,-1,None
0,-1,0,7,-3,-1,3,1,1,1,12,9,8,-12,-1,None
0,10,40,-12,-26,-2,-2,-2,-2,1,12,9,8,-12,-1,None
0,-4,-3,1,6,4,-1,-3,-5,1,12,9,8,-12,-1,None
0,-1,-4,0,2,1,-1,-1,-1,1,12,9,8,-12,-1,None
0,0,-1,1,-5,-2,-1,0,-1,1,12,9,8,-12,-1,None
0,0,-1,1,-5,-2,-1,0,-1,1,12,9,8,-12,-1,None
0,0,-1,1,-5,-2,-1,0,-1,1,12,9,8,-12,-1,None
0,-2,0,-3,6,-2,0,1,1,1,12,9,8,-12,-1,None
0,0,-5,-3,-1,-2,-2,-1,0,1,12,9,8,-12,-1,None
0,-1,-1,-2,-1,-3,0,-2,-3,1,12,9,8,-12,-1,None
0,0,7,-7,-5,-2,0,-2,-2,1,12,9,8,-12,-1,None
0,0,7,-7,-5,-2,0,-2,-2,1,12,9,8,-12,-1,None
0,0,7,-7,-5,-2,0,-2,-2,1,12,9,8,-12,-1,None
0,-2,-13,-4,-2,1,0,0,-2,1,12,9,8,-12,-1,None
0,-2,0,-1,-2,-1,-2,0,-2,1,12,9,8,-12,-1,None
0,-2,-4,0,2,-1,-1,0,-1,1,12,9,8,-12,-1,None
0,0,1,-5,-1,-1,-3,-1,-1,1,12,9,8,-12,-1,None
0,0,1,-5,-1,-1,-3,-1,-1,1,12,9,8,-12,-1,None
0,0,1,-5,-1,-1,-3,-1,-1,1,12,9,8,-12,-1,None
0,-4,-8,-1,2,0,-3,-2,-2,1,12,9,8,-12,-1,None
0,0,-1,2,4,2,-1,-1,0,1,12,9,8,-12,-1,None
0,2,32,1,-2,-2,0,-2,-1,1,12,9,8,-12,-1,None
0,-3,-10,-13,-15,4,0,-3,-3,1,12,9,8,-12,-1,None
0,-3,-10,-13,-15,4,0,-3,-3,1,12,9,8,-12,-1,None
0,-3,-10,-13,-15,4,0,-3,-3,1,12,9,8,-12,-1,None
0,-1,-8,-1,-5,1,-1,-3,-1,1,12,9,8,-12,-1,None
0,-2,0,-1,2,1,0,-1,-1,1,12,9,8,-12,-1,None
0,0,3,-3,-8,-7,-2,1,0,1,12,9,8,-12,-1,None
0,1,4,-1,2,-3,-1,-2,-1,1,12,9,8,-12,-1,None
0,1,4,-1,2,-3,-1,-2,-1,1,12,9,8,-12,-1,None
0,1,4,-1,2,-3,-1,-2,-1,1,12,9,8,-12,-1,None
0,-5,-6,0,2,0,-2,-1,0,1,12,9,8,-12,-1,None
0,-1,2,-3,-7,-4,-1,-1,-1,1,12,9,8,-12,-1,None
0,-1,-10,-1,3,2,-1,-2,-1,1,12,9,8,-12,-1,None
0,-3,0,1,-1,0,-2,-2,-1,1,12,9,8,-12,-1,None
0,-3,0,1,-1,0,-2,-2,-1,1,12,9,8,-12,-1,None
0,-3,0,1,-1,0,-2,-2,-1,1,12,9,8,-12,-1,None
0,0,1,-1,1,0,-1,0,-1,1,12,9,8,-12,-1,None
0,0,-13,-3,-3,-2,-2,-2,-5,1,12,9,8,-12,-1,None
0,-1,5,0,10,1,1,0,0,1,12,9,8,-12,-1,None
0,0,2,0,-3,2,0,-1,-1,1,12,9,8,-12,-1,None
0,0,2,0,-3,2,0,-1,-1,1,12,9,8,-12,-1,None
0,0,2,0,-3,2,0,-1,-1,1,12,9,8,-12,-1,None
0,1,3,-1,0,-1,0,-2,-2,1,12,9,8,-12,-1,None
0,-14,-1,-5,-2,2,2,0,0,1,12,9,8,-12,-1,None
0,23,0,9,9,1,-2,-3,-3,1,12,9,8,-12,-1,None
0,7,11,-2,-3,-2,-2,0,-3,1,12,9,8,-12,-1,None
0,7,11,-2,-3,-2,-2,0,-3,1,12,9,8,-12,-1,None
0,7,11,-2,-3,-2,-2,0,-3,1,12,9,8,-12,-1,None
0,-5,-20,-2,-5,1,-2,-1,0,1,12,9,8,-12,-1,None
0,3,7,0,-1,3,-1,-1,-1,1,12,9,8,-12,-1,None
0,-9,-12,-3,-1,-1,0,0,-1,1,12,9,8,-12,-1,None
0,-5,6,0,7,-2,-2,0,0,1,12,9,8,-12,-1,None
0,-5,6,0,7,-2,-2,0,0,1,12,9,8,-12,-1,None
0,-5,6,0,7,-2,-2,0,0,1,12,9,8,-12,-1,None
0,0,3,-2,3,7,0,-3,-3,1,12,9,8,-12,-1,None
0,-1,-3,-1,-9,1,-1,-1,-1,1,12,9,8,-12,-1,None
0,-9,2,-5,-8,-2,-1,0,-1,1,12,9,8,-12,-1,None
0,1,-3,-3,-1,-4,-2,-3,-3,1,12,9,8,-12,-1,None
0,1,-3,-3,-1,-4,-2,-3,-3,1,12,9,8,-12,-1,None
0,1,-3,-3,-1,-4,-2,-3,-3,1,12,9,8,-12,-1,None
0,-4,3,-5,2,-3,-2,0,-1,1,12,9,8,-12,-1,None
0,0,2,2,-3,-4,0,0,0,1,12,9,8,-12,-1,None
0,-4,-8,-9,-5,-5,-4,-3,-3,1,12,9,8,-12,-1,None
0,-1,0,2,12,14,-2,-1,-1,1,12,9,8,-12,-1,None
0,-1,0,2,12,14,-2,-1,-1,1,12,9,8,-12,-1,None
0,-1,0,2,12,14,-2,-1,-1,1,12,9,8,-12,-1,None
0,-3,-1,-4,-10,0,-1,-1,-2,1,12,9,8,-12,-1,None
0,2,7,0,1,-2,-1,-1,0,1,12,9,8,-12,-1,None
0,-1,-2,-3,-4,-4,0,-1,-2,1,12,9,8,-12,-1,None
0,-3,-3,5,-4,-4,1,1,-1,1,12,9,8,-12,-1,None
0,-3,-3,5,-4,-4,1,1,-1,1,12,9,8,-12,-1,None
0,-3,-3,5,-4,-4,1,1,-1,1,12,9,8,-12,-1,None
0,-1,4,-17,7,-1,-2,-2,-1,1,12,9,8,-12,-1,None
0,-2,-2,6,-4,4,-1,-1,-2,1,12,9,8,-12,-1,None
0,-5,8,2,-4,-1,0,-1,-2,1,12,9,8,-12,-1,None
0,-6,-30,-5,0,0,-1,-2,-2,1,12,9,8,-12,-1,None
0,-6,-30,-5,0,0,-1,-2,-2,1,12,9,8,-12,-1,None
0,-6,-30,-5,0,0,-1,-2,-2,1,12,9,8,-12,-1,None
0,-3,4,2,-4,7,0,-3,-3,1,12,9,8,-12,-1,None
0,1,1,-4,0,-2,-1,-1,0,1,12,9,8,-12,-1,None
0,-3,0,-4,1,0,-1,-1,-1,1,12,9,8,-12,-1,None
0,-2,-16,-6,-4,-4,-1,-1,-1,1,12,9,8,-12,-1,None
0,-2,-16,-6,-4,-4,-1,-1,-1,1,12,9,8,-12,-1,None
0,-2,-16,-6,-4,-4,-1,-1,-1,1,12,9,8,-12,-1,None
0,2,2,1,-1,-3,-1,-1,-1,1,12,9,8,-12,-1,None
0,-5,5,-3,5,-1,-2,-4,-3,1,12,9,8,-12,-1,None
0,-5,-2,-1,-3,5,0,-1,0,1,12,9,8,-12,-1,None
0,1,5,-5,0,1,-1,-1,-1,1,12,9,8,-12,-1,None
0,1,5,-5,0,1,-1,-1,-1,1,12,9,8,-12,-1,None
0,1,5,-5,0,1,-1,-1,-1,1,12,9,8,-12,-1,None
0,-3,6,-9,12,0,0,-1,-1,1,12,9,8,-12,-1,None
0,2,5,1,-8,-3,-1,-1,-2,1,12,9,8,-12,-1,None
0,0,1,-1,1,-3,-1,-1,-1,1,12,9,8,-12,-1,None
0,-3,6,-6,1,18,-2,-3,-2,1,12,9,8,-12,-1,None
0,-3,6,-6,1,18,-2,-3,-2,1,12,9,8,-12,-1,None
0,-3,6,-6,1,18,-2,-3,-2,1,12,9,8,-12,-1,None
0,1,1,2,-3,-1,-1,-1,-1,1,12,9,8,-12,-1,None
0,-1,0,-4,5,0,-1,-1,-1,1,12,9,8,-12,-1,None
0,-2,-2,-5,-3,2,-1,-2,-2,1,12,9,8,-12,-1,None
0,0,4,1,-3,-6,0,-1,0,1,12,9,8,-12,-1,None
0,0,4,1,-3,-6,0,-1,0,1,12,9,8,-12,-1,None
0,0,4,1,-3,-6,0,-1,0,1,12,9,8,-12,-1,None
0,-3,-5,5,-1,-1,-3,-2,-2,1,12,9,8,-12,-1,None
0,9,16,-6,-5,1,-3,-4,-2,1,12,9,8,-12,-1,None
0,2,22,-3,0,0,-2,-1,-1,1,12,9,8,-12,-1,None
0,-5,-22,-4,1,-3,-2,-1,-2,1,12,9,8,-12,-1,None
0,-5,-22,-4,1,-3,-2,-1,-2,1,12,9,8,-12,-1,None
0,-5,-22,-4,1,-3,-2,-1,-2,1,12,9,8,-12,-1,None
0,2,0,2,-1,-1,0,-1,-3,1,12,9,8,-12,-1,None
0,-5,-7,-1,-3,-7,-1,0,-1,1,12,9,8,-12,-1,None
0,-1,4,-2,8,8,-1,-2,-2,1,12,9,8,-12,-1,None
0,2,16,-1,-7,-1,0,-2,-3,1,12,9,8,-12,-1,None
0,2,16,-1,-7,-1,0,-2,-3,1,12,9,8,-12,-1,None
0,2,16,-1,-7,-1,0,-2,-3,1,12,9,8,-12,-1,None
0,-3,-1,-1,-4,-3,0,-2,-2,1,12,9,8,-12,-1,None
0,0,-6,-4,1,2,0,1,0,1,12,9,8,-12,-1,None
0,-2,-9,-1,-3,0,-1,-1,-1,1,12,9,8,-12,-1,None
0,-1,6,-1,0,-2,-2,-1,0,1,12,9,8,-12,-1,None
0,-1,6,-1,0,-2,-2,-1,0,1,12,9,8,-12,-1,None
0,-1,6,-1,0,-2,-2,-1,0,1,12,9,8,-12,-1,None
0,-3,-7,2,-3,1,-1,-2,-1,1,12,9,8,-12,-1,None
0,-4,-2,-19,-6,1,-2,-1,-2,1,12,9,8,-12,-1,None
0,6,-14,6,5,1,0,-2,-1,1,12,9,8,-12,-1,None
0,-5,25,-1,-2,-4,-1,-2,-1,1,12,9,8,-12,-1,None
0,-5,25,-1,-2,-4,-1,-2,-1,1,12,9,8,-12,-1,None
0,-5,25,-1,-2,-4,-1,-2,-1,1,12,9,8,-12,-1,None
0,-3,-3,-1,-1,3,-2,-1,-1,1,12,9,8,-12,-1,None
0,-2,-4,2,6,3,-1,-2,-3,1,12,9,8,-12,-1,None
0,-4,-9,-4,-3,0,0,-2,-1,1,12,9,8,-12,-1,None
0,1,3,-4,-2,-3,0,0,-1,1,12,9,8,-12,-1,None
0,1,3,-4,-2,-3,0,0,-1,1,12,9,8,-12,-1,None
0,1,3,-4,-2,-3,0,0,-1,1,12,9,8,-12,-1,None
0,1,3,-1,2,-2,-2,0,-1,1,12,9,8,-12,-1,None
0,-3,-1,1,2,0,-1,-1,0,1,12,9,8,-12,-1,None
0,-7,-4,-4,-4,0,-1,1,-1,1,12,9,8,-12,-1,None
0,4,25,-4,-2,-2,0,-2,-1,1,12,9,8,-12,-1,None
0,4,25,-4,-2,-2,0,-2,-1,1,12,9,8,-12,-1,None
0,4,25,-4,-2,-2,0,-2,-1,1,12,9,8,-12,-1,None
0,-4,-59,2,-11,-1,-1,-3,-1,1,12,9,8,-12,-1,None
0,-2,3,4,-3,0,0,-2,-1,1,12,9,8,-12,-1,None
0,-1,5,-3,3,-3,-2,-1,-1,1,12,9,8,-12,-1,None
0,-2,-1,-2,4,16,0,-3,-2,1,12,9,8,-12,-1,None
0,-2,-1,-2,4,16,0,-3,-2,1,12,9,8,-12,-1,None
0,-2,-1,-2,4,16,0,-3,-2,1,12,9,8,-12,-1,None
0,0,9,-4,2,1,-1,0,-2,1,12,9,8,-12,-1,None
0,0,1,-2,0,-1,-1,-2,0,1,12,9,8,-12,-1,None
0,-1,-5,0,-9,-4,-2,-2,-1,1,12,9,8,-12,-1,None
0,-2,-6,-1,2,-4,0,0,-2,1,12,9,8,-12,-1,None
0,-2,-6,-1,2,-4,0,0,-2,1,12,9,8,-12,-1,None
0,-2,-6,-1,2,-4,0,0,-2,1,12,9,8,-12,-1,None
0,0,15,-3,2,1,0,-2,-3,1,12,9,8,-12,-1,None
0,-1,-4,1,1,3,-2,-1,-2,1,12,9,8,-12,-1,None
0,-3,19,-8,3,6,-2,-1,-1,1,12,9,8,-12,-1,None
0,1,-22,4,-9,-12,-2,-2,-1,1,12,9,8,-12,-1,None
0,1,-22,4,-9,-12,-2,-2,-1,1,12,9,8,-12,-1,None
0,1,-22,4,-9,-12,-2,-2,-1,1,12,9,8,-12,-1,None
0,-4,12,0,20,-2,-2,-4,-3,1,12,9,8,-12,-1,None
0,-1,3,-3,-10,17,0,-2,-3,1,12,9,8,-12,-1,None
0,-1,-7,-1,0,4,-1,-2,-2,1,12,9,8,-12,-1,None
0,-1,3,-3,-11,-8,0,0,-1,1,12,9,8,-12,-1,None
0,-1,3,-3,-11,-8,0,0,-1,1,12,9,8,-12,-1,None
0,-1,3,-3,-11,-8,0,0,-1,1,12,9,8,-12,-1,None
0,-2,6,-3,-9,-9,-1,0,-1,1,12,9,8,-12,-1,None
0,-2,-4,1,5,-4,-2,-1,-1,1,12,9,8,-12,-1,None
0,-1,-3,0,-1,0,-1,-2,-2,1,12,9,8,-12,-1,None
0,-1,-1,-1,0,3,-1,-2,-2,1,12,9,8,-12,-1,None
0,-1,-1,-1,0,3,-1,-2,-2,1,12,9,8,-12,-1,None
0,-1,-1,-1,0,3,-1,-2,-2,1,12,9,8,-12,-1,None
0,-1,18,-6,-1,2,-1,-1,0,1,12,9,8,-12,-1,None
0,3,-57,3,2,-2,-3,-2,0,1,12,9,8,-12,-1,None
0,1,15,0,13,1,-2,-2,-2,1,12,9,8,-12,-1,None
0,-1,3,-4,-9,-10,-3,0,-2,1,12,9,8,-12,-1,None
0,-1,3,-4,-9,-10,-3,0,-2,1,12,9,8,-12,-1,None
0,-1,3,-4,-9,-10,-3,0,-2,1,12,9,8,-12,-1,None
0,5,-6,3,-1,10,-1,-3,-2,1,12,9,8,-12,-1,None
0,-4,17,-3,5,1,0,-2,-1,1,12,9,8,-12,-1,None
0,-2,-5,-4,-7,-5,2,-2,0,1,12,9,8,-12,-1,None
0,0,-10,2,3,2,-1,-1,-1,1,12,9,8,-12,-1,None
0,0,-10,2,3,2,-1,-1,-1,1,12,9,8,-12,-1,None
0,0,-10,2,3,2,-1,-1,-1,1,12,9,8,-12,-1,None
0,-6,14,-5,-3,-2,-1,-1,-1,1,12,9,8,-12,-1,None
0,0,10,-1,-1,-4,-2,0,-1,1,12,9,8,-12,-1,None
0,-2,-7,-1,0,2,0,0,-2,1,12,9,8,-12,-1,None
0,-4,9,-4,6,2,-1,-2,-2,1,12,9,8,-12,-1,None
0,-4,9,-4,6,2,-1,-2,-2,1,12,9,8,-12,-1,None
0,-4,9,-4,6,2,-1,-2,-2,1,12,9,8,-12,-1,None
0,4,1,-1,-5,1,-1,-1,-2,1,12,9,8,-12,-1,None
0,2,8,-4,0,0,-1,-1,-1,1,12,9,8,-12,-1,None
0,1,-16,-4,3,-1,-1,-1,-1,1,12,9,8,-12,-1,None
0,-1,7,-6,0,3,-2,-1,-1,1,12,9,8,-12,-1,None
0,-1,7,-6,0,3,-2,-1,-1,1,12,9,8,-12,-1,None
0,-1,7,-6,0,3,-2,-1,-1,1,12,9,7,-12,-1,None
0,-6,-15,4,-5,-1,0,-1,-2,1,12,9,7,-12,-1,None
0,-2,2,-1,1,-3,0,-2,-1,1,12,9,7,-12,-1,None
0,-4,3,-3,2,8,-2,-2,-2,1,12,9,7,-12,-1,None
0,-1,-9,-3,-4,-4,-1,-1,-1,1,12,9,7,-12,-1,None
0,-1,-9,-3,-4,-4,-1,-1,-1,1,12,9,7,-12,-1,None
0,-1,-9,-3,-4,-4,-1,-1,-1,1,12,9,8,-12,-1,None
0,0,6,-2,0,1,0,-1,-2,1,12,9,8,-12,-1,None
0,-1,10,-1,-3,-2,0,-1,-2,1,12,9,8,-12,-1,None
0,-7,-3,0,-6,0,-1,-2,-1,1,12,9,8,-12,-1,None
0,4,25,2,15,2,-1,-3,-3,1,12,9,8,-12,-1,None
0,4,25,2,15,2,-1,-3,-3,1,12,9,8,-12,-1,None
0,4,25,2,15,2,-1,-3,-3,1,12,9,8,-12,-1,None
0,0,1,-3,1,-1,-1,1,-1,1,12,9,8,-12,-1,None
0,1,5,5,-1,0,-2,-2,-2,1,12,9,8,-12,-1,None
0,-3,3,1,-2,0,-1,-1,-2,1,12,9,8,-12,-1,None
0,-1,-2,2,3,2,1,0,1,1,12,9,8,-12,-1,None
0,-1,-2,2,3,2,1,0,1,1,12,9,8,-12,-1,None
0,-1,-2,2,3,2,1,0,1,1,12,9,8,-12,-1,None
0,-1,0,-4,-3,-3,-2,-1,0,1,12,9,8,-12,-1,None
0,-4,-2,-6,-1,1,1,0,-1,1,12,9,8,-12,-1,None
0,1,6,-2,-3,-3,-3,-2,-2,1,12,9,8,-12,-1,None
0,-2,-6,-3,-6,1,1,-2,-1,1,12,9,8,-12,-1,None
0,-2,-6,-3,-6,1,1,-2,-1,1,12,9,8,-12,-1,None
0,-2,-6,-3,-6,1,1,-2,-1,1,12,9,8,-12,-1,None
0,-3,-6,-2,1,2,0,-2,-1,1,12,9,8,-12,-1,None
0,-4,26,1,6,0,0,-1,-1,1,12,9,8,-12,-1,None
0,-4,-37,-1,-12,0,-2,-1,2,1,12,9,8,-12,-1,None
0,-1,8,3,3,-7,-1,-2,-6,1,12,9,8,-12,-1,None
0,-1,8,3,3,-7,-1,-2,-6,1,12,9,8,-12,-1,None
0,-1,8,3,3,-7,-1,-2,-6,1,12,9,8,-12,-1,None
0,-2,-15,-5,4,-3,-2,-2,-1,1,12,9,8,-12,-1,None
0,-2,-7,-3,10,14,-3,-2,-2,1,12,9,8,-12,-1,None
0,-1,8,-3,-3,-3,0,-2,-1,1,12,9,8,-12,-1,None
0,-4,-8,-4,-1,2,-2,-1,2,1,12,9,8,-12,-1,None
0,-4,-8,-4,-1,2,-2,-1,2,1,12,9,8,-12,-1,None
0,-4,-8,-4,-1,2,-2,-1,2,1,12,9,8,-12,-1,None
0,0,7,-1,-4,-4,0,-2,-1,1,12,9,8,-12,-1,None
0,-1,5,-5,-5,-6,-1,-1,-3,1,12,9,8,-12,-1,None
0,6,4,-4,0,1,-1,-1,-2,1,12,9,8,-12,-1,None
0,1,7,1,-6,4,-2,-2,1,1,12,9,8,-12,-1,None
0,1,7,1,-6,4,-2,-2,1,1,12,9,8,-12,-1,None
0,1,7,1,-6,4,-2,-2,1,1,12,9,8,-12,-1,None
0,-1,-17,3,3,1,-1,-2,-3,1,12,9,8,-12,-1,None
0,-2,7,1,-1,5,-2,-2,-2,1,12,9,8,-12,-1,None
0,-2,6,-1,-11,-15,-2,-3,-2,1,12,9,8,-12,-1,None
0,-2,-5,0,4,13,-3,-2,-2,1,12,9,8,-12,-1,None
0,-2,-5,0,4,13,-3,-2,-2,1,12,9,8,-12,-1,None
0,-2,-5,0,4,13,-3,-2,-2,1,12,9,8,-12,-1,None
0,0,8,-1,-2,5,0,-1,-1,1,12,9,8,-12,-1,None
0,-2,-7,-6,-3,-3,-1,-1,0,1,12,9,8,-12,-1,None
0,0,1,0,8,-4,0,-1,-2,1,12,9,8,-12,-1,None
0,-2,1,-2,-4,-5,-1,-2,-2,1,12,9,8,-12,-1,None
0,-2,1,-2,-4,-5,-1,-2,-2,1,12,9,8,-12,-1,None
0,-2,1,-2,-4,-5,-1,-2,-2,1,12,9,8,-12,-1,None
0,-1,7,-6,-4,-1,-2,-3,-2,1,12,9,8,-12,-1,None
0,-1,-6,-3,2,-2,0,-1,-2,1,12,9,8,-12,-1,None
0,-4,7,-2,-1,3,0,-1,-1,1,12,9,8,-12,-1,None
0,8,22,-2,-2,2,1,1,-1,1,12,9,8,-12,-1,None
0,8,22,-2,-2,2,1,1,-1,1,12,9,8,-12,-1,None
0,8,22,-2,-2,2,1,1,-1,1,12,9,8,-12,-1,None
0,-4,-41,-6,3,5,-1,-2,-2,1,12,9,8,-12,-1,None
0,-1,-5,-2,4,0,-1,-3,-2,1,12,9,8,-12,-1,None
0,-2,4,1,-10,4,-1,-1,-1,1,12,9,8,-12,-1,None
0,-4,-3,-1,0,4,0,-2,0,1,12,9,8,-12,-1,None
0,-4,-3,-1,0,4,0,-2,0,1,12,9,8,-12,-1,None
0,-4,-3,-1,0,4,0,-2,0,1,12,9,8,-12,-1,None
0,1,17,0,-1,-4,-1,-1,1,1,12,9,8,-12,-1,None
0,1,2,-2,-4,-5,-3,0,0,1,12,9,8,-12,-1,None
0,-1,-4,-5,3,2,-1,-2,-2,1,12,9,8,-12,-1,None
0,-3,-9,-3,-5,-1,-1,-1,-2,1,12,9,8,-12,-1,None
0,-3,-9,-3,-5,-1,-1,-1,-2,1,12,9,8,-12,-1,None
0,-3,-9,-3,-5,-1,-1,-1,-2,1,12,9,8,-12,-1,None
0,0,15,0,-4,0,-1,0,0,1,12,9,8,-12,-1,None
0,-2,-8,-1,-3,-1,-1,-2,-2,1,12,9,8,-12,-1,None
0,0,8,-2,1,3,-1,-1,-2,1,12,9,8,-12,-1,None
0,-5,-19,-4,0,-1,-1,-1,-1,1,12,9,8,-12,-1,None
0,-5,-19,-4,0,-1,-1,-1,-1,1,12,9,8,-12,-1,None
0,-5,-19,-4,0,-1,-1,-1,-1,1,12,9,8,-12,-1,None
0,-4,33,-3,-7,2,-1,-1,-1,1,12,9,8,-12,-1,None
0,8,-40,16,6,-4,-1,-2,-3,1,12,9,8,-12,-1,None
0,-10,-35,-8,8,2,-2,-1,-2,1,12,9,8,-12,-1,None
0,-1,-6,-2,1,1,-1,-1,-2,1,12,9,8,-12,-1,None
0,-1,-6,-2,1,1,-1,-1,-2,1,12,9,8,-12,-1,None
0,-1,-6,-2,1,1,-1,-1,-2,1,12,9,8,-12,-1,None
0,-2,0,-4,0,-2,-2,0,-1,1,12,9,8,-12,-1,None
0,-2,11,-6,-4,0,0,-2,-2,1,12,9,8,-12,-1,None
0,3,13,-1,-1,-4,0,0,0,1,12,9,8,-12,-1,None
0,0,-8,-3,4,2,-2,-2,0,1,12,9,8,-12,-1,None
0,0,-8,-3,4,2,-2,-2,0,1,12,9,8,-12,-1,None
0,0,-8,-3,4,2,-2,-2,0,1,12,9,8,-12,-1,None
0,2,-3,1,1,-1,-3,-4,-6,1,12,9,8,-12,-1,None
0,-2,10,-5,-2,-1,-1,-2,-2,1,12,9,8,-12,-1,None
0,1,-1,0,2,1,-1,-2,-1,1,12,9,8,-12,-1,None
0,-3,11,-4,3,1,-1,-1,-1,1,12,9,8,-12,-1,None
0,-3,11,-4,3,1,-1,-1,-1,1,12,9,8,-12,-1,None
0,-3,11,-4,3,1,-1,-1,-1,1,12,9,8,-12,-1,None
0,2,3,-1,-2,0,0,-1,0,1,12,9,8,-12,-1,None
