0,-4,-1,4,11,3,20,-14,-8,1,12,9,10,-14,-4,None
0,0,-2,-8,31,27,14,-3,1,1,12,9,10,-14,-4,None
0,0,-3,-6,-8,3,-36,10,1,1,12,9,10,-14,-4,None
0,0,-3,-6,-8,3,-36,10,1,1,12,9,10,-14,-4,None
0,0,-3,-6,-8,3,-36,10,1,1,12,9,8,-15,-4,None
0,0,0,1,5,-1,9,-4,0,1,12,9,8,-15,-4,None
0,-2,0,-2,-10,-8,-19,-40,-7,1,12,9,8,-15,-4,None
0,-3,0,0,10,7,-18,14,0,1,12,9,8,-15,-4,None
0,0,2,-2,-15,-4,13,22,3,1,12,9,8,-15,-4,None
0,0,2,-2,-15,-4,13,22,3,1,12,9,8,-15,-4,None
0,0,2,-2,-15,-4,13,22,3,1,12,9,6,-16,-4,None
0,-2,0,7,-7,6,9,-1,-2,1,12,9,6,-16,-4,None
0,-1,-2,-11,-2,-11,1,5,0,1,12,9,6,-16,-4,None
0,-6,-1,-4,3,-8,4,-10,-10,1,12,9,6,-16,-4,None
0,2,0,-1,22,7,-51,-43,6,1,12,9,6,-16,-4,None
0,2,0,-1,22,7,-51,-43,6,1,12,9,6,-16,-4,None
0,2,0,-1,22,7,-51,-43,6,1,12,9,4,-15,-4,None
0,-3,-2,-4,-58,-21,48,62,-1,1,12,9,4,-15,-4,None
0,3,6,12,11,14,-31,-30,2,1,12,9,4,-15,-4,None
0,3,1,-3,5,6,48,53,9,1,12,9,4,-15,-4,None
0,-8,-1,3,-2,5,-3,-10,-13,1,12,9,4,-15,-4,None
0,-8,-1,3,-2,5,-3,-10,-13,1,12,9,4,-15,-4,None
0,-8,-1,3,-2,5,-3,-10,-13,1,12,9,2,-16,-4,None
0,-3,-2,-5,29,-5,-48,-73,-6,1,12,9,2,-16,-4,None
0,2,0,2,4,-1,21,42,10,1,12,9,2,-16,-4,None
0,4,6,10,-28,-7,-7,7,2,1,12,9,2,-16,-4,None
0,-3,1,12,23,11,2,-2,-4,1,12,9,2,-16,-4,None
0,-3,1,12,23,11,2,-2,-4,0,12,9,2,-16,-4,None
0,-3,1,12,23,11,2,-2,-4,0,12,9,1,-15,-3,None
0,1,8,27,-16,-14,-29,-33,-2,0,12,9,1,-15,-3,None
0,-1,2,-6,7,24,43,51,3,0,12,9,1,-15,-3,None
0,-4,2,21,5,-24,-23,-34,-8,0,12,9,1,-15,-3,None
0,1,-4,-28,-8,39,26,15,-2,0,12,9,1,-15,-3,None
0,1,-4,-28,-8,39,26,15,-2,0,12,9,1,-15,-3,None
0,1,-4,-28,-8,39,26,15,-2,0,12,9,0,-15,-4,None
0,-5,-1,-3,-5,-50,-34,-37,-9,0,12,9,0,-15,-4,None
0,0,-1,-5,-10,-2,-23,3,1,0,12,9,0,-15,-4,None
0,-2,-1,-2,4,52,24,36,2,0,12,9,0,-15,-4,None
0,-3,4,7,-17,-85,27,-5,-1,0,12,9,0,-15,-4,None
0,-3,4,7,-17,-85,27,-5,-1,0,12,9,0,-15,-4,None
0,-3,4,7,-17,-85,27,-5,-1,0,12,9,0,-15,-4,None
0,0,-1,-13,22,55,-9,9,2,0,12,9,0,-15,-4,None
0,-1,2,-8,17,-60,-5,-18,-3,0,12,9,0,-15,-4,None
0,-2,-6,-23,-5,30,-20,-32,-7,0,12,9,0,-15,-4,None
0,-4,-4,-6,-4,11,-6,29,-10,0,12,9,0,-15,-4,None
0,-4,-4,-6,-4,11,-6,29,-10,0,12,8,0,-15,-4,None
0,-4,-4,-6,-4,11,-6,29,-10,0,12,8,0,-16,-5,None
0,2,0,4,0,15,33,0,9,0,12,8,0,-16,-5,None
0,0,1,-6,2,68,2,2,-1,0,12,8,0,-16,-5,None
0,-2,4,10,7,-94,-12,-20,-7,0,12,8,0,-16,-5,None
0,3,2,-9,-19,30,-2,13,2,0,12,8,0,-16,-5,None
0,3,2,-9,-19,30,-2,13,2,0,12,8,0,-16,-5,None
0,3,2,-9,-19,30,-2,13,2,0,12,8,-1,-15,-4,None
0,-2,0,-8,20,-78,-23,-21,-7,0,12,8,-1,-15,-4,None
0,-3,-1,12,21,48,20,-2,-23,0,12,8,-1,-15,-4,None
0,1,1,1,-52,-2,-11,-6,15,0,12,8,-1,-15,-4,None
0,-2,-2,-2,-87,-27,-16,2,2,0,12,8,-1,-15,-4,None
0,-2,-2,-2,-87,-27,-16,2,2,17,12,8,-1,-15,-4,None
0,-2,-2,-2,-87,-27,-16,2,2,17,12,8,-2,-14,-4,None
0,-7,-5,-10,31,16,11,-4,-24,17,12,8,-2,-14,-4,None
0,5,1,-5,-9,4,8,6,39,17,12,8,-2,-14,-4,None
0,0,-1,-11,49,-14,-14,-30,-39,17,12,8,-2,-14,-4,None
0,-5,3,20,28,-12,2,-10,-27,17,12,8,-2,-14,-4,None
0,-5,3,20,28,-12,2,-10,-27,17,12,8,-2,-14,-4,None
0,-5,3,20,28,-12,2,-10,-27,17,12,8,-3,-13,-4,None
0,-15,-10,-28,-42,-5,-5,-15,-38,17,12,8,-3,-13,-4,None
0,-2,-1,-4,15,-13,-9,0,34,17,12,8,-3,-13,-4,None
0,1,3,10,7,31,4,-5,-24,17,12,8,-3,-13,-4,None
0,7,3,-4,4,35,21,22,54,17,12,8,-3,-13,-4,None
0,7,3,-4,4,35,21,22,54,17,12,8,-3,-13,-4,None
0,7,3,-4,4,35,21,22,54,17,12,8,-3,-12,-3,None
0,-1,9,4,28,2,-3,0,-13,17,12,8,-3,-12,-3,None
0,1,0,0,-21,9,-13,-10,-51,17,12,8,-3,-12,-3,None
0,-6,-2,-2,2,7,6,-1,-2,17,12,8,-3,-12,-3,None
0,-11,-6,-10,14,-10,-4,-53,-4,17,12,8,-3,-12,-3,None
0,-11,-6,-10,14,-10,-4,-53,-4,17,12,8,-3,-12,-3,None
0,-11,-6,-10,14,-10,-4,-53,-4,17,12,8,-3,-12,-3,None
0,2,5,-5,18,16,-5,13,14,17,12,8,-3,-12,-3,None
0,2,-3,-6,-47,-27,-8,4,44,17,12,8,-3,-12,-3,None
0,-2,2,-6,28,37,0,-9,-56,17,12,8,-3,-12,-3,None
0,-8,29,1,44,-9,5,9,93,17,12,8,-3,-12,-3,None
0,-8,29,1,44,-9,5,9,93,17,12,8,-3,-12,-3,None
0,-8,29,1,44,-9,5,9,93,17,12,8,-2,-12,-3,None
0,-20,-64,-11,-63,15,-14,-82,-93,17,12,8,-2,-12,-3,None
0,-3,7,4,-13,-9,-22,-46,32,17,12,8,-2,-12,-3,None
0,7,-3,1,-8,-11,21,43,113,17,12,8,-2,-12,-3,None
0,6,20,-4,11,14,-1,-3,-17,17,12,8,-2,-12,-3,None
0,6,20,-4,11,14,-1,-3,-17,16,12,8,-2,-12,-3,None
0,6,20,-4,11,14,-1,-3,-17,16,12,8,-3,-10,-3,None
0,6,6,5,-2,5,-1,-20,9,16,12,8,-3,-10,-3,None
0,-14,-5,-5,-10,-13,-8,-82,-121,16,12,8,-3,-10,-3,None
0,11,24,-4,5,8,-1,67,80,16,12,8,-3,-10,-3,None
0,2,-22,-5,-3,-8,7,35,-60,16,12,8,-3,-10,-3,None
0,2,-22,-5,-3,-8,7,35,-60,16,12,7,-3,-10,-3,None
0,2,-22,-5,-3,-8,7,35,-60,16,12,7,-3,-10,-3,None
0,10,20,1,-7,14,-3,6,69,16,12,7,-3,-10,-3,None
0,3,-4,-5,1,-2,17,4,-68,16,12,7,-3,-10,-3,None
0,7,14,-15,4,4,-1,-23,1,16,12,7,-3,-10,-3,None
0,-24,-7,-8,-17,-11,-4,-42,-37,16,12,7,-3,-10,-3,None
0,-24,-7,-8,-17,-11,-4,-42,-37,16,12,7,-3,-10,-3,None
0,-24,-7,-8,-17,-11,-4,-42,-37,16,12,7,-3,-10,-2,None
0,6,11,-2,-6,6,2,39,113,16,12,7,-3,-10,-2,None
0,47,0,-11,38,14,-12,-39,-56,16,12,7,-3,-10,-2,None
0,-12,7,-1,-9,0,-2,-98,-111,16,12,7,-3,-10,-2,None
0,5,-28,0,-6,-1,-1,32,-45,16,12,7,-3,-10,-2,None
0,5,-28,0,-6,-1,-1,32,-45,16,12,7,-3,-10,-2,None
0,5,-28,0,-6,-1,-1,32,-45,16,12,7,0,-10,1,None
0,-12,-6,-2,-6,-3,-2,-28,40,16,12,7,0,-10,1,None
0,-6,5,4,7,-2,-2,27,57,16,12,7,0,-10,1,None
0,-6,5,4,7,-2,-2,27,57,16,12,7,0,-10,1,None
0,-6,5,4,7,-2,-2,27,57,16,12,7,2,-15,0,None
0,19,-11,-19,2,4,2,-39,-39,16,12,7,2,-15,0,None
0,8,-3,1,10,-10,-12,-22,-46,16,12,7,2,-15,0,None
0,11,30,26,21,15,15,69,6,16,12,7,2,-15,0,None
0,-14,-15,10,-5,-14,-10,-6,-30,16,12,7,2,-15,0,None
0,-24,-11,11,-16,-14,-19,9,74,16,12,7,2,-15,0,None
0,2,20,1,0,4,6,-12,-25,16,12,7,2,-15,0,None
0,2,20,1,0,4,6,-12,-25,16,12,7,2,-15,0,None
0,2,20,1,0,4,6,-12,-25,16,12,7,-3,-14,-3,None
0,2,-37,-12,-9,-3,-2,22,62,16,12,7,-3,-14,-3,None
0,-6,10,-7,-2,-4,0,6,41,16,12,7,-3,-14,-3,None
0,-18,-15,-13,-9,-12,-8,-7,-41,16,12,7,-3,-14,-3,None
0,6,4,-15,6,17,8,-35,29,16,12,7,-3,-14,-3,None
0,6,4,-15,6,17,8,-35,29,16,12,7,-3,-14,-3,None
0,6,4,-15,6,17,8,-35,29,16,12,7,-5,-13,-5,None
0,8,9,-4,1,3,1,-25,-79,16,12,7,-5,-13,-5,None
0,-16,1,3,2,-9,-12,6,-8,16,12,7,-5,-13,-5,None
0,8,0,16,1,3,13,58,12,16,12,7,-5,-13,-5,None
0,8,-1,14,6,4,-4,-29,-4,16,12,7,-5,-13,-5,None
0,8,-1,14,6,4,-4,-29,-4,16,12,7,-5,-13,-5,None
0,8,-1,14,6,4,-4,-29,-4,16,12,7,-5,-12,-6,None
0,9,14,6,4,8,14,37,-4,16,12,7,-5,-12,-6,None
0,-13,-6,4,2,-5,-4,5,8,16,12,7,-5,-12,-6,None
0,7,6,4,1,8,6,24,-53,16,12,7,-5,-12,-6,None
0,0,1,-4,4,3,5,2,-28,16,12,7,-5,-12,-6,None
0,0,1,-4,4,3,5,2,-28,16,12,7,-5,-12,-6,None
0,0,1,-4,4,3,5,2,-28,16,12,7,-5,-14,-5,None
0,-7,2,-6,0,-11,-17,-12,-44,16,12,7,-5,-14,-5,None
0,-6,2,-3,-6,-9,3,-10,-40,16,12,7,-5,-14,-5,None
0,-6,2,-3,-6,-9,3,-10,-40,16,12,7,-5,-14,-5,None
0,-6,2,-3,-6,-9,3,-10,-40,16,12,7,-5,-14,-4,None
0,2,-1,3,5,9,1,35,84,16,12,7,-5,-14,-4,None
0,-6,-2,-3,-4,1,-1,22,-3,16,12,7,-5,-14,-4,None
0,-1,3,0,2,-3,-4,-11,-20,16,12,7,-5,-14,-4,None
0,1,-2,1,-1,-2,-2,-12,34,16,12,7,-5,-14,-4,None
0,1,-2,1,-1,-2,-2,-12,34,16,12,7,-5,-14,-4,None
0,1,-2,1,-1,-2,-2,-12,34,16,12,7,-5,-12,-4,None
0,-4,1,-3,-4,-6,-10,-25,-75,16,12,7,-5,-12,-4,None
0,-2,-4,-6,5,6,7,54,54,16,12,7,-5,-12,-4,None
0,1,5,-12,-5,3,3,-4,-3,16,12,7,-5,-12,-4,None
0,-1,2,-1,10,3,3,7,4,16,12,7,-5,-12,-4,None
0,-6,-7,-11,-14,-7,-10,-10,-3,16,12,7,-5,-12,-4,None
0,-3,-2,-8,-24,-6,-5,-7,-4,16,12,7,-5,-12,-4,None
0,-3,-2,-8,-24,-6,-5,-7,-4,16,12,7,-5,-12,-4,None
0,-3,-2,-8,-24,-6,-5,-7,-4,16,12,7,-5,-12,-3,None
0,-2,1,11,10,3,4,-11,-9,16,12,7,-5,-12,-3,None
0,-2,2,-7,-15,6,6,23,13,16,12,7,-5,-12,-3,None
0,-6,-9,-8,-7,-4,-15,-26,-10,16,12,7,-5,-12,-3,None
0,3,2,16,-6,-6,10,9,7,16,12,7,-5,-12,-3,None
0,3,2,16,-6,-6,10,9,7,16,12,7,-5,-12,-3,None
0,3,2,16,-6,-6,10,9,7,16,12,7,-5,-12,-4,None
0,-1,5,3,31,-7,8,-14,-14,16,12,7,-5,-12,-4,None
0,-2,-2,-9,61,23,4,13,-4,16,12,7,-5,-12,-4,None
0,-2,0,-15,-67,-9,4,0,9,16,12,7,-5,-12,-4,None
0,-3,1,-4,-29,1,-21,-5,1,16,12,7,-5,-12,-4,None
0,-3,1,-4,-29,1,-21,-5,1,16,12,7,-5,-12,-4,None
0,-3,1,-4,-29,1,-21,-5,1,16,12,7,-5,-12,-4,None
0,-1,2,-6,8,0,-2,-6,-9,16,12,7,-5,-12,-4,None
0,-2,0,-4,-5,-8,7,6,1,16,12,7,-5,-12,-4,None
0,1,2,3,32,6,-5,-3,5,16,12,7,-5,-12,-4,None
0,-3,-2,-5,-6,-3,-1,3,2,16,12,7,-5,-12,-4,None
0,-3,-2,-5,-6,-3,-1,3,2,16,12,7,-5,-12,-4,None
0,-3,-2,-5,-6,-3,-1,3,2,16,12,7,-4,-12,-3,None
0,0,2,-7,-22,4,-5,-12,-11,16,12,7,-4,-12,-3,None
0,-2,2,0,-15,-13,-9,2,1,16,12,7,-4,-12,-3,None
0,-2,2,0,-15,-13,-9,2,1,16,12,7,-4,-12,-3,None
0,-2,2,0,-15,-13,-9,2,1,16,12,7,-4,-12,-3,None
0,-3,0,-2,-4,6,2,-10,-4,16,12,7,-4,-12,-3,None
0,1,1,-4,4,-6,-1,-2,-4,16,12,7,-4,-12,-3,None
0,-1,0,-5,5,7,2,-3,-1,16,12,7,-4,-12,-3,None
0,-1,1,-3,-20,2,-6,-3,-3,16,12,7,-4,-12,-3,None
0,-1,1,-3,-20,2,-6,-3,-3,16,12,7,-4,-12,-3,None
0,-1,1,-3,-20,2,-6,-3,-3,16,12,7,-4,-12,-3,None
0,-4,-1,6,9,5,10,1,1,16,12,7,-4,-12,-3,None
0,-2,1,1,29,7,5,1,2,16,12,7,-4,-12,-3,None
0,-1,-1,-6,-1,5,-5,-5,-6,16,12,7,-4,-12,-3,None
0,1,0,0,-10,-8,-2,3,7,16,12,7,-4,-12,-3,None
0,1,0,0,-10,-8,-2,3,7,16,12,7,-4,-12,-3,None
0,1,0,0,-10,-8,-2,3,7,16,12,7,-4,-12,-3,None
0,-2,0,1,0,-1,-2,-6,-7,16,12,7,-4,-12,-3,None
0,1,2,1,-2,-2,-3,9,-10,16,12,7,-4,-12,-3,None
0,-1,0,0,-12,-1,-3,3,1,16,12,7,-4,-12,-3,None
0,-2,5,-4,2,1,1,3,16,16,12,7,-4,-12,-3,None
0,-2,5,-4,2,1,1,3,16,16,12,7,-4,-12,-3,None
0,-2,5,-4,2,1,1,3,16,16,12,7,-3,-12,-3,None
0,2,2,-1,8,-3,-1,0,8,16,12,7,-3,-12,-3,None
0,-2,-3,-3,9,0,-2,1,3,16,12,7,-3,-12,-3,None
0,-1,0,-1,-4,-2,-3,3,0,16,12,7,-3,-12,-3,None
0,-4,-2,-5,0,0,-1,-6,-16,16,12,7,-3,-12,-3,None
0,-4,-2,-5,0,0,-1,-6,-16,17,12,8,-3,-12,-3,None
0,-4,-2,-5,0,0,-1,-6,-16,17,12,8,-3,-12,-3,None
0,0,6,1,10,3,-1,3,11,17,12,8,-3,-12,-3,None
0,-2,1,0,1,1,2,6,0,17,12,8,-3,-12,-3,None
0,-4,-2,-1,-2,-2,-5,-7,-6,17,12,8,-3,-12,-3,None
0,-1,-1,2,-2,2,0,7,-13,17,12,8,-3,-12,-3,None
0,-1,-1,2,-2,2,0,7,-13,17,12,8,-3,-12,-3,None
0,-1,-1,2,-2,2,0,7,-13,17,12,8,-3,-13,-3,None
0,-1,2,2,2,5,6,-5,-10,17,12,8,-3,-13,-3,None
0,-1,0,-3,4,-1,-5,-8,-2,17,12,8,-3,-13,-3,None
0,-2,0,-3,-5,-2,0,-6,-1,17,12,8,-3,-13,-3,None
0,0,0,-4,0,-2,-5,3,-10,17,12,8,-3,-13,-3,None
0,0,0,-4,0,-2,-5,3,-10,17,12,8,-3,-13,-3,None
0,0,0,-4,0,-2,-5,3,-10,17,12,8,-3,-13,-3,None
0,-2,-2,-12,-3,-2,-4,4,20,17,12,8,-3,-13,-3,None
0,2,0,-14,6,6,12,3,8,17,12,8,-3,-13,-3,None
0,-2,1,-2,1,0,-6,-9,-7,17,12,8,-3,-13,-3,None
0,-1,0,2,15,3,0,1,5,17,12,8,-3,-13,-3,None
0,-1,0,2,15,3,0,1,5,17,12,8,-3,-13,-3,None
0,-1,0,2,15,3,0,1,5,17,12,8,-2,-14,-3,None
0,-1,-1,8,-16,-4,-4,4,-7,17,12,8,-2,-14,-3,None
0,0,3,11,-4,-2,-7,-7,-2,17,12,8,-2,-14,-3,None
0,0,0,2,-7,3,4,2,0,17,12,8,-2,-14,-3,None
0,1,1,6,-6,-2,2,1,3,17,12,8,-2,-14,-3,None
0,1,1,6,-6,-2,2,1,3,17,12,8,-2,-14,-3,None
0,1,1,6,-6,-2,2,1,3,17,12,8,-2,-14,-3,None
0,-3,-2,-3,23,3,-3,-7,-7,17,12,8,-2,-14,-3,None
0,-1,1,-2,-10,1,-2,-1,0,17,12,8,-2,-14,-3,None
0,-2,-1,-2,4,-1,-4,-3,-4,17,12,8,-2,-14,-3,None
0,-1,-1,-2,-4,-4,-1,-2,-8,17,12,8,-2,-14,-3,None
0,-1,-1,-2,-4,-4,-1,-2,-8,17,12,8,-2,-14,-3,None
0,-1,-1,-2,-4,-4,-1,-2,-8,17,12,8,-2,-13,-3,None
0,0,3,0,25,5,4,-2,5,17,12,8,-2,-13,-3,None
0,-1,0,-8,-31,-6,-1,-3,-8,17,12,8,-2,-13,-3,None
0,-1,0,1,-16,1,-4,-3,-4,17,12,8,-2,-13,-3,None
0,-1,1,1,12,1,0,-2,5,17,12,8,-2,-13,-3,None
0,-1,1,1,12,1,0,-2,5,17,12,8,-2,-13,-3,None
0,-1,1,1,12,1,0,-2,5,17,12,8,-2,-13,-3,None
0,0,-2,0,-1,-4,0,-3,-4,17,12,8,-2,-13,-3,None
0,-2,1,5,22,9,-2,-2,-3,17,12,8,-2,-13,-3,None
0,-1,1,0,-1,-2,-4,-2,1,17,12,8,-2,-13,-3,None
0,-2,-1,6,-17,4,-2,-4,-2,17,12,8,-2,-13,-3,None
0,-2,-1,6,-17,4,-2,-4,-2,17,12,8,-2,-13,-3,None
0,-2,-1,6,-17,4,-2,-4,-2,17,12,8,-2,-14,-4,None
0,1,3,17,-18,0,5,0,-2,17,12,8,-2,-14,-4,None
0,-3,-2,13,10,-6,-4,-2,0,17,12,8,-2,-14,-4,None
0,0,3,10,32,16,2,0,-2,17,12,8,-2,-14,-4,None
0,-3,-5,-14,-64,-23,-7,-5,-2,17,12,8,-2,-14,-4,None
0,-3,-5,-14,-64,-23,-7,-5,-2,17,12,8,-2,-14,-4,None
0,-3,-5,-14,-64,-23,-7,-5,-2,17,12,8,-2,-14,-4,None
0,-2,-2,-4,0,9,-5,-6,-9,17,12,8,-2,-14,-4,None
0,0,1,-7,-4,8,4,1,3,17,12,8,-2,-14,-4,None
0,1,3,4,67,4,1,2,0,17,12,8,-2,-14,-4,None
0,0,2,5,24,6,2,1,2,17,12,8,-2,-14,-4,None
0,0,2,5,24,6,2,1,2,0,12,8,-2,-14,-4,None
0,0,2,5,24,6,2,1,2,0,12,8,-2,-14,-3,None
0,1,4,-1,-42,-20,3,2,1,0,12,8,-2,-14,-3,None
0,-3,-6,-23,-5,-3,-11,-7,-2,0,12,8,-2,-14,-3,None
0,-3,-3,-5,92,11,6,-2,-5,0,12,8,-2,-14,-3,None
0,-2,0,-2,-10,6,0,-1,-1,0,12,8,-2,-14,-3,None
0,-2,0,-2,-10,6,0,-1,-1,0,12,9,-2,-14,-3,None
0,-2,0,-2,-10,6,0,-1,-1,0,12,9,-2,-14,-3,None
0,-1,0,-8,-37,5,-5,-4,-6,0,12,9,-2,-14,-3,None
0,1,5,5,35,-1,1,2,3,0,12,9,-2,-14,-3,None
0,2,0,-11,-60,-19,-3,-5,-3,0,12,9,-2,-14,-3,None
0,-1,2,-2,46,-2,0,3,3,0,12,9,-2,-14,-3,None
0,-1,2,-2,46,-2,0,3,3,0,12,9,-2,-14,-3,None
0,-1,2,-2,46,-2,0,3,3,0,12,9,-2,-12,-2,None
0,-1,-1,-12,31,42,10,1,1,0,12,9,-2,-12,-2,None
0,-1,0,-23,-15,-38,-8,-4,-2,0,12,9,-2,-12,-2,None
0,-5,-5,-13,-29,12,-8,-6,-5,0,12,9,-2,-12,-2,None
0,-1,1,-17,-38,7,10,3,0,0,12,9,-2,-12,-2,None
0,-1,1,-17,-38,7,10,3,0,0,12,9,-2,-12,-2,None
0,-1,1,-17,-38,7,10,3,0,0,12,9,0,-13,-2,None
0,-4,-1,-17,83,5,-8,-7,-4,0,12,9,0,-13,-2,None
0,-6,-4,-7,-98,-33,-7,-7,-5,0,12,9,0,-13,-2,None
0,-1,3,7,-23,-15,3,10,0,0,12,9,0,-13,-2,None
0,0,-4,-52,-28,1,-10,-6,3,0,12,9,0,-13,-2,None
0,0,-4,-52,-28,1,-10,-6,3,0,12,9,0,-13,-2,None
0,0,-4,-52,-28,1,-10,-6,3,0,12,9,2,-14,-2,None
0,-7,-5,13,18,30,3,1,-12,0,12,9,2,-14,-2,None
0,0,1,-13,-57,-3,4,-8,1,0,12,9,2,-14,-2,None
0,-5,-3,19,101,19,-14,-8,-5,0,12,9,2,-14,-2,None
0,1,2,-12,-88,6,0,5,-1,0,12,9,2,-14,-2,None
0,1,2,-12,-88,6,0,5,-1,0,12,9,2,-14,-2,None
0,1,2,-12,-88,6,0,5,-1,0,12,9,2,-15,-2,None
0,-3,-2,15,35,-28,-3,-5,-4,0,12,9,2,-15,-2,None
0,-3,0,-1,12,12,-6,1,-3,0,12,9,2,-15,-2,None
0,1,3,7,-61,3,3,2,-1,0,12,9,2,-15,-2,None
0,4,7,23,64,16,10,3,4,0,12,9,2,-15,-2,None
0,4,7,23,64,16,10,3,4,0,12,9,2,-15,-2,None
0,4,7,23,64,16,10,3,4,0,12,9,2,-15,-4,None
0,6,7,7,53,4,5,3,5,0,12,9,2,-15,-4,None
0,-8,-5,-5,-7,26,-5,-5,-7,0,12,9,2,-15,-4,None
0,2,-1,-12,-31,-45,9,7,2,0,12,9,2,-15,-4,None
0,0,3,16,40,3,-6,-6,-1,0,12,9,2,-15,-4,None
0,0,3,16,40,3,-6,-6,-1,1,12,9,2,-15,-4,None
0,0,3,16,40,3,-6,-6,-1,1,12,9,3,-16,-3,None
0,0,0,-9,-70,5,0,1,2,1,12,9,3,-16,-3,None
0,-1,3,26,69,-21,4,7,-3,1,12,9,3,-16,-3,None
0,0,1,-27,-24,8,-3,-11,7,1,12,9,3,-16,-3,None
0,-4,0,3,-48,-74,-1,2,-7,1,12,9,3,-16,-3,None
0,-4,0,3,-48,-74,-1,2,-7,1,12,9,3,-16,-3,None
0,-4,0,3,-48,-74,-1,2,-7,1,12,9,6,-15,-2,None
0,-1,0,16,25,52,-10,-5,-5,1,12,9,6,-15,-2,None
0,4,3,11,45,-5,7,3,2,1,12,9,6,-15,-2,None
0,-4,1,-2,-106,68,5,-4,-4,1,12,9,6,-15,-2,None
0,-4,-6,-21,-11,11,-10,-5,-4,1,12,9,6,-15,-2,None
0,-4,-6,-21,-11,11,-10,-5,-4,1,12,9,6,-15,-2,None
0,-4,-6,-21,-11,11,-10,-5,-4,1,12,9,5,-13,-2,None
0,-5,0,-10,-62,-50,-4,-1,-6,1,12,9,5,-13,-2,None
0,-3,-5,-24,18,-24,-11,-8,2,1,12,9,5,-13,-2,None
0,-3,-3,-22,-31,48,-14,-10,-5,1,12,9,5,-13,-2,None
0,0,4,16,99,48,11,9,0,1,12,9,5,-13,-2,None
0,0,4,16,99,48,11,9,0,1,12,9,5,-13,-2,None
0,0,4,16,99,48,11,9,0,1,12,9,6,-13,-2,None
0,-4,-2,-3,-67,-79,-8,-3,-6,1,12,9,6,-13,-2,None
0,1,-1,-20,21,104,13,6,4,1,12,9,6,-13,-2,None
0,1,5,17,62,-63,-5,-3,0,1,12,9,6,-13,-2,None
0,1,-3,-9,-64,46,-13,-9,1,1,12,9,6,-13,-2,None
0,1,-3,-9,-64,46,-13,-9,1,1,12,9,6,-13,-2,None
0,1,-3,-9,-64,46,-13,-9,1,1,12,9,7,-13,-2,None
0,1,1,-18,-80,-51,-9,2,-2,1,12,9,7,-13,-2,None
0,3,-1,12,1,-41,-1,-4,5,1,12,9,7,-13,-2,None
0,0,0,-5,42,33,13,4,0,1,12,9,7,-13,-2,None
0,-4,1,-1,-43,-63,-1,2,-1,1,12,9,7,-13,-2,None
0,-4,1,-1,-43,-63,-1,2,-1,1,12,9,7,-13,-2,None
0,-4,1,-1,-43,-63,-1,2,-1,1,12,9,8,-13,-2,None
0,0,3,-3,46,31,-4,-7,-1,1,12,9,8,-13,-2,None
0,-1,3,2,-2,67,0,-2,0,1,12,9,8,-13,-2,None
0,6,1,-4,-38,-76,-3,1,1,1,12,9,8,-13,-2,None
0,0,21,2,38,49,-2,-6,-7,1,12,9,8,-13,-2,None
0,0,21,2,38,49,-2,-6,-7,1,12,9,8,-13,-2,None
0,0,21,2,38,49,-2,-6,-7,1,12,9,9,-13,-2,None
0,-10,-63,-8,1,-19,4,-1,2,1,12,9,9,-13,-2,None
0,-3,3,2,22,38,-2,-2,-6,1,12,9,9,-13,-2,None
0,-2,-2,-6,-51,-14,-3,-1,0,1,12,9,9,-13,-2,None
0,0,-1,12,33,-33,2,0,-2,1,12,9,9,-13,-2,None
0,0,-1,12,33,-33,2,0,-2,1,12,9,9,-13,-2,None
0,0,-1,12,33,-33,2,0,-2,1,12,9,9,-12,-2,None
0,1,16,-11,-14,-11,-3,-3,-1,1,12,9,9,-12,-2,None
0,0,2,-7,-58,-36,2,1,-1,1,12,9,9,-12,-2,None
0,-3,-5,4,50,51,3,1,-3,1,12,9,9,-12,-2,None
0,1,-2,1,16,-3,3,-1,2,1,12,9,9,-12,-2,None
0,1,-2,1,16,-3,3,-1,2,1,12,9,9,-12,-2,None
0,1,-2,1,16,-3,3,-1,2,1,12,9,8,-14,-2,None
0,-2,17,-1,26,22,1,0,-1,1,12,9,8,-14,-2,None
0,-5,-20,-1,8,-28,-1,0,-3,1,12,9,8,-14,-2,None
0,0,12,-2,-8,-22,-5,0,0,1,12,9,8,-14,-2,None
0,-2,-4,0,-11,-25,-1,-1,0,1,12,9,8,-14,-2,None
0,-2,-4,0,-11,-25,-1,-1,0,1,12,9,8,-14,-2,None
0,-2,-4,0,-11,-25,-1,-1,0,1,12,9,9,-17,-2,None
0,1,-2,-4,23,21,0,-4,1,1,12,9,9,-17,-2,None
0,2,-1,1,1,-17,-2,-2,-5,1,12,9,9,-17,-2,None
0,-2,2,-5,-21,-14,0,2,-2,1,12,9,9,-17,-2,None
0,-4,-8,-2,22,21,-1,-3,-3,1,12,9,9,-17,-2,None
0,-4,-8,-2,22,21,-1,-3,-3,1,12,9,9,-17,-2,None
0,-4,-8,-2,22,21,-1,-3,-3,1,12,9,7,-14,-2,None
0,3,15,0,19,29,3,1,1,1,12,9,7,-14,-2,None
0,0,-18,-3,-20,-16,-1,-2,-1,1,12,9,7,-14,-2,None
0,-1,-2,-2,21,-7,-2,-1,-4,1,12,9,7,-14,-2,None
0,1,0,0,2,-18,-2,-3,1,1,12,9,7,-14,-2,None
0,1,0,0,2,-18,-2,-3,1,1,12,9,7,-14,-2,None
0,1,0,0,2,-18,-2,-3,1,1,12,9,7,-12,-1,None
0,1,6,1,-7,-11,-1,0,0,1,12,9,7,-12,-1,None
0,-2,11,6,27,23,0,0,-1,1,12,9,7,-12,-1,None
0,-2,-2,-4,11,11,-2,-3,-2,1,12,9,7,-12,-1,None
0,-4,-9,4,-9,1,-2,-3,-3,1,12,9,7,-12,-1,None
0,-4,-9,4,-9,1,-2,-3,-3,1,12,9,7,-12,-1,None
0,-4,-9,4,-9,1,-2,-3,-3,1,12,9,7,-12,0,None
0,-1,5,-1,-19,-8,0,-2,-4,1,12,9,7,-12,0,None
0,-1,10,2,1,3,1,2,1,1,12,9,7,-12,0,None
0,-4,-5,-4,-8,-13,-3,-1,-2,1,12,9,7,-12,0,None
0,-1,11,-1,6,18,1,-1,-3,1,12,9,7,-12,0,None
0,-1,11,-1,6,18,1,-1,-3,1,12,9,7,-12,0,None
0,-1,11,-1,6,18,1,-1,-3,1,12,9,8,-12,0,None
0,-3,-4,-3,10,10,0,-1,-1,1,12,9,8,-12,0,None
0,0,7,-1,4,-7,-2,-1,0,1,12,9,8,-12,0,None
0,-4,2,-1,-4,2,-2,-1,0,1,12,9,8,-12,0,None
0,-3,-1,-1,2,-8,-1,-2,-2,1,12,9,8,-12,0,None
0,-3,-1,-1,2,-8,-1,-2,-2,1,12,9,8,-12,0,None
0,-3,-1,-1,2,-8,-1,-2,-2,1,12,9,8,-12,-1,None
0,0,2,-2,-9,2,-2,-1,0,1,12,9,8,-12,-1,None
0,-1,-7,-4,9,10,-2,-2,-2,1,12,9,8,-12,-1,None
0,-3,21,2,26,-7,-2,-2,-3,1,12,9,8,-12,-1,None
0,0,0,-4,-26,-9,1,0,-1,1,12,9,8,-12,-1,None
0,0,0,-4,-26,-9,1,0,-1,1,12,9,8,-12,-1,None
0,0,0,-4,-26,-9,1,0,-1,1,12,9,8,-12,-1,None
0,-2,-2,-3,9,-3,-2,-1,-1,1,12,9,8,-12,-1,None
0,0,15,-1,-8,0,-1,-2,-1,1,12,9,8,-12,-1,None
0,0,-3,-2,-4,6,-1,-1,-2,1,12,9,8,-12,-1,None
0,1,-3,-3,1,-1,-2,-2,-1,1,12,9,8,-12,-1,None
0,1,-3,-3,1,-1,-2,-2,-1,1,12,9,8,-12,-1,None
0,1,-3,-3,1,-1,-2,-2,-1,1,12,9,8,-12,-1,None
0,-1,7,0,7,-3,0,-2,-3,1,12,9,8,-12,-1,None
0,-3,-4,-5,-46,-31,1,0,-2,1,12,9,8,-12,-1,None
0,-1,-4,-7,7,22,-4,-5,-4,1,12,9,8,-12,-1,None
0,0,-5,-2,-15,15,-3,-1,-1,1,12,9,8,-12,-1,None
0,0,-5,-2,-15,15,-3,-1,-1,1,12,9,8,-12,-1,None
0,0,-5,-2,-15,15,-3,-1,-1,1,12,9,8,-12,-1,None
0,-1,-1,-3,3,3,2,-1,-2,1,12,9,8,-12,-1,None
0,-2,2,1,16,0,0,-1,-1,1,12,9,8,-12,-1,None
0,1,-3,1,-6,-9,1,0,1,1,12,9,8,-12,-1,None
0,0,5,-3,4,1,-3,-1,-1,1,12,9,8,-12,-1,None
0,0,5,-3,4,1,-3,-1,-1,1,12,9,8,-12,-1,None
0,0,5,-3,4,1,-3,-1,-1,1,12,9,8,-12,-1,None
0,-1,2,-1,10,5,-2,-1,-1,1,12,9,8,-12,-1,None
0,0,1,-2,-1,2,-2,-2,-1,1,12,9,8,-12,-1,None
0,1,1,-1,0,-2,0,0,-2,1,12,9,8,-12,-1,None
0,-2,0,-1,17,6,-1,0,-2,1,12,9,8,-12,-1,None
0,-2,0,-1,17,6,-1,0,-2,1,12,9,8,-12,-1,None
0,-2,0,-1,17,6,-1,0,-2,1,12,9,8,-12,-1,None
0,-1,1,2,19,8,0,0,0,1,12,9,8,-12,-1,None
0,2,12,-3,19,-14,-4,0,0,1,12,9,8,-12,-1,None
0,-8,-26,-8,-31,19,-4,-5,-5,1,12,9,8,-12,-1,None
0,2,1,3,10,-3,1,0,2,1,12,9,8,-12,-1,None
0,2,1,3,10,-3,1,0,2,1,12,9,8,-12,-1,None
0,2,1,3,10,-3,1,0,2,1,12,9,8,-12,-1,None
0,0,0,-2,1,0,0,-1,-4,1,12,9,8,-12,-1,None
0,-2,0,0,-4,0,0,0,-1,1,12,9,8,-12,-1,None
0,3,10,1,16,-8,0,2,1,1,12,9,8,-12,-1,None
0,-3,0,-4,3,0,-2,-2,-1,1,12,9,8,-12,-1,None
0,-3,0,-4,3,0,-2,-2,-1,1,12,9,8,-12,-1,None
0,-3,0,-4,3,0,-2,-2,-1,1,12,9,8,-12,-1,None
0,-1,-1,-3,-13,-7,-3,-2,-1,1,12,9,8,-12,-1,None
0,1,5,-1,8,2,-2,-3,-1,1,12,9,8,-12,-1,None
0,1,2,-1,-5,-7,-1,0,-2,1,12,9,8,-12,-1,None
0,-3,-4,-3,1,5,-2,0,-2,1,12,9,8,-12,-1,None
0,-3,-4,-3,1,5,-2,0,-2,1,12,9,8,-12,-1,None
0,-3,-4,-3,1,5,-2,0,-2,1,12,9,8,-12,-1,None
0,-2,2,-2,-3,0,-1,-1,-1,1,12,9,8,-12,-1,None
0,-2,-2,-3,-1,6,-1,-2,-3,1,12,9,8,-12,-1,None
0,-1,1,-1,7,2,0,-2,0,1,12,9,8,-12,-1,None
0,-4,-2,-2,9,2,-3,-3,-2,1,12,9,8,-12,-1,None
0,-4,-2,-2,9,2,-3,-3,-2,1,12,9,8,-12,-1,None
0,-4,-2,-2,9,2,-3,-3,-2,1,12,9,8,-12,-1,None
0,3,8,3,-5,-9,2,2,-1,1,12,9,8,-12,-1,None
0,-4,-13,-12,14,19,-3,-3,-4,1,12,9,8,-12,-1,None
0,2,4,2,-6,-10,1,-2,-2,1,12,9,8,-12,-1,None
0,-2,2,-1,8,5,-1,-2,-2,1,12,9,8,-12,-1,None
0,-2,2,-1,8,5,-1,-2,-2,1,12,9,8,-12,-1,None
0,-2,2,-1,8,5,-1,-2,-2,1,12,9,8,-12,-1,None
0,-2,-1,-1,-3,-3,-2,-2,-1,1,12,9,8,-12,-1,None
0,0,-1,1,-7,-2,0,-1,-1,1,12,9,8,-12,-1,None
0,0,1,-2,7,-1,-1,2,0,1,12,9,8,-12,-1,None
0,-1,2,-2,-3,-2,-1,-1,-2,1,12,9,8,-12,-1,None
0,-1,2,-2,-3,-2,-1,-1,-2,1,12,9,8,-12,-1,None
0,-1,2,-2,-3,-2,-1,-1,-2,1,12,9,8,-12,-1,None
0,-2,-4,-4,-5,4,-4,-2,0,1,12,9,8,-12,-1,None
0,-1,2,0,-2,1,-2,-2,-1,1,12,9,8,-12,-1,None
0,0,1,-2,4,-1,-3,-1,-1,1,12,9,8,-12,-1,None
0,-1,14,-3,-20,-6,0,0,-3,1,12,9,8,-12,-1,None
0,-1,14,-3,-20,-6,0,0,-3,1,12,9,8,-12,-1,None
0,-1,14,-3,-20,-6,0,0,-3,1,12,9,8,-12,-1,None
0,-3,-13,-2,17,-3,-1,-4,-2,1,12,9,8,-12,-1,None
0,-4,-1,-5,-31,4,-2,-4,-3,1,12,9,8,-12,-1,None
0,0,2,0,6,-1,-1,-2,-1,1,12,9,8,-12,-1,None
0,1,-3,0,-4,-8,-2,1,1,1,12,9,8,-12,-1,None
0,1,-3,0,-4,-8,-2,1,1,1,12,9,8,-12,-1,None
0,1,-3,0,-4,-8,-2,1,1,1,12,9,8,-12,-1,None
0,0,8,-3,-3,-6,-2,-2,-1,1,12,9,8,-12,-1,None
0,0,3,0,9,-4,0,0,0,1,12,9,8,-12,-1,None
0,-3,-4,-2,-1,-1,0,0,0,1,12,9,8,-12,-1,None
0,0,3,-5,0,3,-2,-1,-2,1,12,9,8,-12,-1,None
0,0,3,-5,0,3,-2,-1,-2,1,12,9,8,-12,-1,None
0,0,3,-5,0,3,-2,-1,-2,1,12,9,8,-12,-1,None
0,-2,2,-2,1,7,0,-2,-2,1,12,9,8,-12,-1,None
0,-1,-1,0,4,1,-1,-1,-2,1,12,9,8,-12,-1,None
0,-1,1,-4,-5,5,0,-2,-2,1,12,9,8,-12,-1,None
0,0,-4,-2,6,2,0,-2,-1,1,12,9,8,-12,-1,None
0,0,-4,-2,6,2,0,-2,-1,1,12,9,8,-12,-1,None
0,0,-4,-2,6,2,0,-2,-1,1,12,9,8,-12,-1,None
0,-1,0,-3,-8,2,-1,0,-2,1,12,9,8,-12,-1,None
0,0,-1,-1,-3,0,-2,-1,0,1,12,9,8,-12,-1,None
0,-8,5,-2,1,4,0,-2,-2,1,12,9,8,-12,-1,None
0,-3,-4,-2,-11,-7,-4,-2,-2,1,12,9,8,-12,-1,None
0,-3,-4,-2,-11,-7,-4,-2,-2,1,12,9,8,-12,-1,None
0,-3,-4,-2,-11,-7,-4,-2,-2,1,12,9,8,-12,-1,None
0,-5,-3,-4,0,-2,0,-1,-3,1,12,9,8,-12,-1,None
0,0,6,0,6,6,-1,-2,-2,1,12,9,8,-12,-1,None
0,1,-1,-1,-2,0,-1,0,0,1,12,9,8,-12,-1,None
0,0,-3,0,-1,0,-1,-1,0,1,12,9,8,-12,-1,None
0,0,-3,0,-1,0,-1,-1,0,1,12,9,8,-12,-1,None
0,0,-3,0,-1,0,-1,-1,0,1,12,9,8,-12,-1,None
0,2,2,-3,-8,3,-1,0,1,1,12,9,8,-12,-1,None
0,-3,-3,-1,3,-9,-3,-2,-2,1,12,9,8,-12,-1,None
0,-1,-3,-1,-1,-3,-1,-1,-2,1,12,9,8,-12,-1,None
0,0,4,-3,2,3,0,-2,-1,1,12,9,8,-12,-1,None
0,0,4,-3,2,3,0,-2,-1,1,12,9,8,-12,-1,None
0,0,4,-3,2,3,0,-2,-1,1,12,9,8,-12,-1,None
0,0,1,-2,-2,-1,-2,-1,-1,1,12,9,8,-12,-1,None
0,-1,2,0,4,3,0,-1,-1,1,12,9,8,-12,-1,None
0,1,-1,0,7,8,0,-1,-1,1,12,9,8,-12,-1,None
0,5,36,7,-27,-24,2,0,-1,1,12,9,8,-12,-1,None
0,5,36,7,-27,-24,2,0,-1,1,12,9,8,-12,-1,None
0,5,36,7,-27,-24,2,0,-1,1,12,9,8,-12,-1,None
0,-4,-26,-9,-13,10,-4,-3,-2,1,12,9,8,-12,-1,None
0,-4,3,2,3,-4,-1,0,-3,1,12,9,8,-12,-1,None
0,-2,-3,-4,5,18,0,-4,-2,1,12,9,8,-12,-1,None
0,-1,2,2,15,-1,0,-1,-1,1,12,9,8,-12,-1,None
0,-1,2,2,15,-1,0,-1,-1,1,12,9,8,-12,-1,None
0,-1,2,2,15,-1,0,-1,-1,1,12,9,8,-12,-1,None
0,0,9,-1,3,-4,-1,0,0,1,12,9,8,-12,-1,None
0,0,-1,-3,-11,-5,-1,-1,-1,1,12,9,8,-12,-1,None
0,2,4,0,6,-9,-2,1,-1,1,12,9,8,-12,-1,None
0,-2,-10,-4,8,6,-2,-2,-1,1,12,9,8,-12,-1,None
0,-2,-10,-4,8,6,-2,-2,-1,1,12,9,8,-12,-1,None
0,-2,-10,-4,8,6,-2,-2,-1,1,12,9,8,-12,-1,None
0,-2,4,0,-1,2,-1,0,-2,1,12,9,8,-12,-1,None
0,-4,-4,0,12,10,0,1,1,1,12,9,8,-12,-1,None
0,2,4,-5,-53,-37,-1,-1,-2,1,12,9,8,-12,-1,None
0,-6,-38,-5,-2,12,-1,-3,-3,1,12,9,8,-12,-1,None
0,-6,-38,-5,-2,12,-1,-3,-3,1,12,9,8,-12,-1,None
0,-6,-38,-5,-2,12,-1,-3,-3,1,12,9,8,-12,-1,None
0,0,18,0,0,5,-3,-3,-3,1,12,9,8,-12,-1,None
0,-8,-40,-3,0,-3,0,-3,-2,1,12,9,8,-12,-1,None
0,1,-1,-1,4,2,-1,0,0,1,12,9,8,-12,-1,None
0,-1,2,-3,-5,-1,-1,-1,0,1,12,9,8,-12,-1,None
0,-1,2,-3,-5,-1,-1,-1,0,1,12,9,8,-12,-1,None
0,-1,2,-3,-5,-1,-1,-1,0,1,12,9,8,-12,-1,None
0,-1,-2,0,0,-5,0,0,0,1,12,9,8,-12,-1,None
0,4,10,-2,3,3,0,-1,-2,1,12,9,8,-12,-1,None
0,-3,2,-2,6,6,-2,-1,-1,1,12,9,8,-12,-1,None
0,-3,-8,-5,4,4,-3,-3,-4,1,12,9,8,-12,-1,None
0,-3,-8,-5,4,4,-3,-3,-4,1,12,9,8,-12,-1,None
0,-3,-8,-5,4,4,-3,-3,-4,1,12,9,8,-12,-1,None
0,0,7,0,8,4,0,-1,-2,1,12,9,8,-12,-1,None
0,1,12,-2,-3,-1,-1,-1,-1,1,12,9,8,-12,-1,None
0,3,-4,-4,-1,3,-4,-3,-1,1,12,9,8,-12,-1,None
0,1,15,2,9,-10,0,2,0,1,12,9,8,-12,-1,None
0,1,15,2,9,-10,0,2,0,1,12,9,8,-12,-1,None
0,1,15,2,9,-10,0,2,0,1,12,9,8,-12,-1,None
0,-5,-9,-4,-19,19,-2,-6,-5,1,12,9,8,-12,-1,None
0,0,3,-4,-7,-1,0,-2,-2,1,12,9,8,-12,-1,None
0,-3,0,-1,2,1,-1,-1,-1,1,12,9,8,-12,-1,None
0,0,-2,-2,3,2,2,-1,0,1,12,9,8,-12,-1,None
0,0,-2,-2,3,2,2,-1,0,1,12,9,8,-12,-1,None
0,0,-2,-2,3,2,2,-1,0,1,12,9,8,-12,-1,None
0,0,2,0,-2,-11,-1,1,1,1,12,9,8,-12,-1,None
0,-1,2,-3,-2,-1,-2,-1,-2,1,12,9,8,-12,-1,None
0,-2,3,-1,5,4,-2,-2,-2,1,12,9,8,-12,-1,None
0,-1,1,-4,-3,3,-1,-1,-2,1,12,9,8,-12,-1,None
0,-1,1,-4,-3,3,-1,-1,-2,1,12,9,8,-12,-1,None
0,-1,1,-4,-3,3,-1,-1,-2,1,12,9,8,-12,-1,None
0,-1,-3,-1,2,-2,0,0,-1,1,12,9,8,-12,-1,None
0,0,8,-1,0,2,-2,-2,-2,1,12,9,8,-12,-1,None
0,-1,0,0,2,-1,0,0,-1,1,12,9,8,-12,-1,None
0,-2,-4,-3,-2,4,-2,0,-1,1,12,9,8,-12,-1,None
0,-2,-4,-3,-2,4,-2,0,-1,1,12,9,8,-12,-1,None
0,-2,-4,-3,-2,4,-2,0,-1,1,12,9,8,-12,-1,None
0,-4,5,0,7,-9,0,0,-1,1,12,9,8,-12,-1,None
0,6,9,-3,10,-2,-2,-1,-1,1,12,9,8,-12,-1,None
0,-4,-16,-6,-30,-7,-4,-2,-3,1,12,9,8,-12,-1,None
0,-1,-2,-1,17,6,0,-2,-2,1,12,9,8,-12,-1,None
0,-1,-2,-1,17,6,0,-2,-2,1,12,9,8,-12,-1,None
0,-1,-2,-1,17,6,0,-2,-2,1,12,9,8,-12,-1,None
0,0,2,0,4,-1,-1,-1,-1,1,12,9,8,-12,-1,None
0,-2,2,-2,-3,-3,-2,0,-2,1,12,9,8,-12,-1,None
0,-2,5,-2,9,4,1,-3,-1,1,12,9,8,-12,-1,None
0,-2,2,-2,0,2,-1,-2,-1,1,12,9,8,-12,-1,None
0,-2,2,-2,0,2,-1,-2,-1,1,12,9,8,-12,-1,None
0,-2,2,-2,0,2,-1,-2,-1,1,12,9,8,-12,-1,None
0,4,-2,-2,-9,-10,-3,-1,-1,1,12,9,8,-12,-1,None
0,-1,2,1,3,3,0,-1,0,1,12,9,8,-12,-1,None
0,-2,1,-2,17,8,-3,-1,-3,1,12,9,8,-12,-1,None
0,-1,-2,-4,-2,-3,-2,-3,-1,1,12,9,8,-12,-1,None
0,-1,-2,-4,-2,-3,-2,-3,-1,1,12,9,8,-12,-1,None
0,-1,-2,-4,-2,-3,-2,-3,-1,1,12,9,8,-12,-1,None
0,2,16,-2,-6,-1,1,-1,-2,1,12,9,8,-12,-1,None
0,-7,-42,-3,-2,7,-2,0,-3,1,12,9,8,-12,-1,None
0,-1,4,0,2,-2,-1,0,-1,1,12,9,8,-12,-1,None
0,1,4,-2,-7,-1,0,0,-2,1,12,9,8,-12,-1,None
0,1,4,-2,-7,-1,0,0,-2,1,12,9,8,-12,-1,None
0,1,4,-2,-7,-1,0,0,-2,1,12,9,8,-12,-1,None
0,-2,-9,-3,1,3,-1,-1,-1,1,12,9,8,-12,-1,None
0,2,14,-4,-3,-13,-3,-3,-2,1,12,9,8,-12,-1,None
0,-4,4,0,-10,11,0,-3,-2,1,12,9,8,-12,-1,None
0,1,-6,-2,-2,1,-1,-3,-3,1,12,9,8,-12,-1,None
0,1,-6,-2,-2,1,-1,-3,-3,1,12,9,8,-12,-1,None
0,1,-6,-2,-2,1,-1,-3,-3,1,12,9,8,-12,-1,None
0,-4,-1,-1,1,8,0,-1,-2,1,12,9,8,-12,-1,None
0,-1,7,0,0,0,-1,-2,-2,1,12,9,8,-12,-1,None
0,0,-4,-2,1,-4,-1,0,1,1,12,9,8,-12,-1,None
0,0,6,-1,0,3,-1,-3,-1,1,12,9,8,-12,-1,None
0,0,6,-1,0,3,-1,-3,-1,1,12,9,8,-12,-1,None
0,0,6,-1,0,3,-1,-3,-1,1,12,9,8,-12,-1,None
0,-2,-2,-2,1,-5,-2,1,0,1,12,9,8,-12,-1,None
0,8,25,-1,-27,-13,1,1,1,1,12,9,8,-12,-1,None
0,-11,-58,-2,18,5,1,-2,-3,1,12,9,8,-12,-1,None
0,-3,2,-2,4,1,0,-1,-2,1,12,9,8,-12,-1,None
0,-3,2,-2,4,1,0,-1,-2,1,12,9,8,-12,-1,None
0,-3,2,-2,4,1,0,-1,-2,1,12,9,8,-12,-1,None
0,-3,-1,-1,-1,5,-3,-3,-2,1,12,9,8,-12,-1,None
0,0,-3,2,9,11,1,-1,-1,1,12,9,8,-12,-1,None
0,3,21,0,-9,-12,0,-1,-1,1,12,9,8,-12,-1,None
0,-2,0,-2,-2,0,-1,-1,-2,1,12,9,8,-12,-1,None
0,-2,0,-2,-2,0,-1,-1,-2,1,12,9,8,-12,-1,None
0,-2,0,-2,-2,0,-1,-1,-2,1,12,9,8,-12,-1,None
0,-2,-6,-3,1,-3,-1,-1,-1,1,12,9,8,-12,-1,None
0,-4,2,-4,-1,2,-2,-3,-1,1,12,9,8,-12,-1,None
0,5,15,-2,6,1,-1,-1,-3,1,12,9,8,-12,-1,None
0,-7,-10,-3,9,0,-1,-1,-1,1,12,9,8,-12,-1,None
0,-7,-10,-3,9,0,-1,-1,-1,1,12,9,8,-12,-1,None
0,-7,-10,-3,9,0,-1,-1,-1,1,12,9,8,-12,-1,None
0,1,5,-1,-2,5,-3,-3,-3,1,12,9,8,-12,-1,None
0,-4,-2,-2,0,6,-1,-4,-3,1,12,9,8,-12,-1,None
0,0,4,-4,-3,-1,-1,-1,-1,1,12,9,8,-12,-1,None
0,0,0,-1,0,-3,-1,-1,-1,1,12,9,8,-12,-1,None
0,0,0,-1,0,-3,-1,-1,-1,1,12,9,8,-12,-1,None
0,0,0,-1,0,-3,-1,-1,-1,1,12,9,8,-12,-1,None
0,1,2,-1,-3,-5,-1,0,-1,1,12,9,8,-12,-1,None
0,-4,-2,-2,-1,-1,0,-1,0,1,12,9,8,-12,-1,None
0,0,5,0,-2,4,1,0,0,1,12,9,8,-12,-1,None
0,-1,8,-2,0,1,0,-1,-2,1,12,9,8,-12,-1,None
0,-1,8,-2,0,1,0,-1,-2,1,12,9,8,-12,-1,None
0,-1,8,-2,0,1,0,-1,-2,1,12,9,8,-12,-1,None
0,-3,-11,-3,4,3,0,-1,-1,1,12,9,8,-12,-1,None
0,11,27,1,-23,-18,0,1,0,1,12,9,8,-12,-1,None
0,-7,-10,-17,-15,19,-5,-5,-3,1,12,9,8,-12,-1,None
0,-3,-24,-2,-17,-1,-1,-4,-3,1,12,9,8,-12,-1,None
0,-3,-24,-2,-17,-1,-1,-4,-3,1,12,9,8,-12,-1,None
0,-3,-24,-2,-17,-1,-1,-4,-3,1,12,9,8,-12,-1,None
0,-2,0,-2,-1,-1,0,-1,-2,1,12,9,8,-12,-1,None
0,0,1,-3,9,-6,-1,0,0,1,12,9,8,-12,-1,None
0,1,14,4,6,-6,-1,-1,-1,1,12,9,8,-12,-1,None
0,0,10,-1,-4,0,-2,-1,-1,1,12,9,8,-12,-1,None
0,0,10,-1,-4,0,-2,-1,-1,1,12,9,8,-12,-1,None
0,0,10,-1,-4,0,-2,-1,-1,1,12,9,8,-12,-1,None
0,-1,-2,-4,3,1,0,-2,1,1,12,9,8,-12,-1,None
0,-3,-9,-2,0,4,-1,-2,-1,1,12,9,8,-12,-1,None
0,-1,3,0,1,-3,-2,1,-1,1,12,9,8,-12,-1,None
0,-2,-3,-4,3,7,-2,-2,-2,1,12,9,8,-12,-1,None
0,-2,-3,-4,3,7,-2,-2,-2,1,12,9,8,-12,-1,None
0,-2,-3,-4,3,7,-2,-2,-2,1,12,9,8,-12,-1,None
0,1,4,1,0,-3,-1,-1,-1,1,12,9,8,-12,-1,None
0,-4,-2,-2,6,6,-1,-2,-3,1,12,9,8,-12,-1,None
0,-4,-3,-2,-3,-3,-1,-1,-1,1,12,9,8,-12,-1,None
0,3,6,-1,5,3,0,0,0,1,12,9,8,-12,-1,None
0,3,6,-1,5,3,0,0,0,1,12,9,8,-12,-1,None
0,3,6,-1,5,3,0,0,0,1,12,9,8,-12,-1,None
0,0,0,-1,-2,0,0,-1,-1,1,12,9,8,-12,-1,None
0,-3,-2,-3,-15,-8,-3,-1,-2,1,12,9,8,-12,-1,None
0,-1,1,-2,4,4,0,-2,-1,1,12,9,8,-12,-1,None
0,-1,3,-1,-6,-2,-1,0,-1,1,12,9,8,-12,-1,None
0,-1,3,-1,-6,-2,-1,0,-1,1,12,9,8,-12,-1,None
0,-1,3,-1,-6,-2,-1,0,-1,1,12,9,8,-12,-1,None
0,-2,-4,-2,3,0,-2,-2,-4,1,12,9,8,-12,-1,None
0,-1,7,-1,2,4,-1,-2,0,1,12,9,8,-12,-1,None
0,-7,-15,1,1,-6,-1,-2,-1,1,12,9,8,-12,-1,None
0,2,4,0,-5,-2,-1,-2,-2,1,12,9,8,-12,-1,None
0,2,4,0,-5,-2,-1,-2,-2,1,12,9,8,-12,-1,None
0,2,4,0,-5,-2,-1,-2,-2,1,12,9,8,-12,-1,None
0,-2,2,-3,-1,0,0,-1,-1,1,12,9,8,-12,-1,None
0,-4,-7,-3,15,9,-1,-3,-3,1,12,9,8,-12,-1,None
0,2,8,0,-10,-10,-2,-1,-1,1,12,9,8,-12,-1,None
0,-2,3,-5,4,8,-1,-3,-2,1,12,9,8,-12,-1,None
0,-2,3,-5,4,8,-1,-3,-2,1,12,9,8,-12,-1,None
0,-2,3,-5,4,8,-1,-3,-2,1,12,9,8,-12,-1,None
0,1,21,-2,4,1,-2,-1,-1,1,12,9,8,-12,-1,None
0,-1,-33,-4,3,-1,-1,0,-1,1,12,9,8,-12,-1,None
0,4,6,0,9,2,-2,-1,0,1,12,9,8,-12,-1,None
0,-2,-2,1,-4,-11,-1,0,0,1,12,9,8,-12,-1,None
0,-2,-2,1,-4,-11,-1,0,0,1,12,9,8,-12,-1,None
0,-2,-2,1,-4,-11,-1,0,0,1,12,9,8,-12,-1,None
0,-2,7,-2,-12,-1,0,-2,-3,1,12,9,8,-12,-1,None
0,-2,4,-3,-36,-4,-1,-3,-2,1,12,9,8,-12,-1,None
0,0,1,-5,5,15,-2,-3,-2,1,12,9,8,-12,-1,None
0,3,16,-4,-19,3,-3,-2,-1,1,12,9,8,-12,-1,None
0,3,16,-4,-19,3,-3,-2,-1,1,12,9,8,-12,-1,None
0,3,16,-4,-19,3,-3,-2,-1,1,12,9,8,-12,-1,None
0,-3,-18,0,5,-4,-1,1,0,1,12,9,8,-12,-1,None
0,-1,-5,-3,8,2,0,-2,-1,1,12,9,8,-12,-1,None
0,-2,1,0,-6,-5,-1,-1,-1,1,12,9,8,-12,-1,None
0,-2,8,0,3,-5,-2,0,0,1,12,9,8,-12,-1,None
0,-2,8,0,3,-5,-2,0,0,1,12,9,8,-12,-1,None
0,-2,8,0,3,-5,-2,0,0,1,12,9,8,-12,-1,None
0,-3,-3,-2,3,7,-1,-2,-2,1,12,9,8,-12,-1,None
0,-2,3,-3,12,8,-2,0,-1,1,12,9,8,-12,-1,None
0,-1,5,-5,-11,-11,0,-1,-2,1,12,9,8,-12,-1,None
0,2,-8,-1,14,5,-1,-2,-2,1,12,9,8,-12,-1,None
0,2,-8,-1,14,5,-1,-2,-2,1,12,9,8,-12,-1,None
0,2,-8,-1,14,5,-1,-2,-2,1,12,9,8,-12,-1,None
0,0,6,-2,3,0,-1,-1,-2,1,12,9,8,-12,-1,None
0,-2,2,-2,1,0,-1,-1,-1,1,12,9,8,-12,-1,None
0,-2,2,0,1,1,-2,-2,0,1,12,9,8,-12,-1,None
0,-3,-2,-3,-8,0,-1,0,-1,1,12,9,8,-12,-1,None
0,-3,-2,-3,-8,0,-1,0,-1,1,12,9,8,-12,-1,None
0,-3,-2,-3,-8,0,-1,0,-1,1,12,9,8,-12,-1,None
0,-1,-5,-2,-7,-1,-2,-3,-1,1,12,9,8,-12,-1,None
0,-3,8,-1,3,-2,-2,-1,-1,1,12,9,8,-12,-1,None
0,6,22,-1,6,8,-1,0,-1,1,12,9,8,-12,-1,None
0,-8,-12,-1,-3,-4,0,-3,-5,1,12,9,8,-12,-1,None
0,-8,-12,-1,-3,-4,0,-3,-5,1,12,9,8,-12,-1,None
0,-8,-12,-1,-3,-4,0,-3,-5,1,12,9,8,-12,-1,None
0,1,1,-3,-4,-5,-2,-1,0,1,12,9,8,-12,-1,None
0,-3,-3,-1,-4,10,0,-1,-1,1,12,9,8,-12,-1,None
0,-1,10,0,9,1,0,-1,-2,1,12,9,8,-12,-1,None
0,-1,-2,-3,16,7,0,-1,-1,1,12,9,8,-12,-1,None
0,-1,-2,-3,16,7,0,-1,-1,1,12,9,8,-12,-1,None
0,-1,-2,-3,16,7,0,-1,-1,1,12,9,8,-12,-1,None
0,0,0,0,-16,-5,1,-2,-2,1,12,9,8,-12,-1,None
0,0,4,0,0,-3,-2,-2,0,1,12,9,8,-12,-1,None
0,-1,-11,-3,5,-6,0,-3,-1,1,12,9,8,-12,-1,None
0,0,4,-2,0,2,-1,0,0,1,12,9,8,-12,-1,None
0,0,4,-2,0,2,-1,0,0,1,12,9,8,-12,-1,None
0,0,4,-2,0,2,-1,0,0,1,12,9,8,-12,-1,None
0,-2,-1,-2,2,3,0,-1,-1,1,12,9,8,-12,-1,None
0,5,-4,-4,-1,-8,-2,-2,-2,1,12,9,8,-12,-1,None
0,-4,-4,3,15,17,2,-2,-1,1,12,9,8,-12,-1,None
0,-1,-1,0,-14,-4,0,-1,0,1,12,9,8,-12,-1,None
0,-1,-1,0,-14,-4,0,-1,0,1,12,9,8,-12,-1,None
0,-1,-1,0,-14,-4,0,-1,0,1,12,9,8,-12,-1,None
0,-2,1,-4,-15,2,-3,-2,-3,1,12,9,8,-12,-1,None
0,-1,3,-2,-4,-10,-2,-1,-2,1,12,9,8,-12,-1,None
0,-2,-2,-3,-1,0,-1,-1,-2,1,12,9,8,-12,-1,None
0,0,1,-1,1,-1,-1,-1,0,1,12,9,8,-12,-1,None
0,0,1,-1,1,-1,-1,-1,0,1,12,9,8,-12,-1,None
0,0,1,-1,1,-1,-1,-1,0,1,12,9,8,-12,-1,None
0,-2,0,-2,7,-2,-1,0,-1,1,12,9,8,-12,-1,None
0,-1,7,-1,3,8,0,-3,-1,1,12,9,8,-12,-1,None
0,0,-5,-4,-12,-8,-3,0,-1,1,12,9,8,-12,-1,None
0,-4,0,-2,9,0,-2,-2,-3,1,12,9,8,-12,-1,None
0,-4,0,-2,9,0,-2,-2,-3,1,12,9,8,-12,-1,None
0,-4,0,-2,9,0,-2,-2,-3,1,12,9,8,-12,-1,None
0,4,23,-1,-2,2,-1,-1,-1,1,12,9,8,-12,-1,None
0,-1,-10,0,10,16,0,-1,-1,1,12,9,8,-12,-1,None
0,0,0,-11,-4,-3,-1,0,0,1,12,9,8,-12,-1,None
0,-2,-2,-2,-7,-10,-2,-1,-2,1,12,9,8,-12,-1,None
0,-2,-2,-2,-7,-10,-2,-1,-2,1,12,9,8,-12,-1,None
0,-2,-2,-2,-7,-10,-2,-1,-2,1,12,9,8,-12,-1,None
0,0,3,-2,2,-4,-2,-1,0,1,12,9,8,-12,-1,None
0,-1,4,-1,6,4,-2,-2,-2,1,12,9,8,-12,-1,None
0,-1,-5,-1,-7,-6,-1,-2,-1,1,12,9,8,-12,-1,None
0,-2,18,0,-7,-1,1,0,0,1,12,9,8,-12,-1,None
0,-2,18,0,-7,-1,1,0,0,1,12,9,8,-12,-1,None
0,-2,18,0,-7,-1,1,0,0,1,12,9,8,-12,-1,None
0,2,-7,-5,-5,13,-1,-2,-3,1,12,9,8,-12,-1,None
