0,-7,1,1,4,1,-27,15,13,1,12,9,10,-16,-5,None
0,3,2,-2,-15,1,47,-32,5,1,12,9,10,-16,-5,None
0,-5,0,2,-17,1,-26,25,-28,1,12,9,10,-16,-5,None
0,-5,0,2,-17,1,-26,25,-28,1,12,9,10,-16,-5,None
0,-5,0,2,-17,1,-26,25,-28,1,12,9,8,-17,-5,None
0,0,4,1,2,4,38,17,22,1,12,9,8,-17,-5,None
0,2,0,-2,-1,-2,-1,-13,-3,1,12,9,8,-17,-5,None
0,-6,-5,-1,-20,-15,-24,-3,-6,1,12,9,8,-17,-5,None
0,0,-2,-12,-4,14,17,-54,4,1,12,9,8,-17,-5,None
0,0,-2,-12,-4,14,17,-54,4,1,12,9,8,-17,-5,None
0,0,-2,-12,-4,14,17,-54,4,1,12,9,5,-16,-4,None
0,-1,3,11,2,-9,-8,32,-5,1,12,9,5,-16,-4,None
0,0,3,0,-15,-2,-23,8,-5,1,12,9,5,-16,-4,None
0,-2,3,4,-21,-13,14,16,0,1,12,9,5,-16,-4,None
0,-3,-3,-9,1,0,-34,-45,-4,1,12,9,5,-16,-4,None
0,-3,-3,-9,1,0,-34,-45,-4,0,12,9,5,-16,-4,None
0,-3,-3,-9,1,0,-34,-45,-4,0,12,9,3,-15,-4,None
0,-5,1,1,1,13,39,32,0,0,12,9,3,-15,-4,None
0,-1,3,8,5,0,16,-25,-1,0,12,9,3,-15,-4,None
0,-3,-6,-26,-1,-14,-59,4,-3,0,12,9,3,-15,-4,None
0,-2,-2,0,-5,16,49,25,0,0,12,9,3,-15,-4,None
0,-2,-2,0,-5,16,49,25,0,0,12,9,3,-15,-4,None
0,-2,-2,0,-5,16,49,25,0,0,12,9,1,-15,-4,None
0,-1,3,5,0,-7,-21,-35,-4,0,12,9,1,-15,-4,None
0,0,1,6,-3,0,6,24,7,0,12,9,1,-15,-4,None
0,-1,1,5,-25,-17,-2,-13,-5,0,12,9,1,-15,-4,None
0,-2,-1,-20,-4,-6,-42,-24,-6,0,12,9,1,-15,-4,None
0,-2,-1,-20,-4,-6,-42,-24,-6,0,12,9,1,-15,-4,None
0,-2,-1,-20,-4,-6,-42,-24,-6,0,12,9,0,-15,-4,None
0,3,2,-3,28,15,12,19,7,0,12,9,0,-15,-4,None
0,-1,-2,-6,9,12,33,-1,-3,0,12,9,0,-15,-4,None
0,0,1,8,-1,-21,-15,6,-1,0,12,9,0,-15,-4,None
0,-1,3,-4,-36,-9,-14,-3,3,0,12,9,0,-15,-4,None
0,-1,3,-4,-36,-9,-14,-3,3,0,12,8,0,-15,-4,None
0,-1,3,-4,-36,-9,-14,-3,3,0,12,8,0,-14,-4,None
0,-1,2,7,-6,11,-30,-23,0,0,12,8,0,-14,-4,None
0,-1,-2,-7,7,-1,11,-9,0,0,12,8,0,-14,-4,None
0,3,4,7,9,29,7,34,-9,0,12,8,0,-14,-4,None
0,-3,-1,0,12,-6,11,5,-1,0,12,8,0,-14,-4,None
0,-3,-1,0,12,-6,11,5,-1,0,12,8,0,-14,-4,None
0,-3,-1,0,12,-6,11,5,-1,0,12,8,-1,-14,-4,None
0,-3,-2,-6,14,-17,-9,-11,7,0,12,8,-1,-14,-4,None
0,1,0,-6,-39,-32,-13,-6,-7,0,12,8,-1,-14,-4,None
0,0,5,1,15,39,-9,7,23,0,12,8,-1,-14,-4,None
0,2,4,5,-10,-34,39,-3,-4,0,12,8,-1,-14,-4,None
0,2,4,5,-10,-34,39,-3,-4,17,12,8,-1,-14,-4,None
0,2,4,5,-10,-34,39,-3,-4,17,12,8,-2,-13,-4,None
0,-1,5,13,17,39,-31,4,-6,17,12,8,-2,-13,-4,None
0,-1,-4,-13,38,16,14,1,2,17,12,8,-2,-13,-4,None
0,-5,-2,-9,9,-29,9,-16,-28,17,12,8,-2,-13,-4,None
0,-1,3,5,32,26,-6,10,-9,17,12,8,-2,-13,-4,None
0,-1,3,5,32,26,-6,10,-9,17,12,8,-2,-13,-4,None
0,-1,3,5,32,26,-6,10,-9,17,12,8,-3,-13,-4,None
0,-2,1,-8,-53,-64,-8,-23,2,17,12,8,-3,-13,-4,None
0,6,4,6,18,-3,-21,11,9,17,12,8,-3,-13,-4,None
0,-1,5,-5,23,-5,10,-5,-4,17,12,8,-3,-13,-4,None
0,-3,-6,-10,5,17,13,7,5,17,12,8,-3,-13,-4,None
0,-3,-6,-10,5,17,13,7,5,17,12,8,-3,-13,-4,None
0,-3,-6,-10,5,17,13,7,5,17,12,8,-3,-12,-3,None
0,4,-1,-6,14,-20,-13,-21,-16,17,12,8,-3,-12,-3,None
0,3,47,18,43,26,10,1,13,17,12,8,-3,-12,-3,None
0,-8,-22,-17,-30,-31,-4,13,-16,17,12,8,-3,-12,-3,None
0,0,-22,5,-2,-13,-4,-6,-7,17,12,8,-3,-12,-3,None
0,0,-22,5,-2,-13,-4,-6,-7,17,12,8,-3,-12,-3,None
0,0,-22,5,-2,-13,-4,-6,-7,17,12,8,-4,-12,-3,None
0,6,-7,-15,-12,21,2,-41,-92,17,12,8,-4,-12,-3,None
0,-26,-31,13,-7,-8,-13,11,60,17,12,8,-4,-12,-3,None
0,10,-14,-11,8,15,4,10,28,17,12,8,-4,-12,-3,None
0,-51,4,-5,6,20,10,47,69,17,12,8,-4,-12,-3,None
0,-51,4,-5,6,20,10,47,69,17,12,8,-4,-12,-3,None
0,-51,4,-5,6,20,10,47,69,17,12,8,-3,-12,-3,None
0,1,-22,-11,-15,-14,13,66,-44,17,12,8,-3,-12,-3,None
0,-25,-1,-17,4,9,-4,-38,-5,17,12,8,-3,-12,-3,None
0,22,82,-15,2,16,0,-30,-36,17,12,8,-3,-12,-3,None
0,48,32,-12,-20,-12,-6,-8,-2,17,12,8,-3,-12,-3,None
0,48,32,-12,-20,-12,-6,-8,-2,16,12,8,-3,-12,-3,None
0,48,32,-12,-20,-12,-6,-8,-2,16,12,8,-2,-11,-3,None
0,-31,5,-7,21,9,-10,-32,20,16,12,8,-2,-11,-3,None
0,-31,-4,-1,-38,-19,-16,-47,-90,16,12,8,-2,-11,-3,None
0,55,29,3,14,30,25,21,24,16,12,8,-2,-11,-3,None
0,19,-10,2,0,7,4,13,87,16,12,8,-2,-11,-3,None
0,19,-10,2,0,7,4,13,87,16,12,7,-2,-11,-3,None
0,19,-10,2,0,7,4,13,87,16,12,7,-3,-11,-3,None
0,-34,-13,-31,-6,-6,-7,39,1,16,12,7,-3,-11,-3,None
0,31,11,-6,-17,-1,4,-4,-43,16,12,7,-3,-11,-3,None
0,12,-13,-4,2,-2,-3,29,88,16,12,7,-3,-11,-3,None
0,-48,-44,-16,-3,-9,-20,-58,-41,16,12,7,-3,-11,-3,None
0,-48,-44,-16,-3,-9,-20,-58,-41,16,12,7,-3,-11,-3,None
0,-48,-44,-16,-3,-9,-20,-58,-41,16,12,7,-4,-10,-4,None
0,11,-22,-4,-6,7,9,-78,-4,16,12,7,-4,-10,-4,None
0,16,38,2,-5,-3,-2,74,76,16,12,7,-4,-10,-4,None
0,-22,-29,5,-3,10,9,-76,38,16,12,7,-4,-10,-4,None
0,5,12,7,-2,-4,-2,79,-16,16,12,7,-4,-10,-4,None
0,5,12,7,-2,-4,-2,79,-16,16,12,7,-4,-10,-4,None
0,5,12,7,-2,-4,-2,79,-16,16,12,7,-4,-9,-4,None
0,11,22,8,0,6,-7,-53,-5,16,12,7,-4,-9,-4,None
0,8,0,-1,-2,-9,-15,-56,-63,16,12,7,-4,-9,-4,None
0,-12,-3,1,0,9,8,15,-4,16,12,7,-4,-9,-4,None
0,17,14,-2,-4,4,4,-7,35,16,12,7,-4,-9,-4,None
0,17,14,-2,-4,4,4,-7,35,16,11,7,-4,-9,-4,None
0,17,14,-2,-4,4,4,-7,35,16,11,7,0,-11,-1,None
0,-8,-3,11,12,-7,-14,5,22,16,11,7,0,-11,-1,None
0,23,-9,27,7,26,34,-14,-75,16,11,7,0,-11,-1,None
0,-17,-11,28,-9,-5,-7,50,23,16,11,7,0,-11,-1,None
0,-11,-28,33,0,1,2,34,-56,16,11,7,0,-11,-1,None
0,-11,-28,33,0,1,2,34,-56,16,12,7,0,-11,-1,None
0,-11,-28,33,0,1,2,34,-56,16,12,7,2,-18,4,None
0,5,15,19,-5,-4,-7,-1,-3,16,12,7,2,-18,4,None
0,-21,1,-13,-2,3,2,-43,-32,16,12,7,2,-18,4,None
0,-15,-15,-4,-9,-3,-1,62,-43,16,12,7,2,-18,4,None
0,-3,31,-11,1,-3,0,30,30,16,12,7,2,-18,4,None
0,-3,31,-11,1,-3,0,30,30,16,12,7,2,-18,4,None
0,-3,31,-11,1,-3,0,30,30,16,12,7,-5,-11,-6,None
0,11,8,-13,-7,-3,-10,-15,-14,16,12,7,-5,-11,-6,None
0,21,-1,-20,-7,-5,-5,29,29,16,12,7,-5,-11,-6,None
0,-33,-4,-12,-4,0,-2,-45,-23,16,12,7,-5,-11,-6,None
0,13,10,-19,-7,-10,-6,-37,-42,16,12,7,-5,-11,-6,None
0,13,10,-19,-7,-10,-6,-37,-42,16,12,7,-5,-11,-6,None
0,13,10,-19,-7,-10,-6,-37,-42,16,12,7,-7,-13,-5,None
0,-6,2,27,-2,2,0,17,0,16,12,7,-7,-13,-5,None
0,50,1,29,3,5,2,49,59,16,12,7,-7,-13,-5,None
0,18,1,40,-1,-2,-2,-6,0,16,12,7,-7,-13,-5,None
0,-8,-2,16,5,4,1,-23,-14,16,12,7,-7,-13,-5,None
0,-8,-2,16,5,4,1,-23,-14,16,12,7,-7,-13,-5,None
0,-8,-2,16,5,4,1,-23,-14,16,12,7,-6,-9,-6,None
0,-3,4,6,2,1,1,-19,8,16,12,7,-6,-9,-6,None
0,-19,-11,-20,0,-11,-18,-39,-43,16,12,7,-6,-9,-6,None
0,54,2,-17,3,3,3,43,-29,16,12,7,-6,-9,-6,None
0,3,1,-20,3,4,7,-1,-7,16,12,7,-6,-9,-6,None
0,3,1,-20,3,4,7,-1,-7,16,12,7,-6,-9,-6,None
0,3,1,-20,3,4,7,-1,-7,16,12,7,-6,-15,-4,None
0,9,-25,-18,1,0,-1,-2,22,16,12,7,-6,-15,-4,None
0,-60,-4,-21,0,9,13,36,106,16,12,7,-6,-15,-4,None
0,-12,-3,-18,1,-6,-12,-51,-56,16,12,7,-6,-15,-4,None
0,-10,2,10,2,3,7,5,-5,16,12,7,-6,-15,-4,None
0,-10,2,10,2,3,7,5,-5,16,12,7,-6,-15,-4,None
0,-10,2,10,2,3,7,5,-5,16,12,7,-6,-11,-3,None
0,2,19,-6,-5,-6,-12,-8,19,16,12,7,-6,-11,-3,None
0,-5,-37,-13,4,4,5,67,-3,16,12,7,-6,-11,-3,None
0,-20,-2,-5,1,3,2,-24,60,16,12,7,-6,-11,-3,None
0,2,6,7,-2,-7,-10,-42,35,16,12,7,-6,-11,-3,None
0,2,6,7,-2,-7,-10,-42,35,16,12,7,-6,-11,-3,None
0,2,6,7,-2,-7,-10,-42,35,16,12,7,-6,-11,-3,None
0,-11,8,-18,1,14,27,59,-50,16,12,7,-6,-11,-3,None
0,5,4,2,-6,-10,-16,-57,-11,16,12,7,-6,-11,-3,None
0,-15,1,5,-3,3,-3,-1,-11,16,12,7,-6,-11,-3,None
0,6,-25,-5,-3,-1,-3,-10,-15,16,12,7,-6,-11,-3,None
0,6,-25,-5,-3,-1,-3,-10,-15,16,12,7,-6,-11,-3,None
0,6,-25,-5,-3,-1,-3,-10,-15,16,12,7,-5,-13,-3,None
0,3,31,-2,10,6,-3,-26,0,16,12,7,-5,-13,-3,None
0,-3,0,4,-4,-3,-3,-68,-98,16,12,7,-5,-13,-3,None
0,-24,-6,-4,0,1,2,40,33,16,12,7,-5,-13,-3,None
0,-8,3,-5,-10,-16,-13,-48,-28,16,12,7,-5,-13,-3,None
0,-8,3,-5,-10,-16,-13,-48,-28,16,12,7,-5,-13,-3,None
0,-8,3,-5,-10,-16,-13,-48,-28,16,12,7,-5,-13,-3,None
0,-18,-4,0,-2,5,3,-6,-15,16,12,7,-5,-13,-3,None
0,-1,8,-11,-2,2,7,11,37,16,12,7,-5,-13,-3,None
0,-13,-30,-2,-2,-6,-12,-47,-42,16,12,7,-5,-13,-3,None
0,9,11,4,2,4,5,25,39,16,12,7,-5,-13,-3,None
0,9,11,4,2,4,5,25,39,16,12,7,-5,-13,-3,None
0,9,11,4,2,4,5,25,39,16,12,7,-5,-13,-3,None
0,13,-8,-2,-1,-1,-2,35,11,16,12,7,-5,-13,-3,None
0,61,-5,-4,1,-3,-9,-16,3,16,12,7,-5,-13,-3,None
0,15,14,-1,0,2,0,25,-16,16,12,7,-5,-13,-3,None
0,-13,3,-7,-3,4,9,-38,-27,16,12,7,-5,-13,-3,None
0,-13,3,-7,-3,4,9,-38,-27,16,12,7,-5,-13,-3,None
0,-13,3,-7,-3,4,9,-38,-27,16,12,7,-5,-13,-3,None
0,8,-9,-3,1,0,-3,-17,-35,16,12,7,-5,-13,-3,None
0,-1,1,9,-1,2,1,8,3,16,12,7,-5,-13,-3,None
0,8,14,-1,0,-1,-4,7,10,16,12,7,-5,-13,-3,None
0,4,-3,-8,0,-3,-4,1,-16,16,12,7,-5,-13,-3,None
0,4,-3,-8,0,-3,-4,1,-16,16,12,7,-5,-13,-3,None
0,4,-3,-8,0,-3,-4,1,-16,16,12,7,-5,-13,-2,None
0,-2,-2,-5,-9,-5,-7,-11,28,16,12,7,-5,-13,-2,None
0,-15,2,-2,-4,-8,-4,6,-41,16,12,7,-5,-13,-2,None
0,-11,3,-12,-1,2,9,-13,8,16,12,7,-5,-13,-2,None
0,-8,-1,6,-3,-3,-5,0,-29,16,12,7,-5,-13,-2,None
0,-8,-1,6,-3,-3,-5,0,-29,16,12,7,-5,-13,-2,None
0,-8,-1,6,-3,-3,-5,0,-29,16,12,7,-5,-13,-2,None
0,1,-1,-6,6,14,10,30,29,16,12,7,-5,-13,-2,None
0,-14,2,4,-5,-12,-16,0,20,16,12,7,-5,-13,-2,None
0,-4,-3,6,15,4,2,-9,-12,16,12,7,-5,-13,-2,None
0,9,10,-8,-41,0,-1,18,10,16,12,7,-5,-13,-2,None
0,9,10,-8,-41,0,-1,18,10,16,12,7,-5,-13,-2,None
0,9,10,-8,-41,0,-1,18,10,16,12,7,-5,-13,-3,None
0,1,1,4,-4,-6,-1,-12,8,16,12,7,-5,-13,-3,None
0,-9,-3,-6,7,2,-1,-2,-8,16,12,7,-5,-13,-3,None
0,-2,5,-4,-15,-9,-4,1,7,16,12,7,-5,-13,-3,None
0,0,4,17,10,-17,-10,1,-18,16,12,7,-5,-13,-3,None
0,0,4,17,10,-17,-10,1,-18,16,12,7,-5,-13,-3,None
0,0,4,17,10,-17,-10,1,-18,16,12,7,-5,-13,-3,None
0,0,5,-5,11,4,-11,11,23,16,12,7,-5,-13,-3,None
0,-12,-4,-11,-23,13,15,2,-1,16,12,7,-5,-13,-3,None
0,-6,-2,-9,14,20,-2,-3,-9,16,12,7,-5,-13,-3,None
0,-1,-2,-13,-35,2,34,7,3,16,12,7,-5,-13,-3,None
0,-1,-2,-13,-35,2,34,7,3,16,12,7,-5,-13,-3,None
0,-1,-2,-13,-35,2,34,7,3,16,12,7,-5,-12,-4,None
0,2,-5,-10,51,12,1,3,9,16,12,7,-5,-12,-4,None
0,-2,3,6,-38,-12,-8,8,19,16,12,7,-5,-12,-4,None
0,-1,8,13,99,-10,-21,-23,-17,16,12,7,-5,-12,-4,None
0,-4,-9,-11,-57,-21,-33,-1,3,16,12,7,-5,-12,-4,None
0,-4,-9,-11,-57,-21,-33,-1,3,16,12,7,-5,-12,-4,None
0,-4,-9,-11,-57,-21,-33,-1,3,16,12,7,-5,-12,-3,None
0,3,5,-6,13,24,60,6,9,16,12,7,-5,-12,-3,None
0,0,4,-7,11,-5,0,6,3,16,12,7,-5,-12,-3,None
0,-8,-5,-2,4,-3,-5,-10,-8,16,12,7,-5,-12,-3,None
0,-2,3,-8,39,10,-11,-6,-14,16,12,7,-5,-12,-3,None
0,-2,3,-8,39,10,-11,-6,-14,16,12,7,-5,-12,-3,None
0,-2,3,-8,39,10,-11,-6,-14,16,12,7,-5,-12,-3,None
0,-2,0,1,-35,-8,-10,6,4,16,12,7,-5,-12,-3,None
0,-5,-1,2,12,-8,-10,4,7,16,12,7,-5,-12,-3,None
0,1,0,-5,-49,-18,-16,-7,-4,16,12,7,-5,-12,-3,None
0,3,4,-2,36,17,16,0,1,16,12,7,-5,-12,-3,None
0,3,4,-2,36,17,16,0,1,16,12,7,-5,-12,-3,None
0,3,4,-2,36,17,16,0,1,16,12,7,-4,-12,-3,None
0,-3,-5,-6,-57,8,-4,-5,-2,16,12,7,-4,-12,-3,None
0,-2,1,-4,29,-10,3,1,7,16,12,7,-4,-12,-3,None
0,-3,1,0,-29,2,-11,-9,-7,16,12,7,-4,-12,-3,None
0,0,1,-1,-15,6,1,0,-5,16,12,7,-4,-12,-3,None
0,0,1,-1,-15,6,1,0,-5,16,12,7,-4,-12,-3,None
0,0,1,-1,-15,6,1,0,-5,16,12,7,-5,-12,-3,None
0,2,4,2,-30,-1,-1,0,10,16,12,7,-5,-12,-3,None
0,-2,0,-10,-64,9,-8,-4,-1,16,12,7,-5,-12,-3,None
0,-3,0,-5,-61,-2,5,-2,0,16,12,7,-5,-12,-3,None
0,-1,2,5,-40,14,3,-2,0,16,12,7,-5,-12,-3,None
0,-1,2,5,-40,14,3,-2,0,16,12,7,-5,-12,-3,None
0,-1,2,5,-40,14,3,-2,0,16,12,7,-5,-12,-3,None
0,0,1,1,-49,-8,-8,-6,2,16,12,7,-5,-12,-3,None
0,-1,1,-2,-71,0,-2,-4,4,16,12,7,-5,-12,-3,None
0,-2,0,-2,-64,-2,8,-8,-4,16,12,7,-5,-12,-3,None
0,1,0,9,6,1,1,6,5,16,12,7,-5,-12,-3,None
0,1,0,9,6,1,1,6,5,16,12,7,-5,-12,-3,None
0,1,0,9,6,1,1,6,5,16,12,7,-5,-13,-2,None
0,-3,-2,-7,16,-3,-15,0,-3,16,12,7,-5,-13,-2,None
0,0,1,1,42,0,6,7,2,16,12,7,-5,-13,-2,None
0,-1,2,4,50,5,4,4,-3,16,12,7,-5,-13,-2,None
0,-1,0,-1,72,6,2,6,3,16,12,7,-5,-13,-2,None
0,-1,0,-1,72,6,2,6,3,16,12,8,-5,-13,-2,None
0,-1,0,-1,72,6,2,6,3,16,12,8,-4,-13,-2,None
0,0,1,7,70,0,-7,2,-1,16,12,8,-4,-13,-2,None
0,-3,0,4,63,8,4,0,0,16,12,8,-4,-13,-2,None
0,-1,0,-1,46,-4,6,7,0,16,12,8,-4,-13,-2,None
0,0,3,-7,54,3,-5,0,2,16,12,8,-4,-13,-2,None
0,0,3,-7,54,3,-5,0,2,16,12,8,-4,-13,-2,None
0,0,3,-7,54,3,-5,0,2,16,12,8,-4,-12,-2,None
0,-1,1,4,36,-9,-4,5,-13,16,12,8,-4,-12,-2,None
0,-1,-1,-2,48,7,8,6,6,16,12,8,-4,-12,-2,None
0,0,-1,-3,27,0,-2,-2,0,16,12,8,-4,-12,-2,None
0,-3,-1,-2,60,6,0,0,-5,16,12,8,-4,-12,-2,None
0,-3,-1,-2,60,6,0,0,-5,16,12,8,-4,-12,-2,None
0,-3,-1,-2,60,6,0,0,-5,16,12,8,-4,-12,-2,None
0,0,1,-3,59,-5,-4,0,1,16,12,8,-4,-12,-2,None
0,-3,1,3,76,2,-10,-2,-5,16,12,8,-4,-12,-2,None
0,-2,-1,-6,62,4,2,2,-2,16,12,8,-4,-12,-2,None
0,0,0,1,77,0,3,0,1,16,12,8,-4,-12,-2,None
0,0,0,1,77,0,3,0,1,16,12,8,-4,-12,-2,None
0,0,0,1,77,0,3,0,1,16,12,8,-4,-13,-3,None
0,-2,-1,-2,0,-6,-2,0,2,16,12,8,-4,-13,-3,None
0,-1,2,-3,19,3,-2,-1,-1,16,12,8,-4,-13,-3,None
0,-2,1,-4,9,-7,0,-4,-1,16,12,8,-4,-13,-3,None
0,-4,0,-4,-25,3,-2,-3,-5,16,12,8,-4,-13,-3,None
0,-4,0,-4,-25,3,-2,-3,-5,17,12,8,-4,-13,-3,None
0,-4,0,-4,-25,3,-2,-3,-5,17,12,8,-4,-13,-3,None
0,0,1,-2,-36,-1,-2,0,0,17,12,8,-4,-13,-3,None
0,-1,-1,-36,-67,1,1,-2,-2,17,12,8,-4,-13,-3,None
0,-1,1,-67,-53,8,-2,-5,-2,17,12,8,-4,-13,-3,None
0,1,2,-17,-63,1,5,-1,-1,17,12,8,-4,-13,-3,None
0,1,2,-17,-63,1,5,-1,-1,17,12,8,-4,-13,-3,None
0,1,2,-17,-63,1,5,-1,-1,17,12,8,-4,-12,-3,None
0,-1,0,11,-60,1,-2,0,0,17,12,8,-4,-12,-3,None
0,-1,0,43,-42,-1,-9,-5,-5,17,12,8,-4,-12,-3,None
0,0,-1,58,-33,18,8,-2,3,17,12,8,-4,-12,-3,None
0,1,-1,28,-40,-24,-2,1,6,17,12,8,-4,-12,-3,None
0,1,-1,28,-40,-24,-2,1,6,17,12,8,-4,-12,-3,None
0,1,-1,28,-40,-24,-2,1,6,17,12,8,-4,-12,-3,None
0,-1,-1,7,-33,-12,4,5,-3,17,12,8,-4,-12,-3,None
0,-1,1,4,-10,-2,-2,-1,-5,17,12,8,-4,-12,-3,None
0,-1,0,11,-19,-3,-4,-4,-2,17,12,8,-4,-12,-3,None
0,0,1,1,-11,9,-2,-3,1,17,12,8,-4,-12,-3,None
0,0,1,1,-11,9,-2,-3,1,17,12,8,-4,-12,-3,None
0,0,1,1,-11,9,-2,-3,1,17,12,8,-4,-13,-3,None
0,-1,0,3,18,4,-6,-4,0,17,12,8,-4,-13,-3,None
0,0,0,3,24,1,4,5,3,17,12,8,-4,-13,-3,None
0,0,0,-9,-26,3,1,-2,-2,17,12,8,-4,-13,-3,None
0,0,-1,-5,-14,2,-1,-3,-5,17,12,8,-4,-13,-3,None
0,0,-1,-5,-14,2,-1,-3,-5,17,12,8,-4,-13,-3,None
0,0,-1,-5,-14,2,-1,-3,-5,17,12,8,-3,-13,-3,None
0,-3,-2,-2,23,-5,-4,-3,-3,17,12,8,-3,-13,-3,None
0,-2,0,-4,-6,8,-1,-3,-3,17,12,8,-3,-13,-3,None
0,0,3,-5,-1,-9,-1,-2,-1,17,12,8,-3,-13,-3,None
0,-1,-1,-13,-17,5,5,3,-2,17,12,8,-3,-13,-3,None
0,-1,-1,-13,-17,5,5,3,-2,17,12,8,-3,-13,-3,None
0,-1,-1,-13,-17,5,5,3,-2,17,12,8,-3,-13,-3,None
0,0,1,-10,3,-1,-1,-4,2,17,12,8,-3,-13,-3,None
0,-2,0,-11,19,4,-1,-3,0,17,12,8,-3,-13,-3,None
0,-3,3,0,31,-3,-6,-2,-7,17,12,8,-3,-13,-3,None
0,-2,-2,-13,-15,3,-3,-3,-2,17,12,8,-3,-13,-3,None
0,-2,-2,-13,-15,3,-3,-3,-2,17,12,8,-3,-13,-3,None
0,-2,-2,-13,-15,3,-3,-3,-2,17,12,8,-2,-13,-3,None
0,1,4,-1,68,3,1,1,1,17,12,8,-2,-13,-3,None
0,-4,-2,-14,38,5,-1,-3,-3,17,12,8,-2,-13,-3,None
0,-2,-2,-10,-21,-5,-4,-3,-3,17,12,8,-2,-13,-3,None
0,-3,-2,-6,-9,-13,-5,-3,-1,17,12,8,-2,-13,-3,None
0,-3,-2,-6,-9,-13,-5,-3,-1,17,12,8,-2,-13,-3,None
0,-3,-2,-6,-9,-13,-5,-3,-1,17,12,8,-1,-14,-3,None
0,-3,-1,-7,-8,-9,2,1,-5,17,12,8,-1,-14,-3,None
0,1,3,-3,20,19,3,2,1,17,12,8,-1,-14,-3,None
0,-1,3,2,-3,-11,-3,-1,2,17,12,8,-1,-14,-3,None
0,-4,2,15,83,41,5,-3,-8,17,12,8,-1,-14,-3,None
0,-4,2,15,83,41,5,-3,-8,0,12,9,-1,-14,-3,None
0,-4,2,15,83,41,5,-3,-8,0,12,9,0,-14,-3,None
0,-4,-8,-28,-85,-27,-16,-11,-2,0,12,9,0,-14,-3,None
0,-1,-3,-7,-59,-21,-5,-2,0,0,12,9,0,-14,-3,None
0,2,0,-2,-9,-2,10,6,-1,0,12,9,0,-14,-3,None
0,0,2,5,56,8,1,1,2,0,12,9,0,-14,-3,None
0,0,2,5,56,8,1,1,2,0,12,9,0,-14,-3,None
0,0,2,5,56,8,1,1,2,0,12,9,0,-13,-3,None
0,-2,1,4,28,5,-1,0,0,0,12,9,0,-13,-3,None
0,-1,0,5,-19,-1,-3,-4,-6,0,12,9,0,-13,-3,None
0,0,-4,-4,-2,7,-3,-1,5,0,12,9,0,-13,-3,None
0,1,3,1,9,-12,-5,-1,-1,0,12,9,0,-13,-3,None
0,1,3,1,9,-12,-5,-1,-1,0,12,9,0,-13,-3,None
0,1,3,1,9,-12,-5,-1,-1,0,12,9,0,-14,-3,None
0,0,1,3,-10,19,5,-1,1,0,12,9,0,-14,-3,None
0,0,1,-4,-6,-37,-18,-4,1,0,12,9,0,-14,-3,None
0,-1,2,10,67,30,14,-1,1,0,12,9,0,-14,-3,None
0,-3,-2,-18,-37,6,-1,-5,-5,0,12,9,0,-14,-3,None
0,-3,-2,-18,-37,6,-1,-5,-5,0,12,9,0,-14,-3,None
0,-3,-2,-18,-37,6,-1,-5,-5,0,12,9,2,-16,-3,None
0,0,1,5,7,44,-5,-4,-1,0,12,9,2,-16,-3,None
0,0,3,10,-4,10,9,6,1,0,12,9,2,-16,-3,None
0,0,3,-2,83,0,-1,-5,-2,0,12,9,2,-16,-3,None
0,-5,-4,3,-82,-34,-21,-6,-5,0,12,9,2,-16,-3,None
0,-5,-4,3,-82,-34,-21,-6,-5,0,12,9,2,-16,-3,None
0,-5,-4,3,-82,-34,-21,-6,-5,0,12,9,3,-16,-3,None
0,-2,-3,-32,15,-9,14,5,-4,0,12,9,3,-16,-3,None
0,-2,1,6,114,57,0,-2,-4,0,12,9,3,-16,-3,None
0,-5,-3,7,-29,-24,-13,-4,-10,0,12,9,3,-16,-3,None
0,0,-3,-40,-31,-12,-1,-3,2,0,12,9,3,-16,-3,None
0,0,-3,-40,-31,-12,-1,-3,2,0,12,9,3,-16,-3,None
0,0,-3,-40,-31,-12,-1,-3,2,0,12,9,3,-15,-3,None
0,-2,5,25,84,63,-3,0,-3,0,12,9,3,-15,-3,None
0,-1,6,2,-67,-44,10,7,-4,0,12,9,3,-15,-3,None
0,-1,-2,5,-27,-34,-10,-3,1,0,12,9,3,-15,-3,None
0,-4,-1,-7,108,20,3,1,-10,0,12,9,3,-15,-3,None
0,-4,-1,-7,108,20,3,1,-10,0,12,9,3,-15,-3,None
0,-4,-1,-7,108,20,3,1,-10,0,12,9,4,-15,-3,None
0,-3,0,12,-17,-16,-7,-3,-2,0,12,9,4,-15,-3,None
0,-5,-5,-10,66,-47,0,2,-3,0,12,9,4,-15,-3,None
0,3,5,11,-46,40,-2,0,-1,0,12,9,4,-15,-3,None
0,-1,-2,-8,-78,-13,-2,-3,1,0,12,9,4,-15,-3,None
0,-1,-2,-8,-78,-13,-2,-3,1,1,12,9,4,-15,-3,None
0,-1,-2,-8,-78,-13,-2,-3,1,1,12,9,5,-14,-2,None
0,1,2,10,-6,-53,-1,-3,2,1,12,9,5,-14,-2,None
0,-2,-2,-1,-15,42,2,-1,-5,1,12,9,5,-14,-2,None
0,0,1,-8,30,-3,6,0,-2,1,12,9,5,-14,-2,None
0,1,3,11,39,58,7,2,-3,1,12,9,5,-14,-2,None
0,1,3,11,39,58,7,2,-3,1,12,9,5,-14,-2,None
0,1,3,11,39,58,7,2,-3,1,12,9,5,-13,-2,None
0,1,-1,-4,-24,-15,-6,-9,3,1,12,9,5,-13,-2,None
0,-1,3,0,-50,-61,3,1,3,1,12,9,5,-13,-2,None
0,-3,-4,-35,-42,94,-1,-3,-4,1,12,9,5,-13,-2,None
0,1,7,-9,62,52,15,7,-2,1,12,9,5,-13,-2,None
0,1,7,-9,62,52,15,7,-2,1,12,9,5,-13,-2,None
0,1,7,-9,62,52,15,7,-2,1,12,9,5,-14,-2,None
0,-6,-5,-20,-48,-54,-13,-10,-7,1,12,9,5,-14,-2,None
0,-4,-5,-7,2,-10,-5,-6,1,1,12,9,5,-14,-2,None
0,2,4,2,23,34,15,6,6,1,12,9,5,-14,-2,None
0,-6,-2,4,64,1,-3,-1,-6,1,12,9,5,-14,-2,None
0,-6,-2,4,64,1,-3,-1,-6,1,12,9,5,-14,-2,None
0,-6,-2,4,64,1,-3,-1,-6,1,12,9,6,-14,-2,None
0,-1,0,-5,8,8,-15,-11,-3,1,12,9,6,-14,-2,None
0,0,3,14,29,74,16,0,-1,1,12,9,6,-14,-2,None
0,-5,-5,-5,-11,-51,-11,-5,-2,1,12,9,6,-14,-2,None
0,4,1,8,-77,-41,-8,-2,0,1,12,9,6,-14,-2,None
0,4,1,8,-77,-41,-8,-2,0,1,12,9,6,-14,-2,None
0,4,1,8,-77,-41,-8,-2,0,1,12,9,6,-14,-2,None
0,0,1,-11,6,-41,1,2,-2,1,12,9,6,-14,-2,None
0,7,8,14,18,29,-1,1,7,1,12,9,6,-14,-2,None
0,-6,-7,-28,-7,2,-11,-14,-12,1,12,9,6,-14,-2,None
0,4,11,39,27,-17,12,4,7,1,12,9,6,-14,-2,None
0,4,11,39,27,-17,12,4,7,1,12,9,6,-14,-2,None
0,4,11,39,27,-17,12,4,7,1,12,9,7,-12,-1,None
0,-2,-3,-23,-19,19,-4,3,-4,1,12,9,7,-12,-1,None
0,-1,-2,23,13,-1,1,1,-1,1,12,9,7,-12,-1,None
0,-1,1,-5,-50,-43,-5,-6,-5,1,12,9,7,-12,-1,None
0,-5,-5,14,-2,-12,-6,-8,1,1,12,9,7,-12,-1,None
0,-5,-5,14,-2,-12,-6,-8,1,1,12,9,7,-12,-1,None
0,-5,-5,14,-2,-12,-6,-8,1,1,12,9,7,-13,-1,None
0,-1,3,7,18,14,6,3,1,1,12,9,7,-13,-1,None
0,-4,3,-26,-20,6,-9,-12,-7,1,12,9,7,-13,-1,None
0,1,-27,1,0,-6,0,2,-3,1,12,9,7,-13,-1,None
0,1,7,18,81,77,10,7,3,1,12,9,7,-13,-1,None
0,1,7,18,81,77,10,7,3,1,12,9,7,-13,-1,None
0,1,7,18,81,77,10,7,3,1,12,9,8,-13,-1,None
0,-1,-4,-5,-27,-24,4,3,-2,1,12,9,8,-13,-1,None
0,-5,1,-24,-6,36,-5,-6,-5,1,12,9,8,-13,-1,None
0,2,-11,23,-23,-38,-2,0,1,1,12,9,8,-13,-1,None
0,-8,-28,-24,-29,14,-8,-6,-6,1,12,9,8,-13,-1,None
0,-8,-28,-24,-29,14,-8,-6,-6,1,12,9,8,-13,-1,None
0,-8,-28,-24,-29,14,-8,-6,-6,1,12,9,9,-13,-1,None
0,1,-1,13,16,47,2,-3,2,1,12,9,9,-13,-1,None
0,2,-3,-4,2,15,-2,-5,-1,1,12,9,9,-13,-1,None
0,-2,22,2,4,-13,1,1,1,1,12,9,9,-13,-1,None
0,2,6,-4,-39,-35,-9,-4,4,1,12,9,9,-13,-1,None
0,2,6,-4,-39,-35,-9,-4,4,1,12,9,9,-13,-1,None
0,2,6,-4,-39,-35,-9,-4,4,1,12,9,9,-13,-2,None
0,2,5,1,20,17,6,0,1,1,12,9,9,-13,-2,None
0,-3,36,-12,-23,14,0,-1,-1,1,12,9,9,-13,-2,None
0,-3,-15,-3,11,-4,-2,2,-1,1,12,9,9,-13,-2,None
0,1,-8,-12,-40,-29,-5,-2,-2,1,12,9,9,-13,-2,None
0,1,-8,-12,-40,-29,-5,-2,-2,1,12,9,9,-13,-2,None
0,1,-8,-12,-40,-29,-5,-2,-2,1,12,9,9,-13,-1,None
0,-4,5,4,-6,-3,1,0,-1,1,12,9,9,-13,-1,None
0,-8,-8,8,36,-15,0,0,1,1,12,9,9,-13,-1,None
0,24,26,-4,14,3,2,1,-2,1,12,9,9,-13,-1,None
0,-4,1,-12,-38,-35,-9,-7,-5,1,12,9,9,-13,-1,None
0,-4,1,-12,-38,-35,-9,-7,-5,1,12,9,9,-13,-1,None
0,-4,1,-12,-38,-35,-9,-7,-5,1,12,9,8,-15,-3,None
0,0,-6,-6,37,29,5,1,-2,1,12,9,8,-15,-3,None
0,-3,-11,-2,-17,-17,-4,-3,-3,1,12,9,8,-15,-3,None
0,-6,3,-3,25,35,-1,-2,2,1,12,9,8,-15,-3,None
0,-2,3,-1,4,0,2,-1,0,1,12,9,8,-15,-3,None
0,-2,3,-1,4,0,2,-1,0,1,12,9,8,-15,-3,None
0,-2,3,-1,4,0,2,-1,0,1,12,9,7,-14,-2,None
0,3,12,6,14,-15,2,6,3,1,12,9,7,-14,-2,None
0,3,-8,-14,-22,-22,-6,-6,0,1,12,9,7,-14,-2,None
0,-5,2,2,-3,-3,-1,2,-1,1,12,9,7,-14,-2,None
0,2,7,4,-9,-22,1,-3,-2,1,12,9,7,-14,-2,None
0,2,7,4,-9,-22,1,-3,-2,1,12,9,7,-14,-2,None
0,2,7,4,-9,-22,1,-3,-2,1,12,9,7,-12,-2,None
0,-5,-2,4,26,14,-2,-1,-2,1,12,9,7,-12,-2,None
0,0,-10,-2,-36,10,1,0,-1,1,12,9,7,-12,-2,None
0,-5,0,2,5,-13,0,-1,-1,1,12,9,7,-12,-2,None
0,-4,4,-1,-26,-1,-1,0,-1,1,12,9,7,-12,-2,None
0,-4,4,-1,-26,-1,-1,0,-1,1,12,9,7,-12,-2,None
0,-4,4,-1,-26,-1,-1,0,-1,1,12,9,7,-12,-1,None
0,-3,-2,-5,2,22,-1,0,-2,1,12,9,7,-12,-1,None
0,1,-3,-2,7,-11,0,1,-2,1,12,9,7,-12,-1,None
0,-4,4,1,-11,-8,-4,-2,0,1,12,9,7,-12,-1,None
0,1,21,-9,4,-6,0,-1,-1,1,12,9,7,-12,-1,None
0,1,21,-9,4,-6,0,-1,-1,1,12,9,7,-12,-1,None
0,1,21,-9,4,-6,0,-1,-1,1,12,9,8,-11,-1,None
0,-2,-36,2,15,9,4,2,0,1,12,9,8,-11,-1,None
0,-1,-6,10,8,-14,-4,0,-2,1,12,9,8,-11,-1,None
0,-5,3,-4,7,16,1,2,-3,1,12,9,8,-11,-1,None
0,-1,-1,-24,-10,0,-3,-1,0,1,12,9,8,-11,-1,None
0,-1,-1,-24,-10,0,-3,-1,0,1,12,9,8,-11,-1,None
0,-1,-1,-24,-10,0,-3,-1,0,1,12,9,8,-11,-1,None
0,-1,10,-3,-17,4,-1,-4,-1,1,12,9,8,-11,-1,None
0,-1,12,-3,-16,-20,-2,-1,-2,1,12,9,8,-11,-1,None
0,-1,-23,-1,13,-4,1,-1,1,1,12,9,8,-11,-1,None
0,-1,-4,3,-33,-14,-7,-2,-3,1,12,9,8,-11,-1,None
0,-1,-4,3,-33,-14,-7,-2,-3,1,12,9,8,-11,-1,None
0,-1,-4,3,-33,-14,-7,-2,-3,1,12,9,8,-12,-1,None
0,-3,10,8,-10,16,-2,-3,-3,1,12,9,8,-12,-1,None
0,-1,-13,-19,9,-6,0,-2,-2,1,12,9,8,-12,-1,None
0,-2,5,-3,-10,11,0,-2,-2,1,12,9,8,-12,-1,None
0,-3,15,0,17,2,0,-1,0,1,12,9,8,-12,-1,None
0,-3,15,0,17,2,0,-1,0,1,12,9,8,-12,-1,None
0,-3,15,0,17,2,0,-1,0,1,12,9,8,-12,-1,None
0,-2,-1,-2,-22,-18,-1,-1,-1,1,12,9,8,-12,-1,None
0,0,1,2,-3,-3,-2,-1,-1,1,12,9,8,-12,-1,None
0,0,4,-3,10,7,0,-1,0,1,12,9,8,-12,-1,None
0,2,14,1,3,-3,-8,-4,0,1,12,9,8,-12,-1,None
0,2,14,1,3,-3,-8,-4,0,1,12,9,8,-12,-1,None
0,2,14,1,3,-3,-8,-4,0,1,12,9,8,-12,-1,None
0,2,-5,-1,-13,-4,7,2,-5,1,12,9,8,-12,-1,None
0,-1,0,-4,3,6,-1,-1,0,1,12,9,8,-12,-1,None
0,-3,1,-6,-11,-7,-2,-1,-2,1,12,9,8,-12,-1,None
0,1,4,10,8,7,2,1,-1,1,12,9,8,-12,-1,None
0,1,4,10,8,7,2,1,-1,1,12,9,8,-12,-1,None
0,1,4,10,8,7,2,1,-1,1,12,9,8,-12,-1,None
0,-1,8,-5,-28,-17,-7,-4,-2,1,12,9,8,-12,-1,None
0,1,-2,-5,-3,1,-3,-1,-2,1,12,9,8,-12,-1,None
0,-3,0,3,-5,-5,2,-1,-1,1,12,9,8,-12,-1,None
0,-4,-13,-1,0,1,-1,-3,-1,1,12,9,8,-12,-1,None
0,-4,-13,-1,0,1,-1,-3,-1,1,12,9,8,-12,-1,None
0,-4,-13,-1,0,1,-1,-3,-1,1,12,9,8,-12,-1,None
0,1,4,-3,14,0,-3,-2,-2,1,12,9,8,-12,-1,None
0,-2,1,-2,-25,-28,-2,-1,-2,1,12,9,8,-12,-1,None
0,-7,-21,-2,35,16,-5,-4,-3,1,12,9,8,-12,-1,None
0,-5,5,-13,47,14,1,-2,-2,1,12,9,8,-12,-1,None
0,-5,5,-13,47,14,1,-2,-2,1,12,9,8,-12,-1,None
0,-5,5,-13,47,14,1,-2,-2,1,12,9,8,-12,-1,None
0,-3,-2,-12,-63,-19,-3,-1,0,1,12,9,8,-12,-1,None
0,1,7,2,7,-3,-1,-1,-1,1,12,9,8,-12,-1,None
0,0,6,-1,-4,-17,-2,0,0,1,12,9,8,-12,-1,None
0,2,0,0,13,0,-1,-1,0,1,12,9,8,-12,-1,None
0,2,0,0,13,0,-1,-1,0,1,12,9,8,-12,-1,None
0,2,0,0,13,0,-1,-1,0,1,12,9,8,-12,-1,None
0,-1,1,1,17,4,-2,-1,0,1,12,9,8,-12,-1,None
0,-4,-3,-5,-8,1,-1,-1,0,1,12,9,8,-12,-1,None
0,1,12,-3,-8,-3,-1,-1,-1,1,12,9,8,-12,-1,None
0,-1,-14,1,-9,4,-1,-1,-2,1,12,9,8,-12,-1,None
0,-1,-14,1,-9,4,-1,-1,-2,1,12,9,8,-12,-1,None
0,-1,-14,1,-9,4,-1,-1,-2,1,12,9,8,-12,-1,None
0,-1,8,0,-4,-7,-2,-2,-2,1,12,9,8,-12,-1,None
0,7,-3,-6,6,22,-7,-4,-2,1,12,9,8,-12,-1,None
0,-7,-4,-1,18,16,1,-3,-5,1,12,9,8,-12,-1,None
0,-2,-6,0,-17,2,0,0,-2,1,12,9,8,-12,-1,None
0,-2,-6,0,-17,2,0,0,-2,1,12,9,8,-12,-1,None
0,-2,-6,0,-17,2,0,0,-2,1,12,9,8,-12,-1,None
0,-1,2,0,4,-3,-2,-1,-2,1,12,9,8,-12,-1,None
0,0,1,-3,5,-7,0,1,1,1,12,9,8,-12,-1,None
0,2,4,-2,-2,-9,-2,-2,0,1,12,9,8,-12,-1,None
0,-1,-2,-4,-11,-2,-2,-1,-2,1,12,9,8,-12,-1,None
0,-1,-2,-4,-11,-2,-2,-1,-2,1,12,9,8,-12,-1,None
0,-1,-2,-4,-11,-2,-2,-1,-2,1,12,9,8,-12,-2,None
0,-3,0,-2,3,-2,-1,-1,-1,1,12,9,8,-12,-2,None
0,-2,-3,1,6,5,0,-2,-2,1,12,9,8,-12,-2,None
0,-1,6,-5,-16,-3,-1,-2,-1,1,12,9,8,-12,-2,None
0,-2,-5,0,-6,-2,1,-1,0,1,12,9,8,-12,-2,None
0,-2,-5,0,-6,-2,1,-1,0,1,12,9,8,-12,-2,None
0,-2,-5,0,-6,-2,1,-1,0,1,12,9,8,-12,-2,None
0,-1,-1,-2,5,5,-1,-2,-1,1,12,9,8,-12,-2,None
0,-3,1,-1,-5,-1,0,0,-1,1,12,9,8,-12,-2,None
0,2,9,-2,8,5,0,-1,-3,1,12,9,8,-12,-2,None
0,2,21,11,51,3,-3,-4,-3,1,12,9,8,-12,-2,None
0,2,21,11,51,3,-3,-4,-3,1,12,9,8,-12,-2,None
0,2,21,11,51,3,-3,-4,-3,1,12,9,8,-12,-2,None
0,-3,-25,-21,-3,4,0,0,-1,1,12,9,8,-12,-2,None
0,-1,-3,0,-5,1,1,-2,-2,1,12,9,8,-12,-2,None
0,0,4,0,-10,-9,-1,0,1,1,12,9,8,-12,-2,None
0,0,3,0,2,-1,0,-1,-1,1,12,9,8,-12,-2,None
0,0,3,0,2,-1,0,-1,-1,1,12,9,8,-12,-2,None
0,0,3,0,2,-1,0,-1,-1,1,12,9,8,-12,-2,None
0,-1,7,1,2,1,-1,-2,-1,1,12,9,8,-12,-2,None
0,-1,2,-1,3,1,-2,0,-1,1,12,9,8,-12,-2,None
0,-1,-2,-5,-1,1,-1,-2,-2,1,12,9,8,-12,-2,None
0,-4,-7,-4,-17,-2,-2,-1,0,1,12,9,8,-12,-2,None
0,-4,-7,-4,-17,-2,-2,-1,0,1,12,9,8,-12,-2,None
0,-4,-7,-4,-17,-2,-2,-1,0,1,12,9,8,-12,-2,None
0,-1,1,0,-3,-5,-3,-2,-2,1,12,9,8,-12,-2,None
0,-4,28,-3,1,-1,2,1,-4,1,12,9,8,-12,-2,None
0,-4,0,-1,15,22,-1,-3,-2,1,12,9,8,-12,-2,None
0,-4,-3,4,-13,-2,1,-2,-2,1,12,9,8,-12,-2,None
0,-4,-3,4,-13,-2,1,-2,-2,1,12,9,8,-12,-2,None
0,-4,-3,4,-13,-2,1,-2,-2,1,12,9,8,-12,-2,None
0,1,5,5,-8,-6,-1,-1,0,1,12,9,8,-12,-2,None
0,1,4,-1,0,-5,-2,-2,-1,1,12,9,8,-12,-2,None
0,0,-6,-9,-6,-16,-5,0,-1,1,12,9,8,-12,-2,None
0,-2,4,3,8,19,4,1,0,1,12,9,8,-12,-2,None
0,-2,4,3,8,19,4,1,0,1,12,9,8,-12,-2,None
0,-2,4,3,8,19,4,1,0,1,12,9,8,-12,-2,None
0,6,3,-4,7,-2,-2,-3,-3,1,12,9,8,-12,-2,None
0,-4,-3,3,-7,39,1,-4,-2,1,12,9,8,-12,-2,None
0,-4,-18,-4,-23,-16,-2,-2,0,1,12,9,8,-12,-2,None
0,-1,-10,-10,-9,-9,-3,-2,0,1,12,9,8,-12,-2,None
0,-1,-10,-10,-9,-9,-3,-2,0,1,12,9,8,-12,-2,None
0,-1,-10,-10,-9,-9,-3,-2,0,1,12,9,8,-12,-2,None
0,-1,6,1,-4,-8,-3,-2,-2,1,12,9,8,-12,-2,None
0,0,-8,-3,2,-4,-3,-2,-2,1,12,9,8,-12,-2,None
0,2,6,25,14,5,0,0,1,1,12,9,8,-12,-2,None
0,-2,3,-10,-12,-1,-1,0,-1,1,12,9,8,-12,-2,None
0,-2,3,-10,-12,-1,-1,0,-1,1,12,9,8,-12,-2,None
0,-2,3,-10,-12,-1,-1,0,-1,1,12,9,8,-12,-2,None
0,-7,-4,-1,0,4,0,-2,0,1,12,9,8,-12,-2,None
0,-1,-5,-1,8,-5,-2,0,-3,1,12,9,8,-12,-2,None
0,-2,6,-2,-4,4,-1,0,-1,1,12,9,8,-12,-2,None
0,-1,-7,-3,0,-6,-1,-2,-3,1,12,9,8,-12,-2,None
0,-1,-7,-3,0,-6,-1,-2,-3,1,12,9,8,-12,-2,None
0,-1,-7,-3,0,-6,-1,-2,-3,1,12,9,8,-12,-2,None
0,0,9,-2,1,6,-1,-2,0,1,12,9,8,-12,-2,None
0,-2,-8,-4,0,-1,-1,-1,-1,1,12,9,8,-12,-2,None
0,-1,3,-4,-3,-1,1,1,-2,1,12,9,8,-12,-2,None
0,-2,-6,-3,-11,-4,0,0,-1,1,12,9,8,-12,-2,None
0,-2,-6,-3,-11,-4,0,0,-1,1,12,9,8,-12,-2,None
0,-2,-6,-3,-11,-4,0,0,-1,1,12,9,8,-12,-1,None
0,-5,-1,-39,7,5,-6,-5,-4,1,12,9,8,-12,-1,None
0,-4,-2,-4,-60,-30,-2,-3,-3,1,12,9,8,-12,-1,None
0,3,18,-3,1,30,1,-2,-2,1,12,9,8,-12,-1,None
0,-9,-20,2,-12,-3,-2,-1,-3,1,12,9,8,-12,-1,None
0,-9,-20,2,-12,-3,-2,-1,-3,1,12,9,8,-12,-1,None
0,-9,-20,2,-12,-3,-2,-1,-3,1,12,9,8,-12,-1,None
0,3,6,10,-5,-5,0,0,1,1,12,9,8,-12,-1,None
0,-2,-3,2,33,-3,0,1,1,1,12,9,8,-12,-1,None
0,-3,2,-8,-11,-21,-3,-1,-1,1,12,9,8,-12,-1,None
0,3,11,-7,-11,-4,-1,-1,0,1,12,9,8,-12,-1,None
0,3,11,-7,-11,-4,-1,-1,0,1,12,9,8,-12,-1,None
0,3,11,-7,-11,-4,-1,-1,0,1,12,9,8,-12,-2,None
0,-3,-2,5,30,21,0,-2,-2,1,12,9,8,-12,-2,None
0,-1,-6,-5,8,8,-1,-3,-1,1,12,9,8,-12,-2,None
0,-1,3,1,-9,-6,-1,-1,-1,1,12,9,8,-12,-2,None
0,-1,4,3,3,-1,-2,-2,-2,1,12,9,8,-12,-2,None
0,-1,4,3,3,-1,-2,-2,-2,1,12,9,8,-12,-2,None
0,-1,4,3,3,-1,-2,-2,-2,1,12,9,8,-12,-2,None
0,-1,-5,3,2,-6,-2,-2,-1,1,12,9,8,-12,-2,None
0,0,2,-5,-5,7,0,0,-1,1,12,9,8,-12,-2,None
0,-3,-4,3,0,-3,-5,-3,-3,1,12,9,8,-12,-2,None
0,-2,-2,3,-1,4,0,0,-1,1,12,9,8,-12,-2,None
0,-2,-2,3,-1,4,0,0,-1,1,12,9,8,-12,-2,None
0,-2,-2,3,-1,4,0,0,-1,1,12,9,8,-12,-2,None
0,0,2,-2,-10,-20,1,-1,-2,1,12,9,8,-12,-2,None
0,1,8,6,13,14,-2,-2,0,1,12,9,8,-12,-2,None
0,-2,-3,-1,10,0,-1,-3,-3,1,12,9,8,-12,-2,None
0,-3,-2,-8,-11,-1,-2,-4,-3,1,12,9,8,-12,-2,None
0,-3,-2,-8,-11,-1,-2,-4,-3,1,12,9,8,-12,-2,None
0,-3,-2,-8,-11,-1,-2,-4,-3,1,12,9,8,-12,-2,None
0,0,4,9,-3,11,1,-1,0,1,12,9,8,-12,-2,None
0,-2,-7,-1,0,-4,1,0,0,1,12,9,8,-12,-2,None
0,-1,3,-8,-5,-8,-1,0,0,1,12,9,8,-12,-2,None
0,2,4,-1,2,-2,-3,-1,-1,1,12,9,8,-12,-2,None
0,2,4,-1,2,-2,-3,-1,-1,1,12,9,8,-12,-2,None
0,2,4,-1,2,-2,-3,-1,-1,1,12,9,8,-12,-2,None
0,-2,-4,-4,-5,1,0,0,0,1,12,9,8,-12,-2,None
0,0,6,-8,0,-3,0,0,-3,1,12,9,8,-12,-2,None
0,-1,-1,9,-4,9,1,0,-1,1,12,9,8,-12,-2,None
0,-2,16,14,8,4,-1,0,-1,1,12,9,8,-12,-2,None
0,-2,16,14,8,4,-1,0,-1,1,12,9,8,-12,-2,None
0,-2,16,14,8,4,-1,0,-1,1,12,9,8,-12,-2,None
0,2,1,-12,-44,-26,-3,1,1,1,12,9,8,-12,-2,None
0,-3,-12,-1,21,22,-3,-5,-4,1,12,9,8,-12,-2,None
0,-3,-3,-5,-4,-4,2,-2,-1,1,12,9,8,-12,-2,None
0,3,0,-5,7,6,0,-1,0,1,12,9,8,-12,-2,None
0,3,0,-5,7,6,0,-1,0,1,12,9,8,-12,-2,None
0,3,0,-5,7,6,0,-1,0,1,12,9,8,-12,-2,None
0,0,7,1,2,-1,-1,0,-1,1,12,9,8,-12,-2,None
0,1,2,1,-7,-9,-1,-2,0,1,12,9,8,-12,-2,None
0,0,-2,-8,-2,-1,-1,0,-1,1,12,9,8,-12,-2,None
0,0,-2,-7,2,-2,-1,-2,0,1,12,9,8,-12,-2,None
0,0,-2,-7,2,-2,-1,-2,0,1,12,9,8,-12,-2,None
0,0,-2,-7,2,-2,-1,-2,0,1,12,9,8,-12,-2,None
0,-2,-2,3,10,9,-2,-1,-2,1,12,9,8,-12,-2,None
0,0,-3,-5,-4,-5,-2,-1,0,1,12,9,8,-12,-2,None
0,-2,-1,-2,7,5,-1,-2,-3,1,12,9,8,-12,-2,None
0,-4,-5,-5,1,2,4,2,-2,1,12,9,8,-12,-2,None
0,-4,-5,-5,1,2,4,2,-2,1,12,9,8,-12,-2,None
0,-4,-5,-5,1,2,4,2,-2,1,12,9,8,-12,-1,None
0,-1,2,-17,-6,1,-1,-1,-2,1,12,9,8,-12,-1,None
0,3,11,17,-13,-2,-1,-2,-2,1,12,9,8,-12,-1,None
0,-9,-30,-2,-2,-8,-6,-5,-3,1,12,9,8,-12,-1,None
0,0,-3,-4,-4,9,1,-2,-1,1,12,9,8,-12,-1,None
0,0,-3,-4,-4,9,1,-2,-1,1,12,9,8,-12,-1,None
0,0,-3,-4,-4,9,1,-2,-1,1,12,9,8,-12,-2,None
0,-4,-2,-3,6,6,1,-1,-2,1,12,9,8,-12,-2,None
0,1,-2,-5,4,-4,1,2,0,1,12,9,8,-12,-2,None
0,2,9,-4,-5,-5,-2,0,0,1,12,9,8,-12,-2,None
0,0,-2,-3,-8,-6,-4,-2,-2,1,12,9,8,-12,-2,None
0,0,-2,-3,-8,-6,-4,-2,-2,1,12,9,8,-12,-2,None
0,0,-2,-3,-8,-6,-4,-2,-2,1,12,9,8,-12,-2,None
0,-2,-5,6,13,8,0,-2,-1,1,12,9,8,-12,-2,None
0,-2,5,-5,-5,-4,-1,-1,-1,1,12,9,8,-12,-2,None
0,0,5,-1,-2,1,-1,-1,-1,1,12,9,8,-12,-2,None
0,-2,-1,-4,2,0,-2,-1,-2,1,12,9,8,-12,-2,None
0,-2,-1,-4,2,0,-2,-1,-2,1,12,9,8,-12,-2,None
0,-2,-1,-4,2,0,-2,-1,-2,1,12,9,8,-12,-1,None
0,0,6,3,0,2,-2,-1,-1,1,12,9,8,-12,-1,None
0,-3,-4,-4,0,0,-2,0,-2,1,12,9,8,-12,-1,None
0,0,8,-2,3,3,1,-1,-1,1,12,9,8,-12,-1,None
0,1,-26,-13,-2,-2,-1,-1,0,1,12,9,8,-12,-1,None
0,1,-26,-13,-2,-2,-1,-1,0,1,12,9,8,-12,-1,None
0,1,-26,-13,-2,-2,-1,-1,0,1,12,9,8,-12,-2,None
0,-5,1,8,-29,-4,-2,-3,-4,1,12,9,8,-12,-2,None
0,-2,-1,-1,9,-14,-1,0,-1,1,12,9,8,-12,-2,None
0,-3,-2,-7,-6,12,-1,-3,-3,1,12,9,8,-12,-2,None
0,-2,11,1,-10,6,-1,-1,-1,1,12,9,8,-12,-2,None
0,-2,11,1,-10,6,-1,-1,-1,1,12,9,8,-12,-2,None
0,-2,11,1,-10,6,-1,-1,-1,1,12,9,8,-12,-2,None
0,0,-7,0,7,2,0,0,-2,1,12,9,8,-12,-2,None
0,-2,-4,-6,-6,-3,0,-1,-1,1,12,9,8,-12,-2,None
0,1,7,-5,-14,-9,-2,-1,-1,1,12,9,8,-12,-2,None
0,1,5,4,9,-5,-2,-2,-1,1,12,9,8,-12,-2,None
0,1,5,4,9,-5,-2,-2,-1,1,12,9,8,-12,-2,None
0,1,5,4,9,-5,-2,-2,-1,1,12,9,8,-12,-2,None
0,-3,2,-8,6,4,-3,-4,-3,1,12,9,8,-12,-2,None
0,8,16,16,-30,-5,-3,-3,-1,1,12,9,8,-12,-2,None
0,-9,-62,-13,3,6,2,1,0,1,12,9,8,-12,-2,None
0,-2,11,4,-9,-10,-1,-2,-2,1,12,9,8,-12,-2,None
0,-2,11,4,-9,-10,-1,-2,-2,1,12,9,8,-12,-2,None
0,-2,11,4,-9,-10,-1,-2,-2,1,12,9,8,-12,-2,None
0,-1,-1,-2,-8,2,-1,-1,-1,1,12,9,8,-12,-2,None
0,-2,-5,-5,7,4,-1,-1,-1,1,12,9,8,-12,-2,None
0,1,19,5,7,0,-3,-1,-2,1,12,9,8,-12,-2,None
0,-1,-1,-9,-8,-1,-2,-2,-2,1,12,9,8,-12,-2,None
0,-1,-1,-9,-8,-1,-2,-2,-2,1,12,9,8,-12,-2,None
0,-1,-1,-9,-8,-1,-2,-2,-2,1,12,9,8,-12,-2,None
0,-2,-5,0,2,1,-1,0,-1,1,12,9,8,-12,-2,None
0,-3,4,-8,-2,-6,-1,-2,-1,1,12,9,8,-12,-2,None
0,1,20,-2,-10,11,0,-1,-1,1,12,9,8,-12,-2,None
0,-1,-25,-7,1,1,1,1,1,1,12,9,8,-12,-2,None
0,-1,-25,-7,1,1,1,1,1,1,12,9,8,-12,-2,None
0,-1,-25,-7,1,1,1,1,1,1,12,9,8,-12,-2,None
0,-1,6,5,1,1,1,-2,-3,1,12,9,8,-12,-2,None
0,-4,-4,0,19,4,-2,-4,-2,1,12,9,8,-12,-2,None
0,0,7,-4,-2,-6,0,0,-1,1,12,9,8,-12,-2,None
0,0,6,0,-8,-5,-3,-1,-1,1,12,9,8,-12,-2,None
0,0,6,0,-8,-5,-3,-1,-1,1,12,9,8,-12,-2,None
0,0,6,0,-8,-5,-3,-1,-1,1,12,9,8,-12,-2,None
0,0,2,-3,6,-4,0,-1,1,1,12,9,8,-12,-2,None
0,-2,-6,-9,-6,1,0,-2,-3,1,12,9,8,-12,-2,None
0,-3,3,3,-2,-4,-2,-2,-1,1,12,9,8,-12,-2,None
0,-3,9,-3,10,1,-2,-1,-3,1,12,9,8,-12,-2,None
0,-3,9,-3,10,1,-2,-1,-3,1,12,9,8,-12,-2,None
0,-3,9,-3,10,1,-2,-1,-3,1,12,9,8,-12,-2,None
0,1,-3,-4,1,2,-1,-1,-2,1,12,9,8,-12,-2,None
0,-6,-2,-2,5,6,1,-2,-2,1,12,9,8,-12,-2,None
0,9,10,-3,2,2,-1,-1,-2,1,12,9,8,-12,-2,None
0,-10,5,-4,3,-3,-2,-1,0,1,12,9,8,-12,-2,None
0,-10,5,-4,3,-3,-2,-1,0,1,12,9,8,-12,-2,None
0,-10,5,-4,3,-3,-2,-1,0,1,12,9,8,-12,-2,None
0,-5,-1,1,7,26,0,-1,-1,1,12,9,8,-12,-2,None
0,-4,-4,3,6,14,-1,-4,-3,1,12,9,8,-12,-2,None
0,-3,-5,-1,9,1,0,-3,-2,1,12,9,8,-12,-2,None
0,2,4,1,-10,-3,0,-2,1,1,12,9,8,-12,-2,None
0,2,4,1,-10,-3,0,-2,1,1,12,9,8,-12,-2,None
0,2,4,1,-10,-3,0,-2,1,1,12,9,8,-12,-2,None
0,0,2,-3,6,-11,-1,-1,-1,1,12,9,8,-12,-2,None
0,0,0,-5,1,-3,-2,-1,-1,1,12,9,8,-12,-2,None
0,-2,8,-1,-6,-2,-1,-2,-1,1,12,9,8,-12,-2,None
0,-1,2,-2,16,3,-2,-3,-3,1,12,9,8,-12,-2,None
0,-1,2,-2,16,3,-2,-3,-3,1,12,9,8,-12,-2,None
0,-1,2,-2,16,3,-2,-3,-3,1,12,9,8,-12,-2,None
0,-1,2,-2,-4,-4,-1,-2,0,1,12,9,8,-12,-2,None
0,-2,13,-3,-4,3,-1,-1,0,1,12,9,8,-12,-2,None
0,1,-17,-3,1,1,-2,-4,-2,1,12,9,8,-12,-2,None
0,-2,0,11,27,9,-1,-1,-2,1,12,9,8,-12,-2,None
0,-2,0,11,27,9,-1,-1,-2,1,12,9,8,-12,-2,None
0,-2,0,11,27,9,-1,-1,-2,1,12,9,8,-12,-2,None
0,-2,-5,-4,-22,3,0,0,-1,1,12,9,8,-12,-2,None
0,-2,1,-22,-23,-10,-3,-1,-1,1,12,9,8,-12,-2,None
0,-1,7,1,9,3,1,0,0,1,12,9,8,-12,-2,None
0,-1,-1,8,-9,-3,-2,-3,-2,1,12,9,8,-12,-2,None
0,-1,-1,8,-9,-3,-2,-3,-2,1,12,9,8,-12,-2,None
0,-1,-1,8,-9,-3,-2,-3,-2,1,12,9,8,-12,-1,None
0,0,2,-5,9,1,-1,-1,-1,1,12,9,8,-12,-1,None
0,0,-3,-2,7,3,0,-1,-2,1,12,9,8,-12,-1,None
0,-4,2,0,-10,-7,-2,-2,-1,1,12,9,8,-12,-1,None
0,4,0,-11,-6,-4,-1,-3,0,1,12,9,8,-12,-1,None
0,4,0,-11,-6,-4,-1,-3,0,1,12,9,8,-12,-1,None
0,4,0,-11,-6,-4,-1,-3,0,1,12,9,8,-12,-2,None
0,-1,27,-5,-10,-6,-4,-4,-4,1,12,9,8,-12,-2,None
0,-2,-7,6,4,9,1,-1,-2,1,12,9,8,-12,-2,None
0,-3,1,-2,18,12,-2,-2,-2,1,12,9,8,-12,-2,None
0,0,-2,-3,-6,1,0,-2,-3,1,12,9,8,-12,-2,None
0,0,-2,-3,-6,1,0,-2,-3,1,12,9,8,-12,-2,None
0,0,-2,-3,-6,1,0,-2,-3,1,12,9,8,-12,-2,None
0,1,6,-1,-1,-7,-2,0,-2,1,12,9,8,-12,-2,None
0,-1,-4,-3,1,-11,-4,-1,-1,1,12,9,8,-12,-2,None
0,0,6,-2,-3,-1,0,-1,0,1,12,9,8,-12,-2,None
0,-4,14,-6,4,4,-2,-1,-3,1,12,9,8,-12,-2,None
0,-4,14,-6,4,4,-2,-1,-3,1,12,9,8,-12,-2,None
0,-4,14,-6,4,4,-2,-1,-3,1,12,9,8,-12,-2,None
0,-1,-23,-3,9,-6,0,-2,-1,1,12,9,8,-12,-2,None
0,0,-4,2,-14,3,-1,-1,-2,1,12,9,8,-12,-2,None
0,-6,-3,18,-7,-18,-2,-5,-2,1,12,9,8,-12,-2,None
0,-4,0,0,1,10,0,-2,-1,1,12,9,8,-12,-2,None
0,-4,0,0,1,10,0,-2,-1,1,12,9,8,-12,-2,None
0,-4,0,0,1,10,0,-2,-1,1,12,9,8,-12,-1,None
0,-1,-2,-3,-10,1,-2,-1,0,1,12,9,8,-12,-1,None
0,0,-1,3,0,-3,0,-1,-1,1,12,9,8,-12,-1,None
0,1,7,-1,6,2,-2,-1,0,1,12,9,8,-12,-1,None
0,-2,-5,-8,-5,-4,-1,-1,-1,1,12,9,8,-12,-1,None
0,-2,-5,-8,-5,-4,-1,-1,-1,1,12,9,8,-12,-1,None
0,-2,-5,-8,-5,-4,-1,-1,-1,1,12,9,8,-12,-1,None
0,-1,-3,-1,5,-1,0,0,-1,1,12,9,8,-12,-1,None
0,-1,33,-8,1,1,-3,-3,-2,1,12,9,8,-12,-1,None
0,-1,3,1,13,-1,0,2,-1,1,12,9,8,-12,-1,None
0,-3,-2,2,13,12,0,-1,-1,1,12,9,8,-12,-1,None
0,-3,-2,2,13,12,0,-1,-1,1,12,9,8,-12,-1,None
0,-3,-2,2,13,12,0,-1,-1,1,12,9,8,-12,-2,None
0,3,2,-8,-1,9,-2,-2,-3,1,12,9,8,-12,-2,None
0,0,2,2,-7,-2,0,-1,-1,1,12,9,8,-12,-2,None
0,0,-3,-10,-10,1,-1,-1,-2,1,12,9,8,-12,-2,None
0,1,2,-2,-11,-8,0,-1,-2,1,12,9,8,-12,-2,None
0,1,2,-2,-11,-8,0,-1,-2,1,12,9,8,-12,-2,None
0,1,2,-2,-11,-8,0,-1,-2,1,12,9,8,-12,-2,None
0,-2,4,8,11,0,0,-2,-2,1,12,9,8,-12,-2,None
0,0,-2,-4,1,0,-2,-2,-1,1,12,9,8,-12,-2,None
0,-1,-19,-6,-6,-4,-2,-2,-3,1,12,9,8,-12,-2,None
0,-3,-3,-3,3,9,1,-1,-2,1,12,9,8,-12,-2,None
0,-3,-3,-3,3,9,1,-1,-2,1,12,9,8,-12,-2,None
0,-3,-3,-3,3,9,1,-1,-2,1,12,9,8,-12,-2,None
0,-2,-2,0,3,4,0,-2,-2,1,12,9,8,-12,-2,None
0,-2,-11,1,21,15,-3,-1,-3,1,12,9,8,-12,-2,None
0,-3,0,-13,-25,-3,-2,-2,-2,1,12,9,8,-12,-2,None
0,2,4,-5,-7,-5,-3,1,0,1,12,9,8,-12,-2,None
0,2,4,-5,-7,-5,-3,1,0,1,12,9,8,-12,-2,None
0,2,4,-5,-7,-5,-3,1,0,1,12,9,8,-12,-1,None
0,-1,-2,-3,7,-3,-2,-1,1,1,12,9,8,-12,-1,None
0,0,-2,-1,4,-1,0,0,-1,1,12,9,8,-12,-1,None
0,0,6,2,-3,1,-1,-1,-1,1,12,9,8,-12,-1,None
0,-1,-3,-1,-4,-2,-2,-2,-2,1,12,9,8,-12,-1,None
0,-1,-3,-1,-4,-2,-2,-2,-2,1,12,9,8,-12,-1,None
0,-1,-3,-1,-4,-2,-2,-2,-2,1,12,9,8,-12,-1,None
0,-2,3,-3,-1,-5,-4,-3,0,1,12,9,8,-12,-1,None
0,-2,-3,0,0,-10,-2,0,-2,1,12,9,8,-12,-1,None
0,-10,-23,1,-8,17,2,-2,-4,1,12,9,8,-12,-1,None
0,-1,-1,-27,-28,-4,0,-2,-3,1,12,9,8,-12,-1,None
0,-1,-1,-27,-28,-4,0,-2,-3,1,12,9,8,-12,-1,None
0,-1,-1,-27,-28,-4,0,-2,-3,1,12,9,8,-12,-1,None
0,-3,-2,2,0,4,0,-2,0,1,12,9,8,-12,-1,None
0,-1,-7,-4,-3,-2,-2,-2,0,1,12,9,8,-12,-1,None
0,2,11,-1,13,-4,-2,1,-1,1,12,9,8,-12,-1,None
0,0,4,5,12,1,-2,-2,-1,1,12,9,8,-12,-1,None
0,0,4,5,12,1,-2,-2,-1,1,12,9,8,-12,-1,None
0,0,4,5,12,1,-2,-2,-1,1,12,9,8,-12,-2,None
0,-2,-4,-3,-9,-2,-1,-1,-1,1,12,9,8,-12,-2,None
0,0,4,-4,-7,0,0,0,-1,1,12,9,8,-12,-2,None
0,1,19,2,-7,-7,-3,-1,-1,1,12,9,8,-12,-2,None
0,-3,-30,-11,-5,-13,0,-1,1,1,12,9,8,-12,-2,None
0,-3,-30,-11,-5,-13,0,-1,1,1,12,9,8,-12,-2,None
0,-3,-30,-11,-5,-13,0,-1,1,1,12,9,8,-12,-2,None
0,-3,22,-4,6,8,0,-3,-3,1,12,9,8,-12,-2,None
