0,1,-1,-5,-1,3,6,-37,-3,1,12,9,9,-15,-3,None
0,2,2,0,2,-7,-23,53,10,1,12,9,9,-15,-3,None
0,-1,-2,-6,10,2,22,-5,-1,1,12,9,9,-15,-3,None
0,-1,-2,-6,10,2,22,-5,-1,1,12,9,9,-15,-3,None
0,-1,-2,-6,10,2,22,-5,-1,1,12,9,8,-15,-4,None
0,1,2,2,41,10,16,18,-25,1,12,9,8,-15,-4,None
0,-1,-3,-7,-36,4,-3,-22,10,1,12,9,8,-15,-4,None
0,-2,-1,0,-18,-12,-57,-65,-5,1,12,9,8,-15,-4,None
0,1,1,0,12,8,56,83,5,1,12,9,8,-15,-4,None
0,1,1,0,12,8,56,83,5,1,12,9,8,-15,-4,None
0,1,1,0,12,8,56,83,5,1,12,9,7,-15,-4,None
0,3,1,-3,5,8,1,-6,9,1,12,9,7,-15,-4,None
0,-1,0,3,20,10,16,20,-3,1,12,9,7,-15,-4,None
0,0,-1,-3,8,4,-9,-21,-7,1,12,9,7,-15,-4,None
0,-4,-4,-5,1,4,-18,2,-13,1,12,9,7,-15,-4,None
0,-4,-4,-5,1,4,-18,2,-13,1,12,9,7,-15,-4,None
0,-4,-4,-5,1,4,-18,2,-13,1,12,9,6,-15,-4,None
0,0,1,-3,-20,-12,-7,-18,10,1,12,9,6,-15,-4,None
0,-4,2,3,0,-2,3,-13,-7,1,12,9,6,-15,-4,None
0,-1,1,-5,-27,-14,-13,36,-1,1,12,9,6,-15,-4,None
0,-2,-1,3,8,6,11,-30,-26,1,12,9,6,-15,-4,None
0,-2,-1,3,8,6,11,-30,-26,1,12,9,6,-15,-4,None
0,-2,-1,3,8,6,11,-30,-26,1,12,9,5,-15,-4,None
0,-1,2,0,-24,-2,-8,12,33,1,12,9,5,-15,-4,None
0,-1,-1,4,4,2,0,-4,-2,1,12,9,5,-15,-4,None
0,0,3,2,7,-6,20,0,0,1,12,9,5,-15,-4,None
0,-4,1,1,0,4,-13,-1,-5,1,12,9,5,-15,-4,None
0,-4,1,1,0,4,-13,-1,-5,0,12,9,5,-15,-4,None
0,-4,1,1,0,4,-13,-1,-5,0,12,9,4,-15,-3,None
0,-2,1,-3,-11,1,-24,-13,-6,0,12,9,4,-15,-3,None
0,-1,3,11,14,6,21,14,-2,0,12,9,4,-15,-3,None
0,-2,1,-3,0,2,-3,2,5,0,12,9,4,-15,-3,None
0,-4,0,0,-39,-11,1,-1,-4,0,12,9,4,-15,-3,None
0,-4,0,0,-39,-11,1,-1,-4,0,12,9,4,-15,-3,None
0,-4,0,0,-39,-11,1,-1,-4,0,12,9,3,-14,-3,None
0,-4,-2,-5,-39,-9,-10,-29,-10,0,12,9,3,-14,-3,None
0,-1,2,-4,0,3,-10,10,13,0,12,9,3,-14,-3,None
0,-2,-4,3,1,5,9,-17,-7,0,12,9,3,-14,-3,None
0,0,5,2,9,-2,5,49,14,0,12,9,3,-14,-3,None
0,0,5,2,9,-2,5,49,14,0,12,9,3,-14,-3,None
0,0,5,2,9,-2,5,49,14,0,12,9,2,-14,-3,None
0,-1,1,-3,2,4,-10,-50,-11,0,12,9,2,-14,-3,None
0,-2,0,3,-5,1,15,69,6,0,12,9,2,-14,-3,None
0,-2,3,-1,18,-8,12,-34,-3,0,12,9,2,-14,-3,None
0,-1,1,-2,7,7,-26,-8,2,0,12,9,2,-14,-3,None
0,-1,1,-2,7,7,-26,-8,2,0,12,9,2,-14,-3,None
0,-1,1,-2,7,7,-26,-8,2,0,12,9,2,-14,-4,None
0,-5,-9,-2,-23,-5,-11,-19,-2,0,12,9,2,-14,-4,None
0,3,17,-8,0,1,10,20,-8,0,12,9,2,-14,-4,None
0,1,-4,7,11,4,24,13,8,0,12,9,2,-14,-4,None
0,-2,0,-1,14,-5,-27,-31,-6,0,12,9,2,-14,-4,None
0,-2,0,-1,14,-5,-27,-31,-6,0,12,9,2,-14,-4,None
0,-2,0,-1,14,-5,-27,-31,-6,0,12,9,1,-14,-3,None
0,1,1,0,-4,-1,6,16,-3,0,12,9,1,-14,-3,None
0,-2,1,5,12,11,-14,-25,-7,0,12,9,1,-14,-3,None
0,-1,1,-15,-6,-5,6,12,2,0,12,9,1,-14,-3,None
0,-1,0,-1,-2,0,0,-10,-1,0,12,9,1,-14,-3,None
0,-1,0,-1,-2,0,0,-10,-1,0,12,9,1,-14,-3,None
0,-1,0,-1,-2,0,0,-10,-1,0,12,9,0,-13,-3,None
0,-3,0,-9,4,0,-1,9,-3,0,12,9,0,-13,-3,None
0,-1,-1,4,-17,-10,-19,-18,-7,0,12,9,0,-13,-3,None
0,4,4,-3,-6,2,23,19,16,0,12,9,0,-13,-3,None
0,1,2,5,7,3,-16,-13,-16,0,12,9,0,-13,-3,None
0,1,2,5,7,3,-16,-13,-16,0,12,9,0,-13,-3,None
0,1,2,5,7,3,-16,-13,-16,0,12,9,0,-12,-3,None
0,-4,0,2,-10,-10,-3,2,6,0,12,9,0,-12,-3,None
0,-2,-8,-10,-10,1,1,-2,-5,0,12,9,0,-12,-3,None
0,-2,2,6,-8,-6,-3,-4,-6,0,12,9,0,-12,-3,None
0,-2,0,-9,13,8,-7,-11,-23,0,12,9,0,-12,-3,None
0,-2,0,-9,13,8,-7,-11,-23,17,12,8,0,-12,-3,None
0,-2,0,-9,13,8,-7,-11,-23,17,12,8,0,-12,-3,None
0,1,5,15,-2,1,13,5,17,17,12,8,0,-12,-3,None
0,-2,-4,-7,26,8,1,-2,-3,17,12,8,0,-12,-3,None
0,-2,0,-2,-35,-18,2,3,-7,17,12,8,0,-12,-3,None
0,-1,0,-3,-8,-7,-18,-1,20,17,12,8,0,-12,-3,None
0,-1,0,-3,-8,-7,-18,-1,20,17,12,8,0,-12,-3,None
0,-1,0,-3,-8,-7,-18,-1,20,17,12,8,0,-13,-2,None
0,-2,1,-1,14,-3,-4,-1,-16,17,12,8,0,-13,-2,None
0,-3,1,14,13,7,-6,-17,-11,17,12,8,0,-13,-2,None
0,-2,1,-14,-19,-1,5,-4,-7,17,12,8,0,-13,-2,None
0,-2,0,2,6,2,-8,-8,-21,17,12,8,0,-13,-2,None
0,-2,0,2,6,2,-8,-8,-21,17,12,8,0,-13,-2,None
0,-2,0,2,6,2,-8,-8,-21,17,12,8,0,-13,-3,None
0,-1,1,-7,-9,0,1,11,19,17,12,8,0,-13,-3,None
0,0,-2,-9,-2,0,5,-1,0,17,12,8,0,-13,-3,None
0,-1,1,3,25,3,-3,-2,-10,17,12,8,0,-13,-3,None
0,-3,-3,-9,-33,-7,-2,-20,-14,17,12,8,0,-13,-3,None
0,-3,-3,-9,-33,-7,-2,-20,-14,17,12,8,0,-13,-3,None
0,-3,-3,-9,-33,-7,-2,-20,-14,17,12,8,-1,-13,-3,None
0,3,2,-2,22,13,0,22,8,17,12,8,-1,-13,-3,None
0,-2,0,0,-10,-5,-8,-4,-9,17,12,8,-1,-13,-3,None
0,1,1,0,5,7,3,-4,2,17,12,8,-1,-13,-3,None
0,0,2,-4,-6,1,0,-9,1,17,12,8,-1,-13,-3,None
0,0,2,-4,-6,1,0,-9,1,17,12,8,-1,-13,-3,None
0,0,2,-4,-6,1,0,-9,1,17,12,8,-1,-13,-3,None
0,-1,-2,3,-3,-5,-2,3,-9,17,12,8,-1,-13,-3,None
0,-4,-3,-12,-7,14,-7,-15,-25,17,12,8,-1,-13,-3,None
0,2,-1,-14,32,1,19,19,11,17,12,8,-1,-13,-3,None
0,2,3,8,23,-9,0,5,19,17,12,8,-1,-13,-3,None
0,2,3,8,23,-9,0,5,19,17,12,8,-1,-13,-3,None
0,2,3,8,23,-9,0,5,19,17,12,8,-2,-13,-3,None
0,-4,-3,-9,-76,-17,-9,-6,-4,17,12,8,-2,-13,-3,None
0,-1,-4,-7,16,7,0,-1,3,17,12,8,-2,-13,-3,None
0,-3,0,-3,-8,-1,-7,-12,-14,17,12,8,-2,-13,-3,None
0,-2,-3,-7,28,6,-1,-4,-16,17,12,8,-2,-13,-3,None
0,-2,-3,-7,28,6,-1,-4,-16,17,12,8,-2,-13,-3,None
0,-2,-3,-7,28,6,-1,-4,-16,17,12,8,-2,-13,-3,None
0,4,3,-3,23,14,13,8,31,17,12,8,-2,-13,-3,None
0,0,7,5,53,-13,-11,-11,5,17,12,8,-2,-13,-3,None
0,-1,-5,-13,-46,3,-1,15,-6,17,12,8,-2,-13,-3,None
0,1,1,-4,2,-10,1,-2,21,17,12,8,-2,-13,-3,None
0,1,1,-4,2,-10,1,-2,21,17,12,8,-2,-13,-3,None
0,1,1,-4,2,-10,1,-2,21,17,12,8,-3,-13,-3,None
0,1,3,7,22,24,-1,-23,2,17,12,8,-3,-13,-3,None
0,0,-1,-18,19,2,14,26,-19,17,12,8,-3,-13,-3,None
0,-4,1,6,32,1,-2,-10,-13,17,12,8,-3,-13,-3,None
0,-1,0,-5,-69,0,-7,15,6,17,12,8,-3,-13,-3,None
0,-1,0,-5,-69,0,-7,15,6,17,12,8,-3,-13,-3,None
0,-1,0,-5,-69,0,-7,15,6,17,12,8,-3,-13,-3,None
0,-3,-1,-9,-4,-19,-10,-12,-27,17,12,8,-3,-13,-3,None
0,0,-1,0,-22,3,3,-16,-4,17,12,8,-3,-13,-3,None
0,1,4,6,35,10,3,27,28,17,12,8,-3,-13,-3,None
0,-2,0,-3,27,11,4,-6,-19,17,12,8,-3,-13,-3,None
0,-2,0,-3,27,11,4,-6,-19,17,12,8,-3,-13,-3,None
0,-2,0,-3,27,11,4,-6,-19,17,12,8,-3,-13,-4,None
0,-5,-4,-12,16,-14,-8,6,-21,17,12,8,-3,-13,-4,None
0,7,0,-1,-20,8,5,1,58,17,12,8,-3,-13,-4,None
0,-4,4,-16,3,-8,-14,-14,-52,17,12,8,-3,-13,-4,None
0,0,-2,7,-4,-1,5,-3,15,17,12,8,-3,-13,-4,None
0,0,-2,7,-4,-1,5,-3,15,17,12,8,-3,-13,-4,None
0,0,-2,7,-4,-1,5,-3,15,17,12,8,-4,-13,-4,None
0,-1,0,-7,-2,-3,0,20,-4,17,12,8,-4,-13,-4,None
0,-9,-3,3,-35,-11,-14,-14,-9,17,12,8,-4,-13,-4,None
0,3,5,8,0,10,0,-21,22,17,12,8,-4,-13,-4,None
0,1,3,3,22,10,5,15,0,17,12,8,-4,-13,-4,None
0,1,3,3,22,10,5,15,0,17,12,8,-4,-13,-4,None
0,1,3,3,22,10,5,15,0,17,12,8,-3,-13,-4,None
0,0,-1,-8,-42,-9,3,6,13,17,12,8,-3,-13,-4,None
0,-4,-3,-7,4,-4,-2,-6,-24,17,12,8,-3,-13,-4,None
0,-7,-4,-3,5,-7,-15,-17,-55,17,12,8,-3,-13,-4,None
0,-4,0,4,33,5,-5,4,47,17,12,8,-3,-13,-4,None
0,-4,0,4,33,5,-5,4,47,17,12,7,-3,-13,-4,None
0,-4,0,4,33,5,-5,4,47,17,12,7,-4,-12,-4,None
0,2,0,-6,-27,6,11,-21,-25,17,12,7,-4,-12,-4,None
0,4,5,1,30,1,-4,20,10,17,12,7,-4,-12,-4,None
0,-2,-2,-4,-37,-1,-6,-6,55,17,12,7,-4,-12,-4,None
0,1,-1,5,-8,3,10,6,-30,17,12,7,-4,-12,-4,None
0,1,-1,5,-8,3,10,6,-30,17,12,7,-4,-12,-4,None
0,1,-1,5,-8,3,10,6,-30,17,12,7,-4,-13,-4,None
0,-3,5,-3,-21,-6,-14,1,-30,17,12,7,-4,-13,-4,None
0,-4,-19,-8,-30,-15,-5,-17,40,17,12,7,-4,-13,-4,None
0,-3,1,6,13,3,-4,-10,-21,17,12,7,-4,-13,-4,None
0,2,12,-7,-28,-1,-2,-25,7,17,12,7,-4,-13,-4,None
0,2,12,-7,-28,-1,-2,-25,7,17,12,7,-4,-13,-4,None
0,2,12,-7,-28,-1,-2,-25,7,17,12,7,-4,-13,-4,None
0,0,-17,-1,32,7,5,60,-8,17,12,7,-4,-13,-4,None
0,-8,-1,-10,-13,2,1,-7,58,17,12,7,-4,-13,-4,None
0,6,-20,-2,-1,5,6,-17,-80,17,12,7,-4,-13,-4,None
0,-6,10,-10,21,8,2,39,45,17,12,7,-4,-13,-4,None
0,-6,10,-10,21,8,2,39,45,16,12,7,-4,-13,-4,None
0,-6,10,-10,21,8,2,39,45,16,12,7,-3,-13,-4,None
0,4,35,-1,15,6,1,-9,9,16,12,7,-3,-13,-4,None
0,3,-8,4,-2,-4,-7,-8,-8,16,12,7,-3,-13,-4,None
0,-5,-1,3,5,0,-3,0,19,16,12,7,-3,-13,-4,None
0,3,-13,-1,-16,-4,0,-10,-24,16,12,7,-3,-13,-4,None
0,3,-13,-1,-16,-4,0,-10,-24,16,12,7,-3,-13,-4,None
0,3,-13,-1,-16,-4,0,-10,-24,16,12,7,-1,-13,-1,None
0,1,14,10,3,5,-5,-59,0,16,12,7,-1,-13,-1,None
0,-1,8,13,-17,-3,-1,18,-110,16,12,7,-1,-13,-1,None
0,2,11,14,-2,-4,-5,-10,123,16,12,7,-1,-13,-1,None
0,3,2,-1,1,5,8,49,-7,16,12,7,-1,-13,-1,None
0,3,2,-1,1,5,8,49,-7,16,12,7,-1,-13,-1,None
0,3,2,-1,1,5,8,49,-7,16,12,7,-2,-13,-2,None
0,-10,-7,-13,29,2,-7,-18,-30,16,12,7,-2,-13,-2,None
0,7,6,-5,5,-5,0,-34,34,16,12,7,-2,-13,-2,None
0,-16,-6,-4,-2,2,11,82,-15,16,12,7,-2,-13,-2,None
0,-3,8,-4,0,-12,-17,-27,-49,16,12,7,-2,-13,-2,None
0,-3,8,-4,0,-12,-17,-27,-49,17,12,7,-2,-13,-2,None
0,-3,8,-4,0,-12,-17,-27,-49,17,12,7,-3,-14,-3,None
0,-1,-8,0,-2,6,7,-23,14,17,12,7,-3,-14,-3,None
0,0,10,-5,-3,1,0,4,-10,17,12,7,-3,-14,-3,None
0,0,9,-8,-10,-7,-5,-17,2,17,12,7,-3,-14,-3,None
0,-2,-4,4,-3,7,2,-4,4,17,12,7,-3,-14,-3,None
0,-2,-4,4,-3,7,2,-4,4,17,12,7,-3,-14,-3,None
0,-2,-4,4,-3,7,2,-4,4,17,12,7,-4,-13,-4,None
0,-10,-6,5,10,2,-5,-14,9,17,12,7,-4,-13,-4,None
0,-1,1,-6,-3,-1,-4,-1,-19,17,12,7,-4,-13,-4,None
0,3,3,0,3,5,6,15,46,17,12,7,-4,-13,-4,None
0,-4,-2,6,8,-3,-9,-29,-92,17,12,7,-4,-13,-4,None
0,-4,-2,6,8,-3,-9,-29,-92,17,12,7,-4,-13,-4,None
0,-4,-2,6,8,-3,-9,-29,-92,17,12,7,-5,-13,-4,None
0,1,-8,4,3,7,2,-24,56,17,12,7,-5,-13,-4,None
0,6,3,6,4,-5,2,58,3,17,12,7,-5,-13,-4,None
0,0,0,1,-3,-3,-7,-51,-54,17,12,7,-5,-13,-4,None
0,9,-3,0,3,8,18,84,72,17,12,7,-5,-13,-4,None
0,9,-3,0,3,8,18,84,72,17,12,7,-5,-13,-4,None
0,9,-3,0,3,8,18,84,72,17,12,7,-4,-14,-4,None
0,5,14,-6,7,-5,-14,-22,-28,17,12,7,-4,-14,-4,None
0,-4,-5,1,2,0,2,13,8,17,12,7,-4,-14,-4,None
0,10,-3,-5,0,1,5,-15,-24,17,12,7,-4,-14,-4,None
0,-20,2,-7,-2,-6,-11,-53,-38,17,12,7,-4,-14,-4,None
0,-20,2,-7,-2,-6,-11,-53,-38,17,12,7,-4,-14,-4,None
0,-20,2,-7,-2,-6,-11,-53,-38,17,12,7,-4,-14,-4,None
0,0,-2,6,-4,-5,0,43,-20,17,12,7,-4,-14,-4,None
0,-3,3,-1,10,10,2,-13,-6,17,12,7,-4,-14,-4,None
0,-2,-3,1,14,7,3,0,23,17,12,7,-4,-14,-4,None
0,6,0,-12,-9,-3,-3,-15,2,17,12,7,-4,-14,-4,None
0,6,0,-12,-9,-3,-3,-15,2,17,12,7,-4,-14,-4,None
0,6,0,-12,-9,-3,-3,-15,2,17,12,7,-4,-13,-4,None
0,-10,-4,-3,-10,-10,-10,-30,-48,17,12,7,-4,-13,-4,None
0,-6,-2,-1,1,11,7,26,17,17,12,7,-4,-13,-4,None
0,0,10,0,-4,-2,-3,3,10,17,12,7,-4,-13,-4,None
0,7,27,-3,2,-4,-2,4,54,17,12,7,-4,-13,-4,None
0,7,27,-3,2,-4,-2,4,54,17,12,7,-4,-13,-4,None
0,7,27,-3,2,-4,-2,4,54,17,12,7,-5,-13,-4,None
0,-8,-20,-2,2,-2,-5,-12,-28,17,12,7,-5,-13,-4,None
0,6,-1,2,-3,1,-5,7,14,17,12,7,-5,-13,-4,None
0,-6,2,-5,-4,1,9,17,-9,17,12,7,-5,-13,-4,None
0,-1,0,2,-3,-8,-15,-27,2,17,12,7,-5,-13,-4,None
0,-1,0,2,-3,-8,-15,-27,2,17,12,7,-5,-13,-4,None
0,-1,0,2,-3,-8,-15,-27,2,17,12,7,-4,-13,-4,None
0,3,-3,-8,0,14,20,5,19,17,12,7,-4,-13,-4,None
0,2,7,-5,3,0,-10,-21,-25,17,12,7,-4,-13,-4,None
0,-15,4,-2,-7,-7,-13,-56,-16,17,12,7,-4,-13,-4,None
0,-5,-12,1,-6,6,7,27,47,17,12,7,-4,-13,-4,None
0,-5,-12,1,-6,6,7,27,47,17,12,7,-4,-13,-4,None
0,-5,-12,1,-6,6,7,27,47,17,12,7,-4,-13,-4,None
0,-1,1,-3,1,0,1,6,-13,17,12,7,-4,-13,-4,None
0,-3,7,3,-2,-1,-5,10,-8,17,12,7,-4,-13,-4,None
0,0,-2,-7,-4,-3,-13,-29,-58,17,12,7,-4,-13,-4,None
0,3,-11,-7,5,17,26,3,63,17,12,7,-4,-13,-4,None
0,3,-11,-7,5,17,26,3,63,17,12,7,-4,-13,-4,None
0,3,-11,-7,5,17,26,3,63,17,12,7,-4,-13,-4,None
0,0,17,-3,-2,-6,-4,31,-21,17,12,7,-4,-13,-4,None
0,0,7,-2,-2,0,2,-1,32,17,12,7,-4,-13,-4,None
0,3,-3,-4,-6,-1,1,4,4,17,12,7,-4,-13,-4,None
0,-4,-2,-6,0,-5,-12,-3,-20,17,12,7,-4,-13,-4,None
0,-4,-2,-6,0,-5,-12,-3,-20,17,12,7,-4,-13,-4,None
0,-4,-2,-6,0,-5,-12,-3,-20,17,12,7,-4,-13,-4,None
0,5,-1,1,6,11,13,43,19,17,12,7,-4,-13,-4,None
0,-5,0,-3,-3,-7,-12,-38,-73,17,12,7,-4,-13,-4,None
0,6,-5,-12,7,11,11,35,49,17,12,7,-4,-13,-4,None
0,-6,-9,-3,-4,-5,-5,-28,-14,17,12,7,-4,-13,-4,None
0,-6,-9,-3,-4,-5,-5,-28,-14,17,12,7,-4,-13,-4,None
0,-6,-9,-3,-4,-5,-5,-28,-14,17,12,7,-4,-13,-4,None
0,2,1,2,-7,-5,-1,6,15,17,12,7,-4,-13,-4,None
0,0,3,0,-6,-7,-10,-38,-64,17,12,7,-4,-13,-4,None
0,-2,-4,3,3,10,9,0,-15,17,12,7,-4,-13,-4,None
0,6,3,-6,2,2,1,27,20,17,12,7,-4,-13,-4,None
0,6,3,-6,2,2,1,27,20,17,12,7,-4,-13,-4,None
0,6,3,-6,2,2,1,27,20,17,12,7,-4,-13,-4,None
0,-1,29,-3,12,4,-3,-36,35,17,12,7,-4,-13,-4,None
0,-2,-25,-9,-13,-6,-1,-13,35,17,12,7,-4,-13,-4,None
0,-7,0,10,-2,-8,-9,51,-19,17,12,7,-4,-13,-4,None
0,-7,-5,-3,5,7,14,-14,-27,17,12,7,-4,-13,-4,None
0,-7,-5,-3,5,7,14,-14,-27,17,12,7,-4,-13,-4,None
0,-7,-5,-3,5,7,14,-14,-27,17,12,7,-4,-13,-4,None
0,-6,1,2,-3,-7,-7,-9,-29,17,12,7,-4,-13,-4,None
0,-5,-8,-3,3,0,-2,-2,53,17,12,7,-4,-13,-4,None
0,1,6,1,0,4,4,-20,-41,17,12,7,-4,-13,-4,None
0,2,-3,2,-5,-10,-14,-6,73,17,12,7,-4,-13,-4,None
0,2,-3,2,-5,-10,-14,-6,73,17,12,7,-4,-13,-4,None
0,2,-3,2,-5,-10,-14,-6,73,17,12,7,-4,-13,-4,None
0,-1,-2,-2,-6,0,-4,5,-19,17,12,7,-4,-13,-4,None
0,5,1,-4,2,5,7,2,27,17,12,7,-4,-13,-4,None
0,-5,-6,-1,-8,-13,-15,-22,-15,17,12,7,-4,-13,-4,None
0,-8,3,-6,4,13,7,-13,-46,17,12,7,-4,-13,-4,None
0,-8,3,-6,4,13,7,-13,-46,17,12,7,-4,-13,-4,None
0,-8,3,-6,4,13,7,-13,-46,17,12,7,-4,-13,-4,None
0,7,-21,-2,-2,1,4,7,1,17,12,7,-4,-13,-4,None
0,-5,2,-1,2,2,0,-14,-30,17,12,7,-4,-13,-4,None
0,4,10,2,1,2,5,38,58,17,12,7,-4,-13,-4,None
0,-4,0,0,-2,2,-2,-17,-29,17,12,7,-4,-13,-4,None
0,-4,0,0,-2,2,-2,-17,-29,17,12,7,-4,-13,-4,None
0,-4,0,0,-2,2,-2,-17,-29,17,12,7,-4,-13,-4,None
0,-13,-7,-2,-7,-5,-7,-26,39,17,12,7,-4,-13,-4,None
0,-2,1,-8,3,0,1,3,-38,17,12,7,-4,-13,-4,None
0,-4,2,-2,3,4,2,13,15,17,12,7,-4,-13,-4,None
0,0,-2,0,0,-2,-6,7,-44,17,12,7,-4,-13,-4,None
0,0,-2,0,0,-2,-6,7,-44,17,12,7,-4,-13,-4,None
0,0,-2,0,0,-2,-6,7,-44,17,12,7,-4,-13,-3,None
0,-6,-7,-1,3,-1,-2,-14,71,17,12,7,-4,-13,-3,None
0,-5,7,2,1,4,0,5,15,17,12,7,-4,-13,-3,None
0,-2,-2,0,-25,-7,-4,-3,-23,17,12,7,-4,-13,-3,None
0,1,0,-4,6,-1,-6,-9,5,17,12,7,-4,-13,-3,None
0,1,0,-4,6,-1,-6,-9,5,17,12,7,-4,-13,-3,None
0,1,0,-4,6,-1,-6,-9,5,17,12,7,-4,-13,-4,None
0,-2,-1,-4,15,-3,-6,-18,-33,17,12,7,-4,-13,-4,None
0,-3,4,1,-18,-1,3,16,14,17,12,7,-4,-13,-4,None
0,3,0,-2,-6,-5,-4,3,17,17,12,7,-4,-13,-4,None
0,0,0,7,-6,-6,-7,-5,-14,17,12,7,-4,-13,-4,None
0,0,0,7,-6,-6,-7,-5,-14,17,12,7,-4,-13,-4,None
0,0,0,7,-6,-6,-7,-5,-14,17,12,7,-4,-13,-4,None
0,1,-1,-5,7,6,2,3,-13,17,12,7,-4,-13,-4,None
0,-1,2,1,15,10,4,10,7,17,12,7,-4,-13,-4,None
0,1,-2,-6,-2,-3,3,-7,-5,17,12,7,-4,-13,-4,None
0,-4,-1,2,-2,-9,-15,-15,-17,17,12,7,-4,-13,-4,None
0,-4,-1,2,-2,-9,-15,-15,-17,17,12,7,-4,-13,-4,None
0,-4,-1,2,-2,-9,-15,-15,-17,17,12,7,-4,-13,-4,None
0,-2,0,13,8,4,-6,19,-8,17,12,7,-4,-13,-4,None
0,-2,0,-2,-3,-8,-21,0,11,17,12,7,-4,-13,-4,None
0,1,1,-7,-35,9,42,-2,3,17,12,7,-4,-13,-4,None
0,0,0,-1,51,13,-19,-10,-1,17,12,7,-4,-13,-4,None
0,0,0,-1,51,13,-19,-10,-1,17,12,7,-4,-13,-4,None
0,0,0,-1,51,13,-19,-10,-1,17,12,7,-3,-13,-4,None
0,1,-1,-4,-10,-2,27,19,0,17,12,7,-3,-13,-4,None
0,-2,1,0,1,2,4,3,-2,17,12,7,-3,-13,-4,None
0,-2,1,4,1,3,-27,-17,-4,17,12,7,-3,-13,-4,None
0,-1,1,2,-7,83,-77,-8,-5,17,12,7,-3,-13,-4,None
0,-1,1,2,-7,83,-77,-8,-5,17,12,7,-3,-13,-4,None
0,-1,1,2,-7,83,-77,-8,-5,17,12,7,-3,-13,-4,None
0,4,2,-8,-21,-59,91,29,2,17,12,7,-3,-13,-4,None
0,-7,-2,1,-6,-9,-13,-14,-12,17,12,7,-3,-13,-4,None
0,-2,0,9,15,42,-84,-4,-2,17,12,7,-3,-13,-4,None
0,4,1,-22,-33,-18,127,26,15,17,12,7,-3,-13,-4,None
0,4,1,-22,-33,-18,127,26,15,17,12,7,-3,-13,-4,None
0,4,1,-22,-33,-18,127,26,15,17,12,7,-4,-13,-4,None
0,-4,-2,1,21,99,-126,-21,-16,17,12,7,-4,-13,-4,None
0,6,3,-14,-25,-94,82,20,23,17,12,7,-4,-13,-4,None
0,0,2,-9,9,23,15,7,-10,17,12,7,-4,-13,-4,None
0,-1,1,3,-2,-19,-24,-4,-9,17,12,7,-4,-13,-4,None
0,-1,1,3,-2,-19,-24,-4,-9,17,12,7,-4,-13,-4,None
0,-1,1,3,-2,-19,-24,-4,-9,17,12,7,-4,-12,-4,None
0,0,1,-1,-4,14,-28,-11,-10,17,12,7,-4,-12,-4,None
0,-1,0,2,5,24,-7,4,4,17,12,7,-4,-12,-4,None
0,-3,-3,1,13,-11,-4,-8,-3,17,12,7,-4,-12,-4,None
0,0,0,-6,-1,-10,-9,-4,-2,17,12,7,-4,-12,-4,None
0,0,0,-6,-1,-10,-9,-4,-2,17,12,7,-4,-12,-4,None
0,0,0,-6,-1,-10,-9,-4,-2,17,12,7,-4,-13,-4,None
0,1,3,-6,-9,-20,19,7,-1,17,12,7,-4,-13,-4,None
0,-2,1,6,7,22,-33,-4,-5,17,12,7,-4,-13,-4,None
0,0,0,-4,6,-22,12,-3,3,17,12,7,-4,-13,-4,None
0,-3,-1,4,-7,-23,-1,0,-5,17,12,7,-4,-13,-4,None
0,-3,-1,4,-7,-23,-1,0,-5,17,12,8,-4,-13,-4,None
0,-3,-1,4,-7,-23,-1,0,-5,17,12,8,-4,-13,-3,None
0,2,0,-8,1,3,24,7,7,17,12,8,-4,-13,-3,None
0,-1,0,-3,6,9,-7,-9,-1,17,12,8,-4,-13,-3,None
0,0,-1,-6,1,-4,2,-5,-4,17,12,8,-4,-13,-3,None
0,-1,2,4,-7,-20,-9,-2,-2,17,12,8,-4,-13,-3,None
0,-1,2,4,-7,-20,-9,-2,-2,17,12,8,-4,-13,-3,None
0,-1,2,4,-7,-20,-9,-2,-2,17,12,8,-3,-14,-3,None
0,-4,0,5,5,25,-46,-5,-10,17,12,8,-3,-14,-3,None
0,1,2,-12,-3,-14,43,10,6,17,12,8,-3,-14,-3,None
0,1,-1,-6,3,-6,-4,-2,3,17,12,8,-3,-14,-3,None
0,-1,-1,-1,-5,-4,8,-2,-1,17,12,8,-3,-14,-3,None
0,-1,-1,-1,-5,-4,8,-2,-1,17,12,8,-3,-14,-3,None
0,-1,-1,-1,-5,-4,8,-2,-1,17,12,8,-3,-14,-3,None
0,-1,0,-1,-2,-9,-7,-1,-2,17,12,8,-3,-14,-3,None
0,-5,-1,0,-1,4,-33,-11,-11,17,12,8,-3,-14,-3,None
0,-1,0,1,1,-14,16,2,4,17,12,8,-3,-14,-3,None
0,-1,0,-2,-3,-9,-14,-2,-4,17,12,8,-3,-14,-3,None
0,-1,0,-2,-3,-9,-14,-2,-4,17,12,8,-3,-14,-3,None
0,-1,0,-2,-3,-9,-14,-2,-4,17,12,8,-3,-13,-3,None
0,-1,1,0,-8,9,10,2,-2,17,12,8,-3,-13,-3,None
0,-2,-1,-3,-2,-23,-7,-3,-4,17,12,8,-3,-13,-3,None
0,-2,-1,-4,1,1,-1,-5,-2,17,12,8,-3,-13,-3,None
0,-2,-2,-3,-2,3,-6,0,0,17,12,8,-3,-13,-3,None
0,-2,-2,-3,-2,3,-6,0,0,17,12,8,-3,-13,-3,None
0,-2,-2,-3,-2,3,-6,0,0,17,12,8,-3,-13,-3,None
0,0,1,-1,-2,-12,5,5,2,17,12,8,-3,-13,-3,None
0,-1,1,4,3,24,-21,-8,-6,17,12,8,-3,-13,-3,None
0,0,2,-6,2,5,23,4,0,17,12,8,-3,-13,-3,None
0,-1,1,-6,-1,-2,2,-2,-1,17,12,8,-3,-13,-3,None
0,-1,1,-6,-1,-2,2,-2,-1,17,12,8,-3,-13,-3,None
0,-1,1,-6,-1,-2,2,-2,-1,17,12,8,-3,-13,-4,None
0,0,-2,-7,-4,-5,5,3,1,17,12,8,-3,-13,-4,None
0,-2,1,-1,1,11,-6,-3,-4,17,12,8,-3,-13,-4,None
0,-1,-2,-1,0,-2,-5,-4,-1,17,12,8,-3,-13,-4,None
0,-2,0,1,0,-2,-3,-4,-1,17,12,8,-3,-13,-4,None
0,-2,0,1,0,-2,-3,-4,-1,17,12,8,-3,-13,-4,None
0,-2,0,1,0,-2,-3,-4,-1,17,12,8,-3,-13,-4,None
0,-2,0,0,0,-9,8,1,0,17,12,8,-3,-13,-4,None
0,-1,-1,2,4,7,-10,-2,-2,17,12,8,-3,-13,-4,None
0,-2,-1,5,-1,2,-4,-4,-2,17,12,8,-3,-13,-4,None
0,-2,-1,0,0,8,1,-1,-1,17,12,8,-3,-13,-4,None
0,-2,-1,0,0,8,1,-1,-1,17,12,8,-3,-13,-4,None
0,-2,-1,0,0,8,1,-1,-1,17,12,8,-3,-12,-4,None
0,-1,2,1,-1,-10,-3,-2,-2,17,12,8,-3,-12,-4,None
0,-1,-2,-3,0,11,-1,-1,-3,17,12,8,-3,-12,-4,None
0,-1,-1,-3,1,1,0,1,2,17,12,8,-3,-12,-4,None
0,-1,1,-2,1,0,-2,-3,-2,17,12,8,-3,-12,-4,None
0,-1,1,-2,1,0,-2,-3,-2,17,12,8,-3,-12,-4,None
0,-1,1,-2,1,0,-2,-3,-2,17,12,8,-3,-12,-5,None
0,0,1,2,1,-7,-2,0,-2,17,12,8,-3,-12,-5,None
0,0,0,-1,0,9,-1,-2,-2,17,12,8,-3,-12,-5,None
0,-3,0,-4,-1,-6,-5,-4,-4,17,12,8,-3,-12,-5,None
0,0,0,-3,-9,0,1,0,1,17,12,8,-3,-12,-5,None
0,0,0,-3,-9,0,1,0,1,17,12,8,-3,-12,-5,None
0,0,0,-3,-9,0,1,0,1,17,12,8,-2,-13,-5,None
0,-2,1,-2,-2,-3,-2,-2,-2,17,12,8,-2,-13,-5,None
0,-2,2,-1,-6,11,2,0,0,17,12,8,-2,-13,-5,None
0,-2,-1,-3,5,-6,-6,-3,-3,17,12,8,-2,-13,-5,None
0,-2,0,-2,4,-1,-5,-2,-2,17,12,8,-2,-13,-5,None
0,-2,0,-2,4,-1,-5,-2,-2,17,12,8,-2,-13,-5,None
0,-2,0,-2,4,-1,-5,-2,-2,17,12,8,-2,-13,-5,None
0,0,-1,-3,-6,2,0,-2,-1,17,12,8,-2,-13,-5,None
0,1,0,1,3,-7,-2,-2,3,17,12,8,-2,-13,-5,None
0,-1,2,7,59,10,-2,-4,-11,17,12,8,-2,-13,-5,None
0,0,1,4,-89,-11,5,6,0,17,12,8,-2,-13,-5,None
0,0,1,4,-89,-11,5,6,0,17,12,8,-2,-13,-5,None
0,0,1,4,-89,-11,5,6,0,17,12,8,-1,-13,-4,None
0,0,1,5,42,5,2,-1,0,17,12,8,-1,-13,-4,None
0,-2,2,8,-4,6,-3,-3,-2,17,12,8,-1,-13,-4,None
0,-2,-1,9,-27,-14,-5,0,2,17,12,8,-1,-13,-4,None
0,0,0,14,50,17,-1,-3,-3,17,12,8,-1,-13,-4,None
0,0,0,14,50,17,-1,-3,-3,17,12,9,-1,-13,-4,None
0,0,0,14,50,17,-1,-3,-3,17,12,9,-1,-13,-4,None
0,2,2,31,2,6,2,0,0,17,12,9,-1,-13,-4,None
0,-2,-1,13,-15,-10,-7,-3,-3,17,12,9,-1,-13,-4,None
0,-1,0,12,34,2,-1,0,1,17,12,9,-1,-13,-4,None
0,0,2,-6,-60,-14,-4,-2,-2,17,12,9,-1,-13,-4,None
0,0,2,-6,-60,-14,-4,-2,-2,17,12,9,-1,-13,-4,None
0,0,2,-6,-60,-14,-4,-2,-2,17,12,9,-1,-13,-4,None
0,-4,-2,-6,9,-12,-5,-2,-1,17,12,9,-1,-13,-4,None
0,-1,0,-10,13,35,8,3,-1,17,12,9,-1,-13,-4,None
0,-1,-3,-20,-25,-24,-5,-2,-2,17,12,9,-1,-13,-4,None
0,-4,-1,-7,56,39,1,-3,-2,17,12,9,-1,-13,-4,None
0,-4,-1,-7,56,39,1,-3,-2,0,12,9,-1,-13,-4,None
0,-4,-1,-7,56,39,1,-3,-2,0,12,9,-1,-14,-3,None
0,2,1,-11,-28,-13,4,-2,1,0,12,9,-1,-14,-3,None
0,-1,2,-5,-15,-16,-4,-2,-5,0,12,9,-1,-14,-3,None
0,1,2,-13,2,5,2,3,3,0,12,9,-1,-14,-3,None
0,0,1,-15,26,3,11,0,1,0,12,9,-1,-14,-3,None
0,0,1,-15,26,3,11,0,1,0,12,9,-1,-14,-3,None
0,0,1,-15,26,3,11,0,1,0,12,9,0,-13,-3,None
0,-3,-1,-34,-43,27,-1,-1,-5,0,12,9,0,-13,-3,None
0,0,1,-19,-38,-23,-4,0,-2,0,12,9,0,-13,-3,None
0,-1,0,-17,49,19,-4,-4,0,0,12,9,0,-13,-3,None
0,-2,-2,-13,-9,-40,-6,-1,-5,0,12,9,0,-13,-3,None
0,-2,-2,-13,-9,-40,-6,-1,-5,0,12,9,0,-13,-3,None
0,-2,-2,-13,-9,-40,-6,-1,-5,0,12,9,0,-14,-3,None
0,-4,-3,-19,7,1,1,0,-4,0,12,9,0,-14,-3,None
0,-1,0,-9,-30,31,2,-5,-1,0,12,9,0,-14,-3,None
0,2,7,16,77,71,9,5,4,0,12,9,0,-14,-3,None
0,-7,-6,-13,47,-41,-19,-8,-7,0,12,9,0,-14,-3,None
0,-7,-6,-13,47,-41,-19,-8,-7,0,12,9,0,-14,-3,None
0,-7,-6,-13,47,-41,-19,-8,-7,0,12,9,0,-14,-3,None
0,3,0,0,46,-8,6,4,3,0,12,9,0,-14,-3,None
0,-2,-4,0,-27,-26,-3,-3,-8,0,12,9,0,-14,-3,None
0,-2,-2,-14,-40,-31,-11,-6,-2,0,12,9,0,-14,-3,None
0,1,-1,-26,-25,29,3,0,1,0,12,9,0,-14,-3,None
0,1,-1,-26,-25,29,3,0,1,0,12,9,0,-14,-3,None
0,1,-1,-26,-25,29,3,0,1,0,12,9,1,-13,-2,None
0,-1,0,5,-19,1,-5,-5,-1,0,12,9,1,-13,-2,None
0,-2,4,13,127,-7,-9,-5,-2,0,12,9,1,-13,-2,None
0,1,-2,-14,-128,-55,-3,-4,3,0,12,9,1,-13,-2,None
0,1,2,13,16,19,6,6,1,0,12,9,1,-13,-2,None
0,1,2,13,16,19,6,6,1,0,12,9,1,-13,-2,None
0,1,2,13,16,19,6,6,1,0,12,9,2,-14,-1,None
0,-2,-1,-7,-38,-35,-2,-4,-3,0,12,9,2,-14,-1,None
0,-2,-2,-15,1,16,-3,-2,0,0,12,9,2,-14,-1,None
0,-1,2,6,4,17,4,0,1,0,12,9,2,-14,-1,None
0,1,2,-1,18,-55,-3,2,1,0,12,9,2,-14,-1,None
0,1,2,-1,18,-55,-3,2,1,0,12,9,2,-14,-1,None
0,1,2,-1,18,-55,-3,2,1,0,12,9,3,-15,-2,None
0,-2,3,19,10,43,1,0,-1,0,12,9,3,-15,-2,None
0,-1,1,-5,-5,-32,-6,-4,-4,0,12,9,3,-15,-2,None
0,-4,-3,-3,-30,-37,1,1,-7,0,12,9,3,-15,-2,None
0,-3,-5,-7,-6,45,-5,-4,-3,0,12,9,3,-15,-2,None
0,-3,-5,-7,-6,45,-5,-4,-3,0,12,9,3,-15,-2,None
0,-3,-5,-7,-6,45,-5,-4,-3,0,12,9,4,-16,-2,None
0,2,5,8,82,5,9,2,2,0,12,9,4,-16,-2,None
0,0,2,-2,-40,7,0,-2,0,0,12,9,4,-16,-2,None
0,-1,-2,-28,-43,-24,-3,-4,1,0,12,9,4,-16,-2,None
0,-1,3,26,44,26,4,1,-2,0,12,9,4,-16,-2,None
0,-1,3,26,44,26,4,1,-2,0,12,9,4,-16,-2,None
0,-1,3,26,44,26,4,1,-2,0,12,9,5,-16,-2,None
0,-2,-2,-6,-14,-18,-10,-1,-5,0,12,9,5,-16,-2,None
0,-1,-5,-24,9,16,-1,-5,-1,0,12,9,5,-16,-2,None
0,0,2,6,27,25,-4,-2,-2,0,12,9,5,-16,-2,None
0,0,5,31,25,-13,-2,-7,-2,0,12,9,5,-16,-2,None
0,0,5,31,25,-13,-2,-7,-2,1,12,9,5,-16,-2,None
0,0,5,31,25,-13,-2,-7,-2,1,12,9,5,-14,-2,None
0,-2,-8,-25,-46,7,-10,-5,-1,1,12,9,5,-14,-2,None
0,2,4,19,12,-3,13,5,5,1,12,9,5,-14,-2,None
0,-2,-1,11,47,15,0,-1,-4,1,12,9,5,-14,-2,None
0,0,2,-11,33,-6,1,-1,0,1,12,9,5,-14,-2,None
0,0,2,-11,33,-6,1,-1,0,1,12,9,5,-14,-2,None
0,0,2,-11,33,-6,1,-1,0,1,12,9,5,-13,-2,None
0,-4,-4,-1,-77,-29,-7,-6,-2,1,12,9,5,-13,-2,None
0,-3,2,14,41,24,-2,0,-7,1,12,9,5,-13,-2,None
0,-3,-2,-15,-19,-30,1,-4,0,1,12,9,5,-13,-2,None
0,-1,-4,-6,1,33,-5,3,-4,1,12,9,5,-13,-2,None
0,-1,-4,-6,1,33,-5,3,-4,1,12,9,5,-13,-2,None
0,-1,-4,-6,1,33,-5,3,-4,1,12,9,6,-14,-1,None
0,-2,-2,0,17,-8,3,-6,0,1,12,9,6,-14,-1,None
0,0,0,-6,24,44,10,2,1,1,12,9,6,-14,-1,None
0,0,0,6,35,-22,-9,-2,-2,1,12,9,6,-14,-1,None
0,-1,1,-8,-87,-22,0,-1,-1,1,12,9,6,-14,-1,None
0,-1,1,-8,-87,-22,0,-1,-1,1,12,9,6,-14,-1,None
0,-1,1,-8,-87,-22,0,-1,-1,1,12,9,6,-14,-1,None
0,1,5,4,74,16,-6,-5,-2,1,12,9,6,-14,-1,None
0,-5,0,32,-1,6,1,1,0,1,12,9,6,-14,-1,None
0,-2,1,4,43,23,4,0,-4,1,12,9,6,-14,-1,None
0,0,1,2,-43,-30,-3,-4,2,1,12,9,6,-14,-1,None
0,0,1,2,-43,-30,-3,-4,2,1,12,9,6,-14,-1,None
0,0,1,2,-43,-30,-3,-4,2,1,12,9,7,-13,-1,None
0,-1,-1,6,82,41,5,2,-3,1,12,9,7,-13,-1,None
0,0,4,3,-31,-26,-8,-3,-2,1,12,9,7,-13,-1,None
0,-3,0,8,11,-36,4,1,-1,1,12,9,7,-13,-1,None
0,0,0,-4,6,67,0,-4,-1,1,12,9,7,-13,-1,None
0,0,0,-4,6,67,0,-4,-1,1,12,9,7,-13,-1,None
0,0,0,-4,6,67,0,-4,-1,1,12,9,7,-12,-1,None
0,-1,-1,-1,-13,8,-1,-2,-1,1,12,9,7,-12,-1,None
0,-5,-4,-15,-14,-14,-6,-6,-5,1,12,9,7,-12,-1,None
0,0,-2,-3,-16,-1,-4,-1,-1,1,12,9,7,-12,-1,None
0,0,0,-11,-1,9,-2,-2,-1,1,12,9,7,-12,-1,None
0,0,0,-11,-1,9,-2,-2,-1,1,12,9,7,-12,-1,None
0,0,0,-11,-1,9,-2,-2,-1,1,12,9,8,-12,-1,None
0,-3,4,-6,11,2,2,0,-1,1,12,9,8,-12,-1,None
0,5,7,-15,-46,-17,-6,-3,1,1,12,9,8,-12,-1,None
0,-8,-13,-12,-14,21,0,-3,-4,1,12,9,8,-12,-1,None
0,2,15,6,27,-6,4,-1,1,1,12,9,8,-12,-1,None
0,2,15,6,27,-6,4,-1,1,1,12,9,8,-12,-1,None
0,2,15,6,27,-6,4,-1,1,1,12,9,7,-14,-1,None
0,2,2,9,-87,-72,-5,1,2,1,12,9,7,-14,-1,None
0,-3,3,-17,-49,27,2,1,-4,1,12,9,7,-14,-1,None
0,0,6,7,23,-1,-3,-3,-1,1,12,9,7,-14,-1,None
0,-1,-6,-5,-37,-14,3,2,0,1,12,9,7,-14,-1,None
0,-1,-6,-5,-37,-14,3,2,0,1,12,9,7,-14,-1,None
0,-1,-6,-5,-37,-14,3,2,0,1,12,9,9,-12,-2,None
0,0,10,0,22,18,1,-2,-2,1,12,9,9,-12,-2,None
0,2,-1,-1,52,24,-1,-2,0,1,12,9,9,-12,-2,None
0,2,5,-3,-55,20,0,-1,-1,1,12,9,9,-12,-2,None
0,-5,-9,-5,5,-21,-4,-4,-3,1,12,9,9,-12,-2,None
0,-5,-9,-5,5,-21,-4,-4,-3,1,12,9,9,-12,-2,None
0,-5,-9,-5,5,-21,-4,-4,-3,1,12,9,8,-13,-2,None
0,1,-1,-8,-3,5,1,0,-1,1,12,9,8,-13,-2,None
0,-1,13,-3,21,-9,-1,-2,0,1,12,9,8,-13,-2,None
0,0,-9,-1,-8,20,0,-1,-2,1,12,9,8,-13,-2,None
0,1,26,-21,52,28,1,-2,-1,1,12,9,8,-13,-2,None
0,1,26,-21,52,28,1,-2,-1,1,12,9,8,-13,-2,None
0,1,26,-21,52,28,1,-2,-1,1,12,9,9,-15,-2,None
0,0,8,3,19,-36,-2,-1,0,1,12,9,9,-15,-2,None
0,1,-4,-14,-4,6,-2,-4,-6,1,12,9,9,-15,-2,None
0,-2,5,6,-7,-10,3,1,0,1,12,9,9,-15,-2,None
0,0,1,11,-12,21,1,-1,-2,1,12,9,9,-15,-2,None
0,0,1,11,-12,21,1,-1,-2,1,12,9,9,-15,-2,None
0,0,1,11,-12,21,1,-1,-2,1,12,9,9,-14,-1,None
0,3,5,2,-7,7,2,2,0,1,12,9,9,-14,-1,None
0,-4,-4,17,30,-1,0,-1,-1,1,12,9,9,-14,-1,None
0,1,5,0,-10,8,1,1,-1,1,12,9,9,-14,-1,None
0,-2,-7,3,38,3,-3,0,-1,1,12,9,9,-14,-1,None
0,-2,-7,3,38,3,-3,0,-1,1,12,9,9,-14,-1,None
0,-2,-7,3,38,3,-3,0,-1,1,12,9,7,-12,-1,None
0,-2,-4,1,-62,6,6,2,-2,1,12,9,7,-12,-1,None
0,-2,-5,16,-55,-46,-5,-2,-2,1,12,9,7,-12,-1,None
0,-3,-5,-3,10,21,-1,-2,-2,1,12,9,7,-12,-1,None
0,-1,0,-1,9,18,-1,0,0,1,12,9,7,-12,-1,None
0,-1,0,-1,9,18,-1,0,0,1,12,9,7,-12,-1,None
0,-1,0,-1,9,18,-1,0,0,1,12,9,7,-11,0,None
0,-8,-4,10,-34,-15,-7,-2,-3,1,12,9,7,-11,0,None
0,-1,15,-10,18,16,5,2,-2,1,12,9,7,-11,0,None
0,-6,-31,-5,-25,-34,-3,0,-2,1,12,9,7,-11,0,None
0,-1,-29,2,1,-38,1,1,0,1,12,9,7,-11,0,None
0,-1,-29,2,1,-38,1,1,0,1,12,9,7,-11,0,None
0,-1,-29,2,1,-38,1,1,0,1,12,9,8,-12,0,None
0,-3,14,0,25,-19,-3,0,-3,1,12,9,8,-12,0,None
0,-4,14,1,56,18,2,2,2,1,12,9,8,-12,0,None
0,7,4,-8,-50,-26,-9,-4,-5,1,12,9,8,-12,0,None
0,-2,6,4,44,32,1,-2,0,1,12,9,8,-12,0,None
0,-2,6,4,44,32,1,-2,0,1,12,9,8,-12,0,None
0,-2,6,4,44,32,1,-2,0,1,12,9,8,-12,0,None
0,-3,-20,-16,-4,2,-3,-3,-2,1,12,9,8,-12,0,None
0,-1,-3,-12,-52,-56,0,-1,1,1,12,9,8,-12,0,None
0,0,13,-3,23,9,3,-1,-2,1,12,9,8,-12,0,None
0,-2,-2,7,-34,-16,-3,-1,-1,1,12,9,8,-12,0,None
0,-2,-2,7,-34,-16,-3,-1,-1,1,12,9,8,-12,0,None
0,-2,-2,7,-34,-16,-3,-1,-1,1,12,9,8,-12,-1,None
0,1,7,-6,17,15,-3,-2,-1,1,12,9,8,-12,-1,None
0,-3,-6,-5,3,38,-1,0,0,1,12,9,8,-12,-1,None
0,1,5,5,-45,-7,0,0,0,1,12,9,8,-12,-1,None
0,-1,-1,-5,-33,-24,-4,-4,-3,1,12,9,8,-12,-1,None
0,-1,-1,-5,-33,-24,-4,-4,-3,1,12,9,8,-12,-1,None
0,-1,-1,-5,-33,-24,-4,-4,-3,1,12,9,8,-12,-1,None
0,-3,-6,-6,45,32,-1,-2,-2,1,12,9,8,-12,-1,None
0,0,-6,-5,11,13,-2,-1,-2,1,12,9,8,-12,-1,None
0,-3,-2,-6,7,8,0,-1,-2,1,12,9,8,-12,-1,None
0,2,21,-3,-11,-13,-4,-2,-1,1,12,9,8,-12,-1,None
0,2,21,-3,-11,-13,-4,-2,-1,1,12,9,8,-12,-1,None
0,2,21,-3,-11,-13,-4,-2,-1,1,12,9,8,-12,0,None
0,1,-3,-2,-21,-40,-2,-2,-3,1,12,9,8,-12,0,None
0,1,-8,-5,-26,-2,-4,-1,1,1,12,9,8,-12,0,None
0,-1,3,-1,24,1,-3,-2,0,1,12,9,8,-12,0,None
0,1,28,0,-3,0,-2,-2,-3,1,12,9,8,-12,0,None
0,1,28,0,-3,0,-2,-2,-3,1,12,9,8,-12,0,None
0,1,28,0,-3,0,-2,-2,-3,1,12,9,8,-12,0,None
0,-3,-9,-4,-28,14,-1,-1,-3,1,12,9,8,-12,0,None
0,-1,-6,0,-9,-13,-1,-2,-2,1,12,9,8,-12,0,None
0,-2,3,-3,7,17,-1,-2,-2,1,12,9,8,-12,0,None
0,-3,-3,-3,-11,8,-1,-3,-2,1,12,9,8,-12,0,None
0,-3,-3,-3,-11,8,-1,-3,-2,1,12,9,8,-12,0,None
0,-3,-3,-3,-11,8,-1,-3,-2,1,12,9,8,-12,-1,None
0,-2,0,-3,-14,0,-2,-1,-2,1,12,9,8,-12,-1,None
0,-1,-3,-3,15,-3,-4,-3,-3,1,12,9,8,-12,-1,None
0,-2,6,-1,18,18,1,-1,0,1,12,9,8,-12,-1,None
0,-2,-14,-3,-8,-5,-1,-1,-1,1,12,9,8,-12,-1,None
0,-2,-14,-3,-8,-5,-1,-1,-1,1,12,9,8,-12,-1,None
0,-2,-14,-3,-8,-5,-1,-1,-1,1,12,9,8,-12,-1,None
0,-1,4,-3,10,25,1,0,1,1,12,9,8,-12,-1,None
0,0,-2,-6,-21,-46,-6,-1,-1,1,12,9,8,-12,-1,None
0,-2,2,0,39,45,2,-2,-2,1,12,9,8,-12,-1,None
0,-2,-7,-1,-22,-6,0,-1,-3,1,12,9,8,-12,-1,None
0,-2,-7,-1,-22,-6,0,-1,-3,1,12,9,8,-12,-1,None
0,-2,-7,-1,-22,-6,0,-1,-3,1,12,9,8,-12,-1,None
0,-2,-2,-7,-18,-12,-5,-3,-2,1,12,9,8,-12,-1,None
0,-1,3,-1,10,5,1,-1,-2,1,12,9,8,-12,-1,None
0,-1,0,0,-4,-5,-3,-1,-1,1,12,9,8,-12,-1,None
0,-1,-5,-5,-3,-5,-4,-2,-1,1,12,9,8,-12,-1,None
0,-1,-5,-5,-3,-5,-4,-2,-1,1,12,9,8,-12,-1,None
0,-1,-5,-5,-3,-5,-4,-2,-1,1,12,9,8,-12,-1,None
0,-1,2,-1,4,6,1,-2,-1,1,12,9,8,-12,-1,None
0,-2,-3,-2,0,4,-1,-1,-2,1,12,9,8,-12,-1,None
0,-2,2,-3,1,-9,-2,-2,-2,1,12,9,8,-12,-1,None
0,-1,-3,-4,-3,3,-2,-3,-2,1,12,9,8,-12,-1,None
0,-1,-3,-4,-3,3,-2,-3,-2,1,12,9,8,-12,-1,None
0,-1,-3,-4,-3,3,-2,-3,-2,1,12,9,8,-12,-1,None
0,2,15,3,0,0,1,0,-1,1,12,9,8,-12,-1,None
0,-3,-13,-7,4,20,-1,0,0,1,12,9,8,-12,-1,None
0,0,2,3,20,-10,-1,0,-1,1,12,9,8,-12,-1,None
0,-3,-2,-3,10,13,1,-1,-2,1,12,9,8,-12,-1,None
0,-3,-2,-3,10,13,1,-1,-2,1,12,9,8,-12,-1,None
0,-3,-2,-3,10,13,1,-1,-2,1,12,9,8,-12,-1,None
0,4,25,1,-1,5,0,-3,-1,1,12,9,8,-12,-1,None
0,-3,-32,-4,3,3,-1,-1,0,1,12,9,8,-12,-1,None
0,-3,1,-2,-4,-5,-1,-2,0,1,12,9,8,-12,-1,None
0,0,-3,-2,-8,-9,-3,-1,-1,1,12,9,8,-12,-1,None
0,0,-3,-2,-8,-9,-3,-1,-1,1,12,9,8,-12,-1,None
0,0,-3,-2,-8,-9,-3,-1,-1,1,12,9,8,-12,-1,None
0,-3,-4,-6,2,-1,-2,-1,-2,1,12,9,8,-12,-1,None
0,0,18,2,3,6,0,-2,-2,1,12,9,8,-12,-1,None
0,1,-27,19,-5,-6,-1,-3,-1,1,12,9,8,-12,-1,None
0,-3,4,0,-20,-9,0,-2,-1,1,12,9,8,-12,-1,None
0,-3,4,0,-20,-9,0,-2,-1,1,12,9,8,-12,-1,None
0,-3,4,0,-20,-9,0,-2,-1,1,12,9,8,-12,-1,None
0,-4,-8,-4,2,10,1,0,0,1,12,9,8,-12,-1,None
0,1,8,0,-3,-1,0,0,-3,1,12,9,8,-12,-1,None
0,-1,7,-6,-13,0,-1,-1,-1,1,12,9,8,-12,-1,None
0,0,-2,-4,3,-6,-2,0,-2,1,12,9,8,-12,-1,None
0,0,-2,-4,3,-6,-2,0,-2,1,12,9,8,-12,-1,None
0,0,-2,-4,3,-6,-2,0,-2,1,12,9,8,-12,-1,None
0,-2,-4,3,-3,-13,-4,-1,-1,1,12,9,8,-12,-1,None
0,-3,18,0,3,22,2,-1,-2,1,12,9,8,-12,-1,None
0,-2,-17,-6,-4,-2,2,0,-1,1,12,9,8,-12,-1,None
0,-3,-3,-4,4,2,-1,-2,0,1,12,9,8,-12,-1,None
0,-3,-3,-4,4,2,-1,-2,0,1,12,9,8,-12,-1,None
0,-3,-3,-4,4,2,-1,-2,0,1,12,9,8,-12,-1,None
0,-2,-2,-4,2,-1,-2,-1,0,1,12,9,8,-12,-1,None
0,0,1,-1,0,-6,-3,-1,-1,1,12,9,8,-12,-1,None
0,-2,10,-7,0,3,0,-1,-1,1,12,9,8,-12,-1,None
0,0,0,-1,-4,2,-1,-1,-1,1,12,9,8,-12,-1,None
0,0,0,-1,-4,2,-1,-1,-1,1,12,9,8,-12,-1,None
0,0,0,-1,-4,2,-1,-1,-1,1,12,9,8,-12,-1,None
0,-3,-14,-1,17,3,0,-1,-1,1,12,9,8,-12,-1,None
0,3,12,-3,-23,-7,-2,-2,-2,1,12,9,8,-12,-1,None
0,2,29,-3,-12,0,-3,-2,-3,1,12,9,8,-12,-1,None
0,-2,-21,-3,14,10,0,-2,-2,1,12,9,8,-12,-1,None
0,-2,-21,-3,14,10,0,-2,-2,1,12,9,8,-12,-1,None
0,-2,-21,-3,14,10,0,-2,-2,1,12,9,8,-12,-1,None
0,-2,-1,-1,-3,7,0,0,0,1,12,9,8,-12,-1,None
0,-1,-6,-2,-6,-7,-1,-1,-1,1,12,9,8,-12,-1,None
0,0,11,-3,7,1,-1,0,-1,1,12,9,8,-12,-1,None
0,-2,7,-2,-4,-5,-2,-3,-1,1,12,9,8,-12,-1,None
0,-2,7,-2,-4,-5,-2,-3,-1,1,12,9,8,-12,-1,None
0,-2,7,-2,-4,-5,-2,-3,-1,1,12,9,8,-12,-1,None
0,0,2,-3,1,4,-2,-2,-2,1,12,9,8,-12,-1,None
0,0,-2,-1,8,2,0,-3,-2,1,12,9,8,-12,-1,None
0,-2,-3,-3,2,-1,-1,-1,-2,1,12,9,8,-12,-1,None
0,-1,1,-2,2,1,0,-2,-2,1,12,9,8,-12,-1,None
0,-1,1,-2,2,1,0,-2,-2,1,12,9,8,-12,-1,None
0,-1,1,-2,2,1,0,-2,-2,1,12,9,8,-12,-1,None
0,-2,4,5,-8,-2,0,-2,-1,1,12,9,8,-12,-1,None
0,2,21,1,26,16,2,3,3,1,12,9,8,-12,-1,None
0,-9,-21,4,6,-16,-7,-6,-5,1,12,9,8,-12,-1,None
0,0,0,-4,-11,16,2,-1,-2,1,12,9,8,-12,-1,None
0,0,0,-4,-11,16,2,-1,-2,1,12,9,8,-12,-1,None
0,0,0,-4,-11,16,2,-1,-2,1,12,9,8,-12,-1,None
0,0,0,0,-2,4,-1,-1,-1,1,12,9,8,-12,-1,None
0,-1,7,-3,3,-7,-1,0,-1,1,12,9,8,-12,-1,None
0,1,4,-5,-1,2,1,0,1,1,12,9,8,-12,-1,None
0,-1,1,2,0,-5,-1,0,-1,1,12,9,8,-12,-1,None
0,-1,1,2,0,-5,-1,0,-1,1,12,9,8,-12,-1,None
0,-1,1,2,0,-5,-1,0,-1,1,12,9,8,-12,-1,None
0,-2,1,-7,-4,-7,-2,-2,-2,1,12,9,8,-12,-1,None
0,-2,-10,-2,-5,-1,-2,-2,-2,1,12,9,8,-12,-1,None
0,0,-1,-2,4,5,0,0,0,1,12,9,8,-12,-1,None
0,-2,0,-3,-7,-8,-1,-2,-1,1,12,9,8,-12,-1,None
0,-2,0,-3,-7,-8,-1,-2,-1,1,12,9,8,-12,-1,None
0,-2,0,-3,-7,-8,-1,-2,-1,1,12,9,8,-12,-1,None
0,-1,-1,-4,0,5,0,-1,-3,1,12,9,8,-12,-1,None
0,-2,-8,-1,-5,-5,-1,-3,-2,1,12,9,8,-12,-1,None
0,-2,1,-2,-2,6,-1,-1,-2,1,12,9,8,-12,-1,None
0,-1,9,-3,0,-2,-1,-1,-1,1,12,9,8,-12,-1,None
0,-1,9,-3,0,-2,-1,-1,-1,1,12,9,8,-12,-1,None
0,-1,9,-3,0,-2,-1,-1,-1,1,12,9,8,-12,-1,None
0,0,0,-2,2,-2,-1,-2,-1,1,12,9,8,-12,-1,None
0,-2,-6,-2,-26,-4,-1,0,-1,1,12,9,8,-12,-1,None
0,-2,3,-5,8,4,0,-1,0,1,12,9,8,-12,-1,None
0,-2,-3,-1,-2,5,-1,-1,-2,1,12,9,8,-12,-1,None
0,-2,-3,-1,-2,5,-1,-1,-2,1,12,9,8,-12,-1,None
0,-2,-3,-1,-2,5,-1,-1,-2,1,12,9,8,-12,-1,None
0,-2,-3,-4,-9,-6,-1,-1,-1,1,12,9,8,-12,-1,None
0,-1,-3,-2,2,-2,-2,-3,-3,1,12,9,8,-12,-1,None
0,0,5,-2,-6,2,1,0,-1,1,12,9,8,-12,-1,None
0,7,11,-2,0,-5,-3,-1,-2,1,12,9,8,-12,-1,None
0,7,11,-2,0,-5,-3,-1,-2,1,12,9,8,-12,-1,None
0,7,11,-2,0,-5,-3,-1,-2,1,12,9,8,-12,-1,None
0,-2,-1,-1,9,4,0,-2,-2,1,12,9,8,-12,-1,None
0,0,0,-2,1,2,-2,0,-1,1,12,9,8,-12,-1,None
0,0,-1,-1,-5,6,-2,-2,-1,1,12,9,8,-12,-1,None
0,-1,2,0,7,2,0,-1,0,1,12,9,8,-12,-1,None
0,-1,2,0,7,2,0,-1,0,1,12,9,8,-12,-1,None
0,-1,2,0,7,2,0,-1,0,1,12,9,8,-12,-1,None
0,-2,-7,4,-11,-4,-2,-1,0,1,12,9,8,-12,-1,None
0,0,36,-6,8,0,-1,-1,-3,1,12,9,8,-12,-1,None
0,0,-7,-4,-7,-1,-2,-3,-2,1,12,9,8,-12,-1,None
0,-5,-2,-2,5,0,-2,-3,-1,1,12,9,8,-12,-1,None
0,-5,-2,-2,5,0,-2,-3,-1,1,12,9,8,-12,-1,None
0,-5,-2,-2,5,0,-2,-3,-1,1,12,9,8,-12,-1,None
0,2,-3,0,1,4,-1,-2,-5,1,12,9,8,-12,-1,None
0,-2,-3,0,1,-1,-1,-2,1,1,12,9,8,-12,-1,None
0,0,4,-2,2,0,1,-1,0,1,12,9,8,-12,-1,None
0,-3,0,-4,-1,1,0,-1,-2,1,12,9,8,-12,-1,None
0,-3,0,-4,-1,1,0,-1,-2,1,12,9,8,-12,-1,None
0,-3,0,-4,-1,1,0,-1,-2,1,12,9,8,-12,-1,None
0,-1,0,-3,-10,-4,0,0,0,1,12,9,8,-12,-1,None
0,4,7,-5,-29,-7,-2,-5,-3,1,12,9,8,-12,-1,None
0,-3,-8,0,5,7,-1,0,-2,1,12,9,8,-12,-1,None
0,-6,-14,-2,-10,-3,-1,-1,-1,1,12,9,8,-12,-1,None
0,-6,-14,-2,-10,-3,-1,-1,-1,1,12,9,8,-12,-1,None
0,-6,-14,-2,-10,-3,-1,-1,-1,1,12,9,8,-12,-1,None
0,-2,4,-3,3,2,-1,-2,-1,1,12,9,8,-12,-1,None
0,-1,-6,-1,7,-2,-1,0,0,1,12,9,8,-12,-1,None
0,0,2,-2,-2,-4,-2,0,-1,1,12,9,8,-12,-1,None
0,1,4,-1,-4,-5,-3,-1,-3,1,12,9,8,-12,-1,None
0,1,4,-1,-4,-5,-3,-1,-3,1,12,9,8,-12,-1,None
0,1,4,-1,-4,-5,-3,-1,-3,1,12,9,8,-12,-1,None
0,-2,0,-3,9,5,-2,-1,0,1,12,9,8,-12,-1,None
0,-4,-8,-1,2,2,-1,-2,-1,1,12,9,8,-12,-1,None
0,0,3,-3,-2,1,-1,-1,-2,1,12,9,8,-12,-1,None
0,-2,0,-1,7,1,-1,-1,-1,1,12,9,8,-12,-1,None
0,-2,0,-1,7,1,-1,-1,-1,1,12,9,8,-12,-1,None
0,-2,0,-1,7,1,-1,-1,-1,1,12,9,8,-12,-1,None
0,-2,9,-1,-5,2,-2,-2,0,1,12,9,8,-12,-1,None
0,-2,-7,-10,24,3,-1,-2,-3,1,12,9,8,-12,-1,None
0,0,-32,1,-12,5,-1,0,-1,1,12,9,8,-12,-1,None
0,0,2,-5,-2,-9,-3,-2,-1,1,12,9,8,-12,-1,None
0,0,2,-5,-2,-9,-3,-2,-1,1,12,9,8,-12,-1,None
0,0,2,-5,-2,-9,-3,-2,-1,1,12,9,8,-12,-1,None
0,-2,-3,-3,-12,-1,-1,-3,-1,1,12,9,8,-12,-1,None
0,-3,-4,2,5,3,-1,0,-2,1,12,9,8,-12,-1,None
0,-1,12,0,6,1,0,-1,-2,1,12,9,8,-12,-1,None
0,-1,0,-2,-1,-2,-1,-2,-2,1,12,9,8,-12,-1,None
0,-1,0,-2,-1,-2,-1,-2,-2,1,12,9,8,-12,-1,None
0,-1,0,-2,-1,-2,-1,-2,-2,1,12,9,8,-12,-1,None
0,-2,-3,-2,3,2,-2,-1,-2,1,12,9,8,-12,-1,None
0,-1,-4,0,-1,-1,-1,-3,-1,1,12,9,8,-12,-1,None
0,-1,7,-2,0,-2,-1,-2,-1,1,12,9,8,-12,-1,None
0,-1,-1,-1,-7,3,-2,-1,-1,1,12,9,8,-12,-1,None
0,-1,-1,-1,-7,3,-2,-1,-1,1,12,9,8,-12,-1,None
0,-1,-1,-1,-7,3,-2,-1,-1,1,12,9,8,-12,-1,None
0,-3,3,-4,4,0,0,-3,-1,1,12,9,8,-12,-1,None
0,0,1,0,-8,3,0,-1,-1,1,12,9,8,-12,-1,None
0,-6,2,-1,4,-2,-2,-1,0,1,12,9,8,-12,-1,None
0,-1,7,4,14,7,0,-1,-1,1,12,9,8,-12,-1,None
0,-1,7,4,14,7,0,-1,-1,1,12,9,8,-12,-1,None
0,-1,7,4,14,7,0,-1,-1,1,12,9,8,-12,-1,None
0,-3,-4,-13,-30,-12,-1,-1,0,1,12,9,8,-12,-1,None
0,-2,-5,-1,-3,0,-2,-1,-2,1,12,9,8,-12,-1,None
0,-2,4,-2,5,6,-1,0,-1,1,12,9,8,-12,-1,None
0,-2,0,-2,-2,3,1,-1,-1,1,12,9,8,-12,-1,None
0,-2,0,-2,-2,3,1,-1,-1,1,12,9,8,-12,-1,None
0,-2,0,-2,-2,3,1,-1,-1,1,12,9,8,-12,-1,None
0,2,3,2,12,-2,-1,-1,-2,1,12,9,8,-12,-1,None
0,-1,-2,0,-7,-3,-1,-1,-1,1,12,9,8,-12,-1,None
0,0,7,-4,-6,-5,-2,-3,-2,1,12,9,8,-12,-1,None
0,-2,0,-1,0,1,-1,-1,-1,1,12,9,8,-12,-1,None
0,-2,0,-1,0,1,-1,-1,-1,1,12,9,8,-12,-1,None
0,-2,0,-1,0,1,-1,-1,-1,1,12,9,8,-12,-1,None
0,1,1,-1,2,5,0,-2,-1,1,12,9,8,-12,-1,None
0,-1,-2,-3,-3,1,-2,-2,0,1,12,9,8,-12,-1,None
0,-2,2,-2,3,2,-1,-1,0,1,12,9,8,-12,-1,None
0,0,-3,-3,-4,-3,-2,0,-1,1,12,9,8,-12,-1,None
0,0,-3,-3,-4,-3,-2,0,-1,1,12,9,8,-12,-1,None
0,0,-3,-3,-4,-3,-2,0,-1,1,12,9,8,-12,-1,None
0,-4,-2,0,2,2,-3,-2,-2,1,12,9,8,-12,-1,None
0,2,11,-1,18,6,3,0,1,1,12,9,8,-12,-1,None
0,-3,1,-6,17,-14,-6,-5,-3,1,12,9,8,-12,-1,None
0,3,-8,0,-3,-1,2,0,-1,1,12,9,8,-12,-1,None
0,3,-8,0,-3,-1,2,0,-1,1,12,9,8,-12,-1,None
0,3,-8,0,-3,-1,2,0,-1,1,12,9,8,-12,-1,None
0,-4,2,-3,8,5,0,-3,-2,1,12,9,8,-12,-1,None
0,-2,3,1,3,1,0,-1,-2,1,12,9,8,-12,-1,None
0,0,3,-2,-5,-1,1,1,-2,1,12,9,8,-12,-1,None
0,-2,-2,-4,-3,-3,-2,-1,-1,1,12,9,8,-12,-1,None
0,-2,-2,-4,-3,-3,-2,-1,-1,1,12,9,8,-12,-1,None
0,-2,-2,-4,-3,-3,-2,-1,-1,1,12,9,8,-12,-1,None
0,1,3,1,8,0,-1,0,0,1,12,9,8,-12,-1,None
0,-2,-4,-2,-9,-3,-2,-1,-2,1,12,9,8,-12,-1,None
0,1,1,-2,-3,2,-2,-1,0,1,12,9,8,-12,-1,None
0,-1,3,-3,-3,-1,-3,-1,-2,1,12,9,8,-12,-1,None
0,-1,3,-3,-3,-1,-3,-1,-2,1,12,9,8,-12,-1,None
0,-1,3,-3,-3,-1,-3,-1,-2,1,12,9,8,-12,-1,None
0,0,-5,-1,-3,2,-1,0,0,1,12,9,8,-12,-1,None
0,-1,-2,-4,-4,0,-3,-3,-2,1,12,9,8,-12,-1,None
0,-2,-3,-2,-7,2,-1,-2,-1,1,12,9,8,-12,-1,None
0,-1,9,-1,1,1,-1,-1,0,1,12,9,8,-12,-1,None
0,-1,9,-1,1,1,-1,-1,0,1,12,9,8,-12,-1,None
0,-1,9,-1,1,1,-1,-1,0,1,12,9,8,-12,-1,None
0,11,14,3,14,5,0,-1,-1,1,12,9,8,-12,-1,None
0,-6,-10,-5,-31,-14,-2,-3,-2,1,12,9,8,-12,-1,None
0,0,3,-2,0,9,1,-2,-1,1,12,9,8,-12,-1,None
0,-2,2,0,-3,1,-1,0,-1,1,12,9,8,-12,-1,None
0,-2,2,0,-3,1,-1,0,-1,1,12,9,8,-12,-1,None
0,-2,2,0,-3,1,-1,0,-1,1,12,9,8,-12,-1,None
0,-5,-10,-2,2,-2,-1,-1,-1,1,12,9,8,-12,-1,None
0,0,6,-2,8,1,0,-2,0,1,12,9,8,-12,-1,None
0,1,3,1,-7,-2,2,-1,-2,1,12,9,8,-12,-1,None
0,-2,-3,-3,-6,0,-3,-2,-2,1,12,9,8,-12,-1,None
0,-2,-3,-3,-6,0,-3,-2,-2,1,12,9,8,-12,-1,None
0,-2,-3,-3,-6,0,-3,-2,-2,1,12,9,8,-12,-1,None
0,-1,7,-3,-2,2,-2,-1,-2,1,12,9,8,-12,-1,None
0,-2,-6,0,6,4,-2,0,0,1,12,9,8,-12,-1,None
0,-2,5,-3,-6,-1,-2,0,-2,1,12,9,8,-12,-1,None
0,0,1,-3,12,3,0,-3,-2,1,12,9,8,-12,-1,None
0,0,1,-3,12,3,0,-3,-2,1,12,9,8,-12,-1,None
0,0,1,-3,12,3,0,-3,-2,1,12,9,8,-12,-1,None
0,-1,-3,-2,-6,-5,-1,-2,-2,1,12,9,8,-12,-1,None
0,0,-3,0,4,3,0,-2,-3,1,12,9,8,-12,-1,None
0,-1,-7,-2,3,-1,-1,-1,-2,1,12,9,8,-12,-1,None
0,-2,2,-3,-4,0,0,-1,-1,1,12,9,8,-12,-1,None
0,-2,2,-3,-4,0,0,-1,-1,1,12,9,8,-12,-1,None
0,-2,2,-3,-4,0,0,-1,-1,1,12,9,8,-12,-1,None
0,-1,0,-2,-6,-1,0,-1,0,1,12,9,8,-12,-1,None
0,-2,-1,-3,-2,0,-1,-1,-1,1,12,9,8,-12,-1,None
0,-2,5,-2,1,0,-2,-2,-2,1,12,9,8,-12,-1,None
0,3,3,-1,0,0,-1,-1,-1,1,12,9,8,-12,-1,None
0,3,3,-1,0,0,-1,-1,-1,1,12,9,8,-12,-1,None
0,3,3,-1,0,0,-1,-1,-1,1,12,9,8,-12,-1,None
0,-2,-3,-3,2,1,0,-3,-1,1,12,9,8,-12,-1,None
0,1,1,2,-4,-1,-1,-1,1,1,12,9,8,-12,-1,None
0,-3,-2,-4,-4,4,-5,-3,-2,1,12,9,8,-12,-1,None
0,-2,-3,4,-4,2,-2,-3,-2,1,12,9,8,-12,-1,None
0,-2,-3,4,-4,2,-2,-3,-2,1,12,9,8,-12,-1,None
0,-2,-3,4,-4,2,-2,-3,-2,1,12,9,8,-12,-1,None
0,-3,9,-12,-6,2,-1,0,-3,1,12,9,8,-12,-1,None
0,-1,-5,-2,7,-3,-1,-1,-3,1,12,9,8,-12,-1,None
0,0,2,2,-5,1,0,0,-1,1,12,9,8,-12,-1,None
0,-4,-4,-3,-6,-2,-2,-3,-2,1,12,9,8,-12,-1,None
0,-4,-4,-3,-6,-2,-2,-3,-2,1,12,9,8,-12,-1,None
0,-4,-4,-3,-6,-2,-2,-3,-2,1,12,9,8,-12,-1,None
0,-1,6,1,-2,-1,-1,-2,0,1,12,9,8,-12,-1,None
0,-2,4,0,-3,2,-1,-1,-1,1,12,9,8,-12,-1,None
0,1,-7,-6,6,-3,0,-1,-1,1,12,9,8,-12,-1,None
0,1,2,-2,-1,-1,0,-1,-2,1,12,9,8,-12,-1,None
0,1,2,-2,-1,-1,0,-1,-2,1,12,9,8,-12,-1,None
0,1,2,-2,-1,-1,0,-1,-2,1,12,9,8,-12,-1,None
0,-4,-6,-1,-2,2,1,-1,-2,1,12,9,8,-12,-1,None
0,-2,0,-3,10,5,-1,-3,-3,1,12,9,8,-12,-1,None
0,-1,-4,0,0,6,0,-1,-1,1,12,9,8,-12,-1,None
0,-2,1,-1,6,3,0,-1,-1,1,12,9,8,-12,-1,None
0,-2,1,-1,6,3,0,-1,-1,1,12,9,8,-12,-1,None
0,-2,1,-1,6,3,0,-1,-1,1,12,9,8,-12,-1,None
0,1,-2,0,-2,-4,-1,-1,-1,1,12,9,8,-12,-1,None
0,-2,-2,-1,5,3,-1,-1,-1,1,12,9,8,-12,-1,None
0,-2,6,-1,0,-1,-2,-1,-2,1,12,9,8,-12,-1,None
0,2,-2,-4,-7,-3,0,-1,0,1,12,9,8,-12,-1,None
0,2,-2,-4,-7,-3,0,-1,0,1,12,9,8,-12,-1,None
0,2,-2,-4,-7,-3,0,-1,0,1,12,9,8,-12,-1,None
0,-4,15,4,2,2,-1,-2,-1,1,12,9,8,-12,-1,None
0,0,16,0,6,-1,-2,-3,0,1,12,9,8,-12,-1,None
0,2,-10,1,6,-5,-1,0,1,1,12,9,8,-12,-1,None
0,-1,2,-2,10,7,0,0,-1,1,12,9,8,-12,-1,None
0,-1,2,-2,10,7,0,0,-1,1,12,9,8,-12,-1,None
0,-1,2,-2,10,7,0,0,-1,1,12,9,8,-12,-1,None
0,-3,-7,-1,-6,-5,-2,-4,-3,1,12,9,8,-12,-1,None
0,0,9,-3,-11,3,1,0,-2,1,12,9,8,-12,-1,None
0,-3,6,-1,-3,-2,0,0,-2,1,12,9,8,-12,-1,None
0,-3,-4,-1,4,-2,-2,-2,0,1,12,9,8,-12,-1,None
0,-3,-4,-1,4,-2,-2,-2,0,1,12,9,8,-12,-1,None
0,-3,-4,-1,4,-2,-2,-2,0,1,12,9,8,-12,-1,None
0,0,-2,-2,7,3,-2,-1,-2,1,12,9,8,-12,-1,None
0,-4,-6,-3,-5,-2,-1,-2,-1,1,12,9,8,-12,-1,None
0,4,-7,-3,-6,-1,-1,-3,-1,1,12,9,8,-12,-1,None
0,-7,11,-1,-10,-2,-2,-1,-3,1,12,9,8,-12,-1,None
0,-7,11,-1,-10,-2,-2,-1,-3,1,12,9,8,-12,-1,None
0,-7,11,-1,-10,-2,-2,-1,-3,1,12,9,8,-12,-1,None
0,4,-1,2,9,1,2,1,-1,1,12,9,8,-12,-1,None
0,-3,-7,-5,-8,-6,-3,-3,-4,1,12,9,8,-12,-1,None
0,-4,2,1,9,3,1,-1,-1,1,12,9,8,-12,-1,None
0,-1,2,-4,-24,2,-2,-1,-1,1,12,9,8,-12,-1,None
0,-1,2,-4,-24,2,-2,-1,-1,1,12,9,8,-12,-1,None
0,-1,2,-4,-24,2,-2,-1,-1,1,12,9,8,-12,-1,None
0,-2,-4,-2,-3,-2,-2,-2,-1,1,12,9,8,-12,-1,None
0,0,0,1,4,2,-1,-1,-1,1,12,9,8,-12,-1,None
0,0,6,-2,-1,0,-2,-2,-2,1,12,9,8,-12,-1,None
0,-1,-3,-5,2,-4,-1,0,-1,1,12,9,8,-12,-1,None
0,-1,-3,-5,2,-4,-1,0,-1,1,12,9,8,-12,-1,None
0,-1,-3,-5,2,-4,-1,0,-1,1,12,9,8,-12,-1,None
0,-2,-2,-3,-2,1,-1,-2,-2,1,12,9,8,-12,-1,None
0,-2,-5,-3,-3,1,-1,-1,0,1,12,9,8,-12,-1,None
0,0,20,-2,-5,0,-1,-2,-1,1,12,9,8,-12,-1,None
0,5,-4,4,4,3,-1,-1,-1,1,12,9,8,-12,-1,None
0,5,-4,4,4,3,-1,-1,-1,1,12,9,8,-12,-1,None
0,5,-4,4,4,3,-1,-1,-1,1,12,9,8,-12,-1,None
0,-2,-1,-9,6,5,1,-1,-2,1,12,9,8,-12,-1,None
0,-1,0,0,6,-2,-2,-3,-2,1,12,9,8,-12,-1,None
0,-3,1,-2,-13,-1,0,-1,-1,1,12,9,8,-12,-1,None
0,-3,-1,-1,7,2,0,-1,0,1,12,9,8,-12,-1,None
0,-3,-1,-1,7,2,0,-1,0,1,12,9,8,-12,-1,None
0,-3,-1,-1,7,2,0,-1,0,1,12,9,8,-12,-1,None
0,0,-1,-1,-4,-1,-2,-1,-1,1,12,9,8,-12,-1,None
0,0,3,-2,-4,-1,-1,0,-1,1,12,9,8,-12,-1,None
0,-3,-3,-4,2,1,-3,-1,-2,1,12,9,8,-12,-1,None
0,-3,-2,-5,-4,-4,-2,-1,-2,1,12,9,8,-12,-1,None
0,-3,-2,-5,-4,-4,-2,-1,-2,1,12,9,8,-12,-1,None
0,-3,-2,-5,-4,-4,-2,-1,-2,1,12,9,8,-12,-1,None
0,-3,-5,-2,-5,1,-2,-1,-1,1,12,9,8,-12,-1,None
0,4,12,-2,8,5,0,-1,-2,1,12,9,8,-12,-1,None
0,-9,1,1,-18,-14,0,1,-2,1,12,9,8,-12,-1,None
0,-2,8,-6,7,5,-3,-3,-2,1,12,9,8,-12,-1,None
0,-2,8,-6,7,5,-3,-3,-2,1,12,9,8,-12,-1,None
0,-2,8,-6,7,5,-3,-3,-2,1,12,9,8,-12,-1,None
0,-4,-23,-4,-16,-4,-3,-2,-3,1,12,9,8,-12,-1,None
