0,-3,-2,-7,-6,-1,3,-5,-8,1,12,9,10,-16,-4,None
0,1,-4,-3,0,6,12,-7,10,1,12,9,10,-16,-4,None
0,-4,-3,-2,5,5,-11,-29,-15,1,12,9,10,-16,-4,None
0,-4,-3,-2,5,5,-11,-29,-15,1,12,9,10,-16,-4,None
0,-4,-3,-2,5,5,-11,-29,-15,1,12,9,7,-15,-4,None
0,-2,1,-1,1,-11,-12,12,-10,1,12,9,7,-15,-4,None
0,3,3,-3,12,19,-31,0,18,1,12,9,7,-15,-4,None
0,-1,-2,2,-10,5,57,14,3,1,12,9,7,-15,-4,None
0,-3,1,2,4,6,-72,-17,-9,1,12,9,7,-15,-4,None
0,-3,1,2,4,6,-72,-17,-9,1,12,9,7,-15,-4,None
0,-3,1,2,4,6,-72,-17,-9,1,12,9,5,-13,-4,None
0,-4,-2,1,1,5,76,6,-1,1,12,9,5,-13,-4,None
0,-1,2,6,-17,-10,-12,15,-4,1,12,9,5,-13,-4,None
0,-3,-2,2,3,2,1,-65,-10,1,12,9,5,-13,-4,None
0,-1,-1,-1,-9,7,-22,77,1,1,12,9,5,-13,-4,None
0,-1,-1,-1,-9,7,-22,77,1,1,12,9,5,-13,-4,None
0,-1,-1,-1,-9,7,-22,77,1,1,12,9,3,-13,-4,None
0,-3,2,3,17,-12,-4,-27,3,1,12,9,3,-13,-4,None
0,-4,1,9,-34,-1,14,14,1,1,12,9,3,-13,-4,None
0,-5,-2,-15,16,3,-20,-29,-5,1,12,9,3,-13,-4,None
0,-4,1,-5,-22,-11,-7,-12,-9,1,12,9,3,-13,-4,None
0,-4,1,-5,-22,-11,-7,-12,-9,0,12,9,3,-13,-4,None
0,-4,1,-5,-22,-11,-7,-12,-9,0,12,9,2,-14,-4,None
0,-1,3,6,-14,0,-28,-4,8,0,12,9,2,-14,-4,None
0,-2,0,-1,16,10,44,25,-10,0,12,9,2,-14,-4,None
0,2,4,6,18,1,2,-4,17,0,12,9,2,-14,-4,None
0,-2,-1,-1,-83,-6,17,19,7,0,12,9,2,-14,-4,None
0,-2,-1,-1,-83,-6,17,19,7,0,12,9,2,-14,-4,None
0,-2,-1,-1,-83,-6,17,19,7,0,12,9,1,-15,-4,None
0,-1,1,1,24,15,-13,2,-5,0,12,9,1,-15,-4,None
0,-7,-2,-2,-1,-13,-4,-41,-10,0,12,9,1,-15,-4,None
0,2,2,-6,0,-2,-39,3,-3,0,12,9,1,-15,-4,None
0,0,0,-1,21,2,47,39,12,0,12,9,1,-15,-4,None
0,0,0,-1,21,2,47,39,12,0,12,9,1,-15,-4,None
0,0,0,-1,21,2,47,39,12,0,12,9,0,-15,-4,None
0,-2,2,6,-8,3,2,-27,-6,0,12,9,0,-15,-4,None
0,-2,1,1,-13,-5,-20,-10,-6,0,12,9,0,-15,-4,None
0,-2,-3,-11,-25,-2,3,13,0,0,12,9,0,-15,-4,None
0,-4,2,6,-4,-14,-8,-20,-16,0,12,9,0,-15,-4,None
0,-4,2,6,-4,-14,-8,-20,-16,0,12,8,0,-15,-4,None
0,-4,2,6,-4,-14,-8,-20,-16,0,12,8,0,-14,-4,None
0,-1,1,-3,-7,-3,-33,-23,-2,0,12,8,0,-14,-4,None
0,2,1,-2,26,21,33,17,4,0,12,8,0,-14,-4,None
0,-3,-6,-24,-14,5,-15,6,-8,0,12,8,0,-14,-4,None
0,-1,3,-1,56,-6,1,-35,-2,0,12,8,0,-14,-4,None
0,-1,3,-1,56,-6,1,-35,-2,0,12,8,0,-14,-4,None
0,-1,3,-1,56,-6,1,-35,-2,0,12,8,-1,-13,-4,None
0,-3,-4,-6,21,5,10,34,-4,0,12,8,-1,-13,-4,None
0,-2,-3,-18,-53,-6,-36,-11,-13,0,12,8,-1,-13,-4,None
0,1,5,15,-12,13,27,23,19,0,12,8,-1,-13,-4,None
0,1,1,-9,-23,-13,1,-19,-3,0,12,8,-1,-13,-4,None
0,1,1,-9,-23,-13,1,-19,-3,0,12,8,-1,-13,-4,None
0,1,1,-9,-23,-13,1,-19,-3,0,12,8,-1,-13,-4,None
0,0,0,-3,15,9,-14,-2,0,0,12,8,-1,-13,-4,None
0,-4,-2,5,31,-9,-3,0,-31,0,12,8,-1,-13,-4,None
0,-5,-1,2,17,-12,1,-13,15,0,12,8,-1,-13,-4,None
0,1,0,0,-18,23,1,11,8,0,12,8,-1,-13,-4,None
0,1,0,0,-18,23,1,11,8,17,12,8,-1,-13,-4,None
0,1,0,0,-18,23,1,11,8,17,12,8,-1,-13,-4,None
0,0,2,1,8,-1,1,2,11,17,12,8,-1,-13,-4,None
0,-1,0,1,36,-8,-24,-9,1,17,12,8,-1,-13,-4,None
0,-1,-1,-4,38,17,14,1,-16,17,12,8,-1,-13,-4,None
0,2,1,-6,22,-17,12,8,30,17,12,8,-1,-13,-4,None
0,2,1,-6,22,-17,12,8,30,17,12,8,-1,-13,-4,None
0,2,1,-6,22,-17,12,8,30,17,12,8,-1,-14,-3,None
0,-3,2,0,-11,-1,-15,-5,-19,17,12,8,-1,-14,-3,None
0,-3,-1,-4,-8,2,-13,-19,-4,17,12,8,-1,-14,-3,None
0,5,3,10,23,13,16,15,-8,17,12,8,-1,-14,-3,None
0,0,2,-2,9,11,-8,-6,-20,17,12,8,-1,-14,-3,None
0,0,2,-2,9,11,-8,-6,-20,17,12,8,-1,-14,-3,None
0,0,2,-2,9,11,-8,-6,-20,17,12,8,-1,-13,-3,None
0,0,-5,-8,-2,-9,-6,-14,8,17,12,8,-1,-13,-3,None
0,-1,1,-5,-3,13,10,22,9,17,12,8,-1,-13,-3,None
0,-4,0,1,-29,-30,-6,-5,7,17,12,8,-1,-13,-3,None
0,-3,-1,3,13,16,-6,-24,-35,17,12,8,-1,-13,-3,None
0,-3,-1,3,13,16,-6,-24,-35,17,12,8,-1,-13,-3,None
0,-3,-1,3,13,16,-6,-24,-35,17,12,8,-2,-12,-3,None
0,4,3,-6,-12,-8,11,17,25,17,12,8,-2,-12,-3,None
0,-2,0,-7,-25,-7,-4,-1,-4,17,12,8,-2,-12,-3,None
0,-1,1,5,-44,5,-7,1,-26,17,12,8,-2,-12,-3,None
0,2,1,9,13,3,-4,-5,16,17,12,8,-2,-12,-3,None
0,2,1,9,13,3,-4,-5,16,17,12,8,-2,-12,-3,None
0,2,1,9,13,3,-4,-5,16,17,12,8,-2,-12,-2,None
0,-5,-5,-7,18,-1,5,-18,-28,17,12,8,-2,-12,-2,None
0,-2,-2,-7,-41,-8,-6,-7,-40,17,12,8,-2,-12,-2,None
0,0,-3,-2,30,9,-2,-5,41,17,12,8,-2,-12,-2,None
0,-4,-1,-3,-4,-10,-20,-12,-22,17,12,8,-2,-12,-2,None
0,-4,-1,-3,-4,-10,-20,-12,-22,17,12,8,-2,-12,-2,None
0,-4,-1,-3,-4,-10,-20,-12,-22,17,12,8,-2,-12,-2,None
0,0,0,-4,-4,16,22,16,-8,17,12,8,-2,-12,-2,None
0,-11,-5,-9,-13,6,-3,-26,11,17,12,8,-2,-12,-2,None
0,14,7,-6,8,-1,2,16,30,17,12,8,-2,-12,-2,None
0,-2,2,-3,-11,13,4,32,12,17,12,8,-2,-12,-2,None
0,-2,2,-3,-11,13,4,32,12,17,12,8,-2,-12,-2,None
0,-2,2,-3,-11,13,4,32,12,17,12,8,-2,-12,-2,None
0,-7,-5,-7,-1,-12,-8,-23,-31,17,12,8,-2,-12,-2,None
0,28,12,1,4,-9,0,-28,-33,17,12,8,-2,-12,-2,None
0,-21,-33,-6,-11,-4,-11,34,38,17,12,8,-2,-12,-2,None
0,7,10,1,36,10,8,27,-10,17,12,8,-2,-12,-2,None
0,7,10,1,36,10,8,27,-10,17,12,7,-2,-12,-2,None
0,7,10,1,36,10,8,27,-10,17,12,7,-2,-12,-3,None
0,-10,-12,-11,-34,2,-3,-33,-81,17,12,7,-2,-12,-3,None
0,9,1,1,26,30,11,4,-89,17,12,7,-2,-12,-3,None
0,8,8,-4,-11,-50,-14,-46,62,17,12,7,-2,-12,-3,None
0,0,15,10,-2,1,0,86,-26,17,12,7,-2,-12,-3,None
0,0,15,10,-2,1,0,86,-26,17,12,7,-2,-12,-3,None
0,0,15,10,-2,1,0,86,-26,17,12,7,-2,-12,-3,None
0,-6,-21,-10,-9,-2,2,-26,18,17,12,7,-2,-12,-3,None
0,-2,6,4,18,8,2,26,87,17,12,7,-2,-12,-3,None
0,4,13,-2,8,15,-4,58,-61,17,12,7,-2,-12,-3,None
0,-19,-35,-15,-26,-5,2,-52,-46,17,12,7,-2,-12,-3,None
0,-19,-35,-15,-26,-5,2,-52,-46,17,12,7,-2,-12,-3,None
0,-19,-35,-15,-26,-5,2,-52,-46,17,12,7,-2,-11,-3,None
0,21,32,8,3,-7,-11,-37,-55,17,12,7,-2,-11,-3,None
0,7,-8,-7,1,-2,10,54,-12,17,12,7,-2,-11,-3,None
0,-3,-2,4,-8,0,-6,-13,45,17,12,7,-2,-11,-3,None
0,7,9,-3,-2,-9,-4,29,2,17,12,7,-2,-11,-3,None
0,7,9,-3,-2,-9,-4,29,2,17,12,7,-2,-11,-3,None
0,7,9,-3,-2,-9,-4,29,2,17,12,7,-3,-11,-4,None
0,16,-3,0,2,7,7,81,67,17,12,7,-3,-11,-4,None
0,-10,12,5,-3,-9,-16,-61,-30,17,12,7,-3,-11,-4,None
0,-6,-22,0,-7,8,8,-17,-51,17,12,7,-3,-11,-4,None
0,-4,-13,-7,-1,2,2,12,-60,17,12,7,-3,-11,-4,None
0,-4,-13,-7,-1,2,2,12,-60,17,12,7,-3,-11,-4,None
0,-4,-13,-7,-1,2,2,12,-60,17,12,7,-1,-12,-4,None
0,1,10,10,-3,-5,-5,32,82,17,12,7,-1,-12,-4,None
0,-5,5,8,13,9,15,6,58,17,12,7,-1,-12,-4,None
0,0,15,2,-7,-10,-9,-17,17,17,12,7,-1,-12,-4,None
0,-43,-38,3,1,-9,-20,-52,45,17,12,7,-1,-12,-4,None
0,-43,-38,3,1,-9,-20,-52,45,17,12,7,-1,-12,-4,None
0,-43,-38,3,1,-9,-20,-52,45,17,12,7,-2,-14,-2,None
0,12,10,16,-1,9,10,-42,-47,17,12,7,-2,-14,-2,None
0,-36,-11,-2,3,-2,-4,36,127,17,12,7,-2,-14,-2,None
0,-11,6,-1,-5,0,-5,-20,-89,17,12,7,-2,-14,-2,None
0,5,7,-5,0,8,1,-68,-31,17,12,7,-2,-14,-2,None
0,5,7,-5,0,8,1,-68,-31,17,12,7,-2,-14,-2,None
0,5,7,-5,0,8,1,-68,-31,17,12,7,-2,-15,-3,None
0,0,12,-6,-8,-9,-1,4,-2,17,12,7,-2,-15,-3,None
0,2,-7,-6,0,-4,-7,-28,-59,17,12,7,-2,-15,-3,None
0,0,1,-17,-2,10,6,-6,-55,17,12,7,-2,-15,-3,None
0,10,12,-11,0,-2,-9,-14,24,17,12,7,-2,-15,-3,None
0,10,12,-11,0,-2,-9,-14,24,17,12,7,-2,-15,-3,None
0,10,12,-11,0,-2,-9,-14,24,17,12,7,-4,-16,-4,None
0,-20,-11,-7,-9,-7,-7,36,-15,17,12,7,-4,-16,-4,None
0,2,12,-2,2,3,2,-17,-56,17,12,7,-4,-16,-4,None
0,-2,-7,5,-1,-4,-10,-40,-34,17,12,7,-4,-16,-4,None
0,10,13,0,3,1,9,-7,61,17,12,7,-4,-16,-4,None
0,10,13,0,3,1,9,-7,61,17,12,7,-4,-16,-4,None
0,10,13,0,3,1,9,-7,61,17,12,7,-5,-13,-4,None
0,-7,0,1,3,3,7,35,-75,17,12,7,-5,-13,-4,None
0,2,-3,-3,5,-3,-6,0,-2,17,12,7,-5,-13,-4,None
0,2,9,1,3,-1,-6,-9,65,17,12,7,-5,-13,-4,None
0,-2,1,5,3,5,6,-15,-13,17,12,7,-5,-13,-4,None
0,-2,1,5,3,5,6,-15,-13,17,12,7,-5,-13,-4,None
0,-2,1,5,3,5,6,-15,-13,17,12,7,-5,-13,-4,None
0,-3,-11,-5,-2,-1,-2,-35,-14,17,12,7,-5,-13,-4,None
0,0,2,-1,2,-2,-6,11,-36,17,12,7,-5,-13,-4,None
0,11,18,4,-6,4,6,-18,13,17,12,7,-5,-13,-4,None
0,-24,-27,-5,1,-8,-10,-19,29,17,12,7,-5,-13,-4,None
0,-24,-27,-5,1,-8,-10,-19,29,17,12,7,-5,-13,-4,None
0,-24,-27,-5,1,-8,-10,-19,29,17,12,7,-4,-14,-4,None
0,-4,1,-1,3,5,8,33,127,17,12,7,-4,-14,-4,None
0,-1,-8,-2,3,-2,-4,5,-6,17,12,7,-4,-14,-4,None
0,-14,-5,-1,0,-1,-3,-50,-7,17,12,7,-4,-14,-4,None
0,6,9,-10,-1,-1,-3,3,-22,17,12,7,-4,-14,-4,None
0,6,9,-10,-1,-1,-3,3,-22,17,12,7,-4,-14,-4,None
0,6,9,-10,-1,-1,-3,3,-22,17,12,7,-4,-13,-3,None
0,4,9,-4,2,1,-2,-25,2,17,12,7,-4,-13,-3,None
0,-16,-11,-8,1,1,-1,-16,61,17,12,7,-4,-13,-3,None
0,-3,2,-4,5,4,2,12,-7,17,12,7,-4,-13,-3,None
0,6,5,-3,-5,-2,1,-8,-46,17,12,7,-4,-13,-3,None
0,6,5,-3,-5,-2,1,-8,-46,17,12,7,-4,-13,-3,None
0,6,5,-3,-5,-2,1,-8,-46,17,12,7,-4,-12,-3,None
0,-12,-1,2,-5,-8,-16,-46,-70,17,12,7,-4,-12,-3,None
0,19,10,2,5,7,9,6,44,17,12,7,-4,-12,-3,None
0,5,-2,-5,0,6,9,70,31,17,12,7,-4,-12,-3,None
0,4,7,-1,1,1,-9,-55,-75,17,12,7,-4,-12,-3,None
0,4,7,-1,1,1,-9,-55,-75,17,12,7,-4,-12,-3,None
0,4,7,-1,1,1,-9,-55,-75,17,12,7,-4,-13,-3,None
0,9,2,-5,-1,5,9,70,78,17,12,7,-4,-13,-3,None
0,1,-2,-3,-5,-2,-1,-24,-40,17,12,7,-4,-13,-3,None
0,-8,-1,-5,-6,-4,-12,-53,-44,17,12,7,-4,-13,-3,None
0,26,21,-2,12,15,22,97,51,17,12,7,-4,-13,-3,None
0,26,21,-2,12,15,22,97,51,17,12,7,-4,-13,-3,None
0,26,21,-2,12,15,22,97,51,17,12,7,-4,-13,-3,None
0,-17,-55,-5,-1,-2,-4,-55,-31,17,12,7,-4,-13,-3,None
0,-2,3,-1,3,-1,-6,-13,-59,17,12,7,-4,-13,-3,None
0,12,-2,-2,-4,0,0,39,19,17,12,7,-4,-13,-3,None
0,-20,-15,-2,-5,2,3,-20,27,17,12,7,-4,-13,-3,None
0,-20,-15,-2,-5,2,3,-20,27,17,12,7,-4,-13,-3,None
0,-20,-15,-2,-5,2,3,-20,27,17,12,7,-4,-13,-3,None
0,-9,30,6,-6,-1,2,-9,7,17,12,7,-4,-13,-3,None
0,8,11,-13,-5,-3,-2,34,-63,17,12,7,-4,-13,-3,None
0,-34,-18,0,-7,-11,-23,-128,-125,17,12,7,-4,-13,-3,None
0,30,18,6,1,13,22,94,66,17,12,7,-4,-13,-3,None
0,30,18,6,1,13,22,94,66,17,12,7,-4,-13,-3,None
0,30,18,6,1,13,22,94,66,17,12,7,-4,-13,-3,None
0,3,2,-3,1,3,4,7,-33,17,12,7,-4,-13,-3,None
0,3,-4,1,-1,-4,-5,-35,13,17,12,7,-4,-13,-3,None
0,-18,28,0,-1,0,0,3,-94,17,12,7,-4,-13,-3,None
0,-18,-37,3,-5,-1,-4,9,110,17,12,7,-4,-13,-3,None
0,-18,-37,3,-5,-1,-4,9,110,17,12,7,-4,-13,-3,None
0,-18,-37,3,-5,-1,-4,9,110,17,12,7,-4,-13,-3,None
0,4,3,-6,-3,3,8,27,-28,17,12,7,-4,-13,-3,None
0,-5,4,-4,-1,-4,-5,-24,-41,17,12,7,-4,-13,-3,None
0,6,9,1,4,12,14,39,56,17,12,7,-4,-13,-3,None
0,10,-24,-8,-1,-5,-5,29,-98,17,12,7,-4,-13,-3,None
0,10,-24,-8,-1,-5,-5,29,-98,17,12,7,-4,-13,-3,None
0,10,-24,-8,-1,-5,-5,29,-98,17,12,7,-4,-14,-3,None
0,0,-7,-4,-1,0,-5,-60,-65,17,12,7,-4,-14,-3,None
0,-14,-5,3,-2,-3,-5,48,-75,17,12,7,-4,-14,-3,None
0,9,-5,0,0,0,-3,-2,0,17,12,7,-4,-14,-3,None
0,-18,6,5,3,3,2,20,45,17,12,7,-4,-14,-3,None
0,-18,6,5,3,3,2,20,45,17,12,7,-4,-14,-3,None
0,-18,6,5,3,3,2,20,45,17,12,7,-4,-14,-3,None
0,10,-2,-3,5,6,10,53,84,17,12,7,-4,-14,-3,None
0,-2,-2,-7,1,-1,-2,-32,3,17,12,7,-4,-14,-3,None
0,20,-7,-10,3,4,5,0,0,17,12,7,-4,-14,-3,None
0,-11,13,-1,-4,-5,-10,-53,-81,17,12,7,-4,-14,-3,None
0,-11,13,-1,-4,-5,-10,-53,-81,17,12,7,-4,-14,-3,None
0,-11,13,-1,-4,-5,-10,-53,-81,17,12,7,-4,-13,-3,None
0,-2,7,0,-1,-1,-11,-56,-31,17,12,7,-4,-13,-3,None
0,1,8,2,3,8,6,27,94,17,12,7,-4,-13,-3,None
0,-4,-3,0,-2,-2,-1,31,41,17,12,7,-4,-13,-3,None
0,-6,4,-3,-5,-9,-18,-91,-44,17,12,7,-4,-13,-3,None
0,-6,4,-3,-5,-9,-18,-91,-44,17,12,7,-4,-13,-3,None
0,-6,4,-3,-5,-9,-18,-91,-44,17,12,7,-4,-14,-3,None
0,0,31,-3,1,9,9,10,21,17,12,7,-4,-14,-3,None
0,11,-11,0,-4,2,3,7,69,17,12,7,-4,-14,-3,None
0,4,8,5,1,2,6,72,79,17,12,7,-4,-14,-3,None
0,4,2,-7,2,4,3,-8,-51,17,12,7,-4,-14,-3,None
0,4,2,-7,2,4,3,-8,-51,17,12,7,-4,-14,-3,None
0,4,2,-7,2,4,3,-8,-51,17,12,7,-4,-14,-3,None
0,1,11,2,-5,-4,-11,-17,-10,17,12,7,-4,-14,-3,None
0,-1,4,7,-3,2,2,-5,-12,17,12,7,-4,-14,-3,None
0,-8,-5,-9,8,6,1,-51,-67,17,12,7,-4,-14,-3,None
0,10,11,8,-9,-1,-1,25,42,17,12,7,-4,-14,-3,None
0,10,11,8,-9,-1,-1,25,42,17,12,7,-4,-14,-3,None
0,10,11,8,-9,-1,-1,25,42,17,12,7,-3,-14,-3,None
0,-14,-11,-8,-1,-5,-8,9,-7,17,12,7,-3,-14,-3,None
0,-6,-1,1,-2,-2,-6,-14,24,17,12,7,-3,-14,-3,None
0,-4,-9,0,-7,-5,-5,-11,-6,17,12,7,-3,-14,-3,None
0,-2,9,0,3,-3,-5,-33,-12,17,12,7,-3,-14,-3,None
0,-2,9,0,3,-3,-5,-33,-12,17,12,7,-3,-14,-3,None
0,-2,9,0,3,-3,-5,-33,-12,17,12,7,-3,-13,-3,None
0,-1,-5,-2,-1,0,-4,-15,-12,17,12,7,-3,-13,-3,None
0,2,2,-6,-4,1,6,8,-10,17,12,7,-3,-13,-3,None
0,4,6,-5,3,5,3,8,-4,17,12,7,-3,-13,-3,None
0,0,4,0,-4,0,3,0,4,17,12,7,-3,-13,-3,None
0,0,4,0,-4,0,3,0,4,17,12,7,-3,-13,-3,None
0,0,4,0,-4,0,3,0,4,17,12,7,-4,-13,-4,None
0,2,-2,-5,2,-3,-4,9,15,17,12,7,-4,-13,-4,None
0,-4,0,-9,-3,-4,2,-5,4,17,12,7,-4,-13,-4,None
0,0,-3,-5,8,11,-8,7,15,17,12,7,-4,-13,-4,None
0,-3,2,0,-3,-8,10,-5,4,17,12,7,-4,-13,-4,None
0,-3,2,0,-3,-8,10,-5,4,17,12,7,-4,-13,-4,None
0,-3,2,0,-3,-8,10,-5,4,17,12,7,-4,-12,-3,None
0,-7,-4,15,-1,-12,-10,-15,-9,17,12,7,-4,-12,-3,None
0,1,2,-5,0,10,5,-5,-5,17,12,7,-4,-12,-3,None
0,-1,-2,2,-7,-6,-1,0,-1,17,12,7,-4,-12,-3,None
0,-2,2,-1,-8,-4,-17,-10,-5,17,12,7,-4,-12,-3,None
0,-2,2,-1,-8,-4,-17,-10,-5,17,12,7,-4,-12,-3,None
0,-2,2,-1,-8,-4,-17,-10,-5,17,12,7,-4,-11,-3,None
0,1,4,-1,-3,-2,-5,-3,-6,17,12,7,-4,-11,-3,None
0,-6,-2,-5,8,7,-9,-3,-6,17,12,7,-4,-11,-3,None
0,-4,-3,7,-6,-5,8,6,4,17,12,7,-4,-11,-3,None
0,2,2,-6,-3,1,0,-12,11,17,12,7,-4,-11,-3,None
0,2,2,-6,-3,1,0,-12,11,17,12,7,-4,-11,-3,None
0,2,2,-6,-3,1,0,-12,11,17,12,7,-4,-11,-3,None
0,-5,-4,0,3,-8,-4,-20,-33,17,12,7,-4,-11,-3,None
0,6,4,2,-10,6,-27,46,10,17,12,7,-4,-11,-3,None
0,-1,-1,-7,10,32,46,3,29,17,12,7,-4,-11,-3,None
0,0,1,0,2,-17,2,5,18,17,12,7,-4,-11,-3,None
0,0,1,0,2,-17,2,5,18,17,12,7,-4,-11,-3,None
0,0,1,0,2,-17,2,5,18,17,12,7,-3,-11,-3,None
0,-2,-1,-4,1,46,-14,-5,-6,17,12,7,-3,-11,-3,None
0,-4,-2,-3,0,-24,-4,-19,-16,17,12,7,-3,-11,-3,None
0,4,4,-5,-12,-25,48,15,-1,17,12,7,-3,-11,-3,None
0,2,1,-4,1,7,6,2,-7,17,12,7,-3,-11,-3,None
0,2,1,-4,1,7,6,2,-7,17,12,8,-3,-11,-3,None
0,2,1,-4,1,7,6,2,-7,17,12,8,-3,-12,-3,None
0,-2,-3,-2,-3,2,-13,0,15,17,12,8,-3,-12,-3,None
0,0,2,-1,-3,-1,6,-6,5,17,12,8,-3,-12,-3,None
0,-3,0,4,1,-3,-45,-5,-3,17,12,8,-3,-12,-3,None
0,-3,-1,-3,0,11,-3,-14,-6,17,12,8,-3,-12,-3,None
0,-3,-1,-3,0,11,-3,-14,-6,17,12,8,-3,-12,-3,None
0,-3,-1,-3,0,11,-3,-14,-6,17,12,8,-3,-13,-3,None
0,-1,1,-5,-6,-9,15,3,-1,17,12,8,-3,-13,-3,None
0,-3,1,0,1,-2,-19,-15,-11,17,12,8,-3,-13,-3,None
0,-1,-1,1,-1,-4,-9,-3,-9,17,12,8,-3,-13,-3,None
0,-1,-4,-8,-4,23,-2,-2,-23,17,12,8,-3,-13,-3,None
0,-1,-4,-8,-4,23,-2,-2,-23,17,12,8,-3,-13,-3,None
0,-1,-4,-8,-4,23,-2,-2,-23,17,12,8,-4,-13,-4,None
0,-1,-1,-4,-3,-13,-6,-3,-6,17,12,8,-4,-13,-4,None
0,-4,-2,2,-4,-1,20,9,-6,17,12,8,-4,-13,-4,None
0,3,3,-8,1,11,-5,-2,30,17,12,8,-4,-13,-4,None
0,0,2,2,0,1,-2,14,10,17,12,8,-4,-13,-4,None
0,0,2,2,0,1,-2,14,10,17,12,8,-4,-13,-4,None
0,0,2,2,0,1,-2,14,10,17,12,8,-3,-13,-4,None
0,1,1,0,-4,-7,3,6,4,17,12,8,-3,-13,-4,None
0,-4,-2,-1,4,4,1,-6,12,17,12,8,-3,-13,-4,None
0,-1,0,-1,2,-6,-14,-10,-9,17,12,8,-3,-13,-4,None
0,-1,2,-1,6,-4,-10,-1,-5,17,12,8,-3,-13,-4,None
0,-1,2,-1,6,-4,-10,-1,-5,17,12,8,-3,-13,-4,None
0,-1,2,-1,6,-4,-10,-1,-5,17,12,8,-3,-14,-4,None
0,-1,1,-5,0,2,8,-4,13,17,12,8,-3,-14,-4,None
0,-1,-1,0,1,-5,-3,-8,-6,17,12,8,-3,-14,-4,None
0,-3,-2,-2,-2,3,-9,2,-7,17,12,8,-3,-14,-4,None
0,-1,0,-2,-3,-6,-2,-4,5,17,12,8,-3,-14,-4,None
0,-1,0,-2,-3,-6,-2,-4,5,17,12,8,-3,-14,-4,None
0,-1,0,-2,-3,-6,-2,-4,5,17,12,8,-3,-14,-4,None
0,0,1,-3,0,-2,1,1,-2,17,12,8,-3,-14,-4,None
0,-3,0,-2,0,10,2,-7,-4,17,12,8,-3,-14,-4,None
0,-1,1,6,-6,-12,-8,6,-3,17,12,8,-3,-14,-4,None
0,-2,-1,-9,1,7,7,-7,-1,17,12,8,-3,-14,-4,None
0,-2,-1,-9,1,7,7,-7,-1,17,12,8,-3,-14,-4,None
0,-2,-1,-9,1,7,7,-7,-1,17,12,8,-4,-13,-4,None
0,0,0,-2,1,-5,3,1,3,17,12,8,-4,-13,-4,None
0,-2,0,-1,1,5,4,0,2,17,12,8,-4,-13,-4,None
0,-3,0,-4,0,-3,-8,-15,-21,17,12,8,-4,-13,-4,None
0,-1,1,-2,1,-4,-3,10,10,17,12,8,-4,-13,-4,None
0,-1,1,-2,1,-4,-3,10,10,17,12,8,-4,-13,-4,None
0,-1,1,-2,1,-4,-3,10,10,17,12,8,-3,-13,-4,None
0,1,-1,-2,1,4,-1,-1,14,17,12,8,-3,-13,-4,None
0,-1,1,-3,-3,1,4,1,-21,17,12,8,-3,-13,-4,None
0,-2,-1,-3,0,0,-7,-4,7,17,12,8,-3,-13,-4,None
0,-1,0,0,-1,-5,-7,-31,-17,17,12,8,-3,-13,-4,None
0,-1,0,0,-1,-5,-7,-31,-17,17,12,8,-3,-13,-4,None
0,-1,0,0,-1,-5,-7,-31,-17,17,12,8,-3,-14,-4,None
0,-3,-2,-3,0,-1,1,18,8,17,12,8,-3,-14,-4,None
0,0,0,-2,-2,-2,-4,-3,5,17,12,8,-3,-14,-4,None
0,0,-1,-10,0,3,1,0,-7,17,12,8,-3,-14,-4,None
0,-1,0,-1,4,-4,-8,2,-1,17,12,8,-3,-14,-4,None
0,-1,0,-1,4,-4,-8,2,-1,17,12,8,-3,-14,-4,None
0,-1,0,-1,4,-4,-8,2,-1,17,12,8,-2,-14,-4,None
0,-2,0,-4,1,4,0,-14,0,17,12,8,-2,-14,-4,None
0,-1,1,5,0,-7,-3,-6,-5,17,12,8,-2,-14,-4,None
0,-2,1,-3,-2,-3,1,6,-1,17,12,8,-2,-14,-4,None
0,-2,0,0,-8,3,-2,-8,0,17,12,8,-2,-14,-4,None
0,-2,0,0,-8,3,-2,-8,0,17,12,8,-2,-14,-4,None
0,-2,0,0,-8,3,-2,-8,0,17,12,8,-2,-14,-3,None
0,-1,2,0,16,-2,0,-3,-9,17,12,8,-2,-14,-3,None
0,0,0,3,-4,5,2,2,5,17,12,8,-2,-14,-3,None
0,-1,-1,0,1,7,-2,0,-3,17,12,8,-2,-14,-3,None
0,-1,1,1,-10,-11,-4,0,-1,17,12,8,-2,-14,-3,None
0,-1,1,1,-10,-11,-4,0,-1,17,12,8,-2,-14,-3,None
0,-1,1,1,-10,-11,-4,0,-1,17,12,8,-2,-13,-4,None
0,1,2,2,7,10,-1,0,-1,17,12,8,-2,-13,-4,None
0,-1,1,-4,-25,-18,-1,-1,9,17,12,8,-2,-13,-4,None
0,-3,0,-3,14,3,-4,-6,-8,17,12,8,-2,-13,-4,None
0,-4,-2,-1,36,3,2,3,-22,17,12,8,-2,-13,-4,None
0,-4,-2,-1,36,3,2,3,-22,17,12,9,-2,-13,-4,None
0,-4,-2,-1,36,3,2,3,-22,17,12,9,-1,-13,-4,None
0,-1,0,3,-24,6,-2,2,-5,17,12,9,-1,-13,-4,None
0,-1,-1,2,20,21,-1,-9,-1,17,12,9,-1,-13,-4,None
0,3,3,11,-8,-20,-3,-7,-4,17,12,9,-1,-13,-4,None
0,-3,2,6,-30,-19,-8,-6,-14,17,12,9,-1,-13,-4,None
0,-3,2,6,-30,-19,-8,-6,-14,17,12,9,-1,-13,-4,None
0,-3,2,6,-30,-19,-8,-6,-14,17,12,9,-1,-13,-4,None
0,-2,-3,16,18,34,10,7,-3,17,12,9,-1,-13,-4,None
0,1,2,20,2,-33,-4,2,4,17,12,9,-1,-13,-4,None
0,-1,0,13,-19,1,-1,1,3,17,12,9,-1,-13,-4,None
0,0,0,14,-32,3,-2,-3,1,17,12,9,-1,-13,-4,None
0,0,0,14,-32,3,-2,-3,1,0,12,9,-1,-13,-4,None
0,0,0,14,-32,3,-2,-3,1,0,12,9,-1,-13,-4,None
0,0,4,14,-52,0,0,-8,0,0,12,9,-1,-13,-4,None
0,-5,-5,-6,-3,2,-6,-5,-8,0,12,9,-1,-13,-4,None
0,-3,-1,0,53,21,1,2,-3,0,12,9,-1,-13,-4,None
0,1,3,-8,1,30,-3,-3,14,0,12,9,-1,-13,-4,None
0,1,3,-8,1,30,-3,-3,14,0,12,9,-1,-13,-4,None
0,1,3,-8,1,30,-3,-3,14,0,12,9,0,-14,-4,None
0,-2,0,-19,-33,-55,-4,-4,-15,0,12,9,0,-14,-4,None
0,0,1,-14,-3,28,5,4,4,0,12,9,0,-14,-4,None
0,-1,0,-18,-7,-52,-8,-1,-4,0,12,9,0,-14,-4,None
0,-5,-3,-8,86,39,-2,1,-1,0,12,9,0,-14,-4,None
0,-5,-3,-8,86,39,-2,1,-1,0,12,9,0,-14,-4,None
0,-5,-3,-8,86,39,-2,1,-1,0,12,9,1,-14,-4,None
0,-2,-1,-10,-32,-11,-7,-3,2,0,12,9,1,-14,-4,None
0,1,6,3,113,10,4,0,-6,0,12,9,1,-14,-4,None
0,-3,-4,-31,-62,5,-5,-6,-4,0,12,9,1,-14,-4,None
0,1,0,-16,-32,-29,-2,2,0,0,12,9,1,-14,-4,None
0,1,0,-16,-32,-29,-2,2,0,0,12,9,1,-14,-4,None
0,1,0,-16,-32,-29,-2,2,0,0,12,9,1,-13,-3,None
0,0,0,-7,68,20,0,1,1,0,12,9,1,-13,-3,None
0,-4,-3,-40,-54,-4,-4,0,-1,0,12,9,1,-13,-3,None
0,-1,2,-11,5,-8,2,6,0,0,12,9,1,-13,-3,None
0,-2,-1,-11,-82,-23,4,0,2,0,12,9,1,-13,-3,None
0,-2,-1,-11,-82,-23,4,0,2,0,12,9,1,-13,-3,None
0,-2,-1,-11,-82,-23,4,0,2,0,12,9,2,-13,-3,None
0,-6,-4,-22,12,17,-7,-3,-9,0,12,9,2,-13,-3,None
0,2,3,-4,45,-10,-1,-2,0,0,12,9,2,-13,-3,None
0,3,2,-25,-57,10,-4,-1,2,0,12,9,2,-13,-3,None
0,-1,2,3,70,-2,2,0,0,0,12,9,2,-13,-3,None
0,-1,2,3,70,-2,2,0,0,0,12,9,2,-13,-3,None
0,-1,2,3,70,-2,2,0,0,0,12,9,3,-13,-3,None
0,3,-1,-10,-19,-4,6,5,7,0,12,9,3,-13,-3,None
0,-2,5,-7,-35,-4,2,-1,-2,0,12,9,3,-13,-3,None
0,-6,-5,7,60,-3,-11,-2,-8,0,12,9,3,-13,-3,None
0,3,4,40,69,21,14,3,1,0,12,9,3,-13,-3,None
0,3,4,40,69,21,14,3,1,0,12,9,3,-13,-3,None
0,3,4,40,69,21,14,3,1,0,12,9,4,-14,-3,None
0,-2,-5,-46,-57,-22,-14,-7,1,0,12,9,4,-14,-3,None
0,1,2,17,54,39,6,0,5,0,12,9,4,-14,-3,None
0,0,4,0,4,-12,0,1,-3,0,12,9,4,-14,-3,None
0,1,0,-7,-106,-30,-10,-3,2,0,12,9,4,-14,-3,None
0,1,0,-7,-106,-30,-10,-3,2,1,12,9,4,-14,-3,None
0,1,0,-7,-106,-30,-10,-3,2,1,12,9,5,-16,-3,None
0,0,4,29,77,-14,5,1,1,1,12,9,5,-16,-3,None
0,-2,-5,-15,-55,66,-18,-20,-4,1,12,9,5,-16,-3,None
0,0,-1,-7,2,-6,9,4,2,1,12,9,5,-16,-3,None
0,3,0,-13,39,-9,-8,-1,-3,1,12,9,5,-16,-3,None
0,3,0,-13,39,-9,-8,-1,-3,1,12,9,5,-16,-3,None
0,3,0,-13,39,-9,-8,-1,-3,1,12,9,6,-15,-2,None
0,-1,5,34,64,18,16,9,3,1,12,9,6,-15,-2,None
0,-3,-6,-31,-117,-64,-6,-4,-2,1,12,9,6,-15,-2,None
0,1,7,36,118,54,12,5,2,1,12,9,6,-15,-2,None
0,-4,-2,-27,38,28,-7,-10,-4,1,12,9,6,-15,-2,None
0,-4,-2,-27,38,28,-7,-10,-4,1,12,9,6,-15,-2,None
0,-4,-2,-27,38,28,-7,-10,-4,1,12,9,7,-14,-3,None
0,-1,-3,-1,21,10,0,-2,-1,1,12,9,7,-14,-3,None
0,1,3,-12,53,-22,6,7,-2,1,12,9,7,-14,-3,None
0,0,0,16,-44,18,-3,-7,2,1,12,9,7,-14,-3,None
0,-6,-8,-34,-41,-21,-6,-2,-5,1,12,9,7,-14,-3,None
0,-6,-8,-34,-41,-21,-6,-2,-5,1,12,9,7,-14,-3,None
0,-6,-8,-34,-41,-21,-6,-2,-5,1,12,9,7,-13,-2,None
0,-1,0,-34,-94,-32,-12,-7,-6,1,12,9,7,-13,-2,None
0,1,7,47,16,-21,3,4,-2,1,12,9,7,-13,-2,None
0,0,-2,16,-55,-11,1,-5,1,1,12,9,7,-13,-2,None
0,5,2,-3,23,47,3,3,7,1,12,9,7,-13,-2,None
0,5,2,-3,23,47,3,3,7,1,12,9,7,-13,-2,None
0,5,2,-3,23,47,3,3,7,1,12,9,7,-13,-2,None
0,1,3,-7,37,19,0,1,4,1,12,9,7,-13,-2,None
0,1,4,-32,22,6,9,2,-3,1,12,9,7,-13,-2,None
0,-1,-2,0,-58,-3,-5,0,0,1,12,9,7,-13,-2,None
0,-5,3,18,-8,-6,-1,-1,-6,1,12,9,7,-13,-2,None
0,-5,3,18,-8,-6,-1,-1,-6,1,12,9,7,-13,-2,None
0,-5,3,18,-8,-6,-1,-1,-6,1,12,9,7,-13,-1,None
0,-1,2,22,35,57,3,1,-2,1,12,9,7,-13,-1,None
0,2,2,9,-40,-75,-4,-1,1,1,12,9,7,-13,-1,None
0,-2,0,-10,38,42,-2,-2,0,1,12,9,7,-13,-1,None
0,-2,1,-2,-17,-72,2,3,-6,1,12,9,7,-13,-1,None
0,-2,1,-2,-17,-72,2,3,-6,1,12,9,7,-13,-1,None
0,-2,1,-2,-17,-72,2,3,-6,1,12,9,7,-13,-1,None
0,-2,2,-6,4,19,0,-5,-4,1,12,9,7,-13,-1,None
0,-5,-5,22,86,95,-2,-9,-1,1,12,9,7,-13,-1,None
0,-5,-5,22,86,95,-2,-9,-1,1,12,9,7,-13,-1,None
0,-5,-5,22,86,95,-2,-9,-1,1,12,9,8,-13,-1,None
0,3,0,-23,-54,-30,-4,-3,0,1,12,9,8,-13,-1,None
0,-3,0,-1,6,-2,4,6,0,1,12,9,8,-13,-1,None
0,0,1,3,-13,-53,-8,-4,0,1,12,9,8,-13,-1,None
0,-3,-3,-20,-52,-14,0,-2,-7,1,12,9,8,-13,-1,None
0,-3,-3,-20,-52,-14,0,-2,-7,1,12,9,8,-13,-1,None
0,-3,-3,-20,-52,-14,0,-2,-7,1,12,9,8,-13,0,None
0,-1,-3,5,11,17,-5,-6,-6,1,12,9,8,-13,0,None
0,2,30,8,9,0,-1,-1,4,1,12,9,8,-13,0,None
0,-6,-46,6,42,-2,-5,-3,-3,1,12,9,8,-13,0,None
0,-3,9,-2,-67,12,0,-1,-2,1,12,9,8,-13,0,None
0,-3,9,-2,-67,12,0,-1,-2,1,12,9,8,-13,0,None
0,-3,9,-2,-67,12,0,-1,-2,1,12,9,8,-13,0,None
0,-1,-9,-22,-30,-46,2,3,-2,1,12,9,8,-13,0,None
0,2,-2,-24,-41,-13,0,-3,-1,1,12,9,8,-13,0,None
0,-2,13,-2,-8,-2,1,-1,1,1,12,9,8,-13,0,None
0,-4,6,38,75,37,-3,-3,-5,1,12,9,8,-13,0,None
0,-4,6,38,75,37,-3,-3,-5,1,12,9,8,-13,0,None
0,-4,6,38,75,37,-3,-3,-5,1,12,9,8,-13,-1,None
0,6,12,0,28,24,-1,-2,-8,1,12,9,8,-13,-1,None
0,-11,-64,1,-5,20,-3,-2,12,1,12,9,8,-13,-1,None
0,-1,3,-10,-22,7,1,-2,2,1,12,9,8,-13,-1,None
0,2,-5,-7,-10,-22,2,2,-10,1,12,9,8,-13,-1,None
0,2,-5,-7,-10,-22,2,2,-10,1,12,9,8,-13,-1,None
0,2,-5,-7,-10,-22,2,2,-10,1,12,9,8,-13,-1,None
0,-4,22,5,8,-10,4,1,-1,1,12,9,8,-13,-1,None
0,3,13,7,33,77,6,-1,-2,1,12,9,8,-13,-1,None
0,-6,11,-28,-1,-33,-8,-4,-3,1,12,9,8,-13,-1,None
0,-9,-41,-1,-53,-35,-6,0,4,1,12,9,8,-13,-1,None
0,-9,-41,-1,-53,-35,-6,0,4,1,12,9,8,-13,-1,None
0,-9,-41,-1,-53,-35,-6,0,4,1,12,9,8,-12,-2,None
0,8,15,15,38,48,5,-1,-1,1,12,9,8,-12,-2,None
0,-3,6,-6,-1,-16,-7,-4,-4,1,12,9,8,-12,-2,None
0,-2,-2,3,14,8,3,0,-1,1,12,9,8,-12,-2,None
0,4,6,-17,-57,-10,-2,-3,0,1,12,9,8,-12,-2,None
0,4,6,-17,-57,-10,-2,-3,0,1,12,9,8,-12,-2,None
0,4,6,-17,-57,-10,-2,-3,0,1,12,9,7,-13,-2,None
0,-5,-3,-9,6,-18,-5,-2,0,1,12,9,7,-13,-2,None
0,-2,1,6,1,4,1,0,0,1,12,9,7,-13,-2,None
0,2,14,5,-12,8,-3,-2,-5,1,12,9,7,-13,-2,None
0,-1,9,5,32,12,-2,-3,-1,1,12,9,7,-13,-2,None
0,-1,9,5,32,12,-2,-3,-1,1,12,9,7,-13,-2,None
0,-1,9,5,32,12,-2,-3,-1,1,12,9,8,-13,-1,None
0,-5,-13,2,-4,28,2,0,1,1,12,9,8,-13,-1,None
0,6,24,3,-46,-33,-3,-3,-3,1,12,9,8,-13,-1,None
0,-10,-45,1,-15,10,1,0,-2,1,12,9,8,-13,-1,None
0,2,10,10,20,-13,0,0,1,1,12,9,8,-13,-1,None
0,2,10,10,20,-13,0,0,1,1,12,9,8,-13,-1,None
0,2,10,10,20,-13,0,0,1,1,12,9,7,-12,-1,None
0,-2,-10,-8,-39,-3,-2,-2,0,1,12,9,7,-12,-1,None
0,-8,17,1,5,-20,3,1,-3,1,12,9,7,-12,-1,None
0,2,16,2,-19,12,0,-2,-3,1,12,9,7,-12,-1,None
0,-2,0,-1,4,-1,-2,0,0,1,12,9,7,-12,-1,None
0,-2,0,-1,4,-1,-2,0,0,1,12,9,7,-12,-1,None
0,-2,0,-1,4,-1,-2,0,0,1,12,9,8,-12,-1,None
0,-8,-3,-4,18,-4,0,-1,0,1,12,9,8,-12,-1,None
0,6,2,5,32,46,-2,-2,-7,1,12,9,8,-12,-1,None
0,-4,9,8,-21,0,1,0,-2,1,12,9,8,-12,-1,None
0,6,-19,-2,2,12,0,-1,0,1,12,9,8,-12,-1,None
0,6,-19,-2,2,12,0,-1,0,1,12,9,8,-12,-1,None
0,6,-19,-2,2,12,0,-1,0,1,12,9,8,-12,-1,None
0,-3,7,0,-1,-43,-3,-1,-1,1,12,9,8,-12,-1,None
0,-3,-7,-6,9,21,-2,-3,-1,1,12,9,8,-12,-1,None
0,0,3,1,-2,-18,-3,-2,-1,1,12,9,8,-12,-1,None
0,-1,9,-6,3,6,-1,-2,-2,1,12,9,8,-12,-1,None
0,-1,9,-6,3,6,-1,-2,-2,1,12,9,8,-12,-1,None
0,-1,9,-6,3,6,-1,-2,-2,1,12,9,8,-12,-1,None
0,-5,-26,1,8,1,-1,-1,0,1,12,9,8,-12,-1,None
0,-2,-6,-1,-12,-17,-3,-2,0,1,12,9,8,-12,-1,None
0,3,-1,-4,3,-1,-1,0,-1,1,12,9,8,-12,-1,None
0,-4,3,2,-8,-4,-3,-2,-2,1,12,9,8,-12,-1,None
0,-4,3,2,-8,-4,-3,-2,-2,1,12,9,8,-12,-1,None
0,-4,3,2,-8,-4,-3,-2,-2,1,12,9,8,-12,-1,None
0,-1,5,-6,9,0,0,-1,-2,1,12,9,8,-12,-1,None
0,-2,1,-2,11,3,0,0,-1,1,12,9,8,-12,-1,None
0,-1,6,2,-6,-15,-3,-2,0,1,12,9,8,-12,-1,None
0,-2,2,-4,29,9,0,0,0,1,12,9,8,-12,-1,None
0,-2,2,-4,29,9,0,0,0,1,12,9,8,-12,-1,None
0,-2,2,-4,29,9,0,0,0,1,12,9,8,-12,-1,None
0,-6,-6,-8,5,30,-3,-3,-1,1,12,9,8,-12,-1,None
0,2,-7,4,12,-2,-2,-2,-4,1,12,9,8,-12,-1,None
0,1,7,-3,-13,-9,-1,0,-1,1,12,9,8,-12,-1,None
0,-2,4,-5,5,-2,0,-1,-2,1,12,9,8,-12,-1,None
0,-2,4,-5,5,-2,0,-1,-2,1,12,9,8,-12,-1,None
0,-2,4,-5,5,-2,0,-1,-2,1,12,9,8,-12,-1,None
0,1,6,1,4,-3,-3,0,-1,1,12,9,8,-12,-1,None
0,-1,-3,-3,-11,-19,-2,0,1,1,12,9,8,-12,-1,None
0,0,8,5,24,14,0,-1,-2,1,12,9,8,-12,-1,None
0,-5,9,5,-2,-7,-1,-2,-3,1,12,9,8,-12,-1,None
0,-5,9,5,-2,-7,-1,-2,-3,1,12,9,8,-12,-1,None
0,-5,9,5,-2,-7,-1,-2,-3,1,12,9,8,-12,-1,None
0,-3,-25,-3,-7,7,0,-4,-4,1,12,9,8,-12,-1,None
0,-2,-2,2,-4,14,4,2,2,1,12,9,8,-12,-1,None
0,1,0,-3,9,-20,-2,-3,-1,1,12,9,8,-12,-1,None
0,-3,-4,0,-3,6,-1,0,-1,1,12,9,8,-12,-1,None
0,-3,-4,0,-3,6,-1,0,-1,1,12,9,8,-12,-1,None
0,-3,-4,0,-3,6,-1,0,-1,1,12,9,8,-12,-1,None
0,1,15,-4,-6,-13,-1,-1,-2,1,12,9,8,-12,-1,None
0,-2,2,-2,13,-2,-2,-2,-2,1,12,9,8,-12,-1,None
0,0,-4,-1,-4,15,-2,-3,0,1,12,9,8,-12,-1,None
0,0,5,-8,-2,-6,-1,-1,0,1,12,9,8,-12,-1,None
0,0,5,-8,-2,-6,-1,-1,0,1,12,9,8,-12,-1,None
0,0,5,-8,-2,-6,-1,-1,0,1,12,9,8,-12,-1,None
0,-1,10,2,11,-6,-1,-3,-1,1,12,9,8,-12,-1,None
0,3,19,-2,-9,-3,0,1,1,1,12,9,8,-12,-1,None
0,-4,-29,1,3,2,-2,-1,-3,1,12,9,8,-12,-1,None
0,-3,4,-18,-20,-11,-2,-5,-3,1,12,9,8,-12,-1,None
0,-3,4,-18,-20,-11,-2,-5,-3,1,12,9,8,-12,-1,None
0,-3,4,-18,-20,-11,-2,-5,-3,1,12,9,8,-12,-1,None
0,0,2,5,19,17,1,-1,-1,1,12,9,8,-12,-1,None
0,-3,3,4,0,12,2,-2,-2,1,12,9,8,-12,-1,None
0,2,10,-6,-9,-4,0,0,-1,1,12,9,8,-12,-1,None
0,0,-1,0,9,1,-1,-1,0,1,12,9,8,-12,-1,None
0,0,-1,0,9,1,-1,-1,0,1,12,9,8,-12,-1,None
0,0,-1,0,9,1,-1,-1,0,1,12,9,8,-12,-1,None
0,0,-1,0,-10,-8,-1,-1,-1,1,12,9,8,-12,-1,None
0,-1,-5,-11,-5,-12,-3,-1,-1,1,12,9,8,-12,-1,None
0,-1,7,0,-1,6,-3,-4,-2,1,12,9,8,-12,-1,None
0,-1,-5,-2,-2,1,-2,-1,-1,1,12,9,8,-12,-1,None
0,-1,-5,-2,-2,1,-2,-1,-1,1,12,9,8,-12,-1,None
0,-1,-5,-2,-2,1,-2,-1,-1,1,12,9,8,-12,-1,None
0,-1,10,-1,-6,-8,-5,-3,-5,1,12,9,8,-12,-1,None
0,0,0,1,-5,-4,0,1,-1,1,12,9,8,-12,-1,None
0,5,-1,-26,23,4,-3,-4,-2,1,12,9,8,-12,-1,None
0,-5,-2,2,-66,11,-5,-4,-3,1,12,9,8,-12,-1,None
0,-5,-2,2,-66,11,-5,-4,-3,1,12,9,8,-12,-1,None
0,-5,-2,2,-66,11,-5,-4,-3,1,12,9,8,-12,-1,None
0,-2,4,3,-7,-4,0,-2,0,1,12,9,8,-12,-1,None
0,-2,-2,-10,12,-3,-2,-3,-1,1,12,9,8,-12,-1,None
0,-2,4,4,3,3,-1,0,-1,1,12,9,8,-12,-1,None
0,2,1,-2,16,-4,-2,-1,0,1,12,9,8,-12,-1,None
0,2,1,-2,16,-4,-2,-1,0,1,12,9,8,-12,-1,None
0,2,1,-2,16,-4,-2,-1,0,1,12,9,8,-12,-1,None
0,3,1,-8,-3,-1,1,1,0,1,12,9,8,-12,-1,None
0,-2,-4,10,-18,-9,-3,-1,-3,1,12,9,8,-12,-1,None
0,-4,5,0,-8,3,1,0,-2,1,12,9,8,-12,-1,None
0,0,3,-1,15,11,1,0,-1,1,12,9,8,-12,-1,None
0,0,3,-1,15,11,1,0,-1,1,12,9,8,-12,-1,None
0,0,3,-1,15,11,1,0,-1,1,12,9,8,-12,-1,None
0,2,4,3,-5,-5,0,2,-1,1,12,9,8,-12,-1,None
0,0,-13,-5,6,-1,0,-2,-2,1,12,9,8,-12,-1,None
0,-1,3,0,-9,-1,-2,-1,0,1,12,9,8,-12,-1,None
0,1,-3,-6,3,-9,-2,-1,-2,1,12,9,8,-12,-1,None
0,1,-3,-6,3,-9,-2,-1,-2,1,12,9,8,-12,-1,None
0,1,-3,-6,3,-9,-2,-1,-2,1,12,9,8,-12,-1,None
0,-2,3,-2,3,-3,-2,-3,0,1,12,9,8,-12,-1,None
0,-3,1,-21,-17,3,-3,-4,-3,1,12,9,8,-12,-1,None
0,-3,-3,1,-17,-1,-2,0,-2,1,12,9,8,-12,-1,None
0,-4,4,4,1,7,1,0,-1,1,12,9,8,-12,-1,None
0,-4,4,4,1,7,1,0,-1,1,12,9,8,-12,-1,None
0,-4,4,4,1,7,1,0,-1,1,12,9,8,-12,-1,None
0,-2,-26,-3,3,-9,-1,-1,0,1,12,9,8,-12,-1,None
0,-1,0,1,-9,-2,-1,-3,-2,1,12,9,8,-12,-1,None
0,-1,3,2,3,1,-2,-2,-2,1,12,9,8,-12,-1,None
0,0,-3,-3,8,0,-1,-2,-1,1,12,9,8,-12,-1,None
0,0,-3,-3,8,0,-1,-2,-1,1,12,9,8,-12,-1,None
0,0,-3,-3,8,0,-1,-2,-1,1,12,9,8,-12,-1,None
0,-3,3,-3,-4,2,0,-1,-2,1,12,9,8,-12,-1,None
0,-3,2,-1,5,1,-1,0,-1,1,12,9,8,-12,-1,None
0,-3,-7,-9,-8,-11,-3,-3,-4,1,12,9,8,-12,-1,None
0,1,11,5,36,14,0,0,2,1,12,9,8,-12,-1,None
0,1,11,5,36,14,0,0,2,1,12,9,8,-12,-1,None
0,1,11,5,36,14,0,0,2,1,12,9,8,-12,-1,None
0,-6,4,14,-17,7,-2,-2,-5,1,12,9,8,-12,-1,None
0,-3,-12,-3,8,15,-1,-2,-1,1,12,9,8,-12,-1,None
0,-4,11,-3,1,1,-1,-2,-1,1,12,9,8,-12,-1,None
0,2,-2,-2,-10,-14,-2,-1,1,1,12,9,8,-12,-1,None
0,2,-2,-2,-10,-14,-2,-1,1,1,12,9,8,-12,-1,None
0,2,-2,-2,-10,-14,-2,-1,1,1,12,9,8,-12,-1,None
0,-1,-1,-3,3,-4,-1,0,0,1,12,9,8,-12,-1,None
0,1,15,-1,6,-3,-2,-2,-1,1,12,9,8,-12,-1,None
0,2,-2,2,0,2,-1,-1,1,1,12,9,8,-12,-1,None
0,-2,-5,-5,0,2,-1,0,-3,1,12,9,8,-12,-1,None
0,-2,-5,-5,0,2,-1,0,-3,1,12,9,8,-12,-1,None
0,-2,-5,-5,0,2,-1,0,-3,1,12,9,8,-12,-1,None
0,-1,5,-4,3,1,-1,-3,-1,1,12,9,8,-12,-1,None
0,-1,-5,1,-5,-4,-2,-2,-2,1,12,9,8,-12,-1,None
0,-1,6,-3,0,0,-2,-1,-1,1,12,9,8,-12,-1,None
0,-4,-5,7,-13,-11,-1,0,-2,1,12,9,8,-12,-1,None
0,-4,-5,7,-13,-11,-1,0,-2,1,12,9,8,-12,-1,None
0,-4,-5,7,-13,-11,-1,0,-2,1,12,9,8,-12,-1,None
0,-1,18,-5,3,5,-2,-4,-3,1,12,9,8,-12,-1,None
0,0,2,1,-3,-2,-1,-1,0,1,12,9,8,-12,-1,None
0,-2,-3,0,2,3,-1,-2,-1,1,12,9,8,-12,-1,None
0,1,5,-6,-1,0,0,-1,-2,1,12,9,8,-12,-1,None
0,1,5,-6,-1,0,0,-1,-2,1,12,9,8,-12,-1,None
0,1,5,-6,-1,0,0,-1,-2,1,12,9,8,-12,-1,None
0,0,2,-5,-4,-7,-2,-1,0,1,12,9,8,-12,-1,None
0,-2,-3,-1,2,0,-1,0,-1,1,12,9,8,-12,-1,None
0,0,4,0,-3,-2,0,-1,-1,1,12,9,8,-12,-1,None
0,-1,2,-3,-3,3,-2,-3,-2,1,12,9,8,-12,-1,None
0,-1,2,-3,-3,3,-2,-3,-2,1,12,9,8,-12,-1,None
0,-1,2,-3,-3,3,-2,-3,-2,1,12,9,8,-12,-1,None
0,-2,-2,-3,2,1,0,0,-2,1,12,9,8,-12,-1,None
0,-2,2,0,4,0,-1,-1,-1,1,12,9,8,-12,-1,None
0,-5,-18,4,28,5,2,1,2,1,12,9,8,-12,-1,None
0,-2,-1,-7,-72,-23,-5,-3,-5,1,12,9,8,-12,-1,None
0,-2,-1,-7,-72,-23,-5,-3,-5,1,12,9,8,-12,-1,None
0,-2,-1,-7,-72,-23,-5,-3,-5,1,12,9,8,-12,-1,None
0,-3,-7,0,11,12,-2,-2,-3,1,12,9,8,-12,-1,None
0,-3,0,0,10,4,0,-1,-2,1,12,9,8,-12,-1,None
0,0,11,-3,-6,-2,1,-1,0,1,12,9,8,-12,-1,None
0,0,-1,-2,12,-1,-1,-2,-1,1,12,9,8,-12,-1,None
0,0,-1,-2,12,-1,-1,-2,-1,1,12,9,8,-12,-1,None
0,0,-1,-2,12,-1,-1,-2,-1,1,12,9,8,-12,-1,None
0,0,-2,0,0,-5,-1,0,0,1,12,9,8,-12,-1,None
0,0,9,-4,-13,-6,-3,-2,-1,1,12,9,8,-12,-1,None
0,-1,1,-3,-2,1,-2,-1,-3,1,12,9,8,-12,-1,None
0,0,0,-1,19,10,-1,-2,-2,1,12,9,8,-12,-1,None
0,0,0,-1,19,10,-1,-2,-2,1,12,9,8,-12,-1,None
0,0,0,-1,19,10,-1,-2,-2,1,12,9,8,-12,-1,None
0,4,-2,-5,-7,-1,-1,0,-1,1,12,9,8,-12,-1,None
0,-3,7,-1,11,3,-2,-2,-2,1,12,9,8,-12,-1,None
0,2,-13,9,-4,-1,0,-1,-2,1,12,9,8,-12,-1,None
0,-4,0,-11,9,1,-1,-2,-3,1,12,9,8,-12,-1,None
0,-4,0,-11,9,1,-1,-2,-3,1,12,9,8,-12,-1,None
0,-4,0,-11,9,1,-1,-2,-3,1,12,9,8,-12,-1,None
0,1,0,-3,5,8,-1,1,1,1,12,9,8,-12,-1,None
0,-2,-8,-2,-5,-13,-1,-3,-1,1,12,9,8,-12,-1,None
0,-3,9,0,-7,1,-1,-2,-1,1,12,9,8,-12,-1,None
0,0,4,1,7,6,-1,-1,-1,1,12,9,8,-12,-1,None
0,0,4,1,7,6,-1,-1,-1,1,12,9,8,-12,-1,None
0,0,4,1,7,6,-1,-1,-1,1,12,9,8,-12,-1,None
0,-3,-2,-4,-4,-2,-1,-1,-3,1,12,9,8,-12,-1,None
0,-1,2,-3,-3,1,-1,-1,-2,1,12,9,8,-12,-1,None
0,2,9,-7,-6,-1,-1,-1,-1,1,12,9,8,-12,-1,None
0,-2,-34,-1,7,1,-2,-3,-1,1,12,9,8,-12,-1,None
0,-2,-34,-1,7,1,-2,-3,-1,1,12,9,8,-12,-1,None
0,-2,-34,-1,7,1,-2,-3,-1,1,12,9,8,-12,-1,None
0,1,2,0,8,1,0,0,-1,1,12,9,8,-12,-1,None
0,-4,-7,2,8,5,-4,-3,-3,1,12,9,8,-12,-1,None
0,-1,-2,-5,-6,1,0,-2,-2,1,12,9,8,-12,-1,None
0,-1,4,-4,1,3,-2,-2,0,1,12,9,8,-12,-1,None
0,-1,4,-4,1,3,-2,-2,0,1,12,9,8,-12,-1,None
0,-1,4,-4,1,3,-2,-2,0,1,12,9,8,-12,-1,None
0,0,3,-2,-7,-8,-1,-2,-1,1,12,9,8,-12,-1,None
0,1,-1,-2,-3,-2,-1,-1,-1,1,12,9,8,-12,-1,None
0,0,2,-2,0,0,-3,-1,-1,1,12,9,8,-12,-1,None
0,-1,6,-1,4,1,-1,-1,-2,1,12,9,8,-12,-1,None
0,-1,6,-1,4,1,-1,-1,-2,1,12,9,8,-12,-1,None
0,-1,6,-1,4,1,-1,-1,-2,1,12,9,8,-12,-1,None
0,-3,-2,-4,0,-2,-1,-1,-2,1,12,9,8,-12,-1,None
0,0,0,2,8,2,1,0,1,1,12,9,8,-12,-1,None
0,7,26,-3,12,-8,1,1,0,1,12,9,8,-12,-1,None
0,-5,-27,-10,-44,-1,-8,-5,-5,1,12,9,8,-12,-1,None
0,-5,-27,-10,-44,-1,-8,-5,-5,1,12,9,8,-12,-1,None
0,-5,-27,-10,-44,-1,-8,-5,-5,1,12,9,8,-12,-1,None
0,-3,1,0,1,7,-1,-2,-2,1,12,9,8,-12,-1,None
0,0,-4,-2,5,3,0,0,0,1,12,9,8,-12,-1,None
0,-2,-2,2,-6,-3,0,-1,-1,1,12,9,8,-12,-1,None
0,1,14,2,15,-1,2,0,0,1,12,9,8,-12,-1,None
0,1,14,2,15,-1,2,0,0,1,12,9,8,-12,-1,None
0,1,14,2,15,-1,2,0,0,1,12,9,8,-12,-1,None
0,0,0,-3,-4,-4,-2,-3,-2,1,12,9,8,-12,-1,None
0,0,0,-5,-10,-2,-2,-2,-2,1,12,9,8,-12,-1,None
0,-3,-2,-5,-4,3,-2,-1,-2,1,12,9,8,-12,-1,None
0,-1,6,0,11,3,1,0,0,1,12,9,8,-12,-1,None
0,-1,6,0,11,3,1,0,0,1,12,9,8,-12,-1,None
0,-1,6,0,11,3,1,0,0,1,12,9,8,-12,-1,None
0,-10,-9,-4,-9,1,-1,-2,-1,1,12,9,8,-12,-1,None
0,17,26,1,0,0,-1,-1,1,1,12,9,8,-12,-1,None
0,-5,-11,2,-9,-2,-2,1,0,1,12,9,8,-12,-1,None
0,1,8,3,16,8,1,0,-1,1,12,9,8,-12,-1,None
0,1,8,3,16,8,1,0,-1,1,12,9,8,-12,-1,None
0,1,8,3,16,8,1,0,-1,1,12,9,8,-12,-1,None
0,-6,-6,0,10,3,0,-2,-2,1,12,9,8,-12,-1,None
0,-3,2,-9,-3,5,1,0,-2,1,12,9,8,-12,-1,None
0,-2,-4,0,-4,-1,-4,-3,-3,1,12,9,8,-12,-1,None
0,-2,2,0,-5,-3,-2,0,-1,1,12,9,8,-12,-1,None
0,-2,2,0,-5,-3,-2,0,-1,1,12,9,8,-12,-1,None
0,-2,2,0,-5,-3,-2,0,-1,1,12,9,8,-12,-1,None
0,5,15,0,-2,-3,-1,0,-1,1,12,9,8,-12,-1,None
0,-4,-4,-4,-10,-1,-3,-2,-1,1,12,9,8,-12,-1,None
0,-1,-6,-5,-26,-14,0,0,-4,1,12,9,8,-12,-1,None
0,-4,14,11,15,9,-3,-2,-1,1,12,9,8,-12,-1,None
0,-4,14,11,15,9,-3,-2,-1,1,12,9,8,-12,-1,None
0,-4,14,11,15,9,-3,-2,-1,1,12,9,8,-12,-1,None
0,2,0,-3,-2,10,2,-2,-3,1,12,9,8,-12,-1,None
0,-3,-4,-3,3,4,-2,-2,0,1,12,9,8,-12,-1,None
0,-2,-5,-3,4,2,-1,-1,-2,1,12,9,8,-12,-1,None
0,-1,4,-1,0,-5,-1,-1,-1,1,12,9,8,-12,-1,None
0,-1,4,-1,0,-5,-1,-1,-1,1,12,9,8,-12,-1,None
0,-1,4,-1,0,-5,-1,-1,-1,1,12,9,8,-12,-1,None
0,0,5,-2,-4,-3,-2,-1,1,1,12,9,8,-12,-1,None
0,-5,-3,1,-3,-3,-1,-1,-3,1,12,9,8,-12,-1,None
0,-2,5,-5,9,7,0,-2,0,1,12,9,8,-12,-1,None
0,0,-4,-5,4,3,1,0,-2,1,12,9,8,-12,-1,None
0,0,-4,-5,4,3,1,0,-2,1,12,9,8,-12,-1,None
0,0,-4,-5,4,3,1,0,-2,1,12,9,8,-12,-1,None
0,1,-1,-2,-2,-2,-2,-2,-2,1,12,9,8,-12,-1,None
0,-2,0,-6,-4,-3,-1,-1,-4,1,12,9,8,-12,-1,None
0,-5,-37,-1,0,-2,-2,-4,-1,1,12,9,8,-12,-1,None
0,-2,0,-4,-3,-6,-2,-3,-1,1,12,9,8,-12,-1,None
0,-2,0,-4,-3,-6,-2,-3,-1,1,12,9,8,-12,-1,None
0,-2,0,-4,-3,-6,-2,-3,-1,1,12,9,8,-12,-1,None
0,-2,-6,-4,6,3,0,-1,-1,1,12,9,8,-12,-1,None
0,-2,-5,1,-11,-3,0,0,0,1,12,9,8,-12,-1,None
0,0,12,0,7,3,-2,-2,-3,1,12,9,8,-12,-1,None
0,-9,-5,-5,4,-4,0,-1,-2,1,12,9,8,-12,-1,None
0,-9,-5,-5,4,-4,0,-1,-2,1,12,9,8,-12,-1,None
0,-9,-5,-5,4,-4,0,-1,-2,1,12,9,8,-12,-1,None
0,9,22,-3,-6,-5,-1,0,0,1,12,9,8,-12,-1,None
0,-2,-20,7,0,-4,-1,-2,-1,1,12,9,8,-12,-1,None
0,-2,4,-1,16,16,-1,-3,-1,1,12,9,8,-12,-1,None
0,-2,-6,-9,-20,-6,-1,-1,-2,1,12,9,8,-12,-1,None
0,-2,-6,-9,-20,-6,-1,-1,-2,1,12,9,8,-12,-1,None
0,-2,-6,-9,-20,-6,-1,-1,-2,1,12,9,8,-12,-1,None
0,-3,3,1,-1,-4,-1,0,-1,1,12,9,8,-12,-1,None
0,-1,6,-3,-2,3,-1,-1,-2,1,12,9,8,-12,-1,None
0,1,3,-1,-7,-2,-1,-1,0,1,12,9,8,-12,-1,None
0,4,-5,1,8,5,-1,-1,-1,1,12,9,8,-12,-1,None
0,4,-5,1,8,5,-1,-1,-1,1,12,9,8,-12,-1,None
0,4,-5,1,8,5,-1,-1,-1,1,12,9,8,-12,-1,None
0,-4,-4,-3,-3,-1,-2,-1,-2,1,12,9,8,-12,-1,None
0,7,10,-3,-9,-4,-2,-2,-2,1,12,9,8,-12,-1,None
0,-5,5,-8,2,-2,-2,-2,-2,1,12,9,8,-12,-1,None
0,-1,1,0,3,10,1,-1,0,1,12,9,8,-12,-1,None
0,-1,1,0,3,10,1,-1,0,1,12,9,8,-12,-1,None
0,-1,1,0,3,10,1,-1,0,1,12,9,8,-12,-1,None
0,-3,-3,-2,0,-6,-1,-2,-1,1,12,9,8,-12,-1,None
0,-3,3,-2,12,5,-2,-2,-1,1,12,9,8,-12,-1,None
0,0,7,1,-1,0,-2,0,-2,1,12,9,8,-12,-1,None
0,3,2,-1,-4,-1,-1,-1,-2,1,12,9,8,-12,-1,None
0,3,2,-1,-4,-1,-1,-1,-2,1,12,9,8,-12,-1,None
0,3,2,-1,-4,-1,-1,-1,-2,1,12,9,8,-12,-1,None
0,-3,-3,-2,-4,-2,0,-1,-1,1,12,9,8,-12,-1,None
0,-20,5,-1,0,2,1,-1,-5,1,12,9,8,-12,-1,None
0,26,-29,-4,35,-4,1,-1,4,1,12,9,8,-12,-1,None
0,1,15,2,-58,2,-5,-4,-4,1,12,9,8,-12,-1,None
0,1,15,2,-58,2,-5,-4,-4,1,12,9,8,-12,-1,None
0,1,15,2,-58,2,-5,-4,-4,1,12,9,8,-12,-1,None
0,-1,-29,-1,16,9,-1,-4,-2,1,12,9,8,-12,-1,None
0,-3,-4,-1,6,11,0,-2,-2,1,12,9,8,-12,-1,None
0,-7,8,-5,-13,-2,-2,0,-3,1,12,9,8,-12,-1,None
0,-1,7,-1,18,-2,1,1,0,1,12,9,8,-12,-1,None
0,-1,7,-1,18,-2,1,1,0,1,12,9,8,-12,-1,None
0,-1,7,-1,18,-2,1,1,0,1,12,9,8,-12,-1,None
0,0,4,0,-1,-5,-3,-1,-1,1,12,9,8,-12,-1,None
0,0,2,-3,-11,-3,-2,-2,-1,1,12,9,8,-12,-1,None
0,-6,2,0,-7,3,-1,-1,-2,1,12,9,8,-12,-1,None
0,16,-11,4,11,0,-1,0,3,1,12,9,8,-12,-1,None
0,16,-11,4,11,0,-1,0,3,1,12,9,8,-12,-1,None
0,16,-11,4,11,0,-1,0,3,1,12,9,8,-12,-1,None
0,-24,31,-4,-9,3,-2,-1,-8,1,12,9,8,-12,-1,None
0,-2,6,9,-1,-8,-1,-3,-1,1,12,9,8,-12,-1,None
0,-5,10,-1,-13,5,-1,-1,-3,1,12,9,8,-12,-1,None
0,-2,-2,2,11,-1,-1,-1,0,1,12,9,8,-12,-1,None
0,-2,-2,2,11,-1,-1,-1,0,1,12,9,8,-12,-1,None
0,-2,-2,2,11,-1,-1,-1,0,1,12,9,8,-12,-1,None
0,7,-5,-5,-3,-2,-2,-2,0,1,12,9,8,-12,-1,None
0,3,0,-5,3,2,-1,-3,0,1,12,9,8,-12,-1,None
0,-6,1,2,-3,1,-1,-3,-2,1,12,9,8,-12,-1,None
0,-6,1,-6,0,-1,-1,-3,-2,1,12,9,8,-12,-1,None
0,-6,1,-6,0,-1,-1,-3,-2,1,12,9,8,-12,-1,None
0,-6,1,-6,0,-1,-1,-3,-2,1,12,9,8,-12,-1,None
0,4,-6,-1,-1,2,-1,0,-1,1,12,9,8,-12,-1,None
0,0,-4,-3,-3,-2,-3,-1,-2,1,12,9,8,-12,-1,None
0,-3,25,-1,-9,-4,0,-2,-3,1,12,9,8,-12,-1,None
0,-7,-43,-4,22,4,2,1,-1,1,12,9,8,-12,-1,None
0,-7,-43,-4,22,4,2,1,-1,1,12,9,8,-12,-1,None
0,-7,-43,-4,22,4,2,1,-1,1,12,9,8,-12,-1,None
0,-1,3,0,-20,1,-1,-4,-2,1,12,9,8,-12,-1,None
0,1,-6,-1,2,3,0,0,0,1,12,9,8,-12,-1,None
0,-5,8,-4,-2,-3,-2,-1,-4,1,12,9,8,-12,-1,None
0,-2,15,-2,1,-3,-1,-1,-2,1,12,9,8,-12,-1,None
0,-2,15,-2,1,-3,-1,-1,-2,1,12,9,8,-12,-1,None
0,-2,15,-2,1,-3,-1,-1,-2,1,12,9,8,-12,-1,None
0,0,-3,0,-2,-4,-1,1,0,1,12,9,8,-12,-1,None
0,-4,-8,-5,-1,1,-2,-1,-1,1,12,9,8,-12,-1,None
0,0,-1,0,-1,0,-2,-2,-1,1,12,9,8,-12,-1,None
0,-1,10,-2,-3,0,-1,-3,-2,1,12,9,8,-12,-1,None
0,-1,10,-2,-3,0,-1,-3,-2,1,12,9,8,-12,-1,None
0,-1,10,-2,-3,0,-1,-3,-2,1,12,9,8,-12,-1,None
0,-3,-4,-4,0,-1,-1,0,1,1,12,9,8,-12,-1,None
0,0,15,-2,3,3,-1,-3,-3,1,12,9,8,-12,-1,None
0,-1,9,2,-1,-2,-1,-2,0,1,12,9,8,-12,-1,None
0,-2,7,-2,2,4,-2,-3,-1,1,12,9,8,-12,-1,None
0,-2,7,-2,2,4,-2,-3,-1,1,12,9,8,-12,-1,None
0,-2,7,-2,2,4,-2,-3,-1,1,12,9,8,-12,-1,None
0,0,-6,0,0,-5,1,0,-2,1,12,9,8,-12,-1,None
0,-1,3,-2,4,-2,0,0,-2,1,12,9,8,-12,-1,None
0,-2,-8,-4,-4,1,-1,-2,-1,1,12,9,8,-12,-1,None
0,3,37,-8,-10,0,-1,1,-1,1,12,9,8,-12,-1,None
0,3,37,-8,-10,0,-1,1,-1,1,12,9,8,-12,-1,None
0,3,37,-8,-10,0,-1,1,-1,1,12,9,8,-12,-1,None
0,0,6,11,-11,-8,-1,-1,0,1,12,9,8,-12,-1,None
0,-3,-5,-17,-16,1,-3,-3,-2,1,12,9,8,-12,-1,None
0,-1,-9,1,11,5,0,-2,-3,1,12,9,8,-12,-1,None
0,-1,12,-4,-8,-2,-1,0,-2,1,12,9,8,-12,-1,None
0,-1,12,-4,-8,-2,-1,0,-2,1,12,9,8,-12,-1,None
0,-1,12,-4,-8,-2,-1,0,-2,1,12,9,8,-12,-1,None
0,1,1,-5,3,0,0,0,-2,1,12,9,8,-12,-1,None
0,2,-2,2,1,-3,-2,-1,0,1,12,9,8,-12,-1,None
0,-1,-1,-1,-5,1,0,-1,-1,1,12,9,8,-12,-1,None
0,-7,-12,-6,8,-3,0,-2,-4,1,12,9,8,-12,-1,None
0,-7,-12,-6,8,-3,0,-2,-4,1,12,9,8,-12,-1,None
0,-7,-12,-6,8,-3,0,-2,-4,1,12,9,8,-12,-1,None
0,11,7,-4,-11,2,-2,-1,-2,1,12,9,8,-12,-1,None
0,-2,6,4,5,0,-1,-2,-1,1,12,9,8,-12,-1,None
0,-1,0,-5,-14,-12,0,-1,-1,1,12,9,8,-12,-1,None
0,-2,-3,0,29,13,-1,-2,-2,1,12,9,8,-12,-1,None
0,-2,-3,0,29,13,-1,-2,-2,1,12,9,8,-12,-1,None
0,-2,-3,0,29,13,-1,-2,-2,1,12,9,8,-12,-1,None
0,-2,-11,-6,3,9,-1,-4,-2,1,12,9,8,-12,-1,None
0,0,11,-4,-4,-7,0,-1,0,1,12,9,8,-12,-1,None
0,0,0,-1,-5,-2,-1,0,-1,1,12,9,8,-12,-1,None
0,-1,-3,0,-6,-6,-1,-2,0,1,12,9,8,-12,-1,None
0,-1,-3,0,-6,-6,-1,-2,0,1,12,9,8,-12,-1,None
0,-1,-3,0,-6,-6,-1,-2,0,1,12,9,8,-12,-1,None
0,-2,-19,-2,-3,0,-1,-2,1,1,12,9,8,-12,-1,None
