0,-1,0,-2,-2,-4,-49,-16,-26,1,12,9,8,-15,-4,None
0,-5,-2,-2,-6,-3,9,-51,10,1,12,9,8,-15,-4,None
0,1,1,-4,22,8,-36,40,-16,1,12,9,8,-15,-4,None
0,1,1,-4,22,8,-36,40,-16,1,12,9,8,-15,-4,None
0,1,1,-4,22,8,-36,40,-16,1,12,9,7,-16,-4,None
0,1,0,4,-15,-2,9,-31,14,1,12,9,7,-16,-4,None
0,2,1,-5,-17,3,40,72,-3,1,12,9,7,-16,-4,None
0,-4,-3,0,0,-1,-4,-20,-11,1,12,9,7,-16,-4,None
0,0,2,3,-1,3,-33,-33,7,1,12,9,7,-16,-4,None
0,0,2,3,-1,3,-33,-33,7,1,12,9,7,-16,-4,None
0,0,2,3,-1,3,-33,-33,7,1,12,9,5,-16,-4,None
0,-3,2,5,-39,-3,73,74,-5,1,12,9,5,-16,-4,None
0,-5,-1,1,9,9,-56,-62,-9,1,12,9,5,-16,-4,None
0,0,1,1,-7,-7,-10,2,-6,1,12,9,5,-16,-4,None
0,-6,-1,7,1,4,20,-3,-3,1,12,9,5,-16,-4,None
0,-6,-1,7,1,4,20,-3,-3,0,12,9,5,-16,-4,None
0,-6,-1,7,1,4,20,-3,-3,0,12,9,4,-16,-3,None
0,2,4,3,6,6,-27,10,9,0,12,9,4,-16,-3,None
0,-3,0,-1,-9,-12,23,-20,-5,0,12,9,4,-16,-3,None
0,-3,-1,-3,-7,0,-25,-9,-16,0,12,9,4,-16,-3,None
0,-1,0,2,6,9,23,8,10,0,12,9,4,-16,-3,None
0,-1,0,2,6,9,23,8,10,0,12,9,4,-16,-3,None
0,-1,0,2,6,9,23,8,10,0,12,9,2,-16,-3,None
0,-3,-4,-8,-38,-4,13,12,-7,0,12,9,2,-16,-3,None
0,-4,0,9,-15,-14,-35,-21,-4,0,12,9,2,-16,-3,None
0,1,0,-7,7,11,1,-20,-9,0,12,9,2,-16,-3,None
0,-2,4,11,-22,-12,10,48,8,0,12,9,2,-16,-3,None
0,-2,4,11,-22,-12,10,48,8,0,12,9,2,-16,-3,None
0,-2,4,11,-22,-12,10,48,8,0,12,9,0,-15,-4,None
0,0,2,-10,15,3,9,-14,10,0,12,9,0,-15,-4,None
0,-1,3,11,13,11,-5,-6,4,0,12,9,0,-15,-4,None
0,-3,0,0,3,-15,-25,3,-5,0,12,9,0,-15,-4,None
0,4,6,4,39,15,4,-22,5,0,12,9,0,-15,-4,None
0,4,6,4,39,15,4,-22,5,0,12,9,0,-15,-4,None
0,4,6,4,39,15,4,-22,5,0,12,9,0,-14,-3,None
0,-3,-1,-5,-27,-4,12,21,-1,0,12,9,0,-14,-3,None
0,1,0,-1,0,13,4,-4,6,0,12,9,0,-14,-3,None
0,-2,2,3,-7,-7,-8,6,-9,0,12,9,0,-14,-3,None
0,-4,-3,-4,-22,-10,-14,-28,6,0,12,9,0,-14,-3,None
0,-4,-3,-4,-22,-10,-14,-28,6,0,12,9,0,-14,-3,None
0,-4,-3,-4,-22,-10,-14,-28,6,0,12,9,0,-14,-3,None
0,-1,0,-4,14,10,15,5,-30,0,12,9,0,-14,-3,None
0,5,1,-11,-13,-10,-6,4,20,0,12,9,0,-14,-3,None
0,2,2,-4,-17,-2,-10,4,7,0,12,9,0,-14,-3,None
0,-2,-2,-7,6,6,16,-2,-20,0,12,9,0,-14,-3,None
0,-2,-2,-7,6,6,16,-2,-20,0,12,9,0,-14,-3,None
0,-2,-2,-7,6,6,16,-2,-20,0,12,9,0,-14,-3,None
0,-2,1,3,14,-6,-10,-8,18,0,12,9,0,-14,-3,None
0,-8,-5,-5,-3,6,1,-14,-29,0,12,9,0,-14,-3,None
0,2,0,-6,-1,12,11,35,34,0,12,9,0,-14,-3,None
0,-3,-1,-7,7,-2,-9,-4,6,0,12,9,0,-14,-3,None
0,-3,-1,-7,7,-2,-9,-4,6,17,12,8,0,-14,-3,None
0,-3,-1,-7,7,-2,-9,-4,6,17,12,8,-1,-13,-3,None
0,3,2,-5,3,-3,2,-6,-6,17,12,8,-1,-13,-3,None
0,-2,-6,5,26,5,-17,-11,-12,17,12,8,-1,-13,-3,None
0,-3,-3,-12,-43,-2,3,8,-10,17,12,8,-1,-13,-3,None
0,-3,-2,-4,-5,-7,-18,-23,-29,17,12,8,-1,-13,-3,None
0,-3,-2,-4,-5,-7,-18,-23,-29,17,12,8,-1,-13,-3,None
0,-3,-2,-4,-5,-7,-18,-23,-29,17,12,8,-1,-13,-3,None
0,-2,-1,2,47,12,15,7,1,17,12,8,-1,-13,-3,None
0,3,6,4,1,-12,-13,-8,5,17,12,8,-1,-13,-3,None
0,-6,-3,-6,-10,-1,3,2,-11,17,12,8,-1,-13,-3,None
0,1,-1,-8,-20,-9,-1,-11,-1,17,12,8,-1,-13,-3,None
0,1,-1,-8,-20,-9,-1,-11,-1,17,12,8,-1,-13,-3,None
0,1,-1,-8,-20,-9,-1,-11,-1,17,12,8,-2,-12,-3,None
0,-3,1,-1,-3,-9,-7,7,-19,17,12,8,-2,-12,-3,None
0,-1,2,-2,-5,-1,-14,-13,8,17,12,8,-2,-12,-3,None
0,-4,-1,-6,1,0,8,9,-2,17,12,8,-2,-12,-3,None
0,1,3,-2,-5,9,-7,2,20,17,12,8,-2,-12,-3,None
0,1,3,-2,-5,9,-7,2,20,17,12,8,-2,-12,-3,None
0,1,3,-2,-5,9,-7,2,20,17,12,8,-2,-12,-3,None
0,1,1,-5,0,6,16,-9,-12,17,12,8,-2,-12,-3,None
0,-4,-10,-6,0,-4,-4,-8,-13,17,12,8,-2,-12,-3,None
0,-1,0,4,46,8,-9,-5,-9,17,12,8,-2,-12,-3,None
0,-4,-1,0,7,0,2,-12,0,17,12,8,-2,-12,-3,None
0,-4,-1,0,7,0,2,-12,0,17,12,8,-2,-12,-3,None
0,-4,-1,0,7,0,2,-12,0,17,12,8,-2,-12,-3,None
0,-2,-1,-7,-10,0,4,17,-11,17,12,8,-2,-12,-3,None
0,-1,2,-10,-5,-4,-9,-7,5,17,12,8,-2,-12,-3,None
0,1,4,9,27,8,8,-13,0,17,12,8,-2,-12,-3,None
0,0,2,-2,-32,-17,-11,1,-32,17,12,8,-2,-12,-3,None
0,0,2,-2,-32,-17,-11,1,-32,17,12,8,-2,-12,-3,None
0,0,2,-2,-32,-17,-11,1,-32,17,12,8,-2,-12,-3,None
0,-5,-9,-19,14,19,2,15,60,17,12,8,-2,-12,-3,None
0,-1,1,0,-10,4,11,16,-21,17,12,8,-2,-12,-3,None
0,-2,1,8,17,-4,-5,-3,5,17,12,8,-2,-12,-3,None
0,3,5,6,68,6,11,-8,-15,17,12,8,-2,-12,-3,None
0,3,5,6,68,6,11,-8,-15,17,12,8,-2,-12,-3,None
0,3,5,6,68,6,11,-8,-15,17,12,8,-2,-12,-3,None
0,-2,0,0,-48,-17,-24,-22,-6,17,12,8,-2,-12,-3,None
0,-2,1,-12,-7,6,5,3,0,17,12,8,-2,-12,-3,None
0,-1,0,2,-12,-2,0,12,-17,17,12,8,-2,-12,-3,None
0,2,10,-2,14,5,8,0,11,17,12,8,-2,-12,-3,None
0,2,10,-2,14,5,8,0,11,16,12,8,-2,-12,-3,None
0,2,10,-2,14,5,8,0,11,16,12,8,-3,-12,-3,None
0,-5,-16,8,48,4,-5,-10,-17,16,12,8,-3,-12,-3,None
0,-1,2,-4,-71,-14,-7,-3,-33,16,12,8,-3,-12,-3,None
0,-1,-5,-4,58,0,-3,-1,34,16,12,8,-3,-12,-3,None
0,-5,-7,-13,-66,-9,0,-7,-30,16,12,8,-3,-12,-3,None
0,-5,-7,-13,-66,-9,0,-7,-30,16,12,8,-3,-12,-3,None
0,-5,-7,-13,-66,-9,0,-7,-30,16,12,8,-3,-12,-3,None
0,5,11,3,-13,6,15,16,15,16,12,8,-3,-12,-3,None
0,-2,0,-14,36,10,-3,-2,-6,16,12,8,-3,-12,-3,None
0,-1,6,7,-17,-8,-9,-5,2,16,12,8,-3,-12,-3,None
0,3,16,2,-31,-14,-9,-16,23,16,12,8,-3,-12,-3,None
0,3,16,2,-31,-14,-9,-16,23,16,12,7,-3,-12,-3,None
0,3,16,2,-31,-14,-9,-16,23,16,12,7,-3,-12,-3,None
0,-2,-36,-2,18,0,-2,-11,25,16,12,7,-3,-12,-3,None
0,1,2,-2,25,7,3,-10,-31,16,12,7,-3,-12,-3,None
0,-17,16,-4,-46,-11,-9,-8,-21,16,12,7,-3,-12,-3,None
0,-2,-11,-3,46,11,2,31,80,16,12,7,-3,-12,-3,None
0,-2,-11,-3,46,11,2,31,80,16,12,7,-3,-12,-3,None
0,-2,-11,-3,46,11,2,31,80,16,12,7,-3,-13,-3,None
0,12,28,4,-19,-5,-4,5,11,16,12,7,-3,-13,-3,None
0,0,-4,4,-19,7,16,41,2,16,12,7,-3,-13,-3,None
0,9,-9,-6,49,12,0,-21,32,16,12,7,-3,-13,-3,None
0,-10,-5,3,-1,-3,-10,-58,-116,16,12,7,-3,-13,-3,None
0,-10,-5,3,-1,-3,-10,-58,-116,16,12,7,-3,-13,-3,None
0,-10,-5,3,-1,-3,-10,-58,-116,16,12,7,-3,-12,-3,None
0,-1,-6,-7,-6,-6,-2,29,27,16,12,7,-3,-12,-3,None
0,16,44,6,-15,0,-2,18,34,16,12,7,-3,-12,-3,None
0,-7,-24,-14,-3,6,9,3,49,16,12,7,-3,-12,-3,None
0,5,-6,-4,1,-5,0,37,42,16,12,7,-3,-12,-3,None
0,5,-6,-4,1,-5,0,37,42,16,12,7,-3,-12,-3,None
0,5,-6,-4,1,-5,0,37,42,16,12,7,-4,-13,-3,None
0,-12,-17,-3,-5,-6,-13,-36,-71,16,12,7,-4,-13,-3,None
0,5,1,-3,14,3,-6,-55,55,16,12,7,-4,-13,-3,None
0,-14,-6,1,-18,3,6,-7,-59,16,12,7,-4,-13,-3,None
0,1,4,3,-6,-1,-1,18,73,16,12,7,-4,-13,-3,None
0,1,4,3,-6,-1,-1,18,73,16,12,7,-4,-13,-3,None
0,1,4,3,-6,-1,-1,18,73,16,12,7,-4,-13,-2,None
0,-1,14,1,-6,-4,-6,38,5,16,12,7,-4,-13,-2,None
0,2,-1,6,4,0,1,-15,-8,16,12,7,-4,-13,-2,None
0,5,0,2,-27,-7,-9,-17,-72,16,12,7,-4,-13,-2,None
0,-1,-6,6,3,10,16,23,85,16,12,7,-4,-13,-2,None
0,-1,-6,6,3,10,16,23,85,16,12,7,-4,-13,-2,None
0,-1,-6,6,3,10,16,23,85,16,12,7,-3,-12,0,None
0,-6,22,1,-21,-7,-7,-51,-30,16,12,7,-3,-12,0,None
0,-16,-39,-11,46,-1,-11,6,1,16,12,7,-3,-12,0,None
0,15,12,4,14,18,20,56,-36,16,12,7,-3,-12,0,None
0,6,43,-3,3,0,-3,-10,-32,16,12,7,-3,-12,0,None
0,6,43,-3,3,0,-3,-10,-32,16,12,7,-3,-12,0,None
0,6,43,-3,3,0,-3,-10,-32,16,12,7,-3,-15,-1,None
0,-19,-49,-5,-7,-7,-12,-59,-45,16,12,7,-3,-15,-1,None
0,-2,0,6,-14,1,4,-3,-33,16,12,7,-3,-15,-1,None
0,39,12,-7,27,-9,-13,17,61,16,12,7,-3,-15,-1,None
0,-46,-13,-12,-74,2,5,7,65,16,12,7,-3,-15,-1,None
0,-46,-13,-12,-74,2,5,7,65,16,12,7,-3,-15,-1,None
0,-46,-13,-12,-74,2,5,7,65,16,12,7,-5,-14,-2,None
0,7,18,-8,15,8,3,10,-17,16,12,7,-5,-14,-2,None
0,-28,0,-2,-5,-3,-6,-18,-23,16,12,7,-5,-14,-2,None
0,1,-3,5,-2,0,-2,22,20,16,12,7,-5,-14,-2,None
0,7,10,-3,16,5,1,-23,-23,16,12,7,-5,-14,-2,None
0,7,10,-3,16,5,1,-23,-23,16,12,7,-5,-14,-2,None
0,7,10,-3,16,5,1,-23,-23,16,12,7,-6,-12,-3,None
0,-13,7,-5,-1,7,6,25,18,16,12,7,-6,-12,-3,None
0,-3,-3,0,-5,-5,-8,-16,-2,16,12,7,-6,-12,-3,None
0,-10,-2,-1,-9,-5,-10,-34,-18,16,12,7,-6,-12,-3,None
0,-2,-12,7,15,2,-2,10,-29,16,12,7,-6,-12,-3,None
0,-2,-12,7,15,2,-2,10,-29,16,12,7,-6,-12,-3,None
0,-2,-12,7,15,2,-2,10,-29,16,12,7,-5,-13,-3,None
0,4,3,5,13,9,9,13,17,16,12,7,-5,-13,-3,None
0,22,41,-3,-15,-6,-3,23,40,16,12,7,-5,-13,-3,None
0,-15,-10,-5,-16,-7,-3,-35,-1,16,12,7,-5,-13,-3,None
0,17,-4,-5,17,6,5,31,-81,16,12,7,-5,-13,-3,None
0,17,-4,-5,17,6,5,31,-81,16,12,7,-5,-13,-3,None
0,17,-4,-5,17,6,5,31,-81,16,12,7,-5,-14,-3,None
0,-1,5,-7,8,-5,-11,5,35,16,12,7,-5,-14,-3,None
0,5,20,-3,0,6,10,0,0,16,12,7,-5,-14,-3,None
0,-18,-4,-3,-7,-6,-10,-42,-29,16,12,7,-5,-14,-3,None
0,-7,-12,-3,-3,-5,1,21,-5,16,12,7,-5,-14,-3,None
0,-7,-12,-3,-3,-5,1,21,-5,16,12,7,-5,-14,-3,None
0,-7,-12,-3,-3,-5,1,21,-5,16,12,7,-5,-13,-3,None
0,7,6,7,0,4,-8,-65,-59,16,12,7,-5,-13,-3,None
0,-4,5,-4,0,-4,4,61,30,16,12,7,-5,-13,-3,None
0,-14,5,-1,-10,0,-1,9,-54,16,12,7,-5,-13,-3,None
0,6,-4,-4,18,0,-7,-38,-42,16,12,7,-5,-13,-3,None
0,6,-4,-4,18,0,-7,-38,-42,16,12,7,-5,-13,-3,None
0,6,-4,-4,18,0,-7,-38,-42,16,12,7,-6,-12,-3,None
0,-3,3,0,2,-1,6,31,55,16,12,7,-6,-12,-3,None
0,-10,-18,-5,-10,-6,-9,-41,-16,16,12,7,-6,-12,-3,None
0,2,8,-1,-2,-5,-6,-25,3,16,12,7,-6,-12,-3,None
0,69,-4,1,4,17,20,61,-1,16,12,7,-6,-12,-3,None
0,69,-4,1,4,17,20,61,-1,16,12,7,-6,-12,-3,None
0,69,-4,1,4,17,20,61,-1,16,12,7,-6,-12,-3,None
0,-18,11,5,6,-2,1,3,-50,16,12,7,-6,-12,-3,None
0,-15,-19,-1,-9,-5,-9,5,7,16,12,7,-6,-12,-3,None
0,0,-28,-5,7,14,14,37,55,16,12,7,-6,-12,-3,None
0,-9,1,-4,-2,-6,-15,-62,-53,16,12,7,-6,-12,-3,None
0,-9,1,-4,-2,-6,-15,-62,-53,16,12,7,-6,-12,-3,None
0,-9,1,-4,-2,-6,-15,-62,-53,16,12,7,-5,-13,-3,None
0,9,-1,-1,-6,-3,1,50,54,16,12,7,-5,-13,-3,None
0,9,-21,-5,10,2,5,-7,-31,16,12,7,-5,-13,-3,None
0,-3,22,9,-1,4,3,0,-19,16,12,7,-5,-13,-3,None
0,-16,5,-2,13,1,-5,-49,-16,16,12,7,-5,-13,-3,None
0,-16,5,-2,13,1,-5,-49,-16,16,12,7,-5,-13,-3,None
0,-16,5,-2,13,1,-5,-49,-16,16,12,7,-5,-13,-3,None
0,16,-25,1,7,10,11,38,6,16,12,7,-5,-13,-3,None
0,-6,13,-2,-25,-11,-8,47,40,16,12,7,-5,-13,-3,None
0,-5,-10,3,-14,-4,-6,-16,2,16,12,7,-5,-13,-3,None
0,-12,-11,-18,16,14,20,34,29,16,12,7,-5,-13,-3,None
0,-12,-11,-18,16,14,20,34,29,16,12,7,-5,-13,-3,None
0,-12,-11,-18,16,14,20,34,29,16,12,7,-6,-13,-3,None
0,4,18,0,-7,-4,-6,-32,8,16,12,7,-6,-13,-3,None
0,9,1,3,8,-2,-11,-58,-90,16,12,7,-6,-13,-3,None
0,6,6,-4,2,5,9,68,76,16,12,7,-6,-13,-3,None
0,-15,-2,3,-14,-5,-8,-22,-26,16,12,7,-6,-13,-3,None
0,-15,-2,3,-14,-5,-8,-22,-26,16,12,7,-6,-13,-3,None
0,-15,-2,3,-14,-5,-8,-22,-26,16,12,7,-5,-13,-3,None
0,-2,4,2,-6,-5,-8,-32,-42,16,12,7,-5,-13,-3,None
0,14,-8,-12,18,14,5,16,35,16,12,7,-5,-13,-3,None
0,-19,4,-5,-4,-5,-3,-27,-65,16,12,7,-5,-13,-3,None
0,3,-4,6,-3,-2,-5,14,8,16,12,7,-5,-13,-3,None
0,3,-4,6,-3,-2,-5,14,8,16,12,7,-5,-13,-3,None
0,3,-4,6,-3,-2,-5,14,8,16,12,7,-5,-13,-2,None
0,1,3,-3,-2,0,4,25,19,16,12,7,-5,-13,-2,None
0,-4,-6,3,-5,-3,-5,-37,-22,16,12,7,-5,-13,-2,None
0,12,34,-3,1,-10,-11,-4,-36,16,12,7,-5,-13,-2,None
0,1,-15,5,16,17,20,9,32,16,12,7,-5,-13,-2,None
0,1,-15,5,16,17,20,9,32,16,12,7,-5,-13,-2,None
0,1,-15,5,16,17,20,9,32,16,12,7,-5,-13,-3,None
0,-10,-2,-8,-7,-2,-1,-11,-34,16,12,7,-5,-13,-3,None
0,-9,-14,0,-11,0,2,7,-29,16,12,7,-5,-13,-3,None
0,2,3,-2,7,-3,-9,-25,-21,16,12,7,-5,-13,-3,None
0,-9,2,0,-10,-7,-19,-27,14,16,12,7,-5,-13,-3,None
0,-9,2,0,-10,-7,-19,-27,14,16,12,7,-5,-13,-3,None
0,-9,2,0,-10,-7,-19,-27,14,16,12,7,-5,-13,-3,None
0,12,22,-1,11,16,24,78,86,16,12,7,-5,-13,-3,None
0,-1,11,-7,6,-5,-4,-12,7,16,12,7,-5,-13,-3,None
0,0,-6,1,16,7,4,21,-20,16,12,7,-5,-13,-3,None
0,-5,2,-2,-22,-11,-9,-28,-23,16,12,7,-5,-13,-3,None
0,-5,2,-2,-22,-11,-9,-28,-23,16,12,7,-5,-13,-3,None
0,-5,2,-2,-22,-11,-9,-28,-23,16,12,7,-5,-13,-3,None
0,-4,-2,3,-1,0,-6,-38,-18,16,12,7,-5,-13,-3,None
0,-1,0,0,0,3,7,33,11,16,12,7,-5,-13,-3,None
0,-3,-10,-12,4,2,-4,-19,37,16,12,7,-5,-13,-3,None
0,-11,11,-8,18,7,5,-39,-6,16,12,7,-5,-13,-3,None
0,-11,11,-8,18,7,5,-39,-6,16,12,7,-5,-13,-3,None
0,-11,11,-8,18,7,5,-39,-6,16,12,7,-5,-13,-3,None
0,6,-4,-9,-8,-5,-5,43,37,16,12,7,-5,-13,-3,None
0,-5,3,1,-2,6,7,13,41,16,12,7,-5,-13,-3,None
0,0,-6,-5,-20,-7,-8,-24,4,16,12,7,-5,-13,-3,None
0,-5,5,13,11,-3,-8,-11,-20,16,12,7,-5,-13,-3,None
0,-5,5,13,11,-3,-8,-11,-20,16,12,7,-5,-13,-3,None
0,-5,5,13,11,-3,-8,-11,-20,16,12,7,-5,-13,-3,None
0,-10,-6,-4,-5,-4,-12,-46,-54,16,12,7,-5,-13,-3,None
0,2,-2,-2,-16,-4,0,-19,4,16,12,7,-5,-13,-3,None
0,2,-1,1,17,14,13,20,11,16,12,7,-5,-13,-3,None
0,1,4,0,-8,-6,-6,15,12,16,12,7,-5,-13,-3,None
0,1,4,0,-8,-6,-6,15,12,16,12,7,-5,-13,-3,None
0,1,4,0,-8,-6,-6,15,12,16,12,7,-5,-13,-3,None
0,2,1,4,-13,-5,0,-18,-21,16,12,7,-5,-13,-3,None
0,-4,1,3,17,-6,-18,-9,76,16,12,7,-5,-13,-3,None
0,3,4,0,-17,3,3,-52,-5,16,12,7,-5,-13,-3,None
0,8,7,4,18,6,10,115,38,16,12,7,-5,-13,-3,None
0,8,7,4,18,6,10,115,38,16,12,7,-5,-13,-3,None
0,8,7,4,18,6,10,115,38,16,12,7,-5,-13,-3,None
0,-1,-4,-4,-14,0,-1,-24,-15,16,12,7,-5,-13,-3,None
0,-6,-1,-13,-71,-6,-4,-20,-10,16,12,7,-5,-13,-3,None
0,-3,-5,-1,23,-2,-3,-9,3,16,12,7,-5,-13,-3,None
0,-2,-2,-2,-5,-9,-8,-11,7,16,12,7,-5,-13,-3,None
0,-2,-2,-2,-5,-9,-8,-11,7,16,12,7,-5,-13,-3,None
0,-2,-2,-2,-5,-9,-8,-11,7,16,12,7,-5,-13,-3,None
0,-1,3,3,64,12,-5,-23,-5,16,12,7,-5,-13,-3,None
0,1,-1,4,-14,1,9,13,1,16,12,7,-5,-13,-3,None
0,1,1,0,1,-1,6,18,14,16,12,7,-5,-13,-3,None
0,-3,-5,-20,-102,-6,-12,-18,-9,16,12,7,-5,-13,-3,None
0,-3,-5,-20,-102,-6,-12,-18,-9,16,12,7,-5,-13,-3,None
0,-3,-5,-20,-102,-6,-12,-18,-9,16,12,7,-5,-13,-3,None
0,-1,1,3,-14,-11,-1,2,-4,16,12,7,-5,-13,-3,None
0,-3,-4,-3,38,10,-19,-13,-24,16,12,7,-5,-13,-3,None
0,3,1,-1,-29,-13,20,12,1,16,12,7,-5,-13,-3,None
0,0,1,-3,12,-3,15,-10,-10,16,12,7,-5,-13,-3,None
0,0,1,-3,12,-3,15,-10,-10,16,12,7,-5,-13,-3,None
0,0,1,-3,12,-3,15,-10,-10,16,12,7,-5,-13,-3,None
0,-2,0,-4,-2,4,-1,-7,3,16,12,7,-5,-13,-3,None
0,1,1,-4,-41,-8,-6,3,-16,16,12,7,-5,-13,-3,None
0,-4,-1,-2,30,5,-21,-5,-5,16,12,7,-5,-13,-3,None
0,-2,1,5,5,-4,-28,-3,1,16,12,7,-5,-13,-3,None
0,-2,1,5,5,-4,-28,-3,1,16,12,7,-5,-13,-3,None
0,-2,1,5,5,-4,-28,-3,1,16,12,7,-5,-14,-3,None
0,2,0,-5,-19,18,33,-3,1,16,12,7,-5,-14,-3,None
0,3,3,-6,1,4,-1,-1,-12,16,12,7,-5,-14,-3,None
0,-1,1,7,5,9,-31,6,-5,16,12,7,-5,-14,-3,None
0,-1,-2,-13,-2,-23,49,-10,0,16,12,7,-5,-14,-3,None
0,-1,-2,-13,-2,-23,49,-10,0,16,12,7,-5,-14,-3,None
0,-1,-2,-13,-2,-23,49,-10,0,16,12,7,-5,-13,-3,None
0,-3,-1,1,1,4,-11,2,-2,16,12,7,-5,-13,-3,None
0,-2,-2,-4,22,-6,12,-1,-13,16,12,7,-5,-13,-3,None
0,-3,-1,-1,-7,10,-26,-2,-2,16,12,7,-5,-13,-3,None
0,-2,2,11,8,8,-5,-2,-3,16,12,7,-5,-13,-3,None
0,-2,2,11,8,8,-5,-2,-3,16,12,7,-5,-13,-3,None
0,-2,2,11,8,8,-5,-2,-3,16,12,7,-5,-12,-3,None
0,-2,-1,-7,-4,-20,-17,1,2,16,12,7,-5,-12,-3,None
0,1,3,2,20,22,2,0,-5,16,12,7,-5,-12,-3,None
0,-1,-2,-4,-18,5,10,2,-2,16,12,7,-5,-12,-3,None
0,-2,1,4,-6,3,6,-6,-3,16,12,7,-5,-12,-3,None
0,-2,1,4,-6,3,6,-6,-3,16,12,7,-5,-12,-3,None
0,-2,1,4,-6,3,6,-6,-3,16,12,7,-5,-12,-3,None
0,-2,-4,-11,-15,12,6,-3,-3,16,12,7,-5,-12,-3,None
0,0,2,0,-9,-6,-8,-6,-6,16,12,7,-5,-12,-3,None
0,-1,0,-5,-21,-4,4,0,0,16,12,7,-5,-12,-3,None
0,0,-1,-7,-2,-5,-13,-3,-4,16,12,7,-5,-12,-3,None
0,0,-1,-7,-2,-5,-13,-3,-4,16,12,7,-5,-12,-3,None
0,0,-1,-7,-2,-5,-13,-3,-4,16,12,7,-4,-12,-3,None
0,0,0,3,-18,-6,-9,-5,-3,16,12,7,-4,-12,-3,None
0,-2,0,0,4,-6,2,-1,-5,16,12,7,-4,-12,-3,None
0,0,-1,-7,3,4,19,3,2,16,12,7,-4,-12,-3,None
0,-1,0,-1,23,14,-12,-6,-4,16,12,7,-4,-12,-3,None
0,-1,0,-1,23,14,-12,-6,-4,16,12,7,-4,-12,-3,None
0,-1,0,-1,23,14,-12,-6,-4,16,12,7,-4,-12,-2,None
0,-1,1,1,16,-13,-7,-4,0,16,12,7,-4,-12,-2,None
0,0,1,0,29,7,11,2,-4,16,12,7,-4,-12,-2,None
0,0,1,-2,24,-9,0,0,-1,16,12,7,-4,-12,-2,None
0,-2,1,-4,23,6,1,-3,-2,16,12,7,-4,-12,-2,None
0,-2,1,-4,23,6,1,-3,-2,16,12,7,-4,-12,-2,None
0,-2,1,-4,23,6,1,-3,-2,16,12,7,-4,-12,-2,None
0,2,0,-4,0,-11,-1,2,2,16,12,7,-4,-12,-2,None
0,-2,-1,-5,48,14,9,0,-4,16,12,7,-4,-12,-2,None
0,-2,0,-2,6,0,0,-2,-1,16,12,7,-4,-12,-2,None
0,-1,-2,-6,3,-3,-9,-1,3,16,12,7,-4,-12,-2,None
0,-1,-2,-6,3,-3,-9,-1,3,16,12,8,-4,-12,-2,None
0,-1,-2,-6,3,-3,-9,-1,3,16,12,8,-4,-13,-2,None
0,-2,0,-4,34,2,1,-4,0,16,12,8,-4,-13,-2,None
0,-1,1,0,8,-7,-1,-1,-4,16,12,8,-4,-13,-2,None
0,-1,0,-4,32,0,4,0,-13,16,12,8,-4,-13,-2,None
0,-2,0,3,36,1,-5,-1,1,16,12,8,-4,-13,-2,None
0,-2,0,3,36,1,-5,-1,1,16,12,8,-4,-13,-2,None
0,-2,0,3,36,1,-5,-1,1,16,12,8,-3,-12,-2,None
0,-2,0,0,13,0,-5,-5,-13,16,12,8,-3,-12,-2,None
0,1,0,8,4,0,-2,2,6,16,12,8,-3,-12,-2,None
0,-3,0,6,-7,-1,3,-6,-2,16,12,8,-3,-12,-2,None
0,0,1,6,-28,-2,0,4,1,16,12,8,-3,-12,-2,None
0,0,1,6,-28,-2,0,4,1,16,12,8,-3,-12,-2,None
0,0,1,6,-28,-2,0,4,1,16,12,8,-3,-12,-2,None
0,-2,-2,10,-20,-2,-6,-4,2,16,12,8,-3,-12,-2,None
0,-2,1,7,-25,-1,-3,-2,-6,16,12,8,-3,-12,-2,None
0,1,2,7,-19,2,1,-2,0,16,12,8,-3,-12,-2,None
0,-2,1,2,-33,2,-1,-2,-15,16,12,8,-3,-12,-2,None
0,-2,1,2,-33,2,-1,-2,-15,17,12,8,-3,-12,-2,None
0,-2,1,2,-33,2,-1,-2,-15,17,12,8,-2,-12,-2,None
0,-2,0,7,-22,4,2,4,19,17,12,8,-2,-12,-2,None
0,-2,0,-5,-11,-3,-5,-4,-1,17,12,8,-2,-12,-2,None
0,-1,-1,-1,-13,0,0,-1,-9,17,12,8,-2,-12,-2,None
0,-2,-2,2,1,2,-4,-2,2,17,12,8,-2,-12,-2,None
0,-2,-2,2,1,2,-4,-2,2,17,12,8,-2,-12,-2,None
0,-2,-2,2,1,2,-4,-2,2,17,12,8,-2,-12,-3,None
0,-1,1,0,-1,3,4,-2,-6,17,12,8,-2,-12,-3,None
0,0,2,3,-1,-3,0,0,-5,17,12,8,-2,-12,-3,None
0,-2,-1,-11,-30,-1,-5,-5,7,17,12,8,-2,-12,-3,None
0,-3,0,-10,6,-5,-6,-5,-4,17,12,8,-2,-12,-3,None
0,-3,0,-10,6,-5,-6,-5,-4,17,12,8,-2,-12,-3,None
0,-3,0,-10,6,-5,-6,-5,-4,17,12,8,-2,-12,-3,None
0,-2,0,-3,-7,1,1,-2,-5,17,12,8,-2,-12,-3,None
0,-1,1,-2,-2,6,-1,-1,1,17,12,8,-2,-12,-3,None
0,-1,0,-8,18,0,-2,0,0,17,12,8,-2,-12,-3,None
0,-2,1,-7,-23,7,-4,-3,0,17,12,8,-2,-12,-3,None
0,-2,1,-7,-23,7,-4,-3,0,17,12,8,-2,-12,-3,None
0,-2,1,-7,-23,7,-4,-3,0,17,12,8,-2,-13,-3,None
0,1,2,-9,-14,-15,-3,-3,-4,17,12,8,-2,-13,-3,None
0,-3,-2,-6,17,5,1,-2,-3,17,12,8,-2,-13,-3,None
0,1,0,-7,-16,6,3,3,1,17,12,8,-2,-13,-3,None
0,-1,1,-4,15,-6,-1,-1,0,17,12,8,-2,-13,-3,None
0,-1,1,-4,15,-6,-1,-1,0,17,12,8,-2,-13,-3,None
0,-1,1,-4,15,-6,-1,-1,0,17,12,8,-1,-14,-3,None
0,-1,-1,-10,-8,10,-7,-5,-3,17,12,8,-1,-14,-3,None
0,-2,2,-3,29,-15,-5,-1,-5,17,12,8,-1,-14,-3,None
0,-1,-2,-17,-15,1,3,3,2,17,12,8,-1,-14,-3,None
0,-1,-2,-7,35,11,-1,-3,-2,17,12,8,-1,-14,-3,None
0,-1,-2,-7,35,11,-1,-3,-2,17,12,8,-1,-14,-3,None
0,-1,-2,-7,35,11,-1,-3,-2,17,12,8,-2,-14,-3,None
0,2,3,2,43,13,1,-1,-2,17,12,8,-2,-14,-3,None
0,-2,-2,-16,-21,-18,-6,-3,-2,17,12,8,-2,-14,-3,None
0,-5,-4,-8,-15,-9,-13,-5,-6,17,12,8,-2,-14,-3,None
0,2,3,-2,10,5,7,-3,0,17,12,8,-2,-14,-3,None
0,2,3,-2,10,5,7,-3,0,17,12,9,-2,-14,-3,None
0,2,3,-2,10,5,7,-3,0,17,12,9,-1,-14,-3,None
0,1,1,1,100,11,5,0,0,17,12,9,-1,-14,-3,None
0,-3,1,-3,11,17,1,0,-2,17,12,9,-1,-14,-3,None
0,-2,-2,-20,-85,-16,-12,-3,0,17,12,9,-1,-14,-3,None
0,-4,-4,-10,8,-7,-6,-4,-5,17,12,9,-1,-14,-3,None
0,-4,-4,-10,8,-7,-6,-4,-5,0,12,9,-1,-14,-3,None
0,-4,-4,-10,8,-7,-6,-4,-5,0,12,9,0,-14,-3,None
0,-1,1,4,37,13,-1,1,-2,0,12,9,0,-14,-3,None
0,0,1,-13,-36,-25,-6,-5,-2,0,12,9,0,-14,-3,None
0,0,1,11,-20,1,3,5,4,0,12,9,0,-14,-3,None
0,-2,0,-1,57,16,3,0,-1,0,12,9,0,-14,-3,None
0,-2,0,-1,57,16,3,0,-1,0,12,9,0,-14,-3,None
0,-2,0,-1,57,16,3,0,-1,0,12,9,0,-14,-2,None
0,-1,-3,-8,-75,-14,-2,0,-2,0,12,9,0,-14,-2,None
0,1,1,6,35,4,-14,-6,0,0,12,9,0,-14,-2,None
0,0,3,4,5,-9,13,2,0,0,12,9,0,-14,-2,None
0,-1,-1,-1,-37,6,-3,-1,0,0,12,9,0,-14,-2,None
0,-1,-1,-1,-37,6,-3,-1,0,0,12,9,0,-14,-2,None
0,-1,-1,-1,-37,6,-3,-1,0,0,12,9,2,-14,-2,None
0,-1,1,-5,71,32,10,6,1,0,12,9,2,-14,-2,None
0,-5,-4,-8,-74,-26,-9,-3,-5,0,12,9,2,-14,-2,None
0,-1,2,5,82,18,-7,-5,-2,0,12,9,2,-14,-2,None
0,3,5,2,-31,-24,3,-2,3,0,12,9,2,-14,-2,None
0,3,5,2,-31,-24,3,-2,3,0,12,9,2,-14,-2,None
0,3,5,2,-31,-24,3,-2,3,0,12,9,3,-15,-3,None
0,0,2,8,-24,-8,-8,-8,0,0,12,9,3,-15,-3,None
0,-1,-3,-30,0,52,6,1,-3,0,12,9,3,-15,-3,None
0,2,7,9,13,0,9,1,0,0,12,9,3,-15,-3,None
0,-9,-6,-11,-33,16,-16,-8,-8,0,12,9,3,-15,-3,None
0,-9,-6,-11,-33,16,-16,-8,-8,0,12,9,3,-15,-3,None
0,-9,-6,-11,-33,16,-16,-8,-8,0,12,9,4,-16,-3,None
0,-5,-3,0,-26,-11,-17,-12,-6,0,12,9,4,-16,-3,None
0,-1,-1,2,2,-14,10,4,0,0,12,9,4,-16,-3,None
0,0,2,-4,76,26,3,-3,-2,0,12,9,4,-16,-3,None
0,5,7,13,52,17,5,2,5,0,12,9,4,-16,-3,None
0,5,7,13,52,17,5,2,5,0,12,9,4,-16,-3,None
0,5,7,13,52,17,5,2,5,0,12,9,4,-17,-3,None
0,2,3,-14,-85,-54,-1,2,-2,0,12,9,4,-17,-3,None
0,2,3,10,97,51,3,-3,3,0,12,9,4,-17,-3,None
0,-1,-3,-11,-66,-50,-11,-3,2,0,12,9,4,-17,-3,None
0,4,7,35,28,40,6,6,4,0,12,9,4,-17,-3,None
0,4,7,35,28,40,6,6,4,1,12,9,4,-17,-3,None
0,4,7,35,28,40,6,6,4,1,12,9,5,-17,-3,None
0,-8,-12,-41,6,-4,-2,2,-6,1,12,9,5,-17,-3,None
0,2,1,4,-69,-37,2,0,0,1,12,9,5,-17,-3,None
0,3,10,25,12,-10,5,8,5,1,12,9,5,-17,-3,None
0,-11,-14,-24,0,15,-1,-14,-14,1,12,9,5,-17,-3,None
0,-11,-14,-24,0,15,-1,-14,-14,1,12,9,5,-17,-3,None
0,-11,-14,-24,0,15,-1,-14,-14,1,12,9,5,-14,-2,None
0,0,4,-1,-7,53,14,10,-2,1,12,9,5,-14,-2,None
0,4,3,5,-62,-25,7,3,3,1,12,9,5,-14,-2,None
0,-1,2,9,88,12,-3,1,-7,1,12,9,5,-14,-2,None
0,0,1,5,3,4,-1,-3,-1,1,12,9,5,-14,-2,None
0,0,1,5,3,4,-1,-3,-1,1,12,9,5,-14,-2,None
0,0,1,5,3,4,-1,-3,-1,1,12,9,5,-13,-2,None
0,-5,-6,-16,-91,-32,-7,-6,-7,1,12,9,5,-13,-2,None
0,-2,-2,-8,18,-11,-13,-15,-5,1,12,9,5,-13,-2,None
0,3,8,13,-2,51,18,7,-3,1,12,9,5,-13,-2,None
0,-1,1,-10,-35,-25,1,0,2,1,12,9,5,-13,-2,None
0,-1,1,-10,-35,-25,1,0,2,1,12,9,5,-13,-2,None
0,-1,1,-10,-35,-25,1,0,2,1,12,9,6,-13,-2,None
0,-2,3,5,38,88,5,5,1,1,12,9,6,-13,-2,None
0,-9,-6,-8,-24,-44,-7,-2,-1,1,12,9,6,-13,-2,None
0,0,-3,-13,40,40,-7,-11,-3,1,12,9,6,-13,-2,None
0,2,5,-6,-1,13,2,8,3,1,12,9,6,-13,-2,None
0,2,5,-6,-1,13,2,8,3,1,12,9,6,-13,-2,None
0,2,5,-6,-1,13,2,8,3,1,12,9,7,-14,-2,None
0,0,2,8,-18,-52,3,-2,1,1,12,9,7,-14,-2,None
0,-6,4,-6,3,-50,-7,2,0,1,12,9,7,-14,-2,None
0,-2,-22,-11,-3,54,-2,-9,-9,1,12,9,7,-14,-2,None
0,4,22,1,-12,-32,0,4,-1,1,12,9,7,-14,-2,None
0,4,22,1,-12,-32,0,4,-1,1,12,9,7,-14,-2,None
0,4,22,1,-12,-32,0,4,-1,1,12,9,7,-14,-2,None
0,-8,-41,-6,12,33,-4,-8,-1,1,12,9,7,-14,-2,None
0,3,3,21,72,33,3,4,1,1,12,9,7,-14,-2,None
0,-4,13,-7,-43,-37,1,-4,-1,1,12,9,7,-14,-2,None
0,-7,-7,-10,-74,24,-3,-1,-11,1,12,9,7,-14,-2,None
0,-7,-7,-10,-74,24,-3,-1,-11,1,12,9,7,-14,-2,None
0,-7,-7,-10,-74,24,-3,-1,-11,1,12,9,6,-13,-1,None
0,1,8,-2,-22,12,-6,-4,1,1,12,9,6,-13,-1,None
0,-3,-3,2,15,33,-1,-11,-3,1,12,9,6,-13,-1,None
0,0,2,3,10,-43,1,-3,0,1,12,9,6,-13,-1,None
0,-4,-8,-16,-17,-21,-8,-3,-2,1,12,9,6,-13,-1,None
0,-4,-8,-16,-17,-21,-8,-3,-2,1,12,9,6,-13,-1,None
0,-4,-8,-16,-17,-21,-8,-3,-2,1,12,9,6,-13,-1,None
0,0,14,16,18,-18,-1,1,3,1,12,9,6,-13,-1,None
0,-3,18,-4,-30,29,1,-1,-16,1,12,9,6,-13,-1,None
0,-4,2,0,7,-7,0,-2,9,1,12,9,6,-13,-1,None
0,-3,-3,-2,-11,3,-1,0,-1,1,12,9,6,-13,-1,None
0,-3,-3,-2,-11,3,-1,0,-1,1,12,9,6,-13,-1,None
0,-3,-3,-2,-11,3,-1,0,-1,1,12,9,7,-14,-1,None
0,4,-3,1,-36,2,-3,-2,3,1,12,9,7,-14,-1,None
0,0,3,4,3,-4,2,3,24,1,12,9,7,-14,-1,None
0,-6,-7,-11,25,16,-8,-5,-21,1,12,9,7,-14,-1,None
0,-2,11,-2,-8,-35,-3,-4,1,1,12,9,7,-14,-1,None
0,-2,11,-2,-8,-35,-3,-4,1,1,12,9,7,-14,-1,None
0,-2,11,-2,-8,-35,-3,-4,1,1,12,9,7,-13,-1,None
0,0,20,2,22,23,2,-5,-5,1,12,9,7,-13,-1,None
0,-2,-33,-10,-52,5,1,5,-3,1,12,9,7,-13,-1,None
0,-2,-33,-10,-52,5,1,5,-3,1,12,9,7,-13,-1,None
0,-2,-33,-10,-52,5,1,5,-3,1,12,9,7,-13,-1,None
0,-4,-9,-7,-106,-47,-5,-1,-3,1,12,9,7,-13,-1,None
0,-1,-2,2,6,-21,-5,-2,-1,1,12,9,7,-13,-1,None
0,-1,7,4,21,-21,-1,-3,-4,1,12,9,7,-13,-1,None
0,-2,5,3,-3,13,1,0,-8,1,12,9,7,-13,-1,None
0,-2,5,3,-3,13,1,0,-8,1,12,9,7,-13,-1,None
0,-2,5,3,-3,13,1,0,-8,1,12,9,7,-12,-1,None
0,3,-4,1,1,5,3,0,5,1,12,9,7,-12,-1,None
0,5,14,4,29,0,0,2,5,1,12,9,7,-12,-1,None
0,-1,-1,1,-12,-27,-3,0,0,1,12,9,7,-12,-1,None
0,4,6,5,29,11,3,3,-9,1,12,9,7,-12,-1,None
0,4,6,5,29,11,3,3,-9,1,12,9,7,-12,-1,None
0,4,6,5,29,11,3,3,-9,1,12,9,7,-14,-1,None
0,-3,4,0,-5,-2,-3,-2,8,1,12,9,7,-14,-1,None
0,-4,-10,-3,6,2,0,0,2,1,12,9,7,-14,-1,None
0,-7,0,-3,37,9,-2,-4,0,1,12,9,7,-14,-1,None
0,21,28,-10,-5,-9,-3,-2,-2,1,12,9,7,-14,-1,None
0,21,28,-10,-5,-9,-3,-2,-2,1,12,9,7,-14,-1,None
0,21,28,-10,-5,-9,-3,-2,-2,1,12,9,8,-16,-1,None
0,-5,-29,-12,-42,-32,-4,-3,-2,1,12,9,8,-16,-1,None
0,0,4,-4,34,13,2,0,0,1,12,9,8,-16,-1,None
0,5,-23,-3,21,29,1,-1,0,1,12,9,8,-16,-1,None
0,-6,10,-3,-23,-12,-4,-5,-7,1,12,9,8,-16,-1,None
0,-6,10,-3,-23,-12,-4,-5,-7,1,12,9,8,-16,-1,None
0,-6,10,-3,-23,-12,-4,-5,-7,1,12,9,8,-13,-1,None
0,1,7,-8,-53,7,-3,-1,0,1,12,9,8,-13,-1,None
0,1,-8,-4,-5,39,-5,-5,-1,1,12,9,8,-13,-1,None
0,-7,4,2,-5,-31,0,0,-6,1,12,9,8,-13,-1,None
0,-5,-3,3,-3,-3,1,-3,3,1,12,9,8,-13,-1,None
0,-5,-3,3,-3,-3,1,-3,3,1,12,9,8,-13,-1,None
0,-5,-3,3,-3,-3,1,-3,3,1,12,9,7,-11,-1,None
0,0,7,5,49,11,1,4,-3,1,12,9,7,-11,-1,None
0,-6,-7,-3,-23,3,0,-1,-2,1,12,9,7,-11,-1,None
0,2,11,1,-26,-20,-4,-2,-2,1,12,9,7,-11,-1,None
0,-3,-3,6,20,24,0,-6,-3,1,12,9,7,-11,-1,None
0,-3,-3,6,20,24,0,-6,-3,1,12,9,7,-11,-1,None
0,-3,-3,6,20,24,0,-6,-3,1,12,9,8,-12,0,None
0,-2,6,-8,-6,-30,-2,7,1,1,12,9,8,-12,0,None
0,-1,-2,-5,-22,-4,-1,0,-5,1,12,9,8,-12,0,None
0,-1,1,-4,6,-9,-1,-2,-1,1,12,9,8,-12,0,None
0,-3,-8,-9,-1,-3,-2,-1,1,1,12,9,8,-12,0,None
0,-3,-8,-9,-1,-3,-2,-1,1,1,12,9,8,-12,0,None
0,-3,-8,-9,-1,-3,-2,-1,1,1,12,9,8,-12,0,None
0,0,19,-1,24,20,-2,-5,-2,1,12,9,8,-12,0,None
0,-5,-37,-4,4,-27,-3,-1,-2,1,12,9,8,-12,0,None
0,0,0,-6,-8,3,-3,-2,-6,1,12,9,8,-12,0,None
0,-3,-7,-6,-4,-28,0,2,5,1,12,9,8,-12,0,None
0,-3,-7,-6,-4,-28,0,2,5,1,12,9,8,-12,0,None
0,-3,-7,-6,-4,-28,0,2,5,1,12,9,8,-12,0,None
0,1,-17,1,65,46,-1,-3,-5,1,12,9,8,-12,0,None
0,-2,8,-3,20,13,2,-2,-4,1,12,9,8,-12,0,None
0,1,5,-7,-45,-24,-3,-3,-2,1,12,9,8,-12,0,None
0,-6,-12,-5,-7,-11,-2,-1,-5,1,12,9,8,-12,0,None
0,-6,-12,-5,-7,-11,-2,-1,-5,1,12,9,8,-12,0,None
0,-6,-12,-5,-7,-11,-2,-1,-5,1,12,9,8,-12,-1,None
0,-2,5,1,6,-1,-1,-3,1,1,12,9,8,-12,-1,None
0,6,8,0,-11,-18,-2,-2,2,1,12,9,8,-12,-1,None
0,-1,-7,3,30,18,5,4,3,1,12,9,8,-12,-1,None
0,-2,6,1,-2,-1,-1,-1,-6,1,12,9,8,-12,-1,None
0,-2,6,1,-2,-1,-1,-1,-6,1,12,9,8,-12,-1,None
0,-2,6,1,-2,-1,-1,-1,-6,1,12,9,8,-12,-1,None
0,-4,5,-6,-6,6,-4,-5,-1,1,12,9,8,-12,-1,None
0,-2,4,2,10,11,-1,-1,-2,1,12,9,8,-12,-1,None
0,0,6,0,1,-8,-2,-1,-1,1,12,9,8,-12,-1,None
0,2,1,1,13,5,1,0,2,1,12,9,8,-12,-1,None
0,2,1,1,13,5,1,0,2,1,12,9,8,-12,-1,None
0,2,1,1,13,5,1,0,2,1,12,9,8,-12,0,None
0,-2,1,2,34,-7,-2,-6,-4,1,12,9,8,-12,0,None
0,-2,14,-9,-28,9,-2,-1,-1,1,12,9,8,-12,0,None
0,-2,-21,0,-41,14,3,0,2,1,12,9,8,-12,0,None
0,-4,-5,-17,-16,1,1,-1,-5,1,12,9,8,-12,0,None
0,-4,-5,-17,-16,1,1,-1,-5,1,12,9,8,-12,0,None
0,-4,-5,-17,-16,1,1,-1,-5,1,12,9,8,-12,0,None
0,-2,-4,0,-16,-15,-1,-2,-1,1,12,9,8,-12,0,None
0,0,5,1,21,-15,-1,-1,-1,1,12,9,8,-12,0,None
0,2,11,-2,10,-13,-5,-1,2,1,12,9,8,-12,0,None
0,-1,0,5,11,36,1,2,-1,1,12,9,8,-12,0,None
0,-1,0,5,11,36,1,2,-1,1,12,9,8,-12,0,None
0,-1,0,5,11,36,1,2,-1,1,12,9,8,-12,-1,None
0,-5,-3,-3,0,5,0,1,1,1,12,9,8,-12,-1,None
0,8,21,2,21,26,0,-1,4,1,12,9,8,-12,-1,None
0,-1,4,2,5,2,2,0,-6,1,12,9,8,-12,-1,None
0,-3,-5,-2,10,0,-1,-3,-1,1,12,9,8,-12,-1,None
0,-3,-5,-2,10,0,-1,-3,-1,1,12,9,8,-12,-1,None
0,-3,-5,-2,10,0,-1,-3,-1,1,12,9,8,-12,-1,None
0,0,4,0,-9,-6,2,0,0,1,12,9,8,-12,-1,None
0,-3,-4,-1,3,7,0,-1,-1,1,12,9,8,-12,-1,None
0,-2,1,-5,8,-3,-5,-5,-1,1,12,9,8,-12,-1,None
0,1,-3,3,-12,-17,1,3,0,1,12,9,8,-12,-1,None
0,1,-3,3,-12,-17,1,3,0,1,12,9,8,-12,-1,None
0,1,-3,3,-12,-17,1,3,0,1,12,9,8,-12,-1,None
0,-7,16,-2,-5,24,1,-2,-2,1,12,9,8,-12,-1,None
0,-3,-6,-2,2,-7,1,-2,-6,1,12,9,8,-12,-1,None
0,-2,2,-3,-14,-6,-3,-2,-2,1,12,9,8,-12,-1,None
0,-2,1,-2,5,14,-1,-2,-2,1,12,9,8,-12,-1,None
0,-2,1,-2,5,14,-1,-2,-2,1,12,9,8,-12,-1,None
0,-2,1,-2,5,14,-1,-2,-2,1,12,9,8,-12,-1,None
0,2,-2,-2,-16,-35,-1,0,2,1,12,9,8,-12,-1,None
0,-4,-10,-1,21,12,-1,-1,-2,1,12,9,8,-12,-1,None
0,-1,7,-1,-12,3,-2,-3,-3,1,12,9,8,-12,-1,None
0,-2,5,4,22,-6,-2,0,1,1,12,9,8,-12,-1,None
0,-2,5,4,22,-6,-2,0,1,1,12,9,8,-12,-1,None
0,-2,5,4,22,-6,-2,0,1,1,12,9,8,-12,-1,None
0,1,-2,-1,-6,2,-1,-1,-5,1,12,9,8,-12,-1,None
0,-2,-3,-5,-22,-12,1,-2,-2,1,12,9,8,-12,-1,None
0,1,1,-2,9,0,-2,0,-1,1,12,9,8,-12,-1,None
0,-1,1,-3,-5,-3,-3,-3,-1,1,12,9,8,-12,-1,None
0,-1,1,-3,-5,-3,-3,-3,-1,1,12,9,8,-12,-1,None
0,-1,1,-3,-5,-3,-3,-3,-1,1,12,9,8,-12,-1,None
0,5,25,-1,-15,-11,-4,-4,0,1,12,9,8,-12,-1,None
0,-4,-28,1,2,-13,0,-2,-5,1,12,9,8,-12,-1,None
0,-1,15,-1,35,18,-3,-4,1,1,12,9,8,-12,-1,None
0,0,-3,-2,-16,-11,1,0,-1,1,12,9,8,-12,-1,None
0,0,-3,-2,-16,-11,1,0,-1,1,12,9,8,-12,-1,None
0,0,-3,-2,-16,-11,1,0,-1,1,12,9,7,-12,-1,None
0,-1,1,-3,-2,9,0,-1,-1,1,12,9,7,-12,-1,None
0,-1,7,-2,-4,-11,-2,-1,0,1,12,9,7,-12,-1,None
0,-1,-4,-3,-1,-4,0,-2,-2,1,12,9,7,-12,-1,None
0,-2,-3,-2,39,37,-4,-6,-3,1,12,9,7,-12,-1,None
0,-2,-3,-2,39,37,-4,-6,-3,1,12,9,7,-12,-1,None
0,-2,-3,-2,39,37,-4,-6,-3,1,12,9,7,-12,-1,None
0,1,3,-2,-41,-1,-1,-3,-2,1,12,9,7,-12,-1,None
0,-3,-31,-7,-19,-16,-2,-2,-5,1,12,9,7,-12,-1,None
0,-1,-6,-4,-5,-10,-3,-1,4,1,12,9,7,-12,-1,None
0,0,5,0,-6,-9,-2,-1,-2,1,12,9,7,-12,-1,None
0,0,5,0,-6,-9,-2,-1,-2,1,12,9,7,-12,-1,None
0,0,5,0,-6,-9,-2,-1,-2,1,12,9,7,-12,-1,None
0,-1,-7,-3,-2,3,-1,0,0,1,12,9,7,-12,-1,None
0,0,7,0,6,-6,0,-1,-1,1,12,9,7,-12,-1,None
0,1,6,0,2,-6,-4,-3,-2,1,12,9,7,-12,-1,None
0,-3,-8,-6,-37,1,0,0,-2,1,12,9,7,-12,-1,None
0,-3,-8,-6,-37,1,0,0,-2,1,12,9,7,-12,-1,None
0,-3,-8,-6,-37,1,0,0,-2,1,12,9,8,-12,-1,None
0,-1,-5,1,24,3,2,0,1,1,12,9,8,-12,-1,None
0,-1,10,-4,-7,1,-2,-1,-4,1,12,9,8,-12,-1,None
0,-1,-1,-1,12,8,0,-1,-3,1,12,9,8,-12,-1,None
0,0,6,-1,-5,-6,-2,-2,1,1,12,9,8,-12,-1,None
0,0,6,-1,-5,-6,-2,-2,1,1,12,9,8,-12,-1,None
0,0,6,-1,-5,-6,-2,-2,1,1,12,9,8,-12,-1,None
0,-2,-7,-1,10,-3,-1,-1,-1,1,12,9,8,-12,-1,None
0,0,8,0,3,-1,-1,-1,2,1,12,9,8,-12,-1,None
0,-1,1,-2,-8,-9,-2,-3,-3,1,12,9,8,-12,-1,None
0,0,-4,-3,1,7,0,-2,-1,1,12,9,8,-12,-1,None
0,0,-4,-3,1,7,0,-2,-1,1,12,9,8,-12,-1,None
0,0,-4,-3,1,7,0,-2,-1,1,12,9,8,-12,-1,None
0,-2,-3,-6,28,14,-3,-2,-2,1,12,9,8,-12,-1,None
0,-2,3,-2,7,-2,-1,-1,0,1,12,9,8,-12,-1,None
0,0,-3,-2,-5,-1,1,0,-2,1,12,9,8,-12,-1,None
0,-2,2,0,3,-5,-2,-2,-1,1,12,9,8,-12,-1,None
0,-2,2,0,3,-5,-2,-2,-1,1,12,9,8,-12,-1,None
0,-2,2,0,3,-5,-2,-2,-1,1,12,9,8,-12,-1,None
0,-1,-4,-2,-1,6,0,-2,-2,1,12,9,8,-12,-1,None
0,-1,9,-2,-10,-1,-1,-1,1,1,12,9,8,-12,-1,None
0,-3,-2,0,16,0,0,0,-1,1,12,9,8,-12,-1,None
0,-2,-1,0,8,2,-2,-1,-1,1,12,9,8,-12,-1,None
0,-2,-1,0,8,2,-2,-1,-1,1,12,9,8,-12,-1,None
0,-2,-1,0,8,2,-2,-1,-1,1,12,9,8,-12,-1,None
0,2,36,-3,-28,1,0,-4,-5,1,12,9,8,-12,-1,None
0,-7,-63,-4,1,5,1,-1,0,1,12,9,8,-12,-1,None
0,-2,1,-2,-7,3,2,1,-3,1,12,9,8,-12,-1,None
0,-1,2,0,8,-3,0,-3,-2,1,12,9,8,-12,-1,None
0,-1,2,0,8,-3,0,-3,-2,1,12,9,8,-12,-1,None
0,-1,2,0,8,-3,0,-3,-2,1,12,9,8,-12,-1,None
0,0,-2,0,3,-3,-3,-1,-1,1,12,9,8,-12,-1,None
0,0,18,0,2,-3,-2,-3,1,1,12,9,8,-12,-1,None
0,-1,0,-4,-8,1,-2,-3,0,1,12,9,8,-12,-1,None
0,1,-2,-3,-1,-1,-1,-2,0,1,12,9,8,-12,-1,None
0,1,-2,-3,-1,-1,-1,-2,0,1,12,9,8,-12,-1,None
0,1,-2,-3,-1,-1,-1,-2,0,1,12,9,8,-12,-1,None
0,-2,-18,-1,-29,-17,0,3,-2,1,12,9,8,-12,-1,None
0,1,24,-4,18,19,-6,-7,-5,1,12,9,8,-12,-1,None
0,0,-5,-4,-19,6,1,0,1,1,12,9,8,-12,-1,None
0,-3,9,-4,-11,-3,1,-1,-3,1,12,9,8,-12,-1,None
0,-3,9,-4,-11,-3,1,-1,-3,1,12,9,8,-12,-1,None
0,-3,9,-4,-11,-3,1,-1,-3,1,12,9,8,-12,-1,None
0,-2,-7,0,9,2,-2,-1,-1,1,12,9,8,-12,-1,None
0,1,7,-1,1,-13,-2,0,0,1,12,9,8,-12,-1,None
0,-1,5,-1,8,-2,-1,-3,-2,1,12,9,8,-12,-1,None
0,-2,-2,8,48,19,3,-1,-1,1,12,9,8,-12,-1,None
0,-2,-2,8,48,19,3,-1,-1,1,12,9,8,-12,-1,None
0,-2,-2,8,48,19,3,-1,-1,1,12,9,8,-12,-1,None
0,-9,25,-12,-46,-9,-6,-4,4,1,12,9,8,-12,-1,None
0,-7,-6,-4,-20,15,1,-2,-7,1,12,9,8,-12,-1,None
0,1,1,3,14,8,1,0,-4,1,12,9,8,-12,-1,None
0,2,-5,-2,0,-7,0,-1,0,1,12,9,8,-12,-1,None
0,2,-5,-2,0,-7,0,-1,0,1,12,9,8,-12,-1,None
0,2,-5,-2,0,-7,0,-1,0,1,12,9,8,-12,-1,None
0,-5,-1,3,24,4,0,1,0,1,12,9,8,-12,-1,None
0,0,13,-2,0,-6,-2,0,0,1,12,9,8,-12,-1,None
0,0,-3,-3,-10,-3,-2,-1,-2,1,12,9,8,-12,-1,None
0,-7,2,-3,-15,1,-2,-3,-2,1,12,9,8,-12,-1,None
0,-7,2,-3,-15,1,-2,-3,-2,1,12,9,8,-12,-1,None
0,-7,2,-3,-15,1,-2,-3,-2,1,12,9,8,-12,-1,None
0,0,-9,-2,2,2,0,-2,-1,1,12,9,8,-12,-1,None
0,0,12,2,3,-21,-1,-1,-1,1,12,9,8,-12,-1,None
0,-5,-27,-9,-29,21,-4,-2,-6,1,12,9,8,-12,-1,None
0,1,5,-3,-19,4,1,0,4,1,12,9,8,-12,-1,None
0,1,5,-3,-19,4,1,0,4,1,12,9,8,-12,-1,None
0,1,5,-3,-19,4,1,0,4,1,12,9,8,-12,-1,None
0,1,-9,0,12,4,1,0,-2,1,12,9,8,-12,-1,None
0,2,-4,1,4,-6,-1,-2,1,1,12,9,8,-12,-1,None
0,-2,13,0,12,-8,1,0,0,1,12,9,8,-12,-1,None
0,-1,0,-4,-8,-5,-4,-4,-3,1,12,9,8,-12,-1,None
0,-1,0,-4,-8,-5,-4,-4,-3,1,12,9,8,-12,-1,None
0,-1,0,-4,-8,-5,-4,-4,-3,1,12,9,8,-12,-1,None
0,-2,-9,-4,-5,4,-1,-4,0,1,12,9,8,-12,-1,None
0,-2,10,1,-1,4,0,0,-1,1,12,9,8,-12,-1,None
0,0,2,-1,1,-5,0,-2,-2,1,12,9,8,-12,-1,None
0,-1,-2,-4,-6,3,-3,-3,-3,1,12,9,8,-12,-1,None
0,-1,-2,-4,-6,3,-3,-3,-3,1,12,9,8,-12,-1,None
0,-1,-2,-4,-6,3,-3,-3,-3,1,12,9,8,-12,-1,None
0,1,-5,1,10,-2,1,0,-2,1,12,9,8,-12,-1,None
0,2,1,-1,4,3,-3,-1,-2,1,12,9,8,-12,-1,None
0,-1,0,-1,18,-6,1,0,2,1,12,9,8,-12,-1,None
0,-4,-8,-6,-13,5,-6,-5,-5,1,12,9,8,-12,-1,None
0,-4,-8,-6,-13,5,-6,-5,-5,1,12,9,8,-12,-1,None
0,-4,-8,-6,-13,5,-6,-5,-5,1,12,9,8,-12,-1,None
0,-1,2,0,11,14,3,-1,-4,1,12,9,8,-12,-1,None
0,0,0,-2,-5,-3,-1,0,1,1,12,9,8,-12,-1,None
0,-3,1,0,9,-3,-1,-2,-1,1,12,9,8,-12,-1,None
0,6,8,0,-4,-4,0,1,-1,1,12,9,8,-12,-1,None
0,6,8,0,-4,-4,0,1,-1,1,12,9,8,-12,-1,None
0,6,8,0,-4,-4,0,1,-1,1,12,9,8,-12,-1,None
0,0,2,-2,-42,-15,-2,-2,-2,1,12,9,8,-12,-1,None
0,-3,-11,-10,-27,-13,-4,-3,-2,1,12,9,8,-12,-1,None
0,-2,6,0,17,7,-1,-1,-1,1,12,9,8,-12,-1,None
0,-1,0,-4,-5,-7,-2,-2,-2,1,12,9,8,-12,-1,None
0,-1,0,-4,-5,-7,-2,-2,-2,1,12,9,8,-12,-1,None
0,-1,0,-4,-5,-7,-2,-2,-2,1,12,9,8,-12,-1,None
0,-1,-2,-3,8,3,-2,-2,-3,1,12,9,8,-12,-1,None
0,1,2,4,18,6,1,0,-1,1,12,9,8,-12,-1,None
0,-2,4,-2,-7,-7,-3,-1,-3,1,12,9,8,-12,-1,None
0,-2,-3,-3,0,2,-1,-1,1,1,12,9,8,-12,-1,None
0,-2,-3,-3,0,2,-1,-1,1,1,12,9,8,-12,-1,None
0,-2,-3,-3,0,2,-1,-1,1,1,12,9,8,-12,-1,None
0,0,-1,2,16,6,3,0,-1,1,12,9,8,-12,-1,None
0,-3,10,0,5,-5,0,1,1,1,12,9,8,-12,-1,None
0,-4,-11,-7,-8,24,-4,-6,-8,1,12,9,8,-12,-1,None
0,-3,0,-1,14,21,2,-1,-2,1,12,9,8,-12,-1,None
0,-3,0,-1,14,21,2,-1,-2,1,12,9,8,-12,-1,None
0,-3,0,-1,14,21,2,-1,-2,1,12,9,8,-12,-1,None
0,-1,-2,-3,0,-3,-2,-2,-2,1,12,9,8,-12,-1,None
0,-2,-4,-3,3,-1,-1,-2,-2,1,12,9,8,-12,-1,None
0,2,12,-3,-11,-15,-2,-1,1,1,12,9,8,-12,-1,None
0,-1,-1,-2,-1,-11,0,2,0,1,12,9,8,-12,-1,None
0,-1,-1,-2,-1,-11,0,2,0,1,12,9,8,-12,-1,None
0,-1,-1,-2,-1,-11,0,2,0,1,12,9,8,-12,-1,None
0,-3,-5,-2,1,2,-2,-2,-3,1,12,9,8,-12,-1,None
0,3,10,0,-2,7,0,-2,-6,1,12,9,8,-12,-1,None
0,5,-1,-7,-25,-14,-2,-3,5,1,12,9,8,-12,-1,None
0,-2,0,-3,3,-6,0,0,-1,1,12,9,8,-12,-1,None
0,-2,0,-3,3,-6,0,0,-1,1,12,9,8,-12,-1,None
0,-2,0,-3,3,-6,0,0,-1,1,12,9,8,-12,-1,None
0,0,0,0,0,-10,0,-1,0,1,12,9,8,-12,-1,None
0,-3,-2,-2,-2,15,0,-2,-3,1,12,9,8,-12,-1,None
0,-2,0,1,8,-4,0,-1,-2,1,12,9,8,-12,-1,None
0,-1,-2,-1,-3,-10,-2,-1,-3,1,12,9,8,-12,-1,None
0,-1,-2,-1,-3,-10,-2,-1,-3,1,12,9,8,-12,-1,None
0,-1,-2,-1,-3,-10,-2,-1,-3,1,12,9,8,-12,-1,None
0,-1,1,-1,1,-2,-2,-1,-1,1,12,9,8,-12,-1,None
0,-1,-1,0,6,0,-1,-3,1,1,12,9,8,-12,-1,None
0,2,4,2,2,4,2,2,1,1,12,9,8,-12,-1,None
0,-7,-9,-2,-7,-7,-2,-2,-1,1,12,9,8,-12,-1,None
0,-7,-9,-2,-7,-7,-2,-2,-1,1,12,9,8,-12,-1,None
0,-7,-9,-2,-7,-7,-2,-2,-1,1,12,9,8,-12,-1,None
0,-1,-4,-7,-41,5,-4,-3,-5,1,12,9,8,-12,-1,None
0,-2,-1,-1,10,20,-1,-3,-3,1,12,9,8,-12,-1,None
0,0,2,0,1,-1,-1,-1,-1,1,12,9,8,-12,-1,None
0,0,7,1,-6,-4,0,-3,-2,1,12,9,8,-12,-1,None
0,0,7,1,-6,-4,0,-3,-2,1,12,9,8,-12,-1,None
0,0,7,1,-6,-4,0,-3,-2,1,12,9,8,-12,-1,None
0,0,2,0,12,0,0,0,-1,1,12,9,8,-12,-1,None
0,-2,-3,-3,-7,-7,-2,-2,-2,1,12,9,8,-12,-1,None
0,-2,2,-2,-5,-2,-2,-2,-1,1,12,9,8,-12,-1,None
0,-1,2,1,14,6,1,0,-2,1,12,9,8,-12,-1,None
0,-1,2,1,14,6,1,0,-2,1,12,9,8,-12,-1,None
0,-1,2,1,14,6,1,0,-2,1,12,9,8,-12,-1,None
0,-7,-3,-2,15,-8,-2,1,-1,1,12,9,8,-12,-1,None
0,5,6,-3,-6,16,-1,-1,-3,1,12,9,8,-12,-1,None
0,-5,-10,-5,14,13,-2,-4,-3,1,12,9,8,-12,-1,None
0,-2,10,-4,0,-1,1,-2,-1,1,12,9,8,-12,-1,None
0,-2,10,-4,0,-1,1,-2,-1,1,12,9,8,-12,-1,None
0,-2,10,-4,0,-1,1,-2,-1,1,12,9,8,-12,-1,None
0,0,1,0,9,0,-1,-3,0,1,12,9,8,-12,-1,None
0,-2,-1,0,-2,-13,-1,0,1,1,12,9,8,-12,-1,None
0,0,0,1,-7,-4,-2,0,-1,1,12,9,8,-12,-1,None
0,0,-3,-3,0,5,-3,-3,-8,1,12,9,8,-12,-1,None
0,0,-3,-3,0,5,-3,-3,-8,1,12,9,8,-12,-1,None
0,0,-3,-3,0,5,-3,-3,-8,1,12,9,8,-12,-1,None
0,-1,-2,-4,6,4,2,0,5,1,12,9,8,-12,-1,None
0,1,-1,1,6,0,1,-2,-2,1,12,9,8,-12,-1,None
0,-3,20,-2,14,-7,-1,-1,-3,1,12,9,8,-12,-1,None
0,-8,-41,-5,-1,30,-3,-4,-5,1,12,9,8,-12,-1,None
0,-8,-41,-5,-1,30,-3,-4,-5,1,12,9,8,-12,-1,None
0,-8,-41,-5,-1,30,-3,-4,-5,1,12,9,8,-12,-1,None
0,1,5,1,3,6,1,-2,-1,1,12,9,8,-12,-1,None
0,-1,-5,-3,-11,-5,-3,-1,-1,1,12,9,8,-12,-1,None
0,0,2,-2,1,-4,0,0,-2,1,12,9,8,-12,-1,None
0,2,14,0,-1,-12,0,2,2,1,12,9,8,-12,-1,None
0,2,14,0,-1,-12,0,2,2,1,12,9,8,-12,-1,None
0,2,14,0,-1,-12,0,2,2,1,12,9,8,-12,-1,None
0,-2,0,-2,-3,1,-4,-2,-3,1,12,9,8,-12,-1,None
0,-2,0,-3,5,4,0,0,0,1,12,9,8,-12,-1,None
0,-3,-2,0,-5,0,0,-1,-3,1,12,9,8,-12,-1,None
0,4,13,-1,16,-3,-1,-1,0,1,12,9,8,-12,-1,None
0,4,13,-1,16,-3,-1,-1,0,1,12,9,8,-12,-1,None
0,4,13,-1,16,-3,-1,-1,0,1,12,9,8,-12,-1,None
0,-1,0,-5,-3,6,-5,-2,-3,1,12,9,8,-12,-1,None
0,-5,2,-4,1,-7,-1,-2,-3,1,12,9,8,-12,-1,None
0,-1,-3,-2,-6,1,-2,-1,-2,1,12,9,8,-12,-1,None
0,-1,0,-1,-13,-2,-1,0,0,1,12,9,8,-12,-1,None
0,-1,0,-1,-13,-2,-1,0,0,1,12,9,8,-12,-1,None
0,-1,0,-1,-13,-2,-1,0,0,1,12,9,8,-12,-1,None
0,0,2,0,6,-2,-1,-1,-1,1,12,9,8,-12,-1,None
0,1,3,0,-4,-2,-1,-1,-1,1,12,9,8,-12,-1,None
0,-1,-3,-3,-4,4,0,0,1,1,12,9,8,-12,-1,None
0,0,3,-2,3,0,-1,-2,-2,1,12,9,8,-12,-1,None
0,0,3,-2,3,0,-1,-2,-2,1,12,9,8,-12,-1,None
0,0,3,-2,3,0,-1,-2,-2,1,12,9,8,-12,-1,None
0,0,3,0,5,0,0,1,1,1,12,9,8,-12,-1,None
0,-1,2,-2,-6,-12,-3,-2,-2,1,12,9,8,-12,-1,None
0,-1,0,-1,14,20,-1,-2,-5,1,12,9,8,-12,-1,None
0,1,-1,-3,0,-4,-2,-4,-1,1,12,9,8,-12,-1,None
0,1,-1,-3,0,-4,-2,-4,-1,1,12,9,8,-12,-1,None
0,1,-1,-3,0,-4,-2,-4,-1,1,12,9,8,-12,-1,None
0,0,17,-1,-3,-6,-4,-1,-2,1,12,9,8,-12,-1,None
0,-2,-10,-2,0,1,-2,0,1,1,12,9,8,-12,-1,None
0,-1,1,0,1,-9,-2,0,0,1,12,9,8,-12,-1,None
0,0,0,-1,-8,-3,0,-1,-3,1,12,9,8,-12,-1,None
0,0,0,-1,-8,-3,0,-1,-3,1,12,9,8,-12,-1,None
0,0,0,-1,-8,-3,0,-1,-3,1,12,9,8,-12,-1,None
0,-3,2,0,9,5,0,-3,-2,1,12,9,8,-12,-1,None
0,-2,0,-1,-27,-9,-3,2,3,1,12,9,8,-12,-1,None
0,2,10,-6,7,19,-1,-4,-5,1,12,9,8,-12,-1,None
0,-4,4,1,9,5,0,-2,-2,1,12,9,8,-12,-1,None
0,-4,4,1,9,5,0,-2,-2,1,12,9,8,-12,-1,None
0,-4,4,1,9,5,0,-2,-2,1,12,9,8,-12,-1,None
0,-2,-6,-3,-11,-4,0,-1,-2,1,12,9,8,-12,-1,None
0,-1,6,-1,6,2,-1,-3,-4,1,12,9,8,-12,-1,None
0,-3,-7,0,-6,-10,-3,1,3,1,12,9,8,-12,-1,None
0,-1,4,-3,-8,-3,-3,-1,-1,1,12,9,8,-12,-1,None
0,-1,4,-3,-8,-3,-3,-1,-1,1,12,9,8,-12,-1,None
0,-1,4,-3,-8,-3,-3,-1,-1,1,12,9,8,-12,-1,None
0,-2,-3,-1,11,4,1,-1,1,1,12,9,8,-12,-1,None
0,-1,-1,3,19,-2,3,-1,-6,1,12,9,8,-12,-1,None
0,-1,-1,-8,-13,-2,-5,-4,-3,1,12,9,8,-12,-1,None
0,-3,-5,-4,8,2,-2,-3,-2,1,12,9,8,-12,-1,None
0,-3,-5,-4,8,2,-2,-3,-2,1,12,9,8,-12,-1,None
0,-3,-5,-4,8,2,-2,-3,-2,1,12,9,8,-12,-1,None
0,-1,-5,-3,-10,-1,-1,-2,-2,1,12,9,8,-12,-1,None
0,-1,2,-3,2,3,-3,-1,-1,1,12,9,8,-12,-1,None
0,-1,-3,0,-5,-7,0,-1,-1,1,12,9,8,-12,-1,None
0,0,6,0,-8,-5,-1,1,1,1,12,9,8,-12,-1,None
0,0,6,0,-8,-5,-1,1,1,1,12,9,8,-12,-1,None
0,0,6,0,-8,-5,-1,1,1,1,12,9,8,-12,-1,None
0,-1,-3,-2,1,1,-2,-2,-3,1,12,9,8,-12,-1,None
0,0,-3,-3,-4,2,0,-1,2,1,12,9,8,-12,-1,None
0,-1,1,-2,23,5,-1,-2,-1,1,12,9,8,-12,-1,None
0,-1,1,-3,-57,-13,0,-2,-1,1,12,9,8,-12,-1,None
0,-1,1,-3,-57,-13,0,-2,-1,1,12,9,8,-12,-1,None
0,-1,1,-3,-57,-13,0,-2,-1,1,12,9,8,-12,-1,None
0,-5,6,-6,-10,2,-4,-4,-5,1,12,9,8,-12,-1,None
0,2,0,-2,7,10,-2,-2,-1,1,12,9,8,-12,-1,None
0,-2,-1,-3,-24,-15,-1,0,0,1,12,9,8,-12,-1,None
0,2,-1,-1,0,6,2,0,0,1,12,9,8,-12,-1,None
0,2,-1,-1,0,6,2,0,0,1,12,9,8,-12,-1,None
0,2,-1,-1,0,6,2,0,0,1,12,9,8,-12,-1,None
0,1,1,-3,14,13,0,1,-2,1,12,9,8,-12,-1,None
0,-5,2,-4,-7,-3,1,0,-1,1,12,9,8,-12,-1,None
0,1,-4,2,3,1,1,-1,-1,1,12,9,8,-12,-1,None
0,-2,6,-5,22,-3,-5,-2,-1,1,12,9,8,-12,-1,None
0,-2,6,-5,22,-3,-5,-2,-1,1,12,9,8,-12,-1,None
0,-2,6,-5,22,-3,-5,-2,-1,1,12,9,8,-12,-1,None
0,-2,-6,-3,-1,1,0,-3,-2,1,12,9,8,-12,-1,None
0,1,0,-2,8,5,-2,-1,0,1,12,9,8,-12,-1,None
0,2,-7,-1,-4,0,-2,0,0,1,12,9,8,-12,-1,None
0,-3,0,0,11,-2,0,0,0,1,12,9,8,-12,-1,None
0,-3,0,0,11,-2,0,0,0,1,12,9,8,-12,-1,None
0,-3,0,0,11,-2,0,0,0,1,12,9,8,-12,-1,None
0,-1,-3,0,-11,4,1,0,-2,1,12,9,8,-12,-1,None
0,-2,0,-1,-4,2,-2,-2,-2,1,12,9,8,-12,-1,None
0,-1,1,-2,-2,-3,0,-1,-2,1,12,9,8,-12,-1,None
0,-2,-1,-1,-6,-2,-2,-1,-2,1,12,9,8,-12,-1,None
0,-2,-1,-1,-6,-2,-2,-1,-2,1,12,9,8,-12,-1,None
0,-2,-1,-1,-6,-2,-2,-1,-2,1,12,9,8,-12,-1,None
0,-2,0,-3,2,-6,-1,-1,-1,1,12,9,8,-12,-1,None
0,2,3,-1,10,2,0,-1,-1,1,12,9,8,-12,-1,None
0,-3,1,-3,-45,-17,-1,-2,-2,1,12,9,8,-12,-1,None
0,5,-3,-3,22,11,-1,-3,-2,1,12,9,8,-12,-1,None
0,5,-3,-3,22,11,-1,-3,-2,1,12,9,8,-12,-1,None
0,5,-3,-3,22,11,-1,-3,-2,1,12,9,8,-12,-1,None
0,-4,2,-1,-6,-3,-3,-1,0,1,12,9,8,-12,-1,None
0,-4,-1,-4,-6,-2,-1,-2,-5,1,12,9,8,-12,-1,None
0,1,3,2,12,2,-2,0,1,1,12,9,8,-12,-1,None
0,-4,-2,-3,7,-2,-2,-1,-1,1,12,9,8,-12,-1,None
0,-4,-2,-3,7,-2,-2,-1,-1,1,12,9,8,-12,-1,None
0,-4,-2,-3,7,-2,-2,-1,-1,1,12,9,8,-12,-1,None
0,0,-1,-1,-12,-5,-2,-1,0,1,12,9,8,-12,-1,None
0,-2,0,-3,-7,5,-1,-2,-2,1,12,9,8,-12,-1,None
0,-4,1,-3,9,-2,-3,0,-3,1,12,9,8,-12,-1,None
0,-3,0,-2,-6,3,0,-2,-3,1,12,9,8,-12,-1,None
0,-3,0,-2,-6,3,0,-2,-3,1,12,9,8,-12,-1,None
0,-3,0,-2,-6,3,0,-2,-3,1,12,9,8,-12,-1,None
0,-2,-3,-1,7,1,-1,-3,-4,1,12,9,8,-12,-1,None
