0,-7,-2,1,32,8,24,6,-13,0,12,9,4,-14,-3,None
0,2,2,-6,-35,3,-27,-26,-4,0,12,9,4,-14,-3,None
0,2,2,5,37,3,45,44,23,0,12,9,4,-14,-3,None
0,2,2,5,37,3,45,44,23,0,12,9,4,-14,-3,None
0,2,2,5,37,3,45,44,23,0,12,9,3,-15,-3,None
0,-6,-1,-1,-16,-10,-7,12,-17,0,12,9,3,-15,-3,None
0,1,-3,-11,24,2,-2,-54,9,0,12,9,3,-15,-3,None
0,-3,0,-3,14,-7,-22,7,-14,0,12,9,3,-15,-3,None
0,6,5,1,1,11,4,43,19,0,12,9,3,-15,-3,None
0,6,5,1,1,11,4,43,19,0,12,9,3,-15,-3,None
0,6,5,1,1,11,4,43,19,0,12,9,1,-15,-3,None
0,-4,1,9,-1,-3,-4,-43,2,0,12,9,1,-15,-3,None
0,-3,-1,1,15,2,-8,24,-4,0,12,9,1,-15,-3,None
0,-3,0,-5,-1,-14,-18,-46,-5,0,12,9,1,-15,-3,None
0,-4,-7,2,-4,8,15,64,-10,0,12,9,1,-15,-3,None
0,-4,-7,2,-4,8,15,64,-10,0,12,9,1,-15,-3,None
0,-4,-7,2,-4,8,15,64,-10,0,12,9,0,-14,-3,None
0,1,1,-6,-5,4,15,-33,-2,0,12,9,0,-14,-3,None
0,-1,0,3,-40,3,-28,-7,16,0,12,9,0,-14,-3,None
0,-2,2,11,12,4,39,19,-9,0,12,9,0,-14,-3,None
0,-5,1,-2,-14,-17,-18,-33,-37,0,12,9,0,-14,-3,None
0,-5,1,-2,-14,-17,-18,-33,-37,0,12,9,0,-14,-3,None
0,-5,1,-2,-14,-17,-18,-33,-37,0,12,9,0,-14,-3,None
0,0,-2,-6,6,16,-49,-7,2,0,12,9,0,-14,-3,None
0,3,3,4,10,-4,53,35,25,0,12,9,0,-14,-3,None
0,0,-1,-12,-41,3,1,10,8,0,12,9,0,-14,-3,None
0,-2,0,-4,7,-8,-27,-31,-12,0,12,9,0,-14,-3,None
0,-2,0,-4,7,-8,-27,-31,-12,0,12,8,0,-14,-3,None
0,-2,0,-4,7,-8,-27,-31,-12,0,12,8,0,-14,-3,None
0,-2,3,2,8,-12,2,1,1,0,12,8,0,-14,-3,None
0,-2,2,2,39,20,-7,-2,3,0,12,8,0,-14,-3,None
0,-2,1,4,-19,-13,8,10,-5,0,12,8,0,-14,-3,None
0,-4,-2,-10,-6,-12,-27,2,-1,0,12,8,0,-14,-3,None
0,-4,-2,-10,-6,-12,-27,2,-1,17,12,8,0,-14,-3,None
0,-4,-2,-10,-6,-12,-27,2,-1,17,12,8,-1,-14,-3,None
0,0,-1,-13,-32,21,7,-33,-2,17,12,8,-1,-14,-3,None
0,0,3,8,34,-7,2,26,-4,17,12,8,-1,-14,-3,None
0,-1,0,9,-19,3,16,13,3,17,12,8,-1,-14,-3,None
0,-4,-3,-3,4,-3,-9,-24,-11,17,12,8,-1,-14,-3,None
0,-4,-3,-3,4,-3,-9,-24,-11,17,12,8,-1,-14,-3,None
0,-4,-3,-3,4,-3,-9,-24,-11,17,12,8,-1,-13,-3,None
0,1,2,5,-14,-1,1,2,4,17,12,8,-1,-13,-3,None
0,-2,0,-10,-10,-3,2,-5,-10,17,12,8,-1,-13,-3,None
0,-2,1,7,33,14,-9,-1,0,17,12,8,-1,-13,-3,None
0,1,4,-5,-4,-4,3,-15,-5,17,12,8,-1,-13,-3,None
0,1,4,-5,-4,-4,3,-15,-5,17,12,8,-1,-13,-3,None
0,1,4,-5,-4,-4,3,-15,-5,17,12,8,-1,-13,-3,None
0,4,-2,1,45,2,5,38,37,17,12,8,-1,-13,-3,None
0,1,4,0,-30,-1,-2,-5,-9,17,12,8,-1,-13,-3,None
0,-5,-14,-17,-22,-2,-10,-2,-10,17,12,8,-1,-13,-3,None
0,2,3,2,-15,4,10,2,17,17,12,8,-1,-13,-3,None
0,2,3,2,-15,4,10,2,17,17,12,8,-1,-13,-3,None
0,2,3,2,-15,4,10,2,17,17,12,8,-2,-13,-3,None
0,-2,2,1,59,5,3,3,-17,17,12,8,-2,-13,-3,None
0,-1,-2,-14,-73,-16,-25,-19,26,17,12,8,-2,-13,-3,None
0,2,5,-2,-30,-10,9,-1,-4,17,12,8,-2,-13,-3,None
0,2,-1,-1,14,3,11,24,7,17,12,8,-2,-13,-3,None
0,2,-1,-1,14,3,11,24,7,17,12,8,-2,-13,-3,None
0,2,-1,-1,14,3,11,24,7,17,12,8,-2,-13,-3,None
0,-6,-3,-11,18,-4,-14,-9,-14,17,12,8,-2,-13,-3,None
0,2,-1,2,77,21,2,-14,5,17,12,8,-2,-13,-3,None
0,-8,-3,-11,-39,-11,-8,-2,-35,17,12,8,-2,-13,-3,None
0,-1,2,6,46,6,3,-14,5,17,12,8,-2,-13,-3,None
0,-1,2,6,46,6,3,-14,5,17,12,8,-2,-13,-3,None
0,-1,2,6,46,6,3,-14,5,17,12,8,-2,-13,-2,None
0,-3,1,-4,-15,-3,-5,-8,-35,17,12,8,-2,-13,-2,None
0,-2,-2,-3,-15,-4,2,8,16,17,12,8,-2,-13,-2,None
0,-1,5,2,23,2,-1,-3,-17,17,12,8,-2,-13,-2,None
0,-2,2,4,-19,2,-5,-7,9,17,12,8,-2,-13,-2,None
0,-2,2,4,-19,2,-5,-7,9,17,12,8,-2,-13,-2,None
0,-2,2,4,-19,2,-5,-7,9,17,12,8,-2,-13,-2,None
0,2,-1,-1,3,-2,1,14,12,17,12,8,-2,-13,-2,None
0,-4,0,6,11,-8,-11,-20,-20,17,12,8,-2,-13,-2,None
0,0,-1,6,24,9,14,3,27,17,12,8,-2,-13,-2,None
0,1,11,-3,7,2,1,4,-29,17,12,8,-2,-13,-2,None
0,1,11,-3,7,2,1,4,-29,17,12,8,-2,-13,-2,None
0,1,11,-3,7,2,1,4,-29,17,12,8,-3,-12,-3,None
0,-6,-4,-10,-40,-9,-6,-23,1,17,12,8,-3,-12,-3,None
0,1,1,-4,-56,-11,-4,21,16,17,12,8,-3,-12,-3,None
0,2,4,-5,26,20,9,3,-10,17,12,8,-3,-12,-3,None
0,0,1,-2,18,6,1,-1,-3,17,12,8,-3,-12,-3,None
0,0,1,-2,18,6,1,-1,-3,16,12,7,-3,-12,-3,None
0,0,1,-2,18,6,1,-1,-3,16,12,7,-3,-12,-3,None
0,-4,0,-4,-12,0,-4,-23,-4,16,12,7,-3,-12,-3,None
0,3,2,3,38,11,19,20,-8,16,12,7,-3,-12,-3,None
0,-1,0,-10,7,-3,-11,20,17,16,12,7,-3,-12,-3,None
0,2,-2,-6,19,-1,2,-5,2,16,12,7,-3,-12,-3,None
0,2,-2,-6,19,-1,2,-5,2,16,12,7,-3,-12,-3,None
0,2,-2,-6,19,-1,2,-5,2,16,12,7,-3,-12,-3,None
0,-6,0,-3,-60,-12,-4,3,1,16,12,7,-3,-12,-3,None
0,-2,-3,-4,-6,6,0,-23,-16,16,12,7,-3,-12,-3,None
0,1,1,-4,64,14,-2,-12,15,16,12,7,-3,-12,-3,None
0,-7,-3,-5,-41,-11,-11,-8,-6,16,12,7,-3,-12,-3,None
0,-7,-3,-5,-41,-11,-11,-8,-6,16,12,7,-3,-12,-3,None
0,-7,-3,-5,-41,-11,-11,-8,-6,16,12,7,-3,-12,-3,None
0,2,2,1,19,13,17,14,31,16,12,7,-3,-12,-3,None
0,-6,0,-12,-33,-11,-8,-4,-12,16,12,7,-3,-12,-3,None
0,-1,6,-6,-45,-12,-6,-17,-4,16,12,7,-3,-12,-3,None
0,2,-10,-5,7,1,-4,-3,20,16,12,7,-3,-12,-3,None
0,2,-10,-5,7,1,-4,-3,20,16,12,7,-3,-12,-3,None
0,2,-10,-5,7,1,-4,-3,20,16,12,7,-3,-13,-3,None
0,-3,0,-8,10,-3,-10,-32,-71,16,12,7,-3,-13,-3,None
0,-9,6,3,16,5,4,7,69,16,12,7,-3,-13,-3,None
0,6,-14,-8,-14,5,11,34,-4,16,12,7,-3,-13,-3,None
0,-3,15,-3,11,-2,-11,-14,-21,16,12,7,-3,-13,-3,None
0,-3,15,-3,11,-2,-11,-14,-21,16,12,7,-3,-13,-3,None
0,-3,15,-3,11,-2,-11,-14,-21,16,12,7,-4,-13,-3,None
0,-9,-44,0,15,4,2,-6,-13,16,12,7,-4,-13,-3,None
0,1,-2,-7,15,-3,-8,-2,-25,16,12,7,-4,-13,-3,None
0,-3,1,6,1,-4,-7,-16,-13,16,12,7,-4,-13,-3,None
0,3,2,6,-23,7,21,30,44,16,12,7,-4,-13,-3,None
0,3,2,6,-23,7,21,30,44,16,12,7,-4,-13,-3,None
0,3,2,6,-23,7,21,30,44,16,12,7,-4,-13,-3,None
0,4,12,-4,-8,-7,-9,2,21,16,12,7,-4,-13,-3,None
0,3,12,0,3,-4,-8,-23,-38,16,12,7,-4,-13,-3,None
0,-3,12,-7,0,6,6,-12,3,16,12,7,-4,-13,-3,None
0,17,13,-4,-14,1,2,-3,-22,16,12,7,-4,-13,-3,None
0,17,13,-4,-14,1,2,-3,-22,16,12,7,-4,-13,-3,None
0,17,13,-4,-14,1,2,-3,-22,16,12,7,-4,-13,-3,None
0,-8,14,3,19,-4,-5,17,-31,16,12,7,-4,-13,-3,None
0,7,-8,-3,-9,7,9,3,41,16,12,7,-4,-13,-3,None
0,-19,10,7,0,-9,-11,-18,-18,16,12,7,-4,-13,-3,None
0,0,22,2,-4,-7,-13,-5,-3,16,12,7,-4,-13,-3,None
0,0,22,2,-4,-7,-13,-5,-3,16,12,7,-4,-13,-3,None
0,0,22,2,-4,-7,-13,-5,-3,16,12,7,-4,-14,-2,None
0,0,-6,-1,4,20,17,-8,5,16,12,7,-4,-14,-2,None
0,0,3,1,2,-2,-2,13,9,16,12,7,-4,-14,-2,None
0,3,-5,0,8,-2,-3,0,-11,16,12,7,-4,-14,-2,None
0,-9,-2,2,-22,-2,0,-23,-9,16,12,7,-4,-14,-2,None
0,-9,-2,2,-22,-2,0,-23,-9,16,12,7,-4,-14,-2,None
0,-9,-2,2,-22,-2,0,-23,-9,16,12,7,-3,-13,0,None
0,0,6,2,16,5,-4,17,-10,16,12,7,-3,-13,0,None
0,-1,-6,-3,13,2,5,4,-7,16,12,7,-3,-13,0,None
0,9,28,0,31,5,-5,-10,12,16,12,7,-3,-13,0,None
0,-21,-45,-6,-12,-2,4,-15,-50,16,12,7,-3,-13,0,None
0,-21,-45,-6,-12,-2,4,-15,-50,16,12,7,-3,-13,0,None
0,-21,-45,-6,-12,-2,4,-15,-50,16,12,7,-4,-14,-1,None
0,4,17,-5,-10,-7,-4,-53,72,16,12,7,-4,-14,-1,None
0,-1,-4,-3,-17,7,1,42,-50,16,12,7,-4,-14,-1,None
0,-5,-1,1,19,-10,-15,23,30,16,12,7,-4,-14,-1,None
0,-3,5,-8,-6,8,5,-15,-22,16,12,7,-4,-14,-1,None
0,-3,5,-8,-6,8,5,-15,-22,16,12,7,-4,-14,-1,None
0,-3,5,-8,-6,8,5,-15,-22,16,12,7,-5,-15,-2,None
0,5,-28,1,0,-6,-5,-20,-28,16,12,7,-5,-15,-2,None
0,5,-1,0,-17,-5,-4,-35,16,16,12,7,-5,-15,-2,None
0,-7,-12,-3,1,2,5,-1,-17,16,12,7,-5,-15,-2,None
0,-1,-2,3,1,-4,-6,-9,6,16,12,7,-5,-15,-2,None
0,-1,-2,3,1,-4,-6,-9,6,16,12,7,-5,-15,-2,None
0,-1,-2,3,1,-4,-6,-9,6,16,12,7,-5,-13,-3,None
0,-16,-9,4,-10,15,12,23,-5,16,12,7,-5,-13,-3,None
0,-1,2,-2,0,-10,-11,9,-1,16,12,7,-5,-13,-3,None
0,1,-9,7,5,-1,-2,0,-8,16,12,7,-5,-13,-3,None
0,6,5,-6,-30,4,12,9,23,16,12,7,-5,-13,-3,None
0,6,5,-6,-30,4,12,9,23,16,12,7,-5,-13,-3,None
0,6,5,-6,-30,4,12,9,23,16,12,7,-6,-12,-2,None
0,0,4,3,11,-7,-11,19,-23,16,12,7,-6,-12,-2,None
0,-3,-2,-8,15,0,3,1,8,16,12,7,-6,-12,-2,None
0,-5,-5,-7,5,8,10,-17,-32,16,12,7,-6,-12,-2,None
0,27,5,-1,10,-3,-11,15,43,16,12,7,-6,-12,-2,None
0,27,5,-1,10,-3,-11,15,43,16,12,7,-6,-12,-2,None
0,27,5,-1,10,-3,-11,15,43,16,12,7,-5,-13,-2,None
0,-40,12,0,5,-3,-9,-31,-34,16,12,7,-5,-13,-2,None
0,-8,6,-4,-17,1,2,18,1,16,12,7,-5,-13,-2,None
0,8,-7,-4,-7,3,3,-13,-9,16,12,7,-5,-13,-2,None
0,-18,-7,-6,10,-11,-19,-16,-53,16,12,7,-5,-13,-2,None
0,-18,-7,-6,10,-11,-19,-16,-53,16,12,7,-5,-13,-2,None
0,-18,-7,-6,10,-11,-19,-16,-53,16,12,7,-5,-13,-2,None
0,19,17,-2,3,11,16,39,44,16,12,7,-5,-13,-2,None
0,-6,-7,1,17,-1,-8,-48,-30,16,12,7,-5,-13,-2,None
0,-3,21,-5,-38,-12,-10,8,47,16,12,7,-5,-13,-2,None
0,-1,-9,-6,10,13,7,6,-49,16,12,7,-5,-13,-2,None
0,-1,-9,-6,10,13,7,6,-49,16,12,7,-5,-13,-2,None
0,-1,-9,-6,10,13,7,6,-49,16,12,7,-5,-12,-2,None
0,2,4,-10,-11,-6,-3,27,15,16,12,7,-5,-12,-2,None
0,-8,-4,0,13,-5,-6,-51,-50,16,12,7,-5,-12,-2,None
0,8,0,0,-7,4,4,71,53,16,12,7,-5,-12,-2,None
0,-9,-2,-5,-4,-2,1,-8,11,16,12,7,-5,-12,-2,None
0,-9,-2,-5,-4,-2,1,-8,11,16,12,7,-5,-12,-2,None
0,-9,-2,-5,-4,-2,1,-8,11,16,12,7,-5,-13,-2,None
0,25,-10,0,-2,-8,-13,-11,-7,16,12,7,-5,-13,-2,None
0,-31,49,5,1,9,5,-2,17,16,12,7,-5,-13,-2,None
0,-14,-18,3,-1,-2,-7,-54,-63,16,12,7,-5,-13,-2,None
0,1,8,4,5,2,-2,32,61,16,12,7,-5,-13,-2,None
0,1,8,4,5,2,-2,32,61,16,12,7,-5,-13,-2,None
0,1,8,4,5,2,-2,32,61,16,12,7,-5,-13,-2,None
0,-14,-9,-1,4,7,9,28,7,16,12,7,-5,-13,-2,None
0,7,0,-5,-12,-10,-13,-9,17,16,12,7,-5,-13,-2,None
0,2,-1,-4,9,3,4,-1,-20,16,12,7,-5,-13,-2,None
0,-22,0,4,-1,2,3,15,10,16,12,7,-5,-13,-2,None
0,-22,0,4,-1,2,3,15,10,16,12,7,-5,-13,-2,None
0,-22,0,4,-1,2,3,15,10,16,12,7,-5,-13,-2,None
0,11,10,1,-3,-5,-8,-35,-46,16,12,7,-5,-13,-2,None
0,7,-15,-1,10,2,2,6,-27,16,12,7,-5,-13,-2,None
0,-28,-2,1,-8,-5,-7,-19,53,16,12,7,-5,-13,-2,None
0,22,-2,-2,3,4,4,5,3,16,12,7,-5,-13,-2,None
0,22,-2,-2,3,4,4,5,3,16,12,7,-5,-13,-2,None
0,22,-2,-2,3,4,4,5,3,16,12,7,-5,-13,-2,None
0,-1,-4,-3,11,-4,-4,-24,9,16,12,7,-5,-13,-2,None
0,-6,-14,1,6,-3,-10,31,-16,16,12,7,-5,-13,-2,None
0,6,-2,0,-17,4,13,-18,13,16,12,7,-5,-13,-2,None
0,1,12,-3,5,-3,-8,21,-20,16,12,7,-5,-13,-2,None
0,1,12,-3,5,-3,-8,21,-20,16,12,7,-5,-13,-2,None
0,1,12,-3,5,-3,-8,21,-20,16,12,7,-5,-13,-2,None
0,-12,-3,-3,-6,4,5,9,28,16,12,7,-5,-13,-2,None
0,2,3,3,0,-3,-7,-7,20,16,12,7,-5,-13,-2,None
0,12,11,1,9,5,4,-1,-47,16,12,7,-5,-13,-2,None
0,-4,-5,-1,-4,-2,-4,-20,1,16,12,7,-5,-13,-2,None
0,-4,-5,-1,-4,-2,-4,-20,1,16,12,7,-5,-13,-2,None
0,-4,-5,-1,-4,-2,-4,-20,1,16,12,7,-5,-13,-2,None
0,-3,2,-6,1,-5,-10,-12,-28,16,12,7,-5,-13,-2,None
0,1,-13,2,-6,9,11,21,-21,16,12,7,-5,-13,-2,None
0,18,4,-5,3,-6,-13,4,-5,16,12,7,-5,-13,-2,None
0,-25,-2,2,1,3,7,5,47,16,12,7,-5,-13,-2,None
0,-25,-2,2,1,3,7,5,47,16,12,7,-5,-13,-2,None
0,-25,-2,2,1,3,7,5,47,16,12,7,-5,-13,-2,None
0,8,0,-5,-1,5,5,15,51,16,12,7,-5,-13,-2,None
0,16,9,7,-9,-9,-6,36,17,16,12,7,-5,-13,-2,None
0,6,-6,-1,-1,-2,-6,-23,-22,16,12,7,-5,-13,-2,None
0,-7,2,-4,-3,-1,-3,-30,0,16,12,7,-5,-13,-2,None
0,-7,2,-4,-3,-1,-3,-30,0,16,12,7,-5,-13,-2,None
0,-7,2,-4,-3,-1,-3,-30,0,16,12,7,-5,-13,-2,None
0,8,19,-2,1,3,-2,44,22,16,12,7,-5,-13,-2,None
0,-5,-7,-5,-4,8,8,-37,-22,16,12,7,-5,-13,-2,None
0,19,1,-5,2,-6,-6,26,32,16,12,7,-5,-13,-2,None
0,-1,-7,0,-10,2,2,11,-5,16,12,7,-5,-13,-2,None
0,-1,-7,0,-10,2,2,11,-5,16,12,7,-5,-13,-2,None
0,-1,-7,0,-10,2,2,11,-5,16,12,7,-5,-13,-2,None
0,-7,-1,-4,-3,2,3,-28,-8,16,12,7,-5,-13,-2,None
0,4,15,-8,-30,-1,6,27,15,16,12,7,-5,-13,-2,None
0,-4,-6,-8,17,1,-3,12,10,16,12,7,-5,-13,-2,None
0,2,7,-4,4,-1,-9,-52,-22,16,12,7,-5,-13,-2,None
0,2,7,-4,4,-1,-9,-52,-22,16,12,7,-5,-13,-2,None
0,2,7,-4,4,-1,-9,-52,-22,16,12,7,-5,-13,-2,None
0,8,-9,-2,-9,6,12,48,-10,16,12,7,-5,-13,-2,None
0,1,-1,-5,6,-1,-3,-19,2,16,12,7,-5,-13,-2,None
0,-13,0,-1,2,0,-2,-5,5,16,12,7,-5,-13,-2,None
0,2,-7,3,-2,4,8,6,-4,16,12,7,-5,-13,-2,None
0,2,-7,3,-2,4,8,6,-4,16,12,7,-5,-13,-2,None
0,2,-7,3,-2,4,8,6,-4,16,12,7,-5,-13,-2,None
0,-9,4,-4,2,-6,-10,-25,-23,16,12,7,-5,-13,-2,None
0,4,-9,-6,-10,3,6,10,24,16,12,7,-5,-13,-2,None
0,-10,3,4,37,7,-7,-3,-12,16,12,7,-5,-13,-2,None
0,6,-1,-11,-23,2,2,11,-18,16,12,7,-5,-13,-2,None
0,6,-1,-11,-23,2,2,11,-18,16,12,7,-5,-13,-2,None
0,6,-1,-11,-23,2,2,11,-18,16,12,7,-5,-13,-2,None
0,2,-4,-4,-2,6,5,-8,-3,16,12,7,-5,-13,-2,None
0,-6,-2,-14,3,-18,0,4,-2,16,12,7,-5,-13,-2,None
0,-2,-1,-1,8,21,3,-15,0,16,12,7,-5,-13,-2,None
0,1,7,4,16,-3,-3,3,-31,16,12,7,-5,-13,-2,None
0,1,7,4,16,-3,-3,3,-31,16,12,7,-5,-13,-2,None
0,1,7,4,16,-3,-3,3,-31,16,12,7,-5,-13,-2,None
0,1,-1,4,-17,-4,-2,40,45,16,12,7,-5,-13,-2,None
0,-4,-9,0,18,15,-7,-30,-11,16,12,7,-5,-13,-2,None
0,-8,1,-3,-38,-22,5,11,-19,16,12,7,-5,-13,-2,None
0,-6,-5,-1,18,0,-13,-28,37,16,12,7,-5,-13,-2,None
0,-6,-5,-1,18,0,-13,-28,37,16,12,7,-5,-13,-2,None
0,-6,-5,-1,18,0,-13,-28,37,16,12,7,-5,-13,-2,None
0,1,4,3,-10,-2,13,-17,-26,16,12,7,-5,-13,-2,None
0,0,1,11,-9,1,-6,4,-7,16,12,7,-5,-13,-2,None
0,0,-2,0,-1,2,0,6,10,16,12,7,-5,-13,-2,None
0,-1,1,-7,-32,-9,0,-9,-8,16,12,7,-5,-13,-2,None
0,-1,1,-7,-32,-9,0,-9,-8,16,12,7,-5,-13,-2,None
0,-1,1,-7,-32,-9,0,-9,-8,16,12,7,-5,-14,-2,None
0,-6,-1,6,19,-2,-31,-30,-26,16,12,7,-5,-14,-2,None
0,0,0,-3,22,4,19,3,19,16,12,7,-5,-14,-2,None
0,-5,-2,-4,26,0,-1,-5,-7,16,12,7,-5,-14,-2,None
0,1,-1,4,12,-6,-5,8,-8,16,12,7,-5,-14,-2,None
0,1,-1,4,12,-6,-5,8,-8,16,12,7,-5,-14,-2,None
0,1,-1,4,12,-6,-5,8,-8,16,12,7,-5,-14,-2,None
0,-1,4,-1,55,19,-5,1,5,16,12,7,-5,-14,-2,None
0,-3,-4,-5,-22,17,-37,-16,-15,16,12,7,-5,-14,-2,None
0,2,6,3,13,-43,29,11,5,16,12,7,-5,-14,-2,None
0,-2,-10,-18,12,12,53,11,0,16,12,7,-5,-14,-2,None
0,-2,-10,-18,12,12,53,11,0,16,12,7,-5,-14,-2,None
0,-2,-10,-18,12,12,53,11,0,16,12,7,-4,-14,-3,None
0,1,2,-1,-17,-10,37,-1,1,16,12,7,-4,-14,-3,None
0,-5,-1,-11,-14,-18,-10,-12,-6,16,12,7,-4,-14,-3,None
0,-5,-2,2,-13,45,-75,-1,-5,16,12,7,-4,-14,-3,None
0,1,4,10,-12,-110,-24,-1,6,16,12,7,-4,-14,-3,None
0,1,4,10,-12,-110,-24,-1,6,16,12,7,-4,-14,-3,None
0,1,4,10,-12,-110,-24,-1,6,16,12,7,-4,-13,-3,None
0,-2,-3,-6,-6,15,23,-8,-7,16,12,7,-4,-13,-3,None
0,-2,-3,-3,12,42,-38,-13,0,16,12,7,-4,-13,-3,None
0,2,1,-8,-21,-14,43,10,-4,16,12,7,-4,-13,-3,None
0,0,1,4,20,101,-79,1,-1,16,12,7,-4,-13,-3,None
0,0,1,4,20,101,-79,1,-1,16,12,7,-4,-13,-3,None
0,0,1,4,20,101,-79,1,-1,16,12,7,-4,-12,-4,None
0,-1,1,-1,-27,-60,52,9,-4,16,12,7,-4,-12,-4,None
0,-2,2,3,18,22,-42,-11,-3,16,12,7,-4,-12,-4,None
0,-4,-4,-4,-2,-46,1,0,0,16,12,7,-4,-12,-4,None
0,2,2,-2,8,28,-15,-5,4,16,12,7,-4,-12,-4,None
0,2,2,-2,8,28,-15,-5,4,16,12,7,-4,-12,-4,None
0,2,2,-2,8,28,-15,-5,4,16,12,7,-4,-12,-3,None
0,-2,1,-3,-24,15,-6,-5,-3,16,12,7,-4,-12,-3,None
0,0,-1,-2,-18,43,37,5,-1,16,12,7,-4,-12,-3,None
0,-2,-1,-2,7,-26,-13,-10,-2,16,12,7,-4,-12,-3,None
0,0,0,-2,-2,-31,-6,4,-6,16,12,7,-4,-12,-3,None
0,0,0,-2,-2,-31,-6,4,-6,16,12,7,-4,-12,-3,None
0,0,0,-2,-2,-31,-6,4,-6,16,12,7,-4,-12,-3,None
0,-3,-1,0,1,12,-17,-3,-1,16,12,7,-4,-12,-3,None
0,3,4,-3,-22,-85,9,5,2,16,12,7,-4,-12,-3,None
0,0,2,9,32,85,9,2,0,16,12,7,-4,-12,-3,None
0,-3,-2,-7,-26,-26,16,-1,-3,16,12,7,-4,-12,-3,None
0,-3,-2,-7,-26,-26,16,-1,-3,16,12,7,-4,-12,-3,None
0,-3,-2,-7,-26,-26,16,-1,-3,16,12,7,-4,-13,-2,None
0,0,0,-2,11,20,-22,-2,-2,16,12,7,-4,-13,-2,None
0,-1,1,-2,-9,19,6,-2,-4,16,12,7,-4,-13,-2,None
0,2,3,-2,-30,-57,17,4,6,16,12,7,-4,-13,-2,None
0,-1,0,-1,13,22,14,1,-2,16,12,7,-4,-13,-2,None
0,-1,0,-1,13,22,14,1,-2,16,12,7,-4,-13,-2,None
0,-1,0,-1,13,22,14,1,-2,16,12,7,-3,-14,-1,None
0,0,-1,-4,3,27,-14,-10,-3,16,12,7,-3,-14,-1,None
0,-3,-3,1,5,-47,12,-3,-7,16,12,7,-3,-14,-1,None
0,-3,0,-2,-8,18,-2,-1,4,16,12,7,-3,-14,-1,None
0,0,1,-1,-30,-5,5,-3,-11,16,12,7,-3,-14,-1,None
0,0,1,-1,-30,-5,5,-3,-11,16,12,7,-3,-14,-1,None
0,0,1,-1,-30,-5,5,-3,-11,16,12,7,-3,-14,-1,None
0,-2,0,-8,26,-20,-17,0,-3,16,12,7,-3,-14,-1,None
0,-2,-4,-1,-6,15,3,-2,-2,16,12,7,-3,-14,-1,None
0,-1,1,-4,-9,25,2,0,1,16,12,7,-3,-14,-1,None
0,-1,0,-2,-15,0,6,-2,1,16,12,7,-3,-14,-1,None
0,-1,0,-2,-15,0,6,-2,1,16,12,7,-3,-14,-1,None
0,-1,0,-2,-15,0,6,-2,1,16,12,7,-4,-13,-1,None
0,-1,1,-1,-7,1,-12,-3,-10,16,12,7,-4,-13,-1,None
0,-1,4,2,-6,-4,20,3,1,16,12,7,-4,-13,-1,None
0,-2,-1,-4,4,-1,-2,-2,-1,16,12,7,-4,-13,-1,None
0,-1,0,-3,-19,-4,7,0,-2,16,12,7,-4,-13,-1,None
0,-1,0,-3,-19,-4,7,0,-2,16,12,8,-4,-13,-1,None
0,-1,0,-3,-19,-4,7,0,-2,16,12,8,-3,-12,-2,None
0,-4,-1,1,32,26,-14,-5,7,16,12,8,-3,-12,-2,None
0,-2,-1,-3,23,-26,-4,0,-9,16,12,8,-3,-12,-2,None
0,-1,-2,-6,-15,8,-4,0,-1,16,12,8,-3,-12,-2,None
0,1,1,-4,3,6,8,1,4,16,12,8,-3,-12,-2,None
0,1,1,-4,3,6,8,1,4,16,12,8,-3,-12,-2,None
0,1,1,-4,3,6,8,1,4,16,12,8,-3,-12,-2,None
0,0,0,-10,-24,-16,-2,0,2,16,12,8,-3,-12,-2,None
0,-1,0,2,11,9,-2,-3,4,16,12,8,-3,-12,-2,None
0,-1,2,4,12,2,-4,-5,-18,16,12,8,-3,-12,-2,None
0,-1,0,-4,7,0,6,3,12,16,12,8,-3,-12,-2,None
0,-1,0,-4,7,0,6,3,12,17,12,8,-3,-12,-2,None
0,-1,0,-4,7,0,6,3,12,17,12,8,-3,-12,-3,None
0,-1,-1,-3,-19,-4,-3,-6,-6,17,12,8,-3,-12,-3,None
0,-2,-1,1,33,11,2,-3,4,17,12,8,-3,-12,-3,None
0,-1,1,3,-16,-2,-5,-1,-8,17,12,8,-3,-12,-3,None
0,-2,1,5,11,6,-1,-2,-4,17,12,8,-3,-12,-3,None
0,-2,1,5,11,6,-1,-2,-4,17,12,8,-3,-12,-3,None
0,-2,1,5,11,6,-1,-2,-4,17,12,8,-3,-13,-3,None
0,-1,1,9,0,-5,-6,-3,-3,17,12,8,-3,-13,-3,None
0,-2,2,4,-4,5,2,-3,-1,17,12,8,-3,-13,-3,None
0,1,2,8,-17,3,0,0,6,17,12,8,-3,-13,-3,None
0,0,-1,1,29,-1,2,0,-2,17,12,8,-3,-13,-3,None
0,0,-1,1,29,-1,2,0,-2,17,12,8,-3,-13,-3,None
0,0,-1,1,29,-1,2,0,-2,17,12,8,-3,-13,-3,None
0,-2,-2,-1,-24,-7,-1,-2,-1,17,12,8,-3,-13,-3,None
0,-4,-2,0,-21,-5,-7,-4,-8,17,12,8,-3,-13,-3,None
0,-3,0,7,-7,19,3,0,5,17,12,8,-3,-13,-3,None
0,-1,4,21,14,2,6,2,-2,17,12,8,-3,-13,-3,None
0,-1,4,21,14,2,6,2,-2,17,12,8,-3,-13,-3,None
0,-1,4,21,14,2,6,2,-2,17,12,8,-3,-12,-3,None
0,2,-1,8,6,0,1,1,2,17,12,8,-3,-12,-3,None
0,0,-1,5,-6,-6,-4,-1,5,17,12,8,-3,-12,-3,None
0,-3,1,-5,-3,-13,1,-2,-7,17,12,8,-3,-12,-3,None
0,-2,1,-5,70,30,0,-1,-1,17,12,8,-3,-12,-3,None
0,-2,1,-5,70,30,0,-1,-1,17,12,8,-3,-12,-3,None
0,-2,1,-5,70,30,0,-1,-1,17,12,8,-3,-13,-3,None
0,0,5,4,42,9,0,-1,-2,17,12,8,-3,-13,-3,None
0,-4,-6,-21,-46,-18,-8,-5,-5,17,12,8,-3,-13,-3,None
0,-3,-5,-15,-41,-5,0,-1,3,17,12,8,-3,-13,-3,None
0,-2,-1,-8,27,-19,-2,-3,-8,17,12,8,-3,-13,-3,None
0,-2,-1,-8,27,-19,-2,-3,-8,17,12,8,-3,-13,-3,None
0,-2,-1,-8,27,-19,-2,-3,-8,17,12,8,-3,-13,-3,None
0,1,2,4,6,4,0,0,-2,17,12,8,-3,-13,-3,None
0,2,6,9,30,8,2,3,2,17,12,8,-3,-13,-3,None
0,0,2,1,-2,1,-5,-5,-2,17,12,8,-3,-13,-3,None
0,0,0,-3,-18,8,4,2,2,17,12,8,-3,-13,-3,None
0,0,0,-3,-18,8,4,2,2,17,12,8,-3,-13,-3,None
0,0,0,-3,-18,8,4,2,2,17,12,8,-2,-13,-3,None
0,1,3,-6,28,3,4,0,1,17,12,8,-2,-13,-3,None
0,0,-3,-21,-20,-6,-1,0,-3,17,12,8,-2,-13,-3,None
0,-1,-2,-19,-18,-21,-10,-3,1,17,12,8,-2,-13,-3,None
0,-3,0,-19,1,36,2,-3,-4,17,12,8,-2,-13,-3,None
0,-3,0,-19,1,36,2,-3,-4,0,12,9,-2,-13,-3,None
0,-3,0,-19,1,36,2,-3,-4,0,12,9,-2,-14,-3,None
0,-2,-2,-17,2,-13,-6,-7,-4,0,12,9,-2,-14,-3,None
0,1,3,-7,21,13,10,4,-2,0,12,9,-2,-14,-3,None
0,-5,-4,-19,21,-13,-3,-3,-4,0,12,9,-2,-14,-3,None
0,1,2,0,13,17,-1,-6,0,0,12,9,-2,-14,-3,None
0,1,2,0,13,17,-1,-6,0,0,13,9,-2,-14,-3,None
0,1,2,0,13,17,-1,-6,0,0,13,9,0,-14,-3,None
0,-4,-4,-13,4,-3,-5,-2,-6,0,13,9,0,-14,-3,None
0,0,2,-8,-44,-9,-3,1,-2,0,13,9,0,-14,-3,None
0,-1,-1,-6,12,7,-2,-1,0,0,13,9,0,-14,-3,None
0,0,-1,-2,-56,-16,6,-1,-2,0,13,9,0,-14,-3,None
0,0,-1,-2,-56,-16,6,-1,-2,0,13,9,0,-14,-3,None
0,0,-1,-2,-56,-16,6,-1,-2,0,13,9,0,-14,-2,None
0,-3,-2,-7,20,22,-2,-2,0,0,13,9,0,-14,-2,None
0,-1,0,-2,-24,-24,-2,-5,-5,0,13,9,0,-14,-2,None
0,3,4,3,21,-19,-3,3,4,0,13,9,0,-14,-2,None
0,-4,-3,-13,-110,-30,-10,-4,-2,0,13,9,0,-14,-2,None
0,-4,-3,-13,-110,-30,-10,-4,-2,0,13,9,0,-14,-2,None
0,-4,-3,-13,-110,-30,-10,-4,-2,0,13,9,1,-14,-2,None
0,1,3,9,35,4,-1,1,-1,0,13,9,1,-14,-2,None
0,-1,-1,-3,31,-17,-3,1,-1,0,13,9,1,-14,-2,None
0,-2,-4,-7,-32,67,6,-2,1,0,13,9,1,-14,-2,None
0,-2,-1,2,-3,-6,-4,-3,-6,0,13,9,1,-14,-2,None
0,-2,-1,2,-3,-6,-4,-3,-6,0,12,9,1,-14,-2,None
0,-2,-1,2,-3,-6,-4,-3,-6,0,12,9,2,-15,-3,None
0,-3,-3,-8,6,-3,-4,-3,-3,0,12,9,2,-15,-3,None
0,-4,-1,2,-39,-21,-2,-4,-4,0,12,9,2,-15,-3,None
0,-2,2,4,26,-13,-1,0,-3,0,12,9,2,-15,-3,None
0,-2,-2,-11,-40,-10,3,1,-2,0,12,9,2,-15,-3,None
0,-2,-2,-11,-40,-10,3,1,-2,0,12,9,2,-15,-3,None
0,-2,-2,-11,-40,-10,3,1,-2,0,12,9,3,-16,-3,None
0,0,-1,-6,-45,1,-1,-1,0,0,12,9,3,-16,-3,None
0,-1,1,2,42,-22,-7,-5,-1,0,12,9,3,-16,-3,None
0,4,4,2,-10,15,5,5,8,0,12,9,3,-16,-3,None
0,-1,-1,0,10,-42,-9,-1,-10,0,12,9,3,-16,-3,None
0,-1,-1,0,10,-42,-9,-1,-10,0,12,9,3,-16,-3,None
0,-1,-1,0,10,-42,-9,-1,-10,0,12,9,4,-17,-2,None
0,1,5,25,-39,21,14,3,1,0,12,9,4,-17,-2,None
0,1,2,-19,84,13,7,1,0,0,12,9,4,-17,-2,None
0,-2,1,12,58,0,1,-3,-3,0,12,9,4,-17,-2,None
0,-1,-1,-21,62,36,-11,-4,1,0,12,9,4,-17,-2,None
0,-1,-1,-21,62,36,-11,-4,1,1,12,9,4,-17,-2,None
0,-1,-1,-21,62,36,-11,-4,1,1,12,9,4,-15,-2,None
0,0,2,13,70,-5,9,2,0,1,12,9,4,-15,-2,None
0,-3,-2,-5,-80,37,-4,-3,-6,1,12,9,4,-15,-2,None
0,2,6,34,67,12,2,3,5,1,12,9,4,-15,-2,None
0,1,0,-10,33,28,-4,-5,2,1,12,9,4,-15,-2,None
0,1,0,-10,33,28,-4,-5,2,1,12,9,4,-15,-2,None
0,1,0,-10,33,28,-4,-5,2,1,12,9,5,-13,-2,None
0,-2,0,-20,-69,-5,4,7,-3,1,12,9,5,-13,-2,None
0,-4,-6,7,15,40,-8,-7,-2,1,12,9,5,-13,-2,None
0,1,5,16,-11,-21,6,-1,-2,1,12,9,5,-13,-2,None
0,-7,-7,-8,-13,-19,-6,0,-11,1,12,9,5,-13,-2,None
0,-7,-7,-8,-13,-19,-6,0,-11,1,12,9,5,-13,-2,None
0,-7,-7,-8,-13,-19,-6,0,-11,1,12,9,6,-14,-2,None
0,0,0,-8,-25,-30,-4,-4,3,1,12,9,6,-14,-2,None
0,4,7,0,10,3,-2,-1,8,1,12,9,6,-14,-2,None
0,-9,2,0,-9,13,0,1,-15,1,12,9,6,-14,-2,None
0,4,0,21,8,-16,0,-3,13,1,12,9,6,-14,-2,None
0,4,0,21,8,-16,0,-3,13,1,12,9,6,-14,-2,None
0,4,0,21,8,-16,0,-3,13,1,12,9,7,-16,-2,None
0,-8,-13,-55,-34,-27,-4,-2,-13,1,12,9,7,-16,-2,None
0,-4,-3,-5,2,21,5,2,-3,1,12,9,7,-16,-2,None
0,-1,-3,-15,16,-24,-12,-10,-5,1,12,9,7,-16,-2,None
0,1,6,13,9,26,3,0,3,1,12,9,7,-16,-2,None
0,1,6,13,9,26,3,0,3,1,12,9,7,-16,-2,None
0,1,6,13,9,26,3,0,3,1,12,9,7,-15,-1,None
0,3,6,18,-24,13,-7,-2,2,1,12,9,7,-15,-1,None
0,-3,-6,-1,45,44,2,-3,-5,1,12,9,7,-15,-1,None
0,0,-3,-21,13,10,0,-2,1,1,12,9,7,-15,-1,None
0,-2,2,22,-26,22,1,0,-5,1,12,9,7,-15,-1,None
0,-2,2,22,-26,22,1,0,-5,1,12,9,7,-15,-1,None
0,-2,2,22,-26,22,1,0,-5,1,12,9,7,-13,-1,None
0,0,4,29,111,29,4,1,2,1,12,9,7,-13,-1,None
0,3,21,-21,-76,-47,-6,-2,-6,1,12,9,7,-13,-1,None
0,-7,-17,1,-33,-15,-2,-3,-1,1,12,9,7,-13,-1,None
0,2,4,15,55,25,3,0,-1,1,12,9,7,-13,-1,None
0,2,4,15,55,25,3,0,-1,1,12,9,7,-13,-1,None
0,2,4,15,55,25,3,0,-1,1,12,9,7,-13,-1,None
0,-2,-4,3,49,21,-4,-3,-1,1,12,9,7,-13,-1,None
0,0,7,-1,-53,-59,-4,2,1,1,12,9,7,-13,-1,None
0,0,3,-6,23,0,0,-3,1,1,12,9,7,-13,-1,None
0,-6,3,-14,-59,4,-2,-3,-5,1,12,9,7,-13,-1,None
0,-6,3,-14,-59,4,-2,-3,-5,1,12,9,7,-13,-1,None
0,-6,3,-14,-59,4,-2,-3,-5,1,12,9,7,-14,-1,None
0,-2,1,-6,-28,2,-3,4,2,1,12,9,7,-14,-1,None
0,1,-2,17,70,12,11,7,-3,1,12,9,7,-14,-1,None
0,1,-2,-16,-18,10,-3,-3,2,1,12,9,7,-14,-1,None
0,-3,-9,-17,-65,-94,-6,-5,-5,1,12,9,7,-14,-1,None
0,-3,-9,-17,-65,-94,-6,-5,-5,1,12,9,7,-14,-1,None
0,-3,-9,-17,-65,-94,-6,-5,-5,1,12,9,7,-13,-1,None
0,-1,2,-3,-36,10,-7,-6,-1,1,12,9,7,-13,-1,None
0,-3,-4,8,6,6,0,-4,-5,1,12,9,7,-13,-1,None
0,0,0,-2,-14,-10,-2,-1,-1,1,12,9,7,-13,-1,None
0,0,4,-8,5,47,6,-2,0,1,12,9,7,-13,-1,None
0,0,4,-8,5,47,6,-2,0,1,12,9,7,-13,-1,None
0,0,4,-8,5,47,6,-2,0,1,12,9,8,-12,-1,None
0,-2,3,-3,-23,-16,-5,-5,-3,1,12,9,8,-12,-1,None
0,4,18,3,-2,1,0,1,5,1,12,9,8,-12,-1,None
0,-5,-20,-2,32,16,0,-4,-12,1,12,9,8,-12,-1,None
0,0,-1,-2,15,-4,-1,1,3,1,12,9,8,-12,-1,None
0,0,-1,-2,15,-4,-1,1,3,1,12,9,8,-12,-1,None
0,0,-1,-2,15,-4,-1,1,3,1,12,9,7,-12,-1,None
0,-3,11,-3,-13,-14,-3,-2,-5,1,12,9,7,-12,-1,None
0,-2,1,0,14,17,0,-3,-4,1,12,9,7,-12,-1,None
0,5,13,0,-61,-13,3,4,7,1,12,9,7,-12,-1,None
0,-3,17,-1,13,-5,-2,-2,-2,1,12,9,7,-12,-1,None
0,-3,17,-1,13,-5,-2,-2,-2,1,12,9,7,-12,-1,None
0,-3,17,-1,13,-5,-2,-2,-2,1,12,9,7,-12,-1,None
0,0,-7,1,10,8,0,-2,-4,1,12,9,7,-12,-1,None
0,-1,-5,0,-12,-29,-2,-3,3,1,12,9,7,-12,-1,None
0,-1,7,-8,-56,-15,-2,-5,-8,1,12,9,7,-12,-1,None
0,-2,-5,-5,20,-13,-3,0,1,1,12,9,7,-12,-1,None
0,-2,-5,-5,20,-13,-3,0,1,1,12,9,7,-12,-1,None
0,-2,-5,-5,20,-13,-3,0,1,1,12,9,8,-13,-1,None
0,-2,2,1,24,-5,-1,-1,5,1,12,9,8,-13,-1,None
0,-3,-11,-7,-22,8,-3,-1,-4,1,12,9,8,-13,-1,None
0,0,3,-2,2,-17,-1,0,4,1,12,9,8,-13,-1,None
0,1,24,0,21,21,2,0,-7,1,12,9,8,-13,-1,None
0,1,24,0,21,21,2,0,-7,1,12,9,8,-13,-1,None
0,1,24,0,21,21,2,0,-7,1,12,9,8,-14,-1,None
0,1,-15,-5,-10,-1,-3,-3,-2,1,12,9,8,-14,-1,None
0,-3,-6,3,28,11,2,0,0,1,12,9,8,-14,-1,None
0,0,9,-4,2,-4,-2,0,-2,1,12,9,8,-14,-1,None
0,0,-1,0,22,14,-1,-2,0,1,12,9,8,-14,-1,None
0,0,-1,0,22,14,-1,-2,0,1,12,9,8,-14,-1,None
0,0,-1,0,22,14,-1,-2,0,1,12,9,8,-13,-1,None
0,-3,11,-7,-52,-29,-6,-3,-3,1,12,9,8,-13,-1,None
0,-3,-6,-4,-34,-20,-2,-2,-3,1,12,9,8,-13,-1,None
0,1,5,-4,3,7,-1,-1,1,1,12,9,8,-13,-1,None
0,-1,-4,1,4,-7,-1,0,-1,1,12,9,8,-13,-1,None
0,-1,-4,1,4,-7,-1,0,-1,1,12,9,8,-13,-1,None
0,-1,-4,1,4,-7,-1,0,-1,1,12,9,7,-11,-1,None
0,-1,0,1,-1,-4,0,0,0,1,12,9,7,-11,-1,None
0,-2,11,3,47,11,0,-1,-1,1,12,9,7,-11,-1,None
0,2,-15,-5,-12,2,-5,-1,-1,1,12,9,7,-11,-1,None
0,-3,6,2,4,13,1,-1,0,1,12,9,7,-11,-1,None
0,-3,6,2,4,13,1,-1,0,1,12,9,7,-11,-1,None
0,-3,6,2,4,13,1,-1,0,1,12,9,8,-11,0,None
0,-3,-2,-2,6,10,0,-1,-2,1,12,9,8,-11,0,None
0,-4,8,6,8,7,1,0,-1,1,12,9,8,-11,0,None
0,-4,1,4,36,37,-1,-1,-1,1,12,9,8,-11,0,None
0,-4,-3,-7,12,-8,-7,-3,-2,1,12,9,8,-11,0,None
0,-4,-3,-7,12,-8,-7,-3,-2,1,12,9,8,-11,0,None
0,-4,-3,-7,12,-8,-7,-3,-2,1,12,9,8,-12,0,None
0,0,1,-1,-19,-21,0,-3,-2,1,12,9,8,-12,0,None
0,-3,-7,-1,-4,38,0,-1,-2,1,12,9,8,-12,0,None
0,-1,9,-2,-1,-11,-1,-1,0,1,12,9,8,-12,0,None
0,2,-2,-1,-20,-6,-2,0,-2,1,12,9,8,-12,0,None
0,2,-2,-1,-20,-6,-2,0,-2,1,12,9,8,-12,0,None
0,2,-2,-1,-20,-6,-2,0,-2,1,12,9,8,-12,0,None
0,-5,3,2,15,1,-1,0,-3,1,12,9,8,-12,0,None
0,1,-1,-2,-12,-24,1,0,1,1,12,9,8,-12,0,None
0,-4,-9,-3,18,39,1,-3,-6,1,12,9,8,-12,0,None
0,0,0,-3,1,0,2,-1,1,1,12,9,8,-12,0,None
0,0,0,-3,1,0,2,-1,1,1,12,9,8,-12,0,None
0,0,0,-3,1,0,2,-1,1,1,12,9,8,-12,0,None
0,-1,-5,-2,6,-2,-1,0,-1,1,12,9,8,-12,0,None
0,1,3,0,-9,-10,-1,-1,-1,1,12,9,8,-12,0,None
0,0,2,-1,-5,-14,-1,0,1,1,12,9,8,-12,0,None
0,-7,15,-4,9,6,-1,-1,-2,1,12,9,8,-12,0,None
0,-7,15,-4,9,6,-1,-1,-2,1,12,9,8,-12,0,None
0,-7,15,-4,9,6,-1,-1,-2,1,12,9,8,-12,0,None
0,5,8,6,23,14,0,-2,-1,1,12,9,8,-12,0,None
0,-1,-17,-7,2,-8,-7,-5,-5,1,12,9,8,-12,0,None
0,-4,0,1,20,7,-1,-2,0,1,12,9,8,-12,0,None
0,0,-5,-1,0,6,1,-1,-1,1,12,9,8,-12,0,None
0,0,-5,-1,0,6,1,-1,-1,1,12,9,8,-12,0,None
0,0,-5,-1,0,6,1,-1,-1,1,12,9,8,-12,0,None
0,-1,-7,-3,-3,2,0,-2,0,1,12,9,8,-12,0,None
0,-1,7,-1,3,1,0,-1,-4,1,12,9,8,-12,0,None
0,-1,4,-3,-3,-9,-3,-1,0,1,12,9,8,-12,0,None
0,0,-10,0,-10,-9,0,-2,0,1,12,9,8,-12,0,None
0,0,-10,0,-10,-9,0,-2,0,1,12,9,8,-12,0,None
0,0,-10,0,-10,-9,0,-2,0,1,12,9,8,-12,0,None
0,-2,6,-2,5,-8,-2,0,-3,1,12,9,8,-12,0,None
0,-2,-25,-2,8,4,0,-1,-1,1,12,9,8,-12,0,None
0,-11,19,-7,-27,-15,-3,-1,0,1,12,9,8,-12,0,None
0,20,-17,-4,-10,4,-1,-1,-2,1,12,9,8,-12,0,None
0,20,-17,-4,-10,4,-1,-1,-2,1,12,9,8,-12,0,None
0,20,-17,-4,-10,4,-1,-1,-2,1,12,9,8,-12,-1,None
0,-2,-4,1,-3,2,-1,-1,-3,1,12,9,8,-12,-1,None
0,-2,4,-2,7,9,0,0,-1,1,12,9,8,-12,-1,None
0,-2,0,-1,-3,-3,-1,-1,0,1,12,9,8,-12,-1,None
0,-8,0,1,21,-9,0,-2,0,1,12,9,8,-12,-1,None
0,-8,0,1,21,-9,0,-2,0,1,12,9,8,-12,-1,None
0,-8,0,1,21,-9,0,-2,0,1,12,9,8,-12,-1,None
0,-1,16,-9,-53,9,-1,-4,-1,1,12,9,8,-12,-1,None
0,2,2,-4,1,-11,-5,-2,0,1,12,9,8,-12,-1,None
0,1,-2,3,-12,-3,-2,-1,-3,1,12,9,8,-12,-1,None
0,-6,-2,6,-4,7,-2,-3,-3,1,12,9,8,-12,-1,None
0,-6,-2,6,-4,7,-2,-3,-3,1,12,9,8,-12,-1,None
0,-6,-2,6,-4,7,-2,-3,-3,1,12,9,8,-12,-1,None
0,1,-3,-3,20,6,-1,1,-1,1,12,9,8,-12,-1,None
0,-3,7,0,-6,-2,0,-1,0,1,12,9,8,-12,-1,None
0,1,-4,-2,-2,-7,0,0,0,1,12,9,8,-12,-1,None
0,-2,0,-7,23,14,-3,-2,-2,1,12,9,8,-12,-1,None
0,-2,0,-7,23,14,-3,-2,-2,1,12,9,8,-12,-1,None
0,-2,0,-7,23,14,-3,-2,-2,1,12,9,8,-12,-1,None
0,-3,-5,-3,4,-11,-1,-2,-2,1,12,9,8,-12,-1,None
0,-2,12,-2,-11,13,0,0,-3,1,12,9,8,-12,-1,None
0,-3,-2,-2,12,-7,-1,-1,-1,1,12,9,8,-12,-1,None
0,2,-6,-2,-18,-6,0,0,-3,1,12,9,8,-12,-1,None
0,2,-6,-2,-18,-6,0,0,-3,1,12,9,8,-12,-1,None
0,2,-6,-2,-18,-6,0,0,-3,1,12,9,8,-12,-1,None
0,1,3,-2,17,3,0,-1,-1,1,12,9,8,-12,-1,None
0,-2,-4,-3,13,8,-2,-1,-3,1,12,9,8,-12,-1,None
0,0,-1,-3,-1,5,-2,-2,-2,1,12,9,8,-12,-1,None
0,-4,6,-3,-7,5,1,0,0,1,12,9,8,-12,-1,None
0,-4,6,-3,-7,5,1,0,0,1,12,9,8,-12,-1,None
0,-4,6,-3,-7,5,1,0,0,1,12,9,8,-12,-1,None
0,-1,-9,-4,-17,-2,-2,-2,-1,1,12,9,8,-12,-1,None
0,0,1,-3,2,1,1,-2,-2,1,12,9,8,-12,-1,None
0,3,20,-3,-11,2,0,-1,0,1,12,9,8,-12,-1,None
0,-5,-6,1,-11,-17,-2,0,-2,1,12,9,8,-12,-1,None
0,-5,-6,1,-11,-17,-2,0,-2,1,12,9,8,-12,-1,None
0,-5,-6,1,-11,-17,-2,0,-2,1,12,9,8,-12,-1,None
0,9,-3,-11,0,-5,-2,-2,0,1,12,9,8,-12,-1,None
0,-3,-7,-2,4,11,0,-1,0,1,12,9,8,-12,-1,None
0,1,2,0,-6,-8,0,-1,-2,1,12,9,8,-12,-1,None
0,0,0,-1,20,7,-2,-1,1,1,12,9,8,-12,-1,None
0,0,0,-1,20,7,-2,-1,1,1,12,9,8,-12,-1,None
0,0,0,-1,20,7,-2,-1,1,1,12,9,8,-12,-1,None
0,-4,-8,2,-16,-19,-1,-1,-1,1,12,9,8,-12,-1,None
0,1,39,-5,5,20,-2,-3,-4,1,12,9,8,-12,-1,None
0,0,-16,-11,-13,-2,-2,-1,-2,1,12,9,8,-12,-1,None
0,-4,-1,2,-3,-8,0,-1,-1,1,12,9,8,-12,-1,None
0,-4,-1,2,-3,-8,0,-1,-1,1,12,9,8,-12,-1,None
0,-4,-1,2,-3,-8,0,-1,-1,1,12,9,8,-12,-1,None
0,-6,0,3,-2,0,0,-1,-1,1,12,9,8,-12,-1,None
0,1,0,5,3,-3,-1,0,0,1,12,9,8,-12,-1,None
0,-6,-5,-1,6,2,-2,-2,-2,1,12,9,8,-12,-1,None
0,2,8,-5,-10,-10,-2,-2,-2,1,12,9,8,-12,-1,None
0,2,8,-5,-10,-10,-2,-2,-2,1,12,9,8,-12,-1,None
0,2,8,-5,-10,-10,-2,-2,-2,1,12,9,8,-12,-1,None
0,0,3,-3,4,14,-3,-3,-2,1,12,9,8,-12,-1,None
0,-3,-6,3,1,-13,1,1,1,1,12,9,8,-12,-1,None
0,-4,-7,-4,21,26,-1,-3,-2,1,12,9,8,-12,-1,None
0,-3,-1,-9,-23,-30,-3,-4,-3,1,12,9,8,-12,-1,None
0,-3,-1,-9,-23,-30,-3,-4,-3,1,12,9,8,-12,-1,None
0,-3,-1,-9,-23,-30,-3,-4,-3,1,12,9,8,-12,-1,None
0,-4,0,1,-2,0,0,-1,-2,1,12,9,8,-12,-1,None
0,1,-8,-1,0,-3,-2,-1,-1,1,12,9,8,-12,-1,None
0,0,4,4,1,-8,-1,1,0,1,12,9,8,-12,-1,None
0,-1,1,-3,8,10,0,-1,-1,1,12,9,8,-12,-1,None
0,-1,1,-3,8,10,0,-1,-1,1,12,9,8,-12,-1,None
0,-1,1,-3,8,10,0,-1,-1,1,12,9,8,-12,-1,None
0,0,19,0,3,7,-1,0,-2,1,12,9,8,-12,-1,None
0,-5,-16,-6,-6,-13,0,0,-1,1,12,9,8,-12,-1,None
0,2,9,7,7,-2,-2,-2,-3,1,12,9,8,-12,-1,None
0,-4,-5,-1,-1,20,1,-1,-4,1,12,9,8,-12,-1,None
0,-4,-5,-1,-1,20,1,-1,-4,1,12,9,8,-12,-1,None
0,-4,-5,-1,-1,20,1,-1,-4,1,12,9,8,-12,-1,None
0,-2,2,-2,0,10,0,1,-3,1,12,9,8,-12,-1,None
0,0,-1,1,-6,-3,0,-1,0,1,12,9,8,-12,-1,None
0,0,-5,-3,-5,-5,-1,-2,-1,1,12,9,8,-12,-1,None
0,0,4,-2,-2,1,-1,0,1,1,12,9,8,-12,-1,None
0,0,4,-2,-2,1,-1,0,1,1,12,9,8,-12,-1,None
0,0,4,-2,-2,1,-1,0,1,1,12,9,8,-12,-1,None
0,-2,-4,-2,8,-3,0,-1,0,1,12,9,8,-12,-1,None
0,0,2,-5,-1,3,-1,-3,-1,1,12,9,8,-12,-1,None
0,-8,-5,-3,-5,3,-2,-1,-2,1,12,9,8,-12,-1,None
0,11,16,0,2,-11,-1,0,1,1,12,9,8,-12,-1,None
0,11,16,0,2,-11,-1,0,1,1,12,9,8,-12,-1,None
0,11,16,0,2,-11,-1,0,1,1,12,9,8,-12,-1,None
0,-5,-14,-1,0,13,-3,-5,-5,1,12,9,8,-12,-1,None
0,-5,-2,-1,-43,-4,-1,-3,-5,1,12,9,8,-12,-1,None
0,1,1,-4,-4,8,-2,-2,-3,1,12,9,8,-12,-1,None
0,-4,1,-3,0,-1,0,1,-1,1,12,9,8,-12,-1,None
0,-4,1,-3,0,-1,0,1,-1,1,12,9,8,-12,-1,None
0,-4,1,-3,0,-1,0,1,-1,1,12,9,8,-12,-1,None
0,0,-1,-2,3,-6,0,-1,2,1,12,9,8,-12,-1,None
0,1,1,-4,11,0,-2,-1,-1,1,12,9,8,-12,-1,None
0,-1,-2,0,-3,-2,0,0,-3,1,12,9,8,-12,-1,None
0,-1,-3,-2,-8,3,0,-2,2,1,12,9,8,-12,-1,None
0,-1,-3,-2,-8,3,0,-2,2,1,12,9,8,-12,-1,None
0,-1,-3,-2,-8,3,0,-2,2,1,12,9,8,-12,-1,None
0,-1,-2,-4,0,1,-2,-2,-1,1,12,9,8,-12,-1,None
0,0,-2,-1,6,3,-2,-2,-2,1,12,9,8,-12,-1,None
0,-2,0,-1,27,0,0,-1,-1,1,12,9,8,-12,-1,None
0,4,13,-3,18,11,-1,0,0,1,12,9,8,-12,-1,None
0,4,13,-3,18,11,-1,0,0,1,12,9,8,-12,-1,None
0,4,13,-3,18,11,-1,0,0,1,12,9,8,-12,-1,None
0,-9,-40,-5,2,-14,-2,-5,-3,1,12,9,8,-12,-1,None
0,1,2,-1,16,13,0,0,-1,1,12,9,8,-12,-1,None
0,0,-2,-4,-1,-3,-1,-2,-1,1,12,9,8,-12,-1,None
0,-3,-3,1,7,-1,-1,1,-1,1,12,9,8,-12,-1,None
0,-3,-3,1,7,-1,-1,1,-1,1,12,9,8,-12,-1,None
0,-3,-3,1,7,-1,-1,1,-1,1,12,9,8,-12,-1,None
0,0,12,-2,4,-2,-2,0,-1,1,12,9,8,-12,-1,None
0,-2,0,-2,-4,-1,-2,-1,-1,1,12,9,8,-12,-1,None
0,-2,-5,-2,-8,-1,0,-1,0,1,12,9,8,-12,-1,None
0,-5,-7,-1,-5,1,-2,-2,-4,1,12,9,8,-12,-1,None
0,-5,-7,-1,-5,1,-2,-2,-4,1,12,9,8,-12,-1,None
0,-5,-7,-1,-5,1,-2,-2,-4,1,12,9,8,-12,-1,None
0,2,7,-2,-8,3,1,0,0,1,12,9,8,-12,-1,None
0,-5,-3,-2,0,-4,-1,-1,-2,1,12,9,8,-12,-1,None
0,5,9,4,24,9,3,0,0,1,12,9,8,-12,-1,None
0,-6,3,-7,-34,-4,-3,-5,-5,1,12,9,8,-12,-1,None
0,-6,3,-7,-34,-4,-3,-5,-5,1,12,9,8,-12,-1,None
0,-6,3,-7,-34,-4,-3,-5,-5,1,12,9,8,-12,-1,None
0,-4,-2,-2,-16,-8,-2,0,-3,1,12,9,8,-12,-1,None
0,1,1,-2,12,7,-1,-2,-1,1,12,9,8,-12,-1,None
0,-2,-1,-1,-3,-7,-1,0,-1,1,12,9,8,-12,-1,None
0,-2,1,-1,4,-1,-1,0,-1,1,12,9,8,-12,-1,None
0,-2,1,-1,4,-1,-1,0,-1,1,12,9,8,-12,-1,None
0,-2,1,-1,4,-1,-1,0,-1,1,12,9,8,-12,-1,None
0,0,1,-1,6,-4,-1,0,-2,1,12,9,8,-12,-1,None
0,-2,6,-1,-3,-4,-1,-1,0,1,12,9,8,-12,-1,None
0,-3,0,-5,-16,1,-2,-3,-1,1,12,9,8,-12,-1,None
0,-1,-8,-1,-5,-6,1,-1,-2,1,12,9,8,-12,-1,None
0,-1,-8,-1,-5,-6,1,-1,-2,1,12,9,8,-12,-1,None
0,-1,-8,-1,-5,-6,1,-1,-2,1,12,9,8,-12,-1,None
0,-2,9,-3,0,13,-1,-2,0,1,12,9,8,-12,-1,None
0,0,-4,-2,3,0,0,-2,-1,1,12,9,8,-12,-1,None
0,0,-1,-4,-7,0,-2,-2,-3,1,12,9,8,-12,-1,None
0,0,-1,-1,-2,2,0,-1,-1,1,12,9,8,-12,-1,None
0,0,-1,-1,-2,2,0,-1,-1,1,12,9,8,-12,-1,None
0,0,-1,-1,-2,2,0,-1,-1,1,12,9,8,-12,-1,None
0,0,18,0,7,0,-1,0,-1,1,12,9,8,-12,-1,None
0,-3,-35,0,10,-4,-1,-2,-1,1,12,9,8,-12,-1,None
0,-3,0,-2,-31,-18,1,-1,1,1,12,9,8,-12,-1,None
0,3,-8,-2,12,16,-1,-3,-2,1,12,9,8,-12,-1,None
0,3,-8,-2,12,16,-1,-3,-2,1,12,9,8,-12,-1,None
0,3,-8,-2,12,16,-1,-3,-2,1,12,9,8,-12,-1,None
0,0,2,-2,-5,2,0,-2,-1,1,12,9,8,-12,-1,None
0,0,9,-2,-3,-2,0,0,-2,1,12,9,8,-12,-1,None
0,-1,2,-1,-4,-2,-2,-1,-1,1,12,9,8,-12,-1,None
0,-3,-6,0,-7,-7,-2,-1,-1,1,12,9,8,-12,-1,None
0,-3,-6,0,-7,-7,-2,-1,-1,1,12,9,8,-12,-1,None
0,-3,-6,0,-7,-7,-2,-1,-1,1,12,9,8,-12,-1,None
0,1,1,-2,3,-1,-2,-1,-2,1,12,9,8,-12,-1,None
0,2,7,-2,-1,5,-1,-2,-2,1,12,9,8,-12,-1,None
0,2,-7,-2,-2,-2,-3,-2,-1,1,12,9,8,-12,-1,None
0,-4,14,-4,-1,-2,-1,0,-3,1,12,9,8,-12,-1,None
0,-4,14,-4,-1,-2,-1,0,-3,1,12,9,8,-12,-1,None
0,-4,14,-4,-1,-2,-1,0,-3,1,12,9,8,-12,-1,None
0,0,-10,0,11,13,3,-1,-2,1,12,9,8,-12,-1,None
0,-3,1,0,-3,-4,-3,-2,-3,1,12,9,8,-12,-1,None
0,0,-1,1,-3,1,0,0,-1,1,12,9,8,-12,-1,None
0,-1,-2,-4,0,0,-2,-1,0,1,12,9,8,-12,-1,None
0,-1,-2,-4,0,0,-2,-1,0,1,12,9,8,-12,-1,None
0,-1,-2,-4,0,0,-2,-1,0,1,12,9,8,-12,-1,None
0,1,2,1,-3,-6,0,1,-2,1,12,9,8,-12,-1,None
0,-1,3,-4,-6,1,-1,-1,0,1,12,9,8,-12,-1,None
0,-1,4,-4,3,6,-1,-3,-3,1,12,9,8,-12,-1,None
0,-1,-2,3,2,-1,-1,-1,-1,1,12,9,8,-12,-1,None
0,-1,-2,3,2,-1,-1,-1,-1,1,12,9,8,-12,-1,None
0,-1,-2,3,2,-1,-1,-1,-1,1,12,9,8,-12,-1,None
0,-6,2,1,19,-3,0,-1,-1,1,12,9,8,-12,-1,None
0,7,3,-6,-28,-11,-3,-1,-1,1,12,9,8,-12,-1,None
0,-1,11,-8,17,13,-4,-4,-4,1,12,9,8,-12,-1,None
0,-4,-9,-2,5,-3,-1,-2,-1,1,12,9,8,-12,-1,None
0,-4,-9,-2,5,-3,-1,-2,-1,1,12,9,8,-12,-1,None
0,-4,-9,-2,5,-3,-1,-2,-1,1,12,9,8,-12,-1,None
0,-1,-1,0,2,0,-2,-3,-2,1,12,9,8,-12,-1,None
0,-3,2,0,0,-1,-1,0,-1,1,12,9,8,-12,-1,None
0,-2,2,-2,-3,-4,0,2,0,1,12,9,8,-12,-1,None
0,-1,0,-3,-4,-1,-1,-1,-1,1,12,9,8,-12,-1,None
0,-1,0,-3,-4,-1,-1,-1,-1,1,12,9,8,-12,-1,None
0,-1,0,-3,-4,-1,-1,-1,-1,1,12,9,8,-12,-1,None
0,1,2,-3,-11,1,-3,-2,-1,1,12,9,8,-12,-1,None
0,-1,2,0,7,2,0,-2,-1,1,12,9,8,-12,-1,None
0,-1,-4,-3,-8,2,-2,-1,-1,1,12,9,8,-12,-1,None
0,0,2,0,2,4,-1,-2,0,1,12,9,8,-12,-1,None
0,0,2,0,2,4,-1,-2,0,1,12,9,8,-12,-1,None
0,0,2,0,2,4,-1,-2,0,1,12,9,8,-12,-1,None
0,0,4,-2,1,-10,0,-2,-1,1,12,9,8,-12,-1,None
0,2,8,-13,-10,23,0,0,0,1,12,9,8,-12,-1,None
0,-7,-34,4,18,13,-2,-5,-4,1,12,9,8,-12,-1,None
0,0,0,0,5,1,0,-1,-3,1,12,9,8,-12,-1,None
0,0,0,0,5,1,0,-1,-3,1,12,9,8,-12,-1,None
0,0,0,0,5,1,0,-1,-3,1,12,9,8,-12,-1,None
0,-1,0,-5,-6,-3,-2,-1,0,1,12,9,8,-12,-1,None
0,-2,8,2,7,-5,0,-1,-2,1,12,9,8,-12,-1,None
0,0,10,-3,-11,-6,-1,0,-2,1,12,9,8,-12,-1,None
0,-1,-2,-3,-4,2,0,-1,-1,1,12,9,8,-12,-1,None
0,-1,-2,-3,-4,2,0,-1,-1,1,12,9,8,-12,-1,None
0,-1,-2,-3,-4,2,0,-1,-1,1,12,9,8,-12,-1,None
0,0,-4,0,0,4,-1,0,-2,1,12,9,8,-12,-1,None
0,-3,-1,-1,3,-2,-1,-1,-3,1,12,9,8,-12,-1,None
0,-7,3,-3,5,-8,-2,-1,0,1,12,9,8,-12,-1,None
0,5,4,0,-19,13,-3,-2,-2,1,12,9,8,-12,-1,None
0,5,4,0,-19,13,-3,-2,-2,1,12,9,8,-12,-1,None
0,5,4,0,-19,13,-3,-2,-2,1,12,9,8,-12,-1,None
0,-1,3,-2,-18,-6,-1,-3,-2,1,12,9,8,-12,-1,None
0,-4,-5,-1,12,1,-1,-4,-2,1,12,9,8,-12,-1,None
0,-1,2,-1,0,-2,-1,-1,-1,1,12,9,8,-12,-1,None
0,-2,2,-2,4,-3,0,0,0,1,12,9,8,-12,-1,None
0,-2,2,-2,4,-3,0,0,0,1,12,9,8,-12,-1,None
0,-2,2,-2,4,-3,0,0,0,1,12,9,8,-12,-1,None
0,-1,-1,-3,-3,-2,-3,-1,0,1,12,9,8,-12,-1,None
0,-3,-4,0,-6,0,-2,-1,-1,1,12,9,8,-12,-1,None
0,1,2,0,-6,1,0,-1,-1,1,12,9,8,-12,-1,None
0,-5,-2,0,31,1,1,0,-1,1,12,9,8,-12,-1,None
0,-5,-2,0,31,1,1,0,-1,1,12,9,8,-12,-1,None
0,-5,-2,0,31,1,1,0,-1,1,12,9,8,-12,-1,None
0,11,18,-5,-14,6,-2,-1,-1,1,12,9,8,-12,-1,None
0,-3,0,-1,-7,-6,-1,-2,1,1,12,9,8,-12,-1,None
0,-1,-6,-2,5,2,-3,-2,-6,1,12,9,8,-12,-1,None
0,-1,1,2,2,0,-1,-2,-2,1,12,9,8,-12,-1,None
0,-1,1,2,2,0,-1,-2,-2,1,12,9,8,-12,-1,None
0,-1,1,2,2,0,-1,-2,-2,1,12,9,8,-12,-1,None
0,-4,-7,-2,9,4,0,-1,-1,1,12,9,8,-12,-1,None
0,2,10,-1,10,-1,-1,-1,0,1,12,9,8,-12,-1,None
0,0,6,-2,-9,0,-2,-2,0,1,12,9,8,-12,-1,None
0,-2,-6,-4,-12,-4,-1,-1,-2,1,12,9,8,-12,-1,None
0,-2,-6,-4,-12,-4,-1,-1,-2,1,12,9,8,-12,-1,None
0,-2,-6,-4,-12,-4,-1,-1,-2,1,12,9,8,-12,-1,None
0,-2,-2,-1,6,0,0,-2,-1,1,12,9,8,-12,-1,None
0,-2,-3,-3,-8,-2,-2,-1,-2,1,12,9,8,-12,-1,None
0,-5,-3,-4,-5,-1,0,0,-1,1,12,9,8,-12,-1,None
0,-1,1,-2,-5,-1,-2,-2,-2,1,12,9,8,-12,-1,None
0,-1,1,-2,-5,-1,-2,-2,-2,1,12,9,8,-12,-1,None
0,-1,1,-2,-5,-1,-2,-2,-2,1,12,9,8,-12,-1,None
0,0,1,-2,6,4,-2,0,-2,1,12,9,8,-12,-1,None
0,-3,-2,0,-1,1,0,-1,-2,1,12,9,8,-12,-1,None
0,0,-1,-3,-4,3,2,-3,-1,1,12,9,8,-12,-1,None
0,-3,5,-2,0,-2,-1,-2,-1,1,12,9,8,-12,-1,None
0,-3,5,-2,0,-2,-1,-2,-1,1,12,9,8,-12,-1,None
0,-3,5,-2,0,-2,-1,-2,-1,1,12,9,8,-12,-1,None
0,-2,-2,-1,-1,0,-2,-1,-1,1,12,9,8,-12,-1,None
0,-3,-4,-3,-5,4,0,0,-1,1,12,9,8,-12,-1,None
0,8,2,-4,-1,-6,-1,-1,0,1,12,9,8,-12,-1,None
0,1,19,6,-16,1,-2,-2,-2,1,12,9,8,-12,-1,None
0,1,19,6,-16,1,-2,-2,-2,1,12,9,8,-12,-1,None
0,1,19,6,-16,1,-2,-2,-2,1,12,9,8,-12,-1,None
0,-4,-3,-15,22,18,-2,-3,-3,1,12,9,8,-12,-1,None
0,-1,-1,-1,-6,-4,0,-1,-3,1,12,9,8,-12,-1,None
0,-4,2,-3,-20,-3,-1,0,-2,1,12,9,8,-12,-1,None
0,-1,-1,-4,-1,1,0,-2,-1,1,12,9,8,-12,-1,None
0,-1,-1,-4,-1,1,0,-2,-1,1,12,9,8,-12,-1,None
0,-1,-1,-4,-1,1,0,-2,-1,1,12,9,8,-12,-1,None
0,1,-3,1,-8,-9,1,-1,0,1,12,9,8,-12,-1,None
0,-1,2,-1,4,0,-1,-2,-2,1,12,9,8,-12,-1,None
0,-2,4,-2,5,6,-1,-1,-1,1,12,9,8,-12,-1,None
0,-1,-6,-3,0,-7,-2,-1,-2,1,12,9,8,-12,-1,None
0,-1,-6,-3,0,-7,-2,-1,-2,1,12,9,8,-12,-1,None
0,-1,-6,-3,0,-7,-2,-1,-2,1,12,9,8,-12,-1,None
0,-3,-2,2,2,1,0,-2,-1,1,12,9,8,-12,-1,None
0,-3,-2,-6,-25,-7,-1,-3,-2,1,12,9,8,-12,-1,None
0,0,1,3,17,5,-1,-1,2,1,12,9,8,-12,-1,None
0,-2,-4,-4,4,1,0,-2,-4,1,12,9,8,-12,-1,None
0,-2,-4,-4,4,1,0,-2,-4,1,12,9,8,-12,-1,None
0,-2,-4,-4,4,1,0,-2,-4,1,12,9,8,-12,-1,None
0,-2,1,0,-7,-2,-2,-2,-2,1,12,9,8,-12,-1,None
0,-1,-1,-2,10,6,0,-1,-2,1,12,9,8,-12,-1,None
0,0,1,-1,-6,0,-1,-2,0,1,12,9,8,-12,-1,None
0,-4,2,-1,-8,-5,-1,-1,0,1,12,9,8,-12,-1,None
0,-4,2,-1,-8,-5,-1,-1,0,1,12,9,8,-12,-1,None
0,-4,2,-1,-8,-5,-1,-1,0,1,12,9,8,-12,-1,None
0,7,3,3,1,-1,-2,-2,-1,1,12,9,8,-12,-1,None
0,-2,-2,-2,36,17,0,-1,-1,1,12,9,8,-12,-1,None
0,-3,1,-3,-42,-5,-5,-4,-4,1,12,9,8,-12,-1,None
0,-1,-6,-4,-4,-9,-1,0,-1,1,12,9,8,-12,-1,None
0,-1,-6,-4,-4,-9,-1,0,-1,1,12,9,8,-12,-1,None
0,-1,-6,-4,-4,-9,-1,0,-1,1,12,9,8,-12,-1,None
0,-4,-2,-1,-12,-6,-2,-2,-3,1,12,9,8,-12,-1,None
0,0,0,-2,3,-4,-2,-1,-2,1,12,9,8,-12,-1,None
0,1,2,-1,9,-1,-1,0,-1,1,12,9,8,-12,-1,None
0,-2,-1,-2,4,6,-1,-1,-1,1,12,9,8,-12,-1,None
0,-2,-1,-2,4,6,-1,-1,-1,1,12,9,8,-12,-1,None
0,-2,-1,-2,4,6,-1,-1,-1,1,12,9,8,-12,-1,None
0,1,5,-5,-10,-4,0,0,0,1,12,9,8,-12,-1,None
0,-4,-16,1,10,1,-1,-1,-1,1,12,9,8,-12,-1,None
0,-2,0,-4,-16,-5,0,-2,-2,1,12,9,8,-12,-1,None
0,-2,0,-1,10,2,-5,-3,-2,1,12,9,8,-12,-1,None
0,-2,0,-1,10,2,-5,-3,-2,1,12,9,8,-12,-1,None
0,-2,0,-1,10,2,-5,-3,-2,1,12,9,8,-12,-1,None
0,-5,-1,0,6,1,1,0,0,1,12,9,8,-12,-1,None
0,1,5,-2,-4,-3,-2,-2,-2,1,12,9,8,-12,-1,None
0,-1,2,-1,5,1,-1,-2,-2,1,12,9,8,-12,-1,None
0,-1,-6,-3,2,1,-1,-1,-1,1,12,9,8,-12,-1,None
0,-1,-6,-3,2,1,-1,-1,-1,1,12,9,8,-12,-1,None
0,-1,-6,-3,2,1,-1,-1,-1,1,12,9,8,-12,-1,None
0,-3,-2,-1,-7,-6,-2,0,-3,1,12,9,8,-12,-1,None
0,-1,3,-2,12,5,-2,-2,-2,1,12,9,8,-12,-1,None
0,-4,4,2,8,-5,0,-2,0,1,12,9,8,-12,-1,None
0,1,3,-5,3,13,-1,-1,-1,1,12,9,8,-12,-1,None
0,1,3,-5,3,13,-1,-1,-1,1,12,9,8,-12,-1,None
0,1,3,-5,3,13,-1,-1,-1,1,12,9,8,-12,-1,None
0,-1,-5,-2,4,-4,-4,-2,-3,1,12,9,8,-12,-1,None
0,0,4,5,-22,-10,-1,-2,-2,1,12,9,8,-12,-1,None
0,0,0,-3,25,2,-1,1,-1,1,12,9,8,-12,-1,None
0,-2,1,-2,2,-4,-1,0,-1,1,12,9,8,-12,-1,None
0,-2,1,-2,2,-4,-1,0,-1,1,12,9,8,-12,-1,None
0,-2,1,-2,2,-4,-1,0,-1,1,12,9,8,-12,-1,None
0,-4,-5,-1,-14,2,-2,-3,-2,1,12,9,8,-12,-1,None
0,-1,9,1,7,4,-2,-1,-1,1,12,9,8,-12,-1,None
0,0,-13,-4,-5,-2,-1,-1,-2,1,12,9,8,-12,-1,None
0,-2,0,0,5,2,0,-3,-2,1,12,9,8,-12,-1,None
0,-2,0,0,5,2,0,-3,-2,1,12,9,8,-12,-1,None
0,-2,0,0,5,2,0,-3,-2,1,12,9,8,-12,-1,None
0,3,0,-4,-16,-2,-1,-1,-1,1,12,9,8,-12,-1,None
0,3,18,-4,-3,-2,-2,0,2,1,12,9,8,-12,-1,None
0,-2,-48,-5,11,6,0,-1,-5,1,12,9,8,-12,-1,None
0,0,-2,-1,-26,-8,-1,0,0,1,12,9,8,-12,-1,None
0,0,-2,-1,-26,-8,-1,0,0,1,12,9,8,-12,-1,None
0,0,-2,-1,-26,-8,-1,0,0,1,12,9,8,-12,-1,None
0,-3,0,2,19,-4,0,-2,-3,1,12,9,8,-12,-1,None
0,-1,-1,-5,2,4,-1,-3,-2,1,12,9,8,-12,-1,None
0,1,17,-2,1,-5,-2,-1,0,1,12,9,8,-12,-1,None
0,-2,-1,-1,-10,-1,-1,-1,-1,1,12,9,8,-12,-1,None
0,-2,-1,-1,-10,-1,-1,-1,-1,1,12,9,8,-12,-1,None
0,-2,-1,-1,-10,-1,-1,-1,-1,1,12,9,8,-12,-1,None
0,2,1,0,2,-2,-2,-1,0,1,12,9,8,-12,-1,None
