0,0,4,15,10,1,0,15,30,1,12,9,4,-15,-4,None
0,-3,-1,-5,23,7,9,-10,-22,1,12,9,4,-15,-4,None
0,0,2,4,-16,-3,-3,1,28,1,12,9,4,-15,-4,None
0,0,2,4,-16,-3,-3,1,28,0,12,9,4,-15,-4,None
0,0,2,4,-16,-3,-3,1,28,0,12,9,3,-14,-4,None
0,-5,-4,-9,-13,2,-5,-7,-1,0,12,9,3,-14,-4,None
0,-3,-4,-21,12,5,1,-12,-19,0,12,9,3,-14,-4,None
0,0,3,10,-21,-9,-6,10,-5,0,12,9,3,-14,-4,None
0,0,1,0,3,-4,-9,-16,4,0,12,9,3,-14,-4,None
0,0,1,0,3,-4,-9,-16,4,0,12,9,3,-14,-4,None
0,0,1,0,3,-4,-9,-16,4,0,12,9,2,-14,-4,None
0,3,4,5,-12,-9,-9,10,0,0,12,9,2,-14,-4,None
0,-3,0,4,1,7,11,-1,12,0,12,9,2,-14,-4,None
0,-7,-4,-6,14,-14,-3,-23,-35,0,12,9,2,-14,-4,None
0,8,0,-12,31,31,16,20,39,0,12,9,2,-14,-4,None
0,8,0,-12,31,31,16,20,39,0,12,9,2,-14,-4,None
0,8,0,-12,31,31,16,20,39,0,12,9,1,-14,-4,None
0,0,-1,-10,-15,-27,-20,19,4,0,12,9,1,-14,-4,None
0,2,6,13,8,-2,7,2,4,0,12,9,1,-14,-4,None
0,0,0,-2,18,-1,-3,-12,-18,0,12,9,1,-14,-4,None
0,-4,1,8,-37,-6,4,-5,-12,0,12,9,1,-14,-4,None
0,-4,1,8,-37,-6,4,-5,-12,0,12,9,1,-14,-4,None
0,-4,1,8,-37,-6,4,-5,-12,0,12,9,1,-14,-4,None
0,-2,-2,-10,-7,-3,-5,-5,-10,0,12,9,1,-14,-4,None
0,-3,-1,4,7,5,-9,1,8,0,12,9,1,-14,-4,None
0,-2,0,3,18,7,-2,-6,1,0,12,9,1,-14,-4,None
0,-3,1,-4,8,4,0,-2,-17,0,12,9,1,-14,-4,None
0,-3,1,-4,8,4,0,-2,-17,0,12,9,1,-14,-4,None
0,-3,1,-4,8,4,0,-2,-17,0,12,9,0,-15,-4,None
0,-1,-1,-2,29,11,8,2,0,0,12,9,0,-15,-4,None
0,-1,0,-7,-38,-15,-9,-5,-13,0,12,9,0,-15,-4,None
0,3,1,0,14,5,12,10,28,0,12,9,0,-15,-4,None
0,-4,-3,-11,-27,-30,-19,-8,-34,0,12,9,0,-15,-4,None
0,-4,-3,-11,-27,-30,-19,-8,-34,0,12,8,0,-15,-4,None
0,-4,-3,-11,-27,-30,-19,-8,-34,0,12,8,-1,-15,-5,None
0,-5,-4,-10,4,23,20,-20,6,0,12,8,-1,-15,-5,None
0,-2,-1,-2,6,-5,-12,10,-11,0,12,8,-1,-15,-5,None
0,-1,2,8,-7,8,-3,-16,-25,0,12,8,-1,-15,-5,None
0,-4,-2,-15,24,3,0,10,19,0,12,8,-1,-15,-5,None
0,-4,-2,-15,24,3,0,10,19,17,12,8,-1,-15,-5,None
0,-4,-2,-15,24,3,0,10,19,17,12,8,-1,-14,-4,None
0,2,5,4,-14,-4,10,-3,0,17,12,8,-1,-14,-4,None
0,-1,-2,-10,15,9,-6,-7,-3,17,12,8,-1,-14,-4,None
0,-3,0,-6,-33,-14,-9,5,-5,17,12,8,-1,-14,-4,None
0,-4,-1,7,20,0,-3,-16,-27,17,12,8,-1,-14,-4,None
0,-4,-1,7,20,0,-3,-16,-27,17,12,8,-1,-14,-4,None
0,-4,-1,7,20,0,-3,-16,-27,17,12,8,-1,-13,-4,None
0,0,3,6,-7,-7,-17,-10,-9,17,12,8,-1,-13,-4,None
0,-2,-1,-5,-7,-2,6,5,19,17,12,8,-1,-13,-4,None
0,1,0,-5,22,40,13,-9,-18,17,12,8,-1,-13,-4,None
0,0,3,9,-34,-31,-7,7,0,17,12,8,-1,-13,-4,None
0,0,3,9,-34,-31,-7,7,0,17,12,8,-1,-13,-4,None
0,0,3,9,-34,-31,-7,7,0,17,12,8,-2,-13,-4,None
0,1,0,-1,48,8,2,14,14,17,12,8,-2,-13,-4,None
0,-1,-2,-8,-10,-21,-5,-1,-7,17,12,8,-2,-13,-4,None
0,3,3,-13,13,-7,9,12,33,17,12,8,-2,-13,-4,None
0,-7,-10,7,31,34,-6,-22,-49,17,12,8,-2,-13,-4,None
0,-7,-10,7,31,34,-6,-22,-49,17,12,8,-2,-13,-4,None
0,-7,-10,7,31,34,-6,-22,-49,17,12,8,-3,-13,-4,None
0,-2,4,5,40,35,9,-1,16,17,12,8,-3,-13,-4,None
0,4,-2,-12,-52,-46,6,29,46,17,12,8,-3,-13,-4,None
0,0,0,1,-3,-2,-3,9,16,17,12,8,-3,-13,-4,None
0,5,7,-2,-11,-13,-10,-7,-20,17,12,8,-3,-13,-4,None
0,5,7,-2,-11,-13,-10,-7,-20,17,12,8,-3,-13,-4,None
0,5,7,-2,-11,-13,-10,-7,-20,17,12,8,-3,-13,-4,None
0,-2,1,4,-2,-8,12,11,15,17,12,8,-3,-13,-4,None
0,-3,-1,3,28,45,3,-29,-33,17,12,8,-3,-13,-4,None
0,3,-6,-10,19,13,-2,13,42,17,12,8,-3,-13,-4,None
0,-5,12,-1,15,-5,5,2,-52,17,12,8,-3,-13,-4,None
0,-5,12,-1,15,-5,5,2,-52,17,12,8,-3,-13,-4,None
0,-5,12,-1,15,-5,5,2,-52,17,12,8,-3,-12,-4,None
0,-2,-10,-4,-39,-4,-7,-4,1,17,12,8,-3,-12,-4,None
0,-2,3,2,2,4,6,7,8,17,12,8,-3,-12,-4,None
0,3,13,2,-67,-9,5,-1,12,17,12,8,-3,-12,-4,None
0,-6,-12,-5,82,11,-6,-16,-87,17,12,8,-3,-12,-4,None
0,-6,-12,-5,82,11,-6,-16,-87,17,12,8,-3,-12,-4,None
0,-6,-12,-5,82,11,-6,-16,-87,17,12,8,-3,-12,-4,None
0,-1,7,-10,-52,-11,-9,8,57,17,12,8,-3,-12,-4,None
0,-10,15,1,38,-9,-13,-22,-22,17,12,8,-3,-12,-4,None
0,-2,-33,-2,-32,-9,-1,24,11,17,12,8,-3,-12,-4,None
0,-1,5,-1,-2,31,26,-3,51,17,12,8,-3,-12,-4,None
0,-1,5,-1,-2,31,26,-3,51,16,12,8,-3,-12,-4,None
0,-1,5,-1,-2,31,26,-3,51,16,12,8,-3,-12,-3,None
0,-17,23,-2,-39,-17,-12,-18,-59,16,12,8,-3,-12,-3,None
0,15,-45,-3,25,-5,-15,-19,28,16,12,8,-3,-12,-3,None
0,-43,14,12,10,3,3,42,-12,16,12,8,-3,-12,-3,None
0,-18,0,5,11,5,0,-2,13,16,12,8,-3,-12,-3,None
0,-18,0,5,11,5,0,-2,13,16,12,7,-3,-12,-3,None
0,-18,0,5,11,5,0,-2,13,16,12,7,-3,-12,-4,None
0,-16,12,-5,32,-4,11,-1,-13,16,12,7,-3,-12,-4,None
0,19,34,-18,-74,-18,-16,-8,-47,16,12,7,-3,-12,-4,None
0,-7,-35,-5,72,16,3,-6,-5,16,12,7,-3,-12,-4,None
0,63,-10,-9,-22,-24,-14,1,35,16,12,7,-3,-12,-4,None
0,63,-10,-9,-22,-24,-14,1,35,16,12,7,-3,-12,-4,None
0,63,-10,-9,-22,-24,-14,1,35,16,12,7,-3,-12,-3,None
0,-25,7,11,35,7,6,-8,5,16,12,7,-3,-12,-3,None
0,-5,5,-3,12,12,7,23,-8,16,12,7,-3,-12,-3,None
0,-4,10,-6,-9,-12,-4,-19,-21,16,12,7,-3,-12,-3,None
0,7,12,-9,-25,-3,1,6,1,16,12,7,-3,-12,-3,None
0,7,12,-9,-25,-3,1,6,1,16,12,7,-3,-12,-3,None
0,7,12,-9,-25,-3,1,6,1,16,12,7,-3,-12,-3,None
0,17,-25,-4,16,7,-10,-25,2,16,12,7,-3,-12,-3,None
0,-20,12,5,-10,-2,-6,-14,-63,16,12,7,-3,-12,-3,None
0,15,-13,-9,-35,-7,-3,33,44,16,12,7,-3,-12,-3,None
0,-41,-5,-8,27,13,4,-54,12,16,12,7,-3,-12,-3,None
0,-41,-5,-8,27,13,4,-54,12,16,12,7,-3,-12,-3,None
0,-41,-5,-8,27,13,4,-54,12,16,12,7,-3,-11,-2,None
0,39,2,3,-30,-3,-3,23,-11,16,12,7,-3,-11,-2,None
0,-39,-5,1,22,-2,-11,-60,-67,16,12,7,-3,-11,-2,None
0,20,6,-1,20,1,-5,9,96,16,12,7,-3,-11,-2,None
0,6,4,2,-24,-5,0,20,0,16,12,7,-3,-11,-2,None
0,6,4,2,-24,-5,0,20,0,16,12,7,-3,-11,-2,None
0,6,4,2,-24,-5,0,20,0,16,12,7,-2,-13,0,None
0,-42,25,-2,-28,-14,-14,-34,10,16,12,7,-2,-13,0,None
0,4,-27,-11,4,0,0,-22,8,16,12,7,-2,-13,0,None
0,23,21,9,2,-18,-25,-76,-92,16,12,7,-2,-13,0,None
0,-12,-9,-7,-19,15,29,71,92,16,12,7,-2,-13,0,None
0,-12,-9,-7,-19,15,29,71,92,16,12,7,-2,-13,0,None
0,-12,-9,-7,-19,15,29,71,92,16,12,7,-3,-12,0,None
0,-42,-2,-8,-14,-10,-10,5,-24,16,12,7,-3,-12,0,None
0,-6,6,0,17,-1,-11,-39,-21,16,12,7,-3,-12,0,None
0,-26,-3,-10,-7,11,19,17,0,16,12,7,-3,-12,0,None
0,-8,22,5,4,-1,-8,11,-34,16,12,7,-3,-12,0,None
0,-8,22,5,4,-1,-8,11,-34,16,12,7,-3,-12,0,None
0,-8,22,5,4,-1,-8,11,-34,16,12,7,-3,-15,-2,None
0,10,-44,-10,-1,-4,1,40,-37,16,12,7,-3,-15,-2,None
0,-6,-5,4,-1,-4,-6,-8,62,16,12,7,-3,-15,-2,None
0,-8,10,5,0,9,12,2,-59,16,12,7,-3,-15,-2,None
0,10,-6,0,-12,-7,-7,-23,12,16,12,7,-3,-15,-2,None
0,10,-6,0,-12,-7,-7,-23,12,16,12,7,-3,-15,-2,None
0,10,-6,0,-12,-7,-7,-23,12,16,12,7,-5,-16,-2,None
0,5,16,5,-2,1,-8,24,23,16,12,7,-5,-16,-2,None
0,-36,-8,4,-7,-2,-3,-34,-57,16,12,7,-5,-16,-2,None
0,42,14,-4,3,21,24,71,95,16,12,7,-5,-16,-2,None
0,20,-10,0,-2,-6,-11,26,12,16,12,7,-5,-16,-2,None
0,20,-10,0,-2,-6,-11,26,12,16,12,7,-5,-16,-2,None
0,20,-10,0,-2,-6,-11,26,12,16,12,7,-6,-11,-4,None
0,3,-4,-6,-6,5,7,-24,-52,16,12,7,-6,-11,-4,None
0,23,12,2,5,2,7,49,10,16,12,7,-6,-11,-4,None
0,-22,3,1,1,-3,-15,-32,-6,16,12,7,-6,-11,-4,None
0,2,4,-9,-5,-2,-6,-28,-26,16,12,7,-6,-11,-4,None
0,2,4,-9,-5,-2,-6,-28,-26,16,12,7,-6,-11,-4,None
0,2,4,-9,-5,-2,-6,-28,-26,16,12,7,-6,-12,-3,None
0,14,-10,-2,-4,2,4,-4,23,16,12,7,-6,-12,-3,None
0,14,10,2,8,8,10,47,12,16,12,7,-6,-12,-3,None
0,-2,-1,3,13,-2,-2,-16,-25,16,12,7,-6,-12,-3,None
0,-7,-9,-3,-25,-13,-9,-3,-10,16,12,7,-6,-12,-3,None
0,-7,-9,-3,-25,-13,-9,-3,-10,16,12,7,-6,-12,-3,None
0,-7,-9,-3,-25,-13,-9,-3,-10,16,12,7,-5,-14,-3,None
0,19,0,-4,6,0,-9,-25,32,16,12,7,-5,-14,-3,None
0,-5,-8,-1,4,1,2,13,-14,16,12,7,-5,-14,-3,None
0,-8,-2,-6,0,-6,-12,-5,42,16,12,7,-5,-14,-3,None
0,-2,-5,0,11,1,1,-41,10,16,12,7,-5,-14,-3,None
0,-2,-5,0,11,1,1,-41,10,16,12,7,-5,-14,-3,None
0,-2,-5,0,11,1,1,-41,10,16,12,7,-6,-13,-3,None
0,0,5,3,14,6,2,51,52,16,12,7,-6,-13,-3,None
0,4,2,-5,-4,4,14,17,29,16,12,7,-6,-13,-3,None
0,-10,-2,4,2,-8,-18,-43,-51,16,12,7,-6,-13,-3,None
0,-2,16,6,1,4,3,-4,-22,16,12,7,-6,-13,-3,None
0,-2,16,6,1,4,3,-4,-22,16,12,7,-6,-13,-3,None
0,-2,16,6,1,4,3,-4,-22,16,12,7,-6,-11,-3,None
0,-10,-35,-4,6,8,6,-1,15,16,12,7,-6,-11,-3,None
0,29,13,-1,22,-3,-11,-28,3,16,12,7,-6,-11,-3,None
0,2,10,-5,-12,-8,-6,-4,-19,16,12,7,-6,-11,-3,None
0,-18,-28,1,-9,1,4,34,-20,16,12,7,-6,-11,-3,None
0,-18,-28,1,-9,1,4,34,-20,16,12,7,-6,-11,-3,None
0,-18,-28,1,-9,1,4,34,-20,16,12,7,-6,-12,-3,None
0,6,1,-4,-7,-4,-4,-82,-27,16,12,7,-6,-12,-3,None
0,33,13,5,12,16,18,104,58,16,12,7,-6,-12,-3,None
0,-22,-3,-3,0,-5,-3,-27,-55,16,12,7,-6,-12,-3,None
0,-18,2,7,2,-5,-10,17,0,16,12,7,-6,-12,-3,None
0,-18,2,7,2,-5,-10,17,0,16,12,7,-6,-12,-3,None
0,-18,2,7,2,-5,-10,17,0,16,12,7,-6,-12,-3,None
0,16,3,4,6,1,1,-18,11,16,12,7,-6,-12,-3,None
0,-14,-9,-9,-13,-1,-3,-18,0,16,12,7,-6,-12,-3,None
0,0,6,-3,-4,1,2,-15,-30,16,12,7,-6,-12,-3,None
0,-6,1,-5,-6,0,-4,-38,18,16,12,7,-6,-12,-3,None
0,-6,1,-5,-6,0,-4,-38,18,16,12,7,-6,-12,-3,None
0,-6,1,-5,-6,0,-4,-38,18,16,12,7,-5,-12,-2,None
0,13,8,5,-4,-8,-8,81,-12,16,12,7,-5,-12,-2,None
0,-7,-2,-5,10,24,24,-38,13,16,12,7,-5,-12,-2,None
0,8,0,-5,-7,0,2,38,10,16,12,7,-5,-12,-2,None
0,-8,1,-2,1,-6,-11,-3,-35,16,12,7,-5,-12,-2,None
0,-8,1,-2,1,-6,-11,-3,-35,16,12,7,-5,-12,-2,None
0,-8,1,-2,1,-6,-11,-3,-35,16,12,7,-5,-13,-2,None
0,5,4,-1,12,3,5,-41,1,16,12,7,-5,-13,-2,None
0,-8,-1,-10,-21,-5,-9,-16,-6,16,12,7,-5,-13,-2,None
0,-8,-6,5,-4,-5,-8,6,29,16,12,7,-5,-13,-2,None
0,18,7,-1,2,9,11,-25,3,16,12,7,-5,-13,-2,None
0,18,7,-1,2,9,11,-25,3,16,12,7,-5,-13,-2,None
0,18,7,-1,2,9,11,-25,3,16,12,7,-5,-13,-2,None
0,-17,-10,-2,9,5,1,67,4,16,12,7,-5,-13,-2,None
0,2,0,-2,-32,0,-4,14,6,16,12,7,-5,-13,-2,None
0,-3,-1,-10,3,-1,-7,-93,-89,16,12,7,-5,-13,-2,None
0,7,3,3,-9,5,10,76,72,16,12,7,-5,-13,-2,None
0,7,3,3,-9,5,10,76,72,16,12,7,-5,-13,-2,None
0,7,3,3,-9,5,10,76,72,16,12,7,-6,-13,-2,None
0,-5,9,-6,-26,-4,-1,-25,-14,16,12,7,-6,-13,-2,None
0,-10,3,3,21,-4,-5,-15,-15,16,12,7,-6,-13,-2,None
0,0,-23,-3,-7,-4,-7,-4,-31,16,12,7,-6,-13,-2,None
0,1,9,-3,0,-3,-2,-17,-20,16,12,7,-6,-13,-2,None
0,1,9,-3,0,-3,-2,-17,-20,16,12,7,-6,-13,-2,None
0,1,9,-3,0,-3,-2,-17,-20,16,12,7,-6,-13,-2,None
0,-1,2,-5,-17,-5,-2,-6,-12,16,12,7,-6,-13,-2,None
0,6,4,-1,37,5,-2,3,-6,16,12,7,-6,-13,-2,None
0,3,6,-21,-44,-10,3,2,6,16,12,7,-6,-13,-2,None
0,-5,-3,-6,12,5,-4,-1,6,16,12,7,-6,-13,-2,None
0,-5,-3,-6,12,5,-4,-1,6,16,12,7,-6,-13,-2,None
0,-5,-3,-6,12,5,-4,-1,6,16,12,7,-6,-13,-2,None
0,3,0,0,-1,4,2,-9,8,16,12,7,-6,-13,-2,None
0,-9,-5,2,-9,-1,-5,-1,-20,16,12,7,-6,-13,-2,None
0,3,7,7,11,3,4,15,15,16,12,7,-6,-13,-2,None
0,-4,-3,4,-14,15,6,-4,5,16,12,7,-6,-13,-2,None
0,-4,-3,4,-14,15,6,-4,5,16,12,7,-6,-13,-2,None
0,-4,-3,4,-14,15,6,-4,5,16,12,7,-6,-13,-2,None
0,0,6,2,31,-10,4,-15,-27,16,12,7,-6,-13,-2,None
0,-2,1,6,69,20,-10,-3,3,16,12,7,-6,-13,-2,None
0,-1,-4,-9,-68,-4,3,9,24,16,12,7,-6,-13,-2,None
0,-1,-2,-12,6,-23,-5,-9,-17,16,12,7,-6,-13,-2,None
0,-1,-2,-12,6,-23,-5,-9,-17,16,12,7,-6,-13,-2,None
0,-1,-2,-12,6,-23,-5,-9,-17,16,12,7,-6,-13,-3,None
0,2,7,3,19,10,8,0,-6,16,12,7,-6,-13,-3,None
0,-2,0,-2,-30,-24,-20,4,5,16,12,7,-6,-13,-3,None
0,6,1,-10,-63,10,-4,13,23,16,12,7,-6,-13,-3,None
0,-7,0,-2,-38,-13,-5,-16,-15,16,12,7,-6,-13,-3,None
0,-7,0,-2,-38,-13,-5,-16,-15,16,12,7,-6,-13,-3,None
0,-7,0,-2,-38,-13,-5,-16,-15,16,12,7,-5,-13,-3,None
0,-2,4,6,68,14,-7,-7,-4,16,12,7,-5,-13,-3,None
0,-2,-1,-7,-40,-35,-7,-1,7,16,12,7,-5,-13,-3,None
0,-2,1,9,58,43,1,-2,-5,16,12,7,-5,-13,-3,None
0,1,3,-7,-10,-16,5,-5,-3,16,12,7,-5,-13,-3,None
0,1,3,-7,-10,-16,5,-5,-3,16,12,7,-5,-13,-3,None
0,1,3,-7,-10,-16,5,-5,-3,16,12,7,-6,-12,-3,None
0,0,2,-6,-75,-11,-18,1,-1,16,12,7,-6,-12,-3,None
0,0,-1,-1,12,17,6,1,-1,16,12,7,-6,-12,-3,None
0,-1,2,-3,17,5,12,4,4,16,12,7,-6,-12,-3,None
0,-3,0,8,-7,-6,-10,-4,-6,16,12,7,-6,-12,-3,None
0,-3,0,8,-7,-6,-10,-4,-6,16,12,7,-6,-12,-3,None
0,-3,0,8,-7,-6,-10,-4,-6,16,12,7,-5,-12,-2,None
0,0,1,0,10,22,3,-3,7,16,12,7,-5,-12,-2,None
0,-4,-3,-12,-28,-9,7,5,-16,16,12,7,-5,-12,-2,None
0,1,2,3,1,-7,-8,-1,4,16,12,7,-5,-12,-2,None
0,0,-1,-9,5,13,3,-4,-1,16,12,7,-5,-12,-2,None
0,0,-1,-9,5,13,3,-4,-1,16,12,7,-5,-12,-2,None
0,0,-1,-9,5,13,3,-4,-1,16,12,7,-5,-12,-2,None
0,-2,1,-10,-38,-19,-8,-9,-11,16,12,7,-5,-12,-2,None
0,-2,0,2,-43,-4,-1,-6,3,16,12,7,-5,-12,-2,None
0,0,2,2,-47,17,5,1,7,16,12,7,-5,-12,-2,None
0,1,2,0,-69,2,4,2,-1,16,12,7,-5,-12,-2,None
0,1,2,0,-69,2,4,2,-1,16,12,7,-5,-12,-2,None
0,1,2,0,-69,2,4,2,-1,16,12,7,-5,-12,-2,None
0,-3,1,-5,-67,1,-10,-8,-8,16,12,7,-5,-12,-2,None
0,-3,-1,2,-28,8,1,5,6,16,12,7,-5,-12,-2,None
0,2,2,3,5,-13,3,4,6,16,12,7,-5,-12,-2,None
0,-1,-1,-4,32,5,-4,-5,1,16,12,7,-5,-12,-2,None
0,-1,-1,-4,32,5,-4,-5,1,16,12,7,-5,-12,-2,None
0,-1,-1,-4,32,5,-4,-5,1,16,12,7,-5,-12,-2,None
0,-4,-2,-2,15,-3,5,-2,-3,16,12,7,-5,-12,-2,None
0,0,1,1,45,8,3,10,15,16,12,7,-5,-12,-2,None
0,-3,0,0,60,-26,-4,-1,-11,16,12,7,-5,-12,-2,None
0,-2,1,5,53,8,-7,-3,-6,16,12,7,-5,-12,-2,None
0,-2,1,5,53,8,-7,-3,-6,16,12,7,-5,-12,-2,None
0,-2,1,5,53,8,-7,-3,-6,16,12,7,-4,-13,-2,None
0,-1,-1,-2,78,11,6,2,-2,16,12,7,-4,-13,-2,None
0,2,3,1,23,4,6,0,-1,16,12,7,-4,-13,-2,None
0,0,2,-1,27,1,-4,-1,1,16,12,7,-4,-13,-2,None
0,-1,-1,1,43,-8,0,0,-19,16,12,7,-4,-13,-2,None
0,-1,-1,1,43,-8,0,0,-19,16,12,7,-4,-13,-2,None
0,-1,-1,1,43,-8,0,0,-19,16,12,7,-4,-13,-2,None
0,-3,-1,1,21,13,2,4,7,16,12,7,-4,-13,-2,None
0,3,0,0,9,-20,-9,-13,-3,16,12,7,-4,-13,-2,None
0,-3,-1,-1,35,-6,4,8,16,16,12,7,-4,-13,-2,None
0,-1,1,-1,15,3,1,-1,0,16,12,7,-4,-13,-2,None
0,-1,1,-1,15,3,1,-1,0,16,12,7,-4,-13,-2,None
0,-1,1,-1,15,3,1,-1,0,16,12,7,-4,-13,-2,None
0,-1,0,-7,10,-1,4,-2,-7,16,12,7,-4,-13,-2,None
0,0,1,-4,8,12,-2,-2,0,16,12,7,-4,-13,-2,None
0,-2,2,0,22,-8,-4,-4,-2,16,12,7,-4,-13,-2,None
0,-1,4,-1,26,5,-2,-5,3,16,12,7,-4,-13,-2,None
0,-1,4,-1,26,5,-2,-5,3,16,12,8,-4,-13,-2,None
0,-1,4,-1,26,5,-2,-5,3,16,12,8,-4,-13,-2,None
0,-3,-1,-1,25,0,-3,1,-9,16,12,8,-4,-13,-2,None
0,-3,-2,4,30,5,0,-4,-4,16,12,8,-4,-13,-2,None
0,0,1,1,40,0,0,-1,-9,16,12,8,-4,-13,-2,None
0,-4,-1,-2,22,2,-3,0,9,16,12,8,-4,-13,-2,None
0,-4,-1,-2,22,2,-3,0,9,16,12,8,-4,-13,-2,None
0,-4,-1,-2,22,2,-3,0,9,16,12,8,-4,-13,-2,None
0,1,4,1,36,-3,-2,-1,-1,16,12,8,-4,-13,-2,None
0,-4,0,-1,73,0,1,0,-6,16,12,8,-4,-13,-2,None
0,0,2,-5,10,-11,-3,-10,1,16,12,8,-4,-13,-2,None
0,1,-2,-7,-25,15,3,10,1,16,12,8,-4,-13,-2,None
0,1,-2,-7,-25,15,3,10,1,16,12,8,-4,-13,-2,None
0,1,-2,-7,-25,15,3,10,1,16,12,8,-4,-13,-3,None
0,-2,-3,-3,20,-8,-2,-3,-2,16,12,8,-4,-13,-3,None
0,-4,-2,-3,-48,3,-4,0,-6,16,12,8,-4,-13,-3,None
0,-1,0,-2,-35,5,-3,-8,12,16,12,8,-4,-13,-3,None
0,-1,1,-4,-54,1,3,-1,2,16,12,8,-4,-13,-3,None
0,-1,1,-4,-54,1,3,-1,2,17,12,8,-4,-13,-3,None
0,-1,1,-4,-54,1,3,-1,2,17,12,8,-4,-13,-3,None
0,6,1,1,-97,-8,-3,2,-17,17,12,8,-4,-13,-3,None
0,-3,2,1,-21,16,0,-2,3,17,12,8,-4,-13,-3,None
0,-5,-3,-5,-80,-31,-11,-9,9,17,12,8,-4,-13,-3,None
0,1,0,4,-13,21,3,10,4,17,12,8,-4,-13,-3,None
0,1,0,4,-13,21,3,10,4,17,12,8,-4,-13,-3,None
0,1,0,4,-13,21,3,10,4,17,12,8,-4,-13,-3,None
0,0,1,0,-42,-29,2,1,3,17,12,8,-4,-13,-3,None
0,-1,0,5,-10,4,-3,-4,-6,17,12,8,-4,-13,-3,None
0,1,3,5,-11,13,1,0,-4,17,12,8,-4,-13,-3,None
0,-2,0,5,14,-5,1,-5,1,17,12,8,-4,-13,-3,None
0,-2,0,5,14,-5,1,-5,1,17,12,8,-4,-13,-3,None
0,-2,0,5,14,-5,1,-5,1,17,12,8,-3,-13,-3,None
0,-1,3,6,-15,17,0,-3,5,17,12,8,-3,-13,-3,None
0,-2,-1,-6,39,-2,0,0,-1,17,12,8,-3,-13,-3,None
0,-2,-5,-4,-42,-3,-5,-1,-8,17,12,8,-3,-13,-3,None
0,-1,1,1,22,-5,-7,-9,-5,17,12,8,-3,-13,-3,None
0,-1,1,1,22,-5,-7,-9,-5,17,12,8,-3,-13,-3,None
0,-1,1,1,22,-5,-7,-9,-5,17,12,8,-3,-13,-3,None
0,-4,-4,-6,1,19,2,0,-4,17,12,8,-3,-13,-3,None
0,0,2,-2,4,-13,3,0,4,17,12,8,-3,-13,-3,None
0,1,3,-2,15,13,2,4,-3,17,12,8,-3,-13,-3,None
0,-2,0,3,0,-1,-3,-7,-9,17,12,8,-3,-13,-3,None
0,-2,0,3,0,-1,-3,-7,-9,17,12,8,-3,-13,-3,None
0,-2,0,3,0,-1,-3,-7,-9,17,12,8,-3,-13,-3,None
0,0,2,3,37,2,-1,2,4,17,12,8,-3,-13,-3,None
0,-2,-1,-11,-63,-8,-1,-3,-3,17,12,8,-3,-13,-3,None
0,0,-3,-8,13,12,-4,-2,-3,17,12,8,-3,-13,-3,None
0,0,1,2,38,-7,3,-1,-3,17,12,8,-3,-13,-3,None
0,0,1,2,38,-7,3,-1,-3,17,12,8,-3,-13,-3,None
0,0,1,2,38,-7,3,-1,-3,17,12,8,-2,-13,-4,None
0,-3,-1,-3,-52,-7,-3,-3,0,17,12,8,-2,-13,-4,None
0,1,0,-3,-30,-8,-4,-2,2,17,12,8,-2,-13,-4,None
0,-1,2,-1,-1,12,5,0,-6,17,12,8,-2,-13,-4,None
0,-1,-1,-5,11,-6,-4,-3,1,17,12,8,-2,-13,-4,None
0,-1,-1,-5,11,-6,-4,-3,1,17,12,8,-2,-13,-4,None
0,-1,-1,-5,11,-6,-4,-3,1,17,12,8,-2,-13,-4,None
0,0,0,-15,1,22,-2,-2,-1,17,12,8,-2,-13,-4,None
0,1,1,-2,13,-20,0,2,0,17,12,8,-2,-13,-4,None
0,-5,-3,-6,1,7,0,-1,-7,17,12,8,-2,-13,-4,None
0,1,0,-8,-10,-3,-2,-2,-2,17,12,8,-2,-13,-4,None
0,1,0,-8,-10,-3,-2,-2,-2,17,12,8,-2,-13,-4,None
0,1,0,-8,-10,-3,-2,-2,-2,17,12,8,-1,-13,-3,None
0,-1,0,-9,-11,5,8,2,3,17,12,8,-1,-13,-3,None
0,2,1,-10,5,12,-1,0,1,17,12,8,-1,-13,-3,None
0,1,2,-11,-9,-6,-1,-1,-1,17,12,8,-1,-13,-3,None
0,-3,-2,-13,-17,-7,-9,-5,-3,17,12,8,-1,-13,-3,None
0,-3,-2,-13,-17,-7,-9,-5,-3,0,12,8,-1,-13,-3,None
0,-3,-2,-13,-17,-7,-9,-5,-3,0,12,8,0,-13,-3,None
0,-4,-1,-8,21,2,-2,-5,-8,0,12,8,0,-13,-3,None
0,-2,-2,-7,0,15,6,3,4,0,12,8,0,-13,-3,None
0,5,5,-4,6,3,-2,3,6,0,12,8,0,-13,-3,None
0,-3,-2,-6,-12,0,-1,-3,-4,0,12,8,0,-13,-3,None
0,-3,-2,-6,-12,0,-1,-3,-4,0,12,9,0,-13,-3,None
0,-3,-2,-6,-12,0,-1,-3,-4,0,12,9,0,-14,-3,None
0,-4,0,-4,-5,-15,5,-2,-5,0,12,9,0,-14,-3,None
0,-3,-1,-3,-27,8,-39,-11,-8,0,12,9,0,-14,-3,None
0,3,3,2,22,-10,27,14,3,0,12,9,0,-14,-3,None
0,-1,0,-4,-15,6,8,-2,-1,0,12,9,0,-14,-3,None
0,-1,0,-4,-15,6,8,-2,-1,0,12,9,0,-14,-3,None
0,-1,0,-4,-15,6,8,-2,-1,0,12,9,1,-15,-3,None
0,-3,-1,-19,29,-28,-32,-7,0,0,12,9,1,-15,-3,None
0,-2,0,3,-18,26,25,7,-3,0,12,9,1,-15,-3,None
0,-6,-4,4,48,15,-7,-7,-7,0,12,9,1,-15,-3,None
0,1,1,-5,10,-10,-3,0,0,0,12,9,1,-15,-3,None
0,1,1,-5,10,-10,-3,0,0,0,12,9,1,-15,-3,None
0,1,1,-5,10,-10,-3,0,0,0,12,9,1,-14,-2,None
0,1,0,5,-54,-11,1,-2,2,0,12,9,1,-14,-2,None
0,-3,0,1,33,15,-11,-4,-10,0,12,9,1,-14,-2,None
0,-1,2,-1,14,-12,-18,-4,-4,0,12,9,1,-14,-2,None
0,-2,-2,0,-41,3,23,9,-2,0,12,9,1,-14,-2,None
0,-2,-2,0,-41,3,23,9,-2,0,12,9,1,-14,-2,None
0,-2,-2,0,-41,3,23,9,-2,0,12,9,2,-14,-3,None
0,-1,2,7,51,28,4,0,0,0,12,9,2,-14,-3,None
0,0,-1,-12,-68,-22,-1,-6,0,0,12,9,2,-14,-3,None
0,-1,2,17,98,28,-2,-3,1,0,12,9,2,-14,-3,None
0,0,-4,-65,-95,-27,-6,-2,-1,0,12,9,2,-14,-3,None
0,0,-4,-65,-95,-27,-6,-2,-1,0,12,9,2,-14,-3,None
0,0,-4,-65,-95,-27,-6,-2,-1,0,12,9,3,-15,-3,None
0,-3,-5,-12,-16,35,-7,-8,-3,0,12,9,3,-15,-3,None
0,0,3,2,81,46,10,4,-3,0,12,9,3,-15,-3,None
0,3,2,-1,46,-27,3,-2,1,0,12,9,3,-15,-3,None
0,-1,2,9,-13,-23,-10,-2,-7,0,12,9,3,-15,-3,None
0,-1,2,9,-13,-23,-10,-2,-7,0,12,9,3,-15,-3,None
0,-1,2,9,-13,-23,-10,-2,-7,0,12,9,4,-16,-2,None
0,2,5,-2,67,40,3,12,0,0,12,9,4,-16,-2,None
0,-3,1,11,-41,-95,-1,-5,-2,0,12,9,4,-16,-2,None
0,-1,-5,-26,-14,70,-2,-4,-1,0,12,9,4,-16,-2,None
0,1,6,54,95,30,5,-1,-2,0,12,9,4,-16,-2,None
0,1,6,54,95,30,5,-1,-2,1,12,9,4,-16,-2,None
0,1,6,54,95,30,5,-1,-2,1,12,9,4,-14,-3,None
0,4,2,-15,-40,-52,4,0,5,1,12,9,4,-14,-3,None
0,-2,1,9,126,7,-9,-11,3,1,12,9,4,-14,-3,None
0,-4,-5,-23,-128,-91,-16,-2,-5,1,12,9,4,-14,-3,None
0,0,-3,2,-44,-31,-8,2,-1,1,12,9,4,-14,-3,None
0,0,-3,2,-44,-31,-8,2,-1,1,12,9,4,-14,-3,None
0,0,-3,2,-44,-31,-8,2,-1,1,12,9,5,-13,-2,None
0,2,5,24,73,77,17,0,3,1,12,9,5,-13,-2,None
0,4,6,6,79,52,10,10,1,1,12,9,5,-13,-2,None
0,-5,-4,-8,-9,-33,-9,-10,-3,1,12,9,5,-13,-2,None
0,-4,0,-11,-16,-20,-13,-11,0,1,12,9,5,-13,-2,None
0,-4,0,-11,-16,-20,-13,-11,0,1,12,9,5,-13,-2,None
0,-4,0,-11,-16,-20,-13,-11,0,1,12,9,6,-14,-2,None
0,1,3,11,-54,-37,-4,2,-5,1,12,9,6,-14,-2,None
0,1,1,-4,33,41,9,0,-2,1,12,9,6,-14,-2,None
0,-3,0,-13,15,38,-2,-5,-6,1,12,9,6,-14,-2,None
0,1,3,38,-36,-4,-5,0,-1,1,12,9,6,-14,-2,None
0,1,3,38,-36,-4,-5,0,-1,1,12,9,6,-14,-2,None
0,1,3,38,-36,-4,-5,0,-1,1,12,9,7,-14,-1,None
0,1,3,2,-16,63,13,6,0,1,12,9,7,-14,-1,None
0,2,-3,-11,-80,-123,-9,-6,5,1,12,9,7,-14,-1,None
0,-1,1,5,33,38,14,23,-9,1,12,9,7,-14,-1,None
0,2,5,-1,42,59,-1,-8,5,1,12,9,7,-14,-1,None
0,2,5,-1,42,59,-1,-8,5,1,12,9,7,-14,-1,None
0,2,5,-1,42,59,-1,-8,5,1,12,9,7,-14,-1,None
0,-2,-1,2,-7,2,-7,-7,2,1,12,9,7,-14,-1,None
0,-1,-1,-2,-14,15,8,6,-1,1,12,9,7,-14,-1,None
0,0,2,10,-22,-31,2,-2,3,1,12,9,7,-14,-1,None
0,-3,-1,-7,76,41,-3,-5,-1,1,12,9,7,-14,-1,None
0,-3,-1,-7,76,41,-3,-5,-1,1,12,9,7,-14,-1,None
0,-3,-1,-7,76,41,-3,-5,-1,1,12,9,7,-14,-1,None
0,-4,-5,-8,2,-47,-6,-3,-10,1,12,9,7,-14,-1,None
0,0,-2,-6,-72,17,-2,-11,-1,1,12,9,7,-14,-1,None
0,0,2,8,-8,10,2,2,1,1,12,9,7,-14,-1,None
0,-2,-1,-8,17,10,-1,-1,-2,1,12,9,7,-14,-1,None
0,-2,-1,-8,17,10,-1,-1,-2,1,12,9,7,-14,-1,None
0,-2,-1,-8,17,10,-1,-1,-2,1,12,9,8,-13,-1,None
0,-3,-2,-3,-7,-49,-1,2,-2,1,12,9,8,-13,-1,None
0,-1,-1,0,-23,1,-4,-1,1,1,12,9,8,-13,-1,None
0,3,6,10,50,33,4,-7,2,1,12,9,8,-13,-1,None
0,1,-1,-13,-23,-3,-1,1,0,1,12,9,8,-13,-1,None
0,1,-1,-13,-23,-3,-1,1,0,1,12,9,8,-13,-1,None
0,1,-1,-13,-23,-3,-1,1,0,1,12,9,8,-13,-1,None
0,-4,0,4,23,-5,3,1,-3,1,12,9,8,-13,-1,None
0,-3,0,-5,-31,0,-4,-4,-3,1,12,9,8,-13,-1,None
0,3,-9,-1,-9,3,-3,-2,-5,1,12,9,8,-13,-1,None
0,3,15,1,47,-13,3,-2,0,1,12,9,8,-13,-1,None
0,3,15,1,47,-13,3,-2,0,1,12,9,8,-13,-1,None
0,3,15,1,47,-13,3,-2,0,1,12,9,8,-16,-1,None
0,-4,3,2,-50,-24,-8,-7,-2,1,12,9,8,-16,-1,None
0,-7,-3,-17,32,-22,-1,0,-4,1,12,9,8,-16,-1,None
0,-4,-3,8,-100,-37,-3,-4,2,1,12,9,8,-16,-1,None
0,-4,1,-19,12,8,-3,-3,-4,1,12,9,8,-16,-1,None
0,-4,1,-19,12,8,-3,-3,-4,1,12,9,8,-16,-1,None
0,-4,1,-19,12,8,-3,-3,-4,1,12,9,8,-14,-1,None
0,0,-1,-3,8,-17,-3,0,1,1,12,9,8,-14,-1,None
0,0,1,3,-21,13,3,3,-2,1,12,9,8,-14,-1,None
0,-1,6,-7,24,20,-3,-5,-2,1,12,9,8,-14,-1,None
0,-4,-6,-3,-10,-19,-1,1,-6,1,12,9,8,-14,-1,None
0,-4,-6,-3,-10,-19,-1,1,-6,1,12,9,8,-14,-1,None
0,-4,-6,-3,-10,-19,-1,1,-6,1,12,9,7,-13,-2,None
0,-3,-1,-3,5,14,-1,-3,-3,1,12,9,7,-13,-2,None
0,-2,-2,-1,18,7,-3,-3,-2,1,12,9,7,-13,-2,None
0,-2,-1,-3,-12,-17,-2,1,-2,1,12,9,7,-13,-2,None
0,-2,-3,0,-17,3,-4,-2,-2,1,12,9,7,-13,-2,None
0,-2,-3,0,-17,3,-4,-2,-2,1,12,9,7,-13,-2,None
0,-2,-3,0,-17,3,-4,-2,-2,1,12,9,8,-13,-2,None
0,-4,-5,-9,-4,5,-1,-4,-1,1,12,9,8,-13,-2,None
0,1,7,3,-10,11,-1,-1,-2,1,12,9,8,-13,-2,None
0,0,0,-2,-7,-10,-3,-4,1,1,12,9,8,-13,-2,None
0,-1,-2,0,1,-16,-1,2,1,1,12,9,8,-13,-2,None
0,-1,-2,0,1,-16,-1,2,1,1,12,9,8,-13,-2,None
0,-1,-2,0,1,-16,-1,2,1,1,12,9,7,-12,-1,None
0,0,2,1,0,22,0,-1,-2,1,12,9,7,-12,-1,None
0,-3,-5,-8,-29,2,-1,-1,-4,1,12,9,7,-12,-1,None
0,-4,1,4,8,0,3,0,-1,1,12,9,7,-12,-1,None
0,-2,0,-1,17,-19,-2,-5,0,1,12,9,7,-12,-1,None
0,-2,0,-1,17,-19,-2,-5,0,1,12,9,7,-12,-1,None
0,-2,0,-1,17,-19,-2,-5,0,1,12,9,8,-12,-1,None
0,7,3,0,-36,-12,-7,-2,-1,1,12,9,8,-12,-1,None
0,0,-1,-2,-6,21,4,5,1,1,12,9,8,-12,-1,None
0,-1,-1,-4,-20,-21,-1,-1,-1,1,12,9,8,-12,-1,None
0,-1,1,4,-20,-5,2,1,-1,1,12,9,8,-12,-1,None
0,-1,1,4,-20,-5,2,1,-1,1,12,9,8,-12,-1,None
0,-1,1,4,-20,-5,2,1,-1,1,12,9,7,-11,-1,None
0,-3,-1,-3,4,-8,-1,-5,-2,1,12,9,7,-11,-1,None
0,-1,2,5,55,-12,-2,-3,-1,1,12,9,7,-11,-1,None
0,-1,1,-5,7,12,-8,-5,1,1,12,9,7,-11,-1,None
0,-2,-2,-2,-16,-11,4,5,-3,1,12,9,7,-11,-1,None
0,-2,-2,-2,-16,-11,4,5,-3,1,12,9,7,-11,-1,None
0,-2,-2,-2,-16,-11,4,5,-3,1,12,9,8,-12,-1,None
0,-2,-5,-1,22,16,2,-1,1,1,12,9,8,-12,-1,None
0,-1,2,-2,-13,-15,-3,-1,-2,1,12,9,8,-12,-1,None
0,-4,0,-4,1,6,2,-1,-2,1,12,9,8,-12,-1,None
0,0,-2,4,-13,4,-1,-2,0,1,12,9,8,-12,-1,None
0,0,-2,4,-13,4,-1,-2,0,1,12,9,8,-12,-1,None
0,0,-2,4,-13,4,-1,-2,0,1,12,9,8,-12,-1,None
0,-1,0,-11,4,-3,-3,-3,-1,1,12,9,8,-12,-1,None
0,1,2,0,-14,6,2,-3,-1,1,12,9,8,-12,-1,None
0,0,0,-1,26,-8,-2,-3,-2,1,12,9,8,-12,-1,None
0,0,1,0,-22,44,-2,-3,-4,1,12,9,8,-12,-1,None
0,0,1,0,-22,44,-2,-3,-4,1,12,9,8,-12,-1,None
0,0,1,0,-22,44,-2,-3,-4,1,12,9,8,-12,-1,None
0,-1,1,-2,-16,-21,-2,-3,-5,1,12,9,8,-12,-1,None
0,-1,-1,-2,-10,-11,-3,3,-3,1,12,9,8,-12,-1,None
0,-1,1,-2,-2,4,-1,-2,-2,1,12,9,8,-12,-1,None
0,0,1,-3,16,7,0,1,0,1,12,9,8,-12,-1,None
0,0,1,-3,16,7,0,1,0,1,12,9,8,-12,-1,None
0,0,1,-3,16,7,0,1,0,1,12,9,8,-12,-1,None
0,-1,2,3,23,-13,2,2,2,1,12,9,8,-12,-1,None
0,0,0,-7,-7,16,-3,0,-2,1,12,9,8,-12,-1,None
0,-4,-1,0,13,-8,-4,-3,-3,1,12,9,8,-12,-1,None
0,-1,0,1,14,28,3,-1,-2,1,12,9,8,-12,-1,None
0,-1,0,1,14,28,3,-1,-2,1,12,9,8,-12,-1,None
0,-1,0,1,14,28,3,-1,-2,1,12,9,8,-12,-1,None
0,-2,1,-2,-11,1,-2,-3,-1,1,12,9,8,-12,-1,None
0,0,-1,1,10,12,-4,-4,-5,1,12,9,8,-12,-1,None
0,0,1,-4,-53,-14,-5,-2,0,1,12,9,8,-12,-1,None
0,0,-3,-7,-2,13,2,-1,1,1,12,9,8,-12,-1,None
0,0,-3,-7,-2,13,2,-1,1,1,12,9,8,-12,-1,None
0,0,-3,-7,-2,13,2,-1,1,1,12,9,8,-12,0,None
0,-2,0,-2,-22,-9,-4,-3,-1,1,12,9,8,-12,0,None
0,-4,-2,1,-5,6,3,5,-2,1,12,9,8,-12,0,None
0,1,6,2,24,17,2,-2,1,1,12,9,8,-12,0,None
0,-2,0,-3,1,-27,-4,-2,-1,1,12,9,8,-12,0,None
0,-2,0,-3,1,-27,-4,-2,-1,1,12,9,8,-12,0,None
0,-2,0,-3,1,-27,-4,-2,-1,1,12,9,8,-12,0,None
0,-1,-1,-4,1,11,-4,-2,-1,1,12,9,8,-12,0,None
0,1,2,-5,-28,-26,-9,-8,1,1,12,9,8,-12,0,None
0,-3,-3,0,24,45,6,3,-5,1,12,9,8,-12,0,None
0,-2,1,-3,-2,-13,-1,0,-3,1,12,9,8,-12,0,None
0,-2,1,-3,-2,-13,-1,0,-3,1,12,9,8,-12,0,None
0,-2,1,-3,-2,-13,-1,0,-3,1,12,9,8,-12,-1,None
0,0,1,0,0,-10,-2,-2,-2,1,12,9,8,-12,-1,None
0,-1,1,-1,11,4,-1,-2,1,1,12,9,8,-12,-1,None
0,-3,-1,-4,-18,-21,-1,-1,-4,1,12,9,8,-12,-1,None
0,2,1,2,22,43,2,1,0,1,12,9,8,-12,-1,None
0,2,1,2,22,43,2,1,0,1,12,9,8,-12,-1,None
0,2,1,2,22,43,2,1,0,1,12,9,8,-12,-1,None
0,-1,0,-4,-1,2,1,1,1,1,12,9,8,-12,-1,None
0,-2,1,-5,-2,10,-4,-5,0,1,12,9,8,-12,-1,None
0,-1,-6,0,14,2,1,0,-1,1,12,9,8,-12,-1,None
0,-1,1,-1,7,-11,-2,-2,-1,1,12,9,8,-12,-1,None
0,-1,1,-1,7,-11,-2,-2,-1,1,12,9,8,-12,-1,None
0,-1,1,-1,7,-11,-2,-2,-1,1,12,9,8,-12,-1,None
0,-1,1,0,-17,-32,-3,-3,-3,1,12,9,8,-12,-1,None
0,2,0,2,17,32,-1,2,4,1,12,9,8,-12,-1,None
0,-2,1,-5,17,8,-2,-1,-5,1,12,9,8,-12,-1,None
0,-6,-1,-2,15,-4,0,-2,-4,1,12,9,8,-12,-1,None
0,-6,-1,-2,15,-4,0,-2,-4,1,12,9,8,-12,-1,None
0,-6,-1,-2,15,-4,0,-2,-4,1,12,9,8,-12,-1,None
0,0,1,-3,-26,0,3,-1,-3,1,12,9,8,-12,-1,None
0,-3,1,-3,-7,-9,0,-1,-4,1,12,9,8,-12,-1,None
0,2,2,2,8,0,-3,-3,2,1,12,9,8,-12,-1,None
0,-5,-5,-2,19,-7,-2,-1,-3,1,12,9,8,-12,-1,None
0,-5,-5,-2,19,-7,-2,-1,-3,1,12,9,8,-12,-1,None
0,-5,-5,-2,19,-7,-2,-1,-3,1,12,9,8,-12,-1,None
0,-1,7,-6,-16,14,-5,-3,-1,1,12,9,8,-12,-1,None
0,-2,-1,-1,-7,-6,-1,-4,-4,1,12,9,8,-12,-1,None
0,-1,1,-2,-3,-5,1,-1,-1,1,12,9,8,-12,-1,None
0,-2,0,-3,-12,-6,-2,-2,-3,1,12,9,8,-12,-1,None
0,-2,0,-3,-12,-6,-2,-2,-3,1,12,9,8,-12,-1,None
0,-2,0,-3,-12,-6,-2,-2,-3,1,12,9,8,-12,-1,None
0,-1,-2,0,10,-5,-3,-2,0,1,12,9,8,-12,-1,None
0,-3,0,-1,-12,-28,-1,-1,-4,1,12,9,8,-12,-1,None
0,-1,1,2,37,46,1,4,-2,1,12,9,8,-12,-1,None
0,-1,-1,-13,-32,-6,-4,-4,-3,1,12,9,8,-12,-1,None
0,-1,-1,-13,-32,-6,-4,-4,-3,1,12,9,8,-12,-1,None
0,-1,-1,-13,-32,-6,-4,-4,-3,1,12,9,8,-12,-1,None
0,-2,-1,-4,16,11,1,-1,-3,1,12,9,8,-12,-1,None
0,2,3,1,8,-5,0,-4,0,1,12,9,8,-12,-1,None
0,0,2,-2,-21,-17,-1,-1,1,1,12,9,8,-12,-1,None
0,3,4,-1,-22,-21,0,2,1,1,12,9,8,-12,-1,None
0,3,4,-1,-22,-21,0,2,1,1,12,9,8,-12,-1,None
0,3,4,-1,-22,-21,0,2,1,1,12,9,8,-12,-1,None
0,-1,-2,3,11,3,-4,-4,0,1,12,9,8,-12,-1,None
0,0,-3,-1,10,21,0,0,1,1,12,9,8,-12,-1,None
0,-2,-1,-2,-18,-19,-2,-3,-1,1,12,9,8,-12,-1,None
0,1,1,1,6,5,-2,-1,0,1,12,9,8,-12,-1,None
0,1,1,1,6,5,-2,-1,0,1,12,9,8,-12,-1,None
0,1,1,1,6,5,-2,-1,0,1,12,9,8,-12,-1,None
0,-1,1,-3,4,-3,0,0,-1,1,12,9,8,-12,-1,None
0,0,1,1,-1,-15,2,2,-1,1,12,9,8,-12,-1,None
0,-2,1,-2,-5,3,-1,1,-2,1,12,9,8,-12,-1,None
0,2,-3,-3,1,12,-3,-4,-1,1,12,9,8,-12,-1,None
0,2,-3,-3,1,12,-3,-4,-1,1,12,9,8,-12,-1,None
0,2,-3,-3,1,12,-3,-4,-1,1,12,9,8,-11,-1,None
0,0,0,-1,19,38,4,0,-2,1,12,9,8,-11,-1,None
0,-1,0,-1,-7,-10,-1,-1,-3,1,12,9,8,-11,-1,None
0,0,3,1,-9,-10,-1,-3,1,1,12,9,8,-11,-1,None
0,-4,-1,1,7,0,1,0,-4,1,12,9,8,-11,-1,None
0,-4,-1,1,7,0,1,0,-4,1,12,9,8,-11,-1,None
0,-4,-1,1,7,0,1,0,-4,1,12,9,8,-11,-1,None
0,-2,5,-3,-36,-22,-4,1,-1,1,12,9,8,-11,-1,None
0,0,-5,-5,-43,-1,1,-2,-1,1,12,9,8,-11,-1,None
0,-4,0,-2,-2,4,-1,-4,-4,1,12,9,8,-11,-1,None
0,0,2,0,-9,-9,-1,-3,-2,1,12,9,8,-11,-1,None
0,0,2,0,-9,-9,-1,-3,-2,1,12,9,8,-11,-1,None
0,0,2,0,-9,-9,-1,-3,-2,1,12,9,8,-11,-1,None
0,-2,-1,2,13,3,-1,1,-1,1,12,9,8,-11,-1,None
0,-2,1,-3,2,-2,-3,-1,-2,1,12,9,8,-11,-1,None
0,2,0,-3,-13,-11,-2,-1,2,1,12,9,8,-11,-1,None
0,-1,-2,-1,10,-18,-3,-2,-4,1,12,9,8,-11,-1,None
0,-1,-2,-1,10,-18,-3,-2,-4,1,12,9,8,-11,-1,None
0,-1,-2,-1,10,-18,-3,-2,-4,1,12,9,8,-11,-1,None
0,-2,-1,-3,18,22,2,-2,-2,1,12,9,8,-11,-1,None
0,-2,1,-6,-6,0,-1,-1,-1,1,12,9,8,-11,-1,None
0,-1,0,-3,-2,-13,-1,0,-2,1,12,9,8,-11,-1,None
0,0,3,-1,-1,-3,-4,-3,-1,1,12,9,8,-11,-1,None
0,0,3,-1,-1,-3,-4,-3,-1,1,12,9,8,-11,-1,None
0,0,3,-1,-1,-3,-4,-3,-1,1,12,9,8,-12,-1,None
0,1,-1,-1,14,-1,-3,-1,3,1,12,9,8,-12,-1,None
0,1,0,4,21,13,3,0,-3,1,12,9,8,-12,-1,None
0,-2,-2,-15,-56,-32,-3,-2,-2,1,12,9,8,-12,-1,None
0,-2,1,-1,-5,3,-2,-2,0,1,12,9,8,-12,-1,None
0,-2,1,-1,-5,3,-2,-2,0,1,12,9,8,-12,-1,None
0,-2,1,-1,-5,3,-2,-2,0,1,12,9,8,-12,-1,None
0,-1,-2,-1,-3,-11,-2,-3,-3,1,12,9,8,-12,-1,None
0,-2,2,-1,11,-1,-3,-2,1,1,12,9,8,-12,-1,None
0,-1,2,2,14,16,0,-2,-1,1,12,9,8,-12,-1,None
0,-1,-1,-4,-47,-28,-4,3,0,1,12,9,8,-12,-1,None
0,-1,-1,-4,-47,-28,-4,3,0,1,12,9,8,-12,-1,None
0,-1,-1,-4,-47,-28,-4,3,0,1,12,9,8,-12,-1,None
0,-2,-9,-3,3,29,4,-1,-3,1,12,9,8,-12,-1,None
0,-3,12,2,9,3,-1,-1,-2,1,12,9,8,-12,-1,None
0,0,1,1,9,5,0,-2,-2,1,12,9,8,-12,-1,None
0,-2,0,-2,2,2,-1,-3,0,1,12,9,8,-12,-1,None
0,-2,0,-2,2,2,-1,-3,0,1,12,9,8,-12,-1,None
0,-2,0,-2,2,2,-1,-3,0,1,12,9,8,-11,-1,None
0,0,2,-1,0,-9,-2,0,-3,1,12,9,8,-11,-1,None
0,-1,-3,-4,-10,-1,-4,-3,-3,1,12,9,8,-11,-1,None
0,-5,-3,-1,12,1,-2,-2,-2,1,12,9,8,-11,-1,None
0,5,5,3,22,19,0,4,2,1,12,9,8,-11,-1,None
0,5,5,3,22,19,0,4,2,1,12,9,8,-11,-1,None
0,5,5,3,22,19,0,4,2,1,12,9,9,-11,-1,None
0,-4,-4,-8,19,4,-3,-7,-4,1,12,9,9,-11,-1,None
0,0,-1,-3,-5,32,2,-4,-3,1,12,9,9,-11,-1,None
0,0,2,-2,-6,-8,0,-2,0,1,12,9,9,-11,-1,None
0,-1,-1,-1,11,9,0,-2,0,1,12,9,9,-11,-1,None
0,-1,-1,-1,11,9,0,-2,0,1,12,9,9,-11,-1,None
0,-1,-1,-1,11,9,0,-2,0,1,12,9,8,-12,-1,None
0,0,3,0,-8,-24,-4,1,-1,1,12,9,8,-12,-1,None
0,-3,-2,-3,-4,-5,-7,-6,0,1,12,9,8,-12,-1,None
0,-1,-3,1,43,8,1,6,-3,1,12,9,8,-12,-1,None
0,3,16,0,-11,-10,1,-2,-2,1,12,9,8,-12,-1,None
0,3,16,0,-11,-10,1,-2,-2,1,12,9,8,-12,-1,None
0,3,16,0,-11,-10,1,-2,-2,1,12,9,8,-12,-1,None
0,3,-9,-7,-23,23,-2,-4,-3,1,12,9,8,-12,-1,None
0,-12,-26,-4,12,-5,-4,-3,-4,1,12,9,8,-12,-1,None
0,2,-1,1,-2,0,-1,0,-1,1,12,9,8,-12,-1,None
0,-2,-2,6,38,28,0,-2,-2,1,12,9,8,-12,-1,None
0,-2,-2,6,38,28,0,-2,-2,1,12,9,8,-12,-1,None
0,-2,-2,6,38,28,0,-2,-2,1,12,9,8,-12,-1,None
0,-3,10,-7,-15,-27,1,0,2,1,12,9,8,-12,-1,None
0,1,8,6,0,-23,-1,2,-12,1,12,9,8,-12,-1,None
0,-4,-4,-7,-28,23,-1,-3,4,1,12,9,8,-12,-1,None
0,0,-8,-1,11,-5,-1,-2,-2,1,12,9,8,-12,-1,None
0,0,-8,-1,11,-5,-1,-2,-2,1,12,9,8,-12,-1,None
0,0,-8,-1,11,-5,-1,-2,-2,1,12,9,8,-12,-1,None
0,-2,6,1,-40,-8,-3,-1,1,1,12,9,8,-12,-1,None
0,7,9,-1,17,-1,-2,0,3,1,12,9,8,-12,-1,None
0,-2,3,-2,7,-18,-2,-1,-3,1,12,9,8,-12,-1,None
0,-3,1,-5,-36,6,-2,-5,-4,1,12,9,8,-12,-1,None
0,-3,1,-5,-36,6,-2,-5,-4,1,12,9,8,-12,-1,None
0,-3,1,-5,-36,6,-2,-5,-4,1,12,9,8,-12,-1,None
0,-3,-3,0,43,-17,1,-1,-2,1,12,9,8,-12,-1,None
0,-2,2,-5,-43,9,1,0,0,1,12,9,8,-12,-1,None
0,-2,-5,-3,-10,-11,-4,-5,-3,1,12,9,8,-12,-1,None
0,1,3,-4,5,19,1,5,-1,1,12,9,8,-12,-1,None
0,1,3,-4,5,19,1,5,-1,1,12,9,8,-12,-1,None
0,1,3,-4,5,19,1,5,-1,1,12,9,8,-12,-1,None
0,-4,-2,0,-55,-41,-3,-2,0,1,12,9,8,-12,-1,None
0,-1,1,-1,0,-32,1,3,-1,1,12,9,8,-12,-1,None
0,2,7,4,30,76,4,0,0,1,12,9,8,-12,-1,None
0,-5,-12,-11,-24,38,-4,-6,-4,1,12,9,8,-12,-1,None
0,-5,-12,-11,-24,38,-4,-6,-4,1,12,9,8,-12,-1,None
0,-5,-12,-11,-24,38,-4,-6,-4,1,12,9,8,-12,-1,None
0,1,7,3,15,1,1,1,-1,1,12,9,8,-12,-1,None
0,-2,1,-7,26,-11,-2,-3,0,1,12,9,8,-12,-1,None
0,0,0,-4,-37,-12,-2,-1,-1,1,12,9,8,-12,-1,None
0,-1,18,-2,-16,-32,-2,-1,0,1,12,9,8,-12,-1,None
0,-1,18,-2,-16,-32,-2,-1,0,1,12,9,8,-12,-1,None
0,-1,18,-2,-16,-32,-2,-1,0,1,12,9,8,-12,-1,None
0,-1,-2,4,49,40,0,0,-3,1,12,9,8,-12,-1,None
0,2,-2,-4,-14,-13,-2,-5,0,1,12,9,8,-12,-1,None
0,2,3,-2,27,1,0,0,-3,1,12,9,8,-12,-1,None
0,-1,1,3,-11,-15,-3,-4,0,1,12,9,8,-12,-1,None
0,-1,1,3,-11,-15,-3,-4,0,1,12,9,8,-12,-1,None
0,-1,1,3,-11,-15,-3,-4,0,1,12,9,8,-12,-1,None
0,0,10,-1,7,0,3,0,-1,1,12,9,8,-12,-1,None
0,-4,-6,-3,-9,-32,-8,-4,-1,1,12,9,8,-12,-1,None
0,1,4,-3,-3,-41,-3,1,1,1,12,9,8,-12,-1,None
0,-1,-4,-2,0,-13,-3,-4,-6,1,12,9,8,-12,-1,None
0,-1,-4,-2,0,-13,-3,-4,-6,1,12,9,8,-12,-1,None
0,-1,-4,-2,0,-13,-3,-4,-6,1,12,9,8,-12,-1,None
0,1,-2,-1,-1,23,2,1,-2,1,12,9,8,-12,-1,None
0,-2,2,-3,10,20,0,-4,1,1,12,9,8,-12,-1,None
0,-3,3,2,9,5,1,4,-6,1,12,9,8,-12,-1,None
0,-2,-6,-5,-18,-32,0,0,6,1,12,9,8,-12,-1,None
0,-2,-6,-5,-18,-32,0,0,6,1,12,9,8,-12,-1,None
0,-2,-6,-5,-18,-32,0,0,6,1,12,9,8,-12,-1,None
0,3,18,-5,20,4,-4,-2,-2,1,12,9,8,-12,-1,None
0,-2,-12,-3,3,31,2,1,1,1,12,9,8,-12,-1,None
0,-3,-1,-3,-3,-7,-4,-5,-4,1,12,9,8,-12,-1,None
0,-3,-6,-1,-1,7,3,2,-1,1,12,9,8,-12,-1,None
0,-3,-6,-1,-1,7,3,2,-1,1,12,9,8,-12,-1,None
0,-3,-6,-1,-1,7,3,2,-1,1,12,9,8,-11,-1,None
0,-1,5,-1,-32,-4,-1,-2,-2,1,12,9,8,-11,-1,None
0,0,9,0,7,-7,-1,-1,0,1,12,9,8,-11,-1,None
0,-2,-3,-4,-6,7,-3,-1,-4,1,12,9,8,-11,-1,None
0,-1,2,0,14,6,-2,-1,-1,1,12,9,8,-11,-1,None
0,-1,2,0,14,6,-2,-1,-1,1,12,9,8,-11,-1,None
0,-1,2,0,14,6,-2,-1,-1,1,12,9,8,-12,-1,None
0,-3,-12,-3,-3,5,1,-1,0,1,12,9,8,-12,-1,None
0,-2,1,-1,9,11,2,1,-2,1,12,9,8,-12,-1,None
0,-3,-1,1,0,-4,-1,-3,0,1,12,9,8,-12,-1,None
0,1,2,-5,16,4,-5,-7,-2,1,12,9,8,-12,-1,None
0,1,2,-5,16,4,-5,-7,-2,1,12,9,8,-12,-1,None
0,1,2,-5,16,4,-5,-7,-2,1,12,9,8,-12,-1,None
0,-2,-7,-6,-2,-7,-2,0,1,1,12,9,8,-12,-1,None
0,-2,1,-2,-7,13,-1,-3,0,1,12,9,8,-12,-1,None
0,0,5,-3,3,8,0,2,-1,1,12,9,8,-12,-1,None
0,-3,-1,2,3,-3,-2,-1,0,1,12,9,8,-12,-1,None
0,-3,-1,2,3,-3,-2,-1,0,1,12,9,8,-12,-1,None
0,-3,-1,2,3,-3,-2,-1,0,1,12,9,8,-12,-1,None
0,-3,-2,-2,-3,-7,-3,-1,-3,1,12,9,8,-12,-1,None
0,0,9,1,-1,-3,4,2,1,1,12,9,8,-12,-1,None
0,0,-3,-6,-2,-5,-3,-3,0,1,12,9,8,-12,-1,None
0,-4,-5,-4,48,6,0,-1,-3,1,12,9,8,-12,-1,None
0,-4,-5,-4,48,6,0,-1,-3,1,12,9,8,-12,-1,None
0,-4,-5,-4,48,6,0,-1,-3,1,12,9,8,-12,-1,None
0,-1,-2,0,-15,14,1,-2,-1,1,12,9,8,-12,-1,None
0,-2,2,-3,-12,-5,-1,0,-3,1,12,9,8,-12,-1,None
0,0,2,2,6,-6,0,-2,0,1,12,9,8,-12,-1,None
0,-2,-1,-3,-4,-5,0,-1,-2,1,12,9,8,-12,-1,None
0,-2,-1,-3,-4,-5,0,-1,-2,1,12,9,8,-12,-1,None
0,-2,-1,-3,-4,-5,0,-1,-2,1,12,9,8,-12,-1,None
0,-1,0,-2,4,2,-3,-3,-3,1,12,9,8,-12,-1,None
0,2,4,1,0,-5,-5,-4,-1,1,12,9,8,-12,-1,None
0,0,20,-4,18,-36,-3,0,-2,1,12,9,8,-12,-1,None
0,-4,-27,-5,-79,-15,1,-5,-3,1,12,9,8,-12,-1,None
0,-4,-27,-5,-79,-15,1,-5,-3,1,12,9,8,-12,-1,None
0,-4,-27,-5,-79,-15,1,-5,-3,1,12,9,8,-12,-1,None
0,-2,-1,1,3,-25,-2,1,-1,1,12,9,8,-12,-1,None
0,0,-3,-5,-7,3,-2,-1,-3,1,12,9,8,-12,-1,None
0,-1,3,-2,5,-3,-2,-1,1,1,12,9,8,-12,-1,None
0,0,8,-1,1,5,-1,1,-1,1,12,9,8,-12,-1,None
0,0,8,-1,1,5,-1,1,-1,1,12,9,8,-12,-1,None
0,0,8,-1,1,5,-1,1,-1,1,12,9,8,-12,-1,None
0,-1,0,1,6,5,1,-2,-1,1,12,9,8,-12,-1,None
0,-1,-3,-3,-17,-7,-2,-1,-2,1,12,9,8,-12,-1,None
0,0,-9,-3,-12,3,-1,-4,-1,1,12,9,8,-12,-1,None
0,-2,6,-1,23,18,2,0,0,1,12,9,8,-12,-1,None
0,-2,6,-1,23,18,2,0,0,1,12,9,8,-12,-1,None
0,-2,6,-1,23,18,2,0,0,1,12,9,8,-12,-1,None
0,-6,-4,-2,-23,12,1,-3,-3,1,12,9,8,-12,-1,None
0,0,5,-2,-20,-2,1,1,-1,1,12,9,8,-12,-1,None
0,-2,-4,0,-9,14,-1,-3,-2,1,12,9,8,-12,-1,None
0,2,2,-1,0,0,-2,-1,-1,1,12,9,8,-12,-1,None
0,2,2,-1,0,0,-2,-1,-1,1,12,9,8,-12,-1,None
0,2,2,-1,0,0,-2,-1,-1,1,12,9,8,-12,-1,None
0,1,5,-1,19,-3,-2,1,0,1,12,9,8,-12,-1,None
0,-2,-1,-3,1,9,-2,-1,-1,1,12,9,8,-12,-1,None
0,-2,-5,-1,-11,-3,-1,-4,-1,1,12,9,8,-12,-1,None
0,-3,-1,0,6,15,3,3,0,1,12,9,8,-12,-1,None
0,-3,-1,0,6,15,3,3,0,1,12,9,8,-12,-1,None
0,-3,-1,0,6,15,3,3,0,1,12,9,8,-12,-1,None
0,2,26,-6,-49,-31,-5,-1,-1,1,12,9,8,-12,-1,None
0,-8,-13,-6,42,36,-1,-4,-8,1,12,9,8,-12,-1,None
0,-2,-3,-2,-15,4,-2,-1,-2,1,12,9,8,-12,-1,None
0,1,3,-2,17,7,-1,-1,-2,1,12,9,8,-12,-1,None
0,1,3,-2,17,7,-1,-1,-2,1,12,9,8,-12,-1,None
0,1,3,-2,17,7,-1,-1,-2,1,12,9,8,-12,-1,None
0,0,-1,1,11,3,0,-2,-1,1,12,9,8,-12,-1,None
0,3,3,-1,-10,-7,-1,-1,1,1,12,9,8,-12,-1,None
0,-2,0,-3,7,8,-5,-5,-3,1,12,9,8,-12,-1,None
0,-2,2,3,28,-16,-1,0,-1,1,12,9,8,-12,-1,None
0,-2,2,3,28,-16,-1,0,-1,1,12,9,8,-12,-1,None
0,-2,2,3,28,-16,-1,0,-1,1,12,9,8,-12,-1,None
0,-4,12,-15,-46,10,-3,-3,-3,1,12,9,8,-12,-1,None
0,2,-7,1,-3,-2,-1,-3,1,1,12,9,8,-12,-1,None
0,-2,-4,0,13,15,2,-1,-2,1,12,9,8,-12,-1,None
0,0,0,-1,-1,-2,-1,-1,-1,1,12,9,8,-12,-1,None
0,0,0,-1,-1,-2,-1,-1,-1,1,12,9,8,-12,-1,None
0,0,0,-1,-1,-2,-1,-1,-1,1,12,9,8,-12,-1,None
0,2,-2,5,23,-6,-1,0,0,1,12,9,8,-12,-1,None
0,-2,4,-2,5,3,-2,-1,-1,1,12,9,8,-12,-1,None
0,-2,0,-4,-16,0,0,0,-1,1,12,9,8,-12,-1,None
0,2,6,-2,-15,-19,-1,-2,0,1,12,9,8,-12,-1,None
0,2,6,-2,-15,-19,-1,-2,0,1,12,9,8,-12,-1,None
0,2,6,-2,-15,-19,-1,-2,0,1,12,9,8,-11,-1,None
0,-2,-14,-2,49,17,-1,-1,-2,1,12,9,8,-11,-1,None
0,0,15,-2,-20,22,3,-1,0,1,12,9,8,-11,-1,None
0,-1,-6,-4,-2,0,-1,-1,-3,1,12,9,8,-11,-1,None
0,-2,2,-2,-17,-3,0,-1,-3,1,12,9,8,-11,-1,None
0,-2,2,-2,-17,-3,0,-1,-3,1,12,9,8,-11,-1,None
0,-2,2,-2,-17,-3,0,-1,-3,1,12,9,8,-12,-1,None
0,-1,-9,-1,12,-5,-2,-3,-2,1,12,9,8,-12,-1,None
0,-2,-3,0,11,-7,-3,0,0,1,12,9,8,-12,-1,None
0,1,6,-1,-1,-2,1,2,1,1,12,9,8,-12,-1,None
0,-1,0,-4,6,12,0,-3,-2,1,12,9,8,-12,-1,None
0,-1,0,-4,6,12,0,-3,-2,1,12,9,8,-12,-1,None
0,-1,0,-4,6,12,0,-3,-2,1,12,9,8,-12,-1,None
0,0,-2,1,0,-5,0,0,-1,1,12,9,8,-12,-1,None
0,0,-4,3,-7,-14,-1,-1,-2,1,12,9,8,-12,-1,None
0,-2,-1,-6,-32,-4,0,-3,-5,1,12,9,8,-12,-1,None
0,-3,0,-3,9,2,-4,-3,-2,1,12,9,8,-12,-1,None
0,-3,0,-3,9,2,-4,-3,-2,1,12,9,8,-12,-1,None
0,-3,0,-3,9,2,-4,-3,-2,1,12,9,8,-12,-1,None
0,0,-4,1,-2,3,1,-1,0,1,12,9,8,-12,-1,None
0,0,4,-3,3,-11,-1,0,0,1,12,9,8,-12,-1,None
0,0,0,0,2,3,-1,-1,0,1,12,9,8,-12,-1,None
0,-1,0,1,18,10,1,-1,-1,1,12,9,8,-12,-1,None
0,-1,0,1,18,10,1,-1,-1,1,12,9,8,-12,-1,None
0,-1,0,1,18,10,1,-1,-1,1,12,9,8,-12,-1,None
0,-2,-1,-8,-69,-32,-5,-3,-1,1,12,9,8,-12,-1,None
0,2,0,-3,34,11,-2,-1,-2,1,12,9,8,-12,-1,None
0,-3,-1,-2,-17,-12,-4,-5,-2,1,12,9,8,-12,-1,None
0,-3,2,-3,-4,5,-1,-2,-3,1,12,9,8,-12,-1,None
0,-3,2,-3,-4,5,-1,-2,-3,1,12,9,8,-12,-1,None
0,-3,2,-3,-4,5,-1,-2,-3,1,12,9,8,-12,-1,None
0,-1,1,3,25,20,3,-1,-2,1,12,9,8,-12,-1,None
0,-4,-1,-2,2,1,0,-2,-3,1,12,9,8,-12,-1,None
0,0,1,-1,4,-7,-2,0,1,1,12,9,8,-12,-1,None
0,-2,4,0,15,-1,1,1,-2,1,12,9,8,-12,-1,None
0,-2,4,0,15,-1,1,1,-2,1,12,9,8,-12,-1,None
0,-2,4,0,15,-1,1,1,-2,1,12,9,8,-12,-1,None
0,3,12,-2,4,16,-1,-3,-1,1,12,9,8,-12,-1,None
0,-7,-24,1,10,19,0,0,-1,1,12,9,8,-12,-1,None
0,-1,2,-3,-11,14,-1,-1,0,1,12,9,8,-12,-1,None
0,-2,-4,-4,-15,-2,-2,-3,-1,1,12,9,8,-12,-1,None
0,-2,-4,-4,-15,-2,-2,-3,-1,1,12,9,8,-12,-1,None
0,-2,-4,-4,-15,-2,-2,-3,-1,1,12,9,8,-12,-1,None
0,-3,-6,-1,4,4,0,0,-2,1,12,9,8,-12,-1,None
