0,-2,-4,-15,-13,-8,-62,-6,-22,1,12,9,4,-15,-3,None
0,0,3,3,27,5,61,-48,-5,1,12,9,4,-15,-3,None
0,-2,0,-5,-42,-4,-15,13,-9,1,12,9,4,-15,-3,None
0,-2,0,-5,-42,-4,-15,13,-9,0,12,9,4,-15,-3,None
0,-2,0,-5,-42,-4,-15,13,-9,0,12,9,2,-15,-3,None
0,0,2,5,10,20,-6,10,6,0,12,9,2,-15,-3,None
0,4,4,0,40,4,4,2,6,0,12,9,2,-15,-3,None
0,-3,0,0,-32,-4,-58,-23,-10,0,12,9,2,-15,-3,None
0,-3,-4,-16,21,13,55,14,-13,0,12,9,2,-15,-3,None
0,-3,-4,-16,21,13,55,14,-13,0,12,9,2,-15,-3,None
0,-3,-4,-16,21,13,55,14,-13,0,12,9,1,-16,-4,None
0,-1,1,-4,-9,-15,23,7,-20,0,12,9,1,-16,-4,None
0,-4,1,11,-17,15,0,-2,10,0,12,9,1,-16,-4,None
0,2,6,10,19,4,-18,10,-4,0,12,9,1,-16,-4,None
0,0,1,4,-12,-16,6,-26,-17,0,12,9,1,-16,-4,None
0,0,1,4,-12,-16,6,-26,-17,0,12,9,1,-16,-4,None
0,0,1,4,-12,-16,6,-26,-17,0,12,9,0,-16,-4,None
0,8,2,-13,-8,-19,-38,23,35,0,12,9,0,-16,-4,None
0,-2,-2,-2,19,37,4,-30,-5,0,12,9,0,-16,-4,None
0,0,-3,-6,-32,-9,44,35,12,0,12,9,0,-16,-4,None
0,0,1,-2,-18,-24,-42,-7,-7,0,12,9,0,-16,-4,None
0,0,1,-2,-18,-24,-42,-7,-7,0,12,8,0,-16,-4,None
0,0,1,-2,-18,-24,-42,-7,-7,0,12,8,-2,-16,-4,None
0,-4,1,8,5,3,0,-24,-29,0,12,8,-2,-16,-4,None
0,-3,-7,-16,-7,39,-10,-13,-9,0,12,8,-2,-16,-4,None
0,2,5,5,-15,-35,4,1,3,0,12,8,-2,-16,-4,None
0,1,0,-5,-6,37,19,1,15,0,12,8,-2,-16,-4,None
0,1,0,-5,-6,37,19,1,15,0,12,8,-2,-16,-4,None
0,1,0,-5,-6,37,19,1,15,0,12,8,-3,-15,-4,None
0,-2,-5,-16,44,11,-5,6,-37,0,12,8,-3,-15,-4,None
0,-4,1,9,-13,-106,-6,6,21,0,12,8,-3,-15,-4,None
0,-10,-7,-9,15,34,-5,-34,-55,0,12,8,-3,-15,-4,None
0,0,-1,12,47,-20,-13,-10,21,0,12,8,-3,-15,-4,None
0,0,-1,12,47,-20,-13,-10,21,17,12,8,-3,-15,-4,None
0,0,-1,12,47,-20,-13,-10,21,17,12,8,-3,-14,-4,None
0,8,6,1,3,38,8,38,34,17,12,8,-3,-14,-4,None
0,-3,-3,-6,45,13,12,2,-14,17,12,8,-3,-14,-4,None
0,-1,-4,-14,20,31,0,-2,-3,17,12,8,-3,-14,-4,None
0,-4,2,4,-54,-84,-12,-31,-13,17,12,8,-3,-14,-4,None
0,-4,2,4,-54,-84,-12,-31,-13,17,12,8,-3,-14,-4,None
0,-4,2,4,-54,-84,-12,-31,-13,17,12,8,-3,-12,-3,None
0,-7,-2,-6,49,28,-5,1,-9,17,12,8,-3,-12,-3,None
0,-3,2,9,-24,73,9,-49,-15,17,12,8,-3,-12,-3,None
0,-3,-1,1,-3,-49,17,49,12,17,12,8,-3,-12,-3,None
0,-3,-1,-13,-3,59,-8,29,57,17,12,8,-3,-12,-3,None
0,-3,-1,-13,-3,59,-8,29,57,17,12,8,-3,-12,-3,None
0,-3,-1,-13,-3,59,-8,29,57,17,12,8,-4,-11,-3,None
0,0,2,-14,-34,-33,-7,5,12,17,12,8,-4,-11,-3,None
0,5,3,1,-29,5,8,10,12,17,12,8,-4,-11,-3,None
0,-7,-4,3,33,9,-1,-39,-34,17,12,8,-4,-11,-3,None
0,-3,9,10,-23,-2,-21,-31,-46,17,12,8,-4,-11,-3,None
0,-3,9,10,-23,-2,-21,-31,-46,17,12,8,-4,-11,-3,None
0,-3,9,10,-23,-2,-21,-31,-46,17,12,8,-3,-11,-3,None
0,-7,-1,12,83,17,-2,-4,48,17,12,8,-3,-11,-3,None
0,-2,-1,-8,-60,-48,5,23,-18,17,12,8,-3,-11,-3,None
0,0,3,-10,-58,-18,-16,-39,-57,17,12,8,-3,-11,-3,None
0,-30,-5,-7,5,5,-5,-43,58,17,12,8,-3,-11,-3,None
0,-30,-5,-7,5,5,-5,-43,58,17,12,8,-3,-11,-3,None
0,-30,-5,-7,5,5,-5,-43,58,17,12,8,-3,-11,-3,None
0,4,1,5,-1,-14,8,21,-23,17,12,8,-3,-11,-3,None
0,9,-1,4,2,3,3,26,-32,17,12,8,-3,-11,-3,None
0,-4,27,18,-10,1,-2,-33,-57,17,12,8,-3,-11,-3,None
0,12,-19,0,-12,14,-1,36,-31,17,12,8,-3,-11,-3,None
0,12,-19,0,-12,14,-1,36,-31,16,12,7,-3,-11,-3,None
0,12,-19,0,-12,14,-1,36,-31,16,12,7,-3,-10,-3,None
0,2,2,1,-55,-18,-9,-40,79,16,12,7,-3,-10,-3,None
0,-21,20,-2,28,-8,-7,-44,19,16,12,7,-3,-10,-3,None
0,17,-7,10,11,15,19,36,59,16,12,7,-3,-10,-3,None
0,-29,-27,-23,-30,-16,-16,-4,-51,16,12,7,-3,-10,-3,None
0,-29,-27,-23,-30,-16,-16,-4,-51,16,12,7,-3,-10,-3,None
0,-29,-27,-23,-30,-16,-16,-4,-51,16,12,7,-2,-10,-3,None
0,4,-30,-5,-1,9,7,37,46,16,12,7,-2,-10,-3,None
0,7,8,-13,-12,-11,10,96,35,16,12,7,-2,-10,-3,None
0,17,1,-19,26,-8,-16,-54,-24,16,12,7,-2,-10,-3,None
0,15,21,-4,6,21,5,-24,88,16,12,7,-2,-10,-3,None
0,15,21,-4,6,21,5,-24,88,16,12,7,-2,-10,-3,None
0,15,21,-4,6,21,5,-24,88,16,12,7,-2,-10,-2,None
0,-29,-18,-6,-19,-23,-16,-32,-24,16,12,7,-2,-10,-2,None
0,-8,0,-1,-1,3,-4,15,-6,16,12,7,-2,-10,-2,None
0,2,2,1,0,10,4,-12,-17,16,12,7,-2,-10,-2,None
0,29,33,-4,0,-13,-22,1,-9,16,12,7,-2,-10,-2,None
0,29,33,-4,0,-13,-22,1,-9,16,12,7,-2,-10,-2,None
0,29,33,-4,0,-13,-22,1,-9,16,12,7,0,-9,1,None
0,27,10,-1,-23,20,26,33,13,16,12,7,0,-9,1,None
0,-38,-9,-10,-4,-9,3,-91,28,16,12,7,0,-9,1,None
0,21,4,-16,-5,5,0,66,84,16,12,7,0,-9,1,None
0,6,3,-8,18,0,-6,-70,-32,16,12,7,0,-9,1,None
0,6,3,-8,18,0,-6,-70,-32,16,12,7,0,-9,1,None
0,6,3,-8,18,0,-6,-70,-32,16,12,7,1,-15,-2,None
0,-15,12,-15,11,-6,-8,4,-37,16,12,7,1,-15,-2,None
0,-5,-19,-1,13,-8,-11,-46,-18,16,12,7,1,-15,-2,None
0,-26,38,-3,20,4,9,-32,-14,16,12,7,1,-15,-2,None
0,53,-14,18,-1,11,8,83,-37,16,12,7,1,-15,-2,None
0,53,-14,18,-1,11,8,83,-37,16,12,7,1,-15,-2,None
0,53,-14,18,-1,11,8,83,-37,16,12,7,-2,-16,-3,None
0,-3,1,9,-22,-10,-18,-76,-50,16,12,7,-2,-16,-3,None
0,9,20,6,0,3,8,3,55,16,12,7,-2,-16,-3,None
0,1,2,0,-9,-5,-11,40,46,16,12,7,-2,-16,-3,None
0,-19,-1,-7,1,10,14,-2,-16,16,12,7,-2,-16,-3,None
0,-19,-1,-7,1,10,14,-2,-16,16,12,7,-2,-16,-3,None
0,-19,-1,-7,1,10,14,-2,-16,16,12,7,-5,-12,-5,None
0,-3,-1,-6,-11,0,-5,-55,-12,16,12,7,-5,-12,-5,None
0,19,7,-2,10,2,-6,-9,-19,16,12,7,-5,-12,-5,None
0,-12,-8,8,-2,-1,9,-3,35,16,12,7,-5,-12,-5,None
0,-12,4,12,5,5,3,52,-7,16,12,7,-5,-12,-5,None
0,-12,4,12,5,5,3,52,-7,16,12,7,-5,-12,-5,None
0,-12,4,12,5,5,3,52,-7,16,12,7,-5,-11,-5,None
0,-1,0,9,2,2,-5,-1,-11,16,12,7,-5,-11,-5,None
0,-7,-5,2,-5,-10,-12,-48,-43,16,12,7,-5,-11,-5,None
0,0,-11,0,8,14,20,52,27,16,12,7,-5,-11,-5,None
0,-14,-7,-12,4,2,0,-41,-37,16,12,7,-5,-11,-5,None
0,-14,-7,-12,4,2,0,-41,-37,16,12,7,-5,-11,-5,None
0,-14,-7,-12,4,2,0,-41,-37,16,12,7,-5,-15,-4,None
0,2,16,2,-2,-4,-13,-8,-3,16,12,7,-5,-15,-4,None
0,19,3,-6,6,6,9,11,-34,16,12,7,-5,-15,-4,None
0,1,-12,-2,8,2,2,71,-11,16,12,7,-5,-15,-4,None
0,-6,3,9,-11,-14,-17,-31,50,16,12,7,-5,-15,-4,None
0,-6,3,9,-11,-14,-17,-31,50,16,12,7,-5,-15,-4,None
0,-6,3,9,-11,-14,-17,-31,50,16,12,7,-6,-15,-3,None
0,-1,0,-11,8,17,21,28,-71,16,12,7,-6,-15,-3,None
0,5,-5,-4,-3,-2,0,19,-28,16,12,7,-6,-15,-3,None
0,-9,-12,-2,-2,-12,-13,-41,-5,16,12,7,-6,-15,-3,None
0,-8,0,1,-6,-3,-2,-5,3,16,12,7,-6,-15,-3,None
0,-8,0,1,-6,-3,-2,-5,3,16,12,7,-6,-15,-3,None
0,-8,0,1,-6,-3,-2,-5,3,16,12,7,-6,-12,-3,None
0,4,6,4,-4,-10,-17,-8,10,16,12,7,-6,-12,-3,None
0,-4,-5,6,27,7,8,10,-60,16,12,7,-6,-12,-3,None
0,-2,-5,-11,-47,4,8,9,34,16,12,7,-6,-12,-3,None
0,-6,-1,2,70,23,-8,-2,-13,16,12,7,-6,-12,-3,None
0,-6,-1,2,70,23,-8,-2,-13,16,12,7,-6,-12,-3,None
0,-6,-1,2,70,23,-8,-2,-13,16,12,7,-6,-12,-3,None
0,-4,-3,-15,-103,-9,23,-2,25,16,12,7,-6,-12,-3,None
0,4,1,1,64,2,-6,-3,-18,16,12,7,-6,-12,-3,None
0,-8,-6,9,79,20,-15,-20,-25,16,12,7,-6,-12,-3,None
0,-3,-5,-21,-101,-27,-6,1,5,16,12,7,-6,-12,-3,None
0,-3,-5,-21,-101,-27,-6,1,5,16,12,7,-6,-12,-3,None
0,-3,-5,-21,-101,-27,-6,1,5,16,12,7,-5,-12,-3,None
0,1,1,7,23,17,8,7,-7,16,12,7,-5,-12,-3,None
0,-1,0,-6,-32,2,-2,8,31,16,12,7,-5,-12,-3,None
0,0,-2,-6,8,-8,-4,0,-10,16,12,7,-5,-12,-3,None
0,1,5,6,46,12,18,4,10,16,12,7,-5,-12,-3,None
0,1,5,6,46,12,18,4,10,16,12,7,-5,-12,-3,None
0,1,5,6,46,12,18,4,10,16,12,7,-4,-13,-3,None
0,-4,-1,-7,35,4,-17,-14,-10,16,12,7,-4,-13,-3,None
0,-2,-5,-3,-36,-17,3,19,16,16,12,7,-4,-13,-3,None
0,-4,-1,0,14,35,-49,-17,2,16,12,7,-4,-13,-3,None
0,-2,2,-3,-5,-10,73,1,-19,16,12,7,-4,-13,-3,None
0,-2,2,-3,-5,-10,73,1,-19,16,12,7,-4,-13,-3,None
0,-2,2,-3,-5,-10,73,1,-19,16,12,7,-4,-13,-3,None
0,0,3,0,12,10,3,2,3,16,12,7,-4,-13,-3,None
0,-1,-2,-1,-11,-2,-6,5,14,16,12,7,-4,-13,-3,None
0,-2,-1,-3,-9,-18,6,-4,-13,16,12,7,-4,-13,-3,None
0,-4,0,-3,-25,-2,-29,-12,-3,16,12,7,-4,-13,-3,None
0,-4,0,-3,-25,-2,-29,-12,-3,16,12,7,-4,-13,-3,None
0,-4,0,-3,-25,-2,-29,-12,-3,16,12,7,-4,-12,-3,None
0,0,-2,-4,8,-8,-13,7,0,16,12,7,-4,-12,-3,None
0,1,2,2,-9,6,17,9,15,16,12,7,-4,-12,-3,None
0,-5,-3,-4,-19,-4,-4,-17,-10,16,12,7,-4,-12,-3,None
0,-4,0,-6,-1,5,-10,-6,-22,16,12,7,-4,-12,-3,None
0,-4,0,-6,-1,5,-10,-6,-22,16,12,7,-4,-12,-3,None
0,-4,0,-6,-1,5,-10,-6,-22,16,12,7,-4,-11,-3,None
0,-2,0,4,4,-6,-2,-3,4,16,12,7,-4,-11,-3,None
0,-1,0,-4,-17,1,-17,-6,-6,16,12,7,-4,-11,-3,None
0,-2,-1,-2,-8,-4,13,-8,-9,16,12,7,-4,-11,-3,None
0,-2,0,2,8,11,-3,-2,11,16,12,7,-4,-11,-3,None
0,-2,0,2,8,11,-3,-2,11,16,12,7,-4,-11,-3,None
0,-2,0,2,8,11,-3,-2,11,16,12,7,-3,-11,-2,None
0,0,1,-2,-14,-2,-2,3,-10,16,12,7,-3,-11,-2,None
0,-1,-1,-5,-3,0,-2,-1,4,16,12,7,-3,-11,-2,None
0,-2,-3,-1,-5,-1,12,3,1,16,12,7,-3,-11,-2,None
0,0,-1,-2,11,1,-5,-6,5,16,12,7,-3,-11,-2,None
0,0,-1,-2,11,1,-5,-6,5,16,12,7,-3,-11,-2,None
0,0,-1,-2,11,1,-5,-6,5,16,12,7,-3,-11,-2,None
0,-3,1,0,7,-1,-9,1,-17,16,12,7,-3,-11,-2,None
0,1,0,-1,5,-1,2,9,50,16,12,7,-3,-11,-2,None
0,-3,-1,-2,8,-5,2,0,2,16,12,7,-3,-11,-2,None
0,-2,0,-1,8,2,-14,-5,-6,16,12,7,-3,-11,-2,None
0,-2,0,-1,8,2,-14,-5,-6,16,12,7,-3,-11,-2,None
0,-2,0,-1,8,2,-14,-5,-6,16,12,7,-3,-12,-2,None
0,0,0,1,9,-2,-1,-4,12,16,12,7,-3,-12,-2,None
0,0,1,2,12,5,4,11,-2,16,12,7,-3,-12,-2,None
0,-1,1,0,-2,-4,2,-6,4,16,12,7,-3,-12,-2,None
0,-4,0,-3,3,1,-3,12,-8,16,12,7,-3,-12,-2,None
0,-4,0,-3,3,1,-3,12,-8,16,12,8,-3,-12,-2,None
0,-4,0,-3,3,1,-3,12,-8,16,12,8,-2,-13,-2,None
0,-1,1,-1,3,-2,-1,-5,1,16,12,8,-2,-13,-2,None
0,0,0,-6,10,5,0,-5,-9,16,12,8,-2,-13,-2,None
0,-2,0,-21,-1,-2,-1,-3,1,16,12,8,-2,-13,-2,None
0,-2,2,-14,2,0,-4,0,-4,16,12,8,-2,-13,-2,None
0,-2,2,-14,2,0,-4,0,-4,17,12,8,-2,-13,-2,None
0,-2,2,-14,2,0,-4,0,-4,17,12,8,-2,-13,-2,None
0,-1,2,-3,-11,-6,-3,2,5,17,12,8,-2,-13,-2,None
0,-3,-3,6,17,1,-6,-3,-14,17,12,8,-2,-13,-2,None
0,-2,-2,17,-7,2,5,-3,-4,17,12,8,-2,-13,-2,None
0,-1,1,11,3,1,-4,-4,2,17,12,8,-2,-13,-2,None
0,-1,1,11,3,1,-4,-4,2,17,12,8,-2,-13,-2,None
0,-1,1,11,3,1,-4,-4,2,17,12,8,-2,-13,-3,None
0,-1,0,3,17,3,1,3,0,17,12,8,-2,-13,-3,None
0,0,0,-5,-43,-8,-4,-5,2,17,12,8,-2,-13,-3,None
0,-3,-1,2,17,6,-4,-2,-7,17,12,8,-2,-13,-3,None
0,0,-1,2,8,-1,-8,-3,-2,17,12,8,-2,-13,-3,None
0,0,-1,2,8,-1,-8,-3,-2,17,12,8,-2,-13,-3,None
0,0,-1,2,8,-1,-8,-3,-2,17,12,8,-3,-13,-3,None
0,-1,0,2,3,3,3,-3,3,17,12,8,-3,-13,-3,None
0,0,3,1,-12,-1,3,3,-6,17,12,8,-3,-13,-3,None
0,1,3,-4,-25,-12,-1,-1,-4,17,12,8,-3,-13,-3,None
0,-4,-3,4,-7,5,-7,-6,-8,17,12,8,-3,-13,-3,None
0,-4,-3,4,-7,5,-7,-6,-8,17,12,8,-3,-13,-3,None
0,-4,-3,4,-7,5,-7,-6,-8,17,12,8,-2,-13,-3,None
0,-2,-1,0,-3,1,-1,-2,0,17,12,8,-2,-13,-3,None
0,1,2,14,47,13,3,0,-1,17,12,8,-2,-13,-3,None
0,-3,-4,1,-78,-6,-3,-1,-7,17,12,8,-2,-13,-3,None
0,-1,1,15,0,-7,1,-1,5,17,12,8,-2,-13,-3,None
0,-1,1,15,0,-7,1,-1,5,17,12,8,-2,-13,-3,None
0,-1,1,15,0,-7,1,-1,5,17,12,8,-3,-15,-3,None
0,-2,0,9,9,0,-9,-4,-4,17,12,8,-3,-15,-3,None
0,-1,0,4,20,16,4,-2,-6,17,12,8,-3,-15,-3,None
0,2,3,-4,31,-25,-1,3,2,17,12,8,-3,-15,-3,None
0,-3,-2,-15,37,11,-2,-2,-2,17,12,8,-3,-15,-3,None
0,-3,-2,-15,37,11,-2,-2,-2,17,12,8,-3,-15,-3,None
0,-3,-2,-15,37,11,-2,-2,-2,17,12,8,-3,-15,-3,None
0,1,3,-3,-8,-5,3,0,-2,17,12,8,-3,-15,-3,None
0,-1,-3,-20,-82,19,-18,-5,-5,17,12,8,-3,-15,-3,None
0,-2,0,-9,0,-12,9,-3,-5,17,12,8,-3,-15,-3,None
0,2,3,-11,-70,25,-1,0,1,17,12,8,-3,-15,-3,None
0,2,3,-11,-70,25,-1,0,1,17,12,8,-3,-15,-3,None
0,2,3,-11,-70,25,-1,0,1,17,12,8,-3,-14,-2,None
0,-1,0,-12,50,-21,-2,0,-1,17,12,8,-3,-14,-2,None
0,-2,1,-7,-45,40,11,4,-1,17,12,8,-3,-14,-2,None
0,-2,-4,-19,-12,-77,-4,-5,-6,17,12,8,-3,-14,-2,None
0,0,2,7,46,31,-3,-3,-2,17,12,8,-3,-14,-2,None
0,0,2,7,46,31,-3,-3,-2,0,12,8,-3,-14,-2,None
0,0,2,7,46,31,-3,-3,-2,0,12,8,-3,-14,-2,None
0,0,-3,-47,-50,-23,-10,1,1,0,12,8,-3,-14,-2,None
0,0,0,1,66,14,15,-1,0,0,12,8,-3,-14,-2,None
0,0,4,10,3,4,1,3,-2,0,12,8,-3,-14,-2,None
0,-1,-2,-8,22,11,-1,1,-2,0,12,8,-3,-14,-2,None
0,-1,-2,-8,22,11,-1,1,-2,0,12,9,-3,-14,-2,None
0,-1,-2,-8,22,11,-1,1,-2,0,12,9,-3,-12,-2,None
0,1,1,6,71,-24,-8,-3,0,0,12,9,-3,-12,-2,None
0,-5,-8,-50,-52,-35,-14,-6,-4,0,12,9,-3,-12,-2,None
0,-4,-2,4,58,-30,-7,-6,-4,0,12,9,-3,-12,-2,None
0,0,1,-14,59,77,1,-5,-2,0,12,9,-3,-12,-2,None
0,0,1,-14,59,77,1,-5,-2,0,13,9,-3,-12,-2,None
0,0,1,-14,59,77,1,-5,-2,0,13,9,0,-13,-1,None
0,0,4,13,23,6,4,5,2,0,13,9,0,-13,-1,None
0,3,8,10,-11,-27,8,1,1,0,13,9,0,-13,-1,None
0,-1,-3,-27,-75,1,-11,-10,1,0,13,9,0,-13,-1,None
0,-3,-2,3,-59,-57,1,3,-2,0,13,9,0,-13,-1,None
0,-3,-2,3,-59,-57,1,3,-2,0,13,9,0,-13,-1,None
0,-3,-2,3,-59,-57,1,3,-2,0,13,9,2,-14,-1,None
0,-8,-7,-1,-9,68,-3,-6,-7,0,13,9,2,-14,-1,None
0,-4,1,5,-22,-76,-6,5,-2,0,13,9,2,-14,-1,None
0,2,6,26,62,33,3,-1,1,0,13,9,2,-14,-1,None
0,4,6,3,34,44,6,-1,4,0,13,9,2,-14,-1,None
0,4,6,3,34,44,6,-1,4,0,13,9,2,-14,-1,None
0,4,6,3,34,44,6,-1,4,0,13,9,2,-14,-2,None
0,0,0,-10,20,10,4,1,3,0,13,9,2,-14,-2,None
0,-2,-2,0,-43,-27,-15,-4,-2,0,13,9,2,-14,-2,None
0,-2,-2,5,27,70,-2,1,-2,0,13,9,2,-14,-2,None
0,-4,-2,3,5,-128,-13,-4,-5,0,13,9,2,-14,-2,None
0,-4,-2,3,5,-128,-13,-4,-5,0,12,9,2,-14,-2,None
0,-4,-2,3,5,-128,-13,-4,-5,0,12,9,2,-16,-3,None
0,-3,-4,20,-26,83,-8,-7,-5,0,12,9,2,-16,-3,None
0,3,1,11,38,58,3,-1,-1,0,12,9,2,-16,-3,None
0,1,1,-16,-37,-44,1,1,2,0,12,9,2,-16,-3,None
0,-3,1,-3,-1,-53,6,-1,-5,0,12,9,2,-16,-3,None
0,-3,1,-3,-1,-53,6,-1,-5,1,12,9,2,-16,-3,None
0,-3,1,-3,-1,-53,6,-1,-5,1,12,9,4,-16,-3,None
0,-3,-2,-11,-20,29,-10,-9,-3,1,12,9,4,-16,-3,None
0,-1,1,-3,85,7,-1,-1,0,1,12,9,4,-16,-3,None
0,-1,-2,-24,-88,26,0,-3,-3,1,12,9,4,-16,-3,None
0,-1,0,-6,27,-57,-2,6,-2,1,12,9,4,-16,-3,None
0,-1,0,-6,27,-57,-2,6,-2,1,12,9,4,-16,-3,None
0,-1,0,-6,27,-57,-2,6,-2,1,12,9,4,-15,-3,None
0,-2,0,-2,-51,-33,2,-2,-3,1,12,9,4,-15,-3,None
0,-2,1,10,90,95,-6,-3,-1,1,12,9,4,-15,-3,None
0,-1,-1,6,21,48,11,-1,-1,1,12,9,4,-15,-3,None
0,-3,0,-8,-66,21,-4,-10,-3,1,12,9,4,-15,-3,None
0,-3,0,-8,-66,21,-4,-10,-3,1,12,9,4,-15,-3,None
0,-3,0,-8,-66,21,-4,-10,-3,1,12,9,5,-14,-3,None
0,2,5,7,84,-36,0,5,-2,1,12,9,5,-14,-3,None
0,-2,0,-8,9,-41,-4,-5,2,1,12,9,5,-14,-3,None
0,4,2,-2,76,81,8,8,-5,1,12,9,5,-14,-3,None
0,-6,-7,-30,-62,34,-11,-6,-8,1,12,9,5,-14,-3,None
0,-6,-7,-30,-62,34,-11,-6,-8,1,12,9,5,-14,-3,None
0,-6,-7,-30,-62,34,-11,-6,-8,1,12,9,6,-14,-2,None
0,1,7,25,13,4,8,5,2,1,12,9,6,-14,-2,None
0,0,-3,-17,-34,-48,5,-3,2,1,12,9,6,-14,-2,None
0,-7,-1,14,25,0,-16,-4,-3,1,12,9,6,-14,-2,None
0,1,1,4,65,53,9,1,3,1,12,9,6,-14,-2,None
0,1,1,4,65,53,9,1,3,1,12,9,6,-14,-2,None
0,1,1,4,65,53,9,1,3,1,12,9,7,-14,-2,None
0,3,5,5,34,-34,6,2,-1,1,12,9,7,-14,-2,None
0,-4,-6,6,22,30,-3,-4,-1,1,12,9,7,-14,-2,None
0,-1,-2,-2,-21,-63,-16,-7,2,1,12,9,7,-14,-2,None
0,1,3,5,1,41,2,0,-2,1,12,9,7,-14,-2,None
0,1,3,5,1,41,2,0,-2,1,12,9,7,-14,-2,None
0,1,3,5,1,41,2,0,-2,1,12,9,7,-13,-2,None
0,0,-4,-16,-59,-45,5,2,4,1,12,9,7,-13,-2,None
0,0,3,-2,-32,-82,-6,-2,-5,1,12,9,7,-13,-2,None
0,0,0,0,-13,-2,3,0,-1,1,12,9,7,-13,-2,None
0,-2,-1,-1,-30,50,-8,-3,-2,1,12,9,7,-13,-2,None
0,-2,-1,-1,-30,50,-8,-3,-2,1,12,9,7,-13,-2,None
0,-2,-1,-1,-30,50,-8,-3,-2,1,12,9,7,-13,-1,None
0,-1,9,-10,14,-7,-2,-2,-5,1,12,9,7,-13,-1,None
0,1,-29,-3,46,20,2,-3,-5,1,12,9,7,-13,-1,None
0,-2,10,5,-12,-33,0,1,-1,1,12,9,7,-13,-1,None
0,2,10,22,62,25,13,7,6,1,12,9,7,-13,-1,None
0,2,10,22,62,25,13,7,6,1,12,9,7,-13,-1,None
0,2,10,22,62,25,13,7,6,1,12,9,8,-13,-1,None
0,0,-3,15,-20,-3,3,-3,-1,1,12,9,8,-13,-1,None
0,1,1,-25,-95,-14,-1,-3,-2,1,12,9,8,-13,-1,None
0,-1,-4,3,4,51,-8,-3,-1,1,12,9,8,-13,-1,None
0,0,4,9,29,22,5,1,-1,1,12,9,8,-13,-1,None
0,0,4,9,29,22,5,1,-1,1,12,9,8,-13,-1,None
0,0,4,9,29,22,5,1,-1,1,12,9,8,-13,-1,None
0,0,5,2,-21,6,-1,0,0,1,12,9,8,-13,-1,None
0,-1,5,9,20,49,1,1,-1,1,12,9,8,-13,-1,None
0,5,12,12,112,-13,7,5,-1,1,12,9,8,-13,-1,None
0,-1,-2,-15,-78,-27,-6,-3,0,1,12,9,8,-13,-1,None
0,-1,-2,-15,-78,-27,-6,-3,0,1,12,9,8,-13,-1,None
0,-1,-2,-15,-78,-27,-6,-3,0,1,12,9,8,-12,-1,None
0,-4,-5,-11,14,-2,-4,-3,-3,1,12,9,8,-12,-1,None
0,-3,3,2,-4,-14,0,1,-3,1,12,9,8,-12,-1,None
0,2,13,-4,38,26,6,-1,-5,1,12,9,8,-12,-1,None
0,-7,-42,-8,5,-6,-5,-4,5,1,12,9,8,-12,-1,None
0,-7,-42,-8,5,-6,-5,-4,5,1,12,9,8,-12,-1,None
0,-7,-42,-8,5,-6,-5,-4,5,1,12,9,9,-14,-1,None
0,-7,-16,-9,-20,8,3,0,-7,1,12,9,9,-14,-1,None
0,-1,9,-3,-43,-39,-2,0,0,1,12,9,9,-14,-1,None
0,-4,-11,-23,-21,-1,-3,-4,-3,1,12,9,9,-14,-1,None
0,-2,9,-17,7,-26,-4,-4,-6,1,12,9,9,-14,-1,None
0,-2,9,-17,7,-26,-4,-4,-6,1,12,9,9,-14,-1,None
0,-2,9,-17,7,-26,-4,-4,-6,1,12,9,9,-15,-2,None
0,-3,-3,-7,-26,-10,-4,-2,-2,1,12,9,9,-15,-2,None
0,2,29,15,48,6,2,-1,-1,1,12,9,9,-15,-2,None
0,-6,-9,-7,-23,-17,-1,-1,-3,1,12,9,9,-15,-2,None
0,3,-34,-4,-20,-27,-3,-1,-2,1,12,9,9,-15,-2,None
0,3,-34,-4,-20,-27,-3,-1,-2,1,12,9,9,-15,-2,None
0,3,-34,-4,-20,-27,-3,-1,-2,1,12,9,9,-13,-1,None
0,-3,-4,-1,40,28,1,0,0,1,12,9,9,-13,-1,None
0,-3,10,4,68,30,-3,-3,-5,1,12,9,9,-13,-1,None
0,1,1,10,-18,32,4,1,0,1,12,9,9,-13,-1,None
0,0,19,14,20,0,-5,-3,-1,1,12,9,9,-13,-1,None
0,0,19,14,20,0,-5,-3,-1,1,12,9,9,-13,-1,None
0,0,19,14,20,0,-5,-3,-1,1,12,9,8,-11,-1,None
0,1,7,8,-10,7,-2,0,-1,1,12,9,8,-11,-1,None
0,-1,-10,1,-2,-22,-3,0,-1,1,12,9,8,-11,-1,None
0,-3,0,-5,13,18,2,0,0,1,12,9,8,-11,-1,None
0,-5,3,-6,-21,-11,-8,-2,-4,1,12,9,8,-11,-1,None
0,-5,3,-6,-21,-11,-8,-2,-4,1,12,9,8,-11,-1,None
0,-5,3,-6,-21,-11,-8,-2,-4,1,12,9,7,-12,0,None
0,0,3,-14,-5,1,-1,-1,-2,1,12,9,7,-12,0,None
0,-1,2,-10,-25,-4,-1,0,-1,1,12,9,7,-12,0,None
0,-2,-1,-5,-4,-20,0,1,0,1,12,9,7,-12,0,None
0,0,11,-2,-25,-21,1,1,-1,1,12,9,7,-12,0,None
0,0,11,-2,-25,-21,1,1,-1,1,12,9,7,-12,0,None
0,0,11,-2,-25,-21,1,1,-1,1,12,9,8,-12,0,None
0,0,2,-5,-9,-6,-2,-3,-1,1,12,9,8,-12,0,None
0,-3,-4,-6,4,30,-4,-3,-2,1,12,9,8,-12,0,None
0,-4,-2,0,-5,-16,-2,-3,-2,1,12,9,8,-12,0,None
0,2,2,3,21,5,2,0,0,1,12,9,8,-12,0,None
0,2,2,3,21,5,2,0,0,1,12,9,8,-12,0,None
0,2,2,3,21,5,2,0,0,1,12,9,8,-12,-1,None
0,0,4,0,-11,12,-1,-1,1,1,12,9,8,-12,-1,None
0,3,34,0,-22,-11,-2,1,1,1,12,9,8,-12,-1,None
0,-12,-56,-9,-7,-2,-2,-5,-5,1,12,9,8,-12,-1,None
0,0,8,-2,-20,-12,-1,1,0,1,12,9,8,-12,-1,None
0,0,8,-2,-20,-12,-1,1,0,1,12,9,8,-12,-1,None
0,0,8,-2,-20,-12,-1,1,0,1,12,9,8,-12,-1,None
0,-1,1,-4,10,-8,0,-1,1,1,12,9,8,-12,-1,None
0,1,3,-2,7,14,0,-1,0,1,12,9,8,-12,-1,None
0,2,16,3,-23,-11,-2,-2,1,1,12,9,8,-12,-1,None
0,0,6,0,54,5,2,0,-1,1,12,9,8,-12,-1,None
0,0,6,0,54,5,2,0,-1,1,12,9,8,-12,-1,None
0,0,6,0,54,5,2,0,-1,1,12,9,8,-12,-1,None
0,-1,-11,-21,-90,-30,-8,-6,-3,1,12,9,8,-12,-1,None
0,-6,-15,0,20,15,0,-2,-3,1,12,9,8,-12,-1,None
0,1,11,1,20,10,1,-1,0,1,12,9,8,-12,-1,None
0,-2,-5,1,-22,-16,0,-1,-2,1,12,9,8,-12,-1,None
0,-2,-5,1,-22,-16,0,-1,-2,1,12,9,8,-12,-1,None
0,-2,-5,1,-22,-16,0,-1,-2,1,12,9,8,-12,-1,None
0,1,12,2,16,9,0,0,0,1,12,9,8,-12,-1,None
0,-3,-8,-7,-18,-4,-1,0,0,1,12,9,8,-12,-1,None
0,1,7,1,-2,-9,1,0,0,1,12,9,8,-12,-1,None
0,3,6,0,-4,-3,0,0,-2,1,12,9,8,-12,-1,None
0,3,6,0,-4,-3,0,0,-2,1,12,9,8,-12,-1,None
0,3,6,0,-4,-3,0,0,-2,1,12,9,8,-12,-1,None
0,-1,-1,-14,3,-3,-8,-5,-5,1,12,9,8,-12,-1,None
0,-5,-5,3,-8,1,-1,-5,-3,1,12,9,8,-12,-1,None
0,3,23,1,9,0,1,-1,-1,1,12,9,8,-12,-1,None
0,-2,-2,3,0,-5,-2,-1,-1,1,12,9,8,-12,-1,None
0,-2,-2,3,0,-5,-2,-1,-1,1,12,9,8,-12,-1,None
0,-2,-2,3,0,-5,-2,-1,-1,1,12,9,8,-12,-1,None
0,-3,0,-2,2,7,1,-1,0,1,12,9,8,-12,-1,None
0,-2,-9,-1,9,-7,0,0,-1,1,12,9,8,-12,-1,None
0,0,12,-4,-9,-7,-2,-2,-1,1,12,9,8,-12,-1,None
0,-2,2,-5,-11,2,-2,-2,-3,1,12,9,8,-12,-1,None
0,-2,2,-5,-11,2,-2,-2,-3,1,12,9,8,-12,-1,None
0,-2,2,-5,-11,2,-2,-2,-3,1,12,9,8,-12,-1,None
0,-2,-3,1,3,-3,1,-3,-2,1,12,9,8,-12,-1,None
0,-1,5,-2,-5,3,-2,-1,-2,1,12,9,8,-12,-1,None
0,0,-7,-4,-9,-2,-1,-2,-1,1,12,9,8,-12,-1,None
0,-5,19,7,24,19,0,0,-2,1,12,9,8,-12,-1,None
0,-5,19,7,24,19,0,0,-2,1,12,9,8,-12,-1,None
0,-5,19,7,24,19,0,0,-2,1,12,9,8,-12,-1,None
0,-3,-8,-15,-4,4,-3,-3,-2,1,12,9,8,-12,-1,None
0,-5,-5,0,14,4,0,-3,-4,1,12,9,8,-12,-1,None
0,-1,-6,-3,-20,3,-1,-1,-2,1,12,9,8,-12,-1,None
0,-2,-3,-1,15,-5,1,-1,0,1,12,9,8,-12,-1,None
0,-2,-3,-1,15,-5,1,-1,0,1,12,9,8,-12,-1,None
0,-2,-3,-1,15,-5,1,-1,0,1,12,9,8,-12,-1,None
0,2,10,5,10,2,1,0,0,1,12,9,8,-12,-1,None
0,1,-1,-4,-9,0,-1,-1,-1,1,12,9,8,-12,-1,None
0,-2,2,-4,5,-4,-2,-1,-2,1,12,9,8,-12,-1,None
0,0,1,-2,-8,-2,-2,-3,0,1,12,9,8,-12,-1,None
0,0,1,-2,-8,-2,-2,-3,0,1,12,9,8,-12,-1,None
0,0,1,-2,-8,-2,-2,-3,0,1,12,9,8,-12,-1,None
0,-3,-2,3,6,4,1,0,-2,1,12,9,8,-12,-1,None
0,0,-5,-4,-12,-2,-2,-1,0,1,12,9,8,-12,-1,None
0,-1,-3,0,5,0,-1,-1,-1,1,12,9,8,-12,-1,None
0,0,-2,-4,-11,-3,-2,-2,-2,1,12,9,8,-12,-1,None
0,0,-2,-4,-11,-3,-2,-2,-2,1,12,9,8,-12,-1,None
0,0,-2,-4,-11,-3,-2,-2,-2,1,12,9,8,-12,-1,None
0,-2,-2,-1,-4,2,0,-2,0,1,12,9,8,-12,-1,None
0,0,2,3,18,10,0,0,0,1,12,9,8,-12,-1,None
0,1,-3,-12,-20,2,-5,-2,-3,1,12,9,8,-12,-1,None
0,-4,-3,6,-4,2,1,-2,-4,1,12,9,8,-12,-1,None
0,-4,-3,6,-4,2,1,-2,-4,1,12,9,8,-12,-1,None
0,-4,-3,6,-4,2,1,-2,-4,1,12,9,8,-12,-1,None
0,0,2,-7,11,-3,0,-1,-1,1,12,9,8,-12,-1,None
0,0,0,-1,-1,3,0,-2,-1,1,12,9,8,-12,-1,None
0,0,1,0,6,-4,1,-1,-1,1,12,9,8,-12,-1,None
0,1,-2,-6,-8,-4,-2,-1,1,1,12,9,8,-12,-1,None
0,1,-2,-6,-8,-4,-2,-1,1,1,12,9,8,-12,-1,None
0,1,-2,-6,-8,-4,-2,-1,1,1,12,9,8,-12,-1,None
0,-2,-1,2,6,-1,-1,-1,-1,1,12,9,8,-12,-1,None
0,-1,-1,-2,-2,-1,-1,-1,0,1,12,9,8,-12,-1,None
0,-2,0,-3,-4,-1,-2,0,-2,1,12,9,8,-12,-1,None
0,-1,-3,-6,-3,-2,-4,-4,-2,1,12,9,8,-12,-1,None
0,-1,-3,-6,-3,-2,-4,-4,-2,1,12,9,8,-12,-1,None
0,-1,-3,-6,-3,-2,-4,-4,-2,1,12,9,8,-12,-1,None
0,3,8,3,46,-1,4,3,3,1,12,9,8,-12,-1,None
0,-1,31,-10,-35,17,-3,-5,-5,1,12,9,8,-12,-1,None
0,-5,-44,1,-21,-10,-3,-2,-3,1,12,9,8,-12,-1,None
0,-3,-2,-6,-24,-1,-1,0,-1,1,12,9,8,-12,-1,None
0,-3,-2,-6,-24,-1,-1,0,-1,1,12,9,8,-12,-1,None
0,-3,-2,-6,-24,-1,-1,0,-1,1,12,9,8,-12,-1,None
0,0,1,1,10,1,-1,-1,-2,1,12,9,8,-12,-1,None
0,0,1,0,11,-5,0,1,1,1,12,9,8,-12,-1,None
0,0,12,0,13,-3,0,0,-1,1,12,9,8,-12,-1,None
0,-3,2,-3,2,2,-1,-1,0,1,12,9,8,-12,-1,None
0,-3,2,-3,2,2,-1,-1,0,1,12,9,8,-12,-1,None
0,-3,2,-3,2,2,-1,-1,0,1,12,9,8,-12,-1,None
0,-1,-6,-1,-18,-1,1,-1,-2,1,12,9,8,-12,-1,None
0,-2,-9,-4,-4,-5,-2,-1,-1,1,12,9,8,-12,-1,None
0,-1,10,-1,-4,4,0,-2,-1,1,12,9,8,-12,-1,None
0,0,-5,-2,6,-4,-1,-1,1,1,12,9,8,-12,-1,None
0,0,-5,-2,6,-4,-1,-1,1,1,12,9,8,-12,-1,None
0,0,-5,-2,6,-4,-1,-1,1,1,12,9,8,-12,-1,None
0,-4,5,-1,-7,6,-2,-3,-3,1,12,9,8,-12,-1,None
0,-4,-5,-1,-1,-12,-1,0,-1,1,12,9,8,-12,-1,None
0,-3,7,1,29,25,1,0,-1,1,12,9,8,-12,-1,None
0,-1,4,-5,3,-2,-2,-1,-2,1,12,9,8,-12,-1,None
0,-1,4,-5,3,-2,-2,-1,-2,1,12,9,8,-12,-1,None
0,-1,4,-5,3,-2,-2,-1,-2,1,12,9,8,-12,-1,None
0,1,25,0,-5,3,1,-2,-2,1,12,9,8,-12,-1,None
0,-3,-21,-3,-2,-4,-2,0,-1,1,12,9,8,-12,-1,None
0,-1,5,-1,6,-4,0,-1,1,1,12,9,8,-12,-1,None
0,1,-2,-3,3,-3,-2,-1,-2,1,12,9,8,-12,-1,None
0,1,-2,-3,3,-3,-2,-1,-2,1,12,9,8,-12,-1,None
0,1,-2,-3,3,-3,-2,-1,-2,1,12,9,8,-12,-1,None
0,-4,-8,-1,-19,4,-3,-2,-2,1,12,9,8,-12,-1,None
0,-4,-1,0,4,-2,-1,-2,-2,1,12,9,8,-12,-1,None
0,-1,7,-3,6,1,-1,-1,-2,1,12,9,8,-12,-1,None
0,0,-3,0,0,-1,0,0,-1,1,12,9,8,-12,-1,None
0,0,-3,0,0,-1,0,0,-1,1,12,9,8,-12,-1,None
0,0,-3,0,0,-1,0,0,-1,1,12,9,8,-12,-1,None
0,-1,-6,-2,-10,-4,0,-1,0,1,12,9,8,-12,-1,None
0,2,3,-1,-5,0,-1,0,-3,1,12,9,8,-12,-1,None
0,-3,-4,-3,-8,-5,-2,-2,-2,1,12,9,8,-12,-1,None
0,-1,6,-1,-3,3,-1,-2,-1,1,12,9,8,-12,-1,None
0,-1,6,-1,-3,3,-1,-2,-1,1,12,9,8,-12,-1,None
0,-1,6,-1,-3,3,-1,-2,-1,1,12,9,8,-12,-1,None
0,-1,-6,2,29,-4,-1,-1,-1,1,12,9,8,-12,-1,None
0,-1,6,-4,-7,0,2,1,0,1,12,9,8,-12,-1,None
0,0,0,-15,-79,-21,-6,-2,-1,1,12,9,8,-12,-1,None
0,-6,-42,0,0,4,-1,-4,-4,1,12,9,8,-12,-1,None
0,-6,-42,0,0,4,-1,-4,-4,1,12,9,8,-12,-1,None
0,-6,-42,0,0,4,-1,-4,-4,1,12,9,8,-12,-1,None
0,1,-2,-1,11,2,-2,-2,-2,1,12,9,8,-12,-1,None
0,-2,-6,2,5,-2,-2,-1,-2,1,12,9,8,-12,-1,None
0,2,6,1,17,-1,2,2,1,1,12,9,8,-12,-1,None
0,0,13,-2,-7,-3,0,0,0,1,12,9,8,-12,-1,None
0,0,13,-2,-7,-3,0,0,0,1,12,9,8,-12,-1,None
0,0,13,-2,-7,-3,0,0,0,1,12,9,8,-12,-1,None
0,-5,-8,-4,-18,-1,-3,-2,-1,1,12,9,8,-12,-1,None
0,0,3,-5,10,3,0,-1,-1,1,12,9,8,-12,-1,None
0,-3,3,0,5,4,0,-2,-1,1,12,9,8,-12,-1,None
0,-2,5,-2,3,1,-2,-2,-1,1,12,9,8,-12,-1,None
0,-2,5,-2,3,1,-2,-2,-1,1,12,9,8,-12,-1,None
0,-2,5,-2,3,1,-2,-2,-1,1,12,9,8,-12,-1,None
0,-1,1,0,0,6,0,-2,-2,1,12,9,8,-12,-1,None
0,1,4,0,-3,0,-2,0,-2,1,12,9,8,-12,-1,None
0,-1,1,0,9,1,1,-2,-3,1,12,9,8,-12,-1,None
0,-1,2,0,1,0,-1,-2,-1,1,12,9,8,-12,-1,None
0,-1,2,0,1,0,-1,-2,-1,1,12,9,8,-12,-1,None
0,-1,2,0,1,0,-1,-2,-1,1,12,9,8,-12,-1,None
0,0,0,-3,-8,-1,0,-1,0,1,12,9,8,-12,-1,None
0,-1,-2,-2,-5,-2,-3,-4,-3,1,12,9,8,-12,-1,None
0,-4,6,1,0,0,0,-2,-2,1,12,9,8,-12,-1,None
0,8,2,-4,9,-3,-1,-1,1,1,12,9,8,-12,-1,None
0,8,2,-4,9,-3,-1,-1,1,1,12,9,8,-12,-1,None
0,8,2,-4,9,-3,-1,-1,1,1,12,9,8,-12,-1,None
0,-5,10,-1,-1,6,-1,-2,-5,1,12,9,8,-12,-1,None
0,-2,-4,-1,-4,0,-1,-2,-2,1,12,9,8,-12,-1,None
0,-2,4,1,7,2,-1,-3,-3,1,12,9,8,-12,-1,None
0,-2,6,-1,0,-2,0,1,-1,1,12,9,8,-12,-1,None
0,-2,6,-1,0,-2,0,1,-1,1,12,9,8,-12,-1,None
0,-2,6,-1,0,-2,0,1,-1,1,12,9,8,-12,-1,None
0,-1,-4,-2,-7,-2,-1,0,0,1,12,9,8,-12,-1,None
0,0,1,-1,2,-1,-3,-1,0,1,12,9,8,-12,-1,None
0,0,1,0,6,2,1,0,-1,1,12,9,8,-12,-1,None
0,-2,3,-3,-5,2,-1,-3,-2,1,12,9,8,-12,-1,None
0,-2,3,-3,-5,2,-1,-3,-2,1,12,9,8,-12,-1,None
0,-2,3,-3,-5,2,-1,-3,-2,1,12,9,8,-12,-1,None
0,-2,-6,-2,-5,-2,-2,-1,-2,1,12,9,8,-12,-1,None
0,-2,1,-1,1,1,-1,0,0,1,12,9,8,-12,-1,None
0,2,-2,-3,38,7,0,-1,-1,1,12,9,8,-12,-1,None
0,-1,0,0,-5,11,-2,-3,-3,1,12,9,8,-12,-1,None
0,-1,0,0,-5,11,-2,-3,-3,1,12,9,8,-12,-1,None
0,-1,0,0,-5,11,-2,-3,-3,1,12,9,8,-12,-1,None
0,0,23,-5,-15,-1,-3,-3,-2,1,12,9,8,-12,-1,None
0,-2,-18,-2,6,2,2,1,0,1,12,9,8,-12,-1,None
0,-2,-2,-2,-3,-6,-2,-1,0,1,12,9,8,-12,-1,None
0,-2,3,2,16,-4,0,0,-1,1,12,9,8,-12,-1,None
0,-2,3,2,16,-4,0,0,-1,1,12,9,8,-12,-1,None
0,-2,3,2,16,-4,0,0,-1,1,12,9,8,-12,-1,None
0,3,4,-2,3,1,0,-1,0,1,12,9,8,-12,-1,None
0,0,5,-2,-13,0,-2,-2,-2,1,12,9,8,-12,-1,None
0,-1,-1,0,-5,1,-1,-1,-1,1,12,9,8,-12,-1,None
0,-2,-2,-2,-5,0,-1,-3,-2,1,12,9,8,-12,-1,None
0,-2,-2,-2,-5,0,-1,-3,-2,1,12,9,8,-12,-1,None
0,-2,-2,-2,-5,0,-1,-3,-2,1,12,9,8,-12,-1,None
0,1,-2,-2,-4,-1,-1,1,0,1,12,9,8,-12,-1,None
0,-1,-12,-2,1,-6,0,-1,-3,1,12,9,8,-12,-1,None
0,-2,-10,0,-18,9,-4,-3,-2,1,12,9,8,-12,-1,None
0,-5,13,-5,-47,-3,-1,-2,-3,1,12,9,8,-12,-1,None
0,-5,13,-5,-47,-3,-1,-2,-3,1,12,9,8,-12,-1,None
0,-5,13,-5,-47,-3,-1,-2,-3,1,12,9,8,-12,-1,None
0,-4,-12,3,1,-5,-1,-2,-3,1,12,9,8,-12,-1,None
0,0,5,-10,12,0,-2,-1,0,1,12,9,8,-12,-1,None
0,1,4,0,6,3,0,-1,-1,1,12,9,8,-12,-1,None
0,1,0,0,2,-1,1,-1,-2,1,12,9,8,-12,-1,None
0,1,0,0,2,-1,1,-1,-2,1,12,9,8,-12,-1,None
0,1,0,0,2,-1,1,-1,-2,1,12,9,8,-12,-1,None
0,-5,-8,-10,-1,3,0,-1,-2,1,12,9,8,-12,-1,None
0,-3,4,15,-4,-2,-3,-3,-1,1,12,9,8,-12,-1,None
0,-2,-1,-3,-6,-3,-3,-2,0,1,12,9,8,-12,-1,None
0,-1,2,-3,15,1,-1,-1,-1,1,12,9,8,-12,-1,None
0,-1,2,-3,15,1,-1,-1,-1,1,12,9,8,-12,-1,None
0,-1,2,-3,15,1,-1,-1,-1,1,12,9,8,-12,-1,None
0,0,9,-4,-22,4,0,1,-1,1,12,9,8,-12,-1,None
0,-5,-31,-7,-5,-5,-2,-4,-1,1,12,9,8,-12,-1,None
0,-3,0,-3,-3,0,-2,-3,-2,1,12,9,8,-12,-1,None
0,1,-1,0,11,0,2,-1,-2,1,12,9,8,-12,-1,None
0,1,-1,0,11,0,2,-1,-2,1,12,9,8,-12,-1,None
0,1,-1,0,11,0,2,-1,-2,1,12,9,8,-12,-1,None
0,-2,-1,-1,11,3,0,-1,0,1,12,9,8,-12,-1,None
0,1,12,-1,1,-4,0,0,-1,1,12,9,8,-12,-1,None
0,-1,2,0,11,9,-1,-2,-2,1,12,9,8,-12,-1,None
0,-4,0,-3,-9,-11,-1,-2,-1,1,12,9,8,-12,-1,None
0,-4,0,-3,-9,-11,-1,-2,-1,1,12,9,8,-12,-1,None
0,-4,0,-3,-9,-11,-1,-2,-1,1,12,9,8,-12,-1,None
0,-4,-22,-2,10,13,-4,-4,-2,1,12,9,8,-12,-1,None
0,-2,10,-2,3,9,2,-2,-1,1,12,9,8,-12,-1,None
0,-4,1,0,9,-16,-3,-1,-1,1,12,9,8,-12,-1,None
0,3,-1,-3,6,7,-1,-2,-4,1,12,9,8,-12,-1,None
0,3,-1,-3,6,7,-1,-2,-4,1,12,9,8,-12,-1,None
0,3,-1,-3,6,7,-1,-2,-4,1,12,9,8,-12,-1,None
0,0,1,0,1,-4,1,-2,-1,1,12,9,8,-12,-1,None
0,-1,5,-1,5,1,-2,0,0,1,12,9,8,-12,-1,None
0,2,9,-3,-18,0,1,-1,-1,1,12,9,8,-12,-1,None
0,-9,-14,-6,5,-1,-2,-3,-1,1,12,9,8,-12,-1,None
0,-9,-14,-6,5,-1,-2,-3,-1,1,12,9,8,-12,-1,None
0,-9,-14,-6,5,-1,-2,-3,-1,1,12,9,8,-12,-1,None
0,1,7,4,9,1,-1,-2,0,1,12,9,8,-12,-1,None
0,-6,-13,-5,-20,2,-2,-3,-3,1,12,9,8,-12,-1,None
0,-1,4,-2,-2,1,0,-1,-3,1,12,9,8,-12,-1,None
0,-1,5,0,-1,0,0,0,0,1,12,9,8,-12,-1,None
0,-1,5,0,-1,0,0,0,0,1,12,9,8,-12,-1,None
0,-1,5,0,-1,0,0,0,0,1,12,9,8,-12,-1,None
0,-1,-5,-2,-1,0,0,0,-2,1,12,9,8,-12,-1,None
0,1,7,-2,27,1,0,-1,-1,1,12,9,8,-12,-1,None
0,0,1,2,-24,-3,-1,1,0,1,12,9,8,-12,-1,None
0,-1,-3,-4,4,4,0,0,-1,1,12,9,8,-12,-1,None
0,-1,-3,-4,4,4,0,0,-1,1,12,9,8,-12,-1,None
0,-1,-3,-4,4,4,0,0,-1,1,12,9,8,-12,-1,None
0,-3,3,1,-2,0,-3,-3,-2,1,12,9,8,-12,-1,None
0,6,19,2,2,-7,0,0,1,1,12,9,8,-12,-1,None
0,-1,-33,-9,-14,2,-2,-3,-3,1,12,9,8,-12,-1,None
0,-1,5,-1,1,1,-1,0,-1,1,12,9,8,-12,-1,None
0,-1,5,-1,1,1,-1,0,-1,1,12,9,8,-12,-1,None
0,-1,5,-1,1,1,-1,0,-1,1,12,9,8,-12,-1,None
0,0,1,-5,-6,-4,-1,-1,-1,1,12,9,8,-12,-1,None
0,-2,1,0,0,1,-1,-1,-2,1,12,9,8,-12,-1,None
0,-1,3,-1,12,-1,0,-1,-1,1,12,9,8,-12,-1,None
0,0,2,1,-1,2,-2,-1,0,1,12,9,8,-12,-1,None
0,0,2,1,-1,2,-2,-1,0,1,12,9,8,-12,-1,None
0,0,2,1,-1,2,-2,-1,0,1,12,9,8,-12,-1,None
0,1,-7,-16,0,-1,-1,0,-2,1,12,9,8,-12,-1,None
0,-7,6,3,23,7,0,-4,-3,1,12,9,8,-12,-1,None
0,-2,-3,-8,-12,7,-6,-3,-1,1,12,9,8,-12,-1,None
0,1,6,3,-14,-6,-2,-3,0,1,12,9,8,-12,-1,None
0,1,6,3,-14,-6,-2,-3,0,1,12,9,8,-12,-1,None
0,1,6,3,-14,-6,-2,-3,0,1,12,9,8,-12,-1,None
0,-2,0,2,6,2,2,-1,-1,1,12,9,8,-12,-1,None
0,0,-1,-4,-7,-1,-2,0,0,1,12,9,8,-12,-1,None
0,0,9,-2,9,-2,1,0,0,1,12,9,8,-12,-1,None
0,-3,-3,1,6,-1,0,-1,-2,1,12,9,8,-12,-1,None
0,-3,-3,1,6,-1,0,-1,-2,1,12,9,8,-12,-1,None
0,-3,-3,1,6,-1,0,-1,-2,1,12,9,8,-12,-1,None
0,0,3,0,-7,-2,-2,-2,-2,1,12,9,8,-12,-1,None
0,0,4,-5,-13,0,0,-2,-1,1,12,9,8,-12,-1,None
0,-6,0,1,1,-1,-1,-2,-1,1,12,9,8,-12,-1,None
0,7,14,1,5,2,-1,-1,-1,1,12,9,8,-12,-1,None
0,7,14,1,5,2,-1,-1,-1,1,12,9,8,-12,-1,None
0,7,14,1,5,2,-1,-1,-1,1,12,9,8,-12,-1,None
0,1,7,1,-13,-9,-2,-2,-3,1,12,9,8,-12,-1,None
0,-9,-41,-5,-12,7,-1,-3,-3,1,12,9,8,-12,-1,None
0,-1,2,0,-4,2,-1,-2,-1,1,12,9,8,-12,-1,None
0,-3,1,-2,10,1,-2,-2,-3,1,12,9,8,-12,-1,None
0,-3,1,-2,10,1,-2,-2,-3,1,12,9,8,-12,-1,None
0,-3,1,-2,10,1,-2,-2,-3,1,12,9,8,-12,-1,None
0,-3,-2,-1,2,-3,0,-2,0,1,12,9,8,-12,-1,None
0,2,9,-3,-7,-3,-2,-1,-2,1,12,9,8,-12,-1,None
0,0,4,-1,5,0,-2,-1,-1,1,12,9,8,-12,-1,None
0,-3,-5,-5,-4,0,0,-1,-1,1,12,9,8,-12,-1,None
0,-3,-5,-5,-4,0,0,-1,-1,1,12,9,8,-12,-1,None
0,-3,-5,-5,-4,0,0,-1,-1,1,12,9,8,-12,-1,None
0,-1,2,0,0,4,0,1,-1,1,12,9,8,-12,-1,None
0,1,4,-4,-11,1,-3,-1,-2,1,12,9,8,-12,-1,None
0,-2,2,0,8,-4,1,0,-1,1,12,9,8,-12,-1,None
0,-1,1,-2,30,14,-2,-2,-2,1,12,9,8,-12,-1,None
0,-1,1,-2,30,14,-2,-2,-2,1,12,9,8,-12,-1,None
0,-1,1,-2,30,14,-2,-2,-2,1,12,9,8,-12,-1,None
0,-2,-5,-4,-34,-17,0,-2,-1,1,12,9,8,-12,-1,None
0,-1,6,-4,6,27,-1,-3,-3,1,12,9,8,-12,-1,None
0,-1,-1,-7,-10,-5,-1,-1,-1,1,12,9,8,-12,-1,None
0,1,-3,-2,-6,-5,-1,-1,-3,1,12,9,8,-12,-1,None
0,1,-3,-2,-6,-5,-1,-1,-3,1,12,9,8,-12,-1,None
0,1,-3,-2,-6,-5,-1,-1,-3,1,12,9,8,-12,-1,None
0,-2,0,2,14,3,-1,-1,0,1,12,9,8,-12,-1,None
0,1,2,-1,-2,-8,0,0,-1,1,12,9,8,-12,-1,None
0,0,4,-2,3,0,-1,-1,0,1,12,9,8,-12,-1,None
0,-3,-3,-3,-3,2,-1,0,0,1,12,9,8,-12,-1,None
0,-3,-3,-3,-3,2,-1,0,0,1,12,9,8,-12,-1,None
0,-3,-3,-3,-3,2,-1,0,0,1,12,9,8,-12,-1,None
0,-1,1,-2,5,3,-2,-3,-2,1,12,9,8,-12,-1,None
0,4,27,4,-4,-4,-1,-1,-3,1,12,9,8,-12,-1,None
0,-6,-38,-9,9,4,1,-2,-2,1,12,9,8,-12,-1,None
0,0,3,-4,-33,-14,-3,-1,-1,1,12,9,8,-12,-1,None
0,0,3,-4,-33,-14,-3,-1,-1,1,12,9,8,-12,-1,None
0,0,3,-4,-33,-14,-3,-1,-1,1,12,9,8,-12,-1,None
0,-5,5,-4,29,19,-4,-4,-4,1,12,9,8,-12,-1,None
0,-1,0,-1,-12,-5,0,-1,0,1,12,9,8,-12,-1,None
0,4,10,4,16,3,0,-2,-1,1,12,9,8,-12,-1,None
0,-6,-6,-1,-6,1,1,-1,-1,1,12,9,8,-12,-1,None
0,-6,-6,-1,-6,1,1,-1,-1,1,12,9,8,-12,-1,None
0,-6,-6,-1,-6,1,1,-1,-1,1,12,9,8,-12,-1,None
0,4,7,1,2,-1,-1,1,1,1,12,9,8,-12,-1,None
0,-1,0,-7,-8,-9,-1,-2,-1,1,12,9,8,-12,-1,None
0,0,5,6,-11,2,-1,-1,-2,1,12,9,8,-12,-1,None
0,-3,-1,-16,3,-2,-3,0,-1,1,12,9,8,-12,-1,None
0,-3,-1,-16,3,-2,-3,0,-1,1,12,9,8,-12,-1,None
0,-3,-1,-16,3,-2,-3,0,-1,1,12,9,8,-12,-1,None
0,-1,-1,0,-6,2,0,-1,-2,1,12,9,8,-12,-1,None
0,0,-2,-2,33,11,1,0,0,1,12,9,8,-12,-1,None
0,-4,2,-5,-41,-17,-4,-2,-2,1,12,9,8,-12,-1,None
0,1,-1,-2,10,5,0,-2,0,1,12,9,8,-12,-1,None
0,1,-1,-2,10,5,0,-2,0,1,12,9,8,-12,-1,None
0,1,-1,-2,10,5,0,-2,0,1,12,9,8,-12,-1,None
0,-4,2,-1,-8,-4,-2,-2,-2,1,12,9,8,-12,-1,None
0,0,-8,-1,2,-3,-1,-1,0,1,12,9,8,-12,-1,None
0,-1,6,-1,15,7,-1,-2,-3,1,12,9,8,-12,-1,None
0,2,6,0,0,-4,1,-2,-1,1,12,9,8,-12,-1,None
0,2,6,0,0,-4,1,-2,-1,1,12,9,8,-12,-1,None
0,2,6,0,0,-4,1,-2,-1,1,12,9,8,-12,-1,None
0,-4,-32,-6,-37,-2,0,0,0,1,12,9,8,-12,-1,None
0,-1,16,11,24,18,0,-2,-2,1,12,9,8,-12,-1,None
0,0,-22,-11,54,11,-1,0,-1,1,12,9,8,-12,-1,None
0,-4,-2,-3,-45,-5,-4,-5,-4,1,12,9,8,-12,-1,None
0,-4,-2,-3,-45,-5,-4,-5,-4,1,12,9,8,-12,-1,None
0,-4,-2,-3,-45,-5,-4,-5,-4,1,12,9,8,-12,-1,None
0,0,5,2,11,-2,2,-1,-1,1,12,9,8,-12,-1,None
0,-1,0,-2,-3,-8,-1,-2,-1,1,12,9,8,-12,-1,None
0,-1,8,1,-1,1,-2,-1,0,1,12,9,8,-12,-1,None
0,1,2,2,16,4,-1,0,-1,1,12,9,8,-12,-1,None
0,1,2,2,16,4,-1,0,-1,1,12,9,8,-12,-1,None
0,1,2,2,16,4,-1,0,-1,1,12,9,8,-12,-1,None
0,-1,-1,-7,6,1,-3,-1,-1,1,12,9,8,-12,-1,None
0,-1,-9,-5,-13,-1,-4,-2,-1,1,12,9,8,-12,-1,None
0,0,16,-4,-11,-11,1,0,-2,1,12,9,8,-12,-1,None
0,5,-1,4,11,6,-1,-2,-1,1,12,9,8,-12,-1,None
0,5,-1,4,11,6,-1,-2,-1,1,12,9,8,-12,-1,None
0,5,-1,4,11,6,-1,-2,-1,1,12,9,8,-12,-1,None
0,-4,-30,1,9,1,0,-3,-4,1,12,9,8,-12,-1,None
0,-2,-2,-4,-37,-8,-1,0,-1,1,12,9,8,-12,-1,None
0,-2,-1,-2,-10,-2,0,0,1,1,12,9,8,-12,-1,None
0,-1,5,-1,9,-1,-1,0,-1,1,12,9,8,-12,-1,None
0,-1,5,-1,9,-1,-1,0,-1,1,12,9,8,-12,-1,None
0,-1,5,-1,9,-1,-1,0,-1,1,12,9,8,-12,-1,None
0,1,11,-1,5,0,1,0,-2,1,12,9,8,-12,-1,None
