0,-5,-2,-3,3,4,-33,-15,-4,1,12,9,8,-15,-3,None
0,0,0,-2,-9,-3,-8,-26,-4,1,12,9,8,-15,-3,None
0,-2,0,-3,0,-1,-1,23,-3,1,12,9,8,-15,-3,None
0,-2,0,-3,0,-1,-1,23,-3,1,12,9,8,-15,-3,None
0,-2,0,-3,0,-1,-1,23,-3,1,12,9,7,-16,-3,None
0,-4,0,-1,1,6,12,-30,0,1,12,9,7,-16,-3,None
0,-1,0,-4,-5,1,-7,48,-2,1,12,9,7,-16,-3,None
0,-2,0,-2,-2,7,-1,-94,-5,1,12,9,7,-16,-3,None
0,0,0,-2,-2,-2,-13,72,2,1,12,9,7,-16,-3,None
0,0,0,-2,-2,-2,-13,72,2,1,12,9,7,-16,-3,None
0,0,0,-2,-2,-2,-13,72,2,1,12,9,5,-16,-3,None
0,1,3,3,-5,-1,10,-5,1,1,12,9,5,-16,-3,None
0,0,1,-3,2,-7,14,9,1,1,12,9,5,-16,-3,None
0,-3,-2,-5,-12,-7,-32,35,-1,1,12,9,5,-16,-3,None
0,-2,2,-1,3,1,19,-58,-3,1,12,9,5,-16,-3,None
0,-2,2,-1,3,1,19,-58,-3,0,12,9,5,-16,-3,None
0,-2,2,-1,3,1,19,-58,-3,0,12,9,4,-16,-3,None
0,-1,2,3,-14,-1,-44,13,0,0,12,9,4,-16,-3,None
0,-2,-1,-2,-4,15,28,10,-4,0,12,9,4,-16,-3,None
0,-1,-2,-8,11,-7,36,-21,-4,0,12,9,4,-16,-3,None
0,1,-1,-12,5,2,-6,4,1,0,12,9,4,-16,-3,None
0,1,-1,-12,5,2,-6,4,1,0,12,9,4,-16,-3,None
0,1,-1,-12,5,2,-6,4,1,0,12,9,2,-17,-4,None
0,-1,2,-2,3,-7,-15,12,-3,0,12,9,2,-17,-4,None
0,-3,0,0,4,1,-9,-17,-2,0,12,9,2,-17,-4,None
0,-3,-2,-4,-8,-6,-13,-5,-1,0,12,9,2,-17,-4,None
0,-2,1,3,5,-1,-15,2,-3,0,12,9,2,-17,-4,None
0,-2,1,3,5,-1,-15,2,-3,0,12,9,2,-17,-4,None
0,-2,1,3,5,-1,-15,2,-3,0,12,9,0,-16,-4,None
0,1,0,-4,7,12,37,13,1,0,12,9,0,-16,-4,None
0,-3,-1,-4,5,0,-21,-56,-3,0,12,9,0,-16,-4,None
0,-1,3,8,5,13,-9,42,2,0,12,9,0,-16,-4,None
0,1,-2,-6,-1,1,19,35,2,0,12,9,0,-16,-4,None
0,1,-2,-6,-1,1,19,35,2,0,12,9,0,-16,-4,None
0,1,-2,-6,-1,1,19,35,2,0,12,9,0,-14,-4,None
0,-2,-1,-6,-4,-4,-2,-27,-5,0,12,9,0,-14,-4,None
0,1,1,2,3,5,4,2,2,0,12,9,0,-14,-4,None
0,-3,0,-2,-4,-3,-18,-3,-3,0,12,9,0,-14,-4,None
0,-2,3,14,-13,-9,-9,-27,-5,0,12,9,0,-14,-4,None
0,-2,3,14,-13,-9,-9,-27,-5,0,12,8,0,-14,-4,None
0,-2,3,14,-13,-9,-9,-27,-5,0,12,8,0,-13,-3,None
0,2,4,5,6,51,-6,-4,2,0,12,8,0,-13,-3,None
0,3,3,2,9,-42,4,18,10,0,12,8,0,-13,-3,None
0,-5,-8,-31,20,17,17,3,-13,0,12,8,0,-13,-3,None
0,-2,-3,-5,-51,-28,-8,-5,2,0,12,8,0,-13,-3,None
0,-2,-3,-5,-51,-28,-8,-5,2,17,12,8,0,-13,-3,None
0,-2,-3,-5,-51,-28,-8,-5,2,17,12,8,0,-13,-3,None
0,-2,0,-3,2,-13,1,-5,-3,17,12,8,0,-13,-3,None
0,1,3,12,5,26,-3,13,2,17,12,8,0,-13,-3,None
0,3,4,-1,-14,-1,11,-7,2,17,12,8,0,-13,-3,None
0,-4,-3,-3,45,-19,-3,-13,-2,17,12,8,0,-13,-3,None
0,-4,-3,-3,45,-19,-3,-13,-2,17,12,8,0,-13,-3,None
0,-4,-3,-3,45,-19,-3,-13,-2,17,12,8,0,-11,-2,None
0,-3,-4,-20,-2,38,9,6,-26,17,12,8,0,-11,-2,None
0,-2,-1,-11,-32,-14,-13,1,4,17,12,8,0,-11,-2,None
0,3,3,6,-45,-104,5,2,-26,17,12,8,0,-11,-2,None
0,-4,1,15,85,103,-1,-18,6,17,12,8,0,-11,-2,None
0,-4,1,15,85,103,-1,-18,6,17,12,8,0,-11,-2,None
0,-4,1,15,85,103,-1,-18,6,17,12,8,-2,-11,-3,None
0,-5,-2,0,-27,-73,-12,-30,-21,17,12,8,-2,-11,-3,None
0,-1,-3,-7,36,38,1,41,25,17,12,8,-2,-11,-3,None
0,-2,2,4,-51,18,11,-19,-6,17,12,8,-2,-11,-3,None
0,-8,-3,-17,-8,-12,0,-7,2,17,12,8,-2,-11,-3,None
0,-8,-3,-17,-8,-12,0,-7,2,17,12,8,-2,-11,-3,None
0,-8,-3,-17,-8,-12,0,-7,2,17,12,8,-2,-12,-2,None
0,-2,-2,4,95,15,6,29,13,17,12,8,-2,-12,-2,None
0,-11,-1,-6,19,4,-10,-25,-10,17,12,8,-2,-12,-2,None
0,2,4,9,-29,21,-11,-18,105,17,12,8,-2,-12,-2,None
0,8,-4,4,-3,-32,-1,-24,-117,17,12,8,-2,-12,-2,None
0,8,-4,4,-3,-32,-1,-24,-117,17,12,8,-2,-12,-2,None
0,8,-4,4,-3,-32,-1,-24,-117,17,12,8,-2,-11,-3,None
0,1,-2,-8,-15,-1,-6,48,87,17,12,8,-2,-11,-3,None
0,10,13,-15,-30,-23,-8,-61,41,17,12,8,-2,-11,-3,None
0,-6,9,15,32,34,13,48,-65,17,12,8,-2,-11,-3,None
0,17,-26,-10,-19,-7,0,64,11,17,12,8,-2,-11,-3,None
0,17,-26,-10,-19,-7,0,64,11,17,12,8,-2,-11,-3,None
0,17,-26,-10,-19,-7,0,64,11,17,12,8,-2,-11,-3,None
0,20,5,-5,19,4,14,-11,-14,17,12,8,-2,-11,-3,None
0,6,1,0,-37,-12,-6,-10,-20,17,12,8,-2,-11,-3,None
0,16,-7,-1,29,0,-5,11,40,17,12,8,-2,-11,-3,None
0,-22,-13,-1,-35,7,3,40,67,17,12,8,-2,-11,-3,None
0,-22,-13,-1,-35,7,3,40,67,16,12,8,-2,-11,-3,None
0,-22,-13,-1,-35,7,3,40,67,16,12,8,-2,-12,-2,None
0,67,27,5,-14,-14,-4,-64,-18,16,12,8,-2,-12,-2,None
0,-33,-48,7,3,10,13,87,6,16,12,8,-2,-12,-2,None
0,-16,-14,-12,12,11,-7,-54,31,16,12,8,-2,-12,-2,None
0,-16,31,5,-1,-6,5,86,-52,16,12,8,-2,-12,-2,None
0,-16,31,5,-1,-6,5,86,-52,16,12,7,-2,-12,-2,None
0,-16,31,5,-1,-6,5,86,-52,16,12,7,-2,-12,-3,None
0,-1,-2,4,-22,-12,-19,-55,93,16,12,7,-2,-12,-3,None
0,26,19,0,1,17,19,11,-68,16,12,7,-2,-12,-3,None
0,-8,2,-14,-9,-11,-10,-19,9,16,12,7,-2,-12,-3,None
0,-21,-1,-6,6,4,-11,-94,-41,16,12,7,-2,-12,-3,None
0,-21,-1,-6,6,4,-11,-94,-41,16,12,7,-2,-12,-3,None
0,-21,-1,-6,6,4,-11,-94,-41,16,12,7,-2,-13,-2,None
0,5,-1,-4,-19,4,1,22,75,16,12,7,-2,-13,-2,None
0,-11,0,-18,-8,1,-4,15,-61,16,12,7,-2,-13,-2,None
0,-5,2,-17,5,5,1,5,-13,16,12,7,-2,-13,-2,None
0,18,11,-21,-10,1,-5,-27,5,16,12,7,-2,-13,-2,None
0,18,11,-21,-10,1,-5,-27,5,16,12,7,-2,-13,-2,None
0,18,11,-21,-10,1,-5,-27,5,16,12,7,0,-13,2,None
0,-22,-11,-11,-4,5,6,-21,-128,16,12,7,0,-13,2,None
0,-7,8,9,24,-6,-13,-38,61,16,12,7,0,-13,2,None
0,4,-4,16,4,-5,5,23,63,16,12,7,0,-13,2,None
0,36,4,15,4,-4,-5,1,11,16,12,7,0,-13,2,None
0,36,4,15,4,-4,-5,1,11,16,12,7,0,-13,2,None
0,36,4,15,4,-4,-5,1,11,16,12,7,0,-16,0,None
0,-36,-3,25,-7,-6,-6,-3,-66,16,12,7,0,-16,0,None
0,3,0,5,2,-2,6,82,127,16,12,7,0,-16,0,None
0,-1,5,4,-6,-3,-8,-52,-85,16,12,7,0,-16,0,None
0,-8,2,-1,-6,-3,-10,-27,4,16,12,7,0,-16,0,None
0,-8,2,-1,-6,-3,-10,-27,4,16,12,7,0,-16,0,None
0,-8,2,-1,-6,-3,-10,-27,4,16,12,7,-6,-12,-4,None
0,-9,0,-11,-10,-5,3,25,31,16,12,7,-6,-12,-4,None
0,7,6,-11,-5,-2,-5,-47,-52,16,12,7,-6,-12,-4,None
0,-4,0,-12,7,11,7,12,-13,16,12,7,-6,-12,-4,None
0,3,3,-10,2,4,1,-16,-3,16,12,7,-6,-12,-4,None
0,3,3,-10,2,4,1,-16,-3,16,12,7,-6,-12,-4,None
0,3,3,-10,2,4,1,-16,-3,16,12,7,-4,-14,-5,None
0,-4,1,1,3,5,2,8,27,16,12,7,-4,-14,-5,None
0,-13,-1,2,-3,-7,-18,-58,-39,16,12,7,-4,-14,-5,None
0,8,2,6,4,6,5,55,17,16,12,7,-4,-14,-5,None
0,-10,-2,5,3,7,5,-49,-17,16,12,7,-4,-14,-5,None
0,-10,-2,5,3,7,5,-49,-17,16,12,7,-4,-14,-5,None
0,-10,-2,5,3,7,5,-49,-17,16,12,7,-5,-12,-5,None
0,-9,-2,0,0,-3,-8,4,-8,16,12,7,-5,-12,-5,None
0,2,2,8,9,11,6,-5,2,16,12,7,-5,-12,-5,None
0,3,1,1,3,0,1,23,7,16,12,7,-5,-12,-5,None
0,1,4,-1,-8,-6,-2,2,75,16,12,7,-5,-12,-5,None
0,1,4,-1,-8,-6,-2,2,75,16,12,7,-5,-12,-5,None
0,1,4,-1,-8,-6,-2,2,75,16,12,7,-5,-14,-4,None
0,-11,-5,0,-3,-1,-2,-15,-13,16,12,7,-5,-14,-4,None
0,4,5,3,-2,-4,-3,0,-24,16,12,7,-5,-14,-4,None
0,1,0,-2,4,6,2,-11,-12,16,12,7,-5,-14,-4,None
0,-5,1,4,0,3,-2,-1,3,16,12,7,-5,-14,-4,None
0,-5,1,4,0,3,-2,-1,3,16,12,7,-5,-14,-4,None
0,-5,1,4,0,3,-2,-1,3,16,12,7,-5,-13,-4,None
0,-3,-1,-2,0,-4,-13,-13,-3,16,12,7,-5,-13,-4,None
0,0,0,-7,-1,-1,-3,12,17,16,12,7,-5,-13,-4,None
0,-2,-1,-4,20,11,10,-1,-42,16,12,7,-5,-13,-4,None
0,1,2,6,1,1,-1,-8,31,16,12,7,-5,-13,-4,None
0,1,2,6,1,1,-1,-8,31,16,12,7,-5,-13,-4,None
0,1,2,6,1,1,-1,-8,31,16,12,7,-5,-11,-3,None
0,-2,3,-3,-18,-5,1,16,-20,16,12,7,-5,-11,-3,None
0,2,-1,-6,13,1,1,0,-14,16,12,7,-5,-11,-3,None
0,-1,2,2,-44,0,-6,-12,-3,16,12,7,-5,-11,-3,None
0,-1,-1,-8,26,-5,2,5,2,16,12,7,-5,-11,-3,None
0,-1,-1,-8,26,-5,2,5,2,16,12,7,-5,-11,-3,None
0,-1,-1,-8,26,-5,2,5,2,16,12,7,-5,-12,-3,None
0,-4,-1,4,50,4,-1,-1,-6,16,12,7,-5,-12,-3,None
0,-3,-1,-19,-92,-14,2,-4,-2,16,12,7,-5,-12,-3,None
0,-1,0,0,20,-4,-6,-6,-5,16,12,7,-5,-12,-3,None
0,-3,-1,-1,15,14,-16,-5,-4,16,12,7,-5,-12,-3,None
0,-3,-1,-1,15,14,-16,-5,-4,16,12,7,-5,-12,-3,None
0,-3,-1,-1,15,14,-16,-5,-4,16,12,7,-4,-12,-3,None
0,1,4,0,-11,-13,9,6,-4,16,12,7,-4,-12,-3,None
0,0,2,1,27,-11,-10,-8,-8,16,12,7,-4,-12,-3,None
0,-2,0,-3,9,7,-1,-5,1,16,12,7,-4,-12,-3,None
0,-1,0,-8,-18,-1,-1,2,-8,16,12,7,-4,-12,-3,None
0,-1,0,-8,-18,-1,-1,2,-8,16,12,7,-4,-12,-3,None
0,-1,0,-8,-18,-1,-1,2,-8,16,12,7,-4,-12,-3,None
0,-4,-1,3,-9,-8,-7,-4,-2,16,12,7,-4,-12,-3,None
0,0,1,1,-1,14,0,-1,-1,16,12,7,-4,-12,-3,None
0,-1,1,1,6,-5,-5,-6,-4,16,12,7,-4,-12,-3,None
0,-3,0,-4,-32,-5,-2,-3,-4,16,12,7,-4,-12,-3,None
0,-3,0,-4,-32,-5,-2,-3,-4,16,12,7,-4,-12,-3,None
0,-3,0,-4,-32,-5,-2,-3,-4,16,12,7,-3,-12,-3,None
0,-2,-1,-13,-5,12,0,0,-2,16,12,7,-3,-12,-3,None
0,-3,-1,5,-10,2,-2,-5,-2,16,12,7,-3,-12,-3,None
0,0,0,-7,14,-20,0,-7,-7,16,12,7,-3,-12,-3,None
0,0,0,-4,8,21,27,3,-3,16,12,7,-3,-12,-3,None
0,0,0,-4,8,21,27,3,-3,16,12,7,-3,-12,-3,None
0,0,0,-4,8,21,27,3,-3,16,12,7,-3,-12,-2,None
0,-3,-1,-2,2,4,0,3,-3,16,12,7,-3,-12,-2,None
0,-1,-1,-2,9,2,1,-1,-11,16,12,7,-3,-12,-2,None
0,0,1,2,-17,5,-2,1,-1,16,12,7,-3,-12,-2,None
0,-3,0,-1,8,-12,-13,1,-1,16,12,7,-3,-12,-2,None
0,-3,0,-1,8,-12,-13,1,-1,16,12,7,-3,-12,-2,None
0,-3,0,-1,8,-12,-13,1,-1,16,12,7,-3,-12,-3,None
0,-2,0,-6,-12,-3,-1,1,-1,16,12,7,-3,-12,-3,None
0,-2,3,2,17,2,-2,1,1,16,12,7,-3,-12,-3,None
0,-3,0,-3,8,0,-6,0,1,16,12,7,-3,-12,-3,None
0,-3,-1,2,-4,3,4,-1,0,16,12,7,-3,-12,-3,None
0,-3,-1,2,-4,3,4,-1,0,17,12,7,-3,-12,-3,None
0,-3,-1,2,-4,3,4,-1,0,17,12,7,-3,-13,-2,None
0,-1,0,-2,-10,8,-1,0,-1,17,12,7,-3,-13,-2,None
0,1,1,0,17,-4,0,-1,-2,17,12,7,-3,-13,-2,None
0,-1,0,-2,-14,-2,2,-1,-1,17,12,7,-3,-13,-2,None
0,-2,-1,-2,-10,-6,-3,2,-1,17,12,7,-3,-13,-2,None
0,-2,-1,-2,-10,-6,-3,2,-1,17,12,8,-3,-13,-2,None
0,-2,-1,-2,-10,-6,-3,2,-1,17,12,8,-3,-13,-2,None
0,0,1,0,7,3,-1,2,1,17,12,8,-3,-13,-2,None
0,-2,0,-3,4,3,1,-1,-1,17,12,8,-3,-13,-2,None
0,-2,1,-3,-8,0,3,1,1,17,12,8,-3,-13,-2,None
0,0,1,0,4,2,-1,-2,-2,17,12,8,-3,-13,-2,None
0,0,1,0,4,2,-1,-2,-2,17,12,8,-3,-13,-2,None
0,0,1,0,4,2,-1,-2,-2,17,12,8,-3,-13,-2,None
0,0,0,-3,-2,2,-1,-3,-2,17,12,8,-3,-13,-2,None
0,-2,1,1,2,-4,1,-5,-5,17,12,8,-3,-13,-2,None
0,0,0,-1,-1,5,-1,1,0,17,12,8,-3,-13,-2,None
0,0,0,-1,1,-7,-4,-1,-2,17,12,8,-3,-13,-2,None
0,0,0,-1,1,-7,-4,-1,-2,17,12,8,-3,-13,-2,None
0,0,0,-1,1,-7,-4,-1,-2,17,12,8,-3,-14,-2,None
0,-3,-1,-3,0,-3,1,-3,-2,17,12,8,-3,-14,-2,None
0,0,1,0,-7,7,3,1,-2,17,12,8,-3,-14,-2,None
0,-3,0,1,13,3,-3,-3,-3,17,12,8,-3,-14,-2,None
0,-1,2,-1,-11,-5,-3,0,-1,17,12,8,-3,-14,-2,None
0,-1,2,-1,-11,-5,-3,0,-1,17,12,8,-3,-14,-2,None
0,-1,2,-1,-11,-5,-3,0,-1,17,12,8,-2,-14,-2,None
0,-1,-2,4,-16,5,-2,-8,-4,17,12,8,-2,-14,-2,None
0,-1,1,6,16,2,0,0,0,17,12,8,-2,-14,-2,None
0,-2,1,4,-9,3,-1,-1,-3,17,12,8,-2,-14,-2,None
0,-1,1,0,5,-5,-2,0,-1,17,12,8,-2,-14,-2,None
0,-1,1,0,5,-5,-2,0,-1,17,12,8,-2,-14,-2,None
0,-1,1,0,5,-5,-2,0,-1,17,12,8,-2,-13,-2,None
0,0,0,2,18,-3,-2,1,-1,17,12,8,-2,-13,-2,None
0,-3,-2,-10,-60,3,-3,-4,-4,17,12,8,-2,-13,-2,None
0,0,-1,-1,5,-2,2,-2,0,17,12,8,-2,-13,-2,None
0,-2,0,3,17,8,-1,-3,-3,17,12,8,-2,-13,-2,None
0,-2,0,3,17,8,-1,-3,-3,17,12,8,-2,-13,-2,None
0,-2,0,3,17,8,-1,-3,-3,17,12,8,-2,-14,-2,None
0,-4,-2,-1,-36,-11,-1,1,-2,17,12,8,-2,-14,-2,None
0,0,4,12,78,0,-5,-3,-1,17,12,8,-2,-14,-2,None
0,-1,1,-2,-94,-4,1,-2,0,17,12,8,-2,-14,-2,None
0,0,-1,0,19,-4,-5,-2,-3,17,12,8,-2,-14,-2,None
0,0,-1,0,19,-4,-5,-2,-3,17,12,8,-2,-14,-2,None
0,0,-1,0,19,-4,-5,-2,-3,17,12,8,-2,-14,-2,None
0,1,1,6,40,17,2,1,0,17,12,8,-2,-14,-2,None
0,0,-1,-7,-25,-12,-6,-1,-2,17,12,8,-2,-14,-2,None
0,-1,0,-3,72,22,1,-4,-2,17,12,8,-2,-14,-2,None
0,-1,0,-12,-49,-20,-1,-4,-4,17,12,8,-2,-14,-2,None
0,-1,0,-12,-49,-20,-1,-4,-4,17,12,8,-2,-14,-2,None
0,-1,0,-12,-49,-20,-1,-4,-4,17,12,8,-2,-13,-2,None
0,-1,0,-7,9,4,0,3,0,17,12,8,-2,-13,-2,None
0,-1,-2,-7,14,-2,4,0,-1,17,12,8,-2,-13,-2,None
0,0,3,-3,-23,8,-2,-1,-1,17,12,8,-2,-13,-2,None
0,-2,-2,-23,-19,-11,-10,-4,-1,17,12,8,-2,-13,-2,None
0,-2,-2,-23,-19,-11,-10,-4,-1,17,13,8,-2,-13,-2,None
0,-2,-2,-23,-19,-11,-10,-4,-1,17,13,8,-1,-13,-2,None
0,-1,3,0,-38,11,-7,-3,-2,17,13,8,-1,-13,-2,None
0,-3,-3,-48,-1,-24,10,-1,0,17,13,8,-1,-13,-2,None
0,1,0,-1,55,5,-3,-2,-1,17,13,8,-1,-13,-2,None
0,2,1,-14,-81,37,4,1,3,17,13,8,-1,-13,-2,None
0,2,1,-14,-81,37,4,1,3,0,13,8,-1,-13,-2,None
0,2,1,-14,-81,37,4,1,3,0,13,8,-1,-13,-2,None
0,2,2,-14,78,-4,12,-1,0,0,13,8,-1,-13,-2,None
0,5,10,22,59,-11,-15,-7,0,0,13,8,-1,-13,-2,None
0,0,0,-29,-6,-13,-2,5,-1,0,13,8,-1,-13,-2,None
0,-6,-2,21,127,53,4,-6,-11,0,13,8,-1,-13,-2,None
0,-6,-2,21,127,53,4,-6,-11,0,13,8,-1,-13,-2,None
0,-6,-2,21,127,53,4,-6,-11,0,13,8,0,-13,-1,None
0,1,2,7,0,-34,-17,-7,1,0,13,8,0,-13,-1,None
0,-6,-7,6,-74,50,28,8,-4,0,13,8,0,-13,-1,None
0,0,1,-2,46,1,1,-3,0,0,13,8,0,-13,-1,None
0,-2,2,1,-9,-9,-4,4,-2,0,13,8,0,-13,-1,None
0,-2,2,1,-9,-9,-4,4,-2,0,13,8,0,-13,-1,None
0,-2,2,1,-9,-9,-4,4,-2,0,13,8,0,-13,-1,None
0,0,4,2,44,20,1,-1,2,0,13,8,0,-13,-1,None
0,1,3,1,51,-16,-6,0,0,0,13,8,0,-13,-1,None
0,1,1,11,15,15,-1,0,4,0,13,8,0,-13,-1,None
0,-1,-3,-6,61,-1,-4,-1,-1,0,13,8,0,-13,-1,None
0,-1,-3,-6,61,-1,-4,-1,-1,0,13,8,0,-13,-1,None
0,-1,-3,-6,61,-1,-4,-1,-1,0,13,8,1,-14,-1,None
0,-2,-1,1,-37,-23,-4,-3,-5,0,13,8,1,-14,-1,None
0,2,4,17,5,40,-4,-2,0,0,13,8,1,-14,-1,None
0,-1,0,-9,63,8,14,2,-2,0,13,8,1,-14,-1,None
0,-2,-4,14,-82,-12,-14,-10,-3,0,13,8,1,-14,-1,None
0,-2,-4,14,-82,-12,-14,-10,-3,0,13,9,1,-14,-1,None
0,-2,-4,14,-82,-12,-14,-10,-3,0,13,9,2,-15,-1,None
0,-3,-3,-14,9,-9,9,1,0,0,13,9,2,-15,-1,None
0,-1,1,6,0,11,3,-2,-5,0,13,9,2,-15,-1,None
0,3,4,6,-98,-72,-1,1,9,0,13,9,2,-15,-1,None
0,-4,3,20,47,59,-2,-9,-3,0,13,9,2,-15,-1,None
0,-4,3,20,47,59,-2,-9,-3,0,13,9,2,-15,-1,None
0,-4,3,20,47,59,-2,-9,-3,0,13,9,4,-15,-2,None
0,0,-2,-16,-51,57,-4,6,-1,0,13,9,4,-15,-2,None
0,-4,-3,-12,2,13,1,-5,-4,0,13,9,4,-15,-2,None
0,-3,-1,-11,-42,-28,-5,-1,-5,0,13,9,4,-15,-2,None
0,-3,-1,-23,-19,-21,1,5,0,0,13,9,4,-15,-2,None
0,-3,-1,-23,-19,-21,1,5,0,0,13,9,4,-15,-2,None
0,-3,-1,-23,-19,-21,1,5,0,0,13,9,5,-17,-1,None
0,-2,5,28,6,-68,-1,-7,1,0,13,9,5,-17,-1,None
0,5,-3,-29,25,16,-6,0,0,0,13,9,5,-17,-1,None
0,2,5,7,-95,-13,13,4,0,0,13,9,5,-17,-1,None
0,3,3,6,93,44,-1,-5,3,0,13,9,5,-17,-1,None
0,3,3,6,93,44,-1,-5,3,1,13,9,5,-17,-1,None
0,3,3,6,93,44,-1,-5,3,1,13,9,5,-16,-2,None
0,-6,-7,51,52,22,-13,-16,-10,1,13,9,5,-16,-2,None
0,-5,-8,-45,-44,-61,-2,3,-3,1,13,9,5,-16,-2,None
0,-2,0,11,90,-11,1,-3,-6,1,13,9,5,-16,-2,None
0,2,-1,-5,59,30,-3,-3,3,1,13,9,5,-16,-2,None
0,2,-1,-5,59,30,-3,-3,3,1,13,9,5,-16,-2,None
0,2,-1,-5,59,30,-3,-3,3,1,13,9,4,-14,-2,None
0,2,6,9,-17,-19,2,5,3,1,13,9,4,-14,-2,None
0,-7,-5,10,-28,-27,-12,-11,-7,1,13,9,4,-14,-2,None
0,-4,-4,-9,46,7,-5,-9,-4,1,13,9,4,-14,-2,None
0,-3,3,-11,-35,-17,8,4,0,1,13,9,4,-14,-2,None
0,-3,3,-11,-35,-17,8,4,0,1,13,9,4,-14,-2,None
0,-3,3,-11,-35,-17,8,4,0,1,13,9,5,-15,-2,None
0,5,-1,-20,-9,-44,-6,-11,1,1,13,9,5,-15,-2,None
0,1,10,25,64,22,5,13,2,1,13,9,5,-15,-2,None
0,-2,-3,-13,-65,-3,-7,-5,-1,1,13,9,5,-15,-2,None
0,5,30,7,5,32,2,1,-2,1,13,9,5,-15,-2,None
0,5,30,7,5,32,2,1,-2,1,13,9,5,-15,-2,None
0,5,30,7,5,32,2,1,-2,1,13,9,6,-14,-1,None
0,-6,-21,-35,-93,-29,2,2,-3,1,13,9,6,-14,-1,None
0,2,22,-11,-18,38,3,2,3,1,13,9,6,-14,-1,None
0,-6,-37,27,65,32,-7,-5,-4,1,13,9,6,-14,-1,None
0,2,9,1,-7,-35,1,0,-7,1,13,9,6,-14,-1,None
0,2,9,1,-7,-35,1,0,-7,1,13,9,6,-14,-1,None
0,2,9,1,-7,-35,1,0,-7,1,13,9,6,-13,-1,None
0,-6,11,-2,-46,34,-2,1,-3,1,13,9,6,-13,-1,None
0,1,1,-9,-35,16,-10,-9,2,1,13,9,6,-13,-1,None
0,-1,15,26,43,-6,4,11,-8,1,13,9,6,-13,-1,None
0,0,-9,-21,-92,-38,0,6,1,1,13,9,6,-13,-1,None
0,0,-9,-21,-92,-38,0,6,1,1,13,9,6,-13,-1,None
0,0,-9,-21,-92,-38,0,6,1,1,13,9,7,-13,-1,None
0,0,4,1,0,9,6,3,-2,1,13,9,7,-13,-1,None
0,-3,-12,-14,-29,15,-10,-7,-1,1,13,9,7,-13,-1,None
0,-3,9,-1,41,-2,2,-5,-1,1,13,9,7,-13,-1,None
0,-7,-13,1,-4,-71,-10,-3,-2,1,13,9,7,-13,-1,None
0,-7,-13,1,-4,-71,-10,-3,-2,1,13,9,7,-13,-1,None
0,-7,-13,1,-4,-71,-10,-3,-2,1,13,9,8,-13,-1,None
0,2,7,-4,68,56,4,7,2,1,13,9,8,-13,-1,None
0,-5,0,12,30,31,0,-6,-4,1,13,9,8,-13,-1,None
0,3,4,-9,-46,-41,3,5,2,1,13,9,8,-13,-1,None
0,-1,-10,-2,42,32,10,0,3,1,13,9,8,-13,-1,None
0,-1,-10,-2,42,32,10,0,3,1,13,9,8,-13,-1,None
0,-1,-10,-2,42,32,10,0,3,1,13,9,8,-13,-1,None
0,-4,-4,-12,39,6,-1,-4,-10,1,13,9,8,-13,-1,None
0,-2,4,15,29,-32,0,-1,-2,1,13,9,8,-13,-1,None
0,-4,0,-15,-29,12,-9,-5,-1,1,13,9,8,-13,-1,None
0,-5,5,-5,-11,9,-5,-4,-4,1,13,9,8,-13,-1,None
0,-5,5,-5,-11,9,-5,-4,-4,1,13,9,8,-13,-1,None
0,-5,5,-5,-11,9,-5,-4,-4,1,13,9,8,-12,-1,None
0,-1,4,1,71,17,2,3,3,1,13,9,8,-12,-1,None
0,-1,-2,6,-25,-31,3,0,-1,1,13,9,8,-12,-1,None
0,1,9,-4,-11,40,-4,-2,-6,1,13,9,8,-12,-1,None
0,-2,5,5,-19,-26,-2,1,2,1,13,9,8,-12,-1,None
0,-2,5,5,-19,-26,-2,1,2,1,12,9,8,-12,-1,None
0,-2,5,5,-19,-26,-2,1,2,1,12,9,8,-12,-1,None
0,6,5,-8,10,2,0,-3,-4,1,12,9,8,-12,-1,None
0,-2,1,-6,-11,1,-2,-3,1,1,12,9,8,-12,-1,None
0,0,2,-6,-10,-6,-4,-4,-3,1,12,9,8,-12,-1,None
0,-1,-12,-6,-13,-4,0,-1,-1,1,12,9,8,-12,-1,None
0,-1,-12,-6,-13,-4,0,-1,-1,1,12,9,8,-12,-1,None
0,-1,-12,-6,-13,-4,0,-1,-1,1,12,9,9,-14,-2,None
0,-2,6,-12,-29,0,0,-2,-1,1,12,9,9,-14,-2,None
0,2,-6,8,32,-10,1,0,-3,1,12,9,9,-14,-2,None
0,-3,-1,-8,20,16,-3,-4,1,1,12,9,9,-14,-2,None
0,-2,-3,12,29,-9,-3,-2,-5,1,12,9,9,-14,-2,None
0,-2,-3,12,29,-9,-3,-2,-5,1,12,9,9,-14,-2,None
0,-2,-3,12,29,-9,-3,-2,-5,1,12,9,10,-15,-2,None
0,-4,-3,-13,-9,9,-2,0,-2,1,12,9,10,-15,-2,None
0,0,1,-2,-8,-7,-2,-2,-2,1,12,9,10,-15,-2,None
0,-4,-11,6,20,11,-4,-3,-2,1,12,9,10,-15,-2,None
0,4,11,0,-13,0,1,0,-1,1,12,9,10,-15,-2,None
0,4,11,0,-13,0,1,0,-1,1,12,9,10,-15,-2,None
0,4,11,0,-13,0,1,0,-1,1,12,9,8,-11,-1,None
0,-1,-1,6,1,2,0,-2,2,1,12,9,8,-11,-1,None
0,-2,-8,5,1,-20,-3,-2,-1,1,12,9,8,-11,-1,None
0,1,10,-14,6,27,-2,-3,-2,1,12,9,8,-11,-1,None
0,-2,-4,-4,36,9,2,3,-2,1,12,9,8,-11,-1,None
0,-2,-4,-4,36,9,2,3,-2,1,12,9,8,-11,-1,None
0,-2,-4,-4,36,9,2,3,-2,1,12,9,7,-11,0,None
0,-4,-6,-10,-67,-20,-7,-2,-1,1,12,9,7,-11,0,None
0,-3,-1,-6,-1,-2,1,0,-3,1,12,9,7,-11,0,None
0,-3,3,-1,-1,4,-3,-2,0,1,12,9,7,-11,0,None
0,0,4,-4,-21,-13,-1,-1,-2,1,12,9,7,-11,0,None
0,0,4,-4,-21,-13,-1,-1,-2,1,12,9,7,-11,0,None
0,0,4,-4,-21,-13,-1,-1,-2,1,12,9,8,-13,0,None
0,-8,-18,1,31,8,0,0,-3,1,12,9,8,-13,0,None
0,1,8,-8,-33,-11,-5,-3,-2,1,12,9,8,-13,0,None
0,-1,17,-7,-27,-11,-4,-1,-2,1,12,9,8,-13,0,None
0,-6,-16,-1,10,13,0,-2,1,1,12,9,8,-13,0,None
0,-6,-16,-1,10,13,0,-2,1,1,12,9,8,-13,0,None
0,-6,-16,-1,10,13,0,-2,1,1,12,9,9,-13,0,None
0,1,8,-4,-9,-2,0,1,-3,1,12,9,9,-13,0,None
0,-3,-1,-1,10,-3,0,0,-2,1,12,9,9,-13,0,None
0,-2,-7,-2,6,-4,-2,-1,-2,1,12,9,9,-13,0,None
0,3,16,3,-2,3,0,-2,-2,1,12,9,9,-13,0,None
0,3,16,3,-2,3,0,-2,-2,1,12,9,9,-13,0,None
0,3,16,3,-2,3,0,-2,-2,1,12,9,9,-12,0,None
0,0,-1,-9,-14,2,-4,-5,-3,1,12,9,9,-12,0,None
0,-2,-8,2,13,6,-1,-2,0,1,12,9,9,-12,0,None
0,-1,13,0,-17,-5,-2,-1,-3,1,12,9,9,-12,0,None
0,0,3,-2,-1,-3,-2,-2,-1,1,12,9,9,-12,0,None
0,0,3,-2,-1,-3,-2,-2,-1,1,12,9,9,-12,0,None
0,0,3,-2,-1,-3,-2,-2,-1,1,12,9,9,-11,0,None
0,-1,-4,1,-4,-3,0,0,0,1,12,9,9,-11,0,None
0,-1,1,2,16,2,-1,0,-2,1,12,9,9,-11,0,None
0,-2,-5,-3,-2,6,1,-2,-1,1,12,9,9,-11,0,None
0,5,7,-14,-57,-30,-5,-5,-3,1,12,9,9,-11,0,None
0,5,7,-14,-57,-30,-5,-5,-3,1,12,9,9,-11,0,None
0,5,7,-14,-57,-30,-5,-5,-3,1,12,9,9,-11,0,None
0,-4,-29,-4,1,-4,-4,-2,-2,1,12,9,9,-11,0,None
0,2,27,0,6,28,2,-1,-1,1,12,9,9,-11,0,None
0,-4,-32,-3,1,-3,-1,-1,0,1,12,9,9,-11,0,None
0,-2,-4,1,-7,-1,1,0,-1,1,12,9,9,-11,0,None
0,-2,-4,1,-7,-1,1,0,-1,1,12,9,9,-11,0,None
0,-2,-4,1,-7,-1,1,0,-1,1,12,9,9,-12,0,None
0,1,12,-1,-2,-10,-1,1,1,1,12,9,9,-12,0,None
0,-1,4,-3,2,-6,-3,0,-3,1,12,9,9,-12,0,None
0,-2,-3,-2,-1,1,-3,-1,-1,1,12,9,9,-12,0,None
0,-2,-3,-1,-4,-1,-2,-1,-1,1,12,9,9,-12,0,None
0,-2,-3,-1,-4,-1,-2,-1,-1,1,12,9,9,-12,0,None
0,-2,-3,-1,-4,-1,-2,-1,-1,1,12,9,9,-12,0,None
0,1,6,0,32,8,0,-2,0,1,12,9,9,-12,0,None
0,-4,2,1,8,-16,1,-1,2,1,12,9,9,-12,0,None
0,8,13,-7,53,26,-1,-3,-4,1,12,9,9,-12,0,None
0,-1,-5,-10,15,-8,-3,-4,-3,1,12,9,9,-12,0,None
0,-1,-5,-10,15,-8,-3,-4,-3,1,12,9,9,-12,0,None
0,-1,-5,-10,15,-8,-3,-4,-3,1,12,9,8,-12,0,None
0,-1,5,2,28,6,1,0,-2,1,12,9,8,-12,0,None
0,1,-2,1,-10,-2,-1,-1,-1,1,12,9,8,-12,0,None
0,-3,-1,-2,6,-6,0,-1,-1,1,12,9,8,-12,0,None
0,-2,2,0,2,4,-2,-1,0,1,12,9,8,-12,0,None
0,-2,2,0,2,4,-2,-1,0,1,12,9,8,-12,0,None
0,-2,2,0,2,4,-2,-1,0,1,12,9,8,-12,0,None
0,-1,2,-1,-24,-1,0,-2,-1,1,12,9,8,-12,0,None
0,-3,-6,-3,7,2,-1,-3,-1,1,12,9,8,-12,0,None
0,-3,-1,0,-21,-5,-3,-1,-1,1,12,9,8,-12,0,None
0,-2,-7,-2,-5,4,1,-1,-2,1,12,9,8,-12,0,None
0,-2,-7,-2,-5,4,1,-1,-2,1,12,9,8,-12,0,None
0,-2,-7,-2,-5,4,1,-1,-2,1,12,9,8,-12,-1,None
0,-3,3,-2,-12,-2,-1,-1,0,1,12,9,8,-12,-1,None
0,-1,-5,-3,-9,0,-1,-1,-3,1,12,9,8,-12,-1,None
0,0,7,-1,-6,-12,-3,-2,-1,1,12,9,8,-12,-1,None
0,0,1,-2,-20,6,0,-2,0,1,12,9,8,-12,-1,None
0,0,1,-2,-20,6,0,-2,0,1,12,9,8,-12,-1,None
0,0,1,-2,-20,6,0,-2,0,1,12,9,8,-12,-1,None
0,-3,-5,-3,12,0,-1,-2,-2,1,12,9,8,-12,-1,None
0,-1,-3,0,1,6,1,-2,-2,1,12,9,8,-12,-1,None
0,-2,-4,-3,-13,-1,-1,-2,-1,1,12,9,8,-12,-1,None
0,0,9,-1,4,-2,-1,0,-1,1,12,9,8,-12,-1,None
0,0,9,-1,4,-2,-1,0,-1,1,12,9,8,-12,-1,None
0,0,9,-1,4,-2,-1,0,-1,1,12,9,8,-12,-1,None
0,0,6,-2,-9,-6,-2,-1,0,1,12,9,8,-12,-1,None
0,-2,-5,-4,-5,0,-2,-2,-2,1,12,9,8,-12,-1,None
0,-1,3,-1,-4,1,-1,-2,-2,1,12,9,8,-12,-1,None
0,0,-9,-3,-4,-4,-1,-1,1,1,12,9,8,-12,-1,None
0,0,-9,-3,-4,-4,-1,-1,1,1,12,9,8,-12,-1,None
0,0,-9,-3,-4,-4,-1,-1,1,1,12,9,8,-12,-1,None
0,1,11,5,5,-32,3,2,0,1,12,9,8,-12,-1,None
0,17,-25,-40,-17,87,-5,-6,-2,1,12,9,8,-12,-1,None
0,-8,-22,2,-1,-6,-6,-2,-5,1,12,9,8,-12,-1,None
0,-5,-3,1,-28,-8,-4,-3,-2,1,12,9,8,-12,-1,None
0,-5,-3,1,-28,-8,-4,-3,-2,1,12,9,8,-12,-1,None
0,-5,-3,1,-28,-8,-4,-3,-2,1,12,9,8,-12,-1,None
0,3,-2,-6,-25,-2,2,-1,-2,1,12,9,8,-12,-1,None
0,-5,8,1,3,-32,1,-1,1,1,12,9,8,-12,-1,None
0,0,5,-2,-1,4,2,-2,0,1,12,9,8,-12,-1,None
0,1,-6,-6,5,4,-2,-2,-2,1,12,9,8,-12,-1,None
0,1,-6,-6,5,4,-2,-2,-2,1,12,9,8,-12,-1,None
0,1,-6,-6,5,4,-2,-2,-2,1,12,9,8,-12,-1,None
0,-8,-3,-1,2,-2,-2,-2,-2,1,12,9,8,-12,-1,None
0,-5,3,7,2,26,-1,0,-3,1,12,9,8,-12,-1,None
0,1,3,-5,-8,-14,-5,-2,-1,1,12,9,8,-12,-1,None
0,-4,4,-4,9,-17,0,-1,-1,1,12,9,8,-12,-1,None
0,-4,4,-4,9,-17,0,-1,-1,1,12,9,8,-12,-1,None
0,-4,4,-4,9,-17,0,-1,-1,1,12,9,8,-12,-1,None
0,2,4,-1,4,18,-1,-1,-1,1,12,9,8,-12,-1,None
0,-4,2,7,6,-14,0,-3,0,1,12,9,8,-12,-1,None
0,2,1,-1,-2,1,3,0,0,1,12,9,8,-12,-1,None
0,3,2,-7,-21,3,0,-1,-2,1,12,9,8,-12,-1,None
0,3,2,-7,-21,3,0,-1,-2,1,12,9,8,-12,-1,None
0,3,2,-7,-21,3,0,-1,-2,1,12,9,8,-12,-1,None
0,-2,0,-4,-9,-3,-4,-3,-3,1,12,9,8,-12,-1,None
0,-1,-1,-1,-1,-31,-1,-1,-2,1,12,9,8,-12,-1,None
0,-4,-3,-3,9,1,-1,-3,-2,1,12,9,8,-12,-1,None
0,0,3,5,18,12,-3,0,-2,1,12,9,8,-12,-1,None
0,0,3,5,18,12,-3,0,-2,1,12,9,8,-12,-1,None
0,0,3,5,18,12,-3,0,-2,1,12,9,8,-12,-1,None
0,0,-1,-4,-2,8,0,0,-2,1,12,9,8,-12,-1,None
0,-3,3,5,-3,-24,-2,0,-2,1,12,9,8,-12,-1,None
0,-2,14,5,0,-6,1,0,1,1,12,9,8,-12,-1,None
0,1,-20,-8,-5,-8,0,-1,0,1,12,9,8,-12,-1,None
0,1,-20,-8,-5,-8,0,-1,0,1,12,9,8,-12,-1,None
0,1,-20,-8,-5,-8,0,-1,0,1,12,9,8,-12,-1,None
0,-4,-36,-2,1,12,-1,-2,-4,1,12,9,8,-12,-1,None
0,-5,0,-7,-12,7,-3,-3,-3,1,12,9,8,-12,-1,None
0,-3,-4,-3,5,-8,-4,-2,-2,1,12,9,8,-12,-1,None
0,0,10,1,7,5,0,0,0,1,12,9,8,-12,-1,None
0,0,10,1,7,5,0,0,0,1,12,9,8,-12,-1,None
0,0,10,1,7,5,0,0,0,1,12,9,8,-12,-1,None
0,-1,13,0,15,4,-2,-2,2,1,12,9,8,-12,-1,None
0,-1,-3,3,4,-9,3,2,0,1,12,9,8,-12,-1,None
0,0,-1,-5,-7,11,-2,-1,-1,1,12,9,8,-12,-1,None
0,-4,1,2,14,0,-2,-2,-3,1,12,9,8,-12,-1,None
0,-4,1,2,14,0,-2,-2,-3,1,12,9,8,-12,-1,None
0,-4,1,2,14,0,-2,-2,-3,1,12,9,8,-12,-1,None
0,-1,6,-2,-3,-3,-2,-1,0,1,12,9,8,-12,-1,None
0,-3,3,-6,6,2,-1,-1,-1,1,12,9,8,-12,-1,None
0,8,29,9,-10,2,0,-1,-1,1,12,9,8,-12,-1,None
0,-5,-25,2,29,-7,0,-1,-3,1,12,9,8,-12,-1,None
0,-5,-25,2,29,-7,0,-1,-3,1,12,9,8,-12,-1,None
0,-5,-25,2,29,-7,0,-1,-3,1,12,9,8,-12,-1,None
0,-2,2,-1,-18,0,-3,-3,-1,1,12,9,8,-12,-1,None
0,-2,-1,-3,-6,36,0,-2,-3,1,12,9,8,-12,-1,None
0,-3,-5,-6,9,7,1,0,0,1,12,9,8,-12,-1,None
0,1,7,0,3,-3,-1,-1,-2,1,12,9,8,-12,-1,None
0,1,7,0,3,-3,-1,-1,-2,1,12,9,8,-12,-1,None
0,1,7,0,3,-3,-1,-1,-2,1,12,9,8,-12,-1,None
0,-1,4,-2,2,-7,-1,-1,-1,1,12,9,8,-12,-1,None
0,1,-3,2,2,-20,-2,-1,-1,1,12,9,8,-12,-1,None
0,0,-6,-5,-3,-2,-1,-1,-2,1,12,9,8,-12,-1,None
0,-2,6,-1,-7,11,0,-1,-1,1,12,9,8,-12,-1,None
0,-2,6,-1,-7,11,0,-1,-1,1,12,9,8,-12,-1,None
0,-2,6,-1,-7,11,0,-1,-1,1,12,9,8,-12,-1,None
0,0,2,-2,-3,-1,-2,-2,-2,1,12,9,8,-12,-1,None
0,-3,30,-3,19,-5,-2,-1,-2,1,12,9,8,-12,-1,None
0,-5,-14,-1,-26,3,-2,-1,-2,1,12,9,8,-12,-1,None
0,0,7,-1,17,5,-2,0,-1,1,12,9,8,-12,-1,None
0,0,7,-1,17,5,-2,0,-1,1,12,9,8,-12,-1,None
0,0,7,-1,17,5,-2,0,-1,1,12,9,8,-12,-1,None
0,-3,2,-6,-29,14,-1,-3,-4,1,12,9,8,-12,-1,None
0,2,2,-1,2,-14,-2,-1,-1,1,12,9,8,-12,-1,None
0,-1,-2,-3,0,-2,0,-2,-2,1,12,9,8,-12,-1,None
0,-1,3,-1,-9,-1,-1,-1,-1,1,12,9,8,-12,-1,None
0,-1,3,-1,-9,-1,-1,-1,-1,1,12,9,8,-12,-1,None
0,-1,3,-1,-9,-1,-1,-1,-1,1,12,9,8,-12,-1,None
0,2,3,0,12,-1,-2,-1,0,1,12,9,8,-12,-1,None
0,-1,-7,0,-4,-3,0,0,-1,1,12,9,8,-12,-1,None
0,-3,-1,-5,-1,-2,0,0,-1,1,12,9,8,-12,-1,None
0,15,45,8,11,3,0,-2,-1,1,12,9,8,-12,-1,None
0,15,45,8,11,3,0,-2,-1,1,12,9,8,-12,-1,None
0,15,45,8,11,3,0,-2,-1,1,12,9,8,-12,-1,None
0,-6,-32,-5,-4,1,0,-2,-3,1,12,9,8,-12,-1,None
0,-2,1,5,-4,-8,0,0,0,1,12,9,8,-12,-1,None
0,-3,-5,-3,0,6,-1,-2,-2,1,12,9,8,-12,-1,None
0,-2,6,-4,-2,6,-1,-3,-3,1,12,9,8,-12,-1,None
0,-2,6,-4,-2,6,-1,-3,-3,1,12,9,8,-12,-1,None
0,-2,6,-4,-2,6,-1,-3,-3,1,12,9,8,-12,-1,None
0,0,6,-2,8,2,-1,-1,-1,1,12,9,8,-12,-1,None
0,-2,-5,-1,-2,-1,-1,-1,0,1,12,9,8,-12,-1,None
0,1,3,-3,-1,3,-1,-2,-2,1,12,9,8,-12,-1,None
0,-6,-10,-4,-10,0,-1,-1,-1,1,12,9,8,-12,-1,None
0,-6,-10,-4,-10,0,-1,-1,-1,1,12,9,8,-12,-1,None
0,-6,-10,-4,-10,0,-1,-1,-1,1,12,9,8,-12,-1,None
0,-1,7,-1,2,-2,0,-1,-2,1,12,9,8,-12,-1,None
0,-3,7,-4,-3,-2,-2,-2,-1,1,12,9,8,-12,-1,None
0,0,2,1,3,0,0,1,-2,1,12,9,8,-12,-1,None
0,4,-16,-8,-26,-9,-1,-2,-2,1,12,9,8,-12,-1,None
0,4,-16,-8,-26,-9,-1,-2,-2,1,12,9,8,-12,-1,None
0,4,-16,-8,-26,-9,-1,-2,-2,1,12,9,8,-12,-1,None
0,-2,2,3,-9,-23,1,-2,-1,1,12,9,8,-12,-1,None
0,-1,4,-3,15,29,-2,-4,-4,1,12,9,8,-12,-1,None
0,2,-2,-7,-30,-12,-5,-2,0,1,12,9,8,-12,-1,None
0,-4,-6,-3,2,-11,-2,-1,-1,1,12,9,8,-12,-1,None
0,-4,-6,-3,2,-11,-2,-1,-1,1,12,9,8,-12,-1,None
0,-4,-6,-3,2,-11,-2,-1,-1,1,12,9,8,-12,-1,None
0,0,11,-1,2,3,-1,0,-1,1,12,9,8,-12,-1,None
0,2,-8,-1,-3,-11,-1,-2,0,1,12,9,8,-12,-1,None
0,14,-1,-1,18,3,2,1,5,1,12,9,8,-12,-1,None
0,-20,-9,5,5,1,-2,-1,-7,1,12,9,8,-12,-1,None
0,-20,-9,5,5,1,-2,-1,-7,1,12,9,8,-12,-1,None
0,-20,-9,5,5,1,-2,-1,-7,1,12,9,8,-12,-1,None
0,-3,-21,-20,-54,8,-4,-4,-3,1,12,9,8,-12,-1,None
0,-4,-3,2,-13,-10,1,-1,-2,1,12,9,8,-12,-1,None
0,0,-4,-2,9,4,0,0,0,1,12,9,8,-12,-1,None
0,5,10,1,12,9,1,0,1,1,12,9,8,-12,-1,None
0,5,10,1,12,9,1,0,1,1,12,9,8,-12,-1,None
0,5,10,1,12,9,1,0,1,1,12,9,8,-12,-1,None
0,3,19,3,17,-2,0,0,-2,1,12,9,8,-12,-1,None
0,-12,-42,-6,-4,-2,-3,0,-2,1,12,9,8,-12,-1,None
0,0,1,-1,-5,-4,1,-1,-2,1,12,9,8,-12,-1,None
0,-1,-2,-4,-29,-6,-4,-2,-2,1,12,9,8,-12,-1,None
0,-1,-2,-4,-29,-6,-4,-2,-2,1,12,9,8,-12,-1,None
0,-1,-2,-4,-29,-6,-4,-2,-2,1,12,9,8,-12,-1,None
0,-5,0,-4,30,19,-2,-2,-2,1,12,9,8,-12,-1,None
0,3,6,-2,-6,-3,-1,0,-2,1,12,9,8,-12,-1,None
0,-5,7,1,0,-5,-1,-3,-2,1,12,9,8,-12,-1,None
0,-2,-5,-4,6,1,2,-1,-1,1,12,9,8,-12,-1,None
0,-2,-5,-4,6,1,2,-1,-1,1,12,9,8,-12,-1,None
0,-2,-5,-4,6,1,2,-1,-1,1,12,9,8,-12,-1,None
0,4,7,3,5,-6,-1,-1,1,1,12,9,8,-12,-1,None
0,1,9,1,4,11,0,-2,-1,1,12,9,8,-12,-1,None
0,-5,-3,-2,4,5,-3,-3,-3,1,12,9,8,-12,-1,None
0,-1,1,-3,-8,0,-2,0,-1,1,12,9,8,-12,-1,None
0,-1,1,-3,-8,0,-2,0,-1,1,12,9,8,-12,-1,None
0,-1,1,-3,-8,0,-2,0,-1,1,12,9,8,-12,-1,None
0,-2,1,0,5,2,0,-1,-2,1,12,9,8,-12,-1,None
0,0,2,-1,2,-9,0,0,-2,1,12,9,8,-12,-1,None
0,-9,-2,-2,-1,8,-2,-1,0,1,12,9,8,-12,-1,None
0,7,-15,-5,4,12,0,-3,-2,1,12,9,8,-12,-1,None
0,7,-15,-5,4,12,0,-3,-2,1,12,9,8,-12,-1,None
0,7,-15,-5,4,12,0,-3,-2,1,12,9,8,-12,-1,None
0,1,10,3,8,9,0,-1,-1,1,12,9,8,-12,-1,None
0,-4,1,-1,-9,6,2,-1,0,1,12,9,8,-12,-1,None
0,-3,-10,1,29,6,0,-1,-3,1,12,9,8,-12,-1,None
0,-2,-1,-7,-55,-7,-3,-2,-3,1,12,9,8,-12,-1,None
0,-2,-1,-7,-55,-7,-3,-2,-3,1,12,9,8,-12,-1,None
0,-2,-1,-7,-55,-7,-3,-2,-3,1,12,9,8,-12,-1,None
0,-1,-2,-1,0,-3,-1,-2,0,1,12,9,8,-12,-1,None
0,2,2,0,9,-4,-1,-1,-2,1,12,9,8,-12,-1,None
0,-1,3,-2,5,3,-1,-2,-1,1,12,9,8,-12,-1,None
0,-2,5,0,12,-1,-1,-1,0,1,12,9,8,-12,-1,None
0,-2,5,0,12,-1,-1,-1,0,1,12,9,8,-12,-1,None
0,-2,5,0,12,-1,-1,-1,0,1,12,9,8,-12,-1,None
0,-3,-1,2,8,-5,-1,-1,1,1,12,9,8,-12,-1,None
0,4,5,-3,-13,-9,-3,-2,0,1,12,9,8,-12,-1,None
0,-2,8,-2,-7,-9,-1,0,-1,1,12,9,8,-12,-1,None
0,5,31,2,22,8,-1,-3,-2,1,12,9,8,-12,-1,None
0,5,31,2,22,8,-1,-3,-2,1,12,9,8,-12,-1,None
0,5,31,2,22,8,-1,-3,-2,1,12,9,8,-12,-1,None
0,-4,-34,-6,-26,-6,-1,-1,-2,1,12,9,8,-12,-1,None
0,0,-1,-2,-2,0,-2,-1,-1,1,12,9,8,-12,-1,None
0,-3,-2,-3,-3,0,-2,-3,-2,1,12,9,8,-12,-1,None
0,-2,1,-1,2,-2,-1,-1,-1,1,12,9,8,-12,-1,None
0,-2,1,-1,2,-2,-1,-1,-1,1,12,9,8,-12,-1,None
0,-2,1,-1,2,-2,-1,-1,-1,1,12,9,8,-12,-1,None
0,1,9,0,13,1,-2,-1,-2,1,12,9,8,-12,-1,None
0,-2,2,-3,0,0,-1,-2,-1,1,12,9,8,-12,-1,None
0,4,0,-2,-8,0,-1,-2,-1,1,12,9,8,-12,-1,None
0,-20,-11,-3,11,1,-2,-3,-4,1,12,9,8,-12,-1,None
0,-20,-11,-3,11,1,-2,-3,-4,1,12,9,8,-12,-1,None
0,-20,-11,-3,11,1,-2,-3,-4,1,12,9,8,-11,-1,None
0,1,12,1,-11,0,-1,-2,-1,1,12,9,8,-11,-1,None
0,-3,-5,0,23,10,2,0,-2,1,12,9,8,-11,-1,None
0,1,1,-2,-16,8,-5,-4,-2,1,12,9,8,-11,-1,None
0,1,-6,-3,0,2,0,0,1,1,12,9,8,-11,-1,None
0,1,-6,-3,0,2,0,0,1,1,12,9,8,-11,-1,None
0,1,-6,-3,0,2,0,0,1,1,12,9,8,-11,-1,None
0,-2,1,-3,-1,-5,-1,0,0,1,12,9,8,-11,-1,None
0,0,5,1,-2,-3,-1,-1,-1,1,12,9,8,-11,-1,None
0,1,3,-2,2,-3,0,0,-1,1,12,9,8,-11,-1,None
0,0,-4,-2,-2,-3,-2,0,0,1,12,9,8,-11,-1,None
0,0,-4,-2,-2,-3,-2,0,0,1,12,9,8,-11,-1,None
0,0,-4,-2,-2,-3,-2,0,0,1,12,9,8,-12,-1,None
0,1,2,-1,1,4,-1,-2,-2,1,12,9,8,-12,-1,None
0,1,3,-3,-9,-1,-1,0,-1,1,12,9,8,-12,-1,None
0,-2,1,3,33,6,0,-1,-1,1,12,9,8,-12,-1,None
0,-1,-4,-7,-26,-13,-4,-3,-2,1,12,9,8,-12,-1,None
0,-1,-4,-7,-26,-13,-4,-3,-2,1,12,9,8,-12,-1,None
0,-1,-4,-7,-26,-13,-4,-3,-2,1,12,9,8,-12,-1,None
0,-4,1,-11,-42,-8,-4,-2,-2,1,12,9,8,-12,-1,None
0,-1,-1,1,23,5,-3,-3,0,1,12,9,8,-12,-1,None
0,-4,-1,-2,-7,-5,0,-2,-3,1,12,9,8,-12,-1,None
0,1,1,3,33,11,2,-2,-1,1,12,9,8,-12,-1,None
0,1,1,3,33,11,2,-2,-1,1,12,9,8,-12,-1,None
0,1,1,3,33,11,2,-2,-1,1,12,9,8,-12,-1,None
0,1,3,0,16,1,-1,-1,-1,1,12,9,8,-12,-1,None
0,-4,2,-4,-19,-5,-1,-1,0,1,12,9,8,-12,-1,None
0,-5,1,0,1,2,-1,-1,-1,1,12,9,8,-12,-1,None
0,3,22,-4,-7,8,-2,-2,-2,1,12,9,8,-12,-1,None
0,3,22,-4,-7,8,-2,-2,-2,1,12,9,8,-12,-1,None
0,3,22,-4,-7,8,-2,-2,-2,1,12,9,8,-12,-1,None
0,-2,9,-1,-17,-11,-1,-1,-2,1,12,9,8,-12,-1,None
0,-3,-24,-3,4,11,-2,-2,-2,1,12,9,8,-12,-1,None
0,-1,-1,0,7,-3,0,-1,1,1,12,9,8,-12,-1,None
0,-3,-2,-2,1,6,1,-2,-3,1,12,9,8,-12,-1,None
0,-3,-2,-2,1,6,1,-2,-3,1,12,9,8,-12,-1,None
0,-3,-2,-2,1,6,1,-2,-3,1,12,9,8,-12,-1,None
0,-1,6,-1,10,5,1,-1,0,1,12,9,8,-12,-1,None
0,0,4,-2,0,-4,0,-2,-2,1,12,9,8,-12,-1,None
0,1,5,-3,-10,-1,-2,-1,-2,1,12,9,8,-12,-1,None
0,-1,-8,-2,-5,-2,-2,0,-1,1,12,9,8,-12,-1,None
0,-1,-8,-2,-5,-2,-2,0,-1,1,12,9,8,-12,-1,None
0,-1,-8,-2,-5,-2,-2,0,-1,1,12,9,8,-12,-1,None
0,-7,-8,-1,13,6,-1,-1,0,1,12,9,8,-12,-1,None
0,5,25,4,9,-3,0,0,0,1,12,9,8,-12,-1,None
0,-2,3,-2,-32,5,0,-1,-1,1,12,9,8,-12,-1,None
0,0,-3,-5,-15,7,-2,-1,-1,1,12,9,8,-12,-1,None
0,0,-3,-5,-15,7,-2,-1,-1,1,12,9,8,-12,-1,None
0,0,-3,-5,-15,7,-2,-1,-1,1,12,9,8,-12,-1,None
0,-3,-5,-2,4,-10,-1,-1,-2,1,12,9,8,-12,-1,None
0,-3,7,-2,5,-2,-1,-2,-3,1,12,9,8,-12,-1,None
0,-2,3,-4,5,6,0,-2,-1,1,12,9,8,-12,-1,None
0,-1,-3,2,0,-4,0,1,0,1,12,9,8,-12,-1,None
0,-1,-3,2,0,-4,0,1,0,1,12,9,8,-12,-1,None
0,-1,-3,2,0,-4,0,1,0,1,12,9,8,-12,-1,None
0,4,5,1,9,5,-1,0,-1,1,12,9,8,-12,-1,None
0,-1,-4,-5,-12,-1,-2,-2,-1,1,12,9,8,-12,-1,None
0,-1,-3,-3,-6,-6,-1,-1,-3,1,12,9,8,-12,-1,None
0,6,17,-1,10,-1,1,0,0,1,12,9,8,-12,-1,None
0,6,17,-1,10,-1,1,0,0,1,12,9,8,-12,-1,None
0,6,17,-1,10,-1,1,0,0,1,12,9,8,-12,-1,None
0,5,-29,1,35,3,-2,-3,-4,1,12,9,8,-12,-1,None
0,0,1,-4,-49,-2,-2,-1,-1,1,12,9,8,-12,-1,None
0,-4,-5,-3,8,-1,-1,-2,-2,1,12,9,8,-12,-1,None
0,-2,6,1,13,-1,-1,-1,-2,1,12,9,8,-12,-1,None
0,-2,6,1,13,-1,-1,-1,-2,1,12,9,8,-12,-1,None
0,-2,6,1,13,-1,-1,-1,-2,1,12,9,8,-12,-1,None
0,-2,7,0,3,5,-1,-1,-1,1,12,9,8,-12,-1,None
0,-1,-2,-1,11,1,-1,0,-1,1,12,9,8,-12,-1,None
0,0,0,-1,0,-1,0,-1,0,1,12,9,8,-12,-1,None
0,-3,-9,-4,-8,-2,-2,-2,-2,1,12,9,8,-12,-1,None
0,-3,-9,-4,-8,-2,-2,-2,-2,1,12,9,8,-12,-1,None
0,-3,-9,-4,-8,-2,-2,-2,-2,1,12,9,8,-12,-1,None
0,1,6,-1,0,-2,1,0,-1,1,12,9,8,-12,-1,None
0,-6,1,5,17,3,0,0,-2,1,12,9,8,-12,-1,None
0,3,-22,-8,-9,-9,-5,0,-1,1,12,9,8,-12,-1,None
0,-4,-6,-3,4,20,-1,-4,-4,1,12,9,8,-12,-1,None
0,-4,-6,-3,4,20,-1,-4,-4,1,12,9,8,-12,-1,None
0,-4,-6,-3,4,20,-1,-4,-4,1,12,9,8,-12,-1,None
0,-2,15,-5,-37,-1,-2,-1,-2,1,12,9,8,-12,-1,None
0,-4,-34,-4,3,3,0,-1,-1,1,12,9,8,-12,-1,None
0,-1,8,-2,1,-4,0,0,-2,1,12,9,8,-12,-1,None
0,0,-3,1,6,-9,-2,1,0,1,12,9,8,-12,-1,None
0,0,-3,1,6,-9,-2,1,0,1,12,9,8,-12,-1,None
0,0,-3,1,6,-9,-2,1,0,1,12,9,8,-12,-1,None
0,0,0,-5,4,4,-2,-2,0,1,12,9,8,-12,-1,None
0,0,5,-6,-7,-1,0,-3,-2,1,12,9,8,-12,-1,None
0,-1,4,0,4,0,-2,-1,0,1,12,9,8,-12,-1,None
0,-3,-11,-4,-7,-3,-1,-2,-3,1,12,9,8,-12,-1,None
0,-3,-11,-4,-7,-3,-1,-2,-3,1,12,9,8,-12,-1,None
0,-3,-11,-4,-7,-3,-1,-2,-3,1,12,9,8,-12,-1,None
0,-8,15,-2,3,3,1,0,1,1,12,9,8,-12,-1,None
0,7,-15,-4,3,-3,-2,-2,-3,1,12,9,8,-12,-1,None
0,-1,-9,-1,-2,-1,-1,0,-1,1,12,9,8,-12,-1,None
0,-3,11,1,14,14,-1,-4,-1,1,12,9,8,-12,-1,None
0,-3,11,1,14,14,-1,-4,-1,1,12,9,8,-12,-1,None
0,-3,11,1,14,14,-1,-4,-1,1,12,9,8,-12,-1,None
0,-4,0,-1,-1,2,-1,-2,-2,1,12,9,8,-12,-1,None
0,-2,7,-3,-3,-1,-2,-1,-1,1,12,9,8,-12,-1,None
0,1,2,-1,-8,1,0,-2,-2,1,12,9,8,-12,-1,None
0,1,-4,-1,-9,-11,-1,-1,1,1,12,9,8,-12,-1,None
0,1,-4,-1,-9,-11,-1,-1,1,1,12,9,8,-12,-1,None
0,1,-4,-1,-9,-11,-1,-1,1,1,12,9,8,-12,-1,None
0,1,-9,-2,6,-1,-2,-1,0,1,12,9,8,-12,-1,None
0,-1,6,-4,2,4,0,0,-1,1,12,9,8,-12,-1,None
0,-2,8,2,0,3,-1,-2,-1,1,12,9,8,-12,-1,None
0,-3,1,-2,-3,-7,-2,0,-1,1,12,9,8,-12,-1,None
0,-3,1,-2,-3,-7,-2,0,-1,1,12,9,8,-12,-1,None
0,-3,1,-2,-3,-7,-2,0,-1,1,12,9,8,-12,-1,None
0,-1,-4,-1,3,5,0,-1,-1,1,12,9,8,-12,-1,None
0,0,8,-2,-2,-3,0,-1,-2,1,12,9,8,-12,-1,None
0,-4,6,-4,3,2,-1,-1,-1,1,12,9,8,-12,-1,None
0,-2,-4,-2,-2,-4,0,-1,-1,1,12,9,8,-12,-1,None
0,-2,-4,-2,-2,-4,0,-1,-1,1,12,9,8,-12,-1,None
0,-2,-4,-2,-2,-4,0,-1,-1,1,12,9,8,-12,-1,None
0,7,27,-1,6,0,0,-1,-3,1,12,9,8,-12,-1,None
0,-8,-33,1,3,0,-1,-1,-1,1,12,9,8,-12,-1,None
0,-1,-2,-4,-11,7,-2,-2,-2,1,12,9,8,-12,-1,None
0,-2,-7,-2,-8,7,1,-1,-1,1,12,9,8,-12,-1,None
0,-2,-7,-2,-8,7,1,-1,-1,1,12,9,8,-12,-1,None
0,-2,-7,-2,-8,7,1,-1,-1,1,12,9,8,-12,-1,None
0,-1,6,-2,-1,-9,-2,-2,-3,1,12,9,8,-12,-1,None
0,-1,15,0,5,7,0,-2,-1,1,12,9,8,-12,-1,None
0,-2,0,-2,2,0,1,-2,-1,1,12,9,8,-12,-1,None
0,4,-1,-1,-1,-4,-1,0,0,1,12,9,8,-12,-1,None
0,4,-1,-1,-1,-4,-1,0,0,1,12,9,8,-12,-1,None
0,4,-1,-1,-1,-4,-1,0,0,1,12,9,8,-12,-1,None
0,-4,-11,0,-1,0,0,-1,-1,1,12,9,8,-12,-1,None
0,1,14,0,1,-4,-1,-1,-3,1,12,9,8,-12,-1,None
0,1,-4,-1,-3,9,1,-2,-3,1,12,9,8,-12,-1,None
0,-2,-1,-6,1,-5,-2,-3,-2,1,12,9,8,-12,-1,None
0,-2,-1,-6,1,-5,-2,-3,-2,1,12,9,8,-12,-1,None
0,-2,-1,-6,1,-5,-2,-3,-2,1,12,9,8,-12,-1,None
0,-1,-9,-4,-4,0,-4,-1,-1,1,12,9,8,-12,-1,None
