0,-1,-1,0,8,-1,-49,-16,1,1,12,9,9,-15,-4,None
0,1,4,8,17,10,93,22,-8,1,12,9,9,-15,-4,None
0,2,1,-6,-1,2,15,18,19,1,12,9,9,-15,-4,None
0,2,1,-6,-1,2,15,18,19,1,12,9,9,-15,-4,None
0,2,1,-6,-1,2,15,18,19,1,12,9,7,-16,-4,None
0,1,3,1,-12,-1,-21,-73,7,1,12,9,7,-16,-4,None
0,2,1,-2,-10,-4,-48,52,4,1,12,9,7,-16,-4,None
0,-6,1,5,2,6,44,23,-9,1,12,9,7,-16,-4,None
0,0,-2,-8,-4,0,-2,-12,-3,1,12,9,7,-16,-4,None
0,0,-2,-8,-4,0,-2,-12,-3,1,12,9,7,-16,-4,None
0,0,-2,-8,-4,0,-2,-12,-3,1,12,9,6,-16,-4,None
0,-3,0,0,-5,1,2,8,-18,1,12,9,6,-16,-4,None
0,-2,2,10,-30,-3,5,-113,7,1,12,9,6,-16,-4,None
0,-3,-1,-8,-2,-10,-81,119,12,1,12,9,6,-16,-4,None
0,-1,2,8,3,2,66,-28,-9,1,12,9,6,-16,-4,None
0,-1,2,8,3,2,66,-28,-9,0,12,9,6,-16,-4,None
0,-1,2,8,3,2,66,-28,-9,0,12,9,4,-16,-4,None
0,-6,1,-5,-16,-11,-50,-9,-16,0,12,9,4,-16,-4,None
0,-3,1,5,2,21,65,24,4,0,12,9,4,-16,-4,None
0,1,1,-10,7,0,-7,-14,-4,0,12,9,4,-16,-4,None
0,-6,-2,2,-13,-7,-37,-29,-19,0,12,9,4,-16,-4,None
0,-6,-2,2,-13,-7,-37,-29,-19,0,12,9,4,-16,-4,None
0,-6,-2,2,-13,-7,-37,-29,-19,0,12,9,3,-15,-4,None
0,0,0,-9,-31,-6,18,-3,-2,0,12,9,3,-15,-4,None
0,-3,3,9,-6,-6,-22,36,10,0,12,9,3,-15,-4,None
0,-2,1,-2,2,-6,16,-16,-5,0,12,9,3,-15,-4,None
0,-3,0,-3,6,1,-20,-1,-1,0,12,9,3,-15,-4,None
0,-3,0,-3,6,1,-20,-1,-1,0,12,9,3,-15,-4,None
0,-3,0,-3,6,1,-20,-1,-1,0,12,9,1,-15,-4,None
0,-1,2,6,-32,-4,-2,-19,16,0,12,9,1,-15,-4,None
0,-6,0,-3,1,2,18,-26,-20,0,12,9,1,-15,-4,None
0,1,3,0,-4,4,-64,44,5,0,12,9,1,-15,-4,None
0,1,7,8,6,5,55,-30,0,0,12,9,1,-15,-4,None
0,1,7,8,6,5,55,-30,0,0,12,9,1,-15,-4,None
0,1,7,8,6,5,55,-30,0,0,12,9,0,-15,-4,None
0,1,-2,-1,17,5,-3,27,-2,0,12,9,0,-15,-4,None
0,-5,-10,-7,-13,-12,8,10,-1,0,12,9,0,-15,-4,None
0,2,2,-6,5,-4,-9,-36,-2,0,12,9,0,-15,-4,None
0,-4,0,5,3,4,-48,-12,-10,0,12,9,0,-15,-4,None
0,-4,0,5,3,4,-48,-12,-10,0,12,9,0,-15,-4,None
0,-4,0,5,3,4,-48,-12,-10,0,12,9,0,-14,-4,None
0,4,0,-7,14,6,37,26,15,0,12,9,0,-14,-4,None
0,-3,3,0,6,3,6,10,-7,0,12,9,0,-14,-4,None
0,-4,-2,9,-11,-4,13,-37,-12,0,12,9,0,-14,-4,None
0,1,-2,-7,-4,0,-30,5,0,0,12,9,0,-14,-4,None
0,1,-2,-7,-4,0,-30,5,0,0,12,8,0,-14,-4,None
0,1,-2,-7,-4,0,-30,5,0,0,12,8,-1,-13,-3,None
0,0,6,-5,9,3,-5,-12,10,0,12,8,-1,-13,-3,None
0,1,-1,-13,10,9,24,20,-3,0,12,8,-1,-13,-3,None
0,2,1,2,-6,-10,1,8,1,0,12,8,-1,-13,-3,None
0,-2,2,4,-6,-3,-2,-9,1,0,12,8,-1,-13,-3,None
0,-2,2,4,-6,-3,-2,-9,1,17,12,8,-1,-13,-3,None
0,-2,2,4,-6,-3,-2,-9,1,17,12,8,0,-11,-3,None
0,-2,0,0,9,11,-6,-2,-12,17,12,8,0,-11,-3,None
0,0,3,-5,5,5,12,-22,-19,17,12,8,0,-11,-3,None
0,-2,-2,-2,7,-16,-25,21,14,17,12,8,0,-11,-3,None
0,1,-1,-10,2,-1,4,0,13,17,12,8,0,-11,-3,None
0,1,-1,-10,2,-1,4,0,13,17,12,8,0,-11,-3,None
0,1,-1,-10,2,-1,4,0,13,17,12,8,-1,-12,-3,None
0,-3,-2,-6,-3,-9,-7,-2,-9,17,12,8,-1,-12,-3,None
0,3,3,7,-29,12,13,10,14,17,12,8,-1,-12,-3,None
0,-4,-2,-11,4,7,5,-27,-14,17,12,8,-1,-12,-3,None
0,-3,-1,-9,-10,-8,-14,-7,-51,17,12,8,-1,-12,-3,None
0,-3,-1,-9,-10,-8,-14,-7,-51,17,12,8,-1,-12,-3,None
0,-3,-1,-9,-10,-8,-14,-7,-51,17,12,8,-1,-13,-3,None
0,2,2,4,-5,1,5,10,33,17,12,8,-1,-13,-3,None
0,1,4,-1,16,-1,-1,24,-4,17,12,8,-1,-13,-3,None
0,-4,-1,1,8,-1,-4,-18,16,17,12,8,-1,-13,-3,None
0,-2,1,11,10,-5,-12,-9,20,17,12,8,-1,-13,-3,None
0,-2,1,11,10,-5,-12,-9,20,17,12,8,-1,-13,-3,None
0,-2,1,11,10,-5,-12,-9,20,17,12,8,-2,-13,-3,None
0,2,-1,-2,-12,-10,7,19,4,17,12,8,-2,-13,-3,None
0,1,-1,-15,-28,-6,-7,2,18,17,12,8,-2,-13,-3,None
0,-1,2,3,11,16,10,-24,-49,17,12,8,-2,-13,-3,None
0,0,-4,-12,39,5,-1,17,-12,17,12,8,-2,-13,-3,None
0,0,-4,-12,39,5,-1,17,-12,17,12,8,-2,-13,-3,None
0,0,-4,-12,39,5,-1,17,-12,17,12,8,-2,-13,-3,None
0,-4,5,-10,0,4,-5,-10,38,17,12,8,-2,-13,-3,None
0,-2,-5,2,-10,-22,-11,-6,2,17,12,8,-2,-13,-3,None
0,-2,1,3,13,12,-3,-13,-22,17,12,8,-2,-13,-3,None
0,-5,4,-6,-20,-4,-1,-24,12,17,12,8,-2,-13,-3,None
0,-5,4,-6,-20,-4,-1,-24,12,17,12,8,-2,-13,-3,None
0,-5,4,-6,-20,-4,-1,-24,12,17,12,8,-2,-12,-3,None
0,0,11,-4,-26,1,3,23,-8,17,12,8,-2,-12,-3,None
0,-5,-7,-7,38,3,-12,-17,-28,17,12,8,-2,-12,-3,None
0,12,-6,-7,-31,-4,3,-18,37,17,12,8,-2,-12,-3,None
0,-13,5,0,12,-4,-5,1,-60,17,12,8,-2,-12,-3,None
0,-13,5,0,12,-4,-5,1,-60,17,12,8,-2,-12,-3,None
0,-13,5,0,12,-4,-5,1,-60,17,12,8,-2,-11,-3,None
0,1,1,14,-47,-20,-7,-21,-48,17,12,8,-2,-11,-3,None
0,4,6,-10,-6,9,8,31,98,17,12,8,-2,-11,-3,None
0,5,1,3,5,-3,-3,-34,-60,17,12,8,-2,-11,-3,None
0,3,-11,-22,-68,-11,4,53,84,17,12,8,-2,-11,-3,None
0,3,-11,-22,-68,-11,4,53,84,16,12,7,-2,-11,-3,None
0,3,-11,-22,-68,-11,4,53,84,16,12,7,-3,-12,-3,None
0,-5,-1,0,38,7,-9,-11,-23,16,12,7,-3,-12,-3,None
0,1,-4,-3,5,4,8,30,-24,16,12,7,-3,-12,-3,None
0,-3,-2,-15,-2,-6,-2,14,24,16,12,7,-3,-12,-3,None
0,6,9,0,10,5,2,-32,22,16,12,7,-3,-12,-3,None
0,6,9,0,10,5,2,-32,22,16,12,7,-3,-12,-3,None
0,6,9,0,10,5,2,-32,22,16,12,7,-3,-12,-3,None
0,-25,-27,-17,13,11,5,-2,-30,16,12,7,-3,-12,-3,None
0,-3,9,-11,0,-2,-1,-18,-9,16,12,7,-3,-12,-3,None
0,4,20,-1,9,4,2,26,41,16,12,7,-3,-12,-3,None
0,-12,-6,-8,10,-2,-2,3,-77,16,12,7,-3,-12,-3,None
0,-12,-6,-8,10,-2,-2,3,-77,16,12,7,-3,-12,-3,None
0,-12,-6,-8,10,-2,-2,3,-77,16,12,7,-3,-12,-2,None
0,4,-6,-3,6,7,2,-21,37,16,12,7,-3,-12,-2,None
0,-7,2,-1,3,-5,-3,-2,-17,16,12,7,-3,-12,-2,None
0,-3,3,3,-23,-3,-4,-10,-6,16,12,7,-3,-12,-2,None
0,-2,-5,6,-1,6,0,-6,-26,16,12,7,-3,-12,-2,None
0,-2,-5,6,-1,6,0,-6,-26,16,12,7,-3,-12,-2,None
0,-2,-5,6,-1,6,0,-6,-26,16,12,7,0,-14,-1,None
0,8,4,10,2,12,18,-1,-10,16,12,7,0,-14,-1,None
0,-3,5,12,-2,-7,-8,-8,-23,16,12,7,0,-14,-1,None
0,-3,-1,24,-5,4,-2,4,-21,16,12,7,0,-14,-1,None
0,7,7,27,1,1,2,25,7,16,12,7,0,-14,-1,None
0,7,7,27,1,1,2,25,7,16,12,7,0,-14,-1,None
0,7,7,27,1,1,2,25,7,16,12,7,-1,-14,-1,None
0,-2,2,-3,4,1,-4,-17,-39,16,12,7,-1,-14,-1,None
0,3,-3,-1,-1,5,10,13,43,16,12,7,-1,-14,-1,None
0,-5,-1,-11,-3,-8,-10,-14,-1,16,12,7,-1,-14,-1,None
0,4,-4,-6,-4,3,8,24,35,16,12,7,-1,-14,-1,None
0,4,-4,-6,-4,3,8,24,35,16,12,7,-1,-14,-1,None
0,4,-4,-6,-4,3,8,24,35,16,12,7,-4,-14,-4,None
0,1,12,-8,-3,-12,-16,-2,4,16,12,7,-4,-14,-4,None
0,-3,-2,-8,12,-1,-7,-13,5,16,12,7,-4,-14,-4,None
0,-2,-23,-18,-23,-5,0,-16,-19,16,12,7,-4,-14,-4,None
0,-4,18,-2,-7,-2,-7,-16,-54,16,12,7,-4,-14,-4,None
0,-4,18,-2,-7,-2,-7,-16,-54,16,12,7,-4,-14,-4,None
0,-4,18,-2,-7,-2,-7,-16,-54,16,12,7,-5,-13,-5,None
0,-11,8,2,16,5,2,37,27,16,12,7,-5,-13,-5,None
0,0,-7,-5,-18,4,3,1,0,16,12,7,-5,-13,-5,None
0,-5,4,-6,6,5,0,-14,-32,16,12,7,-5,-13,-5,None
0,6,-2,6,5,0,-3,-14,50,16,12,7,-5,-13,-5,None
0,6,-2,6,5,0,-3,-14,50,16,12,7,-5,-13,-5,None
0,6,-2,6,5,0,-3,-14,50,16,12,7,-5,-11,-5,None
0,7,-1,3,14,-3,-5,-10,-29,16,12,7,-5,-11,-5,None
0,-8,-2,0,19,5,-1,-12,44,16,12,7,-5,-11,-5,None
0,-7,0,0,18,7,6,26,-17,16,12,7,-5,-11,-5,None
0,-4,-1,-9,0,-1,-4,-18,-19,16,12,7,-5,-11,-5,None
0,-4,-1,-9,0,-1,-4,-18,-19,16,12,7,-5,-11,-5,None
0,-4,-1,-9,0,-1,-4,-18,-19,16,12,7,-4,-13,-4,None
0,4,0,-9,0,1,-1,6,13,16,12,7,-4,-13,-4,None
0,2,0,-4,4,-7,-6,-4,-21,16,12,7,-4,-13,-4,None
0,-1,-1,-8,-6,-3,2,5,19,16,12,7,-4,-13,-4,None
0,-5,-9,-11,18,2,-6,-7,10,16,12,7,-4,-13,-4,None
0,-5,-9,-11,18,2,-6,-7,10,16,12,7,-4,-13,-4,None
0,-5,-9,-11,18,2,-6,-7,10,16,12,7,-4,-13,-4,None
0,2,-1,3,-7,-7,-6,-20,26,16,12,7,-4,-13,-4,None
0,-1,-1,-1,5,1,-3,-41,-26,16,12,7,-4,-13,-4,None
0,4,4,-2,11,12,14,58,38,16,12,7,-4,-13,-4,None
0,0,-10,-3,-5,-2,2,-2,-6,16,12,7,-4,-13,-4,None
0,0,-10,-3,-5,-2,2,-2,-6,16,12,7,-4,-13,-4,None
0,0,-10,-3,-5,-2,2,-2,-6,16,12,7,-4,-12,-4,None
0,-2,-2,-2,4,-3,-8,9,9,16,12,7,-4,-12,-4,None
0,2,-2,5,4,-8,-11,-44,-83,16,12,7,-4,-12,-4,None
0,4,14,-1,-3,4,6,-6,43,16,12,7,-4,-12,-4,None
0,2,1,-4,9,2,3,22,23,16,12,7,-4,-12,-4,None
0,2,1,-4,9,2,3,22,23,16,12,7,-4,-12,-4,None
0,2,1,-4,9,2,3,22,23,16,12,7,-4,-12,-4,None
0,-3,-1,-1,-8,-1,-2,4,-22,16,12,7,-4,-12,-4,None
0,0,4,-11,1,-4,-1,15,1,16,12,7,-4,-12,-4,None
0,12,25,-2,0,-4,-6,-24,-23,16,12,7,-4,-12,-4,None
0,-13,-15,4,8,-5,-11,-6,-9,16,12,7,-4,-12,-4,None
0,-13,-15,4,8,-5,-11,-6,-9,16,12,7,-4,-12,-4,None
0,-13,-15,4,8,-5,-11,-6,-9,16,12,7,-4,-12,-4,None
0,-2,-7,-5,-9,13,16,-9,15,16,12,7,-4,-12,-4,None
0,3,11,1,3,2,1,4,27,16,12,7,-4,-12,-4,None
0,-2,0,0,-14,-9,-10,16,55,16,12,7,-4,-12,-4,None
0,0,3,-3,5,3,0,-7,-18,16,12,7,-4,-12,-4,None
0,0,3,-3,5,3,0,-7,-18,16,12,7,-4,-12,-4,None
0,0,3,-3,5,3,0,-7,-18,16,12,7,-4,-13,-4,None
0,0,2,-8,-19,-9,-10,-11,63,16,12,7,-4,-13,-4,None
0,-3,-6,-2,-3,12,8,11,-27,16,12,7,-4,-13,-4,None
0,-6,-9,-1,7,4,3,5,-2,16,12,7,-4,-13,-4,None
0,2,3,9,-15,-4,-6,-4,5,16,12,7,-4,-13,-4,None
0,2,3,9,-15,-4,-6,-4,5,16,12,7,-4,-13,-4,None
0,2,3,9,-15,-4,-6,-4,5,16,12,7,-4,-13,-3,None
0,-4,-4,4,10,5,-3,-20,-26,16,12,7,-4,-13,-3,None
0,1,1,-4,-6,-4,0,27,-9,16,12,7,-4,-13,-3,None
0,-9,-9,-4,10,-1,-5,-12,-10,16,12,7,-4,-13,-3,None
0,0,7,2,-11,0,1,-4,-10,16,12,7,-4,-13,-3,None
0,0,7,2,-11,0,1,-4,-10,16,12,7,-4,-13,-3,None
0,0,7,2,-11,0,1,-4,-10,16,12,7,-4,-13,-3,None
0,7,5,2,17,6,9,34,4,16,12,7,-4,-13,-3,None
0,-2,2,4,1,-5,-10,-36,6,16,12,7,-4,-13,-3,None
0,0,-4,-12,-42,-4,0,48,-11,16,12,7,-4,-13,-3,None
0,0,0,-2,-19,-5,-4,-4,10,16,12,7,-4,-13,-3,None
0,0,0,-2,-19,-5,-4,-4,10,16,12,7,-4,-13,-3,None
0,0,0,-2,-19,-5,-4,-4,10,16,12,7,-4,-13,-3,None
0,1,-1,-5,3,8,6,5,-10,16,12,7,-4,-13,-3,None
0,-2,-2,0,-2,-2,0,7,33,16,12,7,-4,-13,-3,None
0,-9,-6,-4,22,-7,-12,-38,-32,16,12,7,-4,-13,-3,None
0,2,2,-8,-17,7,10,8,6,16,12,7,-4,-13,-3,None
0,2,2,-8,-17,7,10,8,6,16,12,7,-4,-13,-3,None
0,2,2,-8,-17,7,10,8,6,16,12,7,-4,-13,-3,None
0,1,0,-4,-18,-5,-6,1,-2,16,12,7,-4,-13,-3,None
0,-3,-1,-4,-1,3,-3,-1,-14,16,12,7,-4,-13,-3,None
0,-1,1,6,15,0,0,-11,-14,16,12,7,-4,-13,-3,None
0,-1,4,-6,-5,2,-1,2,9,16,12,7,-4,-13,-3,None
0,-1,4,-6,-5,2,-1,2,9,16,12,7,-4,-13,-3,None
0,-1,4,-6,-5,2,-1,2,9,16,12,7,-4,-13,-3,None
0,-4,1,0,25,0,-5,-11,-23,16,12,7,-4,-13,-3,None
0,1,0,1,2,7,3,8,1,16,12,7,-4,-13,-3,None
0,-3,-2,-2,-42,-8,4,-4,-4,16,12,7,-4,-13,-3,None
0,1,-2,-8,-1,-5,-4,-7,1,16,12,7,-4,-13,-3,None
0,1,-2,-8,-1,-5,-4,-7,1,16,12,7,-4,-13,-3,None
0,1,-2,-8,-1,-5,-4,-7,1,16,12,7,-4,-13,-3,None
0,-1,-1,3,-2,-5,-11,-3,-1,16,12,7,-4,-13,-3,None
0,-1,2,0,-48,-8,-5,4,-11,16,12,7,-4,-13,-3,None
0,-5,-4,7,43,24,15,0,5,16,12,7,-4,-13,-3,None
0,2,1,-8,-8,8,5,-5,2,16,12,7,-4,-13,-3,None
0,2,1,-8,-8,8,5,-5,2,16,12,7,-4,-13,-3,None
0,2,1,-8,-8,8,5,-5,2,16,12,7,-4,-14,-3,None
0,-1,4,6,-25,-22,-11,-7,-12,16,12,7,-4,-14,-3,None
0,0,0,-1,37,22,3,7,1,16,12,7,-4,-14,-3,None
0,2,1,-5,-43,-19,-11,-6,-3,16,12,7,-4,-14,-3,None
0,-5,-3,4,10,36,-3,-4,-3,16,12,7,-4,-14,-3,None
0,-5,-3,4,10,36,-3,-4,-3,16,12,7,-4,-14,-3,None
0,-5,-3,4,10,36,-3,-4,-3,16,12,7,-4,-14,-2,None
0,1,1,0,28,1,17,0,-6,16,12,7,-4,-14,-2,None
0,0,1,-5,-10,-8,-21,-2,-4,16,12,7,-4,-14,-2,None
0,-1,2,5,5,5,53,4,4,16,12,7,-4,-14,-2,None
0,-2,1,0,12,-1,-8,-7,-2,16,12,7,-4,-14,-2,None
0,-2,1,0,12,-1,-8,-7,-2,16,12,7,-4,-14,-2,None
0,-2,1,0,12,-1,-8,-7,-2,16,12,7,-4,-14,-2,None
0,-2,1,0,-22,-10,-9,2,-1,16,12,7,-4,-14,-2,None
0,-2,2,2,6,-12,-13,-4,-8,16,12,7,-4,-14,-2,None
0,-2,-1,-4,1,7,-19,-7,-7,16,12,7,-4,-14,-2,None
0,1,1,-3,-3,-18,0,-4,2,16,12,7,-4,-14,-2,None
0,1,1,-3,-3,-18,0,-4,2,16,12,7,-4,-14,-2,None
0,1,1,-3,-3,-18,0,-4,2,16,12,7,-4,-14,-1,None
0,-1,0,-1,5,4,5,-1,-5,16,12,7,-4,-14,-1,None
0,0,1,-1,-3,-7,9,2,0,16,12,7,-4,-14,-1,None
0,-1,-3,-4,8,4,-12,-5,-3,16,12,7,-4,-14,-1,None
0,-1,1,0,8,-3,-1,5,1,16,12,7,-4,-14,-1,None
0,-1,1,0,8,-3,-1,5,1,16,12,7,-4,-14,-1,None
0,-1,1,0,8,-3,-1,5,1,16,12,7,-4,-14,-2,None
0,-1,0,-4,-5,2,-3,-6,-3,16,12,7,-4,-14,-2,None
0,-2,-1,-1,2,5,7,1,-2,16,12,7,-4,-14,-2,None
0,-1,1,1,-1,6,-3,-4,1,16,12,7,-4,-14,-2,None
0,0,0,-2,5,-5,-7,-4,-5,16,12,7,-4,-14,-2,None
0,0,0,-2,5,-5,-7,-4,-5,16,12,7,-4,-14,-2,None
0,0,0,-2,5,-5,-7,-4,-5,16,12,7,-4,-14,-2,None
0,-1,0,0,1,-5,-6,-3,-6,16,12,7,-4,-14,-2,None
0,-1,0,-4,-27,-8,12,8,5,16,12,7,-4,-14,-2,None
0,0,2,-3,42,14,-5,-4,-2,16,12,7,-4,-14,-2,None
0,-3,-1,-3,4,1,0,-2,-2,16,12,7,-4,-14,-2,None
0,-3,-1,-3,4,1,0,-2,-2,16,12,7,-4,-14,-2,None
0,-3,-1,-3,4,1,0,-2,-2,16,12,7,-3,-13,-2,None
0,-3,-1,-4,-9,7,0,-3,-4,16,12,7,-3,-13,-2,None
0,-2,0,-4,-9,-12,3,1,2,16,12,7,-3,-13,-2,None
0,-2,-1,-2,-12,-5,-16,-5,-12,16,12,7,-3,-13,-2,None
0,0,1,-1,-1,4,7,-1,-1,16,12,7,-3,-13,-2,None
0,0,1,-1,-1,4,7,-1,-1,17,12,8,-3,-13,-2,None
0,0,1,-1,-1,4,7,-1,-1,17,12,8,-3,-13,-2,None
0,-1,-1,-10,-6,9,3,0,1,17,12,8,-3,-13,-2,None
0,-3,1,-4,10,-13,-4,-2,0,17,12,8,-3,-13,-2,None
0,0,5,-8,-16,8,-3,-3,-11,17,12,8,-3,-13,-2,None
0,-5,-8,-6,13,0,-2,-3,4,17,12,8,-3,-13,-2,None
0,-5,-8,-6,13,0,-2,-3,4,17,12,8,-3,-13,-2,None
0,-5,-8,-6,13,0,-2,-3,4,17,12,8,-3,-12,-3,None
0,-1,2,0,-15,-6,-2,-2,-5,17,12,8,-3,-12,-3,None
0,-3,-1,7,17,21,1,-3,7,17,12,8,-3,-12,-3,None
0,-1,3,1,2,-17,-4,-1,-2,17,12,8,-3,-12,-3,None
0,-1,4,12,10,-8,-2,-2,-7,17,12,8,-3,-12,-3,None
0,-1,4,12,10,-8,-2,-2,-7,17,12,8,-3,-12,-3,None
0,-1,4,12,10,-8,-2,-2,-7,17,12,8,-3,-12,-3,None
0,-2,-2,3,14,6,2,1,3,17,12,8,-3,-12,-3,None
0,1,-1,-1,24,13,2,-1,-2,17,12,8,-3,-12,-3,None
0,-1,-2,-3,-2,-4,-2,-2,8,17,12,8,-3,-12,-3,None
0,0,3,-4,-24,-2,-7,-5,7,17,12,8,-3,-12,-3,None
0,0,3,-4,-24,-2,-7,-5,7,17,12,8,-3,-12,-3,None
0,0,3,-4,-24,-2,-7,-5,7,17,12,8,-3,-12,-3,None
0,-1,0,-2,-20,-4,7,6,-12,17,12,8,-3,-12,-3,None
0,-2,2,-6,-10,-4,1,-4,-3,17,12,8,-3,-12,-3,None
0,-3,-2,4,-3,13,-1,-4,-5,17,12,8,-3,-12,-3,None
0,1,1,-1,3,-10,1,1,6,17,12,8,-3,-12,-3,None
0,1,1,-1,3,-10,1,1,6,17,12,8,-3,-12,-3,None
0,1,1,-1,3,-10,1,1,6,17,12,8,-3,-12,-4,None
0,-2,0,3,-28,14,-8,-5,-2,17,12,8,-3,-12,-4,None
0,-1,-1,6,-9,4,-1,-2,-3,17,12,8,-3,-12,-4,None
0,-2,-1,0,-21,-7,1,-2,1,17,12,8,-3,-12,-4,None
0,-3,-1,-9,13,-1,1,2,-4,17,12,8,-3,-12,-4,None
0,-3,-1,-9,13,-1,1,2,-4,17,12,8,-3,-12,-4,None
0,-3,-1,-9,13,-1,1,2,-4,17,12,8,-2,-12,-3,None
0,-2,-2,-3,48,5,-5,-5,1,17,12,8,-2,-12,-3,None
0,0,4,6,9,-5,-2,0,-6,17,12,8,-2,-12,-3,None
0,-1,-1,2,4,-3,-7,-1,7,17,12,8,-2,-12,-3,None
0,-1,4,13,-33,-3,-1,-4,-10,17,12,8,-2,-12,-3,None
0,-1,4,13,-33,-3,-1,-4,-10,17,12,8,-2,-12,-3,None
0,-1,4,13,-33,-3,-1,-4,-10,17,12,8,-2,-12,-3,None
0,-1,-1,8,29,-3,1,-2,0,17,12,8,-2,-12,-3,None
0,-3,0,3,32,12,0,-1,-4,17,12,8,-2,-12,-3,None
0,-5,0,-3,-31,-3,1,0,2,17,12,8,-2,-12,-3,None
0,0,1,-1,-7,19,5,0,0,17,12,8,-2,-12,-3,None
0,0,1,-1,-7,19,5,0,0,17,12,8,-2,-12,-3,None
0,0,1,-1,-7,19,5,0,0,17,12,8,-2,-13,-3,None
0,-1,0,-3,34,-16,-10,-6,-4,17,12,8,-2,-13,-3,None
0,-2,-2,-10,-6,-10,-6,-1,-4,17,12,8,-2,-13,-3,None
0,-1,-1,-7,-17,13,6,3,1,17,12,8,-2,-13,-3,None
0,-2,0,-8,-6,-2,1,-2,-4,17,12,8,-2,-13,-3,None
0,-2,0,-8,-6,-2,1,-2,-4,17,12,8,-2,-13,-3,None
0,-2,0,-8,-6,-2,1,-2,-4,17,12,8,-2,-12,-4,None
0,-1,-3,-19,-51,-14,-4,-3,0,17,12,8,-2,-12,-4,None
0,-1,1,-1,8,12,-2,-1,-3,17,12,8,-2,-12,-4,None
0,2,0,-13,-26,-10,-7,-4,-1,17,12,8,-2,-12,-4,None
0,-2,1,-4,6,-7,1,-1,-3,17,12,8,-2,-12,-4,None
0,-2,1,-4,6,-7,1,-1,-3,17,13,8,-2,-12,-4,None
0,-2,1,-4,6,-7,1,-1,-3,17,13,8,0,-13,-3,None
0,1,5,1,54,40,10,5,-1,17,13,8,0,-13,-3,None
0,-9,-7,-14,-88,-31,-9,-5,-10,17,13,8,0,-13,-3,None
0,2,3,-1,91,7,5,3,-1,17,13,8,0,-13,-3,None
0,1,1,-10,-62,-14,-5,1,0,17,13,8,0,-13,-3,None
0,1,1,-10,-62,-14,-5,1,0,0,13,9,0,-13,-3,None
0,1,1,-10,-62,-14,-5,1,0,0,13,9,0,-13,-2,None
0,-3,-4,-9,-29,-16,-5,-2,-2,0,13,9,0,-13,-2,None
0,1,0,-4,57,27,-5,-4,-2,0,13,9,0,-13,-2,None
0,-4,-3,-1,-24,-17,-10,-5,-2,0,13,9,0,-13,-2,None
0,-1,2,2,74,26,8,3,-2,0,13,9,0,-13,-2,None
0,-1,2,2,74,26,8,3,-2,0,13,9,0,-13,-2,None
0,-1,2,2,74,26,8,3,-2,0,13,9,1,-13,-2,None
0,1,3,2,-78,-22,-4,-1,1,0,13,9,1,-13,-2,None
0,0,0,-9,31,7,0,3,-1,0,13,9,1,-13,-2,None
0,-4,-2,-10,-36,-8,1,-5,-4,0,13,9,1,-13,-2,None
0,0,2,-4,-5,14,-1,-1,1,0,13,9,1,-13,-2,None
0,0,2,-4,-5,14,-1,-1,1,0,13,9,1,-13,-2,None
0,0,2,-4,-5,14,-1,-1,1,0,13,9,1,-14,-3,None
0,-2,1,-9,-61,-14,-5,-6,-3,0,13,9,1,-14,-3,None
0,-2,-2,-10,-22,-8,-16,-5,-3,0,13,9,1,-14,-3,None
0,4,6,0,-41,3,18,7,5,0,13,9,1,-14,-3,None
0,-1,-2,-10,-7,-2,0,0,0,0,13,9,1,-14,-3,None
0,-1,-2,-10,-7,-2,0,0,0,0,13,9,1,-14,-3,None
0,-1,-2,-10,-7,-2,0,0,0,0,13,9,3,-16,-2,None
0,-1,3,33,89,19,8,1,0,0,13,9,3,-16,-2,None
0,-4,-5,-23,6,-11,-4,-5,-5,0,13,9,3,-16,-2,None
0,-2,-1,-5,16,3,-5,1,-3,0,13,9,3,-16,-2,None
0,0,1,-4,12,-5,-5,-1,-4,0,13,9,3,-16,-2,None
0,0,1,-4,12,-5,-5,-1,-4,0,13,9,3,-16,-2,None
0,0,1,-4,12,-5,-5,-1,-4,0,13,9,4,-17,-3,None
0,1,2,4,30,-36,1,2,1,0,13,9,4,-17,-3,None
0,1,3,9,68,39,3,-3,0,0,13,9,4,-17,-3,None
0,-1,-3,-18,-18,1,9,-4,-2,0,13,9,4,-17,-3,None
0,0,0,2,40,-17,-14,-6,-1,0,13,9,4,-17,-3,None
0,0,0,2,40,-17,-14,-6,-1,0,13,9,4,-17,-3,None
0,0,0,2,40,-17,-14,-6,-1,0,13,9,4,-15,-2,None
0,2,0,-24,4,16,11,3,1,0,13,9,4,-15,-2,None
0,1,0,1,-27,-15,1,6,4,0,13,9,4,-15,-2,None
0,-1,4,12,74,11,-8,-9,-3,0,13,9,4,-15,-2,None
0,-8,-12,5,-91,-4,-3,-8,-6,0,13,9,4,-15,-2,None
0,-8,-12,5,-91,-4,-3,-8,-6,0,13,9,4,-15,-2,None
0,-8,-12,5,-91,-4,-3,-8,-6,0,13,9,5,-12,-2,None
0,1,2,0,-32,-6,-3,-1,0,0,13,9,5,-12,-2,None
0,0,3,7,5,21,8,0,1,0,13,9,5,-12,-2,None
0,0,2,21,-18,-22,-2,2,-1,0,13,9,5,-12,-2,None
0,-4,-2,-40,-106,-48,-8,-4,-6,0,13,9,5,-12,-2,None
0,-4,-2,-40,-106,-48,-8,-4,-6,1,13,9,5,-12,-2,None
0,-4,-2,-40,-106,-48,-8,-4,-6,1,13,9,6,-13,-2,None
0,-3,-1,8,57,36,-6,-4,-2,1,13,9,6,-13,-2,None
0,3,3,2,-29,3,5,-10,3,1,13,9,6,-13,-2,None
0,-3,-2,-5,25,-50,-8,-2,-4,1,13,9,6,-13,-2,None
0,1,1,2,72,32,-2,-2,4,1,13,9,6,-13,-2,None
0,1,1,2,72,32,-2,-2,4,1,12,9,6,-13,-2,None
0,1,1,2,72,32,-2,-2,4,1,12,9,7,-16,-2,None
0,-3,3,-1,-34,28,2,0,-5,1,12,9,7,-16,-2,None
0,-3,-5,-49,-32,-11,0,-1,-1,1,12,9,7,-16,-2,None
0,0,3,10,51,29,-5,-6,0,1,12,9,7,-16,-2,None
0,-3,-3,-4,-28,-58,-5,-6,-2,1,12,9,7,-16,-2,None
0,-3,-3,-4,-28,-58,-5,-6,-2,1,12,9,7,-16,-2,None
0,-3,-3,-4,-28,-58,-5,-6,-2,1,12,9,7,-16,-2,None
0,-1,1,1,1,-18,-4,-2,1,1,12,9,7,-16,-2,None
0,5,6,17,9,46,10,2,2,1,12,9,7,-16,-2,None
0,-2,-5,0,-76,32,-8,-1,-3,1,12,9,7,-16,-2,None
0,2,5,20,88,19,10,2,3,1,12,9,7,-16,-2,None
0,2,5,20,88,19,10,2,3,1,12,9,7,-16,-2,None
0,2,5,20,88,19,10,2,3,1,12,9,7,-13,-1,None
0,1,2,-20,-82,-64,3,1,0,1,12,9,7,-13,-1,None
0,-3,1,16,96,18,7,9,-6,1,12,9,7,-13,-1,None
0,7,6,0,-51,22,5,5,9,1,12,9,7,-13,-1,None
0,-5,-4,-14,14,31,1,-2,-10,1,12,9,7,-13,-1,None
0,-5,-4,-14,14,31,1,-2,-10,1,12,9,7,-13,-1,None
0,-5,-4,-14,14,31,1,-2,-10,1,12,9,7,-13,-1,None
0,2,5,11,103,56,4,-7,4,1,12,9,7,-13,-1,None
0,-9,-10,27,-128,15,-19,-12,-7,1,12,9,7,-13,-1,None
0,0,1,19,67,-9,4,8,2,1,12,9,7,-13,-1,None
0,-1,8,5,43,-1,8,5,3,1,12,9,7,-13,-1,None
0,-1,8,5,43,-1,8,5,3,1,12,9,7,-13,-1,None
0,-1,8,5,43,-1,8,5,3,1,12,9,7,-13,-1,None
0,-2,-3,-1,-11,36,-6,-6,-2,1,12,9,7,-13,-1,None
0,-1,4,-6,-6,-27,0,-1,-5,1,12,9,7,-13,-1,None
0,-2,0,-18,58,36,-6,-9,3,1,12,9,7,-13,-1,None
0,-6,-3,-1,-4,-6,-4,0,-7,1,12,9,7,-13,-1,None
0,-6,-3,-1,-4,-6,-4,0,-7,1,12,9,7,-13,-1,None
0,-6,-3,-1,-4,-6,-4,0,-7,1,12,9,8,-13,-1,None
0,-2,18,-15,11,63,-6,-4,-15,1,12,9,8,-13,-1,None
0,-6,-25,2,2,17,6,0,1,1,12,9,8,-13,-1,None
0,1,-2,2,44,-4,2,2,1,1,12,9,8,-13,-1,None
0,-5,2,-4,-65,-45,0,-1,-6,1,12,9,8,-13,-1,None
0,-5,2,-4,-65,-45,0,-1,-6,1,12,9,8,-13,-1,None
0,-5,2,-4,-65,-45,0,-1,-6,1,12,9,8,-12,-1,None
0,0,-5,2,26,-1,-3,-1,0,1,12,9,8,-12,-1,None
0,1,2,-7,9,-8,3,0,-4,1,12,9,8,-12,-1,None
0,2,28,-11,-28,-4,-3,-3,0,1,12,9,8,-12,-1,None
0,1,-18,0,-5,10,-2,0,4,1,12,9,8,-12,-1,None
0,1,-18,0,-5,10,-2,0,4,1,12,9,8,-12,-1,None
0,1,-18,0,-5,10,-2,0,4,1,12,9,8,-14,-1,None
0,-5,-6,-10,-43,-39,-4,-3,-1,1,12,9,8,-14,-1,None
0,13,40,11,44,-27,1,1,6,1,12,9,8,-14,-1,None
0,-17,-45,-33,-31,-23,-5,-5,-9,1,12,9,8,-14,-1,None
0,4,7,7,83,26,2,0,4,1,12,9,8,-14,-1,None
0,4,7,7,83,26,2,0,4,1,12,9,8,-14,-1,None
0,4,7,7,83,26,2,0,4,1,12,9,8,-18,-2,None
0,-4,-9,-2,14,-7,-4,-2,1,1,12,9,8,-18,-2,None
0,-1,0,-27,-38,-2,-3,-1,-2,1,12,9,8,-18,-2,None
0,2,20,2,31,-4,-4,-4,-4,1,12,9,8,-18,-2,None
0,1,-2,-4,34,29,3,0,0,1,12,9,8,-18,-2,None
0,1,-2,-4,34,29,3,0,0,1,12,9,8,-18,-2,None
0,1,-2,-4,34,29,3,0,0,1,12,9,8,-15,-2,None
0,-3,-14,-8,-14,-3,-3,-2,-3,1,12,9,8,-15,-2,None
0,8,-1,3,6,-15,-1,-1,0,1,12,9,8,-15,-2,None
0,1,5,2,-3,-15,-2,-2,-4,1,12,9,8,-15,-2,None
0,-1,1,-2,-85,-5,-4,-4,-1,1,12,9,8,-15,-2,None
0,-1,1,-2,-85,-5,-4,-4,-1,1,12,9,8,-15,-2,None
0,-1,1,-2,-85,-5,-4,-4,-1,1,12,9,6,-10,-1,None
0,-2,8,6,9,-17,0,1,0,1,12,9,6,-10,-1,None
0,-4,0,4,-12,-1,-1,-1,-2,1,12,9,6,-10,-1,None
0,-2,-1,6,-33,-9,1,1,-2,1,12,9,6,-10,-1,None
0,-1,-1,12,32,13,3,0,1,1,12,9,6,-10,-1,None
0,-1,-1,12,32,13,3,0,1,1,12,9,6,-10,-1,None
0,-1,-1,12,32,13,3,0,1,1,12,9,7,-12,0,None
0,-3,-4,-2,-12,17,-2,0,-2,1,12,9,7,-12,0,None
0,-8,-5,-6,-27,-20,-6,-1,-2,1,12,9,7,-12,0,None
0,-2,-8,-7,33,-10,-4,-1,-1,1,12,9,7,-12,0,None
0,-1,9,3,-39,-14,-6,-1,-1,1,12,9,7,-12,0,None
0,-1,9,3,-39,-14,-6,-1,-1,1,12,9,7,-12,0,None
0,-1,9,3,-39,-14,-6,-1,-1,1,12,9,7,-12,0,None
0,-3,-1,-5,28,24,-3,-2,-1,1,12,9,7,-12,0,None
0,-5,-3,2,25,8,1,-2,-1,1,12,9,7,-12,0,None
0,1,11,-1,-6,6,1,1,-1,1,12,9,7,-12,0,None
0,2,4,-1,41,64,1,-2,-1,1,12,9,7,-12,0,None
0,2,4,-1,41,64,1,-2,-1,1,12,9,7,-12,0,None
0,2,4,-1,41,64,1,-2,-1,1,12,9,8,-12,-1,None
0,-5,9,-6,-7,-38,-7,-2,-1,1,12,9,8,-12,-1,None
0,3,-34,-3,-27,2,2,-1,0,1,12,9,8,-12,-1,None
0,-5,-5,-3,-13,-4,-3,-3,-2,1,12,9,8,-12,-1,None
0,4,-1,-5,6,7,-1,-3,-5,1,12,9,8,-12,-1,None
0,4,-1,-5,6,7,-1,-3,-5,1,12,9,8,-12,-1,None
0,4,-1,-5,6,7,-1,-3,-5,1,12,9,8,-13,-1,None
0,0,-6,3,-6,-19,1,1,1,1,12,9,8,-13,-1,None
0,-3,27,-5,24,10,-1,-1,-1,1,12,9,8,-13,-1,None
0,-2,-2,-5,-8,11,-1,-3,-4,1,12,9,8,-13,-1,None
0,1,-5,-6,-16,-4,-2,-3,-1,1,12,9,8,-13,-1,None
0,1,-5,-6,-16,-4,-2,-3,-1,1,12,9,8,-13,-1,None
0,1,-5,-6,-16,-4,-2,-3,-1,1,12,9,9,-12,-1,None
0,0,4,-1,-8,-7,0,0,0,1,12,9,9,-12,-1,None
0,-1,9,-4,-23,-29,-3,-1,-1,1,12,9,9,-12,-1,None
0,0,-4,2,12,22,1,-2,-2,1,12,9,9,-12,-1,None
0,-3,10,5,-23,-12,-3,-3,-1,1,12,9,9,-12,-1,None
0,-3,10,5,-23,-12,-3,-3,-1,1,12,9,9,-12,-1,None
0,-3,10,5,-23,-12,-3,-3,-1,1,12,9,8,-12,-1,None
0,2,-1,-5,3,-11,-2,-2,-2,1,12,9,8,-12,-1,None
0,-3,-1,-2,18,3,-3,-3,-3,1,12,9,8,-12,-1,None
0,1,-4,0,2,-7,0,0,-1,1,12,9,8,-12,-1,None
0,-1,0,2,14,-17,2,0,0,1,12,9,8,-12,-1,None
0,-1,0,2,14,-17,2,0,0,1,12,9,8,-12,-1,None
0,-1,0,2,14,-17,2,0,0,1,12,9,8,-12,0,None
0,-1,3,-9,-22,-7,-3,-4,-3,1,12,9,8,-12,0,None
0,0,-28,4,13,0,0,0,-1,1,12,9,8,-12,0,None
0,-2,3,-1,2,-3,-1,0,-1,1,12,9,8,-12,0,None
0,2,26,-4,-6,-15,-2,-2,-2,1,12,9,8,-12,0,None
0,2,26,-4,-6,-15,-2,-2,-2,1,12,9,8,-12,0,None
0,2,26,-4,-6,-15,-2,-2,-2,1,12,9,8,-12,-1,None
0,-1,-25,-2,-1,18,0,0,0,1,12,9,8,-12,-1,None
0,-4,4,-1,-5,4,0,-1,0,1,12,9,8,-12,-1,None
0,3,13,-6,-16,-7,-3,-1,-5,1,12,9,8,-12,-1,None
0,2,17,1,1,1,-2,-2,1,1,12,9,8,-12,-1,None
0,2,17,1,1,1,-2,-2,1,1,12,9,8,-12,-1,None
0,2,17,1,1,1,-2,-2,1,1,12,9,8,-12,-1,None
0,-4,-8,-6,-7,23,-2,-1,-4,1,12,9,8,-12,-1,None
0,1,9,1,4,9,0,-2,-2,1,12,9,8,-12,-1,None
0,-3,-9,-1,10,1,-3,-3,-1,1,12,9,8,-12,-1,None
0,-2,-4,-4,-36,-5,-1,-1,-1,1,12,9,8,-12,-1,None
0,-2,-4,-4,-36,-5,-1,-1,-1,1,12,9,8,-12,-1,None
0,-2,-4,-4,-36,-5,-1,-1,-1,1,12,9,8,-12,-1,None
0,0,10,2,8,-11,0,-1,0,1,12,9,8,-12,-1,None
0,-2,2,-3,-6,-7,-1,-1,-2,1,12,9,8,-12,-1,None
0,-1,1,0,1,6,2,0,1,1,12,9,8,-12,-1,None
0,2,-17,-9,9,-21,-5,-1,-2,1,12,9,8,-12,-1,None
0,2,-17,-9,9,-21,-5,-1,-2,1,12,9,8,-12,-1,None
0,2,-17,-9,9,-21,-5,-1,-2,1,12,9,8,-12,-1,None
0,-2,-1,-4,-28,-8,-1,-4,-3,1,12,9,8,-12,-1,None
0,-1,0,-3,9,15,0,-1,-3,1,12,9,8,-12,-1,None
0,-1,1,-1,2,6,-1,-1,-1,1,12,9,8,-12,-1,None
0,-2,-5,-3,14,-1,1,-1,-1,1,12,9,8,-12,-1,None
0,-2,-5,-3,14,-1,1,-1,-1,1,12,9,8,-12,-1,None
0,-2,-5,-3,14,-1,1,-1,-1,1,12,9,8,-12,-1,None
0,2,4,0,3,-10,-1,0,0,1,12,9,8,-12,-1,None
0,-1,7,-2,-7,-11,-3,-1,0,1,12,9,8,-12,-1,None
0,-2,-2,-1,-1,0,1,-2,-1,1,12,9,8,-12,-1,None
0,-3,-6,-3,0,1,-2,-2,-2,1,12,9,8,-12,-1,None
0,-3,-6,-3,0,1,-2,-2,-2,1,12,9,8,-12,-1,None
0,-3,-6,-3,0,1,-2,-2,-2,1,12,9,8,-12,-1,None
0,1,29,3,-36,-4,0,0,1,1,12,9,8,-12,-1,None
0,-3,-5,-26,42,-6,0,-2,-2,1,12,9,8,-12,-1,None
0,-2,-3,18,-16,12,-4,-5,-3,1,12,9,8,-12,-1,None
0,-4,-7,-3,5,8,-1,-1,-2,1,12,9,8,-12,-1,None
0,-4,-7,-3,5,8,-1,-1,-2,1,12,9,8,-12,-1,None
0,-4,-7,-3,5,8,-1,-1,-2,1,12,9,8,-12,-1,None
0,0,5,3,0,-7,2,0,-2,1,12,9,8,-12,-1,None
0,-1,5,3,5,-2,-1,0,0,1,12,9,8,-12,-1,None
0,-1,-3,-9,-12,-10,-1,-1,0,1,12,9,8,-12,-1,None
0,-2,3,-4,-7,0,-1,-1,-2,1,12,9,8,-12,-1,None
0,-2,3,-4,-7,0,-1,-1,-2,1,12,9,8,-12,-1,None
0,-2,3,-4,-7,0,-1,-1,-2,1,12,9,8,-12,-1,None
0,-1,-3,0,27,10,-1,-2,-2,1,12,9,8,-12,-1,None
0,-1,1,1,-15,-2,0,-1,-2,1,12,9,8,-12,-1,None
0,1,-1,-7,-4,3,-1,-2,-2,1,12,9,8,-12,-1,None
0,0,12,3,1,6,3,-1,-2,1,12,9,8,-12,-1,None
0,0,12,3,1,6,3,-1,-2,1,12,9,8,-12,-1,None
0,0,12,3,1,6,3,-1,-2,1,12,9,8,-12,-1,None
0,-4,-37,-9,14,8,-2,-3,1,1,12,9,8,-12,-1,None
0,-4,-4,-1,0,17,-2,-3,-6,1,12,9,8,-12,-1,None
0,-1,3,-3,-13,0,-1,-1,-1,1,12,9,8,-12,-1,None
0,-2,2,-2,11,0,0,0,-1,1,12,9,8,-12,-1,None
0,-2,2,-2,11,0,0,0,-1,1,12,9,8,-12,-1,None
0,-2,2,-2,11,0,0,0,-1,1,12,9,8,-12,-1,None
0,1,6,0,2,-7,-1,-1,0,1,12,9,8,-12,-1,None
0,1,4,2,-13,-8,-1,-2,0,1,12,9,8,-12,-1,None
0,-3,-4,-4,7,3,0,-1,-2,1,12,9,8,-12,-1,None
0,-3,-7,-6,-3,2,-3,-1,-2,1,12,9,8,-12,-1,None
0,-3,-7,-6,-3,2,-3,-1,-2,1,12,9,8,-12,-1,None
0,-3,-7,-6,-3,2,-3,-1,-2,1,12,9,8,-12,-1,None
0,0,0,-2,4,5,0,-1,-1,1,12,9,8,-12,-1,None
0,-5,2,4,-10,-4,-3,-2,0,1,12,9,8,-12,-1,None
0,0,-18,-6,-13,-15,1,1,0,1,12,9,8,-12,-1,None
0,1,2,0,-24,27,-2,-3,-3,1,12,9,8,-12,-1,None
0,1,2,0,-24,27,-2,-3,-3,1,12,9,8,-12,-1,None
0,1,2,0,-24,27,-2,-3,-3,1,12,9,8,-12,-1,None
0,-4,5,-3,2,-9,0,-1,-2,1,12,9,8,-12,-1,None
0,0,2,1,10,2,0,-1,0,1,12,9,8,-12,-1,None
0,-1,4,-3,-3,-6,1,-1,0,1,12,9,8,-12,-1,None
0,-3,-2,-2,2,-7,-1,-1,0,1,12,9,8,-12,-1,None
0,-3,-2,-2,2,-7,-1,-1,0,1,12,9,8,-12,-1,None
0,-3,-2,-2,2,-7,-1,-1,0,1,12,9,8,-12,-1,None
0,0,-1,-1,3,3,0,-1,-2,1,12,9,8,-12,-1,None
0,-1,3,1,1,1,-1,0,-1,1,12,9,8,-12,-1,None
0,-2,5,-3,1,0,-2,-2,-2,1,12,9,8,-12,-1,None
0,-2,-6,-3,2,-2,-1,-3,-1,1,12,9,8,-12,-1,None
0,-2,-6,-3,2,-2,-1,-3,-1,1,12,9,8,-12,-1,None
0,-2,-6,-3,2,-2,-1,-3,-1,1,12,9,8,-12,-1,None
0,0,6,-2,-2,5,0,-1,-2,1,12,9,8,-12,-1,None
0,2,14,2,-14,-11,-2,-2,-1,1,12,9,8,-12,-1,None
0,-8,-26,-2,14,7,-1,0,-1,1,12,9,8,-12,-1,None
0,0,-3,-3,-2,-2,-3,-2,-2,1,12,9,8,-12,-1,None
0,0,-3,-3,-2,-2,-3,-2,-2,1,12,9,8,-12,-1,None
0,0,-3,-3,-2,-2,-3,-2,-2,1,12,9,8,-12,-1,None
0,-2,0,-2,12,3,0,-2,-2,1,12,9,8,-12,-1,None
0,-3,-6,-2,-5,-1,-1,-1,-2,1,12,9,8,-12,-1,None
0,0,10,-2,-4,6,-1,-1,-2,1,12,9,8,-12,-1,None
0,0,4,1,7,1,1,-2,0,1,12,9,8,-12,-1,None
0,0,4,1,7,1,1,-2,0,1,12,9,8,-12,-1,None
0,0,4,1,7,1,1,-2,0,1,12,9,8,-12,-1,None
0,0,3,-2,-17,-14,-3,1,0,1,12,9,8,-12,-1,None
0,-4,-21,2,41,1,1,-1,-1,1,12,9,8,-12,-1,None
0,5,3,-23,-39,11,-6,-5,-6,1,12,9,8,-12,-1,None
0,-4,7,-2,-23,-16,0,0,-2,1,12,9,8,-12,-1,None
0,-4,7,-2,-23,-16,0,0,-2,1,12,9,8,-12,-1,None
0,-4,7,-2,-23,-16,0,0,-2,1,12,9,8,-12,-1,None
0,1,7,0,-8,0,-3,-1,0,1,12,9,8,-12,-1,None
0,0,4,-3,0,-3,-1,-1,-1,1,12,9,8,-12,-1,None
0,-1,5,3,3,-10,-2,-1,0,1,12,9,8,-12,-1,None
0,-2,-7,-2,1,2,0,-2,-2,1,12,9,8,-12,-1,None
0,-2,-7,-2,1,2,0,-2,-2,1,12,9,8,-12,-1,None
0,-2,-7,-2,1,2,0,-2,-2,1,12,9,8,-12,-1,None
0,-1,-2,-3,9,8,1,-2,-3,1,12,9,8,-12,-1,None
0,-1,4,-3,-15,0,-3,-1,0,1,12,9,8,-12,-1,None
0,0,27,1,14,2,1,0,0,1,12,9,8,-12,-1,None
0,3,0,1,17,16,-1,0,0,1,12,9,8,-12,-1,None
0,3,0,1,17,16,-1,0,0,1,12,9,8,-12,-1,None
0,3,0,1,17,16,-1,0,0,1,12,9,8,-12,-1,None
0,-8,-8,-4,-11,-19,-3,-5,-5,1,12,9,8,-12,-1,None
0,-2,-4,-1,-10,0,-1,-1,-3,1,12,9,8,-12,-1,None
0,-4,9,1,-4,-7,-1,-2,-1,1,12,9,8,-12,-1,None
0,-1,2,-3,18,7,1,-1,-1,1,12,9,8,-12,-1,None
0,-1,2,-3,18,7,1,-1,-1,1,12,9,8,-12,-1,None
0,-1,2,-3,18,7,1,-1,-1,1,12,9,8,-12,-1,None
0,2,3,-1,-3,-2,-1,0,0,1,12,9,8,-12,-1,None
0,-2,-1,-3,-12,0,-2,-2,-1,1,12,9,8,-12,-1,None
0,-2,-6,-1,5,-1,-1,-2,-2,1,12,9,8,-12,-1,None
0,-1,-1,-2,-5,-11,-1,-1,-1,1,12,9,8,-12,-1,None
0,-1,-1,-2,-5,-11,-1,-1,-1,1,12,9,8,-12,-1,None
0,-1,-1,-2,-5,-11,-1,-1,-1,1,12,9,8,-12,-1,None
0,0,-5,-1,4,9,-1,-1,0,1,12,9,8,-12,-1,None
0,-1,5,-4,-11,-2,-1,-2,-2,1,12,9,8,-12,-1,None
0,-2,-2,1,6,3,0,1,-2,1,12,9,8,-12,-1,None
0,-2,-9,-2,22,2,-2,-2,-1,1,12,9,8,-12,-1,None
0,-2,-9,-2,22,2,-2,-2,-1,1,12,9,8,-12,-1,None
0,-2,-9,-2,22,2,-2,-2,-1,1,12,9,8,-12,-1,None
0,-5,23,0,-36,0,-1,-1,-1,1,12,9,8,-12,-1,None
0,0,3,-7,-17,-3,-6,-3,1,1,12,9,8,-12,-1,None
0,-2,-3,0,9,16,1,-2,-5,1,12,9,8,-12,-1,None
0,-2,-6,-2,1,0,-1,-1,-2,1,12,9,8,-12,-1,None
0,-2,-6,-2,1,0,-1,-1,-2,1,12,9,8,-12,-1,None
0,-2,-6,-2,1,0,-1,-1,-2,1,12,9,8,-12,-1,None
0,0,-3,-2,13,-2,-1,-2,-2,1,12,9,8,-12,-1,None
0,0,1,1,-4,-8,0,0,1,1,12,9,8,-12,-1,None
0,-4,-3,0,-11,-7,-2,-2,0,1,12,9,8,-12,-1,None
0,0,3,-4,5,4,-2,-1,-2,1,12,9,8,-12,-1,None
0,0,3,-4,5,4,-2,-1,-2,1,12,9,8,-12,-1,None
0,0,3,-4,5,4,-2,-1,-2,1,12,9,8,-12,-1,None
0,2,22,3,0,3,1,-1,0,1,12,9,8,-12,-1,None
0,-2,-7,-3,21,5,-2,-2,-4,1,12,9,8,-12,-1,None
0,-3,-1,-2,-11,1,0,-1,-2,1,12,9,8,-12,-1,None
0,-4,-2,-3,-5,-2,-1,-1,-3,1,12,9,8,-12,-1,None
0,-4,-2,-3,-5,-2,-1,-1,-3,1,12,9,8,-12,-1,None
0,-4,-2,-3,-5,-2,-1,-1,-3,1,12,9,8,-12,-1,None
0,2,0,-3,-10,2,-1,-1,-1,1,12,9,8,-12,-1,None
0,-2,1,2,10,8,1,-1,-2,1,12,9,8,-12,-1,None
0,-2,-3,-4,-5,-17,-3,-3,0,1,12,9,8,-12,-1,None
0,4,5,-1,-2,-2,-2,-1,0,1,12,9,8,-12,-1,None
0,4,5,-1,-2,-2,-2,-1,0,1,12,9,8,-12,-1,None
0,4,5,-1,-2,-2,-2,-1,0,1,12,9,8,-12,-1,None
0,-3,-12,-4,-8,-7,-2,-2,-1,1,12,9,8,-12,-1,None
0,-3,1,-3,0,9,-1,0,-2,1,12,9,8,-12,-1,None
0,0,-1,-1,-1,5,0,1,0,1,12,9,8,-12,-1,None
0,-2,-5,-3,-6,-2,0,-1,-2,1,12,9,8,-12,-1,None
0,-2,-5,-3,-6,-2,0,-1,-2,1,12,9,8,-12,-1,None
0,-2,-5,-3,-6,-2,0,-1,-2,1,12,9,8,-12,-1,None
0,-1,-7,-1,6,-5,0,0,-1,1,12,9,8,-12,-1,None
0,0,13,1,-7,3,0,-1,-1,1,12,9,8,-12,-1,None
0,0,-24,-4,0,-4,-2,-2,-1,1,12,9,8,-12,-1,None
0,-3,2,-1,-5,-4,-2,-2,-1,1,12,9,8,-12,-1,None
0,-3,2,-1,-5,-4,-2,-2,-1,1,12,9,8,-12,-1,None
0,-3,2,-1,-5,-4,-2,-2,-1,1,12,9,8,-12,-1,None
0,3,15,-4,24,14,0,0,2,1,12,9,8,-12,-1,None
0,1,-15,3,-84,-26,0,-1,-6,1,12,9,8,-12,-1,None
0,-1,7,0,16,6,-3,-2,-3,1,12,9,8,-12,-1,None
0,-2,-1,-4,-3,6,-1,-2,-2,1,12,9,8,-12,-1,None
0,-2,-1,-4,-3,6,-1,-2,-2,1,12,9,8,-12,-1,None
0,-2,-1,-4,-3,6,-1,-2,-2,1,12,9,8,-12,-1,None
0,-2,-2,1,7,2,-1,-2,-1,1,12,9,8,-12,-1,None
0,0,2,-3,15,-1,1,1,1,1,12,9,8,-12,-1,None
0,1,5,-2,1,-5,-2,-1,-1,1,12,9,8,-12,-1,None
0,-1,-1,0,-10,-1,-2,-1,-2,1,12,9,8,-12,-1,None
0,-1,-1,0,-10,-1,-2,-1,-2,1,12,9,8,-12,-1,None
0,-1,-1,0,-10,-1,-2,-1,-2,1,12,9,8,-12,-1,None
0,0,-4,-3,9,4,-2,-1,-1,1,12,9,8,-12,-1,None
0,-3,0,-4,12,2,-1,-2,0,1,12,9,8,-12,-1,None
0,-3,-4,0,17,2,1,-2,-1,1,12,9,8,-12,-1,None
0,3,12,0,10,-9,0,1,1,1,12,9,8,-12,-1,None
0,3,12,0,10,-9,0,1,1,1,12,9,8,-12,-1,None
0,3,12,0,10,-9,0,1,1,1,12,9,8,-12,-1,None
0,-6,-8,-4,-3,20,0,-4,-6,1,12,9,8,-12,-1,None
0,-1,0,-3,14,3,0,0,-2,1,12,9,8,-12,-1,None
0,-1,7,-1,-4,5,-2,0,0,1,12,9,8,-12,-1,None
0,-2,0,-1,1,-6,0,-1,-1,1,12,9,8,-12,-1,None
0,-2,0,-1,1,-6,0,-1,-1,1,12,9,8,-12,-1,None
0,-2,0,-1,1,-6,0,-1,-1,1,12,9,8,-12,-1,None
0,0,-5,-1,2,-4,-2,0,-1,1,12,9,8,-12,-1,None
0,-3,0,-2,-1,4,-3,-2,-1,1,12,9,8,-12,-1,None
0,-1,2,-3,2,-2,1,0,0,1,12,9,8,-12,-1,None
0,-2,-5,-1,-5,0,-3,-2,-2,1,12,9,8,-12,-1,None
0,-2,-5,-1,-5,0,-3,-2,-2,1,12,9,8,-12,-1,None
0,-2,-5,-1,-5,0,-3,-2,-2,1,12,9,8,-12,-1,None
0,-2,4,-1,-9,-1,-1,-1,-3,1,12,9,8,-12,-1,None
0,-3,-19,-5,6,2,-1,-3,-1,1,12,9,8,-12,-1,None
0,-1,8,-4,-19,-15,-1,-2,-2,1,12,9,8,-12,-1,None
0,-4,-2,-4,-10,14,-2,-3,-3,1,12,9,8,-12,-1,None
0,-4,-2,-4,-10,14,-2,-3,-3,1,12,9,8,-12,-1,None
0,-4,-2,-4,-10,14,-2,-3,-3,1,12,9,8,-12,-1,None
0,0,-6,-1,10,6,1,-1,-1,1,12,9,8,-12,-1,None
0,0,12,-1,4,-3,-1,-2,-1,1,12,9,8,-12,-1,None
0,0,2,0,3,2,-1,-2,-2,1,12,9,8,-12,-1,None
0,-5,-6,-1,-9,-6,-2,-2,-1,1,12,9,8,-12,-1,None
0,-5,-6,-1,-9,-6,-2,-2,-1,1,12,9,8,-12,-1,None
0,-5,-6,-1,-9,-6,-2,-2,-1,1,12,9,8,-12,-1,None
0,-1,5,-12,16,-7,-2,1,-1,1,12,9,8,-12,-1,None
0,1,-5,2,-26,18,-1,0,-1,1,12,9,8,-12,-1,None
0,-2,-2,-2,2,-7,-1,-3,-4,1,12,9,8,-12,-1,None
0,-1,2,-4,0,0,0,-2,-1,1,12,9,8,-12,-1,None
0,-1,2,-4,0,0,0,-2,-1,1,12,9,8,-12,-1,None
0,-1,2,-4,0,0,0,-2,-1,1,12,9,8,-12,-1,None
0,-2,-3,-1,-7,2,-2,-3,-2,1,12,9,8,-12,-1,None
0,0,4,0,13,-3,-1,-2,-1,1,12,9,8,-12,-1,None
0,0,-1,-4,-7,6,-2,-2,-1,1,12,9,8,-12,-1,None
0,-2,4,-4,-3,-2,0,0,-2,1,12,9,8,-12,-1,None
0,-2,4,-4,-3,-2,0,0,-2,1,12,9,8,-12,-1,None
0,-2,4,-4,-3,-2,0,0,-2,1,12,9,8,-12,-1,None
0,-4,25,7,10,-7,0,0,2,1,12,9,8,-12,-1,None
0,4,-38,-2,-5,-2,-2,-2,-2,1,12,9,8,-12,-1,None
0,-1,4,1,1,1,-1,0,0,1,12,9,8,-12,-1,None
0,-4,-1,-9,-24,6,-5,-3,-4,1,12,9,8,-12,-1,None
0,-4,-1,-9,-24,6,-5,-3,-4,1,12,9,8,-12,-1,None
0,-4,-1,-9,-24,6,-5,-3,-4,1,12,9,8,-12,-1,None
0,-2,0,-1,-8,6,0,-1,-3,1,12,9,8,-12,-1,None
0,-6,17,-2,8,0,-1,-3,-1,1,12,9,8,-12,-1,None
0,4,1,-1,-3,-2,-1,0,0,1,12,9,8,-12,-1,None
0,-1,-4,1,8,-3,-1,0,-1,1,12,9,8,-12,-1,None
0,-1,-4,1,8,-3,-1,0,-1,1,12,9,8,-12,-1,None
0,-1,-4,1,8,-3,-1,0,-1,1,12,9,8,-12,-1,None
0,-1,-10,-3,-18,-4,-1,-1,-2,1,12,9,8,-12,-1,None
0,-1,13,-1,15,1,-3,-2,-1,1,12,9,8,-12,-1,None
0,-6,-28,-2,19,16,2,-2,-3,1,12,9,8,-12,-1,None
0,0,4,-1,-7,0,-1,-1,1,1,12,9,8,-12,-1,None
0,0,4,-1,-7,0,-1,-1,1,1,12,9,8,-12,-1,None
0,0,4,-1,-7,0,-1,-1,1,1,12,9,8,-12,-1,None
0,-1,-6,-1,6,6,-2,-1,-5,1,12,9,8,-12,-1,None
0,0,6,-2,15,-3,-2,-1,0,1,12,9,8,-12,-1,None
0,-1,12,-2,-5,-4,-2,-1,-1,1,12,9,8,-12,-1,None
0,2,-1,-1,8,4,-1,-1,-1,1,12,9,8,-12,-1,None
0,2,-1,-1,8,4,-1,-1,-1,1,12,9,8,-12,-1,None
0,2,-1,-1,8,4,-1,-1,-1,1,12,9,8,-12,-1,None
0,-4,-3,2,-2,-1,-2,-1,-2,1,12,9,8,-12,-1,None
0,8,28,-10,-24,-8,-1,-1,-3,1,12,9,8,-12,-1,None
0,-6,-35,0,-11,20,0,-1,-1,1,12,9,8,-12,-1,None
0,2,1,-4,13,-16,-4,-3,-2,1,12,9,8,-12,-1,None
0,2,1,-4,13,-16,-4,-3,-2,1,12,9,8,-12,-1,None
0,2,1,-4,13,-16,-4,-3,-2,1,12,9,8,-12,-1,None
0,-1,-4,-1,-9,4,1,-1,0,1,12,9,8,-12,-1,None
0,-3,9,-1,22,5,0,-2,-2,1,12,9,8,-12,-1,None
0,-1,15,-2,-5,1,-2,-2,0,1,12,9,8,-12,-1,None
0,-1,-2,-1,-4,0,1,1,-2,1,12,9,8,-12,-1,None
0,-1,-2,-1,-4,0,1,1,-2,1,12,9,8,-12,-1,None
0,-1,-2,-1,-4,0,1,1,-2,1,12,9,8,-12,-1,None
0,0,-2,-3,6,-5,-2,-4,0,1,12,9,8,-12,-1,None
0,-4,-3,-1,7,3,1,-1,-2,1,12,9,8,-12,-1,None
0,0,-2,-5,-40,-13,0,-1,0,1,12,9,8,-12,-1,None
0,-3,6,0,24,7,-4,-3,-3,1,12,9,8,-12,-1,None
0,-3,6,0,24,7,-4,-3,-3,1,12,9,8,-12,-1,None
0,-3,6,0,24,7,-4,-3,-3,1,12,9,8,-12,-1,None
0,-2,2,-5,9,43,-2,-3,-1,1,12,9,8,-12,-1,None
0,-3,-3,-1,-9,-3,-1,-1,-5,1,12,9,8,-12,-1,None
0,1,6,0,8,-10,-2,-1,-1,1,12,9,8,-12,-1,None
0,-1,2,-1,-6,1,2,-1,0,1,12,9,8,-12,-1,None
0,-1,2,-1,-6,1,2,-1,0,1,12,9,8,-12,-1,None
0,-1,2,-1,-6,1,2,-1,0,1,12,9,8,-12,-1,None
0,0,-5,-1,-4,-6,-1,0,0,1,12,9,8,-12,-1,None
0,-7,-3,-2,-3,1,-1,-2,0,1,12,9,8,-12,-1,None
0,5,23,-2,16,11,1,0,0,1,12,9,8,-12,-1,None
0,-4,-16,-2,26,23,1,-1,-3,1,12,9,8,-12,-1,None
0,-4,-16,-2,26,23,1,-1,-3,1,12,9,8,-12,-1,None
0,-4,-16,-2,26,23,1,-1,-3,1,12,9,8,-12,-1,None
0,-3,12,-4,-34,-29,-1,-1,-2,1,12,9,8,-12,-1,None
0,-1,-7,-1,-7,3,0,-1,-1,1,12,9,8,-12,-1,None
0,-2,8,-2,4,-6,-2,-2,-2,1,12,9,8,-12,-1,None
0,-1,0,1,-1,4,0,-1,0,1,12,9,8,-12,-1,None
0,-1,0,1,-1,4,0,-1,0,1,12,9,8,-12,-1,None
0,-1,0,1,-1,4,0,-1,0,1,12,9,8,-12,-1,None
0,-2,1,0,2,-10,-1,0,-1,1,12,9,8,-12,-1,None
0,-1,1,-2,25,0,0,-1,1,1,12,9,8,-12,-1,None
0,1,-7,-2,-22,11,-3,-3,-2,1,12,9,8,-12,-1,None
0,1,24,-3,-17,-7,-1,-1,-3,1,12,9,8,-12,-1,None
0,1,24,-3,-17,-7,-1,-1,-3,1,12,9,8,-12,-1,None
0,1,24,-3,-17,-7,-1,-1,-3,1,12,9,8,-12,-1,None
0,-1,-10,-4,-4,0,0,-2,-2,1,12,9,8,-12,-1,None
0,-1,2,-1,-10,-11,-1,-1,-1,1,12,9,8,-12,-1,None
0,-2,-5,0,13,0,-1,-2,-2,1,12,9,8,-12,-1,None
0,-1,-5,0,-14,-6,0,-1,0,1,12,9,8,-12,-1,None
0,-1,-5,0,-14,-6,0,-1,0,1,12,9,8,-12,-1,None
0,-1,-5,0,-14,-6,0,-1,0,1,12,9,8,-12,-1,None
0,-1,2,0,5,-5,-1,-1,-1,1,12,9,8,-12,-1,None
0,0,-5,-1,-4,7,-2,-2,-1,1,12,9,8,-12,-1,None
0,-6,11,-2,-10,-6,-1,-2,-2,1,12,9,8,-12,-1,None
0,4,24,7,-5,-10,0,-1,-2,1,12,9,8,-12,-1,None
0,4,24,7,-5,-10,0,-1,-2,1,12,9,8,-12,-1,None
0,4,24,7,-5,-10,0,-1,-2,1,12,9,8,-12,-1,None
0,1,-33,-16,7,3,-6,-5,-2,1,12,9,8,-12,-1,None
0,-3,7,1,7,9,0,-2,-3,1,12,9,8,-12,-1,None
0,-2,-4,-1,-13,-4,-1,0,-1,1,12,9,8,-12,-1,None
0,-3,3,0,7,-2,0,-1,1,1,12,9,8,-12,-1,None
0,-3,3,0,7,-2,0,-1,1,1,12,9,8,-12,-1,None
0,-3,3,0,7,-2,0,-1,1,1,12,9,8,-12,-1,None
0,0,5,1,-2,0,0,0,0,1,12,9,8,-12,-1,None
0,-1,-3,-4,-11,-3,-2,-1,1,1,12,9,8,-12,-1,None
0,1,3,0,28,-1,-1,-2,-2,1,12,9,8,-12,-1,None
0,0,-3,0,16,1,0,0,-1,1,12,9,8,-12,-1,None
0,0,-3,0,16,1,0,0,-1,1,12,9,8,-12,-1,None
0,0,-3,0,16,1,0,0,-1,1,12,9,8,-12,-1,None
0,-2,3,-3,-22,-8,-4,-3,-3,1,12,9,8,-12,-1,None
0,-1,-2,-4,-17,1,-2,-1,-2,1,12,9,8,-12,-1,None
0,-5,3,1,14,1,0,-1,-2,1,12,9,8,-12,-1,None
0,-2,-11,-3,5,-5,-2,-2,-1,1,12,9,8,-12,-1,None
0,-2,-11,-3,5,-5,-2,-2,-1,1,12,9,8,-12,-1,None
0,-2,-11,-3,5,-5,-2,-2,-1,1,12,9,8,-12,-1,None
0,-1,2,1,3,1,1,1,0,1,12,9,8,-12,-1,None
0,2,6,1,8,-3,1,-1,-2,1,12,9,8,-12,-1,None
0,-3,-3,-5,-3,-3,-2,-1,0,1,12,9,8,-12,-1,None
0,3,30,-2,-9,5,0,-2,-1,1,12,9,8,-12,-1,None
0,3,30,-2,-9,5,0,-2,-1,1,12,9,8,-12,-1,None
0,3,30,-2,-9,5,0,-2,-1,1,12,9,8,-12,-1,None
0,-3,0,0,14,1,-1,-2,-1,1,12,9,8,-12,-1,None
0,-2,-3,0,-56,-7,-4,-3,0,1,12,9,8,-12,-1,None
0,-6,-2,0,3,26,2,-1,-4,1,12,9,8,-12,-1,None
0,-1,-4,-6,-7,-6,-4,-2,-4,1,12,9,8,-12,-1,None
0,-1,-4,-6,-7,-6,-4,-2,-4,1,12,9,8,-12,-1,None
0,-1,-4,-6,-7,-6,-4,-2,-4,1,12,9,8,-12,-1,None
0,-1,7,4,3,2,1,-2,-1,1,12,9,8,-12,-1,None
0,-1,-1,-1,16,0,0,-1,0,1,12,9,8,-12,-1,None
0,-3,6,1,13,-4,0,-1,-1,1,12,9,8,-12,-1,None
0,0,-10,-5,-24,-1,-1,-1,-2,1,12,9,8,-12,-1,None
0,0,-10,-5,-24,-1,-1,-1,-2,1,12,9,8,-12,-1,None
0,0,-10,-5,-24,-1,-1,-1,-2,1,12,9,8,-12,-1,None
0,0,-3,2,8,6,0,1,-2,1,12,9,8,-12,-1,None
0,-3,-7,-4,9,-2,-1,-3,-3,1,12,9,8,-12,-1,None
0,0,2,-6,-11,-6,-3,-4,-1,1,12,9,8,-12,-1,None
0,-5,-12,-1,4,6,-1,0,-2,1,12,9,8,-12,-1,None
0,-5,-12,-1,4,6,-1,0,-2,1,12,9,8,-12,-1,None
0,-5,-12,-1,4,6,-1,0,-2,1,12,9,8,-12,-1,None
0,0,0,-2,-19,-5,-1,-1,-1,1,12,9,8,-12,-1,None
0,-3,6,-1,0,2,1,0,-2,1,12,9,8,-12,-1,None
0,1,9,1,3,-10,-2,0,0,1,12,9,8,-12,-1,None
0,-4,-34,-5,-23,3,-2,-1,-1,1,12,9,8,-12,-1,None
0,-4,-34,-5,-23,3,-2,-1,-1,1,12,9,8,-12,-1,None
0,-4,-34,-5,-23,3,-2,-1,-1,1,12,9,8,-12,-1,None
0,2,17,0,15,0,-2,-1,-1,1,12,9,8,-12,-1,None
0,-7,-36,-6,8,-2,-2,-2,-2,1,12,9,8,-12,-1,None
0,3,4,-1,-24,-5,-3,-1,-2,1,12,9,8,-12,-1,None
0,1,-4,2,7,5,-1,-2,-2,1,12,9,8,-12,-1,None
0,1,-4,2,7,5,-1,-2,-2,1,12,9,8,-12,-1,None
0,1,-4,2,7,5,-1,-2,-2,1,12,9,8,-12,-1,None
0,-2,15,-3,2,1,-1,-1,-1,1,12,9,8,-12,-1,None
0,-1,6,1,-3,1,0,-1,0,1,12,9,8,-12,-1,None
0,-2,-2,-17,21,-2,-2,-2,-1,1,12,9,8,-12,-1,None
0,-4,-5,-2,-1,4,-1,-2,-1,1,12,9,8,-12,-1,None
0,-4,-5,-2,-1,4,-1,-2,-1,1,12,9,8,-12,-1,None
0,-4,-5,-2,-1,4,-1,-2,-1,1,12,9,8,-12,-1,None
0,-1,4,-1,-2,2,1,-2,-4,1,12,9,8,-12,-1,None
