0,-17,-3,-3,-23,3,-2,-14,-23,1,12,9,3,-14,-3,None
0,18,15,1,-48,13,-4,0,3,1,12,9,3,-14,-3,None
0,-8,-33,-1,-10,-8,1,12,3,1,12,9,3,-14,-3,None
0,-8,-33,-1,-10,-8,1,12,3,0,12,9,3,-14,-3,None
0,-8,-33,-1,-10,-8,1,12,3,0,12,9,3,-14,-3,None
0,3,2,3,24,13,11,15,8,0,12,9,3,-14,-3,None
0,6,7,0,-14,-15,-12,-19,-31,0,12,9,3,-14,-3,None
0,-12,-8,-6,33,14,3,12,58,0,12,9,3,-14,-3,None
0,6,13,1,20,27,14,13,9,0,12,9,3,-14,-3,None
0,6,13,1,20,27,14,13,9,0,12,9,3,-14,-3,None
0,6,13,1,20,27,14,13,9,0,12,9,2,-14,-3,None
0,-3,4,-3,-40,3,-6,-3,-33,0,12,9,2,-14,-3,None
0,3,-13,7,79,-11,6,-2,31,0,12,9,2,-14,-3,None
0,-12,9,-5,-25,6,-8,-15,-27,0,12,9,2,-14,-3,None
0,6,12,5,-5,13,-9,-14,-21,0,12,9,2,-14,-3,None
0,6,12,5,-5,13,-9,-14,-21,0,12,8,2,-14,-3,None
0,6,12,5,-5,13,-9,-14,-21,0,12,8,2,-15,-3,None
0,-5,-7,-4,27,-9,3,0,1,0,12,8,2,-15,-3,None
0,0,9,-2,6,16,14,11,-4,0,12,8,2,-15,-3,None
0,0,-11,-10,-19,-22,-4,12,-4,0,12,8,2,-15,-3,None
0,-4,4,0,16,10,-8,-16,-12,0,12,8,2,-15,-3,None
0,-4,4,0,16,10,-8,-16,-12,0,13,8,2,-15,-3,None
0,-4,4,0,16,10,-8,-16,-12,0,13,8,2,-14,-3,None
0,0,5,10,44,15,4,-6,-11,0,13,8,2,-14,-3,None
0,-1,1,-16,-35,-8,-7,10,3,0,13,8,2,-14,-3,None
0,-3,-9,-4,-35,-13,-1,0,22,0,13,8,2,-14,-3,None
0,6,3,-2,11,-14,-1,10,1,0,13,8,2,-14,-3,None
0,6,3,-2,11,-14,-1,10,1,0,13,8,2,-14,-3,None
0,6,3,-2,11,-14,-1,10,1,0,13,8,1,-14,-3,None
0,-4,0,3,56,9,-8,-32,-10,0,13,8,1,-14,-3,None
0,-2,-3,-3,-43,-4,11,26,-25,0,13,8,1,-14,-3,None
0,3,-4,-1,14,17,5,-9,77,0,13,8,1,-14,-3,None
0,1,3,3,15,6,-2,21,-2,0,13,8,1,-14,-3,None
0,1,3,3,15,6,-2,21,-2,0,12,8,1,-14,-3,None
0,1,3,3,15,6,-2,21,-2,0,12,8,0,-14,-3,None
0,-3,0,2,-5,-4,-11,-6,0,0,12,8,0,-14,-3,None
0,-4,3,-8,-10,-15,-7,-7,11,0,12,8,0,-14,-3,None
0,1,-6,-8,44,18,10,7,-39,0,12,8,0,-14,-3,None
0,-6,2,-9,-20,-17,-11,-38,-37,0,12,8,0,-14,-3,None
0,-6,2,-9,-20,-17,-11,-38,-37,0,12,8,0,-14,-3,None
0,-6,2,-9,-20,-17,-11,-38,-37,0,12,8,0,-13,-3,None
0,6,5,-1,36,14,5,30,48,0,12,8,0,-13,-3,None
0,-1,4,-6,-49,-15,-6,-18,-1,0,12,8,0,-13,-3,None
0,-7,-5,-4,27,23,4,-2,-30,0,12,8,0,-13,-3,None
0,-1,-2,-10,9,21,-3,-26,-41,0,12,8,0,-13,-3,None
0,-1,-2,-10,9,21,-3,-26,-41,17,12,8,0,-13,-3,None
0,-1,-2,-10,9,21,-3,-26,-41,17,12,8,0,-14,-2,None
0,-3,-2,-9,-46,-16,-2,23,53,17,12,8,0,-14,-2,None
0,1,6,7,34,6,3,-3,11,17,12,8,0,-14,-2,None
0,-2,1,5,-29,-31,-7,-8,-75,17,12,8,0,-14,-2,None
0,-5,-1,-10,-44,-3,7,9,50,17,12,8,0,-14,-2,None
0,-5,-1,-10,-44,-3,7,9,50,17,12,8,0,-14,-2,None
0,-5,-1,-10,-44,-3,7,9,50,17,12,8,0,-14,-2,None
0,2,-1,0,2,-14,-14,-26,-24,17,12,8,0,-14,-2,None
0,4,3,3,-5,4,1,11,5,17,12,8,0,-14,-2,None
0,-4,-3,-3,11,12,9,13,1,17,12,8,0,-14,-2,None
0,-4,-9,-11,9,-12,-7,-10,-10,17,12,8,0,-14,-2,None
0,-4,-9,-11,9,-12,-7,-10,-10,17,12,8,0,-14,-2,None
0,-4,-9,-11,9,-12,-7,-10,-10,17,12,8,0,-14,-2,None
0,-3,-1,-1,-17,-7,-3,-3,-1,17,12,8,0,-14,-2,None
0,-1,0,0,7,-3,-11,-25,-10,17,12,8,0,-14,-2,None
0,-5,-1,-2,-19,0,-5,15,33,17,12,8,0,-14,-2,None
0,-6,12,14,18,3,1,4,-7,17,12,8,0,-14,-2,None
0,-6,12,14,18,3,1,4,-7,17,12,7,0,-14,-2,None
0,-6,12,14,18,3,1,4,-7,17,12,7,0,-13,-2,None
0,7,-24,-20,25,0,14,8,-8,17,12,7,0,-13,-2,None
0,-4,0,7,-15,2,-9,-10,-22,17,12,7,0,-13,-2,None
0,1,2,3,-22,-3,-4,-9,24,17,12,7,0,-13,-2,None
0,-4,6,-5,-6,-19,1,0,-19,17,12,7,0,-13,-2,None
0,-4,6,-5,-6,-19,1,0,-19,17,12,7,0,-13,-2,None
0,-4,6,-5,-6,-19,1,0,-19,17,12,7,-1,-13,-2,None
0,-5,4,-8,14,15,-1,-1,-48,17,12,7,-1,-13,-2,None
0,-5,2,12,-28,3,2,8,14,17,12,7,-1,-13,-2,None
0,5,-5,-14,13,-23,-12,-31,-17,17,12,7,-1,-13,-2,None
0,-9,-3,-3,-3,12,5,37,7,17,12,7,-1,-13,-2,None
0,-9,-3,-3,-3,12,5,37,7,17,12,7,-1,-13,-2,None
0,-9,-3,-3,-3,12,5,37,7,17,12,7,-1,-13,-2,None
0,-8,4,-4,-26,-5,-1,-28,-25,17,12,7,-1,-13,-2,None
0,10,3,5,106,30,8,17,3,17,12,7,-1,-13,-2,None
0,-8,-1,-6,-80,-17,-9,-2,-20,17,12,7,-1,-13,-2,None
0,11,0,-2,-14,-13,-5,-8,46,17,12,7,-1,-13,-2,None
0,11,0,-2,-14,-13,-5,-8,46,17,12,7,-1,-13,-2,None
0,11,0,-2,-14,-13,-5,-8,46,17,12,7,-1,-13,-3,None
0,-3,0,1,8,22,2,-9,13,17,12,7,-1,-13,-3,None
0,-7,10,-3,-24,7,-1,15,12,17,12,7,-1,-13,-3,None
0,-8,6,14,15,6,6,-2,2,17,12,7,-1,-13,-3,None
0,3,-18,-21,-5,-8,-5,-9,-43,17,12,7,-1,-13,-3,None
0,3,-18,-21,-5,-8,-5,-9,-43,17,12,7,-1,-13,-3,None
0,3,-18,-21,-5,-8,-5,-9,-43,17,12,7,-2,-13,-2,None
0,1,9,6,-10,-1,1,10,32,17,12,7,-2,-13,-2,None
0,-3,-5,-10,-15,-5,0,-6,4,17,12,7,-2,-13,-2,None
0,9,0,-6,12,-3,-11,-13,-35,17,12,7,-2,-13,-2,None
0,-7,10,12,-6,16,1,7,21,17,12,7,-2,-13,-2,None
0,-7,10,12,-6,16,1,7,21,17,12,7,-2,-13,-2,None
0,-7,10,12,-6,16,1,7,21,17,12,7,-2,-13,-2,None
0,1,1,4,42,-3,3,-3,-5,17,12,7,-2,-13,-2,None
0,-3,-4,-14,-35,-5,-12,-19,-39,17,12,7,-2,-13,-2,None
0,-2,-7,6,38,-1,1,0,30,17,12,7,-2,-13,-2,None
0,-2,4,1,-76,-5,-4,-15,-10,17,12,7,-2,-13,-2,None
0,-2,4,1,-76,-5,-4,-15,-10,16,12,7,-2,-13,-2,None
0,-2,4,1,-76,-5,-4,-15,-10,16,12,7,-2,-13,-3,None
0,-5,-11,-15,9,9,2,3,-22,16,12,7,-2,-13,-3,None
0,4,11,13,46,6,5,-8,6,16,12,7,-2,-13,-3,None
0,-2,10,1,50,-1,-9,0,-11,16,12,7,-2,-13,-3,None
0,2,-2,-5,-7,-9,-8,-20,-52,16,12,7,-2,-13,-3,None
0,2,-2,-5,-7,-9,-8,-20,-52,16,12,7,-2,-13,-3,None
0,2,-2,-5,-7,-9,-8,-20,-52,16,12,7,-2,-12,-2,None
0,2,6,-1,-52,-8,9,48,56,16,12,7,-2,-12,-2,None
0,-5,-4,-3,-2,7,1,-4,-20,16,12,7,-2,-12,-2,None
0,-10,6,1,21,5,-2,-16,0,16,12,7,-2,-12,-2,None
0,11,7,1,27,1,-1,34,16,16,12,7,-2,-12,-2,None
0,11,7,1,27,1,-1,34,16,16,12,7,-2,-12,-2,None
0,11,7,1,27,1,-1,34,16,16,12,7,-3,-13,-2,None
0,-15,4,4,-3,-10,-7,-26,-34,16,12,7,-3,-13,-2,None
0,4,-6,-11,-20,-3,-2,-1,1,16,12,7,-3,-13,-2,None
0,-10,0,-1,-12,2,1,4,-1,16,12,7,-3,-13,-2,None
0,-11,2,-3,4,5,8,16,49,16,12,7,-3,-13,-2,None
0,-11,2,-3,4,5,8,16,49,16,12,7,-3,-13,-2,None
0,-11,2,-3,4,5,8,16,49,16,12,7,-3,-13,-2,None
0,3,-3,1,5,8,-6,-38,-34,16,12,7,-3,-13,-2,None
0,2,6,-1,22,-4,2,21,-54,16,12,7,-3,-13,-2,None
0,7,34,-1,-3,7,10,24,27,16,12,7,-3,-13,-2,None
0,4,-7,-4,-40,-22,-8,-5,-10,16,12,7,-3,-13,-2,None
0,4,-7,-4,-40,-22,-8,-5,-10,16,12,7,-3,-13,-2,None
0,4,-7,-4,-40,-22,-8,-5,-10,16,12,7,-3,-13,-1,None
0,-3,-8,5,83,16,1,4,7,16,12,7,-3,-13,-1,None
0,-18,-12,-13,-55,-2,-18,-53,-28,16,12,7,-3,-13,-1,None
0,10,-3,-3,-13,-15,8,16,-20,16,12,7,-3,-13,-1,None
0,3,11,7,66,19,10,10,-2,16,12,7,-3,-13,-1,None
0,3,11,7,66,19,10,10,-2,16,12,7,-3,-13,-1,None
0,3,11,7,66,19,10,10,-2,16,12,7,-4,-13,-1,None
0,3,4,-4,-72,-14,-6,3,-8,16,12,7,-4,-13,-1,None
0,-4,-1,-4,7,1,-11,-53,-35,16,12,7,-4,-13,-1,None
0,0,-22,-1,-9,13,6,44,79,16,12,7,-4,-13,-1,None
0,16,7,8,-9,-7,-3,-14,8,16,12,7,-4,-13,-1,None
0,16,7,8,-9,-7,-3,-14,8,16,12,7,-4,-13,-1,None
0,16,7,8,-9,-7,-3,-14,8,16,12,7,-4,-13,-1,None
0,2,-25,3,-9,-1,-1,38,98,16,12,7,-4,-13,-1,None
0,-4,-3,-6,-2,-7,3,-3,-45,16,12,7,-4,-13,-1,None
0,-5,11,1,20,-1,-12,-27,27,16,12,7,-4,-13,-1,None
0,-3,-4,-2,6,6,5,2,-66,16,12,7,-4,-13,-1,None
0,-3,-4,-2,6,6,5,2,-66,16,12,7,-4,-13,-1,None
0,-3,-4,-2,6,6,5,2,-66,16,12,7,-4,-14,-1,None
0,9,10,-6,-51,10,3,-22,32,16,12,7,-4,-14,-1,None
0,2,6,2,36,3,-2,20,8,16,12,7,-4,-14,-1,None
0,2,-7,2,11,-7,-8,29,53,16,12,7,-4,-14,-1,None
0,-10,-38,-7,-19,-6,6,-13,25,16,12,7,-4,-14,-1,None
0,-10,-38,-7,-19,-6,6,-13,25,16,12,7,-4,-14,-1,None
0,-10,-38,-7,-19,-6,6,-13,25,16,12,7,-4,-13,-1,None
0,-1,11,-2,-6,5,-10,-11,-47,16,12,7,-4,-13,-1,None
0,-16,-1,0,18,0,6,-13,-11,16,12,7,-4,-13,-1,None
0,2,-2,-7,-5,8,7,-31,32,16,12,7,-4,-13,-1,None
0,8,0,0,-4,4,-7,28,-15,16,12,7,-4,-13,-1,None
0,8,0,0,-4,4,-7,28,-15,16,12,7,-4,-13,-1,None
0,8,0,0,-4,4,-7,28,-15,16,12,7,-5,-13,-2,None
0,-5,4,-3,3,-13,1,21,37,16,12,7,-5,-13,-2,None
0,1,-9,-1,11,-9,-8,-11,-6,16,12,7,-5,-13,-2,None
0,-8,-1,0,-2,14,6,-19,-79,16,12,7,-5,-13,-2,None
0,5,36,13,41,-13,-14,-49,-3,16,12,7,-5,-13,-2,None
0,5,36,13,41,-13,-14,-49,-3,16,12,7,-5,-13,-2,None
0,5,36,13,41,-13,-14,-49,-3,16,12,7,-5,-14,-2,None
0,6,-4,-21,-42,-7,10,58,19,16,12,7,-5,-14,-2,None
0,9,4,4,16,2,-2,28,45,16,12,7,-5,-14,-2,None
0,-10,2,-2,-6,-8,-12,-29,-76,16,12,7,-5,-14,-2,None
0,5,1,-2,-18,10,9,-13,35,16,12,7,-5,-14,-2,None
0,5,1,-2,-18,10,9,-13,35,16,12,7,-5,-14,-2,None
0,5,1,-2,-18,10,9,-13,35,16,12,7,-5,-13,-2,None
0,2,10,3,67,1,-9,-26,-36,16,12,7,-5,-13,-2,None
0,-5,12,-11,-26,1,4,5,-10,16,12,7,-5,-13,-2,None
0,1,-21,-4,-15,2,-5,8,-23,16,12,7,-5,-13,-2,None
0,-5,-3,-1,6,-5,-3,-12,-11,16,12,7,-5,-13,-2,None
0,-5,-3,-1,6,-5,-3,-12,-11,16,12,7,-5,-13,-2,None
0,-5,-3,-1,6,-5,-3,-12,-11,16,12,7,-5,-13,-1,None
0,-2,7,5,18,2,-2,-3,1,16,12,7,-5,-13,-1,None
0,5,4,-4,-14,4,6,18,4,16,12,7,-5,-13,-1,None
0,12,0,0,9,6,6,28,52,16,12,7,-5,-13,-1,None
0,-7,2,-6,32,15,-1,-48,-57,16,12,7,-5,-13,-1,None
0,-7,2,-6,32,15,-1,-48,-57,16,12,7,-5,-13,-1,None
0,-7,2,-6,32,15,-1,-48,-57,16,12,7,-5,-13,-1,None
0,4,-3,-3,-18,-1,3,40,24,16,12,7,-5,-13,-1,None
0,2,-5,1,-2,0,7,-30,24,16,12,7,-5,-13,-1,None
0,5,0,-4,-13,-9,-5,40,41,16,12,7,-5,-13,-1,None
0,-12,-4,0,0,6,1,-4,7,16,12,7,-5,-13,-1,None
0,-12,-4,0,0,6,1,-4,7,16,12,7,-5,-13,-1,None
0,-12,-4,0,0,6,1,-4,7,16,12,7,-5,-13,-1,None
0,-6,-2,-5,-41,-9,-5,-7,-44,16,12,7,-5,-13,-1,None
0,-2,-10,7,49,19,0,-34,28,16,12,7,-5,-13,-1,None
0,0,7,-2,-24,-14,3,41,14,16,12,7,-5,-13,-1,None
0,2,4,-10,-18,-12,-18,6,-9,16,12,7,-5,-13,-1,None
0,2,4,-10,-18,-12,-18,6,-9,16,12,7,-5,-13,-1,None
0,2,4,-10,-18,-12,-18,6,-9,16,12,7,-5,-13,-1,None
0,-34,11,3,10,2,-4,-89,-55,16,12,7,-5,-13,-1,None
0,70,10,2,1,9,16,90,53,16,12,7,-5,-13,-1,None
0,-13,-10,-6,-6,-3,-7,-41,-84,16,12,7,-5,-13,-1,None
0,-9,0,-3,10,3,-1,25,43,16,12,7,-5,-13,-1,None
0,-9,0,-3,10,3,-1,25,43,16,12,7,-5,-13,-1,None
0,-9,0,-3,10,3,-1,25,43,16,12,7,-5,-13,-1,None
0,-11,1,5,17,-3,-9,-24,-51,16,12,7,-5,-13,-1,None
0,-16,-6,-8,-47,-6,-2,-14,-17,16,12,7,-5,-13,-1,None
0,-13,2,-4,-1,-2,-7,-58,-26,16,12,7,-5,-13,-1,None
0,26,6,3,13,13,14,80,14,16,12,7,-5,-13,-1,None
0,26,6,3,13,13,14,80,14,16,12,7,-5,-13,-1,None
0,26,6,3,13,13,14,80,14,16,12,7,-5,-13,-2,None
0,5,0,6,62,6,-4,-28,-45,16,12,7,-5,-13,-2,None
0,-16,-10,-19,-89,-10,5,22,39,16,12,7,-5,-13,-2,None
0,-2,-10,-5,2,-8,-8,-40,-34,16,12,7,-5,-13,-2,None
0,-12,5,1,-3,1,-7,-8,66,16,12,7,-5,-13,-2,None
0,-12,5,1,-3,1,-7,-8,66,16,12,7,-5,-13,-2,None
0,-12,5,1,-3,1,-7,-8,66,16,12,7,-5,-13,-1,None
0,-2,-1,-4,-5,-11,-6,-7,20,16,12,7,-5,-13,-1,None
0,-4,-3,3,31,15,11,-7,-49,16,12,7,-5,-13,-1,None
0,8,13,-3,1,3,4,43,-59,16,12,7,-5,-13,-1,None
0,-5,-10,-12,-21,-8,-3,-18,10,16,12,7,-5,-13,-1,None
0,-5,-10,-12,-21,-8,-3,-18,10,16,12,7,-5,-13,-1,None
0,-5,-10,-12,-21,-8,-3,-18,10,16,12,7,-5,-13,-1,None
0,8,-12,-1,-17,1,1,25,80,16,12,7,-5,-13,-1,None
0,-14,-3,11,9,-9,-11,8,-31,16,12,7,-5,-13,-1,None
0,24,-1,-10,-2,3,2,-37,16,16,12,7,-5,-13,-1,None
0,-35,-8,3,3,-4,-5,-31,-104,16,12,7,-5,-13,-1,None
0,-35,-8,3,3,-4,-5,-31,-104,16,12,7,-5,-13,-1,None
0,-35,-8,3,3,-4,-5,-31,-104,16,12,7,-5,-13,-1,None
0,52,0,-5,-2,11,15,85,45,16,12,7,-5,-13,-1,None
0,-22,14,0,7,-10,-12,-55,-37,16,12,7,-5,-13,-1,None
0,-5,6,-2,0,3,-5,15,-3,16,12,7,-5,-13,-1,None
0,-4,-2,3,-1,5,4,-35,-42,16,12,7,-5,-13,-1,None
0,-4,-2,3,-1,5,4,-35,-42,16,12,7,-5,-13,-1,None
0,-4,-2,3,-1,5,4,-35,-42,16,12,7,-5,-14,-1,None
0,6,-5,0,-1,-3,3,27,57,16,12,7,-5,-14,-1,None
0,-4,6,-6,2,3,-5,-31,-88,16,12,7,-5,-14,-1,None
0,3,-20,-5,19,3,-7,23,103,16,12,7,-5,-14,-1,None
0,-2,12,-3,6,0,5,6,-43,16,12,7,-5,-14,-1,None
0,-2,12,-3,6,0,5,6,-43,16,12,7,-5,-14,-1,None
0,-2,12,-3,6,0,5,6,-43,16,12,7,-5,-14,-1,None
0,-27,10,9,15,7,-3,-33,-105,16,12,7,-5,-14,-1,None
0,34,2,-5,-13,4,24,62,110,16,12,7,-5,-14,-1,None
0,-16,4,1,-7,-6,-8,-20,-48,16,12,7,-5,-14,-1,None
0,-3,1,-2,0,2,-9,-45,-21,16,12,7,-5,-14,-1,None
0,-3,1,-2,0,2,-9,-45,-21,16,12,7,-5,-14,-1,None
0,-3,1,-2,0,2,-9,-45,-21,16,12,7,-5,-14,-1,None
0,21,4,-1,5,4,6,34,3,16,12,7,-5,-14,-1,None
0,-18,-15,4,13,-8,-17,-21,-10,16,12,7,-5,-14,-1,None
0,-7,7,-2,-4,7,4,-15,59,16,12,7,-5,-14,-1,None
0,13,3,-3,-7,-3,6,10,-1,16,12,7,-5,-14,-1,None
0,13,3,-3,-7,-3,6,10,-1,16,12,7,-5,-14,-1,None
0,13,3,-3,-7,-3,6,10,-1,16,12,7,-5,-14,-1,None
0,-10,3,-7,-22,-5,-10,-36,-86,16,12,7,-5,-14,-1,None
0,-2,10,4,6,-3,-11,15,27,16,12,7,-5,-14,-1,None
0,2,1,-2,8,10,16,11,-36,16,12,7,-5,-14,-1,None
0,5,-17,-11,11,3,-1,22,89,16,12,7,-5,-14,-1,None
0,5,-17,-11,11,3,-1,22,89,16,12,7,-5,-14,-1,None
0,5,-17,-11,11,3,-1,22,89,16,12,7,-5,-14,-1,None
0,-18,2,-6,-14,-4,-7,-18,-28,16,12,7,-5,-14,-1,None
0,-3,-1,-1,3,-8,-7,-17,10,16,12,7,-5,-14,-1,None
0,1,5,9,34,-1,2,18,-76,16,12,7,-5,-14,-1,None
0,-11,-12,-4,-52,-10,-6,28,55,16,12,7,-5,-14,-1,None
0,-11,-12,-4,-52,-10,-6,28,55,16,12,7,-5,-14,-1,None
0,-11,-12,-4,-52,-10,-6,28,55,16,12,7,-5,-13,-1,None
0,3,6,-3,-9,6,3,-15,-28,16,12,7,-5,-13,-1,None
0,-6,-15,-5,-5,4,0,-39,-19,16,12,7,-5,-13,-1,None
0,0,-2,6,-2,-2,-5,-17,-58,16,12,7,-5,-13,-1,None
0,9,15,2,8,2,0,24,32,16,12,7,-5,-13,-1,None
0,9,15,2,8,2,0,24,32,16,12,7,-5,-13,-1,None
0,9,15,2,8,2,0,24,32,16,12,7,-5,-13,-1,None
0,-3,-5,-7,-13,-7,-10,2,40,16,12,7,-5,-13,-1,None
0,-3,4,-3,5,-3,-5,0,-42,16,12,7,-5,-13,-1,None
0,-14,-29,-5,-14,-4,-7,-49,-19,16,12,7,-5,-13,-1,None
0,11,7,0,0,14,14,41,4,16,12,7,-5,-13,-1,None
0,11,7,0,0,14,14,41,4,16,12,7,-5,-13,-1,None
0,11,7,0,0,14,14,41,4,16,12,7,-5,-13,-1,None
0,-11,-6,-3,-3,-6,-3,-19,-36,16,12,7,-5,-13,-1,None
0,2,-3,1,16,0,-8,13,62,16,12,7,-5,-13,-1,None
0,-14,11,-5,-7,-3,2,0,8,16,12,7,-5,-13,-1,None
0,-6,4,-1,-1,1,2,-20,-42,16,12,7,-5,-13,-1,None
0,-6,4,-1,-1,1,2,-20,-42,16,12,7,-5,-13,-1,None
0,-6,4,-1,-1,1,2,-20,-42,16,12,7,-5,-14,-1,None
0,1,-4,-2,3,0,0,-29,8,16,12,7,-5,-14,-1,None
0,6,16,2,2,3,7,42,-4,16,12,7,-5,-14,-1,None
0,0,-3,-4,-11,-6,-5,-2,35,16,12,7,-5,-14,-1,None
0,-1,-1,-2,0,1,-6,-1,13,16,12,7,-5,-14,-1,None
0,-1,-1,-2,0,1,-6,-1,13,16,12,7,-5,-14,-1,None
0,-1,-1,-2,0,1,-6,-1,13,16,12,7,-5,-14,-1,None
0,-5,5,8,9,5,5,-32,-38,16,12,7,-5,-14,-1,None
0,-12,-16,-7,22,1,-7,-9,-14,16,12,7,-5,-14,-1,None
0,6,4,-8,-74,-4,2,40,8,16,12,7,-5,-14,-1,None
0,7,-1,-7,-19,-3,1,17,27,16,12,7,-5,-14,-1,None
0,7,-1,-7,-19,-3,1,17,27,16,12,7,-5,-14,-1,None
0,7,-1,-7,-19,-3,1,17,27,16,12,7,-5,-14,-1,None
0,0,-1,-4,43,5,-1,-1,-18,16,12,7,-5,-14,-1,None
0,2,7,1,-42,-9,0,-32,-13,16,12,7,-5,-14,-1,None
0,-3,2,0,6,0,-2,45,3,16,12,7,-5,-14,-1,None
0,-2,4,-1,14,4,5,-13,15,16,12,7,-5,-14,-1,None
0,-2,4,-1,14,4,5,-13,15,16,12,7,-5,-14,-1,None
0,-2,4,-1,14,4,5,-13,15,16,12,7,-5,-13,-1,None
0,-7,2,0,11,-9,-18,-44,-62,16,12,7,-5,-13,-1,None
0,5,1,-2,6,24,23,41,33,16,12,7,-5,-13,-1,None
0,0,3,-4,14,2,0,-32,-7,16,12,7,-5,-13,-1,None
0,-2,0,-7,-14,-11,-12,-7,-34,16,12,7,-5,-13,-1,None
0,-2,0,-7,-14,-11,-12,-7,-34,16,12,7,-5,-13,-1,None
0,-2,0,-7,-14,-11,-12,-7,-34,16,12,7,-5,-13,-1,None
0,-1,-3,-1,-6,4,8,13,28,16,12,7,-5,-13,-1,None
0,-5,-2,-3,5,-5,-10,-21,-16,16,12,7,-5,-13,-1,None
0,2,2,3,32,13,-1,-2,13,16,12,7,-5,-13,-1,None
0,0,-2,-4,-43,-14,-2,-10,-14,16,12,7,-5,-13,-1,None
0,0,-2,-4,-43,-14,-2,-10,-14,16,12,7,-5,-13,-1,None
0,0,-2,-4,-43,-14,-2,-10,-14,16,12,7,-5,-14,-1,None
0,1,1,3,33,16,0,18,22,16,12,7,-5,-14,-1,None
0,-3,-1,-11,-56,-15,-3,-1,15,16,12,7,-5,-14,-1,None
0,1,4,-4,5,33,3,7,8,16,12,7,-5,-14,-1,None
0,-4,1,8,75,-19,-8,-16,-23,16,12,7,-5,-14,-1,None
0,-4,1,8,75,-19,-8,-16,-23,16,12,7,-5,-14,-1,None
0,-4,1,8,75,-19,-8,-16,-23,16,12,7,-5,-14,-1,None
0,-1,3,-9,-75,-31,6,10,28,16,12,7,-5,-14,-1,None
0,-4,2,3,14,33,-1,2,-10,16,12,7,-5,-14,-1,None
0,1,-1,-5,6,-23,1,-9,-2,16,12,7,-5,-14,-1,None
0,-1,2,0,-37,16,0,-7,-5,16,12,7,-5,-14,-1,None
0,-1,2,0,-37,16,0,-7,-5,16,12,7,-5,-14,-1,None
0,-1,2,0,-37,16,0,-7,-5,16,12,7,-5,-14,-2,None
0,2,-1,4,64,-6,3,15,24,16,12,7,-5,-14,-2,None
0,-2,-2,-16,-42,-35,-12,-4,1,16,12,7,-5,-14,-2,None
0,-2,0,-1,31,25,1,-10,-14,16,12,7,-5,-14,-2,None
0,1,2,7,12,-14,-5,2,8,16,12,7,-5,-14,-2,None
0,1,2,7,12,-14,-5,2,8,16,12,7,-5,-14,-2,None
0,1,2,7,12,-14,-5,2,8,16,12,7,-5,-13,-2,None
0,-1,5,11,27,8,4,9,11,16,12,7,-5,-13,-2,None
0,-1,-4,-6,3,12,-23,-7,-10,16,12,7,-5,-13,-2,None
0,-2,2,-1,13,-37,-2,-10,1,16,12,7,-5,-13,-2,None
0,0,2,-1,-14,31,8,4,-5,16,12,7,-5,-13,-2,None
0,0,2,-1,-14,31,8,4,-5,16,12,7,-5,-13,-2,None
0,0,2,-1,-14,31,8,4,-5,16,12,7,-4,-13,-2,None
0,-2,-2,1,6,6,11,1,4,16,12,7,-4,-13,-2,None
0,-2,-1,-7,-16,-5,-13,-8,-8,16,12,7,-4,-13,-2,None
0,0,1,5,-20,-27,1,0,1,16,12,7,-4,-13,-2,None
0,-3,0,-3,4,11,-17,-5,-9,16,12,7,-4,-13,-2,None
0,-3,0,-3,4,11,-17,-5,-9,16,12,7,-4,-13,-2,None
0,-3,0,-3,4,11,-17,-5,-9,16,12,7,-4,-13,-2,None
0,-3,-1,-14,-76,-16,-11,-1,-2,16,12,7,-4,-13,-2,None
0,0,2,5,95,36,12,0,5,16,12,7,-4,-13,-2,None
0,1,2,-6,-33,-1,1,4,4,16,12,7,-4,-13,-2,None
0,-2,-1,1,40,-16,2,-5,-3,16,12,7,-4,-13,-2,None
0,-2,-1,1,40,-16,2,-5,-3,16,12,7,-4,-13,-2,None
0,-2,-1,1,40,-16,2,-5,-3,16,12,7,-4,-13,-1,None
0,-2,-3,-1,0,10,-4,-1,4,16,12,7,-4,-13,-1,None
0,-3,1,0,-30,-27,-4,-3,-4,16,12,7,-4,-13,-1,None
0,-2,-2,-2,12,13,3,-3,4,16,12,7,-4,-13,-1,None
0,-2,-1,-6,12,6,-2,-1,-1,16,12,7,-4,-13,-1,None
0,-2,-1,-6,12,6,-2,-1,-1,16,12,7,-4,-13,-1,None
0,-2,-1,-6,12,6,-2,-1,-1,16,12,7,-4,-12,-1,None
0,-1,1,-4,-31,-8,0,3,19,16,12,7,-4,-12,-1,None
0,1,0,5,18,9,0,-1,-10,16,12,7,-4,-12,-1,None
0,-1,1,2,0,1,0,-4,7,16,12,7,-4,-12,-1,None
0,-4,-4,-8,-23,0,2,0,-9,16,12,7,-4,-12,-1,None
0,-4,-4,-8,-23,0,2,0,-9,16,12,7,-4,-12,-1,None
0,-4,-4,-8,-23,0,2,0,-9,16,12,7,-3,-12,-1,None
0,-2,-3,-7,-23,6,-3,-1,9,16,12,7,-3,-12,-1,None
0,2,5,2,19,-5,6,3,-5,16,12,7,-3,-12,-1,None
0,-3,1,0,13,6,-7,-4,-3,16,12,7,-3,-12,-1,None
0,1,0,0,7,-2,0,-4,-2,16,12,7,-3,-12,-1,None
0,1,0,0,7,-2,0,-4,-2,16,12,7,-3,-12,-1,None
0,1,0,0,7,-2,0,-4,-2,16,12,7,-3,-13,-1,None
0,-4,0,0,46,20,-3,-6,-22,16,12,7,-3,-13,-1,None
0,-3,0,-2,-26,-16,-1,1,8,16,12,7,-3,-13,-1,None
0,-1,-2,-2,-29,-6,-1,0,-5,16,12,7,-3,-13,-1,None
0,-2,-1,1,10,-1,-1,0,3,16,12,7,-3,-13,-1,None
0,-2,-1,1,10,-1,-1,0,3,16,12,7,-3,-13,-1,None
0,-2,-1,1,10,-1,-1,0,3,16,12,7,-3,-13,-1,None
0,1,0,-4,-16,2,3,2,-7,16,12,7,-3,-13,-1,None
0,-2,1,2,7,-5,4,-2,-3,16,12,7,-3,-13,-1,None
0,-1,-1,-3,16,11,-7,-3,-2,16,12,7,-3,-13,-1,None
0,-2,2,-2,13,0,-5,-3,-7,16,12,7,-3,-13,-1,None
0,-2,2,-2,13,0,-5,-3,-7,16,12,7,-3,-13,-1,None
0,-2,2,-2,13,0,-5,-3,-7,16,12,7,-3,-13,-1,None
0,-2,0,1,-31,3,0,2,3,16,12,7,-3,-13,-1,None
0,-1,0,-10,11,15,8,-1,2,16,12,7,-3,-13,-1,None
0,0,2,-3,-15,-10,1,1,1,16,12,7,-3,-13,-1,None
0,0,0,-1,7,9,0,-3,-3,16,12,7,-3,-13,-1,None
0,0,0,-1,7,9,0,-3,-3,16,12,7,-3,-13,-1,None
0,0,0,-1,7,9,0,-3,-3,16,12,7,-3,-13,-1,None
0,-4,-2,-4,-6,-3,-2,0,-2,16,12,7,-3,-13,-1,None
0,0,2,6,-5,5,-1,-2,16,16,12,7,-3,-13,-1,None
0,-1,1,6,29,-2,-1,1,-27,16,12,7,-3,-13,-1,None
0,-1,0,-8,-16,-1,-5,-3,1,16,12,7,-3,-13,-1,None
0,-1,0,-8,-16,-1,-5,-3,1,17,12,7,-3,-13,-1,None
0,-1,0,-8,-16,-1,-5,-3,1,17,12,7,-3,-13,-1,None
0,0,-1,-7,-6,0,-1,0,3,17,12,7,-3,-13,-1,None
0,-3,-1,0,-3,-9,1,0,-3,17,12,7,-3,-13,-1,None
0,-3,-1,-1,9,3,-1,-8,1,17,12,7,-3,-13,-1,None
0,-2,2,4,-10,10,0,2,2,17,12,7,-3,-13,-1,None
0,-2,2,4,-10,10,0,2,2,17,12,7,-3,-13,-1,None
0,-2,2,4,-10,10,0,2,2,17,12,7,-2,-13,-2,None
0,0,1,-3,-25,-14,1,1,0,17,12,7,-2,-13,-2,None
0,-2,-1,2,32,-2,-8,-7,-10,17,12,7,-2,-13,-2,None
0,0,1,0,-10,8,3,3,4,17,12,7,-2,-13,-2,None
0,0,1,-3,-4,-15,5,-2,0,17,12,7,-2,-13,-2,None
0,0,1,-3,-4,-15,5,-2,0,17,12,7,-2,-13,-2,None
0,0,1,-3,-4,-15,5,-2,0,17,12,7,-3,-13,-2,None
0,1,2,-2,-27,0,5,-1,1,17,12,7,-3,-13,-2,None
0,-1,2,-3,7,3,-2,0,-4,17,12,7,-3,-13,-2,None
0,-2,-1,-5,-59,-13,-5,-3,-2,17,12,7,-3,-13,-2,None
0,-2,0,0,-13,-1,-3,-3,-1,17,12,7,-3,-13,-2,None
0,-2,0,0,-13,-1,-3,-3,-1,17,12,8,-3,-13,-2,None
0,-2,0,0,-13,-1,-3,-3,-1,17,12,8,-3,-14,-2,None
0,0,0,0,21,10,0,2,1,17,12,8,-3,-14,-2,None
0,-1,2,0,-15,-11,-1,0,-2,17,12,8,-3,-14,-2,None
0,-1,2,3,-30,-6,-2,-1,2,17,12,8,-3,-14,-2,None
0,-3,-2,-1,-31,15,0,-4,-2,17,12,8,-3,-14,-2,None
0,-3,-2,-1,-31,15,0,-4,-2,17,12,8,-3,-14,-2,None
0,-3,-2,-1,-31,15,0,-4,-2,17,12,8,-2,-13,-2,None
0,-3,0,7,8,-2,-5,-5,-5,17,12,8,-2,-13,-2,None
0,-4,0,5,10,12,-2,-4,-3,17,12,8,-2,-13,-2,None
0,1,2,2,42,-4,3,1,4,17,12,8,-2,-13,-2,None
0,-2,2,1,41,-9,-4,-1,-4,17,12,8,-2,-13,-2,None
0,-2,2,1,41,-9,-4,-1,-4,17,12,8,-2,-13,-2,None
0,-2,2,1,41,-9,-4,-1,-4,17,12,8,-1,-13,-2,None
0,-1,-3,-23,-79,-21,-6,-3,0,17,12,8,-1,-13,-2,None
0,-1,0,-4,-27,-1,1,2,-4,17,12,8,-1,-13,-2,None
0,0,1,-3,18,7,4,0,5,17,12,8,-1,-13,-2,None
0,-3,-3,1,-4,11,2,-2,-3,17,12,8,-1,-13,-2,None
0,-3,-3,1,-4,11,2,-2,-3,17,13,8,-1,-13,-2,None
0,-3,-3,1,-4,11,2,-2,-3,17,13,8,-1,-14,-2,None
0,-2,0,-5,-8,-13,-5,-5,-3,17,13,8,-1,-14,-2,None
0,0,1,-3,0,12,4,1,1,17,13,8,-1,-14,-2,None
0,-1,-2,-11,-48,0,-1,-1,-1,17,13,8,-1,-14,-2,None
0,-1,0,-8,28,30,-5,-1,0,17,13,8,-1,-14,-2,None
0,-1,0,-8,28,30,-5,-1,0,17,13,8,-1,-14,-2,None
0,-1,0,-8,28,30,-5,-1,0,17,13,8,-1,-15,-2,None
0,-2,2,2,51,7,5,-5,-4,17,13,8,-1,-15,-2,None
0,-2,-1,-3,-7,2,0,-2,-5,17,13,8,-1,-15,-2,None
0,-3,-1,-6,11,-5,-8,-3,-6,17,13,8,-1,-15,-2,None
0,1,2,-3,-42,0,-2,-1,-1,17,13,8,-1,-15,-2,None
0,1,2,-3,-42,0,-2,-1,-1,0,13,8,-1,-15,-2,None
0,1,2,-3,-42,0,-2,-1,-1,0,13,8,-1,-14,-2,None
0,-3,2,1,38,4,6,1,-1,0,13,8,-1,-14,-2,None
0,-2,0,-10,17,-12,-6,-3,-3,0,13,8,-1,-14,-2,None
0,-1,2,1,-17,33,7,-1,-2,0,13,8,-1,-14,-2,None
0,-5,-4,-12,15,-7,-11,-6,-5,0,13,8,-1,-14,-2,None
0,-5,-4,-12,15,-7,-11,-6,-5,0,13,8,-1,-14,-2,None
0,-5,-4,-12,15,-7,-11,-6,-5,0,13,8,0,-13,-3,None
0,-2,-3,-7,-16,-5,-2,-2,-1,0,13,8,0,-13,-3,None
0,0,3,2,-26,-5,1,0,0,0,13,8,0,-13,-3,None
0,-2,-1,-5,40,7,-4,-6,-1,0,13,8,0,-13,-3,None
0,1,0,3,7,6,5,0,1,0,13,8,0,-13,-3,None
0,1,0,3,7,6,5,0,1,0,13,8,0,-13,-3,None
0,1,0,3,7,6,5,0,1,0,13,8,0,-13,-2,None
0,0,-1,1,18,4,-3,-1,-2,0,13,8,0,-13,-2,None
0,-1,0,2,29,7,-7,-4,-4,0,13,8,0,-13,-2,None
0,-3,-2,-5,26,14,-1,-2,-3,0,13,8,0,-13,-2,None
0,-2,0,-8,-64,-24,-3,1,-2,0,13,8,0,-13,-2,None
0,-2,0,-8,-64,-24,-3,1,-2,0,13,8,0,-13,-2,None
0,-2,0,-8,-64,-24,-3,1,-2,0,13,8,1,-15,-2,None
0,-2,3,5,54,18,-5,-4,-1,0,13,8,1,-15,-2,None
0,-4,-4,-9,42,-23,-3,1,0,0,13,8,1,-15,-2,None
0,-1,0,0,-9,-28,6,2,-1,0,13,8,1,-15,-2,None
0,1,2,-4,66,47,3,2,0,0,13,8,1,-15,-2,None
0,1,2,-4,66,47,3,2,0,0,13,8,1,-15,-2,None
0,1,2,-4,66,47,3,2,0,0,13,8,2,-15,-2,None
0,0,2,1,18,-10,-11,-6,-2,0,13,8,2,-15,-2,None
0,0,1,-1,15,3,5,-2,0,0,13,8,2,-15,-2,None
0,2,2,5,-82,-26,-3,1,2,0,13,8,2,-15,-2,None
0,-2,-1,-2,6,-25,-1,-4,-3,0,13,8,2,-15,-2,None
0,-2,-1,-2,6,-25,-1,-4,-3,0,13,9,2,-15,-2,None
0,-2,-1,-2,6,-25,-1,-4,-3,0,13,9,2,-15,-2,None
0,-1,0,9,44,-3,-5,-1,0,0,13,9,2,-15,-2,None
0,2,4,-5,-13,-4,-2,1,-1,0,13,9,2,-15,-2,None
0,-2,-3,-5,-24,-8,-9,-6,-2,0,13,9,2,-15,-2,None
0,1,2,6,-8,-2,9,0,1,0,13,9,2,-15,-2,None
0,1,2,6,-8,-2,9,0,1,0,13,9,2,-15,-2,None
0,1,2,6,-8,-2,9,0,1,0,13,9,3,-15,-3,None
0,0,-1,-13,-56,-5,-2,2,-3,0,13,9,3,-15,-3,None
0,1,5,9,21,10,14,1,-1,0,13,9,3,-15,-3,None
0,-2,0,-2,-34,-30,-4,-2,-1,0,13,9,3,-15,-3,None
0,-1,1,5,6,39,-7,-2,-3,0,13,9,3,-15,-3,None
0,-1,1,5,6,39,-7,-2,-3,1,13,9,3,-15,-3,None
0,-1,1,5,6,39,-7,-2,-3,1,13,9,5,-16,-3,None
0,-3,-5,-11,-17,4,1,-2,-1,1,13,9,5,-16,-3,None
0,-1,-2,-8,0,-25,-7,-3,-4,1,13,9,5,-16,-3,None
0,0,4,27,100,54,10,2,1,1,13,9,5,-16,-3,None
0,-4,-9,-17,-72,-71,-10,-7,-3,1,13,9,5,-16,-3,None
0,-4,-9,-17,-72,-71,-10,-7,-3,1,13,9,5,-16,-3,None
0,-4,-9,-17,-72,-71,-10,-7,-3,1,13,9,5,-15,-2,None
0,1,4,-1,38,28,5,3,-2,1,13,9,5,-15,-2,None
0,-2,-5,-15,-96,-52,-8,-6,-4,1,13,9,5,-15,-2,None
0,-3,-5,-10,-24,-5,-2,2,-2,1,13,9,5,-15,-2,None
0,3,9,31,5,37,7,6,4,1,13,9,5,-15,-2,None
0,3,9,31,5,37,7,6,4,1,13,9,5,-15,-2,None
0,3,9,31,5,37,7,6,4,1,13,9,5,-14,-2,None
0,0,2,14,47,19,7,0,1,1,13,9,5,-14,-2,None
0,0,3,1,2,-38,-3,1,1,1,13,9,5,-14,-2,None
0,-4,-4,-17,-50,-65,-21,-13,-9,1,13,9,5,-14,-2,None
0,-10,-4,-3,17,10,10,9,-5,1,13,9,5,-14,-2,None
0,-10,-4,-3,17,10,10,9,-5,1,13,9,5,-14,-2,None
0,-10,-4,-3,17,10,10,9,-5,1,13,9,5,-13,-2,None
0,1,2,3,-8,-51,3,1,4,1,13,9,5,-13,-2,None
0,0,2,0,-4,65,-1,-8,2,1,13,9,5,-13,-2,None
0,-3,-1,-9,-1,-9,2,4,-3,1,13,9,5,-13,-2,None
0,-3,-3,-6,-53,-9,-5,-8,-2,1,13,9,5,-13,-2,None
0,-3,-3,-6,-53,-9,-5,-8,-2,1,13,9,5,-13,-2,None
0,-3,-3,-6,-53,-9,-5,-8,-2,1,13,9,6,-14,-2,None
0,-5,-4,-37,-78,-13,-7,-8,-5,1,13,9,6,-14,-2,None
0,-1,1,-15,19,11,4,3,0,1,13,9,6,-14,-2,None
0,-2,0,11,40,15,-6,-5,-5,1,13,9,6,-14,-2,None
0,2,1,-4,6,-7,-4,-2,0,1,13,9,6,-14,-2,None
0,2,1,-4,6,-7,-4,-2,0,1,12,9,6,-14,-2,None
0,2,1,-4,6,-7,-4,-2,0,1,12,9,7,-14,-1,None
0,-1,0,2,-5,1,-6,-8,-1,1,12,9,7,-14,-1,None
0,2,3,5,-22,12,6,7,1,1,12,9,7,-14,-1,None
0,0,-7,-38,-34,9,0,2,2,1,12,9,7,-14,-1,None
0,-1,4,-1,47,19,0,-4,-6,1,12,9,7,-14,-1,None
0,-1,4,-1,47,19,0,-4,-6,1,12,9,7,-14,-1,None
0,-1,4,-1,47,19,0,-4,-6,1,12,9,7,-13,-1,None
0,-3,-2,2,-35,-28,2,1,-5,1,12,9,7,-13,-1,None
0,-3,-3,4,-1,12,-4,-6,-3,1,12,9,7,-13,-1,None
0,3,9,18,73,37,8,3,2,1,12,9,7,-13,-1,None
0,-2,-3,-2,-29,-18,-2,0,1,1,12,9,7,-13,-1,None
0,-2,-3,-2,-29,-18,-2,0,1,1,12,9,7,-13,-1,None
0,-2,-3,-2,-29,-18,-2,0,1,1,12,9,7,-13,-1,None
0,0,0,4,3,24,-3,-3,-2,1,12,9,7,-13,-1,None
0,-4,-2,-2,-34,-5,-2,-1,-3,1,12,9,7,-13,-1,None
0,-3,-4,-23,9,20,-2,-5,1,1,12,9,7,-13,-1,None
0,2,3,0,-5,-15,0,1,6,1,12,9,7,-13,-1,None
0,2,3,0,-5,-15,0,1,6,1,12,9,7,-13,-1,None
0,2,3,0,-5,-15,0,1,6,1,12,9,7,-13,-1,None
0,-2,1,0,10,38,0,2,-5,1,12,9,7,-13,-1,None
0,-5,-2,9,52,20,-7,-5,-3,1,12,9,7,-13,-1,None
0,4,7,11,-3,-24,-5,-6,5,1,12,9,7,-13,-1,None
0,0,1,-12,-16,-33,-2,5,-8,1,12,9,7,-13,-1,None
0,0,1,-12,-16,-33,-2,5,-8,1,12,9,7,-13,-1,None
0,0,1,-12,-16,-33,-2,5,-8,1,12,9,8,-13,-1,None
0,-3,-2,-3,28,24,2,-1,-2,1,12,9,8,-13,-1,None
0,1,2,5,-1,-30,-1,0,1,1,12,9,8,-13,-1,None
0,-3,0,-1,-13,46,4,1,-4,1,12,9,8,-13,-1,None
0,1,0,-9,2,-30,-9,-5,0,1,12,9,8,-13,-1,None
0,1,0,-9,2,-30,-9,-5,0,1,12,9,8,-13,-1,None
0,1,0,-9,2,-30,-9,-5,0,1,12,9,7,-14,-1,None
0,0,3,7,-8,2,0,1,3,1,12,9,7,-14,-1,None
0,3,2,-10,8,7,-2,-3,-3,1,12,9,7,-14,-1,None
0,-8,-6,1,-29,3,-5,-9,-4,1,12,9,7,-14,-1,None
0,1,2,6,29,23,7,7,0,1,12,9,7,-14,-1,None
0,1,2,6,29,23,7,7,0,1,12,9,7,-14,-1,None
0,1,2,6,29,23,7,7,0,1,12,9,8,-14,-1,None
0,1,9,-16,-70,7,0,-2,4,1,12,9,8,-14,-1,None
0,-6,12,-4,16,6,1,2,0,1,12,9,8,-14,-1,None
0,0,-27,16,3,-63,-5,-2,-3,1,12,9,8,-14,-1,None
0,2,14,-11,35,24,-2,-6,3,1,12,9,8,-14,-1,None
0,2,14,-11,35,24,-2,-6,3,1,12,9,8,-14,-1,None
0,2,14,-11,35,24,-2,-6,3,1,12,9,8,-13,-1,None
0,-2,-10,0,27,-44,-1,-1,-7,1,12,9,8,-13,-1,None
0,0,-1,8,-25,-26,-1,0,-1,1,12,9,8,-13,-1,None
0,0,7,-2,45,45,1,2,1,1,12,9,8,-13,-1,None
0,-5,-6,-4,-3,8,-2,-4,-6,1,12,9,8,-13,-1,None
0,-5,-6,-4,-3,8,-2,-4,-6,1,12,9,8,-13,-1,None
0,-5,-6,-4,-3,8,-2,-4,-6,1,12,9,7,-13,-1,None
0,2,3,2,-52,-54,-1,3,1,1,12,9,7,-13,-1,None
0,-3,-1,-6,9,15,-2,-4,-3,1,12,9,7,-13,-1,None
0,1,4,1,32,6,2,1,-1,1,12,9,7,-13,-1,None
0,1,3,1,-6,-7,-1,-3,3,1,12,9,7,-13,-1,None
0,1,3,1,-6,-7,-1,-3,3,1,12,9,7,-13,-1,None
0,1,3,1,-6,-7,-1,-3,3,1,12,9,8,-13,-1,None
0,3,6,5,49,57,3,0,1,1,12,9,8,-13,-1,None
0,-3,-11,1,-66,-13,-5,-2,-2,1,12,9,8,-13,-1,None
0,0,10,-7,0,6,4,-2,-1,1,12,9,8,-13,-1,None
0,-3,9,-2,-10,1,-2,-2,-3,1,12,9,8,-13,-1,None
0,-3,9,-2,-10,1,-2,-2,-3,1,12,9,8,-13,-1,None
0,-3,9,-2,-10,1,-2,-2,-3,1,12,9,7,-12,-1,None
0,-2,-4,0,8,7,4,7,1,1,12,9,7,-12,-1,None
0,-1,-1,-10,-14,-26,-5,-5,1,1,12,9,7,-12,-1,None
0,0,2,3,-1,-1,1,4,-2,1,12,9,7,-12,-1,None
0,-1,-3,-5,20,13,1,-1,-2,1,12,9,7,-12,-1,None
0,-1,-3,-5,20,13,1,-1,-2,1,12,9,7,-12,-1,None
0,-1,-3,-5,20,13,1,-1,-2,1,12,9,7,-12,-1,None
0,-2,0,-2,-6,-18,-3,-3,-2,1,12,9,7,-12,-1,None
0,0,1,-3,3,6,0,-2,-1,1,12,9,7,-12,-1,None
0,-3,16,-2,-1,-4,-5,-2,-3,1,12,9,7,-12,-1,None
0,0,-34,19,12,-15,0,0,0,1,12,9,7,-12,-1,None
0,0,-34,19,12,-15,0,0,0,1,12,9,7,-12,-1,None
0,0,-34,19,12,-15,0,0,0,1,12,9,7,-12,-1,None
0,-2,1,5,8,30,-5,-5,-3,1,12,9,7,-12,-1,None
0,-3,-6,-10,-5,-4,-4,-1,-4,1,12,9,7,-12,-1,None
0,-3,-2,4,-27,3,2,0,-2,1,12,9,7,-12,-1,None
0,-1,7,9,50,15,3,2,2,1,12,9,7,-12,-1,None
0,-1,7,9,50,15,3,2,2,1,12,9,7,-12,-1,None
0,-1,7,9,50,15,3,2,2,1,12,9,7,-12,-1,None
0,0,-4,-7,-18,5,-3,-3,-1,1,12,9,7,-12,-1,None
0,0,5,6,26,10,0,-1,-1,1,12,9,7,-12,-1,None
0,3,11,-2,0,-20,-1,0,0,1,12,9,7,-12,-1,None
0,-7,-37,-12,-9,-4,-2,-3,0,1,12,9,7,-12,-1,None
0,-7,-37,-12,-9,-4,-2,-3,0,1,12,9,7,-12,-1,None
0,-7,-37,-12,-9,-4,-2,-3,0,1,12,9,8,-12,-1,None
0,-1,10,-1,0,-9,-1,1,-1,1,12,9,8,-12,-1,None
0,-2,2,-4,8,12,0,0,-4,1,12,9,8,-12,-1,None
0,-1,-5,-6,14,4,-2,0,-1,1,12,9,8,-12,-1,None
0,3,13,-5,-18,4,-3,-4,-1,1,12,9,8,-12,-1,None
0,3,13,-5,-18,4,-3,-4,-1,1,12,9,8,-12,-1,None
0,3,13,-5,-18,4,-3,-4,-1,1,12,9,8,-12,-1,None
0,-4,-1,-5,1,4,0,-2,-2,1,12,9,8,-12,-1,None
0,-3,-5,3,8,5,0,1,0,1,12,9,8,-12,-1,None
0,-2,-1,-3,-3,3,1,-2,-2,1,12,9,8,-12,-1,None
0,1,8,-4,-1,-15,-2,-4,-1,1,12,9,8,-12,-1,None
0,1,8,-4,-1,-15,-2,-4,-1,1,12,9,8,-12,-1,None
0,1,8,-4,-1,-15,-2,-4,-1,1,12,9,9,-12,-1,None
0,2,-4,-3,0,2,-1,-1,-1,1,12,9,9,-12,-1,None
0,1,6,-3,-1,-2,-1,0,-1,1,12,9,9,-12,-1,None
0,-2,-9,2,20,3,1,-1,0,1,12,9,9,-12,-1,None
0,3,36,-9,-22,-12,-6,-4,-2,1,12,9,9,-12,-1,None
0,3,36,-9,-22,-12,-6,-4,-2,1,12,9,9,-12,-1,None
0,3,36,-9,-22,-12,-6,-4,-2,1,12,9,8,-12,-1,None
0,-2,-26,-3,9,-6,-2,-1,1,1,12,9,8,-12,-1,None
0,0,-4,-1,8,-12,-2,-3,-1,1,12,9,8,-12,-1,None
0,-2,4,-3,14,48,3,0,-1,1,12,9,8,-12,-1,None
0,1,0,-2,-6,0,0,-2,-3,1,12,9,8,-12,-1,None
0,1,0,-2,-6,0,0,-2,-3,1,12,9,8,-12,-1,None
0,1,0,-2,-6,0,0,-2,-3,1,12,9,8,-12,-1,None
0,-2,10,-1,10,2,-2,-3,-1,1,12,9,8,-12,-1,None
0,-1,-5,-4,-32,4,0,-1,-2,1,12,9,8,-12,-1,None
0,3,9,5,11,-29,-4,-2,0,1,12,9,8,-12,-1,None
0,-2,0,-16,-10,12,-1,-1,0,1,12,9,8,-12,-1,None
0,-2,0,-16,-10,12,-1,-1,0,1,12,9,8,-12,-1,None
0,-2,0,-16,-10,12,-1,-1,0,1,12,9,8,-12,-1,None
0,-1,0,-14,-63,-21,-6,-4,-4,1,12,9,8,-12,-1,None
0,-1,0,7,18,19,3,0,-1,1,12,9,8,-12,-1,None
0,-4,14,-8,-16,-9,-3,-5,-1,1,12,9,8,-12,-1,None
0,-3,-9,2,3,-1,1,1,-1,1,12,9,8,-12,-1,None
0,-3,-9,2,3,-1,1,1,-1,1,12,9,8,-12,-1,None
0,-3,-9,2,3,-1,1,1,-1,1,12,9,8,-12,-1,None
0,-6,-1,-2,30,5,2,1,0,1,12,9,8,-12,-1,None
0,2,-1,-7,-1,11,-1,-3,-3,1,12,9,8,-12,-1,None
0,1,4,-1,5,-3,-4,-3,-3,1,12,9,8,-12,-1,None
0,-7,-22,-1,-18,-19,1,1,-1,1,12,9,8,-12,-1,None
0,-7,-22,-1,-18,-19,1,1,-1,1,12,9,8,-12,-1,None
0,-7,-22,-1,-18,-19,1,1,-1,1,12,9,8,-12,-1,None
0,0,0,-2,7,20,-1,-4,-4,1,12,9,8,-12,-1,None
0,-2,1,2,20,-3,-3,-4,-1,1,12,9,8,-12,-1,None
0,0,1,-1,-7,-20,-1,0,-2,1,12,9,8,-12,-1,None
0,-3,-2,-5,12,0,-3,-1,-3,1,12,9,8,-12,-1,None
0,-3,-2,-5,12,0,-3,-1,-3,1,12,9,8,-12,-1,None
0,-3,-2,-5,12,0,-3,-1,-3,1,12,9,8,-12,-1,None
0,1,6,1,-6,-2,-2,-2,0,1,12,9,8,-12,-1,None
0,-1,-2,-1,-2,8,-1,-1,0,1,12,9,8,-12,-1,None
0,-1,-1,-8,-9,-3,0,-2,-1,1,12,9,8,-12,-1,None
0,0,8,7,1,-11,-3,-4,-2,1,12,9,8,-12,-1,None
0,0,8,7,1,-11,-3,-4,-2,1,12,9,8,-12,-1,None
0,0,8,7,1,-11,-3,-4,-2,1,12,9,8,-12,-1,None
0,3,-6,1,-4,-16,0,2,-2,1,12,9,8,-12,-1,None
0,-8,7,-4,9,20,-6,-6,-7,1,12,9,8,-12,-1,None
0,-3,-8,0,4,13,-1,-1,-2,1,12,9,8,-12,-1,None
0,1,4,1,-4,7,1,0,-2,1,12,9,8,-12,-1,None
0,1,4,1,-4,7,1,0,-2,1,12,9,8,-12,-1,None
0,1,4,1,-4,7,1,0,-2,1,12,9,8,-12,-1,None
0,-2,0,2,23,3,0,-1,0,1,12,9,8,-12,-1,None
0,0,1,-3,-4,-19,-3,0,0,1,12,9,8,-12,-1,None
0,-1,-8,-3,-13,-3,0,-1,-1,1,12,9,8,-12,-1,None
0,-2,0,-4,9,18,-2,-2,-2,1,12,9,8,-12,-1,None
0,-2,0,-4,9,18,-2,-2,-2,1,12,9,8,-12,-1,None
0,-2,0,-4,9,18,-2,-2,-2,1,12,9,8,-12,-1,None
0,-1,7,-4,-4,-7,-1,-1,-1,1,12,9,8,-12,-1,None
0,-1,0,-1,-1,5,1,0,0,1,12,9,8,-12,-1,None
0,1,1,-1,-13,-4,-2,-1,0,1,12,9,8,-12,-1,None
0,-5,-24,-3,18,21,-1,-1,-3,1,12,9,8,-12,-1,None
0,-5,-24,-3,18,21,-1,-1,-3,1,12,9,8,-12,-1,None
0,-5,-24,-3,18,21,-1,-1,-3,1,12,9,8,-12,-1,None
0,-1,1,-1,-2,0,0,-3,-1,1,12,9,8,-12,-1,None
0,2,1,2,-3,2,2,1,-1,1,12,9,8,-12,-1,None
0,-1,-9,-1,7,5,0,-2,-1,1,12,9,8,-12,-1,None
0,2,10,-2,-10,-18,-2,-1,-1,1,12,9,8,-12,-1,None
0,2,10,-2,-10,-18,-2,-1,-1,1,12,9,8,-12,-1,None
0,2,10,-2,-10,-18,-2,-1,-1,1,12,9,8,-12,-1,None
0,-2,2,-1,-3,-2,-2,-3,-2,1,12,9,8,-12,-1,None
0,-3,-5,-2,6,8,0,-2,-1,1,12,9,8,-12,-1,None
0,-1,7,-1,-4,-7,-1,0,-2,1,12,9,8,-12,-1,None
0,0,7,-3,-1,2,-1,-1,0,1,12,9,8,-12,-1,None
0,0,7,-3,-1,2,-1,-1,0,1,12,9,8,-12,-1,None
0,0,7,-3,-1,2,-1,-1,0,1,12,9,8,-12,-1,None
0,-3,-1,-4,7,8,0,-1,0,1,12,9,8,-12,-1,None
0,4,9,-13,-2,3,-1,0,0,1,12,9,8,-12,-1,None
0,-8,-24,1,27,21,-4,-6,-7,1,12,9,8,-12,-1,None
0,-2,6,4,0,4,2,-1,-2,1,12,9,8,-12,-1,None
0,-2,6,4,0,4,2,-1,-2,1,12,9,8,-12,-1,None
0,-2,6,4,0,4,2,-1,-2,1,12,9,8,-12,-1,None
0,2,-1,1,6,6,-1,-2,-1,1,12,9,8,-12,-1,None
0,0,-3,-1,-4,-4,-1,-2,1,1,12,9,8,-12,-1,None
0,0,4,-6,-9,-6,-3,2,-1,1,12,9,8,-12,-1,None
0,-1,4,-4,-1,-2,-3,-2,-2,1,12,9,8,-12,-1,None
0,-1,4,-4,-1,-2,-3,-2,-2,1,12,9,8,-12,-1,None
0,-1,4,-4,-1,-2,-3,-2,-2,1,12,9,8,-12,-1,None
0,-3,2,-1,-6,3,-2,-1,-4,1,12,9,8,-12,-1,None
0,-2,0,1,13,-3,0,1,-1,1,12,9,8,-12,-1,None
0,0,21,4,2,9,-1,-1,1,1,12,9,8,-12,-1,None
0,3,-60,-6,-6,6,0,-4,-3,1,12,9,8,-12,-1,None
0,3,-60,-6,-6,6,0,-4,-3,1,12,9,8,-12,-1,None
0,3,-60,-6,-6,6,0,-4,-3,1,12,9,8,-12,-1,None
0,-2,15,-3,-6,-11,-1,0,-1,1,12,9,8,-12,-1,None
0,-2,-2,0,-4,-1,0,-1,-1,1,12,9,8,-12,-1,None
0,-1,-8,1,-5,-6,0,0,-1,1,12,9,8,-12,-1,None
0,-1,14,-3,-5,-5,-2,0,1,1,12,9,8,-12,-1,None
0,-1,14,-3,-5,-5,-2,0,1,1,12,9,8,-12,-1,None
0,-1,14,-3,-5,-5,-2,0,1,1,12,9,8,-12,-1,None
0,-2,-1,-3,-2,-8,-4,-1,-1,1,12,9,8,-12,-1,None
0,-2,-4,2,2,2,-3,-3,-2,1,12,9,8,-12,-1,None
0,-9,4,-10,-13,-4,0,0,-1,1,12,9,8,-12,-1,None
0,0,18,-6,31,26,0,-4,-2,1,12,9,8,-12,-1,None
0,0,18,-6,31,26,0,-4,-2,1,12,9,8,-12,-1,None
0,0,18,-6,31,26,0,-4,-2,1,12,9,8,-12,-1,None
0,-4,-30,-1,-4,8,2,-1,-1,1,12,9,8,-12,-1,None
0,0,10,0,-5,-9,-1,0,-1,1,12,9,8,-12,-1,None
0,0,-1,-4,-5,-8,-3,0,-1,1,12,9,8,-12,-1,None
0,-1,7,-2,-9,-11,-3,0,-1,1,12,9,8,-12,-1,None
0,-1,7,-2,-9,-11,-3,0,-1,1,12,9,8,-12,-1,None
0,-1,7,-2,-9,-11,-3,0,-1,1,12,9,8,-12,-1,None
0,0,2,2,8,2,-1,-2,-2,1,12,9,8,-12,-1,None
0,-1,-2,-1,2,5,-2,-1,-1,1,12,9,8,-12,-1,None
0,0,-5,-5,-3,3,-1,-2,-1,1,12,9,8,-12,-1,None
0,0,11,0,-10,-11,2,1,-1,1,12,9,8,-12,-1,None
0,0,11,0,-10,-11,2,1,-1,1,12,9,8,-12,-1,None
0,0,11,0,-10,-11,2,1,-1,1,12,9,8,-12,-1,None
0,-2,12,-5,34,33,-3,-4,-2,1,12,9,8,-12,-1,None
0,-7,-10,2,20,3,-1,-3,-3,1,12,9,8,-12,-1,None
0,-1,1,-7,-39,-2,-2,-3,-1,1,12,9,8,-12,-1,None
0,-1,8,3,-2,4,1,1,0,1,12,9,8,-12,-1,None
0,-1,8,3,-2,4,1,1,0,1,12,9,8,-12,-1,None
0,-1,8,3,-2,4,1,1,0,1,12,9,8,-12,-1,None
0,2,-4,-2,-10,-12,0,-1,0,1,12,9,8,-12,-1,None
0,2,6,-4,3,-4,-1,-2,-1,1,12,9,8,-12,-1,None
0,0,-2,-1,14,6,0,-2,-2,1,12,9,8,-12,-1,None
0,-1,-2,-2,-2,-3,-2,-1,-2,1,12,9,8,-12,-1,None
0,-1,-2,-2,-2,-3,-2,-1,-2,1,12,9,8,-12,-1,None
0,-1,-2,-2,-2,-3,-2,-1,-2,1,12,9,8,-12,-1,None
0,-1,8,-3,-10,-6,-1,-2,0,1,12,9,8,-12,-1,None
0,-2,-4,-2,-7,8,0,-2,-2,1,12,9,8,-12,-1,None
0,3,10,-2,5,-9,-1,-1,-3,1,12,9,8,-12,-1,None
0,-3,2,-2,-4,3,-1,-3,-3,1,12,9,8,-12,-1,None
0,-3,2,-2,-4,3,-1,-3,-3,1,12,9,8,-12,-1,None
0,-3,2,-2,-4,3,-1,-3,-3,1,12,9,8,-12,-1,None
0,-1,-1,-1,1,2,1,-2,-3,1,12,9,8,-12,-1,None
0,1,3,-1,-8,5,0,0,-1,1,12,9,8,-12,-1,None
0,-2,-6,-4,3,-2,0,-3,-1,1,12,9,8,-12,-1,None
0,0,3,-2,3,-7,-2,0,-1,1,12,9,8,-12,-1,None
0,0,3,-2,3,-7,-2,0,-1,1,12,9,8,-12,-1,None
0,0,3,-2,3,-7,-2,0,-1,1,12,9,8,-12,-1,None
0,-1,0,-2,-5,-5,-1,-1,-2,1,12,9,8,-12,-1,None
0,-2,-1,-3,-6,-1,-1,0,-1,1,12,9,8,-12,-1,None
0,-1,2,0,3,6,-1,-1,-2,1,12,9,8,-12,-1,None
0,-2,-2,-1,-4,-3,-3,-3,-2,1,12,9,8,-12,-1,None
0,-2,-2,-1,-4,-3,-3,-3,-2,1,12,9,8,-12,-1,None
0,-2,-2,-1,-4,-3,-3,-3,-2,1,12,9,8,-12,-1,None
0,3,17,0,-13,-21,-4,-1,-1,1,12,9,8,-12,-1,None
0,-3,-28,2,13,30,4,-1,-2,1,12,9,8,-12,-1,None
0,-7,3,-2,3,23,2,-1,-2,1,12,9,8,-12,-1,None
0,-2,1,-2,-4,0,0,-3,-1,1,12,9,8,-12,-1,None
0,-2,1,-2,-4,0,0,-3,-1,1,12,9,8,-12,-1,None
0,-2,1,-2,-4,0,0,-3,-1,1,12,9,8,-12,-1,None
0,0,-2,-3,-11,-11,-1,0,-1,1,12,9,8,-12,-1,None
0,-1,6,-3,3,-16,-3,-1,-1,1,12,9,8,-12,-1,None
0,1,2,-1,0,-5,-2,-1,0,1,12,9,8,-12,-1,None
0,-1,-3,-2,-9,2,-1,0,-1,1,12,9,8,-12,-1,None
0,-1,-3,-2,-9,2,-1,0,-1,1,12,9,8,-12,-1,None
0,-1,-3,-2,-9,2,-1,0,-1,1,12,9,8,-12,-1,None
0,-3,-3,-2,6,8,-2,-2,-1,1,12,9,8,-12,-1,None
0,-1,13,-1,-10,-5,-3,-2,-2,1,12,9,8,-12,-1,None
0,-1,-6,-2,4,4,-1,-1,-1,1,12,9,8,-12,-1,None
0,3,3,-2,-2,-8,-1,-3,-2,1,12,9,8,-12,-1,None
0,3,3,-2,-2,-8,-1,-3,-2,1,12,9,8,-12,-1,None
0,3,3,-2,-2,-8,-1,-3,-2,1,12,9,8,-12,-1,None
0,7,14,4,-10,-8,-1,0,-1,1,12,9,8,-12,-1,None
0,-4,-29,-13,4,15,3,-2,-3,1,12,9,8,-12,-1,None
0,-1,-1,0,3,-6,-2,-2,-1,1,12,9,8,-12,-1,None
0,-2,-4,-3,0,0,1,0,-1,1,12,9,8,-12,-1,None
0,-2,-4,-3,0,0,1,0,-1,1,12,9,8,-12,-1,None
0,-2,-4,-3,0,0,1,0,-1,1,12,9,8,-12,-1,None
0,-2,-3,-3,6,0,-1,-2,-1,1,12,9,8,-12,-1,None
0,2,10,-1,-12,-9,-3,-2,0,1,12,9,8,-12,-1,None
0,0,-1,-1,1,1,-1,0,-1,1,12,9,8,-12,-1,None
0,-1,3,-4,3,-3,-2,0,0,1,12,9,8,-12,-1,None
0,-1,3,-4,3,-3,-2,0,0,1,12,9,8,-12,-1,None
0,-1,3,-4,3,-3,-2,0,0,1,12,9,8,-12,-1,None
0,-2,2,-1,-1,5,-1,-1,-2,1,12,9,8,-12,-1,None
0,0,13,-5,-1,-3,-3,-1,-1,1,12,9,8,-12,-1,None
0,-4,-4,6,-28,-10,-1,-3,-2,1,12,9,8,-12,-1,None
0,-4,2,-1,21,15,-2,-4,-3,1,12,9,8,-12,-1,None
0,-4,2,-1,21,15,-2,-4,-3,1,12,9,8,-12,-1,None
0,-4,2,-1,21,15,-2,-4,-3,1,12,9,8,-12,-1,None
0,-2,1,-2,-4,1,0,-1,-1,1,12,9,8,-12,-1,None
0,-1,5,0,-6,-4,-3,-1,-1,1,12,9,8,-12,-1,None
0,1,3,-5,7,-5,-1,0,-1,1,12,9,8,-12,-1,None
0,-1,1,-2,-5,0,-1,-1,-2,1,12,9,8,-12,-1,None
0,-1,1,-2,-5,0,-1,-1,-2,1,12,9,8,-12,-1,None
0,-1,1,-2,-5,0,-1,-1,-2,1,12,9,8,-12,-1,None
0,-4,-7,-3,-2,5,-1,-1,-1,1,12,9,8,-12,-1,None
0,-1,3,-1,5,-4,0,-1,-2,1,12,9,8,-12,-1,None
0,0,-3,-3,3,1,2,0,-2,1,12,9,8,-12,-1,None
0,2,1,-3,-7,-9,-2,-2,-1,1,12,9,8,-12,-1,None
0,2,1,-3,-7,-9,-2,-2,-1,1,12,9,8,-12,-1,None
0,2,1,-3,-7,-9,-2,-2,-1,1,12,9,8,-12,-1,None
0,2,23,1,1,11,-2,-4,-3,1,12,9,8,-12,-1,None
0,-3,-9,0,11,8,-1,-2,-2,1,12,9,8,-12,-1,None
0,0,3,-3,-3,-1,-1,0,-2,1,12,9,8,-12,-1,None
0,2,-5,-1,-8,-3,-1,0,-1,1,12,9,8,-12,-1,None
0,2,-5,-1,-8,-3,-1,0,-1,1,12,9,8,-12,-1,None
0,2,-5,-1,-8,-3,-1,0,-1,1,12,9,8,-12,-1,None
0,0,-1,-4,-3,-10,-3,1,0,1,12,9,8,-12,-1,None
0,0,8,0,-7,-3,0,0,0,1,12,9,8,-12,-1,None
0,1,7,-2,3,4,0,-3,-2,1,12,9,8,-12,-1,None
0,-3,-12,-5,0,-4,-3,-5,2,1,12,9,8,-12,-1,None
0,-3,-12,-5,0,-4,-3,-5,2,1,12,9,8,-12,-1,None
0,-3,-12,-5,0,-4,-3,-5,2,1,12,9,8,-12,-1,None
0,0,5,-2,4,2,-2,-1,-5,1,12,9,8,-12,-1,None
0,-1,5,0,-10,-3,0,-1,0,1,12,9,8,-12,-1,None
0,-3,-2,-5,1,9,-1,-1,-1,1,12,9,8,-12,-1,None
0,-3,2,0,-3,3,-1,-1,-1,1,12,9,8,-12,-1,None
0,-3,2,0,-3,3,-1,-1,-1,1,12,9,8,-12,-1,None
0,-3,2,0,-3,3,-1,-1,-1,1,12,9,8,-12,-1,None
0,-2,-8,-3,2,4,-1,-4,-2,1,12,9,8,-12,-1,None
0,-3,-3,-2,-6,-3,0,-1,-1,1,12,9,8,-12,-1,None
0,-2,2,-3,1,-2,-2,-1,-1,1,12,9,8,-12,-1,None
0,-1,6,-2,-7,0,-1,-1,1,1,12,9,8,-12,-1,None
0,-1,6,-2,-7,0,-1,-1,1,1,12,9,8,-12,-1,None
0,-1,6,-2,-7,0,-1,-1,1,1,12,9,8,-12,-1,None
0,0,-10,1,8,2,-1,-2,-8,1,12,9,8,-12,-1,None
0,0,27,-2,4,-3,-1,-1,-1,1,12,9,8,-12,-1,None
0,0,-9,-3,3,-5,-3,-1,-1,1,12,9,8,-12,-1,None
0,-4,3,-1,-3,2,-2,1,-3,1,12,9,8,-12,-1,None
0,-4,3,-1,-3,2,-2,1,-3,1,12,9,8,-12,-1,None
0,-4,3,-1,-3,2,-2,1,-3,1,12,9,8,-12,-1,None
0,-4,-10,-4,8,8,2,-2,1,1,12,9,8,-12,-1,None
0,0,2,-2,-8,-10,-2,-1,-3,1,12,9,8,-12,-1,None
0,-1,2,-3,-11,21,-1,-2,-3,1,12,9,8,-12,-1,None
0,0,1,1,7,-3,0,0,-1,1,12,9,8,-12,-1,None
0,0,1,1,7,-3,0,0,-1,1,12,9,8,-12,-1,None
0,0,1,1,7,-3,0,0,-1,1,12,9,8,-12,-1,None
0,0,-2,-3,-2,-2,-1,-1,2,1,12,9,8,-12,-1,None
0,1,11,0,1,2,-2,-5,-2,1,12,9,8,-12,-1,None
0,-4,-30,-3,2,-10,-2,-1,-1,1,12,9,8,-12,-1,None
0,2,0,-2,-4,-2,-1,-1,-3,1,12,9,8,-12,-1,None
0,2,0,-2,-4,-2,-1,-1,-3,1,12,9,8,-12,-1,None
0,2,0,-2,-4,-2,-1,-1,-3,1,12,9,8,-12,-1,None
0,-5,9,0,-4,13,-2,-1,1,1,12,9,8,-12,-1,None
0,-6,-6,-3,6,-7,-3,-2,-2,1,12,9,8,-12,-1,None
0,2,3,-1,-5,7,2,-1,-1,1,12,9,8,-12,-1,None
0,0,7,2,4,4,-2,-2,-2,1,12,9,8,-12,-1,None
0,0,7,2,4,4,-2,-2,-2,1,12,9,8,-12,-1,None
0,0,7,2,4,4,-2,-2,-2,1,12,9,8,-12,-1,None
0,0,-7,-4,-4,-7,0,0,-1,1,12,9,8,-12,-1,None
0,-2,-7,-3,-3,-1,-2,-1,1,1,12,9,8,-12,-1,None
0,-2,16,-1,7,-6,-1,0,0,1,12,9,8,-12,-1,None
0,-1,0,-2,7,5,-4,-2,0,1,12,9,8,-12,-1,None
0,-1,0,-2,7,5,-4,-2,0,1,12,9,8,-12,-1,None
0,-1,0,-2,7,5,-4,-2,0,1,12,9,8,-12,-1,None
0,-2,-9,-4,-10,1,3,1,-1,1,12,9,8,-12,-1,None
0,-1,-6,1,10,10,-2,-2,-3,1,12,9,8,-12,-1,None
0,-1,-5,0,-6,1,0,-1,-1,1,12,9,8,-12,-1,None
0,-1,10,-2,0,3,-1,0,-1,1,12,9,8,-12,-1,None
0,-1,10,-2,0,3,-1,0,-1,1,12,9,8,-12,-1,None
0,-1,10,-2,0,3,-1,0,-1,1,12,9,8,-12,-1,None
0,-1,-1,-2,0,-6,-1,-2,-1,1,12,9,8,-12,-1,None
0,-1,-4,-2,-4,2,0,-2,-1,1,12,9,8,-12,-1,None
0,0,7,-2,8,1,0,-2,-1,1,12,9,8,-12,-1,None
0,-2,-4,-3,-3,-5,-1,-3,-2,1,12,9,8,-12,-1,None
0,-2,-4,-3,-3,-5,-1,-3,-2,1,12,9,8,-12,-1,None
0,-2,-4,-3,-3,-5,-1,-3,-2,1,12,9,8,-12,-1,None
0,0,-7,-2,-4,-1,-3,-2,-1,1,12,9,8,-12,-1,None
0,-1,4,-2,1,-2,2,-1,-2,1,12,9,8,-12,-1,None
0,-2,7,-1,-8,6,-1,-2,-2,1,12,9,8,-12,-1,None
0,-2,0,-2,-3,-1,0,-1,-1,1,12,9,8,-12,-1,None
0,-2,0,-2,-3,-1,0,-1,-1,1,12,9,8,-12,-1,None
0,-2,0,-2,-3,-1,0,-1,-1,1,12,9,8,-12,-1,None
0,-2,-10,-3,2,-6,-2,0,-1,1,12,9,8,-12,-1,None
0,1,5,-3,-13,-8,-1,0,0,1,12,9,8,-12,-1,None
0,-1,-1,-2,3,-4,-1,-1,-2,1,12,9,8,-12,-1,None
0,-1,-3,-2,-2,1,0,-1,-3,1,12,9,8,-12,-1,None
0,-1,-3,-2,-2,1,0,-1,-3,1,12,9,8,-12,-1,None
0,-1,-3,-2,-2,1,0,-1,-3,1,12,9,8,-12,-1,None
0,-2,11,-1,-1,1,0,-1,-1,1,12,9,8,-12,-1,None
0,-1,-5,-1,1,3,-2,-2,-2,1,12,9,8,-12,-1,None
0,0,-2,-2,-3,-8,-2,-2,-3,1,12,9,8,-12,-1,None
0,1,16,-5,2,-1,-2,-2,-3,1,12,9,8,-12,-1,None
0,1,16,-5,2,-1,-2,-2,-3,1,12,9,8,-12,-1,None
0,1,16,-5,2,-1,-2,-2,-3,1,12,9,8,-12,-1,None
0,-5,-36,-2,6,19,3,-2,-2,1,12,9,8,-12,-1,None
0,0,-2,-2,-2,3,0,-1,-1,1,12,9,8,-12,-1,None
0,-2,-7,-4,5,-3,-2,-3,-1,1,12,9,8,-12,-1,None
0,1,6,-2,-3,-9,-1,-1,0,1,12,9,8,-12,-1,None
0,1,6,-2,-3,-9,-1,-1,0,1,12,9,8,-12,-1,None
0,1,6,-2,-3,-9,-1,-1,0,1,12,9,8,-12,-1,None
0,-1,10,-2,-5,-7,-3,-1,0,1,12,9,8,-12,-1,None
0,-3,-2,-3,-1,2,-2,-1,-2,1,12,9,8,-12,-1,None
0,0,3,-1,-1,-1,-1,-1,0,1,12,9,8,-12,-1,None
0,-4,-7,-1,-3,2,-1,-1,-1,1,12,9,8,-12,-1,None
0,-4,-7,-1,-3,2,-1,-1,-1,1,12,9,8,-12,-1,None
0,-4,-7,-1,-3,2,-1,-1,-1,1,12,9,8,-12,-1,None
0,-1,9,-1,0,0,-2,-2,-1,1,12,9,8,-12,-1,None
0,3,-12,-3,-3,1,0,-1,-1,1,12,9,8,-12,-1,None
0,1,28,1,1,-5,-2,-1,0,1,12,9,8,-12,-1,None
0,-6,-25,-1,5,6,0,-1,-2,1,12,9,8,-12,-1,None
0,-6,-25,-1,5,6,0,-1,-2,1,12,9,8,-12,-1,None
0,-6,-25,-1,5,6,0,-1,-2,1,12,9,8,-12,-1,None
0,-1,3,-1,-1,2,-1,-1,-2,1,12,9,8,-12,-1,None
0,-3,-2,-3,-2,-3,-1,-2,-1,1,12,9,8,-12,-1,None
0,-1,-1,-3,0,3,-1,-1,-2,1,12,9,8,-12,-1,None
0,-1,2,-2,3,-3,0,-1,-1,1,12,9,8,-12,-1,None
0,-1,2,-2,3,-3,0,-1,-1,1,12,9,8,-12,-1,None
0,-1,2,-2,3,-3,0,-1,-1,1,12,9,8,-12,-1,None
0,-1,6,0,-10,0,-2,0,0,1,12,9,8,-12,-1,None
0,-2,3,-2,-8,-4,-3,-3,-2,1,12,9,8,-12,-1,None
0,-1,14,-1,8,1,0,-2,-4,1,12,9,8,-12,-1,None
0,-6,-35,-5,-4,0,0,-1,0,1,12,9,8,-12,-1,None
0,-6,-35,-5,-4,0,0,-1,0,1,12,9,8,-12,-1,None
0,-6,-35,-5,-4,0,0,-1,0,1,12,9,8,-12,-1,None
0,2,-3,-1,2,-4,-1,-1,-2,1,12,9,8,-12,-1,None
