0,1,0,-2,-2,-7,26,-33,13,1,12,9,8,-15,-3,None
0,-3,-4,-7,-19,4,-4,46,-1,1,12,9,8,-15,-3,None
0,1,0,1,14,8,-18,-22,8,1,12,9,8,-15,-3,None
0,1,0,1,14,8,-18,-22,8,1,12,9,8,-15,-3,None
0,1,0,1,14,8,-18,-22,8,1,12,9,7,-15,-3,None
0,-2,2,5,6,3,8,-25,-20,1,12,9,7,-15,-3,None
0,-5,-3,-8,-65,-11,-5,30,-7,1,12,9,7,-15,-3,None
0,-1,1,0,11,-1,1,-11,4,1,12,9,7,-15,-3,None
0,-6,-2,-10,-52,-5,5,5,-17,1,12,9,7,-15,-3,None
0,-6,-2,-10,-52,-5,5,5,-17,1,12,9,7,-15,-3,None
0,-6,-2,-10,-52,-5,5,5,-17,1,12,9,6,-14,-3,None
0,-1,-1,0,7,3,6,-27,-10,1,12,9,6,-14,-3,None
0,-6,0,4,20,7,-64,14,-1,1,12,9,6,-14,-3,None
0,-3,-1,-1,-23,-6,67,16,8,1,12,9,6,-14,-3,None
0,-2,0,0,19,9,-21,-22,7,1,12,9,6,-14,-3,None
0,-2,0,0,19,9,-21,-22,7,1,12,9,6,-14,-3,None
0,-2,0,0,19,9,-21,-22,7,1,12,9,6,-14,-3,None
0,-4,0,-2,-4,-3,1,-1,1,1,12,9,6,-14,-3,None
0,-1,2,4,-2,2,16,4,3,1,12,9,6,-14,-3,None
0,-4,0,1,16,0,-33,-34,-21,1,12,9,6,-14,-3,None
0,0,2,-2,-8,-3,2,23,0,1,12,9,6,-14,-3,None
0,0,2,-2,-8,-3,2,23,0,1,12,9,6,-14,-3,None
0,0,2,-2,-8,-3,2,23,0,1,12,9,4,-14,-3,None
0,1,5,10,21,8,-10,-12,11,1,12,9,4,-14,-3,None
0,-2,-1,3,5,-4,37,35,-9,1,12,9,4,-14,-3,None
0,-3,-2,-10,-15,-3,-45,-42,-5,1,12,9,4,-14,-3,None
0,2,4,2,-9,6,49,37,13,1,12,9,4,-14,-3,None
0,2,4,2,-9,6,49,37,13,0,12,9,4,-14,-3,None
0,2,4,2,-9,6,49,37,13,0,12,9,4,-14,-3,None
0,-3,3,2,20,1,-13,-5,-7,0,12,9,4,-14,-3,None
0,-3,1,-2,-34,-11,-18,-14,-11,0,12,9,4,-14,-3,None
0,-5,-2,-4,-6,-5,-1,1,-17,0,12,9,4,-14,-3,None
0,-1,1,8,19,7,-12,-16,12,0,12,9,4,-14,-3,None
0,-1,1,8,19,7,-12,-16,12,0,12,9,4,-14,-3,None
0,-1,1,8,19,7,-12,-16,12,0,12,9,3,-14,-3,None
0,-4,-7,-31,9,-15,-4,7,-6,0,12,9,3,-14,-3,None
0,0,2,-1,8,10,10,-12,-27,0,12,9,3,-14,-3,None
0,3,4,4,-3,-2,11,20,42,0,12,9,3,-14,-3,None
0,-1,1,7,-6,14,-9,-18,-15,0,12,9,3,-14,-3,None
0,-1,1,7,-6,14,-9,-18,-15,0,12,9,3,-14,-3,None
0,-1,1,7,-6,14,-9,-18,-15,0,12,9,1,-14,-3,None
0,-2,1,1,2,6,-10,18,6,0,12,9,1,-14,-3,None
0,-2,-3,-2,-17,-2,28,-6,-3,0,12,9,1,-14,-3,None
0,-1,2,-7,-3,-7,-10,-1,-18,0,12,9,1,-14,-3,None
0,-4,0,9,10,-8,-8,-16,3,0,12,9,1,-14,-3,None
0,-4,0,9,10,-8,-8,-16,3,0,12,8,1,-14,-3,None
0,-4,0,9,10,-8,-8,-16,3,0,12,8,1,-14,-3,None
0,0,1,2,-11,15,11,5,0,0,12,8,1,-14,-3,None
0,-1,2,4,8,0,0,2,10,0,12,8,1,-14,-3,None
0,0,0,0,-8,-12,-18,0,-10,0,12,8,1,-14,-3,None
0,0,2,-2,1,-7,2,2,11,0,12,8,1,-14,-3,None
0,0,2,-2,1,-7,2,2,11,0,12,8,1,-14,-3,None
0,0,2,-2,1,-7,2,2,11,0,12,8,0,-14,-3,None
0,-3,0,8,-22,0,12,-13,-5,0,12,8,0,-14,-3,None
0,1,1,-7,4,7,-10,2,-8,0,12,8,0,-14,-3,None
0,-1,0,0,8,9,10,-17,-4,0,12,8,0,-14,-3,None
0,-1,-3,-10,2,-7,-12,27,-2,0,12,8,0,-14,-3,None
0,-1,-3,-10,2,-7,-12,27,-2,0,12,8,0,-14,-3,None
0,-1,-3,-10,2,-7,-12,27,-2,0,12,8,0,-15,-3,None
0,0,0,-7,-18,-7,7,-2,-3,0,12,8,0,-15,-3,None
0,-3,-2,1,13,1,-1,1,4,0,12,8,0,-15,-3,None
0,1,3,-1,-8,2,-1,0,2,0,12,8,0,-15,-3,None
0,-1,0,-3,24,8,-13,-29,-11,0,12,8,0,-15,-3,None
0,-1,0,-3,24,8,-13,-29,-11,0,12,8,0,-15,-3,None
0,-1,0,-3,24,8,-13,-29,-11,0,12,8,0,-14,-3,None
0,0,-1,-13,20,1,6,8,-11,0,12,8,0,-14,-3,None
0,-1,2,3,10,8,-10,2,16,0,12,8,0,-14,-3,None
0,-1,-1,-3,-7,-29,0,0,-1,0,12,8,0,-14,-3,None
0,-2,-2,-9,-5,11,-3,-5,0,0,12,8,0,-14,-3,None
0,-2,-2,-9,-5,11,-3,-5,0,17,12,8,0,-14,-3,None
0,-2,-2,-9,-5,11,-3,-5,0,17,12,8,0,-14,-3,None
0,-2,1,7,6,-1,-6,1,-2,17,12,8,0,-14,-3,None
0,0,-1,1,11,16,4,-7,3,17,12,8,0,-14,-3,None
0,-1,-1,-1,-8,10,-1,14,-5,17,12,8,0,-14,-3,None
0,0,2,0,-11,-9,-2,-5,0,17,12,8,0,-14,-3,None
0,0,2,0,-11,-9,-2,-5,0,17,12,8,0,-14,-3,None
0,0,2,0,-11,-9,-2,-5,0,17,12,8,-1,-13,-3,None
0,1,-2,-12,18,4,2,8,14,17,12,8,-1,-13,-3,None
0,0,2,-7,8,4,3,-15,-11,17,12,8,-1,-13,-3,None
0,1,-3,-12,-26,4,0,13,41,17,12,8,-1,-13,-3,None
0,-2,-2,-13,15,2,-7,-2,4,17,12,8,-1,-13,-3,None
0,-2,-2,-13,15,2,-7,-2,4,17,12,8,-1,-13,-3,None
0,-2,-2,-13,15,2,-7,-2,4,17,12,8,-1,-13,-3,None
0,-3,-1,6,12,-16,-5,-12,-17,17,12,8,-1,-13,-3,None
0,2,4,-6,-12,9,7,4,20,17,12,8,-1,-13,-3,None
0,0,4,-2,65,3,4,10,-24,17,12,8,-1,-13,-3,None
0,-3,-1,-1,-24,9,-3,-19,9,17,12,8,-1,-13,-3,None
0,-3,-1,-1,-24,9,-3,-19,9,17,12,8,-1,-13,-3,None
0,-3,-1,-1,-24,9,-3,-19,9,17,12,8,-2,-13,-3,None
0,0,2,1,29,9,-1,12,19,17,12,8,-2,-13,-3,None
0,-1,0,-4,-42,-34,-12,-5,-13,17,12,8,-2,-13,-3,None
0,-2,4,6,-14,24,-1,-13,-18,17,12,8,-2,-13,-3,None
0,-3,-2,-8,43,1,4,0,-30,17,12,8,-2,-13,-3,None
0,-3,-2,-8,43,1,4,0,-30,17,12,8,-2,-13,-3,None
0,-3,-2,-8,43,1,4,0,-30,17,12,8,-2,-13,-3,None
0,0,2,0,-41,-9,5,-2,30,17,12,8,-2,-13,-3,None
0,3,6,4,-4,-8,-2,12,5,17,12,8,-2,-13,-3,None
0,-1,3,3,-30,-7,-3,-20,-29,17,12,8,-2,-13,-3,None
0,1,-4,-1,7,13,2,24,16,17,12,8,-2,-13,-3,None
0,1,-4,-1,7,13,2,24,16,17,12,8,-2,-13,-3,None
0,1,-4,-1,7,13,2,24,16,17,12,8,-2,-13,-3,None
0,1,5,5,-29,10,6,-4,-7,17,12,8,-2,-13,-3,None
0,-1,-11,-9,15,4,-4,9,1,17,12,8,-2,-13,-3,None
0,-3,-2,5,0,-10,-9,-15,-2,17,12,8,-2,-13,-3,None
0,0,4,12,71,-5,-1,-19,-25,17,12,8,-2,-13,-3,None
0,0,4,12,71,-5,-1,-19,-25,17,12,7,-2,-13,-3,None
0,0,4,12,71,-5,-1,-19,-25,17,12,7,-2,-13,-3,None
0,0,1,4,47,10,-2,11,2,17,12,7,-2,-13,-3,None
0,-5,-4,-18,-31,3,-10,-1,15,17,12,7,-2,-13,-3,None
0,-2,-1,-4,40,11,1,-13,-42,17,12,7,-2,-13,-3,None
0,2,2,9,8,-14,9,13,50,17,12,7,-2,-13,-3,None
0,2,2,9,8,-14,9,13,50,17,12,7,-2,-13,-3,None
0,2,2,9,8,-14,9,13,50,17,12,7,-2,-12,-3,None
0,-7,0,-4,-36,-6,-12,-23,-39,17,12,7,-2,-12,-3,None
0,-4,0,-9,-36,9,5,-1,-25,17,12,7,-2,-12,-3,None
0,5,1,0,32,16,7,4,43,17,12,7,-2,-12,-3,None
0,-3,4,-15,-18,-9,-6,0,15,17,12,7,-2,-12,-3,None
0,-3,4,-15,-18,-9,-6,0,15,17,12,7,-2,-12,-3,None
0,-3,4,-15,-18,-9,-6,0,15,17,12,7,-2,-12,-3,None
0,-3,-5,3,21,-7,4,0,4,17,12,7,-2,-12,-3,None
0,-4,-2,-8,22,8,-1,-13,-12,17,12,7,-2,-12,-3,None
0,-5,-2,-4,22,-3,-5,-3,0,17,12,7,-2,-12,-3,None
0,-2,1,-6,-105,-13,-9,-19,-2,17,12,7,-2,-12,-3,None
0,-2,1,-6,-105,-13,-9,-19,-2,17,12,7,-2,-12,-3,None
0,-2,1,-6,-105,-13,-9,-19,-2,17,12,7,-2,-12,-4,None
0,0,1,3,12,25,7,9,-14,17,12,7,-2,-12,-4,None
0,2,7,1,26,-13,-3,-7,27,17,12,7,-2,-12,-4,None
0,-1,-10,-13,-25,-8,9,29,-10,17,12,7,-2,-12,-4,None
0,0,1,-6,-22,-10,-5,-5,-16,17,12,7,-2,-12,-4,None
0,0,1,-6,-22,-10,-5,-5,-16,16,12,7,-2,-12,-4,None
0,0,1,-6,-22,-10,-5,-5,-16,16,12,7,-3,-13,-4,None
0,-1,1,-9,17,25,-2,-3,-22,16,12,7,-3,-13,-4,None
0,-1,2,4,-1,-11,1,-30,-3,16,12,7,-3,-13,-4,None
0,2,6,11,42,10,-1,23,55,16,12,7,-3,-13,-4,None
0,-3,-5,-25,-49,9,-3,-23,-57,16,12,7,-3,-13,-4,None
0,-3,-5,-25,-49,9,-3,-23,-57,16,12,7,-3,-13,-4,None
0,-3,-5,-25,-49,9,-3,-23,-57,16,12,7,-3,-13,-4,None
0,4,0,-4,-28,-5,7,18,37,16,12,7,-3,-13,-4,None
0,3,4,1,19,-3,-9,4,-14,16,12,7,-3,-13,-4,None
0,-17,-6,-3,-5,4,2,-37,-26,16,12,7,-3,-13,-4,None
0,14,4,16,30,21,11,-31,16,16,12,7,-3,-13,-4,None
0,14,4,16,30,21,11,-31,16,16,12,7,-3,-13,-4,None
0,14,4,16,30,21,11,-31,16,16,12,7,-2,-13,-2,None
0,-3,9,-10,-15,-20,-4,49,-73,16,12,7,-2,-13,-2,None
0,8,-9,11,3,8,16,80,123,16,12,7,-2,-13,-2,None
0,5,3,6,35,1,-14,-17,-8,16,12,7,-2,-13,-2,None
0,-3,-2,-2,-33,-6,2,26,-14,16,12,7,-2,-13,-2,None
0,-3,-2,-2,-33,-6,2,26,-14,16,12,7,-2,-13,-2,None
0,-3,-2,-2,-33,-6,2,26,-14,16,12,7,-1,-13,0,None
0,-5,-3,-5,-5,0,-3,-36,9,16,12,7,-1,-13,0,None
0,3,5,-4,9,-5,-11,-72,-67,16,12,7,-1,-13,0,None
0,-1,1,1,2,4,6,69,-52,16,12,7,-1,-13,0,None
0,-10,-3,-4,23,-5,-9,29,125,16,12,7,-1,-13,0,None
0,-10,-3,-4,23,-5,-9,29,125,16,12,7,-1,-13,0,None
0,-10,-3,-4,23,-5,-9,29,125,16,12,7,-3,-14,-3,None
0,0,0,0,-4,-8,-6,-13,-12,16,12,7,-3,-14,-3,None
0,-7,-4,-5,2,8,7,-1,-25,16,12,7,-3,-14,-3,None
0,3,-6,-13,-25,-5,-7,-17,-1,16,12,7,-3,-14,-3,None
0,0,7,-5,26,7,6,-13,-46,16,12,7,-3,-14,-3,None
0,0,7,-5,26,7,6,-13,-46,16,12,7,-3,-14,-3,None
0,0,7,-5,26,7,6,-13,-46,16,12,7,-4,-14,-3,None
0,-3,1,3,17,0,-3,-23,-28,16,12,7,-4,-14,-3,None
0,2,0,-5,-24,1,-4,19,31,16,12,7,-4,-14,-3,None
0,0,10,-6,-67,-9,-2,-34,-8,16,12,7,-4,-14,-3,None
0,1,-1,5,8,-3,-6,25,-31,16,12,7,-4,-14,-3,None
0,1,-1,5,8,-3,-6,25,-31,16,12,7,-4,-14,-3,None
0,1,-1,5,8,-3,-6,25,-31,16,12,7,-5,-13,-4,None
0,-1,-2,-10,-18,-5,-4,11,-40,16,12,7,-5,-13,-4,None
0,-2,1,5,19,0,3,-9,0,16,12,7,-5,-13,-4,None
0,-1,1,3,4,-7,-9,-7,-3,16,12,7,-5,-13,-4,None
0,2,-3,3,-5,1,-2,-27,-27,16,12,7,-5,-13,-4,None
0,2,-3,3,-5,1,-2,-27,-27,16,12,7,-5,-13,-4,None
0,2,-3,3,-5,1,-2,-27,-27,16,12,7,-5,-12,-3,None
0,-1,-3,6,2,-4,-7,3,26,16,12,7,-5,-12,-3,None
0,-2,3,-6,-16,3,9,32,11,16,12,7,-5,-12,-3,None
0,-2,-4,-6,-9,1,-1,-15,-1,16,12,7,-5,-12,-3,None
0,-1,0,5,9,4,3,-35,74,16,12,7,-5,-12,-3,None
0,-1,0,5,9,4,3,-35,74,16,12,7,-5,-12,-3,None
0,-1,0,5,9,4,3,-35,74,16,12,7,-4,-13,-3,None
0,-2,4,2,15,3,5,28,19,16,12,7,-4,-13,-3,None
0,-3,18,1,-18,-5,-11,-29,-54,16,12,7,-4,-13,-3,None
0,-5,-39,-4,28,11,3,24,9,16,12,7,-4,-13,-3,None
0,-3,-1,-6,11,-8,-5,-18,23,16,12,7,-4,-13,-3,None
0,-3,-1,-6,11,-8,-5,-18,23,16,12,7,-4,-13,-3,None
0,-3,-1,-6,11,-8,-5,-18,23,16,12,7,-4,-13,-2,None
0,0,-1,0,-15,3,2,-48,-36,16,12,7,-4,-13,-2,None
0,10,3,7,-7,9,9,71,17,16,12,7,-4,-13,-2,None
0,6,12,-3,-10,0,1,-2,-3,16,12,7,-4,-13,-2,None
0,-8,-3,-6,-2,-9,-10,11,-16,16,12,7,-4,-13,-2,None
0,-8,-3,-6,-2,-9,-10,11,-16,16,12,7,-4,-13,-2,None
0,-8,-3,-6,-2,-9,-10,11,-16,16,12,7,-5,-13,-2,None
0,-2,-7,-3,-17,-8,-4,-28,-20,16,12,7,-5,-13,-2,None
0,-11,-1,-2,10,-1,-12,-35,-54,16,12,7,-5,-13,-2,None
0,-2,-4,-5,8,-3,4,-20,27,16,12,7,-5,-13,-2,None
0,0,-2,8,42,8,2,48,-55,16,12,7,-5,-13,-2,None
0,0,-2,8,42,8,2,48,-55,16,12,7,-5,-13,-2,None
0,0,-2,8,42,8,2,48,-55,16,12,7,-5,-13,-3,None
0,0,5,-5,-34,-4,-3,-35,3,16,12,7,-5,-13,-3,None
0,-1,-4,-4,0,-3,-4,26,24,16,12,7,-5,-13,-3,None
0,-4,8,1,-8,-4,-9,-15,10,16,12,7,-5,-13,-3,None
0,-4,-2,-12,-3,9,3,-5,6,16,12,7,-5,-13,-3,None
0,-4,-2,-12,-3,9,3,-5,6,16,12,7,-5,-13,-3,None
0,-4,-2,-12,-3,9,3,-5,6,16,12,7,-5,-13,-3,None
0,2,-2,-3,-1,-1,4,9,7,16,12,7,-5,-13,-3,None
0,-1,-2,-3,-17,-4,-2,-28,18,16,12,7,-5,-13,-3,None
0,-1,6,3,0,-2,-2,58,2,16,12,7,-5,-13,-3,None
0,-2,-1,-11,-9,0,-2,-19,-44,16,12,7,-5,-13,-3,None
0,-2,-1,-11,-9,0,-2,-19,-44,16,12,7,-5,-13,-3,None
0,-2,-1,-11,-9,0,-2,-19,-44,16,12,7,-4,-13,-3,None
0,0,2,0,-7,-5,-5,-26,14,16,12,7,-4,-13,-3,None
0,5,-2,-2,13,4,11,32,10,16,12,7,-4,-13,-3,None
0,1,7,-2,-21,1,7,-2,26,16,12,7,-4,-13,-3,None
0,-6,0,-1,-4,-7,-14,-59,-109,16,12,7,-4,-13,-3,None
0,-6,0,-1,-4,-7,-14,-59,-109,16,12,7,-4,-13,-3,None
0,-6,0,-1,-4,-7,-14,-59,-109,16,12,7,-4,-13,-3,None
0,5,-1,0,14,2,-4,32,53,16,12,7,-4,-13,-3,None
0,-2,-1,-4,29,7,-2,-5,11,16,12,7,-4,-13,-3,None
0,0,4,-1,-13,-15,-12,-20,9,16,12,7,-4,-13,-3,None
0,2,1,-1,-7,6,7,19,3,16,12,7,-4,-13,-3,None
0,2,1,-1,-7,6,7,19,3,16,12,7,-4,-13,-3,None
0,2,1,-1,-7,6,7,19,3,16,12,7,-4,-13,-3,None
0,-4,-2,-3,2,1,-4,-15,-20,16,12,7,-4,-13,-3,None
0,-2,-5,-5,7,3,3,-3,-1,16,12,7,-4,-13,-3,None
0,-3,3,-6,-9,-3,-4,-19,-21,16,12,7,-4,-13,-3,None
0,1,3,2,-5,1,1,16,22,16,12,7,-4,-13,-3,None
0,1,3,2,-5,1,1,16,22,16,12,7,-4,-13,-3,None
0,1,3,2,-5,1,1,16,22,16,12,7,-4,-13,-3,None
0,-1,2,-1,33,7,3,8,56,16,12,7,-4,-13,-3,None
0,-1,8,5,-13,2,-1,10,-56,16,12,7,-4,-13,-3,None
0,-5,-10,-9,-50,-13,-6,-8,79,16,12,7,-4,-13,-3,None
0,1,1,3,0,0,3,-17,4,16,12,7,-4,-13,-3,None
0,1,1,3,0,0,3,-17,4,16,12,7,-4,-13,-3,None
0,1,1,3,0,0,3,-17,4,16,12,7,-4,-13,-3,None
0,0,3,0,24,-1,1,77,16,16,12,7,-4,-13,-3,None
0,-2,0,1,3,0,-5,-20,-32,16,12,7,-4,-13,-3,None
0,-3,2,0,23,6,-4,-27,-30,16,12,7,-4,-13,-3,None
0,0,2,5,5,2,0,-26,-9,16,12,7,-4,-13,-3,None
0,0,2,5,5,2,0,-26,-9,16,12,7,-4,-13,-3,None
0,0,2,5,5,2,0,-26,-9,16,12,7,-4,-13,-3,None
0,-1,-4,-2,-6,0,6,64,67,16,12,7,-4,-13,-3,None
0,-8,-1,-4,-3,5,-1,-26,20,16,12,7,-4,-13,-3,None
0,3,14,-3,-13,-3,0,12,-79,16,12,7,-4,-13,-3,None
0,0,-4,-2,1,1,-3,2,-31,16,12,7,-4,-13,-3,None
0,0,-4,-2,1,1,-3,2,-31,16,12,7,-4,-13,-3,None
0,0,-4,-2,1,1,-3,2,-31,16,12,7,-4,-13,-3,None
0,-1,3,3,22,11,1,-20,-33,16,12,7,-4,-13,-3,None
0,-11,0,-1,-2,-10,-18,-107,-97,16,12,7,-4,-13,-3,None
0,50,25,12,35,17,23,102,43,16,12,7,-4,-13,-3,None
0,-12,-29,6,54,6,7,54,18,16,12,7,-4,-13,-3,None
0,-12,-29,6,54,6,7,54,18,16,12,7,-4,-13,-3,None
0,-12,-29,6,54,6,7,54,18,16,12,7,-4,-13,-3,None
0,14,-23,-25,-109,-24,-11,-42,65,16,12,7,-4,-13,-3,None
0,-8,-10,0,28,2,-2,-15,-29,16,12,7,-4,-13,-3,None
0,-8,1,-6,15,1,-5,-20,-8,16,12,7,-4,-13,-3,None
0,-2,7,3,5,-4,-8,-8,-16,16,12,7,-4,-13,-3,None
0,-2,7,3,5,-4,-8,-8,-16,16,12,7,-4,-13,-3,None
0,-2,7,3,5,-4,-8,-8,-16,16,12,7,-4,-14,-3,None
0,-1,3,3,9,9,4,-6,-38,16,12,7,-4,-14,-3,None
0,0,3,-4,-13,-6,-11,9,41,16,12,7,-4,-14,-3,None
0,-8,-4,-2,-5,6,4,-36,18,16,12,7,-4,-14,-3,None
0,4,-28,-5,-16,7,13,48,61,16,12,7,-4,-14,-3,None
0,4,-28,-5,-16,7,13,48,61,16,12,7,-4,-14,-3,None
0,4,-28,-5,-16,7,13,48,61,16,12,7,-4,-14,-3,None
0,-18,5,1,2,-8,-11,-43,-86,16,12,7,-4,-14,-3,None
0,7,6,2,8,3,5,37,69,16,12,7,-4,-14,-3,None
0,-16,-8,-3,8,1,-9,-30,-32,16,12,7,-4,-14,-3,None
0,-1,10,2,-20,-2,-3,1,-33,16,12,7,-4,-14,-3,None
0,-1,10,2,-20,-2,-3,1,-33,16,12,7,-4,-14,-3,None
0,-1,10,2,-20,-2,-3,1,-33,16,12,7,-4,-14,-3,None
0,1,5,-3,3,0,3,27,54,16,12,7,-4,-14,-3,None
0,1,2,-2,9,-4,0,10,-98,16,12,7,-4,-14,-3,None
0,-3,-1,-2,-7,0,0,1,-5,16,12,7,-4,-14,-3,None
0,2,13,-2,-6,-3,-8,-19,14,16,12,7,-4,-14,-3,None
0,2,13,-2,-6,-3,-8,-19,14,16,12,7,-4,-14,-3,None
0,2,13,-2,-6,-3,-8,-19,14,16,12,7,-4,-14,-3,None
0,-4,-2,1,21,7,-6,-23,-27,16,12,7,-4,-14,-3,None
0,-3,3,-6,-39,-15,0,0,0,16,12,7,-4,-14,-3,None
0,-5,-3,-5,23,6,2,-10,-54,16,12,7,-4,-14,-3,None
0,5,12,-4,-59,-10,-2,-20,34,16,12,7,-4,-14,-3,None
0,5,12,-4,-59,-10,-2,-20,34,16,12,7,-4,-14,-3,None
0,5,12,-4,-59,-10,-2,-20,34,16,12,7,-4,-14,-3,None
0,-1,4,-1,49,10,6,3,-17,16,12,7,-4,-14,-3,None
0,-4,-8,-10,-17,-9,-16,0,32,16,12,7,-4,-14,-3,None
0,-6,-3,-10,-69,-2,-9,-15,-20,16,12,7,-4,-14,-3,None
0,1,3,0,25,11,27,-8,-3,16,12,7,-4,-14,-3,None
0,1,3,0,25,11,27,-8,-3,16,12,7,-4,-14,-3,None
0,1,3,0,25,11,27,-8,-3,16,12,7,-4,-14,-3,None
0,2,5,4,-7,13,26,15,-1,16,12,7,-4,-14,-3,None
0,2,3,5,9,2,2,11,24,16,12,7,-4,-14,-3,None
0,-6,-7,-8,-13,-8,0,5,13,16,12,7,-4,-14,-3,None
0,0,10,1,-8,1,-28,-6,-1,16,12,7,-4,-14,-3,None
0,0,10,1,-8,1,-28,-6,-1,16,12,7,-4,-14,-3,None
0,0,10,1,-8,1,-28,-6,-1,16,12,7,-4,-13,-3,None
0,-7,-5,-6,12,-15,-38,-13,-8,16,12,7,-4,-13,-3,None
0,1,0,7,18,13,73,-5,-6,16,12,7,-4,-13,-3,None
0,-2,-1,-5,2,1,2,-4,-14,16,12,7,-4,-13,-3,None
0,1,3,-7,-4,-5,-9,6,6,16,12,7,-4,-13,-3,None
0,1,3,-7,-4,-5,-9,6,6,16,12,7,-4,-13,-3,None
0,1,3,-7,-4,-5,-9,6,6,16,12,7,-4,-13,-3,None
0,0,4,7,-21,-4,0,-7,-19,16,12,7,-4,-13,-3,None
0,-1,-4,0,35,57,-37,-2,14,16,12,7,-4,-13,-3,None
0,-1,2,-1,-4,-50,45,6,9,16,12,7,-4,-13,-3,None
0,-1,2,-6,-8,11,4,-1,2,16,12,7,-4,-13,-3,None
0,-1,2,-6,-8,11,4,-1,2,16,12,7,-4,-13,-3,None
0,-1,2,-6,-8,11,4,-1,2,16,12,7,-4,-13,-3,None
0,-2,2,2,-5,-4,-10,-6,-5,16,12,7,-4,-13,-3,None
0,-1,0,-7,-1,-3,-10,0,2,16,12,7,-4,-13,-3,None
0,-4,0,2,-4,14,-12,1,8,16,12,7,-4,-13,-3,None
0,-3,3,4,24,-11,-22,-14,-16,16,12,7,-4,-13,-3,None
0,-3,3,4,24,-11,-22,-14,-16,16,12,7,-4,-13,-3,None
0,-3,3,4,24,-11,-22,-14,-16,16,12,7,-4,-12,-4,None
0,0,-1,-8,-24,-7,12,5,5,16,12,7,-4,-12,-4,None
0,-1,-2,-3,17,-8,1,1,-3,16,12,7,-4,-12,-4,None
0,0,0,-1,-6,31,2,-1,0,16,12,7,-4,-12,-4,None
0,-2,1,3,-13,-14,-3,2,0,16,12,7,-4,-12,-4,None
0,-2,1,3,-13,-14,-3,2,0,16,12,7,-4,-12,-4,None
0,-2,1,3,-13,-14,-3,2,0,16,12,7,-4,-12,-4,None
0,1,1,-6,12,4,9,-5,-6,16,12,7,-4,-12,-4,None
0,1,-1,1,-10,0,8,4,9,16,12,7,-4,-12,-4,None
0,-2,0,8,15,1,-21,-5,2,16,12,7,-4,-12,-4,None
0,-2,2,-1,-3,2,-2,-2,-4,16,12,7,-4,-12,-4,None
0,-2,2,-1,-3,2,-2,-2,-4,16,12,7,-4,-12,-4,None
0,-2,2,-1,-3,2,-2,-2,-4,16,12,7,-4,-12,-3,None
0,-2,0,-2,-8,3,-10,-4,-1,16,12,7,-4,-12,-3,None
0,-2,1,-2,-5,-25,-15,-4,-3,16,12,7,-4,-12,-3,None
0,0,-1,-3,10,19,-10,2,4,16,12,7,-4,-12,-3,None
0,-1,0,-5,-3,4,18,2,-2,16,12,7,-4,-12,-3,None
0,-1,0,-5,-3,4,18,2,-2,17,12,7,-4,-12,-3,None
0,-1,0,-5,-3,4,18,2,-2,17,12,7,-3,-12,-3,None
0,-1,1,-3,4,-3,3,-4,-5,17,12,7,-3,-12,-3,None
0,-2,-1,-7,-8,-5,-5,-1,4,17,12,7,-3,-12,-3,None
0,-2,0,-1,10,-6,-9,-2,-1,17,12,7,-3,-12,-3,None
0,-2,-2,-7,3,-6,-2,0,2,17,12,7,-3,-12,-3,None
0,-2,-2,-7,3,-6,-2,0,2,17,12,7,-3,-12,-3,None
0,-2,-2,-7,3,-6,-2,0,2,17,12,7,-3,-13,-3,None
0,-1,0,-3,-4,7,3,3,0,17,12,7,-3,-13,-3,None
0,-1,0,-3,-6,-16,4,-1,-2,17,12,7,-3,-13,-3,None
0,0,1,-3,1,4,-2,2,2,17,12,7,-3,-13,-3,None
0,-2,-1,-1,3,2,-6,-4,-6,17,12,7,-3,-13,-3,None
0,-2,-1,-1,3,2,-6,-4,-6,17,12,7,-3,-13,-3,None
0,-2,-1,-1,3,2,-6,-4,-6,17,12,7,-3,-13,-3,None
0,0,2,3,-3,-4,-2,-3,0,17,12,7,-3,-13,-3,None
0,-1,-1,-5,-4,13,-6,-1,-2,17,12,7,-3,-13,-3,None
0,-3,1,2,9,-4,-6,-6,-3,17,12,7,-3,-13,-3,None
0,-3,-1,-5,-3,-5,-1,-3,-5,17,12,7,-3,-13,-3,None
0,-3,-1,-5,-3,-5,-1,-3,-5,17,12,8,-3,-13,-3,None
0,-3,-1,-5,-3,-5,-1,-3,-5,17,12,8,-3,-13,-3,None
0,0,0,-4,3,8,1,2,2,17,12,8,-3,-13,-3,None
0,-1,1,0,-3,1,1,-1,3,17,12,8,-3,-13,-3,None
0,-2,1,-2,2,-3,-1,-2,-1,17,12,8,-3,-13,-3,None
0,0,1,-4,3,2,-1,-2,-1,17,12,8,-3,-13,-3,None
0,0,1,-4,3,2,-1,-2,-1,17,12,8,-3,-13,-3,None
0,0,1,-4,3,2,-1,-2,-1,17,12,8,-3,-13,-3,None
0,0,1,1,-9,1,-3,-1,-2,17,12,8,-3,-13,-3,None
0,-1,1,-1,6,2,-3,-1,-3,17,12,8,-3,-13,-3,None
0,-1,-1,-2,0,-8,0,1,1,17,12,8,-3,-13,-3,None
0,-2,0,0,-1,9,-2,-1,-2,17,12,8,-3,-13,-3,None
0,-2,0,0,-1,9,-2,-1,-2,17,12,8,-3,-13,-3,None
0,-2,0,0,-1,9,-2,-1,-2,17,12,8,-3,-13,-3,None
0,-1,1,4,-1,1,-1,-2,-2,17,12,8,-3,-13,-3,None
0,-1,-1,-5,-1,-1,2,3,2,17,12,8,-3,-13,-3,None
0,-1,1,-3,-3,0,-3,-3,0,17,12,8,-3,-13,-3,None
0,0,0,-2,1,2,2,0,0,17,12,8,-3,-13,-3,None
0,0,0,-2,1,2,2,0,0,17,12,8,-3,-13,-3,None
0,0,0,-2,1,2,2,0,0,17,12,8,-3,-13,-4,None
0,-2,1,-1,-7,-4,-3,-3,-3,17,12,8,-3,-13,-4,None
0,-2,-1,0,6,-2,-4,-1,-2,17,12,8,-3,-13,-4,None
0,-2,0,-1,-4,3,-4,-4,-4,17,12,8,-3,-13,-4,None
0,0,1,-3,-2,2,2,4,2,17,12,8,-3,-13,-4,None
0,0,1,-3,-2,2,2,4,2,17,12,8,-3,-13,-4,None
0,0,1,-3,-2,2,2,4,2,17,12,8,-3,-13,-4,None
0,-2,0,-3,-3,-5,-3,-4,-3,17,12,8,-3,-13,-4,None
0,0,-1,-3,-9,-1,-1,-3,-3,17,12,8,-3,-13,-4,None
0,1,1,-3,-7,-2,0,0,-1,17,12,8,-3,-13,-4,None
0,-2,0,-1,-2,-2,-1,3,3,17,12,8,-3,-13,-4,None
0,-2,0,-1,-2,-2,-1,3,3,17,12,8,-3,-13,-4,None
0,-2,0,-1,-2,-2,-1,3,3,17,12,8,-2,-13,-4,None
0,-1,-1,-3,8,-3,-3,-3,-3,17,12,8,-2,-13,-4,None
0,-2,0,0,-8,10,2,-2,-2,17,12,8,-2,-13,-4,None
0,-2,0,0,3,-2,-1,-1,-4,17,12,8,-2,-13,-4,None
0,-1,1,0,-12,-3,-3,-4,-4,17,12,8,-2,-13,-4,None
0,-1,1,0,-12,-3,-3,-4,-4,17,12,8,-2,-13,-4,None
0,-1,1,0,-12,-3,-3,-4,-4,17,12,8,-2,-13,-4,None
0,-2,0,-3,-2,-2,-3,-2,-3,17,12,8,-2,-13,-4,None
0,1,2,1,8,1,0,-2,-2,17,12,8,-2,-13,-4,None
0,0,0,0,14,3,0,0,1,17,12,8,-2,-13,-4,None
0,-1,-1,-8,-10,-7,-4,-3,-1,17,12,8,-2,-13,-4,None
0,-1,-1,-8,-10,-7,-4,-3,-1,17,12,8,-2,-13,-4,None
0,-1,-1,-8,-10,-7,-4,-3,-1,17,12,8,-2,-13,-4,None
0,-5,-2,2,11,-8,-2,-2,-4,17,12,8,-2,-13,-4,None
0,-3,0,-1,12,10,-2,-4,-3,17,12,8,-2,-13,-4,None
0,0,2,1,10,-2,-4,-2,0,17,12,8,-2,-13,-4,None
0,1,2,0,-8,-10,5,2,-1,17,12,8,-2,-13,-4,None
0,1,2,0,-8,-10,5,2,-1,17,12,8,-2,-13,-4,None
0,1,2,0,-8,-10,5,2,-1,17,12,8,-2,-13,-4,None
0,-1,0,-2,7,12,-1,-3,3,17,12,8,-2,-13,-4,None
0,1,2,0,-1,-5,-6,-2,-1,17,12,8,-2,-13,-4,None
0,0,-1,5,22,16,7,2,0,17,12,8,-2,-13,-4,None
0,-2,-2,-4,19,-18,-8,-5,-4,17,12,8,-2,-13,-4,None
0,-2,-2,-4,19,-18,-8,-5,-4,17,12,8,-2,-13,-4,None
0,-2,-2,-4,19,-18,-8,-5,-4,17,12,8,-1,-14,-4,None
0,-1,-1,-1,-24,3,-1,0,-1,17,12,8,-1,-14,-4,None
0,-2,-2,-1,-36,5,0,0,0,17,12,8,-1,-14,-4,None
0,-3,-4,1,12,1,-5,-4,-1,17,12,8,-1,-14,-4,None
0,1,2,13,-3,18,1,-1,-3,17,12,8,-1,-14,-4,None
0,1,2,13,-3,18,1,-1,-3,17,12,8,-1,-14,-4,None
0,1,2,13,-3,18,1,-1,-3,17,12,8,-1,-14,-4,None
0,2,1,8,7,-49,-1,0,0,17,12,8,-1,-14,-4,None
0,-1,2,9,15,35,0,0,1,17,12,8,-1,-14,-4,None
0,2,5,11,47,3,3,2,0,17,12,8,-1,-14,-4,None
0,-4,-3,-8,-75,-1,-5,-5,-2,17,12,8,-1,-14,-4,None
0,-4,-3,-8,-75,-1,-5,-5,-2,0,12,8,-1,-14,-4,None
0,-4,-3,-8,-75,-1,-5,-5,-2,0,12,8,-1,-13,-4,None
0,-1,-1,1,9,14,-1,-4,-3,0,12,8,-1,-13,-4,None
0,-3,-4,-8,-9,-28,-3,-1,-3,0,12,8,-1,-13,-4,None
0,-2,-2,-2,3,-5,2,0,0,0,12,8,-1,-13,-4,None
0,0,2,11,46,12,-1,-1,0,0,12,8,-1,-13,-4,None
0,0,2,11,46,12,-1,-1,0,0,12,9,-1,-13,-4,None
0,0,2,11,46,12,-1,-1,0,0,12,9,-1,-13,-3,None
0,-4,0,-1,56,36,1,-1,-5,0,12,9,-1,-13,-3,None
0,2,4,-3,-34,-25,1,0,0,0,12,9,-1,-13,-3,None
0,-1,-1,-20,-104,-2,-2,-1,1,0,12,9,-1,-13,-3,None
0,1,2,-9,44,0,6,2,0,0,12,9,-1,-13,-3,None
0,1,2,-9,44,0,6,2,0,0,12,9,-1,-13,-3,None
0,1,2,-9,44,0,6,2,0,0,12,9,0,-13,-3,None
0,-3,0,-17,-39,-17,-12,-6,1,0,12,9,0,-13,-3,None
0,2,2,-12,-36,23,6,6,6,0,12,9,0,-13,-3,None
0,-4,-1,-14,3,-21,-6,-3,-4,0,12,9,0,-13,-3,None
0,-4,-1,-5,13,7,-1,-4,-4,0,12,9,0,-13,-3,None
0,-4,-1,-5,13,7,-1,-4,-4,0,12,9,0,-13,-3,None
0,-4,-1,-5,13,7,-1,-4,-4,0,12,9,1,-13,-3,None
0,-1,-4,-25,-125,-22,-6,-2,-3,0,12,9,1,-13,-3,None
0,-2,-1,-4,53,1,-3,-3,-3,0,12,9,1,-13,-3,None
0,1,3,-3,-12,-16,-2,1,-1,0,12,9,1,-13,-3,None
0,-3,0,-8,-16,14,2,-2,-5,0,12,9,1,-13,-3,None
0,-3,0,-8,-16,14,2,-2,-5,0,12,9,1,-13,-3,None
0,-3,0,-8,-16,14,2,-2,-5,0,12,9,2,-14,-3,None
0,-2,2,7,-3,26,10,2,-1,0,12,9,2,-14,-3,None
0,-1,0,-1,22,-18,-3,-5,-2,0,12,9,2,-14,-3,None
0,-2,-3,-6,-20,-9,-7,-6,-2,0,12,9,2,-14,-3,None
0,-2,-1,-4,16,-3,-1,-1,-1,0,12,9,2,-14,-3,None
0,-2,-1,-4,16,-3,-1,-1,-1,0,12,9,2,-14,-3,None
0,-2,-1,-4,16,-3,-1,-1,-1,0,12,9,2,-14,-3,None
0,1,2,-1,-5,0,3,1,0,0,12,9,2,-14,-3,None
0,1,1,-2,-1,-14,-2,-1,-1,0,12,9,2,-14,-3,None
0,-5,-3,1,28,11,-6,-4,-5,0,12,9,2,-14,-3,None
0,0,2,7,-4,-21,6,4,2,0,12,9,2,-14,-3,None
0,0,2,7,-4,-21,6,4,2,0,12,9,2,-14,-3,None
0,0,2,7,-4,-21,6,4,2,0,12,9,3,-14,-2,None
0,-1,-2,-9,-40,-17,-1,-1,-3,0,12,9,3,-14,-2,None
0,-6,-4,4,69,11,0,-1,-7,0,12,9,3,-14,-2,None
0,1,3,10,110,50,-8,-5,1,0,12,9,3,-14,-2,None
0,0,-2,-12,-85,9,13,5,0,0,12,9,3,-14,-2,None
0,0,-2,-12,-85,9,13,5,0,0,12,9,3,-14,-2,None
0,0,-2,-12,-85,9,13,5,0,0,12,9,4,-13,-3,None
0,4,8,21,110,11,-1,2,4,0,12,9,4,-13,-3,None
0,-7,-9,-23,27,10,-7,-9,-10,0,12,9,4,-13,-3,None
0,-5,0,10,70,-20,3,7,-3,0,12,9,4,-13,-3,None
0,-3,-2,8,-15,-39,-10,-6,-4,0,12,9,4,-13,-3,None
0,-3,-2,8,-15,-39,-10,-6,-4,1,12,9,4,-13,-3,None
0,-3,-2,8,-15,-39,-10,-6,-4,1,12,9,4,-14,-3,None
0,1,2,7,23,25,12,4,-1,1,12,9,4,-14,-3,None
0,0,1,-12,-108,-32,-10,-4,-1,1,12,9,4,-14,-3,None
0,1,0,-4,-6,-2,6,0,2,1,12,9,4,-14,-3,None
0,1,3,2,8,-17,-4,-3,-1,1,12,9,4,-14,-3,None
0,1,3,2,8,-17,-4,-3,-1,1,12,9,4,-14,-3,None
0,1,3,2,8,-17,-4,-3,-1,1,12,9,5,-15,-3,None
0,0,-1,-8,6,9,-5,-8,-1,1,12,9,5,-15,-3,None
0,-1,6,11,1,-1,2,4,-1,1,12,9,5,-15,-3,None
0,0,2,1,-27,-20,-4,-6,-1,1,12,9,5,-15,-3,None
0,0,2,-6,-37,-18,5,3,-2,1,12,9,5,-15,-3,None
0,0,2,-6,-37,-18,5,3,-2,1,12,9,5,-15,-3,None
0,0,2,-6,-37,-18,5,3,-2,1,12,9,6,-15,-2,None
0,-3,-4,-4,33,16,-8,-6,-4,1,12,9,6,-15,-2,None
0,2,3,17,1,20,11,1,2,1,12,9,6,-15,-2,None
0,-3,1,-8,-22,15,-6,-4,-5,1,12,9,6,-15,-2,None
0,0,2,12,86,86,0,2,1,1,12,9,6,-15,-2,None
0,0,2,12,86,86,0,2,1,1,12,9,6,-15,-2,None
0,0,2,12,86,86,0,2,1,1,12,9,6,-14,-2,None
0,-2,-3,-26,15,-84,-6,-4,-3,1,12,9,6,-14,-2,None
0,1,0,2,0,1,0,0,3,1,12,9,6,-14,-2,None
0,-2,0,12,-2,31,7,1,-8,1,12,9,6,-14,-2,None
0,0,1,0,35,-20,1,5,1,1,12,9,6,-14,-2,None
0,0,1,0,35,-20,1,5,1,1,12,9,6,-14,-2,None
0,0,1,0,35,-20,1,5,1,1,12,9,7,-13,-2,None
0,-1,0,-3,-56,37,-2,-1,-1,1,12,9,7,-13,-2,None
0,-3,-1,1,44,6,3,-4,0,1,12,9,7,-13,-2,None
0,-1,1,-10,1,15,-1,3,-2,1,12,9,7,-13,-2,None
0,0,1,-3,22,29,-2,-5,-2,1,12,9,7,-13,-2,None
0,0,1,-3,22,29,-2,-5,-2,1,12,9,7,-13,-2,None
0,0,1,-3,22,29,-2,-5,-2,1,12,9,7,-13,-2,None
0,-4,-3,0,-46,-63,-4,0,-3,1,12,9,7,-13,-2,None
0,-1,5,9,75,29,2,0,0,1,12,9,7,-13,-2,None
0,0,-8,-32,-76,-52,-10,-6,-3,1,12,9,7,-13,-2,None
0,-2,-3,-7,-46,-6,-6,-7,-3,1,12,9,7,-13,-2,None
0,-2,-3,-7,-46,-6,-6,-7,-3,1,12,9,7,-13,-2,None
0,-2,-3,-7,-46,-6,-6,-7,-3,1,12,9,8,-13,-2,None
0,-2,-1,-4,29,19,0,-2,-4,1,12,9,8,-13,-2,None
0,1,-1,-5,-2,-36,-3,-1,1,1,12,9,8,-13,-2,None
0,0,5,15,-1,50,4,2,1,1,12,9,8,-13,-2,None
0,5,26,-15,67,-16,-4,-2,0,1,12,9,8,-13,-2,None
0,5,26,-15,67,-16,-4,-2,0,1,12,9,8,-13,-2,None
0,5,26,-15,67,-16,-4,-2,0,1,12,9,8,-15,-2,None
0,-5,-29,-7,-16,35,0,-3,-2,1,12,9,8,-15,-2,None
0,1,2,-3,-77,-9,-3,-3,2,1,12,9,8,-15,-2,None
0,-6,-21,0,-22,-8,5,-2,-3,1,12,9,8,-15,-2,None
0,0,-10,-2,-27,12,-3,-3,-2,1,12,9,8,-15,-2,None
0,0,-10,-2,-27,12,-3,-3,-2,1,12,9,8,-15,-2,None
0,0,-10,-2,-27,12,-3,-3,-2,1,12,9,8,-15,-1,None
0,1,32,11,10,17,7,3,1,1,12,9,8,-15,-1,None
0,-8,-38,-9,10,-3,-6,-2,-2,1,12,9,8,-15,-1,None
0,3,22,-3,8,6,3,-1,2,1,12,9,8,-15,-1,None
0,-4,-43,-7,-31,7,-3,-3,-2,1,12,9,8,-15,-1,None
0,-4,-43,-7,-31,7,-3,-3,-2,1,12,9,8,-15,-1,None
0,-4,-43,-7,-31,7,-3,-3,-2,1,12,9,8,-13,-3,None
0,-3,6,8,0,-6,-1,-1,-3,1,12,9,8,-13,-3,None
0,0,2,-5,-19,6,0,1,-2,1,12,9,8,-13,-3,None
0,-1,13,-6,-14,-18,-3,-5,-2,1,12,9,8,-13,-3,None
0,-4,1,-5,9,2,-5,-3,-4,1,12,9,8,-13,-3,None
0,-4,1,-5,9,2,-5,-3,-4,1,12,9,8,-13,-3,None
0,-4,1,-5,9,2,-5,-3,-4,1,12,9,7,-13,-2,None
0,1,1,0,14,-30,0,3,0,1,12,9,7,-13,-2,None
0,3,17,1,63,-3,0,-1,-1,1,12,9,7,-13,-2,None
0,-2,-8,3,29,10,-1,-2,-1,1,12,9,7,-13,-2,None
0,4,17,19,68,64,10,3,1,1,12,9,7,-13,-2,None
0,4,17,19,68,64,10,3,1,1,12,9,7,-13,-2,None
0,4,17,19,68,64,10,3,1,1,12,9,7,-13,-2,None
0,-2,-11,-11,-24,-30,-7,-3,-1,1,12,9,7,-13,-2,None
0,-3,2,-52,-14,27,-7,-5,-5,1,12,9,7,-13,-2,None
0,-2,0,9,-17,-18,4,0,1,1,12,9,7,-13,-2,None
0,-3,-5,14,97,49,7,1,1,1,12,9,7,-13,-2,None
0,-3,-5,14,97,49,7,1,1,1,12,9,7,-13,-2,None
0,-3,-5,14,97,49,7,1,1,1,12,9,7,-11,-1,None
0,0,-6,15,-1,-43,-2,-2,0,1,12,9,7,-11,-1,None
0,-5,5,27,-49,-14,-5,-2,-4,1,12,9,7,-11,-1,None
0,0,-4,-28,-31,29,-1,2,0,1,12,9,7,-11,-1,None
0,-2,-4,-9,-34,-56,-7,-1,-2,1,12,9,7,-11,-1,None
0,-2,-4,-9,-34,-56,-7,-1,-2,1,12,9,7,-11,-1,None
0,-2,-4,-9,-34,-56,-7,-1,-2,1,12,9,7,-11,-1,None
0,-2,11,5,11,28,1,1,0,1,12,9,7,-11,-1,None
0,-3,9,9,-6,-6,1,1,-2,1,12,9,7,-11,-1,None
0,3,-2,-4,-17,-27,-6,-2,-2,1,12,9,7,-11,-1,None
0,0,18,5,-29,-31,-6,-2,-2,1,12,9,7,-11,-1,None
0,0,18,5,-29,-31,-6,-2,-2,1,12,9,7,-11,-1,None
0,0,18,5,-29,-31,-6,-2,-2,1,12,9,7,-12,-1,None
0,1,4,-2,-13,43,6,2,0,1,12,9,7,-12,-1,None
0,-8,3,-2,-6,25,1,-2,0,1,12,9,7,-12,-1,None
0,2,-3,9,-7,6,-2,-2,-4,1,12,9,7,-12,-1,None
0,0,-10,-16,-28,-81,-7,-2,0,1,12,9,7,-12,-1,None
0,0,-10,-16,-28,-81,-7,-2,0,1,12,9,7,-12,-1,None
0,0,-10,-16,-28,-81,-7,-2,0,1,12,9,8,-12,-1,None
0,-7,9,-14,-1,26,0,-3,-4,1,12,9,8,-12,-1,None
0,3,-12,-15,-36,1,-1,0,0,1,12,9,8,-12,-1,None
0,-1,9,-2,39,9,1,1,0,1,12,9,8,-12,-1,None
0,-4,-5,1,6,36,-4,-3,-2,1,12,9,8,-12,-1,None
0,-4,-5,1,6,36,-4,-3,-2,1,12,9,8,-12,-1,None
0,-4,-5,1,6,36,-4,-3,-2,1,12,9,8,-13,-1,None
0,7,9,-5,7,10,-5,-3,-1,1,12,9,8,-13,-1,None
0,-5,-40,-12,-1,-12,-1,-2,-1,1,12,9,8,-13,-1,None
0,0,2,6,46,-7,1,0,1,1,12,9,8,-13,-1,None
0,-2,4,-6,-38,-3,-5,-4,-2,1,12,9,8,-13,-1,None
0,-2,4,-6,-38,-3,-5,-4,-2,1,12,9,8,-13,-1,None
0,-2,4,-6,-38,-3,-5,-4,-2,1,12,9,8,-12,-1,None
0,-1,-1,0,23,7,1,-2,-2,1,12,9,8,-12,-1,None
0,2,18,0,-3,-11,-2,-1,-1,1,12,9,8,-12,-1,None
0,0,-2,4,6,-2,1,0,1,1,12,9,8,-12,-1,None
0,-6,-2,-4,25,44,-1,-4,-5,1,12,9,8,-12,-1,None
0,-6,-2,-4,25,44,-1,-4,-5,1,12,9,8,-12,-1,None
0,-6,-2,-4,25,44,-1,-4,-5,1,12,9,9,-12,-1,None
0,-2,3,-1,-31,-4,2,0,-1,1,12,9,9,-12,-1,None
0,3,5,4,7,-7,-1,-1,-1,1,12,9,9,-12,-1,None
0,-6,-4,2,-1,8,-4,-2,-2,1,12,9,9,-12,-1,None
0,0,7,-1,-36,-13,-2,-2,-1,1,12,9,9,-12,-1,None
0,0,7,-1,-36,-13,-2,-2,-1,1,12,9,9,-12,-1,None
0,0,7,-1,-36,-13,-2,-2,-1,1,12,9,9,-12,-1,None
0,-1,0,-2,22,27,-1,-1,-1,1,12,9,9,-12,-1,None
0,-1,-1,0,8,14,-1,-3,-3,1,12,9,9,-12,-1,None
0,-2,-2,-3,-21,-10,0,0,-1,1,12,9,9,-12,-1,None
0,0,4,-3,-3,-6,-2,-1,-1,1,12,9,9,-12,-1,None
0,0,4,-3,-3,-6,-2,-1,-1,1,12,9,9,-12,-1,None
0,0,4,-3,-3,-6,-2,-1,-1,1,12,9,9,-12,-1,None
0,-2,-7,2,20,2,-1,-1,-1,1,12,9,9,-12,-1,None
0,0,8,1,-14,8,0,0,0,1,12,9,9,-12,-1,None
0,-6,3,-3,1,-5,-4,-3,-2,1,12,9,9,-12,-1,None
0,-5,12,-4,-16,-10,-3,-4,-4,1,12,9,9,-12,-1,None
0,-5,12,-4,-16,-10,-3,-4,-4,1,12,9,9,-12,-1,None
0,-5,12,-4,-16,-10,-3,-4,-4,1,12,9,9,-12,-1,None
0,2,13,2,5,2,-1,-1,-1,1,12,9,9,-12,-1,None
0,1,7,2,-9,-11,0,0,-1,1,12,9,9,-12,-1,None
0,-3,-7,-6,-19,-4,-1,-2,-3,1,12,9,9,-12,-1,None
0,-1,8,-1,-8,-3,-1,-1,-2,1,12,9,9,-12,-1,None
0,-1,8,-1,-8,-3,-1,-1,-2,1,12,9,9,-12,-1,None
0,-1,8,-1,-8,-3,-1,-1,-2,1,12,9,8,-12,-1,None
0,-2,-5,-2,-3,4,-1,0,-2,1,12,9,8,-12,-1,None
0,-1,3,0,0,-4,-2,-2,-2,1,12,9,8,-12,-1,None
0,1,8,-1,10,0,-1,0,-1,1,12,9,8,-12,-1,None
0,-2,-6,-15,-12,-2,-2,-1,-2,1,12,9,8,-12,-1,None
0,-2,-6,-15,-12,-2,-2,-1,-2,1,12,9,8,-12,-1,None
0,-2,-6,-15,-12,-2,-2,-1,-2,1,12,9,8,-12,-1,None
0,0,-5,9,-11,-5,-3,-2,-2,1,12,9,8,-12,-1,None
0,0,0,0,9,-1,-1,-2,-2,1,12,9,8,-12,-1,None
0,-1,0,-4,-9,-1,-1,-2,0,1,12,9,8,-12,-1,None
0,0,-1,1,4,-2,1,-1,-1,1,12,9,8,-12,-1,None
0,0,-1,1,4,-2,1,-1,-1,1,12,9,8,-12,-1,None
0,0,-1,1,4,-2,1,-1,-1,1,12,9,7,-12,-1,None
0,-1,-7,-5,7,-4,-1,-1,-1,1,12,9,7,-12,-1,None
0,-3,6,-2,-3,1,-1,-2,-3,1,12,9,7,-12,-1,None
0,-1,-1,-2,-11,-5,-1,-1,-2,1,12,9,7,-12,-1,None
0,0,-2,-3,6,2,-1,-1,0,1,12,9,7,-12,-1,None
0,0,-2,-3,6,2,-1,-1,0,1,12,9,7,-12,-1,None
0,0,-2,-3,6,2,-1,-1,0,1,12,9,7,-12,-1,None
0,2,15,-5,2,-3,0,-2,-1,1,12,9,7,-12,-1,None
0,3,25,2,-6,-6,-1,-1,-1,1,12,9,7,-12,-1,None
0,-2,-1,-10,-7,-5,-3,-3,-2,1,12,9,7,-12,-1,None
0,-1,2,12,-18,-4,-1,-1,-2,1,12,9,7,-12,-1,None
0,-1,2,12,-18,-4,-1,-1,-2,1,12,9,7,-12,-1,None
0,-1,2,12,-18,-4,-1,-1,-2,1,12,9,8,-12,-2,None
0,-4,-6,-4,-2,-5,-1,-1,0,1,12,9,8,-12,-2,None
0,0,4,-3,3,0,-1,-1,0,1,12,9,8,-12,-2,None
0,-1,3,-2,-7,-2,-1,-2,-1,1,12,9,8,-12,-2,None
0,-1,0,-3,5,-2,-1,-2,-2,1,12,9,8,-12,-2,None
0,-1,0,-3,5,-2,-1,-2,-2,1,12,9,8,-12,-2,None
0,-1,0,-3,5,-2,-1,-2,-2,1,12,9,8,-12,-2,None
0,1,-3,-4,-2,-2,-1,-1,-3,1,12,9,8,-12,-2,None
0,-1,-3,1,-1,-8,0,-3,-3,1,12,9,8,-12,-2,None
0,0,-2,0,-5,-8,2,0,-1,1,12,9,8,-12,-2,None
0,-5,-10,-7,3,2,-4,-4,-3,1,12,9,8,-12,-2,None
0,-5,-10,-7,3,2,-4,-4,-3,1,12,9,8,-12,-2,None
0,-5,-10,-7,3,2,-4,-4,-3,1,12,9,8,-11,-2,None
0,4,3,-2,-4,-5,-2,-1,-1,1,12,9,8,-11,-2,None
0,2,-11,-6,9,0,0,0,0,1,12,9,8,-11,-2,None
0,-1,1,1,-8,-1,-1,-1,-3,1,12,9,8,-11,-2,None
0,-1,-4,-2,-1,-1,0,-1,0,1,12,9,8,-11,-2,None
0,-1,-4,-2,-1,-1,0,-1,0,1,12,9,8,-11,-2,None
0,-1,-4,-2,-1,-1,0,-1,0,1,12,9,8,-11,-2,None
0,-2,-2,-3,4,0,-2,0,-1,1,12,9,8,-11,-2,None
0,-2,0,-1,2,4,0,-1,-1,1,12,9,8,-11,-2,None
0,-1,-4,-2,-7,1,-2,-1,-1,1,12,9,8,-11,-2,None
0,0,3,1,3,4,-1,0,-1,1,12,9,8,-11,-2,None
0,0,3,1,3,4,-1,0,-1,1,12,9,8,-11,-2,None
0,0,3,1,3,4,-1,0,-1,1,12,9,8,-11,-2,None
0,-4,-5,-4,2,1,-2,-2,-2,1,12,9,8,-11,-2,None
0,-1,-8,0,0,2,-2,-2,-1,1,12,9,8,-11,-2,None
0,-1,3,-2,3,5,-2,-2,0,1,12,9,8,-11,-2,None
0,-3,-4,-4,2,-11,2,0,-1,1,12,9,8,-11,-2,None
0,-3,-4,-4,2,-11,2,0,-1,1,12,9,8,-11,-2,None
0,-3,-4,-4,2,-11,2,0,-1,1,12,9,8,-12,-2,None
0,2,-1,-4,9,8,-3,-2,-3,1,12,9,8,-12,-2,None
0,-3,-1,3,-21,6,0,-1,-2,1,12,9,8,-12,-2,None
0,-1,0,-6,5,-2,-1,-1,-2,1,12,9,8,-12,-2,None
0,0,2,-3,-9,-1,0,-1,-1,1,12,9,8,-12,-2,None
0,0,2,-3,-9,-1,0,-1,-1,1,12,9,8,-12,-2,None
0,0,2,-3,-9,-1,0,-1,-1,1,12,9,8,-12,-1,None
0,-2,-4,1,-3,-5,0,0,0,1,12,9,8,-12,-1,None
0,-2,0,1,8,-1,-2,-1,-1,1,12,9,8,-12,-1,None
0,-1,-1,-1,3,3,-1,-2,-1,1,12,9,8,-12,-1,None
0,-1,-1,-1,-5,3,-2,-2,-2,1,12,9,8,-12,-1,None
0,-1,-1,-1,-5,3,-2,-2,-2,1,12,9,8,-12,-1,None
0,-1,-1,-1,-5,3,-2,-2,-2,1,12,9,8,-12,-1,None
0,-4,17,-2,-2,-1,0,-2,-1,1,12,9,8,-12,-1,None
0,-2,0,-4,0,2,-2,-1,-1,1,12,9,8,-12,-1,None
0,-2,4,2,-2,0,-1,-2,-2,1,12,9,8,-12,-1,None
0,0,8,-4,4,4,-1,-1,-1,1,12,9,8,-12,-1,None
0,0,8,-4,4,4,-1,-1,-1,1,12,9,8,-12,-1,None
0,0,8,-4,4,4,-1,-1,-1,1,12,9,8,-12,-1,None
0,-2,-21,-6,-20,0,2,-1,-1,1,12,9,8,-12,-1,None
0,-1,15,8,-4,7,-3,-3,-2,1,12,9,8,-12,-1,None
0,-2,-25,1,9,8,1,-2,-2,1,12,9,8,-12,-1,None
0,2,8,1,2,-1,0,-2,0,1,12,9,8,-12,-1,None
0,2,8,1,2,-1,0,-2,0,1,12,9,8,-12,-1,None
0,2,8,1,2,-1,0,-2,0,1,12,9,8,-12,-1,None
0,-2,1,-4,-2,1,0,-1,1,1,12,9,8,-12,-1,None
0,-1,-1,-5,-1,-5,-1,0,0,1,12,9,8,-12,-1,None
0,0,2,-2,-8,-3,-1,-1,0,1,12,9,8,-12,-1,None
0,-3,-4,-3,-2,5,0,-1,-1,1,12,9,8,-12,-1,None
0,-3,-4,-3,-2,5,0,-1,-1,1,12,9,8,-12,-1,None
0,-3,-4,-3,-2,5,0,-1,-1,1,12,9,8,-12,-1,None
0,-3,-3,0,8,-1,0,-1,-1,1,12,9,8,-12,-1,None
0,-3,-9,-6,3,-2,-1,-1,-2,1,12,9,8,-12,-1,None
0,3,14,2,0,0,-2,-1,-2,1,12,9,8,-12,-1,None
0,-2,-3,-2,3,-1,-2,-1,-1,1,12,9,8,-12,-1,None
0,-2,-3,-2,3,-1,-2,-1,-1,1,12,9,8,-12,-1,None
0,-2,-3,-2,3,-1,-2,-1,-1,1,12,9,8,-12,-1,None
0,1,1,-2,-3,-2,-2,-1,-1,1,12,9,8,-12,-1,None
0,-3,21,-1,6,-2,-2,-2,-1,1,12,9,8,-12,-1,None
0,-3,-5,-3,-1,4,0,0,-1,1,12,9,8,-12,-1,None
0,0,0,-1,-5,0,-1,-2,-2,1,12,9,8,-12,-1,None
0,0,0,-1,-5,0,-1,-2,-2,1,12,9,8,-12,-1,None
0,0,0,-1,-5,0,-1,-2,-2,1,12,9,8,-12,-1,None
0,-3,-8,-2,1,0,-1,0,-3,1,12,9,8,-12,-1,None
0,1,8,-3,-3,1,-1,-2,-3,1,12,9,8,-12,-1,None
0,-4,-25,-3,1,-1,-1,-1,-2,1,12,9,8,-12,-1,None
0,4,6,-3,0,-1,-2,-1,-3,1,12,9,8,-12,-1,None
0,4,6,-3,0,-1,-2,-1,-3,1,12,9,8,-12,-1,None
0,4,6,-3,0,-1,-2,-1,-3,1,12,9,8,-12,-1,None
0,-2,12,0,2,0,-2,-3,-1,1,12,9,8,-12,-1,None
0,-2,-33,-5,5,1,0,0,-1,1,12,9,8,-12,-1,None
0,-1,11,-2,-5,-3,-1,-1,-1,1,12,9,8,-12,-1,None
0,-3,-4,0,-1,0,-3,-2,-2,1,12,9,8,-12,-1,None
0,-3,-4,0,-1,0,-3,-2,-2,1,12,9,8,-12,-1,None
0,-3,-4,0,-1,0,-3,-2,-2,1,12,9,8,-12,-1,None
0,-2,-8,0,-1,0,-1,0,-2,1,12,9,8,-12,-1,None
0,1,2,-2,-8,-3,-1,-1,-2,1,12,9,8,-12,-1,None
0,-3,0,0,1,3,-1,-2,-1,1,12,9,8,-12,-1,None
0,1,-2,-4,-2,1,0,-1,0,1,12,9,8,-12,-1,None
0,1,-2,-4,-2,1,0,-1,0,1,12,9,8,-12,-1,None
0,1,-2,-4,-2,1,0,-1,0,1,12,9,8,-12,-1,None
0,-1,8,3,6,1,-2,-2,-1,1,12,9,8,-12,-1,None
0,0,-6,-3,0,0,-2,-1,-1,1,12,9,8,-12,-1,None
0,-1,8,-3,-3,-2,0,-1,-2,1,12,9,8,-12,-1,None
0,1,2,1,8,2,1,0,-2,1,12,9,8,-12,-1,None
0,1,2,1,8,2,1,0,-2,1,12,9,8,-12,-1,None
0,1,2,1,8,2,1,0,-2,1,12,9,8,-12,-1,None
0,-1,-4,-5,-1,-2,-3,-3,-1,1,12,9,8,-12,-1,None
0,-2,0,-4,-2,0,0,-1,-1,1,12,9,8,-12,-1,None
0,0,0,2,10,0,-2,-2,-3,1,12,9,8,-12,-1,None
0,3,23,-5,-3,1,-1,-1,0,1,12,9,8,-12,-1,None
0,3,23,-5,-3,1,-1,-1,0,1,12,9,8,-12,-1,None
0,3,23,-5,-3,1,-1,-1,0,1,12,9,8,-12,-1,None
0,-1,-20,-4,0,0,-1,-1,0,1,12,9,8,-12,-1,None
0,-2,-9,-2,0,-2,-2,-2,-2,1,12,9,8,-12,-1,None
0,0,10,-2,0,-1,-1,0,-1,1,12,9,8,-12,-1,None
0,-4,-2,0,-1,-2,0,-3,0,1,12,9,8,-12,-1,None
0,-4,-2,0,-1,-2,0,-3,0,1,12,9,8,-12,-1,None
0,-4,-2,0,-1,-2,0,-3,0,1,12,9,8,-12,-1,None
0,1,12,-3,-1,0,0,-1,-1,1,12,9,8,-12,-1,None
0,0,-1,-3,-1,0,-3,-2,0,1,12,9,8,-12,-1,None
0,-1,-2,-3,-6,0,-1,-3,0,1,12,9,8,-12,-1,None
0,-3,-5,-2,-2,0,-1,-1,-2,1,12,9,8,-12,-1,None
0,-3,-5,-2,-2,0,-1,-1,-2,1,12,9,8,-12,-1,None
0,-3,-5,-2,-2,0,-1,-1,-2,1,12,9,8,-12,-1,None
0,-2,0,-3,-5,2,-1,-1,-2,1,12,9,8,-12,-1,None
0,-1,-3,-1,3,1,1,-2,-2,1,12,9,8,-12,-1,None
0,-3,14,-11,-11,0,-2,0,-1,1,12,9,8,-12,-1,None
0,-7,1,7,12,-2,-2,-2,-1,1,12,9,8,-12,-1,None
0,-7,1,7,12,-2,-2,-2,-1,1,12,9,8,-12,-1,None
0,-7,1,7,12,-2,-2,-2,-1,1,12,9,8,-12,-1,None
0,-2,1,-1,-4,8,-1,-3,-2,1,12,9,8,-12,-1,None
0,-1,5,-1,-2,-7,-2,-2,-3,1,12,9,8,-12,-1,None
0,1,-3,-2,-2,1,-1,-1,-2,1,12,9,8,-12,-1,None
0,0,-2,-7,-3,1,-1,-1,0,1,12,9,8,-12,-1,None
0,0,-2,-7,-3,1,-1,-1,0,1,12,9,8,-12,-1,None
0,0,-2,-7,-3,1,-1,-1,0,1,12,9,8,-12,-1,None
0,0,3,1,4,1,-2,-1,-1,1,12,9,8,-12,-1,None
0,-1,0,0,1,1,-1,-1,-1,1,12,9,8,-12,-1,None
0,0,4,-2,-3,0,-1,-3,-1,1,12,9,8,-12,-1,None
0,0,-3,-3,-1,1,-1,0,-2,1,12,9,8,-12,-1,None
0,0,-3,-3,-1,1,-1,0,-2,1,12,9,8,-12,-1,None
0,0,-3,-3,-1,1,-1,0,-2,1,12,9,8,-12,-1,None
0,1,0,-1,-1,-2,1,-2,-1,1,12,9,8,-12,-1,None
0,-2,1,-3,-2,2,-1,-2,-2,1,12,9,8,-12,-1,None
0,-5,4,0,1,-3,-2,-2,-1,1,12,9,8,-12,-1,None
0,-1,-25,0,-3,2,-1,-1,-2,1,12,9,8,-12,-1,None
0,-1,-25,0,-3,2,-1,-1,-2,1,12,9,8,-12,-1,None
0,-1,-25,0,-3,2,-1,-1,-2,1,12,9,8,-12,-1,None
0,3,-15,-18,-1,-2,-3,-2,-4,1,12,9,8,-12,-1,None
0,-2,1,-3,0,4,1,-1,-1,1,12,9,8,-12,-1,None
0,-3,-3,-1,2,2,-1,-2,-2,1,12,9,8,-12,-1,None
0,-1,-1,-1,-4,0,-2,-1,-2,1,12,9,8,-12,-1,None
0,-1,-1,-1,-4,0,-2,-1,-2,1,12,9,8,-12,-1,None
0,-1,-1,-1,-4,0,-2,-1,-2,1,12,9,8,-12,-1,None
0,-1,10,-1,1,-1,-1,0,0,1,12,9,8,-12,-1,None
0,0,-1,-1,1,3,-1,-3,1,1,12,9,8,-12,-1,None
0,0,-4,-1,-2,-2,-1,-2,-2,1,12,9,8,-12,-1,None
0,-1,7,-5,-2,-1,-1,-1,-1,1,12,9,8,-12,-1,None
0,-1,7,-5,-2,-1,-1,-1,-1,1,12,9,8,-12,-1,None
0,-1,7,-5,-2,-1,-1,-1,-1,1,12,9,8,-12,-1,None
0,-2,2,1,-1,0,-1,-1,-2,1,12,9,8,-12,-1,None
0,0,5,-2,-1,0,-1,-1,-1,1,12,9,8,-12,-1,None
0,0,1,1,-1,0,-1,-1,0,1,12,9,8,-12,-1,None
0,-4,1,-5,-5,-3,0,-2,-2,1,12,9,8,-12,-1,None
0,-4,1,-5,-5,-3,0,-2,-2,1,12,9,8,-12,-1,None
0,-4,1,-5,-5,-3,0,-2,-2,1,12,9,8,-12,-1,None
0,-2,3,4,0,0,-1,-1,-1,1,12,9,8,-12,-1,None
0,-1,-6,-7,3,2,-2,-2,-1,1,12,9,8,-12,-1,None
0,0,-1,4,3,-6,-1,-1,-3,1,12,9,8,-12,-1,None
0,-2,-3,-2,-8,-1,0,-2,-2,1,12,9,8,-12,-1,None
0,-2,-3,-2,-8,-1,0,-2,-2,1,12,9,8,-12,-1,None
0,-2,-3,-2,-8,-1,0,-2,-2,1,12,9,8,-12,-1,None
0,-2,2,-1,0,-1,-1,-1,0,1,12,9,8,-12,-1,None
0,-1,2,-2,0,0,-1,0,-1,1,12,9,8,-12,-1,None
0,-1,-1,-6,-3,1,-1,-2,-1,1,12,9,8,-12,-1,None
0,3,17,0,5,1,-1,-1,-1,1,12,9,8,-12,-1,None
0,3,17,0,5,1,-1,-1,-1,1,12,9,8,-12,-1,None
0,3,17,0,5,1,-1,-1,-1,1,12,9,8,-12,-1,None
0,-6,-9,3,1,1,-1,-1,-2,1,12,9,8,-12,-1,None
0,0,0,-3,-12,0,-1,-2,-2,1,12,9,8,-12,-1,None
0,-3,-1,-2,1,2,-2,-2,-1,1,12,9,8,-12,-1,None
0,0,2,0,1,0,-1,-1,-2,1,12,9,8,-12,-1,None
0,0,2,0,1,0,-1,-1,-2,1,12,9,8,-12,-1,None
0,0,2,0,1,0,-1,-1,-2,1,12,9,8,-12,-2,None
0,0,5,-5,-3,1,0,-2,0,1,12,9,8,-12,-2,None
0,0,-1,2,6,0,-1,-1,-1,1,12,9,8,-12,-2,None
0,0,-3,-3,2,3,-1,0,-2,1,12,9,8,-12,-2,None
0,1,17,-3,-4,-1,-1,-1,0,1,12,9,8,-12,-2,None
0,1,17,-3,-4,-1,-1,-1,0,1,12,9,8,-12,-2,None
0,1,17,-3,-4,-1,-1,-1,0,1,12,9,8,-12,-1,None
0,-2,-34,-1,-2,-1,-3,-1,-2,1,12,9,8,-12,-1,None
0,-3,0,-12,-1,0,-2,-1,-3,1,12,9,8,-12,-1,None
0,-1,2,-1,-3,-1,-1,-1,-1,1,12,9,8,-12,-1,None
0,-1,-4,-2,0,0,-1,-1,-2,1,12,9,8,-12,-1,None
0,-1,-4,-2,0,0,-1,-1,-2,1,12,9,8,-12,-1,None
0,-1,-4,-2,0,0,-1,-1,-2,1,12,9,8,-12,-1,None
0,-1,20,-1,0,-2,-1,1,-2,1,12,9,8,-12,-1,None
0,-3,-22,0,-1,1,0,-1,-1,1,12,9,8,-12,-1,None
0,0,-5,0,0,0,-2,-2,-1,1,12,9,8,-12,-1,None
0,-2,-4,-4,1,4,-2,-2,-2,1,12,9,8,-12,-1,None
0,-2,-4,-4,1,4,-2,-2,-2,1,12,9,8,-12,-1,None
0,-2,-4,-4,1,4,-2,-2,-2,1,12,9,8,-12,-1,None
0,-1,6,-1,-2,0,-2,-2,-1,1,12,9,8,-12,-1,None
0,-1,6,-1,0,0,-1,0,-1,1,12,9,8,-12,-1,None
0,-1,6,-1,0,0,-1,0,-1,1,12,9,8,-12,-1,None
0,-1,6,-1,0,0,-1,0,-1,1,12,9,8,-12,-1,None
0,-1,7,-4,-3,0,0,-1,0,1,12,9,8,-12,-1,None
0,-1,-11,-1,-2,-1,-1,-1,-2,1,12,9,8,-12,-1,None
0,-1,8,-3,-2,-1,-1,-1,-3,1,12,9,8,-12,-1,None
0,0,16,0,4,1,-2,-1,-1,1,12,9,8,-12,-1,None
0,0,16,0,4,1,-2,-1,-1,1,12,9,8,-12,-1,None
0,0,16,0,4,1,-2,-1,-1,1,12,9,8,-12,-1,None
0,-2,-13,0,-2,-1,-2,-1,-4,1,12,9,8,-12,-1,None
0,-2,2,3,-1,1,-1,0,-1,1,12,9,8,-12,-1,None
0,-1,1,-14,3,3,-1,0,-1,1,12,9,8,-12,-1,None
0,0,6,1,0,0,-1,-2,-1,1,12,9,8,-12,-1,None
0,0,6,1,0,0,-1,-2,-1,1,12,9,8,-12,-1,None
0,0,6,1,0,0,-1,-2,-1,1,12,9,8,-12,-1,None
0,0,2,-1,-9,0,-1,0,-1,1,12,9,8,-12,-1,None
0,-1,-6,-4,1,-1,-1,-2,-2,1,12,9,8,-12,-1,None
0,1,5,1,0,-2,-1,-1,-1,1,12,9,8,-12,-1,None
0,-2,-4,1,-2,0,-2,-2,-2,1,12,9,8,-12,-1,None
0,-2,-4,1,-2,0,-2,-2,-2,1,12,9,8,-12,-1,None
0,-2,-4,1,-2,0,-2,-2,-2,1,12,9,8,-12,-1,None
0,-2,-1,-5,4,1,0,-2,-1,1,12,9,8,-12,-1,None
0,2,-3,-5,0,0,-1,-2,-1,1,12,9,8,-12,-1,None
0,0,20,5,-3,-2,-1,-2,-2,1,12,9,8,-12,-1,None
0,-1,-7,6,9,-1,-3,-2,-2,1,12,9,8,-12,-1,None
0,-1,-7,6,9,-1,-3,-2,-2,1,12,9,8,-12,-1,None
0,-1,-7,6,9,-1,-3,-2,-2,1,12,9,8,-12,-1,None
0,-7,-1,-2,2,1,0,-2,0,1,12,9,8,-12,-1,None
0,2,-3,-2,-2,0,-1,-1,-2,1,12,9,8,-12,-1,None
0,0,6,-2,-7,-2,-1,-2,-1,1,12,9,8,-12,-1,None
0,0,2,-6,-4,0,-1,-1,-1,1,12,9,8,-12,-1,None
0,0,2,-6,-4,0,-1,-1,-1,1,12,9,8,-12,-1,None
0,0,2,-6,-4,0,-1,-1,-1,1,12,9,8,-12,-1,None
0,0,1,-1,2,1,0,-1,-1,1,12,9,8,-12,-1,None
0,-2,0,-1,0,1,-2,-1,-1,1,12,9,8,-12,-1,None
0,-1,-5,-4,2,0,0,-1,-2,1,12,9,8,-12,-1,None
0,0,10,4,-2,0,-1,-2,-3,1,12,9,8,-12,-1,None
0,0,10,4,-2,0,-1,-2,-3,1,12,9,8,-12,-1,None
0,0,10,4,-2,0,-1,-2,-3,1,12,9,8,-12,-1,None
0,-4,-25,-16,-4,0,-4,0,-3,1,12,9,8,-12,-1,None
0,-1,4,-2,5,-2,0,-2,-1,1,12,9,8,-12,-1,None
0,-1,-3,2,-2,3,-1,-1,-1,1,12,9,8,-12,-1,None
0,-3,-2,-1,7,1,0,-3,-2,1,12,9,8,-12,-1,None
0,-3,-2,-1,7,1,0,-3,-2,1,12,9,8,-12,-1,None
0,-3,-2,-1,7,1,0,-3,-2,1,12,9,8,-12,-1,None
0,2,12,2,-5,1,1,-1,-2,1,12,9,8,-12,-1,None
0,-1,0,-3,-2,0,-1,-1,0,1,12,9,8,-12,-1,None
0,-2,-7,-3,2,-1,-2,-1,-1,1,12,9,8,-12,-1,None
0,-1,2,-2,0,0,-1,0,0,1,12,9,8,-12,-1,None
0,-1,2,-2,0,0,-1,0,0,1,12,9,8,-12,-1,None
0,-1,2,-2,0,0,-1,0,0,1,12,9,8,-12,-1,None
0,0,6,-3,0,0,0,-1,0,1,12,9,8,-12,-1,None
0,-4,-3,-1,-2,0,-1,-2,-2,1,12,9,8,-12,-1,None
0,-2,-1,-2,-4,1,-1,-2,-1,1,12,9,8,-12,-1,None
0,3,-2,-3,-5,0,-1,-2,-1,1,12,9,8,-12,-1,None
0,3,-2,-3,-5,0,-1,-2,-1,1,12,9,8,-12,-1,None
0,3,-2,-3,-5,0,-1,-2,-1,1,12,9,8,-12,-1,None
0,4,25,12,0,0,0,-1,0,1,12,9,8,-12,-1,None
0,-4,-20,-4,0,2,-1,0,-2,1,12,9,8,-12,-1,None
0,-2,-2,-1,-1,1,-3,-2,-2,1,12,9,8,-12,-1,None
0,2,-11,-6,-3,1,1,-1,1,1,12,9,8,-12,-1,None
0,2,-11,-6,-3,1,1,-1,1,1,12,9,8,-12,-1,None
0,2,-11,-6,-3,1,1,-1,1,1,12,9,8,-12,-1,None
0,-4,8,0,-4,-1,0,-2,-3,1,12,9,8,-12,-1,None
0,-3,7,0,0,2,-1,-1,-2,1,12,9,8,-12,-1,None
0,0,5,-3,-2,2,-1,-2,-1,1,12,9,8,-12,-1,None
0,-3,-1,-4,-7,-2,-3,-2,-1,1,12,9,8,-12,-1,None
0,-3,-1,-4,-7,-2,-3,-2,-1,1,12,9,8,-12,-1,None
0,-3,-1,-4,-7,-2,-3,-2,-1,1,12,9,8,-12,-2,None
0,1,-3,0,0,-1,-2,-2,-1,1,12,9,8,-12,-2,None
0,-1,2,0,-5,0,-2,-2,-1,1,12,9,8,-12,-2,None
0,-2,0,-4,0,-1,-1,-1,-1,1,12,9,8,-12,-2,None
0,-5,1,-2,-8,1,-1,-1,-2,1,12,9,8,-12,-2,None
0,-5,1,-2,-8,1,-1,-1,-2,1,12,9,8,-12,-2,None
0,-5,1,-2,-8,1,-1,-1,-2,1,12,9,8,-12,-1,None
0,-4,-2,-4,-2,0,-2,-2,0,1,12,9,8,-12,-1,None
0,0,10,3,7,1,-1,-3,-1,1,12,9,8,-12,-1,None
0,1,-1,0,1,1,0,-1,-1,1,12,9,8,-12,-1,None
0,-3,1,0,2,0,-1,0,-1,1,12,9,8,-12,-1,None
0,-3,1,0,2,0,-1,0,-1,1,12,9,8,-12,-1,None
0,-3,1,0,2,0,-1,0,-1,1,12,9,8,-12,-1,None
0,-1,-4,-4,-1,0,0,-2,-3,1,12,9,8,-12,-1,None
0,-1,-2,-2,-4,-1,-2,-1,0,1,12,9,8,-12,-1,None
0,-2,0,-2,1,-2,-2,-1,0,1,12,9,8,-12,-1,None
0,-1,1,-3,-1,1,-1,-2,-2,1,12,9,8,-12,-1,None
0,-1,1,-3,-1,1,-1,-2,-2,1,12,9,8,-12,-1,None
0,-1,1,-3,-1,1,-1,-2,-2,1,12,9,8,-12,-1,None
0,0,-1,2,-2,0,-1,-1,-1,1,12,9,8,-12,-1,None
0,0,38,-14,-4,2,0,0,-2,1,12,9,8,-12,-1,None
0,-5,-55,1,4,0,-2,-1,-3,1,12,9,8,-12,-1,None
0,-2,3,-2,1,-3,-2,-1,-2,1,12,9,8,-12,-1,None
0,-2,3,-2,1,-3,-2,-1,-2,1,12,9,8,-12,-1,None
0,-2,3,-2,1,-3,-2,-1,-2,1,12,9,8,-12,-1,None
0,-2,-5,-1,3,2,-3,0,1,1,12,9,8,-12,-1,None
0,0,1,1,-6,0,-1,-1,0,1,12,9,8,-12,-1,None
0,0,15,-3,-3,1,0,-1,-2,1,12,9,8,-12,-1,None
0,-2,-1,-3,-1,1,-1,-1,-1,1,12,9,8,-12,-1,None
0,-2,-1,-3,-1,1,-1,-1,-1,1,12,9,8,-12,-1,None
0,-2,-1,-3,-1,1,-1,-1,-1,1,12,9,8,-12,-1,None
0,1,0,-2,0,-1,0,-1,-2,1,12,9,8,-12,-1,None
