0,0,-1,-3,3,-1,-5,-39,-9,1,12,9,9,-15,-2,None
0,0,-1,-1,22,1,-18,13,0,1,12,9,9,-15,-2,None
0,2,1,-5,-26,9,12,15,0,1,12,9,9,-15,-2,None
0,2,1,-5,-26,9,12,15,0,1,12,9,9,-15,-2,None
0,2,1,-5,-26,9,12,15,0,1,12,9,7,-15,-3,None
0,-3,-2,-4,-21,-7,24,0,-9,1,12,9,7,-15,-3,None
0,-2,1,-2,-3,-2,3,3,5,1,12,9,7,-15,-3,None
0,-2,0,4,18,-6,-27,-28,-15,1,12,9,7,-15,-3,None
0,2,2,-1,-17,8,11,5,4,1,12,9,7,-15,-3,None
0,2,2,-1,-17,8,11,5,4,1,12,9,7,-15,-3,None
0,2,2,-1,-17,8,11,5,4,1,12,9,7,-14,-3,None
0,-1,-2,-2,-18,-8,-2,30,9,1,12,9,7,-14,-3,None
0,1,2,3,10,6,23,1,9,1,12,9,7,-14,-3,None
0,-5,-2,-6,0,9,-1,-18,-23,1,12,9,7,-14,-3,None
0,2,1,-3,-2,-14,-21,-14,11,1,12,9,7,-14,-3,None
0,2,1,-3,-2,-14,-21,-14,11,1,12,9,7,-14,-3,None
0,2,1,-3,-2,-14,-21,-14,11,1,12,9,6,-14,-3,None
0,-3,-2,-1,4,1,-48,-64,-7,1,12,9,6,-14,-3,None
0,0,2,2,-14,0,28,82,-1,1,12,9,6,-14,-3,None
0,-4,0,-2,-29,-6,6,-1,3,1,12,9,6,-14,-3,None
0,-2,-1,3,3,2,17,3,1,1,12,9,6,-14,-3,None
0,-2,-1,3,3,2,17,3,1,1,12,9,6,-14,-3,None
0,-2,-1,3,3,2,17,3,1,1,12,9,5,-14,-3,None
0,1,4,-1,-24,-10,11,-4,7,1,12,9,5,-14,-3,None
0,-3,-4,-8,-25,-3,-25,-24,-12,1,12,9,5,-14,-3,None
0,-1,0,-4,-33,-11,-93,-14,9,1,12,9,5,-14,-3,None
0,-1,0,0,-16,0,94,32,4,1,12,9,5,-14,-3,None
0,-1,0,0,-16,0,94,32,4,0,12,9,5,-14,-3,None
0,-1,0,0,-16,0,94,32,4,0,12,9,4,-15,-4,None
0,2,2,-1,18,1,2,-4,-2,0,12,9,4,-15,-4,None
0,-3,-2,-5,12,1,0,3,-2,0,12,9,4,-15,-4,None
0,-3,3,9,-4,2,8,5,3,0,12,9,4,-15,-4,None
0,-5,-7,-22,13,-1,-46,-43,-15,0,12,9,4,-15,-4,None
0,-5,-7,-22,13,-1,-46,-43,-15,0,12,9,4,-15,-4,None
0,-5,-7,-22,13,-1,-46,-43,-15,0,12,9,3,-14,-3,None
0,0,1,5,-15,2,-14,-5,-8,0,12,9,3,-14,-3,None
0,2,2,-2,12,2,20,33,20,0,12,9,3,-14,-3,None
0,-5,-3,-6,-4,-3,1,-28,-16,0,12,9,3,-14,-3,None
0,0,1,5,4,1,11,32,-6,0,12,9,3,-14,-3,None
0,0,1,5,4,1,11,32,-6,0,12,9,3,-14,-3,None
0,0,1,5,4,1,11,32,-6,0,12,9,2,-14,-3,None
0,-4,0,5,-2,-4,19,-12,23,0,12,9,2,-14,-3,None
0,-3,-1,-6,-1,2,-23,-8,-11,0,12,9,2,-14,-3,None
0,1,0,-8,4,6,16,1,2,0,12,9,2,-14,-3,None
0,-2,4,6,-5,-5,-10,-10,-7,0,12,9,2,-14,-3,None
0,-2,4,6,-5,-5,-10,-10,-7,0,12,9,2,-14,-3,None
0,-2,4,6,-5,-5,-10,-10,-7,0,12,9,1,-14,-3,None
0,-1,0,-4,6,10,-4,5,-15,0,12,9,1,-14,-3,None
0,-6,-2,6,5,-4,-20,-23,13,0,12,9,1,-14,-3,None
0,1,4,6,-18,-6,18,22,0,0,12,9,1,-14,-3,None
0,-1,0,-3,0,5,-5,0,-1,0,12,9,1,-14,-3,None
0,-1,0,-3,0,5,-5,0,-1,0,12,9,1,-14,-3,None
0,-1,0,-3,0,5,-5,0,-1,0,12,9,0,-14,-3,None
0,-3,-3,-5,-4,-7,-3,-1,3,0,12,9,0,-14,-3,None
0,2,4,2,-5,-3,-9,-15,-5,0,12,9,0,-14,-3,None
0,2,-2,-13,12,8,33,32,8,0,12,9,0,-14,-3,None
0,-2,1,-3,4,2,-27,-22,24,0,12,9,0,-14,-3,None
0,-2,1,-3,4,2,-27,-22,24,0,12,8,0,-14,-3,None
0,-2,1,-3,4,2,-27,-22,24,0,12,8,0,-14,-3,None
0,-4,-4,-9,19,1,0,10,-15,0,12,8,0,-14,-3,None
0,-3,0,5,-20,-4,0,-17,-15,0,12,8,0,-14,-3,None
0,0,3,-4,-5,-7,-9,-28,-5,0,12,8,0,-14,-3,None
0,0,1,1,4,3,-9,31,-1,0,12,8,0,-14,-3,None
0,0,1,1,4,3,-9,31,-1,0,12,8,0,-14,-3,None
0,0,1,1,4,3,-9,31,-1,0,12,8,-1,-14,-3,None
0,1,3,9,11,3,6,-3,6,0,12,8,-1,-14,-3,None
0,-1,1,-5,6,3,2,8,-9,0,12,8,-1,-14,-3,None
0,-2,0,4,3,4,8,-7,3,0,12,8,-1,-14,-3,None
0,-5,-1,-2,4,-5,-17,-31,-42,0,12,8,-1,-14,-3,None
0,-5,-1,-2,4,-5,-17,-31,-42,17,12,8,-1,-14,-3,None
0,-5,-1,-2,4,-5,-17,-31,-42,17,12,8,-1,-13,-3,None
0,5,3,-2,5,-1,3,22,28,17,12,8,-1,-13,-3,None
0,-2,0,-2,7,4,-3,3,-18,17,12,8,-1,-13,-3,None
0,-3,-1,1,25,-1,2,-1,6,17,12,8,-1,-13,-3,None
0,1,4,1,-1,-1,6,-7,16,17,12,8,-1,-13,-3,None
0,1,4,1,-1,-1,6,-7,16,17,12,8,-1,-13,-3,None
0,1,4,1,-1,-1,6,-7,16,17,12,8,-2,-13,-3,None
0,2,3,-4,-14,-6,-7,4,1,17,12,8,-2,-13,-3,None
0,-2,-1,-1,34,10,-5,-15,-4,17,12,8,-2,-13,-3,None
0,0,0,-2,-30,-3,11,10,5,17,12,8,-2,-13,-3,None
0,-1,-2,-10,-20,-1,-9,-3,2,17,12,8,-2,-13,-3,None
0,-1,-2,-10,-20,-1,-9,-3,2,17,12,8,-2,-13,-3,None
0,-1,-2,-10,-20,-1,-9,-3,2,17,12,8,-2,-12,-3,None
0,0,1,2,33,13,5,0,-9,17,12,8,-2,-12,-3,None
0,-2,-1,-3,-53,-12,-3,-13,7,17,12,8,-2,-12,-3,None
0,-6,-2,-4,7,-8,-5,1,-21,17,12,8,-2,-12,-3,None
0,0,-1,-8,18,9,-5,0,-22,17,12,8,-2,-12,-3,None
0,0,-1,-8,18,9,-5,0,-22,17,12,8,-2,-12,-3,None
0,0,-1,-8,18,9,-5,0,-22,17,12,8,-2,-13,-3,None
0,-1,1,7,-27,0,2,-13,7,17,12,8,-2,-13,-3,None
0,3,3,-7,45,18,10,31,30,17,12,8,-2,-13,-3,None
0,-1,-1,0,11,-7,4,-3,-5,17,12,8,-2,-13,-3,None
0,-3,0,5,-43,-4,-11,-17,-16,17,12,8,-2,-13,-3,None
0,-3,0,5,-43,-4,-11,-17,-16,17,12,8,-2,-13,-3,None
0,-3,0,5,-43,-4,-11,-17,-16,17,12,8,-2,-12,-3,None
0,2,-3,-3,44,11,17,9,25,17,12,8,-2,-12,-3,None
0,-4,-2,-3,-32,3,-14,-19,-36,17,12,8,-2,-12,-3,None
0,2,3,2,9,8,15,12,-16,17,12,8,-2,-12,-3,None
0,-3,-1,1,22,1,-6,3,-1,17,12,8,-2,-12,-3,None
0,-3,-1,1,22,1,-6,3,-1,17,12,8,-2,-12,-3,None
0,-3,-1,1,22,1,-6,3,-1,17,12,8,-3,-12,-3,None
0,-9,-1,-3,-29,-21,-14,-15,-30,17,12,8,-3,-12,-3,None
0,5,1,-14,6,-5,2,13,30,17,12,8,-3,-12,-3,None
0,-1,2,3,18,13,-1,-3,-16,17,12,8,-3,-12,-3,None
0,1,3,-3,-22,6,4,6,5,17,12,8,-3,-12,-3,None
0,1,3,-3,-22,6,4,6,5,17,12,8,-3,-12,-3,None
0,1,3,-3,-22,6,4,6,5,17,12,8,-3,-12,-3,None
0,-5,-5,-8,-31,-2,-6,-10,-13,17,12,8,-3,-12,-3,None
0,-3,1,2,-8,-10,-7,-11,-28,17,12,8,-3,-12,-3,None
0,-2,0,-3,10,-7,-4,-8,-2,17,12,8,-3,-12,-3,None
0,0,-2,-6,18,10,-2,6,41,17,12,8,-3,-12,-3,None
0,0,-2,-6,18,10,-2,6,41,17,12,8,-3,-12,-3,None
0,0,-2,-6,18,10,-2,6,41,17,12,8,-3,-12,-3,None
0,1,3,-5,-9,5,3,-2,-23,17,12,8,-3,-12,-3,None
0,2,3,0,-11,-3,0,17,16,17,12,8,-3,-12,-3,None
0,-3,-2,-7,5,8,-2,-17,-18,17,12,8,-3,-12,-3,None
0,0,6,11,5,-10,-1,-20,3,17,12,8,-3,-12,-3,None
0,0,6,11,5,-10,-1,-20,3,16,12,8,-3,-12,-3,None
0,0,6,11,5,-10,-1,-20,3,16,12,8,-3,-12,-3,None
0,4,0,-13,38,15,12,70,11,16,12,8,-3,-12,-3,None
0,-6,-1,-5,-25,-8,-2,-24,-19,16,12,8,-3,-12,-3,None
0,5,2,-3,14,9,6,23,71,16,12,8,-3,-12,-3,None
0,3,9,1,-39,-13,-8,12,-10,16,12,8,-3,-12,-3,None
0,3,9,1,-39,-13,-8,12,-10,16,12,8,-3,-12,-3,None
0,3,9,1,-39,-13,-8,12,-10,16,12,8,-3,-13,-3,None
0,-1,1,-9,-24,1,3,-5,-24,16,12,8,-3,-13,-3,None
0,-6,1,14,32,4,-5,-39,-46,16,12,8,-3,-13,-3,None
0,2,-3,-9,-7,7,9,42,39,16,12,8,-3,-13,-3,None
0,-2,-3,-13,-1,-5,-11,-18,-6,16,12,8,-3,-13,-3,None
0,-2,-3,-13,-1,-5,-11,-18,-6,16,12,7,-3,-13,-3,None
0,-2,-3,-13,-1,-5,-11,-18,-6,16,12,7,-4,-13,-3,None
0,-3,0,5,-24,-19,-4,3,17,16,12,7,-4,-13,-3,None
0,1,2,3,24,9,-2,-19,-24,16,12,7,-4,-13,-3,None
0,7,7,0,-42,-3,-2,-3,4,16,12,7,-4,-13,-3,None
0,-12,-4,-2,14,11,6,15,10,16,12,7,-4,-13,-3,None
0,-12,-4,-2,14,11,6,15,10,16,12,7,-4,-13,-3,None
0,-12,-4,-2,14,11,6,15,10,16,12,7,-3,-13,-3,None
0,0,4,1,-1,-4,-10,6,19,16,12,7,-3,-13,-3,None
0,1,-1,-5,-30,-10,-3,-2,66,16,12,7,-3,-13,-3,None
0,-3,-3,-11,15,5,0,2,-26,16,12,7,-3,-13,-3,None
0,-3,6,0,-4,1,0,-25,-19,16,12,7,-3,-13,-3,None
0,-3,6,0,-4,1,0,-25,-19,16,12,7,-3,-13,-3,None
0,-3,6,0,-4,1,0,-25,-19,16,12,7,-4,-12,-3,None
0,0,0,2,5,-10,-14,-80,-55,16,12,7,-4,-12,-3,None
0,-1,-5,-2,-7,6,11,90,66,16,12,7,-4,-12,-3,None
0,-4,-3,2,-11,-3,0,-17,-17,16,12,7,-4,-12,-3,None
0,10,-3,2,4,1,-2,-13,76,16,12,7,-4,-12,-3,None
0,10,-3,2,4,1,-2,-13,76,16,12,7,-4,-12,-3,None
0,10,-3,2,4,1,-2,-13,76,16,12,7,-3,-13,-3,None
0,-23,3,3,-5,4,-2,-14,-48,16,12,7,-3,-13,-3,None
0,9,5,10,-2,-6,-9,-16,-12,16,12,7,-3,-13,-3,None
0,1,33,3,-7,2,6,1,-7,16,12,7,-3,-13,-3,None
0,-2,-61,8,20,-1,-6,-22,-17,16,12,7,-3,-13,-3,None
0,-2,-61,8,20,-1,-6,-22,-17,16,12,7,-3,-13,-3,None
0,-2,-61,8,20,-1,-6,-22,-17,16,12,7,-2,-13,-1,None
0,8,9,4,3,11,17,57,3,16,12,7,-2,-13,-1,None
0,-10,-2,-6,6,-7,-8,-24,72,16,12,7,-2,-13,-1,None
0,-3,20,0,4,-10,-9,30,-33,16,12,7,-2,-13,-1,None
0,-8,-25,-15,6,0,-1,-11,-5,16,12,7,-2,-13,-1,None
0,-8,-25,-15,6,0,-1,-11,-5,16,12,7,-2,-13,-1,None
0,-8,-25,-15,6,0,-1,-11,-5,16,12,7,-3,-14,-2,None
0,0,-9,-8,4,-5,-12,-23,0,16,12,7,-3,-14,-2,None
0,-4,-1,-4,15,4,7,0,-66,16,12,7,-3,-14,-2,None
0,0,-2,-9,-4,-2,-9,-24,26,16,12,7,-3,-14,-2,None
0,-4,15,-4,-3,-6,0,21,-18,16,12,7,-3,-14,-2,None
0,-4,15,-4,-3,-6,0,21,-18,16,12,7,-3,-14,-2,None
0,-4,15,-4,-3,-6,0,21,-18,16,12,7,-4,-14,-3,None
0,4,-2,-6,-1,5,2,-28,10,16,12,7,-4,-14,-3,None
0,14,-6,-3,7,1,4,55,11,16,12,7,-4,-14,-3,None
0,-10,-29,-3,-3,2,-6,-42,-11,16,12,7,-4,-14,-3,None
0,-2,15,0,2,-2,-4,-14,-65,16,12,7,-4,-14,-3,None
0,-2,15,0,2,-2,-4,-14,-65,16,12,7,-4,-14,-3,None
0,-2,15,0,2,-2,-4,-14,-65,16,12,7,-5,-13,-4,None
0,9,5,2,3,2,2,61,40,16,12,7,-5,-13,-4,None
0,-1,7,5,-4,-1,-7,-32,-42,16,12,7,-5,-13,-4,None
0,-7,5,-2,4,3,3,-9,63,16,12,7,-5,-13,-4,None
0,3,5,-8,9,12,12,18,22,16,12,7,-5,-13,-4,None
0,3,5,-8,9,12,12,18,22,16,12,7,-5,-13,-4,None
0,3,5,-8,9,12,12,18,22,16,12,7,-5,-13,-4,None
0,-8,2,-2,0,-8,-13,-44,-47,16,12,7,-5,-13,-4,None
0,11,-2,-2,3,3,3,2,-51,16,12,7,-5,-13,-4,None
0,-4,-10,-4,-8,-5,-10,-4,24,16,12,7,-5,-13,-4,None
0,-9,6,-4,3,0,-1,-43,29,16,12,7,-5,-13,-4,None
0,-9,6,-4,3,0,-1,-43,29,16,12,7,-5,-13,-4,None
0,-9,6,-4,3,0,-1,-43,29,16,12,7,-5,-14,-3,None
0,5,16,-4,-4,0,-2,48,-11,16,12,7,-5,-14,-3,None
0,-5,-15,-4,10,12,6,19,16,16,12,7,-5,-14,-3,None
0,-2,-4,-3,-2,-1,-1,-4,-63,16,12,7,-5,-14,-3,None
0,-12,5,9,-11,-12,-17,-30,-28,16,12,7,-5,-14,-3,None
0,-12,5,9,-11,-12,-17,-30,-28,16,12,7,-5,-14,-3,None
0,-12,5,9,-11,-12,-17,-30,-28,16,12,7,-5,-13,-3,None
0,15,-1,2,6,18,23,50,61,16,12,7,-5,-13,-3,None
0,-10,-3,-4,-2,-6,-9,-19,3,16,12,7,-5,-13,-3,None
0,-7,1,2,-2,-3,-6,4,-33,16,12,7,-5,-13,-3,None
0,3,9,-5,0,8,10,-6,-10,16,12,7,-5,-13,-3,None
0,3,9,-5,0,8,10,-6,-10,16,12,7,-5,-13,-3,None
0,3,9,-5,0,8,10,-6,-10,16,12,7,-5,-13,-3,None
0,-14,-13,-7,-2,-10,-16,-69,1,16,12,7,-5,-13,-3,None
0,10,6,-8,-9,-4,3,32,10,16,12,7,-5,-13,-3,None
0,-18,1,-3,-6,-5,-2,-18,0,16,12,7,-5,-13,-3,None
0,10,18,5,-1,0,-4,29,-16,16,12,7,-5,-13,-3,None
0,10,18,5,-1,0,-4,29,-16,16,12,7,-5,-13,-3,None
0,10,18,5,-1,0,-4,29,-16,16,12,7,-5,-13,-3,None
0,-7,-3,6,-3,-1,-3,-19,-8,16,12,7,-5,-13,-3,None
0,-1,8,-1,1,-1,-3,-25,-7,16,12,7,-5,-13,-3,None
0,0,-7,6,-6,0,-5,-30,-24,16,12,7,-5,-13,-3,None
0,12,7,2,2,4,12,32,-1,16,12,7,-5,-13,-3,None
0,12,7,2,2,4,12,32,-1,16,12,7,-5,-13,-3,None
0,12,7,2,2,4,12,32,-1,16,12,7,-5,-13,-3,None
0,-9,-8,-12,0,-1,-3,-33,33,16,12,7,-5,-13,-3,None
0,-17,3,-1,3,11,7,-16,33,16,12,7,-5,-13,-3,None
0,16,-10,14,-11,-5,-5,-17,7,16,12,7,-5,-13,-3,None
0,0,1,13,6,9,2,53,-11,16,12,7,-5,-13,-3,None
0,0,1,13,6,9,2,53,-11,16,12,7,-5,-13,-3,None
0,0,1,13,6,9,2,53,-11,16,12,7,-5,-13,-3,None
0,1,18,7,-3,-4,-1,22,43,16,12,7,-5,-13,-3,None
0,0,3,-6,0,-3,-6,-31,-57,16,12,7,-5,-13,-3,None
0,3,-4,-13,6,3,5,-11,5,16,12,7,-5,-13,-3,None
0,-4,-9,-10,-4,-1,-4,-52,-7,16,12,7,-5,-13,-3,None
0,-4,-9,-10,-4,-1,-4,-52,-7,16,12,7,-5,-13,-3,None
0,-4,-9,-10,-4,-1,-4,-52,-7,16,12,7,-5,-13,-3,None
0,-3,0,-15,-2,-3,-3,15,74,16,12,7,-5,-13,-3,None
0,-8,1,-16,-7,-3,-9,-81,-101,16,12,7,-5,-13,-3,None
0,13,-3,0,2,6,2,78,21,16,12,7,-5,-13,-3,None
0,-12,23,-11,-4,0,11,59,-1,16,12,7,-5,-13,-3,None
0,-12,23,-11,-4,0,11,59,-1,16,12,7,-5,-13,-3,None
0,-12,23,-11,-4,0,11,59,-1,16,12,7,-5,-13,-3,None
0,-4,-12,-1,-7,-4,-4,-10,20,16,12,7,-5,-13,-3,None
0,-1,4,-2,1,-1,-3,-11,-12,16,12,7,-5,-13,-3,None
0,-4,-9,2,0,-4,-2,2,8,16,12,7,-5,-13,-3,None
0,0,2,8,-2,-3,-10,-30,-29,16,12,7,-5,-13,-3,None
0,0,2,8,-2,-3,-10,-30,-29,16,12,7,-5,-13,-3,None
0,0,2,8,-2,-3,-10,-30,-29,16,12,7,-5,-13,-3,None
0,4,1,4,2,10,13,7,21,16,12,7,-5,-13,-3,None
0,-9,0,7,-4,-9,-8,25,60,16,12,7,-5,-13,-3,None
0,2,6,-7,-3,1,1,24,-2,16,12,7,-5,-13,-3,None
0,2,-6,-7,8,5,1,7,26,16,12,7,-5,-13,-3,None
0,2,-6,-7,8,5,1,7,26,16,12,7,-5,-13,-3,None
0,2,-6,-7,8,5,1,7,26,16,12,7,-5,-13,-3,None
0,-6,-6,-8,-2,-4,-4,-31,-62,16,12,7,-5,-13,-3,None
0,-1,-1,1,3,1,-2,1,43,16,12,7,-5,-13,-3,None
0,1,6,0,0,0,-2,-18,14,16,12,7,-5,-13,-3,None
0,-4,-6,-8,-6,-5,-10,6,-29,16,12,7,-5,-13,-3,None
0,-4,-6,-8,-6,-5,-10,6,-29,16,12,7,-5,-13,-3,None
0,-4,-6,-8,-6,-5,-10,6,-29,16,12,7,-5,-13,-3,None
0,8,-3,2,21,8,7,-6,-32,16,12,7,-5,-13,-3,None
0,-18,1,-1,-31,-10,-6,-9,8,16,12,7,-5,-13,-3,None
0,-7,2,-2,0,5,5,23,-32,16,12,7,-5,-13,-3,None
0,-1,-4,-6,0,-10,-15,-29,2,16,12,7,-5,-13,-3,None
0,-1,-4,-6,0,-10,-15,-29,2,16,12,7,-5,-13,-3,None
0,-1,-4,-6,0,-10,-15,-29,2,16,12,7,-5,-13,-3,None
0,-2,3,5,18,2,-2,-2,-32,16,12,7,-5,-13,-3,None
0,6,0,-9,-9,6,5,22,2,16,12,7,-5,-13,-3,None
0,-2,1,-1,-6,1,3,-15,6,16,12,7,-5,-13,-3,None
0,0,-4,-8,-2,1,2,-1,15,16,12,7,-5,-13,-3,None
0,0,-4,-8,-2,1,2,-1,15,16,12,7,-5,-13,-3,None
0,0,-4,-8,-2,1,2,-1,15,16,12,7,-5,-13,-3,None
0,-1,2,5,19,-2,-8,6,-28,16,12,7,-5,-13,-3,None
0,4,0,-1,-32,12,12,5,3,16,12,7,-5,-13,-3,None
0,0,2,-9,8,-10,2,5,1,16,12,7,-5,-13,-3,None
0,1,0,5,4,10,-4,-2,5,16,12,7,-5,-13,-3,None
0,1,0,5,4,10,-4,-2,5,16,12,7,-5,-13,-3,None
0,1,0,5,4,10,-4,-2,5,16,12,7,-5,-13,-3,None
0,-1,-1,-7,5,3,-1,2,-6,16,12,7,-5,-13,-3,None
0,0,1,1,14,19,-21,6,1,16,12,7,-5,-13,-3,None
0,-2,0,0,-7,-16,21,-21,-6,16,12,7,-5,-13,-3,None
0,0,-2,-5,-3,-5,16,10,15,16,12,7,-5,-13,-3,None
0,0,-2,-5,-3,-5,16,10,15,16,12,7,-5,-13,-3,None
0,0,-2,-5,-3,-5,16,10,15,16,12,7,-5,-13,-3,None
0,0,1,-4,-26,6,-7,-2,-5,16,12,7,-5,-13,-3,None
0,-5,-4,8,26,-4,-66,-6,-9,16,12,7,-5,-13,-3,None
0,3,3,4,-9,45,79,16,0,16,12,7,-5,-13,-3,None
0,3,1,-5,-18,-37,2,0,9,16,12,7,-5,-13,-3,None
0,3,1,-5,-18,-37,2,0,9,16,12,7,-5,-13,-3,None
0,3,1,-5,-18,-37,2,0,9,16,12,7,-5,-13,-3,None
0,1,2,-8,-22,13,0,11,1,16,12,7,-5,-13,-3,None
0,3,3,-4,32,7,-38,1,-3,16,12,7,-5,-13,-3,None
0,-6,-1,5,20,-41,8,-5,-3,16,12,7,-5,-13,-3,None
0,0,1,-5,-9,15,-7,-5,8,16,12,7,-5,-13,-3,None
0,0,1,-5,-9,15,-7,-5,8,16,12,7,-5,-13,-3,None
0,0,1,-5,-9,15,-7,-5,8,16,12,7,-4,-13,-3,None
0,-2,-1,-10,-7,-19,8,-10,-13,16,12,7,-4,-13,-3,None
0,-1,-1,8,-6,64,8,10,0,16,12,7,-4,-13,-3,None
0,0,0,-15,-7,-65,-8,-3,4,16,12,7,-4,-13,-3,None
0,-1,0,2,7,30,-1,-5,0,16,12,7,-4,-13,-3,None
0,-1,0,2,7,30,-1,-5,0,16,12,7,-4,-13,-3,None
0,-1,0,2,7,30,-1,-5,0,16,12,7,-4,-12,-3,None
0,-3,-1,13,-8,-25,-15,-1,-9,16,12,7,-4,-12,-3,None
0,2,2,-2,5,8,8,0,4,16,12,7,-4,-12,-3,None
0,-1,3,10,0,6,-46,-7,-3,16,12,7,-4,-12,-3,None
0,0,-1,-5,-3,13,34,2,1,16,12,7,-4,-12,-3,None
0,0,-1,-5,-3,13,34,2,1,16,12,7,-4,-12,-3,None
0,0,-1,-5,-3,13,34,2,1,16,12,7,-4,-13,-3,None
0,0,0,-7,1,11,-13,-3,-2,16,12,7,-4,-13,-3,None
0,1,-1,2,-4,-20,31,7,2,16,12,7,-4,-13,-3,None
0,-3,0,-2,-4,10,-29,-10,-4,16,12,7,-4,-13,-3,None
0,1,2,-3,-1,4,-11,6,4,16,12,7,-4,-13,-3,None
0,1,2,-3,-1,4,-11,6,4,16,12,7,-4,-13,-3,None
0,1,2,-3,-1,4,-11,6,4,16,12,7,-4,-13,-3,None
0,-4,-2,3,2,11,3,-5,-5,16,12,7,-4,-13,-3,None
0,1,1,-9,-1,-15,31,5,5,16,12,7,-4,-13,-3,None
0,0,1,-3,-8,7,-10,0,-1,16,12,7,-4,-13,-3,None
0,-4,0,4,8,5,-26,-6,-2,16,12,7,-4,-13,-3,None
0,-4,0,4,8,5,-26,-6,-2,16,12,8,-4,-13,-3,None
0,-4,0,4,8,5,-26,-6,-2,16,12,8,-4,-12,-3,None
0,-2,0,-5,-5,-8,8,2,-2,16,12,8,-4,-12,-3,None
0,0,3,-2,-4,-24,6,-6,-5,16,12,8,-4,-12,-3,None
0,-1,-1,-4,7,27,-10,1,2,16,12,8,-4,-12,-3,None
0,-1,0,1,0,-11,-1,-2,0,16,12,8,-4,-12,-3,None
0,-1,0,1,0,-11,-1,-2,0,16,12,8,-4,-12,-3,None
0,-1,0,1,0,-11,-1,-2,0,16,12,8,-4,-13,-3,None
0,0,0,-3,-2,-1,2,3,-1,16,12,8,-4,-13,-3,None
0,1,2,-2,-2,-13,5,-2,-1,16,12,8,-4,-13,-3,None
0,-3,1,8,0,13,-14,-4,-5,16,12,8,-4,-13,-3,None
0,-1,0,4,0,-6,3,-3,-1,16,12,8,-4,-13,-3,None
0,-1,0,4,0,-6,3,-3,-1,16,12,8,-4,-13,-3,None
0,-1,0,4,0,-6,3,-3,-1,16,12,8,-4,-13,-3,None
0,-1,1,2,-4,-1,-1,-2,-4,16,12,8,-4,-13,-3,None
0,0,-1,-3,0,0,-6,0,-3,16,12,8,-4,-13,-3,None
0,-1,0,-2,-2,3,-5,-2,-3,16,12,8,-4,-13,-3,None
0,0,0,-3,0,-2,4,3,2,16,12,8,-4,-13,-3,None
0,0,0,-3,0,-2,4,3,2,16,12,8,-4,-13,-3,None
0,0,0,-3,0,-2,4,3,2,16,12,8,-3,-13,-3,None
0,-3,-1,-5,1,2,-3,0,-1,16,12,8,-3,-13,-3,None
0,-2,0,-2,0,-3,7,2,2,16,12,8,-3,-13,-3,None
0,-2,-1,-6,-3,2,-4,-4,-1,16,12,8,-3,-13,-3,None
0,0,2,-4,0,-7,-7,-3,-4,16,12,8,-3,-13,-3,None
0,0,2,-4,0,-7,-7,-3,-4,17,12,8,-3,-13,-3,None
0,0,2,-4,0,-7,-7,-3,-4,17,12,8,-3,-12,-3,None
0,-1,0,-1,1,3,-2,1,-2,17,12,8,-3,-12,-3,None
0,0,-1,-2,1,-6,4,-2,-3,17,12,8,-3,-12,-3,None
0,-2,-3,-8,-2,3,2,-2,-2,17,12,8,-3,-12,-3,None
0,10,5,-3,3,0,-8,4,4,17,12,8,-3,-12,-3,None
0,10,5,-3,3,0,-8,4,4,17,12,8,-3,-12,-3,None
0,10,5,-3,3,0,-8,4,4,17,12,8,-3,-12,-4,None
0,-7,2,-3,-2,-2,0,-1,-1,17,12,8,-3,-12,-4,None
0,-1,2,-3,-2,-4,1,-1,-1,17,12,8,-3,-12,-4,None
0,-3,0,-2,3,6,-4,1,-1,17,12,8,-3,-12,-4,None
0,-1,-1,1,3,-4,-1,-5,-6,17,12,8,-3,-12,-4,None
0,-1,-1,1,3,-4,-1,-5,-6,17,12,8,-3,-12,-4,None
0,-1,-1,1,3,-4,-1,-5,-6,17,12,8,-3,-13,-4,None
0,2,1,1,2,1,2,-1,-1,17,12,8,-3,-13,-4,None
0,-1,-1,-4,-5,-2,2,0,1,17,12,8,-3,-13,-4,None
0,-2,0,-5,5,1,-8,-4,-4,17,12,8,-3,-13,-4,None
0,-4,-1,-23,-7,-9,-1,-3,-3,17,12,8,-3,-13,-4,None
0,-4,-1,-23,-7,-9,-1,-3,-3,17,12,8,-3,-13,-4,None
0,-4,-1,-23,-7,-9,-1,-3,-3,17,12,8,-2,-13,-4,None
0,1,-1,-26,13,15,1,1,0,17,12,8,-2,-13,-4,None
0,-4,1,-32,5,-4,-1,-5,-4,17,12,8,-2,-13,-4,None
0,-1,1,-16,3,0,1,0,-1,17,12,8,-2,-13,-4,None
0,-4,-1,9,8,1,-3,-2,-1,17,12,8,-2,-13,-4,None
0,-4,-1,9,8,1,-3,-2,-1,17,12,8,-2,-13,-4,None
0,-4,-1,9,8,1,-3,-2,-1,17,12,8,-2,-13,-5,None
0,-1,-2,29,-26,-3,-3,-3,-2,17,12,8,-2,-13,-5,None
0,1,1,28,-18,-1,3,2,-1,17,12,8,-2,-13,-5,None
0,-2,-1,11,-18,-6,-8,-4,-2,17,12,8,-2,-13,-5,None
0,-3,-1,15,-18,5,1,-3,-4,17,12,8,-2,-13,-5,None
0,-3,-1,15,-18,5,1,-3,-4,17,12,8,-2,-13,-5,None
0,-3,-1,15,-18,5,1,-3,-4,17,12,8,-2,-13,-4,None
0,0,0,11,37,10,5,0,-1,17,12,8,-2,-13,-4,None
0,-2,-1,2,-18,-1,-1,-1,-2,17,12,8,-2,-13,-4,None
0,1,3,12,-5,7,-2,-1,0,17,12,8,-2,-13,-4,None
0,-4,-2,12,-24,-26,-6,-5,3,17,12,8,-2,-13,-4,None
0,-4,-2,12,-24,-26,-6,-5,3,17,12,8,-2,-13,-4,None
0,-4,-2,12,-24,-26,-6,-5,3,17,12,8,-2,-13,-4,None
0,-2,-2,18,-59,0,-2,-2,-10,17,12,8,-2,-13,-4,None
0,0,-1,22,-4,4,0,-2,1,17,12,8,-2,-13,-4,None
0,0,2,15,16,-2,-2,-2,-1,17,12,8,-2,-13,-4,None
0,-2,-2,-2,-57,-4,-1,-2,1,17,12,8,-2,-13,-4,None
0,-2,-2,-2,-57,-4,-1,-2,1,17,12,9,-2,-13,-4,None
0,-2,-2,-2,-57,-4,-1,-2,1,17,12,9,-2,-14,-4,None
0,1,3,-1,41,10,-2,-2,1,17,12,9,-2,-14,-4,None
0,-1,1,4,34,-12,-1,1,-2,17,12,9,-2,-14,-4,None
0,-1,-2,-20,-95,-12,-4,-4,0,17,12,9,-2,-14,-4,None
0,1,3,-6,17,14,4,1,-1,17,12,9,-2,-14,-4,None
0,1,3,-6,17,14,4,1,-1,17,12,9,-2,-14,-4,None
0,1,3,-6,17,14,4,1,-1,17,12,9,-2,-13,-3,None
0,1,-1,-26,-27,-17,-6,-3,-2,17,12,9,-2,-13,-3,None
0,-6,-3,-4,8,17,1,-2,-3,17,12,9,-2,-13,-3,None
0,2,1,-13,62,8,0,-3,3,17,12,9,-2,-13,-3,None
0,-1,0,-17,62,26,7,3,0,17,12,9,-2,-13,-3,None
0,-1,0,-17,62,26,7,3,0,0,12,9,-2,-13,-3,None
0,-1,0,-17,62,26,7,3,0,0,12,9,-1,-13,-3,None
0,-5,-4,-25,-86,-39,-6,-1,-2,0,12,9,-1,-13,-3,None
0,4,3,-17,-28,-2,1,0,2,0,12,9,-1,-13,-3,None
0,0,4,1,94,29,6,0,-3,0,12,9,-1,-13,-3,None
0,-4,-5,-16,-20,-9,-3,-5,-5,0,12,9,-1,-13,-3,None
0,-4,-5,-16,-20,-9,-3,-5,-5,0,12,9,-1,-13,-3,None
0,-4,-5,-16,-20,-9,-3,-5,-5,0,12,9,0,-13,-3,None
0,1,6,6,110,28,0,-3,0,0,12,9,0,-13,-3,None
0,-4,-1,-29,-61,-13,-10,-3,-4,0,12,9,0,-13,-3,None
0,0,0,-10,-43,-33,-6,2,0,0,12,9,0,-13,-3,None
0,-1,0,-8,-10,-7,3,1,-2,0,12,9,0,-13,-3,None
0,-1,0,-8,-10,-7,3,1,-2,0,12,9,0,-13,-3,None
0,-1,0,-8,-10,-7,3,1,-2,0,12,9,0,-14,-3,None
0,-2,1,-5,6,12,-4,-4,-3,0,12,9,0,-14,-3,None
0,-1,-2,-5,28,14,0,-6,-4,0,12,9,0,-14,-3,None
0,-2,1,5,4,-9,-15,-5,-1,0,12,9,0,-14,-3,None
0,-4,-2,-12,-34,3,-11,-5,-3,0,12,9,0,-14,-3,None
0,-4,-2,-12,-34,3,-11,-5,-3,0,12,9,0,-14,-3,None
0,-4,-2,-12,-34,3,-11,-5,-3,0,12,9,1,-14,-2,None
0,0,0,3,-13,-9,7,-1,2,0,12,9,1,-14,-2,None
0,1,-2,-45,-52,-5,-3,-3,-2,0,12,9,1,-14,-2,None
0,-4,-2,-7,11,13,-9,-8,0,0,12,9,1,-14,-2,None
0,0,2,10,48,23,10,7,-3,0,12,9,1,-14,-2,None
0,0,2,10,48,23,10,7,-3,0,12,9,1,-14,-2,None
0,0,2,10,48,23,10,7,-3,0,12,9,2,-15,-2,None
0,1,2,-5,-46,-22,-3,-3,4,0,12,9,2,-15,-2,None
0,1,0,15,24,15,9,0,1,0,12,9,2,-15,-2,None
0,2,1,3,37,29,11,10,3,0,12,9,2,-15,-2,None
0,-1,2,-1,-8,-17,-9,-3,1,0,12,9,2,-15,-2,None
0,-1,2,-1,-8,-17,-9,-3,1,0,12,9,2,-15,-2,None
0,-1,2,-1,-8,-17,-9,-3,1,0,12,9,2,-15,-3,None
0,-1,4,8,40,61,13,0,-4,0,12,9,2,-15,-3,None
0,-4,-4,-4,-1,-12,-8,-4,-2,0,12,9,2,-15,-3,None
0,-3,1,-6,-64,-18,1,-4,-6,0,12,9,2,-15,-3,None
0,0,0,7,52,16,0,0,1,0,12,9,2,-15,-3,None
0,0,0,7,52,16,0,0,1,0,12,9,2,-15,-3,None
0,0,0,7,52,16,0,0,1,0,12,9,2,-15,-3,None
0,-1,1,1,17,-9,-5,2,-1,0,12,9,2,-15,-3,None
0,-1,0,7,38,15,-4,-2,-2,0,12,9,2,-15,-3,None
0,-2,1,10,3,5,11,5,-3,0,12,9,2,-15,-3,None
0,-3,-4,-31,-47,-26,-6,-3,-3,0,12,9,2,-15,-3,None
0,-3,-4,-31,-47,-26,-6,-3,-3,0,12,9,2,-15,-3,None
0,-3,-4,-31,-47,-26,-6,-3,-3,0,12,9,4,-15,-2,None
0,-7,-2,15,83,79,-1,-2,-7,0,12,9,4,-15,-2,None
0,0,1,8,6,-36,-2,0,2,0,12,9,4,-15,-2,None
0,2,1,6,7,-8,-3,-6,0,0,12,9,4,-15,-2,None
0,-3,-1,-19,26,-12,5,4,-3,0,12,9,4,-15,-2,None
0,-3,-1,-19,26,-12,5,4,-3,1,12,9,4,-15,-2,None
0,-3,-1,-19,26,-12,5,4,-3,1,12,9,5,-15,-2,None
0,-8,-6,6,-26,-9,-16,-13,-7,1,12,9,5,-15,-2,None
0,2,3,8,23,-7,3,7,3,1,12,9,5,-15,-2,None
0,-4,-2,-3,-43,31,15,1,-2,1,12,9,5,-15,-2,None
0,-1,1,10,19,-15,-13,-9,-2,1,12,9,5,-15,-2,None
0,-1,1,10,19,-15,-13,-9,-2,1,12,9,5,-15,-2,None
0,-1,1,10,19,-15,-13,-9,-2,1,12,9,5,-15,-2,None
0,2,2,-7,54,-13,-1,-1,4,1,12,9,5,-15,-2,None
0,-3,1,-5,2,-19,-9,-2,-5,1,12,9,5,-15,-2,None
0,-2,1,7,41,7,7,6,-4,1,12,9,5,-15,-2,None
0,2,2,-6,23,32,5,-1,3,1,12,9,5,-15,-2,None
0,2,2,-6,23,32,5,-1,3,1,12,9,5,-15,-2,None
0,2,2,-6,23,32,5,-1,3,1,12,9,6,-15,-2,None
0,-4,-7,-1,-64,-47,-12,-5,-6,1,12,9,6,-15,-2,None
0,1,2,-2,66,60,8,3,-1,1,12,9,6,-15,-2,None
0,-2,-4,-22,-80,-42,-11,-7,-4,1,12,9,6,-15,-2,None
0,-1,2,9,10,32,3,2,-4,1,12,9,6,-15,-2,None
0,-1,2,9,10,32,3,2,-4,1,12,9,6,-15,-2,None
0,-1,2,9,10,32,3,2,-4,1,12,9,7,-15,-2,None
0,3,0,-6,19,-4,12,13,4,1,12,9,7,-15,-2,None
0,-2,1,3,31,2,-3,-8,-1,1,12,9,7,-15,-2,None
0,-3,-3,-3,-53,-19,-5,6,-4,1,12,9,7,-15,-2,None
0,1,1,2,-40,-17,-2,-4,1,1,12,9,7,-15,-2,None
0,1,1,2,-40,-17,-2,-4,1,1,12,9,7,-15,-2,None
0,1,1,2,-40,-17,-2,-4,1,1,12,9,7,-13,-2,None
0,3,6,7,42,15,3,-5,-3,1,12,9,7,-13,-2,None
0,-3,-2,20,13,25,-4,-7,1,1,12,9,7,-13,-2,None
0,-2,1,-31,-9,-45,0,-1,-1,1,12,9,7,-13,-2,None
0,-1,-1,24,41,-24,-4,0,0,1,12,9,7,-13,-2,None
0,-1,-1,24,41,-24,-4,0,0,1,12,9,7,-13,-2,None
0,-1,-1,24,41,-24,-4,0,0,1,12,9,7,-13,-1,None
0,4,3,-2,-10,12,0,-7,5,1,12,9,7,-13,-1,None
0,-2,3,4,7,17,3,6,-3,1,12,9,7,-13,-1,None
0,2,3,8,29,21,-5,-7,-1,1,12,9,7,-13,-1,None
0,0,2,-1,10,9,3,3,0,1,12,9,7,-13,-1,None
0,0,2,-1,10,9,3,3,0,1,12,9,7,-13,-1,None
0,0,2,-1,10,9,3,3,0,1,12,9,6,-13,-1,None
0,-4,-5,-24,-52,-38,-6,-7,-3,1,12,9,6,-13,-1,None
0,1,4,9,3,-47,2,0,1,1,12,9,6,-13,-1,None
0,-3,-1,-8,-36,-5,-5,-2,-1,1,12,9,6,-13,-1,None
0,-1,3,14,16,35,1,-3,-5,1,12,9,6,-13,-1,None
0,-1,3,14,16,35,1,-3,-5,1,12,9,6,-13,-1,None
0,-1,3,14,16,35,1,-3,-5,1,12,9,7,-13,-1,None
0,-1,-2,-5,23,-7,-3,2,0,1,12,9,7,-13,-1,None
0,-2,1,9,-73,-56,-1,-1,-2,1,12,9,7,-13,-1,None
0,0,0,10,73,27,-2,1,-2,1,12,9,7,-13,-1,None
0,-3,1,6,12,3,-3,-4,0,1,12,9,7,-13,-1,None
0,-3,1,6,12,3,-3,-4,0,1,12,9,7,-13,-1,None
0,-3,1,6,12,3,-3,-4,0,1,12,9,7,-13,-1,None
0,4,0,-8,-20,2,-3,-1,0,1,12,9,7,-13,-1,None
0,-4,-2,-1,24,9,2,-1,-5,1,12,9,7,-13,-1,None
0,2,3,-1,43,-10,-2,-3,3,1,12,9,7,-13,-1,None
0,-1,-4,-5,-67,-27,0,1,-1,1,12,9,7,-13,-1,None
0,-1,-4,-5,-67,-27,0,1,-1,1,12,9,7,-13,-1,None
0,-1,-4,-5,-67,-27,0,1,-1,1,12,9,7,-12,-1,None
0,-6,13,-5,23,-37,-6,-3,-4,1,12,9,7,-12,-1,None
0,-1,-3,-23,-29,36,1,2,0,1,12,9,7,-12,-1,None
0,-2,-6,12,-28,-19,-6,-3,0,1,12,9,7,-12,-1,None
0,-2,33,-25,-18,-23,0,0,-1,1,12,9,7,-12,-1,None
0,-2,33,-25,-18,-23,0,0,-1,1,12,9,7,-12,-1,None
0,-2,33,-25,-18,-23,0,0,-1,1,12,9,7,-12,-1,None
0,-1,-17,19,-10,-11,3,3,-1,1,12,9,7,-12,-1,None
0,8,16,3,-11,5,0,-1,1,1,12,9,7,-12,-1,None
0,-7,-9,-3,-13,-23,3,-3,-4,1,12,9,7,-12,-1,None
0,1,1,-4,5,61,6,6,-1,1,12,9,7,-12,-1,None
0,1,1,-4,5,61,6,6,-1,1,12,9,7,-12,-1,None
0,1,1,-4,5,61,6,6,-1,1,12,9,7,-12,-1,None
0,-1,-4,-7,-10,2,-6,-4,-1,1,12,9,7,-12,-1,None
0,-8,11,-41,-11,-90,-2,-2,-4,1,12,9,7,-12,-1,None
0,-1,3,0,8,107,3,-1,-1,1,12,9,7,-12,-1,None
0,0,-13,9,-2,48,-3,-4,-2,1,12,9,7,-12,-1,None
0,0,-13,9,-2,48,-3,-4,-2,1,12,9,7,-12,-1,None
0,0,-13,9,-2,48,-3,-4,-2,1,12,9,8,-13,-1,None
0,-3,28,-22,-2,79,5,0,-2,1,12,9,8,-13,-1,None
0,-1,-4,8,14,-48,3,2,1,1,12,9,8,-13,-1,None
0,-2,4,3,-18,-28,-8,-5,-4,1,12,9,8,-13,-1,None
0,-3,-1,-7,-15,-35,-4,-3,0,1,12,9,8,-13,-1,None
0,-3,-1,-7,-15,-35,-4,-3,0,1,12,9,8,-13,-1,None
0,-3,-1,-7,-15,-35,-4,-3,0,1,12,9,8,-13,-1,None
0,9,-33,1,-8,-3,0,-1,-3,1,12,9,8,-13,-1,None
0,2,10,8,33,38,-1,-1,1,1,12,9,8,-13,-1,None
0,-6,-6,-31,-92,-2,-8,-7,-4,1,12,9,8,-13,-1,None
0,-1,1,15,78,28,3,-1,1,1,12,9,8,-13,-1,None
0,-1,1,15,78,28,3,-1,1,1,12,9,8,-13,-1,None
0,-1,1,15,78,28,3,-1,1,1,12,9,8,-14,-2,None
0,-1,10,8,75,23,0,-1,-2,1,12,9,8,-14,-2,None
0,-4,3,0,-45,-81,-7,-5,-4,1,12,9,8,-14,-2,None
0,3,-5,0,46,66,0,-1,0,1,12,9,8,-14,-2,None
0,2,-10,10,14,-30,0,0,0,1,12,9,8,-14,-2,None
0,2,-10,10,14,-30,0,0,0,1,12,9,8,-14,-2,None
0,2,-10,10,14,-30,0,0,0,1,12,9,8,-14,-2,None
0,-3,11,6,-107,-83,-7,-1,-1,1,12,9,8,-14,-2,None
0,-6,-15,-8,89,61,3,-3,-7,1,12,9,8,-14,-2,None
0,-5,11,-7,-31,-25,-2,-2,-1,1,12,9,8,-14,-2,None
0,5,24,5,-8,-46,-8,-7,-4,1,12,9,8,-14,-2,None
0,5,24,5,-8,-46,-8,-7,-4,1,12,9,8,-14,-2,None
0,5,24,5,-8,-46,-8,-7,-4,1,12,9,8,-12,-1,None
0,-2,-51,26,13,4,-1,-2,-1,1,12,9,8,-12,-1,None
0,-6,-1,46,-48,40,-5,-2,-1,1,12,9,8,-12,-1,None
0,1,-2,-47,35,0,3,0,-1,1,12,9,8,-12,-1,None
0,2,6,-15,34,22,-1,-2,-2,1,12,9,8,-12,-1,None
0,2,6,-15,34,22,-1,-2,-2,1,12,9,8,-12,-1,None
0,2,6,-15,34,22,-1,-2,-2,1,12,9,8,-12,-1,None
0,1,-6,-19,-30,-4,0,2,-2,1,12,9,8,-12,-1,None
0,-29,-28,-34,-67,-5,-3,-2,-7,1,12,9,8,-12,-1,None
0,1,-13,18,48,4,-1,0,0,1,12,9,8,-12,-1,None
0,-5,-8,-24,-23,-3,-3,-2,1,1,12,9,8,-12,-1,None
0,-5,-8,-24,-23,-3,-3,-2,1,1,12,9,8,-12,-1,None
0,-5,-8,-24,-23,-3,-3,-2,1,1,12,9,7,-12,-1,None
0,-6,26,0,49,57,7,4,-1,1,12,9,7,-12,-1,None
0,5,5,6,-34,-6,-1,-2,2,1,12,9,7,-12,-1,None
0,8,-6,2,-11,-16,1,1,0,1,12,9,7,-12,-1,None
0,-28,20,1,-10,-16,-3,-3,-7,1,12,9,7,-12,-1,None
0,-28,20,1,-10,-16,-3,-3,-7,1,12,9,7,-12,-1,None
0,-28,20,1,-10,-16,-3,-3,-7,1,12,9,8,-13,0,None
0,10,38,7,-24,-15,-4,-2,2,1,12,9,8,-13,0,None
0,4,-13,2,-15,-9,-1,-1,-1,1,12,9,8,-13,0,None
0,-6,-3,9,0,-26,0,0,0,1,12,9,8,-13,0,None
0,9,-8,-8,-36,-9,-2,-2,0,1,12,9,8,-13,0,None
0,9,-8,-8,-36,-9,-2,-2,0,1,12,9,8,-13,0,None
0,9,-8,-8,-36,-9,-2,-2,0,1,12,9,8,-12,0,None
0,-4,-6,-15,-22,-10,-3,-4,-3,1,12,9,8,-12,0,None
0,-1,14,-16,-3,5,2,0,1,1,12,9,8,-12,0,None
0,0,13,11,38,21,-2,0,-1,1,12,9,8,-12,0,None
0,2,-14,7,1,12,2,0,-2,1,12,9,8,-12,0,None
0,2,-14,7,1,12,2,0,-2,1,12,9,8,-12,0,None
0,2,-14,7,1,12,2,0,-2,1,12,9,8,-12,-1,None
0,-5,4,-22,-63,-2,0,-2,-3,1,12,9,8,-12,-1,None
0,5,-2,-6,19,16,-2,-3,0,1,12,9,8,-12,-1,None
0,2,4,14,24,11,2,0,-1,1,12,9,8,-12,-1,None
0,2,-7,-3,22,1,-2,0,-2,1,12,9,8,-12,-1,None
0,2,-7,-3,22,1,-2,0,-2,1,12,9,8,-12,-1,None
0,2,-7,-3,22,1,-2,0,-2,1,12,9,8,-12,0,None
0,-7,-3,4,32,25,0,-2,0,1,12,9,8,-12,0,None
0,9,3,4,9,3,-2,-3,-1,1,12,9,8,-12,0,None
0,-2,1,1,-9,-6,-2,-3,-2,1,12,9,8,-12,0,None
0,-2,-1,2,-9,12,0,0,0,1,12,9,8,-12,0,None
0,-2,-1,2,-9,12,0,0,0,1,12,9,8,-12,0,None
0,-2,-1,2,-9,12,0,0,0,1,12,9,8,-12,0,None
0,3,0,-4,-17,-30,0,0,1,1,12,9,8,-12,0,None
0,4,-6,-4,-11,21,0,-1,-2,1,12,9,8,-12,0,None
0,0,26,-4,7,-27,-2,-2,-1,1,12,9,8,-12,0,None
0,-6,-43,0,-16,20,-2,-1,-3,1,12,9,8,-12,0,None
0,-6,-43,0,-16,20,-2,-1,-3,1,12,9,8,-12,0,None
0,-6,-43,0,-16,20,-2,-1,-3,1,12,9,8,-12,0,None
0,-1,-6,0,3,-7,-2,-2,-2,1,12,9,8,-12,0,None
0,-1,-1,-9,9,7,0,-2,1,1,12,9,8,-12,0,None
0,-2,0,-2,-14,-12,1,0,-1,1,12,9,8,-12,0,None
0,3,5,2,-12,-18,-3,-1,-2,1,12,9,8,-12,0,None
0,3,5,2,-12,-18,-3,-1,-2,1,12,9,8,-12,0,None
0,3,5,2,-12,-18,-3,-1,-2,1,12,9,8,-12,-1,None
0,-3,4,-5,5,-5,-3,-1,-2,1,12,9,8,-12,-1,None
0,3,17,-5,15,11,-1,0,1,1,12,9,8,-12,-1,None
0,-6,-21,4,-12,8,-1,-2,-3,1,12,9,8,-12,-1,None
0,1,7,-5,0,-6,-1,-1,-1,1,12,9,8,-12,-1,None
0,1,7,-5,0,-6,-1,-1,-1,1,12,9,8,-12,-1,None
0,1,7,-5,0,-6,-1,-1,-1,1,12,9,8,-12,-1,None
0,-1,-4,-4,13,7,-1,-1,-2,1,12,9,8,-12,-1,None
0,-2,8,2,11,14,0,-1,-2,1,12,9,8,-12,-1,None
0,1,5,2,-1,-4,-2,-1,0,1,12,9,8,-12,-1,None
0,-1,0,-5,-15,-18,-4,-4,-1,1,12,9,8,-12,-1,None
0,-1,0,-5,-15,-18,-4,-4,-1,1,12,9,8,-12,-1,None
0,-1,0,-5,-15,-18,-4,-4,-1,1,12,9,8,-12,-1,None
0,-5,-4,-7,0,0,0,-1,-1,1,12,9,8,-12,-1,None
0,3,-3,-3,0,-1,-3,-2,-2,1,12,9,8,-12,-1,None
0,6,15,-15,8,14,1,-2,0,1,12,9,8,-12,-1,None
0,-7,-27,-3,-24,-2,-5,-4,-4,1,12,9,8,-12,-1,None
0,-7,-27,-3,-24,-2,-5,-4,-4,1,12,9,8,-12,-1,None
0,-7,-27,-3,-24,-2,-5,-4,-4,1,12,9,8,-12,-1,None
0,-5,-13,0,17,5,2,-1,-1,1,12,9,8,-12,-1,None
0,-1,-2,-9,-24,21,-1,-2,-2,1,12,9,8,-12,-1,None
0,0,0,2,4,-6,-1,0,-1,1,12,9,8,-12,-1,None
0,3,17,-7,4,0,1,-1,0,1,12,9,8,-12,-1,None
0,3,17,-7,4,0,1,-1,0,1,12,9,8,-12,-1,None
0,3,17,-7,4,0,1,-1,0,1,12,9,8,-12,-1,None
0,0,7,-3,-2,-9,-2,-3,-1,1,12,9,8,-12,-1,None
0,-1,-8,2,5,-2,-3,-1,-1,1,12,9,8,-12,-1,None
0,-3,-6,-3,3,1,-1,0,-1,1,12,9,8,-12,-1,None
0,-1,2,0,0,-6,-1,0,-1,1,12,9,8,-12,-1,None
0,-1,2,0,0,-6,-1,0,-1,1,12,9,8,-12,-1,None
0,-1,2,0,0,-6,-1,0,-1,1,12,9,8,-12,-1,None
0,-8,17,-1,-17,-14,-5,-2,0,1,12,9,8,-12,-1,None
0,19,-12,-6,9,-4,0,-4,-6,1,12,9,8,-12,-1,None
0,-4,3,10,5,6,-1,-1,-4,1,12,9,8,-12,-1,None
0,-1,3,4,8,4,1,-1,-2,1,12,9,8,-12,-1,None
0,-1,3,4,8,4,1,-1,-2,1,12,9,8,-12,-1,None
0,-1,3,4,8,4,1,-1,-2,1,12,9,8,-12,-1,None
0,2,4,-2,0,-1,-1,0,0,1,12,9,8,-12,-1,None
0,-5,5,-3,-1,0,0,0,1,1,12,9,8,-12,-1,None
0,-2,0,-5,-3,-8,-1,-3,-1,1,12,9,8,-12,-1,None
0,2,-1,0,-5,-1,-1,-1,-1,1,12,9,8,-12,-1,None
0,2,-1,0,-5,-1,-1,-1,-1,1,12,9,8,-12,-1,None
0,2,-1,0,-5,-1,-1,-1,-1,1,12,9,8,-12,-1,None
0,-2,-4,-2,1,5,1,-1,-1,1,12,9,8,-12,-1,None
0,-6,1,-1,8,3,-2,-1,-1,1,12,9,8,-12,-1,None
0,0,-3,1,-5,0,0,-2,0,1,12,9,8,-12,-1,None
0,-2,25,-9,20,2,0,0,-2,1,12,9,8,-12,-1,None
0,-2,25,-9,20,2,0,0,-2,1,12,9,8,-12,-1,None
0,-2,25,-9,20,2,0,0,-2,1,12,9,8,-12,-1,None
0,-5,-55,8,8,4,-2,-2,-3,1,12,9,8,-12,-1,None
0,-5,2,-5,5,3,0,-1,-1,1,12,9,8,-12,-1,None
0,-2,5,-2,-17,0,1,-2,-1,1,12,9,8,-12,-1,None
0,2,-7,-7,-6,-2,0,-1,0,1,12,9,8,-12,-1,None
0,2,-7,-7,-6,-2,0,-1,0,1,12,9,8,-12,-1,None
0,2,-7,-7,-6,-2,0,-1,0,1,12,9,8,-12,-1,None
0,3,14,-2,4,0,1,-2,-1,1,12,9,8,-12,-1,None
0,-3,0,2,-2,-2,-3,-1,-1,1,12,9,8,-12,-1,None
0,-3,-11,-1,6,0,-1,-1,-1,1,12,9,8,-12,-1,None
0,-1,6,4,-1,0,-1,-2,-1,1,12,9,8,-12,-1,None
0,-1,6,4,-1,0,-1,-2,-1,1,12,9,8,-12,-1,None
0,-1,6,4,-1,0,-1,-2,-1,1,12,9,8,-12,-1,None
0,-1,5,-4,4,2,0,-2,-2,1,12,9,8,-12,-1,None
0,-6,3,-12,-30,-9,-1,1,2,1,12,9,8,-12,-1,None
0,1,15,1,38,6,0,0,-2,1,12,9,8,-12,-1,None
0,-4,-17,-25,-53,-19,-6,-3,-2,1,12,9,8,-12,-1,None
0,-4,-17,-25,-53,-19,-6,-3,-2,1,12,9,8,-12,-1,None
0,-4,-17,-25,-53,-19,-6,-3,-2,1,12,9,8,-12,-1,None
0,0,9,-1,14,11,-2,-2,-2,1,12,9,8,-12,-1,None
0,-3,0,-6,-21,-12,-2,-2,-1,1,12,9,8,-12,-1,None
0,0,-5,-1,23,3,2,0,0,1,12,9,8,-12,-1,None
0,-2,4,5,11,3,0,-1,-1,1,12,9,8,-12,-1,None
0,-2,4,5,11,3,0,-1,-1,1,12,9,8,-12,-1,None
0,-2,4,5,11,3,0,-1,-1,1,12,9,8,-12,-1,None
0,-1,1,-4,0,-1,-2,-2,-1,1,12,9,8,-12,-1,None
0,-1,0,0,5,5,1,1,-1,1,12,9,8,-12,-1,None
0,2,9,26,85,89,15,5,2,1,12,9,8,-12,-1,None
0,-20,15,-15,55,25,-12,-6,-5,1,12,9,8,-12,-1,None
0,-20,15,-15,55,25,-12,-6,-5,1,12,9,8,-12,-1,None
0,-20,15,-15,55,25,-12,-6,-5,1,12,9,8,-12,-1,None
0,14,-23,-16,-100,-63,-9,-4,-4,1,12,9,8,-12,-1,None
0,-3,3,6,49,7,-5,-3,-2,1,12,9,8,-12,-1,None
0,-4,-2,-1,-5,-4,-1,-2,-1,1,12,9,8,-12,-1,None
0,-3,0,9,36,7,4,1,1,1,12,9,8,-12,-1,None
0,-3,0,9,36,7,4,1,1,1,12,9,8,-12,-1,None
0,-3,0,9,36,7,4,1,1,1,12,9,8,-12,-1,None
0,-4,10,3,26,16,3,0,-1,1,12,9,8,-12,-1,None
0,-2,0,-2,-19,1,-3,-2,-2,1,12,9,8,-12,-1,None
0,1,-7,-11,-30,-26,-5,-2,-2,1,12,9,8,-12,-1,None
0,1,3,18,-26,-10,1,3,0,1,12,9,8,-12,-1,None
0,1,3,18,-26,-10,1,3,0,1,12,9,8,-12,-1,None
0,1,3,18,-26,-10,1,3,0,1,12,9,8,-12,-1,None
0,0,13,9,19,16,-3,-2,-3,1,12,9,8,-12,-1,None
0,-2,-23,4,-17,-3,0,-3,-3,1,12,9,8,-12,-1,None
0,-5,4,-10,-18,-10,-3,-4,-3,1,12,9,8,-12,-1,None
0,3,-1,-1,-27,-8,1,0,0,1,12,9,8,-12,-1,None
0,3,-1,-1,-27,-8,1,0,0,1,12,9,8,-12,-1,None
0,3,-1,-1,-27,-8,1,0,0,1,12,9,8,-12,-1,None
0,-2,2,-3,2,-14,0,0,1,1,12,9,8,-12,-1,None
0,-3,5,-2,20,4,-3,-1,0,1,12,9,8,-12,-1,None
0,-3,-1,-2,-29,-13,-4,-2,-2,1,12,9,8,-12,-1,None
0,3,-6,-7,-11,-3,-3,-3,-1,1,12,9,8,-12,-1,None
0,3,-6,-7,-11,-3,-3,-3,-1,1,12,9,8,-12,-1,None
0,3,-6,-7,-11,-3,-3,-3,-1,1,12,9,8,-12,-1,None
0,-1,5,-3,13,11,1,0,-1,1,12,9,8,-12,-1,None
0,1,6,-2,2,6,1,-3,-2,1,12,9,8,-12,-1,None
0,-3,-2,-11,-29,-22,-5,-4,-3,1,12,9,8,-12,-1,None
0,3,1,4,-2,-1,1,-2,-3,1,12,9,8,-12,-1,None
0,3,1,4,-2,-1,1,-2,-3,1,12,9,8,-12,-1,None
0,3,1,4,-2,-1,1,-2,-3,1,12,9,8,-12,-1,None
0,-4,4,0,29,8,3,0,0,1,12,9,8,-12,-1,None
0,0,9,-1,13,-5,-1,-2,-2,1,12,9,8,-12,-1,None
0,-4,-3,-5,-6,13,-3,-2,-4,1,12,9,8,-12,-1,None
0,2,21,0,-3,1,-1,-1,-2,1,12,9,8,-12,-1,None
0,2,21,0,-3,1,-1,-1,-2,1,12,9,8,-12,-1,None
0,2,21,0,-3,1,-1,-1,-2,1,12,9,8,-12,-1,None
0,-4,4,3,-1,-2,1,-1,-2,1,12,9,8,-12,-1,None
0,-3,-2,-11,-2,0,-2,-3,-2,1,12,9,8,-12,-1,None
0,1,0,-3,-4,-11,-1,1,0,1,12,9,8,-12,-1,None
0,3,4,-4,4,1,-1,-1,-2,1,12,9,8,-12,-1,None
0,3,4,-4,4,1,-1,-1,-2,1,12,9,8,-12,-1,None
0,3,4,-4,4,1,-1,-1,-2,1,12,9,8,-12,-1,None
0,-3,0,-6,-8,5,-3,-2,-2,1,12,9,8,-12,-1,None
0,1,3,2,-7,-3,0,-1,-1,1,12,9,8,-12,-1,None
0,-1,4,-2,16,2,-2,-1,-1,1,12,9,8,-12,-1,None
0,-18,-16,-6,-23,-14,2,0,0,1,12,9,8,-12,-1,None
0,-18,-16,-6,-23,-14,2,0,0,1,12,9,8,-12,-1,None
0,-18,-16,-6,-23,-14,2,0,0,1,12,9,8,-12,-1,None
0,35,7,-6,20,10,-4,-4,-5,1,12,9,8,-12,-1,None
0,-5,-7,7,15,9,0,-1,-2,1,12,9,8,-12,-1,None
0,-1,1,2,-22,-14,-1,-3,-2,1,12,9,8,-12,-1,None
0,-3,-7,-4,18,3,-1,-1,0,1,12,9,8,-12,-1,None
0,-3,-7,-4,18,3,-1,-1,0,1,12,9,8,-12,-1,None
0,-3,-7,-4,18,3,-1,-1,0,1,12,9,8,-13,-1,None
0,-12,-2,-2,2,2,2,0,0,1,12,9,8,-13,-1,None
0,2,6,-4,-6,0,-2,-1,0,1,12,9,8,-13,-1,None
0,4,-2,-5,0,-3,-2,-1,-1,1,12,9,8,-13,-1,None
0,2,-1,3,1,5,-1,-2,-1,1,12,9,8,-13,-1,None
0,2,-1,3,1,5,-1,-2,-1,1,12,9,8,-13,-1,None
0,2,-1,3,1,5,-1,-2,-1,1,12,9,8,-12,-1,None
0,-7,4,-7,-11,1,-2,-1,1,1,12,9,8,-12,-1,None
0,-2,-15,-4,-8,0,-1,0,-1,1,12,9,8,-12,-1,None
0,-9,0,-4,-26,-13,0,0,0,1,12,9,8,-12,-1,None
0,4,-5,2,16,20,-4,-3,-3,1,12,9,8,-12,-1,None
0,4,-5,2,16,20,-4,-3,-3,1,12,9,8,-12,-1,None
0,4,-5,2,16,20,-4,-3,-3,1,12,9,7,-12,-1,None
0,-6,-6,-2,-4,1,-2,-2,-2,1,12,9,7,-12,-1,None
0,-2,3,-4,-1,3,0,-1,0,1,12,9,7,-12,-1,None
0,1,-1,-1,0,-3,-1,-1,0,1,12,9,7,-12,-1,None
0,5,20,-3,-3,-2,1,0,-2,1,12,9,7,-12,-1,None
0,5,20,-3,-3,-2,1,0,-2,1,12,9,7,-12,-1,None
0,5,20,-3,-3,-2,1,0,-2,1,12,9,8,-12,-1,None
0,-7,-28,-4,-2,1,-1,-1,0,1,12,9,8,-12,-1,None
0,-1,5,2,2,-1,-1,-2,-2,1,12,9,8,-12,-1,None
0,-1,5,2,2,-1,-1,-2,-2,1,12,9,8,-12,-1,None
0,-1,5,2,2,-1,-1,-2,-2,1,12,9,8,-12,-1,None
0,-4,0,5,4,2,-2,-2,-2,1,12,9,8,-12,-1,None
0,6,2,1,-15,1,-3,-1,-2,1,12,9,8,-12,-1,None
0,-4,9,8,38,12,2,2,0,1,12,9,8,-12,-1,None
0,-6,-2,-5,-25,3,-3,-4,-3,1,12,9,8,-12,-1,None
0,-6,-2,-5,-25,3,-3,-4,-3,1,12,9,8,-12,-1,None
0,-6,-2,-5,-25,3,-3,-4,-3,1,12,9,8,-12,-1,None
0,1,8,-1,-1,7,-3,-3,0,1,12,9,8,-12,-1,None
0,-7,-33,-5,3,-4,0,-1,-2,1,12,9,8,-12,-1,None
0,-2,4,-4,-11,-3,-1,0,-1,1,12,9,8,-12,-1,None
0,2,0,1,8,1,-1,0,0,1,12,9,8,-12,-1,None
0,2,0,1,8,1,-1,0,0,1,12,9,8,-12,-1,None
0,2,0,1,8,1,-1,0,0,1,12,9,8,-12,-1,None
0,1,7,-4,8,1,-1,-1,-2,1,12,9,8,-12,-1,None
0,-1,2,-2,-1,-1,-2,-1,-1,1,12,9,8,-12,-1,None
0,-2,-6,-9,-13,-2,0,-1,-2,1,12,9,8,-12,-1,None
0,3,16,-3,12,-6,-3,-2,-3,1,12,9,8,-12,-1,None
0,3,16,-3,12,-6,-3,-2,-3,1,12,9,8,-12,-1,None
0,3,16,-3,12,-6,-3,-2,-3,1,12,9,8,-12,-1,None
0,1,-10,-28,-21,-2,0,-1,-2,1,12,9,8,-12,-1,None
0,-3,-1,2,-12,3,-3,-2,-2,1,12,9,8,-12,-1,None
0,-4,-3,-1,-17,-6,-3,-4,-3,1,12,9,8,-12,-1,None
0,-3,1,-4,5,7,0,-2,-3,1,12,9,8,-12,-1,None
0,-3,1,-4,5,7,0,-2,-3,1,12,9,8,-12,-1,None
0,-3,1,-4,5,7,0,-2,-3,1,12,9,8,-12,-1,None
0,-2,3,2,7,1,-1,-1,-2,1,12,9,8,-12,-1,None
0,0,1,-3,15,2,1,1,-1,1,12,9,8,-12,-1,None
0,0,7,-6,-7,-2,-1,-1,-1,1,12,9,8,-12,-1,None
0,1,4,1,-1,-4,-1,-2,-1,1,12,9,8,-12,-1,None
0,1,4,1,-1,-4,-1,-2,-1,1,12,9,8,-12,-1,None
0,1,4,1,-1,-4,-1,-2,-1,1,12,9,8,-12,-1,None
0,0,0,2,12,0,-2,-1,-1,1,12,9,8,-12,-1,None
0,-2,-2,-4,-8,-1,0,-1,-1,1,12,9,8,-12,-1,None
0,-3,4,1,-6,-1,-2,-4,-3,1,12,9,8,-12,-1,None
0,-4,1,-3,-4,-3,1,0,1,1,12,9,8,-12,-1,None
0,-4,1,-3,-4,-3,1,0,1,1,12,9,8,-12,-1,None
0,-4,1,-3,-4,-3,1,0,1,1,12,9,8,-12,-1,None
0,-4,-20,10,-5,1,-2,-3,-3,1,12,9,8,-12,-1,None
0,-1,14,20,-20,-9,-1,-1,1,1,12,9,8,-12,-1,None
0,-2,4,0,22,4,-1,-3,-2,1,12,9,8,-12,-1,None
0,-3,-9,-3,9,-2,-3,-1,-2,1,12,9,8,-12,-1,None
0,-3,-9,-3,9,-2,-3,-1,-2,1,12,9,8,-12,-1,None
0,-3,-9,-3,9,-2,-3,-1,-2,1,12,9,8,-12,-1,None
0,-2,3,-3,-7,-1,-2,-3,-2,1,12,9,8,-12,-1,None
0,0,1,-9,17,-2,1,-1,-1,1,12,9,8,-12,-1,None
0,1,0,-2,2,-1,0,-2,-2,1,12,9,8,-12,-1,None
0,3,2,4,-9,-3,0,0,1,1,12,9,8,-12,-1,None
0,3,2,4,-9,-3,0,0,1,1,12,9,8,-12,-1,None
0,3,2,4,-9,-3,0,0,1,1,12,9,8,-12,-1,None
0,-1,1,-5,5,-1,-2,-2,-3,1,12,9,8,-12,-1,None
0,-2,-3,-6,4,0,-1,-1,-2,1,12,9,8,-12,-1,None
0,-3,3,-3,-9,0,-1,-2,0,1,12,9,8,-12,-1,None
0,0,-4,-6,-1,1,1,-1,-2,1,12,9,8,-12,-1,None
0,0,-4,-6,-1,1,1,-1,-2,1,12,9,8,-12,-1,None
0,0,-4,-6,-1,1,1,-1,-2,1,12,9,8,-12,-1,None
0,9,23,-7,-26,-8,-1,-1,0,1,12,9,8,-12,-1,None
0,-14,-19,-1,9,26,-3,-3,-2,1,12,9,8,-12,-1,None
0,7,-3,1,6,-1,0,-2,-2,1,12,9,8,-12,-1,None
0,-2,-4,-6,-18,-6,-2,-3,-2,1,12,9,8,-12,-1,None
0,-2,-4,-6,-18,-6,-2,-3,-2,1,12,9,8,-12,-1,None
0,-2,-4,-6,-18,-6,-2,-3,-2,1,12,9,8,-12,-1,None
0,1,4,0,13,2,-1,-2,-1,1,12,9,8,-12,-1,None
0,1,5,-2,-2,-7,0,0,-1,1,12,9,8,-12,-1,None
0,-4,8,-3,-3,-1,-1,0,-2,1,12,9,8,-12,-1,None
0,1,-2,2,2,3,-2,-2,-1,1,12,9,8,-12,-1,None
0,1,-2,2,2,3,-2,-2,-1,1,12,9,8,-12,-1,None
0,1,-2,2,2,3,-2,-2,-1,1,12,9,8,-12,-1,None
0,-2,-7,-2,1,1,0,0,-1,1,12,9,8,-12,-1,None
0,1,5,-9,-4,-5,-2,-2,-1,1,12,9,8,-12,-1,None
0,-4,-2,-2,-6,1,-3,-1,-2,1,12,9,8,-12,-1,None
0,1,-5,-2,-1,0,1,-1,-2,1,12,9,8,-12,-1,None
0,1,-5,-2,-1,0,1,-1,-2,1,12,9,8,-12,-1,None
0,1,-5,-2,-1,0,1,-1,-2,1,12,9,8,-12,-1,None
0,-5,6,-1,3,0,-1,-1,-1,1,12,9,8,-12,-1,None
0,2,6,-2,15,9,2,-1,0,1,12,9,8,-12,-1,None
0,-3,-2,1,-50,-7,-1,-2,-1,1,12,9,8,-12,-1,None
0,-3,1,6,37,15,0,-1,-1,1,12,9,8,-12,-1,None
0,-3,1,6,37,15,0,-1,-1,1,12,9,8,-12,-1,None
0,-3,1,6,37,15,0,-1,-1,1,12,9,8,-12,-1,None
0,-8,7,-5,-5,-2,-1,-2,-3,1,12,9,8,-12,-1,None
0,9,24,2,9,0,-1,-2,0,1,12,9,8,-12,-1,None
0,-2,-12,-4,-10,-7,0,0,1,1,12,9,8,-12,-1,None
0,0,5,-3,-7,-1,0,-2,-2,1,12,9,8,-12,-1,None
0,0,5,-3,-7,-1,0,-2,-2,1,12,9,8,-12,-1,None
0,0,5,-3,-7,-1,0,-2,-2,1,12,9,8,-12,-1,None
0,-2,2,0,1,2,-1,-1,-1,1,12,9,8,-12,-1,None
0,2,-10,-7,1,12,-1,-1,-1,1,12,9,8,-12,-1,None
0,-3,17,3,0,-11,2,1,-1,1,12,9,8,-12,-1,None
0,-1,-11,-3,3,8,-5,-3,-2,1,12,9,8,-12,-1,None
0,-1,-11,-3,3,8,-5,-3,-2,1,12,9,8,-12,-1,None
0,-1,-11,-3,3,8,-5,-3,-2,1,12,9,8,-12,-1,None
0,5,6,-4,28,3,-4,-2,-2,1,12,9,8,-12,-1,None
0,-5,-8,-6,-8,-17,-2,-1,-2,1,12,9,8,-12,-1,None
0,0,1,-5,13,10,-2,-2,-2,1,12,9,8,-12,-1,None
0,-3,-3,2,7,3,2,0,-1,1,12,9,8,-12,-1,None
0,-3,-3,2,7,3,2,0,-1,1,12,9,8,-12,-1,None
0,-3,-3,2,7,3,2,0,-1,1,12,9,8,-12,-1,None
0,-4,-8,4,-21,-18,-2,-1,-1,1,12,9,8,-12,-1,None
0,-2,4,-9,8,8,0,-3,-2,1,12,9,8,-12,-1,None
0,5,15,-3,10,6,0,-1,-2,1,12,9,8,-12,-1,None
0,-4,-9,-6,-19,3,-1,-2,-2,1,12,9,8,-12,-1,None
0,-4,-9,-6,-19,3,-1,-2,-2,1,12,9,8,-12,-1,None
0,-4,-9,-6,-19,3,-1,-2,-2,1,12,9,8,-12,-1,None
0,-2,-9,1,-14,8,0,-2,-1,1,12,9,8,-12,-1,None
0,-4,-10,1,-5,-4,-1,0,-1,1,12,9,8,-12,-1,None
0,0,9,-4,0,-5,-2,-1,-2,1,12,9,8,-12,-1,None
0,-2,-3,-4,-1,10,0,-1,-3,1,12,9,8,-12,-1,None
0,-2,-3,-4,-1,10,0,-1,-3,1,12,9,8,-12,-1,None
0,-2,-3,-4,-1,10,0,-1,-3,1,12,9,8,-12,-1,None
0,2,-3,-1,6,4,0,0,-2,1,12,9,8,-12,-1,None
0,-4,-5,1,8,0,-1,-1,-2,1,12,9,8,-12,-1,None
0,0,-9,-11,-37,-16,-5,-2,-2,1,12,9,8,-12,-1,None
0,4,34,6,-7,12,3,1,0,1,12,9,8,-12,-1,None
0,4,34,6,-7,12,3,1,0,1,12,9,8,-12,-1,None
0,4,34,6,-7,12,3,1,0,1,12,9,8,-12,-1,None
0,-4,-18,-2,12,5,-4,-2,-2,1,12,9,8,-12,-1,None
0,-1,10,-2,-4,-1,-1,0,-2,1,12,9,8,-12,-1,None
0,-5,-10,0,-2,5,0,-1,-1,1,12,9,8,-12,-1,None
0,-1,2,-1,-1,-10,0,0,0,1,12,9,8,-12,-1,None
0,-1,2,-1,-1,-10,0,0,0,1,12,9,8,-12,-1,None
0,-1,2,-1,-1,-10,0,0,0,1,12,9,8,-12,-1,None
0,2,12,1,-1,4,-1,-2,-1,1,12,9,8,-12,-1,None
0,-4,-4,-20,-19,1,1,-1,-2,1,12,9,8,-12,-1,None
0,0,16,-1,-12,5,-3,-3,-4,1,12,9,8,-12,-1,None
0,-5,-48,-3,5,-9,-1,-3,-2,1,12,9,8,-12,-1,None
0,-5,-48,-3,5,-9,-1,-3,-2,1,12,9,8,-12,-1,None
0,-5,-48,-3,5,-9,-1,-3,-2,1,12,9,8,-12,-1,None
0,-3,-4,-1,9,7,0,-3,-1,1,12,9,8,-12,-1,None
0,0,0,0,3,-3,-5,-4,-1,1,12,9,8,-12,-1,None
0,-3,-10,-2,8,-2,0,-1,0,1,12,9,8,-12,-1,None
0,1,9,-5,-9,-14,-2,-2,1,1,12,9,8,-12,-1,None
0,1,9,-5,-9,-14,-2,-2,1,1,12,9,8,-12,-1,None
0,1,9,-5,-9,-14,-2,-2,1,1,12,9,8,-12,-1,None
0,-2,-4,-6,-5,-5,-1,0,-3,1,12,9,8,-12,-1,None
0,-3,1,5,3,1,0,0,0,1,12,9,8,-12,-1,None
0,8,31,1,-8,4,-1,-2,-1,1,12,9,8,-12,-1,None
0,-3,-7,-8,-24,3,-1,0,-1,1,12,9,8,-12,-1,None
0,-3,-7,-8,-24,3,-1,0,-1,1,12,9,8,-12,-1,None
0,-3,-7,-8,-24,3,-1,0,-1,1,12,9,8,-12,-1,None
0,-1,-21,3,4,9,-2,-2,-1,1,12,9,8,-12,-1,None
0,-2,3,0,0,-1,-1,-2,-3,1,12,9,8,-12,-1,None
0,-3,0,3,13,3,0,-2,-1,1,12,9,8,-12,-1,None
0,0,13,-7,3,-4,-1,-1,-2,1,12,9,8,-12,-1,None
0,0,13,-7,3,-4,-1,-1,-2,1,12,9,8,-12,-1,None
0,0,13,-7,3,-4,-1,-1,-2,1,12,9,8,-12,-1,None
0,0,3,-4,-14,-7,-1,-1,-2,1,12,9,8,-12,-1,None
0,1,0,1,-15,-5,-1,-1,-2,1,12,9,8,-12,-1,None
0,-4,-18,-4,13,7,-2,0,-1,1,12,9,8,-12,-1,None
0,2,10,0,-2,-1,0,0,0,1,12,9,8,-12,-1,None
0,2,10,0,-2,-1,0,0,0,1,12,9,8,-12,-1,None
0,2,10,0,-2,-1,0,0,0,1,12,9,8,-12,-1,None
0,-8,5,-3,55,25,0,-1,-1,1,12,9,8,-12,-1,None
0,4,-3,-2,-90,-13,-2,-3,-2,1,12,9,8,-12,-1,None
0,-5,-4,-3,23,10,-3,-3,-2,1,12,9,8,-12,-1,None
0,-2,3,1,14,3,0,-1,-2,1,12,9,8,-12,-1,None
0,-2,3,1,14,3,0,-1,-2,1,12,9,8,-12,-1,None
0,-2,3,1,14,3,0,-1,-2,1,12,9,8,-12,-1,None
0,1,7,1,-5,-7,-1,0,-1,1,12,9,8,-12,-1,None
0,-1,1,-3,13,-3,-1,-1,-1,1,12,9,8,-12,-1,None
0,-2,-6,-3,8,6,0,-1,0,1,12,9,8,-12,-1,None
0,0,4,0,-15,-8,-3,-2,-2,1,12,9,8,-12,-1,None
0,0,4,0,-15,-8,-3,-2,-2,1,12,9,8,-12,-1,None
0,0,4,0,-15,-8,-3,-2,-2,1,12,9,8,-12,-1,None
0,6,24,-8,-13,-5,2,-1,0,1,12,9,8,-12,-1,None
0,-8,-10,2,11,-7,-1,-1,-2,1,12,9,8,-12,-1,None
0,-4,7,0,21,23,-1,-1,1,1,12,9,8,-12,-1,None
0,-1,1,-2,4,1,-3,-4,-6,1,12,9,8,-12,-1,None
0,-1,1,-2,4,1,-3,-4,-6,1,12,9,8,-12,-1,None
0,-1,1,-2,4,1,-3,-4,-6,1,12,9,8,-12,-1,None
0,1,5,3,-25,-18,1,-2,-1,1,12,9,8,-12,-1,None
0,-2,12,-3,13,8,-1,-2,0,1,12,9,8,-12,-1,None
0,0,-1,-3,8,-6,0,-1,-2,1,12,9,8,-12,-1,None
0,-1,-3,-1,-4,-5,-2,-1,0,1,12,9,8,-12,-1,None
0,-1,-3,-1,-4,-5,-2,-1,0,1,12,9,8,-12,-1,None
0,-1,-3,-1,-4,-5,-2,-1,0,1,12,9,8,-12,-1,None
0,-6,-8,-5,-8,9,0,0,-1,1,12,9,8,-12,-1,None
0,-1,12,1,33,3,-2,-3,-6,1,12,9,8,-12,-1,None
0,1,4,-14,-34,-17,-2,-3,0,1,12,9,8,-12,-1,None
0,0,17,10,-1,-12,-4,2,7,1,12,9,8,-12,-1,None
0,0,17,10,-1,-12,-4,2,7,1,12,9,8,-12,-1,None
0,0,17,10,-1,-12,-4,2,7,1,12,9,8,-12,-1,None
0,-1,-15,-5,9,19,-2,-5,-3,1,12,9,8,-12,-1,None
0,0,-6,2,22,20,1,-2,0,1,12,9,8,-12,-1,None
0,3,3,1,-14,-22,-1,-1,-2,1,12,9,8,-12,-1,None
0,-1,11,-5,-3,-1,1,-2,-4,1,12,9,8,-12,-1,None
0,-1,11,-5,-3,-1,1,-2,-4,1,12,9,8,-12,-1,None
0,-1,11,-5,-3,-1,1,-2,-4,1,12,9,8,-12,-1,None
0,-4,1,1,-2,-9,-2,0,-1,1,12,9,8,-12,-1,None
0,-1,4,-4,-5,-2,-1,-1,-1,1,12,9,8,-12,-1,None
0,-2,-6,11,16,11,1,-1,-4,1,12,9,8,-12,-1,None
0,-2,-1,-4,-13,-5,-2,-3,-1,1,12,9,8,-12,-1,None
0,-2,-1,-4,-13,-5,-2,-3,-1,1,12,9,8,-12,-1,None
0,-2,-1,-4,-13,-5,-2,-3,-1,1,12,9,8,-12,-1,None
0,-5,-30,0,40,16,0,1,-1,1,12,9,8,-12,-1,None
0,1,-3,-8,-32,-18,-2,-3,-2,1,12,9,8,-12,-1,None
0,-2,-8,-5,-16,3,-4,-4,-2,1,12,9,8,-12,-1,None
0,-4,-3,-1,15,4,-1,-2,-2,1,12,9,8,-12,-1,None
0,-4,-3,-1,15,4,-1,-2,-2,1,12,9,8,-12,-1,None
0,-4,-3,-1,15,4,-1,-2,-2,1,12,9,8,-12,-1,None
0,1,9,-2,-6,0,-1,-1,-1,1,12,9,8,-12,-1,None
0,1,4,2,8,5,-1,0,0,1,12,9,8,-12,-1,None
0,-3,-4,0,6,0,0,0,0,1,12,9,8,-12,-1,None
0,2,-1,-2,0,2,-2,-2,-1,1,12,9,8,-12,-1,None
0,2,-1,-2,0,2,-2,-2,-1,1,12,9,8,-12,-1,None
0,2,-1,-2,0,2,-2,-2,-1,1,12,9,8,-12,-1,None
0,2,-2,-4,-13,-3,-3,-2,-1,1,12,9,8,-12,-1,None
0,-4,21,-5,-3,-3,-2,-2,0,1,12,9,8,-12,-1,None
0,3,1,1,0,-8,-1,-2,-1,1,12,9,8,-12,-1,None
0,-2,-3,2,-7,2,3,0,-2,1,12,9,8,-12,-1,None
0,-2,-3,2,-7,2,3,0,-2,1,12,9,8,-12,-1,None
0,-2,-3,2,-7,2,3,0,-2,1,12,9,8,-12,-1,None
0,0,-7,-1,-13,-23,-2,-1,3,1,12,9,8,-12,-1,None
0,-3,0,-4,-1,8,-4,-4,-7,1,12,9,8,-12,-1,None
0,-3,-2,-8,-8,7,0,-1,-2,1,12,9,8,-12,-1,None
0,-3,-2,2,21,4,-1,-2,-2,1,12,9,8,-12,-1,None
0,-3,-2,2,21,4,-1,-2,-2,1,12,9,8,-12,-1,None
0,-3,-2,2,21,4,-1,-2,-2,1,12,9,8,-12,-1,None
0,0,-5,-8,-19,-7,0,1,-2,1,12,9,8,-12,-1,None
0,0,-6,9,12,4,2,0,0,1,12,9,8,-12,-1,None
0,-3,3,-2,6,3,-1,0,-1,1,12,9,8,-12,-1,None
0,1,-10,-6,0,3,-1,0,-3,1,12,9,8,-12,-1,None
0,1,-10,-6,0,3,-1,0,-3,1,12,9,8,-12,-1,None
0,1,-10,-6,0,3,-1,0,-3,1,12,9,8,-12,-1,None
0,-3,7,-2,-17,-4,-2,-2,-3,1,12,9,8,-12,-1,None
0,-1,-4,-4,2,1,-1,-2,1,1,12,9,8,-12,-1,None
0,-2,-11,3,4,1,-1,0,-2,1,12,9,8,-12,-1,None
0,2,-1,-4,-5,1,-1,-2,0,1,12,9,8,-12,-1,None
0,2,-1,-4,-5,1,-1,-2,0,1,12,9,8,-12,-1,None
0,2,-1,-4,-5,1,-1,-2,0,1,12,9,8,-12,-1,None
0,0,29,1,8,-8,-3,-3,-4,1,12,9,8,-12,-1,None
0,0,-3,-6,-2,2,-3,0,0,1,12,9,8,-12,-1,None
0,-3,7,-2,-8,-4,-1,-2,-1,1,12,9,8,-12,-1,None
0,-1,-9,-4,3,4,-1,-2,-2,1,12,9,8,-12,-1,None
0,-1,-9,-4,3,4,-1,-2,-2,1,12,9,8,-12,-1,None
0,-1,-9,-4,3,4,-1,-2,-2,1,12,9,8,-12,-1,None
0,-3,11,-2,-1,-4,-2,-2,-2,1,12,9,8,-12,-1,None
0,1,-8,-2,-2,5,1,0,0,1,12,9,8,-12,-1,None
0,0,-4,-3,3,-6,-2,-3,-1,1,12,9,8,-12,-1,None
0,-3,15,-10,2,8,0,1,0,1,12,9,8,-12,-1,None
0,-3,15,-10,2,8,0,1,0,1,12,9,8,-12,-1,None
0,-3,15,-10,2,8,0,1,0,1,12,9,8,-12,-1,None
0,2,-11,23,10,-2,0,-2,-3,1,12,9,8,-12,-1,None
0,-4,8,-21,-83,1,1,-2,-3,1,12,9,8,-12,-1,None
0,-4,1,-3,4,-5,-4,-3,0,1,12,9,8,-12,-1,None
0,-2,-3,0,6,6,-2,-3,-7,1,12,9,8,-12,-1,None
0,-2,-3,0,6,6,-2,-3,-7,1,12,9,8,-12,-1,None
0,-2,-3,0,6,6,-2,-3,-7,1,12,9,8,-12,-1,None
0,-3,-1,-7,-10,2,-1,0,0,1,12,9,8,-12,-1,None
0,0,-4,5,22,-2,2,-1,0,1,12,9,8,-12,-1,None
0,1,6,1,2,0,0,1,-1,1,12,9,8,-12,-1,None
0,-4,-6,-6,-21,-10,-1,-2,0,1,12,9,8,-12,-1,None
0,-4,-6,-6,-21,-10,-1,-2,0,1,12,9,8,-12,-1,None
0,-4,-6,-6,-21,-10,-1,-2,0,1,12,9,8,-12,-1,None
0,-1,4,-4,11,8,-1,-2,-1,1,12,9,8,-12,-1,None
0,3,3,1,10,-3,-1,-1,0,1,12,9,8,-12,-1,None
0,17,1,-25,2,7,-1,-1,-1,1,12,9,8,-12,-1,None
0,-47,12,14,18,-6,-2,0,0,1,12,9,8,-12,-1,None
0,-47,12,14,18,-6,-2,0,0,1,12,9,8,-12,-1,None
0,-47,12,14,18,-6,-2,0,0,1,12,9,8,-12,-1,None
0,0,3,-5,8,18,-3,-2,-6,1,12,9,8,-12,-1,None
0,-4,-11,3,29,-1,1,-1,3,1,12,9,8,-12,-1,None
0,2,7,1,-7,10,2,-1,1,1,12,9,8,-12,-1,None
0,6,-3,-6,-5,-12,-3,-2,0,1,12,9,8,-12,-1,None
0,6,-3,-6,-5,-12,-3,-2,0,1,12,9,8,-12,-1,None
0,6,-3,-6,-5,-12,-3,-2,0,1,12,9,8,-12,-1,None
0,-2,-4,-5,-15,-6,-1,0,0,1,12,9,8,-12,-1,None
0,-5,18,-1,2,-3,-3,-1,-4,1,12,9,8,-12,-1,None
0,-6,-10,3,24,9,-2,-3,-6,1,12,9,8,-12,-1,None
0,13,1,-1,5,16,0,-1,12,1,12,9,8,-12,-1,None
0,13,1,-1,5,16,0,-1,12,1,12,9,8,-12,-1,None
0,13,1,-1,5,16,0,-1,12,1,12,9,8,-12,-1,None
0,-5,-2,-2,-7,-4,-1,1,4,1,12,9,8,-12,-1,None
0,4,-5,-1,5,-9,-4,-5,-16,1,12,9,8,-12,-1,None
0,-7,-6,1,-16,-21,2,0,-1,1,12,9,8,-12,-1,None
0,7,-2,-3,17,13,-2,-3,-7,1,12,9,8,-12,-1,None
0,7,-2,-3,17,13,-2,-3,-7,1,12,9,8,-12,-1,None
0,7,-2,-3,17,13,-2,-3,-7,1,12,9,8,-12,-1,None
0,2,9,-4,-42,-6,1,-1,0,1,12,9,8,-12,-1,None
0,-7,-21,-13,-7,-1,-2,-2,2,1,12,9,8,-12,-1,None
0,-4,3,4,18,5,-3,-3,-6,1,12,9,8,-12,-1,None
0,2,5,-4,-16,-7,0,-2,-4,1,12,9,8,-12,-1,None
0,2,5,-4,-16,-7,0,-2,-4,1,12,9,8,-12,-1,None
0,2,5,-4,-16,-7,0,-2,-4,1,12,9,8,-12,-1,None
0,-3,-11,-2,12,5,1,-1,-1,1,12,9,8,-12,-1,None
0,2,11,3,-3,-4,-1,0,1,1,12,9,8,-12,-1,None
0,-3,7,0,-6,0,-1,-1,-1,1,12,9,8,-12,-1,None
0,5,-10,-1,6,-8,0,-1,0,1,12,9,8,-12,-1,None
0,5,-10,-1,6,-8,0,-1,0,1,12,9,8,-12,-1,None
0,5,-10,-1,6,-8,0,-1,0,1,12,9,8,-12,-1,None
0,0,12,-1,11,9,-1,-2,-1,1,12,9,8,-12,-1,None
0,-2,-12,-1,-1,7,1,-2,-1,1,12,9,8,-12,-1,None
0,0,-1,-2,-3,4,0,-1,1,1,12,9,8,-12,-1,None
0,-2,2,0,-7,0,0,0,-3,1,12,9,8,-12,-1,None
0,-2,2,0,-7,0,0,0,-3,1,12,9,8,-12,-1,None
0,-2,2,0,-7,0,0,0,-3,1,12,9,8,-12,-1,None
0,-1,-2,-4,3,-6,-1,-2,-3,1,12,9,8,-12,-1,None
0,-1,1,0,6,-5,-1,0,0,1,12,9,8,-12,-1,None
0,-7,-3,6,2,3,0,-1,0,1,12,9,8,-12,-1,None
0,11,21,-3,-26,-6,-2,-3,-4,1,12,9,8,-12,-1,None
0,11,21,-3,-26,-6,-2,-3,-4,1,12,9,8,-12,-1,None
0,11,21,-3,-26,-6,-2,-3,-4,1,12,9,8,-12,-1,None
0,-7,-23,0,22,1,-2,-2,-3,1,12,9,8,-12,-1,None
0,1,2,-1,-4,6,-1,0,2,1,12,9,8,-12,-1,None
0,-3,3,-1,-12,-4,-4,-3,-5,1,12,9,8,-12,-1,None
0,-1,4,0,7,1,-1,-2,-2,1,12,9,8,-12,-1,None
0,-1,4,0,7,1,-1,-2,-2,1,12,9,8,-12,-1,None
0,-1,4,0,7,1,-1,-2,-2,1,12,9,8,-12,-1,None
0,3,5,-4,4,-3,-1,-1,-6,1,12,9,8,-12,-1,None
0,0,1,6,18,5,-2,0,6,1,12,9,8,-12,-1,None
0,-2,6,-4,-15,-11,0,0,-2,1,12,9,8,-12,-1,None
0,1,-15,1,22,9,-1,0,-2,1,12,9,8,-12,-1,None
0,1,-15,1,22,9,-1,0,-2,1,12,9,8,-12,-1,None
0,1,-15,1,22,9,-1,0,-2,1,12,9,8,-12,-1,None
0,1,-2,-4,-18,1,-5,-3,-1,1,12,9,8,-12,-1,None
0,-4,3,-1,-6,1,-1,-1,-4,1,12,9,8,-12,-1,None
0,-1,0,-5,-6,-1,-1,-1,0,1,12,9,8,-12,-1,None
0,-1,-6,-5,-9,-1,-1,-2,-2,1,12,9,8,-12,-1,None
0,-1,-6,-5,-9,-1,-1,-2,-2,1,12,9,8,-12,-1,None
0,-1,-6,-5,-9,-1,-1,-2,-2,1,12,9,8,-12,-1,None
0,-2,3,-1,12,4,0,-2,1,1,12,9,8,-12,-1,None
0,0,6,2,-6,-5,0,-1,-2,1,12,9,8,-12,-1,None
0,0,-2,-4,-21,0,-3,-2,-1,1,12,9,8,-12,-1,None
0,-3,-4,-2,2,1,-1,0,-2,1,12,9,8,-12,-1,None
0,-3,-4,-2,2,1,-1,0,-2,1,12,9,8,-12,-1,None
0,-3,-4,-2,2,1,-1,0,-2,1,12,9,8,-12,-1,None
0,0,7,-1,-7,-6,0,-2,-1,1,12,9,8,-12,-1,None
0,-3,0,-2,-7,0,0,-1,-2,1,12,9,8,-12,-1,None
0,-2,-5,-1,10,6,0,-2,-1,1,12,9,8,-12,-1,None
0,4,27,-4,0,-7,-1,-1,1,1,12,9,8,-12,-1,None
0,4,27,-4,0,-7,-1,-1,1,1,12,9,8,-12,-1,None
0,4,27,-4,0,-7,-1,-1,1,1,12,9,8,-12,-1,None
0,-7,-36,-7,-19,4,-2,-2,-3,1,12,9,8,-12,-1,None
0,-2,-10,-1,18,2,0,-3,-3,1,12,9,8,-12,-1,None
0,-2,-1,0,-3,2,0,-1,0,1,12,9,8,-12,-1,None
0,-1,9,-6,11,6,-2,-1,-2,1,12,9,8,-12,-1,None
0,-1,9,-6,11,6,-2,-1,-2,1,12,9,8,-12,-1,None
0,-1,9,-6,11,6,-2,-1,-2,1,12,9,8,-12,-1,None
0,-1,12,1,-19,-29,-1,-1,1,1,12,9,8,-12,-1,None
0,2,12,-6,22,11,-2,-2,-2,1,12,9,8,-12,-1,None
0,-2,-5,-4,5,-4,1,0,-2,1,12,9,8,-12,-1,None
0,-3,-3,-2,-29,-3,-1,-1,-1,1,12,9,8,-12,-1,None
0,-3,-3,-2,-29,-3,-1,-1,-1,1,12,9,8,-12,-1,None
0,-3,-3,-2,-29,-3,-1,-1,-1,1,12,9,8,-12,-1,None
0,-5,3,-2,16,12,-2,0,-1,1,12,9,8,-12,-1,None
