0,4,4,0,-4,10,72,63,-16,1,12,9,8,-16,-4,None
0,0,-4,-5,1,-3,-12,-9,52,1,12,9,8,-16,-4,None
0,-3,4,2,-20,-13,-4,-40,-51,1,12,9,8,-16,-4,None
0,-3,4,2,-20,-13,-4,-40,-51,1,12,9,8,-16,-4,None
0,-3,4,2,-20,-13,-4,-40,-51,1,12,9,6,-16,-4,None
0,-6,-3,-3,-13,3,-8,-31,-1,1,12,9,6,-16,-4,None
0,-2,-1,-6,-19,-5,-6,50,-5,1,12,9,6,-16,-4,None
0,1,3,11,4,9,-41,-69,17,1,12,9,6,-16,-4,None
0,-3,2,-9,-3,2,37,92,-15,1,12,9,6,-16,-4,None
0,-3,2,-9,-3,2,37,92,-15,1,12,9,6,-16,-4,None
0,-3,2,-9,-3,2,37,92,-15,1,12,9,4,-15,-4,None
0,0,0,-8,-10,-12,6,-37,2,1,12,9,4,-15,-4,None
0,0,2,8,-10,4,-23,9,-7,1,12,9,4,-15,-4,None
0,0,-3,-22,20,7,-8,-19,7,1,12,9,4,-15,-4,None
0,-6,3,7,6,-1,18,7,-11,1,12,9,4,-15,-4,None
0,-6,3,7,6,-1,18,7,-11,0,12,9,4,-15,-4,None
0,-6,3,7,6,-1,18,7,-11,0,12,9,2,-16,-4,None
0,2,-4,-27,-2,0,19,1,-4,0,12,9,2,-16,-4,None
0,0,1,-2,-7,2,-19,10,4,0,12,9,2,-16,-4,None
0,-1,1,1,-54,-12,11,-11,10,0,12,9,2,-16,-4,None
0,-1,2,4,-4,6,-10,-7,8,0,12,9,2,-16,-4,None
0,-1,2,4,-4,6,-10,-7,8,0,12,9,2,-16,-4,None
0,-1,2,4,-4,6,-10,-7,8,0,12,9,1,-15,-4,None
0,-4,0,-2,22,-5,21,17,-47,0,12,9,1,-15,-4,None
0,-1,2,1,-16,-12,-4,-28,38,0,12,9,1,-15,-4,None
0,-1,-4,-6,21,16,-12,-14,-5,0,12,9,1,-15,-4,None
0,-2,-1,-9,3,0,-19,-6,-29,0,12,9,1,-15,-4,None
0,-2,-1,-9,3,0,-19,-6,-29,0,12,9,1,-15,-4,None
0,-2,-1,-9,3,0,-19,-6,-29,0,12,9,0,-15,-4,None
0,3,2,6,-51,-5,34,14,43,0,12,9,0,-15,-4,None
0,-2,-4,-14,5,-1,-9,26,-9,0,12,9,0,-15,-4,None
0,0,3,10,-8,-13,-24,-29,-15,0,12,9,0,-15,-4,None
0,-4,0,2,-21,2,-5,-6,-12,0,12,9,0,-15,-4,None
0,-4,0,2,-21,2,-5,-6,-12,0,12,9,0,-15,-4,None
0,-4,0,2,-21,2,-5,-6,-12,0,12,9,-1,-15,-5,None
0,3,3,5,30,12,3,12,12,0,12,9,-1,-15,-5,None
0,-6,3,20,3,10,0,-24,-27,0,12,9,-1,-15,-5,None
0,2,-4,-20,6,-8,-4,44,35,0,12,9,-1,-15,-5,None
0,-4,-1,-2,15,-2,5,-32,-38,0,12,9,-1,-15,-5,None
0,-4,-1,-2,15,-2,5,-32,-38,0,12,9,-1,-15,-5,None
0,-4,-1,-2,15,-2,5,-32,-38,0,12,9,-1,-15,-4,None
0,2,2,7,-3,17,4,22,35,0,12,9,-1,-15,-4,None
0,1,4,7,-11,-12,13,1,-6,0,12,9,-1,-15,-4,None
0,-3,-3,-6,17,-18,-28,-22,-30,0,12,9,-1,-15,-4,None
0,2,3,3,2,-38,8,2,13,0,12,9,-1,-15,-4,None
0,2,3,3,2,-38,8,2,13,17,12,8,-1,-15,-4,None
0,2,3,3,2,-38,8,2,13,17,12,8,-2,-14,-4,None
0,-3,2,13,1,44,-5,4,-2,17,12,8,-2,-14,-4,None
0,1,-4,-19,11,-1,2,-11,21,17,12,8,-2,-14,-4,None
0,5,5,5,-37,33,12,16,0,17,12,8,-2,-14,-4,None
0,0,0,0,60,-22,-18,-15,0,17,12,8,-2,-14,-4,None
0,0,0,0,60,-22,-18,-15,0,17,12,8,-2,-14,-4,None
0,0,0,0,60,-22,-18,-15,0,17,12,8,-2,-13,-3,None
0,-5,-2,-1,-14,-5,14,13,-38,17,12,8,-2,-13,-3,None
0,-1,-1,-6,17,-3,-10,-16,23,17,12,8,-2,-13,-3,None
0,0,6,5,-1,0,7,14,-5,17,12,8,-2,-13,-3,None
0,-5,-3,-9,2,-8,-7,-12,49,17,12,8,-2,-13,-3,None
0,-5,-3,-9,2,-8,-7,-12,49,17,12,8,-2,-13,-3,None
0,-5,-3,-9,2,-8,-7,-12,49,17,12,8,-3,-12,-3,None
0,-4,-1,1,-14,0,-14,-19,-27,17,12,8,-3,-12,-3,None
0,1,1,6,-7,-45,2,8,13,17,12,8,-3,-12,-3,None
0,1,-2,-5,0,17,0,7,30,17,12,8,-3,-12,-3,None
0,-5,8,-1,1,8,5,-29,-50,17,12,8,-3,-12,-3,None
0,-5,8,-1,1,8,5,-29,-50,17,12,8,-3,-12,-3,None
0,-5,8,-1,1,8,5,-29,-50,17,12,8,-3,-12,-3,None
0,5,4,-1,45,-16,-4,58,33,17,12,8,-3,-12,-3,None
0,-6,-5,-18,-15,26,2,-5,-26,17,12,8,-3,-12,-3,None
0,-5,0,13,28,-9,-2,-17,52,17,12,8,-3,-12,-3,None
0,-2,4,2,-21,14,-12,-37,-51,17,12,8,-3,-12,-3,None
0,-2,4,2,-21,14,-12,-37,-51,17,12,8,-3,-12,-3,None
0,-2,4,2,-21,14,-12,-37,-51,17,12,8,-3,-11,-3,None
0,3,5,-7,-1,18,3,48,-34,17,12,8,-3,-11,-3,None
0,-3,-10,2,36,13,13,0,48,17,12,8,-3,-11,-3,None
0,-17,-10,6,34,3,-2,-26,-75,17,12,8,-3,-11,-3,None
0,-11,2,-13,-57,1,0,15,59,17,12,8,-3,-11,-3,None
0,-11,2,-13,-57,1,0,15,59,16,12,8,-3,-11,-3,None
0,-11,2,-13,-57,1,0,15,59,16,12,8,-3,-11,-3,None
0,-5,6,-23,-4,-28,-16,-81,-30,16,12,8,-3,-11,-3,None
0,-3,11,17,7,0,1,21,18,16,12,8,-3,-11,-3,None
0,19,7,7,-24,-25,-12,3,-28,16,12,8,-3,-11,-3,None
0,21,-20,-15,19,28,22,72,30,16,12,8,-3,-11,-3,None
0,21,-20,-15,19,28,22,72,30,16,12,8,-3,-11,-3,None
0,21,-20,-15,19,28,22,72,30,16,12,8,-3,-11,-3,None
0,-24,-82,-9,-19,-8,-3,39,107,16,12,8,-3,-11,-3,None
0,5,28,-4,-3,-1,-11,-61,-90,16,12,8,-3,-11,-3,None
0,-25,9,-5,8,6,-6,-52,18,16,12,8,-3,-11,-3,None
0,28,26,-3,-20,10,8,50,41,16,12,8,-3,-11,-3,None
0,28,26,-3,-20,10,8,50,41,16,12,7,-3,-11,-3,None
0,28,26,-3,-20,10,8,50,41,16,12,7,-3,-10,-3,None
0,-30,-1,-12,-9,-11,-10,-16,-57,16,12,7,-3,-10,-3,None
0,35,-8,-12,-4,-2,-9,23,59,16,12,7,-3,-10,-3,None
0,-26,-8,-10,-6,8,13,5,-75,16,12,7,-3,-10,-3,None
0,12,7,-1,-4,-8,-21,-74,44,16,12,7,-3,-10,-3,None
0,12,7,-1,-4,-8,-21,-74,44,16,12,7,-3,-10,-3,None
0,12,7,-1,-4,-8,-21,-74,44,16,12,7,-2,-10,-2,None
0,-7,17,0,6,8,11,-79,-96,16,12,7,-2,-10,-2,None
0,-3,1,3,-14,1,3,72,67,16,12,7,-2,-10,-2,None
0,10,10,-5,-5,-1,6,62,49,16,12,7,-2,-10,-2,None
0,-19,-4,0,-19,-6,-8,-34,-70,16,12,7,-2,-10,-2,None
0,-19,-4,0,-19,-6,-8,-34,-70,16,12,7,-2,-10,-2,None
0,-19,-4,0,-19,-6,-8,-34,-70,16,12,7,1,-13,3,None
0,-2,9,-2,-5,2,9,11,79,16,12,7,1,-13,3,None
0,6,-9,-11,-1,1,-4,-57,-128,16,12,7,1,-13,3,None
0,19,16,-7,20,13,12,70,122,16,12,7,1,-13,3,None
0,-34,-4,-3,20,7,-4,-14,-10,16,12,7,1,-13,3,None
0,-34,-4,-3,20,7,-4,-14,-10,16,12,7,1,-13,3,None
0,-34,-4,-3,20,7,-4,-14,-10,16,12,7,0,-17,-1,None
0,-10,-19,13,4,-1,-1,-40,7,16,12,7,0,-17,-1,None
0,-35,15,12,0,2,0,-19,-26,16,12,7,0,-17,-1,None
0,33,-6,-7,-1,-2,2,18,44,16,12,7,0,-17,-1,None
0,-6,-9,-5,-7,-2,-4,37,-27,16,12,7,0,-17,-1,None
0,-6,-9,-5,-7,-2,-4,37,-27,16,12,7,0,-17,-1,None
0,-6,-9,-5,-7,-2,-4,37,-27,16,12,7,-7,-14,-5,None
0,17,24,-10,-16,-19,-22,-51,-61,16,12,7,-7,-14,-5,None
0,-7,-5,-11,-3,8,3,6,49,16,12,7,-7,-14,-5,None
0,-18,-10,-4,-7,10,12,-40,-77,16,12,7,-7,-14,-5,None
0,8,10,-2,1,7,6,48,0,16,12,7,-7,-14,-5,None
0,8,10,-2,1,7,6,48,0,16,12,7,-7,-14,-5,None
0,8,10,-2,1,7,6,48,0,16,12,7,-6,-11,-5,None
0,17,6,7,0,-8,-6,-20,-31,16,12,7,-6,-11,-5,None
0,-11,-9,3,3,-6,-5,14,-2,16,12,7,-6,-11,-5,None
0,8,-2,11,0,-3,-4,-14,-22,16,12,7,-6,-11,-5,None
0,-2,-4,4,1,1,-2,-58,-82,16,12,7,-6,-11,-5,None
0,-2,-4,4,1,1,-2,-58,-82,16,12,7,-6,-11,-5,None
0,-2,-4,4,1,1,-2,-58,-82,16,12,7,-6,-11,-5,None
0,7,11,4,5,1,-3,44,64,16,12,7,-6,-11,-5,None
0,-5,-6,-7,3,-1,-2,-5,-19,16,12,7,-6,-11,-5,None
0,-2,-10,-8,-3,-5,-5,-16,1,16,12,7,-6,-11,-5,None
0,-15,-7,-2,-6,0,-3,-60,-57,16,12,7,-6,-11,-5,None
0,-15,-7,-2,-6,0,-3,-60,-57,16,12,7,-6,-11,-5,None
0,-15,-7,-2,-6,0,-3,-60,-57,16,12,7,-5,-15,-4,None
0,6,7,-1,7,0,-8,30,11,16,12,7,-5,-15,-4,None
0,13,2,15,-4,20,30,26,10,16,12,7,-5,-15,-4,None
0,-2,1,-9,-1,-4,-3,27,12,16,12,7,-5,-15,-4,None
0,-7,-8,-4,-2,-4,-8,0,28,16,12,7,-5,-15,-4,None
0,-7,-8,-4,-2,-4,-8,0,28,16,12,7,-5,-15,-4,None
0,-7,-8,-4,-2,-4,-8,0,28,16,12,7,-6,-13,-4,None
0,5,4,7,-2,2,2,-18,19,16,12,7,-6,-13,-4,None
0,3,3,4,1,-2,-3,8,-29,16,12,7,-6,-13,-4,None
0,-6,1,2,3,2,-4,-14,23,16,12,7,-6,-13,-4,None
0,2,-1,3,-8,-9,-8,22,-10,16,12,7,-6,-13,-4,None
0,2,-1,3,-8,-9,-8,22,-10,16,12,7,-6,-13,-4,None
0,2,-1,3,-8,-9,-8,22,-10,16,12,7,-5,-11,-3,None
0,-3,4,-6,-4,2,5,-8,46,16,12,7,-5,-11,-3,None
0,-2,0,1,-6,-4,-7,-9,12,16,12,7,-5,-11,-3,None
0,-6,-2,0,6,6,5,-3,25,16,12,7,-5,-11,-3,None
0,4,5,-5,-6,1,-2,-25,15,16,12,7,-5,-11,-3,None
0,4,5,-5,-6,1,-2,-25,15,16,12,7,-5,-11,-3,None
0,4,5,-5,-6,1,-2,-25,15,16,12,7,-5,-12,-3,None
0,4,3,-5,0,2,2,45,-29,16,12,7,-5,-12,-3,None
0,-4,-7,-13,13,11,7,-11,-21,16,12,7,-5,-12,-3,None
0,-3,1,-2,-2,-1,-12,-7,-27,16,12,7,-5,-12,-3,None
0,0,1,-1,-6,-3,-1,-13,-1,16,12,7,-5,-12,-3,None
0,0,1,-1,-6,-3,-1,-13,-1,16,12,7,-5,-12,-3,None
0,0,1,-1,-6,-3,-1,-13,-1,16,12,7,-5,-12,-3,None
0,-3,-2,-3,24,-1,-6,-9,-11,16,12,7,-5,-12,-3,None
0,0,1,-4,-23,9,14,1,6,16,12,7,-5,-12,-3,None
0,0,5,6,35,-10,-18,-6,-36,16,12,7,-5,-12,-3,None
0,-1,-4,-10,-54,3,-7,8,17,16,12,7,-5,-12,-3,None
0,-1,-4,-10,-54,3,-7,8,17,16,12,7,-5,-12,-3,None
0,-1,-4,-10,-54,3,-7,8,17,16,12,7,-5,-12,-3,None
0,5,4,-2,-3,-7,24,8,-14,16,12,7,-5,-12,-3,None
0,-2,2,10,75,0,-7,3,6,16,12,7,-5,-12,-3,None
0,-4,-1,1,-51,-1,5,-3,-9,16,12,7,-5,-12,-3,None
0,1,-2,-8,-15,-4,3,10,0,16,12,7,-5,-12,-3,None
0,1,-2,-8,-15,-4,3,10,0,16,12,7,-5,-12,-3,None
0,1,-2,-8,-15,-4,3,10,0,16,12,7,-5,-12,-3,None
0,0,3,5,6,-2,1,-1,0,16,12,7,-5,-12,-3,None
0,-6,-2,-9,-32,-10,-24,-14,-5,16,12,7,-5,-12,-3,None
0,-1,3,6,13,-1,18,1,-1,16,12,7,-5,-12,-3,None
0,-1,0,-1,25,-8,-12,2,-2,16,12,7,-5,-12,-3,None
0,-1,0,-1,25,-8,-12,2,-2,16,12,7,-5,-12,-3,None
0,-1,0,-1,25,-8,-12,2,-2,16,12,7,-4,-13,-3,None
0,1,4,0,-3,14,3,-1,-11,16,12,7,-4,-13,-3,None
0,0,1,-8,-4,0,-3,-2,8,16,12,7,-4,-13,-3,None
0,-1,0,-4,1,-7,-12,4,-17,16,12,7,-4,-13,-3,None
0,0,0,-1,-12,2,6,8,5,16,12,7,-4,-13,-3,None
0,0,0,-1,-12,2,6,8,5,16,12,7,-4,-13,-3,None
0,0,0,-1,-12,2,6,8,5,16,12,7,-4,-12,-3,None
0,-2,0,-2,-4,-2,-7,-3,2,16,12,7,-4,-12,-3,None
0,-3,-2,-2,-12,-5,-6,-4,-5,16,12,7,-4,-12,-3,None
0,-2,-1,-1,-6,6,-3,-5,-7,16,12,7,-4,-12,-3,None
0,-1,3,3,16,2,5,-10,-4,16,12,7,-4,-12,-3,None
0,-1,3,3,16,2,5,-10,-4,16,12,7,-4,-12,-3,None
0,-1,3,3,16,2,5,-10,-4,16,12,7,-4,-12,-3,None
0,-1,-3,-11,-17,3,-1,-4,3,16,12,7,-4,-12,-3,None
0,0,-1,-3,6,-1,0,-10,-4,16,12,7,-4,-12,-3,None
0,0,1,-3,-1,2,1,-4,-10,16,12,7,-4,-12,-3,None
0,0,1,5,12,3,5,1,2,16,12,7,-4,-12,-3,None
0,0,1,5,12,3,5,1,2,16,12,7,-4,-12,-3,None
0,0,1,5,12,3,5,1,2,16,12,7,-3,-11,-3,None
0,-3,1,2,-8,-1,-8,-3,6,16,12,7,-3,-11,-3,None
0,-2,1,-5,-22,-5,1,-1,-14,16,12,7,-3,-11,-3,None
0,0,1,-3,-3,0,-1,1,-1,16,12,7,-3,-11,-3,None
0,1,0,-4,13,5,2,11,1,16,12,7,-3,-11,-3,None
0,1,0,-4,13,5,2,11,1,16,12,7,-3,-11,-3,None
0,1,0,-4,13,5,2,11,1,16,12,7,-3,-11,-2,None
0,-1,0,-1,-6,-4,-8,3,12,16,12,7,-3,-11,-2,None
0,-1,2,0,0,0,4,1,7,16,12,7,-3,-11,-2,None
0,-3,0,-6,5,-2,-7,-4,-4,16,12,7,-3,-11,-2,None
0,0,2,2,11,8,1,6,3,16,12,7,-3,-11,-2,None
0,0,2,2,11,8,1,6,3,16,12,8,-3,-11,-2,None
0,0,2,2,11,8,1,6,3,16,12,8,-3,-12,-3,None
0,-1,0,6,1,-4,-5,-9,-14,16,12,8,-3,-12,-3,None
0,-1,-1,-11,5,0,-2,2,-8,16,12,8,-3,-12,-3,None
0,-1,1,-5,1,1,2,3,-5,16,12,8,-3,-12,-3,None
0,-1,1,2,3,1,0,3,4,16,12,8,-3,-12,-3,None
0,-1,1,2,3,1,0,3,4,16,12,8,-3,-12,-3,None
0,-1,1,2,3,1,0,3,4,16,12,8,-3,-13,-3,None
0,-3,-1,-1,1,0,-3,0,-12,16,12,8,-3,-13,-3,None
0,-3,-1,1,-1,1,-2,-7,-14,16,12,8,-3,-13,-3,None
0,-3,0,1,-1,-1,-1,-6,-3,16,12,8,-3,-13,-3,None
0,0,1,0,7,5,4,0,3,16,12,8,-3,-13,-3,None
0,0,1,0,7,5,4,0,3,17,12,8,-3,-13,-3,None
0,0,1,0,7,5,4,0,3,17,12,8,-3,-13,-3,None
0,-2,1,-16,-3,-5,-8,1,-28,17,12,8,-3,-13,-3,None
0,0,0,-25,-3,1,2,1,20,17,12,8,-3,-13,-3,None
0,-1,0,-23,-3,0,1,1,-2,17,12,8,-3,-13,-3,None
0,-1,1,0,0,4,3,-1,8,17,12,8,-3,-13,-3,None
0,-1,1,0,0,4,3,-1,8,17,12,8,-3,-13,-3,None
0,-1,1,0,0,4,3,-1,8,17,12,8,-2,-13,-3,None
0,0,-1,15,-2,1,-2,-2,-4,17,12,8,-2,-13,-3,None
0,-2,0,24,-6,-2,-2,0,0,17,12,8,-2,-13,-3,None
0,-2,-1,13,-2,-3,-6,-8,-9,17,12,8,-2,-13,-3,None
0,2,0,5,1,1,-1,1,4,17,12,8,-2,-13,-3,None
0,2,0,5,1,1,-1,1,4,17,12,8,-2,-13,-3,None
0,2,0,5,1,1,-1,1,4,17,12,8,-2,-13,-3,None
0,-1,1,-1,-4,4,3,0,3,17,12,8,-2,-13,-3,None
0,-1,1,-1,4,1,1,0,-2,17,12,8,-2,-13,-3,None
0,1,2,0,0,2,-2,2,8,17,12,8,-2,-13,-3,None
0,-3,1,-5,-3,-4,-8,-5,-26,17,12,8,-2,-13,-3,None
0,-3,1,-5,-3,-4,-8,-5,-26,17,12,8,-2,-13,-3,None
0,-3,1,-5,-3,-4,-8,-5,-26,17,12,8,-2,-14,-4,None
0,-1,0,-6,-7,3,2,1,7,17,12,8,-2,-14,-4,None
0,0,1,-4,-6,1,3,-4,5,17,12,8,-2,-14,-4,None
0,0,-1,0,21,-1,-2,1,-5,17,12,8,-2,-14,-4,None
0,-4,-2,-6,-10,1,-3,-2,-1,17,12,8,-2,-14,-4,None
0,-4,-2,-6,-10,1,-3,-2,-1,17,12,8,-2,-14,-4,None
0,-4,-2,-6,-10,1,-3,-2,-1,17,12,8,-3,-15,-4,None
0,-2,-1,0,-7,5,-5,-3,-4,17,12,8,-3,-15,-4,None
0,-1,1,2,-7,-16,-5,-2,-1,17,12,8,-3,-15,-4,None
0,-1,-1,1,0,0,3,3,1,17,12,8,-3,-15,-4,None
0,1,2,12,6,-3,-1,-2,-2,17,12,8,-3,-15,-4,None
0,1,2,12,6,-3,-1,-2,-2,17,12,8,-3,-15,-4,None
0,1,2,12,6,-3,-1,-2,-2,17,12,8,-3,-15,-4,None
0,0,1,11,37,4,0,0,3,17,12,8,-3,-15,-4,None
0,-3,-6,5,-44,8,0,2,0,17,12,8,-3,-15,-4,None
0,0,1,14,16,-4,-2,-1,-1,17,12,8,-3,-15,-4,None
0,1,2,10,30,-4,1,-1,3,17,12,8,-3,-15,-4,None
0,1,2,10,30,-4,1,-1,3,17,12,8,-3,-15,-4,None
0,1,2,10,30,-4,1,-1,3,17,12,8,-3,-14,-4,None
0,-1,0,-2,-88,-3,-5,-3,-2,17,12,8,-3,-14,-4,None
0,-5,-3,-12,30,3,2,-3,-5,17,12,8,-3,-14,-4,None
0,-1,1,-6,33,-5,2,0,-1,17,12,8,-3,-14,-4,None
0,-1,-1,-7,-44,36,-1,-2,0,17,12,8,-3,-14,-4,None
0,-1,-1,-7,-44,36,-1,-2,0,0,12,9,-3,-14,-4,None
0,-1,-1,-7,-44,36,-1,-2,0,0,12,9,-3,-13,-3,None
0,-2,-2,-5,72,-41,1,-2,-3,0,12,9,-3,-13,-3,None
0,2,6,9,35,7,-7,0,0,0,12,9,-3,-13,-3,None
0,-3,-3,-4,-78,38,-1,-4,-4,0,12,9,-3,-13,-3,None
0,0,1,1,8,-49,0,0,0,0,12,9,-3,-13,-3,None
0,0,1,1,8,-49,0,0,0,0,12,9,-3,-13,-3,None
0,0,1,1,8,-49,0,0,0,0,12,9,-3,-12,-3,None
0,0,2,-5,15,11,4,3,0,0,12,9,-3,-12,-3,None
0,-3,-3,-18,-12,17,-3,-5,0,0,12,9,-3,-12,-3,None
0,-1,0,-13,37,-10,-6,-4,-5,0,12,9,-3,-12,-3,None
0,-1,1,-21,19,16,6,-1,-1,0,12,9,-3,-12,-3,None
0,-1,1,-21,19,16,6,-1,-1,0,12,9,-3,-12,-3,None
0,-1,1,-21,19,16,6,-1,-1,0,12,9,-1,-13,-2,None
0,-2,0,-21,0,9,-4,-4,-3,0,12,9,-1,-13,-2,None
0,3,5,-6,96,5,3,3,3,0,12,9,-1,-13,-2,None
0,-6,-3,-19,-35,-27,-2,-2,-6,0,12,9,-1,-13,-2,None
0,0,-2,-16,-112,-68,-10,-3,3,0,12,9,-1,-13,-2,None
0,0,-2,-16,-112,-68,-10,-3,3,0,12,9,-1,-13,-2,None
0,0,-2,-16,-112,-68,-10,-3,3,0,12,9,0,-14,-3,None
0,-8,-5,-26,-24,30,-1,2,-2,0,12,9,0,-14,-3,None
0,3,4,11,-45,-17,-3,-4,2,0,12,9,0,-14,-3,None
0,2,2,-1,49,-42,1,6,2,0,12,9,0,-14,-3,None
0,-3,-5,-7,0,-2,2,-1,-1,0,12,9,0,-14,-3,None
0,-3,-5,-7,0,-2,2,-1,-1,0,12,9,0,-14,-3,None
0,-3,-5,-7,0,-2,2,-1,-1,0,12,9,2,-15,-2,None
0,0,4,3,-37,22,2,1,-6,0,12,9,2,-15,-2,None
0,1,4,2,-21,-22,-9,-3,1,0,12,9,2,-15,-2,None
0,-4,-6,-19,-7,25,3,0,-2,0,12,9,2,-15,-2,None
0,0,6,18,49,29,-1,-2,-1,0,12,9,2,-15,-2,None
0,0,6,18,49,29,-1,-2,-1,0,12,9,2,-15,-2,None
0,0,6,18,49,29,-1,-2,-1,0,12,9,2,-16,-3,None
0,-3,-5,-9,37,-29,-8,-5,1,0,12,9,2,-16,-3,None
0,-2,-1,5,-16,12,-6,-2,-4,0,12,9,2,-16,-3,None
0,2,5,-3,-30,-20,4,-1,2,0,12,9,2,-16,-3,None
0,2,5,2,23,6,5,6,1,0,12,9,2,-16,-3,None
0,2,5,2,23,6,5,6,1,0,12,9,2,-16,-3,None
0,2,5,2,23,6,5,6,1,0,12,9,3,-15,-3,None
0,0,2,1,33,44,6,-2,0,0,12,9,3,-15,-3,None
0,-1,-4,-27,12,-29,-3,-4,-2,0,12,9,3,-15,-3,None
0,0,2,37,23,15,5,5,6,0,12,9,3,-15,-3,None
0,-3,-8,-61,-54,-16,-18,-13,-3,0,12,9,3,-15,-3,None
0,-3,-8,-61,-54,-16,-18,-13,-3,1,12,9,3,-15,-3,None
0,-3,-8,-61,-54,-16,-18,-13,-3,1,12,9,4,-14,-3,None
0,1,6,40,-7,-29,9,9,3,1,12,9,4,-14,-3,None
0,-4,-6,-20,-69,-19,-6,-7,-1,1,12,9,4,-14,-3,None
0,-1,-1,-7,14,-26,-4,-3,-5,1,12,9,4,-14,-3,None
0,-6,-4,11,21,50,6,4,-5,1,12,9,4,-14,-3,None
0,-6,-4,11,21,50,6,4,-5,1,12,9,4,-14,-3,None
0,-6,-4,11,21,50,6,4,-5,1,12,9,5,-14,-3,None
0,1,1,-2,56,-35,-9,-5,1,1,12,9,5,-14,-3,None
0,-2,2,-19,33,48,1,1,-4,1,12,9,5,-14,-3,None
0,0,5,-3,-31,44,7,9,1,1,12,9,5,-14,-3,None
0,-3,-1,-7,-33,7,1,-4,-3,1,12,9,5,-14,-3,None
0,-3,-1,-7,-33,7,1,-4,-3,1,12,9,5,-14,-3,None
0,-3,-1,-7,-33,7,1,-4,-3,1,12,9,5,-14,-2,None
0,-3,0,-1,15,72,1,-2,-8,1,12,9,5,-14,-2,None
0,-4,-1,11,3,-34,-4,-3,-2,1,12,9,5,-14,-2,None
0,-4,0,-1,15,-50,-13,-5,-5,1,12,9,5,-14,-2,None
0,2,4,8,-39,33,3,-1,-3,1,12,9,5,-14,-2,None
0,2,4,8,-39,33,3,-1,-3,1,12,9,5,-14,-2,None
0,2,4,8,-39,33,3,-1,-3,1,12,9,6,-14,-2,None
0,5,5,10,53,-60,5,3,8,1,12,9,6,-14,-2,None
0,-2,3,-1,4,41,16,5,-8,1,12,9,6,-14,-2,None
0,-9,-10,-18,-40,19,-20,-11,-9,1,12,9,6,-14,-2,None
0,0,3,6,-2,-56,2,1,-2,1,12,9,6,-14,-2,None
0,0,3,6,-2,-56,2,1,-2,1,12,9,6,-14,-2,None
0,0,3,6,-2,-56,2,1,-2,1,12,9,7,-14,-2,None
0,1,0,-10,-7,-7,-1,-2,-1,1,12,9,7,-14,-2,None
0,0,4,21,6,37,5,0,2,1,12,9,7,-14,-2,None
0,2,2,7,7,64,5,0,-4,1,12,9,7,-14,-2,None
0,-1,1,14,69,27,6,-1,0,1,12,9,7,-14,-2,None
0,-1,1,14,69,27,6,-1,0,1,12,9,7,-14,-2,None
0,-1,1,14,69,27,6,-1,0,1,12,9,8,-13,-2,None
0,-4,-4,-12,-56,-43,-11,-5,-3,1,12,9,8,-13,-2,None
0,0,-2,-6,-9,10,0,-2,-3,1,12,9,8,-13,-2,None
0,2,6,6,6,3,-5,-2,7,1,12,9,8,-13,-2,None
0,-2,-6,5,55,43,0,-4,-5,1,12,9,8,-13,-2,None
0,-2,-6,5,55,43,0,-4,-5,1,12,9,8,-13,-2,None
0,-2,-6,5,55,43,0,-4,-5,1,12,9,8,-13,-2,None
0,-1,1,7,-22,11,1,-3,-2,1,12,9,8,-13,-2,None
0,5,25,-6,-46,-36,-2,0,-1,1,12,9,8,-13,-2,None
0,-4,-24,-17,11,-8,-1,-6,-2,1,12,9,8,-13,-2,None
0,0,1,-13,-24,-25,-4,0,1,1,12,9,8,-13,-2,None
0,0,1,-13,-24,-25,-4,0,1,1,12,9,8,-13,-2,None
0,0,1,-13,-24,-25,-4,0,1,1,12,9,8,-14,-2,None
0,-1,-2,0,-3,-18,-2,1,0,1,12,9,8,-14,-2,None
0,-5,1,8,7,8,-2,-4,-5,1,12,9,8,-14,-2,None
0,3,11,-5,-1,6,3,-5,1,1,12,9,8,-14,-2,None
0,-4,15,0,5,-3,-5,-1,2,1,12,9,8,-14,-2,None
0,-4,15,0,5,-3,-5,-1,2,1,12,9,8,-14,-2,None
0,-4,15,0,5,-3,-5,-1,2,1,12,9,8,-13,-2,None
0,3,-37,-8,-20,4,1,1,4,1,12,9,8,-13,-2,None
0,-8,31,7,6,-9,1,2,-7,1,12,9,8,-13,-2,None
0,1,5,2,-24,-8,-2,-2,0,1,12,9,8,-13,-2,None
0,-6,-6,2,-6,6,-4,-3,-3,1,12,9,8,-13,-2,None
0,-6,-6,2,-6,6,-4,-3,-3,1,12,9,8,-13,-2,None
0,-6,-6,2,-6,6,-4,-3,-3,1,12,9,8,-14,-2,None
0,-2,11,-3,-9,38,-1,-5,-1,1,12,9,8,-14,-2,None
0,0,-10,-3,-8,-27,1,1,1,1,12,9,8,-14,-2,None
0,-1,-5,-3,19,-28,-4,-3,-2,1,12,9,8,-14,-2,None
0,-1,3,0,-3,-10,2,1,2,1,12,9,8,-14,-2,None
0,-1,3,0,-3,-10,2,1,2,1,12,9,8,-14,-2,None
0,-1,3,0,-3,-10,2,1,2,1,12,9,8,-14,-2,None
0,-2,11,-9,-13,14,-4,-3,-5,1,12,9,8,-14,-2,None
0,0,-15,0,-1,-7,-2,-3,-2,1,12,9,8,-14,-2,None
0,-2,9,1,5,0,4,0,-2,1,12,9,8,-14,-2,None
0,4,-1,3,42,27,0,-1,-1,1,12,9,8,-14,-2,None
0,4,-1,3,42,27,0,-1,-1,1,12,9,8,-14,-2,None
0,4,-1,3,42,27,0,-1,-1,1,12,9,8,-12,-1,None
0,-6,0,-6,-17,16,-2,-4,-3,1,12,9,8,-12,-1,None
0,-1,-12,0,-6,26,-1,-1,1,1,12,9,8,-12,-1,None
0,-1,1,3,-30,-55,-3,0,1,1,12,9,8,-12,-1,None
0,-3,0,4,38,20,1,-1,-4,1,12,9,8,-12,-1,None
0,-3,0,4,38,20,1,-1,-4,1,12,9,8,-12,-1,None
0,-3,0,4,38,20,1,-1,-4,1,12,9,8,-12,-1,None
0,-4,-1,-3,2,23,-2,-2,-3,1,12,9,8,-12,-1,None
0,4,21,-5,-25,-17,-1,0,1,1,12,9,8,-12,-1,None
0,-8,-55,1,41,34,4,1,-1,1,12,9,8,-12,-1,None
0,-1,-5,-3,-33,-21,-4,1,0,1,12,9,8,-12,-1,None
0,-1,-5,-3,-33,-21,-4,1,0,1,12,9,8,-12,-1,None
0,-1,-5,-3,-33,-21,-4,1,0,1,12,9,8,-12,-1,None
0,-2,5,2,13,-34,-1,2,0,1,12,9,8,-12,-1,None
0,0,-6,-1,-43,-25,-2,-1,3,1,12,9,8,-12,-1,None
0,-2,17,1,3,0,-1,-2,-6,1,12,9,8,-12,-1,None
0,-2,5,-1,-3,-22,-3,-1,-2,1,12,9,8,-12,-1,None
0,-2,5,-1,-3,-22,-3,-1,-2,1,12,9,8,-12,-1,None
0,-2,5,-1,-3,-22,-3,-1,-2,1,12,9,8,-12,-1,None
0,-1,-7,-1,3,-3,1,-1,2,1,12,9,8,-12,-1,None
0,2,-11,3,18,14,0,1,0,1,12,9,8,-12,-1,None
0,-5,12,-8,38,27,0,-2,-1,1,12,9,8,-12,-1,None
0,-2,-2,-2,-22,-11,0,-1,-1,1,12,9,8,-12,-1,None
0,-2,-2,-2,-22,-11,0,-1,-1,1,12,9,8,-12,-1,None
0,-2,-2,-2,-22,-11,0,-1,-1,1,12,9,8,-12,-1,None
0,-1,14,-3,-3,11,1,-2,-3,1,12,9,8,-12,-1,None
0,-2,-8,-1,41,10,-1,-2,-1,1,12,9,8,-12,-1,None
0,4,8,0,-26,-21,0,1,0,1,12,9,8,-12,-1,None
0,-1,1,3,29,23,-1,-4,-2,1,12,9,8,-12,-1,None
0,-1,1,3,29,23,-1,-4,-2,1,12,9,8,-12,-1,None
0,-1,1,3,29,23,-1,-4,-2,1,12,9,8,-12,-1,None
0,0,6,-19,11,47,-3,-2,-2,1,12,9,8,-12,-1,None
0,-3,-3,5,13,-19,-2,-3,-3,1,12,9,8,-12,-1,None
0,-1,4,1,-8,33,-5,-2,0,1,12,9,8,-12,-1,None
0,-2,0,-3,-8,-14,-1,-1,-1,1,12,9,8,-12,-1,None
0,-2,0,-3,-8,-14,-1,-1,-1,1,12,9,8,-12,-1,None
0,-2,0,-3,-8,-14,-1,-1,-1,1,12,9,8,-12,-1,None
0,1,8,2,3,-6,0,-1,-1,1,12,9,8,-12,-1,None
0,-3,-5,-2,17,-6,0,-1,-2,1,12,9,8,-12,-1,None
0,3,18,-9,-26,-36,-8,-5,-1,1,12,9,8,-12,-1,None
0,-2,3,0,18,12,1,-1,-1,1,12,9,8,-12,-1,None
0,-2,3,0,18,12,1,-1,-1,1,12,9,8,-12,-1,None
0,-2,3,0,18,12,1,-1,-1,1,12,9,8,-12,-1,None
0,-2,0,2,-2,3,-1,-4,-3,1,12,9,8,-12,-1,None
0,0,2,-4,2,-4,-1,-2,-1,1,12,9,8,-12,-1,None
0,0,1,3,-6,-4,0,-2,-1,1,12,9,8,-12,-1,None
0,0,-2,-3,-1,-6,-1,-1,1,1,12,9,8,-12,-1,None
0,0,-2,-3,-1,-6,-1,-1,1,1,12,9,8,-12,-1,None
0,0,-2,-3,-1,-6,-1,-1,1,1,12,9,8,-12,-1,None
0,-1,-4,0,-18,-29,-3,-1,-1,1,12,9,8,-12,-1,None
0,-2,2,-3,-7,4,-2,-1,-1,1,12,9,8,-12,-1,None
0,3,1,-4,-12,1,-2,-2,-1,1,12,9,8,-12,-1,None
0,1,18,-3,-5,-7,-3,-3,-2,1,12,9,8,-12,-1,None
0,1,18,-3,-5,-7,-3,-3,-2,1,12,9,8,-12,-1,None
0,1,18,-3,-5,-7,-3,-3,-2,1,12,9,8,-12,-1,None
0,-7,-57,1,53,23,2,0,-1,1,12,9,8,-12,-1,None
0,-5,-3,-5,-28,21,-2,-3,-5,1,12,9,8,-12,-1,None
0,-1,0,0,18,19,2,0,-1,1,12,9,8,-12,-1,None
0,1,-4,-3,-4,-14,-2,-1,0,1,12,9,8,-12,-1,None
0,1,-4,-3,-4,-14,-2,-1,0,1,12,9,8,-12,-1,None
0,1,-4,-3,-4,-14,-2,-1,0,1,12,9,8,-12,-1,None
0,1,16,2,-3,-20,-2,0,0,1,12,9,8,-12,-1,None
0,-1,-1,-2,13,-2,-3,-1,-1,1,12,9,8,-12,-1,None
0,-2,-9,-3,-4,-6,0,-2,-1,1,12,9,8,-12,-1,None
0,-2,-1,-2,-7,-1,-2,-1,-2,1,12,9,8,-12,-1,None
0,-2,-1,-2,-7,-1,-2,-1,-2,1,12,9,8,-12,-1,None
0,-2,-1,-2,-7,-1,-2,-1,-2,1,12,9,8,-12,-1,None
0,1,13,3,-6,3,0,1,-1,1,12,9,8,-12,-1,None
0,-1,-4,-10,-47,-29,-6,-5,-2,1,12,9,8,-12,-1,None
0,-4,15,-3,-14,13,3,0,-3,1,12,9,8,-12,-1,None
0,2,-32,-3,17,6,0,-2,0,1,12,9,8,-12,-1,None
0,2,-32,-3,17,6,0,-2,0,1,12,9,8,-12,-1,None
0,2,-32,-3,17,6,0,-2,0,1,12,9,8,-12,-1,None
0,-2,18,-2,-18,1,-2,-1,-4,1,12,9,8,-12,-1,None
0,1,-2,0,13,1,2,1,1,1,12,9,8,-12,-1,None
0,0,0,2,12,-5,-1,-1,1,1,12,9,8,-12,-1,None
0,-2,6,-2,-11,-8,-2,-2,-2,1,12,9,8,-12,-1,None
0,-2,6,-2,-11,-8,-2,-2,-2,1,12,9,8,-12,-1,None
0,-2,6,-2,-11,-8,-2,-2,-2,1,12,9,8,-12,-1,None
0,0,-3,-2,-12,-16,-4,-3,-2,1,12,9,8,-12,-1,None
0,-1,0,-2,16,11,-1,-2,-2,1,12,9,8,-12,-1,None
0,-2,1,-1,-3,1,-2,0,-1,1,12,9,8,-12,-1,None
0,-1,-1,-1,3,6,-1,-1,-1,1,12,9,8,-12,-1,None
0,-1,-1,-1,3,6,-1,-1,-1,1,12,9,8,-12,-1,None
0,-1,-1,-1,3,6,-1,-1,-1,1,12,9,8,-12,-1,None
0,1,6,-2,-16,-10,-2,-3,-1,1,12,9,8,-12,-1,None
0,-3,4,0,21,28,3,-2,-1,1,12,9,8,-12,-1,None
0,5,12,-5,9,13,-3,-4,-3,1,12,9,8,-12,-1,None
0,-6,-33,-2,-10,2,-2,-3,-3,1,12,9,8,-12,-1,None
0,-6,-33,-2,-10,2,-2,-3,-3,1,12,9,8,-12,-1,None
0,-6,-33,-2,-10,2,-2,-3,-3,1,12,9,8,-12,-1,None
0,-1,2,-1,-3,-1,-1,0,0,1,12,9,8,-12,-1,None
0,-2,1,-1,4,-5,0,0,0,1,12,9,8,-12,-1,None
0,-1,-2,0,-4,-9,-1,0,0,1,12,9,8,-12,-1,None
0,-1,12,-3,0,-3,-2,-1,0,1,12,9,8,-12,-1,None
0,-1,12,-3,0,-3,-2,-1,0,1,12,9,8,-12,-1,None
0,-1,12,-3,0,-3,-2,-1,0,1,12,9,8,-12,-1,None
0,0,3,-2,-1,-2,-1,-2,-3,1,12,9,8,-12,-1,None
0,-4,-10,-2,6,5,0,-2,0,1,12,9,8,-12,-1,None
0,-1,-3,-2,-6,0,-1,-2,0,1,12,9,8,-12,-1,None
0,0,10,0,-1,-3,-1,-1,-1,1,12,9,8,-12,-1,None
0,0,10,0,-1,-3,-1,-1,-1,1,12,9,8,-12,-1,None
0,0,10,0,-1,-3,-1,-1,-1,1,12,9,8,-12,-2,None
0,-1,-1,-1,-8,-11,-2,-1,0,1,12,9,8,-12,-2,None
0,1,17,5,38,22,6,0,1,1,12,9,8,-12,-2,None
0,-2,-2,-5,-6,11,-2,-2,-5,1,12,9,8,-12,-2,None
0,-1,-16,-4,-2,-5,0,0,-2,1,12,9,8,-12,-2,None
0,-1,-16,-4,-2,-5,0,0,-2,1,12,9,8,-12,-2,None
0,-1,-16,-4,-2,-5,0,0,-2,1,12,9,8,-12,-1,None
0,-2,4,-1,-7,-6,-2,-1,-2,1,12,9,8,-12,-1,None
0,1,2,0,5,-7,-3,0,1,1,12,9,8,-12,-1,None
0,-1,-5,-1,0,-8,0,0,0,1,12,9,8,-12,-1,None
0,-1,7,-1,1,3,-1,-1,-1,1,12,9,8,-12,-1,None
0,-1,7,-1,1,3,-1,-1,-1,1,12,9,8,-12,-1,None
0,-1,7,-1,1,3,-1,-1,-1,1,12,9,8,-12,-1,None
0,-1,3,-2,6,4,-1,-1,-1,1,12,9,8,-12,-1,None
0,0,-8,-4,-11,-9,-3,-3,-3,1,12,9,8,-12,-1,None
0,-2,-1,0,-2,3,-1,-1,-1,1,12,9,8,-12,-1,None
0,0,8,-3,-8,-1,-1,-2,-1,1,12,9,8,-12,-1,None
0,0,8,-3,-8,-1,-1,-2,-1,1,12,9,8,-12,-1,None
0,0,8,-3,-8,-1,-1,-2,-1,1,12,9,8,-12,-1,None
0,2,23,0,-5,-23,-1,0,-1,1,12,9,8,-12,-1,None
0,2,-24,-7,5,22,-4,-4,-4,1,12,9,8,-12,-1,None
0,-1,1,0,-7,-4,1,0,-1,1,12,9,8,-12,-1,None
0,-1,3,1,23,3,0,1,1,1,12,9,8,-12,-1,None
0,-1,3,1,23,3,0,1,1,1,12,9,8,-12,-1,None
0,-1,3,1,23,3,0,1,1,1,12,9,8,-12,-1,None
0,0,1,-4,-11,-8,0,-1,-1,1,12,9,8,-12,-1,None
0,-2,2,-2,-8,-9,-3,-1,-1,1,12,9,8,-12,-1,None
0,-1,1,-1,5,-2,-1,0,0,1,12,9,8,-12,-1,None
0,-1,4,-3,0,-9,-1,-2,-2,1,12,9,8,-12,-1,None
0,-1,4,-3,0,-9,-1,-2,-2,1,12,9,8,-12,-1,None
0,-1,4,-3,0,-9,-1,-2,-2,1,12,9,8,-12,-1,None
0,-3,-8,-1,-2,14,-1,-2,0,1,12,9,8,-12,-1,None
0,-2,1,-4,-5,-4,-2,-2,-2,1,12,9,8,-12,-1,None
0,-4,-6,-1,-6,5,0,0,-1,1,12,9,8,-12,-1,None
0,-3,7,-2,-7,15,1,-2,-3,1,12,9,8,-12,-1,None
0,-3,7,-2,-7,15,1,-2,-3,1,12,9,8,-12,-1,None
0,-3,7,-2,-7,15,1,-2,-3,1,12,9,8,-12,-1,None
0,-2,-8,-4,3,16,-2,-3,-3,1,12,9,8,-12,-1,None
0,-1,3,-1,-12,-4,-2,-1,0,1,12,9,8,-12,-1,None
0,1,3,-2,-1,-7,-2,0,-1,1,12,9,8,-12,-1,None
0,-2,1,-2,-3,-1,-1,-1,-1,1,12,9,8,-12,-1,None
0,-2,1,-2,-3,-1,-1,-1,-1,1,12,9,8,-12,-1,None
0,-2,1,-2,-3,-1,-1,-1,-1,1,12,9,8,-12,-1,None
0,0,-3,-3,0,3,0,-2,0,1,12,9,8,-12,-1,None
0,-1,0,1,35,-7,-2,0,1,1,12,9,8,-12,-1,None
0,2,55,-3,-45,-15,0,0,-1,1,12,9,8,-12,-1,None
0,-3,-18,7,38,33,-1,-4,-4,1,12,9,8,-12,-1,None
0,-3,-18,7,38,33,-1,-4,-4,1,12,9,8,-12,-1,None
0,-3,-18,7,38,33,-1,-4,-4,1,12,9,8,-12,-1,None
0,-2,-6,-2,10,24,3,-1,-2,1,12,9,8,-12,-1,None
0,-3,-3,-4,-22,-19,-3,-1,-3,1,12,9,8,-12,-1,None
0,1,5,1,20,-5,-2,-1,0,1,12,9,8,-12,-1,None
0,1,9,-4,-11,-20,0,0,0,1,12,9,8,-12,-1,None
0,1,9,-4,-11,-20,0,0,0,1,12,9,8,-12,-1,None
0,1,9,-4,-11,-20,0,0,0,1,12,9,8,-12,-1,None
0,-2,-1,0,2,8,-2,-2,-1,1,12,9,8,-12,-1,None
0,0,9,2,-4,5,2,-1,0,1,12,9,8,-12,-1,None
0,-3,-16,-3,7,6,0,-3,-2,1,12,9,8,-12,-1,None
0,0,5,-5,-23,-5,-2,-2,-2,1,12,9,8,-12,-1,None
0,0,5,-5,-23,-5,-2,-2,-2,1,12,9,8,-12,-1,None
0,0,5,-5,-23,-5,-2,-2,-2,1,12,9,8,-12,-1,None
0,0,-7,1,41,78,6,0,-1,1,12,9,8,-12,-1,None
0,-5,-2,-3,-14,-4,-4,-2,-3,1,12,9,8,-12,-1,None
0,-8,-17,-5,12,9,-2,-4,-2,1,12,9,8,-12,-1,None
0,1,3,-3,-6,-10,-2,-1,-2,1,12,9,8,-12,-1,None
0,1,3,-3,-6,-10,-2,-1,-2,1,12,9,8,-12,-1,None
0,1,3,-3,-6,-10,-2,-1,-2,1,12,9,8,-12,-1,None
0,0,9,-1,-13,-18,-3,-1,-1,1,12,9,8,-12,-1,None
0,1,1,-1,-1,0,1,-2,0,1,12,9,8,-12,-1,None
0,-3,-10,-1,1,8,0,-2,-2,1,12,9,8,-12,-1,None
0,-1,6,0,-3,0,-2,-1,0,1,12,9,8,-12,-1,None
0,-1,6,0,-3,0,-2,-1,0,1,12,9,8,-12,-1,None
0,-1,6,0,-3,0,-2,-1,0,1,12,9,8,-12,-1,None
0,-2,-2,-4,-11,-22,-3,0,-1,1,12,9,8,-12,-1,None
0,0,5,3,22,12,1,1,-1,1,12,9,8,-12,-1,None
0,-5,-18,-5,-13,12,-3,-7,-5,1,12,9,8,-12,-1,None
0,-3,30,-6,-23,4,-1,-1,-2,1,12,9,8,-12,-1,None
0,-3,30,-6,-23,4,-1,-1,-2,1,12,9,8,-12,-1,None
0,-3,30,-6,-23,4,-1,-1,-2,1,12,9,8,-12,-1,None
0,-1,-14,-2,-23,-49,-4,-4,-1,1,12,9,8,-12,-1,None
0,-3,0,-1,-1,-21,-1,-2,-2,1,12,9,8,-12,-1,None
0,2,2,1,1,-3,-1,1,2,1,12,9,8,-12,-1,None
0,1,7,0,4,-1,0,-2,1,1,12,9,8,-12,-1,None
0,1,7,0,4,-1,0,-2,1,1,12,9,8,-12,-1,None
0,1,7,0,4,-1,0,-2,1,1,12,9,8,-12,-1,None
0,-2,2,-3,5,2,-2,-3,-4,1,12,9,8,-12,-1,None
0,0,2,-3,-13,4,0,-2,0,1,12,9,8,-12,-1,None
0,1,2,-1,6,-10,0,-1,0,1,12,9,8,-12,-1,None
0,-2,-10,-1,-4,3,-2,-2,-3,1,12,9,8,-12,-1,None
0,-2,-10,-1,-4,3,-2,-2,-3,1,12,9,8,-12,-1,None
0,-2,-10,-1,-4,3,-2,-2,-3,1,12,9,8,-12,-1,None
0,0,1,-2,-5,-8,-2,-2,-1,1,12,9,8,-12,-1,None
0,-1,-5,-3,0,5,-1,-2,-2,1,12,9,8,-12,-1,None
0,-2,-3,-3,-27,-12,1,-2,-3,1,12,9,8,-12,-1,None
0,3,-8,-6,-7,-14,-4,-2,1,1,12,9,8,-12,-1,None
0,3,-8,-6,-7,-14,-4,-2,1,1,12,9,8,-12,-1,None
0,3,-8,-6,-7,-14,-4,-2,1,1,12,9,8,-12,-1,None
0,-3,-1,-2,3,6,-2,-3,-5,1,12,9,8,-12,-1,None
0,0,6,-3,-9,4,-1,0,-1,1,12,9,8,-12,-1,None
0,-2,-5,-1,16,0,-1,-1,-2,1,12,9,8,-12,-1,None
0,-1,-2,2,-3,-5,1,0,1,1,12,9,8,-12,-1,None
0,-1,-2,2,-3,-5,1,0,1,1,12,9,8,-12,-1,None
0,-1,-2,2,-3,-5,1,0,1,1,12,9,8,-12,-1,None
0,1,4,-3,-5,-9,-2,-1,0,1,12,9,8,-12,-1,None
0,-2,-2,-4,-4,1,-2,-2,-3,1,12,9,8,-12,-1,None
0,0,0,-1,3,-3,-2,-1,0,1,12,9,8,-12,-1,None
0,-1,-2,-3,4,6,-2,-1,1,1,12,9,8,-12,-1,None
0,-1,-2,-3,4,6,-2,-1,1,1,12,9,8,-12,-1,None
0,-1,-2,-3,4,6,-2,-1,1,1,12,9,8,-12,-1,None
0,-2,2,1,-2,-3,3,1,1,1,12,9,8,-12,-1,None
0,-3,10,0,-4,18,-4,-5,-5,1,12,9,8,-12,-1,None
0,4,6,-6,-23,-1,-3,-3,-1,1,12,9,8,-12,-1,None
0,-5,-37,-3,-3,-2,0,0,-2,1,12,9,8,-12,-1,None
0,-5,-37,-3,-3,-2,0,0,-2,1,12,9,8,-12,-1,None
0,-5,-37,-3,-3,-2,0,0,-2,1,12,9,8,-12,-1,None
0,-1,-1,0,-2,-7,-3,-2,-1,1,12,9,8,-12,-1,None
0,0,2,0,2,-3,3,1,1,1,12,9,8,-12,-1,None
0,0,7,-1,10,-1,0,0,-1,1,12,9,8,-12,-1,None
0,-2,8,-1,-1,2,-3,-2,-4,1,12,9,8,-12,-1,None
0,-2,8,-1,-1,2,-3,-2,-4,1,12,9,8,-12,-1,None
0,-2,8,-1,-1,2,-3,-2,-4,1,12,9,8,-12,-1,None
0,-2,-7,-2,1,-1,0,0,0,1,12,9,8,-12,-1,None
0,4,-1,-2,3,-13,-2,-2,1,1,12,9,8,-12,-1,None
0,-4,-3,-1,-7,22,1,-3,-6,1,12,9,8,-12,-1,None
0,-1,3,-3,-3,-15,-2,-1,-1,1,12,9,8,-12,-1,None
0,-1,3,-3,-3,-15,-2,-1,-1,1,12,9,8,-12,-1,None
0,-1,3,-3,-3,-15,-2,-1,-1,1,12,9,8,-12,-1,None
0,-3,-3,-1,4,1,-2,0,0,1,12,9,8,-12,-1,None
0,0,7,-2,-1,-3,-2,-1,-2,1,12,9,8,-12,-1,None
0,-1,-3,0,4,-8,-1,-1,1,1,12,9,8,-12,-1,None
0,-2,5,0,5,6,-1,-2,-1,1,12,9,8,-12,-1,None
0,-2,5,0,5,6,-1,-2,-1,1,12,9,8,-12,-1,None
0,-2,5,0,5,6,-1,-2,-1,1,12,9,8,-12,-1,None
0,1,6,-3,-4,0,0,-1,-2,1,12,9,8,-12,-1,None
0,1,-1,-4,-28,-8,-1,-1,-2,1,12,9,8,-12,-1,None
0,0,8,1,7,6,-2,-3,-1,1,12,9,8,-12,-1,None
0,-13,-42,-5,-1,17,2,-3,-5,1,12,9,8,-12,-1,None
0,-13,-42,-5,-1,17,2,-3,-5,1,12,9,8,-12,-1,None
0,-13,-42,-5,-1,17,2,-3,-5,1,12,9,8,-12,-1,None
0,5,3,-2,6,6,-4,-3,-2,1,12,9,8,-12,-1,None
0,-2,-7,-3,-11,6,-2,-2,-2,1,12,9,8,-12,-1,None
0,0,-2,-1,11,-1,0,1,0,1,12,9,8,-12,-1,None
0,3,20,-1,4,-3,-1,0,0,1,12,9,8,-12,-1,None
0,3,20,-1,4,-3,-1,0,0,1,12,9,8,-12,-1,None
0,3,20,-1,4,-3,-1,0,0,1,12,9,8,-12,-1,None
0,-2,0,-3,-6,-1,-1,-2,-3,1,12,9,8,-12,-1,None
0,-3,-2,-2,12,3,1,-2,-2,1,12,9,8,-12,-1,None
0,-2,5,-1,-4,-4,-3,-1,-1,1,12,9,8,-12,-1,None
0,8,-7,1,-4,-19,-1,0,0,1,12,9,8,-12,-1,None
0,8,-7,1,-4,-19,-1,0,0,1,12,9,8,-12,-1,None
0,8,-7,1,-4,-19,-1,0,0,1,12,9,8,-12,-1,None
0,-1,4,-11,23,27,-2,-4,-1,1,12,9,8,-12,-1,None
0,-3,3,-1,-9,-1,-3,-4,-6,1,12,9,8,-12,-1,None
0,-3,-4,-1,5,-2,-3,-2,-2,1,12,9,8,-12,-1,None
0,-1,6,0,-9,0,0,0,-1,1,12,9,8,-12,-1,None
0,-1,6,0,-9,0,0,0,-1,1,12,9,8,-12,-1,None
0,-1,6,0,-9,0,0,0,-1,1,12,9,8,-12,-1,None
0,-1,-1,1,-4,-1,0,-1,1,1,12,9,8,-12,-1,None
0,-2,-2,-1,5,3,0,-1,1,1,12,9,8,-12,-1,None
0,0,-4,-4,2,0,-1,-1,0,1,12,9,8,-12,-1,None
0,0,9,-2,8,3,-2,-1,-1,1,12,9,8,-12,-1,None
0,0,9,-2,8,3,-2,-1,-1,1,12,9,8,-12,-1,None
0,0,9,-2,8,3,-2,-1,-1,1,12,9,8,-12,-1,None
0,0,3,0,-11,-10,-3,-3,-3,1,12,9,8,-12,-1,None
0,-4,3,-1,7,-5,1,2,0,1,12,9,8,-12,-1,None
0,-3,-12,-2,-11,-1,-1,-3,-3,1,12,9,8,-12,-1,None
0,1,51,2,22,30,2,-2,-3,1,12,9,8,-12,-1,None
0,1,51,2,22,30,2,-2,-3,1,12,9,8,-12,-1,None
0,1,51,2,22,30,2,-2,-3,1,12,9,8,-12,-1,None
0,-3,-13,-3,-17,-3,-2,-1,0,1,12,9,8,-12,-1,None
0,0,-6,-2,0,-6,-2,-2,0,1,12,9,8,-12,-1,None
0,0,0,0,7,2,-1,-1,0,1,12,9,8,-12,-1,None
0,0,14,-2,3,-4,-2,-2,-1,1,12,9,8,-12,-1,None
0,0,14,-2,3,-4,-2,-2,-1,1,12,9,8,-12,-1,None
0,0,14,-2,3,-4,-2,-2,-1,1,12,9,8,-12,-1,None
0,-2,2,-1,-2,-1,0,-1,-1,1,12,9,8,-12,-1,None
0,-3,1,-2,5,0,-2,-1,-1,1,12,9,8,-12,-1,None
0,-1,4,-3,-2,-2,0,0,-1,1,12,9,8,-12,-1,None
0,1,-3,-3,-4,2,-4,-3,-4,1,12,9,8,-12,-1,None
0,1,-3,-3,-4,2,-4,-3,-4,1,12,9,8,-12,-1,None
0,1,-3,-3,-4,2,-4,-3,-4,1,12,9,8,-12,-1,None
0,-1,5,11,18,3,1,-1,-1,1,12,9,8,-12,-1,None
0,-5,-11,-8,-33,1,-2,-3,-2,1,12,9,8,-12,-1,None
0,-2,3,-2,1,9,-2,-1,-3,1,12,9,8,-12,-1,None
0,-2,-14,-2,-11,-11,-2,-2,-1,1,12,9,8,-12,-1,None
0,-2,-14,-2,-11,-11,-2,-2,-1,1,12,9,8,-12,-1,None
0,-2,-14,-2,-11,-11,-2,-2,-1,1,12,9,8,-12,-1,None
0,-1,0,-1,0,-3,-1,0,-2,1,12,9,8,-12,-1,None
0,1,11,2,13,3,-1,0,0,1,12,9,8,-12,-1,None
0,-1,-4,-2,4,0,0,-1,-3,1,12,9,8,-12,-1,None
0,-3,-6,-1,-3,1,-2,-1,-1,1,12,9,8,-12,-1,None
0,-3,-6,-1,-3,1,-2,-1,-1,1,12,9,8,-12,-1,None
0,-3,-6,-1,-3,1,-2,-1,-1,1,12,9,8,-12,-1,None
0,2,22,-4,-10,-8,-1,-1,0,1,12,9,8,-12,-1,None
0,2,-11,4,47,21,1,0,-4,1,12,9,8,-12,-1,None
0,-1,2,-6,-15,-13,-3,-1,0,1,12,9,8,-12,-1,None
0,-2,-8,-2,-14,-1,1,-2,-1,1,12,9,8,-12,-1,None
0,-2,-8,-2,-14,-1,1,-2,-1,1,12,9,8,-12,-1,None
0,-2,-8,-2,-14,-1,1,-2,-1,1,12,9,8,-12,-1,None
0,-3,3,-1,2,13,-1,-3,0,1,12,9,8,-12,-1,None
0,1,2,-4,1,0,0,-2,-1,1,12,9,8,-12,-1,None
0,1,1,0,6,-3,-2,0,1,1,12,9,8,-12,-1,None
0,-1,4,1,4,0,0,0,0,1,12,9,8,-12,-1,None
0,-1,4,1,4,0,0,0,0,1,12,9,8,-12,-1,None
0,-1,4,1,4,0,0,0,0,1,12,9,8,-12,-1,None
0,-3,-8,-6,-5,-5,-3,0,-4,1,12,9,8,-12,-1,None
0,-1,1,-2,-9,-8,-2,-2,0,1,12,9,8,-12,-1,None
0,-1,15,1,-15,-2,-1,-1,-2,1,12,9,8,-12,-1,None
0,-5,5,-1,15,23,0,-3,-2,1,12,9,8,-12,-1,None
0,-5,5,-1,15,23,0,-3,-2,1,12,9,8,-12,-1,None
0,-5,5,-1,15,23,0,-3,-2,1,12,9,8,-12,-1,None
0,-5,-3,0,-19,-2,-1,-2,-2,1,12,9,8,-12,-1,None
0,1,-9,-3,-5,-4,-2,-2,-1,1,12,9,8,-12,-1,None
0,-1,9,-1,-2,-3,0,-1,0,1,12,9,8,-12,-1,None
0,1,-4,-3,-2,-10,-2,0,-1,1,12,9,8,-12,-1,None
0,1,-4,-3,-2,-10,-2,0,-1,1,12,9,8,-12,-1,None
0,1,-4,-3,-2,-10,-2,0,-1,1,12,9,8,-12,-1,None
0,0,-4,-3,9,-3,-2,0,-3,1,12,9,8,-12,-1,None
0,-2,16,-2,0,3,0,-1,-1,1,12,9,8,-12,-1,None
0,-1,-7,-2,18,1,0,-2,-3,1,12,9,8,-12,-1,None
0,3,5,0,-22,-3,0,1,0,1,12,9,8,-12,-1,None
0,3,5,0,-22,-3,0,1,0,1,12,9,8,-12,-1,None
0,3,5,0,-22,-3,0,1,0,1,12,9,8,-12,-1,None
0,-10,-31,-4,1,-15,-4,-2,-4,1,12,9,8,-12,-1,None
0,7,2,-7,-63,-27,-7,-4,-3,1,12,9,8,-12,-1,None
0,-4,-4,-1,13,18,2,-2,-3,1,12,9,8,-12,-1,None
0,-2,7,-2,3,-2,-2,-1,-2,1,12,9,8,-12,-1,None
0,-2,7,-2,3,-2,-2,-1,-2,1,12,9,8,-12,-1,None
0,-2,7,-2,3,-2,-2,-1,-2,1,12,9,8,-12,-1,None
0,4,11,-2,5,-2,1,0,0,1,12,9,8,-12,-1,None
0,-3,1,-2,2,-1,0,0,0,1,12,9,8,-12,-1,None
0,-3,-10,0,2,2,-1,-2,-2,1,12,9,8,-12,-1,None
0,0,10,1,6,-3,-2,-2,1,1,12,9,8,-12,-1,None
0,0,10,1,6,-3,-2,-2,1,1,12,9,8,-12,-1,None
0,0,10,1,6,-3,-2,-2,1,1,12,9,8,-12,-1,None
0,-1,3,-1,-2,5,-1,-2,-1,1,12,9,8,-12,-1,None
0,-5,-3,-1,18,12,0,-1,-2,1,12,9,8,-12,-1,None
0,1,8,-1,-10,-1,-1,-2,0,1,12,9,8,-12,-1,None
0,-4,-11,-4,6,8,-2,-1,0,1,12,9,8,-12,-1,None
0,-4,-11,-4,6,8,-2,-1,0,1,12,9,8,-12,-1,None
0,-4,-11,-4,6,8,-2,-1,0,1,12,9,8,-12,-1,None
0,0,1,-4,-3,2,-2,-2,-1,1,12,9,8,-12,-1,None
0,-3,-5,0,7,8,-1,-1,-2,1,12,9,8,-12,-1,None
0,-1,0,-1,-6,-10,0,0,-1,1,12,9,8,-12,-1,None
0,0,5,-1,-3,15,0,-1,0,1,12,9,8,-12,-1,None
0,0,5,-1,-3,15,0,-1,0,1,12,9,8,-12,-1,None
0,0,5,-1,-3,15,0,-1,0,1,12,9,8,-12,-1,None
0,-6,-9,0,-7,-3,-2,-3,-3,1,12,9,8,-12,-1,None
0,-1,5,-2,15,6,1,0,-1,1,12,9,8,-12,-1,None
0,-3,-5,-3,-12,-2,-1,-2,-2,1,12,9,8,-12,-1,None
0,3,7,-1,9,-5,-2,-1,-1,1,12,9,8,-12,-1,None
0,3,7,-1,9,-5,-2,-1,-1,1,12,9,8,-12,-1,None
0,3,7,-1,9,-5,-2,-1,-1,1,12,9,8,-12,-1,None
0,-1,-2,-6,-3,2,0,-3,0,1,12,9,8,-12,-1,None
0,-2,1,1,3,0,0,-1,-1,1,12,9,8,-12,-1,None
0,0,-1,-4,6,-3,-3,-1,0,1,12,9,8,-12,-1,None
0,-5,-4,-5,-14,-4,-1,0,-1,1,12,9,8,-12,-1,None
0,-5,-4,-5,-14,-4,-1,0,-1,1,12,9,8,-12,-1,None
0,-5,-4,-5,-14,-4,-1,0,-1,1,12,9,8,-12,-1,None
0,4,6,0,4,0,-1,-1,-3,1,12,9,8,-12,-1,None
