0,-1,5,15,15,-31,-7,-44,-77,0,12,9,1,-12,-3,None
0,-2,-7,-33,-9,16,9,35,74,0,12,9,1,-12,-3,None
0,-3,4,12,-5,-39,-17,-11,-29,0,12,9,1,-12,-3,None
0,-3,4,12,-5,-39,-17,-11,-29,0,12,9,1,-12,-3,None
0,-3,4,12,-5,-39,-17,-11,-29,0,12,9,0,-14,-5,None
0,6,3,-1,35,58,7,19,22,0,12,9,0,-14,-5,None
0,-3,1,17,-17,-12,8,-8,-8,0,12,9,0,-14,-5,None
0,-3,-1,4,13,20,-1,-37,-49,0,12,9,0,-14,-5,None
0,1,3,-3,-24,-58,-14,11,-20,0,12,9,0,-14,-5,None
0,1,3,-3,-24,-58,-14,11,-20,0,12,9,0,-14,-5,None
0,1,3,-3,-24,-58,-14,11,-20,0,12,9,-1,-15,-5,None
0,0,-8,-27,32,11,13,-19,26,0,12,9,-1,-15,-5,None
0,5,2,-6,8,17,15,30,-6,0,12,9,-1,-15,-5,None
0,-2,0,-6,9,20,0,-5,23,0,12,9,-1,-15,-5,None
0,-5,-3,-10,-1,26,7,26,6,0,12,9,-1,-15,-5,None
0,-5,-3,-10,-1,26,7,26,6,0,12,9,-1,-15,-5,None
0,-5,-3,-10,-1,26,7,26,6,0,12,9,-1,-16,-6,None
0,2,4,13,-13,-24,8,-8,40,0,12,9,-1,-16,-6,None
0,-5,-5,-19,-2,-13,-15,-56,-89,0,12,9,-1,-16,-6,None
0,4,-1,-1,-15,4,-9,33,-5,0,12,9,-1,-16,-6,None
0,3,1,3,25,41,33,17,18,0,12,9,-1,-16,-6,None
0,3,1,3,25,41,33,17,18,0,12,8,-1,-16,-6,None
0,3,1,3,25,41,33,17,18,0,12,8,-1,-15,-6,None
0,1,-1,-17,31,-29,-12,3,19,0,12,8,-1,-15,-6,None
0,-7,-6,-18,-21,-4,-13,-18,-27,0,12,8,-1,-15,-6,None
0,-2,0,2,-2,-13,1,0,14,0,12,8,-1,-15,-6,None
0,-9,-3,-9,-9,-32,2,9,-17,0,12,8,-1,-15,-6,None
0,-9,-3,-9,-9,-32,2,9,-17,17,12,8,-1,-15,-6,None
0,-9,-3,-9,-9,-32,2,9,-17,17,12,8,-1,-14,-5,None
0,4,3,2,-27,2,-2,-4,-64,17,12,8,-1,-14,-5,None
0,-2,-1,1,24,18,0,-8,15,17,12,8,-1,-14,-5,None
0,3,2,7,42,-8,3,-30,-67,17,12,8,-1,-14,-5,None
0,-7,-2,-1,-64,-7,-15,40,13,17,12,8,-1,-14,-5,None
0,-7,-2,-1,-64,-7,-15,40,13,17,12,8,-1,-14,-5,None
0,-7,-2,-1,-64,-7,-15,40,13,17,12,8,-2,-13,-4,None
0,-5,2,-2,-14,4,0,-30,53,17,12,8,-2,-13,-4,None
0,10,5,5,-13,12,-1,44,20,17,12,8,-2,-13,-4,None
0,-12,-4,-17,-29,-6,-8,-65,-98,17,12,8,-2,-13,-4,None
0,11,3,2,36,15,14,60,50,17,12,8,-2,-13,-4,None
0,11,3,2,36,15,14,60,50,17,12,8,-2,-13,-4,None
0,11,3,2,36,15,14,60,50,17,12,8,-1,-14,-4,None
0,-6,-2,-2,17,-19,-12,-14,40,17,12,8,-1,-14,-4,None
0,-6,-2,-6,-4,16,4,5,-6,17,12,8,-1,-14,-4,None
0,-4,7,3,-66,-3,-4,-55,-11,17,12,8,-1,-14,-4,None
0,2,-1,-18,-33,11,-3,8,-44,17,12,8,-1,-14,-4,None
0,2,-1,-18,-33,11,-3,8,-44,17,12,8,-1,-14,-4,None
0,2,-1,-18,-33,11,-3,8,-44,17,12,8,-2,-13,-4,None
0,1,4,5,25,1,2,44,121,17,12,8,-2,-13,-4,None
0,-1,2,3,35,14,-8,-59,-111,17,12,8,-2,-13,-4,None
0,-4,6,5,24,-10,3,-4,125,17,12,8,-2,-13,-4,None
0,32,7,5,-3,12,19,50,10,17,12,8,-2,-13,-4,None
0,32,7,5,-3,12,19,50,10,17,12,8,-2,-13,-4,None
0,32,7,5,-3,12,19,50,10,17,12,8,-2,-11,-4,None
0,8,3,0,-23,18,2,-12,-128,17,12,8,-2,-11,-4,None
0,-6,-1,-7,-7,-13,-7,37,122,17,12,8,-2,-11,-4,None
0,-5,7,-8,13,-6,3,25,-18,17,12,8,-2,-11,-4,None
0,2,-1,5,38,11,-3,-51,-40,17,12,8,-2,-11,-4,None
0,2,-1,5,38,11,-3,-51,-40,17,12,8,-2,-11,-4,None
0,2,-1,5,38,11,-3,-51,-40,17,12,8,-2,-11,-4,None
0,-8,-11,-9,0,-10,-17,-34,84,17,12,8,-2,-11,-4,None
0,-31,7,12,13,9,-3,-31,-19,17,12,8,-2,-11,-4,None
0,-5,-1,-10,11,-4,-3,36,111,17,12,8,-2,-11,-4,None
0,-90,-11,-18,-39,-7,-13,-55,85,17,12,8,-2,-11,-4,None
0,-90,-11,-18,-39,-7,-13,-55,85,16,12,7,-2,-11,-4,None
0,-90,-11,-18,-39,-7,-13,-55,85,16,12,7,-2,-10,-4,None
0,31,-6,-6,-8,3,-7,-15,-62,16,12,7,-2,-10,-4,None
0,-23,2,-21,-6,-3,-12,-7,76,16,12,7,-2,-10,-4,None
0,11,-13,-3,-10,-8,-14,-32,-87,16,12,7,-2,-10,-4,None
0,-82,25,3,5,2,0,15,-128,16,12,7,-2,-10,-4,None
0,-82,25,3,5,2,0,15,-128,16,12,7,-2,-10,-4,None
0,-82,25,3,5,2,0,15,-128,16,12,7,-2,-10,-5,None
0,79,-18,-3,3,2,20,80,113,16,12,7,-2,-10,-5,None
0,-70,-3,-11,-24,1,-3,-86,-61,16,12,7,-2,-10,-5,None
0,11,-15,3,8,6,8,30,-120,16,12,7,-2,-10,-5,None
0,3,-19,-4,-3,-12,-16,-17,61,16,12,7,-2,-10,-5,None
0,3,-19,-4,-3,-12,-16,-17,61,16,12,7,-2,-10,-5,None
0,3,-19,-4,-3,-12,-16,-17,61,16,12,7,-1,-10,-2,None
0,-38,37,6,-20,-3,-4,44,-112,16,12,7,-1,-10,-2,None
0,-8,-5,-2,0,8,13,-37,-41,16,12,7,-1,-10,-2,None
0,8,15,7,-1,8,10,95,108,16,12,7,-1,-10,-2,None
0,10,-4,8,12,-3,-6,-91,-66,16,12,7,-1,-10,-2,None
0,10,-4,8,12,-3,-6,-91,-66,16,12,7,-1,-10,-2,None
0,10,-4,8,12,-3,-6,-91,-66,16,12,7,3,-12,2,None
0,-31,-5,14,15,3,-6,3,28,16,12,7,3,-12,2,None
0,45,1,4,26,16,11,-15,-35,16,12,7,3,-12,2,None
0,-75,12,-1,11,-8,-14,-34,-1,16,12,7,3,-12,2,None
0,73,1,-13,6,5,12,127,127,16,12,7,3,-12,2,None
0,73,1,-13,6,5,12,127,127,16,12,7,3,-12,2,None
0,73,1,-13,6,5,12,127,127,16,12,7,-1,-16,-5,None
0,-3,16,-22,-7,-4,-3,-8,-64,16,12,7,-1,-16,-5,None
0,1,1,-23,-5,5,9,8,-28,16,12,7,-1,-16,-5,None
0,21,1,-18,-18,-9,-13,-56,-38,16,12,7,-1,-16,-5,None
0,-3,-11,-18,5,12,9,-29,-74,16,12,7,-1,-16,-5,None
0,-3,-11,-18,5,12,9,-29,-74,16,12,7,-1,-16,-5,None
0,-3,-11,-18,5,12,9,-29,-74,16,12,7,-5,-13,-6,None
0,-23,9,5,-5,6,-1,-68,2,16,12,7,-5,-13,-6,None
0,16,0,14,-12,-7,-13,-6,-16,16,12,7,-5,-13,-6,None
0,-6,-9,18,-5,-4,-4,-42,-17,16,12,7,-5,-13,-6,None
0,25,5,22,9,2,0,-2,-17,16,12,7,-5,-13,-6,None
0,25,5,22,9,2,0,-2,-17,16,12,7,-5,-13,-6,None
0,25,5,22,9,2,0,-2,-17,16,12,7,-6,-9,-8,None
0,-31,-9,13,-2,-12,-18,-104,-98,16,12,7,-6,-9,-8,None
0,8,-9,7,5,8,8,57,19,16,12,7,-6,-9,-8,None
0,1,-9,-2,7,-2,11,11,25,16,12,7,-6,-9,-8,None
0,-3,5,-7,13,5,0,-67,-38,16,12,7,-6,-9,-8,None
0,-3,5,-7,13,5,0,-67,-38,17,12,7,-6,-9,-8,None
0,-3,5,-7,13,5,0,-67,-38,17,12,7,-5,-11,-6,None
0,6,-3,-6,5,1,1,46,38,17,12,7,-5,-11,-6,None
0,18,-2,-1,3,-3,-3,71,91,17,12,7,-5,-11,-6,None
0,7,5,-6,2,4,0,5,10,17,12,7,-5,-11,-6,None
0,27,-2,-8,3,0,8,84,44,17,12,7,-5,-11,-6,None
0,27,-2,-8,3,0,8,84,44,17,12,7,-5,-11,-6,None
0,27,-2,-8,3,0,8,84,44,17,12,7,-4,-15,-5,None
0,-15,-4,-3,0,2,0,-37,-37,17,12,7,-4,-15,-5,None
0,13,-6,1,5,1,-11,6,21,17,12,7,-4,-15,-5,None
0,-4,-1,-5,-4,-2,4,-15,-25,17,12,7,-4,-15,-5,None
0,-9,2,4,-2,4,8,12,31,17,12,7,-4,-15,-5,None
0,-9,2,4,-2,4,8,12,31,17,12,7,-4,-15,-5,None
0,-9,2,4,-2,4,8,12,31,17,12,7,-4,-12,-3,None
0,0,-4,-8,0,-7,-4,39,77,17,12,7,-4,-12,-3,None
0,-5,1,0,-4,-5,-14,-46,-60,17,12,7,-4,-12,-3,None
0,9,1,4,5,18,27,64,69,17,12,7,-4,-12,-3,None
0,-12,-2,-1,-1,-5,-13,-45,19,17,12,7,-4,-12,-3,None
0,-12,-2,-1,-1,-5,-13,-45,19,17,12,7,-4,-12,-3,None
0,-12,-2,-1,-1,-5,-13,-45,19,17,12,7,-4,-12,-3,None
0,8,3,-3,1,2,4,3,-108,17,12,7,-4,-12,-3,None
0,3,5,-5,-2,-4,0,1,13,17,12,7,-4,-12,-3,None
0,-2,-2,-7,11,4,-4,-14,-12,17,12,7,-4,-12,-3,None
0,4,4,-5,0,-5,-6,-13,-13,17,12,7,-4,-12,-3,None
0,4,4,-5,0,-5,-6,-13,-13,17,12,7,-4,-12,-3,None
0,4,4,-5,0,-5,-6,-13,-13,17,12,7,-5,-12,-4,None
0,3,3,3,-21,4,-1,0,-15,17,12,7,-5,-12,-4,None
0,-2,1,-5,6,-1,3,-25,-32,17,12,7,-5,-12,-4,None
0,8,1,-4,-19,5,0,40,16,17,12,7,-5,-12,-4,None
0,-2,0,2,29,-1,5,3,15,17,12,7,-5,-12,-4,None
0,-2,0,2,29,-1,5,3,15,17,12,7,-5,-12,-4,None
0,-2,0,2,29,-1,5,3,15,17,12,7,-5,-12,-4,None
0,-5,-1,6,1,-2,-27,-25,12,17,12,7,-5,-12,-4,None
0,-3,-1,3,28,-7,-14,0,-27,17,12,7,-5,-12,-4,None
0,-3,-5,-8,-44,-15,-14,-37,-22,17,12,7,-5,-12,-4,None
0,0,1,8,-10,13,29,-14,-17,17,12,7,-5,-12,-4,None
0,0,1,8,-10,13,29,-14,-17,17,12,7,-5,-12,-4,None
0,0,1,8,-10,13,29,-14,-17,17,12,7,-4,-13,-4,None
0,-5,-3,-12,12,12,6,7,19,17,12,7,-4,-13,-4,None
0,2,2,-4,-9,-16,-20,6,15,17,12,7,-4,-13,-4,None
0,-2,2,0,19,3,-22,0,-22,17,12,7,-4,-13,-4,None
0,-8,1,13,19,3,-47,-19,-6,17,12,7,-4,-13,-4,None
0,-8,1,13,19,3,-47,-19,-6,17,12,7,-4,-13,-4,None
0,-8,1,13,19,3,-47,-19,-6,17,12,7,-4,-13,-3,None
0,-1,0,-5,-33,-16,44,2,12,17,12,7,-4,-13,-3,None
0,1,0,-2,1,29,27,20,9,17,12,7,-4,-13,-3,None
0,-1,0,-8,5,-15,-5,-21,-11,17,12,7,-4,-13,-3,None
0,-2,0,1,-25,-3,-35,-11,-21,17,12,7,-4,-13,-3,None
0,-2,0,1,-25,-3,-35,-11,-21,17,12,7,-4,-13,-3,None
0,-2,0,1,-25,-3,-35,-11,-21,17,12,7,-4,-13,-3,None
0,2,2,1,-9,-2,19,4,16,17,12,7,-4,-13,-3,None
0,-3,-1,-1,16,2,-11,1,-3,17,12,7,-4,-13,-3,None
0,-1,0,5,-9,6,3,-8,-8,17,12,7,-4,-13,-3,None
0,-1,2,-6,-3,-3,21,-2,0,17,12,7,-4,-13,-3,None
0,-1,2,-6,-3,-3,21,-2,0,17,12,7,-4,-13,-3,None
0,-1,2,-6,-3,-3,21,-2,0,17,12,7,-3,-13,-3,None
0,-3,0,5,36,5,-11,4,2,17,12,7,-3,-13,-3,None
0,-4,-4,-7,-41,-7,7,-11,2,17,12,7,-3,-13,-3,None
0,1,2,2,2,3,1,-11,-4,17,12,7,-3,-13,-3,None
0,-3,-4,-9,7,-2,1,-12,-1,17,12,7,-3,-13,-3,None
0,-3,-4,-9,7,-2,1,-12,-1,17,12,7,-3,-13,-3,None
0,-3,-4,-9,7,-2,1,-12,-1,17,12,7,-2,-12,-2,None
0,-1,-1,-4,4,3,2,-13,-3,17,12,7,-2,-12,-2,None
0,0,2,-2,1,5,1,-13,-22,17,12,7,-2,-12,-2,None
0,-2,1,6,19,-2,-8,-6,-11,17,12,7,-2,-12,-2,None
0,-3,-2,-4,-11,0,5,7,-27,17,12,7,-2,-12,-2,None
0,-3,-2,-4,-11,0,5,7,-27,17,12,7,-2,-12,-2,None
0,-3,-2,-4,-11,0,5,7,-27,17,12,7,-1,-11,-2,None
0,0,0,1,-5,3,-6,13,10,17,12,7,-1,-11,-2,None
0,-1,1,1,6,-2,-7,10,-6,17,12,7,-1,-11,-2,None
0,0,0,-1,3,3,9,6,-3,17,12,7,-1,-11,-2,None
0,-1,2,-1,-9,-7,0,16,0,17,12,7,-1,-11,-2,None
0,-1,2,-1,-9,-7,0,16,0,17,12,7,-1,-11,-2,None
0,-1,2,-1,-9,-7,0,16,0,17,12,7,-2,-11,-3,None
0,-5,-2,-1,8,5,-7,16,15,17,12,7,-2,-11,-3,None
0,-2,1,-5,-14,-5,2,12,15,17,12,7,-2,-11,-3,None
0,1,0,1,11,-7,-3,-9,10,17,12,7,-2,-11,-3,None
0,-1,-1,-2,-29,4,4,-2,-8,17,12,7,-2,-11,-3,None
0,-1,-1,-2,-29,4,4,-2,-8,17,12,8,-2,-11,-3,None
0,-1,-1,-2,-29,4,4,-2,-8,17,12,8,-2,-12,-4,None
0,-2,0,-3,16,2,-6,-15,-1,17,12,8,-2,-12,-4,None
0,3,3,2,-38,-3,2,16,12,17,12,8,-2,-12,-4,None
0,-4,-2,-3,58,17,0,-9,-1,17,12,8,-2,-12,-4,None
0,-2,0,0,-5,-1,-4,-6,2,17,12,8,-2,-12,-4,None
0,-2,0,0,-5,-1,-4,-6,2,17,12,8,-2,-12,-4,None
0,-2,0,0,-5,-1,-4,-6,2,17,12,8,-1,-13,-4,None
0,-1,0,-5,-18,-4,-3,-8,2,17,12,8,-1,-13,-4,None
0,0,1,-8,-16,-14,7,8,6,17,12,8,-1,-13,-4,None
0,1,2,-5,53,18,1,-6,-8,17,12,8,-1,-13,-4,None
0,0,0,-1,-16,-1,3,-2,4,17,12,8,-1,-13,-4,None
0,0,0,-1,-16,-1,3,-2,4,17,12,8,-1,-13,-4,None
0,0,0,-1,-16,-1,3,-2,4,17,12,8,-2,-14,-4,None
0,-3,-1,-7,-30,35,-2,-1,-6,17,12,8,-2,-14,-4,None
0,-1,-1,8,-26,-26,-4,-4,-6,17,12,8,-2,-14,-4,None
0,-1,-3,2,-38,-27,-3,-9,-23,17,12,8,-2,-14,-4,None
0,0,2,4,8,9,0,1,21,17,12,8,-2,-14,-4,None
0,0,2,4,8,9,0,1,21,17,12,8,-2,-14,-4,None
0,0,2,4,8,9,0,1,21,17,12,8,-2,-13,-3,None
0,-1,5,13,41,9,-2,-3,27,17,12,8,-2,-13,-3,None
0,-2,-2,3,14,10,-1,-4,11,17,12,8,-2,-13,-3,None
0,-7,0,11,-35,41,9,3,-24,17,12,8,-2,-13,-3,None
0,-2,-2,15,24,-64,-7,-4,-10,17,12,8,-2,-13,-3,None
0,-2,-2,15,24,-64,-7,-4,-10,17,12,8,-2,-13,-3,None
0,-2,-2,15,24,-64,-7,-4,-10,17,12,8,-2,-13,-2,None
0,-2,-4,7,-32,12,-4,-4,-11,17,12,8,-2,-13,-2,None
0,2,2,12,72,-12,5,5,4,17,12,8,-2,-13,-2,None
0,1,2,3,-13,-8,-3,-22,6,17,12,8,-2,-13,-2,None
0,0,2,-1,-57,3,-2,-2,-9,17,12,8,-2,-13,-2,None
0,0,2,-1,-57,3,-2,-2,-9,0,12,8,-2,-13,-2,None
0,0,2,-1,-57,3,-2,-2,-9,0,12,8,-1,-14,-2,None
0,3,1,0,19,13,1,4,-1,0,12,8,-1,-14,-2,None
0,-3,-1,-16,42,27,5,-7,-11,0,12,8,-1,-14,-2,None
0,1,0,-8,-47,16,12,7,11,0,12,8,-1,-14,-2,None
0,2,7,2,123,18,5,9,-5,0,12,8,-1,-14,-2,None
0,2,7,2,123,18,5,9,-5,0,12,8,-1,-14,-2,None
0,2,7,2,123,18,5,9,-5,0,12,8,0,-15,-3,None
0,-1,-2,-38,-91,-95,-16,-2,-5,0,12,8,0,-15,-3,None
0,0,-1,-15,58,48,-12,-5,2,0,12,8,0,-15,-3,None
0,-1,1,-11,45,-26,-3,2,10,0,12,8,0,-15,-3,None
0,-3,-2,-17,4,45,2,-5,1,0,12,8,0,-15,-3,None
0,-3,-2,-17,4,45,2,-5,1,0,12,8,0,-15,-3,None
0,-3,-2,-17,4,45,2,-5,1,0,12,8,0,-15,-3,None
0,-3,2,-2,51,9,6,-3,-6,0,12,8,0,-15,-3,None
0,2,2,-9,-19,10,-4,3,-1,0,12,8,0,-15,-3,None
0,-3,-4,-28,-34,-38,-10,0,-1,0,12,8,0,-15,-3,None
0,0,-1,-6,-42,86,1,-5,-2,0,12,8,0,-15,-3,None
0,0,-1,-6,-42,86,1,-5,-2,0,13,8,0,-15,-3,None
0,0,-1,-6,-42,86,1,-5,-2,0,13,8,0,-14,-4,None
0,3,4,-25,38,-71,-1,2,-6,0,13,8,0,-14,-4,None
0,-6,-4,-23,-13,-26,-5,-5,-1,0,13,8,0,-14,-4,None
0,-1,2,6,-21,-11,1,2,-5,0,13,8,0,-14,-4,None
0,-6,-5,-24,-31,15,-8,-5,-7,0,13,8,0,-14,-4,None
0,-6,-5,-24,-31,15,-8,-5,-7,0,13,8,0,-14,-4,None
0,-6,-5,-24,-31,15,-8,-5,-7,0,13,8,1,-12,-3,None
0,1,1,9,23,35,12,3,2,0,13,8,1,-12,-3,None
0,-2,5,4,-26,-25,7,7,0,0,13,8,1,-12,-3,None
0,3,1,-7,51,10,-3,-5,0,0,13,8,1,-12,-3,None
0,-2,-1,-8,-47,-32,-6,-4,-1,0,13,8,1,-12,-3,None
0,-2,-1,-8,-47,-32,-6,-4,-1,0,13,8,1,-12,-3,None
0,-2,-1,-8,-47,-32,-6,-4,-1,0,13,8,3,-13,-3,None
0,-2,-1,-2,-2,-3,-18,-2,-5,0,13,8,3,-13,-3,None
0,-5,0,3,70,23,17,3,-11,0,13,8,3,-13,-3,None
0,-1,-2,-3,-49,5,1,1,3,0,13,8,3,-13,-3,None
0,1,4,17,-37,-43,2,0,1,0,13,8,3,-13,-3,None
0,1,4,17,-37,-43,2,0,1,0,13,9,3,-13,-3,None
0,1,4,17,-37,-43,2,0,1,0,13,9,4,-14,-4,None
0,-3,-3,-8,43,49,1,-4,-3,0,13,9,4,-14,-4,None
0,-4,-3,-7,-94,2,-16,-8,-4,0,13,9,4,-14,-4,None
0,-1,4,23,84,-27,-3,-2,-3,0,13,9,4,-14,-4,None
0,-3,-2,-1,34,-32,-1,-5,-2,0,13,9,4,-14,-4,None
0,-3,-2,-1,34,-32,-1,-5,-2,1,13,9,4,-14,-4,None
0,-3,-2,-1,34,-32,-1,-5,-2,1,13,9,5,-15,-4,None
0,-2,-1,9,6,10,8,5,-1,1,13,9,5,-15,-4,None
0,5,2,-1,-9,5,-4,0,0,1,13,9,5,-15,-4,None
0,-4,-2,1,59,66,-3,-13,0,1,13,9,5,-15,-4,None
0,0,0,-4,-14,-21,-6,5,3,1,13,9,5,-15,-4,None
0,0,0,-4,-14,-21,-6,5,3,1,13,9,5,-15,-4,None
0,0,0,-4,-14,-21,-6,5,3,1,13,9,6,-14,-3,None
0,-7,-2,-1,-44,-20,-11,-9,-14,1,13,9,6,-14,-3,None
0,-3,-2,-3,62,36,12,1,-4,1,13,9,6,-14,-3,None
0,-3,4,8,88,32,-1,2,0,1,13,9,6,-14,-3,None
0,-3,-6,-13,35,48,-8,-12,-5,1,13,9,6,-14,-3,None
0,-3,-6,-13,35,48,-8,-12,-5,1,13,9,6,-14,-3,None
0,-3,-6,-13,35,48,-8,-12,-5,1,13,9,7,-14,-4,None
0,1,1,-2,4,-76,1,2,3,1,13,9,7,-14,-4,None
0,1,3,9,5,31,-1,-1,-1,1,13,9,7,-14,-4,None
0,-3,1,-6,-88,-52,1,7,-3,1,13,9,7,-14,-4,None
0,2,4,-16,60,21,9,2,2,1,13,9,7,-14,-4,None
0,2,4,-16,60,21,9,2,2,1,12,9,7,-14,-4,None
0,2,4,-16,60,21,9,2,2,1,12,9,7,-15,-3,None
0,-3,0,1,-86,37,1,-2,-5,1,12,9,7,-15,-3,None
0,-3,-3,-3,-36,-18,-4,-10,-1,1,12,9,7,-15,-3,None
0,2,2,4,10,10,1,4,-2,1,12,9,7,-15,-3,None
0,-4,-4,-36,-68,-60,-7,-2,-5,1,12,9,7,-15,-3,None
0,-4,-4,-36,-68,-60,-7,-2,-5,1,12,9,7,-15,-3,None
0,-4,-4,-36,-68,-60,-7,-2,-5,1,12,9,7,-14,-2,None
0,3,7,-11,23,-33,-3,2,-1,1,12,9,7,-14,-2,None
0,0,3,27,25,56,8,-2,1,1,12,9,7,-14,-2,None
0,-1,-4,-25,-10,23,0,-2,3,1,12,9,7,-14,-2,None
0,0,-1,15,-9,-55,-5,-1,4,1,12,9,7,-14,-2,None
0,0,-1,15,-9,-55,-5,-1,4,1,12,9,7,-14,-2,None
0,0,-1,15,-9,-55,-5,-1,4,1,12,9,7,-13,-2,None
0,-1,3,-5,-44,-8,-6,-4,-9,1,12,9,7,-13,-2,None
0,-5,-6,-13,-67,-64,-12,-5,1,1,12,9,7,-13,-2,None
0,2,-1,16,51,60,6,1,1,1,12,9,7,-13,-2,None
0,0,1,-11,-40,-44,-5,-2,-1,1,12,9,7,-13,-2,None
0,0,1,-11,-40,-44,-5,-2,-1,1,12,9,7,-13,-2,None
0,0,1,-11,-40,-44,-5,-2,-1,1,12,9,7,-13,-1,None
0,-1,-2,0,32,13,3,-1,5,1,12,9,7,-13,-1,None
0,2,7,3,-18,-62,-3,2,1,1,12,9,7,-13,-1,None
0,-2,-4,0,4,28,1,-4,-4,1,12,9,7,-13,-1,None
0,-2,-1,3,5,16,-3,-6,2,1,12,9,7,-13,-1,None
0,-2,-1,3,5,16,-3,-6,2,1,12,9,7,-13,-1,None
0,-2,-1,3,5,16,-3,-6,2,1,12,9,7,-14,-1,None
0,0,4,-9,-26,-8,-5,-2,-4,1,12,9,7,-14,-1,None
0,1,25,-7,4,-27,-3,1,-1,1,12,9,7,-14,-1,None
0,-3,-7,-6,10,37,-1,-4,-4,1,12,9,7,-14,-1,None
0,0,3,20,66,10,-1,-3,1,1,12,9,7,-14,-1,None
0,0,3,20,66,10,-1,-3,1,1,12,9,7,-14,-1,None
0,0,3,20,66,10,-1,-3,1,1,12,9,8,-13,-1,None
0,-2,-11,-34,45,23,3,3,2,1,12,9,8,-13,-1,None
0,0,9,0,25,18,-3,-3,-2,1,12,9,8,-13,-1,None
0,-1,7,-3,-42,42,-1,0,-1,1,12,9,8,-13,-1,None
0,-4,-5,1,9,0,1,-4,-6,1,12,9,8,-13,-1,None
0,-4,-5,1,9,0,1,-4,-6,1,12,9,8,-13,-1,None
0,-4,-5,1,9,0,1,-4,-6,1,12,9,8,-13,-2,None
0,-2,14,19,32,20,0,0,0,1,12,9,8,-13,-2,None
0,0,-16,-17,-15,-79,-4,-1,-8,1,12,9,8,-13,-2,None
0,-1,3,-10,-37,-27,-8,-4,5,1,12,9,8,-13,-2,None
0,-2,-3,4,8,-18,4,3,-3,1,12,9,8,-13,-2,None
0,-2,-3,4,8,-18,4,3,-3,1,12,9,8,-13,-2,None
0,-2,-3,4,8,-18,4,3,-3,1,12,9,8,-11,-2,None
0,1,-3,11,8,102,4,-2,-1,1,12,9,8,-11,-2,None
0,2,0,1,20,44,1,2,-1,1,12,9,8,-11,-2,None
0,-5,-4,1,-39,-45,-3,0,-7,1,12,9,8,-11,-2,None
0,-3,4,-5,17,28,1,-3,-5,1,12,9,8,-11,-2,None
0,-3,4,-5,17,28,1,-3,-5,1,12,9,8,-11,-2,None
0,-3,4,-5,17,28,1,-3,-5,1,12,9,7,-11,-2,None
0,0,1,16,11,-36,2,0,2,1,12,9,7,-11,-2,None
0,-2,0,-2,7,2,-4,-3,-2,1,12,9,7,-11,-2,None
0,-5,-19,-8,-13,-31,-1,-1,-1,1,12,9,7,-11,-2,None
0,-1,1,-3,-13,-35,-2,-4,4,1,12,9,7,-11,-2,None
0,-1,1,-3,-13,-35,-2,-4,4,1,12,9,7,-11,-2,None
0,-1,1,-3,-13,-35,-2,-4,4,1,12,9,8,-13,-3,None
0,0,26,-1,20,83,-9,-9,-11,1,12,9,8,-13,-3,None
0,-3,-22,2,8,16,2,-2,2,1,12,9,8,-13,-3,None
0,7,9,-7,-6,-38,-5,-3,-5,1,12,9,8,-13,-3,None
0,-3,0,1,23,18,0,1,-2,1,12,9,8,-13,-3,None
0,-3,0,1,23,18,0,1,-2,1,12,9,8,-13,-3,None
0,-3,0,1,23,18,0,1,-2,1,12,9,8,-14,-3,None
0,3,-2,5,-20,-40,-1,0,1,1,12,9,8,-14,-3,None
0,-3,6,-6,-27,2,-1,-2,0,1,12,9,8,-14,-3,None
0,-2,3,-5,-10,-33,-6,-1,-2,1,12,9,8,-14,-3,None
0,0,4,2,-17,21,3,1,-1,1,12,9,8,-14,-3,None
0,0,4,2,-17,21,3,1,-1,1,12,9,8,-14,-3,None
0,0,4,2,-17,21,3,1,-1,1,12,9,8,-13,-2,None
0,0,-12,1,9,-8,1,-1,-1,1,12,9,8,-13,-2,None
0,1,3,4,17,18,-1,2,1,1,12,9,8,-13,-2,None
0,-4,-4,5,56,14,2,-1,1,1,12,9,8,-13,-2,None
0,-3,-6,-13,-68,-17,-7,-6,-6,1,12,9,8,-13,-2,None
0,-3,-6,-13,-68,-17,-7,-6,-6,1,12,9,8,-13,-2,None
0,-3,-6,-13,-68,-17,-7,-6,-6,1,12,9,7,-13,-1,None
0,-3,-5,2,6,24,1,0,0,1,12,9,7,-13,-1,None
0,0,-2,0,6,6,0,-2,-1,1,12,9,7,-13,-1,None
0,-1,8,4,14,-7,0,-2,0,1,12,9,7,-13,-1,None
0,2,5,5,7,37,2,2,0,1,12,9,7,-13,-1,None
0,2,5,5,7,37,2,2,0,1,12,9,7,-13,-1,None
0,2,5,5,7,37,2,2,0,1,12,9,7,-13,0,None
0,-4,-4,0,-20,-60,-4,-2,-1,1,12,9,7,-13,0,None
0,4,19,0,20,15,1,1,1,1,12,9,7,-13,0,None
0,-3,-1,-5,-38,-1,0,2,-4,1,12,9,7,-13,0,None
0,-1,2,0,7,2,0,-1,-3,1,12,9,7,-13,0,None
0,-1,2,0,7,2,0,-1,-3,1,12,9,7,-13,0,None
0,-1,2,0,7,2,0,-1,-3,1,12,9,8,-12,0,None
0,-4,-9,-2,-17,-13,-2,-2,-2,1,12,9,8,-12,0,None
0,-2,4,2,7,5,-1,-1,-1,1,12,9,8,-12,0,None
0,1,13,-4,-26,-26,-3,-2,-1,1,12,9,8,-12,0,None
0,-3,-20,-5,40,46,0,-2,-2,1,12,9,8,-12,0,None
0,-3,-20,-5,40,46,0,-2,-2,1,12,9,8,-12,0,None
0,-3,-20,-5,40,46,0,-2,-2,1,12,9,8,-13,0,None
0,0,-26,1,31,30,3,-1,-6,1,12,9,8,-13,0,None
0,-5,-10,-9,-77,-27,-3,-2,3,1,12,9,8,-13,0,None
0,0,-1,-1,0,13,-1,-3,-2,1,12,9,8,-13,0,None
0,-2,6,1,-11,-9,-1,0,1,1,12,9,8,-13,0,None
0,-2,6,1,-11,-9,-1,0,1,1,12,9,8,-13,0,None
0,-2,6,1,-11,-9,-1,0,1,1,12,9,8,-13,0,None
0,0,9,-1,1,-8,-1,-1,0,1,12,9,8,-13,0,None
0,-2,-9,-3,11,6,-1,-3,-4,1,12,9,8,-13,0,None
0,-2,-6,-6,-13,-19,-3,-3,-1,1,12,9,8,-13,0,None
0,1,10,1,13,6,2,0,1,1,12,9,8,-13,0,None
0,1,10,1,13,6,2,0,1,1,12,9,8,-13,0,None
0,1,10,1,13,6,2,0,1,1,12,9,8,-13,0,None
0,-2,0,-3,-5,9,-2,-3,-2,1,12,9,8,-13,0,None
0,-1,-2,-2,7,-1,-1,0,-3,1,12,9,8,-13,0,None
0,0,10,-3,0,2,0,-1,1,1,12,9,8,-13,0,None
0,-1,2,1,10,-5,-1,-2,-1,1,12,9,8,-13,0,None
0,-1,2,1,10,-5,-1,-2,-1,1,12,9,8,-13,0,None
0,-1,2,1,10,-5,-1,-2,-1,1,12,9,8,-12,-1,None
0,-1,5,2,22,0,0,-1,0,1,12,9,8,-12,-1,None
0,2,8,-1,-9,2,-1,-1,-2,1,12,9,8,-12,-1,None
0,-8,-42,-7,2,20,-3,0,-5,1,12,9,8,-12,-1,None
0,-3,-1,1,-2,-13,-3,-4,-2,1,12,9,8,-12,-1,None
0,-3,-1,1,-2,-13,-3,-4,-2,1,12,9,8,-12,-1,None
0,-3,-1,1,-2,-13,-3,-4,-2,1,12,9,8,-12,-1,None
0,-3,1,-4,-7,10,-1,-1,-1,1,12,9,8,-12,-1,None
0,-2,-1,2,14,6,0,-3,-2,1,12,9,8,-12,-1,None
0,2,8,-1,-5,-7,0,-2,-1,1,12,9,8,-12,-1,None
0,0,3,-3,0,-6,-2,-1,0,1,12,9,8,-12,-1,None
0,0,3,-3,0,-6,-2,-1,0,1,12,9,8,-12,-1,None
0,0,3,-3,0,-6,-2,-1,0,1,12,9,8,-12,-1,None
0,0,-1,-1,-4,-9,-3,-1,-2,1,12,9,8,-12,-1,None
0,-7,-5,-3,-11,-3,-2,-5,-3,1,12,9,8,-12,-1,None
0,3,29,1,-1,-17,-1,4,0,1,12,9,8,-12,-1,None
0,-3,-26,-3,15,31,3,-2,-2,1,12,9,8,-12,-1,None
0,-3,-26,-3,15,31,3,-2,-2,1,12,9,8,-12,-1,None
0,-3,-26,-3,15,31,3,-2,-2,1,12,9,8,-12,-2,None
0,-2,5,-2,-13,-9,-1,-2,-3,1,12,9,8,-12,-2,None
0,-1,-5,-4,-5,10,-3,-3,-2,1,12,9,8,-12,-2,None
0,-1,4,-4,-8,-5,0,-2,-1,1,12,9,8,-12,-2,None
0,1,10,2,7,-7,0,2,-1,1,12,9,8,-12,-2,None
0,1,10,2,7,-7,0,2,-1,1,12,9,8,-12,-2,None
0,1,10,2,7,-7,0,2,-1,1,12,9,8,-12,-2,None
0,0,1,-3,-7,-12,-3,-3,1,1,12,9,8,-12,-2,None
0,-3,-3,-6,1,0,-1,1,-3,1,12,9,8,-12,-2,None
0,-2,-2,0,4,1,-2,-3,-3,1,12,9,8,-12,-2,None
0,5,6,0,-3,0,-1,-1,0,1,12,9,8,-12,-2,None
0,5,6,0,-3,0,-1,-1,0,1,12,9,8,-12,-2,None
0,5,6,0,-3,0,-1,-1,0,1,12,9,8,-11,-2,None
0,-1,-1,1,-25,-3,0,1,-1,1,12,9,8,-11,-2,None
0,-1,6,-5,39,5,-5,-2,-3,1,12,9,8,-11,-2,None
0,-3,-13,-2,-13,18,3,-2,-4,1,12,9,8,-11,-2,None
0,-2,2,-3,-16,-11,-3,-3,-2,1,12,9,8,-11,-2,None
0,-2,2,-3,-16,-11,-3,-3,-2,1,12,9,8,-11,-2,None
0,-2,2,-3,-16,-11,-3,-3,-2,1,12,9,8,-11,-2,None
0,-1,3,-4,0,6,1,0,0,1,12,9,8,-11,-2,None
0,1,-4,1,3,-7,-1,-1,0,1,12,9,8,-11,-2,None
0,0,6,-3,-2,-6,-1,-2,-1,1,12,9,8,-11,-2,None
0,-2,3,-2,4,6,0,-3,-2,1,12,9,8,-11,-2,None
0,-2,3,-2,4,6,0,-3,-2,1,12,9,8,-11,-2,None
0,-2,3,-2,4,6,0,-3,-2,1,12,9,8,-11,-2,None
0,-5,-8,-2,1,-3,0,0,-1,1,12,9,8,-11,-2,None
0,6,36,10,18,-7,1,0,2,1,12,9,8,-11,-2,None
0,-3,-15,-11,22,14,-2,-7,-5,1,12,9,8,-11,-2,None
0,-5,1,-5,-6,5,-4,-3,-1,1,12,9,8,-11,-2,None
0,-5,1,-5,-6,5,-4,-3,-1,1,12,9,8,-11,-2,None
0,-5,1,-5,-6,5,-4,-3,-1,1,12,9,8,-11,-2,None
0,0,3,-1,-2,-3,-1,-2,-1,1,12,9,8,-11,-2,None
0,-2,-3,-3,-2,0,1,-1,0,1,12,9,8,-11,-2,None
0,1,5,2,-9,-7,-2,0,1,1,12,9,8,-11,-2,None
0,-1,1,0,4,-5,0,1,-1,1,12,9,8,-11,-2,None
0,-1,1,0,4,-5,0,1,-1,1,12,9,8,-11,-2,None
0,-1,1,0,4,-5,0,1,-1,1,12,9,8,-12,-2,None
0,0,2,-4,9,-1,-1,-2,-1,1,12,9,8,-12,-2,None
0,-2,-10,-5,-15,0,-2,-2,-2,1,12,9,8,-12,-2,None
0,-1,2,1,-3,-5,-2,-1,-1,1,12,9,8,-12,-2,None
0,-1,4,-3,-6,2,0,0,-1,1,12,9,8,-12,-2,None
0,-1,4,-3,-6,2,0,0,-1,1,12,9,8,-12,-2,None
0,-1,4,-3,-6,2,0,0,-1,1,12,9,8,-12,-1,None
0,-2,8,0,12,3,-1,-1,0,1,12,9,8,-12,-1,None
0,-1,15,-2,-43,-6,0,0,-2,1,12,9,8,-12,-1,None
0,2,-2,-2,-37,-1,-2,1,0,1,12,9,8,-12,-1,None
0,0,0,-2,12,9,-3,-3,-3,1,12,9,8,-12,-1,None
0,0,0,-2,12,9,-3,-3,-3,1,12,9,8,-12,-1,None
0,0,0,-2,12,9,-3,-3,-3,1,12,9,8,-12,-1,None
0,-4,-1,1,-2,18,0,-1,-2,1,12,9,8,-12,-1,None
0,0,-2,0,1,0,0,0,-1,1,12,9,8,-12,-1,None
0,0,5,0,12,-2,-1,-2,0,1,12,9,8,-12,-1,None
0,-1,5,-1,-11,-13,-1,0,-1,1,12,9,8,-12,-1,None
0,-1,5,-1,-11,-13,-1,0,-1,1,12,9,8,-12,-1,None
0,-1,5,-1,-11,-13,-1,0,-1,1,12,9,8,-12,-1,None
0,0,-1,-2,-7,-12,-5,-1,0,1,12,9,8,-12,-1,None
0,-5,-11,-4,15,7,-3,-1,-2,1,12,9,8,-12,-1,None
0,-4,6,1,-5,5,-1,0,0,1,12,9,8,-12,-1,None
0,2,-4,-1,-11,-17,-1,-1,-3,1,12,9,8,-12,-1,None
0,2,-4,-1,-11,-17,-1,-1,-3,1,12,9,8,-12,-1,None
0,2,-4,-1,-11,-17,-1,-1,-3,1,12,9,8,-11,-1,None
0,-2,1,-1,18,22,1,-1,-2,1,12,9,8,-11,-1,None
0,-2,-10,-4,7,2,0,-3,-3,1,12,9,8,-11,-1,None
0,-1,3,0,3,-4,0,-1,-1,1,12,9,8,-11,-1,None
0,-2,4,-2,-3,1,0,0,-1,1,12,9,8,-11,-1,None
0,-2,4,-2,-3,1,0,0,-1,1,12,9,8,-11,-1,None
0,-2,4,-2,-3,1,0,0,-1,1,12,9,8,-11,-1,None
0,-3,-1,-3,-7,-8,-3,-1,-3,1,12,9,8,-11,-1,None
0,4,-7,-4,-4,-5,-2,0,0,1,12,9,8,-11,-1,None
0,-4,10,-1,-1,1,-1,-3,-2,1,12,9,8,-11,-1,None
0,-1,2,-2,-1,15,0,-3,-1,1,12,9,8,-11,-1,None
0,-1,2,-2,-1,15,0,-3,-1,1,12,9,8,-11,-1,None
0,-1,2,-2,-1,15,0,-3,-1,1,12,9,9,-11,-1,None
0,0,-2,-5,-9,-4,-2,-3,-2,1,12,9,9,-11,-1,None
0,-3,-4,0,-1,3,1,-2,-2,1,12,9,9,-11,-1,None
0,0,5,-2,11,-3,-2,-1,-1,1,12,9,9,-11,-1,None
0,-1,-25,-3,1,-6,-2,-1,0,1,12,9,9,-11,-1,None
0,-1,-25,-3,1,-6,-2,-1,0,1,12,9,9,-11,-1,None
0,-1,-25,-3,1,-6,-2,-1,0,1,12,9,8,-11,-2,None
0,0,5,0,-6,-6,-1,-2,-2,1,12,9,8,-11,-2,None
0,2,26,-1,-5,4,-1,-1,-1,1,12,9,8,-11,-2,None
0,-1,-15,-1,3,-3,1,-1,-1,1,12,9,8,-11,-2,None
0,-2,6,-5,-11,2,-6,-5,-2,1,12,9,8,-11,-2,None
0,-2,6,-5,-11,2,-6,-5,-2,1,12,9,8,-11,-2,None
0,-2,6,-5,-11,2,-6,-5,-2,1,12,9,8,-12,-2,None
0,-1,-5,-1,3,6,1,-2,-2,1,12,9,8,-12,-2,None
0,-2,-1,0,-3,0,-2,-1,-3,1,12,9,8,-12,-2,None
0,1,3,-2,-1,-4,0,-1,-2,1,12,9,8,-12,-2,None
0,1,6,2,7,0,-1,0,0,1,12,9,8,-12,-2,None
0,1,6,2,7,0,-1,0,0,1,12,9,8,-12,-2,None
0,1,6,2,7,0,-1,0,0,1,12,9,8,-12,-1,None
0,0,0,-2,1,-5,-1,-1,-2,1,12,9,8,-12,-1,None
0,-6,-25,-3,-3,-1,-3,-2,-1,1,12,9,8,-12,-1,None
0,3,0,-1,3,4,-2,-1,-2,1,12,9,8,-12,-1,None
0,-1,2,2,7,-4,0,-1,0,1,12,9,8,-12,-1,None
0,-1,2,2,7,-4,0,-1,0,1,12,9,8,-12,-1,None
0,-1,2,2,7,-4,0,-1,0,1,12,9,8,-12,-1,None
0,-1,-4,-3,-14,-7,0,-1,0,1,12,9,8,-12,-1,None
0,-1,1,-1,11,14,0,-3,-1,1,12,9,8,-12,-1,None
0,-3,-4,-3,-16,-6,-3,-2,-1,1,12,9,8,-12,-1,None
0,-2,3,-2,-1,0,0,0,-3,1,12,9,8,-12,-1,None
0,-2,3,-2,-1,0,0,0,-3,1,12,9,8,-12,-1,None
0,-2,3,-2,-1,0,0,0,-3,1,12,9,8,-12,-1,None
0,0,5,-1,-8,-8,-2,-2,0,1,12,9,8,-12,-1,None
0,-4,-1,-2,-7,-5,-1,-1,-2,1,12,9,8,-12,-1,None
0,0,2,-1,8,-2,-3,-1,0,1,12,9,8,-12,-1,None
0,1,5,1,-2,7,2,0,-2,1,12,9,8,-12,-1,None
0,1,5,1,-2,7,2,0,-2,1,12,9,8,-12,-1,None
0,1,5,1,-2,7,2,0,-2,1,12,9,8,-12,-1,None
0,-2,1,-4,16,3,-1,-2,-1,1,12,9,8,-12,-1,None
0,-2,-5,-1,1,-8,-4,-1,-3,1,12,9,8,-12,-1,None
0,4,31,-1,4,9,1,-2,0,1,12,9,8,-12,-1,None
0,-4,-29,-2,-3,-5,0,0,-1,1,12,9,8,-12,-1,None
0,-4,-29,-2,-3,-5,0,0,-1,1,12,9,8,-12,-1,None
0,-4,-29,-2,-3,-5,0,0,-1,1,12,9,8,-11,-1,None
0,-1,-4,-3,-3,1,0,0,-1,1,12,9,8,-11,-1,None
0,2,-2,-2,-4,-2,0,-1,0,1,12,9,8,-11,-1,None
0,0,7,-3,-1,-4,-2,-2,-2,1,12,9,8,-11,-1,None
0,-1,7,-3,4,4,-2,-1,-1,1,12,9,8,-11,-1,None
0,-1,7,-3,4,4,-2,-1,-1,1,12,9,8,-11,-1,None
0,-1,7,-3,4,4,-2,-1,-1,1,12,9,8,-11,-2,None
0,-4,1,3,15,2,-1,-1,-1,1,12,9,8,-11,-2,None
0,0,-6,-2,-9,-9,-3,-2,-1,1,12,9,8,-11,-2,None
0,-8,-6,-6,-3,-1,1,-3,-3,1,12,9,8,-11,-2,None
0,-1,6,-1,-4,8,-2,-2,-2,1,12,9,8,-11,-2,None
0,-1,6,-1,-4,8,-2,-2,-2,1,12,9,8,-11,-2,None
0,-1,6,-1,-4,8,-2,-2,-2,1,12,9,8,-11,-2,None
0,-2,-4,-2,-2,3,1,0,-1,1,12,9,8,-11,-2,None
0,1,4,-2,-1,-5,-1,-1,0,1,12,9,8,-11,-2,None
0,-2,-11,-2,5,2,-1,-1,-2,1,12,9,8,-11,-2,None
0,0,0,-4,2,-5,-1,-1,-1,1,12,9,8,-11,-2,None
0,0,0,-4,2,-5,-1,-1,-1,1,12,9,8,-11,-2,None
0,0,0,-4,2,-5,-1,-1,-1,1,12,9,8,-12,-2,None
0,1,9,0,-9,-8,-3,-3,-2,1,12,9,8,-12,-2,None
0,-1,15,0,-5,8,3,0,-1,1,12,9,8,-12,-2,None
0,0,-7,-2,2,3,-1,0,-1,1,12,9,8,-12,-2,None
0,-2,7,-4,0,3,1,-3,-2,1,12,9,8,-12,-2,None
0,-2,7,-4,0,3,1,-3,-2,1,12,9,8,-12,-2,None
0,-2,7,-4,0,3,1,-3,-2,1,12,9,8,-12,-2,None
0,-1,-2,-1,4,7,-1,0,-2,1,12,9,8,-12,-2,None
0,-3,1,-4,-8,2,-3,-3,-3,1,12,9,8,-12,-2,None
0,-2,-3,0,4,3,-2,-1,-2,1,12,9,8,-12,-2,None
0,-1,3,0,0,-1,-1,-1,-2,1,12,9,8,-12,-2,None
0,-1,3,0,0,-1,-1,-1,-2,1,12,9,8,-12,-2,None
0,-1,3,0,0,-1,-1,-1,-2,1,12,9,8,-12,-1,None
0,-2,2,-2,-4,-3,-1,0,-1,1,12,9,8,-12,-1,None
0,-2,-3,-2,5,0,-1,0,0,1,12,9,8,-12,-1,None
0,-2,8,-2,-3,-5,-3,-2,-2,1,12,9,8,-12,-1,None
0,7,0,0,-2,0,-1,-1,-1,1,12,9,8,-12,-1,None
0,7,0,0,-2,0,-1,-1,-1,1,12,9,8,-12,-1,None
0,7,0,0,-2,0,-1,-1,-1,1,12,9,8,-12,-1,None
0,-8,-42,-5,-7,3,-3,-3,-1,1,12,9,8,-12,-1,None
0,-3,1,-1,3,15,1,-1,-2,1,12,9,8,-12,-1,None
0,-3,0,-1,-27,-11,0,-1,1,1,12,9,8,-12,-1,None
0,-4,2,-2,0,3,0,-2,-2,1,12,9,8,-12,-1,None
0,-4,2,-2,0,3,0,-2,-2,1,12,9,8,-12,-1,None
0,-4,2,-2,0,3,0,-2,-2,1,12,9,9,-12,-1,None
0,1,11,-1,1,3,-1,-1,-1,1,12,9,9,-12,-1,None
0,1,-2,-2,-4,-2,-1,-3,-1,1,12,9,9,-12,-1,None
0,-1,-7,-2,5,3,-1,-3,-1,1,12,9,9,-12,-1,None
0,-2,-1,-3,2,0,-2,-1,-2,1,12,9,9,-12,-1,None
0,-2,-1,-3,2,0,-2,-1,-2,1,12,9,9,-12,-1,None
0,-2,-1,-3,2,0,-2,-1,-2,1,12,9,9,-12,-1,None
0,3,22,-2,-9,-7,-1,-2,0,1,12,9,9,-12,-1,None
0,-4,-1,-1,-2,-5,-1,-1,-1,1,12,9,9,-12,-1,None
0,0,1,0,10,9,1,-1,-1,1,12,9,9,-12,-1,None
0,-3,0,-1,5,0,1,-1,-3,1,12,9,9,-12,-1,None
0,-3,0,-1,5,0,1,-1,-3,1,12,9,9,-12,-1,None
0,-3,0,-1,5,0,1,-1,-3,1,12,9,8,-11,-1,None
0,-1,1,-3,-2,-1,-1,-2,-2,1,12,9,8,-11,-1,None
0,-1,-3,-3,-1,-2,-1,-2,-2,1,12,9,8,-11,-1,None
0,0,-1,-3,1,1,-3,0,-2,1,12,9,8,-11,-1,None
0,-2,1,-1,-2,-2,0,1,-2,1,12,9,8,-11,-1,None
0,-2,1,-1,-2,-2,0,1,-2,1,12,9,8,-11,-1,None
0,-2,1,-1,-2,-2,0,1,-2,1,12,9,8,-11,-1,None
0,-1,-1,-2,2,1,0,0,-1,1,12,9,8,-11,-1,None
0,1,1,-4,-2,-3,0,-1,-1,1,12,9,8,-11,-1,None
0,1,-4,-3,-2,-6,-1,-1,-3,1,12,9,8,-11,-1,None
0,-4,-3,-2,11,6,-2,-2,-2,1,12,9,8,-11,-1,None
0,-4,-3,-2,11,6,-2,-2,-2,1,12,9,8,-11,-1,None
0,-4,-3,-2,11,6,-2,-2,-2,1,12,9,8,-11,-2,None
0,0,5,-2,-11,-5,-1,-1,-1,1,12,9,8,-11,-2,None
0,-3,-4,-5,-11,0,-3,-2,-3,1,12,9,8,-11,-2,None
0,-4,-4,-2,14,14,-1,-2,-1,1,12,9,8,-11,-2,None
0,-3,5,-3,-7,0,-2,-3,-2,1,12,9,8,-11,-2,None
0,-3,5,-3,-7,0,-2,-3,-2,1,12,9,8,-11,-2,None
0,-3,5,-3,-7,0,-2,-3,-2,1,12,9,8,-11,-2,None
0,0,4,1,5,-6,1,0,-1,1,12,9,8,-11,-2,None
0,3,15,-2,-2,-1,0,-1,-1,1,12,9,8,-11,-2,None
0,-3,-30,-4,-6,-6,-1,0,1,1,12,9,8,-11,-2,None
0,0,4,-3,4,6,-2,-3,-1,1,12,9,8,-11,-2,None
0,0,4,-3,4,6,-2,-3,-1,1,12,9,8,-11,-2,None
0,0,4,-3,4,6,-2,-3,-1,1,12,9,8,-13,-2,None
0,-3,-3,-2,7,8,-2,-3,-2,1,12,9,8,-13,-2,None
0,0,2,-1,-3,-8,-1,-2,-2,1,12,9,8,-13,-2,None
0,1,10,0,-3,0,-1,-1,-2,1,12,9,8,-13,-2,None
0,-1,-2,-3,1,0,-1,-1,-2,1,12,9,8,-13,-2,None
0,-1,-2,-3,1,0,-1,-1,-2,1,12,9,8,-13,-2,None
0,-1,-2,-3,1,0,-1,-1,-2,1,12,9,8,-12,-2,None
0,-1,-5,-2,-9,0,-2,-1,-2,1,12,9,8,-12,-2,None
0,-1,-5,0,11,6,-1,-2,-2,1,12,9,8,-12,-2,None
0,-4,6,-3,-15,-10,-4,-3,-4,1,12,9,8,-12,-2,None
0,0,14,2,-5,0,-2,-1,1,1,12,9,8,-12,-2,None
0,0,14,2,-5,0,-2,-1,1,1,12,9,8,-12,-2,None
0,0,14,2,-5,0,-2,-1,1,1,12,9,8,-12,-1,None
0,-3,-18,0,7,19,2,-4,-3,1,12,9,8,-12,-1,None
0,-2,11,-3,-17,0,-1,-1,-1,1,12,9,8,-12,-1,None
0,-3,-3,0,-5,3,-1,-2,-2,1,12,9,8,-12,-1,None
0,-1,6,-2,-4,-5,-2,-1,-1,1,12,9,8,-12,-1,None
0,-1,6,-2,-4,-5,-2,-1,-1,1,12,9,8,-12,-1,None
0,-1,6,-2,-4,-5,-2,-1,-1,1,12,9,8,-12,-1,None
0,1,9,-2,-8,-6,-2,-1,0,1,12,9,8,-12,-1,None
0,-2,-10,-2,9,1,0,0,-2,1,12,9,8,-12,-1,None
0,0,9,-2,1,5,0,0,0,1,12,9,8,-12,-1,None
0,-2,-25,-1,5,-4,0,-2,-2,1,12,9,8,-12,-1,None
0,-2,-25,-1,5,-4,0,-2,-2,1,12,9,8,-12,-1,None
0,-2,-25,-1,5,-4,0,-2,-2,1,12,9,9,-12,-1,None
0,-2,4,-1,-4,2,0,1,-1,1,12,9,9,-12,-1,None
0,-2,-9,-3,-6,7,-2,-4,-3,1,12,9,9,-12,-1,None
0,-2,9,-1,9,7,-1,-2,-2,1,12,9,9,-12,-1,None
0,-1,3,-3,-8,-12,-1,-1,-1,1,12,9,9,-12,-1,None
0,-1,3,-3,-8,-12,-1,-1,-1,1,12,9,9,-12,-1,None
0,-1,3,-3,-8,-12,-1,-1,-1,1,12,9,8,-11,-1,None
0,0,3,-4,-1,-5,-2,-1,-1,1,12,9,8,-11,-1,None
0,0,2,1,-1,0,2,0,-1,1,12,9,8,-11,-1,None
0,0,2,-2,2,0,-2,-1,1,1,12,9,8,-11,-1,None
0,-2,-4,-2,1,3,-1,-2,0,1,12,9,8,-11,-1,None
0,-2,-4,-2,1,3,-1,-2,0,1,12,9,8,-11,-1,None
0,-2,-4,-2,1,3,-1,-2,0,1,12,9,8,-11,-1,None
0,2,27,0,-6,-6,-1,-2,-1,1,12,9,8,-11,-1,None
0,-3,-17,-4,14,-2,-4,-2,-2,1,12,9,8,-11,-1,None
0,-2,-3,-4,13,18,-2,-4,-3,1,12,9,8,-11,-1,None
0,-3,-2,-3,-2,4,0,-3,-1,1,12,9,8,-11,-1,None
0,-3,-2,-3,-2,4,0,-3,-1,1,12,9,8,-11,-1,None
0,-3,-2,-3,-2,4,0,-3,-1,1,12,9,8,-12,-2,None
0,-2,7,-2,-10,-2,-2,-2,-1,1,12,9,8,-12,-2,None
0,0,5,-1,0,-8,-3,-1,0,1,12,9,8,-12,-2,None
0,1,0,0,1,0,-1,0,-1,1,12,9,8,-12,-2,None
0,-1,2,-2,2,0,-2,-1,-2,1,12,9,8,-12,-2,None
0,-1,2,-2,2,0,-2,-1,-2,1,12,9,8,-12,-2,None
0,-1,2,-2,2,0,-2,-1,-2,1,12,9,8,-12,-2,None
0,-1,-11,-5,-1,-2,-4,-1,-1,1,12,9,8,-12,-2,None
0,-5,13,1,6,5,1,0,0,1,12,9,8,-12,-2,None
0,4,6,1,-15,-7,1,-1,-2,1,12,9,8,-12,-2,None
0,-1,-15,-1,-2,3,0,-2,-1,1,12,9,8,-12,-2,None
0,-1,-15,-1,-2,3,0,-2,-1,1,12,9,8,-12,-2,None
0,-1,-15,-1,-2,3,0,-2,-1,1,12,9,8,-12,-2,None
0,-2,-7,-2,6,-5,0,-2,-2,1,12,9,8,-12,-2,None
0,-3,-6,-5,-9,11,-3,-3,-3,1,12,9,8,-12,-2,None
0,-3,6,-1,-2,3,0,-1,0,1,12,9,8,-12,-2,None
0,-1,10,-1,-8,-11,0,-2,-1,1,12,9,8,-12,-2,None
0,-1,10,-1,-8,-11,0,-2,-1,1,12,9,8,-12,-2,None
0,-1,10,-1,-8,-11,0,-2,-1,1,12,9,8,-12,-2,None
0,0,-3,-2,-3,-1,-3,0,-1,1,12,9,8,-12,-2,None
0,0,-3,-1,0,-3,-2,1,0,1,12,9,8,-12,-2,None
0,-4,-1,-3,-2,-8,-1,-2,-2,1,12,9,8,-12,-2,None
0,3,4,-5,1,5,-2,-2,-2,1,12,9,8,-12,-2,None
0,3,4,-5,1,5,-2,-2,-2,1,12,9,8,-12,-2,None
0,3,4,-5,1,5,-2,-2,-2,1,12,9,8,-12,-2,None
0,-2,-5,-2,13,12,0,0,-2,1,12,9,8,-12,-2,None
0,-1,3,-3,-10,-7,-3,-2,0,1,12,9,8,-12,-2,None
0,-3,0,-1,8,0,-3,-3,-1,1,12,9,8,-12,-2,None
0,-4,0,-2,6,0,-2,-2,-1,1,12,9,8,-12,-2,None
0,-4,0,-2,6,0,-2,-2,-1,1,12,9,8,-12,-2,None
0,-4,0,-2,6,0,-2,-2,-1,1,12,9,8,-11,-1,None
0,-3,2,-1,1,3,-1,-3,-3,1,12,9,8,-11,-1,None
0,1,1,0,1,-5,1,1,0,1,12,9,8,-11,-1,None
0,3,-2,-2,-6,-4,0,1,1,1,12,9,8,-11,-1,None
0,-1,6,-2,-3,3,-1,-2,-2,1,12,9,8,-11,-1,None
0,-1,6,-2,-3,3,-1,-2,-2,1,12,9,8,-11,-1,None
0,-1,6,-2,-3,3,-1,-2,-2,1,12,9,8,-11,-1,None
0,2,6,5,23,5,1,-1,-1,1,12,9,8,-11,-1,None
0,-4,-6,-6,-38,-23,-1,-2,-1,1,12,9,8,-11,-1,None
0,-5,-11,-4,16,12,-2,-3,-3,1,12,9,8,-11,-1,None
0,-2,8,-4,-23,-8,-2,-2,-3,1,12,9,8,-11,-1,None
0,-2,8,-4,-23,-8,-2,-2,-3,1,12,9,8,-11,-1,None
0,-2,8,-4,-23,-8,-2,-2,-3,1,12,9,9,-11,-1,None
0,-3,-6,-3,11,2,-1,-2,-2,1,12,9,9,-11,-1,None
0,0,3,1,0,-1,1,-1,-1,1,12,9,9,-11,-1,None
0,2,8,-1,5,0,-1,-1,-1,1,12,9,9,-11,-1,None
0,-1,-1,-1,1,-2,-1,-1,0,1,12,9,9,-11,-1,None
0,-1,-1,-1,1,-2,-1,-1,0,1,12,9,9,-11,-1,None
0,-1,-1,-1,1,-2,-1,-1,0,1,12,9,9,-12,-1,None
0,-2,5,-4,-11,-4,-3,-2,-2,1,12,9,9,-12,-1,None
0,1,4,-1,12,7,-2,-1,-1,1,12,9,9,-12,-1,None
0,-2,-10,-1,-8,-8,-1,-1,-3,1,12,9,9,-12,-1,None
0,-2,0,-1,10,7,-3,-2,-2,1,12,9,9,-12,-1,None
0,-2,0,-1,10,7,-3,-2,-2,1,12,9,9,-12,-1,None
0,-2,0,-1,10,7,-3,-2,-2,1,12,9,8,-11,-1,None
0,-1,-6,-2,-9,-4,1,0,0,1,12,9,8,-11,-1,None
0,1,5,-2,1,-2,-1,-1,-1,1,12,9,8,-11,-1,None
0,-2,-5,-1,5,12,4,-1,-1,1,12,9,8,-11,-1,None
0,-3,-4,-2,7,6,-1,-3,-2,1,12,9,8,-11,-1,None
0,-3,-4,-2,7,6,-1,-3,-2,1,12,9,8,-11,-1,None
0,-3,-4,-2,7,6,-1,-3,-2,1,12,9,8,-12,-1,None
0,-1,3,0,-10,0,-1,0,-1,1,12,9,8,-12,-1,None
0,-1,-4,-2,5,-1,-2,-1,-3,1,12,9,8,-12,-1,None
0,0,7,-3,-7,2,0,1,0,1,12,9,8,-12,-1,None
0,-3,-3,-1,-2,-5,0,0,0,1,12,9,8,-12,-1,None
0,-3,-3,-1,-2,-5,0,0,0,1,12,9,8,-12,-1,None
0,-3,-3,-1,-2,-5,0,0,0,1,12,9,8,-12,-1,None
0,0,6,-3,-8,-8,-4,-2,0,1,12,9,8,-12,-1,None
0,-6,-14,0,9,18,-2,-5,-3,1,12,9,8,-12,-1,None
0,-2,0,-1,-8,-5,-2,0,-1,1,12,9,8,-12,-1,None
0,1,17,1,5,-3,0,0,-1,1,12,9,8,-12,-1,None
0,1,17,1,5,-3,0,0,-1,1,12,9,8,-12,-1,None
0,1,17,1,5,-3,0,0,-1,1,12,9,8,-12,-1,None
0,-6,-29,-7,-2,2,-3,-4,-2,1,12,9,8,-12,-1,None
0,0,6,-2,2,0,-2,-3,-2,1,12,9,8,-12,-1,None
0,-2,4,-2,-1,-3,-1,-2,0,1,12,9,8,-12,-1,None
0,2,4,0,-3,-3,0,-1,-1,1,12,9,8,-12,-1,None
0,2,4,0,-3,-3,0,-1,-1,1,12,9,8,-12,-1,None
0,2,4,0,-3,-3,0,-1,-1,1,12,9,8,-11,-2,None
0,0,14,0,-13,-9,2,3,0,1,12,9,8,-11,-2,None
0,-2,3,-2,14,14,-3,-2,-3,1,12,9,8,-11,-2,None
0,-3,-5,-1,-4,-2,2,-2,-1,1,12,9,8,-11,-2,None
0,-2,-3,-5,8,15,-1,-2,-2,1,12,9,8,-11,-2,None
0,-2,-3,-5,8,15,-1,-2,-2,1,12,9,8,-11,-2,None
0,-2,-3,-5,8,15,-1,-2,-2,1,12,9,8,-11,-2,None
0,-1,-1,-1,-3,-5,-3,-2,-2,1,12,9,8,-11,-2,None
0,0,0,-2,3,-1,-1,-1,-1,1,12,9,8,-11,-2,None
0,1,1,-1,-1,-8,-3,-1,-2,1,12,9,8,-11,-2,None
0,0,-2,-1,-1,-2,-1,0,0,1,12,9,8,-11,-2,None
0,0,-2,-1,-1,-2,-1,0,0,1,12,9,8,-11,-2,None
0,0,-2,-1,-1,-2,-1,0,0,1,12,9,8,-12,-2,None
0,-3,1,-4,4,4,0,-1,-3,1,12,9,8,-12,-2,None
0,2,-3,0,7,-7,0,-1,-1,1,12,9,8,-12,-2,None
0,1,6,-2,8,11,0,-1,0,1,12,9,8,-12,-2,None
0,-3,-7,-5,-9,4,-2,-2,-2,1,12,9,8,-12,-2,None
0,-3,-7,-5,-9,4,-2,-2,-2,1,12,9,8,-12,-2,None
0,-3,-7,-5,-9,4,-2,-2,-2,1,12,9,8,-12,-2,None
0,-1,3,-1,3,3,-1,-4,-1,1,12,9,8,-12,-2,None
0,-6,-7,-3,-7,-2,-2,-2,-2,1,12,9,8,-12,-2,None
0,-2,1,0,6,0,2,-1,0,1,12,9,8,-12,-2,None
0,-2,-1,-2,-4,-3,0,0,-3,1,12,9,8,-12,-2,None
0,-2,-1,-2,-4,-3,0,0,-3,1,12,9,8,-12,-2,None
0,-2,-1,-2,-4,-3,0,0,-3,1,12,9,8,-12,-2,None
0,-1,-8,0,1,3,-1,-2,-2,1,12,9,8,-12,-2,None
0,-2,8,0,9,1,-1,-1,-1,1,12,9,8,-12,-2,None
0,5,14,0,-15,-10,-2,0,-1,1,12,9,8,-12,-2,None
0,-6,-8,-1,33,14,-1,-2,-3,1,12,9,8,-12,-2,None
0,-6,-8,-1,33,14,-1,-2,-3,1,12,9,8,-12,-2,None
0,-6,-8,-1,33,14,-1,-2,-3,1,12,9,8,-12,-2,None
0,-1,11,-5,-15,-1,-2,-3,-3,1,12,9,8,-12,-2,None
0,1,0,-1,-9,-5,-1,-1,-1,1,12,9,8,-12,-2,None
0,-2,1,-3,-3,-8,-3,-3,-1,1,12,9,8,-12,-2,None
0,1,2,-3,-9,-9,0,1,-1,1,12,9,8,-12,-2,None
0,1,2,-3,-9,-9,0,1,-1,1,12,9,8,-12,-2,None
0,1,2,-3,-9,-9,0,1,-1,1,12,9,8,-12,-1,None
0,0,-1,0,7,2,0,-1,1,1,12,9,8,-12,-1,None
0,0,4,-3,-1,3,1,0,0,1,12,9,8,-12,-1,None
0,1,-8,-4,-3,-2,-3,-2,-1,1,12,9,8,-12,-1,None
0,-1,2,0,-12,-3,-2,0,-1,1,12,9,8,-12,-1,None
0,-1,2,0,-12,-3,-2,0,-1,1,12,9,8,-12,-1,None
0,-1,2,0,-12,-3,-2,0,-1,1,12,9,8,-12,-1,None
0,1,-2,-1,-9,11,1,0,-1,1,12,9,8,-12,-1,None
0,-2,0,-2,-3,-3,-2,-2,-1,1,12,9,8,-12,-1,None
0,-3,2,-1,-2,1,-2,-2,-1,1,12,9,8,-12,-1,None
0,0,-1,-2,-4,-4,0,-1,0,1,12,9,8,-12,-1,None
0,0,-1,-2,-4,-4,0,-1,0,1,12,9,8,-12,-1,None
0,0,-1,-2,-4,-4,0,-1,0,1,12,9,8,-12,-1,None
0,-1,2,-1,-5,-7,-2,0,0,1,12,9,8,-12,-1,None
0,0,1,-2,-5,-1,1,0,-1,1,12,9,8,-12,-1,None
0,-3,-3,-2,2,5,-3,-2,-3,1,12,9,8,-12,-1,None
0,-1,-6,-4,-5,-4,-2,-1,0,1,12,9,8,-12,-1,None
0,-1,-6,-4,-5,-4,-2,-1,0,1,12,9,8,-12,-1,None
0,-1,-6,-4,-5,-4,-2,-1,0,1,12,9,8,-12,-1,None
0,-2,4,-1,2,-5,-1,-1,-1,1,12,9,8,-12,-1,None
0,1,3,-1,9,15,0,-1,-1,1,12,9,8,-12,-1,None
0,-6,-6,-5,-4,1,-2,-4,-5,1,12,9,8,-12,-1,None
0,-2,-3,-1,-8,1,-1,-2,-1,1,12,9,8,-12,-1,None
0,-2,-3,-1,-8,1,-1,-2,-1,1,12,9,8,-12,-1,None
0,-2,-3,-1,-8,1,-1,-2,-1,1,12,9,8,-12,-1,None
0,0,1,-4,-3,-1,-1,-2,-1,1,12,9,8,-12,-1,None
0,0,0,-2,3,2,0,0,-2,1,12,9,8,-12,-1,None
0,1,11,-3,-2,-3,0,1,1,1,12,9,8,-12,-1,None
0,0,-2,-3,-3,2,-2,-3,-4,1,12,9,8,-12,-1,None
0,0,-2,-3,-3,2,-2,-3,-4,1,12,9,8,-12,-1,None
0,0,-2,-3,-3,2,-2,-3,-4,1,12,9,8,-12,-1,None
0,1,21,-2,12,-3,-1,-2,-1,1,12,9,8,-12,-1,None
0,0,-6,-2,-15,-2,-3,-3,-1,1,12,9,8,-12,-1,None
0,1,-1,-4,2,1,-3,-2,-1,1,12,9,8,-12,-1,None
0,1,0,-3,-14,-5,-1,-1,-1,1,12,9,8,-12,-1,None
0,1,0,-3,-14,-5,-1,-1,-1,1,12,9,8,-12,-1,None
0,1,0,-3,-14,-5,-1,-1,-1,1,12,9,8,-12,-1,None
0,-4,1,-1,8,9,0,0,-4,1,12,9,8,-12,-1,None
0,1,4,-1,-4,-3,0,-2,0,1,12,9,8,-12,-1,None
0,-3,-3,-1,-2,-2,-2,-2,-1,1,12,9,8,-12,-1,None
0,1,12,0,6,0,-1,-1,0,1,12,9,8,-12,-1,None
0,1,12,0,6,0,-1,-1,0,1,12,9,8,-12,-1,None
0,1,12,0,6,0,-1,-1,0,1,12,9,8,-11,-1,None
0,-3,-13,0,-1,-3,-1,-1,-1,1,12,9,8,-11,-1,None
0,1,1,-3,-11,2,0,-1,0,1,12,9,8,-11,-1,None
0,-3,-7,-2,-10,-4,-1,-2,-3,1,12,9,8,-11,-1,None
0,-3,-4,-3,-23,-3,-1,-3,-2,1,12,9,8,-11,-1,None
0,-3,-4,-3,-23,-3,-1,-3,-2,1,12,9,8,-11,-1,None
0,-3,-4,-3,-23,-3,-1,-3,-2,1,12,9,8,-11,-2,None
0,-1,-3,-4,11,9,-1,-2,-3,1,12,9,8,-11,-2,None
0,-1,0,-3,0,4,-2,-2,-1,1,12,9,8,-11,-2,None
0,-2,0,-1,9,-2,0,0,0,1,12,9,8,-11,-2,None
0,0,6,-2,7,-2,-1,-1,-2,1,12,9,8,-11,-2,None
0,0,6,-2,7,-2,-1,-1,-2,1,12,9,8,-11,-2,None
0,0,6,-2,7,-2,-1,-1,-2,1,12,9,9,-11,-2,None
0,-1,-1,-4,-4,-4,-1,-2,-2,1,12,9,9,-11,-2,None
0,0,3,-3,-6,-1,0,-1,-2,1,12,9,9,-11,-2,None
0,-3,-6,-3,21,11,0,-2,-2,1,12,9,9,-11,-2,None
0,-3,1,-2,-14,-2,0,-2,-1,1,12,9,9,-11,-2,None
0,-3,1,-2,-14,-2,0,-2,-1,1,12,9,9,-11,-2,None
0,-3,1,-2,-14,-2,0,-2,-1,1,12,9,8,-11,-2,None
0,0,-4,-3,-2,4,0,0,-3,1,12,9,8,-11,-2,None
0,-3,-1,0,6,-2,0,-1,0,1,12,9,8,-11,-2,None
0,-2,1,-3,-2,1,0,0,-1,1,12,9,8,-11,-2,None
0,1,10,-2,3,1,-1,0,-1,1,12,9,8,-11,-2,None
0,1,10,-2,3,1,-1,0,-1,1,12,9,8,-11,-2,None
0,1,10,-2,3,1,-1,0,-1,1,12,9,8,-11,-2,None
0,1,-5,0,0,-3,-1,-1,0,1,12,9,8,-11,-2,None
0,-8,-13,-4,-2,-2,-1,-2,-4,1,12,9,8,-11,-2,None
0,1,4,3,-5,1,-1,0,-2,1,12,9,8,-11,-2,None
0,-1,3,-1,30,-8,-2,0,-1,1,12,9,8,-11,-2,None
0,-1,3,-1,30,-8,-2,0,-1,1,12,9,8,-11,-2,None
0,-1,3,-1,30,-8,-2,0,-1,1,12,9,8,-11,-2,None
0,-4,-8,-3,-7,12,-1,-2,0,1,12,9,8,-11,-2,None
0,-1,3,-1,15,11,0,-2,-2,1,12,9,8,-11,-2,None
0,0,2,-3,-3,-4,-2,-1,0,1,12,9,8,-11,-2,None
0,-2,-8,0,11,1,0,-2,0,1,12,9,8,-11,-2,None
0,-2,-8,0,11,1,0,-2,0,1,12,9,8,-11,-2,None
0,-2,-8,0,11,1,0,-2,0,1,12,9,8,-12,-2,None
0,0,8,-3,-6,-11,-5,-2,-1,1,12,9,8,-12,-2,None
0,-1,0,0,-4,-4,1,0,-2,1,12,9,8,-12,-2,None
0,0,-1,-1,2,5,-1,-2,-2,1,12,9,8,-12,-2,None
0,0,4,-1,-5,3,2,-2,0,1,12,9,8,-12,-2,None
0,0,4,-1,-5,3,2,-2,0,1,12,9,8,-12,-2,None
0,0,4,-1,-5,3,2,-2,0,1,12,9,8,-12,-2,None
0,0,-3,-1,-10,-4,-3,-2,0,1,12,9,8,-12,-2,None
0,0,5,-2,-8,3,-2,-2,-2,1,12,9,8,-12,-2,None
0,0,5,-2,-8,3,-2,-2,-2,1,12,9,8,-12,-2,None
0,0,5,-2,-8,3,-2,-2,-2,1,12,9,8,-12,-2,None
0,-2,-4,-2,-7,-10,-2,-4,-3,1,12,9,8,-12,-2,None
0,-2,-3,-2,6,9,-1,-2,-2,1,12,9,8,-12,-2,None
0,-2,2,-2,3,1,0,-2,-1,1,12,9,8,-12,-2,None
0,-1,1,-1,4,-2,-1,0,-1,1,12,9,8,-12,-2,None
0,-1,1,-1,4,-2,-1,0,-1,1,12,9,8,-12,-2,None
0,-1,1,-1,4,-2,-1,0,-1,1,12,9,8,-12,-1,None
0,-1,5,-1,-7,-5,-1,-1,-1,1,12,9,8,-12,-1,None
0,0,-5,-1,2,-1,1,0,-2,1,12,9,8,-12,-1,None
0,-3,8,0,2,1,0,0,-3,1,12,9,8,-12,-1,None
0,1,-1,-1,-3,-3,-1,-2,-2,1,12,9,8,-12,-1,None
0,1,-1,-1,-3,-3,-1,-2,-2,1,12,9,8,-12,-1,None
0,1,-1,-1,-3,-3,-1,-2,-2,1,12,9,8,-12,-1,None
0,1,2,-2,2,1,-1,-2,-2,1,12,9,8,-12,-1,None
0,-4,-15,1,4,7,-1,-1,-1,1,12,9,8,-12,-1,None
0,1,0,1,0,-9,0,-1,0,1,12,9,8,-12,-1,None
0,-2,-1,-7,-12,0,-3,-4,-4,1,12,9,8,-12,-1,None
0,-2,-1,-7,-12,0,-3,-4,-4,1,12,9,8,-12,-1,None
0,-2,-1,-7,-12,0,-3,-4,-4,1,12,9,8,-12,-1,None
0,-3,-2,-2,-4,-3,-2,-2,-3,1,12,9,8,-12,-1,None
0,1,5,-1,1,5,0,0,-1,1,12,9,8,-12,-1,None
0,0,12,-1,-3,-4,-2,0,-1,1,12,9,8,-12,-1,None
0,1,2,-1,2,-3,0,1,0,1,12,9,8,-12,-1,None
0,1,2,-1,2,-3,0,1,0,1,12,9,8,-12,-1,None
0,1,2,-1,2,-3,0,1,0,1,12,9,8,-12,-1,None
0,0,5,-1,3,2,0,-1,-1,1,12,9,8,-12,-1,None
0,-1,0,-1,-3,-1,-2,-2,-2,1,12,9,8,-12,-1,None
0,0,-7,-2,4,2,0,-2,0,1,12,9,8,-12,-1,None
0,-4,13,-3,-17,-2,-3,-2,-1,1,12,9,8,-12,-1,None
0,-4,13,-3,-17,-2,-3,-2,-1,1,12,9,8,-12,-1,None
0,-4,13,-3,-17,-2,-3,-2,-1,1,12,9,8,-12,-1,None
0,-2,-3,-3,-13,6,-1,-1,-1,1,12,9,8,-12,-1,None
0,0,9,-4,-11,-2,-2,-2,-2,1,12,9,8,-12,-1,None
0,-4,-9,-2,-1,4,-3,-1,-2,1,12,9,8,-12,-1,None
0,1,0,-1,1,0,0,0,-1,1,12,9,8,-12,-1,None
0,1,0,-1,1,0,0,0,-1,1,12,9,8,-12,-1,None
0,1,0,-1,1,0,0,0,-1,1,12,9,8,-12,-1,None
0,-4,0,7,-4,-3,1,2,-1,1,12,9,8,-12,-1,None
0,-2,-1,-7,4,2,-2,-3,0,1,12,9,8,-12,-1,None
0,-3,-1,-2,-5,5,1,-2,-1,1,12,9,8,-12,-1,None
0,-2,-3,-1,21,1,-1,-1,0,1,12,9,8,-12,-1,None
0,-2,-3,-1,21,1,-1,-1,0,1,12,9,8,-12,-1,None
0,-2,-3,-1,21,1,-1,-1,0,1,12,9,9,-12,-2,None
0,-1,13,-3,-18,1,-2,0,0,1,12,9,9,-12,-2,None
0,-2,-23,-4,-21,-15,-2,0,-3,1,12,9,9,-12,-2,None
0,-1,-1,1,8,-2,0,-2,0,1,12,9,9,-12,-2,None
0,3,19,-2,15,3,2,0,-1,1,12,9,9,-12,-2,None
0,3,19,-2,15,3,2,0,-1,1,12,9,9,-12,-2,None
0,3,19,-2,15,3,2,0,-1,1,12,9,8,-11,-2,None
0,-8,-50,-6,8,8,0,-2,-1,1,12,9,8,-11,-2,None
0,1,12,-1,0,0,-2,-2,-2,1,12,9,8,-11,-2,None
0,0,0,-5,-8,-4,-1,-1,-2,1,12,9,8,-11,-2,None
0,-2,-7,0,-4,-2,2,-1,-2,1,12,9,8,-11,-2,None
0,-2,-7,0,-4,-2,2,-1,-2,1,12,9,8,-11,-2,None
0,-2,-7,0,-4,-2,2,-1,-2,1,12,9,8,-11,-2,None
0,2,17,-1,19,-1,-3,-3,0,1,12,9,8,-11,-2,None
0,-1,2,-2,-5,-2,-1,-3,-3,1,12,9,8,-11,-2,None
0,-2,-6,-1,2,0,-1,-2,-1,1,12,9,8,-11,-2,None
0,-3,1,-2,-6,-1,-4,-3,0,1,12,9,8,-11,-2,None
0,-3,1,-2,-6,-1,-4,-3,0,1,12,9,8,-11,-2,None
0,-3,1,-2,-6,-1,-4,-3,0,1,12,9,8,-11,-2,None
0,1,2,-3,3,3,0,-1,-1,1,12,9,8,-11,-2,None
0,-3,2,0,1,4,1,-1,-1,1,12,9,8,-11,-2,None
0,-1,6,-4,1,0,-1,-1,1,1,12,9,8,-11,-2,None
0,-1,2,-3,-10,-4,-2,-3,-4,1,12,9,8,-11,-2,None
0,-1,2,-3,-10,-4,-2,-3,-4,1,12,9,8,-11,-2,None
0,-1,2,-3,-10,-4,-2,-3,-4,1,12,9,8,-12,-2,None
0,0,5,-4,-10,-7,-1,-2,-1,1,12,9,8,-12,-2,None
0,-1,0,-1,6,-1,-1,-1,0,1,12,9,8,-12,-2,None
0,-1,5,-4,-33,6,-2,-4,-2,1,12,9,8,-12,-2,None
0,-2,-8,-4,-5,-5,-1,-1,-1,1,12,9,8,-12,-2,None
0,-2,-8,-4,-5,-5,-1,-1,-1,1,12,9,8,-12,-2,None
0,-2,-8,-4,-5,-5,-1,-1,-1,1,12,9,8,-12,-2,None
0,2,3,-2,14,8,-2,-1,-2,1,12,9,8,-12,-2,None
0,-2,6,-1,8,-1,-2,-1,0,1,12,9,8,-12,-2,None
0,-1,5,-2,9,1,-1,-1,-3,1,12,9,8,-12,-2,None
0,-1,-28,-4,-7,-1,0,-1,-2,1,12,9,8,-12,-2,None
0,-1,-28,-4,-7,-1,0,-1,-2,1,12,9,8,-12,-2,None
0,-1,-28,-4,-7,-1,0,-1,-2,1,12,9,8,-12,-2,None
0,1,6,7,5,-9,-1,-1,0,1,12,9,8,-12,-2,None
0,1,12,-10,-6,4,-3,-3,-2,1,12,9,8,-12,-2,None
0,-7,-43,-3,5,8,-1,-2,-1,1,12,9,8,-12,-2,None
0,-3,4,0,6,6,-1,-2,-2,1,12,9,8,-12,-2,None
0,-3,4,0,6,6,-1,-2,-2,1,12,9,8,-12,-2,None
0,-3,4,0,6,6,-1,-2,-2,1,12,9,8,-12,-2,None
0,-3,6,-3,2,1,1,0,-2,1,12,9,8,-12,-2,None
0,0,-4,2,-2,-1,3,0,-1,1,12,9,8,-12,-2,None
0,0,11,-1,-3,-6,-4,-4,0,1,12,9,8,-12,-2,None
0,-1,7,-1,1,-1,2,0,-2,1,12,9,8,-12,-2,None
0,-1,7,-1,1,-1,2,0,-2,1,12,9,8,-12,-2,None
0,-1,7,-1,1,-1,2,0,-2,1,12,9,8,-12,-1,None
0,-1,-7,-5,0,3,0,0,0,1,12,9,8,-12,-1,None
0,1,5,1,-1,4,-2,-1,-2,1,12,9,8,-12,-1,None
0,0,5,-6,-12,-1,-2,-2,-2,1,12,9,8,-12,-1,None
0,-1,0,-2,4,-5,-3,0,-1,1,12,9,8,-12,-1,None
0,-1,0,-2,4,-5,-3,0,-1,1,12,9,8,-12,-1,None
0,-1,0,-2,4,-5,-3,0,-1,1,12,9,8,-12,-1,None
0,-1,6,-2,-3,0,0,-2,-2,1,12,9,8,-12,-1,None
0,0,-3,-1,-4,4,0,-2,0,1,12,9,8,-12,-1,None
0,2,6,1,5,-3,0,-1,-1,1,12,9,8,-12,-1,None
0,-4,-4,-4,-3,-2,-2,-2,-1,1,12,9,8,-12,-1,None
0,-4,-4,-4,-3,-2,-2,-2,-1,1,12,9,8,-12,-1,None
0,-4,-4,-4,-3,-2,-2,-2,-1,1,12,9,8,-12,-1,None
0,-2,-2,-4,-5,3,0,0,-2,1,12,9,8,-12,-1,None
0,1,10,-1,2,-1,-2,-2,-2,1,12,9,8,-12,-1,None
0,1,9,9,32,3,3,1,0,1,12,9,8,-12,-1,None
0,-2,-1,-14,-26,12,-2,-2,-1,1,12,9,8,-12,-1,None
0,-2,-1,-14,-26,12,-2,-2,-1,1,12,9,8,-12,-1,None
0,-2,-1,-14,-26,12,-2,-2,-1,1,12,9,8,-12,-1,None
0,-3,1,-4,-9,-3,-2,-4,-2,1,12,9,8,-12,-1,None
0,-2,-4,-1,2,2,0,0,-1,1,12,9,8,-12,-1,None
0,0,11,-2,8,-2,0,0,-2,1,12,9,8,-12,-1,None
0,-1,3,4,8,-1,-1,-2,-3,1,12,9,8,-12,-1,None
0,-1,3,4,8,-1,-1,-2,-3,1,12,9,8,-12,-1,None
0,-1,3,4,8,-1,-1,-2,-3,1,12,9,8,-12,-1,None
0,0,-3,-2,-1,2,0,-1,0,1,12,9,8,-12,-1,None
