0,-1,1,2,-5,-2,-5,1,-1,1,12,9,8,-14,-3,None
0,-2,-1,0,-5,9,-4,-5,-5,1,12,9,8,-14,-3,None
0,0,2,-3,-16,-11,-4,-7,-7,1,12,9,8,-14,-3,None
0,0,2,-3,-16,-11,-4,-7,-7,1,12,9,8,-14,-3,None
0,0,2,-3,-16,-11,-4,-7,-7,1,12,9,7,-15,-3,None
0,-3,1,4,28,2,-1,-5,-22,1,12,9,7,-15,-3,None
0,0,2,2,12,15,4,8,16,1,12,9,7,-15,-3,None
0,1,2,-2,6,1,7,3,-1,1,12,9,7,-15,-3,None
0,-1,-1,-2,-15,-3,-22,-3,11,1,12,9,7,-15,-3,None
0,-1,-1,-2,-15,-3,-22,-3,11,1,12,9,7,-15,-3,None
0,-1,-1,-2,-15,-3,-22,-3,11,1,12,9,6,-14,-3,None
0,-1,2,1,-38,-1,15,2,-11,1,12,9,6,-14,-3,None
0,-4,-4,-8,6,3,2,-6,-6,1,12,9,6,-14,-3,None
0,-1,3,7,-7,-2,3,3,1,1,12,9,6,-14,-3,None
0,-4,-1,-4,35,2,-3,-4,-3,1,12,9,6,-14,-3,None
0,-4,-1,-4,35,2,-3,-4,-3,1,12,9,6,-14,-3,None
0,-4,-1,-4,35,2,-3,-4,-3,1,12,9,6,-14,-2,None
0,-2,3,8,67,15,-5,-2,-9,1,12,9,6,-14,-2,None
0,-1,-2,-9,-42,-3,-8,-6,16,1,12,9,6,-14,-2,None
0,-1,1,-2,-19,-10,2,0,-7,1,12,9,6,-14,-2,None
0,-1,2,0,1,-7,-16,7,14,1,12,9,6,-14,-2,None
0,-1,2,0,1,-7,-16,7,14,1,12,9,6,-14,-2,None
0,-1,2,0,1,-7,-16,7,14,1,12,9,5,-15,-3,None
0,-1,2,5,34,12,12,7,3,1,12,9,5,-15,-3,None
0,-1,2,-1,4,-15,-7,-12,-6,1,12,9,5,-15,-3,None
0,-3,-1,0,-1,1,-6,-4,-6,1,12,9,5,-15,-3,None
0,0,1,-7,-23,9,1,11,9,1,12,9,5,-15,-3,None
0,0,1,-7,-23,9,1,11,9,1,12,9,5,-15,-3,None
0,0,1,-7,-23,9,1,11,9,1,12,9,4,-14,-3,None
0,-3,0,-3,0,-5,-5,-7,-1,1,12,9,4,-14,-3,None
0,-2,2,-1,-11,8,2,3,-15,1,12,9,4,-14,-3,None
0,-3,-2,-6,-3,4,-3,-10,4,1,12,9,4,-14,-3,None
0,1,1,1,6,6,15,10,2,1,12,9,4,-14,-3,None
0,1,1,1,6,6,15,10,2,0,12,9,4,-14,-3,None
0,1,1,1,6,6,15,10,2,0,12,9,3,-14,-3,None
0,4,1,-7,-20,-13,-4,2,17,0,12,9,3,-14,-3,None
0,-3,0,1,4,-4,-5,-8,-7,0,12,9,3,-14,-3,None
0,-4,-2,-6,12,1,-9,-1,3,0,12,9,3,-14,-3,None
0,-3,-1,-2,-26,-5,1,-5,-9,0,12,9,3,-14,-3,None
0,-3,-1,-2,-26,-5,1,-5,-9,0,12,9,3,-14,-3,None
0,-3,-1,-2,-26,-5,1,-5,-9,0,12,9,3,-14,-3,None
0,1,0,-3,-19,-7,-21,-6,-7,0,12,9,3,-14,-3,None
0,-5,4,2,-2,7,0,-13,-27,0,12,9,3,-14,-3,None
0,5,5,-4,52,21,20,26,29,0,12,9,3,-14,-3,None
0,0,-15,7,-96,-6,10,-7,-10,0,12,9,3,-14,-3,None
0,0,-15,7,-96,-6,10,-7,-10,0,12,9,3,-14,-3,None
0,0,-15,7,-96,-6,10,-7,-10,0,12,9,3,-14,-3,None
0,-17,-21,-2,24,-3,-5,-4,-2,0,12,9,3,-14,-3,None
0,-1,-30,-8,34,-4,-14,-9,-9,0,12,9,3,-14,-3,None
0,-4,-2,-5,7,13,-7,-8,-9,0,12,9,3,-14,-3,None
0,1,-1,1,29,8,9,2,0,0,12,9,3,-14,-3,None
0,1,-1,1,29,8,9,2,0,0,12,9,3,-14,-3,None
0,1,-1,1,29,8,9,2,0,0,12,9,1,-15,-3,None
0,3,8,6,-8,-6,-4,-9,-2,0,12,9,1,-15,-3,None
0,-1,8,-6,-17,-4,-5,3,3,0,12,9,1,-15,-3,None
0,0,-1,-1,-7,5,6,3,-1,0,12,9,1,-15,-3,None
0,1,4,-9,9,-4,2,-5,7,0,12,9,1,-15,-3,None
0,1,4,-9,9,-4,2,-5,7,0,12,9,1,-15,-3,None
0,1,4,-9,9,-4,2,-5,7,0,12,9,1,-14,-3,None
0,1,4,-3,-8,0,-1,6,-5,0,12,9,1,-14,-3,None
0,1,6,-3,16,4,6,7,13,0,12,9,1,-14,-3,None
0,2,4,4,-40,-13,-11,-8,-6,0,12,9,1,-14,-3,None
0,-3,5,-13,6,3,-3,-3,-9,0,12,9,1,-14,-3,None
0,-3,5,-13,6,3,-3,-3,-9,0,12,8,1,-14,-3,None
0,-3,5,-13,6,3,-3,-3,-9,0,12,8,1,-13,-3,None
0,-1,2,-3,-2,4,1,-6,-4,0,12,8,1,-13,-3,None
0,2,-2,-14,3,-8,5,6,6,0,12,8,1,-13,-3,None
0,-3,0,3,-14,-6,-15,-14,-17,0,12,8,1,-13,-3,None
0,-7,-5,-14,-1,-3,-5,-8,9,0,12,8,1,-13,-3,None
0,-7,-5,-14,-1,-3,-5,-8,9,0,12,8,1,-13,-3,None
0,-7,-5,-14,-1,-3,-5,-8,9,0,12,8,1,-13,-3,None
0,5,3,-4,16,9,8,10,13,0,12,8,1,-13,-3,None
0,1,4,9,-9,12,4,-4,-14,0,12,8,1,-13,-3,None
0,-4,-2,2,-15,-8,-6,1,13,0,12,8,1,-13,-3,None
0,-2,2,0,25,0,4,-22,-24,0,12,8,1,-13,-3,None
0,-2,2,0,25,0,4,-22,-24,0,12,8,1,-13,-3,None
0,-2,2,0,25,0,4,-22,-24,0,12,8,0,-13,-3,None
0,-1,2,-10,-20,0,3,21,3,0,12,8,0,-13,-3,None
0,0,5,2,-2,-3,-6,1,6,0,12,8,0,-13,-3,None
0,-1,3,8,-15,-13,-9,-16,0,0,12,8,0,-13,-3,None
0,-2,1,8,-3,-4,3,19,-3,0,12,8,0,-13,-3,None
0,-2,1,8,-3,-4,3,19,-3,17,12,8,0,-13,-3,None
0,-2,1,8,-3,-4,3,19,-3,17,12,8,0,-14,-3,None
0,5,3,-1,9,3,3,-9,-14,17,12,8,0,-14,-3,None
0,-5,2,-1,0,9,7,3,29,17,12,8,0,-14,-3,None
0,-2,-2,-3,-6,1,3,-3,-2,17,12,8,0,-14,-3,None
0,-2,2,3,-23,-1,-8,3,-10,17,12,8,0,-14,-3,None
0,-2,2,3,-23,-1,-8,3,-10,17,12,8,0,-14,-3,None
0,-2,2,3,-23,-1,-8,3,-10,17,12,8,0,-14,-3,None
0,-3,2,1,9,2,3,3,-8,17,12,8,0,-14,-3,None
0,1,3,8,-23,4,-4,-4,8,17,12,8,0,-14,-3,None
0,-2,-1,-7,18,5,3,-1,4,17,12,8,0,-14,-3,None
0,1,1,-7,4,7,1,10,-15,17,12,8,0,-14,-3,None
0,1,1,-7,4,7,1,10,-15,17,12,8,0,-14,-3,None
0,1,1,-7,4,7,1,10,-15,17,12,8,-1,-13,-3,None
0,-3,-2,-7,0,-4,-8,-13,11,17,12,8,-1,-13,-3,None
0,2,2,-4,-2,-30,-2,-1,-26,17,12,8,-1,-13,-3,None
0,-5,-12,-3,16,16,8,-4,12,17,12,8,-1,-13,-3,None
0,4,2,-6,-30,-3,-8,5,14,17,12,8,-1,-13,-3,None
0,4,2,-6,-30,-3,-8,5,14,17,12,8,-1,-13,-3,None
0,4,2,-6,-30,-3,-8,5,14,17,12,8,-2,-12,-3,None
0,-3,2,9,1,-22,-12,-25,-3,17,12,8,-2,-12,-3,None
0,4,2,8,51,18,-1,27,46,17,12,8,-2,-12,-3,None
0,-5,1,-15,-78,-24,2,5,-54,17,12,8,-2,-12,-3,None
0,-4,3,10,37,32,3,-2,6,17,12,8,-2,-12,-3,None
0,-4,3,10,37,32,3,-2,6,17,12,8,-2,-12,-3,None
0,-4,3,10,37,32,3,-2,6,17,12,8,-2,-13,-4,None
0,0,-3,-15,3,-3,-17,-13,-7,17,12,8,-2,-13,-4,None
0,-6,-3,-11,1,14,12,-22,-74,17,12,8,-2,-13,-4,None
0,8,8,8,24,3,1,14,56,17,12,8,-2,-13,-4,None
0,-8,-1,4,20,-11,-22,-56,-53,17,12,8,-2,-13,-4,None
0,-8,-1,4,20,-11,-22,-56,-53,17,12,8,-2,-13,-4,None
0,-8,-1,4,20,-11,-22,-56,-53,17,12,8,-3,-13,-3,None
0,14,8,1,0,22,37,93,69,17,12,8,-3,-13,-3,None
0,2,4,2,-16,-5,-5,-23,-3,17,12,8,-3,-13,-3,None
0,0,0,-7,12,-6,-8,-31,-31,17,12,8,-3,-13,-3,None
0,4,-2,-1,-15,6,-8,-11,-33,17,12,8,-3,-13,-3,None
0,4,-2,-1,-15,6,-8,-11,-33,17,12,8,-3,-13,-3,None
0,4,-2,-1,-15,6,-8,-11,-33,17,12,8,-3,-12,-3,None
0,0,2,-3,-3,-6,-9,18,13,17,12,8,-3,-12,-3,None
0,3,-2,-8,-2,-8,7,37,82,17,12,8,-3,-12,-3,None
0,1,11,-5,15,22,2,-26,-73,17,12,8,-3,-12,-3,None
0,-4,-4,-7,-5,-7,-2,3,84,17,12,8,-3,-12,-3,None
0,-4,-4,-7,-5,-7,-2,3,84,17,12,8,-3,-12,-3,None
0,-4,-4,-7,-5,-7,-2,3,84,17,12,8,-3,-12,-4,None
0,4,-26,14,20,-1,-4,-29,-81,17,12,8,-3,-12,-4,None
0,-20,6,1,-43,9,8,40,-39,17,12,8,-3,-12,-4,None
0,-25,-6,-16,-9,-16,-10,-31,41,17,12,8,-3,-12,-4,None
0,26,3,3,35,17,10,27,-89,17,12,8,-3,-12,-4,None
0,26,3,3,35,17,10,27,-89,17,12,8,-3,-12,-4,None
0,26,3,3,35,17,10,27,-89,17,12,8,-3,-12,-3,None
0,-34,-52,-16,-21,-8,4,34,41,17,12,8,-3,-12,-3,None
0,4,5,-8,-9,-18,-23,-75,-91,17,12,8,-3,-12,-3,None
0,-18,3,-3,6,10,10,-22,62,17,12,8,-3,-12,-3,None
0,-21,-8,-13,-8,-6,10,88,-15,17,12,8,-3,-12,-3,None
0,-21,-8,-13,-8,-6,10,88,-15,17,12,7,-3,-12,-3,None
0,-21,-8,-13,-8,-6,10,88,-15,17,12,7,-3,-12,-4,None
0,10,23,-5,1,5,-1,-19,70,17,12,7,-3,-12,-4,None
0,30,-7,-15,-15,-7,-15,2,-25,17,12,7,-3,-12,-4,None
0,-33,-8,-11,10,-2,-2,-40,-29,17,12,7,-3,-12,-4,None
0,-68,15,-4,2,0,-2,-9,-65,17,12,7,-3,-12,-4,None
0,-68,15,-4,2,0,-2,-9,-65,17,12,7,-3,-12,-4,None
0,-68,15,-4,2,0,-2,-9,-65,17,12,7,-3,-12,-4,None
0,86,6,-7,-6,3,10,18,48,17,12,7,-3,-12,-4,None
0,6,-18,1,7,4,12,76,109,17,12,7,-3,-12,-4,None
0,18,5,3,-4,0,-3,-3,16,17,12,7,-3,-12,-4,None
0,23,5,2,-9,-6,-6,-55,17,17,12,7,-3,-12,-4,None
0,23,5,2,-9,-6,-6,-55,17,17,12,7,-3,-12,-4,None
0,23,5,2,-9,-6,-6,-55,17,17,12,7,-1,-14,-1,None
0,-23,8,0,-1,1,5,-17,-30,17,12,7,-1,-14,-1,None
0,-10,1,7,9,3,2,-44,-66,17,12,7,-1,-14,-1,None
0,7,10,18,10,-4,-6,36,1,17,12,7,-1,-14,-1,None
0,7,-16,3,3,-3,2,-10,41,17,12,7,-1,-14,-1,None
0,7,-16,3,3,-3,2,-10,41,17,12,7,-1,-14,-1,None
0,7,-16,3,3,-3,2,-10,41,17,12,7,0,-13,0,None
0,-55,0,3,3,-12,-23,-112,-128,17,12,7,0,-13,0,None
0,46,15,3,13,3,3,8,71,17,12,7,0,-13,0,None
0,6,-4,-5,-3,2,4,21,-25,17,12,7,0,-13,0,None
0,1,8,-7,-3,-8,-7,26,11,17,12,7,0,-13,0,None
0,1,8,-7,-3,-8,-7,26,11,17,12,7,0,-13,0,None
0,1,8,-7,-3,-8,-7,26,11,17,12,7,-1,-17,-3,None
0,-9,6,-6,-5,1,-5,-36,-17,17,12,7,-1,-17,-3,None
0,-35,-7,-8,-4,7,3,-14,0,17,12,7,-1,-17,-3,None
0,-8,13,-4,-7,-9,-12,-2,0,17,12,7,-1,-17,-3,None
0,13,-17,-2,-15,-10,-2,-24,27,17,12,7,-1,-17,-3,None
0,13,-17,-2,-15,-10,-2,-24,27,17,12,7,-1,-17,-3,None
0,13,-17,-2,-15,-10,-2,-24,27,17,12,7,-3,-13,-4,None
0,-4,7,-1,3,6,5,10,-32,17,12,7,-3,-13,-4,None
0,-13,0,-1,-5,-7,-8,-21,-22,17,12,7,-3,-13,-4,None
0,15,-2,7,5,2,-5,16,-11,17,12,7,-3,-13,-4,None
0,2,11,2,10,7,-3,-99,-37,17,12,7,-3,-13,-4,None
0,2,11,2,10,7,-3,-99,-37,17,12,7,-3,-13,-4,None
0,2,11,2,10,7,-3,-99,-37,17,12,7,-3,-12,-5,None
0,-7,0,-7,-2,-3,-1,92,44,17,12,7,-3,-12,-5,None
0,-4,0,0,6,6,5,4,1,17,12,7,-3,-12,-5,None
0,3,0,2,0,1,-9,-49,-87,17,12,7,-3,-12,-5,None
0,3,0,-7,0,4,17,104,94,17,12,7,-3,-12,-5,None
0,3,0,-7,0,4,17,104,94,17,12,7,-3,-12,-5,None
0,3,0,-7,0,4,17,104,94,17,12,7,-3,-14,-5,None
0,7,6,0,-3,-5,-12,-36,-56,17,12,7,-3,-14,-5,None
0,-4,1,-9,1,1,-1,-4,9,17,12,7,-3,-14,-5,None
0,-11,-7,-8,-8,-6,-9,-24,-32,17,12,7,-3,-14,-5,None
0,1,2,-5,-6,4,6,-14,40,17,12,7,-3,-14,-5,None
0,1,2,-5,-6,4,6,-14,40,17,12,7,-3,-14,-5,None
0,1,2,-5,-6,4,6,-14,40,17,12,7,-3,-15,-4,None
0,-1,0,-4,6,8,-1,-21,-45,17,12,7,-3,-15,-4,None
0,9,3,0,-10,-8,-3,43,73,17,12,7,-3,-15,-4,None
0,-7,-4,1,-6,-2,-2,-23,-25,17,12,7,-3,-15,-4,None
0,-6,9,1,4,3,2,-2,-12,17,12,7,-3,-15,-4,None
0,-6,9,1,4,3,2,-2,-12,17,12,7,-3,-15,-4,None
0,-6,9,1,4,3,2,-2,-12,17,12,7,-4,-13,-4,None
0,7,4,8,-1,3,4,26,1,17,12,7,-4,-13,-4,None
0,-9,0,-4,5,-1,-12,-43,-24,17,12,7,-4,-13,-4,None
0,5,-3,2,2,2,7,15,-45,17,12,7,-4,-13,-4,None
0,7,1,-3,5,3,-3,-7,38,17,12,7,-4,-13,-4,None
0,7,1,-3,5,3,-3,-7,38,17,12,7,-4,-13,-4,None
0,7,1,-3,5,3,-3,-7,38,17,12,7,-4,-12,-4,None
0,2,5,-1,1,-1,0,8,29,17,12,7,-4,-12,-4,None
0,-19,0,0,9,3,-9,-22,-126,17,12,7,-4,-12,-4,None
0,12,2,-9,7,7,18,64,28,17,12,7,-4,-12,-4,None
0,10,2,4,-2,-2,2,59,20,17,12,7,-4,-12,-4,None
0,10,2,4,-2,-2,2,59,20,17,12,7,-4,-12,-4,None
0,10,2,4,-2,-2,2,59,20,17,12,7,-4,-12,-4,None
0,-6,2,-4,11,4,0,1,25,17,12,7,-4,-12,-4,None
0,-2,1,-1,-20,-3,-5,-20,-6,17,12,7,-4,-12,-4,None
0,0,-2,-4,-8,-1,-3,0,19,17,12,7,-4,-12,-4,None
0,-5,-3,-5,2,4,1,-42,-54,17,12,7,-4,-12,-4,None
0,-5,-3,-5,2,4,1,-42,-54,17,12,7,-4,-12,-4,None
0,-5,-3,-5,2,4,1,-42,-54,17,12,7,-4,-13,-4,None
0,0,2,4,0,1,-1,10,42,17,12,7,-4,-13,-4,None
0,-2,4,4,28,-2,-2,-8,7,17,12,7,-4,-13,-4,None
0,5,2,-6,-14,-1,2,20,6,17,12,7,-4,-13,-4,None
0,0,-1,-6,-35,-2,-3,-26,-4,17,12,7,-4,-13,-4,None
0,0,-1,-6,-35,-2,-3,-26,-4,17,12,7,-4,-13,-4,None
0,0,-1,-6,-35,-2,-3,-26,-4,17,12,7,-4,-12,-4,None
0,1,4,1,-4,-1,1,17,13,17,12,7,-4,-12,-4,None
0,0,3,2,9,8,1,6,-1,17,12,7,-4,-12,-4,None
0,1,0,4,39,11,5,10,37,17,12,7,-4,-12,-4,None
0,-5,-3,-7,-28,-5,-9,-7,-22,17,12,7,-4,-12,-4,None
0,-5,-3,-7,-28,-5,-9,-7,-22,17,12,7,-4,-12,-4,None
0,-5,-3,-7,-28,-5,-9,-7,-22,17,12,7,-4,-13,-4,None
0,-4,-2,-7,17,-5,6,-25,-15,17,12,7,-4,-13,-4,None
0,-2,-2,9,58,25,8,3,6,17,12,7,-4,-13,-4,None
0,1,-1,-11,-84,-19,-2,-13,-16,17,12,7,-4,-13,-4,None
0,1,2,1,9,-4,-8,7,2,17,12,7,-4,-13,-4,None
0,1,2,1,9,-4,-8,7,2,17,12,7,-4,-13,-4,None
0,1,2,1,9,-4,-8,7,2,17,12,7,-3,-13,-4,None
0,-4,2,3,30,-3,-12,-12,-15,17,12,7,-3,-13,-4,None
0,-1,0,-7,-13,0,11,6,9,17,12,7,-3,-13,-4,None
0,0,-2,-12,13,-4,-5,-3,9,17,12,7,-3,-13,-4,None
0,-4,-2,1,15,12,-10,-8,-15,17,12,7,-3,-13,-4,None
0,-4,-2,1,15,12,-10,-8,-15,17,12,7,-3,-13,-4,None
0,-4,-2,1,15,12,-10,-8,-15,17,12,7,-3,-14,-3,None
0,-2,-1,-4,-31,-11,4,-9,4,17,12,7,-3,-14,-3,None
0,0,1,-2,-21,-2,3,4,-9,17,12,7,-3,-14,-3,None
0,0,0,1,0,3,-5,-1,13,17,12,7,-3,-14,-3,None
0,-2,1,-3,-17,-15,-14,-5,-8,17,12,7,-3,-14,-3,None
0,-2,1,-3,-17,-15,-14,-5,-8,17,12,7,-3,-14,-3,None
0,-2,1,-3,-17,-15,-14,-5,-8,17,12,7,-4,-13,-3,None
0,0,3,0,-26,0,13,-11,-4,17,12,7,-4,-13,-3,None
0,-2,-2,-5,38,6,3,-7,7,17,12,7,-4,-13,-3,None
0,-1,0,-2,14,11,0,6,8,17,12,7,-4,-13,-3,None
0,1,2,0,-15,0,-4,-2,1,17,12,7,-4,-13,-3,None
0,1,2,0,-15,0,-4,-2,1,17,12,7,-4,-13,-3,None
0,1,2,0,-15,0,-4,-2,1,17,12,7,-4,-13,-3,None
0,-2,1,2,-5,9,-4,-10,-7,17,12,7,-4,-13,-3,None
0,0,2,-2,-1,-7,-8,-1,-1,17,12,7,-4,-13,-3,None
0,-2,2,1,3,-5,0,0,8,17,12,7,-4,-13,-3,None
0,-2,0,0,18,-2,-1,-3,-10,17,12,7,-4,-13,-3,None
0,-2,0,0,18,-2,-1,-3,-10,17,12,7,-4,-13,-3,None
0,-2,0,0,18,-2,-1,-3,-10,17,12,7,-3,-13,-3,None
0,-2,-2,-5,1,-2,-6,-6,-9,17,12,7,-3,-13,-3,None
0,-1,-1,-3,-35,-2,-1,-1,-3,17,12,7,-3,-13,-3,None
0,-1,1,7,12,0,-4,-2,2,17,12,7,-3,-13,-3,None
0,-1,0,-7,5,2,11,1,4,17,12,7,-3,-13,-3,None
0,-1,0,-7,5,2,11,1,4,17,12,7,-3,-13,-3,None
0,-1,0,-7,5,2,11,1,4,17,12,7,-3,-13,-3,None
0,-2,-1,0,9,9,3,4,2,17,12,7,-3,-13,-3,None
0,1,0,-6,-28,-13,-5,-1,5,17,12,7,-3,-13,-3,None
0,0,2,3,10,7,-3,1,6,17,12,7,-3,-13,-3,None
0,-2,1,5,16,-1,0,-4,-3,17,12,7,-3,-13,-3,None
0,-2,1,5,16,-1,0,-4,-3,17,12,7,-3,-13,-3,None
0,-2,1,5,16,-1,0,-4,-3,17,12,7,-3,-13,-3,None
0,-2,0,-8,-7,2,-2,-2,-2,17,12,7,-3,-13,-3,None
0,0,0,2,0,4,1,2,2,17,12,7,-3,-13,-3,None
0,-1,0,-1,4,2,1,1,0,17,12,7,-3,-13,-3,None
0,-1,2,0,-3,0,3,1,0,17,12,7,-3,-13,-3,None
0,-1,2,0,-3,0,3,1,0,17,12,8,-3,-13,-3,None
0,-1,2,0,-3,0,3,1,0,17,12,8,-3,-13,-3,None
0,-2,1,-3,8,-3,-8,-4,-4,17,12,8,-3,-13,-3,None
0,-3,0,0,-10,1,1,-2,3,17,12,8,-3,-13,-3,None
0,-2,1,7,4,-4,-3,-1,0,17,12,8,-3,-13,-3,None
0,-1,1,0,7,5,2,-2,-1,17,12,8,-3,-13,-3,None
0,-1,1,0,7,5,2,-2,-1,17,12,8,-3,-13,-3,None
0,-1,1,0,7,5,2,-2,-1,17,12,8,-2,-13,-3,None
0,0,-1,-1,-2,1,-5,-4,1,17,12,8,-2,-13,-3,None
0,-1,1,-5,-3,-7,-1,2,-1,17,12,8,-2,-13,-3,None
0,-1,-1,-5,-3,3,3,2,4,17,12,8,-2,-13,-3,None
0,-2,1,0,6,-1,-1,0,-2,17,12,8,-2,-13,-3,None
0,-2,1,0,6,-1,-1,0,-2,17,12,8,-2,-13,-3,None
0,-2,1,0,6,-1,-1,0,-2,17,12,8,-2,-14,-3,None
0,-3,0,-1,-1,-1,-7,-4,-7,17,12,8,-2,-14,-3,None
0,-2,0,-2,-8,-1,-1,-2,-1,17,12,8,-2,-14,-3,None
0,1,-1,-4,6,3,-1,-2,0,17,12,8,-2,-14,-3,None
0,0,0,-1,-2,2,3,2,1,17,12,8,-2,-14,-3,None
0,0,0,-1,-2,2,3,2,1,17,12,8,-2,-14,-3,None
0,0,0,-1,-2,2,3,2,1,17,12,8,-2,-14,-3,None
0,-1,1,0,-8,4,3,-2,-3,17,12,8,-2,-14,-3,None
0,-1,0,-2,2,-7,-5,-2,0,17,12,8,-2,-14,-3,None
0,-1,0,-1,6,2,-4,-2,-3,17,12,8,-2,-14,-3,None
0,-1,0,-1,2,-3,-3,-1,-2,17,12,8,-2,-14,-3,None
0,-1,0,-1,2,-3,-3,-1,-2,17,12,8,-2,-14,-3,None
0,-1,0,-1,2,-3,-3,-1,-2,17,12,8,-2,-13,-3,None
0,-2,1,3,-7,-3,-3,-3,-2,17,12,8,-2,-13,-3,None
0,-1,1,2,-8,6,2,1,1,17,12,8,-2,-13,-3,None
0,-1,1,-1,-5,2,3,1,2,17,12,8,-2,-13,-3,None
0,-2,-1,-5,0,-2,-1,-2,-1,17,12,8,-2,-13,-3,None
0,-2,-1,-5,0,-2,-1,-2,-1,17,12,8,-2,-13,-3,None
0,-2,-1,-5,0,-2,-1,-2,-1,17,12,8,-2,-12,-3,None
0,-1,-1,-5,-1,-2,-6,-3,-3,17,12,8,-2,-12,-3,None
0,-1,1,-4,-4,-3,-6,-6,-4,17,12,8,-2,-12,-3,None
0,0,1,-7,3,6,8,1,3,17,12,8,-2,-12,-3,None
0,0,1,-4,-1,0,0,-1,-1,17,12,8,-2,-12,-3,None
0,0,1,-4,-1,0,0,-1,-1,17,12,8,-2,-12,-3,None
0,0,1,-4,-1,0,0,-1,-1,17,12,8,-1,-13,-3,None
0,-1,1,-2,1,-3,-1,-1,-2,17,12,8,-1,-13,-3,None
0,-2,-1,-7,6,2,-3,-2,-3,17,12,8,-1,-13,-3,None
0,-2,-1,0,-3,0,-4,-1,-2,17,12,8,-1,-13,-3,None
0,-1,0,1,-1,0,0,-1,-1,17,12,8,-1,-13,-3,None
0,-1,0,1,-1,0,0,-1,-1,17,12,8,-1,-13,-3,None
0,-1,0,1,-1,0,0,-1,-1,17,12,8,-1,-14,-4,None
0,0,0,2,3,0,-3,-2,-1,17,12,8,-1,-14,-4,None
0,0,1,0,8,4,1,0,-1,17,12,8,-1,-14,-4,None
0,0,1,6,1,-1,-1,0,0,17,12,8,-1,-14,-4,None
0,1,1,10,3,3,-1,-2,-1,17,12,8,-1,-14,-4,None
0,1,1,10,3,3,-1,-2,-1,17,12,8,-1,-14,-4,None
0,1,1,10,3,3,-1,-2,-1,17,12,8,-1,-14,-3,None
0,-2,0,11,-7,-5,-1,1,-1,17,12,8,-1,-14,-3,None
0,-2,-2,9,-24,0,-6,-3,-2,17,12,8,-1,-14,-3,None
0,-3,-1,7,2,3,-2,-1,-3,17,12,8,-1,-14,-3,None
0,0,1,-1,0,5,6,1,1,17,12,8,-1,-14,-3,None
0,0,1,-1,0,5,6,1,1,17,12,8,-1,-14,-3,None
0,0,1,-1,0,5,6,1,1,17,12,8,-1,-13,-3,None
0,1,2,-1,4,-2,2,-2,-1,17,12,8,-1,-13,-3,None
0,0,2,-2,-4,-3,-1,-1,-2,17,12,8,-1,-13,-3,None
0,0,3,0,17,1,-3,-1,-1,17,12,8,-1,-13,-3,None
0,-5,-7,-22,-65,-14,-8,-6,-6,17,12,8,-1,-13,-3,None
0,-5,-7,-22,-65,-14,-8,-6,-6,17,12,8,-1,-13,-3,None
0,-5,-7,-22,-65,-14,-8,-6,-6,17,12,8,-1,-12,-3,None
0,-3,-2,-9,25,26,3,1,0,17,12,8,-1,-12,-3,None
0,-2,0,-6,-11,-15,-1,-3,-1,17,12,8,-1,-12,-3,None
0,-1,0,-10,-6,-11,4,-1,0,17,12,8,-1,-12,-3,None
0,0,2,-6,16,1,-2,-1,0,17,12,8,-1,-12,-3,None
0,0,2,-6,16,1,-2,-1,0,0,12,8,-1,-12,-3,None
0,0,2,-6,16,1,-2,-1,0,0,12,8,0,-14,-3,None
0,1,2,-11,23,5,0,0,-1,0,12,8,0,-14,-3,None
0,0,0,-11,-53,4,-3,-1,-2,0,12,8,0,-14,-3,None
0,1,1,-7,10,-7,0,-1,1,0,12,8,0,-14,-3,None
0,-4,-4,-8,37,18,-1,-4,-3,0,12,8,0,-14,-3,None
0,-4,-4,-8,37,18,-1,-4,-3,0,12,9,0,-14,-3,None
0,-4,-4,-8,37,18,-1,-4,-3,0,12,9,0,-14,-3,None
0,-4,-3,-12,-20,-8,-1,-1,-2,0,12,9,0,-14,-3,None
0,1,3,3,55,11,3,2,1,0,12,9,0,-14,-3,None
0,0,0,-2,40,-2,0,0,-1,0,12,9,0,-14,-3,None
0,1,2,-2,-35,-5,2,0,0,0,12,9,0,-14,-3,None
0,1,2,-2,-35,-5,2,0,0,0,12,9,0,-14,-3,None
0,1,2,-2,-35,-5,2,0,0,0,12,9,0,-14,-3,None
0,-1,2,7,21,21,0,-1,-3,0,12,9,0,-14,-3,None
0,-1,0,0,34,3,-1,-2,0,0,12,9,0,-14,-3,None
0,0,-1,-14,-117,-28,-6,-2,1,0,12,9,0,-14,-3,None
0,-5,-2,1,47,12,4,0,-5,0,12,9,0,-14,-3,None
0,-5,-2,1,47,12,4,0,-5,0,12,9,0,-14,-3,None
0,-5,-2,1,47,12,4,0,-5,0,12,9,0,-13,-3,None
0,0,1,-6,-69,-25,-4,0,-3,0,12,9,0,-13,-3,None
0,-3,-3,-3,36,26,5,-2,-1,0,12,9,0,-13,-3,None
0,2,5,4,89,29,3,1,0,0,12,9,0,-13,-3,None
0,-2,-1,-5,-55,-29,-5,-1,-1,0,12,9,0,-13,-3,None
0,-2,-1,-5,-55,-29,-5,-1,-1,0,12,9,0,-13,-3,None
0,-2,-1,-5,-55,-29,-5,-1,-1,0,12,9,2,-14,-2,None
0,-1,0,-8,43,35,-5,-4,-2,0,12,9,2,-14,-2,None
0,0,3,11,49,-18,0,1,1,0,12,9,2,-14,-2,None
0,-4,-6,-36,-76,-25,-13,-7,-4,0,12,9,2,-14,-2,None
0,1,1,8,77,21,6,-2,-3,0,12,9,2,-14,-2,None
0,1,1,8,77,21,6,-2,-3,0,12,9,2,-14,-2,None
0,1,1,8,77,21,6,-2,-3,0,12,9,2,-15,-3,None
0,-1,1,5,2,-8,-5,-3,0,0,12,9,2,-15,-3,None
0,-2,2,4,76,23,10,1,-2,0,12,9,2,-15,-3,None
0,-2,-1,-19,-23,8,-3,0,-2,0,12,9,2,-15,-3,None
0,0,0,1,-32,6,7,-3,-1,0,12,9,2,-15,-3,None
0,0,0,1,-32,6,7,-3,-1,0,12,9,2,-15,-3,None
0,0,0,1,-32,6,7,-3,-1,0,12,9,3,-15,-3,None
0,-5,-1,2,58,10,-5,-4,-4,0,12,9,3,-15,-3,None
0,2,2,-19,-37,-35,-7,-3,-1,0,12,9,3,-15,-3,None
0,0,3,20,7,18,3,-1,-3,0,12,9,3,-15,-3,None
0,-1,0,-8,-69,-25,1,5,1,0,12,9,3,-15,-3,None
0,-1,0,-8,-69,-25,1,5,1,0,12,9,3,-15,-3,None
0,-1,0,-8,-69,-25,1,5,1,0,12,9,4,-15,-3,None
0,-3,-3,-11,31,55,0,-3,-1,0,12,9,4,-15,-3,None
0,1,3,12,26,15,-4,2,3,0,12,9,4,-15,-3,None
0,-4,-2,5,12,-24,1,-3,-5,0,12,9,4,-15,-3,None
0,0,2,-4,-52,-45,-14,-8,1,0,12,9,4,-15,-3,None
0,0,2,-4,-52,-45,-14,-8,1,1,12,9,4,-15,-3,None
0,0,2,-4,-52,-45,-14,-8,1,1,12,9,4,-14,-3,None
0,-1,0,11,-36,-20,5,2,-2,1,12,9,4,-14,-3,None
0,-2,0,-4,-66,-44,-1,-2,-3,1,12,9,4,-14,-3,None
0,-2,0,-4,-66,-44,-1,-2,-3,1,12,9,4,-14,-3,None
0,-2,0,-4,-66,-44,-1,-2,-3,1,12,9,4,-13,-3,None
0,-3,-3,-6,-3,67,-7,-4,-2,1,12,9,4,-13,-3,None
0,0,2,-4,57,-20,-8,-4,-5,1,12,9,4,-13,-3,None
0,1,0,4,-128,-64,-9,-5,2,1,12,9,4,-13,-3,None
0,-1,1,-10,54,33,13,-3,0,1,12,9,4,-13,-3,None
0,-1,1,-10,54,33,13,-3,0,1,12,9,4,-13,-3,None
0,-1,1,-10,54,33,13,-3,0,1,12,9,6,-14,-2,None
0,-4,-8,-42,-68,14,-7,-1,-3,1,12,9,6,-14,-2,None
0,-2,0,3,-70,-3,-3,-4,-2,1,12,9,6,-14,-2,None
0,-3,6,12,69,38,4,1,1,1,12,9,6,-14,-2,None
0,0,-4,-21,-105,-36,-3,4,-1,1,12,9,6,-14,-2,None
0,0,-4,-21,-105,-36,-3,4,-1,1,12,9,6,-14,-2,None
0,0,-4,-21,-105,-36,-3,4,-1,1,12,9,6,-14,-2,None
0,1,5,33,60,-58,5,1,-2,1,12,9,6,-14,-2,None
0,-2,-3,-10,-53,-29,1,-3,-2,1,12,9,6,-14,-2,None
0,2,0,-7,7,6,-3,-3,3,1,12,9,6,-14,-2,None
0,-3,2,16,-1,-53,-3,-3,-3,1,12,9,6,-14,-2,None
0,-3,2,16,-1,-53,-3,-3,-3,1,12,9,6,-14,-2,None
0,-3,2,16,-1,-53,-3,-3,-3,1,12,9,6,-14,-2,None
0,-2,-1,4,22,65,-3,-4,-3,1,12,9,6,-14,-2,None
0,1,3,-1,98,39,0,0,1,1,12,9,6,-14,-2,None
0,1,1,8,21,-10,7,2,-1,1,12,9,6,-14,-2,None
0,-4,-4,-10,12,40,0,0,-7,1,12,9,6,-14,-2,None
0,-4,-4,-10,12,40,0,0,-7,1,12,9,6,-14,-2,None
0,-4,-4,-10,12,40,0,0,-7,1,12,9,6,-13,-2,None
0,2,5,7,39,7,-1,-1,-1,1,12,9,6,-13,-2,None
0,-1,-1,-1,33,-19,-9,-8,-1,1,12,9,6,-13,-2,None
0,-1,2,-11,-18,-25,1,-4,-2,1,12,9,6,-13,-2,None
0,2,5,9,-9,-60,0,7,-1,1,12,9,6,-13,-2,None
0,2,5,9,-9,-60,0,7,-1,1,12,9,6,-13,-2,None
0,2,5,9,-9,-60,0,7,-1,1,12,9,7,-13,-2,None
0,-3,-5,-9,-37,27,-5,-7,1,1,12,9,7,-13,-2,None
0,-1,4,10,24,-10,6,5,-6,1,12,9,7,-13,-2,None
0,-5,-4,-9,31,74,-10,-6,-4,1,12,9,7,-13,-2,None
0,2,-4,-11,-120,-49,-6,-7,-2,1,12,9,7,-13,-2,None
0,2,-4,-11,-120,-49,-6,-7,-2,1,12,9,7,-13,-2,None
0,2,-4,-11,-120,-49,-6,-7,-2,1,12,9,7,-13,-1,None
0,0,2,1,-4,-93,0,0,-1,1,12,9,7,-13,-1,None
0,0,2,0,-10,12,-2,5,3,1,12,9,7,-13,-1,None
0,-2,-2,-4,-16,-18,2,-1,-3,1,12,9,7,-13,-1,None
0,-4,-3,-11,25,-4,-7,-7,-3,1,12,9,7,-13,-1,None
0,-4,-3,-11,25,-4,-7,-7,-3,1,12,9,7,-13,-1,None
0,-4,-3,-11,25,-4,-7,-7,-3,1,12,9,8,-12,-1,None
0,0,2,6,14,46,6,1,-1,1,12,9,8,-12,-1,None
0,-1,-2,-1,-24,-19,-5,-4,1,1,12,9,8,-12,-1,None
0,-1,2,-3,19,-9,3,3,-3,1,12,9,8,-12,-1,None
0,-3,1,1,-1,42,-4,-4,-1,1,12,9,8,-12,-1,None
0,-3,1,1,-1,42,-4,-4,-1,1,12,9,8,-12,-1,None
0,-3,1,1,-1,42,-4,-4,-1,1,12,9,7,-13,-1,None
0,2,25,4,60,28,2,2,-3,1,12,9,7,-13,-1,None
0,-3,-6,-10,-69,0,-2,-2,-4,1,12,9,7,-13,-1,None
0,-2,-1,-3,-22,-25,0,1,-4,1,12,9,7,-13,-1,None
0,-2,-6,-1,19,32,-4,-6,-2,1,12,9,7,-13,-1,None
0,-2,-6,-1,19,32,-4,-6,-2,1,12,9,7,-13,-1,None
0,-2,-6,-1,19,32,-4,-6,-2,1,12,9,8,-13,-1,None
0,-2,1,1,7,-19,5,1,-2,1,12,9,8,-13,-1,None
0,2,3,1,14,2,-2,-2,1,1,12,9,8,-13,-1,None
0,-2,13,0,39,21,-1,-3,0,1,12,9,8,-13,-1,None
0,10,52,-3,-29,-8,-4,-1,-3,1,12,9,8,-13,-1,None
0,10,52,-3,-29,-8,-4,-1,-3,1,12,9,8,-13,-1,None
0,10,52,-3,-29,-8,-4,-1,-3,1,12,9,9,-13,-1,None
0,-8,-41,-1,-6,-19,-1,-1,4,1,12,9,9,-13,-1,None
0,-1,-4,1,44,27,1,1,-1,1,12,9,9,-13,-1,None
0,0,-10,-3,-25,-29,1,1,-1,1,12,9,9,-13,-1,None
0,1,7,1,47,70,0,-1,0,1,12,9,9,-13,-1,None
0,1,7,1,47,70,0,-1,0,1,12,9,9,-13,-1,None
0,1,7,1,47,70,0,-1,0,1,12,9,9,-14,-2,None
0,0,8,0,-40,-102,-5,-2,-3,1,12,9,9,-14,-2,None
0,-3,-7,-2,24,53,0,-3,0,1,12,9,9,-14,-2,None
0,-1,3,-7,-24,-1,-2,0,-1,1,12,9,9,-14,-2,None
0,-3,-13,-2,-30,-15,-1,-1,-2,1,12,9,9,-14,-2,None
0,-3,-13,-2,-30,-15,-1,-1,-2,1,12,9,9,-14,-2,None
0,-3,-13,-2,-30,-15,-1,-1,-2,1,12,9,9,-13,-1,None
0,-1,-1,1,-1,24,0,1,-2,1,12,9,9,-13,-1,None
0,-2,-4,1,37,-1,2,3,-1,1,12,9,9,-13,-1,None
0,0,2,-7,-41,-41,-5,-4,-2,1,12,9,9,-13,-1,None
0,-4,-9,6,46,23,2,0,-1,1,12,9,9,-13,-1,None
0,-4,-9,6,46,23,2,0,-1,1,12,9,9,-13,-1,None
0,-4,-9,6,46,23,2,0,-1,1,12,9,8,-12,0,None
0,-1,-2,-2,-30,-64,-3,-2,1,1,12,9,8,-12,0,None
0,-2,10,2,-12,48,-2,-1,-3,1,12,9,8,-12,0,None
0,-3,-1,-1,15,-15,5,1,-1,1,12,9,8,-12,0,None
0,-4,-12,-2,22,37,-2,-1,-1,1,12,9,8,-12,0,None
0,-4,-12,-2,22,37,-2,-1,-1,1,12,9,8,-12,0,None
0,-4,-12,-2,22,37,-2,-1,-1,1,12,9,8,-12,0,None
0,0,7,-3,-29,4,0,-2,-1,1,12,9,8,-12,0,None
0,0,3,-1,2,-26,-2,-1,0,1,12,9,8,-12,0,None
0,-6,-4,-3,-8,-2,-1,-1,-3,1,12,9,8,-12,0,None
0,-2,-10,-5,-16,4,-1,-3,-2,1,12,9,8,-12,0,None
0,-2,-10,-5,-16,4,-1,-3,-2,1,12,9,8,-12,0,None
0,-2,-10,-5,-16,4,-1,-3,-2,1,12,9,8,-12,0,None
0,4,18,1,28,30,-3,-2,-3,1,12,9,8,-12,0,None
0,-5,-35,-2,0,-3,0,-2,0,1,12,9,8,-12,0,None
0,-1,-4,-2,-3,16,-1,-2,-3,1,12,9,8,-12,0,None
0,-2,-1,0,5,-12,-1,-2,0,1,12,9,8,-12,0,None
0,-2,-1,0,5,-12,-1,-2,0,1,12,9,8,-12,0,None
0,-2,-1,0,5,-12,-1,-2,0,1,12,9,8,-12,0,None
0,0,8,-4,14,35,-1,-1,-2,1,12,9,8,-12,0,None
0,0,6,0,-16,-21,1,-2,-1,1,12,9,8,-12,0,None
0,-1,0,-8,4,22,1,-3,-3,1,12,9,8,-12,0,None
0,-2,-4,1,2,-3,-3,0,-2,1,12,9,8,-12,0,None
0,-2,-4,1,2,-3,-3,0,-2,1,12,9,8,-12,0,None
0,-2,-4,1,2,-3,-3,0,-2,1,12,9,8,-12,-1,None
0,-2,-8,-1,-5,4,-3,-1,-2,1,12,9,8,-12,-1,None
0,-1,9,0,2,-5,0,-1,-2,1,12,9,8,-12,-1,None
0,1,2,0,-2,-7,-1,0,0,1,12,9,8,-12,-1,None
0,-2,1,-2,-11,-9,-1,-2,-2,1,12,9,8,-12,-1,None
0,-2,1,-2,-11,-9,-1,-2,-2,1,12,9,8,-12,-1,None
0,-2,1,-2,-11,-9,-1,-2,-2,1,12,9,8,-12,-1,None
0,-3,0,0,16,12,0,-2,-1,1,12,9,8,-12,-1,None
0,3,12,0,7,-1,-1,-3,0,1,12,9,8,-12,-1,None
0,-3,-4,-4,11,7,-6,-5,-3,1,12,9,8,-12,-1,None
0,-2,-1,-1,-17,-3,-1,0,0,1,12,9,8,-12,-1,None
0,-2,-1,-1,-17,-3,-1,0,0,1,12,9,8,-12,-1,None
0,-2,-1,-1,-17,-3,-1,0,0,1,12,9,8,-12,-1,None
0,-4,-3,0,-3,7,2,-1,-2,1,12,9,8,-12,-1,None
0,5,4,-2,6,4,-2,0,-2,1,12,9,8,-12,-1,None
0,2,1,-1,-13,-12,-2,-2,1,1,12,9,8,-12,-1,None
0,-2,-2,-2,0,2,0,-1,-1,1,12,9,8,-12,-1,None
0,-2,-2,-2,0,2,0,-1,-1,1,12,9,8,-12,-1,None
0,-2,-2,-2,0,2,0,-1,-1,1,12,9,8,-12,-1,None
0,-2,-3,-3,6,5,-1,-2,-1,1,12,9,8,-12,-1,None
0,-3,6,-3,0,4,-1,-1,-2,1,12,9,8,-12,-1,None
0,-1,3,1,3,3,-1,1,0,1,12,9,8,-12,-1,None
0,0,2,-3,-46,-5,-1,-4,-4,1,12,9,8,-12,-1,None
0,0,2,-3,-46,-5,-1,-4,-4,1,12,9,8,-12,-1,None
0,0,2,-3,-46,-5,-1,-4,-4,1,12,9,8,-12,-1,None
0,4,6,-3,26,22,-2,1,2,1,12,9,8,-12,-1,None
0,-11,-29,-1,-12,3,3,-3,-5,1,12,9,8,-12,-1,None
0,0,-2,-4,-10,0,-2,-2,0,1,12,9,8,-12,-1,None
0,-4,-2,-1,6,-9,0,-2,-1,1,12,9,8,-12,-1,None
0,-4,-2,-1,6,-9,0,-2,-1,1,12,9,8,-12,-1,None
0,-4,-2,-1,6,-9,0,-2,-1,1,12,9,8,-12,-1,None
0,3,2,-2,-3,-5,-2,-1,-1,1,12,9,8,-12,-1,None
0,0,11,-3,10,0,-3,-1,-2,1,12,9,8,-12,-1,None
0,-1,0,1,5,-1,0,-1,-1,1,12,9,8,-12,-1,None
0,0,-2,-2,3,-2,-2,-1,-1,1,12,9,8,-12,-1,None
0,0,-2,-2,3,-2,-2,-1,-1,1,12,9,8,-12,-1,None
0,0,-2,-2,3,-2,-2,-1,-1,1,12,9,8,-12,-1,None
0,-4,-3,-4,-5,0,-2,-2,-2,1,12,9,8,-12,-1,None
0,-1,6,-4,11,7,-1,-1,0,1,12,9,8,-12,-1,None
0,0,0,1,-13,-4,0,-1,-2,1,12,9,8,-12,-1,None
0,-1,4,-3,11,6,-2,-2,-1,1,12,9,8,-12,-1,None
0,-1,4,-3,11,6,-2,-2,-1,1,12,9,8,-12,-1,None
0,-1,4,-3,11,6,-2,-2,-1,1,12,9,8,-12,-1,None
0,-3,-2,-3,-12,-1,-3,-3,-3,1,12,9,8,-12,-1,None
0,5,16,0,3,20,1,1,-1,1,12,9,8,-12,-1,None
0,-1,0,-2,-6,-1,1,-3,-1,1,12,9,8,-12,-1,None
0,-1,1,-1,-12,-8,-1,0,0,1,12,9,8,-12,-1,None
0,-1,1,-1,-12,-8,-1,0,0,1,12,9,8,-12,-1,None
0,-1,1,-1,-12,-8,-1,0,0,1,12,9,8,-12,-1,None
0,-3,-5,-2,6,10,0,-2,-3,1,12,9,8,-12,-1,None
0,-1,6,-1,-4,-8,-3,-1,-1,1,12,9,8,-12,-1,None
0,0,3,-1,3,-3,-1,0,0,1,12,9,8,-12,-1,None
0,-1,-3,-2,8,4,0,-2,-2,1,12,9,8,-12,-1,None
0,-1,-3,-2,8,4,0,-2,-2,1,12,9,8,-12,-1,None
0,-1,-3,-2,8,4,0,-2,-2,1,12,9,8,-12,-1,None
0,-3,3,-2,-15,-6,-2,-3,-2,1,12,9,8,-12,-1,None
0,-1,2,-3,0,0,-1,-2,-1,1,12,9,8,-12,-1,None
0,-1,1,-2,-4,-2,-1,-1,-1,1,12,9,8,-12,-1,None
0,-3,-3,-2,4,4,-2,-1,-1,1,12,9,8,-12,-1,None
0,-3,-3,-2,4,4,-2,-1,-1,1,12,9,8,-12,-1,None
0,-3,-3,-2,4,4,-2,-1,-1,1,12,9,8,-12,-1,None
0,0,-2,-2,-1,0,0,-1,-1,1,12,9,8,-12,-1,None
0,-1,-2,-9,4,-2,-2,-5,-2,1,12,9,8,-12,-1,None
0,4,-2,12,-1,-3,0,2,2,1,12,9,8,-12,-1,None
0,-3,20,-6,-27,2,-4,-7,-5,1,12,9,8,-12,-1,None
0,-3,20,-6,-27,2,-4,-7,-5,1,12,9,8,-12,-1,None
0,-3,20,-6,-27,2,-4,-7,-5,1,12,9,8,-12,-1,None
0,-4,-31,-2,-1,-1,0,-1,-2,1,12,9,8,-12,-1,None
0,-3,0,-2,-6,-2,-2,-2,-1,1,12,9,8,-12,-1,None
0,-1,1,-3,8,-5,0,-1,0,1,12,9,8,-12,-1,None
0,2,3,0,11,0,-1,1,0,1,12,9,8,-12,-1,None
0,2,3,0,11,0,-1,1,0,1,12,9,8,-12,-1,None
0,2,3,0,11,0,-1,1,0,1,12,9,8,-12,-1,None
0,0,8,-1,-8,-1,-2,-3,-1,1,12,9,8,-12,-1,None
0,-2,-4,-3,7,-2,-1,-1,-1,1,12,9,8,-12,-1,None
0,-2,-2,-5,-4,1,0,-1,-2,1,12,9,8,-12,-1,None
0,-1,-6,-1,10,3,1,0,0,1,12,9,8,-12,-1,None
0,-1,-6,-1,10,3,1,0,0,1,12,9,8,-12,-1,None
0,-1,-6,-1,10,3,1,0,0,1,12,9,8,-12,-1,None
0,-2,5,-3,4,3,-1,-3,-2,1,12,9,8,-12,-1,None
0,-1,-2,0,5,2,-1,0,0,1,12,9,8,-12,-1,None
0,0,2,-3,-9,3,0,-1,-2,1,12,9,8,-12,-1,None
0,1,0,-2,4,-1,-1,-3,-2,1,12,9,8,-12,-1,None
0,1,0,-2,4,-1,-1,-3,-2,1,12,9,8,-12,-1,None
0,1,0,-2,4,-1,-1,-3,-2,1,12,9,8,-12,-1,None
0,-2,3,-2,-1,10,-2,-1,-1,1,12,9,8,-12,-1,None
0,-1,5,-2,-5,-3,-1,-1,-2,1,12,9,8,-12,-1,None
0,-4,-1,-4,11,4,-5,-3,-2,1,12,9,8,-12,-1,None
0,-2,-8,-3,9,13,1,-2,-2,1,12,9,8,-12,-1,None
0,-2,-8,-3,9,13,1,-2,-2,1,12,9,8,-12,-1,None
0,-2,-8,-3,9,13,1,-2,-2,1,12,9,8,-12,-1,None
0,1,3,0,-5,-11,2,0,-1,1,12,9,8,-12,-1,None
0,-1,1,-2,7,14,-3,-1,0,1,12,9,8,-12,-1,None
0,-1,0,-5,-19,-4,0,1,-1,1,12,9,8,-12,-1,None
0,0,-2,-1,5,-10,-1,-1,0,1,12,9,8,-12,-1,None
0,0,-2,-1,5,-10,-1,-1,0,1,12,9,8,-12,-1,None
0,0,-2,-1,5,-10,-1,-1,0,1,12,9,8,-12,-1,None
0,-1,4,-2,0,2,-2,-1,0,1,12,9,8,-12,-1,None
0,-1,-1,-3,-10,-6,-1,-2,-1,1,12,9,8,-12,-1,None
0,-1,3,-1,6,-1,-3,-1,-1,1,12,9,8,-12,-1,None
0,0,1,-1,1,0,-1,0,-1,1,12,9,8,-12,-1,None
0,0,1,-1,1,0,-1,0,-1,1,12,9,8,-12,-1,None
0,0,1,-1,1,0,-1,0,-1,1,12,9,8,-12,-1,None
0,-1,4,0,4,-16,-1,-1,-1,1,12,9,8,-12,-1,None
0,1,24,-3,-20,-6,1,0,1,1,12,9,8,-12,-1,None
0,-7,-24,-5,-4,18,0,-3,-4,1,12,9,8,-12,-1,None
0,-2,-1,6,-11,1,-1,-2,-1,1,12,9,8,-12,-1,None
0,-2,-1,6,-11,1,-1,-2,-1,1,12,9,8,-12,-1,None
0,-2,-1,6,-11,1,-1,-2,-1,1,12,9,8,-12,-1,None
0,0,1,-1,0,-9,-1,0,-2,1,12,9,8,-12,-1,None
0,-2,-1,1,-4,-3,0,-1,-1,1,12,9,8,-12,-1,None
0,0,10,0,3,-5,-1,-2,0,1,12,9,8,-12,-1,None
0,-2,-2,-4,-1,-4,-2,-2,0,1,12,9,8,-12,-1,None
0,-2,-2,-4,-1,-4,-2,-2,0,1,12,9,8,-12,-1,None
0,-2,-2,-4,-1,-4,-2,-2,0,1,12,9,8,-12,-1,None
0,0,1,-3,-2,6,-2,-1,-2,1,12,9,8,-12,-1,None
0,0,2,0,5,1,-1,-2,0,1,12,9,8,-12,-1,None
0,0,4,-3,-5,1,-2,-1,0,1,12,9,8,-12,-1,None
0,-2,-5,-3,5,1,-2,-2,-2,1,12,9,8,-12,-1,None
0,-2,-5,-3,5,1,-2,-2,-2,1,12,9,8,-12,-1,None
0,-2,-5,-3,5,1,-2,-2,-2,1,12,9,8,-12,-1,None
0,-2,3,-2,-2,3,-1,-2,-2,1,12,9,8,-12,-1,None
0,-3,-10,-4,-1,6,-1,-1,-2,1,12,9,8,-12,-1,None
0,2,7,-1,1,-29,-3,-2,-2,1,12,9,8,-12,-1,None
0,-2,-6,0,1,37,5,1,-3,1,12,9,8,-12,-1,None
0,-2,-6,0,1,37,5,1,-3,1,12,9,8,-12,-1,None
0,-2,-6,0,1,37,5,1,-3,1,12,9,8,-12,-1,None
0,-1,2,-3,-4,11,1,-2,-2,1,12,9,8,-12,-1,None
0,-2,-5,-2,-2,-4,-2,-2,-2,1,12,9,8,-12,-1,None
0,-1,3,0,-7,-4,0,-2,0,1,12,9,8,-12,-1,None
0,1,4,-2,1,-15,-3,0,0,1,12,9,8,-12,-1,None
0,1,4,-2,1,-15,-3,0,0,1,12,9,8,-12,-1,None
0,1,4,-2,1,-15,-3,0,0,1,12,9,8,-12,-1,None
0,-1,0,-1,1,0,-2,-2,0,1,12,9,8,-12,-1,None
0,-1,-5,-2,3,4,-2,-2,-1,1,12,9,8,-12,-1,None
0,0,0,-2,4,4,0,-2,0,1,12,9,8,-12,-1,None
0,-1,1,-4,3,-3,-1,-1,-2,1,12,9,8,-12,-1,None
0,-1,1,-4,3,-3,-1,-1,-2,1,12,9,8,-12,-1,None
0,-1,1,-4,3,-3,-1,-1,-2,1,12,9,8,-12,-1,None
0,-1,-2,-2,-1,4,-2,-1,-1,1,12,9,8,-12,-1,None
0,0,1,-1,5,-3,-2,0,-2,1,12,9,8,-12,-1,None
0,-1,2,-1,1,6,0,0,-1,1,12,9,8,-12,-1,None
0,-3,0,-3,-5,-6,0,0,0,1,12,9,8,-12,-1,None
0,-3,0,-3,-5,-6,0,0,0,1,12,9,8,-12,-1,None
0,-3,0,-3,-5,-6,0,0,0,1,12,9,8,-12,-1,None
0,2,5,-3,7,4,-3,-2,-1,1,12,9,8,-12,-1,None
0,2,23,0,-4,13,-1,-2,-4,1,12,9,8,-12,-1,None
0,-1,-16,-1,3,2,2,-2,-2,1,12,9,8,-12,-1,None
0,-2,1,-3,-4,-1,-2,-1,-2,1,12,9,8,-12,-1,None
0,-2,1,-3,-4,-1,-2,-1,-2,1,12,9,8,-12,-1,None
0,-2,1,-3,-4,-1,-2,-1,-2,1,12,9,8,-12,-1,None
0,-1,-3,-2,-3,-3,1,-1,0,1,12,9,8,-12,-1,None
0,0,3,-1,2,-5,0,0,0,1,12,9,8,-12,-1,None
0,-2,7,-3,-2,2,-1,-3,-2,1,12,9,8,-12,-1,None
0,2,3,-2,4,0,-1,0,-1,1,12,9,8,-12,-1,None
0,2,3,-2,4,0,-1,0,-1,1,12,9,8,-12,-1,None
0,2,3,-2,4,0,-1,0,-1,1,12,9,8,-12,-1,None
0,0,8,-4,-2,2,0,-1,-1,1,12,9,8,-12,-1,None
0,-3,-10,-1,2,-1,-1,-2,-2,1,12,9,8,-12,-1,None
0,-2,3,0,-5,1,-1,0,0,1,12,9,8,-12,-1,None
0,-2,-4,-1,-6,-8,-3,-2,-1,1,12,9,8,-12,-1,None
0,-2,-4,-1,-6,-8,-3,-2,-1,1,12,9,8,-12,-1,None
0,-2,-4,-1,-6,-8,-3,-2,-1,1,12,9,8,-12,-1,None
0,-2,3,-3,-11,-1,-2,-2,-3,1,12,9,8,-12,-1,None
0,-3,-9,-3,-5,-3,0,0,0,1,12,9,8,-12,-1,None
0,1,14,0,-7,-5,1,1,-1,1,12,9,8,-12,-1,None
0,-3,4,-2,13,8,-5,-5,-3,1,12,9,8,-12,-1,None
0,-3,4,-2,13,8,-5,-5,-3,1,12,9,8,-12,-1,None
0,-3,4,-2,13,8,-5,-5,-3,1,12,9,8,-12,-1,None
0,-2,-4,-3,7,15,2,-2,-1,1,12,9,8,-12,-1,None
0,-3,1,0,10,4,-1,-3,-2,1,12,9,8,-12,-1,None
0,-1,-2,-3,-2,0,-1,-1,-1,1,12,9,8,-12,-1,None
0,0,0,-2,-2,-6,0,0,-1,1,12,9,8,-12,-1,None
0,0,0,-2,-2,-6,0,0,-1,1,12,9,8,-12,-1,None
0,0,0,-2,-2,-6,0,0,-1,1,12,9,8,-12,-1,None
0,0,0,0,-4,-8,-2,-1,-1,1,12,9,8,-12,-1,None
0,0,-10,-2,0,-3,-3,-1,-2,1,12,9,8,-12,-1,None
0,-2,1,-3,11,8,0,-2,-2,1,12,9,8,-12,-1,None
0,2,30,0,-29,-3,-1,-2,-1,1,12,9,8,-12,-1,None
0,2,30,0,-29,-3,-1,-2,-1,1,12,9,8,-12,-1,None
0,2,30,0,-29,-3,-1,-2,-1,1,12,9,8,-12,-1,None
0,-10,-74,-7,-8,-17,-2,-1,-2,1,12,9,8,-12,-1,None
0,-4,2,-2,-15,5,-2,-3,-1,1,12,9,8,-12,-1,None
0,0,-3,-3,-4,3,-2,-3,-1,1,12,9,8,-12,-1,None
0,0,-3,-2,4,-1,0,-1,0,1,12,9,8,-12,-1,None
0,0,-3,-2,4,-1,0,-1,0,1,12,9,8,-12,-1,None
0,0,-3,-2,4,-1,0,-1,0,1,12,9,8,-12,-1,None
0,1,17,2,1,5,0,-1,-2,1,12,9,8,-12,-1,None
0,1,-2,-4,-3,-8,-2,-1,0,1,12,9,8,-12,-1,None
0,-3,-7,-2,2,-1,-4,-2,-2,1,12,9,8,-12,-1,None
0,-3,-5,-2,6,4,-1,-1,-1,1,12,9,8,-12,-1,None
0,-3,-5,-2,6,4,-1,-1,-1,1,12,9,8,-12,-1,None
0,-3,-5,-2,6,4,-1,-1,-1,1,12,9,8,-12,-1,None
0,1,15,0,-1,-3,-2,-1,-1,1,12,9,8,-12,-1,None
0,-3,-9,-3,6,0,-1,-1,0,1,12,9,8,-12,-1,None
0,2,7,0,4,5,-3,-1,-2,1,12,9,8,-12,-1,None
0,-2,-2,-2,1,2,0,-1,-1,1,12,9,8,-12,-1,None
0,-2,-2,-2,1,2,0,-1,-1,1,12,9,8,-12,-1,None
0,-2,-2,-2,1,2,0,-1,-1,1,12,9,8,-12,-1,None
0,0,6,-2,1,-1,-2,-3,-2,1,12,9,8,-12,-1,None
0,-1,3,-1,-4,3,0,-2,-1,1,12,9,8,-12,-1,None
0,-1,0,-3,5,-1,-2,-1,-2,1,12,9,8,-12,-1,None
0,-1,-5,-3,3,0,-1,-1,-1,1,12,9,8,-12,-1,None
0,-1,-5,-3,3,0,-1,-1,-1,1,12,9,8,-12,-1,None
0,-1,-5,-3,3,0,-1,-1,-1,1,12,9,8,-12,-1,None
0,-1,3,-1,-3,0,-1,-1,-2,1,12,9,8,-12,-1,None
0,2,-1,-2,9,3,2,0,-2,1,12,9,8,-12,-1,None
0,-7,1,-1,-27,-8,-1,-1,-3,1,12,9,8,-12,-1,None
0,3,-3,-1,5,6,-2,-1,0,1,12,9,8,-12,-1,None
0,3,-3,-1,5,6,-2,-1,0,1,12,9,8,-12,-1,None
0,3,-3,-1,5,6,-2,-1,0,1,12,9,8,-12,-1,None
0,0,12,1,2,4,0,-1,0,1,12,9,8,-12,-1,None
0,-3,-7,-3,7,3,0,-2,-2,1,12,9,8,-12,-1,None
0,-1,2,-2,0,-2,-1,-1,-1,1,12,9,8,-12,-1,None
0,-2,-1,-2,1,0,0,-3,-2,1,12,9,8,-12,-1,None
0,-2,-1,-2,1,0,0,-3,-2,1,12,9,8,-12,-1,None
0,-2,-1,-2,1,0,0,-3,-2,1,12,9,8,-12,-1,None
0,-1,2,-1,-5,0,-2,0,-1,1,12,9,8,-12,-1,None
0,2,14,-1,-8,-4,-3,0,-1,1,12,9,8,-12,-1,None
0,-3,-20,-2,4,1,1,-1,-1,1,12,9,8,-12,-1,None
0,-1,0,-3,7,8,-4,-1,-2,1,12,9,8,-12,-1,None
0,-1,0,-3,7,8,-4,-1,-2,1,12,9,8,-12,-1,None
0,-1,0,-3,7,8,-4,-1,-2,1,12,9,8,-12,-1,None
0,1,1,-6,-20,-10,-1,-1,0,1,12,9,8,-12,-1,None
0,-2,-2,-1,3,3,-1,-1,-1,1,12,9,8,-12,-1,None
0,-1,6,-1,5,7,0,-2,-1,1,12,9,8,-12,-1,None
0,-1,-4,-1,-1,-7,0,-2,0,1,12,9,8,-12,-1,None
0,-1,-4,-1,-1,-7,0,-2,0,1,12,9,8,-12,-1,None
0,-1,-4,-1,-1,-7,0,-2,0,1,12,9,8,-12,-1,None
0,-2,1,-2,8,-2,-1,0,-1,1,12,9,8,-12,-1,None
0,-1,5,-2,1,0,-2,-3,-3,1,12,9,8,-12,-1,None
0,0,1,0,-4,-2,0,0,-1,1,12,9,8,-12,-1,None
0,-1,-1,-4,0,-1,-1,-1,-2,1,12,9,8,-12,-1,None
0,-1,-1,-4,0,-1,-1,-1,-2,1,12,9,8,-12,-1,None
0,-1,-1,-4,0,-1,-1,-1,-2,1,12,9,8,-12,-1,None
0,11,27,3,6,-7,-1,0,-2,1,12,9,8,-12,-1,None
0,-6,-35,-4,3,3,-2,-2,-2,1,12,9,8,-12,-1,None
0,-2,0,-1,-6,2,-3,-5,-2,1,12,9,8,-12,-1,None
0,-3,-6,-2,-2,5,0,-3,-1,1,12,9,8,-12,-1,None
0,-3,-6,-2,-2,5,0,-3,-1,1,12,9,8,-12,-1,None
0,-3,-6,-2,-2,5,0,-3,-1,1,12,9,8,-12,-1,None
0,-3,3,-2,4,4,0,0,-1,1,12,9,8,-12,-1,None
0,0,8,-3,-9,0,0,0,0,1,12,9,8,-12,-1,None
0,0,-1,-3,1,-5,-2,-2,-1,1,12,9,8,-12,-1,None
0,-2,0,-1,-1,-2,-2,-2,-2,1,12,9,8,-12,-1,None
0,-2,0,-1,-1,-2,-2,-2,-2,1,12,9,8,-12,-1,None
0,-2,0,-1,-1,-2,-2,-2,-2,1,12,9,8,-12,-1,None
0,-2,-4,-2,-4,3,-1,-3,-1,1,12,9,8,-12,-1,None
0,0,8,-1,1,-4,0,-1,-1,1,12,9,8,-12,-1,None
0,-3,1,-1,10,4,-1,0,-2,1,12,9,8,-12,-1,None
0,4,4,-2,-13,-4,1,0,-1,1,12,9,8,-12,-1,None
0,4,4,-2,-13,-4,1,0,-1,1,12,9,8,-12,-1,None
0,4,4,-2,-13,-4,1,0,-1,1,12,9,8,-12,-1,None
0,-4,-7,1,18,10,-3,-5,-4,1,12,9,8,-12,-1,None
0,0,12,-2,-9,-2,1,-1,-2,1,12,9,8,-12,-1,None
0,0,1,0,-3,3,0,-1,-2,1,12,9,8,-12,-1,None
0,-1,1,-3,-6,-4,0,0,-1,1,12,9,8,-12,-1,None
0,-1,1,-3,-6,-4,0,0,-1,1,12,9,8,-12,-1,None
0,-1,1,-3,-6,-4,0,0,-1,1,12,9,8,-12,-1,None
0,-3,-3,-2,-5,-3,-1,-1,-2,1,12,9,8,-12,-1,None
0,-2,3,-1,6,0,-2,-2,-2,1,12,9,8,-12,-1,None
0,-4,6,-4,-4,-1,0,-1,0,1,12,9,8,-12,-1,None
0,0,3,2,2,-2,-1,0,-1,1,12,9,8,-12,-1,None
0,0,3,2,2,-2,-1,0,-1,1,12,9,8,-12,-1,None
0,0,3,2,2,-2,-1,0,-1,1,12,9,8,-12,-1,None
0,-1,-2,-2,-1,2,-1,-2,-1,1,12,9,8,-12,-1,None
0,-2,0,-2,7,2,-2,-3,-3,1,12,9,8,-12,-1,None
0,-1,1,-1,0,1,-1,-2,0,1,12,9,8,-12,-1,None
0,-4,-6,-4,1,0,-3,-2,-2,1,12,9,8,-12,-1,None
0,-4,-6,-4,1,0,-3,-2,-2,1,12,9,8,-12,-1,None
0,-4,-6,-4,1,0,-3,-2,-2,1,12,9,8,-12,-1,None
0,-2,1,0,-1,2,0,-1,-2,1,12,9,8,-12,-1,None
0,1,-2,-2,-8,0,-2,0,0,1,12,9,8,-12,-1,None
0,5,20,-3,-6,-3,-2,-1,0,1,12,9,8,-12,-1,None
0,-11,-37,-2,12,0,0,-2,-3,1,12,9,8,-12,-1,None
0,-11,-37,-2,12,0,0,-2,-3,1,12,9,8,-12,-1,None
0,-11,-37,-2,12,0,0,-2,-3,1,12,9,8,-12,-1,None
0,0,-5,-4,-9,7,-2,-2,-3,1,12,9,8,-12,-1,None
0,-2,-2,-1,1,0,-1,-1,-3,1,12,9,8,-12,-1,None
0,1,1,-3,-1,3,-3,-1,-1,1,12,9,8,-12,-1,None
0,2,13,-1,-8,-3,-2,-1,-1,1,12,9,8,-12,-1,None
0,2,13,-1,-8,-3,-2,-1,-1,1,12,9,8,-12,-1,None
0,2,13,-1,-8,-3,-2,-1,-1,1,12,9,8,-12,-1,None
0,-2,0,-2,2,-2,-1,-2,0,1,12,9,8,-12,-1,None
0,-1,-6,-3,-2,-3,-2,-1,-1,1,12,9,8,-12,-1,None
0,-2,-2,0,2,-2,-1,-2,-1,1,12,9,8,-12,-1,None
0,-1,6,-2,1,1,-1,-1,0,1,12,9,8,-12,-1,None
0,-1,6,-2,1,1,-1,-1,0,1,12,9,8,-12,-1,None
0,-1,6,-2,1,1,-1,-1,0,1,12,9,8,-12,-1,None
0,-5,-9,-4,-4,0,-1,-1,-2,1,12,9,8,-12,-1,None
0,1,16,-4,-2,-3,-1,-2,0,1,12,9,8,-12,-1,None
0,-4,-24,3,19,12,-2,-1,-1,1,12,9,8,-12,-1,None
0,-3,0,-8,-4,0,-4,-4,-3,1,12,9,8,-12,-1,None
0,-3,0,-8,-4,0,-4,-4,-3,1,12,9,8,-12,-1,None
0,-3,0,-8,-4,0,-4,-4,-3,1,12,9,8,-12,-1,None
0,-1,4,-2,-7,0,1,-1,0,1,12,9,8,-12,-1,None
0,-2,-3,0,-6,-3,-1,-1,0,1,12,9,8,-12,-1,None
0,1,2,-4,0,0,0,-2,-2,1,12,9,8,-12,-1,None
0,1,4,-1,-2,0,-2,-1,0,1,12,9,8,-12,-1,None
0,1,4,-1,-2,0,-2,-1,0,1,12,9,8,-12,-1,None
0,1,4,-1,-2,0,-2,-1,0,1,12,9,8,-12,-1,None
0,-2,-3,-2,2,0,-3,-1,0,1,12,9,8,-12,-1,None
0,-1,-1,-2,-2,2,-2,-1,-1,1,12,9,8,-12,-1,None
0,-2,0,-3,-8,-4,1,-2,-2,1,12,9,8,-12,-1,None
0,1,7,1,3,2,0,-2,-1,1,12,9,8,-12,-1,None
0,1,7,1,3,2,0,-2,-1,1,12,9,8,-12,-1,None
0,1,7,1,3,2,0,-2,-1,1,12,9,8,-12,-1,None
0,2,9,-3,-2,-9,1,-2,-1,1,12,9,8,-12,-1,None
0,-6,-8,-4,19,11,0,0,-2,1,12,9,8,-12,-1,None
0,-1,0,-3,4,3,-3,-5,-4,1,12,9,8,-12,-1,None
0,-1,5,0,0,8,2,-1,-1,1,12,9,8,-12,-1,None
0,-1,5,0,0,8,2,-1,-1,1,12,9,8,-12,-1,None
0,-1,5,0,0,8,2,-1,-1,1,12,9,8,-12,-1,None
0,-1,-5,-2,-3,0,0,0,-2,1,12,9,8,-12,-1,None
0,0,4,-1,-2,-2,-1,-1,-1,1,12,9,8,-12,-1,None
0,1,0,-1,-4,-8,-2,0,-1,1,12,9,8,-12,-1,None
0,-1,-2,-3,-1,-2,-1,-1,0,1,12,9,8,-12,-1,None
0,-1,-2,-3,-1,-2,-1,-1,0,1,12,9,8,-12,-1,None
0,-1,-2,-3,-1,-2,-1,-1,0,1,12,9,8,-12,-1,None
0,-1,8,-2,5,0,-2,-2,-2,1,12,9,8,-12,-1,None
0,0,2,0,-4,-3,-1,-1,-1,1,12,9,8,-12,-1,None
0,-3,0,-4,-3,1,0,-1,-1,1,12,9,8,-12,-1,None
0,4,15,-1,-2,-1,-1,0,-2,1,12,9,8,-12,-1,None
0,4,15,-1,-2,-1,-1,0,-2,1,12,9,8,-12,-1,None
0,4,15,-1,-2,-1,-1,0,-2,1,12,9,8,-12,-1,None
0,-2,-21,-1,4,2,-2,0,-1,1,12,9,8,-12,-1,None
0,-1,-1,-2,-8,2,-1,-2,-1,1,12,9,8,-12,-1,None
0,0,-3,-3,-10,1,-1,0,-2,1,12,9,8,-12,-1,None
0,-3,0,-2,1,2,0,-1,-2,1,12,9,8,-12,-1,None
0,-3,0,-2,1,2,0,-1,-2,1,12,9,8,-12,-1,None
0,-3,0,-2,1,2,0,-1,-2,1,12,9,8,-12,-1,None
0,-1,4,-1,-1,2,0,-2,-1,1,12,9,8,-12,-1,None
0,-1,-1,-1,-4,-1,0,-1,-1,1,12,9,8,-12,-1,None
0,-1,4,-1,2,0,-2,-1,-1,1,12,9,8,-12,-1,None
0,-1,-1,-2,-3,-2,-2,-2,-1,1,12,9,8,-12,-1,None
0,-1,-1,-2,-3,-2,-2,-2,-1,1,12,9,8,-12,-1,None
0,-1,-1,-2,-3,-2,-2,-2,-1,1,12,9,8,-12,-1,None
0,-2,2,-1,-3,1,0,-1,-1,1,12,9,8,-12,-1,None
