0,-1,1,-15,-21,17,9,0,-5,2,14,6,8,-14,-3,None
0,2,4,6,-8,-7,60,27,8,2,14,6,8,-14,-3,None
0,2,1,-2,11,5,-44,-11,2,2,14,6,8,-14,-3,None
0,2,1,-2,11,5,-44,-11,2,1,14,6,8,-14,-3,None
0,2,1,-2,11,5,-44,-11,2,1,14,6,7,-16,-3,None
0,-2,-3,-6,-7,24,45,53,2,1,14,6,7,-16,-3,None
0,-4,1,-8,-24,-45,-39,-55,-4,1,14,6,7,-16,-3,None
0,-4,-6,-7,43,-3,-32,-28,-8,1,14,6,7,-16,-3,None
0,-1,3,-5,2,0,6,11,-2,1,14,6,7,-16,-3,None
0,-1,3,-5,2,0,6,11,-2,1,13,6,7,-16,-3,None
0,-1,3,-5,2,0,6,11,-2,1,13,6,5,-17,-4,None
0,0,5,-3,-15,2,-12,-23,-3,1,13,6,5,-17,-4,None
0,-3,-9,11,-12,-3,-57,-20,0,1,13,6,5,-17,-4,None
0,1,4,-10,7,7,69,48,4,1,13,6,5,-17,-4,None
0,-1,0,-7,-8,3,-14,1,3,1,13,6,5,-17,-4,None
0,-1,0,-7,-8,3,-14,1,3,1,13,6,5,-17,-4,None
0,-1,0,-7,-8,3,-14,1,3,1,13,6,4,-18,-4,None
0,0,-1,8,-4,20,6,-24,-1,1,13,6,4,-18,-4,None
0,-2,4,6,-2,-24,-11,14,-4,1,13,6,4,-18,-4,None
0,0,1,12,-2,-15,-63,-16,0,1,13,6,4,-18,-4,None
0,0,-1,6,-1,4,25,0,-2,1,13,6,4,-18,-4,None
0,0,-1,6,-1,4,25,0,-2,1,13,6,4,-18,-4,None
0,0,-1,6,-1,4,25,0,-2,1,13,6,2,-17,-4,None
0,1,4,-1,9,1,10,8,1,1,13,6,2,-17,-4,None
0,-1,-3,-3,0,0,24,10,-3,1,13,6,2,-17,-4,None
0,1,3,11,5,-9,-2,-59,-2,1,13,6,2,-17,-4,None
0,1,2,4,0,0,8,55,2,1,13,6,2,-17,-4,None
0,1,2,4,0,0,8,55,2,0,13,6,2,-17,-4,None
0,1,2,4,0,0,8,55,2,0,13,6,0,-15,-4,None
0,-1,-1,1,5,15,18,-7,-1,0,13,6,0,-15,-4,None
0,-2,-2,-8,-2,-2,1,5,-4,0,13,6,0,-15,-4,None
0,-3,0,1,9,0,-44,-22,-8,0,13,6,0,-15,-4,None
0,-2,-1,2,30,27,-8,-16,-1,0,13,6,0,-15,-4,None
0,-2,-1,2,30,27,-8,-16,-1,0,12,6,0,-15,-4,None
0,-2,-1,2,30,27,-8,-16,-1,0,12,6,-2,-14,-4,None
0,0,-2,0,-37,-17,17,23,2,0,12,6,-2,-14,-4,None
0,-1,1,-5,32,-25,-21,-11,-2,0,12,6,-2,-14,-4,None
0,-3,-1,-8,-33,11,-16,-6,-4,0,12,6,-2,-14,-4,None
0,-1,-2,-1,5,10,43,19,4,0,12,6,-2,-14,-4,None
0,-1,-2,-1,5,10,43,19,4,0,12,6,-2,-14,-4,None
0,-1,-2,-1,5,10,43,19,4,0,12,6,-3,-15,-5,None
0,-3,-1,0,14,34,-6,-5,-4,0,12,6,-3,-15,-5,None
0,1,2,0,-17,58,23,7,5,0,12,6,-3,-15,-5,None
0,-1,2,6,-3,-71,-17,-12,-4,0,12,6,-3,-15,-5,None
0,-1,2,0,33,-64,-46,-11,-4,0,12,6,-3,-15,-5,None
0,-1,2,0,33,-64,-46,-11,-4,17,12,6,-3,-15,-5,None
0,-1,2,0,33,-64,-46,-11,-4,17,12,6,-3,-14,-5,None
0,4,5,-3,0,82,45,13,6,17,12,6,-3,-14,-5,None
0,1,-1,5,-69,-86,-23,-6,-2,17,12,6,-3,-14,-5,None
0,-7,-8,-20,-59,-58,-7,-4,-9,17,12,6,-3,-14,-5,None
0,-3,0,-9,2,101,-14,-12,-5,17,12,6,-3,-14,-5,None
0,-3,0,-9,2,101,-14,-12,-5,17,12,6,-3,-14,-5,None
0,-3,0,-9,2,101,-14,-12,-5,17,12,6,-3,-13,-4,None
0,2,-12,8,3,56,15,13,2,17,12,6,-3,-13,-4,None
0,-2,13,8,68,54,2,-7,-10,17,12,6,-3,-13,-4,None
0,0,-7,36,108,40,32,-2,4,17,12,6,-3,-13,-4,None
0,-14,-31,1,-112,-128,-29,-4,0,17,12,6,-3,-13,-4,None
0,-14,-31,1,-112,-128,-29,-4,0,17,12,6,-3,-13,-4,None
0,-14,-31,1,-112,-128,-29,-4,0,17,12,6,-5,-12,-4,None
0,-1,-7,-8,118,108,0,-12,-9,17,12,6,-5,-12,-4,None
0,-15,-2,-28,-74,-102,9,13,8,17,12,6,-5,-12,-4,None
0,46,9,30,93,127,-11,-6,-10,17,12,6,-5,-12,-4,None
0,4,10,-15,-7,-16,-7,-12,-2,17,12,6,-5,-12,-4,None
0,4,10,-15,-7,-16,-7,-12,-2,16,11,6,-5,-12,-4,None
0,4,10,-15,-7,-16,-7,-12,-2,16,11,6,-6,-11,-5,None
0,-1,-3,6,26,19,8,5,-3,16,11,6,-6,-11,-5,None
0,1,29,16,82,-31,-11,3,2,16,11,6,-6,-11,-5,None
0,-15,-28,-34,-74,-84,-12,2,4,16,11,6,-6,-11,-5,None
0,7,12,-14,60,44,3,-5,-1,16,11,6,-6,-11,-5,None
0,7,12,-14,60,44,3,-5,-1,16,11,6,-6,-11,-5,None
0,7,12,-14,60,44,3,-5,-1,16,11,6,-6,-11,-4,None
0,-8,-38,3,-38,-72,-13,-7,-8,16,11,6,-6,-11,-4,None
0,4,0,-8,-24,91,13,4,0,16,11,6,-6,-11,-4,None
0,-3,14,-20,-69,111,14,1,0,16,11,6,-6,-11,-4,None
0,27,-3,-7,5,-85,-12,0,2,16,11,6,-6,-11,-4,None
0,27,-3,-7,5,-85,-12,0,2,16,11,6,-6,-11,-4,None
0,27,-3,-7,5,-85,-12,0,2,16,11,6,-6,-12,-4,None
0,-10,20,4,76,22,9,4,5,16,11,6,-6,-12,-4,None
0,-27,-5,-8,-45,-9,-9,-6,-3,16,11,6,-6,-12,-4,None
0,-13,-6,6,29,-2,6,-4,-10,16,11,6,-6,-12,-4,None
0,-6,-1,-20,-52,-35,-3,-4,0,16,11,6,-6,-12,-4,None
0,-6,-1,-20,-52,-35,-3,-4,0,15,11,6,-6,-12,-4,None
0,-6,-1,-20,-52,-35,-3,-4,0,15,11,6,-6,-12,-4,None
0,34,26,1,72,-108,-19,-13,-5,15,11,6,-6,-12,-4,None
0,4,-24,-12,-61,-6,4,1,0,15,11,6,-6,-12,-4,None
0,15,0,8,-15,10,4,3,-1,15,11,6,-6,-12,-4,None
0,-22,24,-6,12,-45,-4,-3,0,15,11,6,-6,-12,-4,None
0,-22,24,-6,12,-45,-4,-3,0,15,10,6,-6,-12,-4,None
0,-22,24,-6,12,-45,-4,-3,0,15,10,6,-5,-12,-3,None
0,13,7,-33,-51,4,-3,0,3,15,10,6,-5,-12,-3,None
0,-10,-14,-24,38,21,-24,-12,-11,15,10,6,-5,-12,-3,None
0,16,-7,-14,64,-126,-26,-2,-2,15,10,6,-5,-12,-3,None
0,4,11,7,64,127,9,-1,3,15,10,6,-5,-12,-3,None
0,4,11,7,64,127,9,-1,3,15,10,6,-5,-12,-3,None
0,4,11,7,64,127,9,-1,3,15,10,6,-6,-11,-2,None
0,-18,-6,26,15,66,4,2,-2,15,10,6,-6,-11,-2,None
0,-1,8,-5,-57,27,10,5,3,15,10,6,-6,-11,-2,None
0,17,5,-11,16,103,8,0,-4,15,10,6,-6,-11,-2,None
0,2,8,14,-33,-62,-5,-3,-1,15,10,6,-6,-11,-2,None
0,2,8,14,-33,-62,-5,-3,-1,15,10,6,-6,-11,-2,None
0,2,8,14,-33,-62,-5,-3,-1,15,10,6,-6,-10,-2,None
0,-13,9,3,31,7,-3,-1,-3,15,10,6,-6,-10,-2,None
0,2,8,20,-24,-97,-7,-3,-3,15,10,6,-6,-10,-2,None
0,-6,0,-36,-8,94,1,-2,3,15,10,6,-6,-10,-2,None
0,-37,-10,-2,11,78,6,-3,-10,15,10,6,-6,-10,-2,None
0,-37,-10,-2,11,78,6,-3,-10,14,10,6,-6,-10,-2,None
0,-37,-10,-2,11,78,6,-3,-10,14,10,6,-6,-11,-2,None
0,-7,5,-21,-76,-54,-1,-1,3,14,10,6,-6,-11,-2,None
0,36,-2,17,21,107,15,5,3,14,10,6,-6,-11,-2,None
0,-15,10,27,41,-46,4,3,0,14,10,6,-6,-11,-2,None
0,25,-7,-19,-8,47,0,-2,-7,14,10,6,-6,-11,-2,None
0,25,-7,-19,-8,47,0,-2,-7,14,10,6,-6,-11,-2,None
0,25,-7,-19,-8,47,0,-2,-7,14,10,6,-6,-11,-1,None
0,2,24,0,9,-49,2,6,10,14,10,6,-6,-11,-1,None
0,-20,-8,-1,8,-22,-13,-10,-8,14,10,6,-6,-11,-1,None
0,23,17,23,-10,27,8,0,0,14,10,6,-6,-11,-1,None
0,12,-47,-12,-23,17,0,-6,-3,14,10,6,-6,-11,-1,None
0,12,-47,-12,-23,17,0,-6,-3,14,10,6,-6,-11,-1,None
0,12,-47,-12,-23,17,0,-6,-3,14,10,6,-6,-11,-1,None
0,10,20,41,-99,-86,-19,-5,-3,14,10,6,-6,-11,-1,None
0,-12,-30,-2,-18,54,13,7,5,14,10,6,-6,-11,-1,None
0,-12,12,7,41,9,1,1,-1,14,10,6,-6,-11,-1,None
0,-4,0,18,26,30,1,-6,-5,14,10,6,-6,-11,-1,None
0,-4,0,18,26,30,1,-6,-5,14,10,6,-6,-11,-1,None
0,-4,0,18,26,30,1,-6,-5,14,10,6,-6,-11,0,None
0,17,16,-22,-7,87,7,5,5,14,10,6,-6,-11,0,None
0,-35,-21,-2,-3,-37,4,-1,-4,14,10,6,-6,-11,0,None
0,-23,5,-6,-31,-33,-4,-1,-4,14,10,6,-6,-11,0,None
0,-5,14,19,-16,64,-4,1,4,14,10,6,-6,-11,0,None
0,-5,14,19,-16,64,-4,1,4,14,10,6,-6,-11,0,None
0,-5,14,19,-16,64,-4,1,4,14,10,6,-6,-11,0,None
0,-20,-21,-15,106,36,-6,-7,-6,14,10,6,-6,-11,0,None
0,16,10,-21,-35,-7,6,5,2,14,10,6,-6,-11,0,None
0,25,13,-42,-32,-13,7,0,-4,14,10,6,-6,-11,0,None
0,-60,-7,-16,-50,6,-17,-7,-10,14,10,6,-6,-11,0,None
0,-60,-7,-16,-50,6,-17,-7,-10,14,9,6,-6,-11,0,None
0,-60,-7,-16,-50,6,-17,-7,-10,14,9,6,-7,-11,0,None
0,-19,-50,10,-37,-46,-5,-2,-8,14,9,6,-7,-11,0,None
0,9,8,-25,15,-58,2,-4,1,14,9,6,-7,-11,0,None
0,-19,8,21,104,50,2,0,6,14,9,6,-7,-11,0,None
0,53,3,-11,1,-2,0,-2,-1,14,9,6,-7,-11,0,None
0,53,3,-11,1,-2,0,-2,-1,14,9,6,-7,-11,0,None
0,53,3,-11,1,-2,0,-2,-1,14,9,6,-7,-11,0,None
0,-1,0,-23,-11,-22,-7,-4,-8,14,9,6,-7,-11,0,None
0,-12,16,36,59,10,-2,2,-4,14,9,6,-7,-11,0,None
0,27,5,-9,-12,-1,12,7,10,14,9,6,-7,-11,0,None
0,-2,4,5,1,2,9,0,0,14,9,6,-7,-11,0,None
0,-2,4,5,1,2,9,0,0,14,9,6,-7,-11,0,None
0,-2,4,5,1,2,9,0,0,14,9,6,-7,-11,0,None
0,-1,3,5,-38,-85,-7,-3,-3,14,9,6,-7,-11,0,None
0,8,3,-1,34,39,-1,-3,-2,14,9,6,-7,-11,0,None
0,-17,-7,-20,-102,-83,-17,-4,-5,14,9,6,-7,-11,0,None
0,0,8,10,50,47,5,-1,0,14,9,6,-7,-11,0,None
0,0,8,10,50,47,5,-1,0,14,9,6,-7,-11,0,None
0,0,8,10,50,47,5,-1,0,14,9,6,-7,-10,1,None
0,-5,-5,13,64,49,-4,-4,-2,14,9,6,-7,-10,1,None
0,43,23,-18,-25,91,-5,-5,-2,14,9,6,-7,-10,1,None
0,-63,-22,-3,-22,-12,-4,-4,-8,14,9,6,-7,-10,1,None
0,1,26,23,52,-13,0,0,-2,14,9,6,-7,-10,1,None
0,1,26,23,52,-13,0,0,-2,14,9,6,-7,-10,1,None
0,1,26,23,52,-13,0,0,-2,14,9,6,-5,-9,0,None
0,-3,-30,22,26,-10,7,5,7,14,9,6,-5,-9,0,None
0,3,-3,-29,-6,-24,2,0,-3,14,9,6,-5,-9,0,None
0,-4,-15,-51,-89,6,1,-3,-1,14,9,6,-5,-9,0,None
0,0,4,-2,-11,-48,-18,-4,-2,14,9,6,-5,-9,0,None
0,0,4,-2,-11,-48,-18,-4,-2,14,9,6,-5,-9,0,None
0,0,4,-2,-11,-48,-18,-4,-2,14,9,6,-10,-11,0,None
0,-2,22,11,10,-16,-5,0,-4,14,9,6,-10,-11,0,None
0,2,0,16,47,28,14,1,4,14,9,6,-10,-11,0,None
0,1,-11,-9,38,16,12,4,7,14,9,6,-10,-11,0,None
0,-11,-5,-16,-87,-59,-13,-6,-4,14,9,6,-10,-11,0,None
0,-11,-5,-16,-87,-59,-13,-6,-4,14,9,6,-10,-11,0,None
0,-11,-5,-16,-87,-59,-13,-6,-4,14,9,6,-10,-11,0,None
0,6,0,-37,-50,-7,0,-3,-4,14,9,6,-10,-11,0,None
0,-8,-3,7,-64,-23,-12,-2,-6,14,9,6,-10,-11,0,None
0,-6,-13,1,-41,-8,-10,-1,-1,14,9,6,-10,-11,0,None
0,4,11,9,33,22,5,-4,-3,14,9,6,-10,-11,0,None
0,4,11,9,33,22,5,-4,-3,14,9,6,-10,-11,0,None
0,4,11,9,33,22,5,-4,-3,14,9,6,-10,-11,0,None
0,-5,2,-6,-63,29,-2,-4,-3,14,9,6,-10,-11,0,None
0,-5,-12,-3,55,-22,2,-3,-1,14,9,6,-10,-11,0,None
0,-12,18,34,97,23,-2,-1,2,14,9,6,-10,-11,0,None
0,-3,-1,-14,17,8,1,-1,-4,14,9,6,-10,-11,0,None
0,-3,-1,-14,17,8,1,-1,-4,14,9,6,-10,-11,0,None
0,-3,-1,-14,17,8,1,-1,-4,14,9,6,-10,-11,0,None
0,-25,-8,13,9,-9,-1,-2,-4,14,9,6,-10,-11,0,None
0,41,-6,-17,-67,-28,-9,-7,-5,14,9,6,-10,-11,0,None
0,-24,-6,-3,-3,-6,4,5,-3,14,9,6,-10,-11,0,None
0,8,2,26,34,28,2,1,3,14,9,6,-10,-11,0,None
0,8,2,26,34,28,2,1,3,14,9,6,-10,-11,0,None
0,8,2,26,34,28,2,1,3,14,9,6,-10,-10,0,None
0,-45,12,-4,45,-48,4,1,0,14,9,6,-10,-10,0,None
0,-6,3,-7,4,69,-3,-3,-3,14,9,6,-10,-10,0,None
0,9,14,10,26,12,-5,-3,3,14,9,6,-10,-10,0,None
0,1,-70,17,110,-21,2,-1,-3,14,9,6,-10,-10,0,None
0,1,-70,17,110,-21,2,-1,-3,14,9,6,-10,-10,0,None
0,1,-70,17,110,-21,2,-1,-3,14,9,6,-10,-9,0,None
0,3,17,-11,-47,-27,-14,-6,-5,14,9,6,-10,-9,0,None
0,-12,2,-1,-5,-41,-5,-1,-4,14,9,6,-10,-9,0,None
0,0,-4,6,24,79,4,1,-2,14,9,6,-10,-9,0,None
0,-12,-17,-12,-7,5,8,3,2,14,9,6,-10,-9,0,None
0,-12,-17,-12,-7,5,8,3,2,14,9,6,-10,-9,0,None
0,-12,-17,-12,-7,5,8,3,2,14,9,6,-11,-10,0,None
0,48,6,-8,-6,29,5,-3,3,14,9,6,-11,-10,0,None
0,-10,-12,-15,75,10,-10,-4,-6,14,9,6,-11,-10,0,None
0,10,9,4,1,-21,-3,-8,-7,14,9,6,-11,-10,0,None
0,-8,16,-5,13,83,12,4,6,14,9,6,-11,-10,0,None
0,-8,16,-5,13,83,12,4,6,14,9,6,-11,-10,0,None
0,-8,16,-5,13,83,12,4,6,14,9,6,-10,-10,0,None
0,18,-3,-4,-90,-72,-25,-7,-3,14,9,6,-10,-10,0,None
0,-6,11,23,3,-8,12,5,3,14,9,6,-10,-10,0,None
0,1,-5,-21,-9,-18,-1,0,0,14,9,6,-10,-10,0,None
0,-4,11,-15,-23,-12,-5,0,-2,14,9,6,-10,-10,0,None
0,-4,11,-15,-23,-12,-5,0,-2,14,9,6,-10,-10,0,None
0,-4,11,-15,-23,-12,-5,0,-2,14,9,6,-10,-10,0,None
0,4,-3,-8,33,52,6,3,-1,14,9,6,-10,-10,0,None
0,0,10,16,3,-47,-4,-1,3,14,9,6,-10,-10,0,None
0,-5,2,5,-59,-43,-13,-4,-7,14,9,6,-10,-10,0,None
0,13,-4,-17,-36,-16,15,7,6,14,9,6,-10,-10,0,None
0,13,-4,-17,-36,-16,15,7,6,14,9,6,-10,-10,0,None
0,13,-4,-17,-36,-16,15,7,6,14,9,6,-10,-10,0,None
0,0,19,0,82,68,9,0,0,14,9,6,-10,-10,0,None
0,-14,-9,6,23,-9,-2,-1,-1,14,9,6,-10,-10,0,None
0,2,-7,-23,-45,-33,2,1,-4,14,9,6,-10,-10,0,None
0,5,19,-17,50,34,-10,-3,2,14,9,6,-10,-10,0,None
0,5,19,-17,50,34,-10,-3,2,14,9,6,-10,-10,0,None
0,5,19,-17,50,34,-10,-3,2,14,9,6,-10,-10,0,None
0,-52,-18,-7,-120,-66,-5,-7,-7,14,9,6,-10,-10,0,None
0,14,9,-8,-16,26,3,-2,-3,14,9,6,-10,-10,0,None
0,1,-2,15,44,33,-2,1,0,14,9,6,-10,-10,0,None
0,-12,7,9,-1,-26,-4,-1,-4,14,9,6,-10,-10,0,None
0,-12,7,9,-1,-26,-4,-1,-4,14,9,6,-10,-10,0,None
0,-12,7,9,-1,-26,-4,-1,-4,14,9,6,-10,-10,0,None
0,4,-1,-7,41,-10,2,0,0,14,9,6,-10,-10,0,None
0,-5,2,14,16,5,10,2,0,14,9,6,-10,-10,0,None
0,-1,-4,-1,14,27,-2,-4,0,14,9,6,-10,-10,0,None
0,7,6,6,3,-14,3,-3,0,14,9,6,-10,-10,0,None
0,7,6,6,3,-14,3,-3,0,14,9,6,-10,-10,0,None
0,7,6,6,3,-14,3,-3,0,14,9,6,-10,-10,0,None
0,42,6,17,16,37,-2,1,0,14,9,6,-10,-10,0,None
0,-12,-4,-20,-90,-25,-9,-4,-4,14,9,6,-10,-10,0,None
0,7,4,3,7,-19,3,-1,2,14,9,6,-10,-10,0,None
0,-9,1,3,11,-10,-9,-4,-5,14,9,6,-10,-10,0,None
0,-9,1,3,11,-10,-9,-4,-5,14,9,6,-10,-10,0,None
0,-9,1,3,11,-10,-9,-4,-5,14,9,6,-10,-10,0,None
0,7,0,-10,-10,0,6,6,1,14,9,6,-10,-10,0,None
0,-6,1,-8,-30,9,13,8,7,14,9,6,-10,-10,0,None
0,15,-18,12,23,18,-11,-10,-5,14,9,6,-10,-10,0,None
0,2,15,-4,-51,0,-6,-5,-6,14,9,6,-10,-10,0,None
0,2,15,-4,-51,0,-6,-5,-6,14,9,6,-10,-10,0,None
0,2,15,-4,-51,0,-6,-5,-6,14,9,6,-10,-10,0,None
0,-11,-9,-4,-7,0,-5,-3,-5,14,9,6,-10,-10,0,None
0,0,13,-3,26,30,0,3,1,14,9,6,-10,-10,0,None
0,-14,-33,-2,-9,-9,4,0,2,14,9,6,-10,-10,0,None
0,7,11,8,3,-17,-2,0,-1,14,9,6,-10,-10,0,None
0,7,11,8,3,-17,-2,0,-1,14,9,6,-10,-10,0,None
0,7,11,8,3,-17,-2,0,-1,14,9,6,-10,-10,0,None
0,-2,2,2,63,21,-3,-2,-2,14,9,6,-10,-10,0,None
0,-7,-2,-3,24,0,3,0,0,14,9,6,-10,-10,0,None
0,6,12,1,15,8,-1,-3,-5,14,9,6,-10,-10,0,None
0,-8,-4,2,-10,-11,-4,1,-2,14,9,6,-10,-10,0,None
0,-8,-4,2,-10,-11,-4,1,-2,14,9,6,-10,-10,0,None
0,-8,-4,2,-10,-11,-4,1,-2,14,9,6,-10,-10,0,None
0,-7,0,-14,1,-4,2,0,-1,14,9,6,-10,-10,0,None
0,2,-3,3,19,27,-10,-6,-4,14,9,6,-10,-10,0,None
0,-7,13,7,-18,-7,-4,0,1,14,9,6,-10,-10,0,None
0,-4,-6,-21,-11,-5,-8,-1,-2,14,9,6,-10,-10,0,None
0,-4,-6,-21,-11,-5,-8,-1,-2,14,9,6,-10,-10,0,None
0,-4,-6,-21,-11,-5,-8,-1,-2,14,9,6,-9,-10,0,None
0,-4,1,-1,-3,9,24,0,-1,14,9,6,-9,-10,0,None
0,-2,1,-3,25,12,3,1,0,14,9,6,-9,-10,0,None
0,0,9,-1,-1,2,-4,-3,-3,14,9,6,-9,-10,0,None
0,-3,-2,2,-8,-8,-22,-5,-2,14,9,6,-9,-10,0,None
0,-3,-2,2,-8,-8,-22,-5,-2,14,9,6,-9,-10,0,None
0,-3,-2,2,-8,-8,-22,-5,-2,14,9,6,-9,-10,0,None
0,3,-2,-2,-15,-4,23,7,-1,14,9,6,-9,-10,0,None
0,-2,-1,0,16,8,-11,-5,-1,14,9,6,-9,-10,0,None
0,-4,6,-3,-10,-19,8,-1,-1,14,9,6,-9,-10,0,None
0,0,-1,-2,-14,-3,-14,-2,0,14,9,6,-9,-10,0,None
0,0,-1,-2,-14,-3,-14,-2,0,14,9,6,-9,-10,0,None
0,0,-1,-2,-14,-3,-14,-2,0,14,9,6,-8,-10,0,None
0,-6,0,0,-11,-5,-4,-3,-3,14,9,6,-8,-10,0,None
0,-2,-1,0,4,8,7,-1,-2,14,9,6,-8,-10,0,None
0,-1,5,1,2,14,-23,-8,-2,14,9,6,-8,-10,0,None
0,-2,1,-3,-8,-14,15,5,-1,14,9,6,-8,-10,0,None
0,-2,1,-3,-8,-14,15,5,-1,14,9,6,-8,-10,0,None
0,-2,1,-3,-8,-14,15,5,-1,14,9,6,-7,-10,0,None
0,1,0,-3,-8,-3,-4,1,1,14,9,6,-7,-10,0,None
0,-2,-1,-2,9,-8,2,-3,-1,14,9,6,-7,-10,0,None
0,0,3,-2,0,-8,11,1,-1,14,9,6,-7,-10,0,None
0,-3,-2,-2,-5,5,-7,-7,-3,14,9,6,-7,-10,0,None
0,-3,-2,-2,-5,5,-7,-7,-3,14,9,6,-7,-10,0,None
0,-3,-2,-2,-5,5,-7,-7,-3,14,9,6,-6,-10,0,None
0,-4,0,0,-8,2,-23,-5,-2,14,9,6,-6,-10,0,None
0,-1,-1,1,4,0,-6,-2,-2,14,9,6,-6,-10,0,None
0,-2,2,-10,-5,2,-5,-1,0,14,9,6,-6,-10,0,None
0,-2,0,4,-6,2,1,0,-1,14,9,6,-6,-10,0,None
0,-2,0,4,-6,2,1,0,-1,14,9,6,-6,-10,0,None
0,-2,0,4,-6,2,1,0,-1,14,9,6,-5,-10,0,None
0,0,12,9,-1,6,-8,-3,-2,14,9,6,-5,-10,0,None
0,-3,-15,8,2,6,2,-2,-2,14,9,6,-5,-10,0,None
0,-3,-1,-25,-2,-4,4,1,-1,14,9,6,-5,-10,0,None
0,-2,-5,-10,-5,0,10,1,-1,14,9,6,-5,-10,0,None
0,-2,-5,-10,-5,0,10,1,-1,14,9,6,-5,-10,0,None
0,-2,-5,-10,-5,0,10,1,-1,14,9,6,-5,-11,0,None
0,-1,1,-2,-2,0,-6,-6,-3,14,9,6,-5,-11,0,None
0,-2,7,4,4,5,-2,-1,-2,14,9,6,-5,-11,0,None
0,3,12,14,1,-3,1,-1,1,14,9,6,-5,-11,0,None
0,0,24,18,-5,-1,5,-1,0,14,9,6,-5,-11,0,None
0,0,24,18,-5,-1,5,-1,0,14,9,6,-5,-11,0,None
0,0,24,18,-5,-1,5,-1,0,14,9,6,-5,-11,0,None
0,-5,-41,-36,-9,5,-8,-6,-5,14,9,6,-5,-11,0,None
0,-3,-12,-33,-5,-2,-5,-3,-3,14,9,6,-5,-11,0,None
0,-2,-3,5,0,-2,2,2,-1,14,9,6,-5,-11,0,None
0,0,4,2,-3,1,2,-2,-2,14,9,6,-5,-11,0,None
0,0,4,2,-3,1,2,-2,-2,14,10,6,-5,-11,0,None
0,0,4,2,-3,1,2,-2,-2,14,10,6,-5,-11,0,None
0,0,17,8,0,1,-2,-2,-2,14,10,6,-5,-11,0,None
0,0,4,9,3,-2,-5,-3,-2,14,10,6,-5,-11,0,None
0,-1,3,18,1,5,2,-1,-3,14,10,6,-5,-11,0,None
0,1,-2,-14,2,-14,5,0,-1,14,10,6,-5,-11,0,None
0,1,-2,-14,2,-14,5,0,-1,14,10,6,-5,-11,0,None
0,1,-2,-14,2,-14,5,0,-1,14,10,6,-6,-11,-1,None
0,-2,-3,-7,-4,-4,-3,-1,-1,14,10,6,-6,-11,-1,None
0,-1,1,-4,2,1,-2,0,-2,14,10,6,-6,-11,-1,None
0,-1,-1,2,-6,-9,-5,-2,-1,14,10,6,-6,-11,-1,None
0,-3,-9,0,1,1,-2,-2,-4,14,10,6,-6,-11,-1,None
0,-3,-9,0,1,1,-2,-2,-4,14,10,6,-6,-11,-1,None
0,-3,-9,0,1,1,-2,-2,-4,14,10,6,-6,-11,-2,None
0,0,4,10,4,2,-3,-2,-2,14,10,6,-6,-11,-2,None
0,1,7,-12,5,3,4,-2,0,14,10,6,-6,-11,-2,None
0,-1,0,2,-1,4,2,1,0,14,10,6,-6,-11,-2,None
0,-1,3,1,-7,0,-4,0,-2,14,10,6,-6,-11,-2,None
0,-1,3,1,-7,0,-4,0,-2,15,10,6,-6,-11,-2,None
0,-1,3,1,-7,0,-4,0,-2,15,10,6,-6,-12,-3,None
0,-2,-17,0,3,0,1,0,-1,15,10,6,-6,-12,-3,None
0,0,9,9,1,1,-9,-3,-2,15,10,6,-6,-12,-3,None
0,0,1,-6,3,-8,-2,1,-2,15,10,6,-6,-12,-3,None
0,-1,-10,-16,-4,-1,6,0,0,15,10,6,-6,-12,-3,None
0,-1,-10,-16,-4,-1,6,0,0,15,10,6,-6,-12,-3,None
0,-1,-10,-16,-4,-1,6,0,0,15,10,6,-7,-13,-3,None
0,0,9,-1,0,-2,-2,-4,-2,15,10,6,-7,-13,-3,None
0,0,1,6,-2,0,7,3,1,15,10,6,-7,-13,-3,None
0,-1,-5,-10,3,15,-8,-2,-1,15,10,6,-7,-13,-3,None
0,-2,4,-4,-2,-15,-2,0,-1,15,10,6,-7,-13,-3,None
0,-2,4,-4,-2,-15,-2,0,-1,15,11,6,-7,-13,-3,None
0,-2,4,-4,-2,-15,-2,0,-1,15,11,6,-7,-11,-3,None
0,-1,7,-1,-3,-2,-3,-1,0,15,11,6,-7,-11,-3,None
0,-1,-5,-3,-2,6,-4,-2,-3,15,11,6,-7,-11,-3,None
0,-1,3,-10,-1,3,5,-1,1,15,11,6,-7,-11,-3,None
0,-1,-1,4,-3,6,-2,-5,-2,15,11,6,-7,-11,-3,None
0,-1,-1,4,-3,6,-2,-5,-2,16,11,6,-7,-11,-3,None
0,-1,-1,4,-3,6,-2,-5,-2,16,11,6,-8,-11,-4,None
0,-1,3,3,3,2,-6,-1,-2,16,11,6,-8,-11,-4,None
0,-2,0,-3,-1,-5,0,0,-1,16,11,6,-8,-11,-4,None
0,0,2,-4,3,-4,1,-2,-2,16,11,6,-8,-11,-4,None
0,-3,-4,-6,-7,3,-3,-2,-2,16,11,6,-8,-11,-4,None
0,-3,-4,-6,-7,3,-3,-2,-2,16,11,6,-8,-11,-4,None
0,-3,-4,-6,-7,3,-3,-2,-2,16,11,6,-7,-12,-4,None
0,-1,1,-11,3,2,-3,-3,-1,16,11,6,-7,-12,-4,None
0,0,1,-5,6,5,4,2,1,16,11,6,-7,-12,-4,None
0,0,3,5,21,-2,1,-1,-3,16,11,6,-7,-12,-4,None
0,-1,-2,2,-7,6,-4,-3,1,16,11,6,-7,-12,-4,None
0,-1,-2,2,-7,6,-4,-3,1,16,12,6,-7,-12,-4,None
0,-1,-2,2,-7,6,-4,-3,1,16,12,6,-6,-13,-3,None
0,-2,3,5,30,6,1,0,-2,16,12,6,-6,-13,-3,None
0,-2,-2,-6,-25,-1,0,0,-1,16,12,6,-6,-13,-3,None
0,0,-1,-6,-1,-12,8,0,-1,16,12,6,-6,-13,-3,None
0,1,1,-8,14,8,5,2,0,16,12,6,-6,-13,-3,None
0,1,1,-8,14,8,5,2,0,17,12,6,-6,-13,-3,None
0,1,1,-8,14,8,5,2,0,17,12,6,-5,-14,-3,None
0,0,8,16,38,-7,2,3,3,17,12,6,-5,-14,-3,None
0,-5,-4,-22,-25,10,-8,-8,-6,17,12,6,-5,-14,-3,None
0,-5,-7,-6,-6,-5,-11,-4,-4,17,12,6,-5,-14,-3,None
0,-3,-3,3,-36,-3,0,1,0,17,12,6,-5,-14,-3,None
0,-3,-3,3,-36,-3,0,1,0,17,12,6,-5,-14,-3,None
0,-3,-3,3,-36,-3,0,1,0,17,12,6,-5,-14,-3,None
0,-1,2,17,32,25,10,-1,0,17,12,6,-5,-14,-3,None
0,1,2,20,77,9,2,0,-2,17,12,6,-5,-14,-3,None
0,2,4,-31,64,0,1,5,3,17,12,6,-5,-14,-3,None
0,-1,-3,-13,-87,-48,-8,-2,1,17,12,6,-5,-14,-3,None
0,-1,-3,-13,-87,-48,-8,-2,1,0,13,6,-5,-14,-3,None
0,-1,-3,-13,-87,-48,-8,-2,1,0,13,6,-3,-14,-3,None
0,0,1,9,-5,-12,-3,0,1,0,13,6,-3,-14,-3,None
0,-3,-3,2,14,-3,-2,-5,1,0,13,6,-3,-14,-3,None
0,-2,1,13,-7,27,-5,-6,-4,0,13,6,-3,-14,-3,None
0,-1,0,-4,39,13,2,0,-3,0,13,6,-3,-14,-3,None
0,-1,0,-4,39,13,2,0,-3,0,13,6,-3,-14,-3,None
0,-1,0,-4,39,13,2,0,-3,0,13,6,-2,-14,-3,None
0,1,2,-10,-49,-43,-4,0,2,0,13,6,-2,-14,-3,None
0,0,2,-12,-30,-80,2,0,-2,0,13,6,-2,-14,-3,None
0,-2,-3,5,7,43,-3,-4,-2,0,13,6,-2,-14,-3,None
0,-2,-2,2,4,10,6,0,-1,0,13,6,-2,-14,-3,None
0,-2,-2,2,4,10,6,0,-1,0,13,6,-2,-14,-3,None
0,-2,-2,2,4,10,6,0,-1,0,13,6,0,-14,-2,None
0,-4,-3,-5,-37,69,-8,-6,-5,0,13,6,0,-14,-2,None
0,3,6,11,36,-9,-5,2,-2,0,13,6,0,-14,-2,None
0,-1,0,-1,6,-24,8,-3,2,0,13,6,0,-14,-2,None
0,-1,3,-4,1,-44,-1,2,-3,0,13,6,0,-14,-2,None
0,-1,3,-4,1,-44,-1,2,-3,0,13,6,0,-14,-2,None
0,-1,3,-4,1,-44,-1,2,-3,0,13,6,0,-15,-3,None
0,-5,-3,4,43,34,4,-10,-6,0,13,6,0,-15,-3,None
0,-2,-2,0,-10,27,-1,-5,-4,0,13,6,0,-15,-3,None
0,-2,1,8,55,12,-6,-4,-3,0,13,6,0,-15,-3,None
0,1,3,-2,-53,33,2,2,0,0,13,6,0,-15,-3,None
0,1,3,-2,-53,33,2,2,0,1,13,6,0,-15,-3,None
0,1,3,-2,-53,33,2,2,0,1,13,6,2,-16,-3,None
0,-1,1,4,22,-18,-4,0,-1,1,13,6,2,-16,-3,None
0,1,1,-7,19,-28,17,5,5,1,13,6,2,-16,-3,None
0,-4,-4,-8,-101,-12,-4,-7,-6,1,13,6,2,-16,-3,None
0,1,2,6,95,-51,-5,-4,0,1,13,6,2,-16,-3,None
0,1,2,6,95,-51,-5,-4,0,1,14,6,2,-16,-3,None
0,1,2,6,95,-51,-5,-4,0,1,14,6,3,-17,-3,None
0,2,3,-1,8,13,-5,-1,-3,1,14,6,3,-17,-3,None
0,-2,-2,3,100,81,-5,-12,0,1,14,6,3,-17,-3,None
0,-2,1,0,-29,-62,5,8,1,1,14,6,3,-17,-3,None
0,-4,0,-3,-13,20,-8,-5,-4,1,14,6,3,-17,-3,None
0,-4,0,-3,-13,20,-8,-5,-4,1,14,6,3,-17,-3,None
0,-4,0,-3,-13,20,-8,-5,-4,1,14,6,4,-16,-3,None
0,0,1,-8,55,65,16,1,2,1,14,6,4,-16,-3,None
0,1,0,-16,-119,-20,-18,-3,-2,1,14,6,4,-16,-3,None
0,-2,-1,-13,-7,0,6,3,-3,1,14,6,4,-16,-3,None
0,-2,-6,-6,-15,18,-12,-13,0,1,14,6,4,-16,-3,None
0,-2,-6,-6,-15,18,-12,-13,0,1,14,6,4,-16,-3,None
0,-2,-6,-6,-15,18,-12,-13,0,1,14,6,5,-15,-3,None
0,4,4,24,64,31,12,4,2,1,14,6,5,-15,-3,None
0,-8,-6,-34,-19,33,-18,-5,-8,1,14,6,5,-15,-3,None
0,2,2,12,-86,-81,-10,-2,-1,1,14,6,5,-15,-3,None
0,2,4,1,20,-11,5,3,1,1,14,6,5,-15,-3,None
0,2,4,1,20,-11,5,3,1,1,14,6,5,-15,-3,None
0,2,4,1,20,-11,5,3,1,1,14,6,6,-15,-3,None
0,-3,0,-9,1,35,-17,-6,-3,1,14,6,6,-15,-3,None
0,1,5,22,63,19,19,7,4,1,14,6,6,-15,-3,None
0,-2,0,-19,-21,-47,-8,-3,-1,1,14,6,6,-15,-3,None
0,-3,-2,-9,-1,12,-3,-5,-2,1,14,6,6,-15,-3,None
0,-3,-2,-9,-1,12,-3,-5,-2,2,14,6,6,-15,-3,None
0,-3,-2,-9,-1,12,-3,-5,-2,2,14,6,7,-15,-3,None
0,-5,-2,-8,-18,-34,0,-2,-5,2,14,6,7,-15,-3,None
0,-1,3,8,-36,19,-2,1,-1,2,14,6,7,-15,-3,None
0,1,1,0,-48,-48,1,2,1,2,14,6,7,-15,-3,None
0,1,1,10,105,63,7,4,0,2,14,6,7,-15,-3,None
0,1,1,10,105,63,7,4,0,2,14,6,7,-15,-3,None
0,1,1,10,105,63,7,4,0,2,14,6,7,-14,-3,None
0,1,-1,-18,-50,-72,-7,-1,1,2,14,6,7,-14,-3,None
0,-1,0,2,31,7,2,4,-3,2,14,6,7,-14,-3,None
0,-2,-4,12,26,74,-3,-4,-3,2,14,6,7,-14,-3,None
0,0,-1,3,-3,-42,-4,-3,-3,2,14,6,7,-14,-3,None
0,0,-1,3,-3,-42,-4,-3,-3,2,14,6,7,-14,-3,None
0,0,-1,3,-3,-42,-4,-3,-3,2,14,6,7,-13,-2,None
0,1,2,-6,-46,-43,-2,2,1,2,14,6,7,-13,-2,None
0,-5,-3,7,47,25,-1,-3,-2,2,14,6,7,-13,-2,None
0,0,0,-4,6,42,0,-2,-3,2,14,6,7,-13,-2,None
0,-2,1,-8,13,-7,1,1,-2,2,14,6,7,-13,-2,None
0,-2,1,-8,13,-7,1,1,-2,2,14,6,7,-13,-2,None
0,-2,1,-8,13,-7,1,1,-2,2,14,6,8,-13,-2,None
0,-2,-2,-13,-47,-20,-5,0,0,2,14,6,8,-13,-2,None
0,0,4,-3,14,-21,5,-2,-2,2,14,6,8,-13,-2,None
0,-3,0,-16,15,36,-3,-4,-2,2,14,6,8,-13,-2,None
0,4,27,3,-4,26,-2,-2,-1,2,14,6,8,-13,-2,None
0,4,27,3,-4,26,-2,-2,-1,2,14,6,8,-13,-2,None
0,4,27,3,-4,26,-2,-2,-1,2,14,6,8,-14,-2,None
0,-4,-46,4,98,-9,7,4,0,2,14,6,8,-14,-2,None
0,2,-3,-16,-87,-8,-7,-5,0,2,14,6,8,-14,-2,None
0,1,-1,0,-6,-24,2,1,3,2,14,6,8,-14,-2,None
0,0,46,-5,3,3,1,-5,-7,2,14,6,8,-14,-2,None
0,0,46,-5,3,3,1,-5,-7,2,14,6,8,-14,-2,None
0,0,46,-5,3,3,1,-5,-7,2,14,6,9,-13,-2,None
0,-6,4,-8,-5,-17,-1,-1,-1,2,14,6,9,-13,-2,None
0,3,13,12,-15,-27,-2,0,2,2,14,6,9,-13,-2,None
0,-10,-51,3,35,13,1,-2,-7,2,14,6,9,-13,-2,None
0,-4,3,-4,-15,3,-1,0,0,2,14,6,9,-13,-2,None
0,-4,3,-4,-15,3,-1,0,0,2,14,6,9,-13,-2,None
0,-4,3,-4,-15,3,-1,0,0,2,14,6,8,-13,-2,None
0,0,11,-12,-41,0,-3,-3,-3,2,14,6,8,-13,-2,None
0,-3,-9,4,-25,-35,-4,-4,-1,2,14,6,8,-13,-2,None
0,2,30,-1,-8,16,-3,-2,1,2,14,6,8,-13,-2,None
0,-4,-22,1,25,11,0,0,-2,2,14,6,8,-13,-2,None
0,-4,-22,1,25,11,0,0,-2,2,14,6,8,-13,-2,None
0,-4,-22,1,25,11,0,0,-2,2,14,6,8,-14,-1,None
0,-2,1,-10,-53,-20,-6,-4,-3,2,14,6,8,-14,-1,None
0,-2,-5,-2,16,-4,0,1,1,2,14,6,8,-14,-1,None
0,3,9,5,28,-2,1,0,0,2,14,6,8,-14,-1,None
0,-6,-20,-1,17,46,-1,-4,-4,2,14,6,8,-14,-1,None
0,-6,-20,-1,17,46,-1,-4,-4,2,14,6,8,-14,-1,None
0,-6,-20,-1,17,46,-1,-4,-4,2,14,6,8,-14,-1,None
0,0,5,2,18,11,2,-2,-2,2,14,6,8,-14,-1,None
0,0,11,-5,-37,-18,-2,0,-3,2,14,6,8,-14,-1,None
0,1,22,-16,-2,5,-1,0,0,2,14,6,8,-14,-1,None
0,-2,-16,-17,-80,-17,-4,-1,-2,2,14,6,8,-14,-1,None
0,-2,-16,-17,-80,-17,-4,-1,-2,2,14,6,8,-14,-1,None
0,-2,-16,-17,-80,-17,-4,-1,-2,2,14,6,8,-13,-1,None
0,0,11,4,7,-9,-2,0,-2,2,14,6,8,-13,-1,None
0,-3,-8,-36,-13,49,-4,-6,-3,2,14,6,8,-13,-1,None
0,0,-1,2,-15,-17,1,-3,-4,2,14,6,8,-13,-1,None
0,0,-5,2,9,0,-1,4,0,2,14,6,8,-13,-1,None
0,0,-5,2,9,0,-1,4,0,2,14,6,8,-13,-1,None
0,0,-5,2,9,0,-1,4,0,2,14,6,8,-12,-1,None
0,-2,0,-1,-27,-17,-5,-3,-2,2,14,6,8,-12,-1,None
0,5,27,10,-2,-11,0,0,-2,2,14,6,8,-12,-1,None
0,-2,-19,5,19,14,-1,-3,1,2,14,6,8,-12,-1,None
0,-1,0,-7,-1,-10,-1,-2,0,2,14,6,8,-12,-1,None
0,-1,0,-7,-1,-10,-1,-2,0,2,14,6,8,-12,-1,None
0,-1,0,-7,-1,-10,-1,-2,0,2,14,6,8,-12,-1,None
0,2,6,-3,24,25,2,2,1,2,14,6,8,-12,-1,None
0,-4,15,1,-42,-47,-7,-3,-3,2,14,6,8,-12,-1,None
0,-3,6,15,34,22,4,2,-4,2,14,6,8,-12,-1,None
0,-1,-9,8,-3,-18,0,-3,0,2,14,6,8,-12,-1,None
0,-1,-9,8,-3,-18,0,-3,0,2,14,6,8,-12,-1,None
0,-1,-9,8,-3,-18,0,-3,0,2,14,6,8,-11,-1,None
0,-3,4,-5,6,8,1,0,-1,2,14,6,8,-11,-1,None
0,0,-7,5,21,-1,-1,0,0,2,14,6,8,-11,-1,None
0,1,2,-4,6,-5,-3,-2,0,2,14,6,8,-11,-1,None
0,-3,-1,-4,-14,-10,-2,-2,-1,2,14,6,8,-11,-1,None
0,-3,-1,-4,-14,-10,-2,-2,-1,2,14,6,8,-11,-1,None
0,-3,-1,-4,-14,-10,-2,-2,-1,2,14,6,9,-12,-2,None
0,1,3,0,-13,1,-1,-1,-1,2,14,6,9,-12,-2,None
0,-2,-7,-2,7,0,1,0,-2,2,14,6,9,-12,-2,None
0,-3,1,-3,11,-7,-1,-2,-1,2,14,6,9,-12,-2,None
0,0,8,-2,2,-25,-3,-2,-3,2,14,6,9,-12,-2,None
0,0,8,-2,2,-25,-3,-2,-3,2,15,6,9,-12,-2,None
0,0,8,-2,2,-25,-3,-2,-3,2,15,6,9,-11,-2,None
0,-4,5,-3,10,40,-1,-2,-2,2,15,6,9,-11,-2,None
0,-5,-12,1,-36,-9,0,-3,-3,2,15,6,9,-11,-2,None
0,-2,-5,-5,3,8,0,0,0,2,15,6,9,-11,-2,None
0,1,7,1,5,-6,0,1,1,2,15,6,9,-11,-2,None
0,1,7,1,5,-6,0,1,1,2,15,6,9,-11,-2,None
0,1,7,1,5,-6,0,1,1,2,15,6,8,-11,-2,None
0,0,-2,-2,-9,-15,-1,-2,0,2,15,6,8,-11,-2,None
0,-2,-6,5,11,2,0,-1,-2,2,15,6,8,-11,-2,None
0,2,18,1,3,8,-1,-1,-1,2,15,6,8,-11,-2,None
0,-2,-7,-5,-3,4,-1,-2,-1,2,15,6,8,-11,-2,None
0,-2,-7,-5,-3,4,-1,-2,-1,2,15,6,8,-11,-2,None
0,-2,-7,-5,-3,4,-1,-2,-1,2,15,6,8,-11,-2,None
0,-2,-4,-5,-21,-12,-4,-2,-2,2,15,6,8,-11,-2,None
0,-4,-6,-1,18,13,1,0,-2,2,15,6,8,-11,-2,None
0,5,20,-5,-19,-11,-3,-2,0,2,15,6,8,-11,-2,None
0,-4,-11,2,24,12,-4,-2,-4,2,15,6,8,-11,-2,None
0,-4,-11,2,24,12,-4,-2,-4,2,15,6,8,-11,-2,None
0,-4,-11,2,24,12,-4,-2,-4,2,15,6,8,-11,-2,None
0,-1,-6,-17,11,15,4,-3,-2,2,15,6,8,-11,-2,None
0,-1,-7,27,-24,-16,-3,-1,-1,2,15,6,8,-11,-2,None
0,-1,4,3,12,26,2,0,0,2,15,6,8,-11,-2,None
0,-2,0,2,-3,-5,1,-1,-1,2,15,6,8,-11,-2,None
0,-2,0,2,-3,-5,1,-1,-1,2,15,6,8,-11,-2,None
0,-2,0,2,-3,-5,1,-1,-1,2,15,6,8,-11,-2,None
0,0,7,-2,2,-7,-1,1,0,2,15,6,8,-11,-2,None
0,0,0,-7,16,4,-1,-1,-1,2,15,6,8,-11,-2,None
0,-2,-9,-3,-8,-8,-1,0,-2,2,15,6,8,-11,-2,None
0,-1,1,1,-5,11,-1,-1,-1,2,15,6,8,-11,-2,None
0,-1,1,1,-5,11,-1,-1,-1,2,15,6,8,-11,-2,None
0,-1,1,1,-5,11,-1,-1,-1,2,15,6,8,-11,-2,None
0,-2,-5,2,-15,-7,-2,-1,-3,2,15,6,8,-11,-2,None
0,0,2,-9,8,1,0,-1,-2,2,15,6,8,-11,-2,None
0,-4,-8,0,-5,-2,-2,-2,-1,2,15,6,8,-11,-2,None
0,-2,2,-8,-2,2,0,0,-2,2,15,6,8,-11,-2,None
0,-2,2,-8,-2,2,0,0,-2,2,15,6,8,-11,-2,None
0,-2,2,-8,-2,2,0,0,-2,2,15,6,8,-11,-2,None
0,1,4,-1,-11,-13,-3,-1,-2,2,15,6,8,-11,-2,None
0,-3,-5,-8,15,-4,-1,0,-1,2,15,6,8,-11,-2,None
0,-4,15,-11,-11,5,-4,-6,-4,2,15,6,8,-11,-2,None
0,-2,-16,1,11,4,1,-2,-1,2,15,6,8,-11,-2,None
0,-2,-16,1,11,4,1,-2,-1,2,15,6,8,-11,-2,None
0,-2,-16,1,11,4,1,-2,-1,2,15,6,9,-11,-2,None
0,-3,-6,4,-50,-10,-4,-2,-3,2,15,6,9,-11,-2,None
0,1,8,-2,7,2,0,0,0,2,15,6,9,-11,-2,None
0,1,-2,-3,1,-3,-2,-1,1,2,15,6,9,-11,-2,None
0,0,2,-6,-10,0,0,-1,-1,2,15,6,9,-11,-2,None
0,0,2,-6,-10,0,0,-1,-1,2,15,6,9,-11,-2,None
0,0,2,-6,-10,0,0,-1,-1,2,15,6,8,-11,-2,None
0,-1,5,1,3,0,-1,-2,-1,2,15,6,8,-11,-2,None
0,1,-2,-6,5,7,1,-2,-3,2,15,6,8,-11,-2,None
0,-1,-5,-1,-3,-1,-1,-1,-1,2,15,6,8,-11,-2,None
0,0,3,0,-1,1,-2,-1,-2,2,15,6,8,-11,-2,None
0,0,3,0,-1,1,-2,-1,-2,2,15,6,8,-11,-2,None
0,0,3,0,-1,1,-2,-1,-2,2,15,6,8,-11,-1,None
0,0,-3,-2,5,1,-1,-2,-1,2,15,6,8,-11,-1,None
0,-1,3,-3,-3,4,1,-2,0,2,15,6,8,-11,-1,None
0,-3,-9,-1,5,-1,-1,-1,-1,2,15,6,8,-11,-1,None
0,-2,2,2,-5,0,-2,0,-1,2,15,6,8,-11,-1,None
0,-2,2,2,-5,0,-2,0,-1,2,15,6,8,-11,-1,None
0,-2,2,2,-5,0,-2,0,-1,2,15,6,8,-11,-1,None
0,8,7,3,25,-1,3,2,1,2,15,6,8,-11,-1,None
0,-8,-10,-15,-17,0,-9,-6,-8,2,15,6,8,-11,-1,None
0,-7,-41,0,-7,2,0,-1,-2,2,15,6,8,-11,-1,None
0,0,3,-1,-4,2,0,-2,0,2,15,6,8,-11,-1,None
0,0,3,-1,-4,2,0,-2,0,2,15,6,8,-11,-1,None
0,0,3,-1,-4,2,0,-2,0,2,15,6,8,-12,-2,None
0,-2,-1,0,10,-1,0,-1,-1,2,15,6,8,-12,-2,None
0,2,5,1,5,1,1,0,0,2,15,6,8,-12,-2,None
0,1,9,-3,-8,-4,-2,0,0,2,15,6,8,-12,-2,None
0,-1,1,-1,-1,1,-2,-2,-2,2,15,6,8,-12,-2,None
0,-1,1,-1,-1,1,-2,-2,-2,2,15,6,8,-12,-2,None
0,-1,1,-1,-1,1,-2,-2,-2,2,15,6,8,-12,-1,None
0,-6,-8,-6,-9,-4,-2,-3,-3,2,15,6,8,-12,-1,None
0,1,8,-3,24,9,1,-1,1,2,15,6,8,-12,-1,None
0,-3,5,-2,-7,-4,-3,-2,-3,2,15,6,8,-12,-1,None
0,0,-1,-26,-21,-3,0,-1,-1,2,15,6,8,-12,-1,None
0,0,-1,-26,-21,-3,0,-1,-1,2,15,6,8,-12,-1,None
0,0,-1,-26,-21,-3,0,-1,-1,2,15,6,8,-12,-1,None
0,-1,5,-3,-5,-4,-1,-2,-3,2,15,6,8,-12,-1,None
0,-1,-2,1,8,0,-1,-2,-1,2,15,6,8,-12,-1,None
0,0,5,1,18,4,0,0,0,2,15,6,8,-12,-1,None
0,-1,1,4,0,1,-1,-1,-2,2,15,6,8,-12,-1,None
0,-1,1,4,0,1,-1,-1,-2,2,15,6,8,-12,-1,None
0,-1,1,4,0,1,-1,-1,-2,2,15,6,8,-11,-1,None
0,-2,-1,-4,-6,0,-2,-1,-2,2,15,6,8,-11,-1,None
0,-1,0,-1,5,-2,-1,0,0,2,15,6,8,-11,-1,None
0,0,2,0,1,-1,0,-1,-1,2,15,6,8,-11,-1,None
0,-1,0,2,-2,-4,-2,-2,-2,2,15,6,8,-11,-1,None
0,-1,0,2,-2,-4,-2,-2,-2,2,15,6,8,-11,-1,None
0,-1,0,2,-2,-4,-2,-2,-2,2,15,6,8,-11,-1,None
0,-1,1,-3,-6,2,-1,-2,-2,2,15,6,8,-11,-1,None
0,1,21,3,-11,1,0,1,-1,2,15,6,8,-11,-1,None
0,2,13,-5,-5,3,0,-3,-1,2,15,6,8,-11,-1,None
0,1,-1,10,10,5,-2,-2,-4,2,15,6,8,-11,-1,None
0,1,-1,10,10,5,-2,-2,-4,2,15,6,8,-11,-1,None
0,1,-1,10,10,5,-2,-2,-4,2,15,6,8,-11,-1,None
0,-3,2,-6,-16,-3,-1,-2,-1,2,15,6,8,-11,-1,None
0,-1,-3,-1,-6,-5,0,-1,0,2,15,6,8,-11,-1,None
0,1,5,-5,3,2,-1,1,0,2,15,6,8,-11,-1,None
0,-1,1,-3,6,-7,-1,-2,-1,2,15,6,8,-11,-1,None
0,-1,1,-3,6,-7,-1,-2,-1,2,15,6,8,-11,-1,None
0,-1,1,-3,6,-7,-1,-2,-1,2,15,6,9,-12,-2,None
0,0,1,-1,1,2,-2,-3,-1,2,15,6,9,-12,-2,None
0,-1,2,-2,-5,-3,0,-2,0,2,15,6,9,-12,-2,None
0,-3,-3,0,-4,-5,-2,-2,-2,2,15,6,9,-12,-2,None
0,-2,-2,0,0,3,-1,-2,-1,2,15,6,9,-12,-2,None
0,-2,-2,0,0,3,-1,-2,-1,2,15,6,9,-12,-2,None
0,-2,-2,0,0,3,-1,-2,-1,2,15,6,8,-11,-2,None
0,-2,-1,-2,1,4,-3,-1,-3,2,15,6,8,-11,-2,None
0,-3,-7,-4,-7,3,-1,-2,-2,2,15,6,8,-11,-2,None
0,-3,-5,0,8,3,-2,-1,0,2,15,6,8,-11,-2,None
0,2,3,-4,-1,5,1,0,-1,2,15,6,8,-11,-2,None
0,2,3,-4,-1,5,1,0,-1,2,15,6,8,-11,-2,None
0,2,3,-4,-1,5,1,0,-1,2,15,6,8,-11,-1,None
0,0,3,-10,28,4,1,0,0,2,15,6,8,-11,-1,None
0,-2,-7,-1,-1,-6,-4,-3,-3,2,15,6,8,-11,-1,None
0,0,1,1,-9,0,-2,-2,-1,2,15,6,8,-11,-1,None
0,-3,2,1,15,0,-2,-2,-1,2,15,6,8,-11,-1,None
0,-3,2,1,15,0,-2,-2,-1,2,15,6,8,-11,-1,None
0,-3,2,1,15,0,-2,-2,-1,2,15,6,8,-12,-2,None
0,-1,-3,-6,6,3,-1,-2,-2,2,15,6,8,-12,-2,None
0,-1,-4,0,2,4,1,-1,0,2,15,6,8,-12,-2,None
0,0,1,1,1,-4,-1,0,-2,2,15,6,8,-12,-2,None
0,-1,0,-7,-13,-4,-1,-2,0,2,15,6,8,-12,-2,None
0,-1,0,-7,-13,-4,-1,-2,0,2,15,6,8,-12,-2,None
0,-1,0,-7,-13,-4,-1,-2,0,2,15,6,8,-11,-1,None
0,-2,-2,4,-3,1,-1,-1,-2,2,15,6,8,-11,-1,None
0,-2,0,-2,0,4,-1,-1,-1,2,15,6,8,-11,-1,None
0,-1,1,-2,-6,-2,0,0,-1,2,15,6,8,-11,-1,None
0,-2,-1,-1,-4,-1,-1,-2,-2,2,15,6,8,-11,-1,None
0,-2,-1,-1,-4,-1,-1,-2,-2,2,15,6,8,-11,-1,None
0,-2,-1,-1,-4,-1,-1,-2,-2,2,15,6,8,-11,-2,None
0,-1,-1,0,-8,1,0,-2,-1,2,15,6,8,-11,-2,None
0,-1,14,-3,-5,-2,0,0,-1,2,15,6,8,-11,-2,None
0,-3,-37,-16,2,11,-1,-2,-5,2,15,6,8,-11,-2,None
0,0,5,9,10,-4,-1,0,-1,2,15,6,8,-11,-2,None
0,0,5,9,10,-4,-1,0,-1,2,15,6,8,-11,-2,None
0,0,5,9,10,-4,-1,0,-1,2,15,6,8,-11,-1,None
0,-4,3,1,3,10,-1,-1,-1,2,15,6,8,-11,-1,None
0,-3,-16,-12,-14,-2,-2,-2,-3,2,15,6,8,-11,-1,None
0,0,16,3,9,0,0,-2,-1,2,15,6,8,-11,-1,None
0,-2,1,-4,-3,1,-1,-1,-2,2,15,6,8,-11,-1,None
0,-2,1,-4,-3,1,-1,-1,-2,2,15,6,8,-11,-1,None
0,-2,1,-4,-3,1,-1,-1,-2,2,15,6,8,-11,-2,None
0,-1,-7,-3,-9,-5,-1,0,-1,2,15,6,8,-11,-2,None
0,0,13,5,9,0,0,-2,-1,2,15,6,8,-11,-2,None
0,-1,6,-3,0,-2,-1,-2,-1,2,15,6,8,-11,-2,None
0,-1,-3,0,-5,1,-1,-1,-1,2,15,6,8,-11,-2,None
0,-1,-3,0,-5,1,-1,-1,-1,2,15,6,8,-11,-2,None
0,-1,-3,0,-5,1,-1,-1,-1,2,15,6,8,-11,-2,None
0,-1,7,-1,-6,-6,-2,0,-1,2,15,6,8,-11,-2,None
0,-2,-12,2,-7,2,-1,0,-1,2,15,6,8,-11,-2,None
0,-3,23,0,-18,-6,-3,-3,-1,2,15,6,8,-11,-2,None
0,-5,-14,-4,-30,3,0,-2,-2,2,15,6,8,-11,-2,None
0,-5,-14,-4,-30,3,0,-2,-2,2,15,6,8,-11,-2,None
0,-5,-14,-4,-30,3,0,-2,-2,2,15,6,8,-11,-2,None
0,-2,0,0,7,2,-1,-2,-4,2,15,6,8,-11,-2,None
0,-1,-1,2,10,4,-1,-1,0,2,15,6,8,-11,-2,None
0,0,-3,-2,-3,0,1,0,-2,2,15,6,8,-11,-2,None
0,0,7,0,6,0,-1,0,-2,2,15,6,8,-11,-2,None
0,0,7,0,6,0,-1,0,-2,2,15,6,8,-11,-2,None
0,0,7,0,6,0,-1,0,-2,2,15,6,8,-11,-2,None
0,-2,2,-2,-4,0,-1,-1,-2,2,15,6,8,-11,-2,None
0,-2,-1,-4,-5,-1,-1,0,-2,2,15,6,8,-11,-2,None
0,-1,-1,2,12,-2,-1,-2,0,2,15,6,8,-11,-2,None
0,0,0,-8,-3,2,-1,-2,-1,2,15,6,8,-11,-2,None
0,0,0,-8,-3,2,-1,-2,-1,2,15,6,8,-11,-2,None
0,0,0,-8,-3,2,-1,-2,-1,2,15,6,8,-11,-2,None
0,6,36,2,5,-3,-2,-2,0,2,15,6,8,-11,-2,None
0,-5,-31,-9,-8,-6,2,0,-1,2,15,6,8,-11,-2,None
0,-2,-16,5,2,11,-4,-5,-3,2,15,6,8,-11,-2,None
0,-2,0,-2,0,1,-1,-2,-2,2,15,6,8,-11,-2,None
0,-2,0,-2,0,1,-1,-2,-2,2,15,6,8,-11,-2,None
0,-2,0,-2,0,1,-1,-2,-2,2,15,6,8,-12,-2,None
0,0,1,-4,-8,-2,0,-1,0,2,15,6,8,-12,-2,None
0,3,18,0,3,-1,0,-2,-2,2,15,6,8,-12,-2,None
0,-2,6,-2,-2,-6,-2,-1,-1,2,15,6,8,-12,-2,None
0,-2,-3,-3,-2,-3,-1,-1,0,2,15,6,8,-12,-2,None
0,-2,-3,-3,-2,-3,-1,-1,0,2,15,6,8,-12,-2,None
0,-2,-3,-3,-2,-3,-1,-1,0,2,15,6,8,-11,-2,None
0,-2,-12,1,0,-1,0,-2,-2,2,15,6,8,-11,-2,None
0,1,4,-7,-12,9,-1,-2,-1,2,15,6,8,-11,-2,None
0,-4,-9,-2,-38,0,0,-2,-4,2,15,6,8,-11,-2,None
0,-2,5,0,19,1,-2,-2,-2,2,15,6,8,-11,-2,None
0,-2,5,0,19,1,-2,-2,-2,2,15,6,8,-11,-2,None
0,-2,5,0,19,1,-2,-2,-2,2,15,6,8,-11,-2,None
0,-4,-7,0,3,2,-1,-1,-3,2,15,6,8,-11,-2,None
0,0,1,-1,11,1,-1,-2,-1,2,15,6,8,-11,-2,None
0,1,8,-3,5,2,1,0,0,2,15,6,8,-11,-2,None
0,-1,5,-4,-7,-2,-1,-1,0,2,15,6,8,-11,-2,None
0,-1,5,-4,-7,-2,-1,-1,0,2,15,6,8,-11,-2,None
0,-1,5,-4,-7,-2,-1,-1,0,2,15,6,9,-11,-2,None
0,-2,-5,-5,-2,-1,-4,-1,-3,2,15,6,9,-11,-2,None
0,0,-3,-3,0,2,0,-1,0,2,15,6,9,-11,-2,None
0,2,10,11,13,-3,-2,-3,-3,2,15,6,9,-11,-2,None
0,1,6,-9,6,-3,0,-1,-2,2,15,6,9,-11,-2,None
0,1,6,-9,6,-3,0,-1,-2,2,15,6,9,-11,-2,None
0,1,6,-9,6,-3,0,-1,-2,2,15,6,8,-11,-2,None
0,-2,-17,-5,7,-5,-1,0,0,2,15,6,8,-11,-2,None
0,-3,-3,-1,29,13,-3,-6,-5,2,15,6,8,-11,-2,None
0,1,0,-2,-12,0,0,0,-2,2,15,6,8,-11,-2,None
0,0,12,2,0,0,-1,-2,-1,2,15,6,8,-11,-2,None
0,0,12,2,0,0,-1,-2,-1,2,15,6,8,-11,-2,None
0,0,12,2,0,0,-1,-2,-1,2,15,6,8,-12,-2,None
0,-2,2,0,-2,0,0,-1,-1,2,15,6,8,-12,-2,None
0,-2,3,0,-2,-8,-1,0,0,2,15,6,8,-12,-2,None
0,1,3,-6,12,-1,-1,-2,-2,2,15,6,8,-12,-2,None
0,-3,-6,0,-28,1,-1,-1,-3,2,15,6,8,-12,-2,None
0,-3,-6,0,-28,1,-1,-1,-3,2,15,6,8,-12,-2,None
0,-3,-6,0,-28,1,-1,-1,-3,2,15,6,9,-11,-2,None
0,-4,-1,2,2,2,-1,-3,-1,2,15,6,9,-11,-2,None
0,3,1,12,-2,-4,0,0,0,2,15,6,9,-11,-2,None
0,-3,1,-4,-41,-6,-4,-1,-2,2,15,6,9,-11,-2,None
0,1,-2,3,1,-13,-1,0,-1,2,15,6,9,-11,-2,None
0,1,-2,3,1,-13,-1,0,-1,2,15,6,9,-11,-2,None
0,1,-2,3,1,-13,-1,0,-1,2,15,6,8,-11,-1,None
0,-3,-5,-3,-4,5,-1,-1,-2,2,15,6,8,-11,-1,None
0,-1,4,-6,-7,-2,0,-1,-1,2,15,6,8,-11,-1,None
0,-1,-1,-2,22,5,0,-1,1,2,15,6,8,-11,-1,None
0,-4,-4,-2,3,0,-1,-2,-2,2,15,6,8,-11,-1,None
0,-4,-4,-2,3,0,-1,-2,-2,2,15,6,8,-11,-1,None
0,-4,-4,-2,3,0,-1,-2,-2,2,15,6,8,-11,-2,None
0,1,3,-4,-11,-1,0,-1,-2,2,15,6,8,-11,-2,None
0,-1,3,-2,4,3,0,-1,-1,2,15,6,8,-11,-2,None
0,-4,-2,-6,5,-1,1,0,0,2,15,6,8,-11,-2,None
0,5,6,-5,-3,2,-4,-3,-2,2,15,6,8,-11,-2,None
0,5,6,-5,-3,2,-4,-3,-2,2,15,6,8,-11,-2,None
0,5,6,-5,-3,2,-4,-3,-2,2,15,6,8,-11,-2,None
0,0,-4,-2,5,0,-1,-1,-1,2,15,6,8,-11,-2,None
0,-7,-30,-9,-19,0,2,0,-1,2,15,6,8,-11,-2,None
0,-3,3,4,27,6,-1,-2,-1,2,15,6,8,-11,-2,None
0,-3,-6,-6,-14,0,-3,-3,-2,2,15,6,8,-11,-2,None
0,-3,-6,-6,-14,0,-3,-3,-2,2,15,6,8,-11,-2,None
0,-3,-6,-6,-14,0,-3,-3,-2,2,15,6,8,-12,-2,None
0,0,0,0,-1,-1,-1,-1,-2,2,15,6,8,-12,-2,None
0,-1,9,-3,-8,-4,-2,-1,-2,2,15,6,8,-12,-2,None
0,-3,-2,-4,0,-1,0,0,-1,2,15,6,8,-12,-2,None
0,1,0,0,7,3,1,-2,-1,2,15,6,8,-12,-2,None
0,1,0,0,7,3,1,-2,-1,2,15,6,8,-12,-2,None
0,1,0,0,7,3,1,-2,-1,2,15,6,8,-11,-2,None
0,-6,14,-2,-3,2,-1,-2,-2,2,15,6,8,-11,-2,None
0,5,1,4,0,-1,-5,-2,-1,2,15,6,8,-11,-2,None
0,2,8,-5,14,7,1,-1,-2,2,15,6,8,-11,-2,None
0,-2,-2,9,12,-3,-1,0,0,2,15,6,8,-11,-2,None
0,-2,-2,9,12,-3,-1,0,0,2,15,6,8,-11,-2,None
0,-2,-2,9,12,-3,-1,0,0,2,15,6,8,-11,-2,None
0,-1,-3,-2,-6,15,0,-2,-1,2,15,6,8,-11,-2,None
0,-3,3,0,8,-2,-5,-4,-2,2,15,6,8,-11,-2,None
0,-2,-6,-6,-2,1,-1,0,-1,2,15,6,8,-11,-2,None
0,-2,4,-6,2,2,0,-1,-1,2,15,6,8,-11,-2,None
0,-2,4,-6,2,2,0,-1,-1,2,15,6,8,-11,-2,None
0,-2,4,-6,2,2,0,-1,-1,2,15,6,9,-11,-2,None
0,0,0,0,-2,-2,0,-1,-2,2,15,6,9,-11,-2,None
0,-3,6,-3,2,1,1,0,-2,2,15,6,9,-11,-2,None
0,1,1,-2,-2,-2,-1,-2,0,2,15,6,9,-11,-2,None
0,-3,-2,-2,2,4,1,0,-3,2,15,6,9,-11,-2,None
0,-3,-2,-2,2,4,1,0,-3,2,15,6,9,-11,-2,None
0,-3,-2,-2,2,4,1,0,-3,2,15,6,8,-11,-1,None
0,-1,-2,-1,-4,-4,-1,-2,-1,2,15,6,8,-11,-1,None
0,-1,5,-4,-4,3,-3,-4,-2,2,15,6,8,-11,-1,None
0,5,13,-2,4,-14,3,3,1,2,15,6,8,-11,-1,None
0,-1,-1,-12,2,10,-2,-4,-4,2,15,6,8,-11,-1,None
0,-1,-1,-12,2,10,-2,-4,-4,2,15,6,8,-11,-1,None
0,-1,-1,-12,2,10,-2,-4,-4,2,15,6,8,-11,-2,None
0,-3,-7,-3,-8,7,0,-2,-2,2,15,6,8,-11,-2,None
0,3,4,-5,-1,-1,0,0,-3,2,15,6,8,-11,-2,None
0,-4,-4,-1,-1,1,-1,-1,-4,2,15,6,8,-11,-2,None
0,1,7,-1,1,-4,-2,1,1,2,15,6,8,-11,-2,None
0,1,7,-1,1,-4,-2,1,1,2,15,6,8,-11,-2,None
0,1,7,-1,1,-4,-2,1,1,2,15,6,8,-11,-2,None
0,1,1,-2,1,-6,-1,0,0,2,15,6,8,-11,-2,None
0,-4,-1,-5,-2,0,-1,-1,-1,2,15,6,8,-11,-2,None
0,-1,0,-2,-6,1,-2,-2,-1,2,15,6,8,-11,-2,None
0,-1,-5,-1,1,1,-1,0,0,2,15,6,8,-11,-2,None
0,-1,-5,-1,1,1,-1,0,0,2,15,6,8,-11,-2,None
0,-1,-5,-1,1,1,-1,0,0,2,15,6,8,-11,-2,None
0,-1,-1,-3,-3,-2,0,-2,-3,2,15,6,8,-11,-2,None
0,-1,1,2,-2,-1,-1,-1,-1,2,15,6,8,-11,-2,None
0,-4,0,0,44,3,0,0,-1,2,15,6,8,-11,-2,None
0,0,-26,-4,-57,-1,-2,-2,0,2,15,6,8,-11,-2,None
0,0,-26,-4,-57,-1,-2,-2,0,2,15,6,8,-11,-2,None
0,0,-26,-4,-57,-1,-2,-2,0,2,15,6,8,-11,-2,None
0,-4,13,3,12,3,-5,-3,-2,2,15,6,8,-11,-2,None
0,0,7,2,14,5,1,-1,0,2,15,6,8,-11,-2,None
0,-2,-7,2,0,0,-2,-1,-2,2,15,6,8,-11,-2,None
0,-2,4,-3,17,5,1,0,0,2,15,6,8,-11,-2,None
0,-2,4,-3,17,5,1,0,0,2,15,6,8,-11,-2,None
0,-2,4,-3,17,5,1,0,0,2,15,6,8,-11,-2,None
0,3,0,-1,-7,-5,0,1,0,2,15,6,8,-11,-2,None
0,-2,-1,-4,-10,-2,-1,0,-2,2,15,6,8,-11,-2,None
0,-3,3,-5,-11,4,-2,-2,0,2,15,6,8,-11,-2,None
0,0,3,3,6,-1,0,-1,-1,2,15,6,8,-11,-2,None
0,0,3,3,6,-1,0,-1,-1,2,15,6,8,-11,-2,None
0,0,3,3,6,-1,0,-1,-1,2,15,6,8,-11,-2,None
0,0,-2,-5,-6,-3,-1,-1,-2,2,15,6,8,-11,-2,None
0,-1,4,-1,6,1,-1,-2,-2,2,15,6,8,-11,-2,None
0,0,-4,-5,-12,0,0,-3,-1,2,15,6,8,-11,-2,None
0,-5,17,7,20,1,-1,0,0,2,15,6,8,-11,-2,None
0,-5,17,7,20,1,-1,0,0,2,15,6,8,-11,-2,None
0,-5,17,7,20,1,-1,0,0,2,15,6,8,-11,-2,None
0,6,-11,-10,-8,-3,-2,-3,-3,2,15,6,8,-11,-2,None
0,-2,-1,3,-2,-1,0,-1,-2,2,15,6,8,-11,-2,None
0,-3,-2,-2,-17,1,-1,-2,-1,2,15,6,8,-11,-2,None
0,-1,4,-4,3,2,-1,-3,-1,2,15,6,8,-11,-2,None
0,-1,4,-4,3,2,-1,-3,-1,2,15,6,8,-11,-2,None
0,-1,4,-4,3,2,-1,-3,-1,2,15,6,8,-12,-2,None
0,-2,5,-2,7,3,0,0,-2,2,15,6,8,-12,-2,None
0,-1,-3,-1,-1,-8,-2,-1,0,2,15,6,8,-12,-2,None
0,2,2,-4,-16,5,-2,-1,-3,2,15,6,8,-12,-2,None
0,-1,-1,-6,8,-5,-1,-1,-2,2,15,6,8,-12,-2,None
0,-1,-1,-6,8,-5,-1,-1,-2,2,15,6,8,-12,-2,None
0,-1,-1,-6,8,-5,-1,-1,-2,2,15,6,8,-11,-2,None
0,3,39,5,-5,-11,-1,0,1,2,15,6,8,-11,-2,None
0,1,-32,-2,2,17,-1,-1,-1,2,15,6,8,-11,-2,None
0,-3,-3,-1,2,-3,-4,-2,-3,2,15,6,8,-11,-2,None
0,-1,-5,-5,-1,2,0,-1,-2,2,15,6,8,-11,-2,None
0,-1,-5,-5,-1,2,0,-1,-2,2,15,6,8,-11,-2,None
0,-1,-5,-5,-1,2,0,-1,-2,2,15,6,8,-11,-2,None
0,1,7,0,1,-3,0,0,0,2,15,6,8,-11,-2,None
0,-2,12,-2,-2,-2,0,-1,1,2,15,6,8,-11,-2,None
0,-2,0,-3,-2,-1,-1,-1,-1,2,15,6,8,-11,-2,None
0,0,-3,1,2,4,-1,-2,-3,2,15,6,8,-11,-2,None
0,0,-3,1,2,4,-1,-2,-3,2,15,6,8,-11,-2,None
0,0,-3,1,2,4,-1,-2,-3,2,15,6,9,-11,-2,None
0,-9,5,0,2,-1,-1,-2,-2,2,15,6,9,-11,-2,None
0,2,11,19,24,1,-1,-1,-2,2,15,6,9,-11,-2,None
0,-4,-9,-4,-9,1,-2,-2,-2,2,15,6,9,-11,-2,None
0,-2,2,-5,-10,1,-1,-4,-1,2,15,6,9,-11,-2,None
0,-2,2,-5,-10,1,-1,-4,-1,2,15,6,9,-11,-2,None
0,-2,2,-5,-10,1,-1,-4,-1,2,15,6,8,-11,-2,None
0,-4,-9,1,7,2,-2,-1,0,2,15,6,8,-11,-2,None
0,-2,1,-11,2,2,-1,-1,0,2,15,6,8,-11,-2,None
0,2,10,-1,-2,-7,0,-1,-1,2,15,6,8,-11,-2,None
0,-1,1,1,-2,-1,-2,-1,-1,2,15,6,8,-11,-2,None
0,-1,1,1,-2,-1,-2,-1,-1,2,15,6,8,-11,-2,None
0,-1,1,1,-2,-1,-2,-1,-1,2,15,6,8,-11,-1,None
0,-1,-11,-10,-1,9,1,0,-1,2,15,6,8,-11,-1,None
0,2,26,0,1,-7,-2,-2,0,2,15,6,8,-11,-1,None
0,-1,-11,1,-26,-3,0,-1,-3,2,15,6,8,-11,-1,None
0,-4,-5,-9,-26,-10,-5,-3,-3,2,15,6,8,-11,-1,None
0,-4,-5,-9,-26,-10,-5,-3,-3,2,15,6,8,-11,-1,None
0,-4,-5,-9,-26,-10,-5,-3,-3,2,15,6,8,-11,-2,None
0,-2,-11,-1,-10,-2,-1,-1,0,2,15,6,8,-11,-2,None
