0,-3,-14,-27,12,-10,87,7,-1,2,14,6,8,-16,-5,None
0,-4,-14,-10,5,-4,-58,-30,-6,2,14,6,8,-16,-5,None
0,-1,21,2,-36,-40,68,14,2,2,14,6,8,-16,-5,None
0,-1,21,2,-36,-40,68,14,2,2,14,6,8,-16,-5,None
0,-1,21,2,-36,-40,68,14,2,2,14,6,6,-17,-5,None
0,-4,-34,-8,-4,71,-40,-7,-3,2,14,6,6,-17,-5,None
0,2,12,11,2,-9,8,19,-1,2,14,6,6,-17,-5,None
0,0,5,23,14,-3,46,-16,1,2,14,6,6,-17,-5,None
0,-1,-2,-26,-9,0,-8,13,-1,2,14,6,6,-17,-5,None
0,-1,-2,-26,-9,0,-8,13,-1,1,14,6,6,-17,-5,None
0,-1,-2,-26,-9,0,-8,13,-1,1,14,6,4,-16,-5,None
0,-2,7,-4,-13,-7,-36,1,-6,1,14,6,4,-16,-5,None
0,-3,1,29,-2,1,-75,-84,-9,1,14,6,4,-16,-5,None
0,1,2,14,4,-4,63,77,7,1,14,6,4,-16,-5,None
0,1,-3,2,-14,22,-36,-23,1,1,14,6,4,-16,-5,None
0,1,-3,2,-14,22,-36,-23,1,1,13,6,4,-16,-5,None
0,1,-3,2,-14,22,-36,-23,1,1,13,6,2,-17,-5,None
0,1,4,-10,-1,-10,97,56,9,1,13,6,2,-17,-5,None
0,0,0,1,16,15,-28,-5,-2,1,13,6,2,-17,-5,None
0,-2,6,0,-8,-35,-9,-42,-5,1,13,6,2,-17,-5,None
0,-4,-9,-6,-10,1,-8,-4,-6,1,13,6,2,-17,-5,None
0,-4,-9,-6,-10,1,-8,-4,-6,1,13,6,2,-17,-5,None
0,-4,-9,-6,-10,1,-8,-4,-6,1,13,6,1,-17,-5,None
0,0,1,-1,-6,-14,-6,-25,-5,1,13,6,1,-17,-5,None
0,2,9,3,-2,-6,-29,45,5,1,13,6,1,-17,-5,None
0,-1,-1,10,33,30,50,-21,1,1,13,6,1,-17,-5,None
0,-6,-9,1,-64,-3,-26,10,-6,1,13,6,1,-17,-5,None
0,-6,-9,1,-64,-3,-26,10,-6,1,13,6,1,-17,-5,None
0,-6,-9,1,-64,-3,-26,10,-6,1,13,6,0,-17,-5,None
0,-1,6,-13,22,-33,-11,-25,-2,1,13,6,0,-17,-5,None
0,1,4,2,3,22,-16,14,3,1,13,6,0,-17,-5,None
0,-1,-3,1,-19,-30,-9,-7,0,1,13,6,0,-17,-5,None
0,-1,-1,7,30,17,12,8,-1,1,13,6,0,-17,-5,None
0,-1,-1,7,30,17,12,8,-1,0,13,6,0,-17,-5,None
0,-1,-1,7,30,17,12,8,-1,0,13,6,-1,-17,-4,None
0,0,-2,-7,-30,-2,3,-9,-2,0,13,6,-1,-17,-4,None
0,9,60,25,81,-24,13,-1,-2,0,13,6,-1,-17,-4,None
0,-16,-58,-15,28,-3,-36,-1,-5,0,13,6,-1,-17,-4,None
0,1,-3,1,59,75,21,2,0,0,13,6,-1,-17,-4,None
0,1,-3,1,59,75,21,2,0,0,12,6,-1,-17,-4,None
0,1,-3,1,59,75,21,2,0,0,12,6,-1,-16,-4,None
0,-7,-6,-3,-96,-117,-11,-7,-1,0,12,6,-1,-16,-4,None
0,-10,-4,2,99,77,-5,-5,-4,0,12,6,-1,-16,-4,None
0,23,48,13,106,-3,10,-2,-7,0,12,6,-1,-16,-4,None
0,-30,-29,-18,-103,-37,-15,-8,1,0,12,6,-1,-16,-4,None
0,-30,-29,-18,-103,-37,-15,-8,1,17,12,6,-1,-16,-4,None
0,-30,-29,-18,-103,-37,-15,-8,1,17,12,6,-2,-15,-3,None
0,2,-13,-4,61,83,-14,4,3,17,12,6,-2,-15,-3,None
0,6,-3,2,-37,51,22,11,1,17,12,6,-2,-15,-3,None
0,-5,4,6,18,-58,-17,-17,-10,17,12,6,-2,-15,-3,None
0,-39,-41,11,-14,0,-5,9,8,17,12,6,-2,-15,-3,None
0,-39,-41,11,-14,0,-5,9,8,17,12,6,-2,-15,-3,None
0,-39,-41,11,-14,0,-5,9,8,17,12,6,-3,-14,-3,None
0,5,25,10,26,54,3,5,-2,17,12,6,-3,-14,-3,None
0,-1,-18,12,14,-7,-16,-11,-1,17,12,6,-3,-14,-3,None
0,3,10,7,-25,-44,-2,-11,1,17,12,6,-3,-14,-3,None
0,41,24,-6,-31,23,19,4,-10,17,12,6,-3,-14,-3,None
0,41,24,-6,-31,23,19,4,-10,17,12,6,-3,-14,-3,None
0,41,24,-6,-31,23,19,4,-10,17,12,6,-4,-14,-3,None
0,-7,-42,-7,63,44,-3,8,-5,17,12,6,-4,-14,-3,None
0,15,14,-16,-7,47,-18,-5,-8,17,12,6,-4,-14,-3,None
0,-11,0,-4,1,83,14,-2,17,17,12,6,-4,-14,-3,None
0,-1,43,-21,-41,-45,-17,4,11,17,12,6,-4,-14,-3,None
0,-1,43,-21,-41,-45,-17,4,11,16,11,6,-4,-14,-3,None
0,-1,43,-21,-41,-45,-17,4,11,16,11,6,-5,-13,-3,None
0,-2,-22,-6,-70,-91,-16,-10,14,16,11,6,-5,-13,-3,None
0,-16,-8,-29,-119,55,28,1,-12,16,11,6,-5,-13,-3,None
0,-21,12,6,-20,-54,-40,-1,7,16,11,6,-5,-13,-3,None
0,16,29,3,43,53,8,-6,6,16,11,6,-5,-13,-3,None
0,16,29,3,43,53,8,-6,6,16,11,6,-5,-13,-3,None
0,16,29,3,43,53,8,-6,6,16,11,6,-5,-14,-3,None
0,39,12,-10,-4,64,25,3,-11,16,11,6,-5,-14,-3,None
0,-59,-50,5,74,-128,-22,1,1,16,11,6,-5,-14,-3,None
0,16,16,-5,-97,-24,-2,-6,-5,16,11,6,-5,-14,-3,None
0,2,-18,12,58,-24,3,-8,-7,16,11,6,-5,-14,-3,None
0,2,-18,12,58,-24,3,-8,-7,16,11,6,-5,-14,-3,None
0,2,-18,12,58,-24,3,-8,-7,16,11,6,-6,-13,-3,None
0,-13,8,-4,-47,-13,1,6,-4,16,11,6,-6,-13,-3,None
0,40,10,2,-75,-24,12,6,7,16,11,6,-6,-13,-3,None
0,-19,-8,-14,53,19,-13,-2,-9,16,11,6,-6,-13,-3,None
0,6,-2,-1,74,-68,0,-6,-8,16,11,6,-6,-13,-3,None
0,6,-2,-1,74,-68,0,-6,-8,15,11,6,-6,-13,-3,None
0,6,-2,-1,74,-68,0,-6,-8,15,11,6,-6,-12,-3,None
0,-48,24,9,66,-93,12,6,6,15,11,6,-6,-12,-3,None
0,43,-15,-14,-5,-39,-3,-3,-6,15,11,6,-6,-12,-3,None
0,10,-20,6,40,32,-3,-2,-1,15,11,6,-6,-12,-3,None
0,-3,17,-26,-46,-10,-8,0,2,15,11,6,-6,-12,-3,None
0,-3,17,-26,-46,-10,-8,0,2,15,10,6,-6,-12,-3,None
0,-3,17,-26,-46,-10,-8,0,2,15,10,6,-6,-12,-3,None
0,-16,11,11,124,41,2,-6,-7,15,10,6,-6,-12,-3,None
0,-8,0,0,22,-128,-2,1,6,15,10,6,-6,-12,-3,None
0,46,1,-19,-30,83,-6,-1,-7,15,10,6,-6,-12,-3,None
0,15,-4,19,-16,31,6,-5,-14,15,10,6,-6,-12,-3,None
0,15,-4,19,-16,31,6,-5,-14,15,10,6,-6,-12,-3,None
0,15,-4,19,-16,31,6,-5,-14,15,10,6,-5,-11,-2,None
0,5,-15,-73,-64,-31,1,-4,8,15,10,6,-5,-11,-2,None
0,3,7,13,-14,66,11,3,2,15,10,6,-5,-11,-2,None
0,16,3,9,-3,44,9,0,0,15,10,6,-5,-11,-2,None
0,-74,-8,-29,-40,60,-5,-3,-11,15,10,6,-5,-11,-2,None
0,-74,-8,-29,-40,60,-5,-3,-11,14,10,6,-5,-11,-2,None
0,-74,-8,-29,-40,60,-5,-3,-11,14,10,6,-5,-11,-2,None
0,46,14,43,36,-53,-1,0,6,14,10,6,-5,-11,-2,None
0,-31,-32,-6,50,26,-2,2,-2,14,10,6,-5,-11,-2,None
0,8,16,-4,-18,-41,-3,-4,5,14,10,6,-5,-11,-2,None
0,2,-35,-12,-8,0,-7,-2,-4,14,10,6,-5,-11,-2,None
0,2,-35,-12,-8,0,-7,-2,-4,14,10,6,-5,-11,-2,None
0,2,-35,-12,-8,0,-7,-2,-4,14,10,6,-6,-11,-2,None
0,-1,-29,8,4,-1,7,3,-7,14,10,6,-6,-11,-2,None
0,-12,13,-42,-12,111,1,3,6,14,10,6,-6,-11,-2,None
0,-2,-7,28,22,-69,0,1,-2,14,10,6,-6,-11,-2,None
0,8,4,-4,-41,16,-4,-3,-2,14,10,6,-6,-11,-2,None
0,8,4,-4,-41,16,-4,-3,-2,14,10,6,-6,-11,-2,None
0,8,4,-4,-41,16,-4,-3,-2,14,10,6,-6,-11,-1,None
0,25,8,1,0,27,-2,-4,-3,14,10,6,-6,-11,-1,None
0,-6,5,6,72,36,-1,-4,-7,14,10,6,-6,-11,-1,None
0,-21,-14,-11,-86,-76,-9,-7,-6,14,10,6,-6,-11,-1,None
0,5,15,5,48,59,-14,-2,1,14,10,6,-6,-11,-1,None
0,5,15,5,48,59,-14,-2,1,14,10,6,-6,-11,-1,None
0,5,15,5,48,59,-14,-2,1,14,10,6,-6,-10,-1,None
0,-23,11,9,-78,16,10,-3,2,14,10,6,-6,-10,-1,None
0,17,11,-10,-57,-27,8,7,2,14,10,6,-6,-10,-1,None
0,-6,1,-6,15,30,1,-3,-1,14,10,6,-6,-10,-1,None
0,12,8,10,-25,-7,4,0,-1,14,10,6,-6,-10,-1,None
0,12,8,10,-25,-7,4,0,-1,14,10,6,-6,-10,-1,None
0,12,8,10,-25,-7,4,0,-1,14,10,6,-6,-10,0,None
0,-25,-32,10,-2,45,-9,-4,-8,14,10,6,-6,-10,0,None
0,13,10,12,-24,-42,3,-1,6,14,10,6,-6,-10,0,None
0,-32,4,-31,-34,6,-1,-2,-5,14,10,6,-6,-10,0,None
0,6,1,26,77,38,5,-4,-4,14,10,6,-6,-10,0,None
0,6,1,26,77,38,5,-4,-4,14,10,6,-6,-10,0,None
0,6,1,26,77,38,5,-4,-4,14,10,6,-6,-10,0,None
0,4,15,13,40,-36,-13,-1,3,14,10,6,-6,-10,0,None
0,-14,-3,7,10,5,2,-7,-12,14,10,6,-6,-10,0,None
0,10,-4,-2,-31,-8,-5,1,4,14,10,6,-6,-10,0,None
0,10,-5,-38,-25,-79,12,3,6,14,10,6,-6,-10,0,None
0,10,-5,-38,-25,-79,12,3,6,14,10,6,-6,-10,0,None
0,10,-5,-38,-25,-79,12,3,6,14,10,6,-7,-10,0,None
0,15,36,10,64,34,-9,-3,-5,14,10,6,-7,-10,0,None
0,13,-5,11,-66,-16,-8,-3,-6,14,10,6,-7,-10,0,None
0,-6,1,-4,-3,-5,3,0,-2,14,10,6,-7,-10,0,None
0,-16,-8,12,18,-29,6,0,4,14,10,6,-7,-10,0,None
0,-16,-8,12,18,-29,6,0,4,14,10,6,-7,-10,0,None
0,-16,-8,12,18,-29,6,0,4,14,10,6,-6,-10,0,None
0,20,12,-22,2,5,-10,-3,-4,14,10,6,-6,-10,0,None
0,27,5,-3,-26,-41,-3,-2,1,14,10,6,-6,-10,0,None
0,-10,14,20,27,4,-3,-1,-3,14,10,6,-6,-10,0,None
0,-43,-14,-25,-74,32,-3,-1,-3,14,10,6,-6,-10,0,None
0,-43,-14,-25,-74,32,-3,-1,-3,14,10,6,-6,-10,0,None
0,-43,-14,-25,-74,32,-3,-1,-3,14,10,6,-5,-8,1,None
0,-12,-10,-12,-68,-41,-4,-2,-4,14,10,6,-5,-8,1,None
0,3,-4,0,51,26,-3,-2,-3,14,10,6,-5,-8,1,None
0,-4,8,2,34,65,23,5,1,14,10,6,-5,-8,1,None
0,14,6,16,28,-16,1,1,5,14,10,6,-5,-8,1,None
0,14,6,16,28,-16,1,1,5,14,10,6,-5,-8,1,None
0,14,6,16,28,-16,1,1,5,14,10,6,-8,-10,0,None
0,-8,2,-8,5,-13,-7,-2,-5,14,10,6,-8,-10,0,None
0,-16,-9,-6,18,42,-21,-11,-7,14,10,6,-8,-10,0,None
0,4,1,-8,9,7,1,-4,1,14,10,6,-8,-10,0,None
0,3,2,5,42,-22,3,4,-2,14,10,6,-8,-10,0,None
0,3,2,5,42,-22,3,4,-2,14,10,6,-8,-10,0,None
0,3,2,5,42,-22,3,4,-2,14,10,6,-10,-10,0,None
0,17,-7,-21,-80,47,-3,-2,0,14,10,6,-10,-10,0,None
0,-2,21,7,-19,-42,3,3,0,14,10,6,-10,-10,0,None
0,-2,-13,8,5,-12,-15,-6,-1,14,10,6,-10,-10,0,None
0,15,-1,-26,-13,-8,-10,-6,-8,14,10,6,-10,-10,0,None
0,15,-1,-26,-13,-8,-10,-6,-8,14,10,6,-10,-10,0,None
0,15,-1,-26,-13,-8,-10,-6,-8,14,10,6,-10,-10,0,None
0,-14,24,-16,-24,34,9,2,1,14,10,6,-10,-10,0,None
0,-19,-17,20,-1,-27,4,1,-1,14,10,6,-10,-10,0,None
0,-1,11,-14,16,31,-5,-6,-4,14,10,6,-10,-10,0,None
0,35,-18,4,-80,-49,0,-1,2,14,10,6,-10,-10,0,None
0,35,-18,4,-80,-49,0,-1,2,14,10,6,-10,-10,0,None
0,35,-18,4,-80,-49,0,-1,2,14,10,6,-10,-10,0,None
0,-34,4,-6,21,11,5,3,4,14,10,6,-10,-10,0,None
0,-17,23,-5,13,-57,1,0,-1,14,10,6,-10,-10,0,None
0,17,1,7,13,18,3,-3,-4,14,10,6,-10,-10,0,None
0,4,7,11,-38,-9,-4,0,1,14,10,6,-10,-10,0,None
0,4,7,11,-38,-9,-4,0,1,14,10,6,-10,-10,0,None
0,4,7,11,-38,-9,-4,0,1,14,10,6,-10,-10,0,None
0,4,-6,3,73,0,-7,-8,-9,14,10,6,-10,-10,0,None
0,4,-10,10,34,100,20,6,11,14,10,6,-10,-10,0,None
0,-6,-8,-3,-45,-50,-20,-4,-4,14,10,6,-10,-10,0,None
0,-13,14,3,68,9,2,1,0,14,10,6,-10,-10,0,None
0,-13,14,3,68,9,2,1,0,14,10,6,-10,-10,0,None
0,-13,14,3,68,9,2,1,0,14,10,6,-10,-10,0,None
0,10,11,13,-32,-18,1,-3,-1,14,10,6,-10,-10,0,None
0,-6,-4,-6,9,-4,2,0,-6,14,10,6,-10,-10,0,None
0,40,4,-11,16,-13,-1,3,-3,14,10,6,-10,-10,0,None
0,8,-17,-3,0,-35,-12,-8,-6,14,10,6,-10,-10,0,None
0,8,-17,-3,0,-35,-12,-8,-6,14,10,6,-10,-10,0,None
0,8,-17,-3,0,-35,-12,-8,-6,14,10,6,-11,-9,1,None
0,-5,-2,-2,7,-1,-2,-1,-1,14,10,6,-11,-9,1,None
0,-17,3,-12,18,-85,-4,-2,-7,14,10,6,-11,-9,1,None
0,-5,-8,-16,-88,1,12,6,6,14,10,6,-11,-9,1,None
0,0,3,-3,33,22,-8,-5,-5,14,10,6,-11,-9,1,None
0,0,3,-3,33,22,-8,-5,-5,14,10,6,-11,-9,1,None
0,0,3,-3,33,22,-8,-5,-5,14,10,6,-10,-10,1,None
0,-3,-11,-4,-46,35,-2,-5,-4,14,10,6,-10,-10,1,None
0,20,4,-19,-23,-41,0,-4,1,14,10,6,-10,-10,1,None
0,-14,-7,13,3,-24,1,3,1,14,10,6,-10,-10,1,None
0,-5,6,7,27,35,-1,0,-1,14,10,6,-10,-10,1,None
0,-5,6,7,27,35,-1,0,-1,14,10,6,-10,-10,1,None
0,-5,6,7,27,35,-1,0,-1,14,10,6,-10,-10,0,None
0,-6,-3,-5,-27,-60,1,0,1,14,10,6,-10,-10,0,None
0,-4,2,-4,-2,41,-11,-4,-2,14,10,6,-10,-10,0,None
0,-16,-7,-8,-22,8,-1,-2,-2,14,10,6,-10,-10,0,None
0,-9,7,1,71,8,2,-1,-1,14,10,6,-10,-10,0,None
0,-9,7,1,71,8,2,-1,-1,14,10,6,-10,-10,0,None
0,-9,7,1,71,8,2,-1,-1,14,10,6,-10,-10,0,None
0,6,-4,-5,-4,-2,5,7,3,14,10,6,-10,-10,0,None
0,-4,-6,2,-22,-22,-9,-5,-6,14,10,6,-10,-10,0,None
0,-7,3,-1,33,-8,-2,-3,0,14,10,6,-10,-10,0,None
0,8,2,4,22,-4,1,-1,-1,14,10,6,-10,-10,0,None
0,8,2,4,22,-4,1,-1,-1,14,10,6,-10,-10,0,None
0,8,2,4,22,-4,1,-1,-1,14,10,6,-11,-10,0,None
0,-20,-11,0,40,9,-3,-5,-6,14,10,6,-11,-10,0,None
0,25,-1,-4,0,12,-3,-2,-3,14,10,6,-11,-10,0,None
0,-12,-3,-4,-30,-15,-7,-5,-4,14,10,6,-11,-10,0,None
0,-2,3,-7,8,32,10,6,4,14,10,6,-11,-10,0,None
0,-2,3,-7,8,32,10,6,4,14,10,6,-11,-10,0,None
0,-2,3,-7,8,32,10,6,4,14,10,6,-11,-9,0,None
0,-1,11,5,25,5,3,0,1,14,10,6,-11,-9,0,None
0,-15,-6,-4,-41,-26,-1,2,0,14,10,6,-11,-9,0,None
0,12,-4,-5,47,18,-11,-10,-3,14,10,6,-11,-9,0,None
0,-42,-2,4,28,-4,-6,-7,-8,14,10,6,-11,-9,0,None
0,-42,-2,4,28,-4,-6,-7,-8,14,10,6,-11,-9,0,None
0,-42,-2,4,28,-4,-6,-7,-8,14,10,6,-11,-9,0,None
0,0,-6,-12,-58,-23,-2,1,-3,14,10,6,-11,-9,0,None
0,2,3,3,42,37,8,3,3,14,10,6,-11,-9,0,None
0,3,1,-2,-11,3,-5,-1,0,14,10,6,-11,-9,0,None
0,8,4,-3,4,-4,5,2,1,14,10,6,-11,-9,0,None
0,8,4,-3,4,-4,5,2,1,14,10,6,-11,-9,0,None
0,8,4,-3,4,-4,5,2,1,14,10,6,-11,-9,0,None
0,-2,-3,7,-24,43,-9,-5,-4,14,10,6,-11,-9,0,None
0,-10,4,2,53,22,6,2,0,14,10,6,-11,-9,0,None
0,-8,2,-2,-33,22,-5,-5,-4,14,10,6,-11,-9,0,None
0,10,25,4,-5,-17,-8,-4,-2,14,10,6,-11,-9,0,None
0,10,25,4,-5,-17,-8,-4,-2,14,10,6,-11,-9,0,None
0,10,25,4,-5,-17,-8,-4,-2,14,10,6,-11,-9,0,None
0,-3,-16,0,19,-21,1,-2,-1,14,10,6,-11,-9,0,None
0,5,3,-5,-29,-11,-4,-3,0,14,10,6,-11,-9,0,None
0,-6,-5,5,24,47,11,2,2,14,10,6,-11,-9,0,None
0,8,4,-1,-20,-9,0,-3,-2,14,10,6,-11,-9,0,None
0,8,4,-1,-20,-9,0,-3,-2,14,10,6,-11,-9,0,None
0,8,4,-1,-20,-9,0,-3,-2,14,10,6,-10,-9,0,None
0,6,5,6,35,18,1,0,-1,14,10,6,-10,-9,0,None
0,-6,2,-12,-30,-13,0,0,-1,14,10,6,-10,-9,0,None
0,-4,-1,-13,20,-18,-5,-1,-3,14,10,6,-10,-9,0,None
0,-4,-8,3,-10,7,-2,-2,-2,14,10,6,-10,-9,0,None
0,-4,-8,3,-10,7,-2,-2,-2,14,10,6,-10,-9,0,None
0,-4,-8,3,-10,7,-2,-2,-2,14,10,6,-10,-9,0,None
0,0,6,-8,5,-13,-5,-2,0,14,10,6,-10,-9,0,None
0,-5,-3,1,6,12,-7,-1,-2,14,10,6,-10,-9,0,None
0,-5,3,0,-11,-10,15,2,-2,14,10,6,-10,-9,0,None
0,6,-5,-7,7,16,1,-1,1,14,10,6,-10,-9,0,None
0,6,-5,-7,7,16,1,-1,1,14,10,6,-10,-9,0,None
0,6,-5,-7,7,16,1,-1,1,14,10,6,-9,-9,0,None
0,0,-1,3,13,-9,1,-1,-1,14,10,6,-9,-9,0,None
0,0,5,-1,-14,10,-16,-3,-3,14,10,6,-9,-9,0,None
0,-4,0,4,7,-14,-45,-12,-5,14,10,6,-9,-9,0,None
0,3,1,-5,-23,20,67,22,7,14,10,6,-9,-9,0,None
0,3,1,-5,-23,20,67,22,7,14,10,6,-9,-9,0,None
0,3,1,-5,-23,20,67,22,7,14,10,6,-9,-9,0,None
0,-3,-4,-11,31,4,-21,-6,-3,14,10,6,-9,-9,0,None
0,-4,0,0,-3,37,32,1,-1,14,10,6,-9,-9,0,None
0,-5,-2,0,-8,-28,-15,-7,-4,14,10,6,-9,-9,0,None
0,-1,-6,-4,5,-6,-20,-7,-4,14,10,6,-9,-9,0,None
0,-1,-6,-4,5,-6,-20,-7,-4,14,10,6,-9,-9,0,None
0,-1,-6,-4,5,-6,-20,-7,-4,14,10,6,-8,-9,0,None
0,1,3,-11,-31,-16,-4,-1,0,14,10,6,-8,-9,0,None
0,-1,0,0,-18,2,-15,-6,-4,14,10,6,-8,-9,0,None
0,-2,1,3,18,7,14,4,1,14,10,6,-8,-9,0,None
0,0,1,-5,-10,-14,-18,-8,-3,14,10,6,-8,-9,0,None
0,0,1,-5,-10,-14,-18,-8,-3,14,10,6,-8,-9,0,None
0,0,1,-5,-10,-14,-18,-8,-3,14,10,6,-7,-9,0,None
0,2,3,-4,2,15,20,3,0,14,10,6,-7,-9,0,None
0,-4,-5,-4,0,-5,-19,-7,-1,14,10,6,-7,-9,0,None
0,0,1,-8,3,5,14,8,0,14,10,6,-7,-9,0,None
0,-2,8,7,-6,4,-6,-2,-2,14,10,6,-7,-9,0,None
0,-2,8,7,-6,4,-6,-2,-2,14,10,6,-7,-9,0,None
0,-2,8,7,-6,4,-6,-2,-2,14,10,6,-6,-10,0,None
0,-1,-6,3,4,-7,-12,-7,-2,14,10,6,-6,-10,0,None
0,-2,-3,-25,2,1,-8,-3,-2,14,10,6,-6,-10,0,None
0,1,6,10,17,-5,-21,-3,0,14,10,6,-6,-10,0,None
0,3,1,12,5,8,10,2,-1,14,10,6,-6,-10,0,None
0,3,1,12,5,8,10,2,-1,14,10,6,-6,-10,0,None
0,3,1,12,5,8,10,2,-1,14,10,6,-6,-10,0,None
0,2,20,18,13,3,12,2,-1,14,10,6,-6,-10,0,None
0,-6,-25,-14,-18,-5,7,3,-1,14,10,6,-6,-10,0,None
0,1,8,-21,2,2,-9,-4,-1,14,10,6,-6,-10,0,None
0,-2,-14,-5,-1,-4,-8,-4,-3,14,10,6,-6,-10,0,None
0,-2,-14,-5,-1,-4,-8,-4,-3,14,10,6,-6,-10,0,None
0,-2,-14,-5,-1,-4,-8,-4,-3,14,10,6,-7,-10,0,None
0,-1,1,0,0,7,3,-2,0,14,10,6,-7,-10,0,None
0,2,11,27,-5,-20,-7,-1,0,14,10,6,-7,-10,0,None
0,-4,-7,-15,6,5,18,0,-2,14,10,6,-7,-10,0,None
0,-2,6,-5,-5,-2,-18,-5,-3,14,10,6,-7,-10,0,None
0,-2,6,-5,-5,-2,-18,-5,-3,14,10,6,-7,-10,0,None
0,-2,6,-5,-5,-2,-18,-5,-3,14,10,6,-7,-10,0,None
0,0,7,2,1,7,12,3,1,14,10,6,-7,-10,0,None
0,2,-2,13,5,3,13,2,0,14,10,6,-7,-10,0,None
0,-1,8,13,-20,-2,2,-3,0,14,10,6,-7,-10,0,None
0,0,12,10,6,-5,-4,-1,-2,14,10,6,-7,-10,0,None
0,0,12,10,6,-5,-4,-1,-2,14,10,6,-7,-10,0,None
0,0,12,10,6,-5,-4,-1,-2,14,10,6,-6,-10,0,None
0,-6,-30,1,-16,-7,-14,-4,-6,14,10,6,-6,-10,0,None
0,-4,0,-46,7,5,0,0,0,14,10,6,-6,-10,0,None
0,0,8,1,9,1,11,0,-1,14,10,6,-6,-10,0,None
0,-1,-7,29,6,-1,-7,-3,-1,14,10,6,-6,-10,0,None
0,-1,-7,29,6,-1,-7,-3,-1,14,10,6,-6,-10,0,None
0,-1,-7,29,6,-1,-7,-3,-1,14,10,6,-6,-10,-1,None
0,1,17,-15,37,-3,-6,-2,-1,14,10,6,-6,-10,-1,None
0,0,6,20,8,2,-2,-1,-2,14,10,6,-6,-10,-1,None
0,-6,-21,-31,-7,-1,2,-2,-3,14,10,6,-6,-10,-1,None
0,1,10,5,13,-2,-5,-5,-2,14,10,6,-6,-10,-1,None
0,1,10,5,13,-2,-5,-5,-2,15,10,6,-6,-10,-1,None
0,1,10,5,13,-2,-5,-5,-2,15,10,6,-7,-11,-2,None
0,1,-1,-9,-36,-9,-4,0,-2,15,10,6,-7,-11,-2,None
0,0,12,-2,14,4,5,-3,-2,15,10,6,-7,-11,-2,None
0,3,10,16,28,6,3,2,2,15,10,6,-7,-11,-2,None
0,-5,-21,-11,0,-3,-8,-4,-4,15,10,6,-7,-11,-2,None
0,-5,-21,-11,0,-3,-8,-4,-4,15,10,6,-7,-11,-2,None
0,-5,-21,-11,0,-3,-8,-4,-4,15,10,6,-7,-13,-3,None
0,2,4,-30,15,6,3,0,1,15,10,6,-7,-13,-3,None
0,-1,20,63,-19,-5,-19,-6,-5,15,10,6,-7,-13,-3,None
0,-3,-32,-35,2,-4,16,0,0,15,10,6,-7,-13,-3,None
0,-1,2,-15,-5,7,20,3,1,15,10,6,-7,-13,-3,None
0,-1,2,-15,-5,7,20,3,1,15,10,6,-7,-13,-3,None
0,-1,2,-15,-5,7,20,3,1,15,10,6,-7,-12,-4,None
0,0,1,16,5,4,-2,-1,1,15,10,6,-7,-12,-4,None
0,-1,0,-43,-10,1,0,1,-1,15,10,6,-7,-12,-4,None
0,-1,17,56,-16,2,-9,-1,-3,15,10,6,-7,-12,-4,None
0,-3,-15,-14,-67,-12,-10,-7,-4,15,10,6,-7,-12,-4,None
0,-3,-15,-14,-67,-12,-10,-7,-4,15,11,6,-7,-12,-4,None
0,-3,-15,-14,-67,-12,-10,-7,-4,15,11,6,-7,-11,-4,None
0,-3,10,23,29,-3,1,-1,-2,15,11,6,-7,-11,-4,None
0,2,2,39,-1,9,6,1,2,15,11,6,-7,-11,-4,None
0,-3,-12,-31,-14,-2,-2,0,-3,15,11,6,-7,-11,-4,None
0,0,4,-73,11,1,-5,-1,-2,15,11,6,-7,-11,-4,None
0,0,4,-73,11,1,-5,-1,-2,16,11,6,-7,-11,-4,None
0,0,4,-73,11,1,-5,-1,-2,16,11,6,-7,-11,-4,None
0,-4,-15,25,-30,1,-2,-3,-3,16,11,6,-7,-11,-4,None
0,-1,-1,-3,8,1,-1,-3,1,16,11,6,-7,-11,-4,None
0,1,8,45,27,6,0,-1,-1,16,11,6,-7,-11,-4,None
0,-3,2,-22,0,-3,-5,-3,-1,16,11,6,-7,-11,-4,None
0,-3,2,-22,0,-3,-5,-3,-1,16,11,6,-7,-11,-4,None
0,-3,2,-22,0,-3,-5,-3,-1,16,11,6,-7,-12,-3,None
0,1,6,-6,-2,4,4,1,0,16,11,6,-7,-12,-3,None
0,-1,-5,-11,24,0,-1,-2,-1,16,11,6,-7,-12,-3,None
0,0,4,39,7,0,3,1,0,16,11,6,-7,-12,-3,None
0,-3,6,25,13,-2,-4,-1,-3,16,11,6,-7,-12,-3,None
0,-3,6,25,13,-2,-4,-1,-3,16,11,6,-7,-12,-3,None
0,-3,6,25,13,-2,-4,-1,-3,16,11,6,-6,-13,-3,None
0,-1,-4,-5,-3,1,-5,-6,-3,16,11,6,-6,-13,-3,None
0,-3,-2,-19,-13,-6,-1,2,-4,16,11,6,-6,-13,-3,None
0,-2,4,-24,-4,-4,-6,-3,-2,16,11,6,-6,-13,-3,None
0,-2,-2,17,4,5,0,-4,0,16,11,6,-6,-13,-3,None
0,-2,-2,17,4,5,0,-4,0,16,12,6,-6,-13,-3,None
0,-2,-2,17,4,5,0,-4,0,16,12,6,-5,-14,-3,None
0,-2,-2,-16,23,1,-2,1,1,16,12,6,-5,-14,-3,None
0,2,6,-2,-19,3,4,2,-2,16,12,6,-5,-14,-3,None
0,-4,-1,6,-4,-2,-6,-4,-2,16,12,6,-5,-14,-3,None
0,-1,-2,-9,9,-4,-3,-1,-3,16,12,6,-5,-14,-3,None
0,-1,-2,-9,9,-4,-3,-1,-3,17,12,6,-5,-14,-3,None
0,-1,-2,-9,9,-4,-3,-1,-3,17,12,6,-5,-14,-3,None
0,-1,0,3,7,4,5,1,0,17,12,6,-5,-14,-3,None
0,1,2,-19,-19,-1,0,-2,-1,17,12,6,-5,-14,-3,None
0,0,-1,-21,-10,-2,-4,-1,-2,17,12,6,-5,-14,-3,None
0,0,3,25,-12,2,2,-1,1,17,12,6,-5,-14,-3,None
0,0,3,25,-12,2,2,-1,1,17,12,6,-5,-14,-3,None
0,0,3,25,-12,2,2,-1,1,17,12,6,-5,-14,-3,None
0,-2,3,-27,28,0,-12,-9,-5,17,12,6,-5,-14,-3,None
0,-1,-1,6,-14,28,13,5,0,17,12,6,-5,-14,-3,None
0,-2,-2,7,19,-17,-5,-2,-1,17,12,6,-5,-14,-3,None
0,0,-1,-56,-5,-3,-8,-3,-1,17,12,6,-5,-14,-3,None
0,0,-1,-56,-5,-3,-8,-3,-1,17,12,6,-5,-14,-3,None
0,0,-1,-56,-5,-3,-8,-3,-1,17,12,6,-3,-14,-3,None
0,-2,0,0,-28,-16,-8,-5,0,17,12,6,-3,-14,-3,None
0,-1,-2,-16,26,5,-4,-3,0,17,12,6,-3,-14,-3,None
0,-5,1,10,19,11,0,-2,-7,17,12,6,-3,-14,-3,None
0,1,4,4,6,-3,2,-1,0,17,12,6,-3,-14,-3,None
0,1,4,4,6,-3,2,-1,0,0,12,6,-3,-14,-3,None
0,1,4,4,6,-3,2,-1,0,0,12,6,-2,-14,-3,None
0,-3,-5,-5,29,-17,-3,-1,-3,0,12,6,-2,-14,-3,None
0,-3,-3,-19,-28,58,-5,-6,-2,0,12,6,-2,-14,-3,None
0,2,6,-3,-82,-53,1,1,2,0,12,6,-2,-14,-3,None
0,-1,1,7,-5,-25,-1,-4,0,0,12,6,-2,-14,-3,None
0,-1,1,7,-5,-25,-1,-4,0,0,13,6,-2,-14,-3,None
0,-1,1,7,-5,-25,-1,-4,0,0,13,6,-2,-15,-3,None
0,-1,-1,3,6,-20,-6,-6,-2,0,13,6,-2,-15,-3,None
0,0,2,16,42,-5,-1,-4,3,0,13,6,-2,-15,-3,None
0,0,1,-21,-55,0,1,6,-2,0,13,6,-2,-15,-3,None
0,-1,-2,-4,39,28,1,0,-2,0,13,6,-2,-15,-3,None
0,-1,-2,-4,39,28,1,0,-2,0,13,6,-2,-15,-3,None
0,-1,-2,-4,39,28,1,0,-2,0,13,6,-1,-16,-3,None
0,-3,-3,1,-121,11,-1,-4,-3,0,13,6,-1,-16,-3,None
0,-6,-5,-13,-38,-53,-6,-3,-8,0,13,6,-1,-16,-3,None
0,-1,2,-7,35,17,-3,-7,-2,0,13,6,-1,-16,-3,None
0,-3,0,5,17,88,2,1,-2,0,13,6,-1,-16,-3,None
0,-3,0,5,17,88,2,1,-2,0,13,6,-1,-16,-3,None
0,-3,0,5,17,88,2,1,-2,0,13,6,0,-16,-3,None
0,4,6,14,45,-74,5,6,2,0,13,6,0,-16,-3,None
0,-2,-3,5,64,28,-10,-5,-4,0,13,6,0,-16,-3,None
0,-1,0,-7,33,63,-1,-5,-3,0,13,6,0,-16,-3,None
0,-1,-3,10,-73,-25,-5,3,-2,0,13,6,0,-16,-3,None
0,-1,-3,10,-73,-25,-5,3,-2,1,13,6,0,-16,-3,None
0,-1,-3,10,-73,-25,-5,3,-2,1,13,6,0,-16,-3,None
0,1,1,2,-55,8,0,-1,1,1,13,6,0,-16,-3,None
0,-1,-2,-6,2,-41,-1,-7,1,1,13,6,0,-16,-3,None
0,1,2,-3,-1,-23,3,7,0,1,13,6,0,-16,-3,None
0,1,3,-4,4,16,-4,0,2,1,13,6,0,-16,-3,None
0,1,3,-4,4,16,-4,0,2,1,13,6,0,-16,-3,None
0,1,3,-4,4,16,-4,0,2,1,13,6,1,-15,-3,None
0,-5,-4,-3,7,33,-8,0,-7,1,13,6,1,-15,-3,None
0,-2,-3,-4,-66,-39,5,1,-2,1,13,6,1,-15,-3,None
0,2,-5,-20,-61,19,-9,-7,-6,1,13,6,1,-15,-3,None
0,-2,2,14,82,22,7,-2,-2,1,13,6,1,-15,-3,None
0,-2,2,14,82,22,7,-2,-2,1,13,6,1,-15,-3,None
0,-2,2,14,82,22,7,-2,-2,1,13,6,3,-15,-3,None
0,-2,-2,-10,-8,-26,-10,-3,-1,1,13,6,3,-15,-3,None
0,0,3,4,55,25,5,7,-1,1,13,6,3,-15,-3,None
0,-2,-2,-21,4,26,-5,-3,2,1,13,6,3,-15,-3,None
0,-4,-4,-1,-54,-101,-3,-6,-5,1,13,6,3,-15,-3,None
0,-4,-4,-1,-54,-101,-3,-6,-5,1,13,6,3,-15,-3,None
0,-4,-4,-1,-54,-101,-3,-6,-5,1,13,6,4,-16,-3,None
0,-1,3,-2,11,26,2,1,-4,1,13,6,4,-16,-3,None
0,-1,1,0,-13,-22,0,-2,-2,1,13,6,4,-16,-3,None
0,-2,3,13,52,54,10,1,5,1,13,6,4,-16,-3,None
0,0,-1,1,41,2,-15,-2,3,1,13,6,4,-16,-3,None
0,0,-1,1,41,2,-15,-2,3,1,14,6,4,-16,-3,None
0,0,-1,1,41,2,-15,-2,3,1,14,6,5,-16,-4,None
0,-4,-4,2,71,14,4,0,-4,1,14,6,5,-16,-4,None
0,-1,-1,1,-100,-84,-7,-3,-1,1,14,6,5,-16,-4,None
0,-1,-3,4,0,1,4,2,-4,1,14,6,5,-16,-4,None
0,1,4,15,71,-18,-1,-2,2,1,14,6,5,-16,-4,None
0,1,4,15,71,-18,-1,-2,2,1,14,6,5,-16,-4,None
0,1,4,15,71,-18,-1,-2,2,1,14,6,6,-15,-3,None
0,0,-1,-1,-52,65,8,2,1,1,14,6,6,-15,-3,None
0,2,4,-2,35,-44,-6,-1,-1,1,14,6,6,-15,-3,None
0,-1,1,-2,87,47,3,2,0,1,14,6,6,-15,-3,None
0,-5,-5,-18,-33,-67,-4,-9,-4,1,14,6,6,-15,-3,None
0,-5,-5,-18,-33,-67,-4,-9,-4,1,14,6,6,-15,-3,None
0,-5,-5,-18,-33,-67,-4,-9,-4,1,14,6,7,-14,-3,None
0,0,1,-9,-38,22,6,6,2,1,14,6,7,-14,-3,None
0,3,8,-6,-31,51,1,1,3,1,14,6,7,-14,-3,None
0,-5,-4,-11,-56,-64,-6,-7,-4,1,14,6,7,-14,-3,None
0,3,4,3,17,99,8,1,2,1,14,6,7,-14,-3,None
0,3,4,3,17,99,8,1,2,2,14,6,7,-14,-3,None
0,3,4,3,17,99,8,1,2,2,14,6,7,-13,-3,None
0,-2,-6,-23,-4,-70,-13,-8,-4,2,14,6,7,-13,-3,None
0,1,-1,0,30,40,-4,-12,0,2,14,6,7,-13,-3,None
0,0,5,0,16,-24,3,10,3,2,14,6,7,-13,-3,None
0,-1,0,-15,23,24,0,2,-6,2,14,6,7,-13,-3,None
0,-1,0,-15,23,24,0,2,-6,2,14,6,7,-13,-3,None
0,-1,0,-15,23,24,0,2,-6,2,14,6,7,-13,-3,None
0,-2,2,-12,-26,-35,1,-2,1,2,14,6,7,-13,-3,None
0,-1,-2,0,50,20,-3,-1,-3,2,14,6,7,-13,-3,None
0,-2,-6,-10,-66,-14,-3,-4,-1,2,14,6,7,-13,-3,None
0,0,2,0,-30,-25,4,5,0,2,14,6,7,-13,-3,None
0,0,2,0,-30,-25,4,5,0,2,14,7,7,-13,-3,None
0,0,2,0,-30,-25,4,5,0,2,14,7,8,-13,-3,None
0,-1,15,5,29,39,1,0,-2,2,14,7,8,-13,-3,None
0,-6,-17,4,35,-38,-4,1,-3,2,14,7,8,-13,-3,None
0,-8,-7,2,-10,-88,-5,-7,-6,2,14,7,8,-13,-3,None
0,4,16,2,0,77,0,-1,-2,2,14,7,8,-13,-3,None
0,4,16,2,0,77,0,-1,-2,2,14,7,8,-13,-3,None
0,4,16,2,0,77,0,-1,-2,2,14,7,8,-13,-3,None
0,0,20,5,51,30,4,-2,-1,2,14,7,8,-13,-3,None
0,-7,-35,-10,-73,20,0,1,-4,2,14,7,8,-13,-3,None
0,2,5,7,70,40,1,-4,2,2,14,7,8,-13,-3,None
0,-9,-8,-13,-60,-53,-6,1,-5,2,14,7,8,-13,-3,None
0,-9,-8,-13,-60,-53,-6,1,-5,2,14,7,8,-13,-3,None
0,-9,-8,-13,-60,-53,-6,1,-5,2,14,7,8,-12,-3,None
0,0,2,9,56,-10,-2,-2,-1,2,14,7,8,-12,-3,None
0,-1,10,-9,12,21,-1,-3,-3,2,14,7,8,-12,-3,None
0,-2,3,-5,-10,-31,-4,-4,-3,2,14,7,8,-12,-3,None
0,-2,6,-4,18,16,1,-4,-2,2,14,7,8,-12,-3,None
0,-2,6,-4,18,16,1,-4,-2,2,14,7,8,-12,-3,None
0,-2,6,-4,18,16,1,-4,-2,2,14,7,8,-12,-2,None
0,-6,-47,-19,-87,-10,-4,-3,-1,2,14,7,8,-12,-2,None
0,-2,10,-1,41,9,-1,-3,0,2,14,7,8,-12,-2,None
0,8,-3,3,-29,3,0,4,8,2,14,7,8,-12,-2,None
0,-29,-39,-1,17,17,0,-4,-8,2,14,7,8,-12,-2,None
0,-29,-39,-1,17,17,0,-4,-8,2,14,7,8,-12,-2,None
0,-29,-39,-1,17,17,0,-4,-8,2,14,7,9,-12,-2,None
0,13,0,1,34,7,2,-2,-1,2,14,7,9,-12,-2,None
0,4,12,-4,-5,20,2,-2,0,2,14,7,9,-12,-2,None
0,-1,3,-6,16,11,0,-2,-3,2,14,7,9,-12,-2,None
0,-1,6,2,10,-13,-1,1,2,2,14,7,9,-12,-2,None
0,-1,6,2,10,-13,-1,1,2,2,14,7,9,-12,-2,None
0,-1,6,2,10,-13,-1,1,2,2,14,7,8,-13,-2,None
0,-6,6,-2,-1,18,-2,-2,0,2,14,7,8,-13,-2,None
0,-2,-3,2,27,14,1,1,-5,2,14,7,8,-13,-2,None
0,0,5,-7,33,16,-5,-4,-4,2,14,7,8,-13,-2,None
0,4,4,-2,-27,-17,-2,-1,0,2,14,7,8,-13,-2,None
0,4,4,-2,-27,-17,-2,-1,0,2,14,7,8,-13,-2,None
0,4,4,-2,-27,-17,-2,-1,0,2,14,7,9,-13,-2,None
0,1,1,-1,-5,-1,1,0,-1,2,14,7,9,-13,-2,None
0,1,12,2,15,-6,-1,1,2,2,14,7,9,-13,-2,None
0,-6,1,-1,-3,11,0,-2,-5,2,14,7,9,-13,-2,None
0,6,2,10,29,16,0,-1,1,2,14,7,9,-13,-2,None
0,6,2,10,29,16,0,-1,1,2,14,7,9,-13,-2,None
0,6,2,10,29,16,0,-1,1,2,14,7,8,-13,-2,None
0,-2,-1,-23,-37,-32,-6,-1,-1,2,14,7,8,-13,-2,None
0,-5,4,10,18,4,4,0,-2,2,14,7,8,-13,-2,None
0,2,2,5,13,19,1,3,-2,2,14,7,8,-13,-2,None
0,2,-2,0,-49,-13,-3,-2,0,2,14,7,8,-13,-2,None
0,2,-2,0,-49,-13,-3,-2,0,2,14,7,8,-13,-2,None
0,2,-2,0,-49,-13,-3,-2,0,2,14,7,8,-12,-1,None
0,-4,12,4,16,4,2,1,-1,2,14,7,8,-12,-1,None
0,5,3,-4,1,-8,-2,-1,-2,2,14,7,8,-12,-1,None
0,-2,-1,-9,-48,-17,-1,-3,-2,2,14,7,8,-12,-1,None
0,5,5,16,25,20,5,2,1,2,14,7,8,-12,-1,None
0,5,5,16,25,20,5,2,1,2,14,7,8,-12,-1,None
0,5,5,16,25,20,5,2,1,2,14,7,8,-12,-1,None
0,-6,8,-3,-26,-2,-4,-3,-2,2,14,7,8,-12,-1,None
0,-6,-3,-24,-38,-20,-4,-5,-5,2,14,7,8,-12,-1,None
0,5,14,2,2,-1,1,-1,-1,2,14,7,8,-12,-1,None
0,0,1,6,36,-14,3,1,1,2,14,7,8,-12,-1,None
0,0,1,6,36,-14,3,1,1,2,14,7,8,-12,-1,None
0,0,1,6,36,-14,3,1,1,2,14,7,8,-12,-1,None
0,-2,5,5,80,33,2,-2,-1,2,14,7,8,-12,-1,None
0,-1,1,0,-37,6,2,3,0,2,14,7,8,-12,-1,None
0,-3,1,1,-59,-4,-6,-4,-1,2,14,7,8,-12,-1,None
0,4,7,-12,9,-13,-2,-3,-1,2,14,7,8,-12,-1,None
0,4,7,-12,9,-13,-2,-3,-1,2,14,7,8,-12,-1,None
0,4,7,-12,9,-13,-2,-3,-1,2,14,7,8,-12,-2,None
0,-9,-1,0,-8,-5,-4,-1,-4,2,14,7,8,-12,-2,None
0,2,3,2,33,10,-1,-4,-1,2,14,7,8,-12,-2,None
0,-1,-2,-4,26,3,3,1,0,2,14,7,8,-12,-2,None
0,0,-1,-8,-26,3,-4,-3,-3,2,14,7,8,-12,-2,None
0,0,-1,-8,-26,3,-4,-3,-3,2,14,7,8,-12,-2,None
0,0,-1,-8,-26,3,-4,-3,-3,2,14,7,8,-11,-2,None
0,-1,-9,-1,-41,-14,0,1,0,2,14,7,8,-11,-2,None
0,-1,3,3,29,6,-3,-4,-1,2,14,7,8,-11,-2,None
0,0,16,1,4,-2,-1,-2,-1,2,14,7,8,-11,-2,None
0,-2,-30,-11,-20,-14,-6,-2,-3,2,14,7,8,-11,-2,None
0,-2,-30,-11,-20,-14,-6,-2,-3,2,14,7,8,-11,-2,None
0,-2,-30,-11,-20,-14,-6,-2,-3,2,14,7,8,-11,-2,None
0,5,12,6,14,23,2,-1,-2,2,14,7,8,-11,-2,None
0,-7,-28,4,11,-4,-1,-2,-2,2,14,7,8,-11,-2,None
0,-3,-3,-15,-31,-12,-1,-1,-2,2,14,7,8,-11,-2,None
0,1,12,-5,-28,-10,-2,0,1,2,14,7,8,-11,-2,None
0,1,12,-5,-28,-10,-2,0,1,2,14,7,8,-11,-2,None
0,1,12,-5,-28,-10,-2,0,1,2,14,7,8,-11,-2,None
0,-1,-6,0,4,3,0,-1,0,2,14,7,8,-11,-2,None
0,1,1,-1,-3,-5,-2,-2,-1,2,14,7,8,-11,-2,None
0,-5,6,-4,0,-7,-3,-4,-2,2,14,7,8,-11,-2,None
0,-4,-21,10,21,16,3,3,1,2,14,7,8,-11,-2,None
0,-4,-21,10,21,16,3,3,1,2,14,7,8,-11,-2,None
0,-4,-21,10,21,16,3,3,1,2,14,7,8,-11,-2,None
0,0,-7,-3,-2,-18,-3,-2,-3,2,14,7,8,-11,-2,None
0,-2,7,-2,1,18,1,1,-2,2,14,7,8,-11,-2,None
0,2,-10,1,27,9,0,-2,-2,2,14,7,8,-11,-2,None
0,0,16,-11,-14,-9,-1,-2,-1,2,14,7,8,-11,-2,None
0,0,16,-11,-14,-9,-1,-2,-1,2,14,7,8,-11,-2,None
0,0,16,-11,-14,-9,-1,-2,-1,2,14,7,8,-11,-2,None
0,1,-2,-1,2,-8,0,-1,-1,2,14,7,8,-11,-2,None
0,-4,0,1,-5,-12,-2,1,0,2,14,7,8,-11,-2,None
0,-3,-2,-3,14,4,0,-1,-2,2,14,7,8,-11,-2,None
0,0,3,-3,7,-8,-5,-7,0,2,14,7,8,-11,-2,None
0,0,3,-3,7,-8,-5,-7,0,2,14,7,8,-11,-2,None
0,0,3,-3,7,-8,-5,-7,0,2,14,7,8,-11,-2,None
0,0,1,3,-49,-4,2,2,-5,2,14,7,8,-11,-2,None
0,-3,13,-1,-6,4,-5,-3,-5,2,14,7,8,-11,-2,None
0,1,17,1,21,21,2,-2,-2,2,14,7,8,-11,-2,None
0,-2,-6,1,-10,-8,0,-1,-1,2,14,7,8,-11,-2,None
0,-2,-6,1,-10,-8,0,-1,-1,2,14,7,8,-11,-2,None
0,-2,-6,1,-10,-8,0,-1,-1,2,14,7,8,-11,-2,None
0,-1,-7,5,26,-3,-2,-3,1,2,14,7,8,-11,-2,None
0,0,8,-4,-2,4,1,1,0,2,14,7,8,-11,-2,None
0,-1,-1,-2,-11,-9,-2,0,-1,2,14,7,8,-11,-2,None
0,-2,5,2,10,2,-1,-3,-2,2,14,7,8,-11,-2,None
0,-2,5,2,10,2,-1,-3,-2,2,14,7,8,-11,-2,None
0,-2,5,2,10,2,-1,-3,-2,2,14,7,8,-11,-2,None
0,-2,8,-5,18,8,-1,-1,-2,2,14,7,8,-11,-2,None
0,1,-2,-3,-16,-6,-1,-1,-1,2,14,7,8,-11,-2,None
0,-1,-11,-1,10,-1,-1,-2,-1,2,14,7,8,-11,-2,None
0,0,4,-5,-8,2,-1,0,-1,2,14,7,8,-11,-2,None
0,0,4,-5,-8,2,-1,0,-1,2,14,7,8,-11,-2,None
0,0,4,-5,-8,2,-1,0,-1,2,14,7,8,-12,-2,None
0,-2,-3,-4,2,4,-1,-1,-1,2,14,7,8,-12,-2,None
0,1,4,0,-2,-2,-1,-2,-1,2,14,7,8,-12,-2,None
0,1,6,0,-45,-4,1,1,-1,2,14,7,8,-12,-2,None
0,-6,-16,-1,-2,11,1,-2,-4,2,14,7,8,-12,-2,None
0,-6,-16,-1,-2,11,1,-2,-4,2,14,7,8,-12,-2,None
0,-6,-16,-1,-2,11,1,-2,-4,2,14,7,8,-11,-2,None
0,-1,2,-5,9,-6,-1,1,-2,2,14,7,8,-11,-2,None
0,1,-1,0,-8,15,1,-3,-1,2,14,7,8,-11,-2,None
0,1,-1,0,-8,15,1,-3,-1,2,14,7,8,-11,-2,None
0,1,-1,0,-8,15,1,-3,-1,2,14,7,8,-12,-2,None
0,0,2,2,26,-1,-1,0,1,2,14,7,8,-12,-2,None
0,0,9,-5,-11,-11,-1,1,0,2,14,7,8,-12,-2,None
0,-2,1,-3,-4,-5,-3,-1,0,2,14,7,8,-12,-2,None
0,-2,-4,-2,3,-1,1,-2,-2,2,14,7,8,-12,-2,None
0,-2,-4,-2,3,-1,1,-2,-2,2,14,7,8,-12,-2,None
0,-2,-4,-2,3,-1,1,-2,-2,2,14,7,8,-12,-2,None
0,-3,-6,-7,1,-3,-2,-1,-2,2,14,7,8,-12,-2,None
0,0,6,-5,-6,-1,-2,-1,-2,2,14,7,8,-12,-2,None
0,-2,-4,1,11,11,-2,-3,-1,2,14,7,8,-12,-2,None
0,0,4,-4,-3,-2,-1,1,-1,2,14,7,8,-12,-2,None
0,0,4,-4,-3,-2,-1,1,-1,2,14,7,8,-12,-2,None
0,0,4,-4,-3,-2,-1,1,-1,2,14,7,8,-11,-2,None
0,-2,-4,0,1,3,-2,-3,-2,2,14,7,8,-11,-2,None
0,0,4,-2,2,0,-2,-2,-1,2,14,7,8,-11,-2,None
0,0,4,1,4,4,-1,-2,0,2,14,7,8,-11,-2,None
0,1,-8,-2,32,3,0,1,-1,2,14,7,8,-11,-2,None
0,1,-8,-2,32,3,0,1,-1,2,14,7,8,-11,-2,None
0,1,-8,-2,32,3,0,1,-1,2,14,7,8,-11,-2,None
0,0,25,-1,-66,-16,-3,1,1,2,14,7,8,-11,-2,None
0,-2,-5,-3,26,15,-3,-6,-3,2,14,7,8,-11,-2,None
0,0,2,-3,-8,-2,0,-2,-1,2,14,7,8,-11,-2,None
0,-1,-5,-4,-4,-5,-2,-2,-2,2,14,7,8,-11,-2,None
0,-1,-5,-4,-4,-5,-2,-2,-2,2,14,7,8,-11,-2,None
0,-1,-5,-4,-4,-5,-2,-2,-2,2,14,7,8,-11,-2,None
0,-2,-3,2,33,4,-1,0,-1,2,14,7,8,-11,-2,None
0,0,8,-3,-13,-6,-1,0,1,2,14,7,8,-11,-2,None
0,-1,1,-3,-8,2,-2,-1,-1,2,14,7,8,-11,-2,None
0,-1,8,-1,0,1,-2,-1,-1,2,14,7,8,-11,-2,None
0,-1,8,-1,0,1,-2,-1,-1,2,14,7,8,-11,-2,None
0,-1,8,-1,0,1,-2,-1,-1,2,14,7,8,-12,-2,None
0,-1,-8,-2,10,1,0,-2,0,2,14,7,8,-12,-2,None
0,-1,2,0,-5,-10,-1,-2,-1,2,14,7,8,-12,-2,None
0,-4,2,-9,-1,13,3,0,-4,2,14,7,8,-12,-2,None
0,-9,-21,-11,-57,-5,0,2,-7,2,14,7,8,-12,-2,None
0,-9,-21,-11,-57,-5,0,2,-7,2,14,7,8,-12,-2,None
0,-9,-21,-11,-57,-5,0,2,-7,2,14,7,8,-12,-2,None
0,1,-33,-1,26,12,-1,-2,-4,2,14,7,8,-12,-2,None
0,-2,-2,-1,-4,-2,-2,-3,-1,2,14,7,8,-12,-2,None
0,1,4,-3,22,3,1,1,1,2,14,7,8,-12,-2,None
0,1,10,0,4,-3,-1,-3,-1,2,14,7,8,-12,-2,None
0,1,10,0,4,-3,-1,-3,-1,2,14,7,8,-12,-2,None
0,1,10,0,4,-3,-1,-3,-1,2,14,7,8,-12,-2,None
0,-4,3,-3,-11,-3,-1,-3,-2,2,14,7,8,-12,-2,None
0,0,3,-4,7,6,1,1,-2,2,14,7,8,-12,-2,None
0,0,-2,4,1,1,-1,-1,-2,2,14,7,8,-12,-2,None
0,1,3,-2,-2,-1,-2,-2,-1,2,14,7,8,-12,-2,None
0,1,3,-2,-2,-1,-2,-2,-1,2,14,7,8,-12,-2,None
0,1,3,-2,-2,-1,-2,-2,-1,2,14,7,8,-11,-2,None
0,-2,-7,-2,8,0,-2,-3,-2,2,14,7,8,-11,-2,None
0,1,9,-1,-8,-2,1,0,0,2,14,7,8,-11,-2,None
0,2,13,-5,-19,7,-1,-2,0,2,14,7,8,-11,-2,None
0,-5,-6,2,-31,-13,-5,-3,-1,2,14,7,8,-11,-2,None
0,-5,-6,2,-31,-13,-5,-3,-1,2,14,7,8,-11,-2,None
0,-5,-6,2,-31,-13,-5,-3,-1,2,14,7,8,-11,-2,None
0,3,3,-6,1,10,1,0,-1,2,14,7,8,-11,-2,None
0,-2,-3,-1,-5,4,-2,-2,-3,2,14,7,8,-11,-2,None
0,1,2,1,-6,-6,-1,0,0,2,14,7,8,-11,-2,None
0,0,6,-2,23,6,0,0,0,2,14,7,8,-11,-2,None
0,0,6,-2,23,6,0,0,0,2,14,7,8,-11,-2,None
0,0,6,-2,23,6,0,0,0,2,14,7,8,-11,-2,None
0,-1,0,-1,0,-2,-1,-2,-2,2,14,7,8,-11,-2,None
0,0,2,0,-8,-7,-3,-3,-2,2,14,7,8,-11,-2,None
0,-2,2,2,22,5,-1,-1,-3,2,14,7,8,-11,-2,None
0,-2,-23,-6,-10,5,-3,-3,-2,2,14,7,8,-11,-2,None
0,-2,-23,-6,-10,5,-3,-3,-2,2,14,7,8,-11,-2,None
0,-2,-23,-6,-10,5,-3,-3,-2,2,14,7,8,-11,-2,None
0,-9,-1,3,3,2,-2,-3,-3,2,14,7,8,-11,-2,None
0,1,21,-3,-2,-5,-3,-3,-3,2,14,7,8,-11,-2,None
0,-3,-11,-3,-28,-9,-2,-3,-1,2,14,7,8,-11,-2,None
0,1,8,-2,8,0,1,-1,0,2,14,7,8,-11,-2,None
0,1,8,-2,8,0,1,-1,0,2,14,7,8,-11,-2,None
0,1,8,-2,8,0,1,-1,0,2,14,7,8,-11,-2,None
0,0,1,0,-8,-5,-2,0,0,2,14,7,8,-11,-2,None
0,-2,-1,-3,-4,4,0,-1,-1,2,14,7,8,-11,-2,None
0,-1,0,-1,9,3,-3,-2,0,2,14,7,8,-11,-2,None
0,-1,7,0,4,1,-1,-2,-1,2,14,7,8,-11,-2,None
0,-1,7,0,4,1,-1,-2,-1,2,14,7,8,-11,-2,None
0,-1,7,0,4,1,-1,-2,-1,2,14,7,8,-11,-2,None
0,0,1,-4,0,2,-1,-3,0,2,14,7,8,-11,-2,None
0,-4,-6,-1,13,4,0,0,-2,2,14,7,8,-11,-2,None
0,8,-4,3,-14,2,0,-2,-2,2,14,7,8,-11,-2,None
0,-1,11,-8,-1,5,-3,-4,-3,2,14,7,8,-11,-2,None
0,-1,11,-8,-1,5,-3,-4,-3,2,14,7,8,-11,-2,None
0,-1,11,-8,-1,5,-3,-4,-3,2,14,7,8,-12,-2,None
0,-4,-7,11,22,2,-1,-3,-2,2,14,7,8,-12,-2,None
0,-2,-4,5,2,4,1,0,-1,2,14,7,8,-12,-2,None
0,-4,8,-2,-1,-6,-1,-2,0,2,14,7,8,-12,-2,None
0,1,-9,-3,6,-2,1,0,1,2,14,7,8,-12,-2,None
0,1,-9,-3,6,-2,1,0,1,2,14,7,8,-12,-2,None
0,1,-9,-3,6,-2,1,0,1,2,14,7,8,-12,-2,None
0,1,4,-7,-6,-1,-1,-2,-2,2,14,7,8,-12,-2,None
0,-2,-6,0,-4,-3,-1,1,-3,2,14,7,8,-12,-2,None
0,-5,20,-2,10,2,-4,-2,-3,2,14,7,8,-12,-2,None
0,-9,-5,-2,12,1,0,1,0,2,14,7,8,-12,-2,None
0,-9,-5,-2,12,1,0,1,0,2,14,7,8,-12,-2,None
0,-9,-5,-2,12,1,0,1,0,2,14,7,8,-12,-2,None
0,-13,-3,-8,-12,-5,-3,-3,-6,2,14,7,8,-12,-2,None
0,1,-7,0,1,-6,0,-2,-2,2,14,7,8,-12,-2,None
0,-7,-4,-5,13,9,-3,-2,0,2,14,7,8,-12,-2,None
0,-6,6,-1,2,-1,-2,-2,-4,2,14,7,8,-12,-2,None
0,-6,6,-1,2,-1,-2,-2,-4,2,14,7,8,-12,-2,None
0,-6,6,-1,2,-1,-2,-2,-4,2,14,7,8,-12,-2,None
0,1,-2,-4,-2,0,1,0,-1,2,14,7,8,-12,-2,None
0,0,1,-6,-4,-3,-1,-3,-1,2,14,7,8,-12,-2,None
0,-3,-8,0,4,1,3,1,-1,2,14,7,8,-12,-2,None
0,8,3,4,1,-2,0,2,0,2,14,7,8,-12,-2,None
0,8,3,4,1,-2,0,2,0,2,14,7,8,-12,-2,None
0,8,3,4,1,-2,0,2,0,2,14,7,8,-12,-2,None
0,2,1,-7,5,0,-2,-1,1,2,14,7,8,-12,-2,None
0,2,4,-4,-1,0,2,-1,0,2,14,7,8,-12,-2,None
0,3,-14,-7,-34,0,-3,-3,0,2,14,7,8,-12,-2,None
0,-2,4,2,3,5,0,-4,-3,2,14,7,8,-12,-2,None
0,-2,4,2,3,5,0,-4,-3,2,14,7,8,-12,-2,None
0,-2,4,2,3,5,0,-4,-3,2,14,7,8,-12,-2,None
0,-1,3,-2,-9,4,-1,-1,-3,2,14,7,8,-12,-2,None
0,-7,1,-4,-1,5,-1,-2,-1,2,14,7,8,-12,-2,None
0,0,-5,0,2,-7,-2,-2,-1,2,14,7,8,-12,-2,None
0,1,4,-3,-4,-3,-1,0,-1,2,14,7,8,-12,-2,None
0,1,4,-3,-4,-3,-1,0,-1,2,14,7,8,-12,-2,None
0,1,4,-3,-4,-3,-1,0,-1,2,14,7,8,-11,-2,None
0,0,18,-3,-2,2,0,-1,0,2,14,7,8,-11,-2,None
0,1,-13,-3,11,-2,-3,-2,-1,2,14,7,8,-11,-2,None
0,0,15,3,-26,1,-3,-2,-2,2,14,7,8,-11,-2,None
0,1,-7,-5,-14,-19,-3,-1,-2,2,14,7,8,-11,-2,None
0,1,-7,-5,-14,-19,-3,-1,-2,2,14,7,8,-11,-2,None
0,1,-7,-5,-14,-19,-3,-1,-2,2,14,7,8,-11,-2,None
0,-2,7,-3,-12,-2,1,-1,0,2,14,7,8,-11,-2,None
0,2,0,-1,-3,5,-2,-1,-2,2,14,7,8,-11,-2,None
0,-2,16,2,10,-5,0,-1,-1,2,14,7,8,-11,-2,None
0,-3,-29,-8,7,5,2,2,1,2,14,7,8,-11,-2,None
0,-3,-29,-8,7,5,2,2,1,2,14,7,8,-11,-2,None
0,-3,-29,-8,7,5,2,2,1,2,14,7,8,-11,-2,None
0,1,-7,0,0,-2,0,0,-4,2,14,7,8,-11,-2,None
0,0,6,-7,-42,-2,-1,-1,0,2,14,7,8,-11,-2,None
0,-2,-7,1,7,-2,-1,-2,-2,2,14,7,8,-11,-2,None
0,1,12,3,-1,7,-3,-5,-3,2,14,7,8,-11,-2,None
0,1,12,3,-1,7,-3,-5,-3,2,14,7,8,-11,-2,None
0,1,12,3,-1,7,-3,-5,-3,2,14,7,8,-12,-2,None
0,0,-6,-2,13,5,-1,-2,-2,2,14,7,8,-12,-2,None
0,-3,-2,0,9,0,-1,0,-1,2,14,7,8,-12,-2,None
0,-1,-2,-4,10,1,-1,-1,-4,2,14,7,8,-12,-2,None
0,0,6,-1,-7,-2,-5,-3,-2,2,14,7,8,-12,-2,None
0,0,6,-1,-7,-2,-5,-3,-2,2,14,7,8,-12,-2,None
0,0,6,-1,-7,-2,-5,-3,-2,2,14,7,8,-11,-2,None
0,2,2,1,2,-2,1,0,1,2,14,7,8,-11,-2,None
0,-3,0,-2,22,1,0,-1,-2,2,14,7,8,-11,-2,None
0,2,6,0,33,18,4,0,0,2,14,7,8,-11,-2,None
0,-2,-7,4,-48,4,-2,-3,-3,2,14,7,8,-11,-2,None
0,-2,-7,4,-48,4,-2,-3,-3,2,14,7,8,-11,-2,None
0,-2,-7,4,-48,4,-2,-3,-3,2,14,7,8,-12,-2,None
0,-3,-5,-2,10,5,-1,-3,-3,2,14,7,8,-12,-2,None
0,-2,-1,-4,1,-2,-1,-1,-1,2,14,7,8,-12,-2,None
0,-1,-10,-3,12,2,-1,-2,-1,2,14,7,8,-12,-2,None
0,0,11,0,12,0,2,1,1,2,14,7,8,-12,-2,None
0,0,11,0,12,0,2,1,1,2,14,7,8,-12,-2,None
0,0,11,0,12,0,2,1,1,2,14,7,8,-11,-2,None
0,-1,3,-3,-2,-3,-3,-1,0,2,14,7,8,-11,-2,None
0,-2,0,1,-10,2,-1,-2,-1,2,14,7,8,-11,-2,None
0,-2,0,-4,-4,-9,-4,-3,-3,2,14,7,8,-11,-2,None
0,-2,9,-2,4,2,1,-1,-1,2,14,7,8,-11,-2,None
0,-2,9,-2,4,2,1,-1,-1,2,14,7,8,-11,-2,None
0,-2,9,-2,4,2,1,-1,-1,2,14,7,8,-11,-2,None
0,1,3,-6,-12,-5,-2,1,0,2,14,7,8,-11,-2,None
0,-4,-38,7,36,4,-1,-1,-2,2,14,7,8,-11,-2,None
0,-1,-8,-18,-18,8,-6,-5,-4,2,14,7,8,-11,-2,None
0,-1,2,1,9,13,-2,-3,-3,2,14,7,8,-11,-2,None
0,-1,2,1,9,13,-2,-3,-3,2,14,7,8,-11,-2,None
0,-1,2,1,9,13,-2,-3,-3,2,14,7,8,-12,-2,None
0,-2,-11,0,-9,1,0,-1,-2,2,14,7,8,-12,-2,None
0,0,14,-3,-1,0,1,0,-1,2,14,7,8,-12,-2,None
0,-1,0,0,-5,-9,-3,0,0,2,14,7,8,-12,-2,None
0,-3,-4,-2,3,-3,-1,-1,0,2,14,7,8,-12,-2,None
0,-3,-4,-2,3,-3,-1,-1,0,2,14,7,8,-12,-2,None
0,-3,-4,-2,3,-3,-1,-1,0,2,14,7,8,-12,-2,None
0,1,10,2,11,2,0,-2,0,2,14,7,8,-12,-2,None
0,-2,10,-17,-21,-2,-3,-2,0,2,14,7,8,-12,-2,None
0,-1,-4,7,4,-2,0,-1,-2,2,14,7,8,-12,-2,None
0,-2,13,-8,9,-1,-1,0,-1,2,14,7,8,-12,-2,None
0,-2,13,-8,9,-1,-1,0,-1,2,14,7,8,-12,-2,None
0,-2,13,-8,9,-1,-1,0,-1,2,14,7,8,-12,-2,None
0,-1,-24,7,-1,-3,-1,0,-2,2,14,7,8,-12,-2,None
0,0,6,-1,-6,3,-4,-3,-3,2,14,7,8,-12,-2,None
0,-5,-11,-4,3,3,1,-2,-3,2,14,7,8,-12,-2,None
0,-1,0,-4,10,-1,-1,-1,0,2,14,7,8,-12,-2,None
0,-1,0,-4,10,-1,-1,-1,0,2,14,7,8,-12,-2,None
0,-1,0,-4,10,-1,-1,-1,0,2,14,7,8,-12,-2,None
0,-2,5,-4,-2,-4,-1,-1,-1,2,14,7,8,-12,-2,None
0,0,0,0,-8,-3,-2,-2,-2,2,14,7,8,-12,-2,None
0,-2,2,-2,1,-3,-1,-1,-1,2,14,7,8,-12,-2,None
0,-2,3,1,-6,-1,-2,-3,-2,2,14,7,8,-12,-2,None
0,-2,3,1,-6,-1,-2,-3,-2,2,14,7,8,-12,-2,None
0,-2,3,1,-6,-1,-2,-3,-2,2,14,7,8,-11,-2,None
0,2,5,4,11,4,1,2,0,2,14,7,8,-11,-2,None
0,3,12,-9,-8,-28,0,-2,-1,2,14,7,8,-11,-2,None
0,-8,-37,-5,-5,8,-2,-4,-2,2,14,7,8,-11,-2,None
0,-2,1,-1,-1,0,-1,-3,-2,2,14,7,8,-11,-2,None
0,-2,1,-1,-1,0,-1,-3,-2,2,14,7,8,-11,-2,None
0,-2,1,-1,-1,0,-1,-3,-2,2,14,7,8,-12,-2,None
0,-2,-3,-2,3,1,-2,-3,-1,2,14,7,8,-12,-2,None
0,-2,4,3,8,3,0,-1,0,2,14,7,8,-12,-2,None
0,3,12,0,-6,-5,-1,2,1,2,14,7,8,-12,-2,None
0,-2,-9,-7,11,-2,0,1,0,2,14,7,8,-12,-2,None
0,-2,-9,-7,11,-2,0,1,0,2,14,7,8,-12,-2,None
0,-2,-9,-7,11,-2,0,1,0,2,14,7,8,-11,-2,None
0,6,11,5,31,3,-2,-2,-2,2,14,7,8,-11,-2,None
0,-4,1,4,-48,3,-3,-3,-4,2,14,7,8,-11,-2,None
0,0,4,-1,-19,-8,-2,-1,0,2,14,7,8,-11,-2,None
0,-2,0,-2,5,5,0,-1,-2,2,14,7,8,-11,-2,None
0,-2,0,-2,5,5,0,-1,-2,2,14,7,8,-11,-2,None
0,-2,0,-2,5,5,0,-1,-2,2,14,7,8,-12,-2,None
0,-2,8,-5,-5,-2,-1,-1,-2,2,14,7,8,-12,-2,None
0,0,2,-2,3,1,-2,-2,-1,2,14,7,8,-12,-2,None
0,1,3,1,1,-2,1,-1,-1,2,14,7,8,-12,-2,None
0,0,0,0,-6,-3,-2,-2,-2,2,14,7,8,-12,-2,None
0,0,0,0,-6,-3,-2,-2,-2,2,14,7,8,-12,-2,None
0,0,0,0,-6,-3,-2,-2,-2,2,14,7,8,-11,-2,None
0,-3,-2,-7,-13,1,1,0,-3,2,14,7,8,-11,-2,None
0,-1,-3,1,5,5,0,0,-1,2,14,7,8,-11,-2,None
0,-3,17,-6,3,-13,0,0,-1,2,14,7,8,-11,-2,None
0,-1,-13,0,-6,18,-2,-2,-2,2,14,7,8,-11,-2,None
0,-1,-13,0,-6,18,-2,-2,-2,2,14,7,8,-11,-2,None
0,-1,-13,0,-6,18,-2,-2,-2,2,14,7,8,-11,-2,None
0,-3,-2,-4,0,2,-4,-4,-2,2,14,7,8,-11,-2,None
0,-1,-1,-4,-3,5,0,-4,-3,2,14,7,8,-11,-2,None
0,0,9,2,3,-3,1,0,-1,2,14,7,8,-11,-2,None
0,1,8,-1,-4,-5,1,0,-1,2,14,7,8,-11,-2,None
0,1,8,-1,-4,-5,1,0,-1,2,14,7,8,-11,-2,None
0,1,8,-1,-4,-5,1,0,-1,2,14,7,8,-11,-2,None
0,-1,-1,-3,-12,-5,-2,-1,1,2,14,7,8,-11,-2,None
0,-2,-2,-1,3,3,-1,-1,-2,2,14,7,8,-11,-2,None
0,1,-5,-2,4,5,-1,-2,0,2,14,7,8,-11,-2,None
0,4,38,3,-2,-7,-3,-3,-4,2,14,7,8,-11,-2,None
0,4,38,3,-2,-7,-3,-3,-4,2,14,7,8,-11,-2,None
0,4,38,3,-2,-7,-3,-3,-4,2,14,7,8,-12,-2,None
0,-1,-8,-6,2,6,0,-1,-2,2,14,7,8,-12,-2,None
0,-2,4,-4,-20,7,-1,0,0,2,14,7,8,-12,-2,None
0,-1,-7,0,-35,-16,-1,-2,-1,2,14,7,8,-12,-2,None
0,-1,1,-3,3,10,0,-1,-1,2,14,7,8,-12,-2,None
0,-1,1,-3,3,10,0,-1,-1,2,14,7,8,-12,-2,None
0,-1,1,-3,3,10,0,-1,-1,2,14,7,8,-12,-2,None
0,-3,4,-4,-4,-3,0,-2,0,2,14,7,8,-12,-2,None
0,0,-1,0,14,4,-2,-1,-1,2,14,7,8,-12,-2,None
0,0,9,1,7,3,-2,-1,-1,2,14,7,8,-12,-2,None
0,-3,-8,-2,-9,-7,-2,-1,0,2,14,7,8,-12,-2,None
0,-3,-8,-2,-9,-7,-2,-1,0,2,14,7,8,-12,-2,None
0,-3,-8,-2,-9,-7,-2,-1,0,2,14,7,8,-12,-2,None
0,-4,0,3,-1,0,1,0,-2,2,14,7,8,-12,-2,None
0,1,-5,-16,0,-3,-1,0,-1,2,14,7,8,-12,-2,None
0,1,15,13,26,9,0,-1,-1,2,14,7,8,-12,-2,None
0,-2,-18,-1,14,-1,-2,-2,0,2,14,7,8,-12,-2,None
0,-2,-18,-1,14,-1,-2,-2,0,2,14,7,8,-12,-2,None
0,-2,-18,-1,14,-1,-2,-2,0,2,14,7,8,-12,-2,None
0,-2,-5,1,11,24,0,-2,-1,2,14,7,8,-12,-2,None
0,-3,2,-3,-19,-17,-4,-3,-3,2,14,7,8,-12,-2,None
0,0,2,-4,-6,-7,-2,-1,-4,2,14,7,8,-12,-2,None
0,-1,-1,-3,6,3,1,0,-3,2,14,7,8,-12,-2,None
0,-1,-1,-3,6,3,1,0,-3,2,14,7,8,-12,-2,None
0,-1,-1,-3,6,3,1,0,-3,2,14,7,8,-12,-2,None
0,0,5,-1,1,-6,-1,-1,-1,2,14,7,8,-12,-2,None
0,-2,-1,2,12,3,-1,0,0,2,14,7,8,-12,-2,None
0,-1,-3,-6,-19,6,1,0,0,2,14,7,8,-12,-2,None
0,0,0,-5,18,-4,0,0,1,2,14,7,8,-12,-2,None
0,0,0,-5,18,-4,0,0,1,2,14,7,8,-12,-2,None
0,0,0,-5,18,-4,0,0,1,2,14,7,8,-11,-2,None
0,-2,27,6,-22,-8,-2,-2,-1,2,14,7,8,-11,-2,None
0,3,-57,4,30,8,2,0,-1,2,14,7,8,-11,-2,None
0,-6,-3,-6,8,13,-3,-2,-5,2,14,7,8,-11,-2,None
0,-2,3,-4,1,3,1,-1,-1,2,14,7,8,-11,-2,None
0,-2,3,-4,1,3,1,-1,-1,2,14,7,8,-11,-2,None
0,-2,3,-4,1,3,1,-1,-1,2,14,7,8,-12,-2,None
0,1,2,-8,-11,-9,-2,0,-1,2,14,7,8,-12,-2,None
0,-3,15,1,10,5,-1,-2,-1,2,14,7,8,-12,-2,None
0,-1,1,1,8,1,-1,-1,0,2,14,7,8,-12,-2,None
0,-1,-8,0,-8,-4,-3,-3,-3,2,14,7,8,-12,-2,None
0,-1,-8,0,-8,-4,-3,-3,-3,2,14,7,8,-12,-2,None
0,-1,-8,0,-8,-4,-3,-3,-3,2,14,7,8,-11,-2,None
0,-3,-5,-4,7,1,-2,-2,-1,2,14,7,8,-11,-2,None
