0,1,3,-5,-8,23,-28,-8,0,1,14,6,4,-17,-4,None
0,-6,-7,9,24,-46,28,17,-4,1,14,6,4,-17,-4,None
0,2,19,1,24,22,-10,-22,-1,1,14,6,4,-17,-4,None
0,2,19,1,24,22,-10,-22,-1,1,14,6,4,-17,-4,None
0,2,19,1,24,22,-10,-22,-1,1,14,6,2,-17,-4,None
0,1,-4,8,36,-13,23,26,4,1,14,6,2,-17,-4,None
0,2,3,13,-12,-7,-26,2,1,1,14,6,2,-17,-4,None
0,-3,-7,-14,-9,12,29,-6,-6,1,14,6,2,-17,-4,None
0,2,-2,8,16,31,-18,-30,-3,1,14,6,2,-17,-4,None
0,2,-2,8,16,31,-18,-30,-3,1,13,6,2,-17,-4,None
0,2,-2,8,16,31,-18,-30,-3,1,13,6,1,-17,-3,None
0,1,38,1,39,-92,9,14,-3,1,13,6,1,-17,-3,None
0,-8,-24,-5,5,5,-12,-22,-8,1,13,6,1,-17,-3,None
0,2,-17,3,4,32,6,32,10,1,13,6,1,-17,-3,None
0,-8,-9,-7,-24,-7,-10,-23,-4,1,13,6,1,-17,-3,None
0,-8,-9,-7,-24,-7,-10,-23,-4,1,13,6,1,-17,-3,None
0,-8,-9,-7,-24,-7,-10,-23,-4,1,13,6,0,-17,-3,None
0,-10,-8,2,-24,-17,3,10,-6,1,13,6,0,-17,-3,None
0,53,47,14,22,-15,17,10,6,1,13,6,0,-17,-3,None
0,-41,-57,4,71,65,-8,-7,-13,1,13,6,0,-17,-3,None
0,-8,7,-51,-82,-55,-16,-1,0,1,13,6,0,-17,-3,None
0,-8,7,-51,-82,-55,-16,-1,0,0,13,6,0,-17,-3,None
0,-8,7,-51,-82,-55,-16,-1,0,0,13,6,0,-16,-3,None
0,4,-2,3,3,26,-19,-24,10,0,13,6,0,-16,-3,None
0,-2,8,0,22,43,19,20,-11,0,13,6,0,-16,-3,None
0,11,11,4,-19,-3,20,21,2,0,13,6,0,-16,-3,None
0,3,-1,10,111,-12,-9,-29,-3,0,13,6,0,-16,-3,None
0,3,-1,10,111,-12,-9,-29,-3,0,13,5,0,-16,-3,None
0,3,-1,10,111,-12,-9,-29,-3,0,13,5,-1,-16,-3,None
0,-3,-8,-15,-66,4,-2,8,-3,0,13,5,-1,-16,-3,None
0,-17,-6,-9,-35,-72,3,-10,-5,0,13,5,-1,-16,-3,None
0,11,38,-7,37,25,-5,-6,2,0,13,5,-1,-16,-3,None
0,-27,-53,3,-99,-78,-30,0,-8,0,13,5,-1,-16,-3,None
0,-27,-53,3,-99,-78,-30,0,-8,17,12,5,-1,-16,-3,None
0,-27,-53,3,-99,-78,-30,0,-8,17,12,5,-1,-15,-3,None
0,4,-5,-5,9,24,15,-10,-1,17,12,5,-1,-15,-3,None
0,-11,0,4,-21,-33,10,31,4,17,12,5,-1,-15,-3,None
0,-2,7,-12,4,-5,-9,-27,2,17,12,5,-1,-15,-3,None
0,11,19,11,15,26,10,-7,-8,17,12,5,-1,-15,-3,None
0,11,19,11,15,26,10,-7,-8,17,12,5,-1,-15,-3,None
0,11,19,11,15,26,10,-7,-8,17,12,5,-2,-14,-2,None
0,-21,1,-6,-4,36,-5,11,2,17,12,5,-2,-14,-2,None
0,-16,9,-17,-11,-91,-7,-8,-8,17,12,5,-2,-14,-2,None
0,21,-9,-2,-12,38,4,12,9,17,12,5,-2,-14,-2,None
0,-46,3,3,40,80,4,-1,-2,17,12,5,-2,-14,-2,None
0,-46,3,3,40,80,4,-1,-2,16,11,5,-2,-14,-2,None
0,-46,3,3,40,80,4,-1,-2,16,11,5,-2,-15,-2,None
0,-3,-4,11,-1,-89,2,-11,-1,16,11,5,-2,-15,-2,None
0,4,4,-11,34,78,5,4,1,16,11,5,-2,-15,-2,None
0,-2,20,10,-11,-26,-34,-14,-13,16,11,5,-2,-15,-2,None
0,6,-26,0,35,5,19,10,6,16,11,5,-2,-15,-2,None
0,6,-26,0,35,5,19,10,6,16,11,5,-2,-15,-2,None
0,6,-26,0,35,5,19,10,6,16,11,5,-3,-14,-3,None
0,5,0,-17,26,28,6,-13,-2,16,11,5,-3,-14,-3,None
0,-9,7,22,-34,69,13,16,7,16,11,5,-3,-14,-3,None
0,1,25,-5,-50,-19,-5,5,-2,16,11,5,-3,-14,-3,None
0,6,2,5,-47,43,-13,-20,-10,16,11,5,-3,-14,-3,None
0,6,2,5,-47,43,-13,-20,-10,15,11,5,-3,-14,-3,None
0,6,2,5,-47,43,-13,-20,-10,15,11,5,-4,-13,-2,None
0,8,36,-2,-43,-23,-5,2,-2,15,11,5,-4,-13,-2,None
0,43,-68,-5,57,20,2,2,0,15,11,5,-4,-13,-2,None
0,0,20,6,-1,61,-9,-9,1,15,11,5,-4,-13,-2,None
0,4,5,8,11,-40,-2,-2,2,15,11,5,-4,-13,-2,None
0,4,5,8,11,-40,-2,-2,2,15,10,6,-4,-13,-2,None
0,4,5,8,11,-40,-2,-2,2,15,10,6,-6,-12,-1,None
0,2,10,-23,-15,103,10,1,6,15,10,6,-6,-12,-1,None
0,24,-13,10,31,21,-8,2,-6,15,10,6,-6,-12,-1,None
0,13,-9,-15,-16,22,10,-3,-1,15,10,6,-6,-12,-1,None
0,-36,1,17,22,-112,-13,0,2,15,10,6,-6,-12,-1,None
0,-36,1,17,22,-112,-13,0,2,15,10,6,-6,-12,-1,None
0,-36,1,17,22,-112,-13,0,2,15,10,6,-6,-11,-1,None
0,-5,-7,1,-1,70,-9,-2,-6,15,10,6,-6,-11,-1,None
0,5,1,5,5,-34,-13,-4,8,15,10,6,-6,-11,-1,None
0,-4,-13,-8,-8,-12,1,-2,-2,15,10,6,-6,-11,-1,None
0,7,16,-35,-47,50,-1,-3,-7,15,10,6,-6,-11,-1,None
0,7,16,-35,-47,50,-1,-3,-7,14,10,6,-6,-11,-1,None
0,7,16,-35,-47,50,-1,-3,-7,14,10,6,-5,-11,-1,None
0,-4,-13,2,22,7,-8,-7,-6,14,10,6,-5,-11,-1,None
0,-25,23,4,-16,75,17,8,2,14,10,6,-5,-11,-1,None
0,-34,-17,-17,-11,-95,-11,-2,-3,14,10,6,-5,-11,-1,None
0,29,-7,1,-3,56,3,-4,-2,14,10,6,-5,-11,-1,None
0,29,-7,1,-3,56,3,-4,-2,14,10,6,-5,-11,-1,None
0,29,-7,1,-3,56,3,-4,-2,14,10,6,-5,-11,-1,None
0,-3,2,2,29,-90,-7,0,-2,14,10,6,-5,-11,-1,None
0,-18,-41,-27,-3,27,-8,-5,-8,14,10,6,-5,-11,-1,None
0,-13,3,35,80,-16,-1,2,3,14,10,6,-5,-11,-1,None
0,55,13,-50,-51,5,9,-2,5,14,10,6,-5,-11,-1,None
0,55,13,-50,-51,5,9,-2,5,14,9,6,-5,-11,-1,None
0,55,13,-50,-51,5,9,-2,5,14,9,6,-5,-9,-2,None
0,-16,-24,4,-5,-46,-12,-6,-5,14,9,6,-5,-9,-2,None
0,-30,21,8,-23,-60,1,2,-5,14,9,6,-5,-9,-2,None
0,4,-3,-2,-34,-1,4,1,1,14,9,6,-5,-9,-2,None
0,4,-4,4,84,0,-5,-3,-1,14,9,6,-5,-9,-2,None
0,4,-4,4,84,0,-5,-3,-1,14,9,6,-5,-9,-2,None
0,4,-4,4,84,0,-5,-3,-1,14,9,6,-5,-9,-2,None
0,3,5,-10,-44,-21,-2,-1,-5,14,9,6,-5,-9,-2,None
0,9,14,2,-31,-52,-4,5,6,14,9,6,-5,-9,-2,None
0,-40,29,-24,0,34,2,-5,-3,14,9,6,-5,-9,-2,None
0,-22,-16,-3,-57,-23,0,-5,0,14,9,6,-5,-9,-2,None
0,-22,-16,-3,-57,-23,0,-5,0,14,9,6,-5,-9,-2,None
0,-22,-16,-3,-57,-23,0,-5,0,14,9,6,-5,-10,-1,None
0,10,-5,15,-20,25,-6,-2,-1,14,9,6,-5,-10,-1,None
0,-8,4,-9,-3,-5,-4,-2,-4,14,9,6,-5,-10,-1,None
0,12,12,6,47,32,6,1,1,14,9,6,-5,-10,-1,None
0,-9,6,17,-21,10,3,5,8,14,9,6,-5,-10,-1,None
0,-9,6,17,-21,10,3,5,8,13,9,6,-5,-10,-1,None
0,-9,6,17,-21,10,3,5,8,13,9,6,-5,-10,-1,None
0,6,10,-8,22,32,-4,-4,-6,13,9,6,-5,-10,-1,None
0,-57,-10,2,-10,-11,-9,-3,-5,13,9,6,-5,-10,-1,None
0,22,-1,-6,-23,5,-2,-2,-3,13,9,6,-5,-10,-1,None
0,-3,12,12,6,21,2,-2,-1,13,9,6,-5,-10,-1,None
0,-3,12,12,6,21,2,-2,-1,13,9,6,-5,-10,-1,None
0,-3,12,12,6,21,2,-2,-1,13,9,6,-6,-10,0,None
0,2,-13,-24,32,-7,7,2,3,13,9,6,-6,-10,0,None
0,14,12,-6,14,-16,9,6,5,13,9,6,-6,-10,0,None
0,8,16,4,-54,-40,-7,-3,-3,13,9,6,-6,-10,0,None
0,-9,-38,-3,-14,18,8,4,1,13,9,6,-6,-10,0,None
0,-9,-38,-3,-14,18,8,4,1,13,9,6,-6,-10,0,None
0,-9,-38,-3,-14,18,8,4,1,13,9,6,-6,-10,0,None
0,0,1,14,6,32,-4,-4,-4,13,9,6,-6,-10,0,None
0,-10,29,-5,3,-47,0,-4,-3,13,9,6,-6,-10,0,None
0,-3,-33,-5,34,8,-8,-5,-6,13,9,6,-6,-10,0,None
0,17,14,8,19,14,-14,-10,-8,13,9,6,-6,-10,0,None
0,17,14,8,19,14,-14,-10,-8,13,9,6,-6,-10,0,None
0,17,14,8,19,14,-14,-10,-8,13,9,6,-5,-9,0,None
0,-10,-4,-4,-6,-9,0,0,-4,13,9,6,-5,-9,0,None
0,13,3,1,2,2,6,3,5,13,9,6,-5,-9,0,None
0,3,-5,1,22,1,3,4,-4,13,9,6,-5,-9,0,None
0,-8,25,15,27,12,2,-5,-9,13,9,6,-5,-9,0,None
0,-8,25,15,27,12,2,-5,-9,13,9,6,-5,-9,0,None
0,-8,25,15,27,12,2,-5,-9,13,9,6,-7,-10,0,None
0,12,-14,-5,-8,-18,-9,-8,-1,13,9,6,-7,-10,0,None
0,-41,3,-14,59,48,-8,-5,-11,13,9,6,-7,-10,0,None
0,-6,-6,-7,-30,-18,-2,-6,4,13,9,6,-7,-10,0,None
0,32,1,-5,15,-29,-6,4,-2,13,9,6,-7,-10,0,None
0,32,1,-5,15,-29,-6,4,-2,13,9,6,-7,-10,0,None
0,32,1,-5,15,-29,-6,4,-2,13,9,6,-9,-11,0,None
0,-10,7,4,2,14,8,3,2,13,9,6,-9,-11,0,None
0,18,-9,-2,25,27,-3,-4,0,13,9,6,-9,-11,0,None
0,14,-31,-4,-66,-29,-2,-1,-2,13,9,6,-9,-11,0,None
0,-25,8,-13,11,7,5,-4,-2,13,9,6,-9,-11,0,None
0,-25,8,-13,11,7,5,-4,-2,13,9,6,-9,-11,0,None
0,-25,8,-13,11,7,5,-4,-2,13,9,6,-10,-11,0,None
0,5,-2,20,20,6,-3,-2,-1,13,9,6,-10,-11,0,None
0,10,8,0,-24,-17,-7,-2,-2,13,9,6,-10,-11,0,None
0,8,15,1,0,1,3,6,1,13,9,6,-10,-11,0,None
0,4,-8,8,11,-25,-1,1,7,13,9,6,-10,-11,0,None
0,4,-8,8,11,-25,-1,1,7,13,9,6,-10,-11,0,None
0,4,-8,8,11,-25,-1,1,7,13,9,6,-10,-12,0,None
0,-41,-3,-64,39,15,5,-2,-4,13,9,6,-10,-12,0,None
0,45,-6,0,-6,-5,0,-3,0,13,9,6,-10,-12,0,None
0,-3,16,11,-13,22,1,0,0,13,9,6,-10,-12,0,None
0,-10,6,-5,22,9,-4,0,-1,13,9,6,-10,-12,0,None
0,-10,6,-5,22,9,-4,0,-1,13,9,6,-10,-12,0,None
0,-10,6,-5,22,9,-4,0,-1,13,9,6,-10,-12,1,None
0,11,25,-22,-12,34,7,1,3,13,9,6,-10,-12,1,None
0,-2,-41,59,-60,-37,-12,-6,-7,13,9,6,-10,-12,1,None
0,-9,-3,-16,10,-31,-6,-3,-4,13,9,6,-10,-12,1,None
0,0,-4,12,39,94,4,-2,-3,13,9,6,-10,-12,1,None
0,0,-4,12,39,94,4,-2,-3,13,9,6,-10,-12,1,None
0,0,-4,12,39,94,4,-2,-3,13,9,6,-10,-11,1,None
0,13,-2,7,-33,-16,-5,-7,-1,13,9,6,-10,-11,1,None
0,-2,13,-9,12,14,6,3,2,13,9,6,-10,-11,1,None
0,-5,-6,-1,13,48,-1,3,3,13,9,6,-10,-11,1,None
0,32,-6,-3,-27,-41,-4,-5,-5,13,9,6,-10,-11,1,None
0,32,-6,-3,-27,-41,-4,-5,-5,13,9,6,-10,-11,1,None
0,32,-6,-3,-27,-41,-4,-5,-5,13,9,6,-9,-11,1,None
0,17,-1,-3,-14,-12,-4,1,0,13,9,6,-9,-11,1,None
0,11,19,-22,-61,-39,-1,-1,1,13,9,6,-9,-11,1,None
0,-21,-7,3,10,22,-2,-6,-8,13,9,6,-9,-11,1,None
0,-24,25,-4,-14,-22,-4,1,2,13,9,6,-9,-11,1,None
0,-24,25,-4,-14,-22,-4,1,2,13,9,6,-9,-11,1,None
0,-24,25,-4,-14,-22,-4,1,2,13,9,6,-9,-11,1,None
0,11,-2,18,-36,-51,-6,-1,-3,13,9,6,-9,-11,1,None
0,9,-9,-13,47,35,14,6,2,13,9,6,-9,-11,1,None
0,7,4,-19,-7,-22,1,0,-1,13,9,6,-9,-11,1,None
0,7,-2,22,-29,-4,-7,-3,-4,13,9,6,-9,-11,1,None
0,7,-2,22,-29,-4,-7,-3,-4,13,9,6,-9,-11,1,None
0,7,-2,22,-29,-4,-7,-3,-4,13,9,6,-9,-11,0,None
0,-8,3,-16,9,6,-9,-7,-7,13,9,6,-9,-11,0,None
0,-19,-5,5,-2,7,11,7,1,13,9,6,-9,-11,0,None
0,3,-1,-21,3,4,1,-3,1,13,9,6,-9,-11,0,None
0,10,-7,-17,-17,-2,-1,-3,-2,13,9,6,-9,-11,0,None
0,10,-7,-17,-17,-2,-1,-3,-2,13,9,6,-9,-11,0,None
0,10,-7,-17,-17,-2,-1,-3,-2,13,9,6,-9,-11,0,None
0,-5,-5,23,33,2,13,9,5,13,9,6,-9,-11,0,None
0,-12,2,-15,-57,-11,-14,-8,-6,13,9,6,-9,-11,0,None
0,7,7,9,103,2,-2,-3,-2,13,9,6,-9,-11,0,None
0,-13,-22,-24,-38,-37,-4,-5,-2,13,9,6,-9,-11,0,None
0,-13,-22,-24,-38,-37,-4,-5,-2,13,9,6,-9,-11,0,None
0,-13,-22,-24,-38,-37,-4,-5,-2,13,9,6,-10,-11,0,None
0,12,-4,-12,19,8,3,1,1,13,9,6,-10,-11,0,None
0,-34,12,-1,-38,1,-9,-4,-6,13,9,6,-10,-11,0,None
0,18,-1,25,46,-51,7,8,1,13,9,6,-10,-11,0,None
0,-31,5,-3,-31,69,-4,-6,-3,13,9,6,-10,-11,0,None
0,-31,5,-3,-31,69,-4,-6,-3,13,9,6,-10,-11,0,None
0,-31,5,-3,-31,69,-4,-6,-3,13,9,6,-10,-11,0,None
0,4,1,8,-40,13,7,3,0,13,9,6,-10,-11,0,None
0,-9,0,0,66,11,0,0,1,13,9,6,-10,-11,0,None
0,3,0,-32,-29,8,-17,-9,-6,13,9,6,-10,-11,0,None
0,-6,3,11,34,-34,5,2,0,13,9,6,-10,-11,0,None
0,-6,3,11,34,-34,5,2,0,13,9,6,-10,-11,0,None
0,-6,3,11,34,-34,5,2,0,13,9,6,-10,-10,0,None
0,0,-5,1,-25,-10,-4,-4,-2,13,9,6,-10,-10,0,None
0,-22,22,5,38,0,1,1,2,13,9,6,-10,-10,0,None
0,8,-13,-9,-54,-7,5,-1,-1,13,9,6,-10,-10,0,None
0,9,-8,-30,-21,-17,-7,-4,-3,13,9,6,-10,-10,0,None
0,9,-8,-30,-21,-17,-7,-4,-3,13,9,6,-10,-10,0,None
0,9,-8,-30,-21,-17,-7,-4,-3,13,9,6,-10,-10,0,None
0,-13,3,9,15,10,-4,1,-3,13,9,6,-10,-10,0,None
0,0,-4,-4,40,24,10,-1,3,13,9,6,-10,-10,0,None
0,6,16,13,25,-13,-7,-2,-4,13,9,6,-10,-10,0,None
0,-3,28,-2,60,2,6,0,2,13,9,6,-10,-10,0,None
0,-3,28,-2,60,2,6,0,2,13,9,6,-10,-10,0,None
0,-3,28,-2,60,2,6,0,2,13,9,6,-10,-10,0,None
0,28,-26,-46,-84,-26,-11,-7,-4,13,9,6,-10,-10,0,None
0,-5,-4,-13,4,8,0,-3,-4,13,9,6,-10,-10,0,None
0,-54,-5,1,4,23,-1,-3,-2,13,9,6,-10,-10,0,None
0,9,15,4,-2,4,-4,1,-3,13,9,6,-10,-10,0,None
0,9,15,4,-2,4,-4,1,-3,13,9,6,-10,-10,0,None
0,9,15,4,-2,4,-4,1,-3,13,9,6,-10,-10,0,None
0,-4,4,4,44,-5,7,0,2,13,9,6,-10,-10,0,None
0,13,-11,-7,-15,-16,-7,-3,-1,13,9,6,-10,-10,0,None
0,-2,8,-2,-24,39,2,2,0,13,9,6,-10,-10,0,None
0,6,-11,5,25,-20,-5,-3,0,13,9,6,-10,-10,0,None
0,6,-11,5,25,-20,-5,-3,0,13,9,6,-10,-10,0,None
0,6,-11,5,25,-20,-5,-3,0,13,9,6,-10,-10,0,None
0,-16,6,9,54,42,-6,-8,-7,13,9,6,-10,-10,0,None
0,6,-11,7,-25,-20,11,7,4,13,9,6,-10,-10,0,None
0,4,6,12,-3,18,-2,0,-1,13,9,6,-10,-10,0,None
0,-7,-7,-6,44,9,2,2,1,13,9,6,-10,-10,0,None
0,-7,-7,-6,44,9,2,2,1,13,9,6,-10,-10,0,None
0,-7,-7,-6,44,9,2,2,1,13,9,6,-10,-10,0,None
0,-5,-2,10,-12,8,4,1,0,13,9,6,-10,-10,0,None
0,9,3,-11,11,19,-10,-6,-6,13,9,6,-10,-10,0,None
0,6,0,-3,-15,-29,-5,-2,-1,13,9,6,-10,-10,0,None
0,3,9,10,1,24,8,2,-1,13,9,6,-10,-10,0,None
0,3,9,10,1,24,8,2,-1,13,9,6,-10,-10,0,None
0,3,9,10,1,24,8,2,-1,13,9,6,-10,-10,0,None
0,-15,-23,6,-5,0,0,1,-2,13,9,6,-10,-10,0,None
0,6,2,-10,-5,-8,-5,-4,-3,13,9,6,-10,-10,0,None
0,-3,0,8,-32,-31,-25,-6,-2,13,9,6,-10,-10,0,None
0,-1,-4,-9,-6,42,37,7,1,13,9,6,-10,-10,0,None
0,-1,-4,-9,-6,42,37,7,1,13,9,6,-10,-10,0,None
0,-1,-4,-9,-6,42,37,7,1,13,9,6,-9,-10,0,None
0,-6,7,11,13,-18,-5,-4,-1,13,9,6,-9,-10,0,None
0,2,-3,-7,-12,34,3,-2,-1,13,9,6,-9,-10,0,None
0,1,-4,-9,12,-4,5,0,-3,13,9,6,-9,-10,0,None
0,-2,1,-44,-34,-29,-15,-4,-4,13,9,6,-9,-10,0,None
0,-2,1,-44,-34,-29,-15,-4,-4,13,9,6,-9,-10,0,None
0,-2,1,-44,-34,-29,-15,-4,-4,13,9,6,-9,-10,0,None
0,-2,6,12,2,4,-28,-4,-3,13,9,6,-9,-10,0,None
0,6,-2,-7,1,-5,28,5,3,13,9,6,-9,-10,0,None
0,1,5,-10,2,-4,-4,-2,-1,13,9,6,-9,-10,0,None
0,-2,1,18,-11,-9,-6,-2,-2,13,9,6,-9,-10,0,None
0,-2,1,18,-11,-9,-6,-2,-2,13,9,6,-9,-10,0,None
0,-2,1,18,-11,-9,-6,-2,-2,13,9,6,-9,-10,0,None
0,-4,4,-7,-3,8,6,3,1,13,9,6,-9,-10,0,None
0,0,-2,5,-11,-21,-26,-9,-5,13,9,6,-9,-10,0,None
0,0,1,-10,1,18,9,0,0,13,9,6,-9,-10,0,None
0,-3,-2,7,-17,-3,-4,-2,-2,13,9,6,-9,-10,0,None
0,-3,-2,7,-17,-3,-4,-2,-2,13,9,6,-9,-10,0,None
0,-3,-2,7,-17,-3,-4,-2,-2,13,9,6,-8,-10,0,None
0,1,3,7,8,6,8,0,0,13,9,6,-8,-10,0,None
0,1,4,8,2,-3,-6,-3,-3,13,9,6,-8,-10,0,None
0,0,-2,-9,-13,-10,5,1,0,13,9,6,-8,-10,0,None
0,-3,-2,7,4,-2,-3,0,-4,13,9,6,-8,-10,0,None
0,-3,-2,7,4,-2,-3,0,-4,13,9,6,-8,-10,0,None
0,-3,-2,7,4,-2,-3,0,-4,13,9,6,-7,-10,0,None
0,-2,7,-6,-8,-6,0,-1,0,13,9,6,-7,-10,0,None
0,0,0,-3,0,0,-11,0,-2,13,9,6,-7,-10,0,None
0,-1,1,2,-4,6,16,-1,0,13,9,6,-7,-10,0,None
0,0,3,5,-1,-3,-6,0,0,13,9,6,-7,-10,0,None
0,0,3,5,-1,-3,-6,0,0,14,9,6,-7,-10,0,None
0,0,3,5,-1,-3,-6,0,0,14,9,6,-6,-10,0,None
0,-4,1,14,4,-2,2,1,-1,14,9,6,-6,-10,0,None
0,-2,-1,-15,-1,1,-2,-2,-1,14,9,6,-6,-10,0,None
0,-2,-9,-8,2,-3,-14,-5,-4,14,9,6,-6,-10,0,None
0,0,0,5,-3,-6,-4,-2,1,14,9,6,-6,-10,0,None
0,0,0,5,-3,-6,-4,-2,1,14,9,6,-6,-10,0,None
0,0,0,5,-3,-6,-4,-2,1,14,9,6,-5,-10,0,None
0,0,3,-11,2,-2,10,2,-1,14,9,6,-5,-10,0,None
0,0,0,10,-1,4,-6,-5,-2,14,9,6,-5,-10,0,None
0,0,8,10,1,-3,0,-2,1,14,9,6,-5,-10,0,None
0,-1,1,5,-4,-3,4,0,1,14,9,6,-5,-10,0,None
0,-1,1,5,-4,-3,4,0,1,14,9,6,-5,-10,0,None
0,-1,1,5,-4,-3,4,0,1,14,9,6,-6,-10,0,None
0,-1,-1,-20,-3,6,1,0,-1,14,9,6,-6,-10,0,None
0,0,0,6,1,-2,-4,-2,-1,14,9,6,-6,-10,0,None
0,-2,-3,-8,3,-3,-2,-2,-5,14,9,6,-6,-10,0,None
0,-1,1,4,-4,-2,1,-2,-1,14,9,6,-6,-10,0,None
0,-1,1,4,-4,-2,1,-2,-1,14,9,6,-6,-10,0,None
0,-1,1,4,-4,-2,1,-2,-1,14,9,6,-6,-9,0,None
0,-2,1,1,6,1,-4,-1,0,14,9,6,-6,-9,0,None
0,-3,3,6,-5,-3,-1,-3,-3,14,9,6,-6,-9,0,None
0,1,0,3,-7,0,5,0,-1,14,9,6,-6,-9,0,None
0,-1,-4,-9,7,5,0,0,0,14,9,6,-6,-9,0,None
0,-1,-4,-9,7,5,0,0,0,14,10,6,-6,-9,0,None
0,-1,-4,-9,7,5,0,0,0,14,10,6,-6,-9,-1,None
0,-3,1,-10,-3,-2,-1,-2,-2,14,10,6,-6,-9,-1,None
0,0,-1,-1,3,3,-2,0,0,14,10,6,-6,-9,-1,None
0,-2,-1,3,-10,-3,5,0,0,14,10,6,-6,-9,-1,None
0,-3,2,2,-2,-6,-9,-8,-6,14,10,6,-6,-9,-1,None
0,-3,2,2,-2,-6,-9,-8,-6,14,10,6,-6,-9,-1,None
0,-3,2,2,-2,-6,-9,-8,-6,14,10,6,-6,-10,-1,None
0,1,2,0,1,2,2,-1,0,14,10,6,-6,-10,-1,None
0,-1,-3,-17,-8,-2,3,0,0,14,10,6,-6,-10,-1,None
0,-4,-1,-6,2,-1,-7,0,-3,14,10,6,-6,-10,-1,None
0,1,0,-4,-1,-1,-2,-1,-2,14,10,6,-6,-10,-1,None
0,1,0,-4,-1,-1,-2,-1,-2,14,10,6,-6,-10,-1,None
0,1,0,-4,-1,-1,-2,-1,-2,14,10,6,-5,-10,-1,None
0,-3,1,8,-2,0,-1,0,-1,14,10,6,-5,-10,-1,None
0,-1,1,-7,9,0,-3,-3,-4,14,10,6,-5,-10,-1,None
0,1,1,3,2,3,4,2,3,14,10,6,-5,-10,-1,None
0,-2,0,-12,-5,-3,-3,-4,-3,14,10,6,-5,-10,-1,None
0,-2,0,-12,-5,-3,-3,-4,-3,15,10,6,-5,-10,-1,None
0,-2,0,-12,-5,-3,-3,-4,-3,15,10,6,-4,-12,-2,None
0,-2,1,1,6,-1,-7,-3,-2,15,10,6,-4,-12,-2,None
0,-1,1,0,-3,10,-6,2,1,15,10,6,-4,-12,-2,None
0,1,1,2,2,1,18,-1,-1,15,10,6,-4,-12,-2,None
0,-1,-1,3,11,3,3,2,0,15,10,6,-4,-12,-2,None
0,-1,-1,3,11,3,3,2,0,15,11,6,-4,-12,-2,None
0,-1,-1,3,11,3,3,2,0,15,11,6,-4,-13,-3,None
0,-1,-1,-15,-9,-5,0,-4,-2,15,11,6,-4,-13,-3,None
0,-2,0,7,2,-3,-7,-4,-3,15,11,6,-4,-13,-3,None
0,-3,1,-7,-8,-10,-16,-8,-7,15,11,6,-4,-13,-3,None
0,-1,1,12,0,3,-8,6,3,15,11,6,-4,-13,-3,None
0,-1,1,12,0,3,-8,6,3,16,11,5,-4,-13,-3,None
0,-1,1,12,0,3,-8,6,3,16,11,5,-5,-13,-3,None
0,-1,-3,-54,0,12,20,-3,-2,16,11,5,-5,-13,-3,None
0,-1,-3,-1,-4,0,5,0,-1,16,11,5,-5,-13,-3,None
0,-3,-4,11,-16,-16,-14,-5,-6,16,11,5,-5,-13,-3,None
0,-2,1,4,16,1,-4,-5,-2,16,11,5,-5,-13,-3,None
0,-2,1,4,16,1,-4,-5,-2,16,11,5,-5,-13,-3,None
0,-2,1,4,16,1,-4,-5,-2,16,11,5,-4,-14,-4,None
0,-1,1,-5,15,0,-12,1,-1,16,11,5,-4,-14,-4,None
0,0,-1,-42,-41,1,-1,-4,-1,16,11,5,-4,-14,-4,None
0,1,1,-8,5,-1,3,0,2,16,11,5,-4,-14,-4,None
0,-1,-2,30,15,3,2,-2,-1,16,11,5,-4,-14,-4,None
0,-1,-2,30,15,3,2,-2,-1,17,12,5,-4,-14,-4,None
0,-1,-2,30,15,3,2,-2,-1,17,12,5,-3,-15,-3,None
0,-6,-5,0,11,4,0,-2,-7,17,12,5,-3,-15,-3,None
0,1,6,12,14,-1,2,2,3,17,12,5,-3,-15,-3,None
0,-2,-2,-18,-28,1,-5,-4,-2,17,12,5,-3,-15,-3,None
0,0,1,3,-16,-4,4,2,1,17,12,5,-3,-15,-3,None
0,0,1,3,-16,-4,4,2,1,17,12,5,-3,-15,-3,None
0,0,1,3,-16,-4,4,2,1,17,12,5,-3,-15,-4,None
0,3,5,12,-17,-2,-1,-5,-2,17,12,5,-3,-15,-4,None
0,-4,-4,-8,26,-4,-9,-4,-4,17,12,5,-3,-15,-4,None
0,-2,2,-11,2,5,-4,-3,0,17,12,5,-3,-15,-4,None
0,-3,-6,-6,-41,-17,-3,-6,-4,17,12,5,-3,-15,-4,None
0,-3,-6,-6,-41,-17,-3,-6,-4,17,12,5,-3,-15,-4,None
0,-3,-6,-6,-41,-17,-3,-6,-4,17,12,5,-3,-15,-4,None
0,-4,-3,10,-33,-3,1,5,-5,17,12,5,-3,-15,-4,None
0,0,2,4,-5,14,-1,-5,0,17,12,5,-3,-15,-4,None
0,0,0,29,51,25,5,6,3,17,12,5,-3,-15,-4,None
0,-3,-2,-19,-79,-15,-3,-3,-4,17,12,5,-3,-15,-4,None
0,-3,-2,-19,-79,-15,-3,-3,-4,0,13,6,-3,-15,-4,None
0,-3,-2,-19,-79,-15,-3,-3,-4,0,13,6,-3,-15,-3,None
0,2,3,11,12,-19,-10,-4,0,0,13,6,-3,-15,-3,None
0,-1,-3,20,2,-5,2,-3,3,0,13,6,-3,-15,-3,None
0,-2,3,-4,76,42,2,-2,-5,0,13,6,-3,-15,-3,None
0,0,3,0,5,-29,-1,4,0,0,13,6,-3,-15,-3,None
0,0,3,0,5,-29,-1,4,0,0,13,6,-3,-15,-3,None
0,0,3,0,5,-29,-1,4,0,0,13,6,-2,-15,-3,None
0,-1,-1,8,38,14,-5,-5,3,0,13,6,-2,-15,-3,None
0,-3,-3,-5,-114,-3,2,0,-5,0,13,6,-2,-15,-3,None
0,0,-2,-15,-2,-56,-7,-3,-1,0,13,6,-2,-15,-3,None
0,0,1,0,92,49,-1,-5,-3,0,13,6,-2,-15,-3,None
0,0,1,0,92,49,-1,-5,-3,0,13,6,-2,-15,-3,None
0,0,1,0,92,49,-1,-5,-3,0,13,6,-1,-16,-3,None
0,-1,0,17,-86,-7,7,1,0,0,13,6,-1,-16,-3,None
0,-1,1,-3,45,-26,-3,0,-2,0,13,6,-1,-16,-3,None
0,-2,2,1,-104,-4,-4,1,-1,0,13,6,-1,-16,-3,None
0,-1,1,-11,22,-64,-2,1,0,0,13,6,-1,-16,-3,None
0,-1,1,-11,22,-64,-2,1,0,0,13,6,-1,-16,-3,None
0,-1,1,-11,22,-64,-2,1,0,0,13,6,0,-17,-3,None
0,-1,1,4,96,57,1,-2,-3,0,13,6,0,-17,-3,None
0,-3,-3,-16,5,55,-1,-3,-3,0,13,6,0,-17,-3,None
0,1,0,0,-29,-9,-4,-2,1,0,13,6,0,-17,-3,None
0,-3,6,-7,-51,-56,1,0,-4,0,13,6,0,-17,-3,None
0,-3,6,-7,-51,-56,1,0,-4,1,13,6,0,-17,-3,None
0,-3,6,-7,-51,-56,1,0,-4,1,13,6,0,-17,-3,None
0,-4,-4,14,42,34,-3,-4,0,1,13,6,0,-17,-3,None
0,3,6,3,127,-55,1,-7,1,1,13,6,0,-17,-3,None
0,0,3,0,-66,2,6,6,0,1,13,6,0,-17,-3,None
0,-5,-6,-14,-4,18,-8,-9,-5,1,13,6,0,-17,-3,None
0,-5,-6,-14,-4,18,-8,-9,-5,1,14,6,0,-17,-3,None
0,-5,-6,-14,-4,18,-8,-9,-5,1,14,6,1,-16,-2,None
0,-1,2,0,27,-49,-7,-4,-2,1,14,6,1,-16,-2,None
0,-6,-3,-2,-34,26,-6,-4,-9,1,14,6,1,-16,-2,None
0,3,5,2,62,-21,16,10,3,1,14,6,1,-16,-2,None
0,0,1,6,61,48,-1,0,-6,1,14,6,1,-16,-2,None
0,0,1,6,61,48,-1,0,-6,1,14,6,1,-16,-2,None
0,0,1,6,61,48,-1,0,-6,1,14,6,2,-16,-2,None
0,-1,-4,-27,-128,-63,-10,-4,-1,1,14,6,2,-16,-2,None
0,-1,0,8,32,-30,1,0,0,1,14,6,2,-16,-2,None
0,1,-1,-3,34,9,3,3,-3,1,14,6,2,-16,-2,None
0,-1,3,3,-2,39,-4,0,-2,1,14,6,2,-16,-2,None
0,-1,3,3,-2,39,-4,0,-2,1,14,6,2,-16,-2,None
0,-1,3,3,-2,39,-4,0,-2,1,14,6,2,-16,-2,None
0,-2,-4,-1,-28,-16,0,1,0,1,14,6,2,-16,-2,None
0,-2,5,9,-6,11,5,1,0,1,14,6,2,-16,-2,None
0,-2,-1,-4,9,-14,-11,-8,-4,1,14,6,2,-16,-2,None
0,-3,-3,8,-79,-13,1,-2,2,1,14,6,2,-16,-2,None
0,-3,-3,8,-79,-13,1,-2,2,1,14,6,2,-16,-2,None
0,-3,-3,8,-79,-13,1,-2,2,1,14,6,4,-15,-2,None
0,4,9,25,127,95,6,-2,7,1,14,6,4,-15,-2,None
0,-1,1,-20,-127,-74,-10,3,-5,1,14,6,4,-15,-2,None
0,-8,-31,-10,17,8,-5,-6,-6,1,14,6,4,-15,-2,None
0,-2,0,10,61,54,4,2,-1,1,14,6,4,-15,-2,None
0,-2,0,10,61,54,4,2,-1,1,14,6,4,-15,-2,None
0,-2,0,10,61,54,4,2,-1,1,14,6,5,-15,-2,None
0,5,9,15,-51,-65,5,4,0,1,14,6,5,-15,-2,None
0,-1,1,20,78,8,-3,-4,2,1,14,6,5,-15,-2,None
0,-5,0,-3,-1,47,-6,-3,-3,1,14,6,5,-15,-2,None
0,-1,-1,-10,-5,32,4,0,-2,1,14,6,5,-15,-2,None
0,-1,-1,-10,-5,32,4,0,-2,1,14,6,5,-15,-2,None
0,-1,-1,-10,-5,32,4,0,-2,1,14,6,5,-14,-2,None
0,-1,-2,-9,-2,-33,-5,2,-1,1,14,6,5,-14,-2,None
0,2,4,1,-21,-7,3,0,-1,1,14,6,5,-14,-2,None
0,0,0,-24,3,13,-8,-8,-3,1,14,6,5,-14,-2,None
0,1,2,3,30,66,7,-5,-1,1,14,6,5,-14,-2,None
0,1,2,3,30,66,7,-5,-1,1,14,6,5,-14,-2,None
0,1,2,3,30,66,7,-5,-1,1,14,6,6,-13,-2,None
0,0,1,-14,-42,-16,0,4,0,1,14,6,6,-13,-2,None
0,1,18,-17,16,23,4,2,-2,1,14,6,6,-13,-2,None
0,-1,1,11,-2,-27,-7,-3,2,1,14,6,6,-13,-2,None
0,-1,0,-2,-32,2,4,-3,-8,1,14,6,6,-13,-2,None
0,-1,0,-2,-32,2,4,-3,-8,2,14,6,6,-13,-2,None
0,-1,0,-2,-32,2,4,-3,-8,2,14,6,6,-13,-2,None
0,1,-2,-12,17,65,0,-1,-1,2,14,6,6,-13,-2,None
0,-3,1,4,34,7,9,3,-3,2,14,6,6,-13,-2,None
0,0,5,6,-27,-6,-3,-1,-1,2,14,6,6,-13,-2,None
0,7,26,-5,69,30,-3,0,9,2,14,6,6,-13,-2,None
0,7,26,-5,69,30,-3,0,9,2,14,6,6,-13,-2,None
0,7,26,-5,69,30,-3,0,9,2,14,6,7,-13,-2,None
0,-10,-30,-15,-53,-43,-8,-1,-9,2,14,6,7,-13,-2,None
0,3,-7,1,9,48,2,-4,1,2,14,6,7,-13,-2,None
0,-4,2,-4,38,-12,2,-5,-7,2,14,6,7,-13,-2,None
0,2,1,-9,-70,-73,-3,-1,3,2,14,6,7,-13,-2,None
0,2,1,-9,-70,-73,-3,-1,3,2,14,6,7,-13,-2,None
0,2,1,-9,-70,-73,-3,-1,3,2,14,6,7,-13,-2,None
0,-3,6,17,1,52,3,-4,0,2,14,6,7,-13,-2,None
0,0,-5,-13,-10,-12,-4,1,2,2,14,6,7,-13,-2,None
0,0,0,-2,2,15,-3,-3,-1,2,14,6,7,-13,-2,None
0,-1,-3,-7,-44,-72,-3,0,-1,2,14,6,7,-13,-2,None
0,-1,-3,-7,-44,-72,-3,0,-1,2,14,6,7,-13,-2,None
0,-1,-3,-7,-44,-72,-3,0,-1,2,14,6,8,-12,-2,None
0,-2,5,7,38,-6,0,-1,0,2,14,6,8,-12,-2,None
0,0,-1,-5,-15,16,-5,-6,-4,2,14,6,8,-12,-2,None
0,0,12,8,-6,-50,1,4,-1,2,14,6,8,-12,-2,None
0,-5,-17,0,9,-9,-2,-3,-1,2,14,6,8,-12,-2,None
0,-5,-17,0,9,-9,-2,-3,-1,2,14,6,8,-12,-2,None
0,-5,-17,0,9,-9,-2,-3,-1,2,14,6,8,-12,-2,None
0,0,5,-2,0,8,5,4,-2,2,14,6,8,-12,-2,None
0,-3,-12,-3,17,13,0,-2,-1,2,14,6,8,-12,-2,None
0,-3,-3,-3,0,19,1,-2,-2,2,14,6,8,-12,-2,None
0,2,-3,-5,8,-5,-3,-3,1,2,14,6,8,-12,-2,None
0,2,-3,-5,8,-5,-3,-3,1,2,14,6,8,-12,-2,None
0,2,-3,-5,8,-5,-3,-3,1,2,14,6,8,-12,-2,None
0,0,12,-14,3,-11,-5,-3,-5,2,14,6,8,-12,-2,None
0,-2,-5,-4,-3,10,-1,-1,-2,2,14,6,8,-12,-2,None
0,-1,3,4,16,14,2,-1,0,2,14,6,8,-12,-2,None
0,-4,1,-10,-8,-2,-5,-1,-3,2,14,6,8,-12,-2,None
0,-4,1,-10,-8,-2,-5,-1,-3,2,15,6,8,-12,-2,None
0,-4,1,-10,-8,-2,-5,-1,-3,2,15,6,9,-13,-2,None
0,-1,4,-5,12,-5,-2,-4,0,2,15,6,9,-13,-2,None
0,-4,-1,-7,15,10,0,0,-3,2,15,6,9,-13,-2,None
0,-1,1,-4,10,18,-4,-3,-1,2,15,6,9,-13,-2,None
0,-3,-7,6,28,-21,-1,-1,-3,2,15,6,9,-13,-2,None
0,-3,-7,6,28,-21,-1,-1,-3,2,15,6,9,-13,-2,None
0,-3,-7,6,28,-21,-1,-1,-3,2,15,6,9,-15,-2,None
0,0,-1,-22,-12,-5,1,0,2,2,15,6,9,-15,-2,None
0,-3,-3,18,4,1,0,5,1,2,15,6,9,-15,-2,None
0,1,4,-1,1,-8,-1,-2,0,2,15,6,9,-15,-2,None
0,-1,0,-1,10,18,-3,-3,-3,2,15,6,9,-15,-2,None
0,-1,0,-1,10,18,-3,-3,-3,2,15,6,9,-15,-2,None
0,-1,0,-1,10,18,-3,-3,-3,2,15,6,9,-14,-2,None
0,0,2,-6,40,49,5,-1,0,2,15,6,9,-14,-2,None
0,-2,2,8,-38,-4,-1,-1,-1,2,15,6,9,-14,-2,None
0,-6,-3,4,29,-6,-2,-4,-5,2,15,6,9,-14,-2,None
0,-6,-3,-4,-106,-36,-8,-4,-3,2,15,6,9,-14,-2,None
0,-6,-3,-4,-106,-36,-8,-4,-3,2,15,6,9,-14,-2,None
0,-6,-3,-4,-106,-36,-8,-4,-3,2,15,6,9,-13,-1,None
0,0,26,-4,7,0,-2,-4,-1,2,15,6,9,-13,-1,None
0,-9,-43,-5,11,10,-1,-2,-2,2,15,6,9,-13,-1,None
0,10,-5,-17,-27,-13,2,-1,-1,2,15,6,9,-13,-1,None
0,-3,3,-4,7,7,0,0,-1,2,15,6,9,-13,-1,None
0,-3,3,-4,7,7,0,0,-1,2,15,6,9,-13,-1,None
0,-3,3,-4,7,7,0,0,-1,2,15,6,8,-12,-1,None
0,-3,13,12,-1,12,-4,-3,-1,2,15,6,8,-12,-1,None
0,1,-7,-7,-20,-18,-2,-3,-3,2,15,6,8,-12,-1,None
0,-2,4,10,-11,0,1,-1,1,2,15,6,8,-12,-1,None
0,-1,-4,-5,21,8,-1,-2,-3,2,15,6,8,-12,-1,None
0,-1,-4,-5,21,8,-1,-2,-3,2,15,6,8,-12,-1,None
0,-1,-4,-5,21,8,-1,-2,-3,2,15,6,8,-12,-1,None
0,-2,-15,-3,-21,-13,-3,-2,-2,2,15,6,8,-12,-1,None
0,3,33,14,50,-1,3,2,0,2,15,6,8,-12,-1,None
0,-8,-14,-18,-11,31,-5,-4,-3,2,15,6,8,-12,-1,None
0,0,5,-4,-40,7,1,-3,-1,2,15,6,8,-12,-1,None
0,0,5,-4,-40,7,1,-3,-1,2,15,6,8,-12,-1,None
0,0,5,-4,-40,7,1,-3,-1,2,15,6,9,-12,-1,None
0,-2,-8,1,2,-17,-2,0,-2,2,15,6,9,-12,-1,None
0,1,7,-5,11,-9,0,-2,0,2,15,6,9,-12,-1,None
0,1,7,-3,-12,-14,-2,2,1,2,15,6,9,-12,-1,None
0,-2,5,-8,24,3,-1,-1,-1,2,15,6,9,-12,-1,None
0,-2,5,-8,24,3,-1,-1,-1,2,15,6,9,-12,-1,None
0,-2,5,-8,24,3,-1,-1,-1,2,15,6,8,-11,-1,None
0,-3,-7,2,9,-2,-2,-3,-2,2,15,6,8,-11,-1,None
0,1,1,-12,-33,-11,-5,-5,0,2,15,6,8,-11,-1,None
0,3,42,1,21,1,5,3,4,2,15,6,8,-11,-1,None
0,-6,-42,-15,-40,-7,-3,-2,-2,2,15,6,8,-11,-1,None
0,-6,-42,-15,-40,-7,-3,-2,-2,2,15,6,8,-11,-1,None
0,-6,-42,-15,-40,-7,-3,-2,-2,2,15,6,8,-11,-2,None
0,-2,-11,0,13,7,4,-1,-2,2,15,6,8,-11,-2,None
0,-1,4,-7,15,19,-5,-3,-2,2,15,6,8,-11,-2,None
0,-1,3,4,-3,0,2,0,0,2,15,6,8,-11,-2,None
0,2,13,3,37,2,1,1,1,2,15,6,8,-11,-2,None
0,2,13,3,37,2,1,1,1,2,15,6,8,-11,-2,None
0,2,13,3,37,2,1,1,1,2,15,6,8,-11,-2,None
0,1,-1,-8,-15,-20,-6,-1,-1,2,15,6,8,-11,-2,None
0,-2,1,-2,-13,-4,1,0,-1,2,15,6,8,-11,-2,None
0,-3,-8,3,-3,7,-1,-1,-1,2,15,6,8,-11,-2,None
0,1,4,0,12,2,0,-1,-1,2,15,6,8,-11,-2,None
0,1,4,0,12,2,0,-1,-1,2,15,6,8,-11,-2,None
0,1,4,0,12,2,0,-1,-1,2,15,6,8,-11,-2,None
0,-3,-3,-3,-7,4,-2,-3,-3,2,15,6,8,-11,-2,None
0,0,10,-3,-3,2,-1,-3,-3,2,15,6,8,-11,-2,None
0,-3,-18,-11,-8,5,1,1,2,2,15,6,8,-11,-2,None
0,-6,2,11,44,4,0,0,-2,2,15,6,8,-11,-2,None
0,-6,2,11,44,4,0,0,-2,2,15,6,8,-11,-2,None
0,-6,2,11,44,4,0,0,-2,2,15,6,8,-11,-2,None
0,-4,2,-1,15,29,-2,-3,-5,2,15,6,8,-11,-2,None
0,0,-1,-9,-30,-11,-1,-1,-1,2,15,6,8,-11,-2,None
0,-4,-10,-3,-11,-7,-1,-2,-3,2,15,6,8,-11,-2,None
0,3,9,-1,25,5,0,1,0,2,15,6,8,-11,-2,None
0,3,9,-1,25,5,0,1,0,2,15,6,8,-11,-2,None
0,3,9,-1,25,5,0,1,0,2,15,6,8,-11,-2,None
0,0,-1,0,-3,-14,0,0,0,2,15,6,8,-11,-2,None
0,-3,1,1,-8,-4,-2,-1,-2,2,15,6,8,-11,-2,None
0,0,6,2,5,7,-3,-3,-2,2,15,6,8,-11,-2,None
0,2,5,0,0,-2,-2,-2,0,2,15,6,8,-11,-2,None
0,2,5,0,0,-2,-2,-2,0,2,15,6,8,-11,-2,None
0,2,5,0,0,-2,-2,-2,0,2,15,6,8,-11,-2,None
0,1,7,-26,-37,-12,-1,1,3,2,15,6,8,-11,-2,None
0,3,-24,15,32,-3,3,4,-1,2,15,6,8,-11,-2,None
0,-5,1,4,-4,52,4,-5,-4,2,15,6,8,-11,-2,None
0,1,-2,-14,-25,-4,-3,-2,0,2,15,6,8,-11,-2,None
0,1,-2,-14,-25,-4,-3,-2,0,2,15,6,8,-11,-2,None
0,1,-2,-14,-25,-4,-3,-2,0,2,15,6,8,-11,-2,None
0,0,-7,6,-10,-4,-3,-3,-2,2,15,6,8,-11,-2,None
0,0,7,-8,5,-3,0,-1,0,2,15,6,8,-11,-2,None
0,0,0,-4,5,-9,-1,0,-1,2,15,6,8,-11,-2,None
0,-1,1,10,5,6,-1,-2,-2,2,15,6,8,-11,-2,None
0,-1,1,10,5,6,-1,-2,-2,2,15,6,8,-11,-2,None
0,-1,1,10,5,6,-1,-2,-2,2,15,6,8,-11,-2,None
0,1,8,-1,6,4,-2,0,-1,2,15,6,8,-11,-2,None
0,-3,5,-1,-20,-6,-2,-2,-2,2,15,6,8,-11,-2,None
0,4,20,10,-13,-14,-3,-2,-1,2,15,6,8,-11,-2,None
0,-9,-27,-13,30,23,0,-5,-6,2,15,6,8,-11,-2,None
0,-9,-27,-13,30,23,0,-5,-6,2,15,6,8,-11,-2,None
0,-9,-27,-13,30,23,0,-5,-6,2,15,6,8,-11,-2,None
0,0,-6,9,-6,-8,3,2,-1,2,15,6,8,-11,-2,None
0,-2,3,-4,-3,6,-2,-1,-1,2,15,6,8,-11,-2,None
0,1,-2,-3,-4,-4,-3,-2,-1,2,15,6,8,-11,-2,None
0,0,8,-2,3,0,-2,0,-1,2,15,6,8,-11,-2,None
0,0,8,-2,3,0,-2,0,-1,2,15,6,8,-11,-2,None
0,0,8,-2,3,0,-2,0,-1,2,15,6,8,-11,-2,None
0,-2,0,-1,6,-3,1,-2,-3,2,15,6,8,-11,-2,None
0,-3,-2,-1,-4,5,-1,-4,-1,2,15,6,8,-11,-2,None
0,-3,-5,-12,5,-6,-5,-2,-2,2,15,6,8,-11,-2,None
0,-3,26,2,25,0,1,2,-1,2,15,6,8,-11,-2,None
0,-3,26,2,25,0,1,2,-1,2,15,6,8,-11,-2,None
0,-3,26,2,25,0,1,2,-1,2,15,6,9,-11,-1,None
0,-1,-16,-2,-47,-15,-2,-1,-2,2,15,6,9,-11,-1,None
0,2,10,-2,-12,6,-2,2,1,2,15,6,9,-11,-1,None
0,-9,-6,-1,11,20,0,-6,-5,2,15,6,9,-11,-1,None
0,1,5,-6,-3,-5,-2,0,0,2,15,6,9,-11,-1,None
0,1,5,-6,-3,-5,-2,0,0,2,15,6,9,-11,-1,None
0,1,5,-6,-3,-5,-2,0,0,2,15,6,8,-11,-1,None
0,-1,9,2,22,-1,-2,-2,1,2,15,6,8,-11,-1,None
0,-1,1,-4,9,0,-1,0,0,2,15,6,8,-11,-1,None
0,-1,-5,-3,-12,-17,-3,-1,1,2,15,6,8,-11,-1,None
0,-1,-3,7,-8,4,0,-2,-3,2,15,6,8,-11,-1,None
0,-1,-3,7,-8,4,0,-2,-3,2,15,6,8,-11,-1,None
0,-1,-3,7,-8,4,0,-2,-3,2,15,6,9,-11,-1,None
0,-4,1,-2,5,7,-1,0,-1,2,15,6,9,-11,-1,None
0,2,2,-12,-2,-11,-2,-4,-2,2,15,6,9,-11,-1,None
0,4,21,5,1,-4,-2,1,1,2,15,6,9,-11,-1,None
0,-2,2,0,-19,-11,-3,-3,-2,2,15,6,9,-11,-1,None
0,-2,2,0,-19,-11,-3,-3,-2,2,15,6,9,-11,-1,None
0,-2,2,0,-19,-11,-3,-3,-2,2,15,6,9,-11,-1,None
0,-3,-5,-1,12,11,-2,-2,-4,2,15,6,9,-11,-1,None
0,-4,-1,-7,-11,9,-1,-2,-3,2,15,6,9,-11,-1,None
0,2,2,-1,-1,-6,-1,0,-1,2,15,6,9,-11,-1,None
0,2,9,-5,0,-3,-2,-1,-1,2,15,6,9,-11,-1,None
0,2,9,-5,0,-3,-2,-1,-1,2,15,6,9,-11,-1,None
0,2,9,-5,0,-3,-2,-1,-1,2,15,6,9,-11,-1,None
0,-2,2,-1,2,-5,-2,-1,0,2,15,6,9,-11,-1,None
0,-2,-2,4,0,4,1,-1,-2,2,15,6,9,-11,-1,None
0,-1,-6,-4,-1,0,0,-1,-2,2,15,6,9,-11,-1,None
0,2,-4,2,-7,-2,0,-1,0,2,15,6,9,-11,-1,None
0,2,-4,2,-7,-2,0,-1,0,2,15,6,9,-11,-1,None
0,2,-4,2,-7,-2,0,-1,0,2,15,6,9,-11,-1,None
0,-4,4,-1,-6,2,-1,-2,-2,2,15,6,9,-11,-1,None
0,-9,-25,-2,-12,-2,-4,-2,-3,2,15,6,9,-11,-1,None
0,6,-5,-13,13,-7,-1,0,-1,2,15,6,9,-11,-1,None
0,-4,-5,-3,16,14,-2,-4,-2,2,15,6,9,-11,-1,None
0,-4,-5,-3,16,14,-2,-4,-2,2,15,6,9,-11,-1,None
0,-4,-5,-3,16,14,-2,-4,-2,2,15,6,8,-11,-1,None
0,0,3,-1,4,17,1,-3,-1,2,15,6,8,-11,-1,None
0,0,12,2,-8,-3,-1,0,-1,2,15,6,8,-11,-1,None
0,1,11,-3,-8,-6,0,-1,0,2,15,6,8,-11,-1,None
0,-2,-13,-22,-16,-3,-1,0,-1,2,15,6,8,-11,-1,None
0,-2,-13,-22,-16,-3,-1,0,-1,2,15,6,8,-11,-1,None
0,-2,-13,-22,-16,-3,-1,0,-1,2,15,6,9,-11,-1,None
0,1,7,1,10,-4,-2,-1,-2,2,15,6,9,-11,-1,None
0,-3,-3,-1,8,2,-1,-2,-2,2,15,6,9,-11,-1,None
0,-2,-2,1,-1,6,0,-1,-2,2,15,6,9,-11,-1,None
0,1,10,2,0,1,1,-1,-1,2,15,6,9,-11,-1,None
0,1,10,2,0,1,1,-1,-1,2,15,6,9,-11,-1,None
0,1,10,2,0,1,1,-1,-1,2,15,6,9,-12,-1,None
0,-2,0,-4,-7,-11,-3,-4,-1,2,15,6,9,-12,-1,None
0,2,9,-9,-6,-6,4,4,1,2,15,6,9,-12,-1,None
0,-2,-4,-6,-1,8,-2,-4,-2,2,15,6,9,-12,-1,None
0,-1,2,0,-2,9,-2,-1,-2,2,15,6,9,-12,-1,None
0,-1,2,0,-2,9,-2,-1,-2,2,15,6,9,-12,-1,None
0,-1,2,0,-2,9,-2,-1,-2,2,15,6,8,-12,-1,None
0,-1,-4,-1,9,-1,-1,0,-1,2,15,6,8,-12,-1,None
0,-2,-1,3,-2,-3,-2,-3,-1,2,15,6,8,-12,-1,None
0,-3,0,0,-2,-2,-2,-2,-1,2,15,6,8,-12,-1,None
0,-1,-1,3,4,-2,0,-1,0,2,15,6,8,-12,-1,None
0,-1,-1,3,4,-2,0,-1,0,2,15,6,8,-12,-1,None
0,-1,-1,3,4,-2,0,-1,0,2,15,6,8,-11,-1,None
0,0,2,-5,1,11,-2,-1,-1,2,15,6,8,-11,-1,None
0,0,6,-17,-10,-16,-3,-1,-1,2,15,6,8,-11,-1,None
0,-4,-10,1,7,19,2,0,-2,2,15,6,8,-11,-1,None
0,-2,17,6,-33,8,-1,-2,-4,2,15,6,8,-11,-1,None
0,-2,17,6,-33,8,-1,-2,-4,2,15,6,8,-11,-1,None
0,-2,17,6,-33,8,-1,-2,-4,2,15,6,8,-11,-1,None
0,-2,-2,7,8,4,0,-1,-2,2,15,6,8,-11,-1,None
0,-1,1,-6,-8,-14,-2,-2,0,2,15,6,8,-11,-1,None
0,-2,-7,-1,-2,-3,-1,-1,-1,2,15,6,8,-11,-1,None
0,-1,2,0,5,-8,1,0,0,2,15,6,8,-11,-1,None
0,-1,2,0,5,-8,1,0,0,2,15,6,8,-11,-1,None
0,-1,2,0,5,-8,1,0,0,2,15,6,8,-11,-1,None
0,1,7,-1,-11,-5,0,0,-1,2,15,6,8,-11,-1,None
0,-9,-15,11,6,15,-2,-4,-2,2,15,6,8,-11,-1,None
0,2,-1,17,-14,-11,0,0,0,2,15,6,8,-11,-1,None
0,-6,-9,-10,-53,-20,-3,-5,-4,2,15,6,8,-11,-1,None
0,-6,-9,-10,-53,-20,-3,-5,-4,2,15,6,8,-11,-1,None
0,-6,-9,-10,-53,-20,-3,-5,-4,2,15,6,8,-11,-1,None
0,-2,-5,2,2,1,-1,-2,-1,2,15,6,8,-11,-1,None
0,-1,5,3,26,12,-2,-1,-2,2,15,6,8,-11,-1,None
0,-2,-3,-3,-6,-6,-3,-2,-1,2,15,6,8,-11,-1,None
0,0,-4,1,20,-2,0,0,0,2,15,6,8,-11,-1,None
0,0,-4,1,20,-2,0,0,0,2,15,6,8,-11,-1,None
0,0,-4,1,20,-2,0,0,0,2,15,6,9,-11,-1,None
0,-1,4,-3,-2,-7,-1,0,-1,2,15,6,9,-11,-1,None
0,2,2,-4,-4,1,-3,-4,-2,2,15,6,9,-11,-1,None
0,-3,0,2,-12,-1,-1,-1,-1,2,15,6,9,-11,-1,None
0,0,-1,10,35,-1,-3,-3,0,2,15,6,9,-11,-1,None
0,0,-1,10,35,-1,-3,-3,0,2,15,6,9,-11,-1,None
0,0,-1,10,35,-1,-3,-3,0,2,15,6,8,-11,-1,None
0,-1,1,-7,-2,-6,-1,-2,-1,2,15,6,8,-11,-1,None
0,2,12,-5,27,31,1,-1,-1,2,15,6,8,-11,-1,None
0,-3,-7,0,-4,-1,-1,-2,-3,2,15,6,8,-11,-1,None
0,2,7,-3,-8,-4,1,0,0,2,15,6,8,-11,-1,None
0,2,7,-3,-8,-4,1,0,0,2,15,6,8,-11,-1,None
0,2,7,-3,-8,-4,1,0,0,2,15,6,8,-11,-1,None
0,-1,-6,-4,-7,-5,-3,-1,0,2,15,6,8,-11,-1,None
0,0,0,1,-4,-5,-1,-2,-2,2,15,6,8,-11,-1,None
0,0,7,-7,4,-2,-3,-1,-1,2,15,6,8,-11,-1,None
0,-1,-4,-5,3,8,-2,0,0,2,15,6,8,-11,-1,None
0,-1,-4,-5,3,8,-2,0,0,2,15,6,8,-11,-1,None
0,-1,-4,-5,3,8,-2,0,0,2,15,6,9,-11,-1,None
0,-1,4,-4,6,2,0,-2,-1,2,15,6,9,-11,-1,None
0,0,0,-1,-13,-3,-1,-1,-1,2,15,6,9,-11,-1,None
0,-3,-1,-5,5,2,-1,-2,-2,2,15,6,9,-11,-1,None
0,0,0,-3,6,3,-1,-1,2,2,15,6,9,-11,-1,None
0,0,0,-3,6,3,-1,-1,2,2,15,6,9,-11,-1,None
0,0,0,-3,6,3,-1,-1,2,2,15,6,9,-11,-1,None
0,-2,-4,-6,1,2,1,-1,-3,2,15,6,9,-11,-1,None
0,-1,0,0,18,-10,-2,-1,-2,2,15,6,9,-11,-1,None
0,2,7,-13,-58,-14,-4,-2,0,2,15,6,9,-11,-1,None
0,-6,-35,5,23,5,-1,-3,-4,2,15,6,9,-11,-1,None
0,-6,-35,5,23,5,-1,-3,-4,2,15,6,9,-11,-1,None
0,-6,-35,5,23,5,-1,-3,-4,2,15,6,9,-12,-1,None
0,-2,0,-6,6,14,1,-2,-1,2,15,6,9,-12,-1,None
0,-1,-2,1,-2,0,-1,-1,-1,2,15,6,9,-12,-1,None
0,0,3,-1,15,1,2,-1,0,2,15,6,9,-12,-1,None
0,0,9,-5,-5,-6,-1,0,-1,2,15,6,9,-12,-1,None
0,0,9,-5,-5,-6,-1,0,-1,2,15,6,9,-12,-1,None
0,0,9,-5,-5,-6,-1,0,-1,2,15,6,9,-12,-1,None
0,-1,1,-1,-10,-7,-2,-1,0,2,15,6,9,-12,-1,None
0,-3,-3,-2,-6,1,0,-1,-2,2,15,6,9,-12,-1,None
0,-3,-3,1,9,1,-1,-1,0,2,15,6,9,-12,-1,None
0,-1,6,-4,-7,3,-2,-1,-2,2,15,6,9,-12,-1,None
0,-1,6,-4,-7,3,-2,-1,-2,2,15,6,9,-12,-1,None
0,-1,6,-4,-7,3,-2,-1,-2,2,15,6,9,-11,-1,None
0,-2,-5,0,7,0,-1,-3,-2,2,15,6,9,-11,-1,None
0,1,5,-3,-13,2,1,1,0,2,15,6,9,-11,-1,None
0,-1,10,2,19,0,-2,-2,-2,2,15,6,9,-11,-1,None
0,-4,-11,-10,11,16,0,0,-1,2,15,6,9,-11,-1,None
0,-4,-11,-10,11,16,0,0,-1,2,15,6,9,-11,-1,None
0,-4,-11,-10,11,16,0,0,-1,2,15,6,9,-11,-1,None
0,-2,9,0,-18,-13,-2,-3,-3,2,15,6,9,-11,-1,None
0,-1,0,0,0,4,-2,-1,-1,2,15,6,9,-11,-1,None
0,-1,1,1,6,5,1,-1,-3,2,15,6,9,-11,-1,None
0,0,4,-2,1,-3,0,1,0,2,15,6,9,-11,-1,None
0,0,4,-2,1,-3,0,1,0,2,15,6,9,-11,-1,None
0,0,4,-2,1,-3,0,1,0,2,15,6,9,-11,-1,None
0,-1,3,-3,5,-1,-2,-1,0,2,15,6,9,-11,-1,None
0,-2,-1,-1,-7,-1,0,-2,-1,2,15,6,9,-11,-1,None
0,-4,-7,-5,-1,-1,-1,-1,-1,2,15,6,9,-11,-1,None
0,1,12,0,-3,-1,-1,-2,-1,2,15,6,9,-11,-1,None
0,1,12,0,-3,-1,-1,-2,-1,2,15,6,9,-11,-1,None
0,1,12,0,-3,-1,-1,-2,-1,2,15,6,9,-11,-1,None
0,2,-4,-5,-4,-3,-3,1,0,2,15,6,9,-11,-1,None
0,-1,2,-5,8,-2,-2,-2,-3,2,15,6,9,-11,-1,None
0,-2,-10,-2,7,7,1,-2,-2,2,15,6,9,-11,-1,None
0,-2,2,-3,-6,11,-1,-2,-1,2,15,6,9,-11,-1,None
0,-2,2,-3,-6,11,-1,-2,-1,2,15,6,9,-11,-1,None
0,-2,2,-3,-6,11,-1,-2,-1,2,15,6,9,-11,-1,None
0,-2,2,-1,-1,1,-1,-1,0,2,15,6,9,-11,-1,None
0,-1,-2,-5,3,-3,-2,-1,-1,2,15,6,9,-11,-1,None
0,-2,0,-4,0,-1,-2,0,-3,2,15,6,9,-11,-1,None
0,0,3,5,-3,-3,1,0,-1,2,15,6,9,-11,-1,None
0,0,3,5,-3,-3,1,0,-1,2,15,6,9,-11,-1,None
0,0,3,5,-3,-3,1,0,-1,2,15,6,9,-11,-1,None
0,-2,-4,-9,1,3,3,1,-2,2,15,6,9,-11,-1,None
0,10,28,-2,-23,-11,-2,-3,1,2,15,6,9,-11,-1,None
0,-3,-10,-31,-3,9,-1,-2,-1,2,15,6,9,-11,-1,None
0,-2,-33,4,-7,12,-2,-3,-4,2,15,6,9,-11,-1,None
0,-2,-33,4,-7,12,-2,-3,-4,2,15,6,9,-11,-1,None
0,-2,-33,4,-7,12,-2,-3,-4,2,15,6,9,-12,-1,None
0,-2,1,7,5,9,1,-1,-2,2,15,6,9,-12,-1,None
0,-2,2,-7,12,4,0,-1,-2,2,15,6,9,-12,-1,None
0,1,2,8,-2,-7,1,1,1,2,15,6,9,-12,-1,None
0,0,10,-9,0,-9,-2,-1,0,2,15,6,9,-12,-1,None
0,0,10,-9,0,-9,-2,-1,0,2,15,6,9,-12,-1,None
0,0,10,-9,0,-9,-2,-1,0,2,15,6,9,-12,-2,None
0,-2,-1,-7,0,-1,-3,-3,0,2,15,6,9,-12,-2,None
0,-4,-12,-7,-6,5,0,0,-2,2,15,6,9,-12,-2,None
0,-1,4,10,2,-2,-4,-1,-1,2,15,6,9,-12,-2,None
0,-1,5,-2,1,-5,0,0,0,2,15,6,9,-12,-2,None
0,-1,5,-2,1,-5,0,0,0,2,15,6,9,-12,-2,None
0,-1,5,-2,1,-5,0,0,0,2,15,6,9,-11,-1,None
0,1,1,10,0,0,0,0,-1,2,15,6,9,-11,-1,None
0,-4,0,-2,3,1,-1,-2,-1,2,15,6,9,-11,-1,None
0,-3,-7,-5,-5,6,-1,-3,-3,2,15,6,9,-11,-1,None
0,0,18,-8,6,-1,-2,-1,-2,2,15,6,9,-11,-1,None
0,0,18,-8,6,-1,-2,-1,-2,2,15,6,9,-11,-1,None
0,0,18,-8,6,-1,-2,-1,-2,2,15,6,8,-12,-1,None
0,-6,-23,1,4,-1,-1,0,0,2,15,6,8,-12,-1,None
0,1,-2,7,-3,0,-1,0,-3,2,15,6,8,-12,-1,None
0,0,4,-2,1,-5,-2,0,0,2,15,6,8,-12,-1,None
0,-5,-8,2,-4,-1,0,-1,-1,2,15,6,8,-12,-1,None
0,-5,-8,2,-4,-1,0,-1,-1,2,15,6,8,-12,-1,None
0,-5,-8,2,-4,-1,0,-1,-1,2,15,6,8,-12,-1,None
0,1,14,-11,8,1,-5,-2,-3,2,15,6,8,-12,-1,None
0,0,12,2,2,0,0,-1,0,2,15,6,8,-12,-1,None
0,-7,-36,-17,-13,-1,-2,-3,-4,2,15,6,8,-12,-1,None
0,-1,10,-2,3,3,-1,-2,-1,2,15,6,8,-12,-1,None
0,-1,10,-2,3,3,-1,-2,-1,2,15,6,8,-12,-1,None
0,-1,10,-2,3,3,-1,-2,-1,2,15,6,8,-12,-1,None
0,0,4,-1,-6,-5,0,0,1,2,15,6,8,-12,-1,None
0,-3,-4,-4,-10,3,1,-2,0,2,15,6,8,-12,-1,None
0,1,13,6,11,1,0,-1,-1,2,15,6,8,-12,-1,None
0,2,1,-2,0,-2,-3,-2,-1,2,15,6,8,-12,-1,None
0,2,1,-2,0,-2,-3,-2,-1,2,15,6,8,-12,-1,None
0,2,1,-2,0,-2,-3,-2,-1,2,15,6,9,-11,-1,None
0,1,-4,-35,-20,-9,-1,-1,-2,2,15,6,9,-11,-1,None
0,-3,-6,15,15,2,1,-1,-3,2,15,6,9,-11,-1,None
0,5,14,0,19,7,1,1,1,2,15,6,9,-11,-1,None
0,-9,-39,-2,-9,-6,-1,-2,-2,2,15,6,9,-11,-1,None
0,-9,-39,-2,-9,-6,-1,-2,-2,2,15,6,9,-11,-1,None
0,-9,-39,-2,-9,-6,-1,-2,-2,2,15,6,9,-11,-1,None
0,1,10,4,17,10,-2,-1,0,2,15,6,9,-11,-1,None
0,-5,-4,-2,-21,-2,-2,-2,-2,2,15,6,9,-11,-1,None
0,1,0,1,15,4,-3,-3,-4,2,15,6,9,-11,-1,None
0,2,12,-20,-32,-11,1,1,0,2,15,6,9,-11,-1,None
0,2,12,-20,-32,-11,1,1,0,2,15,6,9,-11,-1,None
0,2,12,-20,-32,-11,1,1,0,2,15,6,9,-11,-1,None
0,-2,-6,3,13,4,-1,-2,-2,2,15,6,9,-11,-1,None
0,-5,9,-3,10,7,-1,-1,-2,2,15,6,9,-11,-1,None
0,-2,13,12,1,4,0,-3,0,2,15,6,9,-11,-1,None
0,1,6,-6,-12,3,-3,-1,-1,2,15,6,9,-11,-1,None
0,1,6,-6,-12,3,-3,-1,-1,2,15,6,9,-11,-1,None
0,1,6,-6,-12,3,-3,-1,-1,2,15,6,9,-11,-2,None
0,-3,0,4,1,0,0,-3,-3,2,15,6,9,-11,-2,None
0,1,6,-18,-7,-13,-5,-2,-1,2,15,6,9,-11,-2,None
0,-3,-2,3,-10,-2,-1,0,0,2,15,6,9,-11,-2,None
0,0,15,8,0,-4,-1,-1,-3,2,15,6,9,-11,-2,None
0,0,15,8,0,-4,-1,-1,-3,2,15,6,9,-11,-2,None
0,0,15,8,0,-4,-1,-1,-3,2,15,6,8,-11,-2,None
0,-2,-5,1,0,7,-1,-3,-2,2,15,6,8,-11,-2,None
0,0,5,2,-19,-8,-1,-1,-2,2,15,6,8,-11,-2,None
0,0,2,0,3,-1,1,1,0,2,15,6,8,-11,-2,None
0,0,-3,-10,1,3,2,-1,-2,2,15,6,8,-11,-2,None
0,0,-3,-10,1,3,2,-1,-2,2,15,6,8,-11,-2,None
0,0,-3,-10,1,3,2,-1,-2,2,15,6,8,-11,-2,None
0,-3,10,-14,-4,-1,-2,-1,-3,2,15,6,8,-11,-2,None
0,-2,-11,1,9,-2,-2,-2,-1,2,15,6,8,-11,-2,None
0,-6,-2,-4,-8,2,-3,-3,-2,2,15,6,8,-11,-2,None
0,2,-4,2,2,3,0,-2,-2,2,15,6,8,-11,-2,None
0,2,-4,2,2,3,0,-2,-2,2,15,6,8,-11,-2,None
0,2,-4,2,2,3,0,-2,-2,2,15,6,8,-11,-2,None
0,0,6,3,-12,-4,-3,-1,-1,2,15,6,8,-11,-2,None
0,-1,-6,-6,1,3,0,0,0,2,15,6,8,-11,-2,None
0,-1,-1,-3,-4,-4,-1,-1,-2,2,15,6,8,-11,-2,None
0,-1,14,-3,11,1,-2,-3,-2,2,15,6,8,-11,-2,None
0,-1,14,-3,11,1,-2,-3,-2,2,15,6,8,-11,-2,None
0,-1,14,-3,11,1,-2,-3,-2,2,15,6,8,-11,-2,None
0,2,-2,0,7,2,1,-1,0,2,15,6,8,-11,-2,None
0,-2,-5,-5,2,0,-3,0,-2,2,15,6,8,-11,-2,None
0,-1,-7,-2,-5,4,-1,-1,-1,2,15,6,8,-11,-2,None
0,-3,6,7,20,12,-1,-1,-3,2,15,6,8,-11,-2,None
0,-3,6,7,20,12,-1,-1,-3,2,15,6,8,-11,-2,None
0,-3,6,7,20,12,-1,-1,-3,2,15,6,8,-11,-2,None
0,-1,-2,3,-4,0,-1,-1,-2,2,15,6,8,-11,-2,None
0,-1,-6,-1,1,2,-1,0,-1,2,15,6,8,-11,-2,None
0,-1,9,-1,-2,-3,0,-1,0,2,15,6,8,-11,-2,None
0,0,-2,-3,1,-5,-2,-1,0,2,15,6,8,-11,-2,None
0,0,-2,-3,1,-5,-2,-1,0,2,15,6,8,-11,-2,None
0,0,-2,-3,1,-5,-2,-1,0,2,15,6,9,-11,-2,None
0,-3,-3,-16,0,-3,-2,-4,-3,2,15,6,9,-11,-2,None
0,0,1,16,1,4,1,-1,-1,2,15,6,9,-11,-2,None
0,2,26,-3,-13,-7,-2,1,0,2,15,6,9,-11,-2,None
0,-2,-22,2,1,0,-2,-3,-3,2,15,6,9,-11,-2,None
0,-2,-22,2,1,0,-2,-3,-3,2,15,6,9,-11,-2,None
0,-2,-22,2,1,0,-2,-3,-3,2,15,6,9,-11,-1,None
0,-2,-2,7,1,4,1,-1,-1,2,15,6,9,-11,-1,None
0,-2,-4,-7,-14,-7,-3,-2,-2,2,15,6,9,-11,-1,None
0,-1,0,-1,-6,-3,-1,-2,-3,2,15,6,9,-11,-1,None
0,-1,7,6,0,-3,0,0,0,2,15,6,9,-11,-1,None
0,-1,7,6,0,-3,0,0,0,2,15,6,9,-11,-1,None
0,-1,7,6,0,-3,0,0,0,2,15,6,9,-12,-1,None
0,-1,1,2,-3,1,-1,-1,0,2,15,6,9,-12,-1,None
0,1,2,-7,3,2,-1,0,0,2,15,6,9,-12,-1,None
0,-2,-4,2,-2,-2,-1,-1,-2,2,15,6,9,-12,-1,None
0,1,5,-3,15,13,-1,-1,0,2,15,6,9,-12,-1,None
0,1,5,-3,15,13,-1,-1,0,2,15,6,9,-12,-1,None
0,1,5,-3,15,13,-1,-1,0,2,15,6,9,-12,-1,None
0,0,-2,-9,-16,-4,-2,-3,-3,2,15,6,9,-12,-1,None
0,-1,-16,-1,0,-2,-2,-1,-1,2,15,6,9,-12,-1,None
0,-2,-5,-4,0,1,-1,-2,-1,2,15,6,9,-12,-1,None
0,0,1,1,-7,-4,0,0,1,2,15,6,9,-12,-1,None
0,0,1,1,-7,-4,0,0,1,2,15,6,9,-12,-1,None
0,0,1,1,-7,-4,0,0,1,2,15,6,9,-12,-1,None
0,1,4,0,2,-2,-1,0,0,2,15,6,9,-12,-1,None
