0,-2,-3,-18,-6,-8,12,-18,-3,2,14,6,8,-17,-6,None
0,-2,0,15,26,34,-18,39,-1,2,14,6,8,-17,-6,None
0,-2,-1,5,-31,-20,7,-66,-7,2,14,6,8,-17,-6,None
0,-2,-1,5,-31,-20,7,-66,-7,2,14,6,8,-17,-6,None
0,-2,-1,5,-31,-20,7,-66,-7,2,14,6,5,-19,-5,None
0,-1,0,-1,10,9,8,49,2,2,14,6,5,-19,-5,None
0,-1,-2,-3,6,-13,-3,-26,-4,2,14,6,5,-19,-5,None
0,-1,1,-14,-4,-17,-53,-3,-3,2,14,6,5,-19,-5,None
0,0,1,4,15,65,15,-7,0,2,14,6,5,-19,-5,None
0,0,1,4,15,65,15,-7,0,1,14,6,5,-19,-5,None
0,0,1,4,15,65,15,-7,0,1,14,6,2,-18,-5,None
0,0,2,0,2,-22,-39,12,0,1,14,6,2,-18,-5,None
0,2,0,9,7,12,34,-10,0,1,14,6,2,-18,-5,None
0,-3,0,1,-26,-62,-6,9,-4,1,14,6,2,-18,-5,None
0,-5,-4,-4,20,-14,-5,-45,-9,1,14,6,2,-18,-5,None
0,-5,-4,-4,20,-14,-5,-45,-9,1,13,6,2,-18,-5,None
0,-5,-4,-4,20,-14,-5,-45,-9,1,13,6,0,-18,-4,None
0,5,6,-2,-54,52,0,13,6,1,13,6,0,-18,-4,None
0,-9,-6,-11,-23,-62,6,30,-2,1,13,6,0,-18,-4,None
0,1,0,0,28,65,-6,-28,-1,1,13,6,0,-18,-4,None
0,-2,1,6,36,-19,11,1,-3,1,13,6,0,-18,-4,None
0,-2,1,6,36,-19,11,1,-3,1,13,6,0,-18,-4,None
0,-2,1,6,36,-19,11,1,-3,1,13,6,-1,-17,-3,None
0,-4,2,8,-28,-54,-40,-25,-11,1,13,6,-1,-17,-3,None
0,3,15,-2,-6,-31,39,30,7,1,13,6,-1,-17,-3,None
0,-7,-7,-9,37,-71,-17,7,4,1,13,6,-1,-17,-3,None
0,29,1,4,-45,73,38,3,0,1,13,6,-1,-17,-3,None
0,29,1,4,-45,73,38,3,0,0,13,6,-1,-17,-3,None
0,29,1,4,-45,73,38,3,0,0,13,6,-2,-16,-3,None
0,-8,-14,-11,-8,15,-24,-16,-8,0,13,6,-2,-16,-3,None
0,-1,30,-5,-19,-15,6,3,-6,0,13,6,-2,-16,-3,None
0,3,-4,2,-31,8,17,-14,-2,0,13,6,-2,-16,-3,None
0,-2,9,1,-30,-25,-21,4,1,0,13,6,-2,-16,-3,None
0,-2,9,1,-30,-25,-21,4,1,0,13,6,-2,-16,-3,None
0,-2,9,1,-30,-25,-21,4,1,0,13,6,-3,-16,-2,None
0,-7,-33,-10,3,-24,-5,-15,-1,0,13,6,-3,-16,-2,None
0,3,-6,-1,-20,-44,-2,6,-2,0,13,6,-3,-16,-2,None
0,-7,6,10,89,73,5,-1,-3,0,13,6,-3,-16,-2,None
0,-7,15,14,33,8,-14,-34,0,0,13,6,-3,-16,-2,None
0,-7,15,14,33,8,-14,-34,0,17,12,5,-3,-16,-2,None
0,-7,15,14,33,8,-14,-34,0,17,12,5,-3,-15,-2,None
0,5,9,-8,-52,-96,5,57,2,17,12,5,-3,-15,-2,None
0,-5,-7,0,-41,40,7,-18,0,17,12,5,-3,-15,-2,None
0,-16,-8,-5,1,22,-3,-13,-3,17,12,5,-3,-15,-2,None
0,33,0,-7,37,-75,-32,-6,-4,17,12,5,-3,-15,-2,None
0,33,0,-7,37,-75,-32,-6,-4,17,12,5,-3,-15,-2,None
0,33,0,-7,37,-75,-32,-6,-4,17,12,5,-3,-15,-2,None
0,-2,11,-2,-16,-37,-3,-21,-4,17,12,5,-3,-15,-2,None
0,31,2,14,69,115,5,-2,3,17,12,5,-3,-15,-2,None
0,-48,-5,-13,-24,11,3,23,-6,17,12,5,-3,-15,-2,None
0,-16,-7,-12,-57,-55,11,-1,2,17,12,5,-3,-15,-2,None
0,-16,-7,-12,-57,-55,11,-1,2,16,11,5,-3,-15,-2,None
0,-16,-7,-12,-57,-55,11,-1,2,16,11,5,-4,-15,-3,None
0,-16,2,-7,7,34,-11,-11,-2,16,11,5,-4,-15,-3,None
0,10,-9,-15,14,21,-6,1,-1,16,11,5,-4,-15,-3,None
0,16,-19,-7,-54,44,1,-5,-3,16,11,5,-4,-15,-3,None
0,-20,-2,3,7,25,-6,4,-4,16,11,5,-4,-15,-3,None
0,-20,-2,3,7,25,-6,4,-4,16,11,5,-4,-15,-3,None
0,-20,-2,3,7,25,-6,4,-4,16,11,5,-5,-14,-3,None
0,33,-7,-6,31,49,-9,-14,-5,16,11,5,-5,-14,-3,None
0,-14,4,-9,-12,-11,0,9,3,16,11,5,-5,-14,-3,None
0,-13,8,-7,-14,-53,-4,-9,-5,16,11,5,-5,-14,-3,None
0,1,-1,2,14,-23,12,6,3,16,11,5,-5,-14,-3,None
0,1,-1,2,14,-23,12,6,3,16,11,6,-5,-14,-3,None
0,1,-1,2,14,-23,12,6,3,16,11,6,-4,-14,-3,None
0,49,12,16,6,7,4,1,5,16,11,6,-4,-14,-3,None
0,-44,-39,-1,-26,31,-14,-9,-10,16,11,6,-4,-14,-3,None
0,5,27,-9,40,73,15,11,4,16,11,6,-4,-14,-3,None
0,-15,-11,-6,-74,56,-5,-9,-3,16,11,6,-4,-14,-3,None
0,-15,-11,-6,-74,56,-5,-9,-3,15,10,6,-4,-14,-3,None
0,-15,-11,-6,-74,56,-5,-9,-3,15,10,6,-4,-13,-3,None
0,-5,6,1,86,-36,6,3,6,15,10,6,-4,-13,-3,None
0,-6,12,10,44,55,12,10,0,15,10,6,-4,-13,-3,None
0,41,-10,-11,-37,-128,-24,-11,-3,15,10,6,-4,-13,-3,None
0,-23,-2,-2,-7,-26,-2,-5,-5,15,10,6,-4,-13,-3,None
0,-23,-2,-2,-7,-26,-2,-5,-5,15,10,6,-4,-13,-3,None
0,-23,-2,-2,-7,-26,-2,-5,-5,15,10,6,-5,-12,-3,None
0,14,3,-4,-37,99,-3,-3,-2,15,10,6,-5,-12,-3,None
0,34,26,-4,42,-20,9,2,3,15,10,6,-5,-12,-3,None
0,-5,-5,24,-30,-33,-8,-4,-3,15,10,6,-5,-12,-3,None
0,-10,2,-41,27,6,-6,-2,-4,15,10,6,-5,-12,-3,None
0,-10,2,-41,27,6,-6,-2,-4,15,10,6,-5,-12,-3,None
0,-10,2,-41,27,6,-6,-2,-4,15,10,6,-5,-12,-2,None
0,-34,-4,1,-12,-91,-3,0,-1,15,10,6,-5,-12,-2,None
0,18,14,-1,-23,-15,-11,-9,-4,15,10,6,-5,-12,-2,None
0,8,-8,2,5,25,17,11,9,15,10,6,-5,-12,-2,None
0,7,7,6,13,54,5,1,0,15,10,6,-5,-12,-2,None
0,7,7,6,13,54,5,1,0,14,10,6,-5,-12,-2,None
0,7,7,6,13,54,5,1,0,14,10,6,-4,-12,-3,None
0,-37,-5,2,17,-54,-15,-5,-5,14,10,6,-4,-12,-3,None
0,-24,-9,-31,-37,16,-6,-1,-2,14,10,6,-4,-12,-3,None
0,-1,21,24,54,-47,8,-5,-4,14,10,6,-4,-12,-3,None
0,12,5,-12,-22,-7,-4,0,-2,14,10,6,-4,-12,-3,None
0,12,5,-12,-22,-7,-4,0,-2,14,10,6,-4,-12,-3,None
0,12,5,-12,-22,-7,-4,0,-2,14,10,6,-5,-11,-2,None
0,-57,-8,-6,43,99,0,-5,-9,14,10,6,-5,-11,-2,None
0,1,-3,18,-2,3,12,4,4,14,10,6,-5,-11,-2,None
0,-8,-5,-31,19,1,-1,-1,-1,14,10,6,-5,-11,-2,None
0,-14,2,16,-55,53,-3,-7,-7,14,10,6,-5,-11,-2,None
0,-14,2,16,-55,53,-3,-7,-7,14,10,6,-5,-11,-2,None
0,-14,2,16,-55,53,-3,-7,-7,14,10,6,-5,-10,-2,None
0,81,9,19,-25,-23,-7,-1,5,14,10,6,-5,-10,-2,None
0,-30,10,-5,56,-59,-6,0,-4,14,10,6,-5,-10,-2,None
0,-13,-47,-9,-15,27,-7,-7,-3,14,10,6,-5,-10,-2,None
0,5,13,4,42,12,8,4,-2,14,10,6,-5,-10,-2,None
0,5,13,4,42,12,8,4,-2,14,10,6,-5,-10,-2,None
0,5,13,4,42,12,8,4,-2,14,10,6,-5,-10,-2,None
0,3,5,-5,21,54,3,-4,-2,14,10,6,-5,-10,-2,None
0,-9,-15,-9,-19,27,-3,-2,-3,14,10,6,-5,-10,-2,None
0,17,27,1,26,-21,15,8,3,14,10,6,-5,-10,-2,None
0,-18,-10,14,-14,-25,-11,-1,1,14,10,6,-5,-10,-2,None
0,-18,-10,14,-14,-25,-11,-1,1,14,9,6,-5,-10,-2,None
0,-18,-10,14,-14,-25,-11,-1,1,14,9,6,-5,-10,-1,None
0,40,-6,-29,-10,-82,-5,-1,-4,14,9,6,-5,-10,-1,None
0,0,-5,-4,3,-26,-1,-1,-2,14,9,6,-5,-10,-1,None
0,-9,8,7,14,34,11,-3,-1,14,9,6,-5,-10,-1,None
0,10,-4,12,21,-46,-14,4,3,14,9,6,-5,-10,-1,None
0,10,-4,12,21,-46,-14,4,3,14,9,6,-5,-10,-1,None
0,10,-4,12,21,-46,-14,4,3,14,9,6,-5,-10,-1,None
0,-58,12,-10,-47,-19,4,1,-5,14,9,6,-5,-10,-1,None
0,10,-28,4,27,1,9,4,5,14,9,6,-5,-10,-1,None
0,18,4,-5,-23,13,-8,-2,-2,14,9,6,-5,-10,-1,None
0,-10,-6,-4,11,0,-11,-5,-3,14,9,6,-5,-10,-1,None
0,-10,-6,-4,11,0,-11,-5,-3,14,9,6,-5,-10,-1,None
0,-10,-6,-4,11,0,-11,-5,-3,14,9,6,-6,-9,0,None
0,-2,21,6,-2,45,1,-3,-2,14,9,6,-6,-9,0,None
0,4,-12,10,-23,-48,-12,-2,-5,14,9,6,-6,-9,0,None
0,-29,-5,-37,-17,27,3,0,-1,14,9,6,-6,-9,0,None
0,15,-7,-1,43,26,13,4,3,14,9,6,-6,-9,0,None
0,15,-7,-1,43,26,13,4,3,13,9,6,-6,-9,0,None
0,15,-7,-1,43,26,13,4,3,13,9,6,-7,-9,0,None
0,-13,6,-34,13,1,-7,-3,-2,13,9,6,-7,-9,0,None
0,-26,3,37,1,15,-11,-8,-4,13,9,6,-7,-9,0,None
0,71,13,-15,-47,-39,-3,1,1,13,9,6,-7,-9,0,None
0,-10,-6,-8,-38,-16,6,-2,-4,13,9,6,-7,-9,0,None
0,-10,-6,-8,-38,-16,6,-2,-4,13,9,6,-7,-9,0,None
0,-10,-6,-8,-38,-16,6,-2,-4,13,9,6,-7,-9,0,None
0,-3,-14,14,31,39,4,-1,0,13,9,6,-7,-9,0,None
0,0,14,-24,7,11,6,1,2,13,9,6,-7,-9,0,None
0,-30,-28,10,-1,-1,-11,-3,-4,13,9,6,-7,-9,0,None
0,4,21,-4,35,-9,0,-4,-4,13,9,6,-7,-9,0,None
0,4,21,-4,35,-9,0,-4,-4,13,9,6,-7,-9,0,None
0,4,21,-4,35,-9,0,-4,-4,13,9,6,-6,-8,0,None
0,-7,-7,9,14,12,5,0,-1,13,9,6,-6,-8,0,None
0,8,-1,-1,-33,-19,5,3,5,13,9,6,-6,-8,0,None
0,-17,19,5,0,-2,-1,-3,-4,13,9,6,-6,-8,0,None
0,19,1,-1,6,-33,-10,-4,-4,13,9,6,-6,-8,0,None
0,19,1,-1,6,-33,-10,-4,-4,13,9,6,-6,-8,0,None
0,19,1,-1,6,-33,-10,-4,-4,13,9,6,-9,-10,0,None
0,-66,-32,-9,-43,-11,-10,-6,-5,13,9,6,-9,-10,0,None
0,59,9,-53,45,35,2,-1,-3,13,9,6,-9,-10,0,None
0,-8,1,31,-8,-36,0,1,1,13,9,6,-9,-10,0,None
0,-5,-2,-1,-9,38,3,-3,-4,13,9,6,-9,-10,0,None
0,-5,-2,-1,-9,38,3,-3,-4,13,9,6,-9,-10,0,None
0,-5,-2,-1,-9,38,3,-3,-4,13,9,6,-11,-10,0,None
0,22,5,-6,4,-3,-1,1,3,13,9,6,-11,-10,0,None
0,-12,-3,1,26,-25,-2,0,-6,13,9,6,-11,-10,0,None
0,-12,1,1,-3,31,-8,-7,-6,13,9,6,-11,-10,0,None
0,7,-4,-4,19,9,7,1,3,13,9,6,-11,-10,0,None
0,7,-4,-4,19,9,7,1,3,13,9,6,-11,-10,0,None
0,7,-4,-4,19,9,7,1,3,13,9,6,-11,-10,0,None
0,-6,14,19,70,14,7,3,3,13,9,6,-11,-10,0,None
0,-16,-2,-16,-77,-8,-5,-7,-3,13,9,6,-11,-10,0,None
0,2,-7,-4,-2,8,0,1,-2,13,9,6,-11,-10,0,None
0,-12,4,-9,-31,0,-12,-6,-4,13,9,6,-11,-10,0,None
0,-12,4,-9,-31,0,-12,-6,-4,13,9,6,-11,-10,0,None
0,-12,4,-9,-31,0,-12,-6,-4,13,9,6,-11,-10,0,None
0,20,-9,6,25,-82,14,5,1,13,9,6,-11,-10,0,None
0,-2,21,9,-30,-1,-2,1,0,13,9,6,-11,-10,0,None
0,7,6,5,3,8,1,-1,0,13,9,6,-11,-10,0,None
0,14,-3,-4,3,-13,-8,-4,-3,13,9,6,-11,-10,0,None
0,14,-3,-4,3,-13,-8,-4,-3,13,9,6,-11,-10,0,None
0,14,-3,-4,3,-13,-8,-4,-3,13,9,6,-11,-10,0,None
0,1,7,13,-24,-6,5,0,-1,13,9,6,-11,-10,0,None
0,-5,-10,-3,53,29,-1,-5,-2,13,9,6,-11,-10,0,None
0,37,19,10,-35,-34,-9,-4,-3,13,9,6,-11,-10,0,None
0,-10,-27,4,35,17,1,-1,1,13,9,6,-11,-10,0,None
0,-10,-27,4,35,17,1,-1,1,13,9,6,-11,-10,0,None
0,-10,-27,4,35,17,1,-1,1,13,9,6,-10,-10,0,None
0,5,0,-31,-12,15,-7,-4,-3,13,9,6,-10,-10,0,None
0,-7,1,28,-8,9,1,2,-2,13,9,6,-10,-10,0,None
0,-1,-2,-5,14,23,0,-6,-2,13,9,6,-10,-10,0,None
0,-5,5,-4,17,4,2,0,-4,13,9,6,-10,-10,0,None
0,-5,5,-4,17,4,2,0,-4,13,9,6,-10,-10,0,None
0,-5,5,-4,17,4,2,0,-4,13,9,6,-10,-10,0,None
0,12,5,-5,-2,25,0,1,9,13,9,6,-10,-10,0,None
0,-14,1,-7,-52,-37,-13,-6,-10,13,9,6,-10,-10,0,None
0,-29,-10,-9,7,2,-2,1,-2,13,9,6,-10,-10,0,None
0,5,7,-1,-12,-8,1,-1,-1,13,9,6,-10,-10,0,None
0,5,7,-1,-12,-8,1,-1,-1,13,9,6,-10,-10,0,None
0,5,7,-1,-12,-8,1,-1,-1,13,9,6,-11,-10,0,None
0,-2,7,-11,-27,4,1,0,0,13,9,6,-11,-10,0,None
0,5,4,18,2,-31,-1,0,1,13,9,6,-11,-10,0,None
0,-7,6,8,17,1,-2,0,0,13,9,6,-11,-10,0,None
0,-4,5,4,-10,-13,2,1,-1,13,9,6,-11,-10,0,None
0,-4,5,4,-10,-13,2,1,-1,13,9,6,-11,-10,0,None
0,-4,5,4,-10,-13,2,1,-1,13,9,6,-11,-10,0,None
0,4,-1,-9,-12,33,-6,-6,-5,13,9,6,-11,-10,0,None
0,-1,-6,-6,9,-22,7,-1,2,13,9,6,-11,-10,0,None
0,2,1,-18,-51,7,4,3,2,13,9,6,-11,-10,0,None
0,-6,-3,10,-7,18,-2,0,0,13,9,6,-11,-10,0,None
0,-6,-3,10,-7,18,-2,0,0,13,9,6,-11,-10,0,None
0,-6,-3,10,-7,18,-2,0,0,13,9,6,-11,-10,0,None
0,-23,4,13,15,-9,-6,-5,-4,13,9,6,-11,-10,0,None
0,2,-3,-7,11,2,2,0,-2,13,9,6,-11,-10,0,None
0,-5,1,0,11,48,7,3,0,13,9,6,-11,-10,0,None
0,1,5,-2,28,-18,-3,-2,-2,13,9,6,-11,-10,0,None
0,1,5,-2,28,-18,-3,-2,-2,13,9,6,-11,-10,0,None
0,1,5,-2,28,-18,-3,-2,-2,13,9,6,-10,-10,0,None
0,-3,2,9,-47,18,0,1,-1,13,9,6,-10,-10,0,None
0,-3,-2,-21,66,-18,-13,-4,-4,13,9,6,-10,-10,0,None
0,-3,5,-11,-31,-23,6,1,-1,13,9,6,-10,-10,0,None
0,-7,-2,-3,-17,-22,-5,-2,0,13,9,6,-10,-10,0,None
0,-7,-2,-3,-17,-22,-5,-2,0,14,9,6,-10,-10,0,None
0,-7,-2,-3,-17,-22,-5,-2,0,14,9,6,-10,-10,0,None
0,7,1,3,18,17,0,-3,-4,14,9,6,-10,-10,0,None
0,0,-5,2,-13,-18,3,1,2,14,9,6,-10,-10,0,None
0,3,6,-7,20,14,-3,-1,-2,14,9,6,-10,-10,0,None
0,1,3,6,3,5,0,-4,-1,14,9,6,-10,-10,0,None
0,1,3,6,3,5,0,-4,-1,14,9,6,-10,-10,0,None
0,1,3,6,3,5,0,-4,-1,14,9,6,-9,-9,0,None
0,3,-6,-6,-19,-36,-8,-3,-1,14,9,6,-9,-9,0,None
0,4,10,4,-3,22,6,1,-2,14,9,6,-9,-9,0,None
0,-6,-4,-5,-5,-16,-9,-5,-2,14,9,6,-9,-9,0,None
0,-2,0,-1,-25,2,5,-1,-1,14,9,6,-9,-9,0,None
0,-2,0,-1,-25,2,5,-1,-1,14,9,6,-9,-9,0,None
0,-2,0,-1,-25,2,5,-1,-1,14,9,6,-9,-10,0,None
0,3,-1,-6,18,6,-3,-2,-2,14,9,6,-9,-10,0,None
0,-4,-2,1,-1,14,1,-2,-2,14,9,6,-9,-10,0,None
0,0,-1,1,2,-1,-6,-3,-2,14,9,6,-9,-10,0,None
0,-2,-1,-14,10,-3,-3,-2,0,14,9,6,-9,-10,0,None
0,-2,-1,-14,10,-3,-3,-2,0,14,9,6,-9,-10,0,None
0,-2,-1,-14,10,-3,-3,-2,0,14,9,6,-8,-9,0,None
0,4,3,7,28,17,5,-1,-1,14,9,6,-8,-9,0,None
0,-1,-3,-11,-12,10,-7,-2,-2,14,9,6,-8,-9,0,None
0,-3,-3,6,7,-10,-2,-3,-1,14,9,6,-8,-9,0,None
0,4,7,-14,-3,-10,20,6,1,14,9,6,-8,-9,0,None
0,4,7,-14,-3,-10,20,6,1,14,9,6,-8,-9,0,None
0,4,7,-14,-3,-10,20,6,1,14,9,6,-8,-9,0,None
0,-2,1,0,4,-25,-10,-2,-3,14,9,6,-8,-9,0,None
0,-1,-1,14,4,16,-4,1,-1,14,9,6,-8,-9,0,None
0,-1,0,-2,2,-1,4,-2,-1,14,9,6,-8,-9,0,None
0,-3,0,3,5,1,-4,-2,-3,14,9,6,-8,-9,0,None
0,-3,0,3,5,1,-4,-2,-3,14,9,6,-8,-9,0,None
0,-3,0,3,5,1,-4,-2,-3,14,9,6,-6,-9,0,None
0,2,1,-5,-14,2,-3,-3,-1,14,9,6,-6,-9,0,None
0,-2,-5,-16,-1,4,1,0,-1,14,9,6,-6,-9,0,None
0,0,-1,-2,-14,-9,-3,-2,-2,14,9,6,-6,-9,0,None
0,-1,0,0,-1,0,-8,-5,-4,14,9,6,-6,-9,0,None
0,-1,0,0,-1,0,-8,-5,-4,14,9,6,-6,-9,0,None
0,-1,0,0,-1,0,-8,-5,-4,14,9,6,-6,-9,0,None
0,-1,9,2,-8,1,0,1,0,14,9,6,-6,-9,0,None
0,1,-5,10,-3,1,-1,-3,1,14,9,6,-6,-9,0,None
0,-3,-3,-27,4,2,-1,-1,-1,14,9,6,-6,-9,0,None
0,-5,-6,-17,-3,-1,-3,-3,-3,14,9,6,-6,-9,0,None
0,-5,-6,-17,-3,-1,-3,-3,-3,14,9,6,-6,-9,0,None
0,-5,-6,-17,-3,-1,-3,-3,-3,14,9,6,-6,-10,0,None
0,1,0,-6,-13,3,0,0,-1,14,9,6,-6,-10,0,None
0,-1,2,-1,11,5,5,1,-1,14,9,6,-6,-10,0,None
0,2,28,21,1,1,-2,-2,0,14,9,6,-6,-10,0,None
0,0,-35,15,-5,-4,-3,-2,2,14,9,6,-6,-10,0,None
0,0,-35,15,-5,-4,-3,-2,2,14,9,6,-6,-10,0,None
0,0,-35,15,-5,-4,-3,-2,2,14,9,6,-5,-11,0,None
0,-3,7,-30,-3,-1,-3,-5,-4,14,9,6,-5,-11,0,None
0,-4,-14,25,-1,-3,-11,-4,-4,14,9,6,-5,-11,0,None
0,-1,12,-2,2,1,21,6,0,14,9,6,-5,-11,0,None
0,-1,-2,9,-3,-4,-1,-2,-1,14,9,6,-5,-11,0,None
0,-1,-2,9,-3,-4,-1,-2,-1,14,10,6,-5,-11,0,None
0,-1,-2,9,-3,-4,-1,-2,-1,14,10,6,-5,-11,-1,None
0,-3,0,-22,-17,6,6,0,-1,14,10,6,-5,-11,-1,None
0,0,-11,-17,-4,0,-2,-4,0,14,10,6,-5,-11,-1,None
0,0,-2,4,6,0,-14,-1,-4,14,10,6,-5,-11,-1,None
0,-1,16,5,4,0,-7,0,-2,14,10,6,-5,-11,-1,None
0,-1,16,5,4,0,-7,0,-2,14,10,6,-5,-11,-1,None
0,-1,16,5,4,0,-7,0,-2,14,10,6,-5,-11,-1,None
0,0,-7,3,2,4,2,-2,0,14,10,6,-5,-11,-1,None
0,-3,15,1,-9,-2,-7,-5,-5,14,10,6,-5,-11,-1,None
0,0,-25,-15,0,1,2,1,2,14,10,6,-5,-11,-1,None
0,-2,9,-18,0,2,-1,-1,-1,14,10,6,-5,-11,-1,None
0,-2,9,-18,0,2,-1,-1,-1,14,10,6,-5,-11,-1,None
0,-2,9,-18,0,2,-1,-1,-1,14,10,6,-6,-11,-2,None
0,1,19,28,0,-1,-1,1,0,14,10,6,-6,-11,-2,None
0,-1,-21,-10,-3,2,-1,-1,-2,14,10,6,-6,-11,-2,None
0,-5,-8,-5,1,2,-2,-5,-5,14,10,6,-6,-11,-2,None
0,-2,0,-12,-3,-2,-3,-2,0,14,10,6,-6,-11,-2,None
0,-2,0,-12,-3,-2,-3,-2,0,15,10,6,-6,-11,-2,None
0,-2,0,-12,-3,-2,-3,-2,0,15,10,6,-6,-12,-3,None
0,-1,4,1,-4,2,-9,-5,-2,15,10,6,-6,-12,-3,None
0,2,15,6,0,2,5,1,2,15,10,6,-6,-12,-3,None
0,-1,-2,5,8,-2,-3,-2,-2,15,10,6,-6,-12,-3,None
0,-1,4,-12,-3,3,3,0,0,15,10,6,-6,-12,-3,None
0,-1,4,-12,-3,3,3,0,0,15,10,6,-6,-12,-3,None
0,-1,4,-12,-3,3,3,0,0,15,10,6,-6,-12,-3,None
0,-1,-5,-8,7,-1,-2,-1,-4,15,10,6,-6,-12,-3,None
0,-2,5,-1,-6,-2,-5,-2,-1,15,10,6,-6,-12,-3,None
0,-1,-8,-12,9,3,-1,-2,-3,15,10,6,-6,-12,-3,None
0,-1,9,1,-4,-5,-6,-3,-2,15,10,6,-6,-12,-3,None
0,-1,9,1,-4,-5,-6,-3,-2,15,10,6,-6,-12,-3,None
0,-1,9,1,-4,-5,-6,-3,-2,15,10,6,-6,-12,-3,None
0,-2,-10,11,7,7,0,1,-1,15,10,6,-6,-12,-3,None
0,0,-2,-19,0,3,3,1,2,15,10,6,-6,-12,-3,None
0,-1,5,2,3,-6,-6,-4,-5,15,10,6,-6,-12,-3,None
0,1,2,-1,8,13,-1,-1,1,15,10,6,-6,-12,-3,None
0,1,2,-1,8,13,-1,-1,1,16,11,6,-6,-12,-3,None
0,1,2,-1,8,13,-1,-1,1,16,11,6,-5,-12,-4,None
0,-1,-6,5,-5,-2,1,-1,-2,16,11,6,-5,-12,-4,None
0,-1,7,-4,-1,-5,-2,-3,-3,16,11,6,-5,-12,-4,None
0,-3,0,-17,0,1,-2,-2,-1,16,11,6,-5,-12,-4,None
0,-1,1,-4,0,-5,-1,0,-3,16,11,6,-5,-12,-4,None
0,-1,1,-4,0,-5,-1,0,-3,16,11,6,-5,-12,-4,None
0,-1,1,-4,0,-5,-1,0,-3,16,11,6,-6,-13,-4,None
0,-2,-8,-3,7,2,-1,-2,-1,16,11,6,-6,-13,-4,None
0,-1,8,-5,4,4,-1,-2,-2,16,11,6,-6,-13,-4,None
0,0,-2,7,-8,-4,-1,-4,1,16,11,6,-6,-13,-4,None
0,-2,-1,6,26,-2,3,1,-1,16,11,6,-6,-13,-4,None
0,-2,-1,6,26,-2,3,1,-1,16,11,6,-6,-13,-4,None
0,-2,-1,6,26,-2,3,1,-1,16,11,6,-6,-14,-4,None
0,1,0,-8,-13,15,-3,2,1,16,11,6,-6,-14,-4,None
0,-2,2,13,11,13,3,-1,-3,16,11,6,-6,-14,-4,None
0,-1,0,2,-6,-17,-5,-4,-3,16,11,6,-6,-14,-4,None
0,-2,-4,-1,-16,-1,-6,-4,-2,16,11,6,-6,-14,-4,None
0,-2,-4,-1,-16,-1,-6,-4,-2,17,12,6,-6,-14,-4,None
0,-2,-4,-1,-16,-1,-6,-4,-2,17,12,6,-5,-13,-4,None
0,0,2,3,-6,-11,8,4,2,17,12,6,-5,-13,-4,None
0,-1,1,0,41,17,0,-1,-1,17,12,6,-5,-13,-4,None
0,0,3,-2,-58,-29,-4,1,0,17,12,6,-5,-13,-4,None
0,-2,1,0,4,16,6,-2,0,17,12,6,-5,-13,-4,None
0,-2,1,0,4,16,6,-2,0,17,12,6,-5,-13,-4,None
0,-2,1,0,4,16,6,-2,0,17,12,6,-4,-14,-4,None
0,-4,-4,1,-3,1,-5,-3,-2,17,12,6,-4,-14,-4,None
0,-2,-1,-12,-34,-9,-2,0,-4,17,12,6,-4,-14,-4,None
0,1,3,5,5,16,10,5,2,17,12,6,-4,-14,-4,None
0,-4,-3,-14,-36,-23,-15,-7,-5,17,12,6,-4,-14,-4,None
0,-4,-3,-14,-36,-23,-15,-7,-5,0,12,6,-4,-14,-4,None
0,-4,-3,-14,-36,-23,-15,-7,-5,0,12,6,-3,-16,-4,None
0,-3,-3,-15,-43,-54,-4,-2,-3,0,12,6,-3,-16,-4,None
0,2,5,15,35,60,4,1,5,0,12,6,-3,-16,-4,None
0,-6,-6,-28,103,-1,-12,-7,-5,0,12,6,-3,-16,-4,None
0,4,7,4,65,-17,2,3,1,0,12,6,-3,-16,-4,None
0,4,7,4,65,-17,2,3,1,0,13,6,-3,-16,-4,None
0,4,7,4,65,-17,2,3,1,0,13,6,-2,-16,-4,None
0,-5,-5,-4,29,27,-2,-5,-6,0,13,6,-2,-16,-4,None
0,0,2,-6,-22,-28,-4,-4,1,0,13,6,-2,-16,-4,None
0,3,3,10,39,-15,6,3,1,0,13,6,-2,-16,-4,None
0,0,2,16,10,32,0,-1,1,0,13,6,-2,-16,-4,None
0,0,2,16,10,32,0,-1,1,0,13,6,-2,-16,-4,None
0,0,2,16,10,32,0,-1,1,0,13,6,-2,-14,-4,None
0,-5,-6,-11,41,8,-4,-4,-5,0,13,6,-2,-14,-4,None
0,-1,-1,0,0,-21,-2,-1,-1,0,13,6,-2,-14,-4,None
0,-4,-2,1,-24,0,-2,-2,-3,0,13,6,-2,-14,-4,None
0,-2,2,3,-18,-22,10,5,2,0,13,6,-2,-14,-4,None
0,-2,2,3,-18,-22,10,5,2,0,13,6,-2,-14,-4,None
0,-2,2,3,-18,-22,10,5,2,0,13,6,-1,-14,-4,None
0,1,3,7,-25,5,-3,3,2,0,13,6,-1,-14,-4,None
0,-1,3,-11,-56,-8,1,0,-3,0,13,6,-1,-14,-4,None
0,-2,3,16,-48,31,0,-2,0,0,13,6,-1,-14,-4,None
0,0,-3,-1,82,102,-1,-4,-6,0,13,6,-1,-14,-4,None
0,0,-3,-1,82,102,-1,-4,-6,1,13,6,-1,-14,-4,None
0,0,-3,-1,82,102,-1,-4,-6,1,13,6,0,-17,-4,None
0,-5,-5,-13,-12,-56,-10,-4,-5,1,13,6,0,-17,-4,None
0,-4,-3,-10,-62,-51,-15,-5,-5,1,13,6,0,-17,-4,None
0,0,3,-16,61,11,18,4,2,1,13,6,0,-17,-4,None
0,-2,1,-6,-38,1,5,4,0,1,13,6,0,-17,-4,None
0,-2,1,-6,-38,1,5,4,0,1,13,6,0,-17,-4,None
0,-2,1,-6,-38,1,5,4,0,1,13,6,2,-17,-3,None
0,1,8,31,19,100,10,-1,-1,1,13,6,2,-17,-3,None
0,-4,-8,-23,-62,-62,-15,-12,-1,1,13,6,2,-17,-3,None
0,-1,4,14,5,-7,-1,8,-5,1,13,6,2,-17,-3,None
0,-6,-11,-8,-49,-43,-9,-7,-4,1,13,6,2,-17,-3,None
0,-6,-11,-8,-49,-43,-9,-7,-4,1,14,6,2,-17,-3,None
0,-6,-11,-8,-49,-43,-9,-7,-4,1,14,6,3,-16,-4,None
0,1,-3,-35,-22,-18,0,-1,-5,1,14,6,3,-16,-4,None
0,-2,3,13,59,-4,9,6,2,1,14,6,3,-16,-4,None
0,2,4,0,47,63,1,1,-1,1,14,6,3,-16,-4,None
0,-2,0,3,-10,-13,-1,-5,-2,1,14,6,3,-16,-4,None
0,-2,0,3,-10,-13,-1,-5,-2,1,14,6,3,-16,-4,None
0,-2,0,3,-10,-13,-1,-5,-2,1,14,6,3,-15,-4,None
0,1,2,-9,36,-83,-12,-5,0,1,14,6,3,-15,-4,None
0,-6,-1,-10,-4,54,2,6,-4,1,14,6,3,-15,-4,None
0,3,0,9,-29,-4,-8,-7,-1,1,14,6,3,-15,-4,None
0,-1,4,-1,29,54,7,-4,-1,1,14,6,3,-15,-4,None
0,-1,4,-1,29,54,7,-4,-1,1,14,6,3,-15,-4,None
0,-1,4,-1,29,54,7,-4,-1,1,14,6,4,-15,-3,None
0,8,14,24,78,-27,11,12,10,1,14,6,4,-15,-3,None
0,-9,-14,-46,-10,38,-3,-7,-8,1,14,6,4,-15,-3,None
0,-1,-6,-22,-25,35,6,-1,-1,1,14,6,4,-15,-3,None
0,-3,-1,-15,32,37,-13,-4,-6,1,14,6,4,-15,-3,None
0,-3,-1,-15,32,37,-13,-4,-6,1,14,6,4,-15,-3,None
0,-3,-1,-15,32,37,-13,-4,-6,1,14,6,6,-15,-3,None
0,1,-3,1,-64,-27,1,-6,3,1,14,6,6,-15,-3,None
0,2,10,18,-8,3,-5,2,-1,1,14,6,6,-15,-3,None
0,-3,-1,4,-26,-9,-1,-2,1,1,14,6,6,-15,-3,None
0,3,23,-13,-14,-58,-2,-1,-4,1,14,6,6,-15,-3,None
0,3,23,-13,-14,-58,-2,-1,-4,2,14,6,6,-15,-3,None
0,3,23,-13,-14,-58,-2,-1,-4,2,14,6,6,-13,-3,None
0,-7,-20,-13,-32,46,-2,-8,-3,2,14,6,6,-13,-3,None
0,4,16,30,34,16,10,-3,1,2,14,6,6,-13,-3,None
0,0,-6,-5,-11,-21,-6,-2,-7,2,14,6,6,-13,-3,None
0,-3,20,-3,-33,-45,-1,10,7,2,14,6,6,-13,-3,None
0,-3,20,-3,-33,-45,-1,10,7,2,14,6,6,-13,-3,None
0,-3,20,-3,-33,-45,-1,10,7,2,14,6,7,-13,-3,None
0,-2,-1,3,9,-6,-5,-5,-1,2,14,6,7,-13,-3,None
0,0,2,10,13,14,2,-4,3,2,14,6,7,-13,-3,None
0,-2,4,16,1,-20,0,2,1,2,14,6,7,-13,-3,None
0,-14,16,-14,-47,-18,2,-1,1,2,14,6,7,-13,-3,None
0,-14,16,-14,-47,-18,2,-1,1,2,14,6,7,-13,-3,None
0,-14,16,-14,-47,-18,2,-1,1,2,14,6,8,-13,-3,None
0,-5,-24,15,-21,71,-3,-2,-4,2,14,6,8,-13,-3,None
0,-2,6,-4,46,19,1,-3,-4,2,14,6,8,-13,-3,None
0,2,-2,-13,-36,-24,-4,-3,-2,2,14,6,8,-13,-3,None
0,-3,-6,6,1,-1,3,1,-1,2,14,6,8,-13,-3,None
0,-3,-6,6,1,-1,3,1,-1,2,14,6,8,-13,-3,None
0,-3,-6,6,1,-1,3,1,-1,2,14,6,8,-13,-3,None
0,-1,8,1,34,0,-2,-2,0,2,14,6,8,-13,-3,None
0,2,9,-7,-3,-17,-1,2,-4,2,14,6,8,-13,-3,None
0,-4,-8,-7,-38,-16,-6,-4,1,2,14,6,8,-13,-3,None
0,3,2,0,26,18,0,-1,-3,2,14,6,8,-13,-3,None
0,3,2,0,26,18,0,-1,-3,2,14,6,8,-13,-3,None
0,3,2,0,26,18,0,-1,-3,2,14,6,8,-12,-2,None
0,1,17,5,15,20,-1,-1,-1,2,14,6,8,-12,-2,None
0,0,-26,1,31,3,1,-3,0,2,14,6,8,-12,-2,None
0,-1,-3,-14,-14,-26,-1,-1,2,2,14,6,8,-12,-2,None
0,4,-13,6,8,-3,-5,-4,-1,2,14,6,8,-12,-2,None
0,4,-13,6,8,-3,-5,-4,-1,2,14,6,8,-12,-2,None
0,4,-13,6,8,-3,-5,-4,-1,2,14,6,8,-17,-3,None
0,-1,2,4,-13,2,0,2,-3,2,14,6,8,-17,-3,None
0,-4,10,-4,3,4,1,1,-1,2,14,6,8,-17,-3,None
0,20,-1,22,-5,17,-2,-3,1,2,14,6,8,-17,-3,None
0,-25,0,-15,-23,-12,-2,-5,-6,2,14,6,8,-17,-3,None
0,-25,0,-15,-23,-12,-2,-5,-6,2,14,6,8,-17,-3,None
0,-25,0,-15,-23,-12,-2,-5,-6,2,14,6,10,-18,-2,None
0,-7,-12,-3,7,-16,0,-1,-3,2,14,6,10,-18,-2,None
0,0,-1,-8,1,5,0,3,1,2,14,6,10,-18,-2,None
0,-1,7,0,74,45,3,0,2,2,14,6,10,-18,-2,None
0,9,-10,13,9,5,-3,-2,-1,2,14,6,10,-18,-2,None
0,9,-10,13,9,5,-3,-2,-1,2,14,6,10,-18,-2,None
0,9,-10,13,9,5,-3,-2,-1,2,14,6,8,-12,-1,None
0,0,10,-12,-47,-21,-6,-3,-2,2,14,6,8,-12,-1,None
0,-3,-4,6,-6,-21,-4,-2,-3,2,14,6,8,-12,-1,None
0,-8,-4,-4,6,9,-2,-4,-3,2,14,6,8,-12,-1,None
0,4,3,7,9,-5,2,0,-2,2,14,6,8,-12,-1,None
0,4,3,7,9,-5,2,0,-2,2,14,6,8,-12,-1,None
0,4,3,7,9,-5,2,0,-2,2,14,6,6,-10,-1,None
0,-2,2,-13,-3,5,0,1,-1,2,14,6,6,-10,-1,None
0,1,2,-1,14,-38,-8,-5,-3,2,14,6,6,-10,-1,None
0,-8,21,-4,-5,29,0,1,-1,2,14,6,6,-10,-1,None
0,20,-14,3,-26,-3,-4,-4,-5,2,14,6,6,-10,-1,None
0,20,-14,3,-26,-3,-4,-4,-5,2,14,6,6,-10,-1,None
0,20,-14,3,-26,-3,-4,-4,-5,2,14,6,8,-11,-1,None
0,2,7,-2,-13,-6,-2,-1,-2,2,14,6,8,-11,-1,None
0,-2,-5,8,18,0,0,-1,0,2,14,6,8,-11,-1,None
0,1,7,-6,2,-9,-1,-2,-2,2,14,6,8,-11,-1,None
0,-5,-3,-1,2,1,-2,-1,-1,2,14,6,8,-11,-1,None
0,-5,-3,-1,2,1,-2,-1,-1,2,14,6,8,-11,-1,None
0,-5,-3,-1,2,1,-2,-1,-1,2,14,6,8,-11,-2,None
0,-2,-3,-6,12,3,-1,-2,-2,2,14,6,8,-11,-2,None
0,8,36,14,8,7,1,-1,-1,2,14,6,8,-11,-2,None
0,-21,-58,-39,2,-10,-3,-2,-1,2,14,6,8,-11,-2,None
0,2,2,-5,-7,-15,1,1,-2,2,14,6,8,-11,-2,None
0,2,2,-5,-7,-15,1,1,-2,2,14,6,8,-11,-2,None
0,2,2,-5,-7,-15,1,1,-2,2,14,6,8,-12,-2,None
0,3,-4,17,25,3,1,-1,-1,2,14,6,8,-12,-2,None
0,-5,12,-17,-12,1,0,-1,-1,2,14,6,8,-12,-2,None
0,3,11,1,8,-9,-1,-3,-3,2,14,6,8,-12,-2,None
0,-1,-6,-8,-6,-6,-3,-4,-1,2,14,6,8,-12,-2,None
0,-1,-6,-8,-6,-6,-3,-4,-1,2,14,6,8,-12,-2,None
0,-1,-6,-8,-6,-6,-3,-4,-1,2,14,6,8,-13,-3,None
0,1,4,6,9,6,-1,0,-3,2,14,6,8,-13,-3,None
0,-1,-13,-29,-10,-5,3,1,3,2,14,6,8,-13,-3,None
0,-4,5,5,-48,-9,-4,-3,-2,2,14,6,8,-13,-3,None
0,-3,-4,-3,-13,4,5,2,-1,2,14,6,8,-13,-3,None
0,-3,-4,-3,-13,4,5,2,-1,2,14,6,8,-13,-3,None
0,-3,-4,-3,-13,4,5,2,-1,2,14,6,8,-12,-3,None
0,-5,7,-8,37,-7,-5,-2,-1,2,14,6,8,-12,-3,None
0,2,-9,22,-8,-9,-2,-1,0,2,14,6,8,-12,-3,None
0,1,5,8,-1,-1,-2,-1,-2,2,14,6,8,-12,-3,None
0,-2,1,-7,-1,4,-3,-2,0,2,14,6,8,-12,-3,None
0,-2,1,-7,-1,4,-3,-2,0,2,14,6,8,-12,-3,None
0,-2,1,-7,-1,4,-3,-2,0,2,14,6,7,-11,-2,None
0,3,4,-8,-18,-6,0,0,-1,2,14,6,7,-11,-2,None
0,-5,-9,-7,7,-1,-1,-1,-2,2,14,6,7,-11,-2,None
0,3,8,2,15,-7,-5,-6,-3,2,14,6,7,-11,-2,None
0,-3,-2,0,2,3,-1,-2,-1,2,14,6,7,-11,-2,None
0,-3,-2,0,2,3,-1,-2,-1,2,14,6,7,-11,-2,None
0,-3,-2,0,2,3,-1,-2,-1,2,14,6,7,-11,-2,None
0,-2,6,5,8,-7,1,-1,0,2,14,6,7,-11,-2,None
0,-2,-31,-2,-14,11,0,0,-2,2,14,6,7,-11,-2,None
0,-3,6,2,-6,-2,-1,-1,-2,2,14,6,7,-11,-2,None
0,0,0,-4,1,-1,-4,-4,-1,2,14,6,7,-11,-2,None
0,0,0,-4,1,-1,-4,-4,-1,2,14,6,7,-11,-2,None
0,0,0,-4,1,-1,-4,-4,-1,2,14,6,8,-12,-3,None
0,0,-1,-1,-11,-4,-1,-1,-3,2,14,6,8,-12,-3,None
0,-1,4,-4,-13,2,-2,-3,-1,2,14,6,8,-12,-3,None
0,0,2,-5,-2,-10,0,0,-1,2,14,6,8,-12,-3,None
0,0,-1,3,6,1,-2,-2,-1,2,14,6,8,-12,-3,None
0,0,-1,3,6,1,-2,-2,-1,2,14,6,8,-12,-3,None
0,0,-1,3,6,1,-2,-2,-1,2,14,6,8,-11,-3,None
0,-16,34,-7,-13,22,0,1,3,2,14,6,8,-11,-3,None
0,11,-58,13,31,4,-3,-6,-6,2,14,6,8,-11,-3,None
0,-5,-3,44,58,27,-2,-3,-4,2,14,6,8,-11,-3,None
0,0,4,3,-30,-2,2,0,-1,2,14,6,8,-11,-3,None
0,0,4,3,-30,-2,2,0,-1,2,14,6,8,-11,-3,None
0,0,4,3,-30,-2,2,0,-1,2,14,6,8,-11,-3,None
0,-4,2,-2,-8,2,-2,-1,-1,2,14,6,8,-11,-3,None
0,-4,17,-5,5,9,-2,-1,0,2,14,6,8,-11,-3,None
0,0,1,-5,-11,-15,-2,-1,-1,2,14,6,8,-11,-3,None
0,0,-5,2,11,-2,-1,-1,0,2,14,6,8,-11,-3,None
0,0,-5,2,11,-2,-1,-1,0,2,14,6,8,-11,-3,None
0,0,-5,2,11,-2,-1,-1,0,2,14,6,8,-11,-3,None
0,4,-11,-3,7,2,-1,-2,-1,2,14,6,8,-11,-3,None
0,-3,12,-5,-22,-7,-1,0,-1,2,14,6,8,-11,-3,None
0,2,-2,-9,-4,-3,0,0,0,2,14,6,8,-11,-3,None
0,-3,9,-2,1,4,-3,-2,-3,2,14,6,8,-11,-3,None
0,-3,9,-2,1,4,-3,-2,-3,2,14,6,8,-11,-3,None
0,-3,9,-2,1,4,-3,-2,-3,2,14,6,8,-12,-3,None
0,2,-6,-11,-11,-7,-1,0,-2,2,14,6,8,-12,-3,None
0,0,10,-1,21,9,2,-2,1,2,14,6,8,-12,-3,None
0,-6,5,-8,-51,-16,-1,2,-3,2,14,6,8,-12,-3,None
0,0,-4,-15,-3,9,0,-2,-1,2,14,6,8,-12,-3,None
0,0,-4,-15,-3,9,0,-2,-1,2,14,6,8,-12,-3,None
0,0,-4,-15,-3,9,0,-2,-1,2,14,6,8,-12,-2,None
0,1,5,-1,11,0,-2,-3,-2,2,14,6,8,-12,-2,None
0,-2,7,-2,-15,-2,0,-1,-1,2,14,6,8,-12,-2,None
0,0,-3,-12,0,-3,0,-2,-1,2,14,6,8,-12,-2,None
0,1,0,3,5,-2,-2,-1,0,2,14,6,8,-12,-2,None
0,1,0,3,5,-2,-2,-1,0,2,14,6,8,-12,-2,None
0,1,0,3,5,-2,-2,-1,0,2,14,6,8,-12,-2,None
0,0,-8,2,-5,0,0,-2,-3,2,14,6,8,-12,-2,None
0,-3,11,-4,-9,-1,-1,-1,0,2,14,6,8,-12,-2,None
0,2,7,-7,-1,-2,0,-3,1,2,14,6,8,-12,-2,None
0,2,23,-6,6,2,0,2,-2,2,14,6,8,-12,-2,None
0,2,23,-6,6,2,0,2,-2,2,14,6,8,-12,-2,None
0,2,23,-6,6,2,0,2,-2,2,14,6,8,-11,-2,None
0,-10,-22,-1,-20,-7,-4,-4,-2,2,14,6,8,-11,-2,None
0,-2,-1,-4,-27,4,0,-1,-2,2,14,6,8,-11,-2,None
0,-1,-2,-1,4,1,-2,-1,-1,2,14,6,8,-11,-2,None
0,-1,2,2,4,-1,-1,-4,-1,2,14,6,8,-11,-2,None
0,-1,2,2,4,-1,-1,-4,-1,2,14,6,8,-11,-2,None
0,-1,2,2,4,-1,-1,-4,-1,2,14,6,8,-11,-2,None
0,3,1,-3,-1,-3,0,-1,-2,2,14,6,8,-11,-2,None
0,-2,1,-2,4,-1,-2,-1,0,2,14,6,8,-11,-2,None
0,-1,-2,-4,-2,-6,-2,-3,-3,2,14,6,8,-11,-2,None
0,-3,7,-1,6,14,-1,-1,-1,2,14,6,8,-11,-2,None
0,-3,7,-1,6,14,-1,-1,-1,2,14,6,8,-11,-2,None
0,-3,7,-1,6,14,-1,-1,-1,2,14,6,8,-12,-2,None
0,-2,-14,4,-10,-3,1,0,-1,2,14,6,8,-12,-2,None
0,-2,-3,6,-16,-8,-3,-2,-2,2,14,6,8,-12,-2,None
0,-1,3,0,14,10,1,-2,-1,2,14,6,8,-12,-2,None
0,-2,-4,2,-23,-21,-3,-3,-1,2,14,6,8,-12,-2,None
0,-2,-4,2,-23,-21,-3,-3,-1,2,14,6,8,-12,-2,None
0,-2,-4,2,-23,-21,-3,-3,-1,2,14,6,8,-12,-2,None
0,1,5,-2,12,11,-3,-2,-2,2,14,6,8,-12,-2,None
0,0,8,-5,-1,-3,-1,-2,-2,2,14,6,8,-12,-2,None
0,-1,-3,-4,-6,-5,-1,-1,-1,2,14,6,8,-12,-2,None
0,-3,-10,0,5,3,-1,-2,-2,2,14,6,8,-12,-2,None
0,-3,-10,0,5,3,-1,-2,-2,2,14,6,8,-12,-2,None
0,-3,-10,0,5,3,-1,-2,-2,2,14,6,8,-11,-2,None
0,-1,6,-2,3,2,0,0,0,2,14,6,8,-11,-2,None
0,-3,15,15,7,-11,-1,1,-1,2,14,6,8,-11,-2,None
0,-6,-6,-7,-7,12,-1,-2,-3,2,14,6,8,-11,-2,None
0,1,-1,-40,7,4,-2,-2,-2,2,14,6,8,-11,-2,None
0,1,-1,-40,7,4,-2,-2,-2,2,14,6,8,-11,-2,None
0,1,-1,-40,7,4,-2,-2,-2,2,14,6,8,-12,-2,None
0,-2,3,-2,9,4,1,0,-1,2,14,6,8,-12,-2,None
0,1,9,-5,5,3,0,-1,-2,2,14,6,8,-12,-2,None
0,2,-1,-2,-12,-10,-2,-2,0,2,14,6,8,-12,-2,None
0,-10,-2,7,6,-1,-3,-3,-2,2,14,6,8,-12,-2,None
0,-10,-2,7,6,-1,-3,-3,-2,2,14,6,8,-12,-2,None
0,-10,-2,7,6,-1,-3,-3,-2,2,14,6,8,-12,-2,None
0,5,4,-2,-9,-1,-1,0,0,2,14,6,8,-12,-2,None
0,1,-5,-4,8,3,1,-2,-5,2,14,6,8,-12,-2,None
0,-1,3,-8,-18,-3,-3,0,-1,2,14,6,8,-12,-2,None
0,-1,-5,4,1,0,-2,-1,-1,2,14,6,8,-12,-2,None
0,-1,-5,4,1,0,-2,-1,-1,2,14,6,8,-12,-2,None
0,-1,-5,4,1,0,-2,-1,-1,2,14,6,8,-12,-2,None
0,-1,2,-7,12,4,-1,0,0,2,14,6,8,-12,-2,None
0,0,-5,2,0,4,0,-1,-1,2,14,6,8,-12,-2,None
0,-1,3,-1,0,0,0,0,-1,2,14,6,8,-12,-2,None
0,0,-3,4,5,-1,0,-2,0,2,14,6,8,-12,-2,None
0,0,-3,4,5,-1,0,-2,0,2,14,6,8,-12,-2,None
0,0,-3,4,5,-1,0,-2,0,2,14,6,8,-12,-2,None
0,1,-4,-4,-14,-6,-1,0,-4,2,14,6,8,-12,-2,None
0,-2,7,-12,-6,0,-3,-2,1,2,14,6,8,-12,-2,None
0,-1,-3,-13,31,0,2,3,-1,2,14,6,8,-12,-2,None
0,3,10,18,-35,2,2,1,-1,2,14,6,8,-12,-2,None
0,3,10,18,-35,2,2,1,-1,2,14,6,8,-12,-2,None
0,3,10,18,-35,2,2,1,-1,2,14,6,8,-11,-2,None
0,-8,-38,8,39,2,-4,-5,-4,2,14,6,8,-11,-2,None
0,-2,-3,-39,-26,10,-1,-1,0,2,14,6,8,-11,-2,None
0,-1,6,9,10,0,-2,-1,1,2,14,6,8,-11,-2,None
0,2,-6,1,-10,-9,-1,0,-1,2,14,6,8,-11,-2,None
0,2,-6,1,-10,-9,-1,0,-1,2,14,6,8,-11,-2,None
0,2,-6,1,-10,-9,-1,0,-1,2,14,6,8,-12,-3,None
0,0,11,-6,-19,-9,-1,-1,0,2,14,6,8,-12,-3,None
0,-1,1,10,5,0,0,0,-2,2,14,6,8,-12,-3,None
0,-1,-9,3,-4,-1,-2,-2,-4,2,14,6,8,-12,-3,None
0,0,27,-4,8,-1,-2,-1,-2,2,14,6,8,-12,-3,None
0,0,27,-4,8,-1,-2,-1,-2,2,14,6,8,-12,-3,None
0,0,27,-4,8,-1,-2,-1,-2,2,14,6,8,-12,-3,None
0,-18,-2,2,-1,1,-2,-1,-1,2,14,6,8,-12,-3,None
0,20,-5,0,25,-3,1,-2,-1,2,14,6,8,-12,-3,None
0,0,4,-5,-29,15,-4,-4,-5,2,14,6,8,-12,-3,None
0,-1,1,-9,10,1,-1,-1,-2,2,14,6,8,-12,-3,None
0,-1,1,-9,10,1,-1,-1,-2,2,14,6,8,-12,-3,None
0,-1,1,-9,10,1,-1,-1,-2,2,14,6,8,-12,-2,None
0,-3,10,-8,-12,-1,1,-1,-2,2,14,6,8,-12,-2,None
0,-8,-3,7,-2,-5,-1,1,-1,2,14,6,8,-12,-2,None
0,0,1,-12,2,-4,-2,-2,-1,2,14,6,8,-12,-2,None
0,2,-3,14,9,2,0,-3,-2,2,14,6,8,-12,-2,None
0,2,-3,14,9,2,0,-3,-2,2,14,6,8,-12,-2,None
0,2,-3,14,9,2,0,-3,-2,2,14,6,8,-12,-2,None
0,4,16,-14,15,6,0,1,-2,2,14,6,8,-12,-2,None
0,-3,19,-21,-26,-4,-5,-3,-3,2,14,6,8,-12,-2,None
0,-3,-16,-17,3,1,-1,-2,0,2,14,6,8,-12,-2,None
0,-7,-6,-1,0,-5,0,-1,1,2,14,6,8,-12,-2,None
0,-7,-6,-1,0,-5,0,-1,1,2,14,6,8,-12,-2,None
0,-7,-6,-1,0,-5,0,-1,1,2,14,6,8,-11,-2,None
0,2,2,-1,-21,-3,-3,-3,-2,2,14,6,8,-11,-2,None
0,-2,6,2,3,4,-3,-3,-1,2,14,6,8,-11,-2,None
0,-3,11,5,4,3,0,-3,-2,2,14,6,8,-11,-2,None
0,-3,-13,-5,2,2,2,5,-2,2,14,6,8,-11,-2,None
0,-3,-13,-5,2,2,2,5,-2,2,14,6,8,-11,-2,None
0,-3,-13,-5,2,2,2,5,-2,2,14,6,8,-11,-2,None
0,10,6,-3,-18,-5,0,-2,0,2,14,6,8,-11,-2,None
0,-7,-8,7,6,-5,0,0,-2,2,14,6,8,-11,-2,None
0,0,-2,5,-7,-5,-2,0,-1,2,14,6,8,-11,-2,None
0,-3,6,-11,5,0,-5,-5,-3,2,14,6,8,-11,-2,None
0,-3,6,-11,5,0,-5,-5,-3,2,14,6,8,-11,-2,None
0,-3,6,-11,5,0,-5,-5,-3,2,14,6,8,-11,-3,None
0,-10,0,34,4,8,4,2,1,2,14,6,8,-11,-3,None
0,29,-3,-4,-17,-3,-1,-3,-1,2,14,6,8,-11,-3,None
0,0,1,-1,16,-5,-2,-2,-2,2,14,6,8,-11,-3,None
0,-5,0,-2,-4,6,-2,-3,-2,2,14,6,8,-11,-3,None
0,-5,0,-2,-4,6,-2,-3,-2,2,14,6,8,-11,-3,None
0,-5,0,-2,-4,6,-2,-3,-2,2,14,6,8,-11,-3,None
0,6,8,-24,-3,-1,-2,0,-3,2,14,6,8,-11,-3,None
0,-11,-3,0,2,1,-1,-3,-1,2,14,6,8,-11,-3,None
0,-1,19,14,-7,2,1,2,0,2,14,6,8,-11,-3,None
0,2,-22,-5,-8,-5,-3,-4,-4,2,14,6,8,-11,-3,None
0,2,-22,-5,-8,-5,-3,-4,-4,2,14,6,8,-11,-3,None
0,2,-22,-5,-8,-5,-3,-4,-4,2,14,6,8,-12,-3,None
0,0,-12,-5,28,16,-2,-2,0,2,14,6,8,-12,-3,None
0,-12,7,0,-20,-5,-3,-2,-2,2,14,6,8,-12,-3,None
0,3,21,-2,-15,-1,-2,-5,0,2,14,6,8,-12,-3,None
0,-6,0,1,1,-2,1,5,0,2,14,6,8,-12,-3,None
0,-6,0,1,1,-2,1,5,0,2,14,6,8,-12,-3,None
0,-6,0,1,1,-2,1,5,0,2,14,6,8,-12,-3,None
0,0,0,10,-1,-1,-2,-3,-3,2,14,6,8,-12,-3,None
0,-2,-5,8,8,-1,2,2,0,2,14,6,8,-12,-3,None
0,-1,4,1,-2,-1,-1,-1,0,2,14,6,8,-12,-3,None
0,1,-1,-3,2,6,-1,-3,0,2,14,6,8,-12,-3,None
0,1,-1,-3,2,6,-1,-3,0,2,14,6,8,-12,-3,None
0,1,-1,-3,2,6,-1,-3,0,2,14,6,8,-12,-3,None
0,1,2,0,-6,-3,1,0,0,2,14,6,8,-12,-3,None
0,-3,4,-7,16,7,1,2,0,2,14,6,8,-12,-3,None
0,-2,-11,6,-14,-4,-1,1,0,2,14,6,8,-12,-3,None
0,2,-1,7,8,-12,-1,-3,0,2,14,6,8,-12,-3,None
0,2,-1,7,8,-12,-1,-3,0,2,14,6,8,-12,-3,None
0,2,-1,7,8,-12,-1,-3,0,2,14,6,8,-12,-3,None
0,-2,-18,-16,-12,0,-1,-1,-2,2,14,6,8,-12,-3,None
0,-7,-4,2,9,0,0,-2,-2,2,14,6,8,-12,-3,None
0,1,-5,0,8,5,0,-1,-1,2,14,6,8,-12,-3,None
0,-2,-3,-6,-3,3,-2,-1,0,2,14,6,8,-12,-3,None
0,-2,-3,-6,-3,3,-2,-1,0,2,14,6,8,-12,-3,None
0,-2,-3,-6,-3,3,-2,-1,0,2,14,6,8,-12,-3,None
0,-1,3,-5,-2,0,-1,-2,-2,2,14,6,8,-12,-3,None
0,-5,-3,-1,4,-3,-3,-2,0,2,14,6,8,-12,-3,None
0,4,-9,-23,-18,-4,-3,-6,-2,2,14,6,8,-12,-3,None
0,-1,15,9,6,9,2,2,-1,2,14,6,8,-12,-3,None
0,-1,15,9,6,9,2,2,-1,2,14,6,8,-12,-3,None
0,-1,15,9,6,9,2,2,-1,2,14,6,8,-12,-2,None
0,-2,3,5,3,1,-1,0,0,2,14,6,8,-12,-2,None
0,1,-4,-8,1,6,-1,-1,-2,2,14,6,8,-12,-2,None
0,-7,1,3,17,-2,0,-1,0,2,14,6,8,-12,-2,None
0,-1,-4,-5,-6,-2,-3,-4,-2,2,14,6,8,-12,-2,None
0,-1,-4,-5,-6,-2,-3,-4,-2,2,14,6,8,-12,-2,None
0,-1,-4,-5,-6,-2,-3,-4,-2,2,14,6,7,-11,-2,None
0,3,3,1,-8,-1,-1,-2,-1,2,14,6,7,-11,-2,None
0,-9,-1,-1,1,-1,-1,-1,-1,2,14,6,7,-11,-2,None
0,-3,6,-12,3,2,1,0,-3,2,14,6,7,-11,-2,None
0,-9,-5,-6,-14,7,-3,0,0,2,14,6,7,-11,-2,None
0,-9,-5,-6,-14,7,-3,0,0,2,14,6,7,-11,-2,None
0,-9,-5,-6,-14,7,-3,0,0,2,14,6,8,-11,-3,None
0,-2,-1,-6,8,-1,-2,-4,-5,2,14,6,8,-11,-3,None
0,-1,1,-8,4,0,-2,-3,-3,2,14,6,8,-11,-3,None
0,-3,-1,2,-1,0,-1,-2,-1,2,14,6,8,-11,-3,None
0,3,7,-1,0,-3,1,0,-2,2,14,6,8,-11,-3,None
0,3,7,-1,0,-3,1,0,-2,2,14,6,8,-11,-3,None
0,3,7,-1,0,-3,1,0,-2,2,14,6,8,-12,-3,None
0,-1,5,-9,0,-1,-1,0,0,2,14,6,8,-12,-3,None
0,-2,-4,3,-7,0,-2,-3,-2,2,14,6,8,-12,-3,None
0,1,2,4,6,0,-2,1,0,2,14,6,8,-12,-3,None
0,-3,-3,-5,4,-1,-1,0,0,2,14,6,8,-12,-3,None
0,-3,-3,-5,4,-1,-1,0,0,2,14,6,8,-12,-3,None
0,-3,-3,-5,4,-1,-1,0,0,2,14,6,8,-12,-3,None
0,0,1,3,-6,-3,-2,-3,0,2,14,6,8,-12,-3,None
0,-1,-2,-2,0,1,0,-2,-2,2,14,6,8,-12,-3,None
0,-7,-7,7,-2,1,-1,-1,-3,2,14,6,8,-12,-3,None
0,-1,-6,2,7,3,1,-1,-2,2,14,6,8,-12,-3,None
0,-1,-6,2,7,3,1,-1,-2,2,14,6,8,-12,-3,None
0,-1,-6,2,7,3,1,-1,-2,2,14,6,8,-12,-3,None
0,2,26,-13,-26,-10,-2,-1,-4,2,14,6,8,-12,-3,None
0,-2,-9,-5,-25,3,0,-1,-1,2,14,6,8,-12,-3,None
0,-3,0,-5,12,10,-1,-1,-1,2,14,6,8,-12,-3,None
0,0,-4,-1,5,3,-1,-4,-1,2,14,6,8,-12,-3,None
0,0,-4,-1,5,3,-1,-4,-1,2,14,6,8,-12,-3,None
0,0,-4,-1,5,3,-1,-4,-1,2,14,6,8,-12,-3,None
0,-2,3,-1,4,-2,0,-1,-2,2,14,6,8,-12,-3,None
0,-2,2,-2,3,-2,0,1,0,2,14,6,8,-12,-3,None
0,2,4,-1,-10,-5,-3,-2,-1,2,14,6,8,-12,-3,None
0,0,-1,-5,-7,-2,-2,-3,-1,2,14,6,8,-12,-3,None
0,0,-1,-5,-7,-2,-2,-3,-1,2,14,6,8,-12,-3,None
0,0,-1,-5,-7,-2,-2,-3,-1,2,14,6,8,-12,-3,None
0,-1,-6,-2,7,4,0,-1,0,2,14,6,8,-12,-3,None
0,-1,0,5,4,3,0,-2,-2,2,14,6,8,-12,-3,None
0,-3,-6,-13,5,0,-2,-1,0,2,14,6,8,-12,-3,None
0,0,8,2,6,-1,-1,-2,-2,2,14,6,8,-12,-3,None
0,0,8,2,6,-1,-1,-2,-2,2,14,6,8,-12,-3,None
0,0,8,2,6,-1,-1,-2,-2,2,14,6,8,-12,-2,None
0,-2,-11,-3,-3,-1,-3,-2,-2,2,14,6,8,-12,-2,None
0,-11,-36,0,1,3,1,-1,-2,2,14,6,8,-12,-2,None
0,-2,22,6,-1,-5,-1,-4,-2,2,14,6,8,-12,-2,None
0,5,1,3,7,7,-4,-4,-3,2,14,6,8,-12,-2,None
0,5,1,3,7,7,-4,-4,-3,2,14,6,8,-12,-2,None
0,5,1,3,7,7,-4,-4,-3,2,14,6,8,-12,-2,None
0,-8,-11,-36,-10,4,0,-2,-3,2,14,6,8,-12,-2,None
0,0,7,4,6,0,-1,-3,-3,2,14,6,8,-12,-2,None
0,2,-7,-4,-5,-1,0,-1,-1,2,14,6,8,-12,-2,None
0,-9,-2,-5,-1,-9,-1,0,-1,2,14,6,8,-12,-2,None
0,-9,-2,-5,-1,-9,-1,0,-1,2,14,6,8,-12,-2,None
0,-9,-2,-5,-1,-9,-1,0,-1,2,14,6,8,-12,-2,None
0,0,6,17,1,7,-2,-2,-1,2,14,6,8,-12,-2,None
0,2,8,-3,-1,1,-2,1,-1,2,14,6,8,-12,-2,None
0,-1,-3,-7,2,-1,0,-1,-1,2,14,6,8,-12,-2,None
0,1,6,1,5,5,0,-2,0,2,14,6,8,-12,-2,None
0,1,6,1,5,5,0,-2,0,2,14,6,8,-12,-2,None
0,1,6,1,5,5,0,-2,0,2,14,6,8,-11,-2,None
0,-4,-3,13,22,-5,0,1,-1,2,14,6,8,-11,-2,None
0,4,18,-6,-11,-5,-2,-2,-1,2,14,6,8,-11,-2,None
0,-1,-11,6,15,6,0,-2,0,2,14,6,8,-11,-2,None
0,0,-3,-4,-5,-3,0,0,0,2,14,6,8,-11,-2,None
0,0,-3,-4,-5,-3,0,0,0,2,14,6,8,-11,-2,None
0,0,-3,-4,-5,-3,0,0,0,2,14,6,8,-11,-3,None
0,-2,-1,2,5,0,-2,-3,-2,2,14,6,8,-11,-3,None
0,-5,6,-3,-2,-2,0,-1,-1,2,14,6,8,-11,-3,None
0,0,3,1,-1,-1,-2,-1,-1,2,14,6,8,-11,-3,None
0,-2,-2,-5,-5,-1,-3,-1,-1,2,14,6,8,-11,-3,None
0,-2,-2,-5,-5,-1,-3,-1,-1,2,14,6,8,-11,-3,None
0,-2,-2,-5,-5,-1,-3,-1,-1,2,14,6,8,-11,-3,None
0,-1,0,-3,-4,-1,-1,-3,0,2,14,6,8,-11,-3,None
0,2,2,3,3,0,-2,-3,-1,2,14,6,8,-11,-3,None
0,-6,3,-4,-9,-8,-7,-9,-2,2,14,6,8,-11,-3,None
0,-13,29,8,-1,-3,5,5,-3,2,14,6,8,-11,-3,None
0,-13,29,8,-1,-3,5,5,-3,2,14,6,8,-11,-3,None
0,-13,29,8,-1,-3,5,5,-3,2,14,6,8,-12,-3,None
0,-2,2,13,15,13,-1,-1,-1,2,14,6,8,-12,-3,None
0,-1,4,2,1,1,0,1,0,2,14,6,8,-12,-3,None
0,0,-12,-4,-6,0,-2,-2,-2,2,14,6,8,-12,-3,None
0,-3,9,-6,-6,-5,-3,-3,0,2,14,6,8,-12,-3,None
0,-3,9,-6,-6,-5,-3,-3,0,2,14,6,8,-12,-3,None
0,-3,9,-6,-6,-5,-3,-3,0,2,14,6,8,-12,-3,None
0,0,0,-4,-2,-4,-2,-1,-2,2,14,6,8,-12,-3,None
0,0,-4,-2,0,0,-2,-2,-2,2,14,6,8,-12,-3,None
0,-2,13,5,5,2,0,2,0,2,14,6,8,-12,-3,None
0,2,-12,-7,-2,1,-1,-2,-2,2,14,6,8,-12,-3,None
0,2,-12,-7,-2,1,-1,-2,-2,2,14,6,8,-12,-3,None
0,2,-12,-7,-2,1,-1,-2,-2,2,14,6,8,-11,-3,None
0,2,3,2,-6,2,1,2,1,2,14,6,8,-11,-3,None
0,1,-6,-11,0,1,-1,-1,-1,2,14,6,8,-11,-3,None
0,1,2,16,-18,-5,1,1,-1,2,14,6,8,-11,-3,None
0,4,7,-3,16,14,0,0,0,2,14,6,8,-11,-3,None
0,4,7,-3,16,14,0,0,0,2,14,6,8,-11,-3,None
0,4,7,-3,16,14,0,0,0,2,14,6,8,-11,-3,None
0,-4,-27,-13,-8,0,-2,-3,-2,2,14,6,8,-11,-3,None
0,-3,10,-5,-11,-4,-2,-1,0,2,14,6,8,-11,-3,None
0,-1,-2,-7,1,2,0,1,-3,2,14,6,8,-11,-3,None
0,1,-5,0,-10,-3,-1,-3,-1,2,14,6,8,-11,-3,None
0,1,-5,0,-10,-3,-1,-3,-1,2,14,6,8,-11,-3,None
0,1,-5,0,-10,-3,-1,-3,-1,2,14,6,8,-11,-3,None
0,-1,14,2,-2,-2,0,0,0,2,14,6,8,-11,-3,None
0,-3,-4,1,4,2,-1,-2,-2,2,14,6,8,-11,-3,None
0,9,14,-11,-3,2,1,0,-1,2,14,6,8,-11,-3,None
0,0,-4,-15,-7,-1,-2,0,-2,2,14,6,8,-11,-3,None
0,0,-4,-15,-7,-1,-2,0,-2,2,14,6,8,-11,-3,None
0,0,-4,-15,-7,-1,-2,0,-2,2,14,6,8,-12,-3,None
0,-1,-3,-3,4,0,0,-1,-1,2,14,6,8,-12,-3,None
0,4,4,-2,-16,-4,0,0,-1,2,14,6,8,-12,-3,None
0,1,-2,-2,-2,3,-1,-2,-1,2,14,6,8,-12,-3,None
0,-1,0,-3,10,-7,-3,-4,-3,2,14,6,8,-12,-3,None
0,-1,0,-3,10,-7,-3,-4,-3,2,14,6,8,-12,-3,None
0,-1,0,-3,10,-7,-3,-4,-3,2,14,6,8,-12,-3,None
0,-3,16,-2,-9,-2,-2,-2,-1,2,14,6,8,-12,-3,None
0,-3,-2,-2,7,2,-4,-3,-2,2,14,6,8,-12,-3,None
0,-4,6,3,0,4,1,2,0,2,14,6,8,-12,-3,None
0,-13,-9,-1,-7,2,-1,-1,0,2,14,6,8,-12,-3,None
0,-13,-9,-1,-7,2,-1,-1,0,2,14,6,8,-12,-3,None
0,-13,-9,-1,-7,2,-1,-1,0,2,14,6,8,-12,-3,None
0,33,-9,-5,12,5,0,-1,-7,2,14,6,8,-12,-3,None
0,-1,9,5,2,-1,0,-1,-1,2,14,6,8,-12,-3,None
0,-5,-11,1,-2,-1,-2,0,-1,2,14,6,8,-12,-3,None
0,4,0,9,4,-4,1,-2,0,2,14,6,8,-12,-3,None
0,4,0,9,4,-4,1,-2,0,2,14,6,8,-12,-3,None
0,4,0,9,4,-4,1,-2,0,2,14,6,8,-12,-2,None
0,-11,-25,-8,-6,3,-3,-2,3,2,14,6,8,-12,-2,None
0,-2,5,4,4,1,1,2,0,2,14,6,8,-12,-2,None
0,1,-4,-4,0,0,-2,-2,-4,2,14,6,8,-12,-2,None
0,-2,-9,-1,-29,-8,-3,-2,1,2,14,6,8,-12,-2,None
0,-2,-9,-1,-29,-8,-3,-2,1,2,14,6,8,-12,-2,None
0,-2,-9,-1,-29,-8,-3,-2,1,2,14,6,8,-12,-2,None
0,1,48,3,-2,-9,-5,-2,1,2,14,6,8,-12,-2,None
0,9,-17,0,5,3,0,-3,1,2,14,6,8,-12,-2,None
0,-10,-9,-12,20,20,-3,-3,-1,2,14,6,8,-12,-2,None
0,1,-2,7,3,0,0,-2,-2,2,14,6,8,-12,-2,None
0,1,-2,7,3,0,0,-2,-2,2,14,6,8,-12,-2,None
0,1,-2,7,3,0,0,-2,-2,2,14,6,8,-11,-2,None
0,-4,7,8,-2,4,-1,0,0,2,14,6,8,-11,-2,None
0,-4,1,-25,-3,0,-2,-3,-2,2,14,6,8,-11,-2,None
0,1,7,5,6,-5,-1,0,0,2,14,6,8,-11,-2,None
0,0,2,-12,-4,8,-3,-3,-2,2,14,6,8,-11,-2,None
0,0,2,-12,-4,8,-3,-3,-2,2,14,6,8,-11,-2,None
0,0,2,-12,-4,8,-3,-3,-2,2,14,6,8,-11,-2,None
0,0,-9,-2,-1,-2,1,-1,-2,2,14,6,8,-11,-2,None
0,-5,7,-2,-6,-3,-1,0,-1,2,14,6,8,-11,-2,None
0,-1,4,-3,0,1,-4,-4,-1,2,14,6,8,-11,-2,None
0,0,-27,-7,-10,-13,-1,-2,0,2,14,6,8,-11,-2,None
0,0,-27,-7,-10,-13,-1,-2,0,2,14,6,8,-11,-2,None
0,0,-27,-7,-10,-13,-1,-2,0,2,14,6,8,-11,-3,None
0,-10,-10,-4,-3,0,0,-1,-2,2,14,6,8,-11,-3,None
0,0,19,4,-9,-11,-1,-2,-3,2,14,6,8,-11,-3,None
0,-3,-4,-8,18,16,2,-1,-2,2,14,6,8,-11,-3,None
0,0,10,11,8,5,-1,-2,-1,2,14,6,8,-11,-3,None
0,0,10,11,8,5,-1,-2,-1,2,14,6,8,-11,-3,None
0,0,10,11,8,5,-1,-2,-1,2,14,6,8,-11,-3,None
0,-3,-6,-8,-8,-10,-3,-1,-2,2,14,6,8,-11,-3,None
0,-2,2,16,-7,-6,-4,-2,-1,2,14,6,8,-11,-3,None
0,-5,24,12,-7,-8,-1,-2,-1,2,14,6,8,-11,-3,None
0,1,-8,-15,-6,3,-2,0,-3,2,14,6,8,-11,-3,None
0,1,-8,-15,-6,3,-2,0,-3,2,14,6,8,-11,-3,None
0,1,-8,-15,-6,3,-2,0,-3,2,14,6,8,-12,-4,None
0,-7,-2,2,11,7,1,-1,0,2,14,6,8,-12,-4,None
0,-5,-2,-1,2,6,0,0,-2,2,14,6,8,-12,-4,None
0,4,-3,2,-9,-10,-1,0,0,2,14,6,8,-12,-4,None
0,-8,0,-15,3,6,-1,-2,-1,2,14,6,8,-12,-4,None
0,-8,0,-15,3,6,-1,-2,-1,2,14,6,8,-12,-4,None
0,-8,0,-15,3,6,-1,-2,-1,2,14,6,8,-11,-4,None
0,-3,4,3,-15,-2,-1,-1,-3,2,14,6,8,-11,-4,None
0,-1,-4,-3,18,8,-2,-2,-2,2,14,6,8,-11,-4,None
0,-2,-11,-6,-4,0,0,-2,-1,2,14,6,8,-11,-4,None
0,2,9,-1,2,0,0,1,-2,2,14,6,8,-11,-4,None
0,2,9,-1,2,0,0,1,-2,2,14,6,8,-11,-4,None
0,2,9,-1,2,0,0,1,-2,2,14,6,8,-11,-3,None
0,-1,-3,-4,2,0,-2,0,1,2,14,6,8,-11,-3,None
0,4,0,1,-3,-6,-2,-3,-2,2,14,6,8,-11,-3,None
0,-2,-6,-9,-1,2,0,2,-2,2,14,6,8,-11,-3,None
0,2,10,4,5,0,1,-2,-2,2,14,6,8,-11,-3,None
0,2,10,4,5,0,1,-2,-2,2,14,6,8,-11,-3,None
0,2,10,4,5,0,1,-2,-2,2,14,6,8,-11,-3,None
0,-6,-16,5,-2,9,-5,-2,-2,2,14,6,8,-11,-3,None
0,-4,-8,-2,3,9,1,-2,-1,2,14,6,8,-11,-3,None
0,1,5,-4,-7,-5,-1,0,0,2,14,6,8,-11,-3,None
0,0,-2,1,-2,-2,-1,-1,1,2,14,6,8,-11,-3,None
0,0,-2,1,-2,-2,-1,-1,1,2,14,6,8,-11,-3,None
0,0,-2,1,-2,-2,-1,-1,1,2,14,6,8,-11,-3,None
0,-1,7,-5,0,-3,0,-3,-2,2,14,6,8,-11,-3,None
0,-5,-4,-10,-3,-1,-1,-3,-3,2,14,6,8,-11,-3,None
0,4,14,-5,-6,0,-1,-2,-1,2,14,6,8,-11,-3,None
0,-16,-3,-19,0,5,2,2,-1,2,14,6,8,-11,-3,None
0,-16,-3,-19,0,5,2,2,-1,2,14,6,8,-11,-3,None
0,-16,-3,-19,0,5,2,2,-1,2,14,6,8,-12,-3,None
0,3,0,2,8,4,0,1,-2,2,14,6,8,-12,-3,None
0,-6,1,4,16,4,-3,-3,-2,2,14,6,8,-12,-3,None
0,3,3,-6,-1,-2,0,-3,-3,2,14,6,8,-12,-3,None
0,-4,3,5,-2,2,-1,0,0,2,14,6,8,-12,-3,None
0,-4,3,5,-2,2,-1,0,0,2,14,6,8,-12,-3,None
0,-4,3,5,-2,2,-1,0,0,2,14,6,8,-12,-3,None
0,-1,1,-5,-6,-4,-1,-3,-1,2,14,6,8,-12,-3,None
0,3,-2,-5,-5,0,-2,1,1,2,14,6,8,-12,-3,None
0,-12,-7,3,-2,1,0,-2,-1,2,14,6,8,-12,-3,None
0,5,2,3,6,-1,0,1,-3,2,14,6,8,-12,-3,None
0,5,2,3,6,-1,0,1,-3,2,14,6,8,-12,-3,None
0,5,2,3,6,-1,0,1,-3,2,14,6,8,-12,-2,None
0,-1,-2,-1,-3,-2,-1,0,-1,2,14,6,8,-12,-2,None
0,3,4,0,-12,-1,0,0,0,2,14,6,8,-12,-2,None
0,-2,-9,8,24,-2,-1,-2,-2,2,14,6,8,-12,-2,None
0,5,7,2,-7,4,-2,-3,-1,2,14,6,8,-12,-2,None
0,5,7,2,-7,4,-2,-3,-1,2,14,6,8,-12,-2,None
0,5,7,2,-7,4,-2,-3,-1,2,14,6,8,-12,-2,None
0,0,-9,-9,1,1,-1,-3,-3,2,14,6,8,-12,-2,None
0,-5,0,-2,-2,4,2,0,0,2,14,6,8,-12,-2,None
0,-1,-7,-3,-4,-1,0,0,-1,2,14,6,8,-12,-2,None
0,2,-5,-1,3,1,-2,-2,-2,2,14,6,8,-12,-2,None
0,2,-5,-1,3,1,-2,-2,-2,2,14,6,8,-12,-2,None
0,2,-5,-1,3,1,-2,-2,-2,2,14,6,8,-12,-3,None
0,-5,7,1,-4,-3,-1,-1,-1,2,14,6,8,-12,-3,None
0,-1,-1,-3,1,-1,-2,-1,-2,2,14,6,8,-12,-3,None
0,-2,-7,-6,-6,0,-1,-1,-4,2,14,6,8,-12,-3,None
0,3,9,14,-6,-3,-2,-2,-1,2,14,6,8,-12,-3,None
0,3,9,14,-6,-3,-2,-2,-1,2,14,6,8,-12,-3,None
0,3,9,14,-6,-3,-2,-2,-1,2,14,6,8,-12,-3,None
0,-2,15,-11,0,0,0,-1,-1,2,14,6,8,-12,-3,None
0,5,-10,5,-6,-1,-4,-2,-2,2,14,6,8,-12,-3,None
0,-3,3,-2,-14,-5,-3,-3,-1,2,14,6,8,-12,-3,None
0,-4,2,-14,-8,-3,0,1,0,2,14,6,8,-12,-3,None
0,-4,2,-14,-8,-3,0,1,0,2,14,6,8,-12,-3,None
0,-4,2,-14,-8,-3,0,1,0,2,14,6,9,-12,-3,None
0,23,0,0,2,11,-1,-4,-4,2,14,6,9,-12,-3,None
0,-2,-6,-5,1,1,-1,-2,0,2,14,6,9,-12,-3,None
0,-4,1,-3,-6,2,0,0,0,2,14,6,9,-12,-3,None
0,4,-3,0,-1,-5,-2,-2,1,2,14,6,9,-12,-3,None
0,4,-3,0,-1,-5,-2,-2,1,2,14,6,9,-12,-3,None
0,4,-3,0,-1,-5,-2,-2,1,2,14,6,8,-12,-3,None
0,-8,4,-4,-4,-7,-2,-1,-1,2,14,6,8,-12,-3,None
0,-2,7,1,-1,-1,1,2,-1,2,14,6,8,-12,-3,None
0,5,-4,6,-20,-3,-2,-2,-3,2,14,6,8,-12,-3,None
0,-7,-2,7,12,2,-1,-2,-1,2,14,6,8,-12,-3,None
0,-7,-2,7,12,2,-1,-2,-1,2,14,6,8,-12,-3,None
0,-7,-2,7,12,2,-1,-2,-1,2,14,6,8,-11,-3,None
0,-1,14,-8,-6,-5,-2,-1,-2,2,14,6,8,-11,-3,None
0,-5,-18,-2,-1,1,-2,-1,-3,2,14,6,8,-11,-3,None
0,-3,3,-5,5,-2,-1,-1,-1,2,14,6,8,-11,-3,None
0,0,-3,-3,1,3,-1,-1,-4,2,14,6,8,-11,-3,None
0,0,-3,-3,1,3,-1,-1,-4,2,14,6,8,-11,-3,None
0,0,-3,-3,1,3,-1,-1,-4,2,14,6,8,-12,-3,None
0,-5,2,1,0,-1,-1,-2,-2,2,14,6,8,-12,-3,None
0,-1,6,-3,4,3,2,0,0,2,14,6,8,-12,-3,None
0,9,15,-9,-18,-3,-1,2,-2,2,14,6,8,-12,-3,None
0,3,-12,0,18,4,0,-1,0,2,14,6,8,-12,-3,None
0,3,-12,0,18,4,0,-1,0,2,14,6,8,-12,-3,None
0,3,-12,0,18,4,0,-1,0,2,14,6,8,-11,-3,None
0,-3,-7,-27,-9,1,-2,-1,-2,2,14,6,8,-11,-3,None
0,-7,1,-2,20,14,-2,-3,-2,2,14,6,8,-11,-3,None
0,-2,3,-5,-3,-5,-3,-5,-2,2,14,6,8,-11,-3,None
0,-1,5,-10,-7,-3,0,-1,-2,2,14,6,8,-11,-3,None
0,-1,5,-10,-7,-3,0,-1,-2,2,14,6,8,-11,-3,None
0,-1,5,-10,-7,-3,0,-1,-2,2,14,6,8,-12,-3,None
0,-9,-4,11,-2,-1,0,0,-1,2,14,6,8,-12,-3,None
0,21,7,-3,-2,-3,-1,-1,-2,2,14,6,8,-12,-3,None
0,-2,3,3,4,3,0,0,0,2,14,6,8,-12,-3,None
0,-4,-20,7,2,-2,-2,-3,-3,2,14,6,8,-12,-3,None
0,-4,-20,7,2,-2,-2,-3,-3,2,14,6,8,-12,-3,None
0,-4,-20,7,2,-2,-2,-3,-3,2,14,6,8,-11,-3,None
0,1,-3,2,7,0,-1,0,1,2,14,6,8,-11,-3,None
0,-7,3,0,-13,1,0,-1,-1,2,14,6,8,-11,-3,None
0,-3,-8,2,12,6,-2,-2,-3,2,14,6,8,-11,-3,None
0,-1,7,-5,-10,0,-2,-1,-3,2,14,6,8,-11,-3,None
0,-1,7,-5,-10,0,-2,-1,-3,2,14,6,8,-11,-3,None
0,-1,7,-5,-10,0,-2,-1,-3,2,14,6,8,-12,-3,None
0,-5,3,2,-3,-3,-4,-5,1,2,14,6,8,-12,-3,None
0,-4,3,-1,-1,-4,2,4,-1,2,14,6,8,-12,-3,None
0,-1,-7,-5,0,3,0,-1,1,2,14,6,8,-12,-3,None
0,-2,7,-3,1,2,-2,-1,-2,2,14,6,8,-12,-3,None
0,-2,7,-3,1,2,-2,-1,-2,2,14,6,8,-12,-3,None
0,-2,7,-3,1,2,-2,-1,-2,2,14,6,8,-12,-3,None
0,-2,-3,8,5,2,-2,-1,0,2,14,6,8,-12,-3,None
0,1,19,4,0,-3,-3,-5,-2,2,14,6,8,-12,-3,None
0,-5,-28,-6,20,3,2,5,-2,2,14,6,8,-12,-3,None
0,-3,5,2,11,1,0,0,0,2,14,6,8,-12,-3,None
0,-3,5,2,11,1,0,0,0,2,14,6,8,-12,-3,None
0,-3,5,2,11,1,0,0,0,2,14,6,8,-12,-3,None
0,5,5,7,18,5,1,0,0,2,14,6,8,-12,-3,None
0,-6,-12,-9,-1,10,-2,-2,-1,2,14,6,8,-12,-3,None
0,-3,6,1,-22,-2,-1,-3,-1,2,14,6,8,-12,-3,None
0,-2,1,-6,2,-2,-2,-1,-2,2,14,6,8,-12,-3,None
0,-2,1,-6,2,-2,-2,-1,-2,2,14,6,8,-12,-3,None
0,-2,1,-6,2,-2,-2,-1,-2,2,14,6,8,-12,-3,None
0,0,-6,-7,-1,-2,1,2,-3,2,14,6,8,-12,-3,None
0,-3,5,0,-3,-6,-2,-1,-2,2,14,6,8,-12,-3,None
0,-1,3,-2,11,1,-2,-3,-2,2,14,6,8,-12,-3,None
0,-1,-1,-5,-9,-3,-3,-4,-2,2,14,6,8,-12,-3,None
0,-1,-1,-5,-9,-3,-3,-4,-2,2,14,6,8,-12,-3,None
0,-1,-1,-5,-9,-3,-3,-4,-2,2,14,6,8,-12,-3,None
0,-1,4,-2,-7,-1,0,-2,-1,2,14,6,8,-12,-3,None
0,-17,12,-15,-4,1,2,4,-3,2,14,6,8,-12,-3,None
0,2,-24,-8,-6,-3,-2,-2,-2,2,14,6,8,-12,-3,None
0,1,5,8,18,-2,1,-2,0,2,14,6,8,-12,-3,None
0,1,5,8,18,-2,1,-2,0,2,14,6,8,-12,-3,None
0,1,5,8,18,-2,1,-2,0,2,14,6,8,-11,-3,None
0,-6,-13,1,-15,7,-1,-3,-3,2,14,6,8,-11,-3,None
0,-5,-1,-8,10,-1,-2,-3,-1,2,14,6,8,-11,-3,None
0,2,6,3,4,0,-1,-1,0,2,14,6,8,-11,-3,None
0,-1,2,-7,-18,-2,-1,-1,-3,2,14,6,8,-11,-3,None
0,-1,2,-7,-18,-2,-1,-1,-3,2,14,6,8,-11,-3,None
0,-1,2,-7,-18,-2,-1,-1,-3,2,14,6,8,-12,-3,None
0,0,13,-6,1,-1,-2,-3,0,2,14,6,8,-12,-3,None
0,-1,-44,2,-6,-5,1,-1,-2,2,14,6,8,-12,-3,None
0,-5,6,-1,-11,2,-1,-2,-2,2,14,6,8,-12,-3,None
0,12,1,-8,-24,-1,-1,-2,-1,2,14,6,8,-12,-3,None
0,12,1,-8,-24,-1,-1,-2,-1,2,14,6,8,-12,-3,None
0,12,1,-8,-24,-1,-1,-2,-1,2,14,6,8,-12,-3,None
0,-1,4,-2,3,0,-1,-2,-3,2,14,6,8,-12,-3,None
0,5,7,1,-1,-8,-1,-3,-1,2,14,6,8,-12,-3,None
0,-1,6,1,12,7,-2,-1,-2,2,14,6,8,-12,-3,None
0,-8,-3,-6,1,4,-2,-1,-2,2,14,6,8,-12,-3,None
0,-8,-3,-6,1,4,-2,-1,-2,2,14,6,8,-12,-3,None
0,-8,-3,-6,1,4,-2,-1,-2,2,14,6,8,-11,-3,None
0,-2,-2,-2,-7,-2,-2,-1,-2,2,14,6,8,-11,-3,None
0,4,4,-2,2,-1,-1,-1,0,2,14,6,8,-11,-3,None
0,-4,4,4,-1,-2,2,0,-2,2,14,6,8,-11,-3,None
0,-2,6,-22,-10,0,0,0,-2,2,14,6,8,-11,-3,None
0,-2,6,-22,-10,0,0,0,-2,2,14,6,8,-11,-3,None
0,-2,6,-22,-10,0,0,0,-2,2,14,6,8,-11,-3,None
0,-1,-19,17,6,7,-1,0,-1,2,14,6,8,-11,-3,None
0,2,-7,-3,-25,-11,-2,-3,0,2,14,6,8,-11,-3,None
0,-3,4,2,17,9,-2,-4,-2,2,14,6,8,-11,-3,None
0,-2,0,2,-3,-1,-1,0,-2,2,14,6,8,-11,-3,None
0,-2,0,2,-3,-1,-1,0,-2,2,14,6,8,-11,-3,None
0,-2,0,2,-3,-1,-1,0,-2,2,14,6,8,-12,-3,None
0,1,8,-6,4,-3,0,-1,-2,2,14,6,8,-12,-3,None
0,-4,4,-7,-3,1,-2,-1,-1,2,14,6,8,-12,-3,None
0,0,5,0,-11,-6,-2,-1,-1,2,14,6,8,-12,-3,None
0,-1,2,2,7,3,-2,-4,-1,2,14,6,8,-12,-3,None
0,-1,2,2,7,3,-2,-4,-1,2,14,6,8,-12,-3,None
0,-1,2,2,7,3,-2,-4,-1,2,14,6,8,-12,-3,None
0,-11,-3,-6,1,-2,-1,1,-3,2,14,6,8,-12,-3,None
0,29,5,1,1,2,-2,-4,-2,2,14,6,8,-12,-3,None
0,-3,5,-21,19,-3,0,2,1,2,14,6,8,-12,-3,None
0,-7,-4,-23,-1,24,-2,-6,-5,2,14,6,8,-12,-3,None
0,-7,-4,-23,-1,24,-2,-6,-5,2,14,6,8,-12,-3,None
0,-7,-4,-23,-1,24,-2,-6,-5,2,14,6,8,-11,-3,None
0,4,2,0,15,1,-1,-4,-1,2,14,6,8,-11,-3,None
0,-8,0,-1,-2,4,0,-3,-2,2,14,6,8,-11,-3,None
0,2,4,4,3,-3,-2,0,-1,2,14,6,8,-11,-3,None
0,1,-3,3,2,-6,0,0,1,2,14,6,8,-11,-3,None
0,1,-3,3,2,-6,0,0,1,2,14,6,8,-11,-3,None
0,1,-3,3,2,-6,0,0,1,2,14,6,8,-12,-3,None
0,-7,-4,-6,-6,-2,0,1,-1,2,14,6,8,-12,-3,None
0,-7,3,-6,2,3,0,-1,-2,2,14,6,8,-12,-3,None
0,1,9,3,-6,-3,-3,-4,-1,2,14,6,8,-12,-3,None
0,-6,-35,22,10,-2,-1,0,0,2,14,6,8,-12,-3,None
0,-6,-35,22,10,-2,-1,0,0,2,14,6,8,-12,-3,None
0,-6,-35,22,10,-2,-1,0,0,2,14,6,8,-11,-3,None
0,2,5,-3,-9,-3,-2,-2,-2,2,14,6,8,-11,-3,None
0,-4,2,5,8,-3,0,-2,-1,2,14,6,8,-11,-3,None
0,-1,0,-3,-14,-1,-1,-1,-3,2,14,6,8,-11,-3,None
0,1,10,-2,-4,-3,-2,-3,-1,2,14,6,8,-11,-3,None
0,1,10,-2,-4,-3,-2,-3,-1,2,14,6,8,-11,-3,None
0,1,10,-2,-4,-3,-2,-3,-1,2,14,6,8,-11,-3,None
0,0,0,-4,4,-1,2,2,-1,2,14,6,8,-11,-3,None
0,-3,-4,1,2,2,-3,0,-3,2,14,6,8,-11,-3,None
0,-6,-5,-7,-17,-1,1,-4,1,2,14,6,8,-11,-3,None
0,6,29,-13,21,6,0,3,-3,2,14,6,8,-11,-3,None
0,6,29,-13,21,6,0,3,-3,2,14,6,8,-11,-3,None
0,6,29,-13,21,6,0,3,-3,2,14,6,8,-11,-3,None
0,-3,-13,-3,-14,-12,-4,-3,-2,2,14,6,8,-11,-3,None
0,-5,8,3,-7,1,-1,-2,-2,2,14,6,8,-11,-3,None
0,-1,-6,3,-3,7,-2,-3,-3,2,14,6,8,-11,-3,None
0,2,9,5,-3,-6,-4,-4,1,2,14,6,8,-11,-3,None
0,2,9,5,-3,-6,-4,-4,1,2,14,6,8,-11,-3,None
0,2,9,5,-3,-6,-4,-4,1,2,14,6,8,-11,-3,None
0,3,2,1,-4,-1,0,0,3,2,14,6,8,-11,-3,None
0,0,-1,-20,-2,1,1,3,-1,2,14,6,8,-11,-3,None
0,-20,1,16,-13,-5,0,0,1,2,14,6,8,-11,-3,None
0,8,-14,-16,5,1,1,0,0,2,14,6,8,-11,-3,None
0,8,-14,-16,5,1,1,0,0,2,14,6,8,-11,-3,None
0,8,-14,-16,5,1,1,0,0,2,14,6,8,-12,-3,None
0,-6,5,3,2,0,-3,-3,-4,2,14,6,8,-12,-3,None
0,3,0,2,-2,1,-1,-3,-1,2,14,6,8,-12,-3,None
0,-5,-1,0,6,-1,-2,0,-3,2,14,6,8,-12,-3,None
0,-7,-3,5,-4,-1,-2,-2,0,2,14,6,8,-12,-3,None
0,-7,-3,5,-4,-1,-2,-2,0,2,14,6,8,-12,-3,None
0,-7,-3,5,-4,-1,-2,-2,0,2,14,6,8,-11,-3,None
0,-1,4,-5,-5,3,-2,0,-1,2,14,6,8,-11,-3,None
0,-3,9,6,7,-2,2,3,1,2,14,6,8,-11,-3,None
0,4,-8,-11,14,11,-3,-7,-2,2,14,6,8,-11,-3,None
0,-2,7,2,-23,0,1,3,-3,2,14,6,8,-11,-3,None
0,-2,7,2,-23,0,1,3,-3,2,14,6,8,-11,-3,None
0,-2,7,2,-23,0,1,3,-3,2,14,6,8,-11,-3,None
0,5,2,-8,7,4,-1,-2,-2,2,14,6,8,-11,-3,None
0,-3,3,6,-2,-3,-2,-3,-2,2,14,6,8,-11,-3,None
0,5,2,-7,0,-3,0,-1,-1,2,14,6,8,-11,-3,None
0,-3,-2,3,-4,-4,-1,-2,-1,2,14,6,8,-11,-3,None
0,-3,-2,3,-4,-4,-1,-2,-1,2,14,6,8,-11,-3,None
0,-3,-2,3,-4,-4,-1,-2,-1,2,14,6,8,-11,-3,None
0,-5,2,5,0,1,-5,-6,-4,2,14,6,8,-11,-3,None
0,-2,-6,-17,-2,4,1,1,-1,2,14,6,8,-11,-3,None
0,0,-1,1,17,-8,1,0,-1,2,14,6,8,-11,-3,None
0,-2,16,4,-24,-2,-3,-2,-4,2,14,6,8,-11,-3,None
0,-2,16,4,-24,-2,-3,-2,-4,2,14,6,8,-11,-3,None
0,-2,16,4,-24,-2,-3,-2,-4,2,14,6,8,-11,-3,None
0,-1,-15,-6,12,-1,-2,-2,-1,2,14,6,8,-11,-3,None
0,-3,8,5,10,7,-1,-2,-2,2,14,6,8,-11,-3,None
0,2,-4,-7,-3,-5,-1,0,0,2,14,6,8,-11,-3,None
0,-2,6,4,3,-5,-1,-1,-1,2,14,6,8,-11,-3,None
0,-2,6,4,3,-5,-1,-1,-1,2,14,6,8,-11,-3,None
0,-2,6,4,3,-5,-1,-1,-1,2,14,6,8,-12,-3,None
0,2,1,-4,-6,0,0,0,1,2,14,6,8,-12,-3,None
0,-2,-6,-1,-8,-3,-6,-3,-2,2,14,6,8,-12,-3,None
0,1,8,-3,-12,3,2,2,0,2,14,6,8,-12,-3,None
0,-3,9,-16,22,5,0,-1,1,2,14,6,8,-12,-3,None
0,-3,9,-16,22,5,0,-1,1,2,14,6,8,-12,-3,None
0,-3,9,-16,22,5,0,-1,1,2,14,6,8,-11,-3,None
0,3,-44,-14,-11,5,1,1,-1,2,14,6,8,-11,-3,None
0,-2,-2,2,-2,-7,-1,-2,-1,2,14,6,8,-11,-3,None
0,-2,3,-3,-7,1,-2,-2,-2,2,14,6,8,-11,-3,None
0,2,-4,3,3,1,-1,-1,-2,2,14,6,8,-11,-3,None
0,2,-4,3,3,1,-1,-1,-2,2,14,6,8,-11,-3,None
0,2,-4,3,3,1,-1,-1,-2,2,14,6,8,-11,-3,None
0,-6,15,-1,1,0,-1,-1,0,2,14,6,8,-11,-3,None
0,-2,5,0,-2,-1,1,0,-1,2,14,6,8,-11,-3,None
0,4,-8,1,-11,2,1,2,0,2,14,6,8,-11,-3,None
0,-9,-5,-8,9,0,-1,-2,-1,2,14,6,8,-11,-3,None
0,-9,-5,-8,9,0,-1,-2,-1,2,14,6,8,-11,-3,None
0,-9,-5,-8,9,0,-1,-2,-1,2,14,6,8,-11,-3,None
0,0,14,3,-4,-2,-1,-2,-2,2,14,6,8,-11,-3,None
0,6,12,2,-5,-1,-4,-3,-1,2,14,6,8,-11,-3,None
0,-10,-29,-1,5,-3,-2,-1,-3,2,14,6,8,-11,-3,None
0,-3,-8,0,15,10,-2,-4,-4,2,14,6,8,-11,-3,None
0,-3,-8,0,15,10,-2,-4,-4,2,14,6,8,-11,-3,None
0,-3,-8,0,15,10,-2,-4,-4,2,14,6,8,-12,-3,None
0,-2,9,-5,-12,3,2,1,-2,2,14,6,8,-12,-3,None
0,3,-7,-6,3,1,0,0,-2,2,14,6,8,-12,-3,None
0,1,8,-9,2,-1,-3,-2,0,2,14,6,8,-12,-3,None
0,0,0,-5,-7,-4,0,0,2,2,14,6,8,-12,-3,None
0,0,0,-5,-7,-4,0,0,2,2,14,6,8,-12,-3,None
0,0,0,-5,-7,-4,0,0,2,2,14,6,8,-12,-3,None
0,-2,-4,19,23,3,-1,-2,-2,2,14,6,8,-12,-3,None
0,-3,3,-11,-32,-1,-2,-3,0,2,14,6,8,-12,-3,None
0,2,9,5,-3,-1,-2,-3,-2,2,14,6,8,-12,-3,None
0,-1,-6,6,4,-1,-1,-2,-2,2,14,6,8,-12,-3,None
0,-1,-6,6,4,-1,-1,-2,-2,2,14,6,8,-12,-3,None
0,-1,-6,6,4,-1,-1,-2,-2,2,14,6,8,-12,-3,None
0,-1,10,2,-4,-1,-3,-2,-3,2,14,6,8,-12,-3,None
0,-2,-5,-4,12,3,-3,-1,-2,2,14,6,8,-12,-3,None
0,0,6,-7,-3,0,-1,-2,-2,2,14,6,8,-12,-3,None
0,0,-2,14,-13,-3,-3,-2,-1,2,14,6,8,-12,-3,None
0,0,-2,14,-13,-3,-3,-2,-1,2,14,6,8,-12,-3,None
0,0,-2,14,-13,-3,-3,-2,-1,2,14,6,8,-11,-3,None
0,-2,11,-4,-6,-3,-2,-1,0,2,14,6,8,-11,-3,None
0,-5,-25,-16,5,0,-1,-1,-1,2,14,6,8,-11,-3,None
0,0,-37,-1,-2,1,-2,-2,-1,2,14,6,8,-11,-3,None
0,-4,18,4,17,3,0,-2,-1,2,14,6,8,-11,-3,None
0,-4,18,4,17,3,0,-2,-1,2,14,6,8,-11,-3,None
0,-4,18,4,17,3,0,-2,-1,2,14,6,8,-11,-3,None
0,0,8,-6,-13,-3,-3,-2,-1,2,14,6,8,-11,-3,None
0,-3,-3,3,4,6,-2,-2,-4,2,14,6,8,-11,-3,None
0,1,11,-1,-6,-2,-1,-2,-2,2,14,6,8,-11,-3,None
0,0,-11,-9,-14,-1,0,0,-2,2,14,6,8,-11,-3,None
0,0,-11,-9,-14,-1,0,0,-2,2,14,6,8,-11,-3,None
0,0,-11,-9,-14,-1,0,0,-2,2,14,6,8,-12,-3,None
0,5,24,12,9,-2,-2,-2,1,2,14,6,8,-12,-3,None
0,-2,-11,-3,-9,-2,-1,2,-5,2,14,6,8,-12,-3,None
0,-2,8,1,10,3,-1,-3,0,2,14,6,8,-12,-3,None
0,-2,0,-2,-11,-3,-1,-1,-2,2,14,6,8,-12,-3,None
0,-2,0,-2,-11,-3,-1,-1,-2,2,14,6,8,-12,-3,None
0,-2,0,-2,-11,-3,-1,-1,-2,2,14,6,8,-12,-3,None
0,2,5,-4,-4,1,0,-1,0,2,14,6,8,-12,-3,None
0,-5,3,0,3,-2,0,-2,2,2,14,6,8,-12,-3,None
0,-5,3,0,3,-2,0,-2,2,2,14,6,8,-12,-3,None
0,-5,3,0,3,-2,0,-2,2,2,14,6,8,-11,-2,None
0,-6,7,3,1,1,-1,-1,-2,2,14,6,8,-11,-2,None
0,10,-4,-1,8,1,-1,-1,0,2,14,6,8,-11,-2,None
0,-8,-1,-8,-2,2,1,0,-1,2,14,6,8,-11,-2,None
0,-5,-22,-9,15,-2,-2,-4,-3,2,14,6,8,-11,-2,None
0,-5,-22,-9,15,-2,-2,-4,-3,2,14,6,8,-11,-2,None
0,-5,-22,-9,15,-2,-2,-4,-3,2,14,6,8,-11,-2,None
0,-1,2,2,-10,5,-5,-3,-4,2,14,6,8,-11,-2,None
0,-2,4,-4,1,3,0,-1,0,2,14,6,8,-11,-2,None
0,-1,-10,-8,-2,0,-2,0,-2,2,14,6,8,-11,-2,None
0,2,15,5,0,2,1,0,-1,2,14,6,8,-11,-2,None
0,2,15,5,0,2,1,0,-1,2,14,6,8,-11,-2,None
0,2,15,5,0,2,1,0,-1,2,14,6,8,-11,-2,None
0,3,10,-5,2,-4,-2,-2,-3,2,14,6,8,-11,-2,None
0,-4,-6,-1,1,0,-1,-1,-1,2,14,6,8,-11,-2,None
0,1,-24,-4,7,2,-2,-4,-2,2,14,6,8,-11,-2,None
0,-6,0,2,8,2,0,-1,0,2,14,6,8,-11,-2,None
0,-6,0,2,8,2,0,-1,0,2,14,6,8,-11,-2,None
0,-6,0,2,8,2,0,-1,0,2,14,6,7,-12,-3,None
0,-3,3,-7,-21,-4,2,0,-1,2,14,6,7,-12,-3,None
0,-1,6,-19,-12,4,-4,-2,-2,2,14,6,7,-12,-3,None
0,-3,-5,-1,6,-3,1,1,-2,2,14,6,7,-12,-3,None
0,0,10,-1,7,0,-2,-3,0,2,14,6,7,-12,-3,None
0,0,10,-1,7,0,-2,-3,0,2,14,6,7,-12,-3,None
0,0,10,-1,7,0,-2,-3,0,2,14,6,7,-12,-3,None
0,-15,1,3,8,3,-1,0,-2,2,14,6,7,-12,-3,None
0,29,-3,2,-4,-1,0,-3,-4,2,14,6,7,-12,-3,None
0,2,13,-3,-1,2,0,-2,-1,2,14,6,7,-12,-3,None
0,-1,2,-3,-1,5,-2,-1,-3,2,14,6,7,-12,-3,None
0,-1,2,-3,-1,5,-2,-1,-3,2,14,6,7,-12,-3,None
0,-1,2,-3,-1,5,-2,-1,-3,2,14,6,7,-12,-3,None
0,4,17,-2,-7,-3,-3,-3,-1,2,14,6,7,-12,-3,None
0,-14,-28,-4,2,-4,-2,-2,-1,2,14,6,7,-12,-3,None
0,-5,-3,1,2,1,-1,-2,-2,2,14,6,7,-12,-3,None
0,6,9,-9,-4,0,0,2,-2,2,14,6,7,-12,-3,None
0,6,9,-9,-4,0,0,2,-2,2,14,6,7,-12,-3,None
0,6,9,-9,-4,0,0,2,-2,2,14,6,8,-12,-3,None
0,-1,-5,-6,7,0,0,-2,-2,2,14,6,8,-12,-3,None
0,-6,9,2,2,-2,0,-1,-1,2,14,6,8,-12,-3,None
0,1,-4,-7,-5,1,0,1,-1,2,14,6,8,-12,-3,None
0,-6,2,4,-7,0,-4,-4,-3,2,14,6,8,-12,-3,None
0,-6,2,4,-7,0,-4,-4,-3,2,14,6,8,-12,-3,None
0,-6,2,4,-7,0,-4,-4,-3,2,14,6,9,-11,-3,None
0,4,4,-2,2,0,2,1,0,2,14,6,9,-11,-3,None
0,-2,-2,-1,15,4,0,-1,1,2,14,6,9,-11,-3,None
0,1,18,6,-11,2,-2,-3,-4,2,14,6,9,-11,-3,None
0,1,1,1,-8,-3,-2,-2,-1,2,14,6,9,-11,-3,None
0,1,1,1,-8,-3,-2,-2,-1,2,14,6,9,-11,-3,None
0,1,1,1,-8,-3,-2,-2,-1,2,14,6,9,-11,-3,None
0,0,-1,-12,4,0,-3,-1,-1,2,14,6,9,-11,-3,None
0,-4,4,12,0,-4,1,2,2,2,14,6,9,-11,-3,None
0,-8,2,-1,6,3,1,-1,1,2,14,6,9,-11,-3,None
0,-3,2,-26,-2,0,-1,-2,0,2,14,6,9,-11,-3,None
0,-3,2,-26,-2,0,-1,-2,0,2,14,6,9,-11,-3,None
0,-3,2,-26,-2,0,-1,-2,0,2,14,6,9,-11,-3,None
0,1,0,4,-1,1,-4,-2,-2,2,14,6,9,-11,-3,None
0,-7,2,-4,-6,-3,-4,-3,-3,2,14,6,9,-11,-3,None
0,2,1,-5,-3,1,-3,-2,0,2,14,6,9,-11,-3,None
0,-1,2,3,2,1,0,1,-3,2,14,6,9,-11,-3,None
0,-1,2,3,2,1,0,1,-3,2,14,6,9,-11,-3,None
0,-1,2,3,2,1,0,1,-3,2,14,6,9,-12,-3,None
0,-3,-10,-10,-4,0,0,-1,-2,2,14,6,9,-12,-3,None
0,1,18,1,4,1,-3,-3,-2,2,14,6,9,-12,-3,None
0,-3,-17,-10,-2,-6,-3,-3,-3,2,14,6,9,-12,-3,None
0,2,-3,3,3,0,-2,-3,0,2,14,6,9,-12,-3,None
0,2,-3,3,3,0,-2,-3,0,2,14,6,9,-12,-3,None
0,2,-3,3,3,0,-2,-3,0,2,14,6,8,-12,-2,None
0,0,3,2,3,5,-2,-2,-1,2,14,6,8,-12,-2,None
0,-3,-1,-2,-6,0,2,0,-2,2,14,6,8,-12,-2,None
0,-12,-3,2,4,0,1,0,0,2,14,6,8,-12,-2,None
0,32,-1,-1,-12,-4,-2,-4,-3,2,14,6,8,-12,-2,None
0,32,-1,-1,-12,-4,-2,-4,-3,2,14,6,8,-12,-2,None
0,32,-1,-1,-12,-4,-2,-4,-3,2,14,6,8,-11,-2,None
0,1,-3,0,12,0,-1,-1,-1,2,14,6,8,-11,-2,None
0,-1,6,5,-8,-3,-5,-3,1,2,14,6,8,-11,-2,None
0,-2,-34,-8,-3,3,0,-1,-2,2,14,6,8,-11,-2,None
0,-6,15,6,5,0,-2,-4,-3,2,14,6,8,-11,-2,None
0,-6,15,6,5,0,-2,-4,-3,2,14,6,8,-11,-2,None
0,-6,15,6,5,0,-2,-4,-3,2,14,6,8,-11,-2,None
0,-5,-18,1,-1,0,-1,-1,0,2,14,6,8,-11,-2,None
0,4,-2,-20,-18,-4,-3,-2,-3,2,14,6,8,-11,-2,None
0,-2,4,0,13,8,2,0,-4,2,14,6,8,-11,-2,None
0,-7,-1,7,12,1,-1,0,1,2,14,6,8,-11,-2,None
0,-7,-1,7,12,1,-1,0,1,2,14,6,8,-11,-2,None
0,-7,-1,7,12,1,-1,0,1,2,14,6,8,-12,-2,None
0,2,3,6,-6,0,-1,-2,-5,2,14,6,8,-12,-2,None
0,-9,-1,-2,1,2,-1,0,-1,2,14,6,8,-12,-2,None
0,0,3,-11,-16,-9,-6,-4,-4,2,14,6,8,-12,-2,None
0,-6,4,11,-1,0,-3,-2,-2,2,14,6,8,-12,-2,None
0,-6,4,11,-1,0,-3,-2,-2,2,14,7,8,-12,-2,None
0,-6,4,11,-1,0,-3,-2,-2,2,14,7,8,-12,-2,None
0,-1,17,-1,10,4,2,1,0,2,14,7,8,-12,-2,None
0,4,-4,-4,-5,0,-1,0,-1,2,14,7,8,-12,-2,None
0,0,6,-1,18,2,-2,-3,-2,2,14,7,8,-12,-2,None
0,-3,-6,-3,-5,3,0,-3,-3,2,14,7,8,-12,-2,None
0,-3,-6,-3,-5,3,0,-3,-3,2,14,7,8,-12,-2,None
0,-3,-6,-3,-5,3,0,-3,-3,2,14,7,8,-11,-2,None
0,0,8,-1,-2,-4,0,0,-1,2,14,7,8,-11,-2,None
0,-2,-4,2,2,2,-2,-2,-1,2,14,7,8,-11,-2,None
0,2,5,3,-1,-4,0,0,1,2,14,7,8,-11,-2,None
0,-7,1,-6,-3,2,0,2,-1,2,14,7,8,-11,-2,None
0,-7,1,-6,-3,2,0,2,-1,2,14,7,8,-11,-2,None
0,-7,1,-6,-3,2,0,2,-1,2,14,7,8,-11,-2,None
0,2,-3,1,3,1,0,-1,-1,2,14,7,8,-11,-2,None
0,-2,4,0,14,-2,0,-1,-1,2,14,7,8,-11,-2,None
0,1,0,-3,-12,2,-2,-4,-2,2,14,7,8,-11,-2,None
0,-4,4,-3,-5,-1,-1,-1,1,2,14,7,8,-11,-2,None
0,-4,4,-3,-5,-1,-1,-1,1,2,14,7,8,-11,-2,None
0,-4,4,-3,-5,-1,-1,-1,1,2,14,7,8,-11,-2,None
0,0,-1,-5,0,-1,1,1,-1,2,14,7,8,-11,-2,None
0,-1,-2,0,0,3,0,-3,-3,2,14,7,8,-11,-2,None
0,-1,7,-1,-5,0,-2,-1,-1,2,14,7,8,-11,-2,None
0,-19,-11,-4,-3,-2,-1,-1,1,2,14,7,8,-11,-2,None
0,-19,-11,-4,-3,-2,-1,-1,1,2,14,7,8,-11,-2,None
0,-19,-11,-4,-3,-2,-1,-1,1,2,14,7,8,-12,-2,None
0,12,11,-4,2,-4,-5,-8,-2,2,14,7,8,-12,-2,None
0,-1,0,-11,-19,-4,-1,2,-2,2,14,7,8,-12,-2,None
0,1,4,1,8,6,0,0,0,2,14,7,8,-12,-2,None
0,-6,14,6,-9,-1,-3,-3,-1,2,14,7,8,-12,-2,None
0,-6,14,6,-9,-1,-3,-3,-1,2,14,7,8,-12,-2,None
0,-6,14,6,-9,-1,-3,-3,-1,2,14,7,8,-12,-2,None
0,-3,-14,-14,-6,1,-1,-2,0,2,14,7,8,-12,-2,None
0,-8,8,0,1,0,-1,-3,-1,2,14,7,8,-12,-2,None
0,2,-2,1,0,-1,-3,-3,-3,2,14,7,8,-12,-2,None
0,7,6,16,8,2,1,2,1,2,14,7,8,-12,-2,None
0,7,6,16,8,2,1,2,1,2,14,7,8,-12,-2,None
0,7,6,16,8,2,1,2,1,2,14,7,8,-12,-2,None
0,-5,-2,2,0,0,-2,-1,-1,2,14,7,8,-12,-2,None
0,1,6,4,-9,-2,2,3,-2,2,14,7,8,-12,-2,None
0,-5,2,-8,-10,3,-4,-2,-3,2,14,7,8,-12,-2,None
0,3,-1,8,11,1,0,0,-1,2,14,7,8,-12,-2,None
0,3,-1,8,11,1,0,0,-1,2,14,7,8,-12,-2,None
0,3,-1,8,11,1,0,0,-1,2,14,7,8,-12,-2,None
0,0,1,1,-12,2,1,-1,-2,2,14,7,8,-12,-2,None
0,-4,-5,-1,7,5,1,-1,-1,2,14,7,8,-12,-2,None
0,1,1,3,1,0,-2,-3,-1,2,14,7,8,-12,-2,None
0,-3,9,-18,-10,0,-2,-2,0,2,14,7,8,-12,-2,None
0,-3,9,-18,-10,0,-2,-2,0,2,14,7,8,-12,-2,None
0,-3,9,-18,-10,0,-2,-2,0,2,14,7,8,-11,-2,None
0,-3,-2,-4,2,3,3,5,-3,2,14,7,8,-11,-2,None
0,2,-1,-5,-3,-2,-2,-4,0,2,14,7,8,-11,-2,None
0,-3,-2,-3,0,2,-1,0,0,2,14,7,8,-11,-2,None
0,3,-2,-3,3,1,-2,-1,-2,2,14,7,8,-11,-2,None
0,3,-2,-3,3,1,-2,-1,-2,2,14,7,8,-11,-2,None
0,3,-2,-3,3,1,-2,-1,-2,2,14,7,9,-11,-3,None
0,0,0,-9,1,0,-1,-2,1,2,14,7,9,-11,-3,None
0,-6,-6,1,-3,1,-3,-4,-2,2,14,7,9,-11,-3,None
0,-3,16,-9,-6,-2,2,1,0,2,14,7,9,-11,-3,None
0,0,-8,9,-3,4,0,1,0,2,14,7,9,-11,-3,None
0,0,-8,9,-3,4,0,1,0,2,14,7,9,-11,-3,None
0,0,-8,9,-3,4,0,1,0,2,14,7,8,-11,-2,None
0,-5,12,-1,-1,2,-3,-2,-3,2,14,7,8,-11,-2,None
0,13,17,-1,2,1,-2,-3,-2,2,14,7,8,-11,-2,None
0,-5,-11,10,-3,-2,-3,-1,-1,2,14,7,8,-11,-2,None
0,1,-6,-24,-7,-2,-2,-3,-2,2,14,7,8,-11,-2,None
0,1,-6,-24,-7,-2,-2,-3,-2,2,14,7,8,-11,-2,None
0,1,-6,-24,-7,-2,-2,-3,-2,2,14,7,8,-11,-2,None
0,-3,0,-3,1,-2,-2,-4,-2,2,14,7,8,-11,-2,None
0,-6,4,-2,-9,3,1,1,1,2,14,7,8,-11,-2,None
0,-1,-5,3,7,-1,0,0,0,2,14,7,8,-11,-2,None
0,-1,11,-3,13,-2,-3,-2,-2,2,14,7,8,-11,-2,None
0,-1,11,-3,13,-2,-3,-2,-2,2,14,7,8,-11,-2,None
0,-1,11,-3,13,-2,-3,-2,-2,2,14,7,8,-11,-2,None
0,3,-13,4,-5,4,-1,0,1,2,14,7,8,-11,-2,None
0,-3,-9,-14,2,0,-1,-2,-1,2,14,7,8,-11,-2,None
0,2,2,-5,-4,0,-1,-2,0,2,14,7,8,-11,-2,None
0,2,-12,-1,-4,-3,-3,-3,-3,2,14,7,8,-11,-2,None
0,2,-12,-1,-4,-3,-3,-3,-3,2,14,7,8,-11,-2,None
0,2,-12,-1,-4,-3,-3,-3,-3,2,14,7,8,-11,-2,None
0,-1,8,12,3,-1,-2,2,-1,2,14,7,8,-11,-2,None
0,-8,-8,7,5,2,0,0,-2,2,14,7,8,-11,-2,None
0,7,-2,4,3,3,1,-2,-2,2,14,7,8,-11,-2,None
0,-5,0,-9,2,1,-1,-4,-2,2,14,7,8,-11,-2,None
0,-5,0,-9,2,1,-1,-4,-2,2,14,7,8,-11,-2,None
0,-5,0,-9,2,1,-1,-4,-2,2,14,7,8,-11,-2,None
0,-2,-3,-4,0,-1,-2,-3,-2,2,14,7,8,-11,-2,None
0,2,-2,-11,1,-1,-3,-4,-2,2,14,7,8,-11,-2,None
0,-4,10,-4,-8,-1,1,2,-3,2,14,7,8,-11,-2,None
0,-3,-21,-1,0,2,0,-1,-3,2,14,7,8,-11,-2,None
0,-3,-21,-1,0,2,0,-1,-3,2,14,7,8,-11,-2,None
0,-3,-21,-1,0,2,0,-1,-3,2,14,7,8,-11,-2,None
0,-1,3,-3,3,3,-3,-3,0,2,14,7,8,-11,-2,None
0,0,-11,-4,3,1,-1,0,-2,2,14,7,8,-11,-2,None
0,-2,5,-8,0,-2,-1,-3,-2,2,14,7,8,-11,-2,None
0,-7,8,0,-2,1,1,-2,-1,2,14,7,8,-11,-2,None
0,-7,8,0,-2,1,1,-2,-1,2,14,7,8,-11,-2,None
0,-7,8,0,-2,1,1,-2,-1,2,14,7,8,-12,-2,None
0,26,-16,-6,-5,-3,-2,-2,-5,2,14,7,8,-12,-2,None
0,-2,9,2,-2,-1,-2,-4,-1,2,14,7,8,-12,-2,None
0,-1,1,0,-1,0,-2,-2,-4,2,14,7,8,-12,-2,None
0,0,-6,-11,-5,2,1,1,0,2,14,7,8,-12,-2,None
0,0,-6,-11,-5,2,1,1,0,2,14,7,8,-12,-2,None
0,0,-6,-11,-5,2,1,1,0,2,14,7,8,-12,-2,None
0,-6,5,-3,0,0,-2,-3,1,2,14,7,8,-12,-2,None
0,-1,0,1,1,1,4,2,3,2,14,7,8,-12,-2,None
0,3,-4,-2,-1,3,-3,-1,-1,2,14,7,8,-12,-2,None
0,-2,2,-24,-6,0,-1,-2,-1,2,14,7,8,-12,-2,None
0,-2,2,-24,-6,0,-1,-2,-1,2,14,7,8,-12,-2,None
0,-2,2,-24,-6,0,-1,-2,-1,2,14,7,8,-12,-2,None
0,-7,6,2,8,3,0,1,0,2,14,7,8,-12,-2,None
0,1,1,0,-8,-4,-6,-4,-3,2,14,7,8,-12,-2,None
0,-3,-3,-10,4,0,0,0,0,2,14,7,8,-12,-2,None
0,2,-10,20,1,0,-2,-1,-1,2,14,7,8,-12,-2,None
0,2,-10,20,1,0,-2,-1,-1,2,14,7,8,-12,-2,None
0,2,-10,20,1,0,-2,-1,-1,2,14,7,8,-12,-2,None
0,-8,35,-5,-5,-1,0,-1,-2,2,14,7,8,-12,-2,None
0,0,-4,-3,1,2,-1,-1,-1,2,14,7,8,-12,-2,None
0,1,11,0,-1,-3,-2,-2,-1,2,14,7,8,-12,-2,None
0,0,-2,-3,-3,0,-1,-1,-2,2,14,7,8,-12,-2,None
0,0,-2,-3,-3,0,-1,-1,-2,2,14,7,8,-12,-2,None
0,0,-2,-3,-3,0,-1,-1,-2,2,14,7,8,-12,-2,None
0,5,5,0,4,-5,-7,-6,-2,2,14,7,8,-12,-2,None
0,-10,-17,0,0,4,2,1,-1,2,14,7,8,-12,-2,None
0,-3,9,-3,-2,2,1,0,1,2,14,7,8,-12,-2,None
0,3,1,3,2,-1,-1,-1,-2,2,14,7,8,-12,-2,None
0,3,1,3,2,-1,-1,-1,-2,2,14,7,8,-12,-2,None
0,3,1,3,2,-1,-1,-1,-2,2,14,7,8,-12,-2,None
0,-7,-11,-3,-3,-3,-1,-2,0,2,14,7,8,-12,-2,None
0,-3,15,0,0,0,-2,-3,-2,2,14,7,8,-12,-2,None
0,3,-8,-1,0,-1,1,-1,-1,2,14,7,8,-12,-2,None
0,1,3,0,11,2,0,-2,2,2,14,7,8,-12,-2,None
0,1,3,0,11,2,0,-2,2,2,14,6,8,-12,-2,None
0,1,3,0,11,2,0,-2,2,2,14,6,8,-12,-2,None
0,-4,-2,1,-4,1,1,3,-1,2,14,6,8,-12,-2,None
0,-1,-1,-18,-21,-6,-5,-3,-4,2,14,6,8,-12,-2,None
0,-14,-9,1,4,0,-1,-2,-1,2,14,6,8,-12,-2,None
0,34,5,3,0,-1,-2,-2,-4,2,14,6,8,-12,-2,None
0,34,5,3,0,-1,-2,-2,-4,2,14,6,8,-12,-2,None
0,34,5,3,0,-1,-2,-2,-4,2,14,6,8,-11,-2,None
0,-3,2,-6,0,-1,-1,-1,-1,2,14,6,8,-11,-2,None
0,2,0,5,0,2,2,0,-2,2,14,6,8,-11,-2,None
0,2,-10,-2,-6,-3,-4,-2,-2,2,14,6,8,-11,-2,None
0,-10,9,6,3,0,-2,-1,-4,2,14,6,8,-11,-2,None
0,-10,9,6,3,0,-2,-1,-4,2,14,6,8,-11,-2,None
0,-10,9,6,3,0,-2,-1,-4,2,14,6,8,-11,-3,None
0,-4,-11,-3,1,2,-2,-3,-1,2,14,6,8,-11,-3,None
0,4,5,4,3,0,-1,-1,0,2,14,6,8,-11,-3,None
0,0,-7,-5,-3,1,-1,-2,-1,2,14,6,8,-11,-3,None
0,-6,28,-3,-2,0,1,-2,1,2,14,6,8,-11,-3,None
0,-6,28,-3,-2,0,1,-2,1,2,14,6,8,-11,-3,None
0,-6,28,-3,-2,0,1,-2,1,2,14,6,8,-11,-3,None
0,-4,-46,-1,0,0,-1,0,-3,2,14,6,8,-11,-3,None
0,-4,20,3,5,-1,-1,-1,2,2,14,6,8,-11,-3,None
0,-4,-26,-3,-1,0,-1,-1,-6,2,14,6,8,-11,-3,None
0,-5,-2,-5,-3,-1,-2,-1,-2,2,14,6,8,-11,-3,None
0,-5,-2,-5,-3,-1,-2,-1,-2,2,14,6,8,-11,-3,None
0,-5,-2,-5,-3,-1,-2,-1,-2,2,14,6,8,-11,-2,None
0,-2,-3,-3,-1,2,2,1,0,2,14,6,8,-11,-2,None
0,3,10,1,2,0,-2,0,-1,2,14,6,8,-11,-2,None
0,-1,4,-6,-5,0,-1,-1,-1,2,14,6,8,-11,-2,None
0,-2,0,17,11,4,0,-1,0,2,14,6,8,-11,-2,None
0,-2,0,17,11,4,0,-1,0,2,14,6,8,-11,-2,None
0,-2,0,17,11,4,0,-1,0,2,14,6,8,-12,-2,None
0,-3,3,-3,-2,-2,-3,0,-1,2,14,6,8,-12,-2,None
0,-5,-18,-4,-1,2,1,0,-3,2,14,6,8,-12,-2,None
0,2,14,-2,-1,-1,-2,-4,-2,2,14,6,8,-12,-2,None
0,-18,-10,-11,-6,-1,1,0,0,2,14,6,8,-12,-2,None
0,-18,-10,-11,-6,-1,1,0,0,2,14,6,8,-12,-2,None
0,-18,-10,-11,-6,-1,1,0,0,2,14,6,8,-12,-2,None
0,34,13,6,4,0,-4,-3,-3,2,14,6,8,-12,-2,None
0,-2,-3,-2,9,3,-1,0,-2,2,14,6,8,-12,-2,None
0,-1,8,-11,-4,-1,-3,-2,-3,2,14,6,8,-12,-2,None
0,-4,-1,-7,-8,-1,-2,0,-2,2,14,6,8,-12,-2,None
0,-4,-1,-7,-8,-1,-2,0,-2,2,14,6,8,-12,-2,None
0,-4,-1,-7,-8,-1,-2,0,-2,2,14,6,8,-11,-2,None
0,-10,4,1,3,2,0,-1,-1,2,14,6,8,-11,-2,None
0,1,-11,-1,-4,-1,-1,-2,-2,2,14,6,8,-11,-2,None
0,-2,-24,-1,-5,1,0,-3,-1,2,14,6,8,-11,-2,None
0,1,25,-1,1,1,-3,-2,-2,2,14,6,8,-11,-2,None
0,1,25,-1,1,1,-3,-2,-2,2,14,6,8,-11,-2,None
0,1,25,-1,1,1,-3,-2,-2,2,14,6,8,-11,-3,None
0,-9,7,-4,-9,-1,0,-1,-3,2,14,6,8,-11,-3,None
0,0,2,10,9,-1,-2,-2,-1,2,14,6,8,-11,-3,None
0,-8,10,-8,-12,-2,-3,0,-1,2,14,6,8,-11,-3,None
0,4,-4,1,12,4,-1,0,0,2,14,6,8,-11,-3,None
0,4,-4,1,12,4,-1,0,0,2,14,6,8,-11,-3,None
0,4,-4,1,12,4,-1,0,0,2,14,6,8,-12,-3,None
0,-7,-3,3,5,2,0,-1,0,2,14,6,8,-12,-3,None
0,27,10,-4,-20,-5,-7,-7,-3,2,14,6,8,-12,-3,None
0,-14,9,3,8,1,-1,-1,-2,2,14,6,8,-12,-3,None
0,-8,-12,-17,-17,-6,-3,-3,-2,2,14,6,8,-12,-3,None
0,-8,-12,-17,-17,-6,-3,-3,-2,2,14,6,8,-12,-3,None
0,-8,-12,-17,-17,-6,-3,-3,-2,2,14,6,8,-12,-3,None
0,1,7,0,0,2,-1,-2,-3,2,14,6,8,-12,-3,None
0,0,-5,-13,6,2,0,-2,-1,2,14,6,8,-12,-3,None
0,-11,1,-3,-4,1,0,-2,0,2,14,6,8,-12,-3,None
0,7,5,2,-2,-1,-3,-2,-2,2,14,6,8,-12,-3,None
0,7,5,2,-2,-1,-3,-2,-2,2,14,6,8,-12,-3,None
0,7,5,2,-2,-1,-3,-2,-2,2,14,6,8,-12,-3,None
0,-8,-39,-7,-2,1,0,0,1,2,14,6,8,-12,-3,None
0,-14,-24,2,-5,2,2,1,-2,2,14,6,8,-12,-3,None
0,2,7,-2,0,0,-1,-3,0,2,14,6,8,-12,-3,None
0,-6,-5,-1,6,2,0,-3,2,2,14,6,8,-12,-3,None
0,-6,-5,-1,6,2,0,-3,2,2,14,6,8,-12,-3,None
0,-6,-5,-1,6,2,0,-3,2,2,14,6,8,-11,-3,None
0,-1,11,-1,0,3,2,5,-2,2,14,6,8,-11,-3,None
0,-6,8,3,5,-1,0,-1,-2,2,14,6,8,-11,-3,None
0,8,-2,2,0,0,0,0,0,2,14,6,8,-11,-3,None
0,5,-1,2,-2,-2,-1,-2,-2,2,14,6,8,-11,-3,None
0,5,-1,2,-2,-2,-1,-2,-2,2,14,6,8,-11,-3,None
0,5,-1,2,-2,-2,-1,-2,-2,2,14,6,8,-11,-3,None
0,-1,3,4,-4,-2,-4,-3,-2,2,14,6,8,-11,-3,None
0,-7,-2,8,0,-3,-2,-2,-3,2,14,6,8,-11,-3,None
0,2,10,4,9,4,-1,0,-1,2,14,6,8,-11,-3,None
0,5,-2,8,-8,-1,0,0,-1,2,14,6,8,-11,-3,None
0,5,-2,8,-8,-1,0,0,-1,2,14,6,8,-11,-3,None
0,5,-2,8,-8,-1,0,0,-1,2,14,6,8,-12,-3,None
0,-7,4,-2,1,-4,-2,-2,-1,2,14,6,8,-12,-3,None
0,-10,5,-7,-10,-1,-1,0,0,2,14,6,8,-12,-3,None
0,10,3,4,1,0,-3,-3,-2,2,14,6,8,-12,-3,None
0,-6,-7,-3,1,1,-2,0,-2,2,14,6,8,-12,-3,None
0,-6,-7,-3,1,1,-2,0,-2,2,14,6,8,-12,-3,None
0,-6,-7,-3,1,1,-2,0,-2,2,14,6,8,-12,-3,None
0,-6,2,-5,-12,2,1,-1,-1,2,14,6,8,-12,-3,None
0,12,19,-13,-7,-1,0,-1,-2,2,14,6,8,-12,-3,None
0,2,18,19,15,1,1,2,0,2,14,6,8,-12,-3,None
0,-3,-14,-9,-7,0,-1,0,-2,2,14,6,8,-12,-3,None
0,-3,-14,-9,-7,0,-1,0,-2,2,14,6,8,-12,-3,None
0,-3,-14,-9,-7,0,-1,0,-2,2,14,6,8,-11,-3,None
0,3,13,-5,9,0,-2,-3,-1,2,14,6,8,-11,-3,None
0,-6,-3,1,4,2,-3,-3,-2,2,14,6,8,-11,-3,None
0,2,11,-16,-12,-2,-2,-1,-2,2,14,6,8,-11,-3,None
0,1,5,0,0,0,1,-1,-1,2,14,6,8,-11,-3,None
0,1,5,0,0,0,1,-1,-1,2,14,6,8,-11,-3,None
0,1,5,0,0,0,1,-1,-1,2,14,6,8,-11,-3,None
0,-7,-4,-9,-1,-1,-3,-3,-1,2,14,6,8,-11,-3,None
0,-3,3,1,3,3,-1,-1,-2,2,14,6,8,-11,-3,None
0,1,-7,-4,-7,-2,-2,-1,0,2,14,6,8,-11,-3,None
0,-4,-9,-3,0,1,-1,-2,-2,2,14,6,8,-11,-3,None
0,-4,-9,-3,0,1,-1,-2,-2,2,14,6,8,-11,-3,None
0,-4,-9,-3,0,1,-1,-2,-2,2,14,6,8,-11,-3,None
0,2,1,-8,-4,0,-1,-1,-2,2,14,6,8,-11,-3,None
0,-2,-3,-2,-2,0,-1,0,0,2,14,6,8,-11,-3,None
0,0,-4,-5,-3,0,-1,-1,-1,2,14,6,8,-11,-3,None
0,-4,-1,-3,3,0,0,-2,-2,2,14,6,8,-11,-3,None
0,-4,-1,-3,3,0,0,-2,-2,2,14,6,8,-11,-3,None
0,-4,-1,-3,3,0,0,-2,-2,2,14,6,8,-11,-3,None
0,-2,11,2,-3,0,-1,-1,-2,2,14,6,8,-11,-3,None
0,-1,-1,-3,2,1,-1,-2,-1,2,14,6,8,-11,-3,None
0,-6,-9,1,0,0,0,-1,2,2,14,6,8,-11,-3,None
0,1,6,-4,-4,1,0,-1,-7,2,14,6,8,-11,-3,None
0,1,6,-4,-4,1,0,-1,-7,2,14,6,8,-11,-3,None
0,1,6,-4,-4,1,0,-1,-7,2,14,6,8,-12,-3,None
0,-1,-1,-1,3,-1,-1,-3,-2,2,14,6,8,-12,-3,None
0,-3,-4,-3,11,1,-1,-1,-1,2,14,6,8,-12,-3,None
0,1,-1,-4,-8,1,-1,-1,-1,2,14,6,8,-12,-3,None
0,-5,-3,-7,-16,-4,-2,-3,0,2,14,6,8,-12,-3,None
0,-5,-3,-7,-16,-4,-2,-3,0,2,14,6,8,-12,-3,None
0,-5,-3,-7,-16,-4,-2,-3,0,2,14,6,8,-12,-3,None
0,-4,11,-6,0,0,-1,-3,-3,2,14,6,8,-12,-3,None
0,2,15,0,6,2,0,1,-1,2,14,6,8,-12,-3,None
0,-4,-30,-3,-2,0,1,-2,-2,2,14,6,8,-12,-3,None
0,-2,1,2,3,1,-2,0,-1,2,14,6,8,-12,-3,None
0,-2,1,2,3,1,-2,0,-1,2,14,6,8,-12,-3,None
0,-2,1,2,3,1,-2,0,-1,2,14,6,8,-12,-3,None
0,-2,-6,-2,-3,-1,-3,-2,-1,2,14,6,8,-12,-3,None
0,15,36,-11,-6,-1,-3,-5,1,2,14,6,8,-12,-3,None
0,-11,-49,-4,3,-1,-1,3,-5,2,14,6,8,-12,-3,None
0,-3,3,-7,-1,1,0,-1,1,2,14,6,8,-12,-3,None
0,-3,3,-7,-1,1,0,-1,1,2,14,6,8,-12,-3,None
0,-3,3,-7,-1,1,0,-1,1,2,14,6,8,-12,-3,None
0,3,-4,1,-3,1,0,-1,0,2,14,6,8,-12,-3,None
0,-6,-3,1,1,0,0,-1,-1,2,14,6,8,-12,-3,None
0,4,19,0,-1,-1,-2,-3,-1,2,14,6,8,-12,-3,None
0,2,1,-2,2,0,-1,-4,-3,2,14,6,8,-12,-3,None
0,2,1,-2,2,0,-1,-4,-3,2,14,6,8,-12,-3,None
0,2,1,-2,2,0,-1,-4,-3,2,14,6,8,-12,-3,None
0,-5,1,-1,-4,0,-1,1,-1,2,14,6,8,-12,-3,None
0,-5,-13,-3,-4,-1,-3,-1,-3,2,14,6,8,-12,-3,None
0,6,8,4,-13,-1,0,-2,-1,2,14,6,8,-12,-3,None
0,0,10,-8,1,0,-2,-3,-2,2,14,6,8,-12,-3,None
0,0,10,-8,1,0,-2,-3,-2,2,14,6,8,-12,-3,None
0,0,10,-8,1,0,-2,-3,-2,2,14,6,8,-12,-3,None
0,-1,-20,5,7,2,2,-2,-3,2,14,6,8,-12,-3,None
0,-3,-9,-2,0,1,0,0,-1,2,14,6,8,-12,-3,None
0,-2,5,1,7,2,-2,-2,-1,2,14,6,8,-12,-3,None
0,-1,3,1,0,-1,0,-1,0,2,14,6,8,-12,-3,None
0,-1,3,1,0,-1,0,-1,0,2,14,6,8,-12,-3,None
0,-1,3,1,0,-1,0,-1,0,2,14,6,8,-12,-3,None
0,2,9,-1,-5,-1,-1,-1,-2,2,14,6,8,-12,-3,None
0,-3,-10,-1,2,0,0,-2,-2,2,14,6,8,-12,-3,None
0,-2,7,-5,1,0,-1,-2,-1,2,14,6,8,-12,-3,None
0,-3,-2,2,-1,-2,-3,-2,-2,2,14,6,8,-12,-3,None
0,-3,-2,2,-1,-2,-3,-2,-2,2,14,6,8,-12,-3,None
0,-3,-2,2,-1,-2,-3,-2,-2,2,14,6,8,-11,-3,None
0,-3,5,-4,-2,-1,-1,-1,0,2,14,6,8,-11,-3,None
0,-1,26,0,3,1,2,4,-2,2,14,6,8,-11,-3,None
0,-2,-36,8,-3,0,-3,-3,-2,2,14,6,8,-11,-3,None
0,-3,0,-1,-2,1,0,0,-1,2,14,6,8,-11,-3,None
0,-3,0,-1,-2,1,0,0,-1,2,14,6,8,-11,-3,None
0,-3,0,-1,-2,1,0,0,-1,2,14,6,8,-11,-3,None
0,3,0,-1,3,0,-2,-3,-2,2,14,6,8,-11,-3,None
0,-9,2,-5,-1,1,0,-2,0,2,14,6,8,-11,-3,None
0,0,17,-5,1,-1,-2,-4,-2,2,14,6,8,-11,-3,None
0,3,-6,2,7,2,0,0,1,2,14,6,8,-11,-3,None
0,3,-6,2,7,2,0,0,1,2,14,6,8,-11,-3,None
0,3,-6,2,7,2,0,0,1,2,14,6,8,-11,-3,None
0,-11,-14,-20,-2,2,0,1,0,2,14,6,8,-11,-3,None
0,3,7,5,-4,-4,-4,-4,-4,2,14,6,8,-11,-3,None
0,-1,6,-24,-1,-1,-1,-1,-3,2,14,6,8,-11,-3,None
0,-3,-6,1,-2,1,1,-1,0,2,14,6,8,-11,-3,None
0,-3,-6,1,-2,1,1,-1,0,2,14,6,8,-11,-3,None
0,-3,-6,1,-2,1,1,-1,0,2,14,6,8,-11,-3,None
0,4,16,0,-1,1,0,-1,0,2,14,6,8,-11,-3,None
0,-2,-17,-7,-5,0,-2,-3,-2,2,14,6,8,-11,-3,None
0,2,12,0,3,1,-1,-1,0,2,14,6,8,-11,-3,None
0,-2,9,-2,0,0,-1,0,-2,2,14,6,8,-11,-3,None
0,-2,9,-2,0,0,-1,0,-2,2,14,6,8,-11,-3,None
0,-2,9,-2,0,0,-1,0,-2,2,14,6,8,-12,-3,None
0,0,-1,3,-1,0,-2,-2,-1,2,14,6,8,-12,-3,None
0,-1,-5,1,-16,0,0,0,-1,2,14,6,8,-12,-3,None
0,-5,7,5,2,0,-1,-1,-1,2,14,6,8,-12,-3,None
0,-2,-5,-6,0,1,1,0,-1,2,14,6,8,-12,-3,None
0,-2,-5,-6,0,1,1,0,-1,2,14,6,8,-12,-3,None
0,-2,-5,-6,0,1,1,0,-1,2,14,6,8,-11,-3,None
0,-2,-3,4,-4,0,0,-1,-1,2,14,6,8,-11,-3,None
0,0,7,-13,-13,-2,-2,-1,-2,2,14,6,8,-11,-3,None
0,-22,-38,0,6,0,-1,0,-2,2,14,6,8,-11,-3,None
0,33,13,0,-1,-1,0,-1,-3,2,14,6,8,-11,-3,None
0,33,13,0,-1,-1,0,-1,-3,2,14,6,8,-11,-3,None
0,33,13,0,-1,-1,0,-1,-3,2,14,6,8,-12,-3,None
0,-1,3,-5,2,-1,-3,-1,-3,2,14,6,8,-12,-3,None
0,-3,-5,1,5,1,-1,-1,0,2,14,6,8,-12,-3,None
0,1,15,-1,-4,-1,-1,-1,-1,2,14,6,8,-12,-3,None
0,-9,0,-2,-1,0,-2,-2,-1,2,14,6,8,-12,-3,None
0,-9,0,-2,-1,0,-2,-2,-1,2,14,6,8,-12,-3,None
0,-9,0,-2,-1,0,-2,-2,-1,2,14,6,8,-12,-3,None
0,-2,-5,5,-1,-1,-3,-3,-3,2,14,6,8,-12,-3,None
0,-5,-4,-2,4,1,-1,-1,-1,2,14,6,8,-12,-3,None
0,8,32,3,0,1,-2,-1,-3,2,14,6,8,-12,-3,None
0,-10,-17,-1,-1,-1,0,-3,0,2,14,6,8,-12,-3,None
0,-10,-17,-1,-1,-1,0,-3,0,2,14,6,8,-12,-3,None
0,-10,-17,-1,-1,-1,0,-3,0,2,14,6,8,-11,-3,None
0,3,11,1,0,0,-1,0,0,2,14,6,8,-11,-3,None
0,-7,-13,-2,1,1,-1,-2,-1,2,14,6,8,-11,-3,None
0,3,12,-3,-1,0,0,-1,0,2,14,6,8,-11,-3,None
0,-4,1,-3,1,-2,-3,-2,0,2,14,6,8,-11,-3,None
0,-4,1,-3,1,-2,-3,-2,0,2,14,6,8,-11,-3,None
0,-4,1,-3,1,-2,-3,-2,0,2,14,6,8,-12,-3,None
0,-4,-1,-8,-15,-2,-2,-1,-1,2,14,6,8,-12,-3,None
0,-2,-6,2,5,0,-2,-1,-1,2,14,6,8,-12,-3,None
0,-2,-2,16,4,0,-1,-2,0,2,14,6,8,-12,-3,None
0,0,7,10,-5,1,-3,-1,-1,2,14,6,8,-12,-3,None
0,0,7,10,-5,1,-3,-1,-1,2,14,6,8,-12,-3,None
0,0,7,10,-5,1,-3,-1,-1,2,14,6,8,-12,-3,None
0,-2,0,1,0,1,-1,-2,0,2,14,6,8,-12,-3,None
0,0,-4,-11,9,1,1,1,0,2,14,6,8,-12,-3,None
0,2,17,-5,-3,2,-1,1,0,2,14,6,8,-12,-3,None
0,-6,11,-1,1,0,-2,-1,-1,2,14,6,8,-12,-3,None
0,-6,11,-1,1,0,-2,-1,-1,2,14,6,8,-12,-3,None
0,-6,11,-1,1,0,-2,-1,-1,2,14,6,8,-11,-3,None
0,-1,-12,-3,-1,-1,-2,-2,-2,2,14,6,8,-11,-3,None
0,-7,-6,4,-2,1,-1,-3,-1,2,14,6,8,-11,-3,None
0,29,11,-7,-1,-1,-1,-1,-2,2,14,6,8,-11,-3,None
0,-6,4,-4,1,-1,-1,-1,0,2,14,6,8,-11,-3,None
0,-6,4,-4,1,-1,-1,-1,0,2,14,6,8,-11,-3,None
0,-6,4,-4,1,-1,-1,-1,0,2,14,6,8,-11,-3,None
0,-2,1,-4,4,2,2,1,0,2,14,6,8,-11,-3,None
0,4,10,6,2,0,-1,-1,-4,2,14,6,8,-11,-3,None
0,-7,1,0,-5,0,-1,-1,0,2,14,6,8,-11,-3,None
0,-7,-12,2,0,1,-1,-2,-3,2,14,6,8,-11,-3,None
0,-7,-12,2,0,1,-1,-2,-3,2,14,6,8,-11,-3,None
0,-7,-12,2,0,1,-1,-2,-3,2,14,6,8,-11,-3,None
0,10,13,1,3,-2,-3,-3,-2,2,14,6,8,-11,-3,None
0,-4,-18,-1,0,2,2,0,1,2,14,6,8,-11,-3,None
0,-8,19,-8,-5,1,0,0,-2,2,14,6,8,-11,-3,None
0,-2,-7,2,-1,0,-2,0,-2,2,14,6,8,-11,-3,None
0,-2,-7,2,-1,0,-2,0,-2,2,14,6,8,-11,-3,None
0,-2,-7,2,-1,0,-2,0,-2,2,14,6,8,-11,-3,None
0,-5,0,-24,-10,0,-2,-1,0,2,14,6,8,-11,-3,None
0,3,10,3,-3,0,-2,-2,-2,2,14,6,8,-11,-3,None
0,-1,-11,-10,6,2,-1,-3,0,2,14,6,8,-11,-3,None
0,4,14,-11,-10,0,0,0,0,2,14,6,8,-11,-3,None
0,4,14,-11,-10,0,0,0,0,2,14,6,8,-11,-3,None
0,4,14,-11,-10,0,0,0,0,2,14,6,8,-11,-3,None
0,-2,-3,0,4,-1,-2,-3,-2,2,14,6,8,-11,-3,None
0,-3,-9,-1,-8,-1,-2,-1,-2,2,14,6,8,-11,-3,None
0,-2,-4,5,6,1,-1,-1,-1,2,14,6,8,-11,-3,None
0,-1,-2,-12,1,1,-2,-1,-1,2,14,6,8,-11,-3,None
0,-1,-2,-12,1,1,-2,-1,-1,2,14,6,8,-11,-3,None
0,-1,-2,-12,1,1,-2,-1,-1,2,14,6,8,-11,-3,None
0,-8,-3,1,3,1,-1,-1,0,2,14,6,8,-11,-3,None
0,39,21,0,-4,0,-2,-3,-3,2,14,6,8,-11,-3,None
0,-6,-6,7,5,1,1,2,0,2,14,6,8,-11,-3,None
0,-3,-1,3,8,0,-2,-3,-4,2,14,6,8,-11,-3,None
0,-3,-1,3,8,0,-2,-3,-4,2,14,6,8,-11,-3,None
0,-3,-1,3,8,0,-2,-3,-4,2,14,6,8,-12,-3,None
0,8,6,-2,0,1,3,2,-1,2,14,6,8,-12,-3,None
0,-11,1,-8,2,0,-2,-3,0,2,14,6,8,-12,-3,None
0,-2,-3,-6,-5,0,-2,-3,-2,2,14,6,8,-12,-3,None
0,3,-1,-5,-4,0,-1,-3,-1,2,14,6,8,-12,-3,None
0,3,-1,-5,-4,0,-1,-3,-1,2,14,6,8,-12,-3,None
0,3,-1,-5,-4,0,-1,-3,-1,2,14,6,8,-12,-3,None
0,-8,-2,-5,-5,0,-1,-3,0,2,14,6,8,-12,-3,None
0,-6,-9,12,8,-1,-2,-2,-1,2,14,6,8,-12,-3,None
0,-1,-4,-3,7,-1,-1,-2,-4,2,14,6,8,-12,-3,None
0,-7,8,5,-7,0,1,0,0,2,14,6,8,-12,-3,None
0,-7,8,5,-7,0,1,0,0,2,14,6,8,-12,-3,None
0,-7,8,5,-7,0,1,0,0,2,14,6,8,-12,-3,None
0,-3,-29,-5,-4,1,-1,-1,-3,2,14,6,8,-12,-3,None
