0,2,0,-17,-4,7,4,37,2,2,14,6,12,-15,-5,None
0,-2,-5,-21,-9,-16,-1,5,1,2,14,6,12,-15,-5,None
0,-4,-2,-7,3,7,-53,-16,-11,2,14,6,12,-15,-5,None
0,-4,-2,-7,3,7,-53,-16,-11,1,13,6,12,-15,-5,None
0,-4,-2,-7,3,7,-53,-16,-11,1,13,6,9,-17,-6,None
0,-3,-2,-1,-11,-33,-48,-64,-12,1,13,6,9,-17,-6,None
0,-1,0,-4,-23,-9,-32,-46,2,1,13,6,9,-17,-6,None
0,0,-1,6,11,21,43,108,6,1,13,6,9,-17,-6,None
0,4,5,-3,-3,-13,-50,-13,7,1,13,6,9,-17,-6,None
0,4,5,-3,-3,-13,-50,-13,7,1,13,6,9,-17,-6,None
0,4,5,-3,-3,-13,-50,-13,7,1,13,6,5,-19,-6,None
0,3,2,-3,0,8,45,4,11,1,13,6,5,-19,-6,None
0,3,1,-6,-2,11,65,28,3,1,13,6,5,-19,-6,None
0,0,1,1,-13,21,-40,-57,-12,1,13,6,5,-19,-6,None
0,-4,-3,6,7,-61,-6,-11,-4,1,13,6,5,-19,-6,None
0,-4,-3,6,7,-61,-6,-11,-4,1,13,6,5,-19,-6,None
0,-4,-3,6,7,-61,-6,-11,-4,1,13,6,0,-18,-5,None
0,2,0,5,-1,11,-10,16,3,1,13,6,0,-18,-5,None
0,-3,1,17,11,35,-26,-22,-11,1,13,6,0,-18,-5,None
0,2,1,7,-22,-1,22,14,4,1,13,6,0,-18,-5,None
0,-1,-1,3,3,28,5,10,4,1,13,6,0,-18,-5,None
0,-1,-1,3,3,28,5,10,4,0,13,6,0,-18,-5,None
0,-1,-1,3,3,28,5,10,4,0,13,6,-2,-17,-4,None
0,2,2,11,8,-73,-7,-18,3,0,13,6,-2,-17,-4,None
0,-6,-2,6,-8,-36,-14,22,-10,0,13,6,-2,-17,-4,None
0,-2,-2,7,3,45,-11,-40,-5,0,13,6,-2,-17,-4,None
0,2,1,0,-2,46,-6,4,3,0,13,6,-2,-17,-4,None
0,2,1,0,-2,46,-6,4,3,0,13,6,-2,-17,-4,None
0,2,1,0,-2,46,-6,4,3,0,13,6,-4,-16,-3,None
0,-4,-3,5,0,68,38,9,2,0,13,6,-4,-16,-3,None
0,-3,3,0,36,-109,-1,9,-9,0,13,6,-4,-16,-3,None
0,0,1,-6,-35,-8,-20,-2,1,0,13,6,-4,-16,-3,None
0,-5,-3,-11,-50,10,13,-11,-15,0,13,6,-4,-16,-3,None
0,-5,-3,-11,-50,10,13,-11,-15,0,12,6,-4,-16,-3,None
0,-5,-3,-11,-50,10,13,-11,-15,0,12,6,-5,-15,-3,None
0,1,8,-7,21,38,-21,-10,10,0,12,6,-5,-15,-3,None
0,2,11,7,40,14,3,17,-1,0,12,6,-5,-15,-3,None
0,-9,-24,-1,66,82,10,-8,5,0,12,6,-5,-15,-3,None
0,-6,-38,-11,1,-14,-12,-6,-7,0,12,6,-5,-15,-3,None
0,-6,-38,-11,1,-14,-12,-6,-7,17,12,6,-5,-15,-3,None
0,-6,-38,-11,1,-14,-12,-6,-7,17,12,6,-6,-14,-3,None
0,-1,17,-8,-8,-12,2,11,-4,17,12,6,-6,-14,-3,None
0,0,-9,-3,-52,65,22,6,5,17,12,6,-6,-14,-3,None
0,-20,13,0,55,56,-15,6,5,17,12,6,-6,-14,-3,None
0,14,19,3,39,-87,-19,-17,0,17,12,6,-6,-14,-3,None
0,14,19,3,39,-87,-19,-17,0,17,12,6,-6,-14,-3,None
0,14,19,3,39,-87,-19,-17,0,17,12,6,-6,-14,-4,None
0,-11,-34,-13,10,-15,-23,-12,-16,17,12,6,-6,-14,-4,None
0,1,-3,1,-2,27,-7,17,-3,17,12,6,-6,-14,-4,None
0,-1,26,11,34,79,16,2,6,17,12,6,-6,-14,-4,None
0,0,-28,-3,-9,-86,5,-9,7,17,12,6,-6,-14,-4,None
0,0,-28,-3,-9,-86,5,-9,7,17,12,6,-6,-14,-4,None
0,0,-28,-3,-9,-86,5,-9,7,17,12,6,-7,-13,-4,None
0,-22,-5,-13,11,0,-19,7,-10,17,12,6,-7,-13,-4,None
0,7,-1,-9,11,50,25,17,-2,17,12,6,-7,-13,-4,None
0,43,2,3,2,-128,-24,-17,-8,17,12,6,-7,-13,-4,None
0,-22,35,11,-29,22,40,7,8,17,12,6,-7,-13,-4,None
0,-22,35,11,-29,22,40,7,8,16,11,6,-7,-13,-4,None
0,-22,35,11,-29,22,40,7,8,16,11,6,-7,-13,-5,None
0,27,-25,-5,-47,118,-9,-12,-7,16,11,6,-7,-13,-5,None
0,-2,6,-7,-29,-14,-28,-7,1,16,11,6,-7,-13,-5,None
0,6,39,-11,31,-128,4,-4,-5,16,11,6,-7,-13,-5,None
0,15,-23,-13,20,79,0,0,0,16,11,6,-7,-13,-5,None
0,15,-23,-13,20,79,0,0,0,16,11,6,-7,-13,-5,None
0,15,-23,-13,20,79,0,0,0,16,11,6,-7,-13,-5,None
0,39,-1,11,9,88,-4,-6,3,16,11,6,-7,-13,-5,None
0,-61,4,-29,-20,-28,-21,1,-7,16,11,6,-7,-13,-5,None
0,0,2,6,11,-10,-8,-16,-3,16,11,6,-7,-13,-5,None
0,23,8,-3,72,67,18,18,5,16,11,6,-7,-13,-5,None
0,23,8,-3,72,67,18,18,5,15,11,6,-7,-13,-5,None
0,23,8,-3,72,67,18,18,5,15,11,6,-7,-12,-5,None
0,-15,20,1,-43,-118,-4,-7,2,15,11,6,-7,-12,-5,None
0,44,12,11,-37,113,29,7,4,15,11,6,-7,-12,-5,None
0,-32,-16,-29,53,-5,-25,1,-11,15,11,6,-7,-12,-5,None
0,5,27,0,-23,32,-14,-10,-1,15,11,6,-7,-12,-5,None
0,5,27,0,-23,32,-14,-10,-1,15,10,6,-7,-12,-5,None
0,5,27,0,-23,32,-14,-10,-1,15,10,6,-7,-12,-4,None
0,-13,-34,3,34,-128,5,7,8,15,10,6,-7,-12,-4,None
0,9,19,23,112,87,-8,-14,-3,15,10,6,-7,-12,-4,None
0,1,-15,-1,-106,-99,-31,-5,-10,15,10,6,-7,-12,-4,None
0,-54,-5,-38,-46,-83,2,-2,-9,15,10,6,-7,-12,-4,None
0,-54,-5,-38,-46,-83,2,-2,-9,15,10,6,-7,-12,-4,None
0,-54,-5,-38,-46,-83,2,-2,-9,15,10,6,-6,-12,-3,None
0,41,8,-9,18,114,8,-11,-4,15,10,6,-6,-12,-3,None
0,5,-4,4,-28,-128,-26,-1,3,15,10,6,-6,-12,-3,None
0,-28,22,16,31,127,28,8,6,15,10,6,-6,-12,-3,None
0,-21,2,12,-77,-3,-6,2,-4,15,10,6,-6,-12,-3,None
0,-21,2,12,-77,-3,-6,2,-4,14,10,6,-6,-12,-3,None
0,-21,2,12,-77,-3,-6,2,-4,14,10,6,-5,-11,-2,None
0,-21,6,-45,-29,-56,-15,-14,-10,14,10,6,-5,-11,-2,None
0,11,-28,-15,34,-92,12,7,1,14,10,6,-5,-11,-2,None
0,23,-5,-8,-98,-21,-3,-4,-4,14,10,6,-5,-11,-2,None
0,-3,-21,20,35,-9,-2,-8,-9,14,10,6,-5,-11,-2,None
0,-3,-21,20,35,-9,-2,-8,-9,14,10,6,-5,-11,-2,None
0,-3,-21,20,35,-9,-2,-8,-9,14,10,6,-4,-10,-1,None
0,2,33,17,46,-33,-16,4,-7,14,10,6,-4,-10,-1,None
0,-4,14,5,51,54,2,-1,-5,14,10,6,-4,-10,-1,None
0,-11,-51,-19,-97,7,7,-11,2,14,10,6,-4,-10,-1,None
0,-2,6,-4,33,44,4,3,-19,14,10,6,-4,-10,-1,None
0,-2,6,-4,33,44,4,3,-19,14,10,6,-4,-10,-1,None
0,-2,6,-4,33,44,4,3,-19,14,10,6,-3,-10,0,None
0,22,13,14,14,6,0,5,8,14,10,6,-3,-10,0,None
0,-18,-7,0,-46,-21,2,6,6,14,10,6,-3,-10,0,None
0,7,3,11,-68,-41,14,1,-4,14,10,6,-3,-10,0,None
0,9,13,7,62,-39,-27,-10,6,14,10,6,-3,-10,0,None
0,9,13,7,62,-39,-27,-10,6,14,10,6,-3,-10,0,None
0,9,13,7,62,-39,-27,-10,6,14,10,6,-2,-11,0,None
0,-29,4,13,-8,-22,14,6,-1,14,10,6,-2,-11,0,None
0,6,-4,4,-13,16,2,-5,-5,14,10,6,-2,-11,0,None
0,-77,-4,12,59,40,-15,-7,-5,14,10,6,-2,-11,0,None
0,10,0,-29,-40,-51,6,7,0,14,10,6,-2,-11,0,None
0,10,0,-29,-40,-51,6,7,0,14,9,6,-2,-11,0,None
0,10,0,-29,-40,-51,6,7,0,14,9,6,-3,-10,0,None
0,-7,5,11,-2,49,1,-6,3,14,9,6,-3,-10,0,None
0,-11,0,-4,-31,19,-9,-6,-11,14,9,6,-3,-10,0,None
0,28,0,-18,48,26,12,12,10,14,9,6,-3,-10,0,None
0,5,12,-3,24,11,-3,-6,5,14,9,6,-3,-10,0,None
0,5,12,-3,24,11,-3,-6,5,13,9,6,-3,-10,0,None
0,5,12,-3,24,11,-3,-6,5,13,9,6,-4,-10,0,None
0,-6,1,-5,-11,-72,8,5,-10,13,9,6,-4,-10,0,None
0,-8,10,-10,-3,12,6,-3,6,13,9,6,-4,-10,0,None
0,3,-18,-4,-34,-13,0,-5,-20,13,9,6,-4,-10,0,None
0,7,6,8,7,65,16,5,-8,13,9,6,-4,-10,0,None
0,7,6,8,7,65,16,5,-8,13,9,6,-4,-10,0,None
0,7,6,8,7,65,16,5,-8,13,9,6,-4,-10,0,None
0,7,0,-6,8,0,-5,1,30,13,9,6,-4,-10,0,None
0,8,-6,-30,-13,-2,9,5,9,13,9,6,-4,-10,0,None
0,14,15,9,39,-20,2,3,6,13,9,6,-4,-10,0,None
0,-7,0,9,-54,-40,-8,-2,-1,13,9,6,-4,-10,0,None
0,-7,0,9,-54,-40,-8,-2,-1,13,9,6,-4,-10,0,None
0,-7,0,9,-54,-40,-8,-2,-1,13,9,6,-5,-10,0,None
0,-10,-6,-16,73,85,-3,-10,-8,13,9,6,-5,-10,0,None
0,-1,-8,9,-27,-47,7,6,-6,13,9,6,-5,-10,0,None
0,4,13,6,58,23,-11,-2,5,13,9,6,-5,-10,0,None
0,2,-8,-11,-22,-17,8,2,-1,13,9,6,-5,-10,0,None
0,2,-8,-11,-22,-17,8,2,-1,13,9,6,-5,-10,0,None
0,2,-8,-11,-22,-17,8,2,-1,13,9,6,-7,-10,0,None
0,26,-3,6,30,-4,14,4,-1,13,9,6,-7,-10,0,None
0,-24,14,22,-35,-31,-6,2,5,13,9,6,-7,-10,0,None
0,39,6,-1,56,55,-17,-8,-9,13,9,6,-7,-10,0,None
0,-66,-18,-4,-28,-45,16,8,3,13,9,6,-7,-10,0,None
0,-66,-18,-4,-28,-45,16,8,3,13,9,6,-7,-10,0,None
0,-66,-18,-4,-28,-45,16,8,3,13,9,6,-9,-10,0,None
0,-24,17,7,7,11,-13,-10,-13,13,9,6,-9,-10,0,None
0,-7,-4,-11,-6,-18,-1,-2,-10,13,9,6,-9,-10,0,None
0,-3,-10,-1,3,-17,-6,-6,8,13,9,6,-9,-10,0,None
0,19,8,-6,36,13,4,4,-7,13,9,6,-9,-10,0,None
0,19,8,-6,36,13,4,4,-7,13,9,6,-9,-10,0,None
0,19,8,-6,36,13,4,4,-7,13,9,6,-10,-10,0,None
0,-17,1,7,23,18,-18,-3,13,13,9,6,-10,-10,0,None
0,4,-13,-6,-30,11,-11,-7,-8,13,9,6,-10,-10,0,None
0,-3,3,1,-10,-40,12,8,3,13,9,6,-10,-10,0,None
0,33,-36,-8,-24,12,-1,-8,1,13,9,6,-10,-10,0,None
0,33,-36,-8,-24,12,-1,-8,1,13,9,6,-10,-10,0,None
0,33,-36,-8,-24,12,-1,-8,1,13,9,6,-11,-10,1,None
0,-4,2,11,-16,-37,9,2,-3,13,9,6,-11,-10,1,None
0,-4,-27,2,-2,23,-13,-7,-10,13,9,6,-11,-10,1,None
0,20,0,-5,11,14,8,3,5,13,9,6,-11,-10,1,None
0,9,14,6,-41,6,-6,-1,1,13,9,6,-11,-10,1,None
0,9,14,6,-41,6,-6,-1,1,13,9,6,-11,-10,1,None
0,9,14,6,-41,6,-6,-1,1,13,9,6,-11,-10,1,None
0,4,-8,1,-17,-23,-2,-3,-8,13,9,6,-11,-10,1,None
0,13,4,-11,15,-55,14,1,4,13,9,6,-11,-10,1,None
0,-33,-17,-6,-56,-2,-6,1,-6,13,9,6,-11,-10,1,None
0,-2,-3,-4,86,41,4,-4,-2,13,9,6,-11,-10,1,None
0,-2,-3,-4,86,41,4,-4,-2,13,9,6,-11,-10,1,None
0,-2,-3,-4,86,41,4,-4,-2,13,9,6,-11,-10,1,None
0,-4,-3,-10,-9,69,-5,-1,0,13,9,6,-11,-10,1,None
0,1,14,-8,24,1,10,3,0,13,9,6,-11,-10,1,None
0,5,6,-4,2,61,-3,-6,-2,13,9,6,-11,-10,1,None
0,8,11,2,-11,-8,-15,-1,3,13,9,6,-11,-10,1,None
0,8,11,2,-11,-8,-15,-1,3,13,9,6,-11,-10,1,None
0,8,11,2,-11,-8,-15,-1,3,13,9,6,-11,-10,1,None
0,0,-7,-14,-8,14,0,-2,-2,13,9,6,-11,-10,1,None
0,9,5,-9,25,33,7,1,0,13,9,6,-11,-10,1,None
0,-23,1,21,-22,-51,-12,-7,-5,13,9,6,-11,-10,1,None
0,31,-5,-4,5,33,-5,-1,-4,13,9,6,-11,-10,1,None
0,31,-5,-4,5,33,-5,-1,-4,13,9,6,-11,-10,1,None
0,31,-5,-4,5,33,-5,-1,-4,13,9,6,-11,-10,1,None
0,-11,2,-9,0,69,8,0,-1,13,9,6,-11,-10,1,None
0,0,-4,5,-23,-16,0,0,1,13,9,6,-11,-10,1,None
0,-5,15,-17,10,-12,-8,-9,-7,13,9,6,-11,-10,1,None
0,-17,2,-2,-4,-13,6,1,0,13,9,6,-11,-10,1,None
0,-17,2,-2,-4,-13,6,1,0,13,9,6,-11,-10,1,None
0,-17,2,-2,-4,-13,6,1,0,13,9,6,-11,-10,1,None
0,4,0,-5,-27,-54,-2,-3,-4,13,9,6,-11,-10,1,None
0,6,0,3,38,36,3,-1,-2,13,9,6,-11,-10,1,None
0,4,1,-13,-56,1,-5,-1,-1,13,9,6,-11,-10,1,None
0,-8,4,-3,44,76,-1,-2,-2,13,9,6,-11,-10,1,None
0,-8,4,-3,44,76,-1,-2,-2,13,9,6,-11,-10,1,None
0,-8,4,-3,44,76,-1,-2,-2,13,9,6,-10,-10,1,None
0,0,-3,0,-47,-26,-4,-3,-1,13,9,6,-10,-10,1,None
0,-9,5,6,-6,9,-2,-1,-1,13,9,6,-10,-10,1,None
0,2,2,-12,21,6,2,1,0,13,9,6,-10,-10,1,None
0,-4,-5,2,-7,-16,-5,-2,1,13,9,6,-10,-10,1,None
0,-4,-5,2,-7,-16,-5,-2,1,13,9,6,-10,-10,1,None
0,-4,-5,2,-7,-16,-5,-2,1,13,9,6,-9,-9,0,None
0,-4,0,0,-11,0,4,1,-2,13,9,6,-9,-9,0,None
0,-4,-4,3,18,50,-3,-3,-4,13,9,6,-9,-9,0,None
0,7,-1,-6,5,-5,4,2,0,13,9,6,-9,-9,0,None
0,-1,2,3,2,-4,-2,-2,0,13,9,6,-9,-9,0,None
0,-1,2,3,2,-4,-2,-2,0,14,9,6,-9,-9,0,None
0,-1,2,3,2,-4,-2,-2,0,14,9,6,-8,-10,0,None
0,-3,0,-5,-6,-19,2,1,-1,14,9,6,-8,-10,0,None
0,1,3,-4,-4,-18,-5,-2,-2,14,9,6,-8,-10,0,None
0,2,-5,-3,0,1,4,1,0,14,9,6,-8,-10,0,None
0,-8,3,0,-3,-48,-2,-1,0,14,9,6,-8,-10,0,None
0,-8,3,0,-3,-48,-2,-1,0,14,9,6,-8,-10,0,None
0,-8,3,0,-3,-48,-2,-1,0,14,9,6,-7,-10,0,None
0,11,13,-1,-26,-27,2,-1,-3,14,9,6,-7,-10,0,None
0,6,-22,-2,3,-18,-2,-1,-1,14,9,6,-7,-10,0,None
0,15,37,5,-10,-25,1,-1,0,14,9,6,-7,-10,0,None
0,-10,-49,-1,-15,-3,-2,-1,0,14,9,6,-7,-10,0,None
0,-10,-49,-1,-15,-3,-2,-1,0,14,10,6,-7,-10,0,None
0,-10,-49,-1,-15,-3,-2,-1,0,14,10,6,-5,-10,1,None
0,-4,-2,0,8,-6,-2,-3,-3,14,10,6,-5,-10,1,None
0,-4,3,-4,2,33,-1,1,0,14,10,6,-5,-10,1,None
0,2,-4,-3,0,-6,3,1,0,14,10,6,-5,-10,1,None
0,0,24,0,0,0,-3,-4,-4,14,10,6,-5,-10,1,None
0,0,24,0,0,0,-3,-4,-4,14,10,6,-5,-10,1,None
0,0,24,0,0,0,-3,-4,-4,14,10,6,-4,-10,0,None
0,0,-2,-1,-3,6,2,2,1,14,10,6,-4,-10,0,None
0,-3,0,-1,-8,-33,-1,-1,0,14,10,6,-4,-10,0,None
0,-5,-12,0,4,32,-3,-2,-2,14,10,6,-4,-10,0,None
0,-2,12,-1,0,7,-1,-3,-1,14,10,6,-4,-10,0,None
0,-2,12,-1,0,7,-1,-3,-1,14,10,6,-4,-10,0,None
0,-2,12,-1,0,7,-1,-3,-1,14,10,6,-3,-10,0,None
0,-6,-8,-2,-2,-1,0,-1,-1,14,10,6,-3,-10,0,None
0,0,11,0,-1,3,-2,-1,-2,14,10,6,-3,-10,0,None
0,-3,-5,-3,-8,-8,-3,-4,-4,14,10,6,-3,-10,0,None
0,2,5,-1,-2,2,0,1,-1,14,10,6,-3,-10,0,None
0,2,5,-1,-2,2,0,1,-1,14,10,6,-3,-10,0,None
0,2,5,-1,-2,2,0,1,-1,14,10,6,-3,-10,0,None
0,-2,4,-2,-4,0,-2,-2,-3,14,10,6,-3,-10,0,None
0,-2,1,-3,-6,9,4,1,2,14,10,6,-3,-10,0,None
0,0,-3,-2,-9,6,1,-1,-1,14,10,6,-3,-10,0,None
0,-1,4,-2,-7,-5,-4,-3,-3,14,10,6,-3,-10,0,None
0,-1,4,-2,-7,-5,-4,-3,-3,14,10,6,-3,-10,0,None
0,-1,4,-2,-7,-5,-4,-3,-3,14,10,6,-4,-11,0,None
0,-5,-2,1,-4,-15,-36,-10,-5,14,10,6,-4,-11,0,None
0,-1,2,-4,-2,16,42,11,-1,14,10,6,-4,-11,0,None
0,-2,-6,-1,4,12,9,-2,1,14,10,6,-4,-11,0,None
0,-1,9,-3,4,9,-8,-1,0,14,10,6,-4,-11,0,None
0,-1,9,-3,4,9,-8,-1,0,14,10,6,-4,-11,0,None
0,-1,9,-3,4,9,-8,-1,0,14,10,6,-5,-11,-1,None
0,-1,0,-4,-1,-14,16,4,0,14,10,6,-5,-11,-1,None
0,-2,1,3,6,-4,-23,-8,-5,14,10,6,-5,-11,-1,None
0,-2,0,-5,10,1,-6,-2,-3,14,10,6,-5,-11,-1,None
0,1,4,-8,-3,5,-4,-3,0,14,10,6,-5,-11,-1,None
0,1,4,-8,-3,5,-4,-3,0,15,10,6,-5,-11,-1,None
0,1,4,-8,-3,5,-4,-3,0,15,10,6,-5,-11,-2,None
0,-1,1,-2,-1,-3,13,-1,0,15,10,6,-5,-11,-2,None
0,-4,-1,2,4,3,-31,-8,-3,15,10,6,-5,-11,-2,None
0,-1,0,-6,-2,4,34,6,3,15,10,6,-5,-11,-2,None
0,-2,6,15,6,2,-5,-2,-4,15,10,6,-5,-11,-2,None
0,-2,6,15,6,2,-5,-2,-4,15,10,6,-5,-11,-2,None
0,-2,6,15,6,2,-5,-2,-4,15,10,6,-6,-11,-2,None
0,-2,-2,-9,10,5,-4,-2,-2,15,10,6,-6,-11,-2,None
0,-1,-1,-5,1,-10,-4,-2,0,15,10,6,-6,-11,-2,None
0,-3,-5,-15,-18,23,-7,-4,-3,15,10,6,-6,-11,-2,None
0,1,6,-2,2,-4,-3,0,0,15,10,6,-6,-11,-2,None
0,1,6,-2,2,-4,-3,0,0,15,11,6,-6,-11,-2,None
0,1,6,-2,2,-4,-3,0,0,15,11,6,-6,-12,-3,None
0,-1,-5,3,1,4,4,2,-1,15,11,6,-6,-12,-3,None
0,-1,0,-8,3,0,-2,-3,-3,15,11,6,-6,-12,-3,None
0,0,-2,-8,0,10,-12,-5,-1,15,11,6,-6,-12,-3,None
0,-1,1,-1,2,-33,6,1,-2,15,11,6,-6,-12,-3,None
0,-1,1,-1,2,-33,6,1,-2,16,11,6,-6,-12,-3,None
0,-1,1,-1,2,-33,6,1,-2,16,11,6,-7,-13,-3,None
0,0,1,-3,-5,3,-6,-2,-1,16,11,6,-7,-13,-3,None
0,0,1,-5,2,3,-4,-4,-2,16,11,6,-7,-13,-3,None
0,-2,-1,-25,-11,-10,-1,-1,-3,16,11,6,-7,-13,-3,None
0,-2,-1,0,3,9,-7,-4,-2,16,11,6,-7,-13,-3,None
0,-2,-1,0,3,9,-7,-4,-2,16,11,6,-7,-13,-3,None
0,-2,-1,0,3,9,-7,-4,-2,16,11,6,-7,-13,-4,None
0,-1,2,11,0,9,-20,-3,-3,16,11,6,-7,-13,-4,None
0,-1,-2,-20,-9,-6,18,7,2,16,11,6,-7,-13,-4,None
0,2,5,8,12,1,15,-3,1,16,11,6,-7,-13,-4,None
0,-2,-1,-6,6,2,13,-2,-2,16,11,6,-7,-13,-4,None
0,-2,-1,-6,6,2,13,-2,-2,16,12,6,-7,-13,-4,None
0,-2,-1,-6,6,2,13,-2,-2,16,12,6,-6,-12,-5,None
0,-1,-1,-15,-8,4,-10,-4,-3,16,12,6,-6,-12,-5,None
0,-2,3,13,6,0,-21,-6,-4,16,12,6,-6,-12,-5,None
0,-4,-5,-17,10,-13,-13,1,-3,16,12,6,-6,-12,-5,None
0,1,0,2,-19,5,0,-2,3,16,12,6,-6,-12,-5,None
0,1,0,2,-19,5,0,-2,3,17,12,6,-6,-12,-5,None
0,1,0,2,-19,5,0,-2,3,17,12,6,-6,-13,-4,None
0,-6,-4,14,4,5,-3,-7,-4,17,12,6,-6,-13,-4,None
0,3,2,-1,-9,9,6,1,2,17,12,6,-6,-13,-4,None
0,-1,-2,-2,-5,-12,-5,0,-1,17,12,6,-6,-13,-4,None
0,0,-1,-6,-22,-21,-7,-6,-2,17,12,6,-6,-13,-4,None
0,0,-1,-6,-22,-21,-7,-6,-2,17,12,6,-6,-13,-4,None
0,0,-1,-6,-22,-21,-7,-6,-2,17,12,6,-5,-14,-4,None
0,0,2,-2,0,19,13,8,0,17,12,6,-5,-14,-4,None
0,-1,2,4,45,6,8,0,-1,17,12,6,-5,-14,-4,None
0,-2,-2,3,-72,-29,-16,-4,-3,17,12,6,-5,-14,-4,None
0,-6,-2,29,97,41,0,-3,-7,17,12,6,-5,-14,-4,None
0,-6,-2,29,97,41,0,-3,-7,0,13,6,-5,-14,-4,None
0,-6,-2,29,97,41,0,-3,-7,0,13,6,-5,-14,-4,None
0,0,-13,-32,-58,-26,0,-4,5,0,13,6,-5,-14,-4,None
0,1,37,12,61,12,7,2,0,0,13,6,-5,-14,-4,None
0,-16,-7,-2,-69,-24,-9,-1,1,0,13,6,-5,-14,-4,None
0,34,-40,-2,-1,31,5,0,-6,0,13,6,-5,-14,-4,None
0,34,-40,-2,-1,31,5,0,-6,0,13,6,-5,-14,-4,None
0,34,-40,-2,-1,31,5,0,-6,0,13,6,-4,-15,-4,None
0,-6,13,-3,95,-12,-1,-6,-5,0,13,6,-4,-15,-4,None
0,-5,-9,-2,-89,-22,-4,-3,-4,0,13,6,-4,-15,-4,None
0,0,10,12,103,-4,-7,-7,-4,0,13,6,-4,-15,-4,None
0,-8,9,-21,-121,13,2,6,2,0,13,6,-4,-15,-4,None
0,-8,9,-21,-121,13,2,6,2,0,13,6,-4,-15,-4,None
0,-8,9,-21,-121,13,2,6,2,0,13,6,-3,-15,-4,None
0,5,5,8,19,13,9,3,1,0,13,6,-3,-15,-4,None
0,1,-8,1,27,-7,-2,0,-4,0,13,6,-3,-15,-4,None
0,0,8,1,-49,69,-3,-10,1,0,13,6,-3,-15,-4,None
0,-5,-7,-25,3,16,0,1,-1,0,13,6,-3,-15,-4,None
0,-5,-7,-25,3,16,0,1,-1,1,13,6,-3,-15,-4,None
0,-5,-7,-25,3,16,0,1,-1,1,13,6,-2,-18,-4,None
0,6,5,10,81,9,3,-5,5,1,13,6,-2,-18,-4,None
0,-10,-2,-6,-66,49,-17,-2,-9,1,13,6,-2,-18,-4,None
0,2,-8,-23,-39,-8,10,3,2,1,13,6,-2,-18,-4,None
0,-5,14,2,61,28,5,2,-2,1,13,6,-2,-18,-4,None
0,-5,14,2,61,28,5,2,-2,1,13,6,-2,-18,-4,None
0,-5,14,2,61,28,5,2,-2,1,13,6,-1,-19,-4,None
0,-4,-3,-7,-41,42,-2,-9,-3,1,13,6,-1,-19,-4,None
0,6,3,22,72,-85,-4,-1,2,1,13,6,-1,-19,-4,None
0,-3,-4,-17,-37,15,4,-5,-7,1,13,6,-1,-19,-4,None
0,-2,1,-28,0,-13,-7,0,0,1,13,6,-1,-19,-4,None
0,-2,1,-28,0,-13,-7,0,0,1,14,6,-1,-19,-4,None
0,-2,1,-28,0,-13,-7,0,0,1,14,6,0,-19,-3,None
0,-5,-2,6,-58,-23,-1,1,-11,1,14,6,0,-19,-3,None
0,2,-10,-26,30,44,0,-6,1,1,14,6,0,-19,-3,None
0,0,5,13,34,-16,8,7,-6,1,14,6,0,-19,-3,None
0,-1,1,20,-93,-58,6,-1,5,1,14,6,0,-19,-3,None
0,-1,1,20,-93,-58,6,-1,5,1,14,6,0,-19,-3,None
0,-1,1,20,-93,-58,6,-1,5,1,14,6,1,-16,-3,None
0,-6,-1,-4,-19,-42,-1,1,-3,1,14,6,1,-16,-3,None
0,0,-8,-8,18,-11,4,-1,1,1,14,6,1,-16,-3,None
0,2,10,12,19,23,-3,-1,1,1,14,6,1,-16,-3,None
0,-3,11,5,61,-32,4,4,3,1,14,6,1,-16,-3,None
0,-3,11,5,61,-32,4,4,3,1,14,6,1,-16,-3,None
0,-3,11,5,61,-32,4,4,3,1,14,6,3,-15,-3,None
0,-2,-1,13,-20,57,-2,-4,-4,1,14,6,3,-15,-3,None
0,0,-1,4,-11,28,-12,0,-1,1,14,6,3,-15,-3,None
0,-4,-5,-3,-14,-60,-5,0,-5,1,14,6,3,-15,-3,None
0,-6,-1,6,2,0,-8,-12,-3,1,14,6,3,-15,-3,None
0,-6,-1,6,2,0,-8,-12,-3,1,14,6,3,-15,-3,None
0,-6,-1,6,2,0,-8,-12,-3,1,14,6,6,-14,-3,None
0,7,22,-9,-55,5,-2,6,8,1,14,6,6,-14,-3,None
0,-13,-7,48,34,-48,5,5,3,1,14,6,6,-14,-3,None
0,37,18,-4,75,52,-7,-3,-2,1,14,6,6,-14,-3,None
0,-2,-10,-2,-6,55,-2,-9,2,1,14,6,6,-14,-3,None
0,-2,-10,-2,-6,55,-2,-9,2,1,14,6,6,-14,-3,None
0,-2,-10,-2,-6,55,-2,-9,2,1,14,6,7,-14,-3,None
0,-1,-2,-17,34,-77,-5,0,2,1,14,6,7,-14,-3,None
0,1,21,-4,-12,0,8,1,-1,1,14,6,7,-14,-3,None
0,-7,1,9,0,-51,-9,-2,0,1,14,6,7,-14,-3,None
0,-4,-2,2,-59,-18,3,1,2,1,14,6,7,-14,-3,None
0,-4,-2,2,-59,-18,3,1,2,2,14,6,7,-14,-3,None
0,-4,-2,2,-59,-18,3,1,2,2,14,6,8,-13,-3,None
0,3,-3,-2,2,-6,-5,-6,-8,2,14,6,8,-13,-3,None
0,-4,14,-7,-44,6,2,0,2,2,14,6,8,-13,-3,None
0,-5,-6,6,45,36,3,1,1,2,14,6,8,-13,-3,None
0,0,14,-2,9,-21,0,6,-4,2,14,6,8,-13,-3,None
0,0,14,-2,9,-21,0,6,-4,2,14,6,8,-13,-3,None
0,0,14,-2,9,-21,0,6,-4,2,14,6,8,-13,-3,None
0,-12,-43,-7,-12,7,0,-3,-3,2,14,6,8,-13,-3,None
0,-6,-18,-12,-53,-36,-9,-10,-6,2,14,6,8,-13,-3,None
0,-5,-3,-8,-40,26,0,2,0,2,14,6,8,-13,-3,None
0,-5,9,-10,5,-10,-5,-3,-4,2,14,6,8,-13,-3,None
0,-5,9,-10,5,-10,-5,-3,-4,2,14,6,8,-13,-3,None
0,-5,9,-10,5,-10,-5,-3,-4,2,14,6,9,-13,-2,None
0,2,-2,2,-27,-5,2,1,-1,2,14,6,9,-13,-2,None
0,-2,11,10,23,14,2,-2,-4,2,14,6,9,-13,-2,None
0,-4,-11,-1,4,-6,-1,1,1,2,14,6,9,-13,-2,None
0,-4,16,24,41,14,-2,1,-3,2,14,6,9,-13,-2,None
0,-4,16,24,41,14,-2,1,-3,2,14,6,9,-13,-2,None
0,-4,16,24,41,14,-2,1,-3,2,14,6,9,-13,-2,None
0,0,10,3,9,-33,2,0,-2,2,14,6,9,-13,-2,None
0,-1,-6,0,-8,9,0,-1,-4,2,14,6,9,-13,-2,None
0,-16,13,10,-6,-6,-3,-3,0,2,14,6,9,-13,-2,None
0,-2,-47,-24,17,10,-1,-2,-1,2,14,6,9,-13,-2,None
0,-2,-47,-24,17,10,-1,-2,-1,2,14,7,9,-13,-2,None
0,-2,-47,-24,17,10,-1,-2,-1,2,14,7,9,-13,-1,None
0,-9,7,15,-1,21,5,4,1,2,14,7,9,-13,-1,None
0,8,-8,-7,-8,14,-1,-4,-3,2,14,7,9,-13,-1,None
0,-4,2,6,14,-6,-5,-6,-2,2,14,7,9,-13,-1,None
0,1,0,-16,-23,-14,-2,1,-3,2,14,7,9,-13,-1,None
0,1,0,-16,-23,-14,-2,1,-3,2,14,7,9,-13,-1,None
0,1,0,-16,-23,-14,-2,1,-3,2,14,7,9,-14,-2,None
0,1,-1,-7,19,12,-1,-2,-1,2,14,7,9,-14,-2,None
0,-8,-9,-23,-12,8,-1,-2,-1,2,14,7,9,-14,-2,None
0,0,-1,-12,16,18,0,0,1,2,14,7,9,-14,-2,None
0,-1,5,-6,-5,-21,-5,-3,-3,2,14,7,9,-14,-2,None
0,-1,5,-6,-5,-21,-5,-3,-3,2,14,7,9,-14,-2,None
0,-1,5,-6,-5,-21,-5,-3,-3,2,14,7,9,-14,-2,None
0,1,18,-7,2,10,3,1,-2,2,14,7,9,-14,-2,None
0,0,-16,-25,-23,14,-3,-3,-3,2,14,7,9,-14,-2,None
0,2,22,2,-1,-11,-1,1,0,2,14,7,9,-14,-2,None
0,1,-22,-13,-1,4,-2,-1,-4,2,14,7,9,-14,-2,None
0,1,-22,-13,-1,4,-2,-1,-4,2,14,7,9,-14,-2,None
0,1,-22,-13,-1,4,-2,-1,-4,2,14,7,8,-14,-1,None
0,-4,2,-4,17,-9,-4,0,-2,2,14,7,8,-14,-1,None
0,0,-1,4,21,5,-2,-5,-1,2,14,7,8,-14,-1,None
0,0,-9,9,-14,-7,3,2,-1,2,14,7,8,-14,-1,None
0,-8,2,-7,25,7,0,-1,-3,2,14,7,8,-14,-1,None
0,-8,2,-7,25,7,0,-1,-3,2,14,7,8,-14,-1,None
0,-8,2,-7,25,7,0,-1,-3,2,14,7,8,-12,-1,None
0,-16,0,13,27,8,-2,-4,1,2,14,7,8,-12,-1,None
0,-2,4,-4,-10,-3,1,-1,-1,2,14,7,8,-12,-1,None
0,-1,-9,10,17,5,-4,-3,-2,2,14,7,8,-12,-1,None
0,3,20,-1,0,4,-2,-3,-3,2,14,7,8,-12,-1,None
0,3,20,-1,0,4,-2,-3,-3,2,14,7,8,-12,-1,None
0,3,20,-1,0,4,-2,-3,-3,2,14,7,7,-12,-1,None
0,-10,-8,-2,-6,5,0,1,-1,2,14,7,7,-12,-1,None
0,3,-3,-9,-5,4,-1,-4,0,2,14,7,7,-12,-1,None
0,4,5,-6,-2,-8,1,3,0,2,14,7,7,-12,-1,None
0,-9,3,1,7,-6,-2,-2,-1,2,14,7,7,-12,-1,None
0,-9,3,1,7,-6,-2,-2,-1,2,14,7,7,-12,-1,None
0,-9,3,1,7,-6,-2,-2,-1,2,14,7,8,-12,-2,None
0,20,15,-12,-26,3,0,-1,2,2,14,7,8,-12,-2,None
0,-1,15,-8,-1,-1,-1,1,-3,2,14,7,8,-12,-2,None
0,-1,-9,2,-3,-3,0,-2,-1,2,14,7,8,-12,-2,None
0,0,7,5,8,-1,0,0,-2,2,14,7,8,-12,-2,None
0,0,7,5,8,-1,0,0,-2,2,14,7,8,-12,-2,None
0,0,7,5,8,-1,0,0,-2,2,14,7,8,-12,-2,None
0,-1,2,0,-8,-2,0,1,-3,2,14,7,8,-12,-2,None
0,-1,-12,-7,19,5,0,-1,-3,2,14,7,8,-12,-2,None
0,-8,-6,6,6,-3,-2,-2,-3,2,14,7,8,-12,-2,None
0,3,1,-6,-4,1,-4,-2,0,2,14,7,8,-12,-2,None
0,3,1,-6,-4,1,-4,-2,0,2,14,7,8,-12,-2,None
0,3,1,-6,-4,1,-4,-2,0,2,14,7,8,-12,-3,None
0,3,2,5,4,9,-2,-4,0,2,14,7,8,-12,-3,None
0,-15,-7,11,-13,-7,-2,1,-1,2,14,7,8,-12,-3,None
0,38,-7,8,43,3,3,3,-3,2,14,7,8,-12,-3,None
0,-7,10,26,-7,5,-1,-4,-2,2,14,7,8,-12,-3,None
0,-7,10,26,-7,5,-1,-4,-2,2,14,7,8,-12,-3,None
0,-7,10,26,-7,5,-1,-4,-2,2,14,7,8,-12,-3,None
0,1,3,-5,2,2,-3,-3,-2,2,14,7,8,-12,-3,None
0,0,1,-5,-2,1,0,1,1,2,14,7,8,-12,-3,None
0,-11,-3,-3,6,-2,-2,-1,0,2,14,7,8,-12,-3,None
0,1,9,-8,-5,-2,0,-2,1,2,14,7,8,-12,-3,None
0,1,9,-8,-5,-2,0,-2,1,2,14,7,8,-12,-3,None
0,1,9,-8,-5,-2,0,-2,1,2,14,7,8,-11,-3,None
0,0,-8,-8,0,3,-1,-2,-2,2,14,7,8,-11,-3,None
0,11,1,7,-6,3,-3,-3,-1,2,14,7,8,-11,-3,None
0,-34,26,-55,-28,-2,-4,-6,-3,2,14,7,8,-11,-3,None
0,0,-26,34,3,2,5,5,-2,2,14,7,8,-11,-3,None
0,0,-26,34,3,2,5,5,-2,2,14,7,8,-11,-3,None
0,0,-26,34,3,2,5,5,-2,2,14,7,8,-12,-3,None
0,-5,-4,-6,2,8,-1,-2,-1,2,14,7,8,-12,-3,None
0,-4,-8,1,0,1,-1,-1,0,2,14,7,8,-12,-3,None
0,4,9,4,-12,0,-1,-2,-1,2,14,7,8,-12,-3,None
0,1,6,-15,-2,-4,-4,-2,0,2,14,7,8,-12,-3,None
0,1,6,-15,-2,-4,-4,-2,0,2,14,7,8,-12,-3,None
0,1,6,-15,-2,-4,-4,-2,0,2,14,7,8,-12,-3,None
0,-5,-5,-6,-2,-1,0,-1,-2,2,14,7,8,-12,-3,None
0,4,12,-3,0,1,1,0,-2,2,14,7,8,-12,-3,None
0,0,-9,3,-2,-1,-1,-1,-2,2,14,7,8,-12,-3,None
0,-1,5,-6,-5,-4,0,-2,-2,2,14,7,8,-12,-3,None
0,-1,5,-6,-5,-4,0,-2,-2,2,14,6,8,-12,-3,None
0,-1,5,-6,-5,-4,0,-2,-2,2,14,6,8,-11,-3,None
0,4,-8,5,10,0,-1,-1,-3,2,14,6,8,-11,-3,None
0,-7,3,-3,-4,2,-1,-5,-2,2,14,6,8,-11,-3,None
0,1,4,2,-17,-7,0,3,-1,2,14,6,8,-11,-3,None
0,-7,-13,-5,-13,-2,-3,-3,0,2,14,6,8,-11,-3,None
0,-7,-13,-5,-13,-2,-3,-3,0,2,14,6,8,-11,-3,None
0,-7,-13,-5,-13,-2,-3,-3,0,2,14,6,8,-11,-2,None
0,4,5,2,-1,-4,-3,-2,-1,2,14,6,8,-11,-2,None
0,-6,-1,-3,2,2,-2,-3,-1,2,14,6,8,-11,-2,None
0,-4,-3,6,7,5,0,0,-2,2,14,6,8,-11,-2,None
0,5,10,-6,0,-3,-1,-1,-2,2,14,6,8,-11,-2,None
0,5,10,-6,0,-3,-1,-1,-2,2,14,6,8,-11,-2,None
0,5,10,-6,0,-3,-1,-1,-2,2,14,6,8,-11,-2,None
0,-7,-2,-6,-8,1,-1,-2,-1,2,14,6,8,-11,-2,None
0,0,1,-2,-2,-1,-3,-1,-2,2,14,6,8,-11,-2,None
0,1,-10,4,1,1,-1,-2,-2,2,14,6,8,-11,-2,None
0,0,7,-7,2,-3,-3,-1,0,2,14,6,8,-11,-2,None
0,0,7,-7,2,-3,-3,-1,0,2,14,6,8,-11,-2,None
0,0,7,-7,2,-3,-3,-1,0,2,14,6,8,-12,-2,None
0,2,7,-12,0,4,1,-2,-3,2,14,6,8,-12,-2,None
0,-2,9,3,-7,-3,-4,-2,-3,2,14,6,8,-12,-2,None
0,0,-1,-7,7,2,-3,-4,-2,2,14,6,8,-12,-2,None
0,1,-2,-22,-26,-2,-2,-2,-1,2,14,6,8,-12,-2,None
0,1,-2,-22,-26,-2,-2,-2,-1,2,14,6,8,-12,-2,None
0,1,-2,-22,-26,-2,-2,-2,-1,2,14,6,8,-12,-2,None
0,0,1,0,0,-1,0,0,-1,2,14,6,8,-12,-2,None
0,3,4,-7,-2,1,-1,1,0,2,14,6,8,-12,-2,None
0,-7,-4,2,6,1,-1,-3,0,2,14,6,8,-12,-2,None
0,-1,7,1,6,3,-3,-2,-1,2,14,6,8,-12,-2,None
0,-1,7,1,6,3,-3,-2,-1,2,14,6,8,-12,-2,None
0,-1,7,1,6,3,-3,-2,-1,2,14,6,8,-12,-2,None
0,0,0,-2,-1,0,-2,-1,-1,2,14,6,8,-12,-2,None
0,0,-1,-8,-2,1,-1,-2,-1,2,14,6,8,-12,-2,None
0,-2,-5,-2,-9,-3,-1,0,-2,2,14,6,8,-12,-2,None
0,-1,1,4,6,0,0,-1,-1,2,14,6,8,-12,-2,None
0,-1,1,4,6,0,0,-1,-1,2,14,6,8,-12,-2,None
0,-1,1,4,6,0,0,-1,-1,2,14,6,8,-12,-2,None
0,4,-13,-7,4,5,-2,-2,-3,2,14,6,8,-12,-2,None
0,-16,17,-1,-7,-6,1,-1,0,2,14,6,8,-12,-2,None
0,28,0,-6,9,8,0,-2,-2,2,14,6,8,-12,-2,None
0,0,6,2,-7,4,-1,-1,0,2,14,6,8,-12,-2,None
0,0,6,2,-7,4,-1,-1,0,2,14,6,8,-12,-2,None
0,0,6,2,-7,4,-1,-1,0,2,14,6,8,-12,-2,None
0,-5,-5,2,-9,-5,-3,2,-2,2,14,6,8,-12,-2,None
0,-1,3,-5,-1,-2,0,-1,1,2,14,6,8,-12,-2,None
0,-8,-1,-5,0,0,0,1,-2,2,14,6,8,-12,-2,None
0,-1,1,-2,4,-2,-2,-4,0,2,14,6,8,-12,-2,None
0,-1,1,-2,4,-2,-2,-4,0,2,14,6,8,-12,-2,None
0,-1,1,-2,4,-2,-2,-4,0,2,14,6,8,-12,-2,None
0,2,7,-4,-4,-1,-2,-3,0,2,14,6,8,-12,-2,None
0,6,11,0,4,4,-1,-2,0,2,14,6,8,-12,-2,None
0,-9,-38,-2,-7,-2,-1,-2,-1,2,14,6,8,-12,-2,None
0,-2,-13,1,32,3,1,1,-2,2,14,6,8,-12,-2,None
0,-2,-13,1,32,3,1,1,-2,2,14,6,8,-12,-2,None
0,-2,-13,1,32,3,1,1,-2,2,14,6,8,-12,-2,None
0,-2,7,3,-26,-2,-3,-3,-1,2,14,6,8,-12,-2,None
0,5,-4,-1,16,6,-1,-2,-2,2,14,6,8,-12,-2,None
0,-5,5,3,2,0,-3,-2,-1,2,14,6,8,-12,-2,None
0,0,5,-3,-7,-2,-1,-1,-2,2,14,6,8,-12,-2,None
0,0,5,-3,-7,-2,-1,-1,-2,2,14,6,8,-12,-2,None
0,0,5,-3,-7,-2,-1,-1,-2,2,14,6,8,-12,-2,None
0,-3,-4,-4,7,0,1,0,-2,2,14,6,8,-12,-2,None
0,1,-6,-2,-5,-3,-1,1,-2,2,14,6,8,-12,-2,None
0,-1,6,0,-8,-2,-2,-1,-2,2,14,6,8,-12,-2,None
0,-4,-3,-1,5,2,-3,-3,-1,2,14,6,8,-12,-2,None
0,-4,-3,-1,5,2,-3,-3,-1,2,14,6,8,-12,-2,None
0,-4,-3,-1,5,2,-3,-3,-1,2,14,6,8,-12,-2,None
0,1,8,0,-1,0,1,0,1,2,14,6,8,-12,-2,None
0,-4,-23,1,2,3,-1,-1,-3,2,14,6,8,-12,-2,None
0,-18,2,-16,-11,0,-1,-1,0,2,14,6,8,-12,-2,None
0,34,5,0,-16,-7,0,0,-4,2,14,6,8,-12,-2,None
0,34,5,0,-16,-7,0,0,-4,2,14,6,8,-12,-2,None
0,34,5,0,-16,-7,0,0,-4,2,14,6,8,-12,-2,None
0,-6,-6,9,4,1,-4,-5,-3,2,14,6,8,-12,-2,None
0,0,12,-10,-7,-3,0,-1,0,2,14,6,8,-12,-2,None
0,-4,-21,0,3,3,0,-2,0,2,14,6,8,-12,-2,None
0,-9,1,-4,-2,-1,-1,-1,-1,2,14,6,8,-12,-2,None
0,-9,1,-4,-2,-1,-1,-1,-1,2,14,6,8,-12,-2,None
0,-9,1,-4,-2,-1,-1,-1,-1,2,14,6,8,-12,-2,None
0,2,5,-4,0,-1,-1,-1,-1,2,14,6,8,-12,-2,None
0,2,-4,0,0,0,-1,-1,-2,2,14,6,8,-12,-2,None
0,1,13,3,-1,-4,-3,-2,0,2,14,6,8,-12,-2,None
0,-6,4,-4,4,4,-1,-2,-1,2,14,6,8,-12,-2,None
0,-6,4,-4,4,4,-1,-2,-1,2,14,6,8,-12,-2,None
0,-6,4,-4,4,4,-1,-2,-1,2,14,6,8,-12,-2,None
0,-4,-5,-4,5,1,-1,-3,0,2,14,6,8,-12,-2,None
0,-6,0,2,2,4,-1,-2,-1,2,14,6,8,-12,-2,None
0,8,13,0,0,-3,0,-5,-2,2,14,6,8,-12,-2,None
0,0,27,7,11,5,1,3,1,2,14,6,8,-12,-2,None
0,0,27,7,11,5,1,3,1,2,14,6,8,-12,-2,None
0,0,27,7,11,5,1,3,1,2,14,6,8,-12,-2,None
0,4,-21,-9,-11,21,0,-1,-1,2,14,6,8,-12,-2,None
0,-9,0,-1,3,-3,-4,-3,-6,2,14,6,8,-12,-2,None
0,3,6,1,-2,1,-2,-3,-5,2,14,6,8,-12,-2,None
0,-4,8,6,-2,0,1,0,-1,2,14,6,8,-12,-2,None
0,-4,8,6,-2,0,1,0,-1,2,14,6,8,-12,-2,None
0,-4,8,6,-2,0,1,0,-1,2,14,6,8,-12,-2,None
0,-1,4,-1,-5,-7,-1,0,-2,2,14,6,8,-12,-2,None
0,3,2,-4,2,2,0,-1,1,2,14,6,8,-12,-2,None
0,-3,-1,-1,2,-2,-2,-1,-2,2,14,6,8,-12,-2,None
0,-9,-12,-2,-4,0,-2,-3,-1,2,14,6,8,-12,-2,None
0,-9,-12,-2,-4,0,-2,-3,-1,2,14,6,8,-12,-2,None
0,-9,-12,-2,-4,0,-2,-3,-1,2,14,6,8,-12,-2,None
0,-3,6,-3,6,-2,-1,0,-1,2,14,6,8,-12,-2,None
0,-2,-8,0,-1,1,-1,-1,-1,2,14,6,8,-12,-2,None
0,-3,7,3,1,0,1,1,-1,2,14,6,8,-12,-2,None
0,-3,-7,-8,-1,0,-2,-3,-1,2,14,6,8,-12,-2,None
0,-3,-7,-8,-1,0,-2,-3,-1,2,14,6,8,-12,-2,None
0,-3,-7,-8,-1,0,-2,-3,-1,2,14,6,8,-12,-2,None
0,-1,3,-3,-4,-1,-1,-1,-1,2,14,6,8,-12,-2,None
0,2,4,-4,8,1,-3,-2,-2,2,14,6,8,-12,-2,None
0,2,11,5,3,-2,1,2,1,2,14,6,8,-12,-2,None
0,-5,-27,-1,1,3,-2,-2,-1,2,14,6,8,-12,-2,None
0,-5,-27,-1,1,3,-2,-2,-1,2,14,6,8,-12,-2,None
0,-5,-27,-1,1,3,-2,-2,-1,2,14,6,8,-11,-2,None
0,-3,4,2,9,1,0,1,-2,2,14,6,8,-11,-2,None
0,-2,-4,-5,-30,-8,-2,-2,-1,2,14,6,8,-11,-2,None
0,-3,1,-1,9,3,-1,-2,-3,2,14,6,8,-11,-2,None
0,-3,4,-3,0,4,0,-2,-2,2,14,6,8,-11,-2,None
0,-3,4,-3,0,4,0,-2,-2,2,14,6,8,-11,-2,None
0,-3,4,-3,0,4,0,-2,-2,2,14,6,8,-12,-2,None
0,-4,4,-1,4,-2,0,3,-2,2,14,6,8,-12,-2,None
0,-1,-5,0,1,-1,0,0,-2,2,14,6,8,-12,-2,None
0,-6,11,0,-7,0,0,-1,0,2,14,6,8,-12,-2,None
0,2,12,-6,-3,-3,-1,-3,-1,2,14,6,8,-12,-2,None
0,2,12,-6,-3,-3,-1,-3,-1,2,14,6,8,-12,-2,None
0,2,12,-6,-3,-3,-1,-3,-1,2,14,6,8,-12,-2,None
0,-19,-19,-11,-4,-2,-3,-5,-3,2,14,6,8,-12,-2,None
0,17,-6,1,-21,5,3,0,-1,2,14,6,8,-12,-2,None
0,-4,1,2,-12,-4,-2,-2,-4,2,14,6,8,-12,-2,None
0,-4,-7,-2,4,10,-1,-1,-1,2,14,6,8,-12,-2,None
0,-4,-7,-2,4,10,-1,-1,-1,2,14,6,8,-12,-2,None
0,-4,-7,-2,4,10,-1,-1,-1,2,14,6,8,-12,-2,None
0,-4,7,0,8,2,1,-3,-1,2,14,6,8,-12,-2,None
0,-4,6,0,6,-1,-3,1,0,2,14,6,8,-12,-2,None
0,0,-9,-2,3,2,-1,0,-1,2,14,6,8,-12,-2,None
0,2,4,-1,-9,-6,-2,-2,-2,2,14,6,8,-12,-2,None
0,2,4,-1,-9,-6,-2,-2,-2,2,14,6,8,-12,-2,None
0,2,4,-1,-9,-6,-2,-2,-2,2,14,6,8,-12,-2,None
0,5,0,-1,-5,-3,-2,-2,-1,2,14,6,8,-12,-2,None
0,-5,-1,1,6,3,-1,-2,-1,2,14,6,8,-12,-2,None
0,4,-3,-3,-2,-2,-1,-1,-2,2,14,6,8,-12,-2,None
0,-5,-5,-13,1,1,-2,-1,-3,2,14,6,8,-12,-2,None
0,-5,-5,-13,1,1,-2,-1,-3,2,14,6,8,-12,-2,None
0,-5,-5,-13,1,1,-2,-1,-3,2,14,6,8,-12,-2,None
0,9,49,16,26,0,0,-1,-1,2,14,6,8,-12,-2,None
0,-6,-49,-1,-2,-3,-2,-2,0,2,14,6,8,-12,-2,None
0,-2,1,-6,6,2,-1,0,0,2,14,6,8,-12,-2,None
0,-1,-2,-2,-4,1,-1,-3,-3,2,14,6,8,-12,-2,None
0,-1,-2,-2,-4,1,-1,-3,-3,2,14,6,8,-12,-2,None
0,-1,-2,-2,-4,1,-1,-3,-3,2,14,6,8,-12,-2,None
0,1,2,-6,-1,0,0,-2,-1,2,14,6,8,-12,-2,None
0,-1,17,0,1,1,-1,0,-1,2,14,6,8,-12,-2,None
0,0,-2,2,-2,0,-1,-2,-1,2,14,6,8,-12,-2,None
0,0,-5,-1,1,-3,-1,0,0,2,14,6,8,-12,-2,None
0,0,-5,-1,1,-3,-1,0,0,2,14,6,8,-12,-2,None
0,0,-5,-1,1,-3,-1,0,0,2,14,6,8,-12,-2,None
0,1,-8,-4,-10,-5,-3,-2,-2,2,14,6,8,-12,-2,None
0,-3,11,-1,4,0,1,2,0,2,14,6,8,-12,-2,None
0,-2,-7,-5,-4,2,1,0,-1,2,14,6,8,-12,-2,None
0,-4,5,6,1,-1,-1,-2,-1,2,14,6,8,-12,-2,None
0,-4,5,6,1,-1,-1,-2,-1,2,14,6,8,-12,-2,None
0,-4,5,6,1,-1,-1,-2,-1,2,14,6,8,-12,-2,None
0,-1,6,-17,-13,0,-1,-2,-1,2,14,6,8,-12,-2,None
0,-1,6,4,7,1,-1,-2,-2,2,14,6,8,-12,-2,None
0,-2,4,-8,6,2,-1,-3,-2,2,14,6,8,-12,-2,None
0,-2,1,5,3,0,-2,0,-2,2,14,6,8,-12,-2,None
0,-2,1,5,3,0,-2,0,-2,2,14,6,8,-12,-2,None
0,-2,1,5,3,0,-2,0,-2,2,14,6,8,-12,-2,None
0,-1,-5,0,-21,-7,-1,-2,-1,2,14,6,8,-12,-2,None
0,-2,0,-16,0,9,-3,-3,-1,2,14,6,8,-12,-2,None
0,-16,4,1,4,6,1,0,2,2,14,6,8,-12,-2,None
0,24,0,2,-1,-1,1,-3,-3,2,14,6,8,-12,-2,None
0,24,0,2,-1,-1,1,-3,-3,2,14,6,8,-12,-2,None
0,24,0,2,-1,-1,1,-3,-3,2,14,6,8,-12,-2,None
0,-1,-6,4,1,-4,0,2,-1,2,14,6,8,-12,-2,None
0,-1,-7,2,6,3,-2,-2,-1,2,14,6,8,-12,-2,None
0,-5,-10,-2,-4,1,-2,-1,-2,2,14,6,8,-12,-2,None
0,-6,5,-6,0,-1,-1,0,-1,2,14,6,8,-12,-2,None
0,-6,5,-6,0,-1,-1,0,-1,2,14,6,8,-12,-2,None
0,-6,5,-6,0,-1,-1,0,-1,2,14,6,8,-12,-2,None
0,-1,-6,6,-1,3,-1,-2,-2,2,14,6,8,-12,-2,None
0,2,4,-3,-9,-5,0,-1,-1,2,14,6,8,-12,-2,None
0,3,8,0,1,-1,-4,-3,-2,2,14,6,8,-12,-2,None
0,-6,-2,1,1,2,0,0,-2,2,14,6,8,-12,-2,None
0,-6,-2,1,1,2,0,0,-2,2,14,6,8,-12,-2,None
0,-6,-2,1,1,2,0,0,-2,2,14,6,8,-12,-2,None
0,2,2,-10,-3,1,-3,-2,-4,2,14,6,8,-12,-2,None
0,-8,4,0,0,1,-1,-1,-2,2,14,6,8,-12,-2,None
0,3,2,1,2,2,-2,-3,-3,2,14,6,8,-12,-2,None
0,-3,7,-5,-8,-5,0,0,1,2,14,6,8,-12,-2,None
0,-3,7,-5,-8,-5,0,0,1,2,14,6,8,-12,-2,None
0,-3,7,-5,-8,-5,0,0,1,2,14,6,8,-12,-2,None
0,-4,-14,6,5,3,-1,-1,-2,2,14,6,8,-12,-2,None
0,-1,5,-6,1,4,0,0,0,2,14,6,8,-12,-2,None
0,0,-1,0,-12,-7,-1,-3,-2,2,14,6,8,-12,-2,None
0,-3,-3,-1,3,-2,-1,-1,0,2,14,6,8,-12,-2,None
0,-3,-3,-1,3,-2,-1,-1,0,2,14,6,8,-12,-2,None
0,-3,-3,-1,3,-2,-1,-1,0,2,14,6,8,-12,-2,None
0,-1,4,-1,-1,1,-1,-2,-1,2,14,6,8,-12,-2,None
0,-1,3,-2,2,-2,-3,-3,-3,2,14,6,8,-12,-2,None
0,8,26,-2,-9,0,-1,0,1,2,14,6,8,-12,-2,None
0,12,-30,-14,9,2,1,1,-1,2,14,6,8,-12,-2,None
0,12,-30,-14,9,2,1,1,-1,2,14,6,8,-12,-2,None
0,12,-30,-14,9,2,1,1,-1,2,14,6,8,-12,-2,None
0,-3,-13,-8,-1,2,0,-2,-1,2,14,6,8,-12,-2,None
0,-2,7,1,11,-3,-1,-3,-3,2,14,6,8,-12,-2,None
0,2,-7,-3,7,8,2,1,0,2,14,6,8,-12,-2,None
0,-8,14,-5,-3,6,-3,-2,-3,2,14,6,8,-12,-2,None
0,-8,14,-5,-3,6,-3,-2,-3,2,14,6,8,-12,-2,None
0,-8,14,-5,-3,6,-3,-2,-3,2,14,6,8,-12,-2,None
0,1,2,-3,1,2,0,0,-1,2,14,6,8,-12,-2,None
0,3,-6,0,-2,-2,0,-1,0,2,14,6,8,-12,-2,None
0,-5,-3,-2,4,-2,-3,-2,-2,2,14,6,8,-12,-2,None
0,-5,2,1,-4,-3,-2,0,0,2,14,6,8,-12,-2,None
0,-5,2,1,-4,-3,-2,0,0,2,14,6,8,-12,-2,None
0,-5,2,1,-4,-3,-2,0,0,2,14,6,8,-12,-2,None
0,-1,-2,-3,0,0,0,-2,-2,2,14,6,8,-12,-2,None
0,-7,8,0,-1,-1,-2,-3,-3,2,14,6,8,-12,-2,None
0,5,-32,-3,-16,-5,0,0,-2,2,14,6,8,-12,-2,None
0,-3,15,11,9,7,0,-3,-3,2,14,6,8,-12,-2,None
0,-3,15,11,9,7,0,-3,-3,2,14,6,8,-12,-2,None
0,-3,15,11,9,7,0,-3,-3,2,14,6,8,-12,-2,None
0,-4,-41,-12,11,2,-1,-1,-1,2,14,6,8,-12,-2,None
0,-2,2,-4,-22,-2,0,-2,-1,2,14,6,8,-12,-2,None
0,-1,1,0,0,-2,-1,0,-2,2,14,6,8,-12,-2,None
0,-3,-3,-3,-5,-3,-2,-1,-1,2,14,6,8,-12,-2,None
0,-3,-3,-3,-5,-3,-2,-1,-1,2,14,6,8,-12,-2,None
0,-3,-3,-3,-5,-3,-2,-1,-1,2,14,6,8,-12,-2,None
0,-1,12,1,3,2,-2,-2,-1,2,14,6,8,-12,-2,None
0,1,2,-2,2,-1,-1,0,-1,2,14,6,8,-12,-2,None
0,-3,-2,-3,1,0,-2,-2,-1,2,14,6,8,-12,-2,None
0,-5,4,-1,-5,0,-1,-1,-2,2,14,6,8,-12,-2,None
0,-5,4,-1,-5,0,-1,-1,-2,2,14,6,8,-12,-2,None
0,-5,4,-1,-5,0,-1,-1,-2,2,14,6,8,-12,-2,None
0,-1,12,1,-1,0,-1,-2,-1,2,14,6,8,-12,-2,None
0,-1,-3,-5,0,1,-1,-2,-2,2,14,6,8,-12,-2,None
0,-5,6,-1,1,-1,2,1,0,2,14,6,8,-12,-2,None
0,-2,-5,-15,19,7,-1,2,-1,2,14,6,8,-12,-2,None
0,-2,-5,-15,19,7,-1,2,-1,2,14,6,8,-12,-2,None
0,-2,-5,-15,19,7,-1,2,-1,2,14,6,8,-12,-2,None
0,-1,-1,15,-9,2,-4,-4,-4,2,14,6,8,-12,-2,None
0,0,-3,-2,-1,-1,-1,-2,-3,2,14,6,8,-12,-2,None
0,-2,-4,-4,5,3,0,0,-1,2,14,6,8,-12,-2,None
0,-2,3,-2,-11,-5,-2,-3,-1,2,14,6,8,-12,-2,None
0,-2,3,-2,-11,-5,-2,-3,-1,2,14,6,8,-12,-2,None
0,-2,3,-2,-11,-5,-2,-3,-1,2,14,6,8,-12,-2,None
0,0,4,-5,-1,-3,-1,0,0,2,14,6,8,-12,-2,None
0,-3,2,4,5,3,0,0,-1,2,14,6,8,-12,-2,None
0,-2,7,-1,-3,0,-4,-4,-2,2,14,6,8,-12,-2,None
0,-19,-1,9,13,-3,0,-1,0,2,14,6,8,-12,-2,None
0,-19,-1,9,13,-3,0,-1,0,2,14,6,8,-12,-2,None
0,-19,-1,9,13,-3,0,-1,0,2,14,6,8,-12,-2,None
0,28,7,-4,-5,-1,-2,-2,-1,2,14,6,8,-12,-2,None
0,-7,-26,7,10,2,-1,-1,-1,2,14,6,8,-12,-2,None
0,1,-5,-6,-7,-2,0,-2,0,2,14,6,8,-12,-2,None
0,-5,3,0,0,3,0,-3,-2,2,14,6,8,-12,-2,None
0,-5,3,0,0,3,0,-3,-2,2,14,6,8,-12,-2,None
0,-5,3,0,0,3,0,-3,-2,2,14,6,8,-12,-2,None
0,-9,-2,-5,2,0,-1,0,-1,2,14,6,8,-12,-2,None
0,2,10,-5,0,0,-1,0,-1,2,14,6,8,-12,-2,None
0,1,-2,0,2,0,-2,-1,-2,2,14,6,8,-12,-2,None
0,2,-1,-3,-9,-2,-2,-3,-1,2,14,6,8,-12,-2,None
0,2,-1,-3,-9,-2,-2,-3,-1,2,14,6,8,-12,-2,None
0,2,-1,-3,-9,-2,-2,-3,-1,2,14,6,8,-12,-2,None
0,-5,7,-15,1,1,2,0,0,2,14,6,8,-12,-2,None
0,-7,27,2,-2,-4,-2,-2,0,2,14,6,8,-12,-2,None
0,0,-15,11,1,-2,-2,-2,-4,2,14,6,8,-12,-2,None
0,2,3,0,-5,2,-2,-3,-3,2,14,6,8,-12,-2,None
0,2,3,0,-5,2,-2,-3,-3,2,14,6,8,-12,-2,None
0,2,3,0,-5,2,-2,-3,-3,2,14,6,8,-12,-2,None
0,-4,3,-3,-8,-3,0,0,-2,2,14,6,8,-12,-2,None
0,-2,-3,-4,7,2,-1,-2,-2,2,14,6,8,-12,-2,None
0,-1,8,-5,1,0,1,0,-1,2,14,6,8,-12,-2,None
0,1,-1,-2,-4,-2,-1,-2,0,2,14,6,8,-12,-2,None
0,1,-1,-2,-4,-2,-1,-2,0,2,14,6,8,-12,-2,None
0,1,-1,-2,-4,-2,-1,-2,0,2,14,6,8,-12,-2,None
0,-3,-7,1,1,0,0,0,-1,2,14,6,8,-12,-2,None
0,8,22,1,-6,-1,-2,-1,-2,2,14,6,8,-12,-2,None
0,-11,-58,-26,-7,6,-1,-3,-2,2,14,6,8,-12,-2,None
0,2,-6,10,-19,-10,-1,-1,-4,2,14,6,8,-12,-2,None
0,2,-6,10,-19,-10,-1,-1,-4,2,14,6,8,-12,-2,None
0,2,-6,10,-19,-10,-1,-1,-4,2,14,6,8,-12,-2,None
0,-5,7,-5,-10,1,-2,0,-1,2,14,6,8,-12,-2,None
0,0,-6,-3,5,2,-1,-1,-2,2,14,6,8,-12,-2,None
0,2,23,5,0,2,-3,-2,-3,2,14,6,8,-12,-2,None
0,-1,2,-3,5,2,-1,-2,-1,2,14,6,8,-12,-2,None
0,-1,2,-3,5,2,-1,-2,-1,2,14,6,8,-12,-2,None
0,-1,2,-3,5,2,-1,-2,-1,2,14,6,8,-12,-2,None
0,-3,-8,-3,1,-1,-2,-2,-2,2,14,6,8,-12,-2,None
0,0,0,-3,-9,-3,-2,0,-2,2,14,6,8,-12,-2,None
0,0,10,0,5,-1,-1,-2,0,2,14,6,8,-12,-2,None
0,-8,-7,-9,-3,0,-2,-2,-2,2,14,6,8,-12,-2,None
0,-8,-7,-9,-3,0,-2,-2,-2,2,14,6,8,-12,-2,None
0,-8,-7,-9,-3,0,-2,-2,-2,2,14,6,8,-12,-2,None
0,24,12,11,-9,-3,0,-2,0,2,14,6,8,-12,-2,None
0,-3,7,-10,22,5,2,1,-2,2,14,6,8,-12,-2,None
0,0,12,0,-13,6,-2,0,-1,2,14,6,8,-12,-2,None
0,3,-2,-1,11,-1,-2,-2,0,2,14,6,8,-12,-2,None
0,3,-2,-1,11,-1,-2,-2,0,2,14,6,8,-12,-2,None
0,3,-2,-1,11,-1,-2,-2,0,2,14,6,8,-12,-2,None
0,-10,2,-6,3,6,-2,-2,0,2,14,6,8,-12,-2,None
0,0,-6,-1,1,0,1,-2,0,2,14,6,8,-12,-2,None
0,3,6,0,0,-3,-2,-1,0,2,14,6,8,-12,-2,None
0,-6,2,-4,-5,0,-1,-1,0,2,14,6,8,-12,-2,None
0,-6,2,-4,-5,0,-1,-1,0,2,14,6,8,-12,-2,None
0,-6,2,-4,-5,0,-1,-1,0,2,14,6,8,-12,-2,None
0,-6,1,-1,1,-2,-1,0,0,2,14,6,8,-12,-2,None
