0,2,0,-8,0,10,34,53,3,2,14,6,8,-16,-5,None
0,-2,2,5,-4,-11,11,-20,-2,2,14,6,8,-16,-5,None
0,-1,-3,-4,1,-2,-4,-14,-2,2,14,6,8,-16,-5,None
0,-1,-3,-4,1,-2,-4,-14,-2,1,14,6,8,-16,-5,None
0,-1,-3,-4,1,-2,-4,-14,-2,1,14,6,7,-18,-5,None
0,-1,-2,9,10,2,-21,11,-4,1,14,6,7,-18,-5,None
0,1,2,12,12,14,-12,-38,-3,1,14,6,7,-18,-5,None
0,1,-1,-19,-31,-35,22,21,1,1,14,6,7,-18,-5,None
0,-2,-3,12,30,9,-20,7,-4,1,14,6,7,-18,-5,None
0,-2,-3,12,30,9,-20,7,-4,1,13,6,7,-18,-5,None
0,-2,-3,12,30,9,-20,7,-4,1,13,6,4,-18,-5,None
0,-3,1,-1,7,1,-10,-2,0,1,13,6,4,-18,-5,None
0,1,2,-5,2,10,37,-15,1,1,13,6,4,-18,-5,None
0,-1,1,-3,25,-18,-30,11,-3,1,13,6,4,-18,-5,None
0,-2,-3,-4,-11,5,-12,-3,-5,1,13,6,4,-18,-5,None
0,-2,-3,-4,-11,5,-12,-3,-5,1,13,6,4,-18,-5,None
0,-2,-3,-4,-11,5,-12,-3,-5,1,13,6,1,-17,-4,None
0,1,1,13,15,-2,16,-14,3,1,13,6,1,-17,-4,None
0,0,-3,-8,-47,-1,-2,8,0,1,13,6,1,-17,-4,None
0,1,1,5,5,23,5,14,0,1,13,6,1,-17,-4,None
0,-3,-1,4,18,8,3,6,0,1,13,6,1,-17,-4,None
0,-3,-1,4,18,8,3,6,0,0,13,6,1,-17,-4,None
0,-3,-1,4,18,8,3,6,0,0,13,6,0,-16,-4,None
0,-1,0,-4,8,8,-2,-14,-3,0,13,6,0,-16,-4,None
0,-2,1,-2,-28,-16,24,5,-5,0,13,6,0,-16,-4,None
0,-4,1,1,44,-30,-48,-24,-2,0,13,6,0,-16,-4,None
0,17,74,11,54,60,15,-9,1,0,13,6,0,-16,-4,None
0,17,74,11,54,60,15,-9,1,0,13,6,0,-16,-4,None
0,17,74,11,54,60,15,-9,1,0,13,6,-3,-16,-4,None
0,-17,-54,-9,-61,-35,14,31,-3,0,13,6,-3,-16,-4,None
0,5,28,8,60,5,21,4,6,0,13,6,-3,-16,-4,None
0,-6,-67,-4,-40,34,-30,-4,-3,0,13,6,-3,-16,-4,None
0,1,14,-5,82,-65,-10,-15,-2,0,13,6,-3,-16,-4,None
0,1,14,-5,82,-65,-10,-15,-2,0,12,6,-3,-16,-4,None
0,1,14,-5,82,-65,-10,-15,-2,0,12,6,-4,-17,-4,None
0,3,22,-8,-24,83,8,-6,-1,0,12,6,-4,-17,-4,None
0,-28,-1,-9,-85,-62,4,9,-2,0,12,6,-4,-17,-4,None
0,2,-34,-9,-33,4,-10,-17,-6,0,12,6,-4,-17,-4,None
0,-1,-20,-6,15,47,-23,5,-1,0,12,6,-4,-17,-4,None
0,-1,-20,-6,15,47,-23,5,-1,17,12,6,-4,-17,-4,None
0,-1,-20,-6,15,47,-23,5,-1,17,12,6,-3,-15,-3,None
0,-3,-3,8,67,-39,6,-4,-2,17,12,6,-3,-15,-3,None
0,-1,38,-2,-61,-128,0,-6,1,17,12,6,-3,-15,-3,None
0,-1,38,4,78,58,3,5,-1,17,12,6,-3,-15,-3,None
0,-9,-19,12,-17,-5,-9,-4,-3,17,12,6,-3,-15,-3,None
0,-9,-19,12,-17,-5,-9,-4,-3,17,12,6,-3,-15,-3,None
0,-9,-19,12,-17,-5,-9,-4,-3,17,12,6,-5,-14,-3,None
0,-5,-21,-6,-26,105,-4,-7,-3,17,12,6,-5,-14,-3,None
0,19,8,6,30,-42,5,-3,1,17,12,6,-5,-14,-3,None
0,-1,-21,1,-35,-62,0,3,-3,17,12,6,-5,-14,-3,None
0,2,-16,-3,-59,-12,2,12,-1,17,12,6,-5,-14,-3,None
0,2,-16,-3,-59,-12,2,12,-1,16,11,6,-5,-14,-3,None
0,2,-16,-3,-59,-12,2,12,-1,16,11,6,-7,-14,-4,None
0,7,45,3,61,77,6,-9,3,16,11,6,-7,-14,-4,None
0,-14,-18,-15,49,36,-6,-5,-1,16,11,6,-7,-14,-4,None
0,3,-1,-4,17,-57,-3,3,-4,16,11,6,-7,-14,-4,None
0,-7,-6,-26,-23,-46,-22,-4,-1,16,11,6,-7,-14,-4,None
0,-7,-6,-26,-23,-46,-22,-4,-1,16,11,6,-7,-14,-4,None
0,-7,-6,-26,-23,-46,-22,-4,-1,16,11,6,-7,-13,-4,None
0,0,8,30,14,-57,18,-1,-4,16,11,6,-7,-13,-4,None
0,-1,8,-22,-62,-8,1,-4,-2,16,11,6,-7,-13,-4,None
0,28,49,60,67,60,-2,6,7,16,11,6,-7,-13,-4,None
0,-14,45,-36,-122,58,21,4,2,16,11,6,-7,-13,-4,None
0,-14,45,-36,-122,58,21,4,2,16,11,6,-7,-13,-4,None
0,-14,45,-36,-122,58,21,4,2,16,11,6,-6,-13,-4,None
0,-31,-72,-14,75,65,-9,0,-1,16,11,6,-6,-13,-4,None
0,27,-4,20,1,-59,-19,-5,-5,16,11,6,-6,-13,-4,None
0,-5,49,4,50,-48,-6,-3,0,16,11,6,-6,-13,-4,None
0,40,0,5,-66,-3,50,20,14,16,11,6,-6,-13,-4,None
0,40,0,5,-66,-3,50,20,14,15,11,6,-6,-13,-4,None
0,40,0,5,-66,-3,50,20,14,15,11,6,-6,-12,-4,None
0,2,9,-28,-63,37,-9,-5,-2,15,11,6,-6,-12,-4,None
0,-9,-22,2,23,40,11,-3,-5,15,11,6,-6,-12,-4,None
0,-4,22,-20,-4,127,-19,-4,-1,15,11,6,-6,-12,-4,None
0,-20,-23,6,19,-66,-15,-5,-7,15,11,6,-6,-12,-4,None
0,-20,-23,6,19,-66,-15,-5,-7,15,10,6,-6,-12,-4,None
0,-20,-23,6,19,-66,-15,-5,-7,15,10,6,-6,-13,-3,None
0,14,10,-41,-60,-128,-21,-7,-4,15,10,6,-6,-13,-3,None
0,1,-1,3,35,24,25,-1,1,15,10,6,-6,-13,-3,None
0,-7,-5,-21,-74,-35,-13,-5,-5,15,10,6,-6,-13,-3,None
0,-3,15,22,43,3,3,-2,-3,15,10,6,-6,-13,-3,None
0,-3,15,22,43,3,3,-2,-3,15,10,6,-6,-13,-3,None
0,-3,15,22,43,3,3,-2,-3,15,10,6,-5,-12,-2,None
0,-8,-5,40,75,-26,-3,-6,-5,15,10,6,-5,-12,-2,None
0,-49,-4,3,28,125,2,-4,-4,15,10,6,-5,-12,-2,None
0,2,-4,-48,70,27,2,1,2,15,10,6,-5,-12,-2,None
0,20,-14,13,3,-101,-35,-14,-13,15,10,6,-5,-12,-2,None
0,20,-14,13,3,-101,-35,-14,-13,14,10,6,-5,-12,-2,None
0,20,-14,13,3,-101,-35,-14,-13,14,10,6,-5,-11,-2,None
0,0,8,7,-31,10,-4,0,5,14,10,6,-5,-11,-2,None
0,11,45,16,49,-24,8,1,-2,14,10,6,-5,-11,-2,None
0,-2,-7,-1,-40,82,11,5,2,14,10,6,-5,-11,-2,None
0,-8,-5,-5,39,44,7,1,-1,14,10,6,-5,-11,-2,None
0,-8,-5,-5,39,44,7,1,-1,14,10,6,-5,-11,-2,None
0,-8,-5,-5,39,44,7,1,-1,14,10,6,-4,-10,-1,None
0,12,15,-8,35,3,10,2,2,14,10,6,-4,-10,-1,None
0,6,-8,-18,-40,24,-18,-6,-5,14,10,6,-4,-10,-1,None
0,3,7,24,25,22,0,2,2,14,10,6,-4,-10,-1,None
0,-19,-37,-14,69,-13,-8,-4,-5,14,10,6,-4,-10,-1,None
0,-19,-37,-14,69,-13,-8,-4,-5,14,10,6,-4,-10,-1,None
0,-19,-37,-14,69,-13,-8,-4,-5,14,10,6,-4,-10,-1,None
0,12,45,-13,-31,34,19,-1,5,14,10,6,-4,-10,-1,None
0,22,-7,-51,-46,31,0,-3,-1,14,10,6,-4,-10,-1,None
0,11,-19,-16,-10,-10,0,0,-4,14,10,6,-4,-10,-1,None
0,-8,-7,-18,-69,26,-1,3,2,14,10,6,-4,-10,-1,None
0,-8,-7,-18,-69,26,-1,3,2,14,10,6,-4,-10,-1,None
0,-8,-7,-18,-69,26,-1,3,2,14,10,6,-4,-10,-1,None
0,-15,1,7,-19,-39,-5,-2,-4,14,10,6,-4,-10,-1,None
0,8,-17,-13,-23,-42,15,2,2,14,10,6,-4,-10,-1,None
0,-31,12,-13,-9,-33,-9,-4,-5,14,10,6,-4,-10,-1,None
0,14,24,3,-30,-13,3,0,-3,14,10,6,-4,-10,-1,None
0,14,24,3,-30,-13,3,0,-3,14,10,6,-4,-10,-1,None
0,14,24,3,-30,-13,3,0,-3,14,10,6,-4,-10,0,None
0,12,-2,4,-19,37,-11,-6,-3,14,10,6,-4,-10,0,None
0,-7,-4,22,49,-30,-6,0,-1,14,10,6,-4,-10,0,None
0,-4,-15,-1,-123,-27,18,5,4,14,10,6,-4,-10,0,None
0,-12,2,7,91,31,-4,2,1,14,10,6,-4,-10,0,None
0,-12,2,7,91,31,-4,2,1,14,9,6,-4,-10,0,None
0,-12,2,7,91,31,-4,2,1,14,9,6,-5,-9,0,None
0,-13,-8,18,70,54,1,1,-4,14,9,6,-5,-9,0,None
0,6,8,-3,57,43,8,2,8,14,9,6,-5,-9,0,None
0,-6,1,35,2,-21,-3,-11,-7,14,9,6,-5,-9,0,None
0,-1,-5,-3,33,28,9,1,1,14,9,6,-5,-9,0,None
0,-1,-5,-3,33,28,9,1,1,13,9,6,-5,-9,0,None
0,-1,-5,-3,33,28,9,1,1,13,9,6,-5,-9,0,None
0,6,-1,-21,5,16,-12,-3,-5,13,9,6,-5,-9,0,None
0,-21,-7,11,25,-16,-17,-1,-3,13,9,6,-5,-9,0,None
0,26,-1,-16,18,13,2,1,-2,13,9,6,-5,-9,0,None
0,31,4,17,-57,-15,3,2,7,13,9,6,-5,-9,0,None
0,31,4,17,-57,-15,3,2,7,13,9,6,-5,-9,0,None
0,31,4,17,-57,-15,3,2,7,13,9,6,-4,-9,0,None
0,8,12,-18,-17,-103,-7,-4,-4,13,9,6,-4,-9,0,None
0,-12,-9,-26,-67,-17,-10,-7,-6,13,9,6,-4,-9,0,None
0,16,-2,7,-3,34,-8,0,-5,13,9,6,-4,-9,0,None
0,-10,-8,3,-28,-6,-5,-5,-9,13,9,6,-4,-9,0,None
0,-10,-8,3,-28,-6,-5,-5,-9,13,9,6,-4,-9,0,None
0,-10,-8,3,-28,-6,-5,-5,-9,13,9,6,-7,-9,0,None
0,-3,7,9,-37,-13,11,4,9,13,9,6,-7,-9,0,None
0,18,-10,-19,-14,76,-10,-3,-3,13,9,6,-7,-9,0,None
0,-3,6,-12,23,-11,-14,-10,-1,13,9,6,-7,-9,0,None
0,-11,-12,-7,-14,19,-1,3,-4,13,9,6,-7,-9,0,None
0,-11,-12,-7,-14,19,-1,3,-4,13,9,6,-7,-9,0,None
0,-11,-12,-7,-14,19,-1,3,-4,13,9,6,-9,-10,0,None
0,-6,-17,-10,-47,-21,-11,-7,-2,13,9,6,-9,-10,0,None
0,-11,-5,-2,-67,-74,0,-3,-7,13,9,6,-9,-10,0,None
0,-11,-17,1,-4,8,-2,-3,1,13,9,6,-9,-10,0,None
0,-4,26,-4,-49,-41,0,-2,-1,13,9,6,-9,-10,0,None
0,-4,26,-4,-49,-41,0,-2,-1,14,9,6,-9,-10,0,None
0,-4,26,-4,-49,-41,0,-2,-1,14,9,6,-9,-10,0,None
0,-13,-2,15,33,55,0,-1,-3,14,9,6,-9,-10,0,None
0,6,-4,9,39,9,3,0,-2,14,9,6,-9,-10,0,None
0,-28,-16,-29,-44,29,-13,-7,-7,14,9,6,-9,-10,0,None
0,9,-1,-32,21,-16,0,-2,-2,14,9,6,-9,-10,0,None
0,9,-1,-32,21,-16,0,-2,-2,14,9,6,-9,-10,0,None
0,9,-1,-32,21,-16,0,-2,-2,14,9,6,-10,-10,0,None
0,14,26,16,-3,21,8,-4,-1,14,9,6,-10,-10,0,None
0,-7,-27,-4,-1,-23,-8,-4,-3,14,9,6,-10,-10,0,None
0,-15,-40,12,56,-25,3,4,4,14,9,6,-10,-10,0,None
0,-15,-35,2,-29,2,-3,-4,-1,14,9,6,-10,-10,0,None
0,-15,-35,2,-29,2,-3,-4,-1,14,9,6,-10,-10,0,None
0,-15,-35,2,-29,2,-3,-4,-1,14,9,6,-10,-11,0,None
0,-3,-7,-8,-38,-19,-2,2,-3,14,9,6,-10,-11,0,None
0,6,14,23,18,40,11,7,6,14,9,6,-10,-11,0,None
0,-6,11,-25,-19,-68,3,-5,-4,14,9,6,-10,-11,0,None
0,20,53,5,18,26,-2,-2,-1,14,9,6,-10,-11,0,None
0,20,53,5,18,26,-2,-2,-1,14,9,6,-10,-11,0,None
0,20,53,5,18,26,-2,-2,-1,14,9,6,-10,-10,0,None
0,-50,-25,5,13,-40,2,4,0,14,9,6,-10,-10,0,None
0,-2,13,21,70,7,8,-1,1,14,9,6,-10,-10,0,None
0,9,18,5,9,-5,3,2,1,14,9,6,-10,-10,0,None
0,-21,-33,-15,-13,6,-12,-9,-7,14,9,6,-10,-10,0,None
0,-21,-33,-15,-13,6,-12,-9,-7,14,9,6,-10,-10,0,None
0,-21,-33,-15,-13,6,-12,-9,-7,14,9,6,-11,-10,1,None
0,12,32,-4,-18,-37,2,3,0,14,9,6,-11,-10,1,None
0,-5,-11,-1,16,25,-1,-2,-3,14,9,6,-11,-10,1,None
0,-2,29,4,17,10,8,2,2,14,9,6,-11,-10,1,None
0,-5,-48,-11,7,12,1,-2,1,14,9,6,-11,-10,1,None
0,-5,-48,-11,7,12,1,-2,1,14,9,6,-11,-10,1,None
0,-5,-48,-11,7,12,1,-2,1,14,9,6,-10,-10,1,None
0,2,0,-15,13,-35,-11,-6,-7,14,9,6,-10,-10,1,None
0,-4,-13,-6,49,39,-11,-1,-2,14,9,6,-10,-10,1,None
0,9,6,-3,-18,-34,11,0,0,14,9,6,-10,-10,1,None
0,-8,10,12,-23,-45,-4,-4,-2,14,9,6,-10,-10,1,None
0,-8,10,12,-23,-45,-4,-4,-2,14,9,6,-10,-10,1,None
0,-8,10,12,-23,-45,-4,-4,-2,14,9,6,-10,-10,1,None
0,7,-12,-15,-24,-3,-10,-4,-2,14,9,6,-10,-10,1,None
0,2,7,-7,-6,-8,10,3,0,14,9,6,-10,-10,1,None
0,-5,7,6,-16,8,-1,-2,-1,14,9,6,-10,-10,1,None
0,-4,6,-3,5,17,-1,2,0,14,9,6,-10,-10,1,None
0,-4,6,-3,5,17,-1,2,0,14,9,6,-10,-10,1,None
0,-4,6,-3,5,17,-1,2,0,14,9,6,-9,-10,1,None
0,0,-8,-1,43,15,15,-2,-2,14,9,6,-9,-10,1,None
0,2,7,-1,-20,-25,-5,0,-1,14,9,6,-9,-10,1,None
0,-2,2,5,3,27,-13,-3,-3,14,9,6,-9,-10,1,None
0,-4,-5,-7,15,-3,9,0,0,14,9,6,-9,-10,1,None
0,-4,-5,-7,15,-3,9,0,0,14,9,6,-9,-10,1,None
0,-4,-5,-7,15,-3,9,0,0,14,9,6,-8,-10,0,None
0,10,0,-4,6,17,-16,-5,-2,14,9,6,-8,-10,0,None
0,0,6,-1,-12,-1,9,2,1,14,9,6,-8,-10,0,None
0,-1,-5,6,-26,-4,-1,1,-1,14,9,6,-8,-10,0,None
0,-1,7,-8,21,21,-4,-4,0,14,9,6,-8,-10,0,None
0,-1,7,-8,21,21,-4,-4,0,14,9,6,-8,-10,0,None
0,-1,7,-8,21,21,-4,-4,0,14,9,6,-6,-10,0,None
0,-1,3,1,0,-7,-9,0,-2,14,9,6,-6,-10,0,None
0,-3,3,-3,-5,7,-52,-17,-4,14,9,6,-6,-10,0,None
0,-2,-1,2,4,17,47,15,2,14,9,6,-6,-10,0,None
0,2,10,8,4,10,24,7,2,14,9,6,-6,-10,0,None
0,2,10,8,4,10,24,7,2,14,9,6,-6,-10,0,None
0,2,10,8,4,10,24,7,2,14,9,6,-4,-10,0,None
0,1,-2,-5,0,-6,23,4,1,14,9,6,-4,-10,0,None
0,-1,-3,-7,-9,-3,-7,-7,-2,14,9,6,-4,-10,0,None
0,-1,-3,-7,-9,-3,-7,-7,-2,14,9,6,-4,-10,0,None
0,-1,-3,-7,-9,-3,-7,-7,-2,14,9,6,-2,-9,0,None
0,-1,4,-5,4,19,-34,-9,-3,14,9,6,-2,-9,0,None
0,-4,1,14,4,-14,-5,4,1,14,9,6,-2,-9,0,None
0,2,-1,-3,0,0,-8,-4,-2,14,9,6,-2,-9,0,None
0,-2,0,-4,-5,-4,5,1,-3,14,9,6,-2,-9,0,None
0,-2,0,-4,-5,-4,5,1,-3,14,10,6,-2,-9,0,None
0,-2,0,-4,-5,-4,5,1,-3,14,10,6,-2,-11,0,None
0,-1,5,-19,-3,-1,-6,-7,-2,14,10,6,-2,-11,0,None
0,-1,-9,6,10,13,-2,-2,-1,14,10,6,-2,-11,0,None
0,-2,2,8,-1,0,-15,-1,-1,14,10,6,-2,-11,0,None
0,-1,10,0,-10,-12,15,-1,-1,14,10,6,-2,-11,0,None
0,-1,10,0,-10,-12,15,-1,-1,14,10,6,-2,-11,0,None
0,-1,10,0,-10,-12,15,-1,-1,14,10,6,-3,-12,-1,None
0,-7,-31,8,1,3,4,-4,-2,14,10,6,-3,-12,-1,None
0,-2,5,2,7,9,-12,-4,-3,14,10,6,-3,-12,-1,None
0,2,-2,3,1,-4,-1,-1,-3,14,10,6,-3,-12,-1,None
0,0,-3,-7,-16,7,10,6,2,14,10,6,-3,-12,-1,None
0,0,-3,-7,-16,7,10,6,2,14,10,6,-3,-12,-1,None
0,0,-3,-7,-16,7,10,6,2,14,10,6,-3,-13,-1,None
0,-1,11,-7,-5,-3,-4,-2,-3,14,10,6,-3,-13,-1,None
0,0,-1,-3,-5,-1,-15,-5,-3,14,10,6,-3,-13,-1,None
0,1,0,-1,-5,6,9,3,2,14,10,6,-3,-13,-1,None
0,-2,1,14,6,-1,5,-1,-2,14,10,6,-3,-13,-1,None
0,-2,1,14,6,-1,5,-1,-2,15,10,6,-3,-13,-1,None
0,-2,1,14,6,-1,5,-1,-2,15,10,6,-4,-12,-2,None
0,-2,2,-12,-1,-2,-13,-5,-1,15,10,6,-4,-12,-2,None
0,-1,-1,-10,6,-3,3,-3,-3,15,10,6,-4,-12,-2,None
0,1,6,-1,3,4,1,-1,-1,15,10,6,-4,-12,-2,None
0,-2,4,1,12,0,0,-1,-2,15,10,6,-4,-12,-2,None
0,-2,4,1,12,0,0,-1,-2,15,10,6,-4,-12,-2,None
0,-2,4,1,12,0,0,-1,-2,15,10,6,-6,-12,-3,None
0,0,-2,6,-6,-4,-5,1,-1,15,10,6,-6,-12,-3,None
0,-3,-3,-13,9,11,0,-1,-2,15,10,6,-6,-12,-3,None
0,-1,-3,5,-2,0,-3,-3,-1,15,10,6,-6,-12,-3,None
0,1,4,-1,8,-3,2,1,2,15,10,6,-6,-12,-3,None
0,1,4,-1,8,-3,2,1,2,15,11,6,-6,-12,-3,None
0,1,4,-1,8,-3,2,1,2,15,11,6,-7,-13,-3,None
0,-4,-3,6,7,-3,-3,-2,-2,15,11,6,-7,-13,-3,None
0,-2,1,1,9,8,-4,-5,-4,15,11,6,-7,-13,-3,None
0,0,-1,2,-2,-1,5,0,0,15,11,6,-7,-13,-3,None
0,0,0,7,-2,-2,-4,-3,-2,15,11,6,-7,-13,-3,None
0,0,0,7,-2,-2,-4,-3,-2,16,11,6,-7,-13,-3,None
0,0,0,7,-2,-2,-4,-3,-2,16,11,6,-7,-13,-3,None
0,1,6,-18,-9,-8,4,2,0,16,11,6,-7,-13,-3,None
0,-1,0,-2,9,9,-2,-1,-3,16,11,6,-7,-13,-3,None
0,-2,0,-4,13,-9,-11,-4,-4,16,11,6,-7,-13,-3,None
0,-1,-5,-17,-12,0,2,-3,-1,16,11,6,-7,-13,-3,None
0,-1,-5,-17,-12,0,2,-3,-1,16,11,6,-7,-13,-3,None
0,-1,-5,-17,-12,0,2,-3,-1,16,11,6,-6,-13,-3,None
0,0,2,-8,11,-2,3,1,-1,16,11,6,-6,-13,-3,None
0,-1,4,4,-2,7,-1,-1,0,16,11,6,-6,-13,-3,None
0,-2,-2,-21,-11,-3,1,0,-1,16,11,6,-6,-13,-3,None
0,-2,-3,-8,14,0,-5,-3,-3,16,11,6,-6,-13,-3,None
0,-2,-3,-8,14,0,-5,-3,-3,17,12,6,-6,-13,-3,None
0,-2,-3,-8,14,0,-5,-3,-3,17,12,6,-7,-13,-3,None
0,0,4,14,-2,4,3,-2,-1,17,12,6,-7,-13,-3,None
0,-1,1,12,-53,-20,1,2,1,17,12,6,-7,-13,-3,None
0,-2,2,3,80,19,-10,-6,-2,17,12,6,-7,-13,-3,None
0,-3,-6,-19,-104,-19,6,1,-1,17,12,6,-7,-13,-3,None
0,-3,-6,-19,-104,-19,6,1,-1,17,12,6,-7,-13,-3,None
0,-3,-6,-19,-104,-19,6,1,-1,17,12,6,-8,-14,-4,None
0,1,5,20,97,32,-1,-1,0,17,12,6,-8,-14,-4,None
0,-2,-3,-35,-52,3,-5,-3,-2,17,12,6,-8,-14,-4,None
0,-2,0,3,-28,-34,1,2,-2,17,12,6,-8,-14,-4,None
0,0,2,-10,11,4,5,-1,0,17,12,6,-8,-14,-4,None
0,0,2,-10,11,4,5,-1,0,0,13,6,-8,-14,-4,None
0,0,2,-10,11,4,5,-1,0,0,13,6,-7,-15,-4,None
0,0,5,9,77,86,10,-2,0,0,13,6,-7,-15,-4,None
0,-4,-3,3,34,-95,-20,-2,-4,0,13,6,-7,-15,-4,None
0,-4,-5,-18,10,55,-6,-11,-6,0,13,6,-7,-15,-4,None
0,-3,-2,1,-9,-6,-2,4,-4,0,13,6,-7,-15,-4,None
0,-3,-2,1,-9,-6,-2,4,-4,0,13,6,-7,-15,-4,None
0,-3,-2,1,-9,-6,-2,4,-4,0,13,6,-5,-14,-3,None
0,0,2,-13,25,16,6,-1,0,0,13,6,-5,-14,-3,None
0,0,2,20,-18,22,-2,-2,0,0,13,6,-5,-14,-3,None
0,-1,2,-1,-28,-5,-6,-4,-1,0,13,6,-5,-14,-3,None
0,0,0,14,69,11,4,0,-2,0,13,6,-5,-14,-3,None
0,0,0,14,69,11,4,0,-2,0,13,6,-5,-14,-3,None
0,0,0,14,69,11,4,0,-2,0,13,6,-3,-15,-3,None
0,2,4,-14,-60,-32,-4,-1,2,0,13,6,-3,-15,-3,None
0,0,2,19,13,-38,-1,-4,-1,0,13,6,-3,-15,-3,None
0,-1,-1,5,26,57,4,-1,-5,0,13,6,-3,-15,-3,None
0,-3,-5,-8,-88,-21,-3,0,-1,0,13,6,-3,-15,-3,None
0,-3,-5,-8,-88,-21,-3,0,-1,1,13,6,-3,-15,-3,None
0,-3,-5,-8,-88,-21,-3,0,-1,1,13,6,-2,-16,-4,None
0,-1,1,7,9,-21,1,-1,-3,1,13,6,-2,-16,-4,None
0,6,3,-12,-74,45,0,1,2,1,13,6,-2,-16,-4,None
0,0,4,7,16,-9,5,0,1,1,13,6,-2,-16,-4,None
0,0,1,-11,-37,-48,-13,-5,1,1,13,6,-2,-16,-4,None
0,0,1,-11,-37,-48,-13,-5,1,1,14,6,-2,-16,-4,None
0,0,1,-11,-37,-48,-13,-5,1,1,14,6,0,-17,-4,None
0,-6,-6,-6,33,32,3,-3,-11,1,14,6,0,-17,-4,None
0,-4,-1,-4,-22,18,2,1,0,1,14,6,0,-17,-4,None
0,-1,1,-5,-22,16,7,3,-2,1,14,6,0,-17,-4,None
0,-1,0,0,34,1,-3,-3,-3,1,14,6,0,-17,-4,None
0,-1,0,0,34,1,-3,-3,-3,1,14,6,0,-17,-4,None
0,-1,0,0,34,1,-3,-3,-3,1,14,6,3,-18,-3,None
0,-2,-2,-14,-30,-90,-13,-4,-1,1,14,6,3,-18,-3,None
0,0,4,2,52,87,5,-3,0,1,14,6,3,-18,-3,None
0,1,3,9,27,2,3,4,3,1,14,6,3,-18,-3,None
0,-1,4,11,61,33,4,1,-2,1,14,6,3,-18,-3,None
0,-1,4,11,61,33,4,1,-2,1,14,6,3,-18,-3,None
0,-1,4,11,61,33,4,1,-2,1,14,6,4,-16,-3,None
0,-5,-6,-23,-128,-71,-9,-8,-3,1,14,6,4,-16,-3,None
0,-4,2,3,37,35,1,7,1,1,14,6,4,-16,-3,None
0,-1,0,0,-113,-12,-3,1,0,1,14,6,4,-16,-3,None
0,-2,1,1,10,11,-6,-5,-1,1,14,6,4,-16,-3,None
0,-2,1,1,10,11,-6,-5,-1,1,14,6,4,-16,-3,None
0,-2,1,1,10,11,-6,-5,-1,1,14,6,5,-14,-4,None
0,0,1,9,33,40,2,-7,-1,1,14,6,5,-14,-4,None
0,-1,0,2,42,-3,8,10,1,1,14,6,5,-14,-4,None
0,1,6,20,33,-17,-8,-2,0,1,14,6,5,-14,-4,None
0,0,-1,-15,47,65,2,-5,-4,1,14,6,5,-14,-4,None
0,0,-1,-15,47,65,2,-5,-4,2,14,6,5,-14,-4,None
0,0,-1,-15,47,65,2,-5,-4,2,14,6,7,-15,-3,None
0,-1,-12,-3,-59,-39,-11,-2,-3,2,14,6,7,-15,-3,None
0,2,20,-8,-9,35,6,-4,-6,2,14,6,7,-15,-3,None
0,6,24,-13,3,-40,-6,-3,-2,2,14,6,7,-15,-3,None
0,-7,-56,7,22,-30,3,1,2,2,14,6,7,-15,-3,None
0,-7,-56,7,22,-30,3,1,2,2,14,6,7,-15,-3,None
0,-7,-56,7,22,-30,3,1,2,2,14,6,8,-15,-3,None
0,-1,5,-8,-1,48,3,2,0,2,14,6,8,-15,-3,None
0,3,3,-3,47,-6,0,-2,-2,2,14,6,8,-15,-3,None
0,-4,2,-1,-27,14,-4,-5,-1,2,14,6,8,-15,-3,None
0,1,10,-3,-73,-39,-9,-6,-1,2,14,6,8,-15,-3,None
0,1,10,-3,-73,-39,-9,-6,-1,2,14,6,8,-15,-3,None
0,1,10,-3,-73,-39,-9,-6,-1,2,14,6,8,-14,-3,None
0,2,2,0,30,19,8,9,0,2,14,6,8,-14,-3,None
0,-3,-10,-21,-38,-33,-3,-5,-3,2,14,6,8,-14,-3,None
0,-2,-7,-21,-41,-30,-2,-2,-2,2,14,6,8,-14,-3,None
0,-4,1,-23,-8,86,-2,-5,-3,2,14,6,8,-14,-3,None
0,-4,1,-23,-8,86,-2,-5,-3,2,14,6,8,-14,-3,None
0,-4,1,-23,-8,86,-2,-5,-3,2,14,6,8,-13,-2,None
0,-3,-1,5,60,21,-2,-2,-2,2,14,6,8,-13,-2,None
0,-1,2,-8,-53,-15,-3,-3,0,2,14,6,8,-13,-2,None
0,1,10,10,40,20,3,3,-2,2,14,6,8,-13,-2,None
0,-4,-30,-4,27,-14,0,-2,-1,2,14,6,8,-13,-2,None
0,-4,-30,-4,27,-14,0,-2,-1,2,14,6,8,-13,-2,None
0,-4,-30,-4,27,-14,0,-2,-1,2,14,6,9,-12,-3,None
0,0,4,-14,-39,3,-10,-6,-2,2,14,6,9,-12,-3,None
0,-4,-4,4,6,20,4,-4,-4,2,14,6,9,-12,-3,None
0,-2,-2,-9,8,5,-3,-4,-2,2,14,6,9,-12,-3,None
0,2,20,4,-63,-19,0,2,0,2,14,6,9,-12,-3,None
0,2,20,4,-63,-19,0,2,0,2,14,6,9,-12,-3,None
0,2,20,4,-63,-19,0,2,0,2,14,6,9,-13,-2,None
0,12,27,9,91,25,5,3,4,2,14,6,9,-13,-2,None
0,-3,-41,-2,-9,-53,-9,-5,-2,2,14,6,9,-13,-2,None
0,-5,-12,-18,-9,-4,1,-2,-2,2,14,6,9,-13,-2,None
0,3,29,10,55,11,0,0,-2,2,14,6,9,-13,-2,None
0,3,29,10,55,11,0,0,-2,2,14,6,9,-13,-2,None
0,3,29,10,55,11,0,0,-2,2,14,6,9,-13,-2,None
0,0,-11,3,-21,-30,-3,0,-1,2,14,6,9,-13,-2,None
0,-10,37,-5,1,-1,0,-2,-1,2,14,6,9,-13,-2,None
0,27,-48,-2,15,-5,0,-2,0,2,14,6,9,-13,-2,None
0,-1,19,2,13,-2,-1,0,-1,2,14,6,9,-13,-2,None
0,-1,19,2,13,-2,-1,0,-1,2,14,6,9,-13,-2,None
0,-1,19,2,13,-2,-1,0,-1,2,14,6,9,-13,-1,None
0,-4,-7,10,-29,-17,-7,-4,-2,2,14,6,9,-13,-1,None
0,2,-9,-10,13,-5,0,-1,-1,2,14,6,9,-13,-1,None
0,-10,6,2,-9,0,1,1,-1,2,14,6,9,-13,-1,None
0,-1,3,5,14,-20,-1,0,0,2,14,6,9,-13,-1,None
0,-1,3,5,14,-20,-1,0,0,2,14,6,9,-13,-1,None
0,-1,3,5,14,-20,-1,0,0,2,14,6,8,-12,-1,None
0,-2,0,-3,-33,13,0,-1,-1,2,14,6,8,-12,-1,None
0,-4,-1,1,28,6,-1,-3,-3,2,14,6,8,-12,-1,None
0,-6,6,7,13,-9,1,0,3,2,14,6,8,-12,-1,None
0,1,5,-9,-32,-13,-3,-2,-2,2,14,6,8,-12,-1,None
0,1,5,-9,-32,-13,-3,-2,-2,2,14,6,8,-12,-1,None
0,1,5,-9,-32,-13,-3,-2,-2,2,14,6,8,-13,-1,None
0,-5,8,-6,11,-11,-2,-1,-1,2,14,6,8,-13,-1,None
0,-2,-21,-5,-72,-21,-4,-2,-3,2,14,6,8,-13,-1,None
0,-5,17,1,13,6,2,-2,-2,2,14,6,8,-13,-1,None
0,3,-20,4,-26,-18,1,-1,-1,2,14,6,8,-13,-1,None
0,3,-20,4,-26,-18,1,-1,-1,2,14,6,8,-13,-1,None
0,3,-20,4,-26,-18,1,-1,-1,2,14,6,8,-13,-1,None
0,-8,-45,-4,2,21,-1,-2,-2,2,14,6,8,-13,-1,None
0,2,7,0,2,-10,0,0,0,2,14,6,8,-13,-1,None
0,-2,5,-2,-13,-6,-3,-1,-2,2,14,6,8,-13,-1,None
0,-4,2,-1,7,-1,-1,0,-3,2,14,6,8,-13,-1,None
0,-4,2,-1,7,-1,-1,0,-3,2,14,6,8,-13,-1,None
0,-4,2,-1,7,-1,-1,0,-3,2,14,6,8,-12,-1,None
0,-2,13,-1,-10,-8,-2,-2,-2,2,14,6,8,-12,-1,None
0,3,22,-1,19,3,0,-1,-1,2,14,6,8,-12,-1,None
0,-9,-36,-4,3,-7,1,-1,-1,2,14,6,8,-12,-1,None
0,0,13,1,29,-2,1,-1,-1,2,14,6,8,-12,-1,None
0,0,13,1,29,-2,1,-1,-1,2,14,6,8,-12,-1,None
0,0,13,1,29,-2,1,-1,-1,2,14,6,8,-12,-1,None
0,5,0,-9,-36,-1,-2,-2,-1,2,14,6,8,-12,-1,None
0,2,-2,3,37,12,-2,-1,-2,2,14,6,8,-12,-1,None
0,-8,-23,-6,-21,5,-1,-1,-2,2,14,6,8,-12,-1,None
0,-4,3,0,-6,-11,-2,0,-3,2,14,6,8,-12,-1,None
0,-4,3,0,-6,-11,-2,0,-3,2,14,6,8,-12,-1,None
0,-4,3,0,-6,-11,-2,0,-3,2,14,6,8,-12,-1,None
0,-2,-2,-1,-27,-11,0,0,-1,2,14,6,8,-12,-1,None
0,-1,0,2,41,4,0,-1,0,2,14,6,8,-12,-1,None
0,3,19,-3,-14,29,-3,0,0,2,14,6,8,-12,-1,None
0,-3,-10,-1,1,-2,-5,-4,-5,2,14,6,8,-12,-1,None
0,-3,-10,-1,1,-2,-5,-4,-5,2,14,6,8,-12,-1,None
0,-3,-10,-1,1,-2,-5,-4,-5,2,14,6,8,-12,-2,None
0,-2,18,-16,0,-10,-1,-1,-2,2,14,6,8,-12,-2,None
0,-6,-34,21,51,11,1,-2,-2,2,14,6,8,-12,-2,None
0,-1,11,4,71,9,1,-1,0,2,14,6,8,-12,-2,None
0,-1,11,4,8,10,0,-2,-1,2,14,6,8,-12,-2,None
0,-1,11,4,8,10,0,-2,-1,2,14,6,8,-12,-2,None
0,-1,11,4,8,10,0,-2,-1,2,14,6,8,-12,-2,None
0,-1,-1,-2,22,1,-3,-2,-2,2,14,6,8,-12,-2,None
0,0,6,-7,-30,-21,-2,-1,-1,2,14,6,8,-12,-2,None
0,0,5,-3,7,5,-2,-1,-1,2,14,6,8,-12,-2,None
0,-2,-8,2,-9,-5,0,-1,-1,2,14,6,8,-12,-2,None
0,-2,-8,2,-9,-5,0,-1,-1,2,15,6,8,-12,-2,None
0,-2,-8,2,-9,-5,0,-1,-1,2,15,6,8,-12,-2,None
0,-1,10,2,-3,4,0,1,-3,2,15,6,8,-12,-2,None
0,-1,6,-4,15,11,3,0,1,2,15,6,8,-12,-2,None
0,-1,8,-1,-40,-35,-3,-2,-2,2,15,6,8,-12,-2,None
0,1,11,-7,6,15,-1,-3,-1,2,15,6,8,-12,-2,None
0,1,11,-7,6,15,-1,-3,-1,2,15,6,8,-12,-2,None
0,1,11,-7,6,15,-1,-3,-1,2,15,6,8,-11,-2,None
0,-2,-5,-1,-11,-5,-2,-2,-1,2,15,6,8,-11,-2,None
0,-1,5,-4,-5,2,-2,-3,-1,2,15,6,8,-11,-2,None
0,-2,0,-2,-2,-3,-1,-1,-2,2,15,6,8,-11,-2,None
0,-2,-1,-3,-7,-1,0,-1,-1,2,15,6,8,-11,-2,None
0,-2,-1,-3,-7,-1,0,-1,-1,2,15,6,8,-11,-2,None
0,-2,-1,-3,-7,-1,0,-1,-1,2,15,6,8,-11,-2,None
0,-3,1,4,18,-1,2,0,0,2,15,6,8,-11,-2,None
0,14,34,-39,-48,-7,-2,-4,-4,2,15,6,8,-11,-2,None
0,-6,-57,11,-49,4,-6,-5,-5,2,15,6,8,-11,-2,None
0,-4,-11,-8,-2,11,-1,-3,-4,2,15,6,8,-11,-2,None
0,-4,-11,-8,-2,11,-1,-3,-4,2,15,6,8,-11,-2,None
0,-4,-11,-8,-2,11,-1,-3,-4,2,15,6,8,-12,-2,None
0,2,-2,6,12,2,-1,-2,-1,2,15,6,8,-12,-2,None
0,-6,10,-2,-4,3,0,0,-1,2,15,6,8,-12,-2,None
0,2,19,-7,12,-3,0,0,1,2,15,6,8,-12,-2,None
0,2,-2,-2,4,3,-1,-1,0,2,15,6,8,-12,-2,None
0,2,-2,-2,4,3,-1,-1,0,2,15,6,8,-12,-2,None
0,2,-2,-2,4,3,-1,-1,0,2,15,6,8,-11,-2,None
0,-6,1,-3,-15,-1,-3,-1,-1,2,15,6,8,-11,-2,None
0,-2,-5,6,8,0,-1,-2,0,2,15,6,8,-11,-2,None
0,0,10,-3,3,-5,-1,-2,-2,2,15,6,8,-11,-2,None
0,-3,-4,5,11,4,0,0,-1,2,15,6,8,-11,-2,None
0,-3,-4,5,11,4,0,0,-1,2,15,6,8,-11,-2,None
0,-3,-4,5,11,4,0,0,-1,2,15,6,8,-11,-2,None
0,1,9,-5,-2,-7,0,-1,-1,2,15,6,8,-11,-2,None
0,-1,-3,8,33,9,0,1,-1,2,15,6,8,-11,-2,None
0,-1,1,-5,-15,-10,-1,-2,-1,2,15,6,8,-11,-2,None
0,-4,11,-3,-4,11,-4,-2,-4,2,15,6,8,-11,-2,None
0,-4,11,-3,-4,11,-4,-2,-4,2,15,6,8,-11,-2,None
0,-4,11,-3,-4,11,-4,-2,-4,2,15,6,8,-11,-2,None
0,0,-3,-6,7,21,-3,-6,-3,2,15,6,8,-11,-2,None
0,0,-6,3,-1,8,2,2,-2,2,15,6,8,-11,-2,None
0,-3,9,-2,8,-3,1,-1,0,2,15,6,8,-11,-2,None
0,1,4,0,5,-6,-1,-1,-1,2,15,6,8,-11,-2,None
0,1,4,0,5,-6,-1,-1,-1,2,15,6,8,-11,-2,None
0,1,4,0,5,-6,-1,-1,-1,2,15,6,8,-11,-2,None
0,1,-2,0,-12,-10,-1,1,-1,2,15,6,8,-11,-2,None
0,-1,8,3,-8,-2,-3,-2,-2,2,15,6,8,-11,-2,None
0,2,-40,-9,18,5,1,-1,0,2,15,6,8,-11,-2,None
0,3,53,4,-35,-8,-3,-1,-2,2,15,6,8,-11,-2,None
0,3,53,4,-35,-8,-3,-1,-2,2,15,6,8,-11,-2,None
0,3,53,4,-35,-8,-3,-1,-2,2,15,6,8,-12,-2,None
0,-7,-55,3,-4,-4,-3,-2,-2,2,15,6,8,-12,-2,None
0,0,1,-5,-8,-4,-5,-5,0,2,15,6,8,-12,-2,None
0,-2,12,-4,-23,-2,2,0,-1,2,15,6,8,-12,-2,None
0,2,6,-5,16,2,2,2,1,2,15,6,8,-12,-2,None
0,2,6,-5,16,2,2,2,1,2,15,6,8,-12,-2,None
0,2,6,-5,16,2,2,2,1,2,15,6,8,-12,-2,None
0,-2,10,-5,-11,-2,1,-2,-2,2,15,6,8,-12,-2,None
0,-2,-1,2,-4,-3,-1,-3,0,2,15,6,8,-12,-2,None
0,-1,11,-3,5,1,-2,-2,-1,2,15,6,8,-12,-2,None
0,-2,-19,-2,7,2,-2,-2,0,2,15,6,8,-12,-2,None
0,-2,-19,-2,7,2,-2,-2,0,2,15,6,8,-12,-2,None
0,-2,-19,-2,7,2,-2,-2,0,2,15,6,8,-12,-2,None
0,1,21,-2,-6,-2,-1,-2,-2,2,15,6,8,-12,-2,None
0,-5,-13,-3,0,-2,0,-1,-2,2,15,6,8,-12,-2,None
0,-2,20,0,8,2,-3,-2,-3,2,15,6,8,-12,-2,None
0,8,18,-3,0,-5,-1,0,2,2,15,6,8,-12,-2,None
0,8,18,-3,0,-5,-1,0,2,2,15,6,8,-12,-2,None
0,8,18,-3,0,-5,-1,0,2,2,15,6,8,-12,-2,None
0,0,22,4,25,0,2,-2,-1,2,15,6,8,-12,-2,None
0,-2,-7,-27,-29,1,-5,-5,-4,2,15,6,8,-12,-2,None
0,-5,-5,0,-16,4,-2,0,-3,2,15,6,8,-12,-2,None
0,-3,-7,-1,11,-13,-2,1,1,2,15,6,8,-12,-2,None
0,-3,-7,-1,11,-13,-2,1,1,2,15,6,8,-12,-2,None
0,-3,-7,-1,11,-13,-2,1,1,2,15,6,8,-12,-2,None
0,3,15,-4,1,-1,-1,-2,0,2,15,6,8,-12,-2,None
0,-1,-3,7,14,-6,0,1,0,2,15,6,8,-12,-2,None
0,2,19,0,14,1,-2,-1,-1,2,15,6,8,-12,-2,None
0,-2,-11,-7,0,6,-1,-4,-2,2,15,6,8,-12,-2,None
0,-2,-11,-7,0,6,-1,-4,-2,2,15,6,8,-12,-2,None
0,-2,-11,-7,0,6,-1,-4,-2,2,15,6,8,-12,-2,None
0,1,-2,0,-4,-2,-2,-1,-1,2,15,6,8,-12,-2,None
0,-2,-3,1,2,3,1,-2,-2,2,15,6,8,-12,-2,None
0,0,-3,-1,2,2,-1,-3,-1,2,15,6,8,-12,-2,None
0,-3,7,-1,8,3,0,1,-2,2,15,6,8,-12,-2,None
0,-3,7,-1,8,3,0,1,-2,2,15,6,8,-12,-2,None
0,-3,7,-1,8,3,0,1,-2,2,15,6,8,-12,-2,None
0,-6,-32,-2,-9,0,-4,-4,-3,2,15,6,8,-12,-2,None
0,-1,-13,1,10,25,1,-1,-3,2,15,6,8,-12,-2,None
0,0,10,-3,-4,0,-4,-3,-2,2,15,6,8,-12,-2,None
0,-2,-15,-1,4,-1,1,-2,0,2,15,6,8,-12,-2,None
0,-2,-15,-1,4,-1,1,-2,0,2,15,6,8,-12,-2,None
0,-2,-15,-1,4,-1,1,-2,0,2,15,6,8,-12,-2,None
0,1,14,-3,-1,-3,0,0,0,2,15,6,8,-12,-2,None
0,-2,6,-2,-7,-7,-2,0,0,2,15,6,8,-12,-2,None
0,-1,-1,1,7,-2,0,0,-1,2,15,6,8,-12,-2,None
0,-3,-9,-3,-1,6,-1,-2,-2,2,15,6,8,-12,-2,None
0,-3,-9,-3,-1,6,-1,-2,-2,2,15,6,8,-12,-2,None
0,-3,-9,-3,-1,6,-1,-2,-2,2,15,6,8,-11,-2,None
0,0,-2,-4,-6,-1,-2,-1,-2,2,15,6,8,-11,-2,None
0,-1,3,3,0,-4,-2,-1,-2,2,15,6,8,-11,-2,None
0,-3,0,-3,0,-2,-2,-1,-1,2,15,6,8,-11,-2,None
0,-3,-2,-2,-5,1,-1,-2,-4,2,15,6,8,-11,-2,None
0,-3,-2,-2,-5,1,-1,-2,-4,2,15,6,8,-11,-2,None
0,-3,-2,-2,-5,1,-1,-2,-4,2,15,6,8,-11,-2,None
0,-2,2,-3,-3,1,0,-1,-1,2,15,6,8,-11,-2,None
0,-3,1,0,1,-2,0,-1,-1,2,15,6,8,-11,-2,None
0,0,17,7,13,2,0,0,-1,2,15,6,8,-11,-2,None
0,-1,-42,-12,-11,0,-4,-2,-2,2,15,6,8,-11,-2,None
0,-1,-42,-12,-11,0,-4,-2,-2,2,15,6,8,-11,-2,None
0,-1,-42,-12,-11,0,-4,-2,-2,2,15,6,8,-12,-2,None
0,-4,1,4,14,6,-1,-3,-4,2,15,6,8,-12,-2,None
0,0,3,-2,-3,-5,-2,-1,-1,2,15,6,8,-12,-2,None
0,-3,-5,0,6,5,1,-2,-1,2,15,6,8,-12,-2,None
0,-2,9,3,8,0,0,-2,0,2,15,6,8,-12,-2,None
0,-2,9,3,8,0,0,-2,0,2,15,6,8,-12,-2,None
0,-2,9,3,8,0,0,-2,0,2,15,6,8,-12,-2,None
0,0,4,-5,-47,-10,0,0,0,2,15,6,8,-12,-2,None
0,-2,-2,-1,8,-2,1,-1,-1,2,15,6,8,-12,-2,None
0,-1,4,-7,-14,-3,-3,-2,-2,2,15,6,8,-12,-2,None
0,-5,1,-3,-17,-9,-1,-3,-3,2,15,6,8,-12,-2,None
0,-5,1,-3,-17,-9,-1,-3,-3,2,15,6,8,-12,-2,None
0,-5,1,-3,-17,-9,-1,-3,-3,2,15,6,8,-12,-2,None
0,0,4,-3,17,9,-2,-2,-2,2,15,6,8,-12,-2,None
0,-2,8,-1,-6,-2,0,0,-1,2,15,6,8,-12,-2,None
0,0,-4,-4,-5,-2,-1,0,-1,2,15,6,8,-12,-2,None
0,1,3,2,39,10,1,0,0,2,15,6,8,-12,-2,None
0,1,3,2,39,10,1,0,0,2,15,6,8,-12,-2,None
0,1,3,2,39,10,1,0,0,2,15,6,8,-12,-2,None
0,-5,23,-4,-24,-13,0,0,0,2,15,6,8,-12,-2,None
0,26,-11,-1,8,-4,-2,-3,-3,2,15,6,8,-12,-2,None
0,-1,27,3,9,23,-1,-1,-2,2,15,6,8,-12,-2,None
0,-2,6,-2,1,3,-2,-2,-1,2,15,6,8,-12,-2,None
0,-2,6,-2,1,3,-2,-2,-1,2,15,6,8,-12,-2,None
0,-2,6,-2,1,3,-2,-2,-1,2,15,6,8,-12,-2,None
0,1,-6,1,17,3,0,-2,-1,2,15,6,8,-12,-2,None
0,-8,14,-2,2,0,0,-1,0,2,15,6,8,-12,-2,None
0,-1,-8,-3,-3,-9,-1,-1,0,2,15,6,8,-12,-2,None
0,2,1,0,-17,-2,-1,-2,-1,2,15,6,8,-12,-2,None
0,2,1,0,-17,-2,-1,-2,-1,2,15,6,8,-12,-2,None
0,2,1,0,-17,-2,-1,-2,-1,2,15,6,8,-12,-2,None
0,-2,10,-4,17,3,-3,0,-1,2,15,6,8,-12,-2,None
0,-7,-5,-1,1,-3,-3,-1,-2,2,15,6,8,-12,-2,None
0,-1,-13,-3,13,-5,-3,-3,-3,2,15,6,8,-12,-2,None
0,-5,4,-2,-18,7,1,-1,-1,2,15,6,8,-12,-2,None
0,-5,4,-2,-18,7,1,-1,-1,2,15,6,8,-12,-2,None
0,-5,4,-2,-18,7,1,-1,-1,2,15,6,8,-11,-2,None
0,2,-7,0,2,5,1,0,0,2,15,6,8,-11,-2,None
0,-5,-2,-3,-6,0,-1,-1,-1,2,15,6,8,-11,-2,None
0,0,-2,-4,-6,-9,-1,0,-1,2,15,6,8,-11,-2,None
0,-2,6,0,0,-10,-3,-1,0,2,15,6,8,-11,-2,None
0,-2,6,0,0,-10,-3,-1,0,2,15,6,8,-11,-2,None
0,-2,6,0,0,-10,-3,-1,0,2,15,6,8,-12,-2,None
0,-1,-7,-3,-6,-9,-3,-2,0,2,15,6,8,-12,-2,None
0,0,6,-1,-12,-16,-2,1,0,2,15,6,8,-12,-2,None
0,-9,-3,-7,14,14,-2,-3,-5,2,15,6,8,-12,-2,None
0,-1,-2,-2,-21,-9,0,0,-1,2,15,6,8,-12,-2,None
0,-1,-2,-2,-21,-9,0,0,-1,2,15,6,8,-12,-2,None
0,-1,-2,-2,-21,-9,0,0,-1,2,15,6,8,-11,-2,None
0,-1,-5,-2,1,21,-1,-1,-1,2,15,6,8,-11,-2,None
0,-5,2,-2,-4,3,-1,-1,-1,2,15,6,8,-11,-2,None
0,3,-2,-2,-4,-11,-1,-3,1,2,15,6,8,-11,-2,None
0,-1,20,-1,9,-6,-4,-1,-4,2,15,6,8,-11,-2,None
0,-1,20,-1,9,-6,-4,-1,-4,2,15,6,8,-11,-2,None
0,-1,20,-1,9,-6,-4,-1,-4,2,15,6,8,-12,-2,None
0,-4,-9,3,17,1,0,-1,-2,2,15,6,8,-12,-2,None
0,-11,22,-4,-27,-10,-2,-2,-1,2,15,6,8,-12,-2,None
0,0,-9,-3,-2,3,-1,-1,0,2,15,6,8,-12,-2,None
0,-3,-23,-3,-2,2,-1,-1,-3,2,15,6,8,-12,-2,None
0,-3,-23,-3,-2,2,-1,-1,-3,2,15,6,8,-12,-2,None
0,-3,-23,-3,-2,2,-1,-1,-3,2,15,6,8,-12,-2,None
0,2,8,3,-3,-10,1,-1,-2,2,15,6,8,-12,-2,None
0,-5,0,-2,22,31,0,-1,-2,2,15,6,8,-12,-2,None
0,1,1,0,-5,-2,0,-1,0,2,15,6,8,-12,-2,None
0,-4,16,-5,-3,2,-2,-1,-1,2,15,6,8,-12,-2,None
0,-4,16,-5,-3,2,-2,-1,-1,2,15,6,8,-12,-2,None
0,-4,16,-5,-3,2,-2,-1,-1,2,15,6,8,-12,-2,None
0,-8,-3,3,11,5,1,0,-2,2,15,6,8,-12,-2,None
0,1,-11,-7,-32,-14,-3,-2,-3,2,15,6,8,-12,-2,None
0,0,5,-2,-14,1,0,0,-1,2,15,6,8,-12,-2,None
0,0,-6,0,2,4,1,-1,-2,2,15,6,8,-12,-2,None
0,0,-6,0,2,4,1,-1,-2,2,15,6,8,-12,-2,None
0,0,-6,0,2,4,1,-1,-2,2,15,6,8,-12,-2,None
0,1,-4,-7,-29,-11,-3,-2,-1,2,15,6,8,-12,-2,None
0,-1,2,0,13,3,-1,-2,-2,2,15,6,8,-12,-2,None
0,1,1,-1,-8,7,2,0,-2,2,15,6,8,-12,-2,None
0,1,2,0,9,3,0,0,-2,2,15,6,8,-12,-2,None
0,1,2,0,9,3,0,0,-2,2,15,6,8,-12,-2,None
0,1,2,0,9,3,0,0,-2,2,15,6,8,-12,-2,None
0,0,2,-4,-8,-3,-3,-1,-2,2,15,6,8,-12,-2,None
0,1,-6,-2,3,-3,-2,-1,-1,2,15,6,8,-12,-2,None
0,-6,-2,-2,-4,-8,-3,-1,-4,2,15,6,8,-12,-2,None
0,5,-3,-2,1,-1,0,0,2,2,15,6,8,-12,-2,None
0,5,-3,-2,1,-1,0,0,2,2,15,6,8,-12,-2,None
0,5,-3,-2,1,-1,0,0,2,2,15,6,8,-11,-2,None
0,6,21,4,-10,-17,-2,0,-2,2,15,6,8,-11,-2,None
0,-6,-10,-2,28,26,-3,-5,-4,2,15,6,8,-11,-2,None
0,0,2,1,-17,4,1,-2,-1,2,15,6,8,-11,-2,None
0,-4,-3,-4,4,13,1,-1,-2,2,15,6,8,-11,-2,None
0,-4,-3,-4,4,13,1,-1,-2,2,15,6,8,-11,-2,None
0,-4,-3,-4,4,13,1,-1,-2,2,15,6,8,-12,-2,None
0,0,4,-2,-7,-12,-1,-1,-1,2,15,6,8,-12,-2,None
0,1,2,1,3,-14,0,0,0,2,15,6,8,-12,-2,None
0,-2,-1,-2,3,-5,-3,-1,-1,2,15,6,8,-12,-2,None
0,1,5,1,-1,-1,-2,-1,1,2,15,6,8,-12,-2,None
0,1,5,1,-1,-1,-2,-1,1,2,15,6,8,-12,-2,None
0,1,5,1,-1,-1,-2,-1,1,2,15,6,8,-11,-2,None
0,-2,-7,-4,1,6,0,-1,0,2,15,6,8,-11,-2,None
0,-1,-2,0,6,3,1,0,-1,2,15,6,8,-11,-2,None
0,-1,2,0,44,5,0,0,-1,2,15,6,8,-11,-2,None
0,-18,-9,-13,-31,-7,-4,-1,0,2,15,6,8,-11,-2,None
0,-18,-9,-13,-31,-7,-4,-1,0,2,15,6,8,-11,-2,None
0,-18,-9,-13,-31,-7,-4,-1,0,2,15,6,8,-11,-2,None
0,26,3,4,33,26,-3,-5,-6,2,15,6,8,-11,-2,None
0,-2,0,-2,-8,2,2,-1,0,2,15,6,8,-11,-2,None
0,0,0,-1,0,1,-1,-1,0,2,15,6,8,-11,-2,None
0,-5,6,0,5,2,0,-2,0,2,15,6,8,-11,-2,None
0,-5,6,0,5,2,0,-2,0,2,15,6,8,-11,-2,None
0,-5,6,0,5,2,0,-2,0,2,15,6,8,-11,-2,None
0,-9,-5,-4,-5,-4,-1,-1,-2,2,15,6,8,-11,-2,None
0,1,0,0,-4,3,-2,-1,-1,2,15,6,8,-11,-2,None
0,2,4,-1,-6,-6,-2,-2,-1,2,15,6,8,-11,-2,None
0,2,-1,1,9,3,0,-2,-3,2,15,6,8,-11,-2,None
0,2,-1,1,9,3,0,-2,-3,2,15,6,8,-11,-2,None
0,2,-1,1,9,3,0,-2,-3,2,15,6,8,-11,-2,None
0,-8,-6,-5,-10,2,-1,-2,-1,2,15,6,8,-11,-2,None
0,1,1,-1,-1,-3,0,0,-2,2,15,6,8,-11,-2,None
0,0,6,-7,-10,-4,-2,-1,0,2,15,6,8,-11,-2,None
0,5,6,-2,-13,-17,-2,-1,-2,2,15,6,8,-11,-2,None
0,5,6,-2,-13,-17,-2,-1,-2,2,15,6,8,-11,-2,None
0,5,6,-2,-13,-17,-2,-1,-2,2,15,6,8,-12,-2,None
0,-5,-5,0,15,23,-1,-3,-3,2,15,6,8,-12,-2,None
0,-2,-3,-5,-13,-7,-1,0,0,2,15,6,8,-12,-2,None
0,-4,0,-3,1,20,-1,-4,-3,2,15,6,8,-12,-2,None
0,3,-1,1,2,1,1,0,0,2,15,6,8,-12,-2,None
0,3,-1,1,2,1,1,0,0,2,15,6,8,-12,-2,None
0,3,-1,1,2,1,1,0,0,2,15,6,8,-12,-2,None
0,-1,0,-2,-4,-17,-1,1,1,2,15,6,8,-12,-2,None
0,0,8,-2,-2,-5,1,0,-1,2,15,6,8,-12,-2,None
0,-1,-3,-1,-5,-5,-2,-1,-2,2,15,6,8,-12,-2,None
0,2,-1,0,6,0,-3,-2,-3,2,15,6,8,-12,-2,None
0,2,-1,0,6,0,-3,-2,-3,2,15,6,8,-12,-2,None
0,2,-1,0,6,0,-3,-2,-3,2,15,6,8,-12,-2,None
0,-9,3,-5,-2,2,-2,-2,-2,2,15,6,8,-12,-2,None
0,-3,-15,-5,6,3,-1,-1,0,2,15,6,8,-12,-2,None
0,2,10,10,-19,-4,0,-1,-4,2,15,6,8,-12,-2,None
0,-4,-8,-10,16,11,-2,-3,-1,2,15,6,8,-12,-2,None
0,-4,-8,-10,16,11,-2,-3,-1,2,15,6,8,-12,-2,None
0,-4,-8,-10,16,11,-2,-3,-1,2,15,6,8,-12,-2,None
0,-1,1,-4,-12,-7,0,-1,-2,2,15,6,8,-12,-2,None
0,-6,8,0,-9,9,-2,-2,-1,2,15,6,8,-12,-2,None
0,-1,-2,-2,1,-3,0,-1,-1,2,15,6,8,-12,-2,None
0,1,-1,2,2,3,1,0,-2,2,15,6,8,-12,-2,None
0,1,-1,2,2,3,1,0,-2,2,15,6,8,-12,-2,None
0,1,-1,2,2,3,1,0,-2,2,15,6,8,-12,-2,None
0,-6,1,-2,-4,1,-2,-2,0,2,15,6,8,-12,-2,None
0,0,-1,0,3,-4,1,0,-3,2,15,6,8,-12,-2,None
0,-1,-4,-5,-2,-4,-2,-1,0,2,15,6,8,-12,-2,None
0,6,35,3,-12,-4,0,-1,1,2,15,6,8,-12,-2,None
0,6,35,3,-12,-4,0,-1,1,2,15,6,8,-12,-2,None
0,6,35,3,-12,-4,0,-1,1,2,15,6,8,-12,-2,None
0,-5,-17,-5,23,9,-2,-2,-2,2,15,6,8,-12,-2,None
0,4,4,3,-34,-3,-2,-1,-1,2,15,6,8,-12,-2,None
0,-3,-8,-6,4,14,-1,-3,-2,2,15,6,8,-12,-2,None
0,0,6,-1,-6,3,-2,-1,-3,2,15,6,8,-12,-2,None
0,0,6,-1,-6,3,-2,-1,-3,2,15,6,8,-12,-2,None
0,0,6,-1,-6,3,-2,-1,-3,2,15,6,8,-12,-2,None
0,0,3,-3,-4,-5,-1,-1,0,2,15,6,8,-12,-2,None
0,0,0,-2,-3,-8,-2,0,-1,2,15,6,8,-12,-2,None
0,-2,6,-2,0,-4,0,0,0,2,15,6,8,-12,-2,None
0,-1,-10,-2,6,0,-1,-2,-1,2,15,6,8,-12,-2,None
0,-1,-10,-2,6,0,-1,-2,-1,2,15,6,8,-12,-2,None
0,-1,-10,-2,6,0,-1,-2,-1,2,15,6,8,-11,-2,None
0,0,-1,-2,-9,0,-2,-2,0,2,15,6,8,-11,-2,None
0,-2,1,5,32,9,1,0,-2,2,15,6,8,-11,-2,None
0,-4,-22,-15,14,0,0,-1,-1,2,15,6,8,-11,-2,None
0,0,-3,-3,-11,-21,-4,-5,-4,2,15,6,8,-11,-2,None
0,0,-3,-3,-11,-21,-4,-5,-4,2,15,6,8,-11,-2,None
0,0,-3,-3,-11,-21,-4,-5,-4,2,15,6,8,-12,-2,None
0,0,-4,0,-9,6,-2,-2,-1,2,15,6,8,-12,-2,None
0,-3,16,-1,3,2,-1,-3,-2,2,15,6,8,-12,-2,None
0,-4,3,3,8,3,-1,-1,-1,2,15,6,8,-12,-2,None
0,0,-3,-1,1,1,0,0,-1,2,15,6,8,-12,-2,None
0,0,-3,-1,1,1,0,0,-1,2,15,6,8,-12,-2,None
0,0,-3,-1,1,1,0,0,-1,2,15,6,8,-11,-2,None
0,0,1,-3,7,-2,-1,0,0,2,15,6,8,-11,-2,None
0,0,-3,-5,-2,-5,-2,-2,-1,2,15,6,8,-11,-2,None
0,-1,8,0,-12,-8,-1,0,-2,2,15,6,8,-11,-2,None
0,-2,-6,-2,8,7,1,-1,0,2,15,6,8,-11,-2,None
0,-2,-6,-2,8,7,1,-1,0,2,15,6,8,-11,-2,None
0,-2,-6,-2,8,7,1,-1,0,2,15,6,8,-11,-2,None
0,-22,5,-2,-12,-5,0,-1,-2,2,15,6,8,-11,-2,None
0,21,-3,0,21,16,1,-2,-1,2,15,6,8,-11,-2,None
0,-4,1,8,-23,-13,-4,-3,-4,2,15,6,8,-11,-2,None
0,-2,-5,-4,-1,31,1,-2,-2,2,15,6,8,-11,-2,None
0,-2,-5,-4,-1,31,1,-2,-2,2,15,6,8,-11,-2,None
0,-2,-5,-4,-1,31,1,-2,-2,2,15,6,8,-11,-2,None
0,-6,-7,-1,3,5,0,-2,-1,2,15,6,8,-11,-2,None
0,-7,2,-4,-10,-8,-2,-2,-1,2,15,6,8,-11,-2,None
0,2,2,0,-3,-5,-1,-1,-1,2,15,6,8,-11,-2,None
0,0,-3,0,-1,-3,0,-1,-1,2,15,6,8,-11,-2,None
0,0,-3,0,-1,-3,0,-1,-1,2,15,6,8,-11,-2,None
0,0,-3,0,-1,-3,0,-1,-1,2,15,6,8,-11,-2,None
0,7,11,-3,-6,-2,-1,0,0,2,15,6,8,-11,-2,None
0,-7,-5,-2,-1,3,-1,-1,-2,2,15,6,8,-11,-2,None
0,7,8,-4,0,1,-2,-1,0,2,15,6,8,-11,-2,None
0,-7,-26,-1,10,-15,-4,-2,-2,2,15,6,8,-11,-2,None
0,-7,-26,-1,10,-15,-4,-2,-2,2,15,6,8,-11,-2,None
0,-7,-26,-1,10,-15,-4,-2,-2,2,15,6,8,-12,-2,None
0,4,-6,2,-1,24,2,-3,-3,2,15,6,8,-12,-2,None
0,-4,4,-5,-4,-7,-4,-3,-2,2,15,6,8,-12,-2,None
0,-11,-13,-4,4,11,2,-2,-3,2,15,6,8,-12,-2,None
0,0,10,-5,-6,-7,-2,0,-1,2,15,6,8,-12,-2,None
0,0,10,-5,-6,-7,-2,0,-1,2,15,6,8,-12,-2,None
0,0,10,-5,-6,-7,-2,0,-1,2,15,6,8,-12,-2,None
0,3,-1,-2,1,4,-2,0,-1,2,15,6,8,-12,-2,None
0,-4,-7,-1,-2,-3,-1,-2,-2,2,15,6,8,-12,-2,None
0,1,14,-4,-8,0,-2,-1,-1,2,15,6,8,-12,-2,None
0,-8,4,2,-11,-5,-2,-2,-1,2,15,6,8,-12,-2,None
0,-8,4,2,-11,-5,-2,-2,-1,2,15,6,8,-12,-2,None
0,-8,4,2,-11,-5,-2,-2,-1,2,15,6,8,-12,-2,None
0,41,21,-4,21,-1,-1,-2,-3,2,15,6,8,-12,-2,None
0,-8,-13,-5,-35,1,0,-2,-2,2,15,6,8,-12,-2,None
0,0,0,-2,-6,-6,-2,-1,-1,2,15,6,8,-12,-2,None
0,5,1,-1,4,-11,0,0,-1,2,15,6,8,-12,-2,None
0,5,1,-1,4,-11,0,0,-1,2,15,6,8,-12,-2,None
0,5,1,-1,4,-11,0,0,-1,2,15,6,8,-12,-2,None
0,-10,0,-1,-5,13,-1,-1,0,2,15,6,8,-12,-2,None
0,0,5,-3,-3,-5,1,0,1,2,15,6,8,-12,-2,None
0,3,-2,-2,8,0,-1,-2,-1,2,15,6,8,-12,-2,None
0,-5,-1,-2,-4,2,0,-1,-1,2,15,6,8,-12,-2,None
0,-5,-1,-2,-4,2,0,-1,-1,2,15,6,8,-12,-2,None
0,-5,-1,-2,-4,2,0,-1,-1,2,15,6,8,-12,-2,None
0,-11,-3,-8,18,-11,-1,0,-1,2,15,6,8,-12,-2,None
