0,-3,-2,3,-5,-2,26,-20,-5,2,14,6,11,-15,-5,None
0,-4,-6,-31,-15,-15,-125,-20,-7,2,14,6,11,-15,-5,None
0,0,2,25,0,26,93,20,-1,2,14,6,11,-15,-5,None
0,0,2,25,0,26,93,20,-1,2,14,6,11,-15,-5,None
0,0,2,25,0,26,93,20,-1,2,14,6,9,-17,-6,None
0,2,-1,-13,13,10,3,-58,2,2,14,6,9,-17,-6,None
0,0,0,2,-2,24,16,41,-4,2,14,6,9,-17,-6,None
0,2,0,-5,-24,-8,13,29,5,2,14,6,9,-17,-6,None
0,-1,-3,10,-13,-13,-50,-34,-7,2,14,6,9,-17,-6,None
0,-1,-3,10,-13,-13,-50,-34,-7,1,14,6,9,-17,-6,None
0,-1,-3,10,-13,-13,-50,-34,-7,1,14,6,5,-19,-5,None
0,0,4,6,3,-19,2,36,5,1,14,6,5,-19,-5,None
0,3,2,-4,-21,-17,-53,-30,2,1,14,6,5,-19,-5,None
0,-3,-3,-2,5,28,23,-24,-6,1,14,6,5,-19,-5,None
0,-1,-2,17,-8,0,2,-19,0,1,14,6,5,-19,-5,None
0,-1,-2,17,-8,0,2,-19,0,1,14,6,5,-19,-5,None
0,-1,-2,17,-8,0,2,-19,0,1,14,6,1,-18,-4,None
0,0,1,3,16,19,34,24,-1,1,14,6,1,-18,-4,None
0,-2,-1,0,-6,-40,-27,3,-2,1,14,6,1,-18,-4,None
0,-2,-1,0,-6,-40,-27,3,-2,1,13,6,1,-18,-4,None
0,-2,-1,0,-6,-40,-27,3,-2,1,13,6,-1,-17,-3,None
0,-3,0,7,3,-12,-5,-4,-1,1,13,6,-1,-17,-3,None
0,1,2,0,-10,0,-31,10,0,1,13,6,-1,-17,-3,None
0,-1,0,-6,9,8,40,-9,-3,1,13,6,-1,-17,-3,None
0,1,4,1,3,-29,-14,5,4,1,13,6,-1,-17,-3,None
0,-3,0,5,35,11,32,10,1,1,13,6,-1,-17,-3,None
0,0,8,-1,-16,-19,14,-24,-4,1,13,6,-1,-17,-3,None
0,0,8,-1,-16,-19,14,-24,-4,0,13,6,-1,-17,-3,None
0,0,8,-1,-16,-19,14,-24,-4,0,13,6,-2,-17,-2,None
0,-10,-11,-5,62,42,-42,13,-3,0,13,6,-2,-17,-2,None
0,-6,-47,-3,-15,6,0,-2,-4,0,13,6,-2,-17,-2,None
0,-8,13,-4,-11,-23,11,-18,2,0,13,6,-2,-17,-2,None
0,10,13,3,48,110,6,7,-4,0,13,6,-2,-17,-2,None
0,10,13,3,48,110,6,7,-4,0,13,6,-2,-17,-2,None
0,10,13,3,48,110,6,7,-4,0,13,6,-3,-17,-2,None
0,1,-46,-8,21,-95,6,15,4,0,13,6,-3,-17,-2,None
0,-14,24,4,41,87,8,3,-2,0,13,6,-3,-17,-2,None
0,3,-4,-7,-10,8,-27,-33,-8,0,13,6,-3,-17,-2,None
0,-22,-54,-9,-34,48,-3,6,-1,0,13,6,-3,-17,-2,None
0,-22,-54,-9,-34,48,-3,6,-1,0,12,6,-3,-17,-2,None
0,-22,-54,-9,-34,48,-3,6,-1,0,12,6,-3,-16,-2,None
0,-11,18,-2,-38,-40,-1,8,-9,0,12,6,-3,-16,-2,None
0,10,-18,7,60,71,10,-5,9,0,12,6,-3,-16,-2,None
0,-24,-3,-16,27,-10,0,-4,2,0,12,6,-3,-16,-2,None
0,-9,16,-1,22,30,-9,4,-5,0,12,6,-3,-16,-2,None
0,-9,16,-1,22,30,-9,4,-5,17,12,6,-3,-16,-2,None
0,-9,16,-1,22,30,-9,4,-5,17,12,6,-4,-14,-2,None
0,47,20,18,29,87,25,5,8,17,12,6,-4,-14,-2,None
0,-41,-18,-8,49,37,-35,-17,-15,17,12,6,-4,-14,-2,None
0,-8,31,13,57,127,31,6,3,17,12,6,-4,-14,-2,None
0,-2,-16,-20,-57,-128,-21,-3,-3,17,12,6,-4,-14,-2,None
0,-2,-16,-20,-57,-128,-21,-3,-3,17,12,6,-4,-14,-2,None
0,-2,-16,-20,-57,-128,-21,-3,-3,17,12,6,-5,-13,-2,None
0,-7,2,2,-36,-31,2,1,-2,17,12,6,-5,-13,-2,None
0,40,54,10,4,36,27,-8,5,17,12,6,-5,-13,-2,None
0,-33,-51,11,50,-76,-11,20,1,17,12,6,-5,-13,-2,None
0,-3,23,18,-29,40,13,2,1,17,12,6,-5,-13,-2,None
0,-3,23,18,-29,40,13,2,1,16,11,6,-5,-13,-2,None
0,-3,23,18,-29,40,13,2,1,16,11,6,-6,-13,-3,None
0,-7,-3,7,41,33,-17,-6,-1,16,11,6,-6,-13,-3,None
0,29,36,-16,-72,-34,-2,2,-1,16,11,6,-6,-13,-3,None
0,-24,-39,-2,-44,-106,-15,-9,-6,16,11,6,-6,-13,-3,None
0,34,2,-15,-55,-4,14,3,7,16,11,6,-6,-13,-3,None
0,34,2,-15,-55,-4,14,3,7,16,11,6,-6,-13,-3,None
0,34,2,-15,-55,-4,14,3,7,16,11,6,-6,-14,-3,None
0,-27,12,4,39,61,-5,-2,-1,16,11,6,-6,-14,-3,None
0,6,-4,-12,-4,1,6,6,-1,16,11,6,-6,-14,-3,None
0,13,9,-6,-19,63,-4,-13,-5,16,11,6,-6,-14,-3,None
0,-19,23,24,71,9,0,1,-4,16,11,6,-6,-14,-3,None
0,-19,23,24,71,9,0,1,-4,15,11,6,-6,-14,-3,None
0,-19,23,24,71,9,0,1,-4,15,11,6,-6,-13,-3,None
0,5,-52,-52,-47,-39,-13,-7,-5,15,11,6,-6,-13,-3,None
0,34,22,-1,24,-35,17,9,7,15,11,6,-6,-13,-3,None
0,-9,32,-7,-119,-1,-50,-20,-8,15,11,6,-6,-13,-3,None
0,-11,-18,-21,57,46,6,2,-1,15,11,6,-6,-13,-3,None
0,-11,-18,-21,57,46,6,2,-1,15,11,6,-6,-13,-3,None
0,-11,-18,-21,57,46,6,2,-1,15,11,6,-6,-12,-3,None
0,-5,22,14,8,-30,-1,-3,-1,15,11,6,-6,-12,-3,None
0,-7,-2,3,5,-27,-16,-5,-4,15,11,6,-6,-12,-3,None
0,4,19,-16,50,-12,6,-3,-3,15,11,6,-6,-12,-3,None
0,16,-22,7,-25,30,6,6,3,15,11,6,-6,-12,-3,None
0,16,-22,7,-25,30,6,6,3,15,10,6,-6,-12,-3,None
0,16,-22,7,-25,30,6,6,3,15,10,6,-6,-12,-3,None
0,-13,26,-10,-108,-73,-33,-13,-5,15,10,6,-6,-12,-3,None
0,-17,-33,-6,-14,43,2,-3,-8,15,10,6,-6,-12,-3,None
0,32,34,20,58,49,20,2,5,15,10,6,-6,-12,-3,None
0,-2,-24,-54,-18,-5,-7,-4,-5,15,10,6,-6,-12,-3,None
0,-2,-24,-54,-18,-5,-7,-4,-5,14,10,6,-6,-12,-3,None
0,-2,-24,-54,-18,-5,-7,-4,-5,14,10,6,-5,-12,-2,None
0,12,19,1,-20,-47,-5,0,1,14,10,6,-5,-12,-2,None
0,-11,-4,18,-19,-95,-10,-3,0,14,10,6,-5,-12,-2,None
0,11,-5,0,-37,-15,-2,-3,-6,14,10,6,-5,-12,-2,None
0,17,21,20,14,7,10,2,0,14,10,6,-5,-12,-2,None
0,17,21,20,14,7,10,2,0,14,10,6,-5,-12,-2,None
0,17,21,20,14,7,10,2,0,14,10,6,-5,-12,-2,None
0,26,-21,18,5,66,8,0,1,14,10,6,-5,-12,-2,None
0,-25,-8,-23,-48,-2,-6,-5,-10,14,10,6,-5,-12,-2,None
0,1,-5,-1,-74,-31,1,-3,1,14,10,6,-5,-12,-2,None
0,-15,6,0,10,-7,-2,-4,-3,14,10,6,-5,-12,-2,None
0,-15,6,0,10,-7,-2,-4,-3,14,10,6,-5,-12,-2,None
0,-15,6,0,10,-7,-2,-4,-3,14,10,6,-5,-11,-1,None
0,-8,9,10,2,-58,3,5,3,14,10,6,-5,-11,-1,None
0,-12,-8,-51,13,50,1,-1,-1,14,10,6,-5,-11,-1,None
0,3,0,21,-19,-70,11,4,2,14,10,6,-5,-11,-1,None
0,-15,-23,13,-50,-12,-6,-1,0,14,10,6,-5,-11,-1,None
0,-15,-23,13,-50,-12,-6,-1,0,14,10,6,-5,-11,-1,None
0,-15,-23,13,-50,-12,-6,-1,0,14,10,6,-4,-11,-1,None
0,26,4,-23,-45,6,3,-3,-1,14,10,6,-4,-11,-1,None
0,-46,5,2,44,7,12,1,-1,14,10,6,-4,-11,-1,None
0,29,-50,-5,-22,-32,-7,-3,1,14,10,6,-4,-11,-1,None
0,-4,13,-16,-51,-52,-13,-5,-4,14,10,6,-4,-11,-1,None
0,-4,13,-16,-51,-52,-13,-5,-4,14,10,6,-4,-11,-1,None
0,-4,13,-16,-51,-52,-13,-5,-4,14,10,6,-4,-10,0,None
0,-4,1,10,63,-1,5,0,-1,14,10,6,-4,-10,0,None
0,9,-6,-13,-92,2,2,0,6,14,10,6,-4,-10,0,None
0,-18,22,-8,-62,-64,-9,-4,-3,14,10,6,-4,-10,0,None
0,5,-17,37,107,-34,-7,-2,-4,14,10,6,-4,-10,0,None
0,5,-17,37,107,-34,-7,-2,-4,14,10,6,-4,-10,0,None
0,5,-17,37,107,-34,-7,-2,-4,14,10,6,-5,-10,0,None
0,-26,-4,-10,-17,30,2,1,-2,14,10,6,-5,-10,0,None
0,5,1,-34,-44,-6,-2,-2,-1,14,10,6,-5,-10,0,None
0,5,1,-34,-44,-6,-2,-2,-1,14,10,6,-5,-10,0,None
0,5,1,-34,-44,-6,-2,-2,-1,14,10,6,-5,-10,0,None
0,-8,6,-11,28,1,-5,4,1,14,10,6,-5,-10,0,None
0,-8,6,-6,-3,29,4,-2,-2,14,10,6,-5,-10,0,None
0,17,20,2,45,73,-13,-7,-2,14,10,6,-5,-10,0,None
0,-34,-16,60,-23,-30,3,0,-5,14,10,6,-5,-10,0,None
0,-34,-16,60,-23,-30,3,0,-5,13,9,6,-5,-10,0,None
0,-34,-16,60,-23,-30,3,0,-5,13,9,6,-6,-10,0,None
0,14,-20,-56,-26,26,-7,-4,-5,13,9,6,-6,-10,0,None
0,11,12,0,35,-44,-4,-1,-2,13,9,6,-6,-10,0,None
0,-2,2,-8,70,103,6,-1,-2,13,9,6,-6,-10,0,None
0,9,30,1,0,0,-3,1,2,13,9,6,-6,-10,0,None
0,9,30,1,0,0,-3,1,2,13,9,6,-6,-10,0,None
0,9,30,1,0,0,-3,1,2,13,9,6,-6,-10,0,None
0,-7,-5,11,-19,15,-15,-6,-5,13,9,6,-6,-10,0,None
0,-9,3,-11,-13,-47,9,4,2,13,9,6,-6,-10,0,None
0,-8,1,-5,-39,-49,-5,-2,0,13,9,6,-6,-10,0,None
0,5,6,16,44,-74,3,3,-4,13,9,6,-6,-10,0,None
0,5,6,16,44,-74,3,3,-4,13,9,6,-6,-10,0,None
0,5,6,16,44,-74,3,3,-4,13,9,6,-4,-8,1,None
0,4,15,11,38,73,13,3,3,13,9,6,-4,-8,1,None
0,10,-3,-50,-83,-30,-7,-5,-3,13,9,6,-4,-8,1,None
0,-7,7,6,26,-16,-3,-2,-4,13,9,6,-4,-8,1,None
0,-24,-10,-17,16,-29,-12,-1,-3,13,9,6,-4,-8,1,None
0,-24,-10,-17,16,-29,-12,-1,-3,13,9,6,-4,-8,1,None
0,-24,-10,-17,16,-29,-12,-1,-3,13,9,6,-8,-10,0,None
0,-11,9,-8,40,10,-2,-4,-4,13,9,6,-8,-10,0,None
0,24,8,-6,-70,-7,-3,-4,-1,13,9,6,-8,-10,0,None
0,-10,-27,-2,17,5,8,8,4,13,9,6,-8,-10,0,None
0,15,-5,-17,-81,-7,1,-3,-3,13,9,6,-8,-10,0,None
0,15,-5,-17,-81,-7,1,-3,-3,13,9,6,-8,-10,0,None
0,15,-5,-17,-81,-7,1,-3,-3,13,9,6,-10,-10,1,None
0,-14,-14,22,-12,-21,-14,-4,-5,13,9,6,-10,-10,1,None
0,14,5,-16,106,61,-8,-2,-4,13,9,6,-10,-10,1,None
0,-40,6,4,20,32,-2,-7,-3,13,9,6,-10,-10,1,None
0,23,2,-7,31,-18,-12,-6,3,13,9,6,-10,-10,1,None
0,23,2,-7,31,-18,-12,-6,3,13,9,6,-10,-10,1,None
0,23,2,-7,31,-18,-12,-6,3,13,9,6,-10,-9,0,None
0,4,-3,-3,20,34,-10,-1,-5,13,9,6,-10,-9,0,None
0,0,2,36,6,-20,12,5,1,13,9,6,-10,-9,0,None
0,6,2,1,-24,11,-6,-6,-6,13,9,6,-10,-9,0,None
0,2,2,13,52,22,9,2,0,13,9,6,-10,-9,0,None
0,2,2,13,52,22,9,2,0,13,9,6,-10,-9,0,None
0,2,2,13,52,22,9,2,0,13,9,6,-10,-11,1,None
0,-3,1,-13,5,-6,2,-4,-1,13,9,6,-10,-11,1,None
0,-31,-10,-26,29,15,-1,0,-4,13,9,6,-10,-11,1,None
0,-4,13,-4,-11,-6,-2,0,-1,13,9,6,-10,-11,1,None
0,37,-5,5,23,40,5,-6,-1,13,9,6,-10,-11,1,None
0,37,-5,5,23,40,5,-6,-1,13,9,6,-10,-11,1,None
0,37,-5,5,23,40,5,-6,-1,13,9,6,-10,-11,1,None
0,15,2,-16,-26,28,8,2,0,13,9,6,-10,-11,1,None
0,-6,-9,-16,4,-38,2,1,-2,13,9,6,-10,-11,1,None
0,-46,-1,7,-16,-13,-8,-1,-6,13,9,6,-10,-11,1,None
0,5,5,6,10,3,-1,2,-1,13,9,6,-10,-11,1,None
0,5,5,6,10,3,-1,2,-1,13,9,6,-10,-11,1,None
0,5,5,6,10,3,-1,2,-1,13,9,6,-11,-10,0,None
0,5,-27,-5,26,-12,10,0,7,13,9,6,-11,-10,0,None
0,-8,16,32,20,-6,-3,-3,-4,13,9,6,-11,-10,0,None
0,39,-3,-12,-48,36,-1,-2,0,13,9,6,-11,-10,0,None
0,26,22,16,-49,-28,-7,-5,-5,13,9,6,-11,-10,0,None
0,26,22,16,-49,-28,-7,-5,-5,13,9,6,-11,-10,0,None
0,26,22,16,-49,-28,-7,-5,-5,13,9,6,-11,-9,0,None
0,-38,-51,12,35,56,14,9,1,13,9,6,-11,-9,0,None
0,-11,26,3,1,20,7,0,3,13,9,6,-11,-9,0,None
0,20,-9,-30,22,-21,-8,-4,-1,13,9,6,-11,-9,0,None
0,-11,1,12,22,10,0,0,3,13,9,6,-11,-9,0,None
0,-11,1,12,22,10,0,0,3,13,9,6,-11,-9,0,None
0,-11,1,12,22,10,0,0,3,13,9,6,-10,-10,1,None
0,10,15,8,11,13,-4,-6,-6,13,9,6,-10,-10,1,None
0,8,-6,11,-25,-9,-7,1,0,13,9,6,-10,-10,1,None
0,-21,4,-12,42,-21,8,0,2,13,9,6,-10,-10,1,None
0,-7,-2,-8,-36,28,-10,-4,-2,13,9,6,-10,-10,1,None
0,-7,-2,-8,-36,28,-10,-4,-2,13,9,6,-10,-10,1,None
0,-7,-2,-8,-36,28,-10,-4,-2,13,9,6,-11,-10,1,None
0,-5,16,6,45,-8,-1,-6,-5,13,9,6,-11,-10,1,None
0,4,5,5,42,1,-6,-2,0,13,9,6,-11,-10,1,None
0,-2,3,-9,-53,10,1,-1,-3,13,9,6,-11,-10,1,None
0,-13,-6,-1,2,75,1,-1,0,13,9,6,-11,-10,1,None
0,-13,-6,-1,2,75,1,-1,0,13,9,6,-11,-10,1,None
0,-13,-6,-1,2,75,1,-1,0,13,9,6,-10,-9,0,None
0,12,10,-3,6,13,-10,-9,-7,13,9,6,-10,-9,0,None
0,-11,-4,6,4,0,2,1,0,13,9,6,-10,-9,0,None
0,10,-1,10,-10,-22,3,0,1,13,9,6,-10,-9,0,None
0,1,-3,-4,3,-33,0,1,-1,13,9,6,-10,-9,0,None
0,1,-3,-4,3,-33,0,1,-1,13,9,6,-10,-9,0,None
0,1,-3,-4,3,-33,0,1,-1,13,9,6,-10,-10,0,None
0,5,8,-10,2,-13,0,1,-1,13,9,6,-10,-10,0,None
0,-2,-1,-13,3,30,2,-3,0,13,9,6,-10,-10,0,None
0,-1,-2,12,37,36,-3,-1,-4,13,9,6,-10,-10,0,None
0,-6,-5,-6,13,10,-2,0,0,13,9,6,-10,-10,0,None
0,-6,-5,-6,13,10,-2,0,0,13,9,6,-10,-10,0,None
0,-6,-5,-6,13,10,-2,0,0,13,9,6,-9,-10,0,None
0,0,12,-8,-17,-17,3,0,0,13,9,6,-9,-10,0,None
0,-5,-2,3,-10,-20,1,-2,0,13,9,6,-9,-10,0,None
0,8,-1,-3,14,9,-4,0,-2,13,9,6,-9,-10,0,None
0,-5,1,-3,-17,-29,-5,-2,-2,13,9,6,-9,-10,0,None
0,-5,1,-3,-17,-29,-5,-2,-2,13,9,6,-9,-10,0,None
0,-5,1,-3,-17,-29,-5,-2,-2,13,9,6,-9,-10,0,None
0,3,3,2,-3,-3,12,1,-2,13,9,6,-9,-10,0,None
0,1,0,0,3,-11,5,-1,-2,13,9,6,-9,-10,0,None
0,1,1,-1,-10,-12,-22,-5,-2,13,9,6,-9,-10,0,None
0,-2,-2,-3,9,-10,-16,-6,-2,13,9,6,-9,-10,0,None
0,-2,-2,-3,9,-10,-16,-6,-2,14,9,6,-9,-10,0,None
0,-2,-2,-3,9,-10,-16,-6,-2,14,9,6,-7,-10,0,None
0,3,6,-7,-7,-2,40,18,6,14,9,6,-7,-10,0,None
0,-3,-1,1,-5,-3,51,6,0,14,9,6,-7,-10,0,None
0,-1,-1,-3,-8,-9,-23,-5,-3,14,9,6,-7,-10,0,None
0,-2,3,-5,1,-17,15,3,1,14,9,6,-7,-10,0,None
0,-2,3,-5,1,-17,15,3,1,14,9,6,-7,-10,0,None
0,-2,3,-5,1,-17,15,3,1,14,9,6,-6,-10,1,None
0,1,1,19,-7,-5,-14,-8,-1,14,9,6,-6,-10,1,None
0,-3,2,-14,-20,3,-25,-2,-3,14,9,6,-6,-10,1,None
0,1,16,24,4,-13,27,3,0,14,9,6,-6,-10,1,None
0,-1,-2,-43,-16,6,-19,0,0,14,9,6,-6,-10,1,None
0,-1,-2,-43,-16,6,-19,0,0,14,9,6,-6,-10,1,None
0,-1,-2,-43,-16,6,-19,0,0,14,9,6,-4,-10,0,None
0,-4,-25,14,8,-19,-35,-7,-6,14,9,6,-4,-10,0,None
0,2,18,-7,8,-2,44,9,5,14,9,6,-4,-10,0,None
0,0,-20,16,3,-3,-16,-7,-2,14,9,6,-4,-10,0,None
0,-8,-5,-37,13,2,8,-1,-4,14,9,6,-4,-10,0,None
0,-8,-5,-37,13,2,8,-1,-4,14,9,6,-4,-10,0,None
0,-8,-5,-37,13,2,8,-1,-4,14,9,6,-4,-10,1,None
0,2,18,5,1,29,-4,-2,0,14,9,6,-4,-10,1,None
0,0,17,43,1,7,-15,-5,-3,14,9,6,-4,-10,1,None
0,-1,-13,-20,-1,-10,-6,-1,-2,14,9,6,-4,-10,1,None
0,-5,-22,-53,-3,-5,11,-1,-2,14,9,6,-4,-10,1,None
0,-5,-22,-53,-3,-5,11,-1,-2,14,9,6,-4,-10,1,None
0,-5,-22,-53,-3,-5,11,-1,-2,14,9,6,-5,-11,0,None
0,0,5,-7,-8,1,-4,2,2,14,9,6,-5,-11,0,None
0,-1,12,20,0,3,-21,-6,-3,14,9,6,-5,-11,0,None
0,4,28,31,-8,-3,18,4,3,14,9,6,-5,-11,0,None
0,-4,5,3,9,-2,-6,-4,-5,14,9,6,-5,-11,0,None
0,-4,5,3,9,-2,-6,-4,-5,14,10,6,-5,-11,0,None
0,-4,5,3,9,-2,-6,-4,-5,14,10,6,-6,-11,0,None
0,0,-14,-14,-2,-3,0,-4,-4,14,10,6,-6,-11,0,None
0,-2,-5,-12,-5,6,-21,-4,-1,14,10,6,-6,-11,0,None
0,1,6,8,1,-3,14,4,-1,14,10,6,-6,-11,0,None
0,2,38,96,-2,-2,-4,-4,0,14,10,6,-6,-11,0,None
0,2,38,96,-2,-2,-4,-4,0,14,10,6,-6,-11,0,None
0,2,38,96,-2,-2,-4,-4,0,14,10,6,-5,-11,-1,None
0,-5,-41,-97,-21,-1,-10,-3,-2,14,10,6,-5,-11,-1,None
0,-2,8,21,-10,-1,12,0,-4,14,10,6,-5,-11,-1,None
0,-2,-39,-70,-1,15,-19,-3,-3,14,10,6,-5,-11,-1,None
0,-2,-21,-37,-16,-8,28,-2,-3,14,10,6,-5,-11,-1,None
0,-2,-21,-37,-16,-8,28,-2,-3,14,10,6,-5,-11,-1,None
0,-2,-21,-37,-16,-8,28,-2,-3,14,10,6,-5,-11,-2,None
0,1,24,10,8,0,0,-3,-2,14,10,6,-5,-11,-2,None
0,-4,-18,2,3,4,-14,-4,-2,14,10,6,-5,-11,-2,None
0,2,23,-4,6,-7,3,-1,-2,14,10,6,-5,-11,-2,None
0,4,5,9,23,0,-11,-1,1,14,10,6,-5,-11,-2,None
0,4,5,9,23,0,-11,-1,1,15,10,6,-5,-11,-2,None
0,4,5,9,23,0,-11,-1,1,15,10,6,-5,-11,-2,None
0,0,12,25,35,-2,-1,-1,0,15,10,6,-5,-11,-2,None
0,-3,-13,-49,-15,2,-9,-5,-4,15,10,6,-5,-11,-2,None
0,0,9,0,16,2,3,2,1,15,10,6,-5,-11,-2,None
0,-2,-7,-4,19,-5,-4,1,0,15,10,6,-5,-11,-2,None
0,-2,-7,-4,19,-5,-4,1,0,15,10,6,-5,-11,-2,None
0,-2,-7,-4,19,-5,-4,1,0,15,10,6,-6,-12,-3,None
0,-1,0,5,5,-1,12,-1,-1,15,10,6,-6,-12,-3,None
0,1,7,-7,8,4,-11,-1,-2,15,10,6,-6,-12,-3,None
0,-1,1,38,11,-6,4,-1,0,15,10,6,-6,-12,-3,None
0,-3,-10,-4,-9,22,-2,-3,-2,15,10,6,-6,-12,-3,None
0,-3,-10,-4,-9,22,-2,-3,-2,15,11,6,-6,-12,-3,None
0,-3,-10,-4,-9,22,-2,-3,-2,15,11,6,-6,-12,-3,None
0,-2,16,-3,2,-25,-9,-1,-2,15,11,6,-6,-12,-3,None
0,-3,-16,-4,10,-1,-5,-1,-3,15,11,6,-6,-12,-3,None
0,-2,1,-27,-32,-8,2,-3,-3,15,11,6,-6,-12,-3,None
0,-2,9,18,10,2,3,3,0,15,11,6,-6,-12,-3,None
0,-2,9,18,10,2,3,3,0,16,11,6,-6,-12,-3,None
0,-2,9,18,10,2,3,3,0,16,11,6,-6,-13,-4,None
0,-1,-8,5,3,-2,-5,-4,-2,16,11,6,-6,-13,-4,None
0,-3,-9,-6,5,5,-15,-1,-3,16,11,6,-6,-13,-4,None
0,-1,-6,1,3,13,20,-2,-2,16,11,6,-6,-13,-4,None
0,2,8,-2,-11,-9,1,1,1,16,11,6,-6,-13,-4,None
0,2,8,-2,-11,-9,1,1,1,16,11,6,-6,-13,-4,None
0,2,8,-2,-11,-9,1,1,1,16,11,6,-5,-13,-4,None
0,-1,10,-1,-10,1,-9,-1,-2,16,11,6,-5,-13,-4,None
0,-2,-4,-10,0,-3,1,-2,0,16,11,6,-5,-13,-4,None
0,-2,1,-3,-24,-3,-20,-2,-4,16,11,6,-5,-13,-4,None
0,0,-2,-6,6,-4,17,0,-2,16,11,6,-5,-13,-4,None
0,0,-2,-6,6,-4,17,0,-2,17,12,6,-5,-13,-4,None
0,0,-2,-6,6,-4,17,0,-2,17,12,6,-5,-13,-4,None
0,-2,1,9,-22,-5,-6,-4,-2,17,12,6,-5,-13,-4,None
0,-2,-3,8,3,0,-3,-3,-4,17,12,6,-5,-13,-4,None
0,-1,1,-10,-4,2,-8,-2,0,17,12,6,-5,-13,-4,None
0,0,2,5,1,14,-4,0,-1,17,12,6,-5,-13,-4,None
0,0,2,5,1,14,-4,0,-1,17,12,6,-5,-13,-4,None
0,0,2,5,1,14,-4,0,-1,17,12,6,-5,-13,-4,None
0,0,0,9,8,-5,1,0,-2,17,12,6,-5,-13,-4,None
0,-2,4,-16,25,3,-5,-4,-5,17,12,6,-5,-13,-4,None
0,0,-2,3,-47,-16,0,-4,0,17,12,6,-5,-13,-4,None
0,-1,-2,-5,24,7,-4,-1,0,17,12,6,-5,-13,-4,None
0,-1,-2,-5,24,7,-4,-1,0,0,13,6,-5,-13,-4,None
0,-1,-2,-5,24,7,-4,-1,0,0,13,6,-4,-14,-4,None
0,-1,4,-1,-23,5,1,-2,-4,0,13,6,-4,-14,-4,None
0,1,-1,-7,-89,-17,4,0,1,0,13,6,-4,-14,-4,None
0,1,0,1,38,8,5,-2,-1,0,13,6,-4,-14,-4,None
0,2,1,15,-17,6,-2,1,3,0,13,6,-4,-14,-4,None
0,2,1,15,-17,6,-2,1,3,0,13,6,-4,-14,-4,None
0,2,1,15,-17,6,-2,1,3,0,13,6,-2,-15,-4,None
0,-2,2,-3,26,-5,-1,-4,-6,0,13,6,-2,-15,-4,None
0,-3,-4,-3,81,16,-5,-7,-2,0,13,6,-2,-15,-4,None
0,0,2,11,7,-14,1,-4,0,0,13,6,-2,-15,-4,None
0,-4,-7,-12,-73,-13,-9,-3,-4,0,13,6,-2,-15,-4,None
0,-4,-7,-12,-73,-13,-9,-3,-4,0,13,6,-2,-15,-4,None
0,-4,-7,-12,-73,-13,-9,-3,-4,0,13,6,-1,-16,-4,None
0,-2,5,3,9,-2,-3,0,-2,0,13,6,-1,-16,-4,None
0,0,-3,-1,-5,-1,-1,0,2,0,13,6,-1,-16,-4,None
0,-1,1,-2,43,22,11,1,0,0,13,6,-1,-16,-4,None
0,2,4,1,103,0,-7,-3,-1,0,13,6,-1,-16,-4,None
0,2,4,1,103,0,-7,-3,-1,0,13,6,-1,-16,-4,None
0,2,4,1,103,0,-7,-3,-1,0,13,6,-1,-17,-4,None
0,-1,-3,-6,-100,-21,-5,-3,1,0,13,6,-1,-17,-4,None
0,3,6,9,28,-33,2,3,2,0,13,6,-1,-17,-4,None
0,-3,-4,-5,20,99,4,-1,-3,0,13,6,-1,-17,-4,None
0,1,6,23,76,-93,5,6,0,0,13,6,-1,-17,-4,None
0,1,6,23,76,-93,5,6,0,1,13,6,-1,-17,-4,None
0,1,6,23,76,-93,5,6,0,1,13,6,0,-17,-4,None
0,-4,-7,-39,-48,-4,-4,-4,-4,1,13,6,0,-17,-4,None
0,-2,5,24,58,2,-7,1,-1,1,13,6,0,-17,-4,None
0,4,-1,-2,13,-12,3,2,2,1,13,6,0,-17,-4,None
0,-1,5,28,-9,47,8,-6,-3,1,13,6,0,-17,-4,None
0,-1,5,28,-9,47,8,-6,-3,1,14,6,0,-17,-4,None
0,-1,5,28,-9,47,8,-6,-3,1,14,6,0,-16,-3,None
0,-3,-3,-13,-32,-57,-8,8,-3,1,14,6,0,-16,-3,None
0,-4,-3,-5,57,2,-8,-13,-6,1,14,6,0,-16,-3,None
0,-4,-1,-3,-52,8,13,-1,-2,1,14,6,0,-16,-3,None
0,0,0,-22,-91,11,-5,0,0,1,14,6,0,-16,-3,None
0,0,0,-22,-91,11,-5,0,0,1,14,6,0,-16,-3,None
0,0,0,-22,-91,11,-5,0,0,1,14,6,2,-18,-3,None
0,3,7,35,113,9,4,-1,5,1,14,6,2,-18,-3,None
0,-1,-3,-16,-8,91,1,0,-1,1,14,6,2,-18,-3,None
0,0,3,3,90,-120,-14,-6,-4,1,14,6,2,-18,-3,None
0,-5,-7,-11,-92,37,-9,-5,0,1,14,6,2,-18,-3,None
0,-5,-7,-11,-92,37,-9,-5,0,1,14,6,2,-18,-3,None
0,-5,-7,-11,-92,37,-9,-5,0,1,14,6,3,-17,-3,None
0,-1,5,-7,77,-14,-6,-7,-3,1,14,6,3,-17,-3,None
0,2,7,29,45,51,12,7,-1,1,14,6,3,-17,-3,None
0,-5,-5,-38,-28,-28,-6,-1,-2,1,14,6,3,-17,-3,None
0,0,2,-12,-34,-22,3,0,1,1,14,6,3,-17,-3,None
0,0,2,-12,-34,-22,3,0,1,1,14,6,3,-17,-3,None
0,0,2,-12,-34,-22,3,0,1,1,14,6,4,-16,-2,None
0,-6,-1,13,69,57,-5,-10,-7,1,14,6,4,-16,-2,None
0,-1,1,20,22,-51,6,1,-1,1,14,6,4,-16,-2,None
0,-4,0,1,-48,-30,-2,1,-3,1,14,6,4,-16,-2,None
0,-2,1,0,-16,-45,-2,-4,3,1,14,6,4,-16,-2,None
0,-2,1,0,-16,-45,-2,-4,3,1,14,6,4,-16,-2,None
0,-2,1,0,-16,-45,-2,-4,3,1,14,6,5,-15,-2,None
0,1,-1,-6,-96,-1,-2,9,2,1,14,6,5,-15,-2,None
0,-2,-2,-1,-1,-38,11,6,-6,1,14,6,5,-15,-2,None
0,-1,1,5,51,101,7,-1,-1,1,14,6,5,-15,-2,None
0,-4,-5,-17,-48,-95,-14,1,-4,1,14,6,5,-15,-2,None
0,-4,-5,-17,-48,-95,-14,1,-4,2,14,6,5,-15,-2,None
0,-4,-5,-17,-48,-95,-14,1,-4,2,14,6,6,-14,-2,None
0,1,6,19,19,14,4,-9,4,2,14,6,6,-14,-2,None
0,-3,1,-3,14,40,2,1,-2,2,14,6,6,-14,-2,None
0,-1,-5,-20,-52,-65,-11,2,-2,2,14,6,6,-14,-2,None
0,2,1,2,61,79,4,-1,3,2,14,6,6,-14,-2,None
0,2,1,2,61,79,4,-1,3,2,14,6,6,-14,-2,None
0,2,1,2,61,79,4,-1,3,2,14,6,6,-14,-2,None
0,5,6,12,22,8,5,5,5,2,14,6,6,-14,-2,None
0,0,0,-11,-82,-43,-3,-1,-5,2,14,6,6,-14,-2,None
0,-1,4,16,-23,73,-3,-5,-1,2,14,6,6,-14,-2,None
0,-5,-5,-35,2,-42,-6,-8,-5,2,14,6,6,-14,-2,None
0,-5,-5,-35,2,-42,-6,-8,-5,2,14,6,6,-14,-2,None
0,-5,-5,-35,2,-42,-6,-8,-5,2,14,6,7,-14,-2,None
0,-2,-1,-1,41,51,7,3,-1,2,14,6,7,-14,-2,None
0,2,0,-12,7,-12,-7,-6,5,2,14,6,7,-14,-2,None
0,0,2,0,26,0,1,2,0,2,14,6,7,-14,-2,None
0,1,2,11,48,24,2,-1,-3,2,14,6,7,-14,-2,None
0,1,2,11,48,24,2,-1,-3,2,14,6,7,-14,-2,None
0,1,2,11,48,24,2,-1,-3,2,14,6,7,-14,-2,None
0,-1,1,-7,-30,18,-6,-4,-3,2,14,6,7,-14,-2,None
0,-5,-3,-14,-13,12,-3,-6,-7,2,14,6,7,-14,-2,None
0,-2,0,1,-28,-28,-3,-5,-2,2,14,6,7,-14,-2,None
0,-2,2,10,13,64,7,8,-4,2,14,6,7,-14,-2,None
0,-2,2,10,13,64,7,8,-4,2,14,6,7,-14,-2,None
0,-2,2,10,13,64,7,8,-4,2,14,6,8,-13,-2,None
0,-1,-1,-6,4,-49,1,2,-1,2,14,6,8,-13,-2,None
0,1,2,-4,-2,74,-7,-4,2,2,14,6,8,-13,-2,None
0,-2,1,6,-17,-12,-3,-1,0,2,14,6,8,-13,-2,None
0,-4,0,7,12,6,-1,-1,-5,2,14,6,8,-13,-2,None
0,-4,0,7,12,6,-1,-1,-5,2,14,7,8,-13,-2,None
0,-4,0,7,12,6,-1,-1,-5,2,14,7,9,-13,-2,None
0,-2,0,-10,-11,-29,-4,-1,-2,2,14,7,9,-13,-2,None
0,-3,10,-9,-22,-15,-1,-1,1,2,14,7,9,-13,-2,None
0,0,-16,-3,4,11,-1,0,-2,2,14,7,9,-13,-2,None
0,-1,9,-3,14,29,-2,-1,-2,2,14,7,9,-13,-2,None
0,-1,9,-3,14,29,-2,-1,-2,2,14,7,9,-13,-2,None
0,-1,9,-3,14,29,-2,-1,-2,2,14,7,9,-14,-2,None
0,-6,10,-7,-9,5,0,-2,-2,2,14,7,9,-14,-2,None
0,8,-4,3,-17,-12,-2,-2,0,2,14,7,9,-14,-2,None
0,-2,-1,-10,8,-18,-3,1,-3,2,14,7,9,-14,-2,None
0,-1,3,9,4,-6,-1,-3,-1,2,14,7,9,-14,-2,None
0,-1,3,9,4,-6,-1,-3,-1,2,14,7,9,-14,-2,None
0,-1,3,9,4,-6,-1,-3,-1,2,14,7,9,-14,-2,None
0,-18,-15,-6,3,12,0,0,-1,2,14,7,9,-14,-2,None
0,22,-26,-15,-6,-7,-2,0,-1,2,14,7,9,-14,-2,None
0,-1,6,0,0,1,1,3,-1,2,14,7,9,-14,-2,None
0,-1,-11,0,15,1,-4,-4,-3,2,14,7,9,-14,-2,None
0,-1,-11,0,15,1,-4,-4,-3,2,14,7,9,-14,-2,None
0,-1,-11,0,15,1,-4,-4,-3,2,14,7,8,-13,-2,None
0,-1,2,2,-3,14,1,-1,-2,2,14,7,8,-13,-2,None
0,-9,8,2,-5,-13,1,2,-1,2,14,7,8,-13,-2,None
0,-2,-7,-2,-5,22,-3,-3,-1,2,14,7,8,-13,-2,None
0,1,10,2,32,-3,2,-1,-2,2,14,7,8,-13,-2,None
0,1,10,2,32,-3,2,-1,-2,2,14,7,8,-13,-2,None
0,1,10,2,32,-3,2,-1,-2,2,14,7,8,-12,-1,None
0,3,0,-6,-34,3,-3,-3,-3,2,14,7,8,-12,-1,None
0,-7,-1,2,-4,-30,-2,-1,-2,2,14,7,8,-12,-1,None
0,1,13,11,13,19,-3,-1,-2,2,14,7,8,-12,-1,None
0,-5,2,0,16,4,2,0,0,2,14,7,8,-12,-1,None
0,-5,2,0,16,4,2,0,0,2,14,7,8,-12,-1,None
0,-5,2,0,16,4,2,0,0,2,14,7,7,-12,-1,None
0,2,-1,-7,18,7,0,-1,-2,2,14,7,7,-12,-1,None
0,-4,-2,-3,-11,-8,-1,-1,-1,2,14,7,7,-12,-1,None
0,-2,3,-2,16,-7,2,-2,-1,2,14,7,7,-12,-1,None
0,0,-3,3,-4,1,-1,-2,-1,2,14,7,7,-12,-1,None
0,0,-3,3,-4,1,-1,-2,-1,2,14,7,7,-12,-1,None
0,0,-3,3,-4,1,-1,-2,-1,2,14,7,8,-12,-1,None
0,1,-6,-5,5,1,0,-3,-1,2,14,7,8,-12,-1,None
0,-6,7,-7,-29,-7,-2,-2,0,2,14,7,8,-12,-1,None
0,2,2,14,9,-15,-3,-2,-3,2,14,7,8,-12,-1,None
0,1,-2,-20,-8,7,-2,-3,-1,2,14,7,8,-12,-1,None
0,1,-2,-20,-8,7,-2,-3,-1,2,14,7,8,-12,-1,None
0,1,-2,-20,-8,7,-2,-3,-1,2,14,7,8,-11,-2,None
0,-2,3,-2,7,9,2,0,-1,2,14,7,8,-11,-2,None
0,-6,3,-4,-31,-5,-3,-2,0,2,14,7,8,-11,-2,None
0,-3,4,1,-2,-2,-1,-1,-1,2,14,7,8,-11,-2,None
0,0,8,1,-20,-14,-3,-2,0,2,14,7,8,-11,-2,None
0,0,8,1,-20,-14,-3,-2,0,2,14,7,8,-11,-2,None
0,0,8,1,-20,-14,-3,-2,0,2,14,7,8,-11,-2,None
0,-21,-7,1,-9,7,-2,-2,-1,2,14,7,8,-11,-2,None
0,3,-33,-12,3,2,-1,-1,-2,2,14,7,8,-11,-2,None
0,-5,-5,-4,10,12,2,-1,0,2,14,7,8,-11,-2,None
0,1,10,-5,0,2,-2,-1,-2,2,14,7,8,-11,-2,None
0,1,10,-5,0,2,-2,-1,-2,2,14,7,8,-11,-2,None
0,1,10,-5,0,2,-2,-1,-2,2,14,7,8,-11,-2,None
0,-1,10,0,-3,-5,1,-1,-1,2,14,7,8,-11,-2,None
0,-4,10,5,6,0,-1,0,0,2,14,7,8,-11,-2,None
0,2,1,-12,-4,-6,-3,-2,-2,2,14,7,8,-11,-2,None
0,-7,-9,-1,28,19,2,0,-2,2,14,7,8,-11,-2,None
0,-7,-9,-1,28,19,2,0,-2,2,14,7,8,-11,-2,None
0,-7,-9,-1,28,19,2,0,-2,2,14,7,8,-11,-2,None
0,5,-4,-4,8,1,-5,-2,-4,2,14,7,8,-11,-2,None
0,-1,6,1,-9,6,-1,0,-3,2,14,7,8,-11,-2,None
0,3,7,1,-35,-15,-3,-1,-3,2,14,7,8,-11,-2,None
0,-6,-7,1,-7,-5,-1,-1,-1,2,14,7,8,-11,-2,None
0,-6,-7,1,-7,-5,-1,-1,-1,2,14,6,8,-11,-2,None
0,-6,-7,1,-7,-5,-1,-1,-1,2,14,6,8,-11,-2,None
0,6,-2,0,1,-6,-3,-1,0,2,14,6,8,-11,-2,None
0,0,13,-5,0,0,-2,-1,1,2,14,6,8,-11,-2,None
0,-5,-4,-4,5,0,1,0,-1,2,14,6,8,-11,-2,None
0,1,2,1,-14,-7,-4,-2,-2,2,14,6,8,-11,-2,None
0,1,2,1,-14,-7,-4,-2,-2,2,14,6,8,-11,-2,None
0,1,2,1,-14,-7,-4,-2,-2,2,14,6,8,-11,-2,None
0,5,2,-3,-4,0,0,-1,0,2,14,6,8,-11,-2,None
0,-2,6,14,7,-5,-2,-2,0,2,14,6,8,-11,-2,None
0,-4,-5,-16,39,8,0,-3,-4,2,14,6,8,-11,-2,None
0,-3,-9,-14,-53,-6,-2,-3,-3,2,14,6,8,-11,-2,None
0,-3,-9,-14,-53,-6,-2,-3,-3,2,14,6,8,-11,-2,None
0,-3,-9,-14,-53,-6,-2,-3,-3,2,14,6,8,-11,-2,None
0,5,4,3,8,-1,0,1,-1,2,14,6,8,-11,-2,None
0,-2,5,1,9,4,0,0,-2,2,14,6,8,-11,-2,None
0,4,0,-2,5,-1,2,1,1,2,14,6,8,-11,-2,None
0,2,3,0,7,-5,-3,-1,-2,2,14,6,8,-11,-2,None
0,2,3,0,7,-5,-3,-1,-2,2,14,6,8,-11,-2,None
0,2,3,0,7,-5,-3,-1,-2,2,14,6,8,-11,-2,None
0,-2,-1,0,-3,0,-2,-1,-2,2,14,6,8,-11,-2,None
0,-1,3,-6,-5,4,0,-1,-1,2,14,6,8,-11,-2,None
0,-2,0,-1,-3,0,-1,-1,-1,2,14,6,8,-11,-2,None
0,-2,-6,3,4,1,-2,-2,-2,2,14,6,8,-11,-2,None
0,-2,-6,3,4,1,-2,-2,-2,2,14,6,8,-11,-2,None
0,-2,-6,3,4,1,-2,-2,-2,2,14,6,8,-11,-2,None
0,0,6,-1,-10,3,1,0,-1,2,14,6,8,-11,-2,None
0,-3,-3,-3,6,4,-2,-1,-3,2,14,6,8,-11,-2,None
0,-2,0,-1,-9,0,-1,-1,-2,2,14,6,8,-11,-2,None
0,0,2,6,-8,-5,-2,-1,-2,2,14,6,8,-11,-2,None
0,0,2,6,-8,-5,-2,-1,-2,2,14,6,8,-11,-2,None
0,0,2,6,-8,-5,-2,-1,-2,2,14,6,8,-11,-2,None
0,-1,12,-15,18,6,1,0,-1,2,14,6,8,-11,-2,None
0,-3,-7,-20,-18,-3,-4,-3,-4,2,14,6,8,-11,-2,None
0,-4,-3,6,-1,-1,0,-2,-3,2,14,6,8,-11,-2,None
0,0,2,0,6,5,0,0,1,2,14,6,8,-11,-2,None
0,0,2,0,6,5,0,0,1,2,14,6,8,-11,-2,None
0,0,2,0,6,5,0,0,1,2,14,6,8,-12,-2,None
0,-1,-3,1,-1,-1,0,-1,-2,2,14,6,8,-12,-2,None
0,-2,9,-1,-1,-2,0,-1,0,2,14,6,8,-12,-2,None
0,0,4,-5,-9,-2,-1,-1,0,2,14,6,8,-12,-2,None
0,-3,-4,-2,3,-7,-3,0,-1,2,14,6,8,-12,-2,None
0,-3,-4,-2,3,-7,-3,0,-1,2,14,6,8,-12,-2,None
0,-3,-4,-2,3,-7,-3,0,-1,2,14,6,8,-12,-2,None
0,2,3,1,-6,1,-1,-2,-1,2,14,6,8,-12,-2,None
0,-2,1,0,4,2,-1,-1,-3,2,14,6,8,-12,-2,None
0,-1,-1,-7,27,3,1,0,0,2,14,6,8,-12,-2,None
0,0,0,-10,-57,-10,-1,-3,-3,2,14,6,8,-12,-2,None
0,0,0,-10,-57,-10,-1,-3,-3,2,14,6,8,-12,-2,None
0,0,0,-10,-57,-10,-1,-3,-3,2,14,6,8,-12,-2,None
0,-3,-3,-4,13,5,-3,-2,-3,2,14,6,8,-12,-2,None
0,-1,-1,1,-6,-3,1,0,-1,2,14,6,8,-12,-2,None
0,-3,-1,-3,-3,-4,-1,-3,-2,2,14,6,8,-12,-2,None
0,0,7,2,20,7,-1,-2,-2,2,14,6,8,-12,-2,None
0,0,7,2,20,7,-1,-2,-2,2,14,6,8,-12,-2,None
0,0,7,2,20,7,-1,-2,-2,2,14,6,8,-12,-2,None
0,1,-3,1,-6,-3,0,0,0,2,14,6,8,-12,-2,None
0,-2,-3,-1,-4,1,0,-1,-1,2,14,6,8,-12,-2,None
0,0,4,-1,-6,-1,-3,0,-1,2,14,6,8,-12,-2,None
0,-1,-1,0,8,-2,0,-1,0,2,14,6,8,-12,-2,None
0,-1,-1,0,8,-2,0,-1,0,2,14,6,8,-12,-2,None
0,-1,-1,0,8,-2,0,-1,0,2,14,6,8,-12,-2,None
0,-1,-3,1,-8,0,-1,-3,-2,2,14,6,8,-12,-2,None
0,-2,1,2,12,4,-1,-1,-1,2,14,6,8,-12,-2,None
0,-2,1,1,-12,0,-1,-1,-2,2,14,6,8,-12,-2,None
0,-1,0,1,8,2,1,-3,-1,2,14,6,8,-12,-2,None
0,-1,0,1,8,2,1,-3,-1,2,14,6,8,-12,-2,None
0,-1,0,1,8,2,1,-3,-1,2,14,6,8,-12,-2,None
0,-1,-2,-2,-2,0,0,-1,-2,2,14,6,8,-12,-2,None
0,-2,-2,-2,1,2,-1,-1,-1,2,14,6,8,-12,-2,None
0,-14,0,-4,-18,-6,-1,0,1,2,14,6,8,-12,-2,None
0,4,-1,-4,23,17,0,-2,-4,2,14,6,8,-12,-2,None
0,4,-1,-4,23,17,0,-2,-4,2,14,6,8,-12,-2,None
0,4,-1,-4,23,17,0,-2,-4,2,14,6,8,-12,-2,None
0,-3,-1,5,-2,-2,-1,-1,-1,2,14,6,8,-12,-2,None
0,0,2,-3,-7,-1,-1,-1,-1,2,14,6,8,-12,-2,None
0,-5,-2,-1,-8,0,-2,-1,-2,2,14,6,8,-12,-2,None
0,-3,1,0,4,-3,-1,0,1,2,14,6,8,-12,-2,None
0,-3,1,0,4,-3,-1,0,1,2,14,6,8,-12,-2,None
0,-3,1,0,4,-3,-1,0,1,2,14,6,8,-12,-2,None
0,0,1,-2,-2,-1,-2,-1,-2,2,14,6,8,-12,-2,None
0,-2,-3,0,0,4,-1,-1,-1,2,14,6,8,-12,-2,None
0,6,1,-5,4,2,1,-2,-1,2,14,6,8,-12,-2,None
0,-3,0,3,-3,-3,-3,-1,-1,2,14,6,8,-12,-2,None
0,-3,0,3,-3,-3,-3,-1,-1,2,14,6,8,-12,-2,None
0,-3,0,3,-3,-3,-3,-1,-1,2,14,6,8,-12,-2,None
0,0,0,5,-2,1,-1,-1,-2,2,14,6,8,-12,-2,None
0,-2,1,2,17,-1,-2,-2,-1,2,14,6,8,-12,-2,None
0,3,2,-2,-8,5,0,-2,0,2,14,6,8,-12,-2,None
0,-2,1,-1,9,0,0,-3,-1,2,14,6,8,-12,-2,None
0,-2,1,-1,9,0,0,-3,-1,2,14,6,8,-12,-2,None
0,-2,1,-1,9,0,0,-3,-1,2,14,6,8,-12,-2,None
0,-6,-1,-5,-8,-3,-5,-2,-1,2,14,6,8,-12,-2,None
0,-1,0,-3,4,3,0,-2,-1,2,14,6,8,-12,-2,None
0,1,1,3,2,2,0,-1,-2,2,14,6,8,-12,-2,None
0,-2,-2,-2,-1,5,1,-1,-2,2,14,6,8,-12,-2,None
0,-2,-2,-2,-1,5,1,-1,-2,2,14,6,8,-12,-2,None
0,-2,-2,-2,-1,5,1,-1,-2,2,14,6,8,-11,-2,None
0,2,4,3,8,3,2,-1,0,2,14,6,8,-11,-2,None
0,0,2,-23,-21,-14,2,0,-1,2,14,6,8,-11,-2,None
0,-2,-1,-24,38,-30,-10,-2,-3,2,14,6,8,-11,-2,None
0,-3,-2,8,-41,-4,-1,-1,-2,2,14,6,8,-11,-2,None
0,-3,-2,8,-41,-4,-1,-1,-2,2,14,6,8,-11,-2,None
0,-3,-2,8,-41,-4,-1,-1,-2,2,14,6,8,-11,-2,None
0,0,22,7,-3,6,-1,-2,-2,2,14,6,8,-11,-2,None
0,2,-4,1,5,-10,-1,0,-2,2,14,6,8,-11,-2,None
0,-4,1,4,0,40,2,-2,-2,2,14,6,8,-11,-2,None
0,-1,-2,-9,8,-6,-1,-1,-2,2,14,6,8,-11,-2,None
0,-1,-2,-9,8,-6,-1,-1,-2,2,14,6,8,-11,-2,None
0,-1,-2,-9,8,-6,-1,-1,-2,2,14,6,8,-11,-2,None
0,0,6,1,-3,-4,-1,-2,-2,2,14,6,8,-11,-2,None
0,-4,-3,-10,-16,1,-1,-1,-2,2,14,6,8,-11,-2,None
0,1,1,5,-2,-3,-1,-1,-2,2,14,6,8,-11,-2,None
0,0,0,4,4,2,-3,-1,-1,2,14,6,8,-11,-2,None
0,0,0,4,4,2,-3,-1,-1,2,14,6,8,-11,-2,None
0,0,0,4,4,2,-3,-1,-1,2,14,6,8,-11,-2,None
0,0,-3,-3,6,15,2,-1,-1,2,14,6,8,-11,-2,None
0,-2,3,3,0,0,-1,-2,-1,2,14,6,8,-11,-2,None
0,-1,-5,-3,-15,-4,-2,-2,-2,2,14,6,8,-11,-2,None
0,0,6,0,23,3,-2,-2,-2,2,14,6,8,-11,-2,None
0,0,6,0,23,3,-2,-2,-2,2,14,6,8,-11,-2,None
0,0,6,0,23,3,-2,-2,-2,2,14,6,8,-11,-2,None
0,0,-7,-9,-14,-13,-2,-2,-1,2,14,6,8,-11,-2,None
0,-1,0,2,5,9,-2,-2,-2,2,14,6,8,-11,-2,None
0,1,6,-4,4,-13,0,0,-1,2,14,6,8,-11,-2,None
0,0,-3,-4,-10,-2,1,-1,-1,2,14,6,8,-11,-2,None
0,0,-3,-4,-10,-2,1,-1,-1,2,14,6,8,-11,-2,None
0,0,-3,-4,-10,-2,1,-1,-1,2,14,6,8,-12,-2,None
0,-1,-7,-4,9,8,-1,-1,-2,2,14,6,8,-12,-2,None
0,0,3,5,3,3,-3,-1,-2,2,14,6,8,-12,-2,None
0,1,2,0,-7,7,-1,-1,0,2,14,6,8,-12,-2,None
0,-3,-3,-8,-4,-3,-2,-3,-2,2,14,6,8,-12,-2,None
0,-3,-3,-8,-4,-3,-2,-3,-2,2,14,6,8,-12,-2,None
0,-3,-3,-8,-4,-3,-2,-3,-2,2,14,6,8,-12,-2,None
0,-17,10,2,-1,-5,-1,1,0,2,14,6,8,-12,-2,None
0,2,-35,7,11,7,-3,-1,-4,2,14,6,8,-12,-2,None
0,-2,-1,2,-13,1,0,-1,0,2,14,6,8,-12,-2,None
0,-1,-1,-3,9,-5,-2,-2,-2,2,14,6,8,-12,-2,None
0,-1,-1,-3,9,-5,-2,-2,-2,2,14,6,8,-12,-2,None
0,-1,-1,-3,9,-5,-2,-2,-2,2,14,6,8,-12,-2,None
0,-7,-5,-3,-2,7,1,-1,-1,2,14,6,8,-12,-2,None
0,-2,11,-2,0,1,-1,0,0,2,14,6,8,-12,-2,None
0,1,2,0,-1,-4,-1,-2,0,2,14,6,8,-12,-2,None
0,-4,-5,0,-6,-2,-2,-1,0,2,14,6,8,-12,-2,None
0,-4,-5,0,-6,-2,-2,-1,0,2,14,6,8,-12,-2,None
0,-4,-5,0,-6,-2,-2,-1,0,2,14,6,8,-11,-2,None
0,6,-4,-7,0,-2,-1,-2,-1,2,14,6,8,-11,-2,None
0,-1,6,-1,0,-1,-1,-1,-1,2,14,6,8,-11,-2,None
0,3,-4,0,-8,0,0,-2,-2,2,14,6,8,-11,-2,None
0,-1,8,-2,-1,2,0,-2,-1,2,14,6,8,-11,-2,None
0,-1,8,-2,-1,2,0,-2,-1,2,14,6,8,-11,-2,None
0,-1,8,-2,-1,2,0,-2,-1,2,14,6,8,-11,-2,None
0,1,-3,-13,-8,-3,0,0,-1,2,14,6,8,-11,-2,None
0,3,20,-7,-32,-6,-2,-1,-1,2,14,6,8,-11,-2,None
0,-10,-15,-3,-5,6,-3,-4,-5,2,14,6,8,-11,-2,None
0,-1,0,5,-2,4,0,-1,-1,2,14,6,8,-11,-2,None
0,-1,0,5,-2,4,0,-1,-1,2,14,6,8,-11,-2,None
0,-1,0,5,-2,4,0,-1,-1,2,14,6,8,-11,-2,None
0,2,-5,-2,-4,-7,-3,-1,-2,2,14,6,8,-11,-2,None
0,-5,5,4,4,2,1,-1,0,2,14,6,8,-11,-2,None
0,3,8,-4,-2,0,0,0,1,2,14,6,8,-11,-2,None
0,0,-1,-7,-2,0,-2,1,-1,2,14,6,8,-11,-2,None
0,0,-1,-7,-2,0,-2,1,-1,2,14,6,8,-11,-2,None
0,0,-1,-7,-2,0,-2,1,-1,2,14,6,8,-11,-2,None
0,1,-4,1,0,1,-2,-2,-1,2,14,6,8,-11,-2,None
0,-1,3,-5,1,1,-1,-2,0,2,14,6,8,-11,-2,None
0,-2,2,1,2,-2,-1,-2,-1,2,14,6,8,-11,-2,None
0,0,-1,-3,1,3,0,0,-1,2,14,6,8,-11,-2,None
0,0,-1,-3,1,3,0,0,-1,2,14,6,8,-11,-2,None
0,0,-1,-3,1,3,0,0,-1,2,14,6,8,-12,-2,None
0,-2,-1,-11,-2,-1,-2,-2,-2,2,14,6,8,-12,-2,None
0,-1,-1,6,12,2,-1,-1,-2,2,14,6,8,-12,-2,None
0,2,1,-7,-13,0,-1,0,-1,2,14,6,8,-12,-2,None
0,-2,4,-1,0,0,-1,-1,0,2,14,6,8,-12,-2,None
0,-2,4,-1,0,0,-1,-1,0,2,14,6,8,-12,-2,None
0,-2,4,-1,0,0,-1,-1,0,2,14,6,8,-11,-2,None
0,0,-2,-4,1,-2,0,-2,-3,2,14,6,8,-11,-2,None
0,-2,-4,-4,6,4,1,-1,-1,2,14,6,8,-11,-2,None
0,-1,2,1,2,2,-1,-1,-1,2,14,6,8,-11,-2,None
0,0,1,-4,-3,-2,-1,-1,-1,2,14,6,8,-11,-2,None
0,0,1,-4,-3,-2,-1,-1,-1,2,14,6,8,-11,-2,None
0,0,1,-4,-3,-2,-1,-1,-1,2,14,6,8,-11,-2,None
0,0,1,0,-2,1,-1,-1,-1,2,14,6,8,-11,-2,None
0,-2,-1,-5,-7,0,-2,-2,-2,2,14,6,8,-11,-2,None
0,-1,2,0,-5,-1,0,0,0,2,14,6,8,-11,-2,None
0,-20,-6,7,-6,-3,-2,-1,-2,2,14,6,8,-11,-2,None
0,-20,-6,7,-6,-3,-2,-1,-2,2,14,6,8,-11,-2,None
0,-20,-6,7,-6,-3,-2,-1,-2,2,14,6,8,-12,-2,None
0,19,29,9,18,3,-1,-2,-1,2,14,6,8,-12,-2,None
0,-5,-25,-19,18,2,-2,-2,-2,2,14,6,8,-12,-2,None
0,-5,-31,-7,-23,1,-1,-2,-2,2,14,6,8,-12,-2,None
0,-4,2,0,5,5,0,-2,-1,2,14,6,8,-12,-2,None
0,-4,2,0,5,5,0,-2,-1,2,14,6,8,-12,-2,None
0,-4,2,0,5,5,0,-2,-1,2,14,6,8,-12,-2,None
0,-3,1,1,-9,-4,-1,-2,-1,2,14,6,8,-12,-2,None
0,0,9,6,5,5,-1,-1,-2,2,14,6,8,-12,-2,None
0,1,8,2,18,2,0,-2,-2,2,14,6,8,-12,-2,None
0,5,-2,-2,8,-6,-1,1,0,2,14,6,8,-12,-2,None
0,5,-2,-2,8,-6,-1,1,0,2,14,6,8,-12,-2,None
0,5,-2,-2,8,-6,-1,1,0,2,14,6,8,-11,-2,None
0,-5,-9,-4,-5,-5,-1,-2,-2,2,14,6,8,-11,-2,None
0,3,9,-5,-2,4,-1,-2,-2,2,14,6,8,-11,-2,None
0,-3,2,-2,2,-22,1,-1,-1,2,14,6,8,-11,-2,None
0,4,6,5,6,15,-1,-1,-1,2,14,6,8,-11,-2,None
0,4,6,5,6,15,-1,-1,-1,2,14,6,8,-11,-2,None
0,4,6,5,6,15,-1,-1,-1,2,14,6,8,-11,-2,None
0,-6,-3,-21,9,-14,0,-1,-2,2,14,6,8,-11,-2,None
0,-5,-6,6,-28,-7,-3,-3,-2,2,14,6,8,-11,-2,None
0,5,20,6,11,-34,2,0,0,2,14,6,8,-11,-2,None
0,-1,0,-2,12,53,-6,-3,-2,2,14,6,8,-11,-2,None
0,-1,0,-2,12,53,-6,-3,-2,2,14,6,8,-11,-2,None
0,-1,0,-2,12,53,-6,-3,-2,2,14,6,8,-11,-2,None
0,-14,-5,-1,-12,8,1,-2,-1,2,14,6,8,-11,-2,None
0,33,1,1,4,-4,-1,-2,-2,2,14,6,8,-11,-2,None
0,-3,2,-5,-1,30,0,0,-1,2,14,6,8,-11,-2,None
0,1,-3,-16,-20,-16,-4,-2,-2,2,14,6,8,-11,-2,None
0,1,-3,-16,-20,-16,-4,-2,-2,2,14,6,8,-11,-2,None
0,1,-3,-16,-20,-16,-4,-2,-2,2,14,6,8,-12,-2,None
0,-1,-1,19,11,-8,-5,-1,-1,2,14,6,8,-12,-2,None
0,-10,5,-6,20,10,1,0,-1,2,14,6,8,-12,-2,None
0,0,3,5,-19,7,-3,-2,-1,2,14,6,8,-12,-2,None
0,1,0,-8,-9,-3,1,-3,-1,2,14,6,8,-12,-2,None
0,1,0,-8,-9,-3,1,-3,-1,2,14,6,8,-12,-2,None
0,1,0,-8,-9,-3,1,-3,-1,2,14,6,8,-11,-2,None
0,-1,10,9,3,4,-2,-3,-1,2,14,6,8,-11,-2,None
0,-7,-1,1,13,-8,0,-1,-1,2,14,6,8,-11,-2,None
0,-1,1,-3,-17,1,-1,-2,-2,2,14,6,8,-11,-2,None
0,-1,22,2,8,-9,1,0,-1,2,14,6,8,-11,-2,None
0,-1,22,2,8,-9,1,0,-1,2,14,6,8,-11,-2,None
0,-1,22,2,8,-9,1,0,-1,2,14,6,8,-12,-2,None
0,1,-8,0,7,4,-1,-1,-1,2,14,6,8,-12,-2,None
0,-2,5,-1,-9,-4,-1,-1,0,2,14,6,8,-12,-2,None
0,-7,-4,-6,10,7,-2,-1,-2,2,14,6,8,-12,-2,None
0,1,8,-2,-3,-6,0,1,-1,2,14,6,8,-12,-2,None
0,1,8,-2,-3,-6,0,1,-1,2,14,6,8,-12,-2,None
0,1,8,-2,-3,-6,0,1,-1,2,14,6,8,-12,-2,None
0,0,-2,-8,-4,6,0,0,0,2,14,6,8,-12,-2,None
0,-4,-1,-6,-8,0,0,-1,-3,2,14,6,8,-12,-2,None
0,8,0,4,17,11,-3,-2,-3,2,14,6,8,-12,-2,None
0,1,-5,-4,-6,-15,-2,0,-1,2,14,6,8,-12,-2,None
0,1,-5,-4,-6,-15,-2,0,-1,2,14,6,8,-12,-2,None
0,1,-5,-4,-6,-15,-2,0,-1,2,14,6,8,-11,-2,None
0,-2,-6,-5,-4,5,0,-1,-1,2,14,6,8,-11,-2,None
0,-8,-3,-1,-9,0,0,-1,-1,2,14,6,8,-11,-2,None
0,-1,4,-4,7,-1,-1,0,0,2,14,6,8,-11,-2,None
0,-1,-5,-1,-2,-5,1,-2,-1,2,14,6,8,-11,-2,None
0,-1,-5,-1,-2,-5,1,-2,-1,2,14,6,8,-11,-2,None
0,-1,-5,-1,-2,-5,1,-2,-1,2,14,6,8,-11,-2,None
0,0,-5,-4,-8,3,-1,-2,-1,2,14,6,8,-11,-2,None
0,-4,7,6,-3,0,-2,-1,-1,2,14,6,8,-11,-2,None
0,-23,-3,-55,0,-3,-3,-3,-1,2,14,6,8,-11,-2,None
0,10,-7,3,-17,6,0,0,-1,2,14,6,8,-11,-2,None
0,10,-7,3,-17,6,0,0,-1,2,14,6,8,-11,-2,None
0,10,-7,3,-17,6,0,0,-1,2,14,6,8,-12,-2,None
0,-4,2,0,3,-12,-4,-3,-3,2,14,6,8,-12,-2,None
0,-2,2,-2,-1,0,0,-2,-2,2,14,6,8,-12,-2,None
0,-5,3,8,4,3,-1,0,0,2,14,6,8,-12,-2,None
0,-8,-4,-11,8,-2,1,-2,-1,2,14,6,8,-12,-2,None
0,-8,-4,-11,8,-2,1,-2,-1,2,14,6,8,-12,-2,None
0,-8,-4,-11,8,-2,1,-2,-1,2,14,6,8,-12,-2,None
0,1,0,-8,-6,0,0,-1,0,2,14,6,8,-12,-2,None
0,0,1,1,-1,1,-3,-1,-1,2,14,6,8,-12,-2,None
0,4,-1,6,-2,0,-1,0,-1,2,14,6,8,-12,-2,None
0,-3,1,0,-2,-5,-2,-2,0,2,14,6,8,-12,-2,None
0,-3,1,0,-2,-5,-2,-2,0,2,14,6,8,-12,-2,None
0,-3,1,0,-2,-5,-2,-2,0,2,14,6,8,-11,-2,None
0,3,-2,5,-2,5,0,0,-3,2,14,6,8,-11,-2,None
0,-8,-2,2,-2,-6,-2,0,-2,2,14,6,8,-11,-2,None
0,10,7,-3,-14,-2,-1,-1,-1,2,14,6,8,-11,-2,None
0,-4,9,3,13,1,-1,-2,-4,2,14,6,8,-11,-2,None
0,-4,9,3,13,1,-1,-2,-4,2,14,6,8,-11,-2,None
0,-4,9,3,13,1,-1,-2,-4,2,14,6,8,-11,-2,None
0,-5,0,-5,8,-26,-2,-1,-1,2,14,6,8,-11,-2,None
0,-3,-3,-1,0,8,-2,-1,-1,2,14,6,8,-11,-2,None
0,2,4,5,-6,1,1,-1,-2,2,14,6,8,-11,-2,None
0,-2,-3,-2,0,-7,-1,-2,-1,2,14,6,8,-11,-2,None
0,-2,-3,-2,0,-7,-1,-2,-1,2,14,6,8,-11,-2,None
0,-2,-3,-2,0,-7,-1,-2,-1,2,14,6,8,-11,-2,None
0,1,0,-6,-2,9,2,-1,-2,2,14,6,8,-11,-2,None
0,-1,5,-4,-4,0,-2,-1,0,2,14,6,8,-11,-2,None
0,0,-2,7,7,-4,-1,-2,-2,2,14,6,8,-11,-2,None
0,-2,-2,-14,-4,6,1,-1,-3,2,14,6,8,-11,-2,None
0,-2,-2,-14,-4,6,1,-1,-3,2,14,6,8,-11,-2,None
0,-2,-2,-14,-4,6,1,-1,-3,2,14,6,8,-11,-2,None
0,-3,0,14,23,12,0,-2,-2,2,14,6,8,-11,-2,None
0,4,-3,13,-40,-3,0,-2,-1,2,14,6,8,-11,-2,None
0,-2,-10,-20,-1,4,-3,-2,-4,2,14,6,8,-11,-2,None
0,-4,-3,1,11,4,-3,-2,-2,2,14,6,8,-11,-2,None
0,-4,-3,1,11,4,-3,-2,-2,2,14,6,8,-11,-2,None
0,-4,-3,1,11,4,-3,-2,-2,2,14,6,8,-12,-2,None
0,-5,2,-5,-2,-1,-1,0,0,2,14,6,8,-12,-2,None
0,9,4,-1,8,4,0,0,-2,2,14,6,8,-12,-2,None
0,-1,-1,4,2,-3,0,-2,-1,2,14,6,8,-12,-2,None
0,-1,1,5,-7,-6,-2,-2,0,2,14,6,8,-12,-2,None
0,-1,1,5,-7,-6,-2,-2,0,2,14,6,8,-12,-2,None
0,-1,1,5,-7,-6,-2,-2,0,2,14,6,8,-11,-2,None
0,1,0,-5,-4,6,0,-2,-1,2,14,6,8,-11,-2,None
0,-10,-2,-19,25,3,1,-1,0,2,14,6,8,-11,-2,None
0,-2,18,7,-57,-10,-2,-2,-1,2,14,6,8,-11,-2,None
0,-2,-40,9,15,-6,-5,-2,-3,2,14,6,8,-11,-2,None
0,-2,-40,9,15,-6,-5,-2,-3,2,14,6,8,-11,-2,None
0,-2,-40,9,15,-6,-5,-2,-3,2,14,6,8,-11,-2,None
0,-1,0,-7,0,8,-1,0,-2,2,14,6,8,-11,-2,None
0,-3,0,-11,-2,-2,-1,-2,-1,2,14,6,8,-11,-2,None
0,-3,-9,4,16,6,0,-2,0,2,14,6,8,-11,-2,None
0,1,13,-1,-7,2,1,-2,-1,2,14,6,8,-11,-2,None
0,1,13,-1,-7,2,1,-2,-1,2,14,6,8,-11,-2,None
0,1,13,-1,-7,2,1,-2,-1,2,14,6,8,-12,-2,None
0,-2,1,-5,-14,-5,0,0,-1,2,14,6,8,-12,-2,None
0,0,-3,6,17,4,-4,-3,-1,2,14,6,8,-12,-2,None
0,4,10,-11,12,0,-1,-3,-2,2,14,6,8,-12,-2,None
0,-5,8,-3,-12,-24,1,-1,-2,2,14,6,8,-12,-2,None
0,-5,8,-3,-12,-24,1,-1,-2,2,14,6,8,-12,-2,None
0,-5,8,-3,-12,-24,1,-1,-2,2,14,6,8,-12,-2,None
0,0,-3,-6,2,35,-4,-2,-3,2,14,6,8,-12,-2,None
0,1,4,-3,5,-3,1,-1,-1,2,14,6,8,-12,-2,None
0,-1,-3,12,2,0,0,-1,0,2,14,6,8,-12,-2,None
0,-1,0,-10,23,0,0,-1,-2,2,14,6,8,-12,-2,None
0,-1,0,-10,23,0,0,-1,-2,2,14,6,8,-12,-2,None
0,-1,0,-10,23,0,0,-1,-2,2,14,6,8,-12,-2,None
0,-1,-7,-7,-54,-20,-3,-4,-1,2,14,6,8,-12,-2,None
0,0,3,1,1,0,-2,-1,-3,2,14,6,8,-12,-2,None
0,-1,-2,1,12,3,-2,-1,-2,2,14,6,8,-12,-2,None
0,0,0,-4,-2,6,-1,-2,-1,2,14,6,8,-12,-2,None
0,0,0,-4,-2,6,-1,-2,-1,2,14,6,8,-12,-2,None
0,0,0,-4,-2,6,-1,-2,-1,2,14,6,8,-11,-2,None
0,0,8,5,14,0,1,-2,-2,2,14,6,8,-11,-2,None
0,-3,1,-2,-6,-4,-2,-1,-3,2,14,6,8,-11,-2,None
0,-2,-7,0,6,-4,-2,-2,-2,2,14,6,8,-11,-2,None
0,0,6,-6,-3,5,-1,0,-1,2,14,6,8,-11,-2,None
0,0,6,-6,-3,5,-1,0,-1,2,14,6,8,-11,-2,None
0,0,6,-6,-3,5,-1,0,-1,2,14,6,8,-12,-2,None
0,-1,0,0,3,-2,0,0,-1,2,14,6,8,-12,-2,None
