0,1,2,3,-3,-2,-32,-29,-3,2,14,6,11,-15,-4,None
0,-1,4,-9,6,10,25,37,1,2,14,6,11,-15,-4,None
0,-1,3,-5,-5,1,-87,-46,-2,2,14,6,11,-15,-4,None
0,-1,3,-5,-5,1,-87,-46,-2,2,14,6,11,-15,-4,None
0,-1,3,-5,-5,1,-87,-46,-2,2,14,6,8,-15,-4,None
0,-2,-12,8,-5,7,64,28,2,2,14,6,8,-15,-4,None
0,-1,5,8,-8,-15,8,8,-4,2,14,6,8,-15,-4,None
0,-2,-2,3,10,4,-25,-10,-2,2,14,6,8,-15,-4,None
0,-2,2,-1,-3,-8,39,3,1,2,14,6,8,-15,-4,None
0,-2,2,-1,-3,-8,39,3,1,1,14,6,8,-15,-4,None
0,-2,2,-1,-3,-8,39,3,1,1,14,6,5,-18,-4,None
0,-3,0,11,6,6,-58,-21,-5,1,14,6,5,-18,-4,None
0,0,4,10,-3,12,-6,7,-3,1,14,6,5,-18,-4,None
0,1,0,-9,-4,7,48,18,5,1,14,6,5,-18,-4,None
0,-5,-4,4,-6,-1,-23,-29,-8,1,14,6,5,-18,-4,None
0,-5,-4,4,-6,-1,-23,-29,-8,1,14,6,5,-18,-4,None
0,-5,-4,4,-6,-1,-23,-29,-8,1,14,6,3,-18,-4,None
0,0,2,-5,-1,3,1,7,2,1,14,6,3,-18,-4,None
0,0,0,11,4,-23,13,-3,-3,1,14,6,3,-18,-4,None
0,-1,4,7,5,12,-48,-7,-2,1,14,6,3,-18,-4,None
0,1,2,9,-13,0,66,22,3,1,14,6,3,-18,-4,None
0,1,2,9,-13,0,66,22,3,1,13,6,3,-18,-4,None
0,1,2,9,-13,0,66,22,3,1,13,6,1,-18,-4,None
0,0,-1,-4,-7,-5,-25,10,0,1,13,6,1,-18,-4,None
0,1,1,4,23,-22,5,-7,-2,1,13,6,1,-18,-4,None
0,-3,-3,2,9,4,-16,-21,-3,1,13,6,1,-18,-4,None
0,-1,1,-7,-22,-7,-5,-4,-5,1,13,6,1,-18,-4,None
0,-1,1,-7,-22,-7,-5,-4,-5,1,13,6,1,-18,-4,None
0,-1,1,-7,-22,-7,-5,-4,-5,1,13,6,0,-17,-4,None
0,0,3,3,12,-14,1,1,3,1,13,6,0,-17,-4,None
0,-4,-3,-12,-36,-2,9,-6,-2,1,13,6,0,-17,-4,None
0,0,3,-3,10,29,-10,-11,-5,1,13,6,0,-17,-4,None
0,-1,-2,8,12,2,-10,26,3,1,13,6,0,-17,-4,None
0,-1,-2,8,12,2,-10,26,3,0,13,6,0,-17,-4,None
0,-1,-2,8,12,2,-10,26,3,0,13,6,-2,-16,-4,None
0,-3,2,-4,-33,11,28,-8,-5,0,13,6,-2,-16,-4,None
0,-2,-2,5,17,9,-30,-17,-1,0,13,6,-2,-16,-4,None
0,4,3,-5,-53,-41,25,41,4,0,13,6,-2,-16,-4,None
0,-2,-2,-7,13,30,0,-25,-1,0,13,6,-2,-16,-4,None
0,-2,-2,-7,13,30,0,-25,-1,0,13,6,-2,-16,-4,None
0,-2,-2,-7,13,30,0,-25,-1,0,13,6,-3,-16,-4,None
0,4,8,1,9,-10,-20,-1,-2,0,13,6,-3,-16,-4,None
0,-2,5,3,22,35,-5,0,-1,0,13,6,-3,-16,-4,None
0,-5,-4,-3,-1,-19,9,-6,-4,0,13,6,-3,-16,-4,None
0,2,1,-5,9,47,1,-2,1,0,13,6,-3,-16,-4,None
0,2,1,-5,9,47,1,-2,1,0,13,6,-3,-16,-4,None
0,2,1,-5,9,47,1,-2,1,0,13,6,-3,-15,-3,None
0,-6,-4,7,69,18,-3,6,-5,0,13,6,-3,-15,-3,None
0,7,39,2,-55,-9,-6,-10,-1,0,13,6,-3,-15,-3,None
0,-27,-39,-21,11,-39,-9,4,2,0,13,6,-3,-15,-3,None
0,35,11,-8,-32,1,15,3,4,0,13,6,-3,-15,-3,None
0,35,11,-8,-32,1,15,3,4,17,12,6,-3,-15,-3,None
0,35,11,-8,-32,1,15,3,4,17,12,6,-4,-15,-3,None
0,-40,-5,-2,-24,-12,-7,-9,-4,17,12,6,-4,-15,-3,None
0,5,-2,-1,119,43,-4,2,-4,17,12,6,-4,-15,-3,None
0,-13,9,7,-3,103,9,8,0,17,12,6,-4,-15,-3,None
0,4,11,4,-39,-62,-12,-16,-5,17,12,6,-4,-15,-3,None
0,4,11,4,-39,-62,-12,-16,-5,17,12,6,-4,-15,-3,None
0,4,11,4,-39,-62,-12,-16,-5,17,12,6,-4,-14,-3,None
0,38,-24,-12,-1,44,-10,-2,-4,17,12,6,-4,-14,-3,None
0,0,-4,-2,-79,-97,1,1,0,17,12,6,-4,-14,-3,None
0,5,10,-2,-15,22,-13,-6,-5,17,12,6,-4,-14,-3,None
0,-17,4,15,64,-14,4,-5,0,17,12,6,-4,-14,-3,None
0,-17,4,15,64,-14,4,-5,0,16,12,6,-4,-14,-3,None
0,-17,4,15,64,-14,4,-5,0,16,12,6,-5,-13,-3,None
0,52,-6,-18,-26,-12,4,7,8,16,12,6,-5,-13,-3,None
0,-54,-20,19,32,86,18,5,-6,16,12,6,-5,-13,-3,None
0,10,-6,-9,-67,-110,-22,-9,-1,16,12,6,-5,-13,-3,None
0,-9,3,-5,-1,65,0,-4,-6,16,12,6,-5,-13,-3,None
0,-9,3,-5,-1,65,0,-4,-6,16,11,6,-5,-13,-3,None
0,-9,3,-5,-1,65,0,-4,-6,16,11,6,-5,-13,-3,None
0,-15,19,9,26,-55,-6,2,2,16,11,6,-5,-13,-3,None
0,14,-5,-23,-51,44,-2,-5,-4,16,11,6,-5,-13,-3,None
0,-24,15,9,31,-41,0,4,1,16,11,6,-5,-13,-3,None
0,-18,0,-5,-1,-19,-6,-8,-3,16,11,6,-5,-13,-3,None
0,-18,0,-5,-1,-19,-6,-8,-3,16,11,6,-5,-13,-3,None
0,-18,0,-5,-1,-19,-6,-8,-3,16,11,6,-5,-13,-3,None
0,12,-62,14,63,61,2,-1,-5,16,11,6,-5,-13,-3,None
0,-18,-15,14,-1,-11,6,0,0,16,11,6,-5,-13,-3,None
0,24,14,14,35,104,-4,-4,3,16,11,6,-5,-13,-3,None
0,-17,5,-35,31,-98,-7,-2,-4,16,11,6,-5,-13,-3,None
0,-17,5,-35,31,-98,-7,-2,-4,15,11,6,-5,-13,-3,None
0,-17,5,-35,31,-98,-7,-2,-4,15,11,6,-5,-13,-3,None
0,12,32,-1,-16,-19,-8,-3,-1,15,11,6,-5,-13,-3,None
0,40,-17,-25,-40,-102,-17,-9,-6,15,11,6,-5,-13,-3,None
0,-47,-15,-8,82,79,-4,-3,-3,15,11,6,-5,-13,-3,None
0,1,-11,15,-72,41,6,2,0,15,11,6,-5,-13,-3,None
0,1,-11,15,-72,41,6,2,0,15,11,6,-5,-13,-3,None
0,1,-11,15,-72,41,6,2,0,15,11,6,-5,-13,-3,None
0,-11,18,10,-18,-10,-6,-3,0,15,11,6,-5,-13,-3,None
0,72,13,8,-33,-31,-1,4,0,15,11,6,-5,-13,-3,None
0,10,-15,-6,-53,-5,-8,-5,-5,15,11,6,-5,-13,-3,None
0,7,-15,4,55,-104,4,1,-2,15,11,6,-5,-13,-3,None
0,7,-15,4,55,-104,4,1,-2,15,10,6,-5,-13,-3,None
0,7,-15,4,55,-104,4,1,-2,15,10,6,-6,-12,-2,None
0,-23,13,-13,34,50,-2,-4,-4,15,10,6,-6,-12,-2,None
0,-31,9,0,-36,34,-7,-1,-3,15,10,6,-6,-12,-2,None
0,-27,1,11,-32,-97,-5,-2,-3,15,10,6,-6,-12,-2,None
0,-22,-6,-29,-51,-5,-8,-6,-9,15,10,6,-6,-12,-2,None
0,-22,-6,-29,-51,-5,-8,-6,-9,15,10,6,-6,-12,-2,None
0,-22,-6,-29,-51,-5,-8,-6,-9,15,10,6,-5,-12,-2,None
0,-1,10,-7,-24,52,19,5,4,15,10,6,-5,-12,-2,None
0,-29,-7,19,74,-6,-10,-8,-4,15,10,6,-5,-12,-2,None
0,19,12,12,-40,-58,-3,-4,-5,15,10,6,-5,-12,-2,None
0,-18,0,3,11,34,11,3,2,15,10,6,-5,-12,-2,None
0,-18,0,3,11,34,11,3,2,14,10,6,-5,-12,-2,None
0,-18,0,3,11,34,11,3,2,14,10,6,-5,-12,-1,None
0,-45,-4,-10,-6,-37,-5,-4,-3,14,10,6,-5,-12,-1,None
0,8,33,10,62,55,3,3,0,14,10,6,-5,-12,-1,None
0,-4,-9,-27,17,5,5,-2,-7,14,10,6,-5,-12,-1,None
0,16,-15,12,-49,27,-13,-8,-5,14,10,6,-5,-12,-1,None
0,16,-15,12,-49,27,-13,-8,-5,14,10,6,-5,-12,-1,None
0,16,-15,12,-49,27,-13,-8,-5,14,10,6,-5,-11,-1,None
0,20,0,5,27,3,9,7,6,14,10,6,-5,-11,-1,None
0,-2,-3,-10,-21,-55,3,1,0,14,10,6,-5,-11,-1,None
0,53,-1,-1,11,-42,-9,-1,4,14,10,6,-5,-11,-1,None
0,-9,6,19,29,78,2,-2,-2,14,10,6,-5,-11,-1,None
0,-9,6,19,29,78,2,-2,-2,14,10,6,-5,-11,-1,None
0,-9,6,19,29,78,2,-2,-2,14,10,6,-5,-11,0,None
0,0,36,-11,25,-54,0,2,-3,14,10,6,-5,-11,0,None
0,-35,-77,13,46,41,-5,-4,-3,14,10,6,-5,-11,0,None
0,86,13,-5,-1,0,-4,2,2,14,10,6,-5,-11,0,None
0,13,12,12,3,96,9,1,6,14,10,6,-5,-11,0,None
0,13,12,12,3,96,9,1,6,14,10,6,-5,-11,0,None
0,13,12,12,3,96,9,1,6,14,10,6,-5,-11,0,None
0,2,4,2,-46,-20,-3,-2,-5,14,10,6,-5,-11,0,None
0,0,36,-27,-37,-11,14,6,4,14,10,6,-5,-11,0,None
0,4,-34,40,2,9,2,-1,-1,14,10,6,-5,-11,0,None
0,-16,7,29,-81,-99,-14,1,13,14,10,6,-5,-11,0,None
0,-16,7,29,-81,-99,-14,1,13,14,10,6,-5,-11,0,None
0,-16,7,29,-81,-99,-14,1,13,14,10,6,-6,-11,0,None
0,-38,-39,-6,29,28,-4,-4,-12,14,10,6,-6,-11,0,None
0,-3,-16,19,15,41,6,0,0,14,10,6,-6,-11,0,None
0,-15,-9,-6,71,50,-7,-4,-2,14,10,6,-6,-11,0,None
0,11,5,-10,36,-11,13,0,-3,14,10,6,-6,-11,0,None
0,11,5,-10,36,-11,13,0,-3,14,10,6,-6,-11,0,None
0,11,5,-10,36,-11,13,0,-3,14,10,6,-6,-10,0,None
0,-4,1,0,-65,39,-3,-6,0,14,10,6,-6,-10,0,None
0,-5,23,-16,-9,1,4,0,-3,14,10,6,-6,-10,0,None
0,-39,26,2,25,22,2,2,3,14,10,6,-6,-10,0,None
0,22,-33,-32,16,21,-3,4,-2,14,10,6,-6,-10,0,None
0,22,-33,-32,16,21,-3,4,-2,14,10,6,-6,-10,0,None
0,22,-33,-32,16,21,-3,4,-2,14,10,6,-6,-10,0,None
0,6,41,34,56,-23,-4,-2,-2,14,10,6,-6,-10,0,None
0,-1,-18,-23,-29,2,-4,-2,-2,14,10,6,-6,-10,0,None
0,3,19,30,30,-12,0,-4,4,14,10,6,-6,-10,0,None
0,-12,10,2,17,58,6,-1,-6,14,10,6,-6,-10,0,None
0,-12,10,2,17,58,6,-1,-6,14,10,6,-6,-10,0,None
0,-12,10,2,17,58,6,-1,-6,14,10,6,-7,-10,0,None
0,1,19,-1,-6,-41,3,2,1,14,10,6,-7,-10,0,None
0,-3,13,21,3,11,10,0,-3,14,10,6,-7,-10,0,None
0,-7,6,-30,40,20,5,2,2,14,10,6,-7,-10,0,None
0,-53,-10,4,3,36,-13,-12,-10,14,10,6,-7,-10,0,None
0,-53,-10,4,3,36,-13,-12,-10,14,10,6,-7,-10,0,None
0,-53,-10,4,3,36,-13,-12,-10,14,10,6,-8,-9,0,None
0,13,-6,-4,-21,13,-7,2,1,14,10,6,-8,-9,0,None
0,3,24,-6,10,-22,-4,-3,2,14,10,6,-8,-9,0,None
0,-26,-56,-19,22,40,14,3,-3,14,10,6,-8,-9,0,None
0,17,10,2,55,-80,-1,3,2,14,10,6,-8,-9,0,None
0,17,10,2,55,-80,-1,3,2,13,10,6,-8,-9,0,None
0,17,10,2,55,-80,-1,3,2,13,10,6,-8,-9,1,None
0,6,-11,35,42,48,-1,-6,-6,13,10,6,-8,-9,1,None
0,-10,-5,-29,-112,-107,-20,-6,-5,13,10,6,-8,-9,1,None
0,10,0,-15,41,36,-7,-4,-5,13,10,6,-8,-9,1,None
0,13,7,4,-19,18,9,1,-1,13,10,6,-8,-9,1,None
0,13,7,4,-19,18,9,1,-1,13,10,6,-8,-9,1,None
0,13,7,4,-19,18,9,1,-1,13,10,6,-8,-9,1,None
0,-6,-13,-21,8,-45,-7,-1,1,13,10,6,-8,-9,1,None
0,17,-5,-11,6,78,0,-1,-2,13,10,6,-8,-9,1,None
0,20,35,22,-17,-11,-6,-4,-6,13,10,6,-8,-9,1,None
0,-10,-62,-4,-35,28,19,2,5,13,10,6,-8,-9,1,None
0,-10,-62,-4,-35,28,19,2,5,13,10,6,-8,-9,1,None
0,-10,-62,-4,-35,28,19,2,5,13,10,6,-9,-9,1,None
0,18,5,-10,17,3,-7,-4,3,13,10,6,-9,-9,1,None
0,-14,8,8,58,55,-1,0,-2,13,10,6,-9,-9,1,None
0,50,0,-9,-3,2,-2,-2,2,13,10,6,-9,-9,1,None
0,-11,44,-45,9,24,5,-1,-4,13,10,6,-9,-9,1,None
0,-11,44,-45,9,24,5,-1,-4,13,10,6,-9,-9,1,None
0,-11,44,-45,9,24,5,-1,-4,13,10,6,-10,-10,1,None
0,-16,-21,23,-34,-44,-16,-12,-5,13,10,6,-10,-10,1,None
0,46,13,-27,-9,-102,-1,2,-3,13,10,6,-10,-10,1,None
0,-5,16,5,-28,-4,-8,-3,-3,13,10,6,-10,-10,1,None
0,14,3,-8,15,-38,5,3,3,13,10,6,-10,-10,1,None
0,14,3,-8,15,-38,5,3,3,13,10,6,-10,-10,1,None
0,14,3,-8,15,-38,5,3,3,13,10,6,-10,-10,1,None
0,-2,-2,-11,-7,-1,1,-1,0,13,10,6,-10,-10,1,None
0,-12,32,0,-38,-74,-4,0,1,13,10,6,-10,-10,1,None
0,-44,-36,-4,40,-9,1,-3,-2,13,10,6,-10,-10,1,None
0,14,17,1,-24,-45,-10,-4,-6,13,10,6,-10,-10,1,None
0,14,17,1,-24,-45,-10,-4,-6,13,10,6,-10,-10,1,None
0,14,17,1,-24,-45,-10,-4,-6,13,10,6,-10,-10,1,None
0,-11,-3,-9,13,13,4,1,0,13,10,6,-10,-10,1,None
0,4,-12,9,23,64,12,2,5,13,10,6,-10,-10,1,None
0,-56,1,-10,-61,-20,-3,-5,-10,13,10,6,-10,-10,1,None
0,0,-18,-10,0,-29,-15,-4,-3,13,10,6,-10,-10,1,None
0,0,-18,-10,0,-29,-15,-4,-3,13,10,6,-10,-10,1,None
0,0,-18,-10,0,-29,-15,-4,-3,13,10,6,-11,-10,1,None
0,4,23,-6,-29,-9,20,8,6,13,10,6,-11,-10,1,None
0,14,-8,-7,-16,17,0,0,1,13,10,6,-11,-10,1,None
0,-30,18,-5,18,-25,2,-3,-3,13,10,6,-11,-10,1,None
0,-27,-26,-3,-8,-19,-14,-8,-7,13,10,6,-11,-10,1,None
0,-27,-26,-3,-8,-19,-14,-8,-7,13,10,6,-11,-10,1,None
0,-27,-26,-3,-8,-19,-14,-8,-7,13,10,6,-11,-9,1,None
0,-7,25,-17,-79,-23,-4,-5,-5,13,10,6,-11,-9,1,None
0,-28,-53,-8,-19,11,4,0,2,13,10,6,-11,-9,1,None
0,10,12,-13,-44,9,-1,0,-3,13,10,6,-11,-9,1,None
0,14,27,28,4,-32,2,5,6,13,10,6,-11,-9,1,None
0,14,27,28,4,-32,2,5,6,13,10,6,-11,-9,1,None
0,14,27,28,4,-32,2,5,6,13,10,6,-11,-9,1,None
0,-2,-11,-72,-80,-10,-11,-6,-6,13,10,6,-11,-9,1,None
0,-3,0,18,45,6,-1,1,1,13,10,6,-11,-9,1,None
0,-1,-2,-2,-22,-6,7,1,2,13,10,6,-11,-9,1,None
0,29,-3,0,19,3,3,0,-3,13,10,6,-11,-9,1,None
0,29,-3,0,19,3,3,0,-3,13,10,6,-11,-9,1,None
0,29,-3,0,19,3,3,0,-3,13,10,6,-11,-9,1,None
0,-2,-6,16,20,18,1,0,-3,13,10,6,-11,-9,1,None
0,-2,14,-14,48,-6,-7,-6,-8,13,10,6,-11,-9,1,None
0,17,0,-2,-15,-2,3,4,5,13,10,6,-11,-9,1,None
0,-39,14,-2,44,99,0,-1,0,13,10,6,-11,-9,1,None
0,-39,14,-2,44,99,0,-1,0,13,10,6,-11,-9,1,None
0,-39,14,-2,44,99,0,-1,0,13,10,6,-11,-9,1,None
0,38,-34,21,30,14,-5,-4,-4,13,10,6,-11,-9,1,None
0,-5,7,0,24,-10,-5,-3,-2,13,10,6,-11,-9,1,None
0,36,4,-5,-30,24,7,4,4,13,10,6,-11,-9,1,None
0,6,-16,-1,3,-11,-1,-1,-1,13,10,6,-11,-9,1,None
0,6,-16,-1,3,-11,-1,-1,-1,13,10,6,-11,-9,1,None
0,6,-16,-1,3,-11,-1,-1,-1,13,10,6,-11,-9,1,None
0,-8,21,-1,84,43,1,3,-1,13,10,6,-11,-9,1,None
0,-20,-33,-2,-23,21,2,-2,-1,13,10,6,-11,-9,1,None
0,-19,13,77,51,34,-15,-7,-4,13,10,6,-11,-9,1,None
0,-4,-4,18,-16,5,-1,-3,-3,13,10,6,-11,-9,1,None
0,-4,-4,18,-16,5,-1,-3,-3,13,10,6,-11,-9,1,None
0,-4,-4,18,-16,5,-1,-3,-3,13,10,6,-11,-9,1,None
0,-11,-1,8,9,-36,-3,0,-2,13,10,6,-11,-9,1,None
0,12,15,6,-16,20,-1,-4,-1,13,10,6,-11,-9,1,None
0,-10,6,-14,-26,-28,1,0,1,13,10,6,-11,-9,1,None
0,6,4,-6,25,25,-2,-3,-3,13,10,6,-11,-9,1,None
0,6,4,-6,25,25,-2,-3,-3,13,10,6,-11,-9,1,None
0,6,4,-6,25,25,-2,-3,-3,13,10,6,-11,-9,1,None
0,-10,-2,2,2,26,-5,-4,-1,13,10,6,-11,-9,1,None
0,-3,3,-2,-18,-37,0,1,-2,13,10,6,-11,-9,1,None
0,-5,-7,-22,-6,-12,-7,-4,-3,13,10,6,-11,-9,1,None
0,1,11,13,95,-23,10,7,2,13,10,6,-11,-9,1,None
0,1,11,13,95,-23,10,7,2,13,10,6,-11,-9,1,None
0,1,11,13,95,-23,10,7,2,13,10,6,-11,-9,1,None
0,12,-9,-23,-34,-30,5,1,1,13,10,6,-11,-9,1,None
0,0,8,-1,46,14,-6,-3,-1,13,10,6,-11,-9,1,None
0,-5,-1,-9,-50,-7,-1,-1,-3,13,10,6,-11,-9,1,None
0,9,7,-4,-7,-24,-8,-5,-1,13,10,6,-11,-9,1,None
0,9,7,-4,-7,-24,-8,-5,-1,13,10,6,-11,-9,1,None
0,9,7,-4,-7,-24,-8,-5,-1,13,10,6,-10,-9,1,None
0,-9,-1,6,2,80,10,2,0,13,10,6,-10,-9,1,None
0,-2,2,4,1,-33,-9,-3,-2,13,10,6,-10,-9,1,None
0,-4,1,-5,16,19,-9,-4,-3,13,10,6,-10,-9,1,None
0,1,0,-2,-48,-10,8,0,-2,13,10,6,-10,-9,1,None
0,1,0,-2,-48,-10,8,0,-2,13,10,6,-10,-9,1,None
0,1,0,-2,-48,-10,8,0,-2,13,10,6,-10,-9,1,None
0,-5,-4,-5,-9,-20,-3,0,1,13,10,6,-10,-9,1,None
0,-4,4,3,-22,-1,1,-1,0,13,10,6,-10,-9,1,None
0,4,0,-8,6,33,2,1,0,13,10,6,-10,-9,1,None
0,0,1,-17,-23,-73,-1,-1,-1,13,10,6,-10,-9,1,None
0,0,1,-17,-23,-73,-1,-1,-1,13,10,6,-10,-9,1,None
0,0,1,-17,-23,-73,-1,-1,-1,13,10,6,-9,-9,1,None
0,-4,-1,13,-4,-10,-8,-3,-4,13,10,6,-9,-9,1,None
0,1,3,-11,9,2,0,-2,-1,13,10,6,-9,-9,1,None
0,-4,-2,-14,-3,-15,-5,0,-3,13,10,6,-9,-9,1,None
0,1,2,4,-7,-8,7,-3,-2,13,10,6,-9,-9,1,None
0,1,2,4,-7,-8,7,-3,-2,13,10,6,-9,-9,1,None
0,1,2,4,-7,-8,7,-3,-2,13,10,6,-8,-9,1,None
0,-5,-2,-7,-14,-15,-8,-5,-2,13,10,6,-8,-9,1,None
0,-3,3,10,4,21,0,-3,-2,13,10,6,-8,-9,1,None
0,1,3,0,-8,-21,4,2,-1,13,10,6,-8,-9,1,None
0,-4,-4,-10,-9,18,-8,-3,-4,13,10,6,-8,-9,1,None
0,-4,-4,-10,-9,18,-8,-3,-4,13,10,6,-8,-9,1,None
0,-4,-4,-10,-9,18,-8,-3,-4,13,10,6,-7,-9,1,None
0,-1,-1,-3,5,-2,0,-3,-3,13,10,6,-7,-9,1,None
0,-2,-1,-1,-7,9,-14,-1,0,13,10,6,-7,-9,1,None
0,-2,2,6,-6,-4,-1,-7,-4,13,10,6,-7,-9,1,None
0,1,2,-3,-6,16,19,6,2,13,10,6,-7,-9,1,None
0,1,2,-3,-6,16,19,6,2,14,10,6,-7,-9,1,None
0,1,2,-3,-6,16,19,6,2,14,10,6,-6,-10,1,None
0,-4,0,-9,1,4,-3,-3,-3,14,10,6,-6,-10,1,None
0,-2,2,-3,-22,3,-4,1,-1,14,10,6,-6,-10,1,None
0,-1,9,15,5,-11,8,-1,-1,14,10,6,-6,-10,1,None
0,-1,-12,-42,-11,8,6,-4,-3,14,10,6,-6,-10,1,None
0,-1,-12,-42,-11,8,6,-4,-3,14,10,6,-6,-10,1,None
0,-1,-12,-42,-11,8,6,-4,-3,14,10,6,-5,-10,0,None
0,-3,-4,-14,-2,-10,-3,-2,-2,14,10,6,-5,-10,0,None
0,-2,0,-3,5,6,-3,-3,-2,14,10,6,-5,-10,0,None
0,1,7,-15,-6,-2,-2,1,0,14,10,6,-5,-10,0,None
0,0,-4,-3,6,16,-21,-5,-1,14,10,6,-5,-10,0,None
0,0,-4,-3,6,16,-21,-5,-1,14,10,6,-5,-10,0,None
0,0,-4,-3,6,16,-21,-5,-1,14,10,6,-5,-11,0,None
0,1,4,7,-7,-3,7,1,0,14,10,6,-5,-11,0,None
0,1,19,1,5,2,9,1,-1,14,10,6,-5,-11,0,None
0,-2,-25,10,-12,0,-3,0,0,14,10,6,-5,-11,0,None
0,-5,-3,-24,-3,-9,-9,-4,-5,14,10,6,-5,-11,0,None
0,-5,-3,-24,-3,-9,-9,-4,-5,14,10,6,-5,-11,0,None
0,-5,-3,-24,-3,-9,-9,-4,-5,14,10,6,-6,-11,0,None
0,-3,-3,3,4,4,-2,0,1,14,10,6,-6,-11,0,None
0,0,4,16,8,-1,3,1,0,14,10,6,-6,-11,0,None
0,-1,8,13,6,-5,-4,-2,-2,14,10,6,-6,-11,0,None
0,1,13,9,-25,1,-11,-4,-3,14,10,6,-6,-11,0,None
0,1,13,9,-25,1,-11,-4,-3,14,10,6,-6,-11,0,None
0,1,13,9,-25,1,-11,-4,-3,14,10,6,-6,-11,0,None
0,-3,-13,7,4,3,4,-1,-1,14,10,6,-6,-11,0,None
0,-3,-8,-8,-5,0,0,-4,-5,14,10,6,-6,-11,0,None
0,0,-1,-28,11,1,3,1,0,14,10,6,-6,-11,0,None
0,1,6,7,-13,-1,-4,-2,0,14,10,6,-6,-11,0,None
0,1,6,7,-13,-1,-4,-2,0,14,10,6,-6,-11,0,None
0,1,6,7,-13,-1,-4,-2,0,14,10,6,-6,-11,0,None
0,1,-4,9,1,2,-2,1,0,14,10,6,-6,-11,0,None
0,-1,-7,5,1,-4,2,0,-2,14,10,6,-6,-11,0,None
0,-3,2,-17,3,1,0,-4,-1,14,10,6,-6,-11,0,None
0,-3,15,20,9,3,-6,-2,-3,14,10,6,-6,-11,0,None
0,-3,15,20,9,3,-6,-2,-3,14,10,6,-6,-11,0,None
0,-3,15,20,9,3,-6,-2,-3,14,10,6,-6,-11,-1,None
0,-1,2,-8,-6,-3,0,0,-2,14,10,6,-6,-11,-1,None
0,-1,4,-1,0,0,-2,-2,-2,14,10,6,-6,-11,-1,None
0,0,-16,5,-1,-2,-1,1,-2,14,10,6,-6,-11,-1,None
0,-1,3,-18,14,3,-3,-2,0,14,10,6,-6,-11,-1,None
0,-1,3,-18,14,3,-3,-2,0,14,10,6,-6,-11,-1,None
0,-1,3,-18,14,3,-3,-2,0,14,10,6,-7,-12,-2,None
0,0,8,4,-4,-2,0,-1,-2,14,10,6,-7,-12,-2,None
0,-1,-1,-10,14,-1,0,0,-1,14,10,6,-7,-12,-2,None
0,-2,5,22,10,-1,-6,-3,-3,14,10,6,-7,-12,-2,None
0,0,-3,1,-27,-2,-2,0,0,14,10,6,-7,-12,-2,None
0,0,-3,1,-27,-2,-2,0,0,15,10,6,-7,-12,-2,None
0,0,-3,1,-27,-2,-2,0,0,15,10,6,-7,-13,-3,None
0,-2,-15,-30,7,3,0,-3,-2,15,10,6,-7,-13,-3,None
0,1,5,-15,3,-2,-1,0,-1,15,10,6,-7,-13,-3,None
0,2,19,16,-6,-2,-2,-2,-2,15,10,6,-7,-13,-3,None
0,-3,-22,21,11,3,-4,-2,-1,15,10,6,-7,-13,-3,None
0,-3,-22,21,11,3,-4,-2,-1,15,11,6,-7,-13,-3,None
0,-3,-22,21,11,3,-4,-2,-1,15,11,6,-8,-13,-4,None
0,-2,-4,-33,-18,-3,3,-1,-1,15,11,6,-8,-13,-4,None
0,-2,-2,16,16,1,2,-1,-1,15,11,6,-8,-13,-4,None
0,-2,0,-10,-6,-1,-5,-3,-3,15,11,6,-8,-13,-4,None
0,-2,4,10,7,-7,-23,-5,-3,15,11,6,-8,-13,-4,None
0,-2,4,10,7,-7,-23,-5,-3,15,11,6,-8,-13,-4,None
0,-2,4,10,7,-7,-23,-5,-3,15,11,6,-7,-12,-3,None
0,2,13,2,0,6,28,6,2,15,11,6,-7,-12,-3,None
0,-2,-9,7,-6,3,-6,-9,-2,15,11,6,-7,-12,-3,None
0,-2,-7,-51,7,-6,3,0,-2,15,11,6,-7,-12,-3,None
0,-1,7,16,9,-4,-6,-3,-1,15,11,6,-7,-12,-3,None
0,-1,7,16,9,-4,-6,-3,-1,16,11,6,-7,-12,-3,None
0,-1,7,16,9,-4,-6,-3,-1,16,11,6,-7,-12,-4,None
0,0,-2,11,5,2,-18,-1,-1,16,11,6,-7,-12,-4,None
0,-1,-1,-15,-10,-5,1,-1,-2,16,11,6,-7,-12,-4,None
0,-1,0,-6,2,7,0,0,-1,16,11,6,-7,-12,-4,None
0,0,0,10,10,9,1,1,-2,16,11,6,-7,-12,-4,None
0,0,0,10,10,9,1,1,-2,16,11,6,-7,-12,-4,None
0,0,0,10,10,9,1,1,-2,16,11,6,-8,-12,-3,None
0,1,1,-29,12,-5,-9,-4,-2,16,11,6,-8,-12,-3,None
0,-2,-3,0,1,5,3,0,-1,16,11,6,-8,-12,-3,None
0,-4,-2,-4,-16,-3,-6,-3,-1,16,11,6,-8,-12,-3,None
0,-1,-2,-8,2,3,9,3,2,16,11,6,-8,-12,-3,None
0,-1,-2,-8,2,3,9,3,2,16,12,6,-8,-12,-3,None
0,-1,-2,-8,2,3,9,3,2,16,12,6,-7,-13,-3,None
0,-3,4,11,-7,0,0,-1,-2,16,12,6,-7,-13,-3,None
0,0,1,4,10,-2,-5,-3,-2,16,12,6,-7,-13,-3,None
0,-3,-3,-8,-13,0,-1,-1,0,16,12,6,-7,-13,-3,None
0,0,0,-12,-6,-2,4,0,0,16,12,6,-7,-13,-3,None
0,0,0,-12,-6,-2,4,0,0,17,12,6,-7,-13,-3,None
0,0,0,-12,-6,-2,4,0,0,17,12,6,-6,-14,-3,None
0,-3,2,9,8,4,2,1,-2,17,12,6,-6,-14,-3,None
0,-3,-2,-12,-3,1,-2,-3,-1,17,12,6,-6,-14,-3,None
0,-1,-1,7,-10,-5,-8,-1,-1,17,12,6,-6,-14,-3,None
0,-2,-2,-5,1,8,10,1,0,17,12,6,-6,-14,-3,None
0,-2,-2,-5,1,8,10,1,0,17,12,6,-6,-14,-3,None
0,-2,-2,-5,1,8,10,1,0,17,12,6,-5,-14,-3,None
0,-1,3,8,9,10,-1,-2,-2,17,12,6,-5,-14,-3,None
0,0,0,17,-1,-5,-1,0,-2,17,12,6,-5,-14,-3,None
0,-1,-1,2,-9,6,7,1,0,17,12,6,-5,-14,-3,None
0,0,1,-10,-34,-15,-5,-1,-1,17,12,6,-5,-14,-3,None
0,0,1,-10,-34,-15,-5,-1,-1,17,12,6,-5,-14,-3,None
0,0,1,-10,-34,-15,-5,-1,-1,17,12,6,-4,-14,-3,None
0,-1,1,0,15,-1,-7,-5,-3,17,12,6,-4,-14,-3,None
0,-4,-1,2,-28,10,8,3,0,17,12,6,-4,-14,-3,None
0,1,4,4,30,-13,2,0,1,17,12,6,-4,-14,-3,None
0,-2,-1,7,-30,-4,0,-2,0,17,12,6,-4,-14,-3,None
0,-2,-1,7,-30,-4,0,-2,0,0,12,6,-4,-14,-3,None
0,-2,-1,7,-30,-4,0,-2,0,0,12,6,-4,-14,-3,None
0,-2,3,1,35,19,1,-1,-4,0,12,6,-4,-14,-3,None
0,-4,-3,-20,-75,-25,-4,2,0,0,12,6,-4,-14,-3,None
0,-2,1,0,-1,26,0,0,-1,0,12,6,-4,-14,-3,None
0,-1,2,-4,66,-18,-1,0,1,0,12,6,-4,-14,-3,None
0,-1,2,-4,66,-18,-1,0,1,0,13,6,-4,-14,-3,None
0,-1,2,-4,66,-18,-1,0,1,0,13,6,-3,-14,-2,None
0,-2,-2,-1,-106,-9,-2,-5,-1,0,13,6,-3,-14,-2,None
0,-1,-1,-2,29,26,1,1,-1,0,13,6,-3,-14,-2,None
0,3,1,-15,31,-6,5,-1,3,0,13,6,-3,-14,-2,None
0,-1,-3,-16,-92,-17,-8,-3,-5,0,13,6,-3,-14,-2,None
0,-1,-3,-16,-92,-17,-8,-3,-5,0,13,6,-3,-14,-2,None
0,-1,-3,-16,-92,-17,-8,-3,-5,0,13,6,-2,-14,-2,None
0,-1,2,0,28,-67,-7,-1,-1,0,13,6,-2,-14,-2,None
0,-2,0,-14,84,53,5,-3,-5,0,13,6,-2,-14,-2,None
0,-4,-4,5,-98,-35,-3,-1,-2,0,13,6,-2,-14,-2,None
0,-1,1,2,102,60,-5,-4,-2,0,13,6,-2,-14,-2,None
0,-1,1,2,102,60,-5,-4,-2,0,13,6,-2,-14,-2,None
0,-1,1,2,102,60,-5,-4,-2,0,13,6,0,-15,-2,None
0,2,3,3,2,45,4,-2,0,0,13,6,0,-15,-2,None
0,0,2,1,42,-26,-8,-2,-5,0,13,6,0,-15,-2,None
0,0,-2,-22,-22,-12,-3,-6,0,0,13,6,0,-15,-2,None
0,0,0,-14,-72,-28,-7,-4,0,0,13,6,0,-15,-2,None
0,0,0,-14,-72,-28,-7,-4,0,1,13,6,0,-15,-2,None
0,0,0,-14,-72,-28,-7,-4,0,1,13,6,0,-16,-2,None
0,-5,-6,2,17,66,-8,-3,-2,1,13,6,0,-16,-2,None
0,0,3,0,0,-114,-5,-3,-1,1,13,6,0,-16,-2,None
0,-2,0,6,-50,103,6,-3,-4,1,13,6,0,-16,-2,None
0,-2,0,-14,-84,-50,-8,2,-1,1,13,6,0,-16,-2,None
0,-2,0,-14,-84,-50,-8,2,-1,1,13,6,0,-16,-2,None
0,-2,0,-14,-84,-50,-8,2,-1,1,13,6,1,-16,-2,None
0,1,4,11,83,26,9,2,3,1,13,6,1,-16,-2,None
0,-3,-3,-4,-81,110,2,2,-2,1,13,6,1,-16,-2,None
0,-1,1,3,67,-94,-15,-6,-1,1,13,6,1,-16,-2,None
0,2,0,-1,-58,-18,3,-2,1,1,13,6,1,-16,-2,None
0,2,0,-1,-58,-18,3,-2,1,1,13,6,1,-16,-2,None
0,2,0,-1,-58,-18,3,-2,1,1,13,6,2,-16,-3,None
0,1,0,15,22,-2,1,5,0,1,13,6,2,-16,-3,None
0,-1,0,-7,72,59,-3,-2,-1,1,13,6,2,-16,-3,None
0,-6,1,9,53,-34,2,1,-3,1,13,6,2,-16,-3,None
0,-5,-4,-6,-15,48,4,1,-3,1,13,6,2,-16,-3,None
0,-5,-4,-6,-15,48,4,1,-3,1,14,6,2,-16,-3,None
0,-5,-4,-6,-15,48,4,1,-3,1,14,6,3,-16,-3,None
0,2,6,2,56,-20,10,2,-1,1,14,6,3,-16,-3,None
0,0,-1,-2,-15,57,5,-3,2,1,14,6,3,-16,-3,None
0,-2,-4,-4,-7,-36,-16,-3,-2,1,14,6,3,-16,-3,None
0,-4,1,5,30,22,9,-1,-6,1,14,6,3,-16,-3,None
0,-4,1,5,30,22,9,-1,-6,1,14,6,3,-16,-3,None
0,-4,1,5,30,22,9,-1,-6,1,14,6,5,-16,-3,None
0,-1,2,-9,-32,-6,2,-3,-1,1,14,6,5,-16,-3,None
0,-1,1,-1,-60,-55,-7,3,2,1,14,6,5,-16,-3,None
0,0,2,0,-7,18,7,-3,-4,1,14,6,5,-16,-3,None
0,0,1,6,77,24,-9,-7,1,1,14,6,5,-16,-3,None
0,0,1,6,77,24,-9,-7,1,1,14,6,5,-16,-3,None
0,0,1,6,77,24,-9,-7,1,1,14,6,6,-15,-3,None
0,-4,-5,0,-88,-27,0,-3,-5,1,14,6,6,-15,-3,None
0,-2,-5,-10,-10,-17,2,-5,-1,1,14,6,6,-15,-3,None
0,-1,2,15,12,90,4,-2,-3,1,14,6,6,-15,-3,None
0,0,1,3,-25,-43,-3,-2,0,1,14,6,6,-15,-3,None
0,0,1,3,-25,-43,-3,-2,0,2,14,6,6,-15,-3,None
0,0,1,3,-25,-43,-3,-2,0,2,14,6,6,-14,-3,None
0,0,3,0,23,-1,-4,-1,2,2,14,6,6,-14,-3,None
0,0,3,0,18,-28,-5,3,-6,2,14,6,6,-14,-3,None
0,-2,0,4,-10,-10,0,-5,0,2,14,6,6,-14,-3,None
0,3,4,6,17,-9,10,7,5,2,14,6,6,-14,-3,None
0,3,4,6,17,-9,10,7,5,2,14,6,6,-14,-3,None
0,3,4,6,17,-9,10,7,5,2,14,6,7,-14,-3,None
0,-1,-2,-9,-9,-13,-11,-3,0,2,14,6,7,-14,-3,None
0,-4,-1,-12,-44,20,2,-6,-3,2,14,6,7,-14,-3,None
0,3,0,-12,31,43,-5,-2,-2,2,14,6,7,-14,-3,None
0,0,3,9,80,31,0,-1,-4,2,14,6,7,-14,-3,None
0,0,3,9,80,31,0,-1,-4,2,14,6,7,-14,-3,None
0,0,3,9,80,31,0,-1,-4,2,14,6,8,-14,-3,None
0,2,1,2,12,13,0,1,1,2,14,6,8,-14,-3,None
0,-1,3,-7,-15,-49,-5,-1,1,2,14,6,8,-14,-3,None
0,-1,1,-9,-3,-6,7,4,-2,2,14,6,8,-14,-3,None
0,-3,0,-11,-48,-13,-4,-3,0,2,14,6,8,-14,-3,None
0,-3,0,-11,-48,-13,-4,-3,0,2,14,6,8,-14,-3,None
0,-3,0,-11,-48,-13,-4,-3,0,2,14,6,8,-14,-3,None
0,-2,1,-4,18,19,-2,1,-4,2,14,6,8,-14,-3,None
0,0,4,22,26,48,8,1,-1,2,14,6,8,-14,-3,None
0,-2,-3,-22,64,22,-2,-3,-1,2,14,6,8,-14,-3,None
0,-5,-4,7,25,35,0,2,-7,2,14,6,8,-14,-3,None
0,-5,-4,7,25,35,0,2,-7,2,14,6,8,-14,-3,None
0,-5,-4,7,25,35,0,2,-7,2,14,6,8,-13,-2,None
0,-4,-2,-5,-46,-37,-4,-4,-1,2,14,6,8,-13,-2,None
0,1,5,3,40,-5,2,0,2,2,14,6,8,-13,-2,None
0,0,0,9,12,-18,-1,3,1,2,14,6,8,-13,-2,None
0,-2,2,-2,-12,7,0,-8,-1,2,14,6,8,-13,-2,None
0,-2,2,-2,-12,7,0,-8,-1,2,14,6,8,-13,-2,None
0,-2,2,-2,-12,7,0,-8,-1,2,14,6,8,-12,-2,None
0,-6,-5,-11,3,8,-5,-2,-2,2,14,6,8,-12,-2,None
0,-2,0,7,-10,-15,-2,2,-1,2,14,6,8,-12,-2,None
0,-2,-1,-5,-38,-1,-1,-3,-3,2,14,6,8,-12,-2,None
0,0,-9,-10,4,-15,0,-1,-2,2,14,6,8,-12,-2,None
0,0,-9,-10,4,-15,0,-1,-2,2,14,6,8,-12,-2,None
0,0,-9,-10,4,-15,0,-1,-2,2,14,6,8,-12,-2,None
0,-2,6,-13,-55,-12,-4,-4,-5,2,14,6,8,-12,-2,None
0,-2,-2,-12,-31,0,-4,-4,-2,2,14,6,8,-12,-2,None
0,-1,0,5,17,-7,0,0,2,2,14,6,8,-12,-2,None
0,5,12,-7,20,26,6,3,1,2,14,6,8,-12,-2,None
0,5,12,-7,20,26,6,3,1,2,14,6,8,-12,-2,None
0,5,12,-7,20,26,6,3,1,2,14,6,8,-12,-2,None
0,-3,19,-6,32,25,-13,-9,-7,2,14,6,8,-12,-2,None
0,-1,-27,-10,-4,-66,-8,-2,-3,2,14,6,8,-12,-2,None
0,-7,11,-3,8,62,5,1,-2,2,14,6,8,-12,-2,None
0,0,1,7,19,-4,0,-2,-2,2,14,6,8,-12,-2,None
0,0,1,7,19,-4,0,-2,-2,2,14,6,8,-12,-2,None
0,0,1,7,19,-4,0,-2,-2,2,14,6,8,-12,-2,None
0,1,2,-2,-11,-32,-1,-1,2,2,14,6,8,-12,-2,None
0,-6,-15,-3,14,-7,2,5,0,2,14,6,8,-12,-2,None
0,1,34,7,-5,-43,-6,-3,0,2,14,6,8,-12,-2,None
0,-4,-14,-18,31,73,5,0,-4,2,14,6,8,-12,-2,None
0,-4,-14,-18,31,73,5,0,-4,2,14,6,8,-12,-2,None
0,-4,-14,-18,31,73,5,0,-4,2,14,6,8,-12,-2,None
0,-2,-12,5,4,-17,5,3,-1,2,14,6,8,-12,-2,None
0,-1,11,-2,-37,-17,-4,-6,1,2,14,6,8,-12,-2,None
0,0,-3,-3,7,-31,-2,-1,-1,2,14,6,8,-12,-2,None
0,-4,4,1,-46,-18,-2,1,1,2,14,6,8,-12,-2,None
0,-4,4,1,-46,-18,-2,1,1,2,14,6,8,-12,-2,None
0,-4,4,1,-46,-18,-2,1,1,2,14,6,8,-12,-2,None
0,-4,-5,-14,-20,-39,-5,-4,-2,2,14,6,8,-12,-2,None
0,0,10,-2,16,20,-2,-2,0,2,14,6,8,-12,-2,None
0,-2,-8,-11,-84,-19,-6,-4,-3,2,14,6,8,-12,-2,None
0,0,-1,-4,40,-22,-5,-5,-3,2,14,6,8,-12,-2,None
0,0,-1,-4,40,-22,-5,-5,-3,2,14,6,8,-12,-2,None
0,0,-1,-4,40,-22,-5,-5,-3,2,14,6,8,-12,-2,None
0,-1,-4,0,18,23,2,-2,0,2,14,6,8,-12,-2,None
0,2,12,-2,-51,-4,-3,-4,-2,2,14,6,8,-12,-2,None
0,-1,-40,-2,-4,-19,-2,-1,-1,2,14,6,8,-12,-2,None
0,-6,21,4,16,11,0,-2,-3,2,14,6,8,-12,-2,None
0,-6,21,4,16,11,0,-2,-3,2,14,6,8,-12,-2,None
0,-6,21,4,16,11,0,-2,-3,2,14,6,8,-12,-2,None
0,3,38,4,-41,6,-1,-1,0,2,14,6,8,-12,-2,None
0,-5,-54,-5,10,4,-1,-2,-1,2,14,6,8,-12,-2,None
0,2,8,-5,15,16,-1,0,-1,2,14,6,8,-12,-2,None
0,-1,-6,6,15,7,0,-2,0,2,14,6,8,-12,-2,None
0,-1,-6,6,15,7,0,-2,0,2,14,6,8,-12,-2,None
0,-1,-6,6,15,7,0,-2,0,2,14,6,8,-12,-2,None
0,0,-2,9,27,17,0,-1,-1,2,14,6,8,-12,-2,None
0,6,20,-7,36,11,-2,-2,0,2,14,6,8,-12,-2,None
0,-6,26,-1,4,-7,1,2,-4,2,14,6,8,-12,-2,None
0,-4,-25,-1,-32,-22,-4,-1,0,2,14,6,8,-12,-2,None
0,-4,-25,-1,-32,-22,-4,-1,0,2,14,6,8,-12,-2,None
0,-4,-25,-1,-32,-22,-4,-1,0,2,14,6,8,-11,-2,None
0,1,-9,-2,28,-2,-1,-1,-1,2,14,6,8,-11,-2,None
0,-2,24,-1,-33,15,4,1,-1,2,14,6,8,-11,-2,None
0,0,-8,-2,-21,3,1,0,-3,2,14,6,8,-11,-2,None
0,1,14,-3,18,-14,-2,-2,-2,2,14,6,8,-11,-2,None
0,1,14,-3,18,-14,-2,-2,-2,2,14,6,8,-11,-2,None
0,1,14,-3,18,-14,-2,-2,-2,2,14,6,8,-11,-2,None
0,-1,-6,0,16,19,2,-1,-1,2,14,6,8,-11,-2,None
0,0,1,-1,-2,-4,-2,-2,-1,2,14,6,8,-11,-2,None
0,4,5,11,50,-5,-1,-1,1,2,14,6,8,-11,-2,None
0,-2,-2,-14,-68,5,-7,-5,-5,2,14,6,8,-11,-2,None
0,-2,-2,-14,-68,5,-7,-5,-5,2,14,6,8,-11,-2,None
0,-2,-2,-14,-68,5,-7,-5,-5,2,14,6,8,-11,-2,None
0,2,5,4,-13,-4,1,0,0,2,14,6,8,-11,-2,None
0,-6,-35,-8,20,17,0,0,0,2,14,6,8,-11,-2,None
0,2,-4,12,27,-5,-2,-2,-1,2,14,6,8,-11,-2,None
0,0,-1,-10,41,-14,1,0,1,2,14,6,8,-11,-2,None
0,0,-1,-10,41,-14,1,0,1,2,14,6,8,-11,-2,None
0,0,-1,-10,41,-14,1,0,1,2,14,6,8,-11,-2,None
0,-2,-8,-11,-50,-7,-4,-2,-1,2,14,6,8,-11,-2,None
0,-2,34,11,5,-2,0,0,-6,2,14,6,8,-11,-2,None
0,-3,-16,-13,4,13,-1,-2,0,2,14,6,8,-11,-2,None
0,-1,-6,1,2,-3,0,-1,-1,2,14,6,8,-11,-2,None
0,-1,-6,1,2,-3,0,-1,-1,2,14,6,8,-11,-2,None
0,-1,-6,1,2,-3,0,-1,-1,2,14,6,8,-11,-2,None
0,-1,-4,-4,5,-8,1,0,-1,2,14,6,8,-11,-2,None
0,-3,16,5,56,35,0,-2,-2,2,14,6,8,-11,-2,None
0,15,2,-10,-51,-17,-8,-6,-2,2,14,6,8,-11,-2,None
0,-8,-24,8,9,5,-1,-3,-5,2,14,6,8,-11,-2,None
0,-8,-24,8,9,5,-1,-3,-5,2,14,6,8,-11,-2,None
0,-8,-24,8,9,5,-1,-3,-5,2,14,6,8,-11,-2,None
0,-2,-6,-6,-4,-7,-1,-1,-1,2,14,6,8,-11,-2,None
0,4,1,2,1,-13,0,-1,1,2,14,6,8,-11,-2,None
0,-6,-1,-1,10,10,-2,-2,-2,2,14,6,8,-11,-2,None
0,0,8,-6,-26,-31,-4,-2,0,2,14,6,8,-11,-2,None
0,0,8,-6,-26,-31,-4,-2,0,2,14,6,8,-11,-2,None
0,0,8,-6,-26,-31,-4,-2,0,2,14,6,8,-11,-2,None
0,0,-1,2,12,40,1,-2,-2,2,14,6,8,-11,-2,None
0,-7,-8,-3,-8,-3,0,-2,-1,2,14,6,8,-11,-2,None
0,1,38,-23,-29,-22,-6,-3,-1,2,14,6,8,-11,-2,None
0,2,-1,13,33,25,2,-2,-3,2,14,6,8,-11,-2,None
0,2,-1,13,33,25,2,-2,-3,2,14,6,8,-11,-2,None
0,2,-1,13,33,25,2,-2,-3,2,14,6,8,-12,-2,None
0,-7,-15,-5,-9,-3,-1,2,0,2,14,6,8,-12,-2,None
0,2,-1,-3,-9,-5,-1,-1,-1,2,14,6,8,-12,-2,None
0,-3,7,4,5,4,2,0,1,2,14,6,8,-12,-2,None
0,4,14,3,20,-4,-2,-1,0,2,14,6,8,-12,-2,None
0,4,14,3,20,-4,-2,-1,0,2,14,6,8,-12,-2,None
0,4,14,3,20,-4,-2,-1,0,2,14,6,8,-12,-2,None
0,-2,-2,-1,-2,-9,-3,-2,-2,2,14,6,8,-12,-2,None
0,2,12,3,9,4,-3,-2,-2,2,14,6,8,-12,-2,None
0,-1,-11,1,2,-1,1,0,-1,2,14,6,8,-12,-2,None
0,-4,-1,-8,5,-5,-3,-3,-1,2,14,6,8,-12,-2,None
0,-4,-1,-8,5,-5,-3,-3,-1,2,14,6,8,-12,-2,None
0,-4,-1,-8,5,-5,-3,-3,-1,2,14,6,8,-11,-2,None
0,-6,-8,5,82,44,-3,-5,-6,2,14,6,8,-11,-2,None
0,6,2,-1,-14,-18,1,2,1,2,14,6,8,-11,-2,None
0,-5,-8,-1,1,13,0,-1,-1,2,14,6,8,-11,-2,None
0,-2,2,-7,-26,-7,-2,1,-1,2,14,6,8,-11,-2,None
0,-2,2,-7,-26,-7,-2,1,-1,2,14,6,8,-11,-2,None
0,-2,2,-7,-26,-7,-2,1,-1,2,14,6,8,-12,-2,None
0,3,11,-2,-5,-28,-3,1,-1,2,14,6,8,-12,-2,None
0,0,2,-1,13,-4,-2,-3,-3,2,14,6,8,-12,-2,None
0,-6,-12,0,4,12,0,-2,-2,2,14,6,8,-12,-2,None
0,1,9,-1,9,-4,0,-1,0,2,14,6,8,-12,-2,None
0,1,9,-1,9,-4,0,-1,0,2,14,6,8,-12,-2,None
0,1,9,-1,9,-4,0,-1,0,2,14,6,8,-12,-2,None
0,-1,-1,-3,-14,0,-2,-2,-1,2,14,6,8,-12,-2,None
0,-4,-3,-4,-6,6,-2,-1,-2,2,14,6,8,-12,-2,None
0,5,-8,0,-6,-12,2,0,1,2,14,6,8,-12,-2,None
0,-22,35,-4,18,7,1,-4,-5,2,14,6,8,-12,-2,None
0,-22,35,-4,18,7,1,-4,-5,2,14,6,8,-12,-2,None
0,-22,35,-4,18,7,1,-4,-5,2,14,6,8,-12,-2,None
0,3,-56,-14,-2,41,-2,-3,0,2,14,6,8,-12,-2,None
0,-4,-5,-4,11,0,-2,-1,-4,2,14,6,8,-12,-2,None
0,0,2,0,4,0,0,1,1,2,14,6,8,-12,-2,None
0,-1,-1,3,-14,-18,-2,0,1,2,14,6,8,-12,-2,None
0,-1,-1,3,-14,-18,-2,0,1,2,14,6,8,-12,-2,None
0,-1,-1,3,-14,-18,-2,0,1,2,14,6,8,-12,-2,None
0,-1,16,-1,-18,-18,1,0,0,2,14,6,8,-12,-2,None
0,0,6,-2,9,4,-2,-2,-2,2,14,6,8,-12,-2,None
0,-6,-10,-2,7,8,-2,-3,-3,2,14,6,8,-12,-2,None
0,4,-7,-7,-12,2,-1,0,0,2,14,6,8,-12,-2,None
0,4,-7,-7,-12,2,-1,0,0,2,14,6,8,-12,-2,None
0,4,-7,-7,-12,2,-1,0,0,2,14,6,8,-12,-2,None
0,-1,11,2,-9,-5,0,-2,-2,2,14,6,8,-12,-2,None
0,3,-6,-3,-7,0,0,-2,0,2,14,6,8,-12,-2,None
0,-5,7,-1,-2,-1,0,-1,-3,2,14,6,8,-12,-2,None
0,2,-6,-3,10,9,-1,-1,-1,2,14,6,8,-12,-2,None
0,2,-6,-3,10,9,-1,-1,-1,2,14,6,8,-12,-2,None
0,2,-6,-3,10,9,-1,-1,-1,2,14,6,8,-12,-2,None
0,2,9,5,-15,-8,1,2,1,2,14,6,8,-12,-2,None
0,-6,20,-25,-15,-9,-11,-10,-5,2,14,6,8,-12,-2,None
0,4,-12,18,10,37,9,2,-1,2,14,6,8,-12,-2,None
0,4,-3,-1,-6,6,0,0,0,2,14,6,8,-12,-2,None
0,4,-3,-1,-6,6,0,0,0,2,14,6,8,-12,-2,None
0,4,-3,-1,-6,6,0,0,0,2,14,6,8,-12,-2,None
0,-1,3,2,16,-1,0,-1,0,2,14,6,8,-12,-2,None
0,0,6,3,2,-7,1,2,1,2,14,6,8,-12,-2,None
0,-3,4,-6,-5,-4,-5,-2,-2,2,14,6,8,-12,-2,None
0,2,-5,-6,-8,-4,-2,-1,-1,2,14,6,8,-12,-2,None
0,2,-5,-6,-8,-4,-2,-1,-1,2,14,6,8,-12,-2,None
0,2,-5,-6,-8,-4,-2,-1,-1,2,14,6,8,-12,-2,None
0,-2,10,3,-8,-12,-1,0,-1,2,14,6,8,-12,-2,None
0,-2,-6,0,-7,5,0,0,0,2,14,6,8,-12,-2,None
0,-6,-8,-8,-3,-6,-4,-3,-1,2,14,6,8,-12,-2,None
0,1,1,7,8,5,2,3,-1,2,14,6,8,-12,-2,None
0,1,1,7,8,5,2,3,-1,2,14,6,8,-12,-2,None
0,1,1,7,8,5,2,3,-1,2,14,6,8,-12,-2,None
0,-6,-1,-24,32,-7,-2,-4,-4,2,14,6,8,-12,-2,None
0,-2,-5,-4,-51,10,0,1,-1,2,14,6,8,-12,-2,None
0,-3,-3,-2,13,8,-3,-5,-4,2,14,6,8,-12,-2,None
0,2,1,-4,-10,-9,-2,-1,0,2,14,6,8,-12,-2,None
0,2,1,-4,-10,-9,-2,-1,0,2,14,6,8,-12,-2,None
0,2,1,-4,-10,-9,-2,-1,0,2,14,6,8,-12,-2,None
0,0,5,5,4,1,-1,-3,-1,2,14,6,8,-12,-2,None
0,1,-3,3,13,-5,-1,0,0,2,14,6,8,-12,-2,None
0,-2,6,-4,-6,-10,-1,-1,-2,2,14,6,8,-12,-2,None
0,0,-2,-3,-7,4,-2,-3,-2,2,14,6,8,-12,-2,None
0,0,-2,-3,-7,4,-2,-3,-2,2,14,6,8,-12,-2,None
0,0,-2,-3,-7,4,-2,-3,-2,2,14,6,8,-11,-2,None
0,0,4,1,-14,-6,-1,-1,0,2,14,6,8,-11,-2,None
0,-1,-6,1,8,-1,-1,-2,-2,2,14,6,8,-11,-2,None
0,-3,16,-2,-3,0,-2,-1,-1,2,14,6,8,-11,-2,None
0,1,-5,4,-1,-22,-5,-2,-3,2,14,6,8,-11,-2,None
0,1,-5,4,-1,-22,-5,-2,-3,2,14,6,8,-11,-2,None
0,1,-5,4,-1,-22,-5,-2,-3,2,14,6,8,-11,-2,None
0,-18,-9,-9,-21,13,4,0,-1,2,14,6,8,-11,-2,None
0,0,3,2,6,16,0,-3,-2,2,14,6,8,-11,-2,None
0,-4,-7,-3,30,22,0,-4,-1,2,14,6,8,-11,-2,None
0,3,10,-3,-13,-24,-4,1,-3,2,14,6,8,-11,-2,None
0,3,10,-3,-13,-24,-4,1,-3,2,14,6,8,-11,-2,None
0,3,10,-3,-13,-24,-4,1,-3,2,14,6,8,-12,-2,None
0,-4,6,2,-6,-16,-3,-2,-1,2,14,6,8,-12,-2,None
0,-2,-7,-1,8,3,2,-1,-1,2,14,6,8,-12,-2,None
0,2,16,1,10,-13,0,1,1,2,14,6,8,-12,-2,None
0,-8,-32,-7,-21,7,-2,-4,1,2,14,6,8,-12,-2,None
0,-8,-32,-7,-21,7,-2,-4,1,2,14,6,8,-12,-2,None
0,-8,-32,-7,-21,7,-2,-4,1,2,14,6,8,-12,-2,None
0,5,-2,1,-19,-5,-3,-2,-3,2,14,6,8,-12,-2,None
0,1,1,-1,10,1,-3,-4,-3,2,14,6,8,-12,-2,None
0,2,-5,-4,1,0,-3,-1,-2,2,14,6,8,-12,-2,None
0,0,6,-2,11,8,0,-2,-1,2,14,6,8,-12,-2,None
0,0,6,-2,11,8,0,-2,-1,2,14,6,8,-12,-2,None
0,0,6,-2,11,8,0,-2,-1,2,14,6,8,-12,-2,None
0,-1,0,-4,-6,3,-1,0,-3,2,14,6,8,-12,-2,None
0,5,3,6,26,1,1,0,0,2,14,6,8,-12,-2,None
0,3,10,-6,-86,-28,-6,-3,1,2,14,6,8,-12,-2,None
0,-14,-49,-7,-3,16,1,-4,-4,2,14,6,8,-12,-2,None
0,-14,-49,-7,-3,16,1,-4,-4,2,14,6,8,-12,-2,None
0,-14,-49,-7,-3,16,1,-4,-4,2,14,6,8,-12,-2,None
0,5,8,2,12,12,1,-3,-1,2,14,6,8,-12,-2,None
0,-6,3,-5,5,3,1,0,-1,2,14,6,8,-12,-2,None
0,-1,-13,-1,9,-9,0,0,-1,2,14,6,8,-12,-2,None
0,5,21,-1,2,5,1,-1,-2,2,14,6,8,-12,-2,None
0,5,21,-1,2,5,1,-1,-2,2,14,6,8,-12,-2,None
0,5,21,-1,2,5,1,-1,-2,2,14,6,8,-12,-2,None
0,3,1,0,-7,-10,-4,-1,0,2,14,6,8,-12,-2,None
0,-19,-7,-1,-1,-15,0,1,1,2,14,6,8,-12,-2,None
0,36,7,1,7,17,-1,-1,-3,2,14,6,8,-12,-2,None
0,24,9,-8,3,4,0,0,0,2,14,6,8,-12,-2,None
0,24,9,-8,3,4,0,0,0,2,14,6,8,-12,-2,None
0,24,9,-8,3,4,0,0,0,2,14,6,8,-12,-2,None
0,-13,6,7,10,12,5,0,-2,2,14,6,8,-12,-2,None
0,-2,-19,0,2,3,-2,-4,-2,2,14,6,8,-12,-2,None
0,-15,-4,-4,2,-5,-1,0,-2,2,14,6,8,-12,-2,None
0,-1,10,-1,-6,-4,-2,-2,-1,2,14,6,8,-12,-2,None
0,-1,10,-1,-6,-4,-2,-2,-1,2,14,6,8,-12,-2,None
0,-1,10,-1,-6,-4,-2,-2,-1,2,14,6,8,-11,-2,None
0,8,-9,-2,0,-12,-2,-1,0,2,14,6,8,-11,-2,None
0,2,5,-5,-6,0,-3,-3,-2,2,14,6,8,-11,-2,None
0,-6,-2,-3,-4,3,0,-2,-3,2,14,6,8,-11,-2,None
0,-5,1,-2,0,0,0,-1,-1,2,14,6,8,-11,-2,None
0,-5,1,-2,0,0,0,-1,-1,2,14,6,8,-11,-2,None
0,-5,1,-2,0,0,0,-1,-1,2,14,6,8,-11,-2,None
0,-3,8,-4,-8,13,-4,-1,-1,2,14,6,8,-11,-2,None
0,-1,2,1,8,15,-1,-3,-4,2,14,6,8,-11,-2,None
0,-6,0,-5,-5,-2,-2,-3,-1,2,14,6,8,-11,-2,None
0,-6,10,1,13,6,-1,-3,-2,2,14,6,8,-11,-2,None
0,-6,10,1,13,6,-1,-3,-2,2,14,6,8,-11,-2,None
0,-6,10,1,13,6,-1,-3,-2,2,14,6,8,-12,-2,None
0,-2,-1,-6,-20,-8,-3,-2,-1,2,14,6,8,-12,-2,None
0,5,6,-4,-10,-4,-2,0,-1,2,14,6,8,-12,-2,None
0,-4,-6,0,3,-3,-1,-1,-1,2,14,6,8,-12,-2,None
0,-5,3,-1,6,-1,-2,-3,-2,2,14,6,8,-12,-2,None
0,-5,3,-1,6,-1,-2,-3,-2,2,14,6,8,-12,-2,None
0,-5,3,-1,6,-1,-2,-3,-2,2,14,6,8,-11,-2,None
0,1,0,0,3,0,1,-2,-2,2,14,6,8,-11,-2,None
0,2,4,-8,30,-3,-3,-3,-1,2,14,6,8,-11,-2,None
0,-8,-8,-5,-21,-20,-1,1,0,2,14,6,8,-11,-2,None
0,-9,0,-4,-28,22,-1,-2,-3,2,14,6,8,-11,-2,None
0,-9,0,-4,-28,22,-1,-2,-3,2,14,6,8,-11,-2,None
0,-9,0,-4,-28,22,-1,-2,-3,2,14,6,8,-12,-2,None
0,6,1,-4,-19,-2,-2,-4,-3,2,14,6,8,-12,-2,None
0,-1,1,4,5,11,0,-2,-3,2,14,6,8,-12,-2,None
0,-4,5,-4,15,3,1,-2,0,2,14,6,8,-12,-2,None
0,2,3,-3,-10,-21,-3,1,1,2,14,6,8,-12,-2,None
0,2,3,-3,-10,-21,-3,1,1,2,14,6,8,-12,-2,None
0,2,3,-3,-10,-21,-3,1,1,2,14,6,8,-11,-2,None
0,1,-4,1,8,-7,-1,0,0,2,14,6,8,-11,-2,None
0,-1,6,-5,-15,1,-2,-1,0,2,14,6,8,-11,-2,None
0,-3,-1,-2,-5,1,-2,-3,-3,2,14,6,8,-11,-2,None
0,-14,0,3,-2,3,2,-1,0,2,14,6,8,-11,-2,None
0,-14,0,3,-2,3,2,-1,0,2,14,6,8,-11,-2,None
0,-14,0,3,-2,3,2,-1,0,2,14,6,8,-11,-2,None
0,1,25,4,9,6,0,0,-2,2,14,6,8,-11,-2,None
0,-9,-43,-5,-9,-10,0,1,-1,2,14,6,8,-11,-2,None
0,5,1,-1,30,15,-3,-3,-4,2,14,6,8,-11,-2,None
0,-5,0,-2,3,0,-1,-1,-1,2,14,6,8,-11,-2,None
0,-5,0,-2,3,0,-1,-1,-1,2,14,6,8,-11,-2,None
0,-5,0,-2,3,0,-1,-1,-1,2,14,6,8,-12,-2,None
0,0,-1,-5,12,0,-2,-2,0,2,14,6,8,-12,-2,None
0,3,14,0,-21,-15,-2,0,-1,2,14,6,8,-12,-2,None
0,-8,-1,1,4,4,1,-1,-1,2,14,6,8,-12,-2,None
0,0,-2,-3,15,5,-1,-1,-2,2,14,6,8,-12,-2,None
0,0,-2,-3,15,5,-1,-1,-2,2,14,6,8,-12,-2,None
0,0,-2,-3,15,5,-1,-1,-2,2,14,6,8,-11,-2,None
0,0,-1,-2,-6,-5,-2,-1,-1,2,14,6,8,-11,-2,None
0,3,5,0,0,-1,-1,-2,0,2,14,6,8,-11,-2,None
0,-4,-2,-2,-3,4,2,-2,-3,2,14,6,8,-11,-2,None
0,-2,14,-7,3,0,0,0,-1,2,14,6,8,-11,-2,None
0,-2,14,-7,3,0,0,0,-1,2,14,6,8,-11,-2,None
0,-2,14,-7,3,0,0,0,-1,2,14,6,8,-12,-2,None
0,-2,-15,11,-14,-3,-2,-1,-1,2,14,6,8,-12,-2,None
0,-7,0,-6,18,7,-2,-2,-4,2,14,6,8,-12,-2,None
0,0,4,1,1,2,-1,-2,-1,2,14,6,8,-12,-2,None
0,1,-4,-5,5,14,-1,-2,-2,2,14,6,8,-12,-2,None
0,1,-4,-5,5,14,-1,-2,-2,2,14,6,8,-12,-2,None
0,1,-4,-5,5,14,-1,-2,-2,2,14,6,8,-12,-2,None
0,-3,-1,-2,11,3,0,0,-1,2,14,6,8,-12,-2,None
0,3,7,0,-2,-6,-1,-2,0,2,14,6,8,-12,-2,None
0,-4,0,-1,-13,-5,-2,1,0,2,14,6,8,-12,-2,None
0,2,0,4,6,-12,0,-1,-2,2,14,6,8,-12,-2,None
0,2,0,4,6,-12,0,-1,-2,2,14,6,8,-12,-2,None
0,2,0,4,6,-12,0,-1,-2,2,14,6,8,-12,-2,None
0,-1,-2,-5,2,4,-1,-3,-2,2,14,6,8,-12,-2,None
0,2,7,0,-9,-1,-1,-1,-2,2,14,6,8,-12,-2,None
0,-1,2,-1,-6,0,-3,-3,-3,2,14,6,8,-12,-2,None
0,5,-6,-11,9,2,1,-1,0,2,14,6,8,-12,-2,None
0,5,-6,-11,9,2,1,-1,0,2,14,6,8,-12,-2,None
0,5,-6,-11,9,2,1,-1,0,2,14,6,8,-12,-2,None
0,-2,4,-7,-19,5,-2,-1,-4,2,14,6,8,-12,-2,None
0,0,3,2,-23,-7,-2,-2,-3,2,14,6,8,-12,-2,None
0,-4,-2,-2,-2,0,-1,-2,-2,2,14,6,8,-12,-2,None
0,2,1,2,13,15,-1,-2,1,2,14,6,8,-12,-2,None
0,2,1,2,13,15,-1,-2,1,2,14,6,8,-12,-2,None
0,2,1,2,13,15,-1,-2,1,2,14,6,8,-12,-2,None
0,-3,-2,-6,0,-6,-2,-2,0,2,14,6,8,-12,-2,None
0,-1,2,-1,12,2,0,-3,0,2,14,6,8,-12,-2,None
0,-1,1,-2,-3,2,1,0,-1,2,14,6,8,-12,-2,None
0,-2,0,2,-5,-4,-2,-3,-3,2,14,6,8,-12,-2,None
0,-2,0,2,-5,-4,-2,-3,-3,2,14,6,8,-12,-2,None
0,-2,0,2,-5,-4,-2,-3,-3,2,14,6,8,-12,-2,None
0,-1,0,-4,8,1,0,-2,0,2,14,6,8,-12,-2,None
0,-11,0,1,-13,3,0,1,-2,2,14,6,8,-12,-2,None
0,34,0,0,27,8,-2,-3,-3,2,14,6,8,-12,-2,None
0,-9,-27,-1,-44,-9,3,2,-6,2,14,6,8,-12,-2,None
0,-9,-27,-1,-44,-9,3,2,-6,2,14,6,8,-12,-2,None
0,-9,-27,-1,-44,-9,3,2,-6,2,14,6,8,-12,-2,None
0,-3,-1,3,14,15,-2,-2,-2,2,14,6,8,-12,-2,None
0,4,3,-3,-11,-4,-3,-2,-1,2,14,6,8,-12,-2,None
0,-11,-5,-4,-5,-7,0,0,-1,2,14,6,8,-12,-2,None
0,2,9,3,10,-7,-1,-1,-1,2,14,6,8,-12,-2,None
0,2,9,3,10,-7,-1,-1,-1,2,14,6,8,-12,-2,None
0,2,9,3,10,-7,-1,-1,-1,2,14,6,8,-12,-2,None
0,2,1,-1,1,-5,-2,-1,-1,2,14,6,8,-12,-2,None
0,-6,-4,-10,-2,1,2,-1,-1,2,14,6,8,-12,-2,None
0,-11,3,4,6,6,-2,-1,-2,2,14,6,8,-12,-2,None
0,2,9,-1,1,2,-2,-2,-1,2,14,6,8,-12,-2,None
0,2,9,-1,1,2,-2,-2,-1,2,14,6,8,-12,-2,None
0,2,9,-1,1,2,-2,-2,-1,2,14,6,8,-11,-2,None
0,-7,-2,-4,-16,1,0,-2,-2,2,14,6,8,-11,-2,None
0,2,6,-4,0,1,-2,-2,-1,2,14,6,8,-11,-2,None
0,-7,-2,-4,2,5,0,-2,-1,2,14,6,8,-11,-2,None
0,1,3,-1,3,3,-3,-2,-3,2,14,6,8,-11,-2,None
0,1,3,-1,3,3,-3,-2,-3,2,14,6,8,-11,-2,None
0,1,3,-1,3,3,-3,-2,-3,2,14,6,8,-11,-2,None
0,3,-3,-1,-1,-5,2,1,0,2,14,6,8,-11,-2,None
0,1,-1,2,1,-2,-2,-1,0,2,14,6,8,-11,-2,None
0,4,30,-7,-2,0,-1,-1,-1,2,14,6,8,-11,-2,None
0,-6,-22,2,37,13,2,1,0,2,14,6,8,-11,-2,None
0,-6,-22,2,37,13,2,1,0,2,14,6,8,-11,-2,None
0,-6,-22,2,37,13,2,1,0,2,14,6,8,-11,-2,None
0,-4,2,3,2,-1,-3,-3,-3,2,14,6,8,-11,-2,None
0,2,1,1,15,8,0,-1,-1,2,14,6,8,-11,-2,None
0,-4,2,-5,-12,2,-2,-2,-1,2,14,6,8,-11,-2,None
0,0,9,-1,6,-2,0,-1,0,2,14,6,8,-11,-2,None
0,0,9,-1,6,-2,0,-1,0,2,14,6,8,-11,-2,None
0,0,9,-1,6,-2,0,-1,0,2,14,6,8,-12,-2,None
0,-24,0,-1,5,-5,0,-2,1,2,14,6,8,-12,-2,None
0,18,-2,4,3,9,0,-1,-2,2,14,6,8,-12,-2,None
0,-5,6,0,4,-9,-2,-1,-2,2,14,6,8,-12,-2,None
0,2,8,-3,-21,-13,-2,-2,-3,2,14,6,8,-12,-2,None
0,2,8,-3,-21,-13,-2,-2,-3,2,14,6,8,-12,-2,None
0,2,8,-3,-21,-13,-2,-2,-3,2,14,6,8,-12,-2,None
0,-4,-7,-3,11,4,0,-1,0,2,14,6,8,-12,-2,None
0,-10,4,-7,-16,-5,-1,-1,-2,2,14,6,8,-12,-2,None
0,0,-9,-1,-14,0,-1,-2,-1,2,14,6,8,-12,-2,None
0,-1,2,4,2,-11,-4,0,-1,2,14,6,8,-12,-2,None
0,-1,2,4,2,-11,-4,0,-1,2,14,6,8,-12,-2,None
0,-1,2,4,2,-11,-4,0,-1,2,14,6,8,-12,-2,None
0,6,11,0,-33,-9,-2,-2,-3,2,14,6,8,-12,-2,None
0,-2,3,0,12,-8,-2,-1,-2,2,14,6,8,-12,-2,None
0,-1,-7,0,6,9,2,-1,-2,2,14,6,8,-12,-2,None
0,-3,3,2,-3,-1,-1,-1,-1,2,14,6,8,-12,-2,None
0,-3,3,2,-3,-1,-1,-1,-1,2,14,6,8,-12,-2,None
0,-3,3,2,-3,-1,-1,-1,-1,2,14,6,8,-11,-2,None
0,4,-5,-2,10,-2,-3,0,0,2,14,6,8,-11,-2,None
0,-1,-3,-3,-7,0,-2,-1,-3,2,14,6,8,-11,-2,None
0,-4,-4,0,-8,-8,-2,-1,0,2,14,6,8,-11,-2,None
0,-1,5,-4,-9,-1,-3,-3,1,2,14,6,8,-11,-2,None
0,-1,5,-4,-9,-1,-3,-3,1,2,14,6,8,-11,-2,None
0,-1,5,-4,-9,-1,-3,-3,1,2,14,6,8,-11,-2,None
0,-2,-6,-6,-3,-1,3,2,-5,2,14,6,8,-11,-2,None
0,1,1,1,23,48,3,-1,0,2,14,6,8,-11,-2,None
0,-3,0,-9,-39,-15,-2,-3,-1,2,14,6,8,-11,-2,None
0,1,6,-4,-4,-3,-3,-1,-1,2,14,6,8,-11,-2,None
0,1,6,-4,-4,-3,-3,-1,-1,2,14,6,8,-11,-2,None
0,1,6,-4,-4,-3,-3,-1,-1,2,14,6,8,-12,-2,None
0,5,3,-4,-8,-8,-2,-2,0,2,14,6,8,-12,-2,None
