0,-2,0,21,-9,37,-18,-20,0,2,14,6,9,-16,-4,None
0,0,0,-2,-3,2,-10,1,-2,2,14,6,9,-16,-4,None
0,-6,-3,5,-17,20,-22,-25,-7,2,14,6,9,-16,-4,None
0,-6,-3,5,-17,20,-22,-25,-7,2,14,6,9,-16,-4,None
0,-6,-3,5,-17,20,-22,-25,-7,2,14,6,6,-17,-5,None
0,0,3,-2,1,-12,62,-6,3,2,14,6,6,-17,-5,None
0,-3,-5,-35,-4,-17,45,14,3,2,14,6,6,-17,-5,None
0,-4,-3,2,-1,-16,7,21,-3,2,14,6,6,-17,-5,None
0,2,-1,-7,-16,6,-27,-19,-1,2,14,6,6,-17,-5,None
0,2,-1,-7,-16,6,-27,-19,-1,2,14,6,6,-17,-5,None
0,2,-1,-7,-16,6,-27,-19,-1,2,14,6,5,-17,-4,None
0,0,5,5,17,15,5,-5,-6,2,14,6,5,-17,-4,None
0,-5,0,14,-14,5,-23,-6,-4,2,14,6,5,-17,-4,None
0,-2,-2,-8,-13,-36,-2,-55,-2,2,14,6,5,-17,-4,None
0,5,3,10,-12,-1,28,88,15,2,14,6,5,-17,-4,None
0,5,3,10,-12,-1,28,88,15,1,14,6,5,-17,-4,None
0,5,3,10,-12,-1,28,88,15,1,14,6,3,-17,-5,None
0,0,1,-6,-9,-6,32,-29,0,1,14,6,3,-17,-5,None
0,-1,-1,-1,7,11,-30,-1,-5,1,14,6,3,-17,-5,None
0,-4,-2,7,2,22,-14,-24,-8,1,14,6,3,-17,-5,None
0,-3,-4,1,-9,-5,-6,-11,-6,1,14,6,3,-17,-5,None
0,-3,-4,1,-9,-5,-6,-11,-6,1,13,6,3,-17,-5,None
0,-3,-4,1,-9,-5,-6,-11,-6,1,13,6,1,-17,-5,None
0,1,0,-1,16,-11,-14,1,-1,1,13,6,1,-17,-5,None
0,0,11,-3,-15,26,-4,-10,1,1,13,6,1,-17,-5,None
0,-4,-51,0,-13,2,-3,14,-2,1,13,6,1,-17,-5,None
0,0,20,0,-21,-32,-15,-23,-4,1,13,6,1,-17,-5,None
0,0,20,0,-21,-32,-15,-23,-4,1,13,6,1,-17,-5,None
0,0,20,0,-21,-32,-15,-23,-4,1,13,6,0,-18,-5,None
0,-10,-35,-4,20,23,14,15,2,1,13,6,0,-18,-5,None
0,27,20,7,30,-51,-20,-24,-8,1,13,6,0,-18,-5,None
0,-1,34,8,66,97,7,17,-3,1,13,6,0,-18,-5,None
0,-30,-39,-36,-105,-111,20,6,2,1,13,6,0,-18,-5,None
0,-30,-39,-36,-105,-111,20,6,2,0,13,5,0,-18,-5,None
0,-30,-39,-36,-105,-111,20,6,2,0,13,5,-1,-17,-4,None
0,-13,-29,4,66,34,-15,-18,-3,0,13,5,-1,-17,-4,None
0,-1,11,10,52,119,27,22,9,0,13,5,-1,-17,-4,None
0,-1,12,3,-18,-77,-30,1,5,0,13,5,-1,-17,-4,None
0,49,9,-4,-19,-59,3,-27,-11,0,13,5,-1,-17,-4,None
0,49,9,-4,-19,-59,3,-27,-11,0,12,5,-1,-17,-4,None
0,49,9,-4,-19,-59,3,-27,-11,0,12,5,-2,-15,-3,None
0,29,26,4,39,69,19,16,9,0,12,5,-2,-15,-3,None
0,-81,-24,-19,-34,25,-37,-16,-10,0,12,5,-2,-15,-3,None
0,8,9,-2,60,75,12,20,4,0,12,5,-2,-15,-3,None
0,-52,1,21,-37,-42,-12,-21,-8,0,12,5,-2,-15,-3,None
0,-52,1,21,-37,-42,-12,-21,-8,17,12,5,-2,-15,-3,None
0,-52,1,21,-37,-42,-12,-21,-8,17,12,5,-3,-13,-3,None
0,2,-1,-3,-128,-54,25,9,3,17,12,5,-3,-13,-3,None
0,-3,-9,28,24,69,0,10,0,17,12,5,-3,-13,-3,None
0,23,-5,-19,-39,-115,-23,-5,0,17,12,5,-3,-13,-3,None
0,-14,-7,35,112,92,3,6,7,17,12,5,-3,-13,-3,None
0,-14,-7,35,112,92,3,6,7,16,11,5,-3,-13,-3,None
0,-14,-7,35,112,92,3,6,7,16,11,5,-4,-12,-3,None
0,41,15,-23,9,33,-2,-8,4,16,11,5,-4,-12,-3,None
0,-50,5,26,56,16,-14,-35,-49,16,11,5,-4,-12,-3,None
0,44,-1,-12,-14,27,24,34,23,16,11,5,-4,-12,-3,None
0,4,-27,-55,30,100,28,12,-1,16,11,5,-4,-12,-3,None
0,4,-27,-55,30,100,28,12,-1,16,11,5,-4,-12,-3,None
0,4,-27,-55,30,100,28,12,-1,16,11,5,-4,-13,-2,None
0,21,49,-1,-68,-41,-37,-11,-3,16,11,5,-4,-13,-2,None
0,11,-33,-44,73,7,14,-11,21,16,11,5,-4,-13,-2,None
0,46,-10,29,91,100,22,17,-19,16,11,5,-4,-13,-2,None
0,30,15,-13,87,67,-67,-14,-4,16,11,5,-4,-13,-2,None
0,30,15,-13,87,67,-67,-14,-4,15,11,5,-4,-13,-2,None
0,30,15,-13,87,67,-67,-14,-4,15,11,5,-5,-12,-3,None
0,-12,-9,0,-52,104,11,15,11,15,11,5,-5,-12,-3,None
0,-21,34,22,43,-24,-5,-25,-12,15,11,5,-5,-12,-3,None
0,-34,-1,23,-56,92,1,-1,-2,15,11,5,-5,-12,-3,None
0,55,-9,-28,-30,-58,11,-9,12,15,11,5,-5,-12,-3,None
0,55,-9,-28,-30,-58,11,-9,12,15,10,6,-5,-12,-3,None
0,55,-9,-28,-30,-58,11,-9,12,15,10,6,-6,-11,-3,None
0,-63,-2,16,31,-35,-18,-16,-29,15,10,6,-6,-11,-3,None
0,32,8,-2,-14,-59,-8,17,-9,15,10,6,-6,-11,-3,None
0,-34,-3,-57,-74,-60,-5,-19,4,15,10,6,-6,-11,-3,None
0,14,7,-29,25,-53,23,9,-20,15,10,6,-6,-11,-3,None
0,14,7,-29,25,-53,23,9,-20,15,10,6,-6,-11,-3,None
0,14,7,-29,25,-53,23,9,-20,15,10,6,-6,-11,-2,None
0,22,-5,-42,-79,-84,-9,-21,5,15,10,6,-6,-11,-2,None
0,30,-6,-2,-101,46,0,1,-5,15,10,6,-6,-11,-2,None
0,-33,10,2,59,-35,-5,-10,-24,15,10,6,-6,-11,-2,None
0,23,13,25,32,-14,4,18,51,15,10,6,-6,-11,-2,None
0,23,13,25,32,-14,4,18,51,14,10,6,-6,-11,-2,None
0,23,13,25,32,-14,4,18,51,14,10,6,-5,-10,-2,None
0,-23,13,-11,57,16,-5,-5,1,14,10,6,-5,-10,-2,None
0,42,-75,-45,15,-7,8,19,-26,14,10,6,-5,-10,-2,None
0,-11,2,-30,-61,-25,-15,-19,8,14,10,6,-5,-10,-2,None
0,-25,19,25,-6,-22,7,2,-5,14,10,6,-5,-10,-2,None
0,-25,19,25,-6,-22,7,2,-5,14,10,6,-5,-10,-2,None
0,-25,19,25,-6,-22,7,2,-5,14,10,6,-5,-10,-2,None
0,10,20,12,127,11,1,-14,-30,14,10,6,-5,-10,-2,None
0,-33,-4,-22,-99,-103,7,17,31,14,10,6,-5,-10,-2,None
0,-24,25,4,1,-68,-21,-8,-8,14,10,6,-5,-10,-2,None
0,-17,-33,-20,-7,85,-10,-3,1,14,10,6,-5,-10,-2,None
0,-17,-33,-20,-7,85,-10,-3,1,14,9,6,-5,-10,-2,None
0,-17,-33,-20,-7,85,-10,-3,1,14,9,6,-5,-10,-1,None
0,22,2,-19,-85,58,22,19,-2,14,9,6,-5,-10,-1,None
0,-8,3,-61,-12,31,-14,-11,6,14,9,6,-5,-10,-1,None
0,6,2,-39,75,124,10,-9,-11,14,9,6,-5,-10,-1,None
0,-18,-12,0,-64,-37,-19,-8,-18,14,9,6,-5,-10,-1,None
0,-18,-12,0,-64,-37,-19,-8,-18,14,9,6,-5,-10,-1,None
0,-18,-12,0,-64,-37,-19,-8,-18,14,9,6,-5,-10,-1,None
0,-8,-23,25,-27,-85,-20,-8,10,14,9,6,-5,-10,-1,None
0,6,47,37,63,-67,-7,-7,-12,14,9,6,-5,-10,-1,None
0,15,-9,-14,-17,44,32,19,20,14,9,6,-5,-10,-1,None
0,-4,18,95,43,127,-8,-16,-9,14,9,6,-5,-10,-1,None
0,-4,18,95,43,127,-8,-16,-9,14,9,6,-5,-10,-1,None
0,-4,18,95,43,127,-8,-16,-9,14,9,6,-6,-10,-1,None
0,-30,-13,-75,34,-13,-12,0,5,14,9,6,-6,-10,-1,None
0,78,15,12,8,-54,-10,-9,-2,14,9,6,-6,-10,-1,None
0,-67,7,40,-9,-83,-5,16,-3,14,9,6,-6,-10,-1,None
0,-87,-1,-19,84,-25,18,-6,-10,14,9,6,-6,-10,-1,None
0,-87,-1,-19,84,-25,18,-6,-10,14,9,6,-6,-10,-1,None
0,-87,-1,-19,84,-25,18,-6,-10,14,9,6,-6,-10,-1,None
0,4,4,2,19,36,-7,-3,1,14,9,6,-6,-10,-1,None
0,-7,13,27,-112,-81,-14,4,9,14,9,6,-6,-10,-1,None
0,40,-23,-18,35,121,10,-9,-5,14,9,6,-6,-10,-1,None
0,25,-18,-11,-13,-22,-1,-4,3,14,9,6,-6,-10,-1,None
0,25,-18,-11,-13,-22,-1,-4,3,13,9,6,-6,-10,-1,None
0,25,-18,-11,-13,-22,-1,-4,3,13,9,6,-6,-11,-1,None
0,1,10,1,41,28,7,8,-4,13,9,6,-6,-11,-1,None
0,-20,13,-19,-25,85,7,10,9,13,9,6,-6,-11,-1,None
0,-1,9,35,0,-42,-19,-12,-11,13,9,6,-6,-11,-1,None
0,-12,22,-17,-58,-5,-4,-3,0,13,9,6,-6,-11,-1,None
0,-12,22,-17,-58,-5,-4,-3,0,13,9,6,-6,-11,-1,None
0,-12,22,-17,-58,-5,-4,-3,0,13,9,6,-6,-10,0,None
0,7,-21,-23,-118,-35,-1,3,3,13,9,6,-6,-10,0,None
0,2,11,4,15,36,25,7,11,13,9,6,-6,-10,0,None
0,18,-30,3,37,-74,-7,-1,3,13,9,6,-6,-10,0,None
0,40,12,-4,9,24,6,-2,-10,13,9,6,-6,-10,0,None
0,40,12,-4,9,24,6,-2,-10,13,9,6,-6,-10,0,None
0,40,12,-4,9,24,6,-2,-10,13,9,6,-7,-10,0,None
0,-101,-5,28,1,30,-12,-6,-4,13,9,6,-7,-10,0,None
0,32,-2,-2,32,42,9,0,0,13,9,6,-7,-10,0,None
0,-10,-33,-54,-79,-60,-14,-9,-3,13,9,6,-7,-10,0,None
0,-13,-1,-4,-19,25,-14,-10,-9,13,9,6,-7,-10,0,None
0,-13,-1,-4,-19,25,-14,-10,-9,13,9,6,-7,-10,0,None
0,-13,-1,-4,-19,25,-14,-10,-9,13,9,6,-7,-9,0,None
0,-17,29,12,54,-35,-10,-39,-33,13,9,6,-7,-9,0,None
0,7,-18,13,52,94,19,39,41,13,9,6,-7,-9,0,None
0,9,28,-9,13,-10,16,11,10,13,9,6,-7,-9,0,None
0,26,1,52,-21,-42,1,7,15,13,9,6,-7,-9,0,None
0,26,1,52,-21,-42,1,7,15,13,9,6,-7,-9,0,None
0,26,1,52,-21,-42,1,7,15,13,9,6,-8,-11,0,None
0,-24,-8,30,-15,-39,-14,-25,-18,13,9,6,-8,-11,0,None
0,-100,-14,-1,-22,-32,-16,-1,-32,13,9,6,-8,-11,0,None
0,60,40,69,20,-4,3,5,57,13,9,6,-8,-11,0,None
0,2,-7,-28,-11,16,6,-10,-22,13,9,6,-8,-11,0,None
0,2,-7,-28,-11,16,6,-10,-22,13,9,6,-8,-11,0,None
0,2,-7,-28,-11,16,6,-10,-22,13,9,6,-9,-11,0,None
0,40,3,34,-62,-28,-5,14,13,13,9,6,-9,-11,0,None
0,0,-5,-17,38,7,-3,-8,-1,13,9,6,-9,-11,0,None
0,-12,-11,36,55,12,-10,-3,-21,13,9,6,-9,-11,0,None
0,13,6,-36,-68,-38,-5,-8,-12,13,9,6,-9,-11,0,None
0,13,6,-36,-68,-38,-5,-8,-12,13,9,6,-9,-11,0,None
0,13,6,-36,-68,-38,-5,-8,-12,13,9,6,-9,-10,0,None
0,18,7,-56,34,5,22,14,12,13,9,6,-9,-10,0,None
0,5,-4,0,-55,-59,5,4,0,13,9,6,-9,-10,0,None
0,24,3,-16,-42,20,-3,-22,-21,13,9,6,-9,-10,0,None
0,2,1,10,64,51,16,4,2,13,9,6,-9,-10,0,None
0,2,1,10,64,51,16,4,2,13,9,6,-9,-10,0,None
0,2,1,10,64,51,16,4,2,13,9,6,-9,-10,0,None
0,14,-11,-64,-49,-77,-21,3,-2,13,9,6,-9,-10,0,None
0,6,7,30,-1,-9,-4,-5,3,13,9,6,-9,-10,0,None
0,-20,40,-23,38,7,-3,-6,-17,13,9,6,-9,-10,0,None
0,21,-33,1,-15,3,-5,-2,4,13,9,6,-9,-10,0,None
0,21,-33,1,-15,3,-5,-2,4,13,9,6,-9,-10,0,None
0,21,-33,1,-15,3,-5,-2,4,13,9,6,-10,-11,0,None
0,19,11,52,86,53,19,14,7,13,9,6,-10,-11,0,None
0,-42,-18,-10,-59,-29,-20,-17,-26,13,9,6,-10,-11,0,None
0,-26,3,-8,-65,-26,10,5,11,13,9,6,-10,-11,0,None
0,-5,16,-19,21,-17,-18,3,4,13,9,6,-10,-11,0,None
0,-5,16,-19,21,-17,-18,3,4,13,9,6,-10,-11,0,None
0,-5,16,-19,21,-17,-18,3,4,13,9,6,-10,-11,0,None
0,-1,-9,6,-26,1,-9,-3,4,13,9,6,-10,-11,0,None
0,17,-15,7,49,-7,-6,-13,-8,13,9,6,-10,-11,0,None
0,-33,-11,-6,22,-32,9,7,-6,13,9,6,-10,-11,0,None
0,-43,5,-1,-36,-52,-10,-6,-3,13,9,6,-10,-11,0,None
0,-43,5,-1,-36,-52,-10,-6,-3,13,9,6,-10,-11,0,None
0,-43,5,-1,-36,-52,-10,-6,-3,13,9,6,-10,-11,0,None
0,17,-14,13,28,-29,15,9,2,13,9,6,-10,-11,0,None
0,21,26,-19,50,62,-4,-12,6,13,9,6,-10,-11,0,None
0,1,-34,1,-80,-1,-4,6,-25,13,9,6,-10,-11,0,None
0,-7,9,16,83,15,9,4,5,13,9,6,-10,-11,0,None
0,-7,9,16,83,15,9,4,5,13,9,6,-10,-11,0,None
0,-7,9,16,83,15,9,4,5,13,9,6,-10,-10,0,None
0,11,21,-31,61,16,3,4,8,13,9,6,-10,-10,0,None
0,5,0,17,65,30,14,8,10,13,9,6,-10,-10,0,None
0,-46,-14,-5,-12,-31,-12,-9,-9,13,9,6,-10,-10,0,None
0,25,41,2,-28,-60,0,-2,3,13,9,6,-10,-10,0,None
0,25,41,2,-28,-60,0,-2,3,13,9,6,-10,-10,0,None
0,25,41,2,-28,-60,0,-2,3,13,9,6,-10,-10,0,None
0,37,-16,18,27,37,-1,3,-4,13,9,6,-10,-10,0,None
0,20,-8,-19,-48,12,2,-7,-5,13,9,6,-10,-10,0,None
0,5,2,-15,-31,-8,4,7,7,13,9,6,-10,-10,0,None
0,26,3,-8,54,22,1,3,-1,13,9,6,-10,-10,0,None
0,26,3,-8,54,22,1,3,-1,13,9,6,-10,-10,0,None
0,26,3,-8,54,22,1,3,-1,13,9,6,-10,-10,0,None
0,-21,-10,14,-14,-3,-1,-3,0,13,9,6,-10,-10,0,None
0,-4,-11,-39,-68,-36,-8,-6,-3,13,9,6,-10,-10,0,None
0,5,14,34,19,29,-4,-2,-5,13,9,6,-10,-10,0,None
0,4,-8,9,7,10,-4,0,1,13,9,6,-10,-10,0,None
0,4,-8,9,7,10,-4,0,1,13,9,6,-10,-10,0,None
0,4,-8,9,7,10,-4,0,1,13,9,6,-10,-10,0,None
0,3,-6,-8,5,18,33,2,3,13,9,6,-10,-10,0,None
0,-3,16,-11,54,45,-1,0,1,13,9,6,-10,-10,0,None
0,3,-8,0,18,6,-8,-2,-2,13,9,6,-10,-10,0,None
0,-18,1,9,-29,17,-4,-7,-5,13,9,6,-10,-10,0,None
0,-18,1,9,-29,17,-4,-7,-5,13,9,6,-10,-10,0,None
0,-18,1,9,-29,17,-4,-7,-5,13,9,6,-10,-10,0,None
0,-11,-4,-13,16,14,-17,-4,-7,13,9,6,-10,-10,0,None
0,-8,8,-12,-39,-27,20,10,3,13,9,6,-10,-10,0,None
0,1,5,15,15,22,0,-3,3,13,9,6,-10,-10,0,None
0,-10,-8,-3,-9,10,2,-3,-4,13,9,6,-10,-10,0,None
0,-10,-8,-3,-9,10,2,-3,-4,13,9,6,-10,-10,0,None
0,-10,-8,-3,-9,10,2,-3,-4,13,9,6,-10,-10,0,None
0,-6,4,6,-38,-7,-15,-6,-4,13,9,6,-10,-10,0,None
0,9,0,8,9,-8,-1,-2,2,13,9,6,-10,-10,0,None
0,3,-4,-9,16,23,-36,-12,-6,13,9,6,-10,-10,0,None
0,-6,-8,-27,-35,-1,43,13,3,13,9,6,-10,-10,0,None
0,-6,-8,-27,-35,-1,43,13,3,13,9,6,-10,-10,0,None
0,-6,-8,-27,-35,-1,43,13,3,13,9,6,-9,-10,0,None
0,-2,3,19,-1,16,21,6,-1,13,9,6,-9,-10,0,None
0,-2,-3,-21,35,-4,3,-3,-2,13,9,6,-9,-10,0,None
0,3,1,0,-10,23,8,2,1,13,9,6,-9,-10,0,None
0,-13,-1,-13,-27,-1,-21,-11,-8,13,9,6,-9,-10,0,None
0,-13,-1,-13,-27,-1,-21,-11,-8,13,9,6,-9,-10,0,None
0,-13,-1,-13,-27,-1,-21,-11,-8,13,9,6,-9,-10,0,None
0,-4,1,-10,27,9,-28,-9,-5,13,9,6,-9,-10,0,None
0,0,0,14,-27,-15,20,15,4,13,9,6,-9,-10,0,None
0,-2,3,6,-10,0,0,-3,0,13,9,6,-9,-10,0,None
0,4,2,-4,-13,4,10,-2,1,13,9,6,-9,-10,0,None
0,4,2,-4,-13,4,10,-2,1,13,9,6,-9,-10,0,None
0,4,2,-4,-13,4,10,-2,1,13,9,6,-8,-10,0,None
0,-3,-4,-11,25,10,-6,-4,-3,13,9,6,-8,-10,0,None
0,-2,1,23,10,5,-20,-8,-2,13,9,6,-8,-10,0,None
0,-2,-5,-20,8,6,-28,-2,-3,13,9,6,-8,-10,0,None
0,0,16,17,-7,29,-4,-4,-3,13,9,6,-8,-10,0,None
0,0,16,17,-7,29,-4,-4,-3,13,9,6,-8,-10,0,None
0,0,16,17,-7,29,-4,-4,-3,13,9,6,-7,-10,0,None
0,9,-12,-15,-12,-2,11,0,3,13,9,6,-7,-10,0,None
0,-14,-14,-38,2,-6,-1,0,10,13,9,6,-7,-10,0,None
0,1,4,20,6,12,10,-1,-10,13,9,6,-7,-10,0,None
0,-12,2,13,20,-10,-14,-6,-8,13,9,6,-7,-10,0,None
0,-12,2,13,20,-10,-14,-6,-8,13,9,6,-7,-10,0,None
0,-12,2,13,20,-10,-14,-6,-8,13,9,6,-6,-10,0,None
0,-13,-5,3,-21,-14,-6,-3,-7,13,9,6,-6,-10,0,None
0,13,19,-6,14,10,-8,-4,1,13,9,6,-6,-10,0,None
0,9,-9,6,14,34,-28,-6,5,13,9,6,-6,-10,0,None
0,-10,24,21,-10,-56,43,5,1,13,9,6,-6,-10,0,None
0,-10,24,21,-10,-56,43,5,1,14,9,6,-6,-10,0,None
0,-10,24,21,-10,-56,43,5,1,14,9,6,-6,-10,0,None
0,-1,-22,-18,-26,-2,-13,-3,-7,14,9,6,-6,-10,0,None
0,-5,-18,8,6,9,3,-8,-4,14,9,6,-6,-10,0,None
0,10,9,-5,4,-7,10,0,5,14,9,6,-6,-10,0,None
0,-17,-1,0,-9,8,-22,-6,-11,14,9,6,-6,-10,0,None
0,-17,-1,0,-9,8,-22,-6,-11,14,9,6,-6,-10,0,None
0,-17,-1,0,-9,8,-22,-6,-11,14,9,6,-6,-10,0,None
0,5,22,21,2,-11,-1,-1,2,14,9,6,-6,-10,0,None
0,-9,-25,4,-6,-4,3,1,-2,14,9,6,-6,-10,0,None
0,1,2,-35,13,-4,8,0,0,14,9,6,-6,-10,0,None
0,6,-1,-2,-10,9,-21,-7,2,14,9,6,-6,-10,0,None
0,6,-1,-2,-10,9,-21,-7,2,14,9,6,-6,-10,0,None
0,6,-1,-2,-10,9,-21,-7,2,14,9,6,-6,-11,0,None
0,0,7,10,5,7,16,4,2,14,9,6,-6,-11,0,None
0,5,12,26,12,4,-7,-3,-4,14,9,6,-6,-11,0,None
0,-7,18,5,-16,-14,15,2,-2,14,9,6,-6,-11,0,None
0,-8,-49,-32,3,4,-10,-4,-3,14,9,6,-6,-11,0,None
0,-8,-49,-32,3,4,-10,-4,-3,14,9,6,-6,-11,0,None
0,-8,-49,-32,3,4,-10,-4,-3,14,9,6,-5,-11,0,None
0,-7,11,-5,-2,6,-3,0,1,14,9,6,-5,-11,0,None
0,11,15,16,12,-1,-2,-2,-2,14,9,6,-5,-11,0,None
0,-14,-12,12,0,-10,3,-2,-4,14,9,6,-5,-11,0,None
0,-6,1,-12,4,5,0,-1,0,14,9,6,-5,-11,0,None
0,-6,1,-12,4,5,0,-1,0,14,9,6,-5,-11,0,None
0,-6,1,-12,4,5,0,-1,0,14,9,6,-5,-11,-1,None
0,19,2,8,-3,4,-1,-2,1,14,9,6,-5,-11,-1,None
0,1,8,-21,-8,-1,-6,-4,-5,14,9,6,-5,-11,-1,None
0,-4,-16,-10,1,-7,4,0,-1,14,9,6,-5,-11,-1,None
0,1,-3,-10,-2,10,-5,-1,-1,14,9,6,-5,-11,-1,None
0,1,-3,-10,-2,10,-5,-1,-1,14,10,6,-5,-11,-1,None
0,1,-3,-10,-2,10,-5,-1,-1,14,10,6,-5,-12,-2,None
0,-8,14,-2,4,-1,-1,-3,-2,14,10,6,-5,-12,-2,None
0,-3,-13,-4,-10,-1,-5,-2,0,14,10,6,-5,-12,-2,None
0,3,4,-16,-3,-3,5,-1,-2,14,10,6,-5,-12,-2,None
0,3,3,0,-1,4,1,1,0,14,10,6,-5,-12,-2,None
0,3,3,0,-1,4,1,1,0,15,10,6,-5,-12,-2,None
0,3,3,0,-1,4,1,1,0,15,10,6,-4,-12,-3,None
0,4,5,9,0,-1,-2,1,2,15,10,6,-4,-12,-3,None
0,-20,1,7,-2,1,3,0,-2,15,10,6,-4,-12,-3,None
0,-2,0,-14,-5,-2,-1,-1,-9,15,10,6,-4,-12,-3,None
0,4,2,-8,2,3,-5,-1,-1,15,10,6,-4,-12,-3,None
0,4,2,-8,2,3,-5,-1,-1,15,10,5,-4,-12,-3,None
0,4,2,-8,2,3,-5,-1,-1,15,10,5,-4,-13,-3,None
0,-5,1,14,21,2,-2,-3,-3,15,10,5,-4,-13,-3,None
0,5,4,10,4,7,-6,-1,-1,15,10,5,-4,-13,-3,None
0,-2,-3,-15,-22,-3,10,0,2,15,10,5,-4,-13,-3,None
0,0,6,-12,-4,-3,-4,0,0,15,10,5,-4,-13,-3,None
0,0,6,-12,-4,-3,-4,0,0,15,10,5,-4,-13,-3,None
0,0,6,-12,-4,-3,-4,0,0,15,10,5,-4,-13,-4,None
0,1,-6,1,33,6,-2,0,-2,15,10,5,-4,-13,-4,None
0,-1,-1,-9,-6,4,6,0,-1,15,10,5,-4,-13,-4,None
0,0,6,-1,11,2,-7,-2,-3,15,10,5,-4,-13,-4,None
0,5,-1,-4,-3,-6,-18,-3,1,15,10,5,-4,-13,-4,None
0,5,-1,-4,-3,-6,-18,-3,1,16,11,5,-4,-13,-4,None
0,5,-1,-4,-3,-6,-18,-3,1,16,11,5,-4,-14,-4,None
0,-7,-4,-15,-15,8,17,1,-1,16,11,5,-4,-14,-4,None
0,-1,3,11,14,-5,-2,1,0,16,11,5,-4,-14,-4,None
0,0,2,-3,14,7,5,-2,-1,16,11,5,-4,-14,-4,None
0,1,0,1,-1,3,-13,-7,-2,16,11,5,-4,-14,-4,None
0,1,0,1,-1,3,-13,-7,-2,16,11,5,-4,-14,-4,None
0,1,0,1,-1,3,-13,-7,-2,16,11,5,-4,-14,-4,None
0,-4,-5,3,0,-1,-4,0,-3,16,11,5,-4,-14,-4,None
0,0,6,-14,-15,4,-2,-3,-1,16,11,5,-4,-14,-4,None
0,1,2,8,-1,-4,-2,-1,0,16,11,5,-4,-14,-4,None
0,-3,-5,1,6,3,1,-1,-1,16,11,5,-4,-14,-4,None
0,-3,-5,1,6,3,1,-1,-1,17,12,5,-4,-14,-4,None
0,-3,-5,1,6,3,1,-1,-1,17,12,5,-4,-14,-5,None
0,-4,1,-18,-6,-6,3,-1,-2,17,12,5,-4,-14,-5,None
0,6,5,-10,4,4,4,1,1,17,12,5,-4,-14,-5,None
0,-4,-1,14,41,-4,-2,1,0,17,12,5,-4,-14,-5,None
0,-2,0,20,-30,-20,-3,-6,-4,17,12,5,-4,-14,-5,None
0,-2,0,20,-30,-20,-3,-6,-4,17,12,5,-4,-14,-5,None
0,-2,0,20,-30,-20,-3,-6,-4,17,12,5,-3,-14,-4,None
0,-3,-3,-23,-20,20,8,5,-1,17,12,5,-3,-14,-4,None
0,-2,2,19,5,2,-11,-3,-2,17,12,5,-3,-14,-4,None
0,2,1,17,32,2,0,0,5,17,12,5,-3,-14,-4,None
0,-2,-1,0,-5,2,8,0,-5,17,12,5,-3,-14,-4,None
0,-2,-1,0,-5,2,8,0,-5,17,12,5,-3,-14,-4,None
0,-2,-1,0,-5,2,8,0,-5,17,12,5,-3,-15,-4,None
0,-1,-2,3,-21,2,-4,-6,-2,17,12,5,-3,-15,-4,None
0,0,2,2,-32,-1,5,2,0,17,12,5,-3,-15,-4,None
0,-3,0,-7,-20,-15,-5,-4,-1,17,12,5,-3,-15,-4,None
0,1,0,-1,65,29,4,3,-2,17,12,5,-3,-15,-4,None
0,1,0,-1,65,29,4,3,-2,0,13,5,-3,-15,-4,None
0,1,0,-1,65,29,4,3,-2,0,13,5,-3,-15,-4,None
0,-1,3,8,-22,-41,-11,-2,3,0,13,5,-3,-15,-4,None
0,4,3,-5,63,33,10,3,3,0,13,5,-3,-15,-4,None
0,-3,-2,-7,17,-22,-11,-4,-1,0,13,5,-3,-15,-4,None
0,1,-4,-17,-45,-27,-4,-2,1,0,13,5,-3,-15,-4,None
0,1,-4,-17,-45,-27,-4,-2,1,0,13,6,-3,-15,-4,None
0,1,-4,-17,-45,-27,-4,-2,1,0,13,6,-2,-14,-3,None
0,-5,-2,-3,35,8,0,-3,-5,0,13,6,-2,-14,-3,None
0,-4,-2,2,-16,-7,-7,-7,-2,0,13,6,-2,-14,-3,None
0,1,3,-8,45,22,8,5,1,0,13,6,-2,-14,-3,None
0,0,2,26,-32,-5,-1,-2,1,0,13,6,-2,-14,-3,None
0,0,2,26,-32,-5,-1,-2,1,0,13,6,-2,-14,-3,None
0,0,2,26,-32,-5,-1,-2,1,0,13,6,-1,-14,-2,None
0,1,3,-10,6,-8,-10,-1,-1,0,13,6,-1,-14,-2,None
0,-5,-8,-17,-72,-1,-11,-12,-4,0,13,6,-1,-14,-2,None
0,-3,-3,-4,-93,66,7,1,-2,0,13,6,-1,-14,-2,None
0,-4,-6,0,65,71,-10,-6,-4,0,13,6,-1,-14,-2,None
0,-4,-6,0,65,71,-10,-6,-4,1,13,6,-1,-14,-2,None
0,-4,-6,0,65,71,-10,-6,-4,1,13,6,0,-15,-3,None
0,-1,0,4,7,0,-3,-3,-2,1,13,6,0,-15,-3,None
0,2,4,-1,74,7,5,1,-2,1,13,6,0,-15,-3,None
0,2,4,7,-20,25,-2,-2,2,1,13,6,0,-15,-3,None
0,4,8,2,65,-18,9,7,-1,1,13,6,0,-15,-3,None
0,4,8,2,65,-18,9,7,-1,1,14,6,0,-15,-3,None
0,4,8,2,65,-18,9,7,-1,1,14,6,0,-17,-3,None
0,-1,-1,1,97,80,4,3,3,1,14,6,0,-17,-3,None
0,-7,-5,-22,-98,-63,-17,-6,-13,1,14,6,0,-17,-3,None
0,-2,-1,5,-19,24,8,2,-4,1,14,6,0,-17,-3,None
0,3,3,-16,-100,-25,2,-4,2,1,14,6,0,-17,-3,None
0,3,3,-16,-100,-25,2,-4,2,1,14,6,0,-17,-3,None
0,3,3,-16,-100,-25,2,-4,2,1,14,6,1,-16,-3,None
0,-1,0,3,-12,-56,-8,-7,-2,1,14,6,1,-16,-3,None
0,-2,1,8,87,-14,0,3,-1,1,14,6,1,-16,-3,None
0,1,2,-3,-14,-19,21,9,7,1,14,6,1,-16,-3,None
0,-1,1,-4,51,-15,-5,-2,-3,1,14,6,1,-16,-3,None
0,-1,1,-4,51,-15,-5,-2,-3,1,14,6,1,-16,-3,None
0,-1,1,-4,51,-15,-5,-2,-3,1,14,6,3,-16,-2,None
0,-3,-1,-3,-76,-5,10,7,-3,1,14,6,3,-16,-2,None
0,-7,-3,14,70,-54,-8,-2,-6,1,14,6,3,-16,-2,None
0,2,-1,-11,50,-64,-10,-8,-4,1,14,6,3,-16,-2,None
0,-2,-2,-2,4,20,2,-1,0,1,14,6,3,-16,-2,None
0,-2,-2,-2,4,20,2,-1,0,1,14,6,3,-16,-2,None
0,-2,-2,-2,4,20,2,-1,0,1,14,6,4,-15,-2,None
0,2,7,12,-68,-109,-9,-3,1,1,14,6,4,-15,-2,None
0,0,7,20,71,60,19,5,2,1,14,6,4,-15,-2,None
0,-4,-2,-8,-26,2,-10,-4,-4,1,14,6,4,-15,-2,None
0,-4,-3,-8,20,-40,2,0,-7,1,14,6,4,-15,-2,None
0,-4,-3,-8,20,-40,2,0,-7,2,14,6,4,-15,-2,None
0,-4,-3,-8,20,-40,2,0,-7,2,14,6,5,-15,-3,None
0,-1,0,-8,11,-31,-12,-12,-5,2,14,6,5,-15,-3,None
0,-1,1,-10,-18,-4,2,1,-5,2,14,6,5,-15,-3,None
0,4,6,-20,4,39,7,9,7,2,14,6,5,-15,-3,None
0,-2,3,-1,-39,45,3,-2,3,2,14,6,5,-15,-3,None
0,-2,3,-1,-39,45,3,-2,3,2,14,6,5,-15,-3,None
0,-2,3,-1,-39,45,3,-2,3,2,14,6,6,-15,-2,None
0,-3,-3,-1,21,28,-6,-3,-3,2,14,6,6,-15,-2,None
0,4,5,1,29,66,12,-4,5,2,14,6,6,-15,-2,None
0,-1,2,-12,-82,-38,-7,-4,-3,2,14,6,6,-15,-2,None
0,-3,-1,-16,14,-61,-8,-1,-1,2,14,6,6,-15,-2,None
0,-3,-1,-16,14,-61,-8,-1,-1,2,14,6,6,-15,-2,None
0,-3,-1,-16,14,-61,-8,-1,-1,2,14,6,7,-14,-2,None
0,-2,-30,3,44,41,5,3,1,2,14,6,7,-14,-2,None
0,1,0,-5,-33,12,-8,-5,5,2,14,6,7,-14,-2,None
0,-6,-3,3,44,-3,-1,-2,-16,2,14,6,7,-14,-2,None
0,4,17,2,-43,-41,-2,-1,5,2,14,6,7,-14,-2,None
0,4,17,2,-43,-41,-2,-1,5,2,15,6,7,-14,-2,None
0,4,17,2,-43,-41,-2,-1,5,2,15,6,7,-13,-2,None
0,-8,-31,-12,-9,-5,1,-3,-8,2,15,6,7,-13,-2,None
0,0,18,0,-5,14,-2,2,0,2,15,6,7,-13,-2,None
0,-5,-25,-8,-4,1,-1,-6,1,2,15,6,7,-13,-2,None
0,0,4,-1,22,46,4,0,-2,2,15,6,7,-13,-2,None
0,0,4,-1,22,46,4,0,-2,2,15,6,7,-13,-2,None
0,0,4,-1,22,46,4,0,-2,2,15,6,8,-12,-2,None
0,-1,16,-2,29,69,4,3,-2,2,15,6,8,-12,-2,None
0,1,6,-5,4,9,-5,-3,-4,2,15,6,8,-12,-2,None
0,-3,5,-5,-30,-76,-6,-3,-2,2,15,6,8,-12,-2,None
0,-1,-8,3,29,71,4,-2,-4,2,15,6,8,-12,-2,None
0,-1,-8,3,29,71,4,-2,-4,2,15,6,8,-12,-2,None
0,-1,-8,3,29,71,4,-2,-4,2,15,6,9,-12,-2,None
0,-2,13,-6,11,-4,-7,-3,1,2,15,6,9,-12,-2,None
0,-2,-11,-9,-63,-64,-1,-1,-3,2,15,6,9,-12,-2,None
0,5,19,1,14,4,-5,-3,-3,2,15,6,9,-12,-2,None
0,-6,-2,-1,25,0,-1,-4,0,2,15,6,9,-12,-2,None
0,-6,-2,-1,25,0,-1,-4,0,2,15,6,9,-12,-2,None
0,-6,-2,-1,25,0,-1,-4,0,2,15,6,9,-13,-2,None
0,4,10,9,17,8,5,-1,1,2,15,6,9,-13,-2,None
0,-4,-5,-14,-88,-14,-8,-3,-2,2,15,6,9,-13,-2,None
0,-4,-3,1,41,-2,-3,-5,-2,2,15,6,9,-13,-2,None
0,1,10,20,17,19,6,2,-1,2,15,6,9,-13,-2,None
0,1,10,20,17,19,6,2,-1,2,15,6,9,-13,-2,None
0,1,10,20,17,19,6,2,-1,2,15,6,11,-14,-2,None
0,-1,3,2,-43,-15,-3,-2,-2,2,15,6,11,-14,-2,None
0,-4,-14,-1,4,-4,-7,-2,-4,2,15,6,11,-14,-2,None
0,1,7,-4,6,2,-4,-5,2,2,15,6,11,-14,-2,None
0,-3,-8,6,-5,-8,2,3,-5,2,15,6,11,-14,-2,None
0,-3,-8,6,-5,-8,2,3,-5,2,15,6,11,-14,-2,None
0,-3,-8,6,-5,-8,2,3,-5,2,15,6,10,-14,-2,None
0,-2,2,-1,3,12,-2,-3,-3,2,15,6,10,-14,-2,None
0,1,3,1,18,-18,0,-1,0,2,15,6,10,-14,-2,None
0,-1,-1,17,48,53,0,-3,-1,2,15,6,10,-14,-2,None
0,-2,-5,-13,-53,15,0,0,-3,2,15,6,10,-14,-2,None
0,-2,-5,-13,-53,15,0,0,-3,2,15,6,10,-14,-2,None
0,-2,-5,-13,-53,15,0,0,-3,2,15,6,9,-12,-2,None
0,-1,2,-8,-27,20,0,-1,-1,2,15,6,9,-12,-2,None
0,-3,2,-9,1,0,-5,-2,-2,2,15,6,9,-12,-2,None
0,-3,2,-9,1,0,-5,-2,-2,2,15,6,9,-12,-2,None
0,-3,2,-9,1,0,-5,-2,-2,2,15,6,9,-11,-1,None
0,4,0,2,-32,-57,-2,-1,-2,2,15,6,9,-11,-1,None
0,-2,-5,-19,2,-27,-2,-1,1,2,15,6,9,-11,-1,None
0,-1,14,10,35,28,0,-3,-2,2,15,6,9,-11,-1,None
0,-5,-31,3,-27,-16,-1,-1,-2,2,15,6,9,-11,-1,None
0,-5,-31,3,-27,-16,-1,-1,-2,2,15,6,9,-11,-1,None
0,-5,-31,3,-27,-16,-1,-1,-2,2,15,6,8,-12,-1,None
0,-3,0,3,16,32,3,1,-2,2,15,6,8,-12,-1,None
0,0,0,-10,-13,-14,-5,-3,-2,2,15,6,8,-12,-1,None
0,0,-1,-6,-7,-9,1,-2,-1,2,15,6,8,-12,-1,None
0,1,26,-9,-9,-9,0,0,0,2,15,6,8,-12,-1,None
0,1,26,-9,-9,-9,0,0,0,2,15,6,8,-12,-1,None
0,1,26,-9,-9,-9,0,0,0,2,15,6,8,-11,-1,None
0,-4,-14,3,2,39,1,0,-2,2,15,6,8,-11,-1,None
0,1,0,-1,15,-7,-2,-2,-2,2,15,6,8,-11,-1,None
0,-4,1,15,3,-3,-2,-1,0,2,15,6,8,-11,-1,None
0,1,18,-32,-58,4,1,-1,-3,2,15,6,8,-11,-1,None
0,1,18,-32,-58,4,1,-1,-3,2,15,6,8,-11,-1,None
0,1,18,-32,-58,4,1,-1,-3,2,15,6,8,-12,-1,None
0,3,52,-8,-29,-8,-6,-2,-1,2,15,6,8,-12,-1,None
0,-17,-84,-8,1,2,-1,-4,-2,2,15,6,8,-12,-1,None
0,-2,16,1,18,17,1,0,-1,2,15,6,8,-12,-1,None
0,0,-2,8,25,15,2,-2,-1,2,15,6,8,-12,-1,None
0,0,-2,8,25,15,2,-2,-1,2,15,6,8,-12,-1,None
0,0,-2,8,25,15,2,-2,-1,2,15,6,8,-11,-2,None
0,1,-4,4,6,-3,0,2,1,2,15,6,8,-11,-2,None
0,4,17,-9,-23,-5,-6,-6,0,2,15,6,8,-11,-2,None
0,-1,-7,-24,-9,-21,-1,-2,-1,2,15,6,8,-11,-2,None
0,-3,-13,2,-39,-41,-1,2,-1,2,15,6,8,-11,-2,None
0,-3,-13,2,-39,-41,-1,2,-1,2,15,6,8,-11,-2,None
0,-3,-13,2,-39,-41,-1,2,-1,2,15,6,8,-11,-2,None
0,-3,-10,-4,-7,34,0,-2,-2,2,15,6,8,-11,-2,None
0,0,13,6,6,20,-1,-4,-4,2,15,6,8,-11,-2,None
0,-2,-5,-5,11,-6,-2,-5,-1,2,15,6,8,-11,-2,None
0,4,14,7,30,6,1,-1,-2,2,15,6,8,-11,-2,None
0,4,14,7,30,6,1,-1,-2,2,15,6,8,-11,-2,None
0,4,14,7,30,6,1,-1,-2,2,15,6,8,-11,-2,None
0,-4,-2,0,5,-23,0,1,-1,2,15,6,8,-11,-2,None
0,0,13,-3,-9,-3,-2,0,1,2,15,6,8,-11,-2,None
0,-2,14,0,-16,-3,-3,-1,-1,2,15,6,8,-11,-2,None
0,0,-35,-11,21,23,-2,-1,-1,2,15,6,8,-11,-2,None
0,0,-35,-11,21,23,-2,-1,-1,2,15,6,8,-11,-2,None
0,0,-35,-11,21,23,-2,-1,-1,2,15,6,8,-11,-1,None
0,-1,-11,-12,-2,-16,0,0,0,2,15,6,8,-11,-1,None
0,2,9,-1,-29,-26,-5,2,-1,2,15,6,8,-11,-1,None
0,-7,-11,-3,25,46,5,-5,-5,2,15,6,8,-11,-1,None
0,-1,10,9,22,42,-4,-3,-1,2,15,6,8,-11,-1,None
0,-1,10,9,22,42,-4,-3,-1,2,15,6,8,-11,-1,None
0,-1,10,9,22,42,-4,-3,-1,2,15,6,8,-11,-2,None
0,-2,-4,-4,17,1,0,-2,-1,2,15,6,8,-11,-2,None
0,2,12,1,6,-21,0,2,-1,2,15,6,8,-11,-2,None
0,3,4,0,-22,-32,-4,1,0,2,15,6,8,-11,-2,None
0,-4,5,4,7,12,1,-1,-2,2,15,6,8,-11,-2,None
0,-4,5,4,7,12,1,-1,-2,2,15,6,8,-11,-2,None
0,-4,5,4,7,12,1,-1,-2,2,15,6,8,-11,-2,None
0,-1,-3,0,4,6,-1,-3,-3,2,15,6,8,-11,-2,None
0,-1,8,1,5,7,-1,-1,-2,2,15,6,8,-11,-2,None
0,3,-3,-2,-11,-8,-3,-1,-2,2,15,6,8,-11,-2,None
0,0,12,2,13,7,-1,-4,-3,2,15,6,8,-11,-2,None
0,0,12,2,13,7,-1,-4,-3,2,15,6,8,-11,-2,None
0,0,12,2,13,7,-1,-4,-3,2,15,6,8,-11,-2,None
0,4,-10,-5,21,-54,-5,1,0,2,15,6,8,-11,-2,None
0,-8,9,19,-14,73,3,-6,-7,2,15,6,8,-11,-2,None
0,-1,-6,-1,2,2,-3,-1,0,2,15,6,8,-11,-2,None
0,1,6,1,1,-21,-1,1,0,2,15,6,8,-11,-2,None
0,1,6,1,1,-21,-1,1,0,2,15,6,8,-11,-2,None
0,1,6,1,1,-21,-1,1,0,2,15,6,9,-12,-2,None
0,-2,5,-1,5,5,-1,-2,-1,2,15,6,9,-12,-2,None
0,2,3,-3,7,-16,-1,0,1,2,15,6,9,-12,-2,None
0,2,0,-3,-7,-8,0,0,-1,2,15,6,9,-12,-2,None
0,-4,0,2,1,8,-1,-1,-2,2,15,6,9,-12,-2,None
0,-4,0,2,1,8,-1,-1,-2,2,15,6,9,-12,-2,None
0,-4,0,2,1,8,-1,-1,-2,2,15,6,9,-12,-2,None
0,-2,1,4,-10,6,-3,-2,-4,2,15,6,9,-12,-2,None
0,-2,-4,-5,6,-3,0,-3,-1,2,15,6,9,-12,-2,None
0,-1,0,-5,-12,0,-2,-1,-3,2,15,6,9,-12,-2,None
0,2,0,-4,-2,-14,-1,-2,-1,2,15,6,9,-12,-2,None
0,2,0,-4,-2,-14,-1,-2,-1,2,15,6,9,-12,-2,None
0,2,0,-4,-2,-14,-1,-2,-1,2,15,6,8,-11,-1,None
0,-4,-3,-14,5,15,4,1,-2,2,15,6,8,-11,-1,None
0,7,20,4,-32,-22,-2,1,2,2,15,6,8,-11,-1,None
0,-8,-30,-3,23,-6,-4,-4,-4,2,15,6,8,-11,-1,None
0,-3,0,8,13,25,5,1,-1,2,15,6,8,-11,-1,None
0,-3,0,8,13,25,5,1,-1,2,15,6,8,-11,-1,None
0,-3,0,8,13,25,5,1,-1,2,15,6,8,-11,-1,None
0,-2,-3,-6,-12,7,-4,-5,-2,2,15,6,8,-11,-1,None
0,-3,3,4,19,-5,1,-1,-1,2,15,6,8,-11,-1,None
0,2,8,-1,-10,-11,0,1,1,2,15,6,8,-11,-1,None
0,-2,-4,-5,-4,-10,-1,-2,-1,2,15,6,8,-11,-1,None
0,-2,-4,-5,-4,-10,-1,-2,-1,2,15,6,8,-11,-1,None
0,-2,-4,-5,-4,-10,-1,-2,-1,2,15,6,9,-11,-1,None
0,-2,4,6,3,4,0,-1,-2,2,15,6,9,-11,-1,None
0,0,-2,-11,7,-3,-3,-1,-2,2,15,6,9,-11,-1,None
0,-2,5,-2,-4,-4,-1,-1,-1,2,15,6,9,-11,-1,None
0,-2,-4,-4,-6,-10,-6,-4,-1,2,15,6,9,-11,-1,None
0,-2,-4,-4,-6,-10,-6,-4,-1,2,15,6,9,-11,-1,None
0,-2,-4,-4,-6,-10,-6,-4,-1,2,15,6,9,-11,-1,None
0,6,30,3,29,15,1,-1,1,2,15,6,9,-11,-1,None
0,-7,-18,-5,-14,-6,2,0,-1,2,15,6,9,-11,-1,None
0,-3,-5,-29,1,55,1,-4,-5,2,15,6,9,-11,-1,None
0,-1,3,4,-15,-12,-1,-2,0,2,15,6,9,-11,-1,None
0,-1,3,4,-15,-12,-1,-2,0,2,15,6,9,-11,-1,None
0,-1,3,4,-15,-12,-1,-2,0,2,15,6,9,-11,-1,None
0,-2,2,3,-6,-2,2,-1,-2,2,15,6,9,-11,-1,None
0,2,3,-4,-2,-16,-2,-2,1,2,15,6,9,-11,-1,None
0,1,7,8,-2,-18,0,1,1,2,15,6,9,-11,-1,None
0,2,-3,-7,8,7,-3,0,-1,2,15,6,9,-11,-1,None
0,2,-3,-7,8,7,-3,0,-1,2,15,6,9,-11,-1,None
0,2,-3,-7,8,7,-3,0,-1,2,15,6,9,-11,-1,None
0,-5,-8,-5,-11,-3,-4,-3,-3,2,15,6,9,-11,-1,None
0,3,3,-7,9,11,1,-2,-1,2,15,6,9,-11,-1,None
0,-2,2,6,14,-15,4,4,1,2,15,6,9,-11,-1,None
0,-4,0,-17,-26,12,-4,-4,-5,2,15,6,9,-11,-1,None
0,-4,0,-17,-26,12,-4,-4,-5,2,15,6,9,-11,-1,None
0,-4,0,-17,-26,12,-4,-4,-5,2,15,6,9,-11,-1,None
0,-4,-8,1,-14,-6,-4,-1,-2,2,15,6,9,-11,-1,None
0,-3,-1,0,10,11,-1,-2,-2,2,15,6,9,-11,-1,None
0,2,7,1,6,-4,-4,-2,0,2,15,6,9,-11,-1,None
0,1,0,-1,6,1,3,0,-1,2,15,6,9,-11,-1,None
0,1,0,-1,6,1,3,0,-1,2,15,6,9,-11,-1,None
0,1,0,-1,6,1,3,0,-1,2,15,6,9,-11,-1,None
0,-2,-2,-2,-10,-2,-2,-1,-1,2,15,6,9,-11,-1,None
0,-4,-3,-3,11,-2,-1,-2,-3,2,15,6,9,-11,-1,None
0,27,30,-3,-11,-6,-3,-2,2,2,15,6,9,-11,-1,None
0,-58,-56,8,14,-7,0,2,-6,2,15,6,9,-11,-1,None
0,-58,-56,8,14,-7,0,2,-6,2,15,6,9,-11,-1,None
0,-58,-56,8,14,-7,0,2,-6,2,15,6,9,-11,-1,None
0,1,6,-19,-13,9,-3,-1,-1,2,15,6,9,-11,-1,None
0,-8,-9,4,31,38,-1,-6,-6,2,15,6,9,-11,-1,None
0,5,4,6,-26,-3,-3,-2,-2,2,15,6,9,-11,-1,None
0,5,9,2,-6,-36,2,-1,-1,2,15,6,9,-11,-1,None
0,5,9,2,-6,-36,2,-1,-1,2,15,6,9,-11,-1,None
0,5,9,2,-6,-36,2,-1,-1,2,15,6,8,-11,-1,None
0,0,0,0,16,38,-1,-1,0,2,15,6,8,-11,-1,None
0,-1,4,-2,-2,-7,1,2,0,2,15,6,8,-11,-1,None
0,-14,-7,-3,-6,-5,-2,-1,-1,2,15,6,8,-11,-1,None
0,11,13,0,5,5,-1,-1,0,2,15,6,8,-11,-1,None
0,11,13,0,5,5,-1,-1,0,2,15,6,8,-11,-1,None
0,11,13,0,5,5,-1,-1,0,2,15,6,8,-11,-1,None
0,-6,-8,3,2,-20,-2,-1,-2,2,15,6,8,-11,-1,None
0,7,10,-5,-8,-9,-3,-2,-1,2,15,6,8,-11,-1,None
0,-7,-7,0,3,7,1,-2,-4,2,15,6,8,-11,-1,None
0,6,5,-2,-1,5,-1,-2,1,2,15,6,8,-11,-1,None
0,6,5,-2,-1,5,-1,-2,1,2,15,6,8,-11,-1,None
0,6,5,-2,-1,5,-1,-2,1,2,15,6,8,-11,-1,None
0,10,8,-2,23,3,1,-1,1,2,15,6,8,-11,-1,None
0,0,10,-24,-53,-26,-6,-2,-2,2,15,6,8,-11,-1,None
0,-9,-13,7,-4,8,1,-4,-4,2,15,6,8,-11,-1,None
0,8,24,2,20,20,2,-1,-1,2,15,6,8,-11,-1,None
0,8,24,2,20,20,2,-1,-1,2,15,6,8,-11,-1,None
0,8,24,2,20,20,2,-1,-1,2,15,6,8,-11,-1,None
0,-6,-9,-2,-9,-3,1,-2,-1,2,15,6,8,-11,-1,None
0,0,1,1,8,-4,2,0,0,2,15,6,8,-11,-1,None
0,-2,3,1,-2,-13,-1,1,1,2,15,6,8,-11,-1,None
0,9,15,-6,-3,5,-3,-2,-1,2,15,6,8,-11,-1,None
0,9,15,-6,-3,5,-3,-2,-1,2,15,6,8,-11,-1,None
0,9,15,-6,-3,5,-3,-2,-1,2,15,6,8,-11,-2,None
0,-4,-4,3,-4,-6,-1,-3,-2,2,15,6,8,-11,-2,None
0,-2,-2,3,-2,-7,-2,-2,0,2,15,6,8,-11,-2,None
0,-20,-1,-9,9,11,0,1,3,2,15,6,8,-11,-2,None
0,12,2,0,-6,-20,-5,-1,-3,2,15,6,8,-11,-2,None
0,12,2,0,-6,-20,-5,-1,-3,2,15,6,8,-11,-2,None
0,12,2,0,-6,-20,-5,-1,-3,2,15,6,8,-11,-1,None
0,-2,-1,13,-41,22,5,0,-2,2,15,6,8,-11,-1,None
0,1,-4,26,28,4,-4,-3,-3,2,15,6,8,-11,-1,None
0,-10,-10,-25,-19,9,0,-2,-3,2,15,6,8,-11,-1,None
0,1,0,-2,-7,-40,-2,-2,0,2,15,6,8,-11,-1,None
0,1,0,-2,-7,-40,-2,-2,0,2,15,6,8,-11,-1,None
0,1,0,-2,-7,-40,-2,-2,0,2,15,6,9,-11,-1,None
0,-1,2,1,14,15,-4,0,-1,2,15,6,9,-11,-1,None
0,-3,2,0,-9,-2,0,-1,-1,2,15,6,9,-11,-1,None
0,5,0,3,-4,-10,-3,-1,-3,2,15,6,9,-11,-1,None
0,-2,-1,0,11,14,1,0,-2,2,15,6,9,-11,-1,None
0,-2,-1,0,11,14,1,0,-2,2,15,6,9,-11,-1,None
0,-2,-1,0,11,14,1,0,-2,2,15,6,8,-11,-2,None
0,3,0,-5,-12,-14,-1,-4,-3,2,15,6,8,-11,-2,None
0,-4,-5,-5,4,16,-1,-2,-2,2,15,6,8,-11,-2,None
0,3,3,-2,8,-5,-4,-3,-2,2,15,6,8,-11,-2,None
0,-1,-2,-5,-6,15,-1,-1,-2,2,15,6,8,-11,-2,None
0,-1,-2,-5,-6,15,-1,-1,-2,2,15,6,8,-11,-2,None
0,-1,-2,-5,-6,15,-1,-1,-2,2,15,6,9,-11,-1,None
0,-7,-2,-4,4,0,0,-1,-2,2,15,6,9,-11,-1,None
0,0,0,-9,0,0,0,0,0,2,15,6,9,-11,-1,None
0,2,-1,2,3,-4,-1,-1,-3,2,15,6,9,-11,-1,None
0,-3,-1,0,-6,8,-3,-3,0,2,15,6,9,-11,-1,None
0,-3,-1,0,-6,8,-3,-3,0,2,15,6,9,-11,-1,None
0,-3,-1,0,-6,8,-3,-3,0,2,15,6,9,-11,-1,None
0,2,2,-5,9,-4,0,-2,-1,2,15,6,9,-11,-1,None
0,-1,10,-12,-47,-7,-2,-2,-2,2,15,6,9,-11,-1,None
0,4,-16,8,-12,-18,-4,-4,-2,2,15,6,9,-11,-1,None
0,-2,-5,-1,5,34,-1,-4,-3,2,15,6,9,-11,-1,None
0,-2,-5,-1,5,34,-1,-4,-3,2,15,6,9,-11,-1,None
0,-2,-5,-1,5,34,-1,-4,-3,2,15,6,9,-11,-1,None
0,-1,2,-7,-9,2,1,0,-2,2,15,6,9,-11,-1,None
0,-2,-1,-1,25,2,0,0,-2,2,15,6,9,-11,-1,None
0,-2,7,1,-3,1,0,0,0,2,15,6,9,-11,-1,None
0,0,2,2,0,-9,-2,-2,-1,2,15,6,9,-11,-1,None
0,0,2,2,0,-9,-2,-2,-1,2,15,6,9,-11,-1,None
0,0,2,2,0,-9,-2,-2,-1,2,15,6,9,-11,-2,None
0,0,-3,6,-2,-18,-3,-2,-2,2,15,6,9,-11,-2,None
0,-3,12,1,24,22,0,-1,-2,2,15,6,9,-11,-2,None
0,3,-4,-11,24,10,-1,0,0,2,15,6,9,-11,-2,None
0,-1,-1,6,-31,-52,0,1,-1,2,15,6,9,-11,-2,None
0,-1,-1,6,-31,-52,0,1,-1,2,15,6,9,-11,-2,None
0,-1,-1,6,-31,-52,0,1,-1,2,15,6,8,-11,-2,None
0,-1,2,0,2,58,2,-1,-1,2,15,6,8,-11,-2,None
0,-2,1,1,5,-18,-1,-3,-2,2,15,6,8,-11,-2,None
0,2,7,-4,4,-2,-1,-2,-1,2,15,6,8,-11,-2,None
0,1,3,-4,2,1,1,-1,-2,2,15,6,8,-11,-2,None
0,1,3,-4,2,1,1,-1,-2,2,15,6,8,-11,-2,None
0,1,3,-4,2,1,1,-1,-2,2,15,6,9,-11,-2,None
0,-2,-2,-5,-2,-22,-4,0,-2,2,15,6,9,-11,-2,None
0,0,-4,-5,-2,-2,-1,0,-1,2,15,6,9,-11,-2,None
0,-3,3,0,-6,13,2,-1,-2,2,15,6,9,-11,-2,None
0,-9,0,-5,-6,11,-1,-3,2,2,15,6,9,-11,-2,None
0,-9,0,-5,-6,11,-1,-3,2,2,15,6,9,-11,-2,None
0,-9,0,-5,-6,11,-1,-3,2,2,15,6,9,-11,-2,None
0,44,14,4,-2,-18,-1,0,-1,2,15,6,9,-11,-2,None
0,-35,8,14,-15,-2,2,2,-2,2,15,6,9,-11,-2,None
0,-4,-21,-3,15,14,-1,-3,-2,2,15,6,9,-11,-2,None
0,-3,-3,0,13,25,-2,-4,-3,2,15,6,9,-11,-2,None
0,-3,-3,0,13,25,-2,-4,-3,2,15,6,9,-11,-2,None
0,-3,-3,0,13,25,-2,-4,-3,2,15,6,9,-12,-1,None
0,-5,5,-4,-4,-36,1,-2,-2,2,15,6,9,-12,-1,None
0,9,-1,0,-3,22,-3,0,0,2,15,6,9,-12,-1,None
0,4,9,2,-9,-10,-1,1,0,2,15,6,9,-12,-1,None
0,-5,-1,-6,2,1,0,0,-1,2,15,6,9,-12,-1,None
0,-5,-1,-6,2,1,0,0,-1,2,15,6,9,-12,-1,None
0,-5,-1,-6,2,1,0,0,-1,2,15,6,9,-11,-1,None
0,-14,-5,-6,2,-4,-3,-2,-1,2,15,6,9,-11,-1,None
0,7,-7,-3,-7,-13,-1,-1,-1,2,15,6,9,-11,-1,None
0,-10,1,-6,-7,-2,-4,-3,-2,2,15,6,9,-11,-1,None
0,5,-2,-3,23,25,2,-1,-2,2,15,6,9,-11,-1,None
0,5,-2,-3,23,25,2,-1,-2,2,15,6,9,-11,-1,None
0,5,-2,-3,23,25,2,-1,-2,2,15,6,9,-11,-1,None
0,-8,-1,-3,-1,22,-1,-3,-1,2,15,6,9,-11,-1,None
0,4,-5,-1,5,-9,-2,-2,0,2,15,6,9,-11,-1,None
0,6,12,3,-1,-3,-2,-1,1,2,15,6,9,-11,-1,None
0,1,3,-1,-19,-17,-2,0,0,2,15,6,9,-11,-1,None
0,1,3,-1,-19,-17,-2,0,0,2,15,6,9,-11,-1,None
0,1,3,-1,-19,-17,-2,0,0,2,15,6,9,-11,-1,None
0,-9,-4,-6,-3,2,-1,-1,-2,2,15,6,9,-11,-1,None
0,-1,-3,-15,-9,2,-2,-2,-2,2,15,6,9,-11,-1,None
0,0,1,9,3,-3,0,-1,-2,2,15,6,9,-11,-1,None
0,0,-6,-4,34,-4,-3,0,-1,2,15,6,9,-11,-1,None
0,0,-6,-4,34,-4,-3,0,-1,2,15,6,9,-11,-1,None
0,0,-6,-4,34,-4,-3,0,-1,2,15,6,8,-11,-1,None
0,-9,0,-1,-42,3,-1,-3,-2,2,15,6,8,-11,-1,None
0,2,-4,-3,12,12,0,-2,-2,2,15,6,8,-11,-1,None
0,-3,5,-4,-9,-12,-1,-1,0,2,15,6,8,-11,-1,None
0,3,2,-1,-8,5,1,-1,-1,2,15,6,8,-11,-1,None
0,3,2,-1,-8,5,1,-1,-1,2,15,6,8,-11,-1,None
0,3,2,-1,-8,5,1,-1,-1,2,15,6,8,-11,-1,None
0,-3,0,-4,11,1,-4,0,-1,2,15,6,8,-11,-1,None
0,-1,0,-2,1,-6,-1,-2,-1,2,15,6,8,-11,-1,None
0,1,1,-3,-6,0,-1,-3,-1,2,15,6,8,-11,-1,None
0,-25,10,-6,-5,-24,2,4,-1,2,15,6,8,-11,-1,None
0,-25,10,-6,-5,-24,2,4,-1,2,15,6,8,-11,-1,None
0,-25,10,-6,-5,-24,2,4,-1,2,15,6,8,-11,-1,None
0,43,32,9,20,28,7,0,-1,2,15,6,8,-11,-1,None
0,-4,-7,-17,9,42,-5,-5,-4,2,15,6,8,-11,-1,None
0,-2,0,0,6,-5,1,-2,-2,2,15,6,8,-11,-1,None
0,-2,-3,-1,-13,0,-2,-2,0,2,15,6,8,-11,-1,None
0,-2,-3,-1,-13,0,-2,-2,0,2,15,6,8,-11,-1,None
0,-2,-3,-1,-13,0,-2,-2,0,2,15,6,8,-11,-1,None
0,-13,0,-8,8,-28,-3,0,-2,2,15,6,8,-11,-1,None
0,2,3,2,-1,-14,0,1,2,2,15,6,8,-11,-1,None
0,5,2,-4,-3,5,0,-2,-2,2,15,6,8,-11,-1,None
0,4,5,-5,1,6,-2,-1,-1,2,15,6,8,-11,-1,None
0,4,5,-5,1,6,-2,-1,-1,2,15,6,8,-11,-1,None
0,4,5,-5,1,6,-2,-1,-1,2,15,6,9,-11,-2,None
0,-12,-10,0,-4,-7,-3,-3,-2,2,15,6,9,-11,-2,None
0,2,-2,2,-4,-1,-1,-1,-1,2,15,6,9,-11,-2,None
0,-9,-4,-4,0,1,-1,-2,-1,2,15,6,9,-11,-2,None
0,4,-3,3,-5,5,0,-1,-2,2,15,6,9,-11,-2,None
0,4,-3,3,-5,5,0,-1,-2,2,15,6,9,-11,-2,None
0,4,-3,3,-5,5,0,-1,-2,2,15,6,9,-11,-1,None
0,-8,-10,-4,3,3,-2,-3,-1,2,15,6,9,-11,-1,None
0,-5,0,9,5,-2,1,1,0,2,15,6,9,-11,-1,None
0,3,7,0,12,-23,1,1,-2,2,15,6,9,-11,-1,None
0,2,5,-9,-7,48,-2,-6,-5,2,15,6,9,-11,-1,None
0,2,5,-9,-7,48,-2,-6,-5,2,15,6,9,-11,-1,None
0,2,5,-9,-7,48,-2,-6,-5,2,15,6,9,-11,-1,None
0,-5,-17,-21,-10,-1,1,-3,-2,2,15,6,9,-11,-1,None
0,0,2,-4,31,21,-1,-4,-3,2,15,6,9,-11,-1,None
0,2,1,2,-14,-5,1,1,1,2,15,6,9,-11,-1,None
0,4,5,3,13,-2,-2,-1,0,2,15,6,9,-11,-1,None
0,4,5,3,13,-2,-2,-1,0,2,15,6,9,-11,-1,None
0,4,5,3,13,-2,-2,-1,0,2,15,6,8,-11,-1,None
0,-7,-4,2,-3,-21,-4,0,1,2,15,6,8,-11,-1,None
0,2,-1,-7,-21,-17,-2,-1,-1,2,15,6,8,-11,-1,None
0,-3,1,-9,10,13,-1,-2,-2,2,15,6,8,-11,-1,None
0,0,-8,-5,-8,-9,-2,-2,0,2,15,6,8,-11,-1,None
0,0,-8,-5,-8,-9,-2,-2,0,2,15,6,8,-11,-1,None
0,0,-8,-5,-8,-9,-2,-2,0,2,15,6,9,-11,-2,None
0,-5,2,3,0,5,-3,-2,-2,2,15,6,9,-11,-2,None
0,0,-2,-1,-5,-9,-1,0,-2,2,15,6,9,-11,-2,None
0,-1,0,-1,-5,9,0,-1,-2,2,15,6,9,-11,-2,None
0,1,0,-1,-5,-3,1,1,-1,2,15,6,9,-11,-2,None
0,1,0,-1,-5,-3,1,1,-1,2,15,6,9,-11,-2,None
0,1,0,-1,-5,-3,1,1,-1,2,15,6,8,-11,-1,None
0,-3,-5,1,0,0,-3,-2,-2,2,15,6,8,-11,-1,None
0,4,11,7,17,6,0,-3,-2,2,15,6,8,-11,-1,None
0,-6,-23,-7,-5,-3,-3,-2,-4,2,15,6,8,-11,-1,None
0,-15,13,-1,-14,-2,-2,-1,1,2,15,6,8,-11,-1,None
0,-15,13,-1,-14,-2,-2,-1,1,2,15,6,8,-11,-1,None
0,-15,13,-1,-14,-2,-2,-1,1,2,15,6,8,-11,-1,None
0,-3,-34,-7,29,22,-1,-3,-2,2,15,6,8,-11,-1,None
0,2,1,-4,-24,-16,1,0,1,2,15,6,8,-11,-1,None
0,-3,-18,-2,11,19,-3,-5,-2,2,15,6,8,-11,-1,None
0,-2,-1,-2,-1,-3,0,0,-2,2,15,6,8,-11,-1,None
0,-2,-1,-2,-1,-3,0,0,-2,2,15,6,8,-11,-1,None
0,-2,-1,-2,-1,-3,0,0,-2,2,15,6,8,-11,-1,None
0,0,9,-2,-1,1,-1,0,-1,2,15,6,8,-11,-1,None
0,-3,5,1,-2,-6,-3,-3,-1,2,15,6,8,-11,-1,None
0,-2,7,-1,-3,-14,-3,-1,-1,2,15,6,8,-11,-1,None
0,7,1,6,15,8,1,0,0,2,15,6,8,-11,-1,None
0,7,1,6,15,8,1,0,0,2,15,6,8,-11,-1,None
0,7,1,6,15,8,1,0,0,2,15,6,9,-11,-1,None
0,-4,6,8,-29,-7,-2,-2,-1,2,15,6,9,-11,-1,None
0,0,-5,1,0,-4,0,-2,-2,2,15,6,9,-11,-1,None
0,0,12,-25,-11,-3,-2,0,-2,2,15,6,9,-11,-1,None
0,2,-12,4,6,-7,-2,-2,-1,2,15,6,9,-11,-1,None
0,2,-12,4,6,-7,-2,-2,-1,2,15,6,9,-11,-1,None
0,2,-12,4,6,-7,-2,-2,-1,2,15,6,9,-11,-1,None
0,-2,25,1,16,56,2,-2,-2,2,15,6,9,-11,-1,None
0,-7,-2,-8,-22,-21,-1,-1,-2,2,15,6,9,-11,-1,None
0,0,4,11,-7,24,1,-3,-1,2,15,6,9,-11,-1,None
0,2,3,-7,0,-13,-3,-1,-2,2,15,6,9,-11,-1,None
0,2,3,-7,0,-13,-3,-1,-2,2,15,6,9,-11,-1,None
0,2,3,-7,0,-13,-3,-1,-2,2,15,6,9,-11,-2,None
0,-1,-1,-3,-8,-22,-2,0,1,2,15,6,9,-11,-2,None
0,-2,-3,-2,1,10,-2,-2,-2,2,15,6,9,-11,-2,None
0,-4,0,7,3,-4,-1,2,-3,2,15,6,9,-11,-2,None
0,-17,12,-11,-12,-6,-1,-3,-1,2,15,6,9,-11,-2,None
0,-17,12,-11,-12,-6,-1,-3,-1,2,15,6,9,-11,-2,None
0,-17,12,-11,-12,-6,-1,-3,-1,2,15,6,8,-11,-1,None
0,2,-26,1,-19,-57,-4,0,0,2,15,6,8,-11,-1,None
0,-3,-6,5,29,62,6,0,-3,2,15,6,8,-11,-1,None
0,0,3,-4,-14,15,0,-2,-1,2,15,6,8,-11,-1,None
0,-5,-9,-5,-12,10,-1,-4,-3,2,15,6,8,-11,-1,None
0,-5,-9,-5,-12,10,-1,-4,-3,2,15,6,8,-11,-1,None
0,-5,-9,-5,-12,10,-1,-4,-3,2,15,6,8,-12,-1,None
0,-2,12,2,-19,-17,-2,-3,-2,2,15,6,8,-12,-1,None
0,1,7,-5,-3,-34,-4,-1,0,2,15,6,8,-12,-1,None
0,-2,-4,0,-1,-9,-3,-1,-1,2,15,6,8,-12,-1,None
0,8,5,0,11,9,4,1,0,2,15,6,8,-12,-1,None
0,8,5,0,11,9,4,1,0,2,15,6,8,-12,-1,None
0,8,5,0,11,9,4,1,0,2,15,6,9,-11,-2,None
0,-1,4,-6,6,0,-1,-1,0,2,15,6,9,-11,-2,None
0,4,-4,7,-15,1,-2,-1,-2,2,15,6,9,-11,-2,None
0,0,8,-16,14,11,-1,-2,-2,2,15,6,9,-11,-2,None
0,5,-4,1,-9,-7,-4,-2,-2,2,15,6,9,-11,-2,None
0,5,-4,1,-9,-7,-4,-2,-2,2,15,6,9,-11,-2,None
0,5,-4,1,-9,-7,-4,-2,-2,2,15,6,8,-11,-1,None
0,-2,3,1,3,1,0,0,-2,2,15,6,8,-11,-1,None
0,-7,-2,-3,10,15,-3,-1,-2,2,15,6,8,-11,-1,None
0,-1,3,4,-13,-14,-3,-2,-1,2,15,6,8,-11,-1,None
0,2,-2,-2,2,-5,-2,-2,-2,2,15,6,8,-11,-1,None
0,2,-2,-2,2,-5,-2,-2,-2,2,15,6,8,-11,-1,None
0,2,-2,-2,2,-5,-2,-2,-2,2,15,6,9,-11,-1,None
0,-3,-1,-6,4,11,0,-2,-2,2,15,6,9,-11,-1,None
0,1,3,-5,-5,-4,-2,-1,1,2,15,6,9,-11,-1,None
0,3,6,0,-12,-14,-2,-2,-3,2,15,6,9,-11,-1,None
0,5,28,-5,17,-2,-4,-2,0,2,15,6,9,-11,-1,None
0,5,28,-5,17,-2,-4,-2,0,2,15,6,9,-11,-1,None
0,5,28,-5,17,-2,-4,-2,0,2,15,6,8,-11,-1,None
0,-6,-34,-14,26,43,0,-3,-3,2,15,6,8,-11,-1,None
