0,0,12,15,30,12,-28,-67,-4,2,14,6,7,-18,-7,None
0,-2,-25,-20,-42,-38,66,49,1,2,14,6,7,-18,-7,None
0,-2,-3,-4,14,-1,-47,-29,-5,2,14,6,7,-18,-7,None
0,-2,-3,-4,14,-1,-47,-29,-5,2,14,6,7,-18,-7,None
0,-2,-3,-4,14,-1,-47,-29,-5,2,14,6,5,-18,-5,None
0,-3,-1,5,10,-9,4,26,-1,2,14,6,5,-18,-5,None
0,1,2,-13,-11,1,-10,-45,1,2,14,6,5,-18,-5,None
0,0,10,14,2,17,44,58,-2,2,14,6,5,-18,-5,None
0,-2,-5,-9,0,2,-50,-41,-1,2,14,6,5,-18,-5,None
0,-2,-5,-9,0,2,-50,-41,-1,1,14,6,5,-18,-5,None
0,-2,-5,-9,0,2,-50,-41,-1,1,14,6,2,-17,-5,None
0,3,1,-11,2,-15,60,23,7,1,14,6,2,-17,-5,None
0,0,1,1,14,-4,11,5,0,1,14,6,2,-17,-5,None
0,0,3,-1,-5,29,20,8,-1,1,14,6,2,-17,-5,None
0,-4,-5,-15,-6,-20,6,-6,-6,1,14,6,2,-17,-5,None
0,-4,-5,-15,-6,-20,6,-6,-6,1,13,6,2,-17,-5,None
0,-4,-5,-15,-6,-20,6,-6,-6,1,13,6,0,-17,-4,None
0,-1,4,6,12,15,-37,-35,-3,1,13,6,0,-17,-4,None
0,0,-2,1,1,-9,10,34,2,1,13,6,0,-17,-4,None
0,-3,0,-6,-4,-6,16,-12,-2,1,13,6,0,-17,-4,None
0,-1,4,-5,-5,0,-20,-16,-2,1,13,6,0,-17,-4,None
0,-1,4,-5,-5,0,-20,-16,-2,1,13,6,0,-17,-4,None
0,-1,4,-5,-5,0,-20,-16,-2,1,13,6,-2,-18,-3,None
0,-2,-3,-6,11,7,18,-4,-3,1,13,6,-2,-18,-3,None
0,-1,0,3,12,21,-3,20,2,1,13,6,-2,-18,-3,None
0,0,4,-1,0,-18,11,-8,-4,1,13,6,-2,-18,-3,None
0,3,3,1,14,10,-39,-6,1,1,13,6,-2,-18,-3,None
0,3,3,1,14,10,-39,-6,1,0,13,6,-2,-18,-3,None
0,3,3,1,14,10,-39,-6,1,0,13,6,-2,-17,-3,None
0,-2,-4,-8,11,4,21,5,-2,0,13,6,-2,-17,-3,None
0,0,-1,-2,-7,-25,-23,-7,-3,0,13,6,-2,-17,-3,None
0,-2,3,3,13,19,7,-3,-1,0,13,6,-2,-17,-3,None
0,-2,0,-8,-5,-3,10,-5,-1,0,13,6,-2,-17,-3,None
0,-2,0,-8,-5,-3,10,-5,-1,0,12,6,-2,-17,-3,None
0,-2,0,-8,-5,-3,10,-5,-1,0,12,6,-3,-16,-3,None
0,2,1,-8,8,-3,-8,16,2,0,12,6,-3,-16,-3,None
0,-4,-2,-2,10,25,-8,-8,-4,0,12,6,-3,-16,-3,None
0,12,7,-2,-10,20,1,-17,-1,0,12,6,-3,-16,-3,None
0,-10,-16,8,23,-33,-12,-2,-4,0,12,6,-3,-16,-3,None
0,-10,-16,8,23,-33,-12,-2,-4,17,12,6,-3,-16,-3,None
0,-10,-16,8,23,-33,-12,-2,-4,17,12,6,-4,-15,-3,None
0,-4,-5,-10,-87,9,-13,5,0,17,12,6,-4,-15,-3,None
0,-6,-2,-14,-2,-14,-2,-8,-1,17,12,6,-4,-15,-3,None
0,9,31,6,74,14,8,-2,-2,17,12,6,-4,-15,-3,None
0,2,-35,-3,-1,-20,-2,3,1,17,12,6,-4,-15,-3,None
0,2,-35,-3,-1,-20,-2,3,1,17,12,6,-4,-15,-3,None
0,2,-35,-3,-1,-20,-2,3,1,17,12,6,-4,-15,-3,None
0,-16,68,0,22,-92,-4,-1,-7,17,12,6,-4,-15,-3,None
0,4,-59,12,22,103,16,2,1,17,12,6,-4,-15,-3,None
0,-34,3,-20,-103,-36,-16,-10,-3,17,12,6,-4,-15,-3,None
0,0,-16,14,97,-21,-10,0,3,17,12,6,-4,-15,-3,None
0,0,-16,14,97,-21,-10,0,3,16,11,6,-4,-15,-3,None
0,0,-16,14,97,-21,-10,0,3,16,11,6,-4,-15,-2,None
0,9,-1,-13,-102,-29,-1,6,-1,16,11,6,-4,-15,-2,None
0,7,12,-10,0,24,-6,-7,-6,16,11,6,-4,-15,-2,None
0,-11,-6,2,34,-27,9,4,5,16,11,6,-4,-15,-2,None
0,-1,4,-3,-95,-20,-5,-4,-3,16,11,6,-4,-15,-2,None
0,-1,4,-3,-95,-20,-5,-4,-3,16,11,6,-4,-15,-2,None
0,-1,4,-3,-95,-20,-5,-4,-3,16,11,6,-4,-14,-3,None
0,64,16,0,68,100,-11,-7,-5,16,11,6,-4,-14,-3,None
0,-21,7,-16,74,-26,7,3,-6,16,11,6,-4,-14,-3,None
0,-24,2,42,35,53,6,-7,-1,16,11,6,-4,-14,-3,None
0,-15,17,21,27,2,14,3,-1,16,11,6,-4,-14,-3,None
0,-15,17,21,27,2,14,3,-1,16,11,6,-4,-14,-3,None
0,-15,17,21,27,2,14,3,-1,16,11,6,-5,-13,-3,None
0,5,2,-40,-43,72,-11,-2,1,16,11,6,-5,-13,-3,None
0,-23,3,6,28,41,0,-3,-2,16,11,6,-5,-13,-3,None
0,21,16,-5,38,38,-6,-4,-6,16,11,6,-5,-13,-3,None
0,16,5,4,-14,-35,0,-1,-6,16,11,6,-5,-13,-3,None
0,16,5,4,-14,-35,0,-1,-6,15,11,6,-5,-13,-3,None
0,16,5,4,-14,-35,0,-1,-6,15,11,6,-5,-13,-3,None
0,-40,-31,34,111,33,6,2,7,15,11,6,-5,-13,-3,None
0,3,18,-16,23,-7,7,2,3,15,11,6,-5,-13,-3,None
0,9,-21,-6,20,-65,-11,-7,-3,15,11,6,-5,-13,-3,None
0,2,4,-23,-34,89,7,1,-2,15,11,6,-5,-13,-3,None
0,2,4,-23,-34,89,7,1,-2,15,10,6,-5,-13,-3,None
0,2,4,-23,-34,89,7,1,-2,15,10,6,-5,-12,-3,None
0,-9,-12,19,14,-49,-12,5,2,15,10,6,-5,-12,-3,None
0,-9,-7,-5,-73,-49,1,-1,0,15,10,6,-5,-12,-3,None
0,12,44,-29,91,62,5,1,4,15,10,6,-5,-12,-3,None
0,46,-17,5,-7,56,-13,-10,-12,15,10,6,-5,-12,-3,None
0,46,-17,5,-7,56,-13,-10,-12,15,10,6,-5,-12,-3,None
0,46,-17,5,-7,56,-13,-10,-12,15,10,6,-5,-12,-3,None
0,-3,13,14,-1,18,9,-1,-1,15,10,6,-5,-12,-3,None
0,22,6,13,-57,-78,-6,3,2,15,10,6,-5,-12,-3,None
0,7,-2,0,-56,11,10,1,-1,15,10,6,-5,-12,-3,None
0,-7,36,-14,35,-10,-21,-8,-3,15,10,6,-5,-12,-3,None
0,-7,36,-14,35,-10,-21,-8,-3,14,10,6,-5,-12,-3,None
0,-7,36,-14,35,-10,-21,-8,-3,14,10,6,-5,-12,-2,None
0,-35,-40,-15,3,85,19,6,2,14,10,6,-5,-12,-2,None
0,10,22,10,64,-81,-9,-4,-5,14,10,6,-5,-12,-2,None
0,9,-32,-32,-83,85,14,4,6,14,10,6,-5,-12,-2,None
0,25,11,-13,7,-120,-6,-1,-3,14,10,6,-5,-12,-2,None
0,25,11,-13,7,-120,-6,-1,-3,14,10,6,-5,-12,-2,None
0,25,11,-13,7,-120,-6,-1,-3,14,10,6,-5,-11,-2,None
0,-40,-12,37,38,-128,-20,-8,-9,14,10,6,-5,-11,-2,None
0,-7,5,-3,61,-6,-7,-5,-10,14,10,6,-5,-11,-2,None
0,-4,-7,9,-36,-18,-1,-2,6,14,10,6,-5,-11,-2,None
0,1,23,27,126,114,18,6,8,14,10,6,-5,-11,-2,None
0,1,23,27,126,114,18,6,8,14,10,6,-5,-11,-2,None
0,1,23,27,126,114,18,6,8,14,10,6,-6,-11,-2,None
0,-1,-12,-38,-71,-14,-15,-8,-6,14,10,6,-6,-11,-2,None
0,37,47,-14,12,12,-18,-3,1,14,10,6,-6,-11,-2,None
0,-62,10,33,56,-93,-9,-5,-11,14,10,6,-6,-11,-2,None
0,-17,10,-43,-75,-30,12,6,5,14,10,6,-6,-11,-2,None
0,-17,10,-43,-75,-30,12,6,5,14,10,6,-6,-11,-2,None
0,-17,10,-43,-75,-30,12,6,5,14,10,6,-6,-11,-1,None
0,12,-8,21,-34,6,6,1,-1,14,10,6,-6,-11,-1,None
0,-19,-1,-12,35,105,-12,-7,-5,14,10,6,-6,-11,-1,None
0,43,-5,-33,-48,23,-1,0,-3,14,10,6,-6,-11,-1,None
0,-12,-3,-12,30,-35,-3,-1,3,14,10,6,-6,-11,-1,None
0,-12,-3,-12,30,-35,-3,-1,3,14,10,6,-6,-11,-1,None
0,-12,-3,-12,30,-35,-3,-1,3,14,10,6,-6,-11,-1,None
0,7,11,-7,50,32,23,7,-2,14,10,6,-6,-11,-1,None
0,-9,8,21,-128,-69,-8,-8,-3,14,10,6,-6,-11,-1,None
0,11,-16,22,37,-20,-13,-7,-4,14,10,6,-6,-11,-1,None
0,-24,-28,-8,5,7,-10,-3,-2,14,10,6,-6,-11,-1,None
0,-24,-28,-8,5,7,-10,-3,-2,14,10,6,-6,-11,-1,None
0,-24,-28,-8,5,7,-10,-3,-2,14,10,6,-6,-10,-1,None
0,13,9,-20,32,8,4,-1,1,14,10,6,-6,-10,-1,None
0,37,16,0,-14,-59,0,1,5,14,10,6,-6,-10,-1,None
0,-3,-9,-7,2,21,1,2,-1,14,10,6,-6,-10,-1,None
0,-10,-10,8,-67,75,-10,-10,-13,14,10,6,-6,-10,-1,None
0,-10,-10,8,-67,75,-10,-10,-13,14,10,6,-6,-10,-1,None
0,-10,-10,8,-67,75,-10,-10,-13,14,10,6,-6,-10,0,None
0,-3,0,-8,-52,44,0,1,2,14,10,6,-6,-10,0,None
0,-13,-5,59,70,85,15,4,1,14,10,6,-6,-10,0,None
0,42,-9,-7,-103,-116,-26,-10,-4,14,10,6,-6,-10,0,None
0,-18,6,-4,11,20,2,-2,-3,14,10,6,-6,-10,0,None
0,-18,6,-4,11,20,2,-2,-3,14,10,6,-6,-10,0,None
0,-18,6,-4,11,20,2,-2,-3,14,10,6,-6,-10,0,None
0,1,0,5,27,-10,-4,-4,-1,14,10,6,-6,-10,0,None
0,-8,-32,-44,18,79,1,-2,-4,14,10,6,-6,-10,0,None
0,-27,-1,39,8,37,7,3,-1,14,10,6,-6,-10,0,None
0,14,0,7,-51,-11,-3,-3,2,14,10,6,-6,-10,0,None
0,14,0,7,-51,-11,-3,-3,2,14,9,6,-6,-10,0,None
0,14,0,7,-51,-11,-3,-3,2,14,9,6,-7,-10,0,None
0,4,16,-19,-23,-29,-12,-7,-6,14,9,6,-7,-10,0,None
0,0,-10,-20,-52,34,19,9,4,14,9,6,-7,-10,0,None
0,-11,5,-22,-24,-56,6,0,0,14,9,6,-7,-10,0,None
0,-4,4,3,-35,7,4,5,3,14,9,6,-7,-10,0,None
0,-4,4,3,-35,7,4,5,3,13,9,6,-7,-10,0,None
0,-4,4,3,-35,7,4,5,3,13,9,6,-8,-9,0,None
0,-31,-17,9,3,53,-7,-5,-6,13,9,6,-8,-9,0,None
0,0,-4,-5,-28,-128,-2,-1,1,13,9,6,-8,-9,0,None
0,-12,-3,3,2,63,3,-3,-6,13,9,6,-8,-9,0,None
0,-8,-9,-1,19,-1,-4,-1,-3,13,9,6,-8,-9,0,None
0,-8,-9,-1,19,-1,-4,-1,-3,13,9,6,-8,-9,0,None
0,-8,-9,-1,19,-1,-4,-1,-3,13,9,6,-8,-9,1,None
0,8,24,-34,-18,-38,-5,0,3,13,9,6,-8,-9,1,None
0,0,-11,28,4,38,1,-1,-3,13,9,6,-8,-9,1,None
0,-5,-4,-1,5,-42,1,1,2,13,9,6,-8,-9,1,None
0,-8,9,1,-61,-25,-6,-4,-8,13,9,6,-8,-9,1,None
0,-8,9,1,-61,-25,-6,-4,-8,13,9,6,-8,-9,1,None
0,-8,9,1,-61,-25,-6,-4,-8,13,9,6,-8,-8,1,None
0,14,11,3,6,12,8,-3,4,13,9,6,-8,-8,1,None
0,11,-53,-16,0,20,-3,-3,-1,13,9,6,-8,-8,1,None
0,-21,9,-14,-29,-32,7,1,-7,13,9,6,-8,-8,1,None
0,2,3,2,48,18,-5,-5,-4,13,9,6,-8,-8,1,None
0,2,3,2,48,18,-5,-5,-4,13,9,6,-8,-8,1,None
0,2,3,2,48,18,-5,-5,-4,13,9,6,-9,-9,1,None
0,9,-1,7,77,-2,2,6,2,13,9,6,-9,-9,1,None
0,-6,3,-23,-18,-52,-6,-2,-1,13,9,6,-9,-9,1,None
0,40,-5,1,45,71,13,4,5,13,9,6,-9,-9,1,None
0,23,7,-13,-41,-13,-11,-4,0,13,9,6,-9,-9,1,None
0,23,7,-13,-41,-13,-11,-4,0,13,9,6,-9,-9,1,None
0,23,7,-13,-41,-13,-11,-4,0,13,9,6,-10,-10,0,None
0,0,-16,3,16,-1,-14,-8,-9,13,9,6,-10,-10,0,None
0,-60,15,5,3,-14,-6,-5,-8,13,9,6,-10,-10,0,None
0,-7,-6,-15,44,42,-7,1,-1,13,9,6,-10,-10,0,None
0,-7,7,12,39,-35,16,3,4,13,9,6,-10,-10,0,None
0,-7,7,12,39,-35,16,3,4,13,9,6,-10,-10,0,None
0,-7,7,12,39,-35,16,3,4,13,9,6,-10,-10,0,None
0,-9,16,9,-1,-34,-4,-4,-4,13,9,6,-10,-10,0,None
0,22,1,3,-1,33,-7,-1,0,13,9,6,-10,-10,0,None
0,10,4,3,-35,-19,-7,-2,-2,13,9,6,-10,-10,0,None
0,-21,-1,-5,27,58,4,3,-1,13,9,6,-10,-10,0,None
0,-21,-1,-5,27,58,4,3,-1,13,9,6,-10,-10,0,None
0,-21,-1,-5,27,58,4,3,-1,13,9,6,-10,-10,0,None
0,26,-7,8,-68,-73,-7,-3,2,13,9,6,-10,-10,0,None
0,11,1,-17,-9,-29,3,2,2,13,9,6,-10,-10,0,None
0,-52,6,-7,-40,7,-2,-5,-10,13,9,6,-10,-10,0,None
0,-8,-3,-1,29,9,4,1,1,13,9,6,-10,-10,0,None
0,-8,-3,-1,29,9,4,1,1,13,9,6,-10,-10,0,None
0,-8,-3,-1,29,9,4,1,1,13,9,6,-11,-10,1,None
0,35,35,-9,-36,22,-4,1,-1,13,9,6,-11,-10,1,None
0,3,-5,10,6,-26,4,0,4,13,9,6,-11,-10,1,None
0,0,-3,-12,23,-1,6,3,3,13,9,6,-11,-10,1,None
0,1,-4,-22,-14,-6,-9,-4,-2,13,9,6,-11,-10,1,None
0,1,-4,-22,-14,-6,-9,-4,-2,13,9,6,-11,-10,1,None
0,1,-4,-22,-14,-6,-9,-4,-2,13,9,6,-11,-10,1,None
0,-6,5,14,-10,-34,-4,0,-2,13,9,6,-11,-10,1,None
0,-4,0,2,-12,-46,-1,-2,-1,13,9,6,-11,-10,1,None
0,13,5,1,17,15,-10,-3,0,13,9,6,-11,-10,1,None
0,-6,6,-10,-28,38,0,-3,-4,13,9,6,-11,-10,1,None
0,-6,6,-10,-28,38,0,-3,-4,13,9,6,-11,-10,1,None
0,-6,6,-10,-28,38,0,-3,-4,13,9,6,-11,-10,1,None
0,0,-21,5,51,18,1,1,-2,13,9,6,-11,-10,1,None
0,1,10,-4,10,30,-2,-6,-2,13,9,6,-11,-10,1,None
0,-5,-9,2,23,-35,-2,2,1,13,9,6,-11,-10,1,None
0,5,15,9,13,-33,3,0,1,13,9,6,-11,-10,1,None
0,5,15,9,13,-33,3,0,1,13,9,6,-11,-10,1,None
0,5,15,9,13,-33,3,0,1,13,9,6,-11,-10,1,None
0,-29,-13,-9,9,-5,4,4,1,13,9,6,-11,-10,1,None
0,38,-2,-10,31,39,-4,0,-4,13,9,6,-11,-10,1,None
0,4,14,-6,28,3,-6,-9,-6,13,9,6,-11,-10,1,None
0,-49,-13,10,-42,-29,15,8,3,13,9,6,-11,-10,1,None
0,-49,-13,10,-42,-29,15,8,3,13,9,6,-11,-10,1,None
0,-49,-13,10,-42,-29,15,8,3,13,9,6,-11,-9,1,None
0,-60,-11,-30,60,33,0,-4,-8,13,9,6,-11,-9,1,None
0,-16,-1,-33,4,-9,-5,-4,-3,13,9,6,-11,-9,1,None
0,4,-6,-4,-52,23,-2,-4,-3,13,9,6,-11,-9,1,None
0,12,-8,18,31,-34,-6,-3,-1,13,9,6,-11,-9,1,None
0,12,-8,18,31,-34,-6,-3,-1,13,9,6,-11,-9,1,None
0,12,-8,18,31,-34,-6,-3,-1,13,9,6,-11,-9,1,None
0,22,-8,-9,1,6,-6,-4,-2,13,9,6,-11,-9,1,None
0,-15,-9,12,9,26,13,2,0,13,9,6,-11,-9,1,None
0,-7,1,-11,-26,-35,-3,-1,-4,13,9,6,-11,-9,1,None
0,11,-1,-13,-8,-42,-8,-6,-3,13,9,6,-11,-9,1,None
0,11,-1,-13,-8,-42,-8,-6,-3,13,9,6,-11,-9,1,None
0,11,-1,-13,-8,-42,-8,-6,-3,13,9,6,-11,-10,1,None
0,6,0,6,25,-18,6,1,0,13,9,6,-11,-10,1,None
0,2,9,9,-23,7,-5,-7,-3,13,9,6,-11,-10,1,None
0,15,2,-6,-19,-12,-10,-3,-3,13,9,6,-11,-10,1,None
0,4,-7,-8,23,6,2,1,2,13,9,6,-11,-10,1,None
0,4,-7,-8,23,6,2,1,2,13,9,6,-11,-10,1,None
0,4,-7,-8,23,6,2,1,2,13,9,6,-11,-9,0,None
0,6,-1,1,-20,7,-5,-1,-2,13,9,6,-11,-9,0,None
0,-11,6,3,36,9,4,3,0,13,9,6,-11,-9,0,None
0,68,-2,8,-49,-2,3,-2,3,13,9,6,-11,-9,0,None
0,-7,2,44,31,17,0,0,-2,13,9,6,-11,-9,0,None
0,-7,2,44,31,17,0,0,-2,13,9,6,-11,-9,0,None
0,-7,2,44,31,17,0,0,-2,13,9,6,-11,-9,0,None
0,2,12,-24,-11,-27,-9,-3,-1,13,9,6,-11,-9,0,None
0,1,4,8,30,10,6,2,0,13,9,6,-11,-9,0,None
0,-54,1,-4,15,-35,2,0,-4,13,9,6,-11,-9,0,None
0,10,-9,-17,11,110,-3,-2,-1,13,9,6,-11,-9,0,None
0,10,-9,-17,11,110,-3,-2,-1,13,9,6,-11,-9,0,None
0,10,-9,-17,11,110,-3,-2,-1,13,9,6,-11,-9,0,None
0,13,1,6,-9,22,-3,-1,1,13,9,6,-11,-9,0,None
0,-4,7,12,17,3,-8,-4,-4,13,9,6,-11,-9,0,None
0,-9,6,-4,6,-16,4,5,5,13,9,6,-11,-9,0,None
0,1,-16,-17,-44,-16,-1,-5,-3,13,9,6,-11,-9,0,None
0,1,-16,-17,-44,-16,-1,-5,-3,13,9,6,-11,-9,0,None
0,1,-16,-17,-44,-16,-1,-5,-3,13,9,6,-11,-9,0,None
0,-17,-10,-2,-6,-13,-4,-7,-8,13,9,6,-11,-9,0,None
0,-3,20,3,11,13,2,1,-1,13,9,6,-11,-9,0,None
0,-12,-41,8,0,4,-1,-3,0,13,9,6,-11,-9,0,None
0,2,4,-9,-11,-58,-4,-1,-3,13,9,6,-11,-9,0,None
0,2,4,-9,-11,-58,-4,-1,-3,13,9,6,-11,-9,0,None
0,2,4,-9,-11,-58,-4,-1,-3,13,9,6,-11,-9,0,None
0,9,-4,-7,67,97,-2,-3,-3,13,9,6,-11,-9,0,None
0,5,-6,8,-37,-64,-5,-5,-6,13,9,6,-11,-9,0,None
0,0,9,-4,57,38,2,0,1,13,9,6,-11,-9,0,None
0,-13,1,-11,-22,-11,-1,0,-3,13,9,6,-11,-9,0,None
0,-13,1,-11,-22,-11,-1,0,-3,13,9,6,-11,-9,0,None
0,-13,1,-11,-22,-11,-1,0,-3,13,9,6,-11,-9,0,None
0,57,-4,16,64,24,1,-1,-2,13,9,6,-11,-9,0,None
0,0,-1,-12,-62,-29,1,1,3,13,9,6,-11,-9,0,None
0,-16,15,-15,-27,-20,3,-2,-3,13,9,6,-11,-9,0,None
0,9,7,-3,32,11,-11,-5,-3,13,9,6,-11,-9,0,None
0,9,7,-3,32,11,-11,-5,-3,13,9,6,-11,-9,0,None
0,9,7,-3,32,11,-11,-5,-3,13,9,6,-11,-9,0,None
0,-11,-1,-3,-56,-29,-4,-1,-2,13,9,6,-11,-9,0,None
0,-5,-6,0,1,13,-1,1,-2,13,9,6,-11,-9,0,None
0,19,6,0,1,-1,12,5,6,13,9,6,-11,-9,0,None
0,-1,1,4,40,61,3,1,-1,13,9,6,-11,-9,0,None
0,-1,1,4,40,61,3,1,-1,13,9,6,-11,-9,0,None
0,-1,1,4,40,61,3,1,-1,13,9,6,-10,-9,0,None
0,-9,4,10,-63,-52,-3,0,0,13,9,6,-10,-9,0,None
0,7,8,5,46,28,-1,-1,2,13,9,6,-10,-9,0,None
0,-62,-8,2,36,17,-8,-6,-8,13,9,6,-10,-9,0,None
0,4,6,-2,14,-4,4,2,0,13,9,6,-10,-9,0,None
0,4,6,-2,14,-4,4,2,0,13,9,6,-10,-9,0,None
0,4,6,-2,14,-4,4,2,0,13,9,6,-11,-9,0,None
0,-14,-5,-6,-8,19,5,0,1,13,9,6,-11,-9,0,None
0,-3,1,13,11,5,-5,-1,1,13,9,6,-11,-9,0,None
0,12,-1,-34,12,2,1,-1,-2,13,9,6,-11,-9,0,None
0,-1,-2,-2,-6,7,-6,-5,-3,13,9,6,-11,-9,0,None
0,-1,-2,-2,-6,7,-6,-5,-3,13,9,6,-11,-9,0,None
0,-1,-2,-2,-6,7,-6,-5,-3,13,9,6,-12,-9,0,None
0,-3,1,13,10,-19,0,-2,-1,13,9,6,-12,-9,0,None
0,-2,-1,-11,-38,-12,2,-2,0,13,9,6,-12,-9,0,None
0,9,0,-1,-8,-9,-2,-1,-1,13,9,6,-12,-9,0,None
0,0,4,-5,-25,-17,-10,-1,-1,13,9,6,-12,-9,0,None
0,0,4,-5,-25,-17,-10,-1,-1,13,9,6,-12,-9,0,None
0,0,4,-5,-25,-17,-10,-1,-1,13,9,6,-10,-10,0,None
0,1,3,3,-46,-56,14,2,2,13,9,6,-10,-10,0,None
0,-1,-5,-22,26,44,-7,-5,-4,13,9,6,-10,-10,0,None
0,4,1,25,-16,13,-2,-2,-1,13,9,6,-10,-10,0,None
0,0,2,-1,-5,-9,-2,-1,0,13,9,6,-10,-10,0,None
0,0,2,-1,-5,-9,-2,-1,0,13,9,6,-10,-10,0,None
0,0,2,-1,-5,-9,-2,-1,0,13,9,6,-8,-10,0,None
0,-3,2,-2,3,-14,0,1,2,13,9,6,-8,-10,0,None
0,-2,1,-5,-24,14,6,4,2,13,9,6,-8,-10,0,None
0,1,1,14,54,8,-7,-7,-6,13,9,6,-8,-10,0,None
0,-1,-4,-19,-11,-8,-1,-2,-2,13,9,6,-8,-10,0,None
0,-1,-4,-19,-11,-8,-1,-2,-2,13,9,6,-8,-10,0,None
0,-1,-4,-19,-11,-8,-1,-2,-2,13,9,6,-7,-9,0,None
0,-4,1,-4,-26,2,0,-1,-1,13,9,6,-7,-9,0,None
0,-4,0,0,-18,-8,-5,-3,-1,13,9,6,-7,-9,0,None
0,4,3,-10,3,-2,3,0,1,13,9,6,-7,-9,0,None
0,2,4,9,8,1,9,1,0,13,9,6,-7,-9,0,None
0,2,4,9,8,1,9,1,0,14,9,6,-7,-9,0,None
0,2,4,9,8,1,9,1,0,14,9,6,-6,-9,0,None
0,-12,-11,-1,2,19,-8,-6,-5,14,9,6,-6,-9,0,None
0,-10,14,-2,26,-5,2,-2,-2,14,9,6,-6,-9,0,None
0,1,1,6,-5,-3,-5,1,-1,14,9,6,-6,-9,0,None
0,5,-2,-4,-16,-57,2,0,0,14,9,6,-6,-9,0,None
0,5,-2,-4,-16,-57,2,0,0,14,9,6,-6,-9,0,None
0,5,-2,-4,-16,-57,2,0,0,14,9,6,-7,-10,0,None
0,-4,9,-8,9,56,3,-1,-3,14,9,6,-7,-10,0,None
0,-2,-26,-4,-4,12,-9,-1,-2,14,9,6,-7,-10,0,None
0,2,-1,0,-1,-7,-4,-3,-2,14,9,6,-7,-10,0,None
0,-7,5,-6,-11,4,13,2,1,14,9,6,-7,-10,0,None
0,-7,5,-6,-11,4,13,2,1,14,9,6,-7,-10,0,None
0,-7,5,-6,-11,4,13,2,1,14,9,6,-8,-9,0,None
0,6,3,-2,27,-2,-9,-1,0,14,9,6,-8,-9,0,None
0,2,1,-1,-59,-29,-1,-3,-3,14,9,6,-8,-9,0,None
0,-5,-2,-4,-6,19,-1,-3,-3,14,9,6,-8,-9,0,None
0,2,-6,-3,-4,5,-7,-4,-2,14,9,6,-8,-9,0,None
0,2,-6,-3,-4,5,-7,-4,-2,14,9,6,-8,-9,0,None
0,2,-6,-3,-4,5,-7,-4,-2,14,9,6,-7,-9,0,None
0,-2,1,-6,0,-7,-15,-5,-1,14,9,6,-7,-9,0,None
0,3,3,-6,4,-8,23,5,2,14,9,6,-7,-9,0,None
0,0,-2,13,-5,0,5,-2,0,14,9,6,-7,-9,0,None
0,-2,3,-12,2,-4,-11,-5,-3,14,9,6,-7,-9,0,None
0,-2,3,-12,2,-4,-11,-5,-3,14,9,6,-7,-9,0,None
0,-2,3,-12,2,-4,-11,-5,-3,14,9,6,-6,-11,0,None
0,-3,-3,1,-2,-9,-15,0,-4,14,9,6,-6,-11,0,None
0,-3,5,-7,-1,6,17,-1,-2,14,9,6,-6,-11,0,None
0,1,5,-14,-12,6,0,-3,-1,14,9,6,-6,-11,0,None
0,-1,-1,3,1,14,6,0,0,14,9,6,-6,-11,0,None
0,-1,-1,3,1,14,6,0,0,14,10,6,-6,-11,0,None
0,-1,-1,3,1,14,6,0,0,14,10,6,-6,-11,0,None
0,-2,-1,-8,0,-5,0,-4,-1,14,10,6,-6,-11,0,None
0,-2,-3,-1,-2,9,-18,-4,-3,14,10,6,-6,-11,0,None
0,-1,1,-13,-8,-23,-13,-4,-3,14,10,6,-6,-11,0,None
0,2,2,13,-4,7,0,1,-1,14,10,6,-6,-11,0,None
0,2,2,13,-4,7,0,1,-1,14,10,6,-6,-11,0,None
0,2,2,13,-4,7,0,1,-1,14,10,6,-6,-12,-1,None
0,-1,-2,-17,3,-6,6,0,-1,14,10,6,-6,-12,-1,None
0,0,4,4,5,-1,-7,-3,-2,14,10,6,-6,-12,-1,None
0,1,2,17,-18,13,-9,-2,0,14,10,6,-6,-12,-1,None
0,-3,2,-3,5,-3,0,-5,-1,14,10,6,-6,-12,-1,None
0,-3,2,-3,5,-3,0,-5,-1,14,10,6,-6,-12,-1,None
0,-3,2,-3,5,-3,0,-5,-1,14,10,6,-6,-11,-1,None
0,-1,0,5,-5,-5,2,-2,-2,14,10,6,-6,-11,-1,None
0,-2,-1,4,23,-4,-16,-4,0,14,10,6,-6,-11,-1,None
0,0,-1,-12,1,-2,27,2,-1,14,10,6,-6,-11,-1,None
0,-3,-1,-3,-3,-4,-8,-1,-2,14,10,6,-6,-11,-1,None
0,-3,-1,-3,-3,-4,-8,-1,-2,14,10,6,-6,-11,-1,None
0,-3,-1,-3,-3,-4,-8,-1,-2,14,10,6,-7,-12,-2,None
0,0,3,1,-6,4,-7,-1,-1,14,10,6,-7,-12,-2,None
0,0,2,8,5,5,16,-4,-1,14,10,6,-7,-12,-2,None
0,0,1,-1,-17,0,-6,1,2,14,10,6,-7,-12,-2,None
0,-2,-1,-6,13,6,-4,-2,-1,14,10,6,-7,-12,-2,None
0,-2,-1,-6,13,6,-4,-2,-1,15,10,6,-7,-12,-2,None
0,-2,-1,-6,13,6,-4,-2,-1,15,10,6,-7,-12,-1,None
0,-2,-1,-9,10,-2,-12,-5,-2,15,10,6,-7,-12,-1,None
0,-2,2,-11,-21,-12,-1,3,-1,15,10,6,-7,-12,-1,None
0,-2,2,11,-1,0,-3,-1,-5,15,10,6,-7,-12,-1,None
0,1,-1,-14,-19,9,7,-1,1,15,10,6,-7,-12,-1,None
0,1,-1,-14,-19,9,7,-1,1,15,10,6,-7,-12,-1,None
0,1,-1,-14,-19,9,7,-1,1,15,10,6,-7,-12,-2,None
0,-1,0,2,-6,1,-3,-1,-2,15,10,6,-7,-12,-2,None
0,-2,-3,-3,5,2,-21,-7,-3,15,10,6,-7,-12,-2,None
0,1,2,-2,-9,15,26,4,-1,15,10,6,-7,-12,-2,None
0,0,2,0,17,-27,7,2,-1,15,10,6,-7,-12,-2,None
0,0,2,0,17,-27,7,2,-1,15,10,6,-7,-12,-2,None
0,0,2,0,17,-27,7,2,-1,15,10,6,-7,-13,-2,None
0,-2,0,-3,-13,-4,4,-2,-1,15,10,6,-7,-13,-2,None
0,0,4,3,-11,0,1,-1,0,15,10,6,-7,-13,-2,None
0,-1,3,3,20,4,-23,-11,-3,15,10,6,-7,-13,-2,None
0,-2,-7,-2,-5,7,-7,-2,-3,15,10,6,-7,-13,-2,None
0,-2,-7,-2,-5,7,-7,-2,-3,16,11,6,-7,-13,-2,None
0,-2,-7,-2,-5,7,-7,-2,-3,16,11,6,-7,-13,-3,None
0,0,-1,-22,-2,0,8,-2,0,16,11,6,-7,-13,-3,None
0,0,3,15,19,5,-3,0,-1,16,11,6,-7,-13,-3,None
0,-1,-2,-18,1,-4,5,1,-1,16,11,6,-7,-13,-3,None
0,1,4,-3,1,5,-11,-3,0,16,11,6,-7,-13,-3,None
0,1,4,-3,1,5,-11,-3,0,16,11,6,-7,-13,-3,None
0,1,4,-3,1,5,-11,-3,0,16,11,6,-7,-12,-3,None
0,1,0,6,5,5,12,-1,-2,16,11,6,-7,-12,-3,None
0,0,2,8,-12,-10,5,-1,-3,16,11,6,-7,-12,-3,None
0,-2,-2,-15,-10,-1,-6,0,0,16,11,6,-7,-12,-3,None
0,0,3,4,-1,3,-4,-5,-5,16,11,6,-7,-12,-3,None
0,0,3,4,-1,3,-4,-5,-5,16,11,6,-7,-12,-3,None
0,0,3,4,-1,3,-4,-5,-5,16,11,6,-6,-12,-4,None
0,-1,-1,9,-7,1,0,2,1,16,11,6,-6,-12,-4,None
0,-1,-2,-11,2,-2,-6,-2,-1,16,11,6,-6,-12,-4,None
0,1,0,-5,10,4,4,4,1,16,11,6,-6,-12,-4,None
0,-1,0,1,-4,4,-6,-2,0,16,11,6,-6,-12,-4,None
0,-1,0,1,-4,4,-6,-2,0,17,11,6,-6,-12,-4,None
0,-1,0,1,-4,4,-6,-2,0,17,11,6,-5,-13,-4,None
0,-3,0,-1,5,-11,1,-3,-3,17,11,6,-5,-13,-4,None
0,0,-3,-1,-9,-5,-1,-2,-3,17,11,6,-5,-13,-4,None
0,-2,-1,1,4,-6,-6,-7,-2,17,11,6,-5,-13,-4,None
0,0,2,11,8,11,3,0,1,17,11,6,-5,-13,-4,None
0,0,2,11,8,11,3,0,1,17,12,6,-5,-13,-4,None
0,0,2,11,8,11,3,0,1,17,12,6,-4,-14,-4,None
0,0,2,-4,6,-1,1,1,-1,17,12,6,-4,-14,-4,None
0,-2,1,-5,-7,-6,-3,-1,-2,17,12,6,-4,-14,-4,None
0,-1,0,3,6,4,-7,-2,-3,17,12,6,-4,-14,-4,None
0,0,2,5,-2,1,-1,-2,-2,17,12,6,-4,-14,-4,None
0,0,2,5,-2,1,-1,-2,-2,17,12,6,-4,-14,-4,None
0,0,2,5,-2,1,-1,-2,-2,17,12,6,-3,-15,-5,None
0,0,0,12,-1,-2,2,-1,-3,17,12,6,-3,-15,-5,None
0,-2,-3,-29,-2,3,-1,0,0,17,12,6,-3,-15,-5,None
0,-1,1,7,-3,5,-7,-2,-2,17,12,6,-3,-15,-5,None
0,-2,-3,-34,-25,-26,-3,-7,-3,17,12,6,-3,-15,-5,None
0,-2,-3,-34,-25,-26,-3,-7,-3,17,12,6,-3,-15,-5,None
0,-2,-3,-34,-25,-26,-3,-7,-3,17,12,6,-3,-16,-5,None
0,-2,-1,6,-12,26,1,2,-2,17,12,6,-3,-16,-5,None
0,-2,2,1,29,11,-1,0,0,17,12,6,-3,-16,-5,None
0,-3,-4,-24,-26,-11,-3,3,-4,17,12,6,-3,-16,-5,None
0,-3,1,2,0,7,1,-5,-4,17,12,6,-3,-16,-5,None
0,-3,1,2,0,7,1,-5,-4,0,12,6,-3,-16,-5,None
0,-3,1,2,0,7,1,-5,-4,0,12,6,-2,-16,-5,None
0,0,0,-6,-18,4,2,2,2,0,12,6,-2,-16,-5,None
0,-1,2,7,15,-16,-3,-3,-2,0,12,6,-2,-16,-5,None
0,1,2,5,-9,-24,-3,-2,-2,0,12,6,-2,-16,-5,None
0,-2,-4,-1,41,27,-1,-1,-2,0,12,6,-2,-16,-5,None
0,-2,-4,-1,41,27,-1,-1,-2,0,13,6,-2,-16,-5,None
0,-2,-4,-1,41,27,-1,-1,-2,0,13,6,-2,-14,-5,None
0,0,2,0,0,5,3,-1,0,0,13,6,-2,-14,-5,None
0,0,2,1,34,-13,-1,0,-2,0,13,6,-2,-14,-5,None
0,-6,-8,-2,31,44,-4,-6,-5,0,13,6,-2,-14,-5,None
0,-2,0,-5,-23,-27,-5,-1,-4,0,13,6,-2,-14,-5,None
0,-2,0,-5,-23,-27,-5,-1,-4,0,13,6,-2,-14,-5,None
0,-2,0,-5,-23,-27,-5,-1,-4,0,13,6,-1,-14,-5,None
0,-1,0,16,-41,-8,-7,-7,-2,0,13,6,-1,-14,-5,None
0,1,0,-17,7,1,10,6,2,0,13,6,-1,-14,-5,None
0,-1,3,5,-29,-7,-3,-2,1,0,13,6,-1,-14,-5,None
0,2,5,2,68,29,2,3,0,0,13,6,-1,-14,-5,None
0,2,5,2,68,29,2,3,0,0,13,6,-1,-14,-5,None
0,2,5,2,68,29,2,3,0,0,13,6,0,-14,-5,None
0,0,3,8,-61,-8,9,1,1,0,13,6,0,-14,-5,None
0,-7,-3,-1,-34,-10,-12,-8,-6,0,13,6,0,-14,-5,None
0,3,3,8,117,57,0,-1,-4,0,13,6,0,-14,-5,None
0,-4,-3,-16,-59,-24,-2,4,-5,0,13,6,0,-14,-5,None
0,-4,-3,-16,-59,-24,-2,4,-5,1,13,6,0,-14,-5,None
0,-4,-3,-16,-59,-24,-2,4,-5,1,13,6,0,-15,-5,None
0,-2,1,-3,58,-23,-13,-8,-2,1,13,6,0,-15,-5,None
0,0,2,3,15,16,7,1,-2,1,13,6,0,-15,-5,None
0,1,6,0,76,-6,4,3,4,1,13,6,0,-15,-5,None
0,-2,-6,-11,-96,-41,-9,-8,-2,1,13,6,0,-15,-5,None
0,-2,-6,-11,-96,-41,-9,-8,-2,1,13,6,0,-15,-5,None
0,-2,-6,-11,-96,-41,-9,-8,-2,1,13,6,1,-14,-4,None
0,-1,-3,-14,-1,32,1,-1,0,1,13,6,1,-14,-4,None
0,-2,-1,-2,-42,30,6,4,-4,1,13,6,1,-14,-4,None
0,-8,-7,7,51,-48,-11,-10,-7,1,13,6,1,-14,-4,None
0,1,4,6,3,-4,2,-7,1,1,13,6,1,-14,-4,None
0,1,4,6,3,-4,2,-7,1,1,13,6,1,-14,-4,None
0,1,4,6,3,-4,2,-7,1,1,13,6,2,-16,-5,None
0,0,3,-3,5,18,5,4,-1,1,13,6,2,-16,-5,None
0,2,1,3,-21,-17,-5,-8,2,1,13,6,2,-16,-5,None
0,2,5,8,-90,-8,6,8,3,1,13,6,2,-16,-5,None
0,-3,0,-1,-4,33,3,-3,-1,1,13,6,2,-16,-5,None
0,-3,0,-1,-4,33,3,-3,-1,1,13,6,2,-16,-5,None
0,-3,0,-1,-4,33,3,-3,-1,1,13,6,4,-16,-3,None
0,-2,-2,-4,30,-83,-7,-3,-5,1,13,6,4,-16,-3,None
0,-4,1,-21,10,98,9,1,-1,1,13,6,4,-16,-3,None
0,5,1,-7,-26,18,-6,-2,0,1,13,6,4,-16,-3,None
0,0,2,5,51,-24,-1,-6,2,1,13,6,4,-16,-3,None
0,0,2,5,51,-24,-1,-6,2,1,13,6,4,-16,-3,None
0,0,2,5,51,-24,-1,-6,2,1,13,6,5,-15,-3,None
0,-1,0,-2,-2,4,-5,0,0,1,13,6,5,-15,-3,None
0,-2,0,3,7,-46,-9,-7,-4,1,13,6,5,-15,-3,None
0,-2,1,-4,7,61,5,-1,4,1,13,6,5,-15,-3,None
0,-2,-3,-13,1,12,0,3,0,1,13,6,5,-15,-3,None
0,-2,-3,-13,1,12,0,3,0,1,14,6,5,-15,-3,None
0,-2,-3,-13,1,12,0,3,0,1,14,6,5,-14,-3,None
0,-1,0,-3,51,22,4,2,-5,1,14,6,5,-14,-3,None
0,-1,-1,4,2,-5,-3,-3,-3,1,14,6,5,-14,-3,None
0,-3,-3,-21,-63,-31,-8,-6,-2,1,14,6,5,-14,-3,None
0,2,7,17,7,3,3,1,2,1,14,6,5,-14,-3,None
0,2,7,17,7,3,3,1,2,1,14,6,5,-14,-3,None
0,2,7,17,7,3,3,1,2,1,14,6,6,-13,-3,None
0,-5,-7,-13,-5,53,-2,-4,-5,1,14,6,6,-13,-3,None
0,-1,0,-4,-16,-25,-7,-2,2,1,14,6,6,-13,-3,None
0,-4,2,9,42,-24,2,1,-5,1,14,6,6,-13,-3,None
0,0,3,-1,-34,38,1,3,-3,1,14,6,6,-13,-3,None
0,0,3,-1,-34,38,1,3,-3,1,14,6,6,-13,-3,None
0,0,3,-1,-34,38,1,3,-3,1,14,6,7,-13,-3,None
0,2,2,1,-2,-80,-5,-5,3,1,14,6,7,-13,-3,None
0,-1,2,6,39,42,1,5,-6,1,14,6,7,-13,-3,None
0,-2,-4,-5,13,-5,-3,-2,-2,1,14,6,7,-13,-3,None
0,-6,-1,-1,10,-12,2,0,-5,1,14,6,7,-13,-3,None
0,-6,-1,-1,10,-12,2,0,-5,2,14,6,7,-13,-3,None
0,-6,-1,-1,10,-12,2,0,-5,2,14,6,7,-12,-3,None
0,0,2,-4,-29,-34,-1,-2,3,2,14,6,7,-12,-3,None
0,-3,1,10,-11,16,2,0,-4,2,14,6,7,-12,-3,None
0,0,0,-28,-23,14,-2,-4,1,2,14,6,7,-12,-3,None
0,-3,-2,11,-42,-2,-3,1,-8,2,14,6,7,-12,-3,None
0,-3,-2,11,-42,-2,-3,1,-8,2,14,6,7,-12,-3,None
0,-3,-2,11,-42,-2,-3,1,-8,2,14,6,7,-12,-3,None
0,0,-1,-4,7,26,-2,-7,1,2,14,6,7,-12,-3,None
0,0,-2,-7,7,-44,-1,-3,0,2,14,6,7,-12,-3,None
0,1,5,5,-22,4,3,7,1,2,14,6,7,-12,-3,None
0,-1,1,-3,18,-40,-4,-2,-2,2,14,6,7,-12,-3,None
0,-1,1,-3,18,-40,-4,-2,-2,2,14,6,7,-12,-3,None
0,-1,1,-3,18,-40,-4,-2,-2,2,14,6,8,-12,-3,None
0,3,2,-4,9,-59,-2,2,3,2,14,6,8,-12,-3,None
0,-2,-2,-2,-1,1,-5,-4,1,2,14,6,8,-12,-3,None
0,-2,-3,0,-7,62,3,0,-4,2,14,6,8,-12,-3,None
0,3,2,-3,16,5,1,-1,3,2,14,6,8,-12,-3,None
0,3,2,-3,16,5,1,-1,3,2,14,6,8,-12,-3,None
0,3,2,-3,16,5,1,-1,3,2,14,6,8,-12,-4,None
0,-4,-2,2,-11,3,2,1,-3,2,14,6,8,-12,-4,None
0,2,2,-4,-5,-17,-1,-1,2,2,14,6,8,-12,-4,None
0,-3,-2,-1,-5,-40,-4,-3,-4,2,14,6,8,-12,-4,None
0,2,4,-3,19,14,-2,-1,3,2,14,6,8,-12,-4,None
0,2,4,-3,19,14,-2,-1,3,2,14,7,8,-12,-4,None
0,2,4,-3,19,14,-2,-1,3,2,14,7,10,-12,-3,None
0,-6,-3,-7,-4,23,0,-3,-8,2,14,7,10,-12,-3,None
0,2,-3,-2,-12,12,-6,-6,-1,2,14,7,10,-12,-3,None
0,-3,12,-2,6,7,3,-2,-1,2,14,7,10,-12,-3,None
0,-3,5,7,7,2,-3,-2,0,2,14,7,10,-12,-3,None
0,-3,5,7,7,2,-3,-2,0,2,14,7,10,-12,-3,None
0,-3,5,7,7,2,-3,-2,0,2,14,7,9,-13,-2,None
0,2,22,-2,-13,24,1,0,-2,2,14,7,9,-13,-2,None
0,-15,22,-4,-3,-13,1,-1,-2,2,14,7,9,-13,-2,None
0,24,-59,-5,-25,-42,-4,-4,-2,2,14,7,9,-13,-2,None
0,-3,4,-7,16,17,2,-1,-1,2,14,7,9,-13,-2,None
0,-3,4,-7,16,17,2,-1,-1,2,14,7,9,-13,-2,None
0,-3,4,-7,16,17,2,-1,-1,2,14,7,8,-15,-3,None
0,-3,-8,-4,6,13,0,0,-1,2,14,7,8,-15,-3,None
0,-1,8,-2,-2,0,-2,-2,-1,2,14,7,8,-15,-3,None
0,-6,14,5,-10,-5,-1,-2,1,2,14,7,8,-15,-3,None
0,-4,-3,-8,5,6,-1,-2,-6,2,14,7,8,-15,-3,None
0,-4,-3,-8,5,6,-1,-2,-6,2,14,7,8,-15,-3,None
0,-4,-3,-8,5,6,-1,-2,-6,2,14,7,8,-15,-3,None
0,-4,-10,-3,3,8,-1,-8,-3,2,14,7,8,-15,-3,None
0,0,-5,0,3,8,4,7,0,2,14,7,8,-15,-3,None
0,-6,7,-2,3,27,4,-1,-1,2,14,7,8,-15,-3,None
0,0,-13,-4,-19,-3,-2,-1,-1,2,14,7,8,-15,-3,None
0,0,-13,-4,-19,-3,-2,-1,-1,2,14,7,8,-15,-3,None
0,0,-13,-4,-19,-3,-2,-1,-1,2,14,7,7,-12,-2,None
0,-2,11,4,9,2,-1,0,-2,2,14,7,7,-12,-2,None
0,2,-1,-1,37,4,1,-3,-3,2,14,7,7,-12,-2,None
0,-5,7,-4,-17,-17,-2,-1,-1,2,14,7,7,-12,-2,None
0,-2,11,5,6,7,-1,-2,-2,2,14,7,7,-12,-2,None
0,-2,11,5,6,7,-1,-2,-2,2,14,7,7,-12,-2,None
0,-2,11,5,6,7,-1,-2,-2,2,14,7,7,-12,-2,None
0,5,-5,1,-4,12,-2,-1,-2,2,14,7,7,-12,-2,None
0,1,-5,0,-7,-9,-1,-3,1,2,14,7,7,-12,-2,None
0,-1,5,-3,3,7,-2,-4,0,2,14,7,7,-12,-2,None
0,-1,-5,-1,-11,-3,-2,-5,-3,2,14,7,7,-12,-2,None
0,-1,-5,-1,-11,-3,-2,-5,-3,2,14,7,7,-12,-2,None
0,-1,-5,-1,-11,-3,-2,-5,-3,2,14,7,7,-11,-2,None
0,1,-2,3,3,17,3,3,3,2,14,7,7,-11,-2,None
0,0,-9,-6,-9,-5,-1,-1,-1,2,14,7,7,-11,-2,None
0,-4,10,1,-5,-11,-2,-2,-1,2,14,7,7,-11,-2,None
0,0,-2,-5,2,2,-1,0,-1,2,14,7,7,-11,-2,None
0,0,-2,-5,2,2,-1,0,-1,2,14,7,7,-11,-2,None
0,0,-2,-5,2,2,-1,0,-1,2,14,7,8,-11,-2,None
0,-2,-1,-4,5,5,-2,-3,-4,2,14,7,8,-11,-2,None
0,-2,1,-5,-12,-3,-2,-1,-1,2,14,7,8,-11,-2,None
0,3,-13,-5,-5,-7,-5,-3,-1,2,14,7,8,-11,-2,None
0,2,71,5,27,24,3,2,0,2,14,7,8,-11,-2,None
0,2,71,5,27,24,3,2,0,2,14,7,8,-11,-2,None
0,2,71,5,27,24,3,2,0,2,14,7,8,-11,-3,None
0,-12,-93,-18,-21,-9,-2,2,-4,2,14,7,8,-11,-3,None
0,-2,21,-1,-7,-2,1,-1,-2,2,14,7,8,-11,-3,None
0,-2,4,-1,0,-8,0,-2,-2,2,14,7,8,-11,-3,None
0,1,-11,-1,-1,-8,-2,-1,0,2,14,7,8,-11,-3,None
0,1,-11,-1,-1,-8,-2,-1,0,2,14,7,8,-11,-3,None
0,1,-11,-1,-1,-8,-2,-1,0,2,14,7,9,-11,-3,None
0,1,26,-1,-3,-2,-2,-1,0,2,14,7,9,-11,-3,None
0,1,-3,-3,-13,-2,-3,-2,-1,2,14,7,9,-11,-3,None
0,-4,-8,-2,3,-4,-1,-1,-2,2,14,7,9,-11,-3,None
0,-1,-9,-5,-3,-2,-3,-4,-2,2,14,7,9,-11,-3,None
0,-1,-9,-5,-3,-2,-3,-4,-2,2,14,7,9,-11,-3,None
0,-1,-9,-5,-3,-2,-3,-4,-2,2,14,7,9,-12,-3,None
0,-3,17,0,-9,-2,-2,-4,-4,2,14,7,9,-12,-3,None
0,3,-19,-5,0,21,0,0,-1,2,14,7,9,-12,-3,None
0,-2,19,0,-4,-10,-2,-3,-3,2,14,7,9,-12,-3,None
0,-2,-18,-3,-1,1,0,-1,-1,2,14,7,9,-12,-3,None
0,-2,-18,-3,-1,1,0,-1,-1,2,14,7,9,-12,-3,None
0,-2,-18,-3,-1,1,0,-1,-1,2,14,7,8,-12,-3,None
0,1,9,2,4,2,0,-2,1,2,14,7,8,-12,-3,None
0,-1,3,0,-7,-9,-2,-2,-1,2,14,7,8,-12,-3,None
0,-3,4,0,-2,0,-1,-1,-1,2,14,7,8,-12,-3,None
0,-1,-9,-4,-1,2,0,0,-1,2,14,7,8,-12,-3,None
0,-1,-9,-4,-1,2,0,0,-1,2,14,7,8,-12,-3,None
0,-1,-9,-4,-1,2,0,0,-1,2,14,7,8,-11,-3,None
0,0,6,0,5,2,-1,-2,-1,2,14,7,8,-11,-3,None
0,-2,2,-3,-2,-3,-1,-2,0,2,14,7,8,-11,-3,None
0,-2,1,-1,4,6,1,0,-1,2,14,7,8,-11,-3,None
0,0,-14,-3,3,-6,0,1,0,2,14,7,8,-11,-3,None
0,0,-14,-3,3,-6,0,1,0,2,14,7,8,-11,-3,None
0,0,-14,-3,3,-6,0,1,0,2,14,7,8,-11,-2,None
0,6,39,1,-18,11,3,6,1,2,14,7,8,-11,-2,None
0,-5,-12,-4,12,-4,-5,-3,-5,2,14,7,8,-11,-2,None
0,-1,1,0,6,16,3,-2,-3,2,14,7,8,-11,-2,None
0,-2,-7,-3,-16,-3,0,-2,-1,2,14,7,8,-11,-2,None
0,-2,-7,-3,-16,-3,0,-2,-1,2,14,7,8,-11,-2,None
0,-2,-7,-3,-16,-3,0,-2,-1,2,14,7,8,-11,-2,None
0,2,7,-4,4,-1,-1,1,0,2,14,7,8,-11,-2,None
0,1,2,-1,-11,-10,-2,-1,1,2,14,7,8,-11,-2,None
0,-4,-1,-2,-6,-7,-2,-2,-1,2,14,7,8,-11,-2,None
0,0,2,-2,6,2,-3,0,-2,2,14,7,8,-11,-2,None
0,0,2,-2,6,2,-3,0,-2,2,14,7,8,-11,-2,None
0,0,2,-2,6,2,-3,0,-2,2,14,7,8,-11,-3,None
0,0,-2,-1,4,3,-2,-5,0,2,14,7,8,-11,-3,None
0,-1,0,-2,-9,-3,-2,-2,2,2,14,7,8,-11,-3,None
0,-4,-1,-2,4,1,-1,0,-2,2,14,7,8,-11,-3,None
0,-1,-1,0,-3,2,-1,-1,-1,2,14,7,8,-11,-3,None
0,-1,-1,0,-3,2,-1,-1,-1,2,14,7,8,-11,-3,None
0,-1,-1,0,-3,2,-1,-1,-1,2,14,7,8,-11,-3,None
0,-1,-3,-2,4,-1,-3,-3,-1,2,14,7,8,-11,-3,None
0,-2,13,0,-2,2,0,-1,-3,2,14,7,8,-11,-3,None
0,-1,-19,-3,-2,-2,-2,-2,-1,2,14,7,8,-11,-3,None
0,1,0,-1,6,-5,-2,-2,-1,2,14,7,8,-11,-3,None
0,1,0,-1,6,-5,-2,-2,-1,2,14,7,8,-11,-3,None
0,1,0,-1,6,-5,-2,-2,-1,2,14,7,8,-11,-3,None
0,-4,-7,-2,10,-4,0,0,-3,2,14,7,8,-11,-3,None
0,-1,2,-3,-6,17,0,-4,-1,2,14,7,8,-11,-3,None
0,0,2,-3,-3,-14,0,2,-1,2,14,7,8,-11,-3,None
0,-3,0,-1,0,-11,-3,-2,-1,2,14,7,8,-11,-3,None
0,-3,0,-1,0,-11,-3,-2,-1,2,14,7,8,-11,-3,None
0,-3,0,-1,0,-11,-3,-2,-1,2,14,7,8,-12,-3,None
0,-1,-4,0,8,11,1,-2,-2,2,14,7,8,-12,-3,None
0,0,-3,-2,-7,-11,-2,-2,-1,2,14,7,8,-12,-3,None
0,-1,5,0,-5,-3,-4,-3,-2,2,14,7,8,-12,-3,None
0,-1,-5,-1,-1,3,-1,1,-2,2,14,7,8,-12,-3,None
0,-1,-5,-1,-1,3,-1,1,-2,2,14,7,8,-12,-3,None
0,-1,-5,-1,-1,3,-1,1,-2,2,14,7,8,-12,-3,None
0,2,26,-3,-16,-9,-6,-7,-4,2,14,7,8,-12,-3,None
0,-5,-39,2,17,-4,4,0,-2,2,14,7,8,-12,-3,None
0,1,8,1,-5,15,0,-2,-1,2,14,7,8,-12,-3,None
0,-3,-6,-7,-9,-2,-4,-1,-2,2,14,7,8,-12,-3,None
0,-3,-6,-7,-9,-2,-4,-1,-2,2,14,7,8,-12,-3,None
0,-3,-6,-7,-9,-2,-4,-1,-2,2,14,7,8,-11,-3,None
0,-1,0,-2,5,9,-1,-2,-4,2,14,7,8,-11,-3,None
0,1,8,-3,-1,-2,-1,0,-2,2,14,7,8,-11,-3,None
0,-2,2,-1,18,1,-2,-4,1,2,14,7,8,-11,-3,None
0,-3,-2,-1,-1,-1,1,3,-2,2,14,7,8,-11,-3,None
0,-3,-2,-1,-1,-1,1,3,-2,2,14,7,8,-11,-3,None
0,-3,-2,-1,-1,-1,1,3,-2,2,14,7,8,-11,-2,None
0,-4,-6,-2,-3,4,1,0,0,2,14,7,8,-11,-2,None
0,-3,4,0,-5,-3,-1,0,-2,2,14,7,8,-11,-2,None
0,-1,1,-1,1,4,-2,-3,-2,2,14,7,8,-11,-2,None
0,-1,7,-2,-5,2,-2,-4,-1,2,14,7,8,-11,-2,None
0,-1,7,-2,-5,2,-2,-4,-1,2,14,7,8,-11,-2,None
0,-1,7,-2,-5,2,-2,-4,-1,2,14,7,8,-11,-2,None
0,-2,-5,-2,-1,-2,0,-2,-3,2,14,7,8,-11,-2,None
0,-1,6,-2,-4,-5,-1,-1,-1,2,14,7,8,-11,-2,None
0,-1,7,-2,-9,-2,0,1,-2,2,14,7,8,-11,-2,None
0,-3,-2,-9,2,2,-2,-3,-2,2,14,7,8,-11,-2,None
0,-3,-2,-9,2,2,-2,-3,-2,2,14,7,8,-11,-2,None
0,-3,-2,-9,2,2,-2,-3,-2,2,14,7,8,-12,-2,None
0,1,0,5,4,-14,0,3,-1,2,14,7,8,-12,-2,None
0,-2,7,-5,-4,27,-3,-4,-4,2,14,7,8,-12,-2,None
0,-1,1,-1,4,-5,-2,-1,-2,2,14,7,8,-12,-2,None
0,-2,-2,-1,8,7,0,-1,-2,2,14,7,8,-12,-2,None
0,-2,-2,-1,8,7,0,-1,-2,2,14,7,8,-12,-2,None
0,-2,-2,-1,8,7,0,-1,-2,2,14,7,8,-12,-2,None
0,0,-5,-3,-2,-2,-2,-1,0,2,14,7,8,-12,-2,None
0,2,9,-3,-4,-8,-3,-2,0,2,14,7,8,-12,-2,None
0,-2,1,-1,-2,0,2,1,-2,2,14,7,8,-12,-2,None
0,-1,3,0,-2,2,1,0,0,2,14,7,8,-12,-2,None
0,-1,3,0,-2,2,1,0,0,2,14,7,8,-12,-2,None
0,-1,3,0,-2,2,1,0,0,2,14,7,8,-11,-2,None
0,0,2,-3,1,0,-2,-3,-1,2,14,7,8,-11,-2,None
0,3,18,4,15,9,-1,0,0,2,14,7,8,-11,-2,None
0,-7,-40,-8,-13,-7,-2,-1,-2,2,14,7,8,-11,-2,None
0,1,-1,0,-2,-13,-1,0,-1,2,14,7,8,-11,-2,None
0,1,-1,0,-2,-13,-1,0,-1,2,14,7,8,-11,-2,None
0,1,-1,0,-2,-13,-1,0,-1,2,14,7,8,-11,-2,None
0,-3,-2,-6,16,21,-3,-2,-3,2,14,7,8,-11,-2,None
0,0,-2,-1,1,-5,-2,-2,-1,2,14,7,8,-11,-2,None
0,0,8,-2,-7,-1,0,-2,-1,2,14,7,8,-11,-2,None
0,-1,5,1,6,1,0,0,0,2,14,7,8,-11,-2,None
0,-1,5,1,6,1,0,0,0,2,14,7,8,-11,-2,None
0,-1,5,1,6,1,0,0,0,2,14,7,8,-11,-2,None
0,-3,-3,-2,7,1,2,0,1,2,14,7,8,-11,-2,None
0,0,8,2,-6,-5,-1,-2,-2,2,14,7,8,-11,-2,None
0,-2,8,-4,-1,-5,-4,-5,-3,2,14,7,8,-11,-2,None
0,-1,-2,4,30,13,-1,-3,0,2,14,7,8,-11,-2,None
0,-1,-2,4,30,13,-1,-3,0,2,14,7,8,-11,-2,None
0,-1,-2,4,30,13,-1,-3,0,2,14,7,8,-11,-2,None
0,-1,12,-4,-5,-2,-1,-3,-2,2,14,7,8,-11,-2,None
0,-3,-18,-7,5,-1,-2,-2,-3,2,14,7,8,-11,-2,None
0,2,7,-1,-1,2,4,3,0,2,14,7,8,-11,-2,None
0,-3,-4,-1,10,7,-1,-2,-1,2,14,7,8,-11,-2,None
0,-3,-4,-1,10,7,-1,-2,-1,2,14,7,8,-11,-2,None
0,-3,-4,-1,10,7,-1,-2,-1,2,14,7,8,-11,-2,None
0,1,10,2,-18,-4,-1,0,0,2,14,7,8,-11,-2,None
0,-5,4,0,16,0,-1,-1,-2,2,14,7,8,-11,-2,None
0,5,17,-1,-5,5,-2,-2,-3,2,14,7,8,-11,-2,None
0,-4,-32,-4,-15,-5,-1,-1,-2,2,14,7,8,-11,-2,None
0,-4,-32,-4,-15,-5,-1,-1,-2,2,14,7,8,-11,-2,None
0,-4,-32,-4,-15,-5,-1,-1,-2,2,14,7,8,-11,-3,None
0,-2,-6,-1,3,2,-1,-1,-3,2,14,7,8,-11,-3,None
0,-1,-4,-2,-12,-8,1,-2,-1,2,14,7,8,-11,-3,None
0,-1,4,-3,5,0,-2,-2,-1,2,14,7,8,-11,-3,None
0,1,15,-3,-10,0,-1,0,-1,2,14,7,8,-11,-3,None
0,1,15,-3,-10,0,-1,0,-1,2,14,7,8,-11,-3,None
0,1,15,-3,-10,0,-1,0,-1,2,14,7,8,-11,-3,None
0,-1,-6,-5,-1,-3,-1,-1,-1,2,14,7,8,-11,-3,None
0,0,-6,2,1,15,0,2,-2,2,14,7,8,-11,-3,None
0,-1,2,-5,3,0,-4,-4,-2,2,14,7,8,-11,-3,None
0,-1,5,0,5,-2,-2,-5,-3,2,14,7,8,-11,-3,None
0,-1,5,0,5,-2,-2,-5,-3,2,14,7,8,-11,-3,None
0,-1,5,0,5,-2,-2,-5,-3,2,14,7,8,-11,-3,None
0,-2,-8,-2,7,11,-2,-3,-2,2,14,7,8,-11,-3,None
0,1,3,-1,-4,-5,-1,0,0,2,14,7,8,-11,-3,None
0,-1,-1,-1,-4,1,-1,1,0,2,14,7,8,-11,-3,None
0,-1,3,-2,-11,-3,-1,-1,-1,2,14,7,8,-11,-3,None
0,-1,3,-2,-11,-3,-1,-1,-1,2,14,7,8,-11,-3,None
0,-1,3,-2,-11,-3,-1,-1,-1,2,14,7,8,-11,-3,None
0,0,3,-1,-3,-7,-4,-5,-1,2,14,7,8,-11,-3,None
0,-8,-4,-8,0,1,2,2,-1,2,14,7,8,-11,-3,None
0,10,14,4,13,-2,-2,-1,-2,2,14,7,8,-11,-3,None
0,1,3,1,-23,4,0,-2,-1,2,14,7,8,-11,-3,None
0,1,3,1,-23,4,0,-2,-1,2,14,7,8,-11,-3,None
0,1,3,1,-23,4,0,-2,-1,2,14,7,8,-11,-2,None
0,1,15,-3,-15,8,-2,-1,0,2,14,7,8,-11,-2,None
0,-10,-47,-5,-9,-3,-4,-7,-3,2,14,7,8,-11,-2,None
0,-3,-2,-2,5,3,0,-2,-2,2,14,7,8,-11,-2,None
0,0,5,-1,-1,-2,2,0,-2,2,14,7,8,-11,-2,None
0,0,5,-1,-1,-2,2,0,-2,2,14,7,8,-11,-2,None
0,0,5,-1,-1,-2,2,0,-2,2,14,7,8,-11,-3,None
0,-1,-3,1,3,-2,-1,0,0,2,14,7,8,-11,-3,None
0,2,16,-2,-11,-4,-2,-1,-1,2,14,7,8,-11,-3,None
0,-4,-3,-3,-3,0,-1,-2,-1,2,14,7,8,-11,-3,None
0,-2,0,-2,4,3,-2,0,-2,2,14,7,8,-11,-3,None
0,-2,0,-2,4,3,-2,0,-2,2,14,7,8,-11,-3,None
0,-2,0,-2,4,3,-2,0,-2,2,14,7,8,-11,-3,None
0,-4,-5,-3,-5,-2,0,2,-1,2,14,7,8,-11,-3,None
0,3,7,-1,1,-5,-1,-1,-5,2,14,7,8,-11,-3,None
0,-6,-6,-3,5,4,-2,-2,-1,2,14,7,8,-11,-3,None
0,3,6,-2,-1,-12,-2,1,0,2,14,7,8,-11,-3,None
0,3,6,-2,-1,-12,-2,1,0,2,14,7,8,-11,-3,None
0,3,6,-2,-1,-12,-2,1,0,2,14,7,8,-11,-2,None
0,-4,-7,-3,3,9,-1,-4,-3,2,14,7,8,-11,-2,None
0,0,6,-2,-4,-2,0,-1,-1,2,14,7,8,-11,-2,None
0,-1,-2,1,-6,0,-1,-2,-1,2,14,7,8,-11,-2,None
0,-2,3,-3,-2,0,-2,-2,-1,2,14,7,8,-11,-2,None
0,-2,3,-3,-2,0,-2,-2,-1,2,14,7,8,-11,-2,None
0,-2,3,-3,-2,0,-2,-2,-1,2,14,7,8,-11,-3,None
0,-2,-1,-1,2,-6,-1,1,0,2,14,7,8,-11,-3,None
0,3,3,-1,-2,1,0,0,0,2,14,7,8,-11,-3,None
0,-3,-1,-3,-3,0,-2,-3,-4,2,14,7,8,-11,-3,None
0,-2,-1,2,-3,3,1,1,0,2,14,7,8,-11,-3,None
0,-2,-1,2,-3,3,1,1,0,2,14,7,8,-11,-3,None
0,-2,-1,2,-3,3,1,1,0,2,14,7,8,-11,-2,None
0,1,-1,-8,5,-7,1,-2,-1,2,14,7,8,-11,-2,None
0,5,50,3,-3,11,0,-2,-3,2,14,7,8,-11,-2,None
0,-4,-21,6,-11,-16,2,2,0,2,14,7,8,-11,-2,None
0,2,-1,-4,4,9,-4,-4,-3,2,14,7,8,-11,-2,None
0,2,-1,-4,4,9,-4,-4,-3,2,14,7,8,-11,-2,None
0,2,-1,-4,4,9,-4,-4,-3,2,14,7,8,-11,-2,None
0,-3,-6,-2,-20,-2,-1,-3,-1,2,14,7,8,-11,-2,None
0,-1,7,-3,8,2,-1,-3,-1,2,14,7,8,-11,-2,None
0,-1,9,-4,-9,-10,-2,-2,0,2,14,7,8,-11,-2,None
0,-2,-2,-2,9,-1,-1,-3,-2,2,14,7,8,-11,-2,None
0,-2,-2,-2,9,-1,-1,-3,-2,2,14,7,8,-11,-2,None
0,-2,-2,-2,9,-1,-1,-3,-2,2,14,7,8,-12,-3,None
0,-1,2,0,1,1,1,-3,-1,2,14,7,8,-12,-3,None
0,-2,-11,-4,-10,-7,1,3,3,2,14,7,8,-12,-3,None
0,0,1,-2,-8,15,0,0,0,2,14,7,8,-12,-3,None
0,-4,-5,-3,1,-3,-1,-2,-1,2,14,7,8,-12,-3,None
0,-4,-5,-3,1,-3,-1,-2,-1,2,14,7,8,-12,-3,None
0,-4,-5,-3,1,-3,-1,-2,-1,2,14,7,8,-11,-2,None
0,0,3,-2,7,7,-2,-3,-2,2,14,7,8,-11,-2,None
0,-2,-8,-2,-7,-13,-2,-2,-2,2,14,7,8,-11,-2,None
0,0,-1,-4,8,15,-2,-2,-1,2,14,7,8,-11,-2,None
0,0,9,-3,-11,3,-1,-3,-2,2,14,7,8,-11,-2,None
0,0,9,-3,-11,3,-1,-3,-2,2,14,7,8,-11,-2,None
0,0,9,-3,-11,3,-1,-3,-2,2,14,7,8,-11,-2,None
0,-1,1,-1,0,-20,-2,-1,-2,2,14,7,8,-11,-2,None
0,-7,-11,5,17,2,-3,-3,-1,2,14,7,8,-11,-2,None
0,1,5,-11,9,9,3,0,1,2,14,7,8,-11,-2,None
0,-2,0,-2,-4,1,-2,-2,-2,2,14,7,8,-11,-2,None
0,-2,0,-2,-4,1,-2,-2,-2,2,14,7,8,-11,-2,None
0,-2,0,-2,-4,1,-2,-2,-2,2,14,7,8,-11,-3,None
0,-1,-3,0,-1,0,-1,-2,-2,2,14,7,8,-11,-3,None
0,-2,-5,-2,-6,-4,1,-2,-2,2,14,7,8,-11,-3,None
0,-1,3,-2,3,-6,-3,-1,-2,2,14,7,8,-11,-3,None
0,-3,-1,-2,-3,2,-3,-3,0,2,14,7,8,-11,-3,None
0,-3,-1,-2,-3,2,-3,-3,0,2,14,7,8,-11,-3,None
0,-3,-1,-2,-3,2,-3,-3,0,2,14,7,8,-11,-3,None
0,0,3,-2,5,-6,-1,0,0,2,14,7,8,-11,-3,None
0,-11,-10,-8,25,30,1,4,-5,2,14,7,8,-11,-3,None
0,-7,-1,9,-37,-24,-7,-6,-4,2,14,7,8,-11,-3,None
0,1,-6,-4,9,1,-1,-1,-2,2,14,7,8,-11,-3,None
0,1,-6,-4,9,1,-1,-1,-2,2,14,7,8,-11,-3,None
0,1,-6,-4,9,1,-1,-1,-2,2,14,7,8,-11,-3,None
0,-2,24,1,-1,7,1,0,-1,2,14,7,8,-11,-3,None
0,4,4,-3,3,-7,-3,-2,-1,2,14,7,8,-11,-3,None
0,-1,4,-3,2,4,1,0,-1,2,14,7,8,-11,-3,None
0,-4,-7,-2,-7,-9,-1,0,0,2,14,7,8,-11,-3,None
0,-4,-7,-2,-7,-9,-1,0,0,2,14,7,8,-11,-3,None
0,-4,-7,-2,-7,-9,-1,0,0,2,14,7,8,-11,-3,None
0,0,8,0,0,-5,-5,-4,-1,2,14,7,8,-11,-3,None
0,5,16,-1,-19,-15,0,-2,2,2,14,7,8,-11,-3,None
0,-3,-20,0,14,5,0,-1,-2,2,14,7,8,-11,-3,None
0,-2,-31,2,1,2,-1,-3,-3,2,14,7,8,-11,-3,None
0,-2,-31,2,1,2,-1,-3,-3,2,14,7,8,-11,-3,None
0,-2,-31,2,1,2,-1,-3,-3,2,14,7,8,-11,-3,None
0,0,-7,-6,17,25,6,1,0,2,14,7,8,-11,-3,None
0,1,-8,-1,-13,-8,-1,-2,-2,2,14,7,8,-11,-3,None
0,2,6,-1,-2,-4,0,-1,0,2,14,7,8,-11,-3,None
0,-1,14,-1,1,-3,-2,-2,0,2,14,7,8,-11,-3,None
0,-1,14,-1,1,-3,-2,-2,0,2,14,7,8,-11,-3,None
0,-1,14,-1,1,-3,-2,-2,0,2,14,7,8,-11,-2,None
0,-3,-13,-1,-6,-6,-2,-2,-2,2,14,7,8,-11,-2,None
0,0,2,0,1,1,1,-1,1,2,14,7,8,-11,-2,None
0,-3,9,-4,4,2,1,0,-2,2,14,7,8,-11,-2,None
0,0,10,-8,0,6,1,2,-1,2,14,7,8,-11,-2,None
0,0,10,-8,0,6,1,2,-1,2,14,7,8,-11,-2,None
0,0,10,-8,0,6,1,2,-1,2,14,7,8,-11,-3,None
0,1,-1,6,-31,-12,-1,1,0,2,14,7,8,-11,-3,None
0,-2,1,-9,3,6,-1,-4,-3,2,14,7,8,-11,-3,None
0,-1,0,2,2,3,-1,-3,-2,2,14,7,8,-11,-3,None
0,-1,2,-1,-8,-3,1,-1,-1,2,14,7,8,-11,-3,None
0,-1,2,-1,-8,-3,1,-1,-1,2,14,7,8,-11,-3,None
0,-1,2,-1,-8,-3,1,-1,-1,2,14,7,8,-11,-2,None
0,-2,-4,-2,1,2,-3,-2,-1,2,14,7,8,-11,-2,None
0,0,-2,-1,-1,-2,-4,-3,-2,2,14,7,8,-11,-2,None
0,-1,-3,-4,2,-1,-1,-1,-1,2,14,7,8,-11,-2,None
0,1,3,-2,3,2,-2,-3,1,2,14,7,8,-11,-2,None
0,1,3,-2,3,2,-2,-3,1,2,14,7,8,-11,-2,None
0,1,3,-2,3,2,-2,-3,1,2,14,7,8,-11,-3,None
0,-1,2,-2,2,-1,4,5,-2,2,14,7,8,-11,-3,None
0,-2,-6,-5,-3,2,-1,0,0,2,14,7,8,-11,-3,None
0,4,16,1,26,0,-1,-2,-1,2,14,7,8,-11,-3,None
0,-3,-31,-5,-12,-15,-3,0,-3,2,14,7,8,-11,-3,None
0,-3,-31,-5,-12,-15,-3,0,-3,2,14,7,8,-11,-3,None
0,-3,-31,-5,-12,-15,-3,0,-3,2,14,7,8,-11,-3,None
0,-7,-7,-2,7,6,-4,-6,-6,2,14,7,8,-11,-3,None
0,1,10,-3,-2,1,0,-2,-2,2,14,7,8,-11,-3,None
0,-1,-5,-4,3,3,-1,0,0,2,14,7,8,-11,-3,None
0,0,14,-1,1,-6,-1,-2,-1,2,14,7,8,-11,-3,None
0,0,14,-1,1,-6,-1,-2,-1,2,14,7,8,-11,-3,None
0,0,14,-1,1,-6,-1,-2,-1,2,14,7,8,-11,-3,None
0,1,-3,-3,1,-2,0,-1,0,2,14,7,8,-11,-3,None
0,-2,-3,-1,-5,1,-1,-2,-1,2,14,7,8,-11,-3,None
0,0,6,-4,-2,-1,-1,-1,-2,2,14,7,8,-11,-3,None
0,3,41,1,-4,4,-2,-1,-2,2,14,7,8,-11,-3,None
0,3,41,1,-4,4,-2,-1,-2,2,14,7,8,-11,-3,None
0,3,41,1,-4,4,-2,-1,-2,2,14,7,8,-11,-3,None
0,-10,-70,-7,-5,-1,-2,-3,-3,2,14,7,8,-11,-3,None
0,0,7,3,12,3,-1,-2,2,2,14,7,8,-11,-3,None
0,1,-5,-2,1,12,-3,-3,-3,2,14,7,8,-11,-3,None
0,3,30,-3,-12,7,1,0,-1,2,14,7,8,-11,-3,None
0,3,30,-3,-12,7,1,0,-1,2,14,7,8,-11,-3,None
0,3,30,-3,-12,7,1,0,-1,2,14,7,8,-11,-3,None
0,-3,-26,-2,5,4,1,-1,-3,2,14,7,8,-11,-3,None
0,0,-4,2,-8,-1,0,-1,-1,2,14,7,8,-11,-3,None
0,-4,-13,-5,-1,-1,-1,-1,-2,2,14,7,8,-11,-3,None
0,-2,0,-1,4,-1,-1,-1,-1,2,14,7,8,-11,-3,None
0,-2,0,-1,4,-1,-1,-1,-1,2,14,7,8,-11,-3,None
0,-2,0,-1,4,-1,-1,-1,-1,2,14,7,8,-11,-3,None
0,0,25,-1,-2,1,0,3,-3,2,14,7,8,-11,-3,None
0,1,-8,8,5,0,-2,-1,-3,2,14,7,8,-11,-3,None
0,-2,8,-6,-4,-2,-1,1,-1,2,14,7,8,-11,-3,None
0,2,-3,-2,-13,4,-1,-1,-1,2,14,7,8,-11,-3,None
0,2,-3,-2,-13,4,-1,-1,-1,2,14,7,8,-11,-3,None
0,2,-3,-2,-13,4,-1,-1,-1,2,14,7,8,-11,-3,None
0,0,14,1,13,-1,-3,-3,-2,2,14,7,8,-11,-3,None
0,-2,-5,-3,-10,5,-1,-1,-3,2,14,7,8,-11,-3,None
0,-1,2,-1,0,4,-3,-7,-1,2,14,7,8,-11,-3,None
0,-4,-10,-2,9,9,2,3,-3,2,14,7,8,-11,-3,None
0,-4,-10,-2,9,9,2,3,-3,2,14,7,8,-11,-3,None
0,-4,-10,-2,9,9,2,3,-3,2,14,7,8,-11,-3,None
0,2,9,-4,-8,0,1,-2,0,2,14,7,8,-11,-3,None
0,-1,19,-3,-7,-5,-2,-2,-2,2,14,7,8,-11,-3,None
0,-8,-41,-1,-7,-6,-2,-3,-2,2,14,7,8,-11,-3,None
0,-2,-5,-4,8,1,-1,-3,0,2,14,7,8,-11,-3,None
0,-2,-5,-4,8,1,-1,-3,0,2,14,7,8,-11,-3,None
0,-2,-5,-4,8,1,-1,-3,0,2,14,7,8,-11,-3,None
0,2,32,0,-1,2,-3,-1,0,2,14,7,8,-11,-3,None
0,-1,11,-3,-6,3,0,-1,-1,2,14,7,8,-11,-3,None
0,-2,9,-1,-4,0,-1,-1,-2,2,14,7,8,-11,-3,None
0,-5,-13,-1,7,-1,-3,-4,-4,2,14,7,8,-11,-3,None
0,-5,-13,-1,7,-1,-3,-4,-4,2,14,7,8,-11,-3,None
0,-5,-13,-1,7,-1,-3,-4,-4,2,14,7,8,-11,-3,None
0,2,5,-4,-7,0,1,0,-1,2,14,7,8,-11,-3,None
0,1,2,-1,5,0,-2,-2,-1,2,14,7,8,-11,-3,None
0,0,5,-3,-7,-3,0,0,-1,2,14,7,8,-11,-3,None
0,-1,-3,1,3,2,-2,-1,-1,2,14,7,8,-11,-3,None
0,-1,-3,1,3,2,-2,-1,-1,2,14,7,8,-11,-3,None
0,-1,-3,1,3,2,-2,-1,-1,2,14,7,8,-11,-3,None
0,0,15,1,-1,-3,-3,-4,1,2,14,7,8,-11,-3,None
0,-5,-11,-5,-15,-9,-2,0,-3,2,14,7,8,-11,-3,None
0,0,3,-1,-4,11,-1,-2,-1,2,14,7,8,-11,-3,None
0,-1,0,1,6,-1,1,-2,1,2,14,7,8,-11,-3,None
0,-1,0,1,6,-1,1,-2,1,2,14,7,8,-11,-3,None
0,-1,0,1,6,-1,1,-2,1,2,14,7,8,-11,-3,None
0,1,-2,-1,-2,-5,-4,-4,1,2,14,7,8,-11,-3,None
0,-3,-8,-3,2,-3,0,-2,-2,2,14,7,8,-11,-3,None
0,0,6,-1,-2,4,2,2,-1,2,14,7,8,-11,-3,None
0,0,15,-2,-2,-11,-2,-1,-2,2,14,7,8,-11,-3,None
0,0,15,-2,-2,-11,-2,-1,-2,2,14,7,8,-11,-3,None
0,0,15,-2,-2,-11,-2,-1,-2,2,14,7,8,-11,-3,None
0,-3,-9,-2,14,5,-2,-3,-2,2,14,7,8,-11,-3,None
0,0,0,-8,-46,0,-3,-5,-2,2,14,7,8,-11,-3,None
0,0,7,-2,5,-3,0,-1,-1,2,14,7,8,-11,-3,None
0,-1,1,-2,7,11,0,-2,-2,2,14,7,8,-11,-3,None
0,-1,1,-2,7,11,0,-2,-2,2,14,7,8,-11,-3,None
0,-1,1,-2,7,11,0,-2,-2,2,14,7,8,-11,-3,None
0,-1,0,-2,-5,-3,0,-1,-2,2,14,7,8,-11,-3,None
0,0,-4,0,16,-1,-1,-1,0,2,14,7,8,-11,-3,None
0,0,15,0,-7,-5,-3,-2,-2,2,14,7,8,-11,-3,None
0,-6,-44,-8,-16,-4,0,2,1,2,14,7,8,-11,-3,None
0,-6,-44,-8,-16,-4,0,2,1,2,14,7,8,-11,-3,None
0,-6,-44,-8,-16,-4,0,2,1,2,14,7,8,-11,-3,None
0,1,13,3,5,-8,0,0,-4,2,14,7,8,-11,-3,None
0,-7,-27,-2,5,7,0,-2,-3,2,14,7,8,-11,-3,None
0,-4,-11,-1,-5,6,-1,0,0,2,14,7,8,-11,-3,None
0,-1,6,-4,0,-1,0,-3,-3,2,14,7,8,-11,-3,None
0,-1,6,-4,0,-1,0,-3,-3,2,14,7,8,-11,-3,None
0,-1,6,-4,0,-1,0,-3,-3,2,14,7,8,-11,-3,None
0,1,-2,-3,2,5,-1,0,1,2,14,7,8,-11,-3,None
0,2,12,-1,12,-5,-2,-1,0,2,14,7,8,-11,-3,None
0,-3,4,-3,-1,-2,-1,-2,-2,2,14,7,8,-11,-3,None
0,-3,-1,0,-2,0,-3,-2,-2,2,14,7,8,-11,-3,None
0,-3,-1,0,-2,0,-3,-2,-2,2,14,7,8,-11,-3,None
0,-3,-1,0,-2,0,-3,-2,-2,2,14,7,8,-11,-3,None
0,-3,0,-2,-9,-4,-1,0,-3,2,14,7,8,-11,-3,None
0,0,5,-3,4,4,0,-1,-1,2,14,7,8,-11,-3,None
0,0,-1,-1,6,-2,-2,-5,-1,2,14,7,8,-11,-3,None
0,4,19,-19,-9,-1,3,4,-2,2,14,7,8,-11,-3,None
0,4,19,-19,-9,-1,3,4,-2,2,14,7,8,-11,-3,None
0,4,19,-19,-9,-1,3,4,-2,2,14,7,8,-11,-3,None
0,-6,-41,16,4,11,0,-1,0,2,14,7,8,-11,-3,None
0,-1,8,-10,10,-3,-1,-2,-3,2,14,7,8,-11,-3,None
0,1,1,-3,7,3,0,-1,-3,2,14,7,8,-11,-3,None
0,0,3,2,-8,-9,-4,-5,-1,2,14,7,8,-11,-3,None
0,0,3,2,-8,-9,-4,-5,-1,2,14,7,8,-11,-3,None
0,0,3,2,-8,-9,-4,-5,-1,2,14,7,8,-11,-2,None
0,0,10,-10,-3,-1,-2,0,0,2,14,7,8,-11,-2,None
0,-1,-4,0,3,-3,-3,2,0,2,14,7,8,-11,-2,None
0,-2,-3,2,-13,-7,-1,-2,-1,2,14,7,8,-11,-2,None
0,-1,7,0,5,5,-1,-2,-1,2,14,7,8,-11,-2,None
0,-1,7,0,5,5,-1,-2,-1,2,14,7,8,-11,-2,None
0,-1,7,0,5,5,-1,-2,-1,2,14,7,8,-11,-3,None
0,0,6,-5,-6,-2,-1,-1,-1,2,14,7,8,-11,-3,None
