0,0,6,-14,-41,-14,69,63,1,2,14,6,8,-14,-5,None
0,0,2,7,16,-25,-39,-47,-4,2,14,6,8,-14,-5,None
0,3,16,13,7,5,-25,-35,-1,2,14,6,8,-14,-5,None
0,3,16,13,7,5,-25,-35,-1,2,14,6,8,-14,-5,None
0,3,16,13,7,5,-25,-35,-1,2,14,6,7,-17,-5,None
0,6,-2,29,36,25,65,77,12,2,14,6,7,-17,-5,None
0,-3,-9,-17,-30,5,-6,-53,-3,2,14,6,7,-17,-5,None
0,-2,1,-7,-58,-11,-25,-3,-5,2,14,6,7,-17,-5,None
0,-5,-6,7,-6,4,-27,6,-5,2,14,6,7,-17,-5,None
0,-5,-6,7,-6,4,-27,6,-5,1,14,6,7,-17,-5,None
0,-5,-6,7,-6,4,-27,6,-5,1,14,6,5,-17,-4,None
0,0,8,-24,-19,-25,9,-33,-3,1,14,6,5,-17,-4,None
0,1,2,6,-4,27,8,53,2,1,14,6,5,-17,-4,None
0,-2,5,10,1,6,11,-12,0,1,14,6,5,-17,-4,None
0,0,-5,-35,-19,4,5,5,0,1,14,6,5,-17,-4,None
0,0,-5,-35,-19,4,5,5,0,1,14,6,5,-17,-4,None
0,0,-5,-35,-19,4,5,5,0,1,14,6,3,-17,-4,None
0,-1,4,9,22,-13,15,30,-2,1,14,6,3,-17,-4,None
0,-1,-1,10,-28,-21,-51,-108,-8,1,14,6,3,-17,-4,None
0,1,7,21,16,25,18,59,7,1,14,6,3,-17,-4,None
0,0,-1,-1,8,5,36,46,1,1,14,6,3,-17,-4,None
0,0,-1,-1,8,5,36,46,1,1,13,6,3,-17,-4,None
0,0,-1,-1,8,5,36,46,1,1,13,6,1,-17,-4,None
0,-1,1,6,13,-4,-14,-13,-2,1,13,6,1,-17,-4,None
0,-3,0,-1,-6,4,-37,-24,-6,1,13,6,1,-17,-4,None
0,1,2,5,0,-3,14,1,-1,1,13,6,1,-17,-4,None
0,0,-4,-2,4,-10,-16,-6,-1,1,13,6,1,-17,-4,None
0,0,-4,-2,4,-10,-16,-6,-1,0,13,6,1,-17,-4,None
0,0,-4,-2,4,-10,-16,-6,-1,0,13,6,0,-17,-4,None
0,-3,0,2,44,14,12,4,-3,0,13,6,0,-17,-4,None
0,3,8,1,-29,-42,0,-39,1,0,13,6,0,-17,-4,None
0,0,-3,2,10,10,15,62,1,0,13,6,0,-17,-4,None
0,-2,-3,-3,3,-26,3,-25,0,0,13,6,0,-17,-4,None
0,-2,-3,-3,3,-26,3,-25,0,0,13,5,0,-17,-4,None
0,-2,-3,-3,3,-26,3,-25,0,0,13,5,-1,-17,-3,None
0,-3,5,4,30,31,-19,-19,-8,0,13,5,-1,-17,-3,None
0,0,7,12,77,106,22,4,5,0,13,5,-1,-17,-3,None
0,11,10,-7,-64,-31,26,19,0,0,13,5,-1,-17,-3,None
0,-4,9,9,80,-33,-21,-22,-1,0,13,5,-1,-17,-3,None
0,-4,9,9,80,-33,-21,-22,-1,17,12,5,-1,-17,-3,None
0,-4,9,9,80,-33,-21,-22,-1,17,12,5,-1,-16,-3,None
0,1,-2,-7,3,29,-22,4,-1,17,12,5,-1,-16,-3,None
0,-1,-7,0,54,-96,-3,15,-3,17,12,5,-1,-16,-3,None
0,-3,3,9,-6,120,-2,-30,1,17,12,5,-1,-16,-3,None
0,6,35,-8,13,-94,-14,13,-1,17,12,5,-1,-16,-3,None
0,6,35,-8,13,-94,-14,13,-1,17,12,5,-1,-16,-3,None
0,6,35,-8,13,-94,-14,13,-1,17,12,5,-3,-14,-1,None
0,-1,0,15,104,75,2,3,1,17,12,5,-3,-14,-1,None
0,-4,-10,-19,-78,123,20,9,0,17,12,5,-3,-14,-1,None
0,-30,-4,16,95,-62,-44,-31,-6,17,12,5,-3,-14,-1,None
0,11,71,11,6,66,19,9,-3,17,12,5,-3,-14,-1,None
0,11,71,11,6,66,19,9,-3,16,11,5,-3,-14,-1,None
0,11,71,11,6,66,19,9,-3,16,11,5,-4,-13,-1,None
0,-11,-50,21,-31,48,15,-11,1,16,11,5,-4,-13,-1,None
0,2,-18,2,38,-18,-26,15,-4,16,11,5,-4,-13,-1,None
0,-30,-9,-12,-95,-122,6,-14,-2,16,11,5,-4,-13,-1,None
0,12,13,-7,26,26,11,-2,-5,16,11,5,-4,-13,-1,None
0,12,13,-7,26,26,11,-2,-5,16,11,5,-4,-13,-1,None
0,12,13,-7,26,26,11,-2,-5,16,11,5,-5,-13,-2,None
0,-1,3,-31,-102,-100,-26,-6,-2,16,11,5,-5,-13,-2,None
0,-35,-4,-20,-5,-53,7,5,-2,16,11,5,-5,-13,-2,None
0,19,2,14,117,127,13,-9,-6,16,11,5,-5,-13,-2,None
0,0,-28,-17,-35,48,14,2,1,16,11,5,-5,-13,-2,None
0,0,-28,-17,-35,48,14,2,1,15,11,6,-5,-13,-2,None
0,0,-28,-17,-35,48,14,2,1,15,11,6,-6,-14,-2,None
0,-2,31,-5,7,33,-3,-3,-1,15,11,6,-6,-14,-2,None
0,-2,0,-3,-91,-121,3,9,3,15,11,6,-6,-14,-2,None
0,16,31,3,85,55,-2,-16,-6,15,11,6,-6,-14,-2,None
0,-7,-51,-15,-114,-17,2,-5,-4,15,11,6,-6,-14,-2,None
0,-7,-51,-15,-114,-17,2,-5,-4,15,10,6,-6,-14,-2,None
0,-7,-51,-15,-114,-17,2,-5,-4,15,10,6,-5,-13,-2,None
0,56,4,-3,34,102,15,12,7,15,10,6,-5,-13,-2,None
0,-65,30,-30,-72,38,-22,1,-3,15,10,6,-5,-13,-2,None
0,8,0,6,51,104,17,0,4,15,10,6,-5,-13,-2,None
0,-24,-27,-66,9,-30,-37,-17,-9,15,10,6,-5,-13,-2,None
0,-24,-27,-66,9,-30,-37,-17,-9,15,10,6,-5,-13,-2,None
0,-24,-27,-66,9,-30,-37,-17,-9,15,10,6,-5,-13,-2,None
0,-3,5,-2,82,71,12,7,3,15,10,6,-5,-13,-2,None
0,24,-15,-31,-57,-110,-25,-9,-9,15,10,6,-5,-13,-2,None
0,-7,-16,-7,19,30,-13,-14,-6,15,10,6,-5,-13,-2,None
0,42,3,10,42,4,25,11,4,15,10,6,-5,-13,-2,None
0,42,3,10,42,4,25,11,4,14,10,6,-5,-13,-2,None
0,42,3,10,42,4,25,11,4,14,10,6,-6,-12,-2,None
0,-12,-13,-2,-27,-77,-7,-1,-3,14,10,6,-6,-12,-2,None
0,44,-11,3,-2,15,-1,2,2,14,10,6,-6,-12,-2,None
0,-4,24,12,17,28,-12,-5,-3,14,10,6,-6,-12,-2,None
0,-12,-48,-29,-99,-16,8,-3,-2,14,10,6,-6,-12,-2,None
0,-12,-48,-29,-99,-16,8,-3,-2,14,10,6,-6,-12,-2,None
0,-12,-48,-29,-99,-16,8,-3,-2,14,10,6,-6,-11,-2,None
0,47,20,31,39,86,-2,-2,0,14,10,6,-6,-11,-2,None
0,-41,40,38,89,78,9,7,-1,14,10,6,-6,-11,-2,None
0,7,-42,-52,-128,-114,9,-6,-5,14,10,6,-6,-11,-2,None
0,-19,20,26,9,53,5,8,2,14,10,6,-6,-11,-2,None
0,-19,20,26,9,53,5,8,2,14,10,6,-6,-11,-2,None
0,-19,20,26,9,53,5,8,2,14,10,6,-5,-10,-1,None
0,-5,0,2,16,-9,-10,-6,-4,14,10,6,-5,-10,-1,None
0,-3,12,25,22,4,-2,1,3,14,10,6,-5,-10,-1,None
0,-3,20,-10,16,-31,12,2,3,14,10,6,-5,-10,-1,None
0,12,-28,5,60,60,1,-5,-5,14,10,6,-5,-10,-1,None
0,12,-28,5,60,60,1,-5,-5,14,10,6,-5,-10,-1,None
0,12,-28,5,60,60,1,-5,-5,14,10,6,-6,-10,-1,None
0,-42,5,-33,-59,-86,-21,-9,-12,14,10,6,-6,-10,-1,None
0,30,15,21,72,29,4,-1,2,14,10,6,-6,-10,-1,None
0,49,6,-11,48,1,2,1,4,14,10,6,-6,-10,-1,None
0,-48,31,18,2,-97,6,5,1,14,10,6,-6,-10,-1,None
0,-48,31,18,2,-97,6,5,1,14,9,6,-6,-10,-1,None
0,-48,31,18,2,-97,6,5,1,14,9,6,-6,-11,-1,None
0,-29,-43,-51,-31,0,2,1,-1,14,9,6,-6,-11,-1,None
0,15,-11,-10,21,99,-4,-2,-6,14,9,6,-6,-11,-1,None
0,7,1,9,-94,0,2,0,2,14,9,6,-6,-11,-1,None
0,-5,11,40,16,108,19,1,1,14,9,6,-6,-11,-1,None
0,-5,11,40,16,108,19,1,1,14,9,6,-6,-11,-1,None
0,-5,11,40,16,108,19,1,1,14,9,6,-7,-10,0,None
0,33,-12,20,-11,-70,-14,-1,-3,14,9,6,-7,-10,0,None
0,-19,-31,-15,-64,-11,4,0,0,14,9,6,-7,-10,0,None
0,-51,-24,-22,-20,60,6,2,-7,14,9,6,-7,-10,0,None
0,11,3,25,38,71,3,1,4,14,9,6,-7,-10,0,None
0,11,3,25,38,71,3,1,4,13,9,6,-7,-10,0,None
0,11,3,25,38,71,3,1,4,13,9,6,-6,-10,0,None
0,32,7,-3,-53,-118,-9,-6,-5,13,9,6,-6,-10,0,None
0,-3,-1,-12,-24,86,-3,-6,-3,13,9,6,-6,-10,0,None
0,19,17,29,87,-47,0,3,1,13,9,6,-6,-10,0,None
0,10,1,-24,-47,-16,2,-3,-2,13,9,6,-6,-10,0,None
0,10,1,-24,-47,-16,2,-3,-2,13,9,6,-6,-10,0,None
0,10,1,-24,-47,-16,2,-3,-2,13,9,6,-6,-10,0,None
0,3,27,10,80,21,8,3,5,13,9,6,-6,-10,0,None
0,16,21,55,4,-12,6,-1,-5,13,9,6,-6,-10,0,None
0,-12,-24,18,12,-86,-22,-7,-3,13,9,6,-6,-10,0,None
0,-4,23,1,78,20,8,4,-2,13,9,6,-6,-10,0,None
0,-4,23,1,78,20,8,4,-2,13,9,6,-6,-10,0,None
0,-4,23,1,78,20,8,4,-2,13,9,6,-7,-9,0,None
0,30,-10,-10,-34,18,-16,-10,-10,13,9,6,-7,-9,0,None
0,-35,12,18,-18,43,7,1,2,13,9,6,-7,-9,0,None
0,-25,-8,-11,90,8,3,3,0,13,9,6,-7,-9,0,None
0,3,-30,-45,-63,-49,-16,-9,-7,13,9,6,-7,-9,0,None
0,3,-30,-45,-63,-49,-16,-9,-7,13,9,6,-7,-9,0,None
0,3,-30,-45,-63,-49,-16,-9,-7,13,9,6,-8,-10,0,None
0,-29,33,-3,-38,10,-5,3,-1,13,9,6,-8,-10,0,None
0,16,-15,-7,42,-10,0,2,-1,13,9,6,-8,-10,0,None
0,16,7,5,-17,31,7,-2,4,13,9,6,-8,-10,0,None
0,-11,-7,-20,35,-66,1,0,0,13,9,6,-8,-10,0,None
0,-11,-7,-20,35,-66,1,0,0,13,9,6,-8,-10,0,None
0,-11,-7,-20,35,-66,1,0,0,13,9,6,-8,-10,0,None
0,-82,6,4,-46,-84,2,-2,-7,13,9,6,-8,-10,0,None
0,4,-11,-26,8,-8,-10,-8,-9,13,9,6,-8,-10,0,None
0,3,11,0,-16,1,3,0,-1,13,9,6,-8,-10,0,None
0,6,-2,2,-6,106,-5,-4,1,13,9,6,-8,-10,0,None
0,6,-2,2,-6,106,-5,-4,1,13,9,6,-8,-10,0,None
0,6,-2,2,-6,106,-5,-4,1,13,9,6,-7,-9,1,None
0,-7,28,5,7,2,-7,-6,-8,13,9,6,-7,-9,1,None
0,12,-4,-8,8,-7,25,9,10,13,9,6,-7,-9,1,None
0,-26,1,-4,24,-57,-8,-4,-2,13,9,6,-7,-9,1,None
0,19,-7,11,-14,-12,-6,-1,-4,13,9,6,-7,-9,1,None
0,19,-7,11,-14,-12,-6,-1,-4,13,9,6,-7,-9,1,None
0,19,-7,11,-14,-12,-6,-1,-4,13,9,6,-5,-7,1,None
0,-35,-1,-4,-5,-46,-3,-3,-2,13,9,6,-5,-7,1,None
0,5,17,12,85,14,-17,-10,-9,13,9,6,-5,-7,1,None
0,2,10,-67,8,37,8,4,4,13,9,6,-5,-7,1,None
0,8,6,17,-27,-61,-7,-4,-4,13,9,6,-5,-7,1,None
0,8,6,17,-27,-61,-7,-4,-4,13,9,6,-5,-7,1,None
0,8,6,17,-27,-61,-7,-4,-4,13,9,6,-10,-10,1,None
0,11,-7,-25,-10,42,-7,-3,-1,13,9,6,-10,-10,1,None
0,11,9,39,114,46,13,7,6,13,9,6,-10,-10,1,None
0,14,-11,-3,-119,-24,-9,-8,-7,13,9,6,-10,-10,1,None
0,-6,7,1,43,57,0,-2,-2,13,9,6,-10,-10,1,None
0,-6,7,1,43,57,0,-2,-2,13,9,6,-10,-10,1,None
0,-6,7,1,43,57,0,-2,-2,13,9,6,-11,-10,1,None
0,12,-12,-1,26,1,2,3,5,13,9,6,-11,-10,1,None
0,-3,-11,9,-59,-81,-25,-10,-8,13,9,6,-11,-10,1,None
0,3,2,-2,16,-14,10,-1,-5,13,9,6,-11,-10,1,None
0,-6,-4,-10,-68,-57,9,1,0,13,9,6,-11,-10,1,None
0,-6,-4,-10,-68,-57,9,1,0,13,9,6,-11,-10,1,None
0,-6,-4,-10,-68,-57,9,1,0,13,9,6,-10,-10,1,None
0,6,-4,24,38,69,-1,0,1,13,9,6,-10,-10,1,None
0,2,6,-19,9,-12,-3,-1,1,13,9,6,-10,-10,1,None
0,-43,-1,4,-61,5,-4,0,-2,13,9,6,-10,-10,1,None
0,-6,-32,2,34,29,0,-3,-6,13,9,6,-10,-10,1,None
0,-6,-32,2,34,29,0,-3,-6,13,9,6,-10,-10,1,None
0,-6,-32,2,34,29,0,-3,-6,13,9,6,-11,-11,1,None
0,24,12,10,-15,15,-1,0,0,13,9,6,-11,-11,1,None
0,3,-53,-25,8,-17,-2,-5,1,13,9,6,-11,-11,1,None
0,-1,9,9,-12,-10,-6,-4,-1,13,9,6,-11,-11,1,None
0,0,19,-5,-1,-12,-6,1,-1,13,9,6,-11,-11,1,None
0,0,19,-5,-1,-12,-6,1,-1,13,9,6,-11,-11,1,None
0,0,19,-5,-1,-12,-6,1,-1,13,9,6,-10,-10,1,None
0,13,-10,7,15,-35,12,2,3,13,9,6,-10,-10,1,None
0,1,20,-19,-24,61,3,-1,-2,13,9,6,-10,-10,1,None
0,-30,-2,23,-46,6,-3,-4,-7,13,9,6,-10,-10,1,None
0,-1,8,3,8,-1,1,-1,2,13,9,6,-10,-10,1,None
0,-1,8,3,8,-1,1,-1,2,13,9,6,-10,-10,1,None
0,-1,8,3,8,-1,1,-1,2,13,9,6,-10,-9,1,None
0,-11,-2,-36,-7,-11,-2,-5,-5,13,9,6,-10,-9,1,None
0,-1,10,3,-2,10,9,2,0,13,9,6,-10,-9,1,None
0,28,0,-14,8,-51,-5,1,2,13,9,6,-10,-9,1,None
0,-50,7,-5,69,21,-1,-2,-6,13,9,6,-10,-9,1,None
0,-50,7,-5,69,21,-1,-2,-6,13,9,6,-10,-9,1,None
0,-50,7,-5,69,21,-1,-2,-6,13,9,6,-10,-9,1,None
0,-9,6,9,8,32,6,3,4,13,9,6,-10,-9,1,None
0,0,-32,-9,17,-24,-1,-3,0,13,9,6,-10,-9,1,None
0,23,1,8,-3,-1,5,5,1,13,9,6,-10,-9,1,None
0,11,-2,18,13,48,-1,1,1,13,9,6,-10,-9,1,None
0,11,-2,18,13,48,-1,1,1,13,9,6,-10,-9,1,None
0,11,-2,18,13,48,-1,1,1,13,9,6,-10,-10,1,None
0,3,-11,-19,30,-5,-2,-1,-1,13,9,6,-10,-10,1,None
0,-12,11,9,-44,-53,-13,-3,-5,13,9,6,-10,-10,1,None
0,42,2,13,38,15,-7,-8,-4,13,9,6,-10,-10,1,None
0,3,2,-4,4,10,10,5,1,13,9,6,-10,-10,1,None
0,3,2,-4,4,10,10,5,1,13,9,6,-10,-10,1,None
0,3,2,-4,4,10,10,5,1,13,9,6,-11,-10,1,None
0,-13,1,12,-22,20,3,2,-1,13,9,6,-11,-10,1,None
0,7,8,-9,-8,9,-4,-5,-4,13,9,6,-11,-10,1,None
0,-11,-2,2,26,19,3,2,0,13,9,6,-11,-10,1,None
0,6,4,3,-2,13,-4,-2,1,13,9,6,-11,-10,1,None
0,6,4,3,-2,13,-4,-2,1,13,9,6,-11,-10,1,None
0,6,4,3,-2,13,-4,-2,1,13,9,6,-10,-9,1,None
0,10,6,-46,11,54,-2,-4,-7,13,9,6,-10,-9,1,None
0,-7,1,-7,-32,-19,0,0,-1,13,9,6,-10,-9,1,None
0,-1,-2,1,12,12,0,-1,-1,13,9,6,-10,-9,1,None
0,2,3,-11,-13,-38,-9,-5,-1,13,9,6,-10,-9,1,None
0,2,3,-11,-13,-38,-9,-5,-1,13,9,6,-10,-9,1,None
0,2,3,-11,-13,-38,-9,-5,-1,13,9,6,-10,-10,1,None
0,-6,-3,4,12,-8,11,1,0,13,9,6,-10,-10,1,None
0,2,6,8,-12,30,-12,-2,-1,13,9,6,-10,-10,1,None
0,-7,-1,-3,-11,-30,-1,-3,-3,13,9,6,-10,-10,1,None
0,7,2,-5,10,8,-1,-2,-1,13,9,6,-10,-10,1,None
0,7,2,-5,10,8,-1,-2,-1,13,9,6,-10,-10,1,None
0,7,2,-5,10,8,-1,-2,-1,13,9,6,-9,-9,1,None
0,-6,-5,13,-14,-15,-8,-4,-3,13,9,6,-9,-9,1,None
0,0,5,-9,-14,-11,-4,-2,-1,13,9,6,-9,-9,1,None
0,3,1,10,4,-3,1,-2,0,13,9,6,-9,-9,1,None
0,0,-3,-10,-11,-4,9,2,1,13,9,6,-9,-9,1,None
0,0,-3,-10,-11,-4,9,2,1,13,9,6,-9,-9,1,None
0,0,-3,-10,-11,-4,9,2,1,13,9,6,-9,-9,1,None
0,0,2,6,1,-16,-7,-3,-2,13,9,6,-9,-9,1,None
0,-1,6,12,1,-19,0,0,-2,13,9,6,-9,-9,1,None
0,-6,-7,8,8,18,-42,-8,-3,13,9,6,-9,-9,1,None
0,-1,9,-15,-14,-22,52,2,-2,13,9,6,-9,-9,1,None
0,-1,9,-15,-14,-22,52,2,-2,13,9,6,-9,-9,1,None
0,-1,9,-15,-14,-22,52,2,-2,13,9,6,-7,-9,1,None
0,-3,-9,13,-16,-12,15,4,3,13,9,6,-7,-9,1,None
0,1,32,-14,3,-9,-9,-3,-3,13,9,6,-7,-9,1,None
0,-6,-37,-11,-2,22,3,1,-2,13,9,6,-7,-9,1,None
0,0,11,1,-17,-4,-17,-5,-4,13,9,6,-7,-9,1,None
0,0,11,1,-17,-4,-17,-5,-4,13,9,6,-7,-9,1,None
0,0,11,1,-17,-4,-17,-5,-4,13,9,6,-6,-9,1,None
0,-2,-14,9,-3,-13,-12,-6,-3,13,9,6,-6,-9,1,None
0,-4,-9,-6,1,-1,5,-4,-4,13,9,6,-6,-9,1,None
0,0,11,-11,-3,8,6,3,2,13,9,6,-6,-9,1,None
0,0,0,-2,-3,-9,-8,-1,-2,13,9,6,-6,-9,1,None
0,0,0,-2,-3,-9,-8,-1,-2,13,9,6,-6,-9,1,None
0,0,0,-2,-3,-9,-8,-1,-2,13,9,6,-5,-10,1,None
0,-1,14,-4,7,-5,-1,-1,0,13,9,6,-5,-10,1,None
0,1,13,26,-3,-9,-9,-2,-1,13,9,6,-5,-10,1,None
0,-5,-6,-25,-6,11,8,0,-1,13,9,6,-5,-10,1,None
0,3,-15,-6,1,1,-9,1,3,13,9,6,-5,-10,1,None
0,3,-15,-6,1,1,-9,1,3,13,9,6,-5,-10,1,None
0,3,-15,-6,1,1,-9,1,3,13,9,6,-5,-11,1,None
0,-4,-1,-7,-3,3,-4,-2,0,13,9,6,-5,-11,1,None
0,-1,-8,-3,-5,-3,3,0,-1,13,9,6,-5,-11,1,None
0,0,11,14,1,1,1,-1,-2,13,9,6,-5,-11,1,None
0,-1,4,-4,-6,-6,-11,-5,-4,13,9,6,-5,-11,1,None
0,-1,4,-4,-6,-6,-11,-5,-4,14,9,6,-5,-11,1,None
0,-1,4,-4,-6,-6,-11,-5,-4,14,9,6,-6,-11,0,None
0,-2,0,6,-1,-3,-4,-3,-3,14,9,6,-6,-11,0,None
0,0,-7,-8,-6,3,8,2,4,14,9,6,-6,-11,0,None
0,-1,12,3,0,2,4,-2,-1,14,9,6,-6,-11,0,None
0,0,-1,18,-6,-6,-12,-3,-3,14,9,6,-6,-11,0,None
0,0,-1,18,-6,-6,-12,-3,-3,14,9,6,-6,-11,0,None
0,0,-1,18,-6,-6,-12,-3,-3,14,9,6,-7,-11,0,None
0,-2,-4,-4,0,0,-4,-3,-4,14,9,6,-7,-11,0,None
0,1,5,7,1,1,0,-2,-3,14,9,6,-7,-11,0,None
0,-2,-7,-16,-2,5,-1,-3,-3,14,9,6,-7,-11,0,None
0,1,5,-2,1,1,-2,0,0,14,9,6,-7,-11,0,None
0,1,5,-2,1,1,-2,0,0,14,10,6,-7,-11,0,None
0,1,5,-2,1,1,-2,0,0,14,10,6,-7,-11,0,None
0,-2,-4,-3,7,-1,-3,0,-2,14,10,6,-7,-11,0,None
0,-2,6,-31,3,2,6,1,0,14,10,6,-7,-11,0,None
0,0,-8,4,3,2,0,0,2,14,10,6,-7,-11,0,None
0,-2,-1,-19,3,-2,-9,-5,-4,14,10,6,-7,-11,0,None
0,-2,-1,-19,3,-2,-9,-5,-4,14,10,6,-7,-11,0,None
0,-2,-1,-19,3,-2,-9,-5,-4,14,10,6,-7,-12,-1,None
0,-2,7,2,3,-4,1,1,0,14,10,6,-7,-12,-1,None
0,-2,-22,-10,0,-5,-10,-3,-2,14,10,6,-7,-12,-1,None
0,0,10,9,1,5,2,-2,-3,14,10,6,-7,-12,-1,None
0,-1,-2,3,2,3,8,5,3,14,10,6,-7,-12,-1,None
0,-1,-2,3,2,3,8,5,3,14,10,6,-7,-12,-1,None
0,-1,-2,3,2,3,8,5,3,14,10,6,-7,-13,-2,None
0,1,7,-7,-1,-2,-6,-3,0,14,10,6,-7,-13,-2,None
0,0,1,3,0,4,-1,-3,-2,14,10,6,-7,-13,-2,None
0,-1,3,-8,-1,-11,-8,-5,-3,14,10,6,-7,-13,-2,None
0,-1,-6,-1,-2,6,-1,-1,-2,14,10,6,-7,-13,-2,None
0,-1,-6,-1,-2,6,-1,-1,-2,15,10,6,-7,-13,-2,None
0,-1,-6,-1,-2,6,-1,-1,-2,15,10,6,-8,-12,-3,None
0,-1,-1,1,0,-3,3,0,0,15,10,6,-8,-12,-3,None
0,-1,-3,-6,-1,-2,1,0,-1,15,10,6,-8,-12,-3,None
0,0,8,10,1,4,-2,-4,-2,15,10,6,-8,-12,-3,None
0,-1,-1,-9,-1,1,-2,-4,-2,15,10,6,-8,-12,-3,None
0,-1,-1,-9,-1,1,-2,-4,-2,15,10,6,-8,-12,-3,None
0,-1,-1,-9,-1,1,-2,-4,-2,15,10,6,-9,-11,-3,None
0,0,-1,-12,-1,0,1,-3,-2,15,10,6,-9,-11,-3,None
0,-2,-4,1,1,10,-11,-2,-2,15,10,6,-9,-11,-3,None
0,-1,7,3,-3,4,11,5,1,15,10,6,-9,-11,-3,None
0,-1,-1,-2,-5,-1,-5,-2,-1,15,10,6,-9,-11,-3,None
0,-1,-1,-2,-5,-1,-5,-2,-1,15,11,6,-9,-11,-3,None
0,-1,-1,-2,-5,-1,-5,-2,-1,15,11,6,-8,-11,-4,None
0,0,-1,1,-2,1,-3,-2,-2,15,11,6,-8,-11,-4,None
0,-1,1,-1,-1,-3,3,0,0,15,11,6,-8,-11,-4,None
0,-1,-1,-7,-3,0,-4,-4,-3,15,11,6,-8,-11,-4,None
0,-3,-1,-1,-6,-5,-7,-6,-3,15,11,6,-8,-11,-4,None
0,-3,-1,-1,-6,-5,-7,-6,-3,15,11,6,-8,-11,-4,None
0,-3,-1,-1,-6,-5,-7,-6,-3,15,11,6,-7,-12,-4,None
0,-2,-1,-4,0,0,-2,2,1,15,11,6,-7,-12,-4,None
0,-2,-1,-3,2,-6,4,-1,-1,15,11,6,-7,-12,-4,None
0,-1,2,-3,2,-1,-1,-4,-3,15,11,6,-7,-12,-4,None
0,0,-2,-1,-3,-4,1,1,-1,15,11,6,-7,-12,-4,None
0,0,-2,-1,-3,-4,1,1,-1,16,11,6,-7,-12,-4,None
0,0,-2,-1,-3,-4,1,1,-1,16,11,6,-6,-12,-4,None
0,-1,3,0,-2,13,-8,-4,0,16,11,6,-6,-12,-4,None
0,0,-1,-7,0,-17,4,0,0,16,11,6,-6,-12,-4,None
0,-1,0,0,2,3,-2,0,-1,16,11,6,-6,-12,-4,None
0,-1,2,3,15,-3,-3,-1,-2,16,11,6,-6,-12,-4,None
0,-1,2,3,15,-3,-3,-1,-2,16,11,6,-6,-12,-4,None
0,-1,2,3,15,-3,-3,-1,-2,16,11,6,-6,-13,-4,None
0,-2,-2,-3,-16,12,1,-3,-3,16,11,6,-6,-13,-4,None
0,-4,-2,-1,20,-17,-12,-2,-3,16,11,6,-6,-13,-4,None
0,0,2,2,30,-4,-7,-4,-2,16,11,6,-6,-13,-4,None
0,-2,-1,4,-43,-5,21,1,-2,16,11,6,-6,-13,-4,None
0,-2,-1,4,-43,-5,21,1,-2,16,12,6,-6,-13,-4,None
0,-2,-1,4,-43,-5,21,1,-2,16,12,6,-7,-13,-3,None
0,0,-1,-5,-5,2,7,1,2,16,12,6,-7,-13,-3,None
0,-1,-1,-2,22,11,4,-2,-2,16,12,6,-7,-13,-3,None
0,-2,2,-2,-8,1,-4,2,-1,16,12,6,-7,-13,-3,None
0,-2,1,7,-11,8,-12,-5,-2,16,12,6,-7,-13,-3,None
0,-2,1,7,-11,8,-12,-5,-2,17,12,6,-7,-13,-3,None
0,-2,1,7,-11,8,-12,-5,-2,17,12,6,-7,-13,-3,None
0,0,2,9,95,8,7,-1,-2,17,12,6,-7,-13,-3,None
0,0,-1,-14,-82,-17,-3,-1,0,17,12,6,-7,-13,-3,None
0,-2,-1,-1,8,3,-3,-3,-3,17,12,6,-7,-13,-3,None
0,-3,-2,-3,3,4,-20,-7,-6,17,12,6,-7,-13,-3,None
0,-3,-2,-3,3,4,-20,-7,-6,17,12,6,-7,-13,-3,None
0,-3,-2,-3,3,4,-20,-7,-6,17,12,6,-5,-13,-3,None
0,1,2,-4,-4,-1,22,8,2,17,12,6,-5,-13,-3,None
0,0,1,5,-69,-23,-1,-2,0,17,12,6,-5,-13,-3,None
0,-2,0,-2,22,43,7,1,-1,17,12,6,-5,-13,-3,None
0,-1,-1,0,54,25,4,4,2,17,12,6,-5,-13,-3,None
0,-1,-1,0,54,25,4,4,2,0,13,6,-5,-13,-3,None
0,-1,-1,0,54,25,4,4,2,0,13,6,-4,-14,-3,None
0,-3,0,-3,-54,-59,-18,-8,-3,0,13,6,-4,-14,-3,None
0,1,6,21,37,10,-3,0,-2,0,13,6,-4,-14,-3,None
0,-1,-2,-12,-81,-44,9,2,3,0,13,6,-4,-14,-3,None
0,-1,0,-2,20,29,-5,-2,-3,0,13,6,-4,-14,-3,None
0,-1,0,-2,20,29,-5,-2,-3,0,13,6,-4,-14,-3,None
0,-1,0,-2,20,29,-5,-2,-3,0,13,6,-3,-15,-3,None
0,-2,-1,-2,-20,48,-7,-3,-5,0,13,6,-3,-15,-3,None
0,-2,-1,-7,13,14,4,-3,-1,0,13,6,-3,-15,-3,None
0,1,3,6,14,7,5,-1,-1,0,13,6,-3,-15,-3,None
0,2,2,2,17,16,-17,-2,1,0,13,6,-3,-15,-3,None
0,2,2,2,17,16,-17,-2,1,0,13,6,-3,-15,-3,None
0,2,2,2,17,16,-17,-2,1,0,13,6,-2,-16,-3,None
0,-3,-4,-7,-12,-96,1,-2,-4,0,13,6,-2,-16,-3,None
0,-2,-1,-4,-2,40,24,4,-2,0,13,6,-2,-16,-3,None
0,-2,0,6,68,14,-7,-11,-4,0,13,6,-2,-16,-3,None
0,-1,0,-14,-51,-49,8,9,1,0,13,6,-2,-16,-3,None
0,-1,0,-14,-51,-49,8,9,1,0,13,6,-2,-16,-3,None
0,-1,0,-14,-51,-49,8,9,1,0,13,6,-1,-16,-3,None
0,0,2,12,53,13,-9,0,1,0,13,6,-1,-16,-3,None
0,-1,1,-8,9,3,-13,-2,-2,0,13,6,-1,-16,-3,None
0,-6,-8,-6,-11,-84,-10,-5,-4,0,13,6,-1,-16,-3,None
0,0,1,3,21,63,3,-6,0,0,13,6,-1,-16,-3,None
0,0,1,3,21,63,3,-6,0,1,13,6,-1,-16,-3,None
0,0,1,3,21,63,3,-6,0,1,13,6,0,-16,-3,None
0,-3,-2,11,-9,39,-5,-3,-1,1,13,6,0,-16,-3,None
0,-2,-4,-44,11,-53,-9,1,-2,1,13,6,0,-16,-3,None
0,-2,0,0,4,69,0,0,0,1,13,6,0,-16,-3,None
0,2,5,0,9,-115,2,1,0,1,13,6,0,-16,-3,None
0,2,5,0,9,-115,2,1,0,1,13,6,0,-16,-3,None
0,2,5,0,9,-115,2,1,0,1,13,6,1,-16,-2,None
0,-2,2,22,116,4,1,-2,-3,1,13,6,1,-16,-2,None
0,-4,-4,-8,-23,84,0,-6,-4,1,13,6,1,-16,-2,None
0,0,2,12,42,8,11,5,-2,1,13,6,1,-16,-2,None
0,-2,-3,-17,-49,42,2,-4,-3,1,13,6,1,-16,-2,None
0,-2,-3,-17,-49,42,2,-4,-3,1,14,6,1,-16,-2,None
0,-2,-3,-17,-49,42,2,-4,-3,1,14,6,2,-16,-3,None
0,0,1,-13,-71,-72,-17,-5,1,1,14,6,2,-16,-3,None
0,0,2,16,23,-11,4,1,-3,1,14,6,2,-16,-3,None
0,-3,-1,-3,-16,1,-7,-3,-2,1,14,6,2,-16,-3,None
0,-4,-3,1,4,59,0,-4,-5,1,14,6,2,-16,-3,None
0,-4,-3,1,4,59,0,-4,-5,1,14,6,2,-16,-3,None
0,-4,-3,1,4,59,0,-4,-5,1,14,6,4,-16,-3,None
0,3,4,0,25,-14,5,1,1,1,14,6,4,-16,-3,None
0,1,1,-6,-76,-63,-7,-2,2,1,14,6,4,-16,-3,None
0,1,3,2,-54,8,-7,0,1,1,14,6,4,-16,-3,None
0,-2,1,1,52,64,-5,-2,-3,1,14,6,4,-16,-3,None
0,-2,1,1,52,64,-5,-2,-3,1,14,6,4,-16,-3,None
0,-2,1,1,52,64,-5,-2,-3,1,14,6,5,-16,-3,None
0,-5,-3,-3,-23,46,2,-7,-6,1,14,6,5,-16,-3,None
0,-2,0,5,95,5,-1,-4,-1,1,14,6,5,-16,-3,None
0,4,6,-9,-33,-73,4,3,4,1,14,6,5,-16,-3,None
0,-2,3,1,30,-15,-3,-1,1,1,14,6,5,-16,-3,None
0,-2,3,1,30,-15,-3,-1,1,1,14,6,5,-16,-3,None
0,-2,3,1,30,-15,-3,-1,1,1,14,6,6,-14,-2,None
0,0,0,-6,-39,-29,-8,-3,-4,1,14,6,6,-14,-2,None
0,0,1,9,25,-3,3,2,1,1,14,6,6,-14,-2,None
0,-3,-3,0,30,-16,-3,-8,-4,1,14,6,6,-14,-2,None
0,-4,-2,-3,-8,-52,-3,-4,-4,1,14,6,6,-14,-2,None
0,-4,-2,-3,-8,-52,-3,-4,-4,2,14,6,6,-14,-2,None
0,-4,-2,-3,-8,-52,-3,-4,-4,2,14,6,6,-14,-2,None
0,-4,-3,-17,-108,4,-4,-1,-1,2,14,6,6,-14,-2,None
0,0,1,2,-43,-66,6,2,1,2,14,6,6,-14,-2,None
0,-1,3,2,59,117,1,-1,-3,2,14,6,6,-14,-2,None
0,0,-3,-12,42,-10,3,-2,-4,2,14,6,6,-14,-2,None
0,0,-3,-12,42,-10,3,-2,-4,2,14,6,6,-14,-2,None
0,0,-3,-12,42,-10,3,-2,-4,2,14,6,7,-14,-2,None
0,0,2,6,75,62,4,0,0,2,14,6,7,-14,-2,None
0,-4,-5,-4,5,22,-9,-8,-7,2,14,6,7,-14,-2,None
0,-1,0,6,17,3,3,-1,1,2,14,6,7,-14,-2,None
0,1,4,1,38,-10,4,5,3,2,14,6,7,-14,-2,None
0,1,4,1,38,-10,4,5,3,2,14,6,7,-14,-2,None
0,1,4,1,38,-10,4,5,3,2,14,6,7,-14,-2,None
0,-1,1,-5,39,6,-1,1,-4,2,14,6,7,-14,-2,None
0,-1,1,-3,1,49,-9,-7,0,2,14,6,7,-14,-2,None
0,-1,1,-3,16,2,0,1,-2,2,14,6,7,-14,-2,None
0,-1,0,7,-6,-30,3,3,2,2,14,6,7,-14,-2,None
0,-1,0,7,-6,-30,3,3,2,2,14,6,7,-14,-2,None
0,-1,0,7,-6,-30,3,3,2,2,14,6,7,-13,-2,None
0,-1,0,-9,-10,-36,-2,-2,-1,2,14,6,7,-13,-2,None
0,1,5,4,26,19,3,3,0,2,14,6,7,-13,-2,None
0,-3,-3,-15,-58,-9,-6,-2,-3,2,14,6,7,-13,-2,None
0,-3,0,3,-29,-47,2,-2,-1,2,14,6,7,-13,-2,None
0,-3,0,3,-29,-47,2,-2,-1,2,14,6,7,-13,-2,None
0,-3,0,3,-29,-47,2,-2,-1,2,14,6,8,-13,-2,None
0,3,-1,-6,50,3,6,6,0,2,14,6,8,-13,-2,None
0,-1,0,2,30,85,0,-3,2,2,14,6,8,-13,-2,None
0,-2,0,-4,-33,-28,-5,-4,-6,2,14,6,8,-13,-2,None
0,0,4,2,-47,-8,-2,-3,-3,2,14,6,8,-13,-2,None
0,0,4,2,-47,-8,-2,-3,-3,2,14,6,8,-13,-2,None
0,0,4,2,-47,-8,-2,-3,-3,2,14,6,8,-12,-2,None
0,-2,2,-5,-22,-23,-1,-1,1,2,14,6,8,-12,-2,None
0,-1,0,2,48,35,2,0,-1,2,14,6,8,-12,-2,None
0,-1,-4,-15,-82,-105,-12,0,1,2,14,6,8,-12,-2,None
0,1,6,-4,22,65,-1,-4,-3,2,14,6,8,-12,-2,None
0,1,6,-4,22,65,-1,-4,-3,2,15,6,8,-12,-2,None
0,1,6,-4,22,65,-1,-4,-3,2,15,6,8,-11,-2,None
0,-7,-16,-5,-5,36,-1,-2,-3,2,15,6,8,-11,-2,None
0,-1,0,-4,-90,-46,-5,0,-1,2,15,6,8,-11,-2,None
0,-2,1,-2,19,38,2,-3,-1,2,15,6,8,-11,-2,None
0,4,15,-2,-35,-22,-3,4,0,2,15,6,8,-11,-2,None
0,4,15,-2,-35,-22,-3,4,0,2,15,6,8,-11,-2,None
0,4,15,-2,-35,-22,-3,4,0,2,15,6,9,-11,-1,None
0,-2,5,-2,-20,-13,-2,-4,-5,2,15,6,9,-11,-1,None
0,-2,1,-1,18,4,2,-2,-5,2,15,6,9,-11,-1,None
0,-2,-4,-2,-19,-16,-3,-2,-2,2,15,6,9,-11,-1,None
0,0,1,-2,6,10,-2,-4,0,2,15,6,9,-11,-1,None
0,0,1,-2,6,10,-2,-4,0,2,15,6,9,-11,-1,None
0,0,1,-2,6,10,-2,-4,0,2,15,6,9,-11,-1,None
0,6,59,2,25,35,2,1,0,2,15,6,9,-11,-1,None
0,-5,-61,-1,-26,-46,-4,0,0,2,15,6,9,-11,-1,None
0,0,-5,2,23,30,2,-1,-1,2,15,6,9,-11,-1,None
0,-2,-2,-1,-10,-13,-3,-5,-3,2,15,6,9,-11,-1,None
0,-2,-2,-1,-10,-13,-3,-5,-3,2,15,6,9,-11,-1,None
0,-2,-2,-1,-10,-13,-3,-5,-3,2,15,6,9,-12,-1,None
0,-1,-4,-3,-12,0,-3,0,2,2,15,6,9,-12,-1,None
0,29,11,-8,2,-23,0,0,0,2,15,6,9,-12,-1,None
0,-9,-10,14,-1,5,1,0,0,2,15,6,9,-12,-1,None
0,-3,-10,-11,-1,-5,0,-1,-2,2,15,6,9,-12,-1,None
0,-3,-10,-11,-1,-5,0,-1,-2,2,15,6,9,-12,-1,None
0,-3,-10,-11,-1,-5,0,-1,-2,2,15,6,10,-13,-1,None
0,-13,-59,-7,-8,-2,-1,-1,-2,2,15,6,10,-13,-1,None
0,5,29,-4,15,28,-2,-2,-1,2,15,6,10,-13,-1,None
0,3,2,0,32,-18,2,1,-1,2,15,6,10,-13,-1,None
0,-2,-1,5,-15,12,1,-1,1,2,15,6,10,-13,-1,None
0,-2,-1,5,-15,12,1,-1,1,2,15,6,10,-13,-1,None
0,-2,-1,5,-15,12,1,-1,1,2,15,6,10,-14,-2,None
0,7,13,-1,10,32,-2,-4,-1,2,15,6,10,-14,-2,None
0,-10,6,0,8,-5,-1,-1,-1,2,15,6,10,-14,-2,None
0,3,7,2,30,4,0,2,1,2,15,6,10,-14,-2,None
0,-6,-5,-1,18,1,-2,-3,-2,2,15,6,10,-14,-2,None
0,-6,-5,-1,18,1,-2,-3,-2,2,15,6,10,-14,-2,None
0,-6,-5,-1,18,1,-2,-3,-2,2,15,6,9,-13,-1,None
0,2,11,-13,-80,-71,-6,-2,0,2,15,6,9,-13,-1,None
0,-15,-37,-1,14,5,0,-1,-6,2,15,6,9,-13,-1,None
0,-4,0,-4,18,48,2,-2,-2,2,15,6,9,-13,-1,None
0,4,3,-3,3,-15,-1,-1,0,2,15,6,9,-13,-1,None
0,4,3,-3,3,-15,-1,-1,0,2,15,6,9,-13,-1,None
0,4,3,-3,3,-15,-1,-1,0,2,15,6,8,-12,-1,None
0,-2,-6,6,18,18,2,1,-1,2,15,6,8,-12,-1,None
0,-3,17,1,-12,-31,-2,-2,-1,2,15,6,8,-12,-1,None
0,1,6,-10,-31,-6,-2,-1,0,2,15,6,8,-12,-1,None
0,-9,-17,-4,1,4,-3,-1,-3,2,15,6,8,-12,-1,None
0,-9,-17,-4,1,4,-3,-1,-3,2,15,6,8,-12,-1,None
0,-9,-17,-4,1,4,-3,-1,-3,2,15,6,8,-12,-1,None
0,3,63,2,13,19,0,0,-1,2,15,6,8,-12,-1,None
0,-8,-21,-3,-5,-16,-3,-1,-3,2,15,6,8,-12,-1,None
0,2,13,9,32,21,2,-1,0,2,15,6,8,-12,-1,None
0,-4,-7,-3,3,2,-3,-3,-2,2,15,6,8,-12,-1,None
0,-4,-7,-3,3,2,-3,-3,-2,2,15,6,8,-12,-1,None
0,-4,-7,-3,3,2,-3,-3,-2,2,15,6,9,-12,-1,None
0,-1,-2,-3,15,-4,-1,-1,-2,2,15,6,9,-12,-1,None
0,1,18,-2,-29,-4,-3,-3,-1,2,15,6,9,-12,-1,None
0,3,22,-1,38,31,2,1,0,2,15,6,9,-12,-1,None
0,-1,-26,0,7,-1,-2,-3,-1,2,15,6,9,-12,-1,None
0,-1,-26,0,7,-1,-2,-3,-1,2,15,6,9,-12,-1,None
0,-1,-26,0,7,-1,-2,-3,-1,2,15,6,9,-11,-1,None
0,-13,-9,6,1,1,-1,-4,-6,2,15,6,9,-11,-1,None
0,9,26,-1,14,26,2,0,2,2,15,6,9,-11,-1,None
0,-3,-3,-5,-15,-8,-2,-2,-3,2,15,6,9,-11,-1,None
0,1,15,2,-16,-12,0,0,1,2,15,6,9,-11,-1,None
0,1,15,2,-16,-12,0,0,1,2,15,6,9,-11,-1,None
0,1,15,2,-16,-12,0,0,1,2,15,6,9,-11,-2,None
0,0,-21,-5,-7,0,-1,-1,0,2,15,6,9,-11,-2,None
0,-2,6,1,25,10,0,-2,-1,2,15,6,9,-11,-2,None
0,-4,1,-3,-21,-19,-3,-2,-2,2,15,6,9,-11,-2,None
0,6,4,-5,-25,-15,-2,-1,0,2,15,6,9,-11,-2,None
0,6,4,-5,-25,-15,-2,-1,0,2,15,6,9,-11,-2,None
0,6,4,-5,-25,-15,-2,-1,0,2,15,6,9,-11,-2,None
0,-4,-6,0,4,5,1,-3,-2,2,15,6,9,-11,-2,None
0,-5,10,-3,-11,5,-6,-6,-5,2,15,6,9,-11,-2,None
0,1,-15,-5,-26,-28,0,-1,-1,2,15,6,9,-11,-2,None
0,-1,0,1,9,5,0,-2,-2,2,15,6,9,-11,-2,None
0,-1,0,1,9,5,0,-2,-2,2,15,6,9,-11,-2,None
0,-1,0,1,9,5,0,-2,-2,2,15,6,9,-11,-2,None
0,2,-5,-2,7,3,0,1,1,2,15,6,9,-11,-2,None
0,-3,-1,-1,-3,-16,-2,-1,0,2,15,6,9,-11,-2,None
0,-2,-1,-4,-8,2,-2,-2,-1,2,15,6,9,-11,-2,None
0,-1,7,-1,-11,9,-1,-1,-1,2,15,6,9,-11,-2,None
0,-1,7,-1,-11,9,-1,-1,-1,2,15,6,9,-11,-2,None
0,-1,7,-1,-11,9,-1,-1,-1,2,15,6,8,-11,-1,None
0,-1,-3,-1,-1,-2,-2,-1,-2,2,15,6,8,-11,-1,None
0,3,25,1,-1,6,0,-1,-1,2,15,6,8,-11,-1,None
0,2,-27,-5,-13,-36,1,1,1,2,15,6,8,-11,-1,None
0,-14,9,4,46,69,-2,-5,-6,2,15,6,8,-11,-1,None
0,-14,9,4,46,69,-2,-5,-6,2,15,6,8,-11,-1,None
0,-14,9,4,46,69,-2,-5,-6,2,15,6,9,-11,-1,None
0,2,-4,-8,-26,0,-1,-1,-1,2,15,6,9,-11,-1,None
0,-2,-5,1,10,-9,0,-1,-1,2,15,6,9,-11,-1,None
0,1,15,-1,2,2,-1,-1,0,2,15,6,9,-11,-1,None
0,1,-2,-3,-1,-14,1,0,-1,2,15,6,9,-11,-1,None
0,1,-2,-3,-1,-14,1,0,-1,2,15,6,9,-11,-1,None
0,1,-2,-3,-1,-14,1,0,-1,2,15,6,9,-11,-1,None
0,0,-4,-1,-1,2,-1,-2,-1,2,15,6,9,-11,-1,None
0,-3,1,2,12,5,0,0,-1,2,15,6,9,-11,-1,None
0,-2,-1,-2,5,9,-4,-2,-2,2,15,6,9,-11,-1,None
0,2,6,-3,-7,-10,-1,-2,-2,2,15,6,9,-11,-1,None
0,2,6,-3,-7,-10,-1,-2,-2,2,15,6,9,-11,-1,None
0,2,6,-3,-7,-10,-1,-2,-2,2,15,6,9,-11,-2,None
0,-1,-5,-2,7,12,-2,-1,-2,2,15,6,9,-11,-2,None
0,2,-1,-3,-8,-14,0,0,-2,2,15,6,9,-11,-2,None
0,-3,3,-4,0,15,-1,-2,0,2,15,6,9,-11,-2,None
0,3,-6,-6,-18,-10,-3,-4,-6,2,15,6,9,-11,-2,None
0,3,-6,-6,-18,-10,-3,-4,-6,2,15,6,9,-11,-2,None
0,3,-6,-6,-18,-10,-3,-4,-6,2,15,6,9,-11,-1,None
0,-2,0,0,11,-11,2,0,-2,2,15,6,9,-11,-1,None
0,-4,-8,-3,-9,21,-4,-2,-1,2,15,6,9,-11,-1,None
0,1,2,-2,-2,-5,-1,-1,-3,2,15,6,9,-11,-1,None
0,-2,5,1,3,-4,-2,1,2,2,15,6,9,-11,-1,None
0,-2,5,1,3,-4,-2,1,2,2,15,6,9,-11,-1,None
0,-2,5,1,3,-4,-2,1,2,2,15,6,9,-11,-1,None
0,-1,-4,-3,6,-4,-2,-2,0,2,15,6,9,-11,-1,None
0,0,1,-1,-10,-19,-1,-1,-1,2,15,6,9,-11,-1,None
0,-3,-7,-4,6,9,-2,-2,1,2,15,6,9,-11,-1,None
0,-2,37,0,-1,6,-1,-2,-2,2,15,6,9,-11,-1,None
0,-2,37,0,-1,6,-1,-2,-2,2,15,6,9,-11,-1,None
0,-2,37,0,-1,6,-1,-2,-2,2,15,6,9,-11,-1,None
0,-2,-9,-6,-12,-16,-3,-3,-3,2,15,6,9,-11,-1,None
0,-3,-3,1,14,6,0,0,0,2,15,6,9,-11,-1,None
0,-2,-4,-14,-17,3,0,-2,-2,2,15,6,9,-11,-1,None
0,0,1,-1,6,2,1,-1,-1,2,15,6,9,-11,-1,None
0,0,1,-1,6,2,1,-1,-1,2,15,6,9,-11,-1,None
0,0,1,-1,6,2,1,-1,-1,2,15,6,9,-11,-1,None
0,1,3,1,0,-1,-1,-1,-2,2,15,6,9,-11,-1,None
0,-3,-2,-1,0,-5,-1,-1,-1,2,15,6,9,-11,-1,None
0,-2,8,2,-3,-5,-1,-2,-1,2,15,6,9,-11,-1,None
0,0,-9,-3,-4,2,0,-1,0,2,15,6,9,-11,-1,None
0,0,-9,-3,-4,2,0,-1,0,2,15,6,9,-11,-1,None
0,0,-9,-3,-4,2,0,-1,0,2,15,6,9,-11,-1,None
0,0,3,-2,-5,20,-2,-2,0,2,15,6,9,-11,-1,None
0,-1,-7,-5,-29,-20,-2,-2,-2,2,15,6,9,-11,-1,None
0,-1,-3,0,11,17,0,-2,-2,2,15,6,9,-11,-1,None
0,-1,10,-2,-11,-9,0,-1,-2,2,15,6,9,-11,-1,None
0,-1,10,-2,-11,-9,0,-1,-2,2,15,6,9,-11,-1,None
0,-1,10,-2,-11,-9,0,-1,-2,2,15,6,9,-11,-1,None
0,-4,-5,1,2,20,1,0,0,2,15,6,9,-11,-1,None
0,4,4,-1,11,-14,-3,-1,-2,2,15,6,9,-11,-1,None
0,-10,6,1,5,34,-1,-2,-2,2,15,6,9,-11,-1,None
0,31,-16,2,30,-12,2,-3,-1,2,15,6,9,-11,-1,None
0,31,-16,2,30,-12,2,-3,-1,2,15,6,9,-11,-1,None
0,31,-16,2,30,-12,2,-3,-1,2,15,6,9,-11,-1,None
0,-4,-4,-8,-60,-12,-5,-3,-4,2,15,6,9,-11,-1,None
0,-3,1,-4,10,9,2,0,-2,2,15,6,9,-11,-1,None
0,2,-2,1,0,-11,-3,-2,-1,2,15,6,9,-11,-1,None
0,-8,-5,-4,-1,-6,-1,0,-2,2,15,6,9,-11,-1,None
0,-8,-5,-4,-1,-6,-1,0,-2,2,15,6,9,-11,-1,None
0,-8,-5,-4,-1,-6,-1,0,-2,2,15,6,9,-11,-1,None
0,2,2,2,19,4,-1,-1,1,2,15,6,9,-11,-1,None
0,-1,-5,-2,-8,-7,0,-1,0,2,15,6,9,-11,-1,None
0,1,4,-3,-32,-11,-2,-1,0,2,15,6,9,-11,-1,None
0,-12,1,-2,7,18,-3,-3,-1,2,15,6,9,-11,-1,None
0,-12,1,-2,7,18,-3,-3,-1,2,15,6,9,-11,-1,None
0,-12,1,-2,7,18,-3,-3,-1,2,15,6,9,-11,-1,None
0,1,-2,-2,2,-1,0,-1,-3,2,15,6,9,-11,-1,None
0,-7,3,2,7,16,0,-1,-1,2,15,6,9,-11,-1,None
0,2,3,-9,19,-5,1,0,0,2,15,6,9,-11,-1,None
0,-4,-4,-2,-14,-6,-2,-1,-1,2,15,6,9,-11,-1,None
0,-4,-4,-2,-14,-6,-2,-1,-1,2,15,6,9,-11,-1,None
0,-4,-4,-2,-14,-6,-2,-1,-1,2,15,6,9,-11,-1,None
0,0,0,-1,4,0,-1,0,-1,2,15,6,9,-11,-1,None
0,-1,3,-2,8,1,-2,-2,-1,2,15,6,9,-11,-1,None
0,0,-2,1,-4,-13,-2,-1,-2,2,15,6,9,-11,-1,None
0,-2,-9,-2,-7,6,0,2,1,2,15,6,9,-11,-1,None
0,-2,-9,-2,-7,6,0,2,1,2,15,6,9,-11,-1,None
0,-2,-9,-2,-7,6,0,2,1,2,15,6,9,-11,-1,None
0,-8,11,-3,25,-12,-4,-3,-3,2,15,6,9,-11,-1,None
0,-3,15,-3,-25,13,5,-2,0,2,15,6,9,-11,-1,None
0,5,-8,1,5,-4,-2,0,-1,2,15,6,9,-11,-1,None
0,-4,1,-2,-10,-11,-1,0,-1,2,15,6,9,-11,-1,None
0,-4,1,-2,-10,-11,-1,0,-1,2,15,6,9,-11,-1,None
0,-4,1,-2,-10,-11,-1,0,-1,2,15,6,9,-11,-1,None
0,0,0,-1,-6,-3,-1,1,1,2,15,6,9,-11,-1,None
0,0,6,-2,13,4,-3,-2,-2,2,15,6,9,-11,-1,None
0,-3,1,-2,2,4,-1,-3,-2,2,15,6,9,-11,-1,None
0,-4,-3,-3,-12,-4,0,-2,-1,2,15,6,9,-11,-1,None
0,-4,-3,-3,-12,-4,0,-2,-1,2,15,6,9,-11,-1,None
0,-4,-3,-3,-12,-4,0,-2,-1,2,15,6,9,-11,-1,None
0,3,5,0,13,-1,-1,0,0,2,15,6,9,-11,-1,None
0,-3,-2,-6,27,12,-5,-6,-4,2,15,6,9,-11,-1,None
0,-4,-1,3,-27,18,0,-4,-5,2,15,6,9,-11,-1,None
0,-3,-3,-4,-2,2,-1,-2,-1,2,15,6,9,-11,-1,None
0,-3,-3,-4,-2,2,-1,-2,-1,2,15,6,9,-11,-1,None
0,-3,-3,-4,-2,2,-1,-2,-1,2,15,6,9,-11,-1,None
0,0,-5,-1,-4,1,0,-3,-2,2,15,6,9,-11,-1,None
0,0,4,-3,-10,-15,-1,2,0,2,15,6,9,-11,-1,None
0,-2,1,0,0,-12,-3,-1,0,2,15,6,9,-11,-1,None
0,-2,3,-1,5,7,-1,-1,-2,2,15,6,9,-11,-1,None
0,-2,3,-1,5,7,-1,-1,-2,2,15,6,9,-11,-1,None
0,-2,3,-1,5,7,-1,-1,-2,2,15,6,9,-11,-1,None
0,0,4,-1,-5,-3,-1,-1,0,2,15,6,9,-11,-1,None
0,-2,-9,-2,-7,-4,-1,-1,-1,2,15,6,9,-11,-1,None
0,1,3,-1,20,8,-1,-2,-1,2,15,6,9,-11,-1,None
0,-2,-2,-1,13,9,1,0,-1,2,15,6,9,-11,-1,None
0,-2,-2,-1,13,9,1,0,-1,2,15,6,9,-11,-1,None
0,-2,-2,-1,13,9,1,0,-1,2,15,6,9,-11,-1,None
0,-6,21,-4,-2,-3,-3,-4,-1,2,15,6,9,-11,-1,None
0,0,-27,1,6,17,2,0,-1,2,15,6,9,-11,-1,None
0,-3,-2,-3,-6,-6,1,-2,-2,2,15,6,9,-11,-1,None
0,-1,3,-4,-2,0,-1,-1,0,2,15,6,9,-11,-1,None
0,-1,3,-4,-2,0,-1,-1,0,2,15,6,9,-11,-1,None
0,-1,3,-4,-2,0,-1,-1,0,2,15,6,9,-11,-1,None
0,0,2,1,-4,-2,0,-1,-1,2,15,6,9,-11,-1,None
0,0,4,-1,4,10,-3,-1,-1,2,15,6,9,-11,-1,None
0,1,4,-1,-7,-10,-1,0,1,2,15,6,9,-11,-1,None
0,-5,-7,3,3,-14,-2,-3,-2,2,15,6,9,-11,-1,None
0,-5,-7,3,3,-14,-2,-3,-2,2,15,6,9,-11,-1,None
0,-5,-7,3,3,-14,-2,-3,-2,2,15,6,9,-11,-1,None
0,-2,-8,-6,5,16,-2,-3,-4,2,15,6,9,-11,-1,None
0,-3,0,-5,-6,1,-1,-2,-1,2,15,6,9,-11,-1,None
0,0,-2,-1,6,3,-1,0,-1,2,15,6,9,-11,-1,None
0,0,3,-3,-13,-8,-2,-1,0,2,15,6,9,-11,-1,None
0,0,3,-3,-13,-8,-2,-1,0,2,15,6,9,-11,-1,None
0,0,3,-3,-13,-8,-2,-1,0,2,15,6,9,-11,-1,None
0,-1,-8,-2,8,3,-1,-1,-2,2,15,6,9,-11,-1,None
0,-2,2,-3,-3,-4,-2,-2,-2,2,15,6,9,-11,-1,None
0,0,17,-2,-3,-2,-1,1,0,2,15,6,9,-11,-1,None
0,-16,5,-4,-2,-3,-3,-2,0,2,15,6,9,-11,-1,None
0,-16,5,-4,-2,-3,-3,-2,0,2,15,6,9,-11,-1,None
0,-16,5,-4,-2,-3,-3,-2,0,2,15,6,9,-11,-1,None
0,3,0,-2,9,11,0,-1,-5,2,15,6,9,-11,-1,None
0,1,22,-1,-3,-3,0,-1,-1,2,15,6,9,-11,-1,None
0,-5,-12,-1,2,0,-2,-3,-2,2,15,6,9,-11,-1,None
0,3,6,-2,-14,1,0,-2,-1,2,15,6,9,-11,-1,None
0,3,6,-2,-14,1,0,-2,-1,2,15,6,9,-11,-1,None
0,3,6,-2,-14,1,0,-2,-1,2,15,6,9,-11,-1,None
0,-2,-9,-2,-2,-11,-2,-1,1,2,15,6,9,-11,-1,None
0,0,11,-2,-9,-3,-3,-2,-1,2,15,6,9,-11,-1,None
0,0,4,-3,4,6,-1,-1,-2,2,15,6,9,-11,-1,None
0,-1,-5,0,13,-2,0,0,-3,2,15,6,9,-11,-1,None
0,-1,-5,0,13,-2,0,0,-3,2,15,6,9,-11,-1,None
0,-1,-5,0,13,-2,0,0,-3,2,15,6,9,-11,-2,None
0,-3,-6,-4,7,8,-2,-2,-1,2,15,6,9,-11,-2,None
0,1,-7,-2,-10,-7,-1,-1,-2,2,15,6,9,-11,-2,None
0,-2,-1,-2,-2,0,-1,-2,-1,2,15,6,9,-11,-2,None
0,2,-5,-4,-4,-5,0,-1,-1,2,15,6,9,-11,-2,None
0,2,-5,-4,-4,-5,0,-1,-1,2,15,6,9,-11,-2,None
0,2,-5,-4,-4,-5,0,-1,-1,2,15,6,9,-11,-1,None
0,-1,3,0,-14,-4,2,0,-1,2,15,6,9,-11,-1,None
0,-3,-5,-3,1,3,-2,-1,-1,2,15,6,9,-11,-1,None
0,0,-2,0,-8,-9,0,-1,0,2,15,6,9,-11,-1,None
0,3,6,-2,2,9,-3,-2,-1,2,15,6,9,-11,-1,None
0,3,6,-2,2,9,-3,-2,-1,2,15,6,9,-11,-1,None
0,3,6,-2,2,9,-3,-2,-1,2,15,6,9,-11,-1,None
0,0,-1,0,1,-1,1,-2,-3,2,15,6,9,-11,-1,None
0,-2,-5,-2,-2,2,-3,-1,-1,2,15,6,9,-11,-1,None
0,-1,1,-1,-10,-3,-1,0,-4,2,15,6,9,-11,-1,None
0,0,0,-1,0,-6,-1,-2,-2,2,15,6,9,-11,-1,None
0,0,0,-1,0,-6,-1,-2,-2,2,15,6,9,-11,-1,None
0,0,0,-1,0,-6,-1,-2,-2,2,15,6,9,-11,-1,None
0,-1,-4,-2,0,0,1,-1,1,2,15,6,9,-11,-1,None
0,-1,-4,-2,-2,-5,-1,-2,-2,2,15,6,9,-11,-1,None
0,-1,3,-2,20,2,-2,0,-1,2,15,6,9,-11,-1,None
0,-3,-4,-4,-21,-8,-1,-1,-3,2,15,6,9,-11,-1,None
0,-3,-4,-4,-21,-8,-1,-1,-3,2,15,6,9,-11,-1,None
0,-3,-4,-4,-21,-8,-1,-1,-3,2,15,6,9,-11,-1,None
0,-4,-16,-4,28,9,-4,-3,-4,2,15,6,9,-11,-1,None
0,0,39,2,-12,20,3,-2,0,2,15,6,9,-11,-1,None
0,-1,-10,-3,16,10,-1,-1,-1,2,15,6,9,-11,-1,None
0,0,-5,1,-4,-3,0,-1,-2,2,15,6,9,-11,-1,None
0,0,-5,1,-4,-3,0,-1,-2,2,15,6,9,-11,-1,None
0,0,-5,1,-4,-3,0,-1,-2,2,15,6,9,-11,-1,None
0,-2,2,0,-16,-8,-1,0,1,2,15,6,9,-11,-1,None
0,0,-3,-2,9,-8,-2,-1,0,2,15,6,9,-11,-1,None
0,0,1,-2,4,5,-1,-3,-1,2,15,6,9,-11,-1,None
0,0,6,-3,-2,4,-2,-1,-2,2,15,6,9,-11,-1,None
0,0,6,-3,-2,4,-2,-1,-2,2,15,6,9,-11,-1,None
0,0,6,-3,-2,4,-2,-1,-2,2,15,6,9,-11,-1,None
0,0,6,-2,-4,-1,-2,0,-1,2,15,6,9,-11,-1,None
0,-1,-11,-2,8,2,0,-1,-2,2,15,6,9,-11,-1,None
0,-3,3,-3,-1,3,-1,-2,-2,2,15,6,9,-11,-1,None
0,0,-1,0,-19,-14,0,0,1,2,15,6,9,-11,-1,None
0,0,-1,0,-19,-14,0,0,1,2,15,6,9,-11,-1,None
0,0,-1,0,-19,-14,0,0,1,2,15,6,9,-11,-1,None
0,0,1,-3,-29,-5,-4,-5,-5,2,15,6,9,-11,-1,None
0,-3,-12,-3,-3,14,0,-1,-2,2,15,6,9,-11,-1,None
0,-2,-2,-3,-2,4,-1,-1,-1,2,15,6,9,-11,-1,None
0,0,6,-1,4,-2,0,-2,-1,2,15,6,9,-11,-1,None
0,0,6,-1,4,-2,0,-2,-1,2,15,6,9,-11,-1,None
0,0,6,-1,4,-2,0,-2,-1,2,15,6,9,-11,-1,None
0,0,3,0,1,-1,2,2,3,2,15,6,9,-11,-1,None
0,-1,-2,-4,-9,-17,-3,-1,-1,2,15,6,9,-11,-1,None
0,0,1,-2,-6,-6,-2,-1,-2,2,15,6,9,-11,-1,None
0,-2,-1,-2,9,12,-2,-1,-1,2,15,6,9,-11,-1,None
0,-2,-1,-2,9,12,-2,-1,-1,2,15,6,9,-11,-1,None
0,-2,-1,-2,9,12,-2,-1,-1,2,15,6,9,-11,-1,None
0,-1,2,-3,-2,1,1,0,-1,2,15,6,9,-11,-1,None
0,-2,-8,-3,3,-2,-2,-2,-2,2,15,6,9,-11,-1,None
0,-2,0,-2,3,-1,-2,-1,1,2,15,6,9,-11,-1,None
0,2,5,-3,-3,2,-3,-2,-5,2,15,6,9,-11,-1,None
0,2,5,-3,-3,2,-3,-2,-5,2,15,6,9,-11,-1,None
0,2,5,-3,-3,2,-3,-2,-5,2,15,6,9,-11,-1,None
0,-7,-1,-5,2,2,1,-2,-2,2,15,6,9,-11,-1,None
0,1,1,1,-29,8,1,-2,-2,2,15,6,9,-11,-1,None
0,-1,0,-2,7,3,-3,-3,-2,2,15,6,9,-11,-1,None
0,-2,-2,-1,-9,-4,1,0,-1,2,15,6,9,-11,-1,None
0,-2,-2,-1,-9,-4,1,0,-1,2,15,6,9,-11,-1,None
0,-2,-2,-1,-9,-4,1,0,-1,2,15,6,9,-11,-1,None
0,0,7,1,-2,-6,-2,1,-1,2,15,6,9,-11,-1,None
0,-2,0,-1,6,-3,-1,-1,0,2,15,6,9,-11,-1,None
0,-1,-1,-2,-11,-7,1,-2,0,2,15,6,9,-11,-1,None
0,-9,-8,-5,13,4,-3,-3,-3,2,15,6,9,-11,-1,None
0,-9,-8,-5,13,4,-3,-3,-3,2,15,6,9,-11,-1,None
0,-9,-8,-5,13,4,-3,-3,-3,2,15,6,9,-11,-1,None
0,-8,22,-1,13,26,-1,-2,-1,2,15,6,9,-11,-1,None
0,31,-12,-1,10,-8,-1,-1,-2,2,15,6,9,-11,-1,None
0,0,3,-1,33,9,-1,0,-1,2,15,6,9,-11,-1,None
0,-3,-6,-5,-18,-6,-1,-2,-2,2,15,6,9,-11,-1,None
0,-3,-6,-5,-18,-6,-1,-2,-2,2,15,6,9,-11,-1,None
0,-3,-6,-5,-18,-6,-1,-2,-2,2,15,6,9,-11,-1,None
0,0,1,0,-2,-2,-1,-1,1,2,15,6,9,-11,-1,None
0,-9,0,-3,-2,-7,-2,-1,-2,2,15,6,9,-11,-1,None
0,-2,0,-1,0,3,0,-2,-1,2,15,6,9,-11,-1,None
0,3,2,0,7,9,1,-1,-1,2,15,6,9,-11,-1,None
0,3,2,0,7,9,1,-1,-1,2,15,6,9,-11,-1,None
0,3,2,0,7,9,1,-1,-1,2,15,6,9,-11,-1,None
0,-3,2,-3,1,-6,-4,-1,0,2,15,6,9,-11,-1,None
0,1,-31,-2,-1,-6,1,-1,0,2,15,6,9,-11,-1,None
0,-2,13,-1,17,37,0,-3,-5,2,15,6,9,-11,-1,None
0,-5,1,-5,22,6,-4,-4,-2,2,15,6,9,-11,-1,None
0,-5,1,-5,22,6,-4,-4,-2,2,15,6,9,-11,-1,None
0,-5,1,-5,22,6,-4,-4,-2,2,15,6,8,-11,-1,None
0,0,-11,0,-9,-8,-1,-2,-1,2,15,6,8,-11,-1,None
0,-5,9,-3,2,-4,-1,2,0,2,15,6,8,-11,-1,None
0,0,2,-2,-11,-8,-2,-1,0,2,15,6,8,-11,-1,None
0,0,-4,-1,-3,-2,-1,-1,-1,2,15,6,8,-11,-1,None
0,0,-4,-1,-3,-2,-1,-1,-1,2,15,6,8,-11,-1,None
0,0,-4,-1,-3,-2,-1,-1,-1,2,15,6,9,-11,-1,None
0,1,4,-3,9,8,-1,-1,-2,2,15,6,9,-11,-1,None
0,-7,8,-1,7,4,-2,-1,-4,2,15,6,9,-11,-1,None
0,-4,-10,-4,-18,-17,-1,-1,-2,2,15,6,9,-11,-1,None
0,12,36,-2,23,11,-3,-3,-2,2,15,6,9,-11,-1,None
0,12,36,-2,23,11,-3,-3,-2,2,15,6,9,-11,-1,None
0,12,36,-2,23,11,-3,-3,-2,2,15,6,9,-11,-1,None
0,3,-12,0,-46,1,1,-3,-2,2,15,6,9,-11,-1,None
0,-8,4,-1,-7,-4,-1,-2,0,2,15,6,9,-11,-1,None
0,-3,-6,-2,-6,-5,-3,-2,-2,2,15,6,9,-11,-1,None
0,0,-1,-1,-8,-9,1,1,0,2,15,6,9,-11,-1,None
0,0,-1,-1,-8,-9,1,1,0,2,15,6,9,-11,-1,None
0,0,-1,-1,-8,-9,1,1,0,2,15,6,9,-11,-1,None
0,-1,-1,-1,14,-3,-2,0,0,2,15,6,9,-11,-1,None
0,-5,2,-4,3,1,-1,-3,-3,2,15,6,9,-11,-1,None
0,3,9,-4,-16,-6,-1,-1,-2,2,15,6,9,-11,-1,None
0,0,-8,9,11,10,0,-1,1,2,15,6,9,-11,-1,None
0,0,-8,9,11,10,0,-1,1,2,15,6,9,-11,-1,None
0,0,-8,9,11,10,0,-1,1,2,15,6,9,-11,-1,None
0,-1,-6,-15,-1,-1,-2,-4,-4,2,15,6,9,-11,-1,None
0,-5,1,-4,-11,-1,-2,-1,-2,2,15,6,9,-11,-1,None
0,-1,-3,3,-2,-2,-2,-2,-1,2,15,6,9,-11,-1,None
0,-3,-5,-2,-10,2,0,-1,-1,2,15,6,9,-11,-1,None
0,-3,-5,-2,-10,2,0,-1,-1,2,15,6,9,-11,-1,None
0,-3,-5,-2,-10,2,0,-1,-1,2,15,6,9,-11,-1,None
0,-5,-6,-2,4,2,0,0,-1,2,15,6,9,-11,-1,None
0,4,6,0,5,2,-3,0,-1,2,15,6,9,-11,-1,None
0,-19,8,-3,-11,-4,1,-1,-2,2,15,6,9,-11,-1,None
0,30,-33,-3,11,15,-3,-3,-3,2,15,6,9,-11,-1,None
0,30,-33,-3,11,15,-3,-3,-3,2,15,6,9,-11,-1,None
0,30,-33,-3,11,15,-3,-3,-3,2,15,6,9,-11,-1,None
0,2,5,-20,0,-7,-2,-2,0,2,15,6,9,-11,-1,None
0,-6,-1,11,8,-3,-2,-3,-3,2,15,6,9,-11,-1,None
0,-2,-4,-1,-1,10,0,-2,-2,2,15,6,9,-11,-1,None
0,-11,4,1,-1,-9,1,1,0,2,15,6,9,-11,-1,None
0,-11,4,1,-1,-9,1,1,0,2,15,6,9,-11,-1,None
0,-11,4,1,-1,-9,1,1,0,2,15,6,9,-11,-1,None
0,2,3,1,5,-4,-1,1,0,2,15,6,9,-11,-1,None
0,0,-4,-7,-3,5,0,-1,-1,2,15,6,9,-11,-1,None
0,4,0,-5,1,-9,-1,0,-1,2,15,6,9,-11,-1,None
0,-8,10,-1,-6,-1,-1,-2,-2,2,15,6,9,-11,-1,None
0,-8,10,-1,-6,-1,-1,-2,-2,2,15,6,9,-11,-1,None
0,-8,10,-1,-6,-1,-1,-2,-2,2,15,6,9,-11,-1,None
0,5,-8,4,7,2,0,-1,-2,2,15,6,9,-11,-1,None
0,-12,5,-3,-6,1,-2,-1,-1,2,15,6,9,-11,-1,None
0,3,-1,1,7,8,0,0,1,2,15,6,9,-11,-1,None
0,-6,-1,-7,-10,-5,0,-2,-1,2,15,6,9,-11,-1,None
0,-6,-1,-7,-10,-5,0,-2,-1,2,15,6,9,-11,-1,None
0,-6,-1,-7,-10,-5,0,-2,-1,2,15,6,9,-11,-1,None
0,-2,3,6,-2,1,-1,-2,-2,2,15,6,9,-11,-1,None
0,1,-1,-1,-1,-2,0,-1,1,2,15,6,9,-11,-1,None
0,2,-3,-5,-3,-3,-2,-2,-2,2,15,6,9,-11,-1,None
0,-4,5,-3,-5,0,0,-1,-1,2,15,6,9,-11,-1,None
0,-4,5,-3,-5,0,0,-1,-1,2,15,6,9,-11,-1,None
0,-4,5,-3,-5,0,0,-1,-1,2,15,6,9,-11,-1,None
0,-2,1,1,6,-1,-2,-1,0,2,15,6,9,-11,-1,None
0,-5,-4,-6,-2,-16,-2,-3,-3,2,15,6,9,-11,-1,None
0,-1,-1,-5,14,32,-3,-4,-4,2,15,6,9,-11,-1,None
0,-7,-1,-4,-18,-10,-2,-3,-3,2,15,6,9,-11,-1,None
0,-7,-1,-4,-18,-10,-2,-3,-3,2,15,6,9,-11,-1,None
0,-7,-1,-4,-18,-10,-2,-3,-3,2,15,6,9,-11,-1,None
0,-4,-1,0,-6,-4,-2,-2,-1,2,15,6,9,-11,-1,None
0,-1,-1,-4,-1,-4,1,0,1,2,15,6,9,-11,-1,None
0,2,2,0,-7,-11,-1,-1,-1,2,15,6,9,-11,-1,None
0,-5,0,-1,0,-2,-1,-2,-2,2,15,6,9,-11,-1,None
0,-5,0,-1,0,-2,-1,-2,-2,2,15,6,9,-11,-1,None
0,-5,0,-1,0,-2,-1,-2,-2,2,15,6,9,-11,-1,None
0,-1,-1,-1,1,7,-1,-1,-3,2,15,6,9,-11,-1,None
0,2,4,-3,-2,4,-2,-1,-3,2,15,6,9,-11,-1,None
0,-1,12,1,-4,1,-1,-2,0,2,15,6,9,-11,-1,None
0,-4,5,-29,0,5,-3,-2,-2,2,15,6,9,-11,-1,None
0,-4,5,-29,0,5,-3,-2,-2,2,15,6,9,-11,-1,None
0,-4,5,-29,0,5,-3,-2,-2,2,15,6,9,-11,-1,None
0,-2,-9,8,-1,10,0,-3,-1,2,15,6,9,-11,-1,None
0,-5,11,0,2,5,0,0,-1,2,15,6,9,-11,-1,None
0,4,0,0,0,-5,-1,-1,-3,2,15,6,9,-11,-1,None
0,0,4,-2,-7,-9,0,1,1,2,15,6,9,-11,-1,None
0,0,4,-2,-7,-9,0,1,1,2,15,6,9,-11,-1,None
0,0,4,-2,-7,-9,0,1,1,2,15,6,9,-11,-1,None
0,0,0,-2,0,0,0,-1,-1,2,15,6,9,-11,-1,None
0,-1,-2,-3,0,4,-1,-2,-2,2,15,6,9,-11,-1,None
0,-2,0,-4,-9,-10,-1,0,-1,2,15,6,9,-11,-1,None
0,3,0,5,13,2,0,-1,-1,2,15,6,9,-11,-1,None
0,3,0,5,13,2,0,-1,-1,2,15,6,9,-11,-1,None
0,3,0,5,13,2,0,-1,-1,2,15,6,9,-11,-1,None
0,2,1,-6,-3,14,-1,-1,-1,2,15,6,9,-11,-1,None
