0,-2,-11,-28,1,1,53,51,2,2,14,6,8,-16,-5,None
0,-1,0,-25,-24,2,-34,-34,-2,2,14,6,8,-16,-5,None
0,-4,-5,-19,15,-10,29,4,-4,2,14,6,8,-16,-5,None
0,-4,-5,-19,15,-10,29,4,-4,2,14,6,8,-16,-5,None
0,-4,-5,-19,15,-10,29,4,-4,2,14,6,6,-18,-5,None
0,2,10,23,21,7,-14,21,-2,2,14,6,6,-18,-5,None
0,2,4,9,5,-8,24,-47,1,2,14,6,6,-18,-5,None
0,-1,-4,-15,33,2,-29,17,-3,2,14,6,6,-18,-5,None
0,-4,5,-10,-92,-54,-25,1,-4,2,14,6,6,-18,-5,None
0,-4,5,-10,-92,-54,-25,1,-4,2,14,6,6,-18,-5,None
0,-4,5,-10,-92,-54,-25,1,-4,2,14,6,3,-18,-5,None
0,1,-2,-5,-22,8,16,-5,-1,2,14,6,3,-18,-5,None
0,0,1,6,-10,-6,-2,2,2,2,14,6,3,-18,-5,None
0,-3,-5,3,0,15,10,15,-2,2,14,6,3,-18,-5,None
0,-1,0,0,1,-13,-54,-62,-4,2,14,6,3,-18,-5,None
0,-1,0,0,1,-13,-54,-62,-4,1,14,6,3,-18,-5,None
0,-1,0,0,1,-13,-54,-62,-4,1,14,6,0,-17,-4,None
0,2,-3,-4,28,16,54,59,5,1,14,6,0,-17,-4,None
0,-1,-1,3,13,24,11,2,-4,1,14,6,0,-17,-4,None
0,0,6,21,5,-17,-13,-25,-3,1,14,6,0,-17,-4,None
0,-5,-10,-5,-6,13,-18,3,1,1,14,6,0,-17,-4,None
0,-5,-10,-5,-6,13,-18,3,1,1,14,6,0,-17,-4,None
0,-5,-10,-5,-6,13,-18,3,1,1,14,6,-1,-17,-4,None
0,4,26,-2,10,-22,24,13,-3,1,14,6,-1,-17,-4,None
0,2,12,7,-27,-5,-18,-8,6,1,14,6,-1,-17,-4,None
0,-8,-34,-18,11,22,27,4,4,1,14,6,-1,-17,-4,None
0,-13,-6,-2,28,-22,-21,-4,-12,1,14,6,-1,-17,-4,None
0,-13,-6,-2,28,-22,-21,-4,-12,1,13,5,-1,-17,-4,None
0,-13,-6,-2,28,-22,-21,-4,-12,1,13,5,-2,-17,-3,None
0,-5,17,7,30,13,18,-12,2,1,13,5,-2,-17,-3,None
0,-3,-4,-3,-20,30,-8,9,-7,1,13,5,-2,-17,-3,None
0,4,71,-3,-51,-18,-29,-21,-6,1,13,5,-2,-17,-3,None
0,-1,-28,-25,-54,-22,16,-5,0,1,13,5,-2,-17,-3,None
0,-1,-28,-25,-54,-22,16,-5,0,0,13,5,-2,-17,-3,None
0,-1,-28,-25,-54,-22,16,-5,0,0,13,5,-2,-16,-2,None
0,11,-36,9,-22,-69,2,20,6,0,13,5,-2,-16,-2,None
0,-18,-14,-16,22,34,-18,-26,-8,0,13,5,-2,-16,-2,None
0,-11,22,-1,-37,29,23,4,3,0,13,5,-2,-16,-2,None
0,-87,-35,-20,-3,-32,-6,15,-7,0,13,5,-2,-16,-2,None
0,-87,-35,-20,-3,-32,-6,15,-7,0,12,5,-2,-16,-2,None
0,-87,-35,-20,-3,-32,-6,15,-7,0,12,5,-3,-15,-2,None
0,34,12,-1,-81,-21,-19,-7,-5,0,12,5,-3,-15,-2,None
0,20,-9,5,42,46,5,-8,-2,0,12,5,-3,-15,-2,None
0,3,-15,-9,25,78,30,10,0,0,12,5,-3,-15,-2,None
0,10,33,22,72,-2,-35,-13,1,0,12,5,-3,-15,-2,None
0,10,33,22,72,-2,-35,-13,1,17,12,5,-3,-15,-2,None
0,10,33,22,72,-2,-35,-13,1,17,12,5,-5,-14,-3,None
0,-11,-22,-9,45,51,-3,1,-5,17,12,5,-5,-14,-3,None
0,-21,12,-27,-94,-79,-4,-15,-7,17,12,5,-5,-14,-3,None
0,-3,-71,-9,-52,88,-1,-2,-10,17,12,5,-5,-14,-3,None
0,41,5,13,27,-47,10,2,8,17,12,5,-5,-14,-3,None
0,41,5,13,27,-47,10,2,8,16,11,5,-5,-14,-3,None
0,41,5,13,27,-47,10,2,8,16,11,5,-5,-14,-2,None
0,-57,-19,14,25,87,-7,5,-2,16,11,5,-5,-14,-2,None
0,29,1,-12,-27,99,0,-4,0,16,11,5,-5,-14,-2,None
0,-33,6,0,57,-128,-41,-12,-12,16,11,5,-5,-14,-2,None
0,12,11,26,41,56,29,11,11,16,11,5,-5,-14,-2,None
0,12,11,26,41,56,29,11,11,16,11,5,-5,-14,-2,None
0,12,11,26,41,56,29,11,11,16,11,5,-4,-14,-2,None
0,-31,-11,-30,61,9,-7,-7,-7,16,11,5,-4,-14,-2,None
0,21,21,10,31,76,12,-2,1,16,11,5,-4,-14,-2,None
0,-22,-8,-10,39,-128,-31,-3,-6,16,11,5,-4,-14,-2,None
0,9,17,-4,13,54,11,-3,-1,16,11,5,-4,-14,-2,None
0,9,17,-4,13,54,11,-3,-1,15,11,5,-4,-14,-2,None
0,9,17,-4,13,54,11,-3,-1,15,11,5,-5,-14,-2,None
0,4,4,14,-23,8,8,7,5,15,11,5,-5,-14,-2,None
0,-53,4,-14,-4,-4,6,-1,0,15,11,5,-5,-14,-2,None
0,21,-33,-5,-26,-19,5,7,2,15,11,5,-5,-14,-2,None
0,-17,-7,-4,-8,38,11,-2,-2,15,11,5,-5,-14,-2,None
0,-17,-7,-4,-8,38,11,-2,-2,15,10,5,-5,-14,-2,None
0,-17,-7,-4,-8,38,11,-2,-2,15,10,5,-6,-13,-2,None
0,20,41,3,39,8,-7,-5,-1,15,10,5,-6,-13,-2,None
0,-4,-4,-3,21,-84,10,1,-3,15,10,5,-6,-13,-2,None
0,20,21,61,44,70,9,7,5,15,10,5,-6,-13,-2,None
0,-13,3,11,45,73,-2,0,0,15,10,5,-6,-13,-2,None
0,-13,3,11,45,73,-2,0,0,15,10,6,-6,-13,-2,None
0,-13,3,11,45,73,-2,0,0,15,10,6,-6,-13,-2,None
0,9,-16,-35,-128,-119,-5,-2,-3,15,10,6,-6,-13,-2,None
0,-1,-10,1,51,-20,-19,-10,-5,15,10,6,-6,-13,-2,None
0,24,11,4,28,-16,-1,2,-2,15,10,6,-6,-13,-2,None
0,-2,29,11,17,49,9,-5,0,15,10,6,-6,-13,-2,None
0,-2,29,11,17,49,9,-5,0,14,10,6,-6,-13,-2,None
0,-2,29,11,17,49,9,-5,0,14,10,6,-5,-12,-2,None
0,1,-50,4,-17,19,-3,-3,-1,14,10,6,-5,-12,-2,None
0,15,-2,28,53,-79,-2,0,4,14,10,6,-5,-12,-2,None
0,-21,17,-45,-111,-20,-3,-2,-1,14,10,6,-5,-12,-2,None
0,17,2,-21,-18,-27,-2,5,1,14,10,6,-5,-12,-2,None
0,17,2,-21,-18,-27,-2,5,1,14,10,6,-5,-12,-2,None
0,17,2,-21,-18,-27,-2,5,1,14,10,6,-5,-12,-2,None
0,14,7,-43,-23,-12,-23,-3,0,14,10,6,-5,-12,-2,None
0,-26,-9,-24,64,-17,13,-1,-7,14,10,6,-5,-12,-2,None
0,60,4,67,-14,44,2,-1,4,14,10,6,-5,-12,-2,None
0,8,2,8,-53,-45,-14,-9,-9,14,10,6,-5,-12,-2,None
0,8,2,8,-53,-45,-14,-9,-9,14,9,6,-5,-12,-2,None
0,8,2,8,-53,-45,-14,-9,-9,14,9,6,-5,-12,-2,None
0,-23,19,15,65,36,1,-1,-4,14,9,6,-5,-12,-2,None
0,4,1,-4,-50,6,-10,-5,-1,14,9,6,-5,-12,-2,None
0,-2,13,-49,33,127,7,4,5,14,9,6,-5,-12,-2,None
0,13,0,-13,35,-78,-3,-10,-4,14,9,6,-5,-12,-2,None
0,13,0,-13,35,-78,-3,-10,-4,14,9,6,-5,-12,-2,None
0,13,0,-13,35,-78,-3,-10,-4,14,9,6,-5,-11,-1,None
0,-1,-11,20,-18,9,-3,0,-1,14,9,6,-5,-11,-1,None
0,10,36,14,34,23,-4,-3,-1,14,9,6,-5,-11,-1,None
0,-20,-36,-1,-28,-128,-8,-2,1,14,9,6,-5,-11,-1,None
0,-42,-13,-3,-16,48,-4,-8,-10,14,9,6,-5,-11,-1,None
0,-42,-13,-3,-16,48,-4,-8,-10,14,9,6,-5,-11,-1,None
0,-42,-13,-3,-16,48,-4,-8,-10,14,9,6,-5,-11,-1,None
0,6,-8,3,45,-18,-5,-8,-11,14,9,6,-5,-11,-1,None
0,1,-2,-12,-2,-21,-1,-1,2,14,9,6,-5,-11,-1,None
0,59,12,2,59,-74,19,6,3,14,9,6,-5,-11,-1,None
0,-43,1,-20,-71,21,-2,1,1,14,9,6,-5,-11,-1,None
0,-43,1,-20,-71,21,-2,1,1,13,9,6,-5,-11,-1,None
0,-43,1,-20,-71,21,-2,1,1,13,9,6,-5,-11,-1,None
0,30,14,33,14,-35,-11,-11,-7,13,9,6,-5,-11,-1,None
0,-6,-9,-28,-93,2,-6,-1,0,13,9,6,-5,-11,-1,None
0,-20,21,-24,-20,-79,-13,-8,-7,13,9,6,-5,-11,-1,None
0,38,-16,-27,-3,16,-4,-1,1,13,9,6,-5,-11,-1,None
0,38,-16,-27,-3,16,-4,-1,1,13,9,6,-5,-11,-1,None
0,38,-16,-27,-3,16,-4,-1,1,13,9,6,-5,-10,-1,None
0,-4,31,6,23,12,-4,-3,-5,13,9,6,-5,-10,-1,None
0,-8,-20,19,84,39,19,9,4,13,9,6,-5,-10,-1,None
0,-19,3,-3,-12,0,2,-2,-3,13,9,6,-5,-10,-1,None
0,34,13,-26,74,29,-1,2,1,13,9,6,-5,-10,-1,None
0,34,13,-26,74,29,-1,2,1,13,9,6,-5,-10,-1,None
0,34,13,-26,74,29,-1,2,1,13,9,6,-6,-10,-1,None
0,-15,-22,-29,-47,-84,-6,7,6,13,9,6,-6,-10,-1,None
0,53,1,11,-11,-4,0,-2,0,13,9,6,-6,-10,-1,None
0,-39,-2,-26,-55,-13,-4,-1,-4,13,9,6,-6,-10,-1,None
0,36,6,6,-30,-25,6,-4,-3,13,9,6,-6,-10,-1,None
0,36,6,6,-30,-25,6,-4,-3,13,9,6,-6,-10,-1,None
0,36,6,6,-30,-25,6,-4,-3,13,9,6,-6,-10,0,None
0,-15,3,11,61,74,11,4,4,13,9,6,-6,-10,0,None
0,-52,-19,-1,25,-13,-12,-7,-10,13,9,6,-6,-10,0,None
0,18,19,-5,-54,-5,-6,3,2,13,9,6,-6,-10,0,None
0,20,-15,11,-40,32,12,2,9,13,9,6,-6,-10,0,None
0,20,-15,11,-40,32,12,2,9,13,9,6,-6,-10,0,None
0,20,-15,11,-40,32,12,2,9,13,9,6,-7,-10,0,None
0,-59,1,9,14,-33,12,5,-4,13,9,6,-7,-10,0,None
0,10,1,-23,30,23,-5,-7,-5,13,9,6,-7,-10,0,None
0,-8,-4,23,49,55,6,3,1,13,9,6,-7,-10,0,None
0,-3,9,20,41,19,4,5,2,13,9,6,-7,-10,0,None
0,-3,9,20,41,19,4,5,2,13,9,6,-7,-10,0,None
0,-3,9,20,41,19,4,5,2,13,9,6,-7,-9,0,None
0,16,9,-24,-68,-56,-9,-5,-5,13,9,6,-7,-9,0,None
0,25,14,20,5,-8,-6,-5,-2,13,9,6,-7,-9,0,None
0,-19,-5,-37,-10,3,-10,-5,-2,13,9,6,-7,-9,0,None
0,-18,7,3,46,-12,-7,-6,-8,13,9,6,-7,-9,0,None
0,-18,7,3,46,-12,-7,-6,-8,13,9,6,-7,-9,0,None
0,-18,7,3,46,-12,-7,-6,-8,13,9,6,-8,-9,0,None
0,15,-5,18,-40,15,14,5,8,13,9,6,-8,-9,0,None
0,-34,7,-10,-46,-6,-7,-5,-8,13,9,6,-8,-9,0,None
0,19,4,0,34,20,10,5,2,13,9,6,-8,-9,0,None
0,-2,-14,0,-41,34,-1,-5,-3,13,9,6,-8,-9,0,None
0,-2,-14,0,-41,34,-1,-5,-3,13,9,6,-8,-9,0,None
0,-2,-14,0,-41,34,-1,-5,-3,13,9,6,-9,-9,0,None
0,27,28,-13,-1,19,-4,-3,-1,13,9,6,-9,-9,0,None
0,-27,-15,-8,-27,39,4,5,0,13,9,6,-9,-9,0,None
0,-6,14,-30,16,-1,-8,-8,-7,13,9,6,-9,-9,0,None
0,-28,-36,9,4,-22,-4,-2,-4,13,9,6,-9,-9,0,None
0,-28,-36,9,4,-22,-4,-2,-4,13,9,6,-9,-9,0,None
0,-28,-36,9,4,-22,-4,-2,-4,13,9,6,-9,-10,0,None
0,7,-4,-17,-19,-27,4,0,-1,13,9,6,-9,-10,0,None
0,24,9,21,44,-25,-5,0,3,13,9,6,-9,-10,0,None
0,8,-18,-14,27,38,-6,-6,-6,13,9,6,-9,-10,0,None
0,0,9,-4,5,-57,-4,-6,-4,13,9,6,-9,-10,0,None
0,0,9,-4,5,-57,-4,-6,-4,13,9,6,-9,-10,0,None
0,0,9,-4,5,-57,-4,-6,-4,13,9,6,-10,-10,0,None
0,-11,-3,-1,20,51,4,4,2,13,9,6,-10,-10,0,None
0,1,2,16,-8,-41,1,2,-1,13,9,6,-10,-10,0,None
0,-18,4,21,-20,20,6,-3,5,13,9,6,-10,-10,0,None
0,-1,6,2,22,-55,-3,-1,-1,13,9,6,-10,-10,0,None
0,-1,6,2,22,-55,-3,-1,-1,13,9,6,-10,-10,0,None
0,-1,6,2,22,-55,-3,-1,-1,13,9,6,-10,-9,0,None
0,17,13,4,109,110,-9,-7,-5,13,9,6,-10,-9,0,None
0,-64,-35,-22,41,-46,-2,1,0,13,9,6,-10,-9,0,None
0,8,-7,8,68,20,-9,-7,-7,13,9,6,-10,-9,0,None
0,12,13,-8,38,18,0,3,2,13,9,6,-10,-9,0,None
0,12,13,-8,38,18,0,3,2,13,9,6,-10,-9,0,None
0,12,13,-8,38,18,0,3,2,13,9,6,-11,-10,0,None
0,-6,-20,-18,35,-27,-1,0,0,13,9,6,-11,-10,0,None
0,16,18,30,-73,-5,0,3,0,13,9,6,-11,-10,0,None
0,-14,-24,-7,7,44,-14,-8,-6,13,9,6,-11,-10,0,None
0,2,0,-6,-11,-45,2,1,2,13,9,6,-11,-10,0,None
0,2,0,-6,-11,-45,2,1,2,13,9,6,-11,-10,0,None
0,2,0,-6,-11,-45,2,1,2,13,9,6,-11,-10,0,None
0,-2,-1,10,9,-12,2,-1,-1,13,9,6,-11,-10,0,None
0,17,6,13,-19,4,-5,-3,-1,13,9,6,-11,-10,0,None
0,4,3,7,20,-22,8,6,0,13,9,6,-11,-10,0,None
0,-11,-12,-11,-23,24,5,-3,0,13,9,6,-11,-10,0,None
0,-11,-12,-11,-23,24,5,-3,0,13,9,6,-11,-10,0,None
0,-11,-12,-11,-23,24,5,-3,0,13,9,6,-11,-10,0,None
0,-1,-6,-1,41,41,-4,-1,3,13,9,6,-11,-10,0,None
0,17,14,-13,-35,-34,-9,-3,-1,13,9,6,-11,-10,0,None
0,-13,11,11,-31,-27,-3,0,1,13,9,6,-11,-10,0,None
0,34,2,-16,-55,-19,-7,-4,-7,13,9,6,-11,-10,0,None
0,34,2,-16,-55,-19,-7,-4,-7,13,9,6,-11,-10,0,None
0,34,2,-16,-55,-19,-7,-4,-7,13,9,6,-11,-10,1,None
0,9,-9,-4,-59,7,6,2,3,13,9,6,-11,-10,1,None
0,-27,21,-3,18,38,8,0,0,13,9,6,-11,-10,1,None
0,-6,-29,12,-1,-23,-4,-2,-5,13,9,6,-11,-10,1,None
0,3,6,3,-16,17,-4,0,-1,13,9,6,-11,-10,1,None
0,3,6,3,-16,17,-4,0,-1,13,9,6,-11,-10,1,None
0,3,6,3,-16,17,-4,0,-1,13,9,6,-11,-10,1,None
0,2,-3,24,-10,-10,-3,-2,-4,13,9,6,-11,-10,1,None
0,14,13,-11,18,53,21,8,3,13,9,6,-11,-10,1,None
0,1,9,-65,-117,-6,-19,-9,-6,13,9,6,-11,-10,1,None
0,-16,-15,19,47,-6,7,3,0,13,9,6,-11,-10,1,None
0,-16,-15,19,47,-6,7,3,0,13,9,6,-11,-10,1,None
0,-16,-15,19,47,-6,7,3,0,13,9,6,-11,-10,1,None
0,-2,3,0,65,32,5,-1,-3,13,9,6,-11,-10,1,None
0,1,-9,-14,-14,11,-5,-5,-3,13,9,6,-11,-10,1,None
0,6,8,18,5,-6,5,2,0,13,9,6,-11,-10,1,None
0,1,7,8,-20,-18,-2,0,-1,13,9,6,-11,-10,1,None
0,1,7,8,-20,-18,-2,0,-1,13,9,6,-11,-10,1,None
0,1,7,8,-20,-18,-2,0,-1,13,9,6,-11,-9,0,None
0,-15,2,-21,-12,14,-4,-1,-3,13,9,6,-11,-9,0,None
0,13,-6,10,-16,-9,-5,-3,0,13,9,6,-11,-9,0,None
0,3,-3,7,44,16,3,0,-1,13,9,6,-11,-9,0,None
0,-15,15,-1,-11,-13,-5,-2,-1,13,9,6,-11,-9,0,None
0,-15,15,-1,-11,-13,-5,-2,-1,13,9,6,-11,-9,0,None
0,-15,15,-1,-11,-13,-5,-2,-1,13,9,6,-10,-9,1,None
0,-1,3,0,-28,-13,3,0,0,13,9,6,-10,-9,1,None
0,2,-1,-9,16,-12,3,-3,-3,13,9,6,-10,-9,1,None
0,-10,2,15,10,12,-3,-2,-2,13,9,6,-10,-9,1,None
0,-8,3,-5,-24,23,-5,-2,-1,13,9,6,-10,-9,1,None
0,-8,3,-5,-24,23,-5,-2,-1,13,9,6,-10,-9,1,None
0,-8,3,-5,-24,23,-5,-2,-1,13,9,6,-10,-10,1,None
0,-5,4,-2,-3,-23,-10,-5,-2,13,9,6,-10,-10,1,None
0,6,-8,-4,-8,8,-13,-2,-3,13,9,6,-10,-10,1,None
0,1,7,1,8,-21,41,8,5,13,9,6,-10,-10,1,None
0,1,6,10,-10,-32,-7,-6,-3,13,9,6,-10,-10,1,None
0,1,6,10,-10,-32,-7,-6,-3,13,9,6,-10,-10,1,None
0,1,6,10,-10,-32,-7,-6,-3,13,9,6,-9,-9,0,None
0,0,0,-5,-13,-14,-6,-3,-1,13,9,6,-9,-9,0,None
0,-2,1,-6,-3,-17,-16,-8,-3,13,9,6,-9,-9,0,None
0,0,7,14,13,15,-24,-9,-3,13,9,6,-9,-9,0,None
0,2,44,39,24,17,19,13,2,13,9,6,-9,-9,0,None
0,2,44,39,24,17,19,13,2,13,9,6,-9,-9,0,None
0,2,44,39,24,17,19,13,2,13,9,6,-9,-9,0,None
0,-4,-19,11,-17,-21,18,1,0,13,9,6,-9,-9,0,None
0,-8,-40,-76,3,29,-17,-2,-6,13,9,6,-9,-9,0,None
0,-4,-11,42,-5,-29,17,1,2,13,9,6,-9,-9,0,None
0,-8,-34,-93,-3,1,-39,-12,-9,13,9,6,-9,-9,0,None
0,-8,-34,-93,-3,1,-39,-12,-9,13,9,6,-9,-9,0,None
0,-8,-34,-93,-3,1,-39,-12,-9,13,9,6,-8,-9,0,None
0,2,33,34,-2,-2,2,-3,-1,13,9,6,-8,-9,0,None
0,6,43,52,3,34,15,1,4,13,9,6,-8,-9,0,None
0,3,-5,-24,5,-14,-7,-4,3,13,9,6,-8,-9,0,None
0,1,38,86,1,-10,-6,1,-5,13,9,6,-8,-9,0,None
0,1,38,86,1,-10,-6,1,-5,13,9,6,-8,-9,0,None
0,1,38,86,1,-10,-6,1,-5,13,9,6,-7,-8,0,None
0,-11,-54,-54,-4,-11,-8,-6,-7,13,9,6,-7,-8,0,None
0,-5,-38,-76,6,3,-9,-5,-6,13,9,6,-7,-8,0,None
0,-3,11,-2,2,23,-25,-4,0,13,9,6,-7,-8,0,None
0,-12,5,-14,0,-6,9,0,-6,13,9,6,-7,-8,0,None
0,-12,5,-14,0,-6,9,0,-6,13,9,6,-7,-8,0,None
0,-12,5,-14,0,-6,9,0,-6,13,9,6,-6,-9,0,None
0,0,30,21,2,-1,-4,1,0,13,9,6,-6,-9,0,None
0,16,30,68,-6,-10,19,2,5,13,9,6,-6,-9,0,None
0,-9,-10,9,-3,8,-12,1,-2,13,9,6,-6,-9,0,None
0,5,-29,-54,-3,7,-7,-5,-1,13,9,6,-6,-9,0,None
0,5,-29,-54,-3,7,-7,-5,-1,13,9,6,-6,-9,0,None
0,5,-29,-54,-3,7,-7,-5,-1,13,9,6,-6,-10,0,None
0,-13,12,-3,-7,2,3,0,-3,13,9,6,-6,-10,0,None
0,20,3,11,-7,-8,-2,-3,3,13,9,6,-6,-10,0,None
0,-18,0,-28,1,13,6,-1,3,13,9,6,-6,-10,0,None
0,3,25,45,1,7,22,6,-3,13,9,6,-6,-10,0,None
0,3,25,45,1,7,22,6,-3,14,9,6,-6,-10,0,None
0,3,25,45,1,7,22,6,-3,14,9,6,-7,-10,0,None
0,-5,-40,-47,-11,-9,4,1,-4,14,9,6,-7,-10,0,None
0,-9,13,14,2,-19,-4,-2,-4,14,9,6,-7,-10,0,None
0,8,6,1,-3,2,-10,-6,-3,14,9,6,-7,-10,0,None
0,-9,-22,-4,0,-5,-33,-8,-2,14,9,6,-7,-10,0,None
0,-9,-22,-4,0,-5,-33,-8,-2,14,9,6,-7,-10,0,None
0,-9,-22,-4,0,-5,-33,-8,-2,14,9,6,-7,-10,0,None
0,9,43,17,1,15,6,6,8,14,9,6,-7,-10,0,None
0,-1,7,27,9,-7,-4,-5,-4,14,9,6,-7,-10,0,None
0,-7,-29,-41,2,2,13,1,-6,14,9,6,-7,-10,0,None
0,0,6,-5,-7,-3,-14,-6,-2,14,9,6,-7,-10,0,None
0,0,6,-5,-7,-3,-14,-6,-2,14,9,6,-7,-10,0,None
0,0,6,-5,-7,-3,-14,-6,-2,14,9,6,-7,-10,0,None
0,1,-8,-7,6,-9,-13,-5,-5,14,9,6,-7,-10,0,None
0,-9,-3,-3,-28,7,3,3,0,14,9,6,-7,-10,0,None
0,8,10,4,-1,-7,0,-2,-1,14,9,6,-7,-10,0,None
0,3,5,-4,15,0,15,1,1,14,9,6,-7,-10,0,None
0,3,5,-4,15,0,15,1,1,14,9,6,-7,-10,0,None
0,3,5,-4,15,0,15,1,1,14,9,6,-6,-11,-1,None
0,2,3,3,-5,-1,-3,-2,-2,14,9,6,-6,-11,-1,None
0,-7,-5,-2,16,2,9,2,-2,14,9,6,-6,-11,-1,None
0,-2,8,9,6,1,-6,1,-3,14,9,6,-6,-11,-1,None
0,-1,-18,-6,-7,5,4,-2,0,14,9,6,-6,-11,-1,None
0,-1,-18,-6,-7,5,4,-2,0,14,10,6,-6,-11,-1,None
0,-1,-18,-6,-7,5,4,-2,0,14,10,6,-6,-12,-1,None
0,0,-3,-28,2,5,4,0,-2,14,10,6,-6,-12,-1,None
0,-4,3,-11,4,7,-1,-2,-1,14,10,6,-6,-12,-1,None
0,5,6,20,0,12,4,3,0,14,10,6,-6,-12,-1,None
0,-1,0,16,14,-3,16,0,0,14,10,6,-6,-12,-1,None
0,-1,0,16,14,-3,16,0,0,14,10,6,-6,-12,-1,None
0,-1,0,16,14,-3,16,0,0,14,10,6,-6,-12,-2,None
0,-3,-3,-11,-10,-6,-10,-3,-2,14,10,6,-6,-12,-2,None
0,-4,-1,0,8,-5,-4,-2,-4,14,10,6,-6,-12,-2,None
0,2,2,0,0,9,1,-3,-1,14,10,6,-6,-12,-2,None
0,-2,3,-14,-7,3,-4,-2,0,14,10,6,-6,-12,-2,None
0,-2,3,-14,-7,3,-4,-2,0,15,10,6,-6,-12,-2,None
0,-2,3,-14,-7,3,-4,-2,0,15,10,6,-7,-12,-2,None
0,-1,5,11,1,-2,-3,-4,-2,15,10,6,-7,-12,-2,None
0,-1,-6,0,7,-4,-1,-2,0,15,10,6,-7,-12,-2,None
0,-1,6,-3,1,-5,4,2,-3,15,10,6,-7,-12,-2,None
0,-2,-8,-13,-17,17,-32,-8,-3,15,10,6,-7,-12,-2,None
0,-2,-8,-13,-17,17,-32,-8,-3,15,10,6,-7,-12,-2,None
0,-2,-8,-13,-17,17,-32,-8,-3,15,10,6,-6,-12,-3,None
0,0,4,0,3,-9,22,2,-1,15,10,6,-6,-12,-3,None
0,-4,-1,-1,0,3,2,-1,-1,15,10,6,-6,-12,-3,None
0,-1,0,-1,3,-11,-11,-6,-4,15,10,6,-6,-12,-3,None
0,-2,-1,-11,-1,1,3,1,-1,15,10,6,-6,-12,-3,None
0,-2,-1,-11,-1,1,3,1,-1,15,11,6,-6,-12,-3,None
0,-2,-1,-11,-1,1,3,1,-1,15,11,6,-4,-13,-3,None
0,-2,-1,1,5,8,-11,-1,0,15,11,6,-4,-13,-3,None
0,-1,-3,-9,0,1,3,-1,-1,15,11,6,-4,-13,-3,None
0,0,3,-3,-5,0,2,-1,-2,15,11,6,-4,-13,-3,None
0,0,-2,-10,2,-1,6,1,-1,15,11,6,-4,-13,-3,None
0,0,-2,-10,2,-1,6,1,-1,16,11,5,-4,-13,-3,None
0,0,-2,-10,2,-1,6,1,-1,16,11,5,-4,-13,-3,None
0,0,3,8,1,0,5,1,-1,16,11,5,-4,-13,-3,None
0,-3,-3,-5,-3,-8,-4,-1,-2,16,11,5,-4,-13,-3,None
0,-3,1,2,1,0,-2,1,-2,16,11,5,-4,-13,-3,None
0,-3,-1,0,-2,-4,5,-3,-2,16,11,5,-4,-13,-3,None
0,-3,-1,0,-2,-4,5,-3,-2,16,11,5,-4,-13,-3,None
0,-3,-1,0,-2,-4,5,-3,-2,16,11,5,-5,-13,-4,None
0,-2,-3,0,-2,26,3,1,-1,16,11,5,-5,-13,-4,None
0,1,0,-10,-9,-11,-13,-1,0,16,11,5,-5,-13,-4,None
0,-2,0,-3,2,-3,1,0,-3,16,11,5,-5,-13,-4,None
0,1,1,-2,-9,-1,5,-3,1,16,11,5,-5,-13,-4,None
0,1,1,-2,-9,-1,5,-3,1,17,12,5,-5,-13,-4,None
0,1,1,-2,-9,-1,5,-3,1,17,12,5,-4,-14,-3,None
0,-1,-2,4,10,-1,-2,3,6,17,12,5,-4,-14,-3,None
0,0,-2,-11,-2,6,1,0,2,17,12,5,-4,-14,-3,None
0,0,2,5,-11,-9,0,0,-1,17,12,5,-4,-14,-3,None
0,-1,-2,-3,38,5,6,0,-1,17,12,5,-4,-14,-3,None
0,-1,-2,-3,38,5,6,0,-1,17,12,5,-4,-14,-3,None
0,-1,-2,-3,38,5,6,0,-1,17,12,5,-3,-15,-3,None
0,-2,3,1,0,-2,-11,-5,-4,17,12,5,-3,-15,-3,None
0,1,2,-1,-1,-4,3,-1,-3,17,12,5,-3,-15,-3,None
0,1,15,-12,-73,-22,-10,-4,-2,17,12,5,-3,-15,-3,None
0,-5,-28,0,-17,-8,1,1,-1,17,12,5,-3,-15,-3,None
0,-5,-28,0,-17,-8,1,1,-1,17,12,5,-3,-15,-3,None
0,-5,-28,0,-17,-8,1,1,-1,17,12,5,-2,-15,-3,None
0,-2,0,4,26,5,-2,-6,-7,17,12,5,-2,-15,-3,None
0,-1,1,6,22,-7,10,2,-2,17,12,5,-2,-15,-3,None
0,1,1,7,23,11,-5,-4,1,17,12,5,-2,-15,-3,None
0,3,11,4,31,25,9,4,1,17,12,5,-2,-15,-3,None
0,3,11,4,31,25,9,4,1,0,13,6,-2,-15,-3,None
0,3,11,4,31,25,9,4,1,0,13,6,-3,-15,-3,None
0,-3,4,-24,-39,-44,-14,-9,-6,0,13,6,-3,-15,-3,None
0,-11,-34,-5,13,-3,-5,1,-6,0,13,6,-3,-15,-3,None
0,-2,-3,-12,-66,-35,-1,-2,-4,0,13,6,-3,-15,-3,None
0,2,10,21,35,38,20,4,5,0,13,6,-3,-15,-3,None
0,2,10,21,35,38,20,4,5,0,13,6,-3,-15,-3,None
0,2,10,21,35,38,20,4,5,0,13,6,-2,-15,-3,None
0,0,-5,-8,-37,-25,-6,2,-1,0,13,6,-2,-15,-3,None
0,1,12,-14,-7,10,-6,-6,0,0,13,6,-2,-15,-3,None
0,-5,-6,11,105,32,2,3,-4,0,13,6,-2,-15,-3,None
0,0,1,1,26,-1,3,0,-1,0,13,6,-2,-15,-3,None
0,0,1,1,26,-1,3,0,-1,1,13,6,-2,-15,-3,None
0,0,1,1,26,-1,3,0,-1,1,13,6,-1,-17,-3,None
0,0,6,-10,-36,-26,-6,-5,-5,1,13,6,-1,-17,-3,None
0,-1,4,6,77,20,-2,0,1,1,13,6,-1,-17,-3,None
0,1,-2,-17,-2,39,0,-2,1,1,13,6,-1,-17,-3,None
0,-6,2,-37,-76,-8,-13,-6,-5,1,13,6,-1,-17,-3,None
0,-6,2,-37,-76,-8,-13,-6,-5,1,13,6,-1,-17,-3,None
0,-6,2,-37,-76,-8,-13,-6,-5,1,13,6,0,-17,-4,None
0,5,0,13,15,-14,4,0,1,1,13,6,0,-17,-4,None
0,-1,1,6,20,-8,0,1,-3,1,13,6,0,-17,-4,None
0,-4,-7,-13,-19,18,-10,-6,-4,1,13,6,0,-17,-4,None
0,-2,9,30,44,-12,4,2,0,1,13,6,0,-17,-4,None
0,-2,9,30,44,-12,4,2,0,1,14,6,0,-17,-4,None
0,-2,9,30,44,-12,4,2,0,1,14,6,0,-17,-3,None
0,1,-2,-20,-89,-10,-7,-6,0,1,14,6,0,-17,-3,None
0,0,2,6,-17,6,6,7,2,1,14,6,0,-17,-3,None
0,0,4,11,30,28,14,2,1,1,14,6,0,-17,-3,None
0,0,-2,-9,-38,-24,-3,-5,-4,1,14,6,0,-17,-3,None
0,0,-2,-9,-38,-24,-3,-5,-4,1,14,6,0,-17,-3,None
0,0,-2,-9,-38,-24,-3,-5,-4,1,14,6,2,-16,-2,None
0,-1,3,-1,91,48,-5,1,3,1,14,6,2,-16,-2,None
0,1,7,24,67,62,15,1,0,1,14,6,2,-16,-2,None
0,1,2,-1,-70,-19,10,8,4,1,14,6,2,-16,-2,None
0,-5,-2,-20,74,6,-14,-17,-6,1,14,6,2,-16,-2,None
0,-5,-2,-20,74,6,-14,-17,-6,1,14,6,2,-16,-2,None
0,-5,-2,-20,74,6,-14,-17,-6,1,14,6,3,-14,-2,None
0,-2,-5,-22,-46,28,5,11,-3,1,14,6,3,-14,-2,None
0,-2,-5,-34,-104,-16,-27,-16,-5,1,14,6,3,-14,-2,None
0,4,6,18,117,30,10,9,5,1,14,6,3,-14,-2,None
0,-3,-4,-6,-62,-75,-18,-10,-3,1,14,6,3,-14,-2,None
0,-3,-4,-6,-62,-75,-18,-10,-3,2,14,6,3,-14,-2,None
0,-3,-4,-6,-62,-75,-18,-10,-3,2,14,6,4,-14,-2,None
0,-5,2,15,84,79,2,-5,-7,2,14,6,4,-14,-2,None
0,0,2,-2,-44,-25,-4,-11,-2,2,14,6,4,-14,-2,None
0,-2,-3,-37,-54,8,-6,-2,-2,2,14,6,4,-14,-2,None
0,0,1,3,-19,13,0,1,1,2,14,6,4,-14,-2,None
0,0,1,3,-19,13,0,1,1,2,14,6,4,-14,-2,None
0,0,1,3,-19,13,0,1,1,2,14,6,6,-15,-2,None
0,1,6,18,36,-72,0,-3,-3,2,14,6,6,-15,-2,None
0,-1,-7,-19,-30,67,2,1,-1,2,14,6,6,-15,-2,None
0,-2,-1,-8,60,-34,-5,-5,-2,2,14,6,6,-15,-2,None
0,-3,-4,-7,-106,-1,-7,-1,-6,2,14,6,6,-15,-2,None
0,-3,-4,-7,-106,-1,-7,-1,-6,2,14,6,6,-15,-2,None
0,-3,-4,-7,-106,-1,-7,-1,-6,2,14,6,7,-14,-2,None
0,-4,-4,-7,-29,-21,-3,-2,-5,2,14,6,7,-14,-2,None
0,3,29,2,42,-47,2,2,3,2,14,6,7,-14,-2,None
0,-2,-12,-2,-29,-45,-7,-8,1,2,14,6,7,-14,-2,None
0,1,22,7,71,53,10,14,-2,2,14,6,7,-14,-2,None
0,1,22,7,71,53,10,14,-2,2,14,6,7,-14,-2,None
0,1,22,7,71,53,10,14,-2,2,14,6,7,-13,-2,None
0,3,-5,12,-43,27,5,-2,6,2,14,6,7,-13,-2,None
0,-3,3,5,-24,30,0,-1,-5,2,14,6,7,-13,-2,None
0,-3,2,15,76,-18,-8,-3,-10,2,14,6,7,-13,-2,None
0,5,8,-10,-58,-58,4,3,4,2,14,6,7,-13,-2,None
0,5,8,-10,-58,-58,4,3,4,2,15,6,7,-13,-2,None
0,5,8,-10,-58,-58,4,3,4,2,15,6,8,-13,-2,None
0,-4,3,0,105,79,3,-3,-4,2,15,6,8,-13,-2,None
0,-5,-11,1,-44,-62,2,7,-1,2,15,6,8,-13,-2,None
0,1,7,-3,-14,17,2,-2,1,2,15,6,8,-13,-2,None
0,0,-6,9,116,43,3,-1,1,2,15,6,8,-13,-2,None
0,0,-6,9,116,43,3,-1,1,2,15,6,8,-13,-2,None
0,0,-6,9,116,43,3,-1,1,2,15,6,8,-13,-2,None
0,1,21,-3,-76,-38,-7,-4,2,2,15,6,8,-13,-2,None
0,-5,-21,-1,13,0,-5,-3,-2,2,15,6,8,-13,-2,None
0,4,39,17,25,-6,-2,-3,-5,2,15,6,8,-13,-2,None
0,-11,-68,0,-14,11,-2,0,-2,2,15,6,8,-13,-2,None
0,-11,-68,0,-14,11,-2,0,-2,2,15,6,8,-13,-2,None
0,-11,-68,0,-14,11,-2,0,-2,2,15,6,9,-13,-2,None
0,-1,10,8,17,-5,-3,1,0,2,15,6,9,-13,-2,None
0,4,18,-3,4,-19,-2,-2,-4,2,15,6,9,-13,-2,None
0,-5,6,1,-61,1,3,1,3,2,15,6,9,-13,-2,None
0,-8,-8,-19,-29,-51,-6,-5,-9,2,15,6,9,-13,-2,None
0,-8,-8,-19,-29,-51,-6,-5,-9,2,15,6,9,-13,-2,None
0,-8,-8,-19,-29,-51,-6,-5,-9,2,15,6,8,-14,-2,None
0,8,43,-7,21,21,-1,-3,-1,2,15,6,8,-14,-2,None
0,-4,-9,1,30,19,0,-4,0,2,15,6,8,-14,-2,None
0,9,16,-8,-52,-49,-5,1,-1,2,15,6,8,-14,-2,None
0,-1,-12,-5,-26,-3,6,4,4,2,15,6,8,-14,-2,None
0,-1,-12,-5,-26,-3,6,4,4,2,15,6,8,-14,-2,None
0,-1,-12,-5,-26,-3,6,4,4,2,15,6,10,-15,-2,None
0,-6,-11,-14,22,-22,3,0,-5,2,15,6,10,-15,-2,None
0,-1,11,16,-11,-25,1,0,1,2,15,6,10,-15,-2,None
0,-1,4,8,4,10,-8,-7,-3,2,15,6,10,-15,-2,None
0,1,19,-4,11,15,3,1,1,2,15,6,10,-15,-2,None
0,1,19,-4,11,15,3,1,1,2,15,6,10,-15,-2,None
0,1,19,-4,11,15,3,1,1,2,15,6,8,-13,-3,None
0,3,-20,2,-11,-15,-1,-1,-1,2,15,6,8,-13,-3,None
0,0,3,-9,17,36,3,2,0,2,15,6,8,-13,-3,None
0,-4,-23,-3,-18,-11,-1,-1,-1,2,15,6,8,-13,-3,None
0,1,13,15,28,36,1,0,-2,2,15,6,8,-13,-3,None
0,1,13,15,28,36,1,0,-2,2,15,6,8,-13,-3,None
0,1,13,15,28,36,1,0,-2,2,15,6,8,-12,-2,None
0,-5,-17,8,6,-10,0,-1,-1,2,15,6,8,-12,-2,None
0,-1,-4,-2,-13,-17,-4,-4,-2,2,15,6,8,-12,-2,None
0,-5,-9,0,-2,19,0,-2,-3,2,15,6,8,-12,-2,None
0,1,24,-1,33,43,2,-3,-1,2,15,6,8,-12,-2,None
0,1,24,-1,33,43,2,-3,-1,2,15,6,8,-12,-2,None
0,1,24,-1,33,43,2,-3,-1,2,15,6,8,-12,-1,None
0,-8,-39,-8,-36,-30,-6,-3,-3,2,15,6,8,-12,-1,None
0,3,10,-11,-5,-2,-3,-1,-2,2,15,6,8,-12,-1,None
0,-9,-13,-3,-12,-22,0,-3,-5,2,15,6,8,-12,-1,None
0,4,24,-5,5,12,1,-1,0,2,15,6,8,-12,-1,None
0,4,24,-5,5,12,1,-1,0,2,15,6,8,-12,-1,None
0,4,24,-5,5,12,1,-1,0,2,15,6,8,-11,-1,None
0,-8,-38,1,1,-6,-2,-1,-1,2,15,6,8,-11,-1,None
0,-2,0,1,32,8,-2,-3,-3,2,15,6,8,-11,-1,None
0,-3,17,-9,-45,3,-2,-2,-5,2,15,6,8,-11,-1,None
0,2,-14,-18,-59,-42,-6,-2,-4,2,15,6,8,-11,-1,None
0,2,-14,-18,-59,-42,-6,-2,-4,2,15,6,8,-11,-1,None
0,2,-14,-18,-59,-42,-6,-2,-4,2,15,6,9,-11,-1,None
0,4,41,11,-14,5,0,0,-1,2,15,6,9,-11,-1,None
0,-1,-11,-6,-18,-13,-1,-3,-2,2,15,6,9,-11,-1,None
0,2,8,-3,30,15,1,1,2,2,15,6,9,-11,-1,None
0,-2,-6,-4,1,-12,-2,-1,1,2,15,6,9,-11,-1,None
0,-2,-6,-4,1,-12,-2,-1,1,2,15,6,9,-11,-1,None
0,-2,-6,-4,1,-12,-2,-1,1,2,15,6,9,-11,-1,None
0,0,10,-3,6,-5,0,-2,-2,2,15,6,9,-11,-1,None
0,-2,5,-3,-7,2,1,-4,-1,2,15,6,9,-11,-1,None
0,2,-10,-4,24,10,2,2,-1,2,15,6,9,-11,-1,None
0,-2,-2,3,-28,6,-4,-4,-3,2,15,6,9,-11,-1,None
0,-2,-2,3,-28,6,-4,-4,-3,2,15,6,9,-11,-1,None
0,-2,-2,3,-28,6,-4,-4,-3,2,15,6,9,-11,-1,None
0,-1,-8,-1,29,20,1,0,-1,2,15,6,9,-11,-1,None
0,-1,3,-1,-6,0,-1,-1,-2,2,15,6,9,-11,-1,None
0,-2,-10,0,19,1,-2,-2,-1,2,15,6,9,-11,-1,None
0,-1,-3,0,21,4,-4,-3,-1,2,15,6,9,-11,-1,None
0,-1,-3,0,21,4,-4,-3,-1,2,15,6,9,-11,-1,None
0,-1,-3,0,21,4,-4,-3,-1,2,15,6,9,-11,-2,None
0,0,10,-1,27,0,-3,-3,-2,2,15,6,9,-11,-2,None
0,-14,26,-8,-95,-44,-1,-3,1,2,15,6,9,-11,-2,None
0,-4,-33,-11,4,17,-5,-2,-3,2,15,6,9,-11,-2,None
0,-2,8,7,8,-15,5,0,-2,2,15,6,9,-11,-2,None
0,-2,8,7,8,-15,5,0,-2,2,15,6,9,-11,-2,None
0,-2,8,7,8,-15,5,0,-2,2,15,6,9,-11,-2,None
0,-4,-21,-4,-10,28,-2,-3,-3,2,15,6,9,-11,-2,None
0,-2,9,7,31,-2,1,0,-2,2,15,6,9,-11,-2,None
0,-2,3,-2,-6,7,-1,-1,0,2,15,6,9,-11,-2,None
0,-2,3,-5,-20,-12,-6,-2,0,2,15,6,9,-11,-2,None
0,-2,3,-5,-20,-12,-6,-2,0,2,15,6,9,-11,-2,None
0,-2,3,-5,-20,-12,-6,-2,0,2,15,6,9,-11,-2,None
0,-2,7,1,5,-11,1,0,2,2,15,6,9,-11,-2,None
0,1,-13,-6,12,11,-2,-1,-2,2,15,6,9,-11,-2,None
0,-2,23,-1,7,-3,0,1,3,2,15,6,9,-11,-2,None
0,-16,33,9,42,11,-2,1,-6,2,15,6,9,-11,-2,None
0,-16,33,9,42,11,-2,1,-6,2,15,6,9,-11,-2,None
0,-16,33,9,42,11,-2,1,-6,2,15,6,8,-11,-2,None
0,0,0,-13,-17,6,2,0,0,2,15,6,8,-11,-2,None
0,-2,-2,-2,43,27,-1,-3,-1,2,15,6,8,-11,-2,None
0,-9,3,6,1,15,-1,-4,-5,2,15,6,8,-11,-2,None
0,9,6,0,-6,-17,1,-1,3,2,15,6,8,-11,-2,None
0,9,6,0,-6,-17,1,-1,3,2,15,6,8,-11,-2,None
0,9,6,0,-6,-17,1,-1,3,2,15,6,8,-12,-2,None
0,4,-2,-4,0,0,-1,0,-1,2,15,6,8,-12,-2,None
0,-5,0,0,-6,-8,-4,-1,-4,2,15,6,8,-12,-2,None
0,15,-2,0,-2,-10,1,1,2,2,15,6,8,-12,-2,None
0,0,-11,-2,-3,20,-2,-2,-2,2,15,6,8,-12,-2,None
0,0,-11,-2,-3,20,-2,-2,-2,2,15,6,8,-12,-2,None
0,0,-11,-2,-3,20,-2,-2,-2,2,15,6,9,-11,-2,None
0,0,2,6,-12,-6,0,-1,-1,2,15,6,9,-11,-2,None
0,1,-14,-6,6,2,-3,-4,-3,2,15,6,9,-11,-2,None
0,3,20,-10,-9,0,2,0,-3,2,15,6,9,-11,-2,None
0,10,21,3,2,7,-1,-1,4,2,15,6,9,-11,-2,None
0,10,21,3,2,7,-1,-1,4,2,15,6,9,-11,-2,None
0,10,21,3,2,7,-1,-1,4,2,15,6,9,-11,-2,None
0,-17,-15,-6,-8,-1,0,0,-6,2,15,6,9,-11,-2,None
0,5,-1,-1,-20,-3,-4,-5,-2,2,15,6,9,-11,-2,None
0,-11,-11,-8,18,10,-2,-4,-4,2,15,6,9,-11,-2,None
0,-4,8,-4,-6,-9,-1,-1,-1,2,15,6,9,-11,-2,None
0,-4,8,-4,-6,-9,-1,-1,-1,2,15,6,9,-11,-2,None
0,-4,8,-4,-6,-9,-1,-1,-1,2,15,6,9,-11,-2,None
0,12,14,1,6,-12,-1,-2,-1,2,15,6,9,-11,-2,None
0,-5,1,0,11,4,0,1,-2,2,15,6,9,-11,-2,None
0,2,-1,12,-10,-8,-1,1,0,2,15,6,9,-11,-2,None
0,0,-15,-9,1,6,-1,-2,-1,2,15,6,9,-11,-2,None
0,0,-15,-9,1,6,-1,-2,-1,2,15,6,9,-11,-2,None
0,0,-15,-9,1,6,-1,-2,-1,2,15,6,9,-11,-2,None
0,-4,3,-1,0,-1,-3,-3,-2,2,15,6,9,-11,-2,None
0,4,-21,1,-11,-5,0,-1,-2,2,15,6,9,-11,-2,None
0,-1,12,3,6,12,-1,-3,0,2,15,6,9,-11,-2,None
0,5,-6,2,11,4,-1,-1,-1,2,15,6,9,-11,-2,None
0,5,-6,2,11,4,-1,-1,-1,2,15,6,9,-11,-2,None
0,5,-6,2,11,4,-1,-1,-1,2,15,6,9,-11,-1,None
0,-4,-2,-7,2,-8,-5,-1,-1,2,15,6,9,-11,-1,None
0,-2,2,-8,1,6,-1,-4,-2,2,15,6,9,-11,-1,None
0,3,-8,-1,7,4,5,3,1,2,15,6,9,-11,-1,None
0,-5,-4,-3,-1,5,1,-1,-4,2,15,6,9,-11,-1,None
0,-5,-4,-3,-1,5,1,-1,-4,2,15,6,9,-11,-1,None
0,-5,-4,-3,-1,5,1,-1,-4,2,15,6,9,-11,-1,None
0,2,8,-1,-3,-8,-2,0,3,2,15,6,9,-11,-1,None
0,4,3,-2,0,-2,-1,0,-2,2,15,6,9,-11,-1,None
0,-1,52,6,9,4,-2,-5,-3,2,15,6,9,-11,-1,None
0,-3,-22,-7,-38,-7,-4,-3,0,2,15,6,9,-11,-1,None
0,-3,-22,-7,-38,-7,-4,-3,0,2,15,6,9,-11,-1,None
0,-3,-22,-7,-38,-7,-4,-3,0,2,15,6,8,-11,-1,None
0,-18,9,1,-2,-3,-1,0,0,2,15,6,8,-11,-1,None
0,-1,-7,-5,13,-3,2,1,0,2,15,6,8,-11,-1,None
0,-1,-1,-8,-9,6,-2,-2,-3,2,15,6,8,-11,-1,None
0,-1,1,-1,1,-6,-3,0,-2,2,15,6,8,-11,-1,None
0,-1,1,-1,1,-6,-3,0,-2,2,15,6,8,-11,-1,None
0,-1,1,-1,1,-6,-3,0,-2,2,15,6,9,-11,-2,None
0,0,-3,-1,-8,-4,-2,-4,-1,2,15,6,9,-11,-2,None
0,0,8,0,14,1,-1,1,0,2,15,6,9,-11,-2,None
0,-2,-20,-4,-3,-4,0,0,-1,2,15,6,9,-11,-2,None
0,19,-2,8,34,6,-1,-4,-2,2,15,6,9,-11,-2,None
0,19,-2,8,34,6,-1,-4,-2,2,15,6,9,-11,-2,None
0,19,-2,8,34,6,-1,-4,-2,2,15,6,9,-11,-2,None
0,-1,17,-9,-85,-30,-2,1,1,2,15,6,9,-11,-2,None
0,-4,1,-2,1,24,-5,-4,0,2,15,6,9,-11,-2,None
0,-7,-15,-2,11,-5,-4,-3,-8,2,15,6,9,-11,-2,None
0,2,-9,-7,0,6,-1,-2,-2,2,15,6,9,-11,-2,None
0,2,-9,-7,0,6,-1,-2,-2,2,15,6,9,-11,-2,None
0,2,-9,-7,0,6,-1,-2,-2,2,15,6,9,-11,-2,None
0,8,14,3,10,3,2,0,0,2,15,6,9,-11,-2,None
0,2,0,0,-3,-7,1,1,2,2,15,6,9,-11,-2,None
0,-2,-11,-5,-21,-7,-5,-4,-1,2,15,6,9,-11,-2,None
0,-5,14,-4,-8,-4,-2,-3,0,2,15,6,9,-11,-2,None
0,-5,14,-4,-8,-4,-2,-3,0,2,15,6,9,-11,-2,None
0,-5,14,-4,-8,-4,-2,-3,0,2,15,6,9,-11,-2,None
0,-6,-36,6,30,15,1,1,-2,2,15,6,9,-11,-2,None
0,-8,0,-7,9,-19,0,1,-2,2,15,6,9,-11,-2,None
0,6,3,-5,-44,-11,-4,-4,-1,2,15,6,9,-11,-2,None
0,-12,-16,-5,-4,-13,-3,-3,-4,2,15,6,9,-11,-2,None
0,-12,-16,-5,-4,-13,-3,-3,-4,2,15,6,9,-11,-2,None
0,-12,-16,-5,-4,-13,-3,-3,-4,2,15,6,9,-11,-2,None
0,6,2,-1,-1,21,-3,-6,-3,2,15,6,9,-11,-2,None
0,3,-5,0,6,-8,1,-3,-1,2,15,6,9,-11,-2,None
0,-22,-1,-1,10,7,4,3,0,2,15,6,9,-11,-2,None
0,8,11,-3,-17,3,1,0,-3,2,15,6,9,-11,-2,None
0,8,11,-3,-17,3,1,0,-3,2,15,6,9,-11,-2,None
0,8,11,-3,-17,3,1,0,-3,2,15,6,9,-11,-2,None
0,0,-1,-6,-15,-4,-3,-2,-2,2,15,6,9,-11,-2,None
0,0,-1,-1,0,9,2,0,-1,2,15,6,9,-11,-2,None
0,1,20,-1,10,-1,-4,-2,-1,2,15,6,9,-11,-2,None
0,-11,-7,-5,-19,1,0,-1,-1,2,15,6,9,-11,-2,None
0,-11,-7,-5,-19,1,0,-1,-1,2,15,6,9,-11,-2,None
0,-11,-7,-5,-19,1,0,-1,-1,2,15,6,9,-11,-2,None
0,-6,-7,-1,49,19,1,-3,-2,2,15,6,9,-11,-2,None
0,26,4,-4,-14,8,-3,-4,-2,2,15,6,9,-11,-2,None
0,-42,-32,-2,3,8,1,1,-3,2,15,6,9,-11,-2,None
0,-3,-1,-2,15,2,-2,2,-2,2,15,6,9,-11,-2,None
0,-3,-1,-2,15,2,-2,2,-2,2,15,6,9,-11,-2,None
0,-3,-1,-2,15,2,-2,2,-2,2,15,6,9,-11,-2,None
0,7,9,-1,-2,-4,-1,-2,-1,2,15,6,9,-11,-2,None
0,-9,7,-1,-4,-4,-1,1,0,2,15,6,9,-11,-2,None
0,18,5,-1,10,1,-3,-4,0,2,15,6,9,-11,-2,None
0,-4,-18,-3,-8,-13,-2,1,1,2,15,6,9,-11,-2,None
0,-4,-18,-3,-8,-13,-2,1,1,2,15,6,9,-11,-2,None
0,-4,-18,-3,-8,-13,-2,1,1,2,15,6,9,-11,-2,None
0,-10,-7,0,15,-7,-1,-1,-1,2,15,6,9,-11,-2,None
0,-5,-1,-1,-14,4,-1,-2,-6,2,15,6,9,-11,-2,None
0,5,-8,-1,8,8,-1,-4,-3,2,15,6,9,-11,-2,None
0,-5,8,-2,9,6,-1,-2,0,2,15,6,9,-11,-2,None
0,-5,8,-2,9,6,-1,-2,0,2,15,6,9,-11,-2,None
0,-5,8,-2,9,6,-1,-2,0,2,15,6,9,-11,-1,None
0,11,14,-1,-6,-11,-2,-1,-2,2,15,6,9,-11,-1,None
0,-19,-6,-1,7,-7,-2,-1,2,2,15,6,9,-11,-1,None
0,40,0,5,-11,-13,-3,-3,0,2,15,6,9,-11,-1,None
0,-3,6,-4,31,7,0,-1,-1,2,15,6,9,-11,-1,None
0,-3,6,-4,31,7,0,-1,-1,2,15,6,9,-11,-1,None
0,-3,6,-4,31,7,0,-1,-1,2,15,6,9,-11,-1,None
0,2,8,-2,-32,6,1,0,0,2,15,6,9,-11,-1,None
0,-5,-20,-5,-30,-29,-7,-3,-3,2,15,6,9,-11,-1,None
0,-11,-16,-3,0,23,-1,-4,-3,2,15,6,9,-11,-1,None
0,-6,23,-2,1,-14,-1,-3,-3,2,15,6,9,-11,-1,None
0,-6,23,-2,1,-14,-1,-3,-3,2,15,6,9,-11,-1,None
0,-6,23,-2,1,-14,-1,-3,-3,2,15,6,9,-11,-1,None
0,8,4,1,28,15,-2,-1,1,2,15,6,9,-11,-1,None
0,0,11,2,-4,-3,-2,-2,-4,2,15,6,9,-11,-1,None
0,-1,-4,-2,-1,-10,-1,2,1,2,15,6,9,-11,-1,None
0,0,-2,-1,1,8,0,-1,-1,2,15,6,9,-11,-1,None
0,0,-2,-1,1,8,0,-1,-1,2,15,6,9,-11,-1,None
0,0,-2,-1,1,8,0,-1,-1,2,15,6,9,-11,-1,None
0,-9,-1,-1,-14,-4,-1,-1,-2,2,15,6,9,-11,-1,None
0,32,12,2,42,5,1,1,2,2,15,6,9,-11,-1,None
0,-35,-15,-11,-51,-39,-3,-3,-3,2,15,6,9,-11,-1,None
0,4,0,-3,-2,22,0,-2,-8,2,15,6,9,-11,-1,None
0,4,0,-3,-2,22,0,-2,-8,2,15,6,9,-11,-1,None
0,4,0,-3,-2,22,0,-2,-8,2,15,6,9,-11,-1,None
0,-7,-7,-7,-12,0,-2,-3,-4,2,15,6,9,-11,-1,None
0,1,-8,-1,12,7,2,0,2,2,15,6,9,-11,-1,None
0,12,10,0,8,-3,0,-3,-1,2,15,6,9,-11,-1,None
0,-2,-1,-1,-8,-9,-2,1,2,2,15,6,9,-11,-1,None
0,-2,-1,-1,-8,-9,-2,1,2,2,15,6,9,-11,-1,None
0,-2,-1,-1,-8,-9,-2,1,2,2,15,6,9,-11,-1,None
0,-26,-13,-4,0,-4,-3,-1,-3,2,15,6,9,-11,-1,None
0,7,19,-1,6,6,0,-2,-3,2,15,6,9,-11,-1,None
0,-2,-32,-1,18,5,-2,0,3,2,15,6,9,-11,-1,None
0,-10,-22,-3,6,39,-2,-6,-8,2,15,6,9,-11,-1,None
0,-10,-22,-3,6,39,-2,-6,-8,2,15,6,9,-11,-1,None
0,-10,-22,-3,6,39,-2,-6,-8,2,15,6,9,-11,-1,None
0,2,3,0,21,16,4,-2,0,2,15,6,9,-11,-1,None
0,-10,3,-3,-21,-3,-3,-2,-2,2,15,6,9,-11,-1,None
0,2,11,-1,6,-4,1,4,2,2,15,6,9,-11,-1,None
0,6,-1,0,-8,-14,0,1,2,2,15,6,9,-11,-1,None
0,6,-1,0,-8,-14,0,1,2,2,15,6,9,-11,-1,None
0,6,-1,0,-8,-14,0,1,2,2,15,6,9,-11,-2,None
0,5,-1,-1,2,-3,-2,-2,-1,2,15,6,9,-11,-2,None
0,-8,-7,-3,3,10,0,-3,-1,2,15,6,9,-11,-2,None
0,6,11,3,0,1,-2,-2,-3,2,15,6,9,-11,-2,None
0,-7,0,-8,32,1,-2,-2,1,2,15,6,9,-11,-2,None
0,-7,0,-8,32,1,-2,-2,1,2,15,6,9,-11,-2,None
0,-7,0,-8,32,1,-2,-2,1,2,15,6,9,-11,-2,None
0,9,14,-4,-27,-8,-2,0,-1,2,15,6,9,-11,-2,None
0,-14,4,-5,27,0,-4,-2,-3,2,15,6,9,-11,-2,None
0,-17,-32,-3,-18,15,0,-4,-4,2,15,6,9,-11,-2,None
0,-3,4,2,1,1,2,3,-1,2,15,6,9,-11,-2,None
0,-3,4,2,1,1,2,3,-1,2,15,6,9,-11,-2,None
0,-3,4,2,1,1,2,3,-1,2,15,6,9,-11,-2,None
0,-5,-7,-1,10,-1,-1,-1,-3,2,15,6,9,-11,-2,None
0,0,2,0,2,1,0,-1,1,2,15,6,9,-11,-2,None
0,10,35,-2,4,1,-2,-1,-2,2,15,6,9,-11,-2,None
0,-1,6,0,-11,-10,-1,-2,-1,2,15,6,9,-11,-2,None
0,-1,6,0,-11,-10,-1,-2,-1,2,15,6,9,-11,-2,None
0,-1,6,0,-11,-10,-1,-2,-1,2,15,6,9,-11,-2,None
0,-13,-33,-6,5,-3,-5,-2,0,2,15,6,9,-11,-2,None
0,12,12,3,-19,36,0,-3,-4,2,15,6,9,-11,-2,None
0,-4,1,-5,29,11,-2,-2,-2,2,15,6,9,-11,-2,None
0,2,2,-1,-15,-12,-2,-3,0,2,15,6,9,-11,-2,None
0,2,2,-1,-15,-12,-2,-3,0,2,15,6,9,-11,-2,None
0,2,2,-1,-15,-12,-2,-3,0,2,15,6,9,-11,-2,None
0,0,17,-3,-13,-2,-2,-2,-1,2,15,6,9,-11,-2,None
0,-7,-7,-3,-6,-12,-5,-4,0,2,15,6,9,-11,-2,None
0,0,-6,-2,-1,0,3,3,1,2,15,6,9,-11,-2,None
0,-2,5,-2,0,4,-1,0,-2,2,15,6,9,-11,-2,None
0,-2,5,-2,0,4,-1,0,-2,2,15,6,9,-11,-2,None
0,-2,5,-2,0,4,-1,0,-2,2,15,6,9,-11,-2,None
0,7,-2,-1,6,-2,-2,-1,-2,2,15,6,9,-11,-2,None
0,-12,-5,-2,-7,-2,1,0,-3,2,15,6,9,-11,-2,None
0,7,13,1,-1,5,-2,-4,-1,2,15,6,9,-11,-2,None
0,2,7,3,18,-4,0,0,1,2,15,6,9,-11,-2,None
0,2,7,3,18,-4,0,0,1,2,15,6,9,-11,-2,None
0,2,7,3,18,-4,0,0,1,2,15,6,9,-11,-2,None
0,-7,-28,-7,9,14,-2,-5,-4,2,15,6,9,-11,-2,None
0,0,-2,-3,-9,-3,2,1,-1,2,15,6,9,-11,-2,None
0,1,19,-2,-1,-5,0,1,0,2,15,6,9,-11,-2,None
0,-2,-31,-2,-9,-6,0,0,-1,2,15,6,9,-11,-2,None
0,-2,-31,-2,-9,-6,0,0,-1,2,15,6,9,-11,-2,None
0,-2,-31,-2,-9,-6,0,0,-1,2,15,6,9,-11,-1,None
0,3,10,2,5,-2,-1,-1,0,2,15,6,9,-11,-1,None
0,-2,-2,0,1,2,2,1,1,2,15,6,9,-11,-1,None
0,0,-2,-2,2,0,0,-3,-1,2,15,6,9,-11,-1,None
0,2,12,0,-4,6,-4,-2,-2,2,15,6,9,-11,-1,None
0,2,12,0,-4,6,-4,-2,-2,2,15,6,9,-11,-1,None
0,2,12,0,-4,6,-4,-2,-2,2,15,6,9,-11,-1,None
0,15,9,1,-5,-4,-2,-2,-3,2,15,6,9,-11,-1,None
0,-6,6,-1,2,-7,-2,-5,-3,2,15,6,9,-11,-1,None
0,-2,-4,-2,6,2,1,2,-5,2,15,6,9,-11,-1,None
0,-3,25,-1,-20,-4,-3,-2,0,2,15,6,9,-11,-1,None
0,-3,25,-1,-20,-4,-3,-2,0,2,15,6,9,-11,-1,None
0,-3,25,-1,-20,-4,-3,-2,0,2,15,6,9,-11,-2,None
0,4,4,0,-14,-7,2,2,1,2,15,6,9,-11,-2,None
0,1,0,0,-2,-6,0,1,1,2,15,6,9,-11,-2,None
0,-2,-2,-2,5,-8,-3,-3,-2,2,15,6,9,-11,-2,None
0,0,-2,1,17,15,-2,-4,-3,2,15,6,9,-11,-2,None
0,0,-2,1,17,15,-2,-4,-3,2,15,6,9,-11,-2,None
0,0,-2,1,17,15,-2,-4,-3,2,15,6,9,-11,-2,None
0,-5,5,-6,-17,-13,-3,-3,-3,2,15,6,9,-11,-2,None
0,0,10,-2,-12,6,1,1,-2,2,15,6,9,-11,-2,None
0,-7,-36,-5,-13,1,-3,-3,-4,2,15,6,9,-11,-2,None
0,1,-5,-1,10,5,-1,-2,0,2,15,6,9,-11,-2,None
0,1,-5,-1,10,5,-1,-2,0,2,15,6,9,-11,-2,None
0,1,-5,-1,10,5,-1,-2,0,2,15,6,9,-11,-2,None
0,-5,6,-2,10,-1,-4,-2,-6,2,15,6,9,-11,-2,None
0,1,-9,-2,-2,0,-1,-1,-2,2,15,6,9,-11,-2,None
0,4,10,-2,-8,2,-1,-2,-1,2,15,6,9,-11,-2,None
0,-1,0,-2,5,-2,-1,-1,-2,2,15,6,9,-11,-2,None
0,-1,0,-2,5,-2,-1,-1,-2,2,15,6,9,-11,-2,None
0,-1,0,-2,5,-2,-1,-1,-2,2,15,6,9,-11,-2,None
0,-2,-3,2,9,-3,-1,-4,-2,2,15,6,9,-11,-2,None
0,-4,1,-6,-9,16,-2,-2,0,2,15,6,9,-11,-2,None
0,-1,6,-1,16,2,-1,-2,-2,2,15,6,9,-11,-2,None
0,-3,-4,-7,-11,-1,1,0,-2,2,15,6,9,-11,-2,None
0,-3,-4,-7,-11,-1,1,0,-2,2,15,6,9,-11,-2,None
0,-3,-4,-7,-11,-1,1,0,-2,2,15,6,9,-11,-2,None
0,6,6,-2,6,7,2,1,2,2,15,6,9,-11,-2,None
0,-1,2,-1,0,-2,-1,0,-1,2,15,6,9,-11,-2,None
0,-20,14,3,4,6,-2,-1,-2,2,15,6,9,-11,-2,None
0,-1,-2,-2,37,6,-2,-3,-2,2,15,6,9,-11,-2,None
0,-1,-2,-2,37,6,-2,-3,-2,2,15,6,9,-11,-2,None
0,-1,-2,-2,37,6,-2,-3,-2,2,15,6,9,-11,-2,None
0,3,-4,-10,-93,-15,-5,-5,0,2,15,6,9,-11,-2,None
0,-5,2,0,12,-8,-2,-3,-4,2,15,6,9,-11,-2,None
0,2,-1,-5,3,10,-4,-1,-2,2,15,6,9,-11,-2,None
0,0,1,-1,-9,-13,-2,0,1,2,15,6,9,-11,-2,None
0,0,1,-1,-9,-13,-2,0,1,2,15,6,9,-11,-2,None
0,0,1,-1,-9,-13,-2,0,1,2,15,6,9,-11,-2,None
0,-6,9,2,29,8,1,2,1,2,15,6,9,-11,-2,None
0,3,-1,-4,-5,-8,-2,-2,1,2,15,6,9,-11,-2,None
0,1,1,-2,2,-6,-1,-1,-1,2,15,6,9,-11,-2,None
0,-1,5,-4,-12,7,-3,-3,-3,2,15,6,9,-11,-2,None
0,-1,5,-4,-12,7,-3,-3,-3,2,15,6,9,-11,-2,None
0,-1,5,-4,-12,7,-3,-3,-3,2,15,6,9,-12,-2,None
0,1,0,-2,13,6,0,0,0,2,15,6,9,-12,-2,None
0,0,-10,-4,0,17,-1,-2,-2,2,15,6,9,-12,-2,None
0,2,-2,-3,12,-6,0,-1,-1,2,15,6,9,-12,-2,None
0,11,6,1,-16,0,0,-1,-3,2,15,6,9,-12,-2,None
0,11,6,1,-16,0,0,-1,-3,2,15,6,9,-12,-2,None
0,11,6,1,-16,0,0,-1,-3,2,15,6,9,-12,-2,None
0,-1,-4,0,18,4,0,-3,-2,2,15,6,9,-12,-2,None
0,-2,16,0,6,-5,-2,-3,-2,2,15,6,9,-12,-2,None
0,-2,6,0,-4,-1,-1,0,-1,2,15,6,9,-12,-2,None
0,-3,-4,-3,-3,2,-2,-2,1,2,15,6,9,-12,-2,None
0,-3,-4,-3,-3,2,-2,-2,1,2,15,6,9,-12,-2,None
0,-3,-4,-3,-3,2,-2,-2,1,2,15,6,9,-11,-1,None
0,-4,2,0,-23,6,-3,-4,-7,2,15,6,9,-11,-1,None
0,0,-11,-5,4,1,-1,2,-1,2,15,6,9,-11,-1,None
0,3,1,-4,-9,-4,-2,-3,-3,2,15,6,9,-11,-1,None
0,-4,-3,-2,-11,-6,0,-5,-1,2,15,6,9,-11,-1,None
0,-4,-3,-2,-11,-6,0,-5,-1,2,15,6,9,-11,-1,None
0,-4,-3,-2,-11,-6,0,-5,-1,2,15,6,9,-11,-1,None
0,2,1,3,43,5,5,7,2,2,15,6,9,-11,-1,None
0,4,4,-1,-4,-8,1,-2,2,2,15,6,9,-11,-1,None
0,3,-2,-2,-4,0,-1,-1,-1,2,15,6,9,-11,-1,None
0,-1,21,-2,-11,-3,-2,-4,-2,2,15,6,9,-11,-1,None
0,-1,21,-2,-11,-3,-2,-4,-2,2,15,6,9,-11,-1,None
0,-1,21,-2,-11,-3,-2,-4,-2,2,15,6,9,-10,-2,None
0,-7,-2,-3,4,16,-1,-2,-1,2,15,6,9,-10,-2,None
0,-1,-3,-1,-4,-1,-2,1,-1,2,15,6,9,-10,-2,None
0,1,-4,-2,0,3,1,-2,-1,2,15,6,9,-10,-2,None
0,-5,-4,-2,-6,-1,-1,-1,-1,2,15,6,9,-10,-2,None
0,-5,-4,-2,-6,-1,-1,-1,-1,2,15,6,9,-10,-2,None
0,-5,-4,-2,-6,-1,-1,-1,-1,2,15,6,9,-11,-1,None
0,4,6,-1,2,-3,1,1,2,2,15,6,9,-11,-1,None
0,-3,-1,7,49,6,-1,-1,-4,2,15,6,9,-11,-1,None
0,1,1,-10,-53,-1,-4,-3,-1,2,15,6,9,-11,-1,None
0,-6,7,-1,0,0,0,1,-3,2,15,6,9,-11,-1,None
0,-6,7,-1,0,0,0,1,-3,2,15,6,9,-11,-1,None
0,-6,7,-1,0,0,0,1,-3,2,15,6,9,-10,-2,None
0,-3,-5,-4,-10,-6,-1,-4,-2,2,15,6,9,-10,-2,None
0,-1,-6,2,9,7,0,-2,0,2,15,6,9,-10,-2,None
0,-5,7,-3,12,9,2,0,-3,2,15,6,9,-10,-2,None
0,0,-2,-4,6,-6,1,4,-1,2,15,6,9,-10,-2,None
0,0,-2,-4,6,-6,1,4,-1,2,15,6,9,-10,-2,None
0,0,-2,-4,6,-6,1,4,-1,2,15,6,9,-10,-2,None
0,-2,-1,-2,7,10,-2,-1,-1,2,15,6,9,-10,-2,None
0,1,10,-2,-14,-18,-2,-2,-2,2,15,6,9,-10,-2,None
0,-6,-22,0,10,-7,-2,-3,-1,2,15,6,9,-10,-2,None
0,1,-15,-6,-3,20,-2,-2,1,2,15,6,9,-10,-2,None
0,1,-15,-6,-3,20,-2,-2,1,2,15,6,9,-10,-2,None
0,1,-15,-6,-3,20,-2,-2,1,2,15,6,9,-11,-2,None
0,-2,20,-1,6,4,0,-2,-5,2,15,6,9,-11,-2,None
0,-5,-8,-5,-3,-3,-3,-1,-2,2,15,6,9,-11,-2,None
0,0,7,2,-12,-10,0,-1,1,2,15,6,9,-11,-2,None
0,25,11,0,7,-10,-1,-2,0,2,15,6,9,-11,-2,None
0,25,11,0,7,-10,-1,-2,0,2,15,6,9,-11,-2,None
0,25,11,0,7,-10,-1,-2,0,2,15,6,9,-11,-2,None
0,3,-44,-2,-12,-9,-4,-1,-2,2,15,6,9,-11,-2,None
0,-5,3,-2,-12,0,-1,-1,-1,2,15,6,9,-11,-2,None
0,-1,4,-1,-8,4,-1,-1,-1,2,15,6,9,-11,-2,None
0,0,-5,-2,-2,6,2,1,-4,2,15,6,9,-11,-2,None
0,0,-5,-2,-2,6,2,1,-4,2,15,6,9,-11,-2,None
0,0,-5,-2,-2,6,2,1,-4,2,15,6,9,-11,-1,None
0,9,15,-2,4,-6,-2,-1,0,2,15,6,9,-11,-1,None
0,-1,-4,-2,-17,2,0,-2,-3,2,15,6,9,-11,-1,None
0,3,-13,-6,-4,-8,-3,-2,-1,2,15,6,9,-11,-1,None
0,-17,-2,0,-11,-9,0,-2,-2,2,15,6,9,-11,-1,None
0,-17,-2,0,-11,-9,0,-2,-2,2,15,6,9,-11,-1,None
0,-17,-2,0,-11,-9,0,-2,-2,2,15,6,9,-11,-1,None
0,-4,2,-2,26,-4,-4,-1,0,2,15,6,9,-11,-1,None
0,-7,-5,-3,-10,-2,-3,-3,-4,2,15,6,9,-11,-1,None
0,0,5,3,34,12,2,1,-2,2,15,6,9,-11,-1,None
0,-3,-1,2,17,-3,2,0,-2,2,15,6,9,-11,-1,None
0,-3,-1,2,17,-3,2,0,-2,2,15,6,9,-11,-1,None
0,-3,-1,2,17,-3,2,0,-2,2,15,6,9,-11,-1,None
0,-8,0,-7,-36,-11,-5,-5,-1,2,15,6,9,-11,-1,None
0,8,-7,-4,-8,3,-2,-3,0,2,15,6,9,-11,-1,None
0,-1,10,-2,-2,-7,-1,-2,-1,2,15,6,9,-11,-1,None
0,-7,-6,-2,1,-8,-3,0,-1,2,15,6,9,-11,-1,None
0,-7,-6,-2,1,-8,-3,0,-1,2,15,6,9,-11,-1,None
0,-7,-6,-2,1,-8,-3,0,-1,2,15,6,9,-11,-1,None
0,2,17,2,14,7,0,-1,0,2,15,6,9,-11,-1,None
0,-11,-25,-5,4,2,-1,-1,0,2,15,6,9,-11,-1,None
0,-4,2,0,0,3,2,2,-4,2,15,6,9,-11,-1,None
0,20,13,-4,-12,12,0,1,1,2,15,6,9,-11,-1,None
0,20,13,-4,-12,12,0,1,1,2,15,6,9,-11,-1,None
0,20,13,-4,-12,12,0,1,1,2,15,6,9,-11,-1,None
0,-5,-37,-5,-3,23,-2,-5,-4,2,15,6,9,-11,-1,None
0,-1,12,-4,-16,-4,0,-1,-3,2,15,6,9,-11,-1,None
0,-5,4,0,4,0,0,-2,-1,2,15,6,9,-11,-1,None
0,10,-8,-2,-12,-5,-3,-5,1,2,15,6,9,-11,-1,None
0,10,-8,-2,-12,-5,-3,-5,1,2,15,6,9,-11,-1,None
0,10,-8,-2,-12,-5,-3,-5,1,2,15,6,9,-12,-1,None
0,0,20,1,16,-6,1,0,0,2,15,6,9,-12,-1,None
0,0,4,0,16,8,2,2,2,2,15,6,9,-12,-1,None
0,4,-2,-2,-15,-9,0,0,0,2,15,6,9,-12,-1,None
0,-19,0,-1,10,-4,-5,-3,-3,2,15,6,9,-12,-1,None
0,-19,0,-1,10,-4,-5,-3,-3,2,15,6,9,-12,-1,None
0,-19,0,-1,10,-4,-5,-3,-3,2,15,6,9,-12,-1,None
0,-4,0,-3,-20,-21,-2,-3,-3,2,15,6,9,-12,-1,None
0,-3,1,-3,17,31,-3,-2,-6,2,15,6,9,-12,-1,None
0,1,-2,-2,-5,1,0,-1,1,2,15,6,9,-12,-1,None
0,-8,3,0,-11,-6,-1,-1,-2,2,15,6,9,-12,-1,None
0,-8,3,0,-11,-6,-1,-1,-2,2,15,6,9,-12,-1,None
0,-8,3,0,-11,-6,-1,-1,-2,2,15,6,9,-12,-1,None
0,-2,3,2,31,2,1,1,0,2,15,6,9,-12,-1,None
0,9,15,-3,-19,-10,-2,-2,0,2,15,6,9,-12,-1,None
0,-4,3,-3,-6,-16,-2,-1,0,2,15,6,9,-12,-1,None
0,-1,-8,-4,3,19,-5,-5,-5,2,15,6,9,-12,-1,None
0,-1,-8,-4,3,19,-5,-5,-5,2,15,6,9,-12,-1,None
0,-1,-8,-4,3,19,-5,-5,-5,2,15,6,9,-11,-2,None
0,-2,-2,-2,-4,1,0,0,-1,2,15,6,9,-11,-2,None
0,-7,7,0,-7,-7,-1,-2,-1,2,15,6,9,-11,-2,None
0,2,0,-1,10,10,-2,-6,-3,2,15,6,9,-11,-2,None
0,-6,1,0,19,-9,1,4,-1,2,15,6,9,-11,-2,None
0,-6,1,0,19,-9,1,4,-1,2,15,6,9,-11,-2,None
0,-6,1,0,19,-9,1,4,-1,2,15,6,9,-11,-2,None
0,1,7,-4,-56,-8,-1,1,0,2,15,6,9,-11,-2,None
0,0,8,-2,3,-9,0,-1,0,2,15,6,9,-11,-2,None
0,2,-18,-4,16,13,-8,-4,-1,2,15,6,9,-11,-2,None
0,-17,-9,-4,-10,-2,-1,-4,-4,2,15,6,9,-11,-2,None
0,-17,-9,-4,-10,-2,-1,-4,-4,2,15,6,9,-11,-2,None
0,-17,-9,-4,-10,-2,-1,-4,-4,2,15,6,9,-11,-2,None
0,1,6,1,6,8,0,0,0,2,15,6,9,-11,-2,None
0,1,-1,1,-4,-5,0,0,1,2,15,6,9,-11,-2,None
0,-4,3,-1,-7,-2,-2,-2,-2,2,15,6,9,-11,-2,None
0,2,1,-3,-6,3,-1,-1,-1,2,15,6,9,-11,-2,None
0,2,1,-3,-6,3,-1,-1,-1,2,15,6,9,-11,-2,None
0,2,1,-3,-6,3,-1,-1,-1,2,15,6,9,-11,-2,None
0,-8,12,1,10,2,-1,0,0,2,15,6,9,-11,-2,None
0,22,-30,-2,16,-9,-1,0,-2,2,15,6,9,-11,-2,None
0,8,10,0,-52,-10,-1,-1,-3,2,15,6,9,-11,-2,None
0,-4,-6,-7,-12,8,-5,-6,-5,2,15,6,9,-11,-2,None
0,-4,-6,-7,-12,8,-5,-6,-5,2,15,6,9,-11,-2,None
0,-4,-6,-7,-12,8,-5,-6,-5,2,15,6,9,-11,-2,None
0,-3,2,0,13,15,1,-2,0,2,15,6,9,-11,-2,None
0,-6,0,-5,-3,-2,-1,-2,-1,2,15,6,9,-11,-2,None
0,-2,7,0,5,1,0,-1,-1,2,15,6,9,-11,-2,None
0,4,-1,-1,-9,-9,-2,-2,0,2,15,6,9,-11,-2,None
0,4,-1,-1,-9,-9,-2,-2,0,2,15,6,9,-11,-2,None
0,4,-1,-1,-9,-9,-2,-2,0,2,15,6,8,-11,-2,None
0,-5,-7,-3,-2,-3,-2,-7,-1,2,15,6,8,-11,-2,None
0,2,17,2,1,6,4,9,-5,2,15,6,8,-11,-2,None
0,2,-24,1,14,4,-1,0,0,2,15,6,8,-11,-2,None
0,-6,12,-2,6,14,0,0,0,2,15,6,8,-11,-2,None
0,-6,12,-2,6,14,0,0,0,2,15,6,8,-11,-2,None
0,-6,12,-2,6,14,0,0,0,2,15,6,8,-11,-2,None
0,4,-32,-11,-4,-2,-7,-4,-2,2,15,6,8,-11,-2,None
0,-9,0,-1,4,3,-1,-5,-2,2,15,6,8,-11,-2,None
0,-4,11,-3,3,1,1,0,-2,2,15,6,8,-11,-2,None
0,3,-2,-1,2,-5,1,1,0,2,15,6,8,-11,-2,None
0,3,-2,-1,2,-5,1,1,0,2,15,6,8,-11,-2,None
0,3,-2,-1,2,-5,1,1,0,2,15,6,9,-11,-1,None
0,-2,6,-1,-12,-3,0,0,-1,2,15,6,9,-11,-1,None
0,-3,-2,-3,-12,-4,-3,-3,-1,2,15,6,9,-11,-1,None
0,-4,0,-2,8,3,-1,-1,-1,2,15,6,9,-11,-1,None
0,0,0,-2,-2,-3,-2,-3,0,2,15,6,9,-11,-1,None
0,0,0,-2,-2,-3,-2,-3,0,2,15,6,9,-11,-1,None
0,0,0,-2,-2,-3,-2,-3,0,2,15,6,9,-11,-1,None
0,-5,6,0,32,5,4,4,0,2,15,6,9,-11,-1,None
0,0,22,1,-42,-12,-2,-3,-3,2,15,6,9,-11,-1,None
0,-2,-21,-13,-28,-6,-5,-1,0,2,15,6,9,-11,-1,None
0,-5,-3,2,14,15,-1,-5,-5,2,15,6,9,-11,-1,None
0,-5,-3,2,14,15,-1,-5,-5,2,15,6,9,-11,-1,None
0,-5,-3,2,14,15,-1,-5,-5,2,15,6,9,-11,-1,None
0,0,3,-2,-6,-3,0,-2,-2,2,15,6,9,-11,-1,None
0,-1,0,0,20,3,-2,0,1,2,15,6,9,-11,-1,None
0,1,12,1,2,-2,1,1,0,2,15,6,9,-11,-1,None
0,1,-2,-3,-18,-10,0,2,1,2,15,6,9,-11,-1,None
0,1,-2,-3,-18,-10,0,2,1,2,15,6,9,-11,-1,None
0,1,-2,-3,-18,-10,0,2,1,2,15,6,9,-11,-1,None
0,-1,-3,-2,5,-2,-2,-2,-4,2,15,6,9,-11,-1,None
0,-7,-3,-2,0,4,0,-2,-1,2,15,6,9,-11,-1,None
0,-13,2,-1,3,6,1,0,-1,2,15,6,9,-11,-1,None
0,38,5,-2,5,-6,-1,-2,-2,2,15,6,9,-11,-1,None
0,38,5,-2,5,-6,-1,-2,-2,2,15,6,9,-11,-1,None
0,38,5,-2,5,-6,-1,-2,-2,2,15,6,9,-11,-1,None
0,2,3,2,14,14,0,-1,-1,2,15,6,9,-11,-1,None
0,-4,-3,-1,2,-13,-5,-3,-1,2,15,6,9,-11,-1,None
0,-6,3,-3,8,13,-3,-5,-3,2,15,6,9,-11,-1,None
0,-9,-2,-1,-2,0,0,1,-1,2,15,6,9,-11,-1,None
0,-9,-2,-1,-2,0,0,1,-1,2,15,6,9,-11,-1,None
0,-9,-2,-1,-2,0,0,1,-1,2,15,6,9,-11,-2,None
0,0,6,-1,-7,-3,0,-1,-1,2,15,6,9,-11,-2,None
0,3,-2,-2,-9,-4,0,-1,0,2,15,6,9,-11,-2,None
0,1,0,-2,10,-2,-2,-3,-3,2,15,6,9,-11,-2,None
0,-7,5,-2,1,0,3,2,-2,2,15,6,9,-11,-2,None
0,-7,5,-2,1,0,3,2,-2,2,15,6,9,-11,-2,None
0,-7,5,-2,1,0,3,2,-2,2,15,6,9,-11,-1,None
0,-1,1,-5,-14,-6,-3,-2,-1,2,15,6,9,-11,-1,None
0,24,9,0,34,8,0,-1,0,2,15,6,9,-11,-1,None
0,-12,-37,-1,-53,-5,1,-1,-1,2,15,6,9,-11,-1,None
0,-10,2,-9,-14,11,-6,-6,-3,2,15,6,9,-11,-1,None
0,-10,2,-9,-14,11,-6,-6,-3,2,15,6,9,-11,-1,None
0,-10,2,-9,-14,11,-6,-6,-3,2,15,6,9,-11,-2,None
0,-5,-1,-3,1,-8,-1,-1,-2,2,15,6,9,-11,-2,None
0,0,-13,-5,-9,2,-1,-1,0,2,15,6,9,-11,-2,None
0,6,15,2,16,3,0,-3,-1,2,15,6,9,-11,-2,None
0,-2,-2,2,0,-8,0,1,0,2,15,6,9,-11,-2,None
0,-2,-2,2,0,-8,0,1,0,2,15,6,9,-11,-2,None
0,-2,-2,2,0,-8,0,1,0,2,15,6,9,-11,-1,None
0,-1,-5,-3,-6,1,-1,0,-2,2,15,6,9,-11,-1,None
0,-13,9,-3,-6,2,-2,-3,-1,2,15,6,9,-11,-1,None
0,9,11,2,15,-5,0,0,0,2,15,6,9,-11,-1,None
0,-15,3,-1,25,2,-2,0,-2,2,15,6,9,-11,-1,None
0,-15,3,-1,25,2,-2,0,-2,2,15,6,9,-11,-1,None
0,-15,3,-1,25,2,-2,0,-2,2,15,6,9,-11,-2,None
0,7,-12,-2,-54,-14,2,-1,-1,2,15,6,9,-11,-2,None
0,-8,-7,-3,11,3,-3,-3,-3,2,15,6,9,-11,-2,None
0,-4,8,-5,-20,5,-3,-4,-2,2,15,6,9,-11,-2,None
0,2,-5,-1,9,2,1,-1,0,2,15,6,9,-11,-2,None
0,2,-5,-1,9,2,1,-1,0,2,15,6,9,-11,-2,None
0,2,-5,-1,9,2,1,-1,0,2,15,6,9,-11,-2,None
0,-1,7,1,7,2,-1,-2,-1,2,15,6,9,-11,-2,None
0,-4,-1,-1,-8,-3,-1,-1,1,2,15,6,9,-11,-2,None
0,5,-3,-2,9,-1,1,1,-1,2,15,6,9,-11,-2,None
0,-8,17,0,-9,-3,-1,-1,-6,2,15,6,9,-11,-2,None
0,-8,17,0,-9,-3,-1,-1,-6,2,15,6,9,-11,-2,None
0,-8,17,0,-9,-3,-1,-1,-6,2,15,6,9,-11,-2,None
0,4,11,-1,3,0,-3,-3,-4,2,15,6,9,-11,-2,None
0,-23,-7,-2,-12,4,0,0,0,2,15,6,9,-11,-2,None
0,35,13,1,25,-13,1,-2,-1,2,15,6,9,-11,-2,None
0,2,9,-3,2,16,1,-1,-2,2,15,6,9,-11,-2,None
0,2,9,-3,2,16,1,-1,-2,2,15,6,9,-11,-2,None
0,2,9,-3,2,16,1,-1,-2,2,15,6,9,-11,-2,None
0,-8,-37,-5,7,4,-4,-3,-2,2,15,6,9,-11,-2,None
0,-2,-2,0,8,3,1,-2,-3,2,15,6,9,-11,-2,None
0,-8,4,0,2,4,-2,-1,1,2,15,6,9,-11,-2,None
0,-1,-4,-1,-2,-9,-1,-3,2,2,15,6,9,-11,-2,None
0,-1,-4,-1,-2,-9,-1,-3,2,2,15,6,9,-11,-2,None
0,-1,-4,-1,-2,-9,-1,-3,2,2,15,6,9,-11,-1,None
0,1,9,-2,5,0,-1,1,-2,2,15,6,9,-11,-1,None
0,6,11,-6,-9,-2,-4,-3,-4,2,15,6,9,-11,-1,None
0,-23,-14,0,22,4,0,-1,-2,2,15,6,9,-11,-1,None
0,1,-26,-4,-77,-9,-2,0,-2,2,15,6,9,-11,-1,None
0,1,-26,-4,-77,-9,-2,0,-2,2,15,6,9,-11,-1,None
0,1,-26,-4,-77,-9,-2,0,-2,2,15,6,9,-11,-2,None
0,-1,13,1,30,26,0,-2,-2,2,15,6,9,-11,-2,None
0,-11,-12,-5,4,-4,-3,-4,-4,2,15,6,9,-11,-2,None
0,1,14,1,12,9,0,-1,-1,2,15,6,9,-11,-2,None
0,-1,1,-5,8,-8,-2,-3,-1,2,15,6,9,-11,-2,None
0,-1,1,-5,8,-8,-2,-3,-1,2,15,6,9,-11,-2,None
0,-1,1,-5,8,-8,-2,-3,-1,2,15,6,9,-11,-1,None
0,-6,4,0,1,-6,-4,-1,0,2,15,6,9,-11,-1,None
0,9,2,0,-10,3,0,1,1,2,15,6,9,-11,-1,None
0,0,3,-2,0,3,-1,-2,0,2,15,6,9,-11,-1,None
0,-5,6,1,15,-10,-1,1,-2,2,15,6,9,-11,-1,None
0,-5,6,1,15,-10,-1,1,-2,2,15,6,9,-11,-1,None
0,-5,6,1,15,-10,-1,1,-2,2,15,6,9,-11,-1,None
0,7,21,-1,-8,6,-1,-1,-1,2,15,6,9,-11,-1,None
0,-9,-40,-4,-7,-4,-2,-3,-1,2,15,6,9,-11,-1,None
0,-21,6,0,-23,-14,-2,-3,-1,2,15,6,9,-11,-1,None
0,6,-7,-3,20,20,-1,-3,-2,2,15,6,9,-11,-1,None
0,6,-7,-3,20,20,-1,-3,-2,2,15,6,9,-11,-1,None
0,6,-7,-3,20,20,-1,-3,-2,2,15,6,9,-11,-1,None
0,0,7,-3,-11,-8,0,0,-1,2,15,6,9,-11,-1,None
0,2,11,-2,7,3,-2,-2,-2,2,15,6,9,-11,-1,None
0,-7,0,-1,-6,-4,-2,-1,-2,2,15,6,9,-11,-1,None
0,1,-5,-2,-10,-17,0,1,0,2,15,6,9,-11,-1,None
0,1,-5,-2,-10,-17,0,1,0,2,15,6,9,-11,-1,None
0,1,-5,-2,-10,-17,0,1,0,2,15,6,9,-11,-2,None
0,-2,0,-3,19,0,-2,-2,-4,2,15,6,9,-11,-2,None
0,4,8,-2,-36,3,1,-1,-1,2,15,6,9,-11,-2,None
0,4,-3,-6,-14,-8,-4,-1,-3,2,15,6,9,-11,-2,None
0,-2,9,0,8,0,-1,-2,-1,2,15,6,9,-11,-2,None
0,-2,9,0,8,0,-1,-2,-1,2,15,6,9,-11,-2,None
0,-2,9,0,8,0,-1,-2,-1,2,15,6,9,-11,-2,None
0,-2,-1,-2,-3,-1,-2,-2,0,2,15,6,9,-11,-2,None
0,-6,3,-2,9,-5,-1,-1,-1,2,15,6,9,-11,-2,None
0,3,6,-1,6,5,-3,0,-2,2,15,6,9,-11,-2,None
0,-1,15,-4,-18,3,-1,0,-2,2,15,6,9,-11,-2,None
0,-1,15,-4,-18,3,-1,0,-2,2,15,6,9,-11,-2,None
0,-1,15,-4,-18,3,-1,0,-2,2,15,6,9,-11,-2,None
0,-11,-26,-2,16,11,-2,-1,-2,2,15,6,9,-11,-2,None
0,4,8,2,3,-1,0,0,0,2,15,6,9,-11,-2,None
0,-1,-2,-7,-9,13,0,-2,-2,2,15,6,9,-11,-2,None
0,-2,0,-1,9,-2,-3,-2,1,2,15,6,9,-11,-2,None
0,-2,0,-1,9,-2,-3,-2,1,2,15,6,9,-11,-2,None
0,-2,0,-1,9,-2,-3,-2,1,2,15,6,9,-11,-2,None
0,-1,5,-1,-6,-2,1,1,-1,2,15,6,9,-11,-2,None
0,-3,5,-1,7,-3,-5,-5,-3,2,15,6,9,-11,-2,None
0,6,2,3,33,11,1,-2,1,2,15,6,9,-11,-2,None
0,-9,-6,-5,-52,-1,0,2,-5,2,15,6,9,-11,-2,None
0,-9,-6,-5,-52,-1,0,2,-5,2,15,6,9,-11,-2,None
0,-9,-6,-5,-52,-1,0,2,-5,2,15,6,9,-11,-2,None
0,36,26,2,14,6,0,0,-2,2,15,6,9,-11,-2,None
0,-8,-32,-9,-31,-5,-2,-3,-2,2,15,6,9,-11,-2,None
0,-2,1,-1,5,-1,0,-1,-1,2,15,6,9,-11,-2,None
0,0,-5,0,20,6,-1,-3,1,2,15,6,9,-11,-2,None
0,0,-5,0,20,6,-1,-3,1,2,15,6,9,-11,-2,None
0,0,-5,0,20,6,-1,-3,1,2,15,6,9,-11,-2,None
0,-7,6,-1,-3,-4,0,-2,-1,2,15,6,9,-11,-2,None
0,3,13,-2,4,4,-1,0,-1,2,15,6,9,-11,-2,None
0,3,-2,-3,2,1,-1,-3,-2,2,15,6,9,-11,-2,None
0,-4,0,-2,12,7,2,1,0,2,15,6,9,-11,-2,None
0,-4,0,-2,12,7,2,1,0,2,15,6,9,-11,-2,None
0,-4,0,-2,12,7,2,1,0,2,15,6,9,-11,-2,None
0,-3,3,-4,-32,-33,-2,-3,-6,2,15,6,9,-11,-2,None
0,2,12,0,22,27,0,-1,-2,2,15,6,9,-11,-2,None
0,-8,-6,-3,4,4,-4,-4,-3,2,15,6,9,-11,-2,None
0,2,2,0,7,-2,0,-2,0,2,15,6,9,-11,-2,None
0,2,2,0,7,-2,0,-2,0,2,15,6,9,-11,-2,None
0,2,2,0,7,-2,0,-2,0,2,15,6,9,-11,-2,None
0,-8,-4,-3,-9,-8,0,0,2,2,15,6,9,-11,-2,None
0,-1,5,0,3,-4,0,2,-1,2,15,6,9,-11,-2,None
0,2,6,-3,-5,-2,-2,-1,-2,2,15,6,9,-11,-2,None
0,1,0,-2,0,-1,-3,-3,-3,2,15,6,9,-11,-2,None
0,1,0,-2,0,-1,-3,-3,-3,2,15,6,9,-11,-2,None
0,1,0,-2,0,-1,-3,-3,-3,2,15,6,9,-11,-1,None
0,-4,2,-1,8,8,0,-2,-1,2,15,6,9,-11,-1,None
0,-3,0,-2,2,-4,-3,-4,-2,2,15,6,9,-11,-1,None
0,8,-9,0,-6,3,-2,1,2,2,15,6,9,-11,-1,None
0,9,18,1,-2,-14,2,-1,-4,2,15,6,9,-11,-1,None
0,9,18,1,-2,-14,2,-1,-4,2,15,6,9,-11,-1,None
0,9,18,1,-2,-14,2,-1,-4,2,15,6,9,-11,-2,None
0,-9,-16,-6,-11,13,-4,-4,1,2,15,6,9,-11,-2,None
0,-4,10,-1,-15,-5,-1,0,-2,2,15,6,9,-11,-2,None
0,4,-7,-4,-2,-5,0,-1,-1,2,15,6,9,-11,-2,None
0,0,3,-1,-2,-3,0,-1,0,2,15,6,9,-11,-2,None
0,0,3,-1,-2,-3,0,-1,0,2,15,6,9,-11,-2,None
0,0,3,-1,-2,-3,0,-1,0,2,15,6,9,-11,-1,None
0,-2,-1,0,4,0,0,-1,0,2,15,6,9,-11,-1,None
0,2,-2,-1,-4,-3,1,1,0,2,15,6,9,-11,-1,None
0,-7,13,0,-9,-4,-2,-2,-2,2,15,6,9,-11,-1,None
0,-3,-7,-3,9,6,-1,-1,-1,2,15,6,9,-11,-1,None
0,-3,-7,-3,9,6,-1,-1,-1,2,15,6,9,-11,-1,None
0,-3,-7,-3,9,6,-1,-1,-1,2,15,6,9,-11,-2,None
0,-3,0,-3,0,5,-1,-2,-2,2,15,6,9,-11,-2,None
0,-3,13,2,30,3,1,-1,2,2,15,6,9,-11,-2,None
0,-6,-1,-2,-15,3,-2,0,-5,2,15,6,9,-11,-2,None
0,-4,-7,-6,8,-1,-3,-4,-3,2,15,6,9,-11,-2,None
0,-4,-7,-6,8,-1,-3,-4,-3,2,15,6,9,-11,-2,None
0,-4,-7,-6,8,-1,-3,-4,-3,2,15,6,9,-11,-1,None
0,0,-7,-2,-3,-5,-2,-2,-1,2,15,6,9,-11,-1,None
0,0,4,-2,3,-1,0,-1,-2,2,15,6,9,-11,-1,None
0,-1,2,-1,12,3,-1,-2,-1,2,15,6,9,-11,-1,None
0,0,-2,0,-1,-3,-3,-2,0,2,15,6,9,-11,-1,None
0,0,-2,0,-1,-3,-3,-2,0,2,15,6,9,-11,-1,None
0,0,-2,0,-1,-3,-3,-2,0,2,15,6,9,-11,-1,None
0,-4,7,-2,-3,9,0,0,0,2,15,6,9,-11,-1,None
0,-6,-8,1,24,10,-1,-2,0,2,15,6,9,-11,-1,None
0,-7,11,-7,-7,2,-3,-3,-2,2,15,6,9,-11,-1,None
0,-2,-6,-3,-6,1,-1,-3,-3,2,15,6,9,-11,-1,None
0,-2,-6,-3,-6,1,-1,-3,-3,2,15,6,9,-11,-1,None
0,-2,-6,-3,-6,1,-1,-3,-3,2,15,6,9,-11,-2,None
0,-3,3,1,-6,-2,0,-1,-3,2,15,6,9,-11,-2,None
0,1,-3,-2,-13,-4,-2,-1,-2,2,15,6,9,-11,-2,None
0,1,-5,-2,2,0,0,1,-1,2,15,6,9,-11,-2,None
0,-2,2,-1,4,0,-1,0,0,2,15,6,9,-11,-2,None
0,-2,2,-1,4,0,-1,0,0,2,15,6,9,-11,-2,None
0,-2,2,-1,4,0,-1,0,0,2,15,6,9,-11,-2,None
0,-2,1,-1,2,-2,-2,-3,-2,2,15,6,9,-11,-2,None
0,1,-4,-3,-3,1,-1,-1,-1,2,15,6,9,-11,-2,None
0,-18,9,1,-3,-7,1,-1,1,2,15,6,9,-11,-2,None
0,25,-13,-5,52,23,-1,0,-1,2,15,6,9,-11,-2,None
0,25,-13,-5,52,23,-1,0,-1,2,15,6,9,-11,-2,None
0,25,-13,-5,52,23,-1,0,-1,2,15,6,9,-11,-1,None
0,-5,-8,-4,-37,13,-1,-3,-3,2,15,6,9,-11,-1,None
0,-2,-2,-5,-7,6,-4,-3,-2,2,15,6,9,-11,-1,None
0,-5,-11,-1,7,-4,0,-2,-2,2,15,6,9,-11,-1,None
0,-10,13,-1,-13,-14,-1,0,0,2,15,6,9,-11,-1,None
0,-10,13,-1,-13,-14,-1,0,0,2,15,6,9,-11,-1,None
0,-10,13,-1,-13,-14,-1,0,0,2,15,6,9,-11,-2,None
0,0,3,-1,13,-2,0,0,-1,2,15,6,9,-11,-2,None
0,3,-4,-3,-1,-3,-1,-1,1,2,15,6,9,-11,-2,None
0,3,9,-1,-8,-1,0,-1,-6,2,15,6,9,-11,-2,None
0,-6,-2,-1,-6,3,0,-1,-3,2,15,6,9,-11,-2,None
0,-6,-2,-1,-6,3,0,-1,-3,2,15,6,9,-11,-2,None
0,-6,-2,-1,-6,3,0,-1,-3,2,15,6,9,-11,-1,None
0,16,-9,-2,4,-3,-2,-1,0,2,15,6,9,-11,-1,None
0,-24,33,7,41,11,1,-2,-4,2,15,6,9,-11,-1,None
0,1,3,-7,-18,13,-3,-2,-1,2,15,6,9,-11,-1,None
0,-5,-6,-4,-27,-3,-2,-5,-3,2,15,6,9,-11,-1,None
0,-5,-6,-4,-27,-3,-2,-5,-3,2,15,6,9,-11,-1,None
0,-5,-6,-4,-27,-3,-2,-5,-3,2,15,6,9,-11,-2,None
0,-4,-2,0,0,-4,1,-1,0,2,15,6,9,-11,-2,None
0,6,-4,-3,-7,-6,0,-2,0,2,15,6,9,-11,-2,None
0,6,-5,0,17,1,2,2,1,2,15,6,9,-11,-2,None
0,-7,2,1,-2,1,-1,-1,-1,2,15,6,9,-11,-2,None
0,-7,2,1,-2,1,-1,-1,-1,2,15,6,9,-11,-2,None
0,-7,2,1,-2,1,-1,-1,-1,2,15,6,9,-11,-2,None
0,-5,6,-5,0,2,-3,-2,-1,2,15,6,9,-11,-2,None
