0,-5,-5,-24,-3,-5,-38,-65,-12,2,14,6,6,-17,-5,None
0,-1,-2,-11,-14,-8,10,23,-2,2,14,6,6,-17,-5,None
0,-1,3,0,7,26,-25,-4,1,2,14,6,6,-17,-5,None
0,-1,3,0,7,26,-25,-4,1,2,14,6,6,-17,-5,None
0,-1,3,0,7,26,-25,-4,1,2,14,6,4,-17,-5,None
0,2,1,-10,13,-7,44,-50,2,2,14,6,4,-17,-5,None
0,-2,0,-6,-9,-5,-38,76,-3,2,14,6,4,-17,-5,None
0,-1,0,10,3,4,-29,-58,-1,2,14,6,4,-17,-5,None
0,2,3,1,6,-2,52,48,4,2,14,6,4,-17,-5,None
0,2,3,1,6,-2,52,48,4,1,14,6,4,-17,-5,None
0,2,3,1,6,-2,52,48,4,1,14,6,2,-17,-4,None
0,-3,1,2,-3,10,10,12,-6,1,14,6,2,-17,-4,None
0,-2,-4,-14,12,-23,-26,-52,-4,1,14,6,2,-17,-4,None
0,-3,-1,-3,-20,6,6,11,-5,1,14,6,2,-17,-4,None
0,1,0,-7,4,1,4,-2,4,1,14,6,2,-17,-4,None
0,1,0,-7,4,1,4,-2,4,1,13,6,2,-17,-4,None
0,1,0,-7,4,1,4,-2,4,1,13,6,0,-18,-4,None
0,-2,-2,-8,-3,-8,-19,-4,-6,1,13,6,0,-18,-4,None
0,0,2,0,-22,26,-6,-27,-3,1,13,6,0,-18,-4,None
0,-2,-1,-3,30,-1,-44,2,-2,1,13,6,0,-18,-4,None
0,0,2,0,-28,-36,60,1,0,1,13,6,0,-18,-4,None
0,0,2,0,-28,-36,60,1,0,1,13,6,0,-18,-4,None
0,0,2,0,-28,-36,60,1,0,1,13,6,0,-18,-4,None
0,3,1,-2,-38,-4,-33,29,3,1,13,6,0,-18,-4,None
0,-3,1,-5,0,7,26,17,1,1,13,6,0,-18,-4,None
0,1,-4,0,81,-20,-1,-28,-7,1,13,6,0,-18,-4,None
0,-6,-4,-6,-91,20,-55,-63,-4,1,13,6,0,-18,-4,None
0,-6,-4,-6,-91,20,-55,-63,-4,0,13,6,0,-18,-4,None
0,-6,-4,-6,-91,20,-55,-63,-4,0,13,6,0,-17,-3,None
0,1,14,5,19,18,33,86,2,0,13,6,0,-17,-3,None
0,-3,-11,-11,4,-12,-19,-25,2,0,13,6,0,-17,-3,None
0,2,19,-3,-72,34,27,7,0,0,13,6,0,-17,-3,None
0,-11,-47,-7,-33,-54,-31,-15,-7,0,13,6,0,-17,-3,None
0,-11,-47,-7,-33,-54,-31,-15,-7,0,12,5,0,-17,-3,None
0,-11,-47,-7,-33,-54,-31,-15,-7,0,12,5,-1,-16,-3,None
0,-2,19,-3,-9,50,29,-5,2,0,12,5,-1,-16,-3,None
0,-26,8,5,-3,-60,-29,-7,-5,0,12,5,-1,-16,-3,None
0,12,33,14,97,88,37,9,-2,0,12,5,-1,-16,-3,None
0,0,6,-4,-49,-48,-15,-2,1,0,12,5,-1,-16,-3,None
0,0,6,-4,-49,-48,-15,-2,1,17,12,5,-1,-16,-3,None
0,0,6,-4,-49,-48,-15,-2,1,17,12,5,-3,-15,-2,None
0,3,1,-1,17,-68,-15,-9,4,17,12,5,-3,-15,-2,None
0,-9,13,10,92,87,13,15,-2,17,12,5,-3,-15,-2,None
0,72,-52,8,-23,-26,11,-7,-1,17,12,5,-3,-15,-2,None
0,-42,20,-17,10,32,-14,1,-4,17,12,5,-3,-15,-2,None
0,-42,20,-17,10,32,-14,1,-4,17,12,5,-3,-15,-2,None
0,-42,20,-17,10,32,-14,1,-4,17,12,5,-3,-14,-2,None
0,0,-24,-2,-30,-20,4,-5,-1,17,12,5,-3,-14,-2,None
0,0,-10,-25,-94,6,0,-5,-2,17,12,5,-3,-14,-2,None
0,3,19,6,40,45,11,4,2,17,12,5,-3,-14,-2,None
0,27,16,14,104,40,-11,-6,5,17,12,5,-3,-14,-2,None
0,27,16,14,104,40,-11,-6,5,16,11,5,-3,-14,-2,None
0,27,16,14,104,40,-11,-6,5,16,11,5,-3,-14,-2,None
0,6,-17,14,-74,-89,-12,-5,-11,16,11,5,-3,-14,-2,None
0,-39,-55,-10,24,41,5,7,0,16,11,5,-3,-14,-2,None
0,-6,-18,-22,-59,-38,-5,-9,-6,16,11,5,-3,-14,-2,None
0,26,15,19,104,-19,3,11,1,16,11,5,-3,-14,-2,None
0,26,15,19,104,-19,3,11,1,16,11,5,-3,-14,-2,None
0,26,15,19,104,-19,3,11,1,16,11,5,-4,-14,-2,None
0,-58,15,-21,0,40,4,-10,-1,16,11,5,-4,-14,-2,None
0,1,32,-5,13,-60,-21,-5,-5,16,11,5,-4,-14,-2,None
0,-34,1,-2,42,0,-6,-2,-7,16,11,5,-4,-14,-2,None
0,17,-23,-24,21,5,-1,-3,-2,16,11,5,-4,-14,-2,None
0,17,-23,-24,21,5,-1,-3,-2,15,11,5,-4,-14,-2,None
0,17,-23,-24,21,5,-1,-3,-2,15,11,5,-4,-13,-3,None
0,24,4,-7,-15,8,-9,-10,-5,15,11,5,-4,-13,-3,None
0,17,8,5,35,45,4,3,1,15,11,5,-4,-13,-3,None
0,-12,-9,-15,-53,-46,4,0,0,15,11,5,-4,-13,-3,None
0,6,17,-17,5,-40,-15,-3,-1,15,11,5,-4,-13,-3,None
0,6,17,-17,5,-40,-15,-3,-1,15,10,6,-4,-13,-3,None
0,6,17,-17,5,-40,-15,-3,-1,15,10,6,-4,-13,-2,None
0,-14,-17,27,112,108,7,-1,-1,15,10,6,-4,-13,-2,None
0,6,2,11,-81,-81,-7,-1,-6,15,10,6,-4,-13,-2,None
0,-6,20,-13,4,70,17,5,3,15,10,6,-4,-13,-2,None
0,18,-50,14,16,105,-5,-5,1,15,10,6,-4,-13,-2,None
0,18,-50,14,16,105,-5,-5,1,14,10,6,-4,-13,-2,None
0,18,-50,14,16,105,-5,-5,1,14,10,6,-5,-12,-2,None
0,-24,-3,-19,-33,-55,-22,-12,-7,14,10,6,-5,-12,-2,None
0,-25,14,6,8,64,11,3,-1,14,10,6,-5,-12,-2,None
0,-13,-7,22,125,-119,8,3,5,14,10,6,-5,-12,-2,None
0,26,15,-31,-128,-29,-16,-3,-2,14,10,6,-5,-12,-2,None
0,26,15,-31,-128,-29,-16,-3,-2,14,10,6,-5,-12,-2,None
0,26,15,-31,-128,-29,-16,-3,-2,14,10,6,-5,-12,-2,None
0,8,36,15,105,79,7,-1,-2,14,10,6,-5,-12,-2,None
0,7,-43,12,1,-66,-18,-2,4,14,10,6,-5,-12,-2,None
0,-25,35,2,-106,-17,-4,-6,-5,14,10,6,-5,-12,-2,None
0,-4,-7,-32,99,5,9,9,5,14,10,6,-5,-12,-2,None
0,-4,-7,-32,99,5,9,9,5,14,10,6,-5,-12,-2,None
0,-4,-7,-32,99,5,9,9,5,14,10,6,-5,-11,-1,None
0,-41,17,44,-39,10,5,-1,-5,14,10,6,-5,-11,-1,None
0,12,11,-12,44,-55,-9,-5,-3,14,10,6,-5,-11,-1,None
0,-2,0,7,-21,-3,1,-1,0,14,10,6,-5,-11,-1,None
0,-1,-8,-19,-86,-109,-4,-1,0,14,10,6,-5,-11,-1,None
0,-1,-8,-19,-86,-109,-4,-1,0,14,10,6,-5,-11,-1,None
0,-1,-8,-19,-86,-109,-4,-1,0,14,10,6,-5,-11,-1,None
0,-53,-25,-42,-40,-48,5,-3,-5,14,10,6,-5,-11,-1,None
0,20,13,23,-11,-53,-2,0,-2,14,10,6,-5,-11,-1,None
0,-31,-40,-34,9,14,-7,-8,-6,14,10,6,-5,-11,-1,None
0,3,22,19,97,-26,-6,-7,-6,14,10,6,-5,-11,-1,None
0,3,22,19,97,-26,-6,-7,-6,14,9,6,-5,-11,-1,None
0,3,22,19,97,-26,-6,-7,-6,14,9,6,-5,-11,-1,None
0,23,10,1,-41,41,11,1,8,14,9,6,-5,-11,-1,None
0,21,-6,4,0,116,-5,-3,-1,14,9,6,-5,-11,-1,None
0,-33,26,-11,-41,3,-8,1,-6,14,9,6,-5,-11,-1,None
0,-14,28,26,92,113,12,1,-2,14,9,6,-5,-11,-1,None
0,-14,28,26,92,113,12,1,-2,13,9,6,-5,-11,-1,None
0,-14,28,26,92,113,12,1,-2,13,9,6,-5,-10,0,None
0,-12,-37,-63,-91,-34,-29,-15,-6,13,9,6,-5,-10,0,None
0,-9,2,4,122,40,-8,-1,-1,13,9,6,-5,-10,0,None
0,33,8,11,-13,-24,-1,2,2,13,9,6,-5,-10,0,None
0,-47,13,15,-32,83,13,-2,-5,13,9,6,-5,-10,0,None
0,-47,13,15,-32,83,13,-2,-5,13,9,6,-5,-10,0,None
0,-47,13,15,-32,83,13,-2,-5,13,9,6,-5,-10,0,None
0,17,10,6,73,-61,-11,4,5,13,9,6,-5,-10,0,None
0,2,-7,8,-13,-12,-3,-10,-8,13,9,6,-5,-10,0,None
0,-3,-10,-40,30,7,-19,-8,-4,13,9,6,-5,-10,0,None
0,-2,-8,27,24,-29,-1,5,4,13,9,6,-5,-10,0,None
0,-2,-8,27,24,-29,-1,5,4,13,9,6,-5,-10,0,None
0,-2,-8,27,24,-29,-1,5,4,13,9,6,-6,-10,0,None
0,26,-7,-24,-72,-4,8,0,0,13,9,6,-6,-10,0,None
0,-4,7,-27,28,-20,0,-1,-4,13,9,6,-6,-10,0,None
0,38,-4,29,17,-15,5,0,1,13,9,6,-6,-10,0,None
0,3,-15,7,-62,-46,-6,-2,-2,13,9,6,-6,-10,0,None
0,3,-15,7,-62,-46,-6,-2,-2,13,9,6,-6,-10,0,None
0,3,-15,7,-62,-46,-6,-2,-2,13,9,6,-6,-10,0,None
0,28,2,13,59,104,2,0,3,13,9,6,-6,-10,0,None
0,-20,-10,-14,-28,-5,4,1,-1,13,9,6,-6,-10,0,None
0,22,-21,-6,-85,-18,6,2,0,13,9,6,-6,-10,0,None
0,-2,12,1,47,25,10,4,0,13,9,6,-6,-10,0,None
0,-2,12,1,47,25,10,4,0,13,9,6,-6,-10,0,None
0,-2,12,1,47,25,10,4,0,13,9,6,-7,-9,0,None
0,40,6,-5,-10,-11,-6,3,-1,13,9,6,-7,-9,0,None
0,17,-8,-3,-9,9,2,-8,-3,13,9,6,-7,-9,0,None
0,-10,3,30,40,85,3,-4,-3,13,9,6,-7,-9,0,None
0,-19,-12,-26,-47,-33,-3,0,-1,13,9,6,-7,-9,0,None
0,-19,-12,-26,-47,-33,-3,0,-1,13,9,6,-7,-9,0,None
0,-19,-12,-26,-47,-33,-3,0,-1,13,9,6,-8,-9,1,None
0,0,33,2,26,-6,-9,-7,-6,13,9,6,-8,-9,1,None
0,34,5,59,41,32,15,14,13,13,9,6,-8,-9,1,None
0,-6,-1,-67,-25,-55,5,1,3,13,9,6,-8,-9,1,None
0,-10,5,-5,-31,35,-3,-8,-9,13,9,6,-8,-9,1,None
0,-10,5,-5,-31,35,-3,-8,-9,13,9,6,-8,-9,1,None
0,-10,5,-5,-31,35,-3,-8,-9,13,9,6,-8,-9,1,None
0,9,5,14,36,-9,5,-2,-3,13,9,6,-8,-9,1,None
0,-4,-14,17,-38,-6,-11,-3,-1,13,9,6,-8,-9,1,None
0,-26,14,-6,-13,-18,10,4,-2,13,9,6,-8,-9,1,None
0,36,-5,-6,23,27,1,3,4,13,9,6,-8,-9,1,None
0,36,-5,-6,23,27,1,3,4,13,9,6,-8,-9,1,None
0,36,-5,-6,23,27,1,3,4,13,9,6,-9,-9,1,None
0,1,-11,-15,-1,-23,-1,-2,1,13,9,6,-9,-9,1,None
0,-12,15,-18,8,-21,-2,-1,-2,13,9,6,-9,-9,1,None
0,-67,-22,-17,-68,26,4,-3,-4,13,9,6,-9,-9,1,None
0,-15,4,-4,4,-16,-20,-14,-5,13,9,6,-9,-9,1,None
0,-15,4,-4,4,-16,-20,-14,-5,13,9,6,-9,-9,1,None
0,-15,4,-4,4,-16,-20,-14,-5,13,9,6,-9,-9,1,None
0,7,3,24,41,26,4,3,3,13,9,6,-9,-9,1,None
0,-3,9,-17,26,-21,2,-1,-3,13,9,6,-9,-9,1,None
0,0,-3,1,-24,0,-1,1,-2,13,9,6,-9,-9,1,None
0,5,0,5,60,17,-18,-8,-6,13,9,6,-9,-9,1,None
0,5,0,5,60,17,-18,-8,-6,13,9,6,-9,-9,1,None
0,5,0,5,60,17,-18,-8,-6,13,9,6,-10,-9,2,None
0,-10,-15,-4,10,-28,13,5,1,13,9,6,-10,-9,2,None
0,23,15,9,-8,-8,-1,-1,5,13,9,6,-10,-9,2,None
0,36,7,-15,27,9,-5,-2,0,13,9,6,-10,-9,2,None
0,-12,-23,5,-88,-36,-4,-2,-3,13,9,6,-10,-9,2,None
0,-12,-23,5,-88,-36,-4,-2,-3,13,9,6,-10,-9,2,None
0,-12,-23,5,-88,-36,-4,-2,-3,13,9,6,-10,-9,2,None
0,-4,-48,7,-29,-64,9,4,-1,13,9,6,-10,-9,2,None
0,0,9,-44,-49,-23,-6,-2,-4,13,9,6,-10,-9,2,None
0,-1,4,51,21,11,-3,-3,0,13,9,6,-10,-9,2,None
0,-1,8,-6,33,1,8,3,2,13,9,6,-10,-9,2,None
0,-1,8,-6,33,1,8,3,2,13,9,6,-10,-9,2,None
0,-1,8,-6,33,1,8,3,2,13,9,6,-10,-9,2,None
0,9,14,13,-5,0,-16,-5,-2,13,9,6,-10,-9,2,None
0,-9,-26,-44,-37,42,3,-2,-6,13,9,6,-10,-9,2,None
0,-7,4,20,5,-43,-10,-5,0,13,9,6,-10,-9,2,None
0,-7,7,-13,-46,-45,-10,-3,-3,13,9,6,-10,-9,2,None
0,-7,7,-13,-46,-45,-10,-3,-3,13,9,6,-10,-9,2,None
0,-7,7,-13,-46,-45,-10,-3,-3,13,9,6,-10,-9,2,None
0,-1,2,-5,-7,32,4,0,1,13,9,6,-10,-9,2,None
0,-4,9,1,30,64,-5,1,1,13,9,6,-10,-9,2,None
0,18,6,5,59,23,3,0,-1,13,9,6,-10,-9,2,None
0,-1,3,-9,-47,-10,-5,-6,-3,13,9,6,-10,-9,2,None
0,-1,3,-9,-47,-10,-5,-6,-3,13,9,6,-10,-9,2,None
0,-1,3,-9,-47,-10,-5,-6,-3,13,9,6,-11,-9,2,None
0,1,6,-6,-31,8,10,4,1,13,9,6,-11,-9,2,None
0,-3,0,16,13,-17,-4,-2,-1,13,9,6,-11,-9,2,None
0,46,2,-58,-17,-10,-6,0,2,13,9,6,-11,-9,2,None
0,-10,8,22,-1,73,-4,-4,-4,13,9,6,-11,-9,2,None
0,-10,8,22,-1,73,-4,-4,-4,13,9,6,-11,-9,2,None
0,-10,8,22,-1,73,-4,-4,-4,13,9,6,-11,-9,2,None
0,-5,-7,-4,-36,-18,5,0,0,13,9,6,-11,-9,2,None
0,-7,15,-3,17,12,11,6,3,13,9,6,-11,-9,2,None
0,1,0,25,0,7,-3,-4,-5,13,9,6,-11,-9,2,None
0,30,-10,-22,10,-14,10,6,3,13,9,6,-11,-9,2,None
0,30,-10,-22,10,-14,10,6,3,13,9,6,-11,-9,2,None
0,30,-10,-22,10,-14,10,6,3,13,9,6,-11,-9,1,None
0,-4,5,-11,19,-51,0,-2,-3,13,9,6,-11,-9,1,None
0,-7,2,6,-6,27,-3,-2,-4,13,9,6,-11,-9,1,None
0,-12,0,5,44,23,10,3,2,13,9,6,-11,-9,1,None
0,-2,10,5,-81,-68,-7,-3,-3,13,9,6,-11,-9,1,None
0,-2,10,5,-81,-68,-7,-3,-3,13,9,6,-11,-9,1,None
0,-2,10,5,-81,-68,-7,-3,-3,13,9,6,-11,-9,1,None
0,-8,3,14,35,25,-3,-4,-5,13,9,6,-11,-9,1,None
0,4,-2,-5,-24,-13,8,3,4,13,9,6,-11,-9,1,None
0,-18,0,2,-10,-1,-3,-1,-3,13,9,6,-11,-9,1,None
0,-7,-3,0,46,-14,-2,0,-1,13,9,6,-11,-9,1,None
0,-7,-3,0,46,-14,-2,0,-1,13,9,6,-11,-9,1,None
0,-7,-3,0,46,-14,-2,0,-1,13,9,6,-11,-9,1,None
0,12,11,23,70,9,-2,0,3,13,9,6,-11,-9,1,None
0,-17,-8,-14,-104,-77,-9,-7,-9,13,9,6,-11,-9,1,None
0,-3,1,5,31,-1,-3,0,-1,13,9,6,-11,-9,1,None
0,-13,-3,-12,-68,-42,-6,-5,-2,13,9,6,-11,-9,1,None
0,-13,-3,-12,-68,-42,-6,-5,-2,13,9,6,-11,-9,1,None
0,-13,-3,-12,-68,-42,-6,-5,-2,13,9,6,-10,-9,1,None
0,5,3,3,35,16,-6,-3,-2,13,9,6,-10,-9,1,None
0,-1,3,-16,4,10,7,-3,-1,13,9,6,-10,-9,1,None
0,-9,-2,2,-17,-11,6,0,0,13,9,6,-10,-9,1,None
0,10,3,10,23,16,3,2,1,13,9,6,-10,-9,1,None
0,10,3,10,23,16,3,2,1,13,9,6,-10,-9,1,None
0,10,3,10,23,16,3,2,1,13,9,6,-10,-9,1,None
0,-8,0,-19,-29,16,-3,-1,-2,13,9,6,-10,-9,1,None
0,-3,-1,19,14,1,-8,-3,-2,13,9,6,-10,-9,1,None
0,0,-2,-10,-36,-12,-5,-3,-2,13,9,6,-10,-9,1,None
0,-7,1,-6,29,-2,4,0,0,13,9,6,-10,-9,1,None
0,-7,1,-6,29,-2,4,0,0,13,9,6,-10,-9,1,None
0,-7,1,-6,29,-2,4,0,0,13,9,6,-10,-9,1,None
0,-2,0,-4,-18,29,-6,-1,-3,13,9,6,-10,-9,1,None
0,-7,-1,-4,13,25,1,-3,-4,13,9,6,-10,-9,1,None
0,-1,0,11,20,1,-1,-1,-3,13,9,6,-10,-9,1,None
0,-4,3,-7,15,5,-16,-3,-2,13,9,6,-10,-9,1,None
0,-4,3,-7,15,5,-16,-3,-2,13,9,6,-10,-9,1,None
0,-4,3,-7,15,5,-16,-3,-2,13,9,6,-9,-9,1,None
0,-3,-1,-1,-10,5,24,5,1,13,9,6,-9,-9,1,None
0,3,1,-19,3,0,-1,-3,-1,13,9,6,-9,-9,1,None
0,-4,-3,6,-2,1,0,-3,-2,13,9,6,-9,-9,1,None
0,-3,0,-2,14,7,-3,-1,-2,13,9,6,-9,-9,1,None
0,-3,0,-2,14,7,-3,-1,-2,13,9,6,-9,-9,1,None
0,-3,0,-2,14,7,-3,-1,-2,13,9,6,-8,-9,1,None
0,1,-1,-13,-8,-6,-14,-7,-2,13,9,6,-8,-9,1,None
0,-2,0,-22,-2,-6,7,4,0,13,9,6,-8,-9,1,None
0,-2,1,2,13,-5,3,-2,-2,13,9,6,-8,-9,1,None
0,-5,1,0,11,17,3,2,-2,13,9,6,-8,-9,1,None
0,-5,1,0,11,17,3,2,-2,13,9,6,-8,-9,1,None
0,-5,1,0,11,17,3,2,-2,13,9,6,-8,-9,1,None
0,-1,1,1,14,0,3,-3,0,13,9,6,-8,-9,1,None
0,-1,2,6,6,0,-13,0,-2,13,9,6,-8,-9,1,None
0,-3,1,-27,-15,-14,6,1,-1,13,9,6,-8,-9,1,None
0,1,1,14,11,16,5,-1,-3,13,9,6,-8,-9,1,None
0,1,1,14,11,16,5,-1,-3,13,9,6,-8,-9,1,None
0,1,1,14,11,16,5,-1,-3,13,9,6,-6,-9,1,None
0,-5,-3,-22,-4,-4,-5,-5,-5,13,9,6,-6,-9,1,None
0,-1,1,-2,-5,-8,-11,-4,-2,13,9,6,-6,-9,1,None
0,0,1,-3,-4,-1,-6,-3,-1,13,9,6,-6,-9,1,None
0,-2,1,-5,3,15,5,1,1,13,9,6,-6,-9,1,None
0,-2,1,-5,3,15,5,1,1,13,9,6,-6,-9,1,None
0,-2,1,-5,3,15,5,1,1,13,9,6,-5,-9,1,None
0,-2,-1,2,10,2,-1,-1,-2,13,9,6,-5,-9,1,None
0,0,4,5,-1,-1,0,0,0,13,9,6,-5,-9,1,None
0,-3,-1,4,-5,1,-4,-3,-3,13,9,6,-5,-9,1,None
0,0,0,-6,-1,2,5,0,-1,13,9,6,-5,-9,1,None
0,0,0,-6,-1,2,5,0,-1,13,9,6,-5,-9,1,None
0,0,0,-6,-1,2,5,0,-1,13,9,6,-6,-10,1,None
0,-3,-2,2,-8,0,-8,0,-2,13,9,6,-6,-10,1,None
0,1,1,-1,-10,-4,13,-2,-1,13,9,6,-6,-10,1,None
0,-2,0,5,-4,3,-1,-1,-1,13,9,6,-6,-10,1,None
0,-2,-1,-5,-3,2,-6,-3,-2,13,9,6,-6,-10,1,None
0,-2,-1,-5,-3,2,-6,-3,-2,13,9,6,-6,-10,1,None
0,-2,-1,-5,-3,2,-6,-3,-2,13,9,6,-7,-9,1,None
0,-2,-1,2,9,-2,-4,-1,-3,13,9,6,-7,-9,1,None
0,-1,2,5,2,2,0,-1,0,13,9,6,-7,-9,1,None
0,-2,-1,0,2,8,2,0,-2,13,9,6,-7,-9,1,None
0,-1,1,-4,1,-2,3,-2,-2,13,9,6,-7,-9,1,None
0,-1,1,-4,1,-2,3,-2,-2,14,9,6,-7,-9,1,None
0,-1,1,-4,1,-2,3,-2,-2,14,9,6,-6,-10,0,None
0,3,1,-3,1,-2,1,0,-1,14,9,6,-6,-10,0,None
0,-2,0,0,-5,-5,-1,-2,-2,14,9,6,-6,-10,0,None
0,-2,-1,0,4,1,-16,-5,-2,14,9,6,-6,-10,0,None
0,0,1,7,-3,4,10,0,-1,14,9,6,-6,-10,0,None
0,0,1,7,-3,4,10,0,-1,14,10,6,-6,-10,0,None
0,0,1,7,-3,4,10,0,-1,14,10,6,-5,-10,0,None
0,-2,-1,-13,6,0,-2,-2,-2,14,10,6,-5,-10,0,None
0,-3,0,4,-2,-4,-6,-4,-4,14,10,6,-5,-10,0,None
0,-3,-1,-12,-4,-3,-3,-1,-4,14,10,6,-5,-10,0,None
0,-1,0,-3,-3,12,-8,-3,-1,14,10,6,-5,-10,0,None
0,-1,0,-3,-3,12,-8,-3,-1,14,10,6,-5,-10,0,None
0,-1,0,-3,-3,12,-8,-3,-1,14,10,6,-5,-11,0,None
0,1,2,3,-10,-14,1,-2,2,14,10,6,-5,-11,0,None
0,-1,1,4,5,-4,0,-1,-3,14,10,6,-5,-11,0,None
0,-2,-2,-12,0,-1,-2,-1,-3,14,10,6,-5,-11,0,None
0,-1,1,4,10,4,-2,-3,0,14,10,6,-5,-11,0,None
0,-1,1,4,10,4,-2,-3,0,14,10,6,-5,-11,0,None
0,-1,1,4,10,4,-2,-3,0,14,10,6,-8,-12,-2,None
0,-1,1,15,-2,-2,-9,-4,-3,14,10,6,-8,-12,-2,None
0,-1,-4,-20,-2,-3,4,3,0,14,10,6,-8,-12,-2,None
0,-1,0,4,16,1,7,2,0,14,10,6,-8,-12,-2,None
0,-1,-1,-13,-1,7,-8,-2,-1,14,10,6,-8,-12,-2,None
0,-1,-1,-13,-1,7,-8,-2,-1,14,10,6,-8,-12,-2,None
0,-1,-1,-13,-1,7,-8,-2,-1,14,10,6,-10,-12,-2,None
0,-1,1,-8,-1,2,5,-1,0,14,10,6,-10,-12,-2,None
0,-2,-1,-3,-16,0,-19,-6,-4,14,10,6,-10,-12,-2,None
0,0,1,0,0,4,11,2,-1,14,10,6,-10,-12,-2,None
0,-2,-1,-11,3,-5,0,-2,-2,14,10,6,-10,-12,-2,None
0,-2,-1,-11,3,-5,0,-2,-2,15,10,6,-10,-12,-2,None
0,-2,-1,-11,3,-5,0,-2,-2,15,10,6,-9,-12,-2,None
0,-1,2,-1,1,2,6,-2,-2,15,10,6,-9,-12,-2,None
0,0,3,-1,-2,3,-5,-2,-2,15,10,6,-9,-12,-2,None
0,-3,-4,-12,13,10,-7,-4,-1,15,10,6,-9,-12,-2,None
0,-1,-1,2,7,-19,0,1,-1,15,10,6,-9,-12,-2,None
0,-1,-1,2,7,-19,0,1,-1,15,11,6,-9,-12,-2,None
0,-1,-1,2,7,-19,0,1,-1,15,11,6,-6,-12,-2,None
0,-3,1,-3,-12,-6,2,-3,-4,15,11,6,-6,-12,-2,None
0,1,0,0,-1,2,4,1,1,15,11,6,-6,-12,-2,None
0,0,2,1,-5,2,0,-2,0,15,11,6,-6,-12,-2,None
0,-3,-1,7,6,1,-9,-1,0,15,11,6,-6,-12,-2,None
0,-3,-1,7,6,1,-9,-1,0,15,11,5,-6,-12,-2,None
0,-3,-1,7,6,1,-9,-1,0,15,11,5,-5,-13,-2,None
0,-1,-1,-5,5,6,-8,-2,-3,15,11,5,-5,-13,-2,None
0,0,2,-2,1,2,16,0,1,15,11,5,-5,-13,-2,None
0,-1,1,-4,-14,-4,-4,-2,-1,15,11,5,-5,-13,-2,None
0,-3,1,0,-1,4,-2,-2,-2,15,11,5,-5,-13,-2,None
0,-3,1,0,-1,4,-2,-2,-2,16,11,5,-5,-13,-2,None
0,-3,1,0,-1,4,-2,-2,-2,16,11,5,-5,-14,-2,None
0,1,1,-22,1,-1,1,1,2,16,11,5,-5,-14,-2,None
0,-5,-4,9,0,0,-11,-5,-6,16,11,5,-5,-14,-2,None
0,0,1,18,12,2,-5,-1,-2,16,11,5,-5,-14,-2,None
0,1,1,-13,-5,7,12,3,1,16,11,5,-5,-14,-2,None
0,1,1,-13,-5,7,12,3,1,16,12,5,-5,-14,-2,None
0,1,1,-13,-5,7,12,3,1,16,12,5,-4,-15,-2,None
0,1,1,1,-2,6,-5,0,1,16,12,5,-4,-15,-2,None
0,1,1,-3,-8,-18,3,-1,-1,16,12,5,-4,-15,-2,None
0,-2,-1,4,7,18,-5,-6,-2,16,12,5,-4,-15,-2,None
0,-1,1,-1,-5,-3,0,1,-3,16,12,5,-4,-15,-2,None
0,-1,1,-1,-5,-3,0,1,-3,17,12,5,-4,-15,-2,None
0,-1,1,-1,-5,-3,0,1,-3,17,12,5,-3,-15,-2,None
0,-1,1,-1,-9,-3,-3,-2,0,17,12,5,-3,-15,-2,None
0,0,1,-1,12,5,2,0,-1,17,12,5,-3,-15,-2,None
0,-4,-1,13,3,-7,-2,1,-1,17,12,5,-3,-15,-2,None
0,0,1,-4,7,3,-3,-3,1,17,12,5,-3,-15,-2,None
0,0,1,-4,7,3,-3,-3,1,17,12,5,-3,-15,-2,None
0,0,1,-4,7,3,-3,-3,1,17,12,5,-3,-15,-2,None
0,-2,-1,1,-21,3,-3,4,0,17,12,5,-3,-15,-2,None
0,-1,0,-1,5,1,5,1,0,17,12,5,-3,-15,-2,None
0,1,2,-5,-20,2,5,-1,1,17,12,5,-3,-15,-2,None
0,-1,2,-7,17,11,-6,-7,-5,17,12,5,-3,-15,-2,None
0,-1,2,-7,17,11,-6,-7,-5,0,13,5,-3,-15,-2,None
0,-1,2,-7,17,11,-6,-7,-5,0,13,5,-2,-15,-3,None
0,-2,-3,-4,-31,-23,-3,-3,-1,0,13,5,-2,-15,-3,None
0,-2,-1,-31,-7,7,-7,-3,-1,0,13,5,-2,-15,-3,None
0,-2,-1,10,16,0,2,3,-1,0,13,5,-2,-15,-3,None
0,-1,0,7,-49,-25,0,-1,-1,0,13,5,-2,-15,-3,None
0,-1,0,7,-49,-25,0,-1,-1,0,13,6,-2,-15,-3,None
0,-1,0,7,-49,-25,0,-1,-1,0,13,6,-1,-16,-3,None
0,-2,0,-1,11,32,3,-2,-1,0,13,6,-1,-16,-3,None
0,-1,3,5,38,13,3,-2,0,0,13,6,-1,-16,-3,None
0,1,0,-16,-34,-18,-1,-2,-1,0,13,6,-1,-16,-3,None
0,-3,0,4,-11,-22,-1,-1,-5,0,13,6,-1,-16,-3,None
0,-3,0,4,-11,-22,-1,-1,-5,0,13,6,-1,-16,-3,None
0,-3,0,4,-11,-22,-1,-1,-5,0,13,6,0,-16,-3,None
0,-4,-1,0,85,34,3,1,-2,0,13,6,0,-16,-3,None
0,-2,-1,-20,-108,-55,-5,2,1,0,13,6,0,-16,-3,None
0,-1,0,-5,74,14,-5,-5,-2,0,13,6,0,-16,-3,None
0,-3,-3,-3,-7,-23,-6,0,-4,0,13,6,0,-16,-3,None
0,-3,-3,-3,-7,-23,-6,0,-4,0,13,6,0,-16,-3,None
0,-3,-3,-3,-7,-23,-6,0,-4,0,13,6,0,-16,-3,None
0,-1,2,0,13,-29,-5,-5,-5,0,13,6,0,-16,-3,None
0,-1,2,11,-26,30,2,1,-1,0,13,6,0,-16,-3,None
0,-1,3,3,45,-9,6,5,-2,0,13,6,0,-16,-3,None
0,-2,0,-9,-69,74,5,-2,0,0,13,6,0,-16,-3,None
0,-2,0,-9,-69,74,5,-2,0,1,14,6,0,-16,-3,None
0,-2,0,-9,-69,74,5,-2,0,1,14,6,0,-15,-2,None
0,1,2,8,14,33,7,1,1,1,14,6,0,-15,-2,None
0,2,5,12,64,29,-10,-3,1,1,14,6,0,-15,-2,None
0,-3,-1,-8,-16,-18,-2,-6,-2,1,14,6,0,-15,-2,None
0,-1,1,5,45,-15,-3,1,-4,1,14,6,0,-15,-2,None
0,-1,1,5,45,-15,-3,1,-4,1,14,6,0,-15,-2,None
0,-1,1,5,45,-15,-3,1,-4,1,14,6,1,-16,-2,None
0,1,4,3,-77,-36,-5,0,-1,1,14,6,1,-16,-2,None
0,-3,-5,-2,-15,-4,0,-1,-3,1,14,6,1,-16,-2,None
0,1,5,1,55,93,0,-3,2,1,14,6,1,-16,-2,None
0,-2,-2,-11,-25,-27,-3,-3,0,1,14,6,1,-16,-2,None
0,-2,-2,-11,-25,-27,-3,-3,0,1,14,6,1,-16,-2,None
0,-2,-2,-11,-25,-27,-3,-3,0,1,14,6,1,-17,-2,None
0,-2,0,-12,-114,-94,-15,-11,-1,1,14,6,1,-17,-2,None
0,-2,5,20,98,54,-2,6,-3,1,14,6,1,-17,-2,None
0,-4,-3,-2,-55,17,-2,-7,-3,1,14,6,1,-17,-2,None
0,-1,2,4,9,-40,3,1,-2,1,14,6,1,-17,-2,None
0,-1,2,4,9,-40,3,1,-2,1,14,6,1,-17,-2,None
0,-1,2,4,9,-40,3,1,-2,1,14,6,3,-16,-2,None
0,-1,1,1,104,50,5,0,2,1,14,6,3,-16,-2,None
0,-2,0,4,18,12,0,-6,0,1,14,6,3,-16,-2,None
0,0,0,-20,-45,-43,-5,-1,0,1,14,6,3,-16,-2,None
0,-1,5,10,104,88,7,0,4,1,14,6,3,-16,-2,None
0,-1,5,10,104,88,7,0,4,1,14,6,3,-16,-2,None
0,-1,5,10,104,88,7,0,4,1,14,6,4,-15,-2,None
0,-3,-7,-17,-70,-76,-13,-6,-10,1,14,6,4,-15,-2,None
0,-3,-4,0,38,11,5,-4,-4,1,14,6,4,-15,-2,None
0,-3,-2,-7,-15,-29,0,3,-6,1,14,6,4,-15,-2,None
0,-7,-6,-14,7,-82,-3,-4,-5,1,14,6,4,-15,-2,None
0,-7,-6,-14,7,-82,-3,-4,-5,1,14,6,4,-15,-2,None
0,-7,-6,-14,7,-82,-3,-4,-5,1,14,6,5,-14,-2,None
0,2,6,-4,-39,1,0,-1,1,1,14,6,5,-14,-2,None
0,-2,-4,-4,-41,9,4,4,1,1,14,6,5,-14,-2,None
0,-3,-1,2,-19,-45,-5,-6,-4,1,14,6,5,-14,-2,None
0,5,6,24,107,40,-3,-2,6,1,14,6,5,-14,-2,None
0,5,6,24,107,40,-3,-2,6,2,14,6,5,-14,-2,None
0,5,6,24,107,40,-3,-2,6,2,14,6,6,-14,-2,None
0,-6,-5,-5,20,-4,-5,-7,-8,2,14,6,6,-14,-2,None
0,-1,1,-7,22,-3,2,2,-1,2,14,6,6,-14,-2,None
0,1,1,7,46,6,1,3,2,2,14,6,6,-14,-2,None
0,-1,-1,-3,1,94,0,0,-1,2,14,6,6,-14,-2,None
0,-1,-1,-3,1,94,0,0,-1,2,14,6,6,-14,-2,None
0,-1,-1,-3,1,94,0,0,-1,2,14,6,6,-14,-2,None
0,-1,1,10,53,59,4,-3,1,2,14,6,6,-14,-2,None
0,-2,-2,-9,-57,-35,-5,-1,-2,2,14,6,6,-14,-2,None
0,0,2,-7,-15,14,1,2,0,2,14,6,6,-14,-2,None
0,4,-1,-10,-12,-16,-7,0,-1,2,14,6,6,-14,-2,None
0,4,-1,-10,-12,-16,-7,0,-1,2,14,6,6,-14,-2,None
0,4,-1,-10,-12,-16,-7,0,-1,2,14,6,8,-14,-1,None
0,0,23,2,-3,-38,-2,-2,-3,2,14,6,8,-14,-1,None
0,2,-6,-1,-47,21,1,-1,4,2,14,6,8,-14,-1,None
0,-4,-9,1,22,37,0,-1,-7,2,14,6,8,-14,-1,None
0,-2,13,-5,-29,-14,-1,-2,-3,2,14,6,8,-14,-1,None
0,-2,13,-5,-29,-14,-1,-2,-3,2,14,6,8,-14,-1,None
0,-2,13,-5,-29,-14,-1,-2,-3,2,14,6,7,-13,-1,None
0,1,14,12,26,-6,3,0,-3,2,14,6,7,-13,-1,None
0,-3,-7,1,76,-4,-5,-6,-3,2,14,6,7,-13,-1,None
0,-2,20,-9,0,-48,-7,0,-1,2,14,6,7,-13,-1,None
0,2,-5,-14,-79,-5,-6,-2,2,2,14,6,7,-13,-1,None
0,2,-5,-14,-79,-5,-6,-2,2,2,14,6,7,-13,-1,None
0,2,-5,-14,-79,-5,-6,-2,2,2,14,6,8,-13,-1,None
0,-6,-5,-7,2,13,4,5,-1,2,14,6,8,-13,-1,None
0,-7,4,2,11,-15,-4,-11,-7,2,14,6,8,-13,-1,None
0,3,0,-4,-2,4,-1,-1,1,2,14,6,8,-13,-1,None
0,-2,-5,3,15,-25,2,1,-3,2,14,6,8,-13,-1,None
0,-2,-5,3,15,-25,2,1,-3,2,15,6,8,-13,-1,None
0,-2,-5,3,15,-25,2,1,-3,2,15,6,8,-13,-1,None
0,1,-5,4,21,40,0,2,2,2,15,6,8,-13,-1,None
0,1,7,-6,-3,-20,-6,-3,-2,2,15,6,8,-13,-1,None
0,2,29,4,15,-16,6,-1,1,2,15,6,8,-13,-1,None
0,-7,-22,-10,-8,-46,-2,-3,-6,2,15,6,8,-13,-1,None
0,-7,-22,-10,-8,-46,-2,-3,-6,2,15,6,8,-13,-1,None
0,-7,-22,-10,-8,-46,-2,-3,-6,2,15,6,8,-12,-1,None
0,-6,-49,-2,33,36,-1,-1,4,2,15,6,8,-12,-1,None
0,4,0,-13,-40,-44,-5,-3,-11,2,15,6,8,-12,-1,None
0,-3,-31,4,-9,-10,-2,0,0,2,15,6,8,-12,-1,None
0,4,21,-4,-1,34,2,-3,-3,2,15,6,8,-12,-1,None
0,4,21,-4,-1,34,2,-3,-3,2,15,7,8,-12,-1,None
0,4,21,-4,-1,34,2,-3,-3,2,15,7,10,-11,-1,None
0,3,23,-1,-13,-14,2,8,9,2,15,7,10,-11,-1,None
0,16,-3,-4,4,7,1,0,3,2,15,7,10,-11,-1,None
0,-38,-14,-4,-8,5,-4,-13,-40,2,15,7,10,-11,-1,None
0,3,-4,-4,6,6,-2,3,34,2,15,7,10,-11,-1,None
0,3,-4,-4,6,6,-2,3,34,2,15,7,10,-11,-1,None
0,3,-4,-4,6,6,-2,3,34,2,15,7,8,-15,-2,None
0,-18,6,-10,-4,9,-2,-2,-5,2,15,7,8,-15,-2,None
0,1,5,-3,-15,-17,1,0,3,2,15,7,8,-15,-2,None
0,-3,7,1,6,32,1,1,6,2,15,7,8,-15,-2,None
0,24,1,2,-11,-2,-2,-8,-17,2,15,7,8,-15,-2,None
0,24,1,2,-11,-2,-2,-8,-17,2,15,7,8,-15,-2,None
0,24,1,2,-11,-2,-2,-8,-17,2,15,7,10,-16,-2,None
0,1,4,-10,22,0,1,-1,-4,2,15,7,10,-16,-2,None
0,-6,-6,-2,-18,-3,0,1,2,2,15,7,10,-16,-2,None
0,6,1,2,-6,-20,-2,-2,0,2,15,7,10,-16,-2,None
0,-8,-2,4,-14,19,-1,0,-5,2,15,7,10,-16,-2,None
0,-8,-2,4,-14,19,-1,0,-5,2,15,7,10,-16,-2,None
0,-8,-2,4,-14,19,-1,0,-5,2,15,7,8,-13,-1,None
0,3,-10,2,-15,-2,-3,-1,1,2,15,7,8,-13,-1,None
0,2,8,2,0,6,0,-2,-6,2,15,7,8,-13,-1,None
0,7,-1,-6,-16,-5,-2,1,7,2,15,7,8,-13,-1,None
0,-5,5,1,5,27,3,0,-3,2,15,7,8,-13,-1,None
0,-5,5,1,5,27,3,0,-3,2,15,7,8,-13,-1,None
0,-5,5,1,5,27,3,0,-3,2,15,7,7,-11,-1,None
0,0,0,-8,-12,3,-3,-4,-5,2,15,7,7,-11,-1,None
0,-13,5,-2,23,-5,1,1,-1,2,15,7,7,-11,-1,None
0,6,37,-4,-108,-19,-4,-3,4,2,15,7,7,-11,-1,None
0,-9,-36,-7,20,-2,-1,2,-1,2,15,7,7,-11,-1,None
0,-9,-36,-7,20,-2,-1,2,-1,2,15,7,7,-11,-1,None
0,-9,-36,-7,20,-2,-1,2,-1,2,15,7,8,-11,-1,None
0,-1,-27,2,21,3,-1,-3,-6,2,15,7,8,-11,-1,None
0,-4,-3,-4,-15,-4,-2,-4,-1,2,15,7,8,-11,-1,None
0,6,2,3,42,20,1,0,5,2,15,7,8,-11,-1,None
0,-7,12,-3,-2,-12,-2,-2,-6,2,15,7,8,-11,-1,None
0,-7,12,-3,-2,-12,-2,-2,-6,2,15,7,8,-11,-1,None
0,-7,12,-3,-2,-12,-2,-2,-6,2,15,7,9,-11,-1,None
0,6,12,-2,-13,0,1,1,-1,2,15,7,9,-11,-1,None
0,0,-3,2,9,-13,1,2,1,2,15,7,9,-11,-1,None
0,2,-1,-2,20,55,3,0,-3,2,15,7,9,-11,-1,None
0,-9,9,-2,-20,-16,-2,-2,-2,2,15,7,9,-11,-1,None
0,-9,9,-2,-20,-16,-2,-2,-2,2,15,7,9,-11,-1,None
0,-9,9,-2,-20,-16,-2,-2,-2,2,15,7,9,-10,-1,None
0,28,0,-1,11,-8,0,0,0,2,15,7,9,-10,-1,None
0,-32,5,-2,-18,-6,-2,-1,2,2,15,7,9,-10,-1,None
0,25,-5,0,-10,-16,-3,-1,-4,2,15,7,9,-10,-1,None
0,-3,3,-2,7,1,0,-1,-2,2,15,7,9,-10,-1,None
0,-3,3,-2,7,1,0,-1,-2,2,15,7,9,-10,-1,None
0,-3,3,-2,7,1,0,-1,-2,2,15,7,9,-10,-1,None
0,3,10,4,9,9,1,-1,2,2,15,7,9,-10,-1,None
0,0,-2,-3,10,13,-1,-1,-3,2,15,7,9,-10,-1,None
0,-7,-9,-4,5,-7,-1,0,2,2,15,7,9,-10,-1,None
0,2,0,0,-3,5,-3,-2,-3,2,15,7,9,-10,-1,None
0,2,0,0,-3,5,-3,-2,-3,2,15,7,9,-10,-1,None
0,2,0,0,-3,5,-3,-2,-3,2,15,7,9,-11,-1,None
0,-4,19,1,-4,-9,0,0,-2,2,15,7,9,-11,-1,None
0,-1,-39,-4,8,21,0,-2,-3,2,15,7,9,-11,-1,None
0,-10,-7,-2,20,-4,-1,-1,1,2,15,7,9,-11,-1,None
0,2,5,-1,15,-7,0,-1,-2,2,15,7,9,-11,-1,None
0,2,5,-1,15,-7,0,-1,-2,2,15,7,9,-11,-1,None
0,2,5,-1,15,-7,0,-1,-2,2,15,7,9,-12,-1,None
0,-10,0,4,26,14,2,-1,-1,2,15,7,9,-12,-1,None
0,1,4,-9,-27,2,-6,-4,-5,2,15,7,9,-12,-1,None
0,1,-1,-2,14,1,-2,0,1,2,15,7,9,-12,-1,None
0,-6,-3,-1,-1,-1,2,-2,-3,2,15,7,9,-12,-1,None
0,-6,-3,-1,-1,-1,2,-2,-3,2,15,7,9,-12,-1,None
0,-6,-3,-1,-1,-1,2,-2,-3,2,15,7,9,-12,-1,None
0,-5,1,-1,7,-1,1,1,-1,2,15,7,9,-12,-1,None
0,5,10,2,24,12,2,0,0,2,15,7,9,-12,-1,None
0,-5,-12,-5,-4,-11,-2,-2,-3,2,15,7,9,-12,-1,None
0,-1,12,-1,-15,-1,-2,-2,0,2,15,7,9,-12,-1,None
0,-1,12,-1,-15,-1,-2,-2,0,2,15,7,9,-12,-1,None
0,-1,12,-1,-15,-1,-2,-2,0,2,15,7,8,-12,-1,None
0,-9,-4,0,-10,-3,-3,-3,-4,2,15,7,8,-12,-1,None
0,6,6,2,-1,-5,-2,-1,-1,2,15,7,8,-12,-1,None
0,-26,-3,-5,2,3,-1,-1,-1,2,15,7,8,-12,-1,None
0,37,5,0,-1,-13,-2,-2,-3,2,15,7,8,-12,-1,None
0,37,5,0,-1,-13,-2,-2,-3,2,15,7,8,-12,-1,None
0,37,5,0,-1,-13,-2,-2,-3,2,15,7,8,-11,-1,None
0,-2,3,-2,-7,8,-4,-2,-3,2,15,7,8,-11,-1,None
0,0,0,-2,5,0,-1,-2,-2,2,15,7,8,-11,-1,None
0,1,-10,-1,-2,1,1,0,2,2,15,7,8,-11,-1,None
0,-14,13,0,-4,-1,-1,-1,-1,2,15,7,8,-11,-1,None
0,-14,13,0,-4,-1,-1,-1,-1,2,15,7,8,-11,-1,None
0,-14,13,0,-4,-1,-1,-1,-1,2,15,7,9,-12,-1,None
0,-1,-5,-4,-11,-3,-1,-3,0,2,15,7,9,-12,-1,None
0,4,6,-2,-4,-6,-1,-1,-1,2,15,7,9,-12,-1,None
0,23,4,1,4,-2,-1,-1,3,2,15,7,9,-12,-1,None
0,-28,-1,-3,-40,-22,0,1,-1,2,15,7,9,-12,-1,None
0,-28,-1,-3,-40,-22,0,1,-1,2,15,7,9,-12,-1,None
0,-28,-1,-3,-40,-22,0,1,-1,2,15,7,9,-11,-1,None
0,2,21,-7,7,29,-1,-3,-5,2,15,7,9,-11,-1,None
0,-7,2,1,-12,-6,1,-2,-3,2,15,7,9,-11,-1,None
0,2,-8,-3,4,1,1,-1,0,2,15,7,9,-11,-1,None
0,5,-2,1,3,-11,0,-1,-1,2,15,7,9,-11,-1,None
0,5,-2,1,3,-11,0,-1,-1,2,15,7,9,-11,-1,None
0,5,-2,1,3,-11,0,-1,-1,2,15,7,9,-11,-1,None
0,-5,0,-1,-6,-9,-1,-1,1,2,15,7,9,-11,-1,None
0,-2,4,-3,-1,1,-3,0,0,2,15,7,9,-11,-1,None
0,-2,4,-2,-7,0,-1,-1,-2,2,15,7,9,-11,-1,None
0,-1,1,-1,10,8,-3,-1,-2,2,15,7,9,-11,-1,None
0,-1,1,-1,10,8,-3,-1,-2,2,15,7,9,-11,-1,None
0,-1,1,-1,10,8,-3,-1,-2,2,15,7,9,-11,-1,None
0,-5,-7,-3,-9,-4,-1,-2,-2,2,15,7,9,-11,-1,None
0,-13,-8,-1,14,0,1,-2,3,2,15,7,9,-11,-1,None
0,25,12,-6,-26,30,-3,-1,-4,2,15,7,9,-11,-1,None
0,-10,-6,1,22,14,-2,-4,-3,2,15,7,9,-11,-1,None
0,-10,-6,1,22,14,-2,-4,-3,2,15,7,9,-11,-1,None
0,-10,-6,1,22,14,-2,-4,-3,2,15,7,9,-11,-1,None
0,1,-5,-1,-3,-5,1,-1,0,2,15,7,9,-11,-1,None
0,22,18,-1,-3,-1,-1,-1,-1,2,15,7,9,-11,-1,None
0,-57,-18,-2,4,-13,0,1,-1,2,15,7,9,-11,-1,None
0,-1,0,-3,-3,1,-1,-1,0,2,15,7,9,-11,-1,None
0,-1,0,-3,-3,1,-1,-1,0,2,15,7,9,-11,-1,None
0,-1,0,-3,-3,1,-1,-1,0,2,15,7,9,-11,-1,None
0,0,-5,-2,-9,1,-2,-1,-2,2,15,7,9,-11,-1,None
0,6,10,-1,0,-3,-1,0,0,2,15,7,9,-11,-1,None
0,3,10,0,2,-14,-1,-1,-1,2,15,7,9,-11,-1,None
0,4,1,-1,23,12,-1,-3,-3,2,15,7,9,-11,-1,None
0,4,1,-1,23,12,-1,-3,-3,2,15,7,9,-11,-1,None
0,4,1,-1,23,12,-1,-3,-3,2,15,7,9,-11,-1,None
0,-11,-11,3,-10,0,0,0,1,2,15,7,9,-11,-1,None
0,-3,-1,0,17,24,-2,0,-2,2,15,7,9,-11,-1,None
0,3,3,-4,6,-8,-3,-2,-2,2,15,7,9,-11,-1,None
0,-7,-8,-2,2,-2,-1,-2,1,2,15,7,9,-11,-1,None
0,-7,-8,-2,2,-2,-1,-2,1,2,15,7,9,-11,-1,None
0,-7,-8,-2,2,-2,-1,-2,1,2,15,7,9,-11,-1,None
0,7,7,-2,-7,-5,0,-2,-1,2,15,7,9,-11,-1,None
0,-4,-3,-2,0,-3,-2,-3,-3,2,15,7,9,-11,-1,None
0,2,1,2,-17,0,0,0,-1,2,15,7,9,-11,-1,None
0,1,4,0,1,25,6,2,-1,2,15,7,9,-11,-1,None
0,1,4,0,1,25,6,2,-1,2,15,7,9,-11,-1,None
0,1,4,0,1,25,6,2,-1,2,15,7,9,-11,-1,None
0,-10,-4,-7,8,23,-6,-5,-5,2,15,7,9,-11,-1,None
0,8,0,-4,-11,-1,-2,-2,-4,2,15,7,9,-11,-1,None
0,-5,1,-3,-18,-17,-2,-3,-1,2,15,7,9,-11,-1,None
0,-7,0,-3,-2,-8,-2,-1,-1,2,15,7,9,-11,-1,None
0,-7,0,-3,-2,-8,-2,-1,-1,2,15,7,9,-11,-1,None
0,-7,0,-3,-2,-8,-2,-1,-1,2,15,7,9,-11,-1,None
0,-2,0,0,-2,-8,-2,0,-3,2,15,7,9,-11,-1,None
0,-8,-5,0,10,5,1,-1,2,2,15,7,9,-11,-1,None
0,7,4,-1,-4,2,0,-1,-4,2,15,7,9,-11,-1,None
0,-11,-5,-5,-9,-13,-3,-2,-4,2,15,7,9,-11,-1,None
0,-11,-5,-5,-9,-13,-3,-2,-4,2,15,7,9,-11,-1,None
0,-11,-5,-5,-9,-13,-3,-2,-4,2,15,7,9,-11,-1,None
0,1,-3,-2,2,-5,-1,0,-3,2,15,7,9,-11,-1,None
0,0,-8,-4,-2,-5,1,0,-1,2,15,7,9,-11,-1,None
0,0,18,3,19,3,0,0,-1,2,15,7,9,-11,-1,None
0,5,2,-4,-13,-9,-6,-4,0,2,15,7,9,-11,-1,None
0,5,2,-4,-13,-9,-6,-4,0,2,15,7,9,-11,-1,None
0,5,2,-4,-13,-9,-6,-4,0,2,15,7,9,-11,-1,None
0,0,-1,-2,1,-6,-1,-1,-2,2,15,7,9,-11,-1,None
0,-4,0,-3,-6,-2,0,-1,-2,2,15,7,9,-11,-1,None
0,0,-8,-2,2,6,-1,-2,0,2,15,7,9,-11,-1,None
0,2,4,0,0,-2,-3,-1,-2,2,15,7,9,-11,-1,None
0,2,4,0,0,-2,-3,-1,-2,2,15,7,9,-11,-1,None
0,2,4,0,0,-2,-3,-1,-2,2,15,7,9,-11,-1,None
0,6,4,-2,2,0,-1,-1,0,2,15,7,9,-11,-1,None
0,-3,-2,-1,-4,-5,-2,-2,-2,2,15,7,9,-11,-1,None
0,2,34,2,33,3,2,1,1,2,15,7,9,-11,-1,None
0,4,-11,-3,-34,-1,1,-3,-4,2,15,7,9,-11,-1,None
0,4,-11,-3,-34,-1,1,-3,-4,2,15,7,9,-11,-1,None
0,4,-11,-3,-34,-1,1,-3,-4,2,15,7,9,-11,-1,None
0,-7,4,-6,-11,-8,-1,-1,-1,2,15,7,9,-11,-1,None
0,-2,-1,-2,8,15,-1,-2,-2,2,15,7,9,-11,-1,None
0,-3,0,-4,-13,-20,0,1,-2,2,15,7,9,-11,-1,None
0,1,2,0,20,2,-2,-1,-1,2,15,7,9,-11,-1,None
0,1,2,0,20,2,-2,-1,-1,2,15,7,9,-11,-1,None
0,1,2,0,20,2,-2,-1,-1,2,15,7,9,-11,-1,None
0,1,1,-2,-1,-1,-1,-1,-1,2,15,7,9,-11,-1,None
0,-2,3,-2,-10,-8,-1,-3,-2,2,15,7,9,-11,-1,None
0,-1,-11,-2,2,10,-1,-1,-2,2,15,7,9,-11,-1,None
0,-1,4,-3,3,2,-2,-1,-1,2,15,7,9,-11,-1,None
0,-1,4,-3,3,2,-2,-1,-1,2,15,7,9,-11,-1,None
0,-1,4,-3,3,2,-2,-1,-1,2,15,7,9,-11,-1,None
0,-1,-3,0,-7,-4,1,0,1,2,15,7,9,-11,-1,None
0,-4,-1,-1,0,8,-2,-3,1,2,15,7,9,-11,-1,None
0,26,3,-6,-11,-16,-6,-5,-7,2,15,7,9,-11,-1,None
0,-3,-3,-3,-1,0,-1,-3,-2,2,15,7,9,-11,-1,None
0,-3,-3,-3,-1,0,-1,-3,-2,2,15,7,9,-11,-1,None
0,-3,-3,-3,-1,0,-1,-3,-2,2,15,7,9,-11,-1,None
0,-1,4,0,-2,-11,0,0,-1,2,15,7,9,-11,-1,None
0,2,1,-1,0,-8,-1,0,-1,2,15,7,9,-11,-1,None
0,-7,-10,-1,5,8,0,-2,1,2,15,7,9,-11,-1,None
0,0,1,-2,-2,0,1,0,-2,2,15,7,9,-11,-1,None
0,0,1,-2,-2,0,1,0,-2,2,15,7,9,-11,-1,None
0,0,1,-2,-2,0,1,0,-2,2,15,7,9,-11,-1,None
0,3,1,-1,5,0,-1,-2,-1,2,15,7,9,-11,-1,None
0,-5,0,-1,-10,-4,1,0,-3,2,15,7,9,-11,-1,None
0,-9,-9,-4,1,10,-2,-3,-1,2,15,7,9,-11,-1,None
0,8,17,-4,2,-2,-3,-3,-1,2,15,7,9,-11,-1,None
0,8,17,-4,2,-2,-3,-3,-1,2,15,7,9,-11,-1,None
0,8,17,-4,2,-2,-3,-3,-1,2,15,7,9,-11,-1,None
0,-6,-23,0,2,4,-1,0,-1,2,15,7,9,-11,-1,None
0,1,2,-2,5,-2,-2,0,-3,2,15,7,9,-11,-1,None
0,-5,-3,-3,-9,5,-2,0,0,2,15,7,9,-11,-1,None
0,-3,1,-1,4,-1,-2,0,1,2,15,7,9,-11,-1,None
0,-3,1,-1,4,-1,-2,0,1,2,15,7,9,-11,-1,None
0,-3,1,-1,4,-1,-2,0,1,2,15,7,9,-11,-1,None
0,0,6,-2,0,2,-1,-3,-2,2,15,7,9,-11,-1,None
0,1,2,-3,3,-2,-2,-2,-3,2,15,7,9,-11,-1,None
0,-2,-5,-2,5,1,-1,-1,-1,2,15,7,9,-11,-1,None
0,-4,-3,-1,-2,2,-1,-1,0,2,15,7,9,-11,-1,None
0,-4,-3,-1,-2,2,-1,-1,0,2,15,7,9,-11,-1,None
0,-4,-3,-1,-2,2,-1,-1,0,2,15,7,9,-11,-1,None
0,0,2,-3,1,1,-1,-2,-1,2,15,7,9,-11,-1,None
0,-2,0,-2,-4,-3,-1,-1,-2,2,15,7,9,-11,-1,None
0,-4,0,3,12,2,1,1,0,2,15,7,9,-11,-1,None
0,0,-10,-7,-16,-8,-1,0,-3,2,15,7,9,-11,-1,None
0,0,-10,-7,-16,-8,-1,0,-3,2,15,7,9,-11,-1,None
0,0,-10,-7,-16,-8,-1,0,-3,2,15,7,9,-11,-1,None
0,0,3,-2,-1,11,-1,-3,-5,2,15,7,9,-11,-1,None
0,-1,0,-1,5,-3,-1,-2,-2,2,15,7,9,-11,-1,None
0,-1,-2,-3,-2,3,-1,0,-2,2,15,7,9,-11,-1,None
0,0,-1,0,3,-4,-1,-1,-1,2,15,7,9,-11,-1,None
0,0,-1,0,3,-4,-1,-1,-1,2,15,6,9,-11,-1,None
0,0,-1,0,3,-4,-1,-1,-1,2,15,6,9,-11,-1,None
0,1,4,-2,-3,-3,-2,-1,1,2,15,6,9,-11,-1,None
0,-3,-1,-3,-9,-5,-1,-1,0,2,15,6,9,-11,-1,None
0,-3,-2,-2,-6,-3,-2,-3,-3,2,15,6,9,-11,-1,None
0,-25,-5,-2,12,5,1,1,1,2,15,6,9,-11,-1,None
0,-25,-5,-2,12,5,1,1,1,2,15,6,9,-11,-1,None
0,-25,-5,-2,12,5,1,1,1,2,15,6,9,-11,-1,None
0,18,21,-2,-7,-3,-3,-3,-4,2,15,6,9,-11,-1,None
0,25,7,-3,5,7,-1,-2,-1,2,15,6,9,-11,-1,None
0,-9,-34,-3,11,4,-3,-3,-3,2,15,6,9,-11,-1,None
0,-12,0,-1,4,4,-1,-1,-1,2,15,6,9,-11,-1,None
0,-12,0,-1,4,4,-1,-1,-1,2,15,6,9,-11,-1,None
0,-12,0,-1,4,4,-1,-1,-1,2,15,6,9,-11,-1,None
0,-7,-5,-2,5,-3,0,0,0,2,15,6,9,-11,-1,None
0,3,7,-2,0,-3,-1,-1,0,2,15,6,9,-11,-1,None
0,0,9,-3,-7,0,0,-1,-1,2,15,6,9,-11,-1,None
0,13,-1,-1,-3,-2,0,-1,-3,2,15,6,9,-11,-1,None
0,13,-1,-1,-3,-2,0,-1,-3,2,15,6,9,-11,-1,None
0,13,-1,-1,-3,-2,0,-1,-3,2,15,6,9,-11,-1,None
0,0,-3,-1,5,1,-1,0,3,2,15,6,9,-11,-1,None
0,-6,-2,-2,-7,0,0,-1,-4,2,15,6,9,-11,-1,None
0,-3,3,3,8,1,2,0,0,2,15,6,9,-11,-1,None
0,-3,-2,-5,0,7,-2,-3,-3,2,15,6,9,-11,-1,None
0,-3,-2,-5,0,7,-2,-3,-3,2,15,6,9,-11,-1,None
0,-3,-2,-5,0,7,-2,-3,-3,2,15,6,9,-11,-1,None
0,-2,3,5,20,5,2,1,0,2,15,6,9,-11,-1,None
0,-13,-4,-7,-13,-4,-3,-3,-2,2,15,6,9,-11,-1,None
0,-13,-4,-7,-13,-4,-3,-3,-2,2,15,6,9,-11,-1,None
0,-13,-4,-7,-13,-4,-3,-3,-2,2,15,6,9,-11,-1,None
0,-3,0,1,5,-1,-1,0,-1,2,15,6,9,-11,-1,None
0,8,10,2,4,0,0,1,-1,2,15,6,9,-11,-1,None
0,-5,-3,-5,4,0,-1,-2,-2,2,15,6,9,-11,-1,None
0,-1,-3,-1,8,-1,0,-1,0,2,15,6,9,-11,-1,None
0,-1,-3,-1,8,-1,0,-1,0,2,15,6,9,-11,-1,None
0,-1,-3,-1,8,-1,0,-1,0,2,15,6,9,-11,-1,None
0,2,4,-1,-2,0,-1,-1,-1,2,15,6,9,-11,-1,None
0,1,-2,-3,6,5,-1,-1,0,2,15,6,9,-11,-1,None
0,-5,-10,-4,-5,1,-2,-1,-1,2,15,6,9,-11,-1,None
0,-2,7,-3,-14,13,-4,-3,0,2,15,6,9,-11,-1,None
0,-2,7,-3,-14,13,-4,-3,0,2,15,6,9,-11,-1,None
0,-2,7,-3,-14,13,-4,-3,0,2,15,6,9,-11,-1,None
0,-14,-13,-4,-19,-9,-2,-2,-4,2,15,6,9,-11,-1,None
0,29,2,-3,-3,3,-1,-3,-3,2,15,6,9,-11,-1,None
0,-4,-1,-4,-1,-1,-1,0,-1,2,15,6,9,-11,-1,None
0,-4,-8,-1,4,-3,0,0,-1,2,15,6,9,-11,-1,None
0,-4,-8,-1,4,-3,0,0,-1,2,15,6,9,-11,-1,None
0,-4,-8,-1,4,-3,0,0,-1,2,15,6,9,-11,-1,None
0,5,9,0,10,3,-1,-1,-2,2,15,6,9,-11,-1,None
0,-7,0,-5,-23,-9,-3,-1,-1,2,15,6,9,-11,-1,None
0,-2,10,-1,-7,3,-1,-1,-3,2,15,6,9,-11,-1,None
0,2,-3,1,19,6,1,0,-1,2,15,6,9,-11,-1,None
0,2,-3,1,19,6,1,0,-1,2,15,6,9,-11,-1,None
0,2,-3,1,19,6,1,0,-1,2,15,6,9,-11,-1,None
0,-5,1,-5,-32,-19,-3,-3,-1,2,15,6,9,-11,-1,None
0,-6,1,-1,2,-2,-1,-1,-2,2,15,6,9,-11,-1,None
0,1,9,-2,-4,6,-3,-2,-1,2,15,6,9,-11,-1,None
0,-9,2,1,-6,-2,-2,0,-2,2,15,6,9,-11,-1,None
0,-9,2,1,-6,-2,-2,0,-2,2,15,6,9,-11,-1,None
0,-9,2,1,-6,-2,-2,0,-2,2,15,6,9,-11,-1,None
0,1,2,-1,8,6,1,-1,1,2,15,6,9,-11,-1,None
0,-3,-3,-1,3,2,0,0,-3,2,15,6,9,-11,-1,None
0,-2,-5,-2,-9,-7,-2,-2,-1,2,15,6,9,-11,-1,None
0,1,1,-1,2,-5,0,1,-1,2,15,6,9,-11,-1,None
0,1,1,-1,2,-5,0,1,-1,2,15,6,9,-11,-1,None
0,1,1,-1,2,-5,0,1,-1,2,15,6,9,-11,-1,None
0,-1,1,0,6,5,1,0,0,2,15,6,9,-11,-1,None
0,3,6,-2,12,15,-2,-4,-5,2,15,6,9,-11,-1,None
0,-6,1,-1,8,6,-1,-4,-4,2,15,6,9,-11,-1,None
0,-2,-3,-2,10,-6,-1,-2,-2,2,15,6,9,-11,-1,None
0,-2,-3,-2,10,-6,-1,-2,-2,2,15,6,9,-11,-1,None
0,-2,-3,-2,10,-6,-1,-2,-2,2,15,6,9,-11,-1,None
0,4,9,-1,-1,1,0,0,0,2,15,6,9,-11,-1,None
0,-8,1,-1,-3,-6,-1,1,1,2,15,6,9,-11,-1,None
0,-2,-5,-2,-4,-5,-1,-2,-2,2,15,6,9,-11,-1,None
0,-2,1,-1,8,9,-1,-2,-1,2,15,6,9,-11,-1,None
0,-2,1,-1,8,9,-1,-2,-1,2,15,6,9,-11,-1,None
0,-2,1,-1,8,9,-1,-2,-1,2,15,6,9,-11,-1,None
0,0,2,-3,-3,0,-1,-1,-2,2,15,6,9,-11,-1,None
0,-3,-4,-1,3,0,0,-1,1,2,15,6,9,-11,-1,None
0,0,-3,-3,-3,0,-2,-1,-2,2,15,6,9,-11,-1,None
0,-2,2,-2,-13,-7,-1,-1,-2,2,15,6,9,-11,-1,None
0,-2,2,-2,-13,-7,-1,-1,-2,2,15,6,9,-11,-1,None
0,-2,2,-2,-13,-7,-1,-1,-2,2,15,6,9,-11,-1,None
0,2,8,-2,20,14,0,-1,1,2,15,6,9,-11,-1,None
0,-3,-8,-4,-21,-16,-5,-3,-4,2,15,6,9,-11,-1,None
0,0,2,-1,0,0,-1,-2,1,2,15,6,9,-11,-1,None
0,-4,0,-3,0,5,-2,-2,-1,2,15,6,9,-11,-1,None
0,-4,0,-3,0,5,-2,-2,-1,2,15,6,9,-11,-1,None
0,-4,0,-3,0,5,-2,-2,-1,2,15,6,9,-11,-1,None
0,0,-4,-3,3,2,-1,-2,0,2,15,6,9,-11,-1,None
0,-1,4,0,10,5,1,-2,1,2,15,6,9,-11,-1,None
0,-1,0,-3,-8,-7,-3,0,-1,2,15,6,9,-11,-1,None
0,-1,-4,-3,-3,-4,-1,-1,-1,2,15,6,9,-11,-1,None
0,-1,-4,-3,-3,-4,-1,-1,-1,2,15,6,9,-11,-1,None
0,-1,-4,-3,-3,-4,-1,-1,-1,2,15,6,9,-11,-1,None
0,-1,4,-3,-8,-1,-2,-3,-4,2,15,6,9,-11,-1,None
0,-2,3,-1,0,0,-1,-2,0,2,15,6,9,-11,-1,None
0,-2,-3,-2,-5,-1,-2,-2,-2,2,15,6,9,-11,-1,None
0,0,0,-3,-3,-1,-1,-1,-2,2,15,6,9,-11,-1,None
0,0,0,-3,-3,-1,-1,-1,-2,2,15,6,9,-11,-1,None
0,0,0,-3,-3,-1,-1,-1,-2,2,15,6,9,-11,-1,None
0,-1,1,-3,-2,0,-2,-1,-1,2,15,6,9,-11,-1,None
0,-10,-2,2,8,-4,0,1,2,2,15,6,9,-11,-1,None
0,33,16,-4,-4,2,1,-2,-2,2,15,6,9,-11,-1,None
0,-2,2,1,-12,2,-1,-3,-1,2,15,6,9,-11,-1,None
0,-2,2,1,-12,2,-1,-3,-1,2,15,6,9,-11,-1,None
0,-2,2,1,-12,2,-1,-3,-1,2,15,6,9,-11,-1,None
0,-2,-4,-4,-15,-3,-4,-4,-3,2,15,6,9,-11,-1,None
0,0,3,1,4,4,-1,0,-1,2,15,6,9,-11,-1,None
0,-9,-4,-2,4,-1,1,-1,-1,2,15,6,9,-11,-1,None
0,-1,2,-2,1,-3,0,0,0,2,15,6,9,-11,-1,None
0,-1,2,-2,1,-3,0,0,0,2,15,6,9,-11,-1,None
0,-1,2,-2,1,-3,0,0,0,2,15,6,9,-11,-1,None
0,-1,3,-1,-11,-5,-2,-2,0,2,15,6,9,-11,-1,None
0,-1,-2,-3,-2,1,0,-1,-3,2,15,6,9,-11,-1,None
0,-7,-5,-2,-10,-11,-3,0,-1,2,15,6,9,-11,-1,None
0,-2,3,-3,-1,3,-2,-3,-3,2,15,6,9,-11,-1,None
0,-2,3,-3,-1,3,-2,-3,-3,2,15,6,9,-11,-1,None
0,-2,3,-3,-1,3,-2,-3,-3,2,15,6,9,-11,-1,None
0,-6,-2,1,5,-4,-1,-1,1,2,15,6,9,-11,-1,None
0,1,1,-4,12,9,-3,-2,-1,2,15,6,9,-11,-1,None
0,-7,-2,-1,-2,6,-1,-2,-1,2,15,6,9,-11,-1,None
0,2,-3,-2,-3,-12,-1,0,-2,2,15,6,9,-11,-1,None
0,2,-3,-2,-3,-12,-1,0,-2,2,15,6,9,-11,-1,None
0,2,-3,-2,-3,-12,-1,0,-2,2,15,6,9,-11,-1,None
0,-2,0,-3,-25,-9,0,-1,-3,2,15,6,9,-11,-1,None
0,0,7,-3,-4,1,-1,-1,-2,2,15,6,9,-11,-1,None
0,4,21,-1,-12,0,-2,-3,2,2,15,6,9,-11,-1,None
0,-11,-27,-1,-5,-4,-1,-1,-5,2,15,6,9,-11,-1,None
0,-11,-27,-1,-5,-4,-1,-1,-5,2,15,6,9,-11,-1,None
0,-11,-27,-1,-5,-4,-1,-1,-5,2,15,6,9,-11,-1,None
0,5,-3,-1,7,4,0,-1,-1,2,15,6,9,-11,-1,None
0,-1,0,-2,-5,-6,-1,-2,-2,2,15,6,9,-11,-1,None
0,-7,0,0,7,4,0,1,0,2,15,6,9,-11,-1,None
0,3,9,-1,-2,-8,-1,-1,-1,2,15,6,9,-11,-1,None
0,3,9,-1,-2,-8,-1,-1,-1,2,15,6,9,-11,-1,None
0,3,9,-1,-2,-8,-1,-1,-1,2,15,6,9,-11,-1,None
0,-2,3,0,-7,-1,1,0,-2,2,15,6,9,-11,-1,None
0,-14,-2,-2,30,14,-1,0,0,2,15,6,9,-11,-1,None
0,-13,-8,-4,-13,-2,-4,-3,-2,2,15,6,9,-11,-1,None
0,6,8,0,8,14,0,-1,-1,2,15,6,9,-11,-1,None
0,6,8,0,8,14,0,-1,-1,2,15,6,9,-11,-1,None
0,6,8,0,8,14,0,-1,-1,2,15,6,9,-11,-1,None
0,0,-5,-3,-5,-7,-1,-3,-3,2,15,6,9,-11,-1,None
0,-4,4,-1,-7,-2,1,-1,0,2,15,6,9,-11,-1,None
0,-5,-5,0,7,0,-1,-1,-3,2,15,6,9,-11,-1,None
0,-1,3,-2,-1,0,-1,-1,-1,2,15,6,9,-11,-1,None
0,-1,3,-2,-1,0,-1,-1,-1,2,15,6,9,-11,-1,None
0,-1,3,-2,-1,0,-1,-1,-1,2,15,6,9,-11,-1,None
0,-6,4,-2,9,6,-3,-1,-1,2,15,6,9,-11,-1,None
0,3,-2,-3,-9,-5,-1,-3,-2,2,15,6,9,-11,-1,None
0,-2,-6,-3,2,2,0,-1,-2,2,15,6,9,-11,-1,None
0,8,10,0,-6,-10,-1,0,4,2,15,6,9,-11,-1,None
0,8,10,0,-6,-10,-1,0,4,2,15,6,9,-11,-1,None
0,8,10,0,-6,-10,-1,0,4,2,15,6,9,-11,-1,None
0,5,1,-4,25,10,-4,-2,-5,2,15,6,9,-11,-1,None
0,0,-1,1,-11,0,-2,-3,-3,2,15,6,9,-11,-1,None
0,3,-4,-2,-5,-3,0,-1,-2,2,15,6,9,-11,-1,None
0,-6,2,0,3,3,0,0,1,2,15,6,9,-11,-1,None
0,-6,2,0,3,3,0,0,1,2,15,6,9,-11,-1,None
0,-6,2,0,3,3,0,0,1,2,15,6,9,-11,-1,None
0,-2,-1,-1,2,-2,0,0,-1,2,15,6,9,-11,-1,None
0,4,1,-3,-2,-2,-2,-2,0,2,15,6,9,-11,-1,None
0,-2,0,1,5,-1,-1,-1,-2,2,15,6,9,-11,-1,None
0,-5,1,-3,-8,-2,-1,-2,-2,2,15,6,9,-11,-1,None
0,-5,1,-3,-8,-2,-1,-2,-2,2,15,6,9,-11,-1,None
0,-5,1,-3,-8,-2,-1,-2,-2,2,15,6,9,-11,-1,None
0,9,4,1,11,4,-2,-1,-2,2,15,6,9,-11,-1,None
0,4,-1,-9,1,4,-3,-1,0,2,15,6,9,-11,-1,None
0,-3,2,0,-15,-4,-2,-1,-4,2,15,6,9,-11,-1,None
0,-1,-4,-4,-12,-2,-3,-2,-2,2,15,6,9,-11,-1,None
0,-1,-4,-4,-12,-2,-3,-2,-2,2,15,6,9,-11,-1,None
0,-1,-4,-4,-12,-2,-3,-2,-2,2,15,6,9,-11,-1,None
0,-2,1,-3,-6,1,0,-1,-1,2,15,6,9,-11,-1,None
