0,0,0,0,6,-31,3,-23,1,2,14,6,8,-16,-5,None
0,1,1,-8,-15,-3,4,-9,1,2,14,6,8,-16,-5,None
0,4,6,-3,-4,-12,29,40,6,2,14,6,8,-16,-5,None
0,4,6,-3,-4,-12,29,40,6,2,14,6,8,-16,-5,None
0,4,6,-3,-4,-12,29,40,6,2,14,6,6,-18,-5,None
0,1,2,-5,-19,-13,-1,6,1,2,14,6,6,-18,-5,None
0,-6,-4,-4,8,36,-12,-7,-9,2,14,6,6,-18,-5,None
0,-5,-4,0,-20,-29,-61,-59,-12,2,14,6,6,-18,-5,None
0,5,8,2,18,25,67,35,10,2,14,6,6,-18,-5,None
0,5,8,2,18,25,67,35,10,2,14,6,6,-18,-5,None
0,5,8,2,18,25,67,35,10,2,14,6,3,-18,-5,None
0,0,1,1,-3,32,19,43,2,2,14,6,3,-18,-5,None
0,-4,-1,-6,3,0,20,-25,-4,2,14,6,3,-18,-5,None
0,-2,-2,4,0,-40,-24,17,-3,2,14,6,3,-18,-5,None
0,-3,-2,-10,-15,-25,-23,-27,-1,2,14,6,3,-18,-5,None
0,-3,-2,-10,-15,-25,-23,-27,-1,1,14,6,3,-18,-5,None
0,-3,-2,-10,-15,-25,-23,-27,-1,1,14,6,1,-17,-5,None
0,-4,-1,-4,4,3,-30,-27,-10,1,14,6,1,-17,-5,None
0,-1,-1,-14,2,-16,16,0,-1,1,14,6,1,-17,-5,None
0,-1,2,9,4,105,-6,-8,3,1,14,6,1,-17,-5,None
0,-2,3,4,64,1,13,41,0,1,14,6,1,-17,-5,None
0,-2,3,4,64,1,13,41,0,1,14,6,1,-17,-5,None
0,-2,3,4,64,1,13,41,0,1,14,6,0,-17,-4,None
0,1,-5,-2,-16,-31,-22,-23,-4,1,14,6,0,-17,-4,None
0,4,7,-4,-36,-42,1,5,3,1,14,6,0,-17,-4,None
0,2,4,-1,40,51,46,19,2,1,14,6,0,-17,-4,None
0,-1,-9,2,5,-93,-13,-8,-4,1,14,6,0,-17,-4,None
0,-1,-9,2,5,-93,-13,-8,-4,1,13,6,0,-17,-4,None
0,-1,-9,2,5,-93,-13,-8,-4,1,13,6,0,-17,-4,None
0,0,42,-1,-22,62,3,-1,-3,1,13,6,0,-17,-4,None
0,-6,-26,2,32,81,-31,-27,-5,1,13,6,0,-17,-4,None
0,-1,4,1,36,-99,-11,4,0,1,13,6,0,-17,-4,None
0,6,20,-4,1,50,14,6,3,1,13,6,0,-17,-4,None
0,6,20,-4,1,50,14,6,3,0,13,5,0,-17,-4,None
0,6,20,-4,1,50,14,6,3,0,13,5,-1,-17,-4,None
0,-7,-17,-1,8,3,-8,-12,-7,0,13,5,-1,-17,-4,None
0,-6,10,-11,-87,-50,-13,-1,-1,0,13,5,-1,-17,-4,None
0,1,18,-1,-45,-65,42,26,11,0,13,5,-1,-17,-4,None
0,-19,-13,0,66,21,-20,-16,-6,0,13,5,-1,-17,-4,None
0,-19,-13,0,66,21,-20,-16,-6,0,12,5,-1,-17,-4,None
0,-19,-13,0,66,21,-20,-16,-6,0,12,5,-1,-16,-3,None
0,-3,-27,3,-16,12,-9,-12,-10,0,12,5,-1,-16,-3,None
0,1,1,2,11,-24,-4,7,-5,0,12,5,-1,-16,-3,None
0,-6,-11,-14,-25,-35,-12,-8,1,0,12,5,-1,-16,-3,None
0,5,24,-7,-37,-51,-5,-11,-2,0,12,5,-1,-16,-3,None
0,5,24,-7,-37,-51,-5,-11,-2,17,12,5,-1,-16,-3,None
0,5,24,-7,-37,-51,-5,-11,-2,17,12,5,-3,-15,-3,None
0,-2,16,5,56,19,19,12,3,17,12,5,-3,-15,-3,None
0,20,-9,3,88,51,7,9,4,17,12,5,-3,-15,-3,None
0,-10,31,-8,-66,53,-9,-10,-3,17,12,5,-3,-15,-3,None
0,-33,-24,-10,-35,56,-14,-7,-5,17,12,5,-3,-15,-3,None
0,-33,-24,-10,-35,56,-14,-7,-5,17,12,5,-3,-15,-3,None
0,-33,-24,-10,-35,56,-14,-7,-5,17,12,5,-4,-14,-3,None
0,31,15,3,9,-49,9,6,2,17,12,5,-4,-14,-3,None
0,-4,2,-9,36,59,0,0,-5,17,12,5,-4,-14,-3,None
0,-42,-2,9,25,3,-9,-14,-6,17,12,5,-4,-14,-3,None
0,8,8,-1,3,17,-12,5,1,17,12,5,-4,-14,-3,None
0,8,8,-1,3,17,-12,5,1,16,11,5,-4,-14,-3,None
0,8,8,-1,3,17,-12,5,1,16,11,5,-4,-14,-3,None
0,-23,8,-13,-2,7,-3,1,-1,16,11,5,-4,-14,-3,None
0,-1,-23,19,-2,18,13,5,4,16,11,5,-4,-14,-3,None
0,18,-17,-19,-36,94,-21,-6,-5,16,11,5,-4,-14,-3,None
0,36,2,8,-41,-19,-13,-12,-5,16,11,5,-4,-14,-3,None
0,36,2,8,-41,-19,-13,-12,-5,15,11,5,-4,-14,-3,None
0,36,2,8,-41,-19,-13,-12,-5,15,11,5,-5,-14,-3,None
0,-51,-15,0,-33,-79,12,4,5,15,11,5,-5,-14,-3,None
0,43,33,-19,2,66,7,11,5,15,11,5,-5,-14,-3,None
0,28,-26,34,9,-71,-4,-10,-5,15,11,5,-5,-14,-3,None
0,-14,-27,-37,-18,-35,-4,-8,-5,15,11,5,-5,-14,-3,None
0,-14,-27,-37,-18,-35,-4,-8,-5,15,10,5,-5,-14,-3,None
0,-14,-27,-37,-18,-35,-4,-8,-5,15,10,5,-5,-13,-2,None
0,28,12,1,16,-85,-7,1,2,15,10,5,-5,-13,-2,None
0,-4,6,3,29,-3,-5,0,0,15,10,5,-5,-13,-2,None
0,35,42,-22,-14,60,24,0,-1,15,10,5,-5,-13,-2,None
0,-1,-51,3,-75,71,1,-6,-4,15,10,5,-5,-13,-2,None
0,-1,-51,3,-75,71,1,-6,-4,15,10,6,-5,-13,-2,None
0,-1,-51,3,-75,71,1,-6,-4,15,10,6,-5,-12,-2,None
0,13,0,-12,61,-71,-8,3,3,15,10,6,-5,-12,-2,None
0,-16,-11,-18,-18,7,-8,-4,-4,15,10,6,-5,-12,-2,None
0,5,18,16,114,31,7,4,5,15,10,6,-5,-12,-2,None
0,3,19,5,-12,29,5,5,3,15,10,6,-5,-12,-2,None
0,3,19,5,-12,29,5,5,3,14,10,6,-5,-12,-2,None
0,3,19,5,-12,29,5,5,3,14,10,6,-4,-12,-2,None
0,13,-14,-36,46,21,-12,-8,-7,14,10,6,-4,-12,-2,None
0,-83,1,25,-34,-128,1,2,-2,14,10,6,-4,-12,-2,None
0,37,3,-7,38,68,10,1,-2,14,10,6,-4,-12,-2,None
0,-7,5,-42,-40,-13,-1,6,6,14,10,6,-4,-12,-2,None
0,-7,5,-42,-40,-13,-1,6,6,14,10,6,-4,-12,-2,None
0,-7,5,-42,-40,-13,-1,6,6,14,10,6,-5,-11,-2,None
0,45,3,-51,41,3,-8,-6,-1,14,10,6,-5,-11,-2,None
0,-50,-10,38,-59,65,-13,-4,-6,14,10,6,-5,-11,-2,None
0,-20,-16,-25,29,-49,-15,-8,-6,14,10,6,-5,-11,-2,None
0,7,6,20,111,-87,6,4,8,14,10,6,-5,-11,-2,None
0,7,6,20,111,-87,6,4,8,14,9,6,-5,-11,-2,None
0,7,6,20,111,-87,6,4,8,14,9,6,-5,-11,-2,None
0,-62,5,-11,-94,62,2,-5,-14,14,9,6,-5,-11,-2,None
0,37,11,-18,-11,-12,0,-16,-18,14,9,6,-5,-11,-2,None
0,-19,-12,2,-12,-50,-10,10,8,14,9,6,-5,-11,-2,None
0,5,10,-3,5,-1,-2,-3,-4,14,9,6,-5,-11,-2,None
0,5,10,-3,5,-1,-2,-3,-4,14,9,6,-5,-11,-2,None
0,5,10,-3,5,-1,-2,-3,-4,14,9,6,-5,-11,-1,None
0,-3,-3,21,-63,-1,-3,-5,22,14,9,6,-5,-11,-1,None
0,8,5,1,38,-49,6,4,-5,14,9,6,-5,-11,-1,None
0,-57,-9,19,33,6,-1,-10,-10,14,9,6,-5,-11,-1,None
0,46,11,-11,-21,50,-7,-5,-10,14,9,6,-5,-11,-1,None
0,46,11,-11,-21,50,-7,-5,-10,14,9,6,-5,-11,-1,None
0,46,11,-11,-21,50,-7,-5,-10,14,9,6,-5,-10,-1,None
0,-5,-8,18,36,-42,-8,2,-4,14,9,6,-5,-10,-1,None
0,0,-4,-18,32,40,6,-3,-2,14,9,6,-5,-10,-1,None
0,9,1,-17,-80,-44,-1,-1,5,14,9,6,-5,-10,-1,None
0,-16,0,31,56,80,-1,-3,-8,14,9,6,-5,-10,-1,None
0,-16,0,31,56,80,-1,-3,-8,13,9,6,-5,-10,-1,None
0,-16,0,31,56,80,-1,-3,-8,13,9,6,-5,-10,-1,None
0,-1,-7,-7,20,51,6,2,-4,13,9,6,-5,-10,-1,None
0,17,-5,8,32,14,5,3,11,13,9,6,-5,-10,-1,None
0,-9,-4,-33,-83,6,-27,-5,-7,13,9,6,-5,-10,-1,None
0,8,-8,10,75,-25,12,-3,0,13,9,6,-5,-10,-1,None
0,8,-8,10,75,-25,12,-3,0,13,9,6,-5,-10,-1,None
0,8,-8,10,75,-25,12,-3,0,13,9,6,-6,-10,0,None
0,-4,12,-6,9,41,18,14,1,13,9,6,-6,-10,0,None
0,-10,19,39,111,17,15,13,12,13,9,6,-6,-10,0,None
0,-36,-24,-53,6,-25,-13,-6,-6,13,9,6,-6,-10,0,None
0,-3,1,20,16,-13,-14,-11,-18,13,9,6,-6,-10,0,None
0,-3,1,20,16,-13,-14,-11,-18,13,9,6,-6,-10,0,None
0,-3,1,20,16,-13,-14,-11,-18,13,9,6,-7,-10,0,None
0,-7,-2,-9,-36,17,-7,-10,-8,13,9,6,-7,-10,0,None
0,6,8,3,25,-62,13,7,2,13,9,6,-7,-10,0,None
0,15,2,27,4,43,8,-4,-2,13,9,6,-7,-10,0,None
0,-19,7,-44,-84,-99,-9,0,1,13,9,6,-7,-10,0,None
0,-19,7,-44,-84,-99,-9,0,1,13,9,6,-7,-10,0,None
0,-19,7,-44,-84,-99,-9,0,1,13,9,6,-7,-9,0,None
0,6,-8,24,39,75,6,-2,-4,13,9,6,-7,-9,0,None
0,-2,-11,-19,-19,2,-15,-6,-6,13,9,6,-7,-9,0,None
0,-3,5,28,-78,-59,3,0,0,13,9,6,-7,-9,0,None
0,15,-1,-2,82,72,13,10,11,13,9,6,-7,-9,0,None
0,15,-1,-2,82,72,13,10,11,13,9,6,-7,-9,0,None
0,15,-1,-2,82,72,13,10,11,13,9,6,-7,-10,0,None
0,-2,3,-34,-42,-24,-3,-10,-10,13,9,6,-7,-10,0,None
0,40,-17,-16,-24,-27,-15,-4,3,13,9,6,-7,-10,0,None
0,-21,-15,1,88,100,-1,0,-4,13,9,6,-7,-10,0,None
0,-7,18,28,50,-1,-4,-4,1,13,9,6,-7,-10,0,None
0,-7,18,28,50,-1,-4,-4,1,13,9,6,-7,-10,0,None
0,-7,18,28,50,-1,-4,-4,1,13,9,6,-8,-9,0,None
0,-3,-2,-11,-27,-11,-3,2,0,13,9,6,-8,-9,0,None
0,6,7,-1,-69,5,4,-3,0,13,9,6,-8,-9,0,None
0,33,13,19,43,-2,16,8,7,13,9,6,-8,-9,0,None
0,-48,-6,25,-126,-41,-15,-6,-12,13,9,6,-8,-9,0,None
0,-48,-6,25,-126,-41,-15,-6,-12,13,9,6,-8,-9,0,None
0,-48,-6,25,-126,-41,-15,-6,-12,13,9,6,-6,-8,0,None
0,-4,-5,14,14,-30,-8,-4,0,13,9,6,-6,-8,0,None
0,-14,-2,4,-14,58,-11,-11,-6,13,9,6,-6,-8,0,None
0,-6,-3,-8,26,-46,-6,-5,-10,13,9,6,-6,-8,0,None
0,-3,2,-13,26,-11,9,3,8,13,9,6,-6,-8,0,None
0,-3,2,-13,26,-11,9,3,8,13,9,6,-6,-8,0,None
0,-3,2,-13,26,-11,9,3,8,13,9,6,-8,-10,0,None
0,9,4,9,0,31,-7,-1,2,13,9,6,-8,-10,0,None
0,-30,-3,-18,-59,21,-10,-1,-11,13,9,6,-8,-10,0,None
0,16,12,18,79,38,5,-1,0,13,9,6,-8,-10,0,None
0,8,-12,-22,-65,-12,-4,-4,1,13,9,6,-8,-10,0,None
0,8,-12,-22,-65,-12,-4,-4,1,13,9,6,-8,-10,0,None
0,8,-12,-22,-65,-12,-4,-4,1,13,9,6,-11,-10,0,None
0,-45,11,15,48,-13,-3,-6,-10,13,9,6,-11,-10,0,None
0,5,-36,-30,-2,-80,5,3,1,13,9,6,-11,-10,0,None
0,4,7,-5,-46,-22,-11,-5,-1,13,9,6,-11,-10,0,None
0,4,-6,-6,-17,26,-7,0,-5,13,9,6,-11,-10,0,None
0,4,-6,-6,-17,26,-7,0,-5,13,9,6,-11,-10,0,None
0,4,-6,-6,-17,26,-7,0,-5,13,9,6,-11,-10,0,None
0,6,-7,17,35,45,14,3,5,13,9,6,-11,-10,0,None
0,-9,19,-9,23,24,-1,-5,1,13,9,6,-11,-10,0,None
0,-21,-8,-19,-27,-41,5,1,-4,13,9,6,-11,-10,0,None
0,7,10,11,86,27,6,3,3,13,9,6,-11,-10,0,None
0,7,10,11,86,27,6,3,3,13,9,6,-11,-10,0,None
0,7,10,11,86,27,6,3,3,13,9,6,-11,-11,0,None
0,-1,1,-25,-93,-67,-8,-3,-3,13,9,6,-11,-11,0,None
0,-4,1,-30,-24,40,-3,-3,-5,13,9,6,-11,-11,0,None
0,11,2,2,51,26,2,-5,0,13,9,6,-11,-11,0,None
0,-6,5,-2,-11,-13,-5,-5,-4,13,9,6,-11,-11,0,None
0,-6,5,-2,-11,-13,-5,-5,-4,13,9,6,-11,-11,0,None
0,-6,5,-2,-11,-13,-5,-5,-4,13,9,6,-11,-10,0,None
0,-3,-7,3,-21,-8,-4,0,0,13,9,6,-11,-10,0,None
0,7,9,2,-2,-12,2,5,6,13,9,6,-11,-10,0,None
0,6,-1,-9,6,-18,-1,-1,0,13,9,6,-11,-10,0,None
0,-27,-3,-9,-81,-43,-3,-8,-10,13,9,6,-11,-10,0,None
0,-27,-3,-9,-81,-43,-3,-8,-10,13,9,6,-11,-10,0,None
0,-27,-3,-9,-81,-43,-3,-8,-10,13,9,6,-10,-9,0,None
0,17,3,10,40,11,5,6,3,13,9,6,-10,-9,0,None
0,-7,3,10,26,-31,-1,1,-1,13,9,6,-10,-9,0,None
0,31,0,0,-21,-4,-1,-2,-3,13,9,6,-10,-9,0,None
0,5,14,-8,49,60,0,0,1,13,9,6,-10,-9,0,None
0,5,14,-8,49,60,0,0,1,13,9,6,-10,-9,0,None
0,5,14,-8,49,60,0,0,1,13,9,6,-11,-10,1,None
0,25,-25,0,37,36,-2,-5,-2,13,9,6,-11,-10,1,None
0,-9,2,-2,-24,-56,-6,-2,-1,13,9,6,-11,-10,1,None
0,-4,23,2,-55,10,-1,-1,-2,13,9,6,-11,-10,1,None
0,1,-28,-9,-10,-4,-2,2,1,13,9,6,-11,-10,1,None
0,1,-28,-9,-10,-4,-2,2,1,13,9,6,-11,-10,1,None
0,1,-28,-9,-10,-4,-2,2,1,13,9,6,-11,-10,1,None
0,1,4,5,27,-14,7,-2,0,13,9,6,-11,-10,1,None
0,3,3,-30,-25,23,-4,-2,-2,13,9,6,-11,-10,1,None
0,5,-5,3,13,14,2,-1,-2,13,9,6,-11,-10,1,None
0,4,11,6,9,-30,4,2,1,13,9,6,-11,-10,1,None
0,4,11,6,9,-30,4,2,1,13,9,6,-11,-10,1,None
0,4,11,6,9,-30,4,2,1,13,9,6,-11,-9,0,None
0,-12,4,-2,-5,4,-5,-3,-2,13,9,6,-11,-9,0,None
0,6,1,16,9,-4,4,1,-1,13,9,6,-11,-9,0,None
0,15,3,3,51,35,3,2,6,13,9,6,-11,-9,0,None
0,-3,1,-18,-13,-12,3,-2,-1,13,9,6,-11,-9,0,None
0,-3,1,-18,-13,-12,3,-2,-1,13,9,6,-11,-9,0,None
0,-3,1,-18,-13,-12,3,-2,-1,13,9,6,-11,-9,0,None
0,1,1,3,15,-18,-6,-5,-4,13,9,6,-11,-9,0,None
0,-5,10,9,12,24,-12,-5,-3,13,9,6,-11,-9,0,None
0,0,-7,-22,-69,-25,-2,-1,2,13,9,6,-11,-9,0,None
0,2,6,1,43,12,-2,2,1,13,9,6,-11,-9,0,None
0,2,6,1,43,12,-2,2,1,13,9,6,-11,-9,0,None
0,2,6,1,43,12,-2,2,1,13,9,6,-11,-9,0,None
0,0,4,2,12,-3,11,1,-2,13,9,6,-11,-9,0,None
0,13,5,11,-4,-8,4,3,2,13,9,6,-11,-9,0,None
0,-17,-9,-8,8,2,-6,-3,-4,13,9,6,-11,-9,0,None
0,0,1,-1,13,30,6,1,0,13,9,6,-11,-9,0,None
0,0,1,-1,13,30,6,1,0,13,9,6,-11,-9,0,None
0,0,1,-1,13,30,6,1,0,13,9,6,-10,-9,0,None
0,-8,4,-2,-21,-52,-6,-1,-3,13,9,6,-10,-9,0,None
0,-3,1,3,2,30,-1,-3,0,13,9,6,-10,-9,0,None
0,-8,-3,13,-13,-20,-16,-4,-2,13,9,6,-10,-9,0,None
0,-2,5,-1,2,-5,-11,2,1,13,9,6,-10,-9,0,None
0,-2,5,-1,2,-5,-11,2,1,13,9,6,-10,-9,0,None
0,-2,5,-1,2,-5,-11,2,1,13,9,6,-10,-9,0,None
0,3,0,8,-43,2,32,1,0,13,9,6,-10,-9,0,None
0,-1,-2,-1,33,20,2,0,-2,13,9,6,-10,-9,0,None
0,-6,-1,-2,-2,-12,1,-1,-3,13,9,6,-10,-9,0,None
0,4,2,5,-13,-8,-16,-8,-2,13,9,6,-10,-9,0,None
0,4,2,5,-13,-8,-16,-8,-2,13,9,6,-10,-9,0,None
0,4,2,5,-13,-8,-16,-8,-2,13,9,6,-9,-9,0,None
0,-4,0,1,3,18,-13,1,0,13,9,6,-9,-9,0,None
0,1,-1,-13,-3,-14,13,1,0,13,9,6,-9,-9,0,None
0,-8,1,2,-20,-8,-1,-4,-5,13,9,6,-9,-9,0,None
0,-3,1,-3,-2,-2,-3,5,1,13,9,6,-9,-9,0,None
0,-3,1,-3,-2,-2,-3,5,1,13,9,6,-9,-9,0,None
0,-3,1,-3,-2,-2,-3,5,1,13,9,6,-8,-9,0,None
0,-3,0,5,5,22,1,-5,-1,13,9,6,-8,-9,0,None
0,-2,2,-5,6,-12,-26,-8,-4,13,9,6,-8,-9,0,None
0,-3,0,-2,-9,-8,10,2,-2,13,9,6,-8,-9,0,None
0,-3,-1,8,11,15,27,-1,1,13,9,6,-8,-9,0,None
0,-3,-1,8,11,15,27,-1,1,13,9,6,-8,-9,0,None
0,-3,-1,8,11,15,27,-1,1,13,9,6,-7,-9,0,None
0,-2,-2,-19,8,17,-24,-4,-2,13,9,6,-7,-9,0,None
0,2,-1,1,-17,-20,21,-1,-1,13,9,6,-7,-9,0,None
0,-3,5,7,4,-10,-2,-1,-1,13,9,6,-7,-9,0,None
0,-1,1,12,-6,-1,-11,-4,-3,13,9,6,-7,-9,0,None
0,-1,1,12,-6,-1,-11,-4,-3,13,9,6,-7,-9,0,None
0,-1,1,12,-6,-1,-11,-4,-3,13,9,6,-5,-10,0,None
0,0,3,6,-3,0,23,8,2,13,9,6,-5,-10,0,None
0,-1,4,-10,-4,5,-8,-4,-2,13,9,6,-5,-10,0,None
0,-3,13,-8,1,0,-1,-1,-1,13,9,6,-5,-10,0,None
0,-2,-29,2,-5,6,6,-4,-3,13,9,6,-5,-10,0,None
0,-2,-29,2,-5,6,6,-4,-3,13,9,6,-5,-10,0,None
0,-2,-29,2,-5,6,6,-4,-3,13,9,6,-5,-10,0,None
0,-1,-1,-18,1,0,-13,-2,-2,13,9,6,-5,-10,0,None
0,1,-4,0,-3,-7,-3,-1,-1,13,9,6,-5,-10,0,None
0,-3,-12,-16,3,3,-2,-1,0,13,9,6,-5,-10,0,None
0,3,20,14,-6,-10,-21,-2,0,13,9,6,-5,-10,0,None
0,3,20,14,-6,-10,-21,-2,0,14,9,6,-5,-10,0,None
0,3,20,14,-6,-10,-21,-2,0,14,9,6,-5,-10,0,None
0,0,5,5,0,-12,29,4,-1,14,9,6,-5,-10,0,None
0,-2,4,0,-6,-2,0,2,1,14,9,6,-5,-10,0,None
0,-2,-1,23,-10,8,-9,-5,-3,14,9,6,-5,-10,0,None
0,0,15,15,-5,-5,6,3,2,14,9,6,-5,-10,0,None
0,0,15,15,-5,-5,6,3,2,14,9,6,-5,-10,0,None
0,0,15,15,-5,-5,6,3,2,14,9,6,-6,-10,0,None
0,-5,-23,-22,-3,10,0,-1,0,14,9,6,-6,-10,0,None
0,-5,-9,-20,-6,0,-1,-5,-4,14,9,6,-6,-10,0,None
0,-1,10,7,5,-1,3,3,1,14,9,6,-6,-10,0,None
0,-1,-12,-10,-25,1,-18,-5,-4,14,9,6,-6,-10,0,None
0,-1,-12,-10,-25,1,-18,-5,-4,14,9,6,-6,-10,0,None
0,-1,-12,-10,-25,1,-18,-5,-4,14,9,6,-6,-11,0,None
0,0,11,29,4,-13,-4,-5,-4,14,9,6,-6,-11,0,None
0,1,16,29,17,7,-5,-1,0,14,9,6,-6,-11,0,None
0,-2,-14,-5,-1,3,-2,-3,-1,14,9,6,-6,-11,0,None
0,-2,-6,-25,3,-10,5,-2,-2,14,9,6,-6,-11,0,None
0,-2,-6,-25,3,-10,5,-2,-2,14,9,6,-6,-11,0,None
0,-2,-6,-25,3,-10,5,-2,-2,14,9,6,-6,-12,-2,None
0,-1,7,-13,3,15,-11,-4,-2,14,9,6,-6,-12,-2,None
0,-3,-16,-17,-18,-5,-2,-2,-4,14,9,6,-6,-12,-2,None
0,3,8,2,6,-1,1,-1,1,14,9,6,-6,-12,-2,None
0,1,10,4,16,4,2,-1,-1,14,9,6,-6,-12,-2,None
0,1,10,4,16,4,2,-1,-1,14,10,6,-6,-12,-2,None
0,1,10,4,16,4,2,-1,-1,14,10,6,-5,-12,-2,None
0,-3,-4,-7,3,0,-5,-1,-3,14,10,6,-5,-12,-2,None
0,-1,-4,-2,6,3,-4,1,0,14,10,6,-5,-12,-2,None
0,-4,-1,-16,3,3,-2,-3,-3,14,10,6,-5,-12,-2,None
0,1,-2,-5,1,-1,10,-1,0,14,10,6,-5,-12,-2,None
0,1,-2,-5,1,-1,10,-1,0,14,10,6,-5,-12,-2,None
0,1,-2,-5,1,-1,10,-1,0,14,10,6,-5,-12,-3,None
0,2,20,5,-11,0,-9,-3,-1,14,10,6,-5,-12,-3,None
0,-1,-20,-3,-15,-3,-2,-1,-3,14,10,6,-5,-12,-3,None
0,0,-1,-4,11,4,-4,-2,0,14,10,6,-5,-12,-3,None
0,-1,4,-26,4,-1,4,-2,0,14,10,6,-5,-12,-3,None
0,-1,4,-26,4,-1,4,-2,0,15,10,6,-5,-12,-3,None
0,-1,4,-26,4,-1,4,-2,0,15,10,6,-6,-12,-4,None
0,-1,-1,0,-4,6,-3,-1,0,15,10,6,-6,-12,-4,None
0,2,4,18,8,8,2,2,1,15,10,6,-6,-12,-4,None
0,-3,2,-18,-3,-2,1,-4,-2,15,10,6,-6,-12,-4,None
0,-4,-10,0,-12,-14,-4,0,-4,15,10,6,-6,-12,-4,None
0,-4,-10,0,-12,-14,-4,0,-4,15,10,6,-6,-12,-4,None
0,-4,-10,0,-12,-14,-4,0,-4,15,10,6,-7,-12,-4,None
0,2,4,1,10,20,-61,-11,-4,15,10,6,-7,-12,-4,None
0,1,5,16,-1,9,72,11,3,15,10,6,-7,-12,-4,None
0,-2,-3,-3,-5,4,0,-3,-2,15,10,6,-7,-12,-4,None
0,-3,8,-30,8,-6,-1,-4,-2,15,10,6,-7,-12,-4,None
0,-3,8,-30,8,-6,-1,-4,-2,15,11,5,-7,-12,-4,None
0,-3,8,-30,8,-6,-1,-4,-2,15,11,5,-6,-13,-3,None
0,0,-8,-8,3,-2,-6,0,-1,15,11,5,-6,-13,-3,None
0,-3,-1,-23,-9,0,-26,-7,-2,15,11,5,-6,-13,-3,None
0,-2,4,-1,-31,-12,2,1,-2,15,11,5,-6,-13,-3,None
0,-1,1,20,-5,9,-3,-1,-2,15,11,5,-6,-13,-3,None
0,-1,1,20,-5,9,-3,-1,-2,16,11,5,-6,-13,-3,None
0,-1,1,20,-5,9,-3,-1,-2,16,11,5,-6,-13,-4,None
0,-3,-8,0,7,-2,15,0,-1,16,11,5,-6,-13,-4,None
0,0,7,1,11,5,-10,-3,0,16,11,5,-6,-13,-4,None
0,-1,-1,-8,-7,1,12,-1,0,16,11,5,-6,-13,-4,None
0,0,0,-9,-9,-1,-12,-2,-1,16,11,5,-6,-13,-4,None
0,0,0,-9,-9,-1,-12,-2,-1,16,11,5,-6,-13,-4,None
0,0,0,-9,-9,-1,-12,-2,-1,16,11,5,-5,-13,-4,None
0,-3,-1,1,7,-3,7,-5,-4,16,11,5,-5,-13,-4,None
0,0,12,33,25,4,-5,1,-3,16,11,5,-5,-13,-4,None
0,-3,-8,-18,-26,-2,-10,-2,-1,16,11,5,-5,-13,-4,None
0,-1,2,9,30,7,8,-1,-1,16,11,5,-5,-13,-4,None
0,-1,2,9,30,7,8,-1,-1,17,12,5,-5,-13,-4,None
0,-1,2,9,30,7,8,-1,-1,17,12,5,-6,-14,-4,None
0,-1,2,-5,1,-2,2,-1,-1,17,12,5,-6,-14,-4,None
0,-1,4,-1,20,5,-4,0,0,17,12,5,-6,-14,-4,None
0,-2,-4,9,-84,-22,-5,-2,0,17,12,5,-6,-14,-4,None
0,-2,1,-20,95,2,-2,-3,-4,17,12,5,-6,-14,-4,None
0,-2,1,-20,95,2,-2,-3,-4,17,12,5,-6,-14,-4,None
0,-2,1,-20,95,2,-2,-3,-4,17,12,5,-6,-15,-3,None
0,-2,-2,2,18,28,12,3,-3,17,12,5,-6,-15,-3,None
0,-1,0,-13,-10,-19,-7,-3,-2,17,12,5,-6,-15,-3,None
0,1,0,19,59,27,-5,-2,1,17,12,5,-6,-15,-3,None
0,2,7,27,-106,-13,8,2,0,17,12,5,-6,-15,-3,None
0,2,7,27,-106,-13,8,2,0,0,13,6,-6,-15,-3,None
0,2,7,27,-106,-13,8,2,0,0,13,6,-5,-15,-3,None
0,-4,-8,-14,-64,-46,-10,-5,-5,0,13,6,-5,-15,-3,None
0,1,0,-17,37,21,6,5,2,0,13,6,-5,-15,-3,None
0,0,0,-20,17,3,-2,0,-1,0,13,6,-5,-15,-3,None
0,2,5,11,15,13,1,-2,1,0,13,6,-5,-15,-3,None
0,2,5,11,15,13,1,-2,1,0,13,6,-5,-15,-3,None
0,2,5,11,15,13,1,-2,1,0,13,6,-3,-15,-2,None
0,-1,4,10,96,-56,-3,-2,2,0,13,6,-3,-15,-2,None
0,0,2,-1,-125,-7,1,-1,-2,0,13,6,-3,-15,-2,None
0,1,0,7,12,-28,-2,-4,1,0,13,6,-3,-15,-2,None
0,-5,-6,-3,2,36,-12,-7,-6,0,13,6,-3,-15,-2,None
0,-5,-6,-3,2,36,-12,-7,-6,0,13,6,-3,-15,-2,None
0,-5,-6,-3,2,36,-12,-7,-6,0,13,6,-2,-15,-3,None
0,-1,1,-6,-46,-2,7,1,-1,0,13,6,-2,-15,-3,None
0,-2,1,0,59,26,-5,-5,-7,0,13,6,-2,-15,-3,None
0,2,5,12,11,-23,10,7,4,0,13,6,-2,-15,-3,None
0,-1,-1,-1,-10,-42,-7,-7,-2,0,13,6,-2,-15,-3,None
0,-1,-1,-1,-10,-42,-7,-7,-2,1,13,6,-2,-15,-3,None
0,-1,-1,-1,-10,-42,-7,-7,-2,1,13,6,0,-16,-3,None
0,2,8,15,-27,30,4,5,-2,1,13,6,0,-16,-3,None
0,-8,-6,-5,73,35,-13,-10,-6,1,13,6,0,-16,-3,None
0,0,2,12,-11,6,8,3,-1,1,13,6,0,-16,-3,None
0,-7,-7,-6,75,64,-4,-8,-5,1,13,6,0,-16,-3,None
0,-7,-7,-6,75,64,-4,-8,-5,1,14,6,0,-16,-3,None
0,-7,-7,-6,75,64,-4,-8,-5,1,14,6,0,-17,-3,None
0,-1,3,11,13,35,10,1,-1,1,14,6,0,-17,-3,None
0,-2,-1,-10,-54,-42,-6,4,0,1,14,6,0,-17,-3,None
0,-2,2,-6,-3,24,-3,-4,-3,1,14,6,0,-17,-3,None
0,-1,3,20,73,-24,-4,1,1,1,14,6,0,-17,-3,None
0,-1,3,20,73,-24,-4,1,1,1,14,6,0,-17,-3,None
0,-1,3,20,73,-24,-4,1,1,1,14,6,1,-16,-3,None
0,-6,-3,-8,49,-33,-1,-3,-7,1,14,6,1,-16,-3,None
0,-2,-3,1,-39,69,-2,-3,-1,1,14,6,1,-16,-3,None
0,-4,-4,3,37,-8,-1,-6,-6,1,14,6,1,-16,-3,None
0,0,1,-8,8,4,1,2,0,1,14,6,1,-16,-3,None
0,0,1,-8,8,4,1,2,0,1,14,6,1,-16,-3,None
0,0,1,-8,8,4,1,2,0,1,14,6,3,-15,-3,None
0,-1,1,-8,-86,-13,-10,-6,-3,1,14,6,3,-15,-3,None
0,-1,-2,-35,7,-43,-8,-7,1,1,14,6,3,-15,-3,None
0,-3,3,1,-23,22,5,3,-5,1,14,6,3,-15,-3,None
0,-2,0,-7,-60,-17,0,-6,-6,1,14,6,3,-15,-3,None
0,-2,0,-7,-60,-17,0,-6,-6,1,14,6,3,-15,-3,None
0,-2,0,-7,-60,-17,0,-6,-6,1,14,6,5,-15,-3,None
0,-2,-3,-9,21,-14,-4,2,3,1,14,6,5,-15,-3,None
0,0,0,0,62,45,-8,-7,-1,1,14,6,5,-15,-3,None
0,-3,0,-1,1,6,0,1,1,1,14,6,5,-15,-3,None
0,-1,1,-13,-66,-5,3,4,2,1,14,6,5,-15,-3,None
0,-1,1,-13,-66,-5,3,4,2,2,14,6,5,-15,-3,None
0,-1,1,-13,-66,-5,3,4,2,2,14,6,5,-15,-3,None
0,-1,-1,-10,17,17,0,-8,1,2,14,6,5,-15,-3,None
0,2,8,20,-60,6,0,5,3,2,14,6,5,-15,-3,None
0,-7,-14,-42,-32,-2,-5,-2,-7,2,14,6,5,-15,-3,None
0,1,3,7,-13,8,7,5,1,2,14,6,5,-15,-3,None
0,1,3,7,-13,8,7,5,1,2,14,6,5,-15,-3,None
0,1,3,7,-13,8,7,5,1,2,14,6,6,-14,-3,None
0,0,0,10,-10,12,4,-4,3,2,14,6,6,-14,-3,None
0,3,7,19,121,21,7,7,0,2,14,6,6,-14,-3,None
0,-6,-6,6,-49,9,-10,-8,-3,2,14,6,6,-14,-3,None
0,1,4,-15,-11,-31,-2,-2,-5,2,14,6,6,-14,-3,None
0,1,4,-15,-11,-31,-2,-2,-5,2,14,6,6,-14,-3,None
0,1,4,-15,-11,-31,-2,-2,-5,2,14,6,7,-14,-3,None
0,-3,-7,-6,2,-9,-2,-1,-1,2,14,6,7,-14,-3,None
0,-4,-2,-4,-16,-48,-4,-2,-6,2,14,6,7,-14,-3,None
0,4,5,5,78,40,5,3,7,2,14,6,7,-14,-3,None
0,-4,-2,-13,49,-41,-3,1,-6,2,14,6,7,-14,-3,None
0,-4,-2,-13,49,-41,-3,1,-6,2,14,6,7,-14,-3,None
0,-4,-2,-13,49,-41,-3,1,-6,2,14,6,8,-13,-3,None
0,-4,-2,-7,-52,20,1,-4,-2,2,14,6,8,-13,-3,None
0,-1,1,-1,2,-22,-9,-6,-5,2,14,6,8,-13,-3,None
0,5,28,4,34,37,-5,-3,-2,2,14,6,8,-13,-3,None
0,-5,-13,-4,-16,2,-4,-5,0,2,14,6,8,-13,-3,None
0,-5,-13,-4,-16,2,-4,-5,0,2,14,6,8,-13,-3,None
0,-5,-13,-4,-16,2,-4,-5,0,2,14,6,8,-13,-2,None
0,4,5,4,30,29,3,0,-1,2,14,6,8,-13,-2,None
0,-2,-5,6,26,-42,1,0,0,2,14,6,8,-13,-2,None
0,-1,-6,-6,14,-9,-4,-3,-3,2,14,6,8,-13,-2,None
0,3,31,3,2,21,6,0,7,2,14,6,8,-13,-2,None
0,3,31,3,2,21,6,0,7,2,14,6,8,-13,-2,None
0,3,31,3,2,21,6,0,7,2,14,6,8,-13,-2,None
0,-3,-30,-4,6,0,-5,-1,-5,2,14,6,8,-13,-2,None
0,0,1,-13,-72,-18,-4,-5,0,2,14,6,8,-13,-2,None
0,2,22,2,37,12,-1,2,0,2,14,6,8,-13,-2,None
0,-4,-5,-10,-32,34,2,-3,-5,2,14,6,8,-13,-2,None
0,-4,-5,-10,-32,34,2,-3,-5,2,14,6,8,-13,-2,None
0,-4,-5,-10,-32,34,2,-3,-5,2,14,6,9,-14,-2,None
0,-2,-4,-7,73,-22,0,1,1,2,14,6,9,-14,-2,None
0,2,18,-2,-87,-19,-2,-3,6,2,14,6,9,-14,-2,None
0,-4,-1,10,23,-2,0,-1,-12,2,14,6,9,-14,-2,None
0,-1,24,-16,-9,-20,-6,-2,2,2,14,6,9,-14,-2,None
0,-1,24,-16,-9,-20,-6,-2,2,2,14,6,9,-14,-2,None
0,-1,24,-16,-9,-20,-6,-2,2,2,14,6,9,-14,-2,None
0,-2,15,6,24,9,3,2,-3,2,14,6,9,-14,-2,None
0,-2,-11,-2,39,7,0,-2,-2,2,14,6,9,-14,-2,None
0,-7,-1,1,-27,-17,-2,-2,-1,2,14,6,9,-14,-2,None
0,2,6,6,-12,-11,0,0,0,2,14,6,9,-14,-2,None
0,2,6,6,-12,-11,0,0,0,2,14,6,9,-14,-2,None
0,2,6,6,-12,-11,0,0,0,2,14,6,8,-13,-2,None
0,2,2,5,-10,-3,-2,0,0,2,14,6,8,-13,-2,None
0,-9,-2,7,52,-3,0,0,-2,2,14,6,8,-13,-2,None
0,-2,-10,-9,-65,-51,-5,-5,-1,2,14,6,8,-13,-2,None
0,0,-14,10,16,10,2,1,0,2,14,6,8,-13,-2,None
0,0,-14,10,16,10,2,1,0,2,14,6,8,-13,-2,None
0,0,-14,10,16,10,2,1,0,2,14,6,8,-12,-2,None
0,-1,1,-9,-15,29,1,-2,-2,2,14,6,8,-12,-2,None
0,0,-1,-1,-9,-9,-2,-1,-3,2,14,6,8,-12,-2,None
0,-2,-5,-2,31,44,-3,-4,1,2,14,6,8,-12,-2,None
0,2,-12,-11,-24,-14,-1,1,-2,2,14,6,8,-12,-2,None
0,2,-12,-11,-24,-14,-1,1,-2,2,14,6,8,-12,-2,None
0,2,-12,-11,-24,-14,-1,1,-2,2,14,6,8,-12,-1,None
0,0,12,-4,-23,-6,-2,-1,-2,2,14,6,8,-12,-1,None
0,-2,6,-1,-16,0,-4,-4,-4,2,14,6,8,-12,-1,None
0,4,-5,1,8,-14,1,1,1,2,14,6,8,-12,-1,None
0,-1,13,5,-59,-5,-1,-2,-1,2,14,6,8,-12,-1,None
0,-1,13,5,-59,-5,-1,-2,-1,2,14,6,8,-12,-1,None
0,-1,13,5,-59,-5,-1,-2,-1,2,14,6,8,-12,-1,None
0,2,1,-15,-10,-1,0,-1,-1,2,14,6,8,-12,-1,None
0,1,28,-6,12,5,1,0,-1,2,14,6,8,-12,-1,None
0,-3,-40,-11,-27,-29,-1,-1,0,2,14,6,8,-12,-1,None
0,2,29,1,27,13,-1,-3,-6,2,14,6,8,-12,-1,None
0,2,29,1,27,13,-1,-3,-6,2,14,6,8,-12,-1,None
0,2,29,1,27,13,-1,-3,-6,2,14,6,8,-11,-1,None
0,-3,-22,-5,-11,19,-2,0,0,2,14,6,8,-11,-1,None
0,-10,-1,-5,-7,10,-1,-3,-4,2,14,6,8,-11,-1,None
0,-4,8,0,19,9,2,1,-1,2,14,6,8,-11,-1,None
0,-2,-1,-4,-8,-23,-1,-3,0,2,14,6,8,-11,-1,None
0,-2,-1,-4,-8,-23,-1,-3,0,2,15,6,8,-11,-1,None
0,-2,-1,-4,-8,-23,-1,-3,0,2,15,6,8,-12,-1,None
0,3,7,15,73,32,1,-2,-1,2,15,6,8,-12,-1,None
0,-7,-13,-11,-93,-8,-3,-2,-2,2,15,6,8,-12,-1,None
0,0,1,-1,-5,-4,-1,-1,-1,2,15,6,8,-12,-1,None
0,-3,-23,-2,26,12,1,-1,-1,2,15,6,8,-12,-1,None
0,-3,-23,-2,26,12,1,-1,-1,2,15,6,8,-12,-1,None
0,-3,-23,-2,26,12,1,-1,-1,2,15,6,8,-12,-2,None
0,-8,8,-3,-23,-37,0,-1,-1,2,15,6,8,-12,-2,None
0,8,16,2,21,12,2,-1,-1,2,15,6,8,-12,-2,None
0,-1,-9,2,-21,-38,-3,0,0,2,15,6,8,-12,-2,None
0,0,-13,-4,-35,12,-5,-5,-1,2,15,6,8,-12,-2,None
0,0,-13,-4,-35,12,-5,-5,-1,2,15,6,8,-12,-2,None
0,0,-13,-4,-35,12,-5,-5,-1,2,15,6,8,-12,-2,None
0,-2,2,-3,4,7,-2,-1,-2,2,15,6,8,-12,-2,None
0,2,1,2,6,-13,-2,-2,0,2,15,6,8,-12,-2,None
0,4,8,1,5,12,-1,-1,-1,2,15,6,8,-12,-2,None
0,-4,-5,-1,26,7,0,-1,0,2,15,6,8,-12,-2,None
0,-4,-5,-1,26,7,0,-1,0,2,15,6,8,-12,-2,None
0,-4,-5,-1,26,7,0,-1,0,2,15,6,8,-12,-2,None
0,-1,0,-3,-16,-3,-1,-2,0,2,15,6,8,-12,-2,None
0,1,-16,-5,4,0,0,-1,-3,2,15,6,8,-12,-2,None
0,-2,11,6,11,2,2,1,-1,2,15,6,8,-12,-2,None
0,-1,-2,3,75,15,-2,-2,-2,2,15,6,8,-12,-2,None
0,-1,-2,3,75,15,-2,-2,-2,2,15,6,8,-12,-2,None
0,-1,-2,3,75,15,-2,-2,-2,2,15,6,8,-12,-2,None
0,-8,-19,-16,36,6,-3,-6,-8,2,15,6,8,-12,-2,None
0,-2,-11,3,-31,0,1,1,-2,2,15,6,8,-12,-2,None
0,0,4,-1,15,0,1,-1,0,2,15,6,8,-12,-2,None
0,0,2,4,14,1,1,1,-1,2,15,6,8,-12,-2,None
0,0,2,4,14,1,1,1,-1,2,15,6,8,-12,-2,None
0,0,2,4,14,1,1,1,-1,2,15,6,8,-12,-2,None
0,4,9,2,-13,-21,-4,0,1,2,15,6,8,-12,-2,None
0,-2,-6,-7,25,11,-2,-5,-1,2,15,6,8,-12,-2,None
0,-1,-1,-2,-4,4,-1,-2,-2,2,15,6,8,-12,-2,None
0,-1,-3,-5,-28,-8,-1,-2,0,2,15,6,8,-12,-2,None
0,-1,-3,-5,-28,-8,-1,-2,0,2,15,6,8,-12,-2,None
0,-1,-3,-5,-28,-8,-1,-2,0,2,15,6,8,-11,-2,None
0,-2,6,-2,-19,-3,-2,-2,-2,2,15,6,8,-11,-2,None
0,0,-7,-3,-5,2,-1,0,-2,2,15,6,8,-11,-2,None
0,-2,3,-3,-15,-3,-2,-2,-2,2,15,6,8,-11,-2,None
0,3,-3,0,-17,-5,0,1,0,2,15,6,8,-11,-2,None
0,3,-3,0,-17,-5,0,1,0,2,15,6,8,-11,-2,None
0,3,-3,0,-17,-5,0,1,0,2,15,6,8,-11,-2,None
0,-16,24,-3,5,6,-3,-4,-2,2,15,6,8,-11,-2,None
0,42,11,4,30,8,-1,-1,-1,2,15,6,8,-11,-2,None
0,-6,-17,-11,-78,-13,-1,0,-3,2,15,6,8,-11,-2,None
0,-5,-14,-5,-1,0,1,-2,-2,2,15,6,8,-11,-2,None
0,-5,-14,-5,-1,0,1,-2,-2,2,15,6,8,-11,-2,None
0,-5,-14,-5,-1,0,1,-2,-2,2,15,6,8,-12,-2,None
0,8,6,5,-8,-7,2,1,2,2,15,6,8,-12,-2,None
0,-9,1,-6,4,-5,0,0,1,2,15,6,8,-12,-2,None
0,-1,6,-3,17,5,-4,-3,-2,2,15,6,8,-12,-2,None
0,3,5,2,-6,0,0,-1,-2,2,15,6,8,-12,-2,None
0,3,5,2,-6,0,0,-1,-2,2,15,6,8,-12,-2,None
0,3,5,2,-6,0,0,-1,-2,2,15,6,8,-11,-2,None
0,-3,-1,-1,-22,-3,-3,-1,0,2,15,6,8,-11,-2,None
0,-10,-6,-3,5,3,-3,-2,-2,2,15,6,8,-11,-2,None
0,-3,1,-3,12,1,0,-3,-2,2,15,6,8,-11,-2,None
0,-1,-1,3,5,-21,1,2,1,2,15,6,8,-11,-2,None
0,-1,-1,3,5,-21,1,2,1,2,15,6,8,-11,-2,None
0,-1,-1,3,5,-21,1,2,1,2,15,6,8,-12,-2,None
0,2,14,-3,16,66,-4,-4,-2,2,15,6,8,-12,-2,None
0,2,-16,-9,-61,-63,-16,-8,-7,2,15,6,8,-12,-2,None
0,-2,7,2,29,17,1,-1,-2,2,15,6,8,-12,-2,None
0,1,2,-5,-18,-11,-1,-1,-1,2,15,6,8,-12,-2,None
0,1,2,-5,-18,-11,-1,-1,-1,2,15,6,8,-12,-2,None
0,1,2,-5,-18,-11,-1,-1,-1,2,15,6,8,-12,-2,None
0,-3,-1,2,-1,-17,2,0,1,2,15,6,8,-12,-2,None
0,-1,4,1,20,8,3,2,1,2,15,6,8,-12,-2,None
0,2,-1,-6,-9,3,-3,-2,-3,2,15,6,8,-12,-2,None
0,-4,2,0,-2,1,-2,-2,-1,2,15,6,8,-12,-2,None
0,-4,2,0,-2,1,-2,-2,-1,2,15,6,8,-12,-2,None
0,-4,2,0,-2,1,-2,-2,-1,2,15,6,8,-11,-2,None
0,7,-11,-3,10,-15,1,-1,-2,2,15,6,8,-11,-2,None
0,-8,7,-3,-7,34,2,-1,-2,2,15,6,8,-11,-2,None
0,-17,2,-1,-22,-39,-4,-2,-2,2,15,6,8,-11,-2,None
0,-3,4,-5,7,30,1,-2,0,2,15,6,8,-11,-2,None
0,-3,4,-5,7,30,1,-2,0,2,15,6,8,-11,-2,None
0,-3,4,-5,7,30,1,-2,0,2,15,6,8,-11,-2,None
0,-3,-44,-1,-11,-15,-1,-1,-2,2,15,6,8,-11,-2,None
0,-5,6,-2,19,5,1,-1,-2,2,15,6,8,-11,-2,None
0,-5,6,1,9,2,0,0,0,2,15,6,8,-11,-2,None
0,2,-4,-1,-4,-1,-3,-2,-2,2,15,6,8,-11,-2,None
0,2,-4,-1,-4,-1,-3,-2,-2,2,15,6,8,-11,-2,None
0,2,-4,-1,-4,-1,-3,-2,-2,2,15,6,8,-12,-2,None
0,1,10,-3,-16,-6,-3,-1,-1,2,15,6,8,-12,-2,None
0,-10,-3,2,6,-3,0,-2,0,2,15,6,8,-12,-2,None
0,9,10,-3,17,7,-1,-3,-1,2,15,6,8,-12,-2,None
0,-3,-18,-3,-20,-7,-3,-3,-2,2,15,6,8,-12,-2,None
0,-3,-18,-3,-20,-7,-3,-3,-2,2,15,6,8,-12,-2,None
0,-3,-18,-3,-20,-7,-3,-3,-2,2,15,6,8,-12,-2,None
0,0,4,-11,-7,5,2,-2,-1,2,15,6,8,-12,-2,None
0,-5,-3,-2,-1,9,0,-1,-1,2,15,6,8,-12,-2,None
0,7,2,-1,7,4,-1,-1,0,2,15,6,8,-12,-2,None
0,-1,5,-1,19,4,-3,-2,-1,2,15,6,8,-12,-2,None
0,-1,5,-1,19,4,-3,-2,-1,2,15,6,8,-12,-2,None
0,-1,5,-1,19,4,-3,-2,-1,2,15,6,8,-12,-2,None
0,-4,8,4,-4,-8,0,1,-1,2,15,6,8,-12,-2,None
0,-2,-6,-2,-3,-1,0,-1,1,2,15,6,8,-12,-2,None
0,-1,0,-3,1,7,-2,-3,-2,2,15,6,8,-12,-2,None
0,-4,3,1,-1,-1,1,-2,-2,2,15,6,8,-12,-2,None
0,-4,3,1,-1,-1,1,-2,-2,2,15,6,8,-12,-2,None
0,-4,3,1,-1,-1,1,-2,-2,2,15,6,8,-12,-2,None
0,4,2,3,14,4,1,-1,1,2,15,6,8,-12,-2,None
0,1,24,4,68,2,-2,-2,1,2,15,6,8,-12,-2,None
0,-12,-21,-12,-46,-9,-3,-2,-5,2,15,6,8,-12,-2,None
0,-3,4,-3,12,24,-1,0,-2,2,15,6,8,-12,-2,None
0,-3,4,-3,12,24,-1,0,-2,2,15,6,8,-12,-2,None
0,-3,4,-3,12,24,-1,0,-2,2,15,6,8,-12,-2,None
0,-4,2,-1,7,-3,-1,-2,-2,2,15,6,8,-12,-2,None
0,1,1,1,21,0,1,0,2,2,15,6,8,-12,-2,None
0,0,3,0,10,-3,0,1,0,2,15,6,8,-12,-2,None
0,-1,-1,-4,-9,-3,-2,-2,-3,2,15,6,8,-12,-2,None
0,-1,-1,-4,-9,-3,-2,-2,-3,2,15,6,8,-12,-2,None
0,-1,-1,-4,-9,-3,-2,-2,-3,2,15,6,8,-12,-2,None
0,0,1,-3,-7,-4,-2,1,-1,2,15,6,8,-12,-2,None
0,-5,-6,-5,-27,0,0,1,-3,2,15,6,8,-12,-2,None
0,4,1,0,0,5,0,-2,-1,2,15,6,8,-12,-2,None
0,-1,-1,-2,-8,2,-1,-1,-2,2,15,6,8,-12,-2,None
0,-1,-1,-2,-8,2,-1,-1,-2,2,15,6,8,-12,-2,None
0,-1,-1,-2,-8,2,-1,-1,-2,2,15,6,8,-12,-2,None
0,3,3,1,-2,-2,-2,-1,-2,2,15,6,8,-12,-2,None
0,-4,-4,0,8,-4,0,-1,-3,2,15,6,8,-12,-2,None
0,7,16,-5,-13,7,-3,0,2,2,15,6,8,-12,-2,None
0,-5,-26,-1,3,17,-1,-5,-9,2,15,6,8,-12,-2,None
0,-5,-26,-1,3,17,-1,-5,-9,2,15,6,8,-12,-2,None
0,-5,-26,-1,3,17,-1,-5,-9,2,15,6,8,-11,-2,None
0,-4,-6,-4,-7,-7,-1,-2,-1,2,15,6,8,-11,-2,None
0,0,-5,-3,-5,5,0,-1,-2,2,15,6,8,-11,-2,None
0,1,3,3,11,-4,0,0,1,2,15,6,8,-11,-2,None
0,-1,9,-2,-1,-8,0,2,3,2,15,6,8,-11,-2,None
0,-1,9,-2,-1,-8,0,2,3,2,15,6,8,-11,-2,None
0,-1,9,-2,-1,-8,0,2,3,2,15,6,8,-11,-2,None
0,-1,-1,-3,-13,-5,-3,-1,-1,2,15,6,8,-11,-2,None
0,-4,-8,-4,-15,3,-2,-3,-3,2,15,6,8,-11,-2,None
0,0,-1,1,20,6,0,-2,-2,2,15,6,8,-11,-2,None
0,-1,3,-2,-2,-4,-1,-1,-1,2,15,6,8,-11,-2,None
0,-1,3,-2,-2,-4,-1,-1,-1,2,15,6,8,-11,-2,None
0,-1,3,-2,-2,-4,-1,-1,-1,2,15,6,8,-12,-2,None
0,-3,0,-1,-3,1,0,-2,-3,2,15,6,8,-12,-2,None
0,2,6,3,-1,3,-1,-1,3,2,15,6,8,-12,-2,None
0,-12,0,-1,-12,-4,-3,-7,-7,2,15,6,8,-12,-2,None
0,4,17,-1,-5,1,-2,-2,-1,2,15,6,8,-12,-2,None
0,4,17,-1,-5,1,-2,-2,-1,2,15,6,8,-12,-2,None
0,4,17,-1,-5,1,-2,-2,-1,2,15,6,8,-12,-2,None
0,-8,-36,-2,0,-1,-1,0,-1,2,15,6,8,-12,-2,None
0,-1,-1,-4,-19,-4,-2,-2,-2,2,15,6,8,-12,-2,None
0,3,-2,4,15,0,1,2,0,2,15,6,8,-12,-2,None
0,-2,3,-3,0,-3,-1,-1,-1,2,15,6,8,-12,-2,None
0,-2,3,-3,0,-3,-1,-1,-1,2,15,6,8,-12,-2,None
0,-2,3,-3,0,-3,-1,-1,-1,2,15,6,8,-11,-2,None
0,1,16,-1,2,0,-1,-2,-1,2,15,6,8,-11,-2,None
0,0,-2,2,7,4,1,0,-2,2,15,6,8,-11,-2,None
0,-8,-6,-3,3,3,-1,0,-1,2,15,6,8,-11,-2,None
0,33,3,-3,6,-6,0,-1,0,2,15,6,8,-11,-2,None
0,33,3,-3,6,-6,0,-1,0,2,15,6,8,-11,-2,None
0,33,3,-3,6,-6,0,-1,0,2,15,6,8,-11,-2,None
0,2,13,0,5,4,-2,-1,4,2,15,6,8,-11,-2,None
0,-6,-6,-8,-33,0,-3,-3,-4,2,15,6,8,-11,-2,None
0,5,7,-2,-5,4,-1,-2,0,2,15,6,8,-11,-2,None
0,-12,-1,-3,1,-2,-2,0,-1,2,15,6,8,-11,-2,None
0,-12,-1,-3,1,-2,-2,0,-1,2,15,6,8,-11,-2,None
0,-12,-1,-3,1,-2,-2,0,-1,2,15,6,8,-12,-2,None
0,-2,6,1,-7,-12,-1,-2,-4,2,15,6,8,-12,-2,None
0,3,1,-5,8,9,-3,-2,0,2,15,6,8,-12,-2,None
0,-9,-1,-1,6,-1,0,-1,-5,2,15,6,8,-12,-2,None
0,-2,-1,0,-20,-6,1,0,1,2,15,6,8,-12,-2,None
0,-2,-1,0,-20,-6,1,0,1,2,15,6,8,-12,-2,None
0,-2,-1,0,-20,-6,1,0,1,2,15,6,8,-12,-2,None
0,-4,1,-2,4,5,-2,-2,-2,2,15,6,8,-12,-2,None
0,-2,3,0,10,4,0,-2,-1,2,15,6,8,-12,-2,None
0,2,-2,-4,-4,-2,-1,-1,1,2,15,6,8,-12,-2,None
0,-5,-2,-2,16,6,0,-1,-1,2,15,6,8,-12,-2,None
0,-5,-2,-2,16,6,0,-1,-1,2,15,6,8,-12,-2,None
0,-5,-2,-2,16,6,0,-1,-1,2,15,6,8,-12,-2,None
0,2,8,-2,-5,0,-1,-3,-4,2,15,6,8,-12,-2,None
0,-1,0,-2,1,0,0,-2,0,2,15,6,8,-12,-2,None
0,3,1,8,35,13,4,1,0,2,15,6,8,-12,-2,None
0,-7,3,-21,-30,2,-9,-6,-5,2,15,6,8,-12,-2,None
0,-7,3,-21,-30,2,-9,-6,-5,2,15,6,8,-12,-2,None
0,-7,3,-21,-30,2,-9,-6,-5,2,15,6,8,-12,-2,None
0,-4,-6,-6,-22,-4,-2,-1,0,2,15,6,8,-12,-2,None
0,-3,-9,-1,16,7,2,-1,-5,2,15,6,8,-12,-2,None
0,3,2,0,4,2,-3,-2,-1,2,15,6,8,-12,-2,None
0,-7,-3,6,10,-1,1,1,1,2,15,6,8,-12,-2,None
0,-7,-3,6,10,-1,1,1,1,2,15,6,8,-12,-2,None
0,-7,-3,6,10,-1,1,1,1,2,15,6,8,-12,-2,None
0,1,11,-1,-4,-4,-2,-1,0,2,15,6,8,-12,-2,None
0,-2,4,-4,-5,-2,-3,-1,-2,2,15,6,8,-12,-2,None
0,2,-2,-2,-10,-4,-2,-1,0,2,15,6,8,-12,-2,None
0,-2,4,0,4,-1,1,-1,0,2,15,6,8,-12,-2,None
0,-2,4,0,4,-1,1,-1,0,2,15,6,8,-12,-2,None
0,-2,4,0,4,-1,1,-1,0,2,15,6,8,-11,-2,None
0,0,-4,-5,7,5,-2,-1,-1,2,15,6,8,-11,-2,None
0,0,1,1,-1,-6,-2,-2,-2,2,15,6,8,-11,-2,None
0,-5,-1,-5,-3,3,-1,-2,-2,2,15,6,8,-11,-2,None
0,-10,-3,1,7,-2,-1,-1,0,2,15,6,8,-11,-2,None
0,-10,-3,1,7,-2,-1,-1,0,2,15,6,8,-11,-2,None
0,-10,-3,1,7,-2,-1,-1,0,2,15,6,8,-11,-2,None
0,36,7,4,-31,-14,-1,1,-3,2,15,6,8,-11,-2,None
0,-6,-3,-8,3,32,-3,-4,-3,2,15,6,8,-11,-2,None
0,-3,0,-4,-5,-4,-2,-2,-1,2,15,6,8,-11,-2,None
0,1,1,0,3,-3,0,-1,-1,2,15,6,8,-11,-2,None
0,1,1,0,3,-3,0,-1,-1,2,15,6,8,-11,-2,None
0,1,1,0,3,-3,0,-1,-1,2,15,6,8,-12,-2,None
0,-8,-1,0,0,-9,3,0,-2,2,15,6,8,-12,-2,None
0,0,2,0,-4,-7,-2,1,-1,2,15,6,8,-12,-2,None
0,4,-3,-3,-2,5,-2,-1,-2,2,15,6,8,-12,-2,None
0,-2,1,1,13,4,0,1,0,2,15,6,8,-12,-2,None
0,-2,1,1,13,4,0,1,0,2,15,6,8,-12,-2,None
0,-2,1,1,13,4,0,1,0,2,15,6,8,-12,-2,None
0,-9,1,1,35,15,-3,-3,0,2,15,6,8,-12,-2,None
0,1,1,-4,-9,0,-1,-2,-1,2,15,6,8,-12,-2,None
0,-6,-3,-4,1,0,-2,-4,-2,2,15,6,8,-12,-2,None
0,-1,-3,0,8,-1,-1,-1,-2,2,15,6,8,-12,-2,None
0,-1,-3,0,8,-1,-1,-1,-2,2,15,6,8,-12,-2,None
0,-1,-3,0,8,-1,-1,-1,-2,2,15,6,8,-12,-2,None
0,-6,1,-4,2,4,-2,-2,-2,2,15,6,8,-12,-2,None
0,-1,-3,0,0,-6,-2,-1,-3,2,15,6,8,-12,-2,None
0,-3,1,-1,-6,-4,0,-1,0,2,15,6,8,-12,-2,None
0,3,6,0,13,-2,0,-1,-3,2,15,6,8,-12,-2,None
0,3,6,0,13,-2,0,-1,-3,2,15,6,8,-12,-2,None
0,3,6,0,13,-2,0,-1,-3,2,15,6,8,-12,-2,None
0,-4,-4,-4,-30,-1,-3,-2,-3,2,15,6,8,-12,-2,None
0,-4,2,-2,-18,-8,1,-2,-3,2,15,6,8,-12,-2,None
0,0,-1,-4,-10,3,0,-1,-1,2,15,6,8,-12,-2,None
0,-3,2,0,-3,-1,-2,-3,-3,2,15,6,8,-12,-2,None
0,-3,2,0,-3,-1,-2,-3,-3,2,15,6,8,-12,-2,None
0,-3,2,0,-3,-1,-2,-3,-3,2,15,6,8,-12,-2,None
0,-8,0,-2,16,6,0,1,-1,2,15,6,8,-12,-2,None
0,1,-2,-1,7,-9,-1,-2,1,2,15,6,8,-12,-2,None
0,1,1,-1,-17,-3,-3,-2,-2,2,15,6,8,-12,-2,None
0,-2,33,0,-2,4,0,-1,-1,2,15,6,8,-12,-2,None
0,-2,33,0,-2,4,0,-1,-1,2,15,6,8,-12,-2,None
0,-2,33,0,-2,4,0,-1,-1,2,15,6,8,-12,-2,None
0,-1,-3,1,4,0,0,-1,-1,2,15,6,8,-12,-2,None
0,1,2,0,1,-1,-1,-1,0,2,15,6,8,-12,-2,None
0,0,-4,4,18,-3,2,0,-1,2,15,6,8,-12,-2,None
0,-2,-8,-6,-4,16,-5,-4,-3,2,15,6,8,-12,-2,None
0,-2,-8,-6,-4,16,-5,-4,-3,2,15,6,8,-12,-2,None
0,-2,-8,-6,-4,16,-5,-4,-3,2,15,6,8,-12,-2,None
0,-4,0,-3,-17,-9,0,-2,-2,2,15,6,8,-12,-2,None
0,-3,3,-2,15,10,-1,-1,-2,2,15,6,8,-12,-2,None
0,-3,3,-2,15,10,-1,-1,-2,2,15,6,8,-12,-2,None
0,-3,3,-2,15,10,-1,-1,-2,2,15,6,8,-12,-2,None
0,-21,3,-2,-3,-4,0,-1,0,2,15,6,8,-12,-2,None
0,-2,-6,0,-2,-7,0,0,-1,2,15,6,8,-12,-2,None
0,2,4,0,-1,4,-1,-2,-4,2,15,6,8,-12,-2,None
0,0,-4,-3,-4,-2,-1,-1,-1,2,15,6,8,-12,-2,None
0,0,-4,-3,-4,-2,-1,-1,-1,2,15,6,8,-12,-2,None
0,0,-4,-3,-4,-2,-1,-1,-1,2,15,6,8,-12,-2,None
0,-1,0,-3,1,-1,-2,-1,-2,2,15,6,8,-12,-2,None
0,-4,-6,-3,-1,-3,0,1,-1,2,15,6,8,-12,-2,None
0,2,-2,0,10,-12,-1,0,1,2,15,6,8,-12,-2,None
0,-10,5,-6,26,23,-5,-4,-5,2,15,6,8,-12,-2,None
0,-10,5,-6,26,23,-5,-4,-5,2,15,6,8,-12,-2,None
0,-10,5,-6,26,23,-5,-4,-5,2,15,6,8,-12,-2,None
0,8,-1,-5,-7,-3,-3,-5,-4,2,15,6,8,-12,-2,None
0,-1,-7,-1,-25,-8,-1,0,-1,2,15,6,8,-12,-2,None
0,0,7,-3,13,0,1,1,0,2,15,6,8,-12,-2,None
0,3,2,4,-3,-12,1,2,2,2,15,6,8,-12,-2,None
0,3,2,4,-3,-12,1,2,2,2,15,6,8,-12,-2,None
0,3,2,4,-3,-12,1,2,2,2,15,6,8,-12,-2,None
0,3,2,-2,-6,-1,-2,-2,0,2,15,6,8,-12,-2,None
0,1,-3,-3,16,5,1,-3,-2,2,15,6,8,-12,-2,None
0,-5,-2,-2,1,5,-1,-2,-1,2,15,6,8,-12,-2,None
0,-2,-2,-3,-13,-5,-2,-1,-2,2,15,6,8,-12,-2,None
0,-2,-2,-3,-13,-5,-2,-1,-2,2,15,6,8,-12,-2,None
0,-2,-2,-3,-13,-5,-2,-1,-2,2,15,6,8,-12,-2,None
0,-3,-2,-5,3,5,-1,-1,0,2,15,6,8,-12,-2,None
0,7,7,4,3,-8,-4,-2,-4,2,15,6,8,-12,-2,None
0,-6,-2,-10,12,19,1,-3,-3,2,15,6,8,-12,-2,None
0,-3,-7,-9,-24,20,-4,-3,-2,2,15,6,8,-12,-2,None
0,-3,-7,-9,-24,20,-4,-3,-2,2,15,6,8,-12,-2,None
0,-3,-7,-9,-24,20,-4,-3,-2,2,15,6,8,-12,-2,None
0,3,1,0,-6,-4,0,0,-2,2,15,6,8,-12,-2,None
0,0,2,-3,-13,-8,-1,0,1,2,15,6,8,-12,-2,None
0,-2,0,-1,-1,0,-2,0,-2,2,15,6,8,-12,-2,None
0,3,3,1,6,-8,0,0,0,2,15,6,8,-12,-2,None
0,3,3,1,6,-8,0,0,0,2,15,6,8,-12,-2,None
0,3,3,1,6,-8,0,0,0,2,15,6,8,-12,-2,None
0,-2,4,-2,-1,-2,-1,0,-1,2,15,6,8,-12,-2,None
0,-4,-6,-2,3,9,0,-1,0,2,15,6,8,-12,-2,None
0,-1,-1,-1,-7,0,-2,-2,-1,2,15,6,8,-12,-2,None
0,-2,-1,0,-5,-9,1,0,-1,2,15,6,8,-12,-2,None
0,-2,-1,0,-5,-9,1,0,-1,2,15,6,8,-12,-2,None
0,-2,-1,0,-5,-9,1,0,-1,2,15,6,8,-12,-2,None
0,-17,13,0,-5,-10,0,-2,-3,2,15,6,8,-12,-2,None
0,24,-21,2,26,12,2,3,2,2,15,6,8,-12,-2,None
0,2,1,-1,-21,-1,-4,-6,-5,2,15,6,8,-12,-2,None
0,-2,4,-1,-28,-19,1,-1,-3,2,15,6,8,-12,-2,None
0,-2,4,-1,-28,-19,1,-1,-3,2,15,6,8,-12,-2,None
0,-2,4,-1,-28,-19,1,-1,-3,2,15,6,8,-12,-2,None
0,0,1,-4,16,11,-2,-1,-2,2,15,6,8,-12,-2,None
0,-10,2,-3,7,-5,-2,-2,-1,2,15,6,8,-12,-2,None
0,-2,2,-1,4,-3,-1,-1,1,2,15,6,8,-12,-2,None
0,4,-1,-1,8,-2,0,-1,0,2,15,6,8,-12,-2,None
0,4,-1,-1,8,-2,0,-1,0,2,15,6,8,-12,-2,None
0,4,-1,-1,8,-2,0,-1,0,2,15,6,8,-12,-2,None
0,3,-4,-1,-3,-1,-1,-2,-1,2,15,6,8,-12,-2,None
0,-6,1,-2,-13,1,0,-3,-1,2,15,6,8,-12,-2,None
0,-1,-2,1,3,0,-3,0,-2,2,15,6,8,-12,-2,None
0,1,5,3,18,2,0,-2,-1,2,15,6,8,-12,-2,None
0,1,5,3,18,2,0,-2,-1,2,15,6,8,-12,-2,None
0,1,5,3,18,2,0,-2,-1,2,15,6,8,-12,-2,None
0,8,36,-11,-33,-4,-3,-1,0,2,15,6,8,-12,-2,None
0,-10,-31,-6,24,8,-3,-5,-4,2,15,6,8,-12,-2,None
0,-5,13,-3,-29,6,1,-2,-2,2,15,6,8,-12,-2,None
0,-3,-5,-3,5,0,0,0,-3,2,15,6,8,-12,-2,None
0,-3,-5,-3,5,0,0,0,-3,2,15,6,8,-12,-2,None
0,-3,-5,-3,5,0,0,0,-3,2,15,6,8,-12,-2,None
0,4,-1,2,11,1,1,1,-1,2,15,6,8,-12,-2,None
0,-1,12,-3,-11,-5,-2,-1,0,2,15,6,8,-12,-2,None
0,-2,-3,-4,3,-6,-3,-1,-3,2,15,6,8,-12,-2,None
0,-1,-2,-1,7,-1,0,-1,1,2,15,6,8,-12,-2,None
0,-1,-2,-1,7,-1,0,-1,1,2,15,6,8,-12,-2,None
0,-1,-2,-1,7,-1,0,-1,1,2,15,6,8,-12,-2,None
0,-4,-12,0,1,4,0,-2,-7,2,15,6,8,-12,-2,None
0,-7,4,-1,-13,-9,-2,0,-3,2,15,6,8,-12,-2,None
0,-4,-7,1,31,7,2,-1,0,2,15,6,8,-12,-2,None
0,0,6,-4,-32,-13,-3,-1,-3,2,15,6,8,-12,-2,None
0,0,6,-4,-32,-13,-3,-1,-3,2,15,6,8,-12,-2,None
0,0,6,-4,-32,-13,-3,-1,-3,2,15,6,8,-12,-2,None
0,1,-11,0,15,7,-2,-3,0,2,15,6,8,-12,-2,None
0,-8,5,-3,-13,-1,-1,0,-1,2,15,6,8,-12,-2,None
0,1,6,0,13,1,0,3,1,2,15,6,8,-12,-2,None
0,2,1,-3,6,3,-2,-1,0,2,15,6,8,-12,-2,None
0,2,1,-3,6,3,-2,-1,0,2,15,6,8,-12,-2,None
0,2,1,-3,6,3,-2,-1,0,2,15,6,8,-12,-2,None
0,-6,-1,-3,-6,0,-1,0,-1,2,15,6,8,-12,-2,None
0,0,4,0,3,1,-1,-1,-2,2,15,6,8,-12,-2,None
0,3,-1,-2,-8,0,-1,0,0,2,15,6,8,-12,-2,None
0,-1,1,-3,1,-1,0,0,-2,2,15,6,8,-12,-2,None
0,-1,1,-3,1,-1,0,0,-2,2,15,6,8,-12,-2,None
0,-1,1,-3,1,-1,0,0,-2,2,15,6,8,-12,-2,None
0,-3,-9,1,-25,-10,-2,-1,-2,2,15,6,8,-12,-2,None
0,-4,18,-2,5,20,-3,-4,-3,2,15,6,8,-12,-2,None
0,-2,-5,0,2,8,-1,-2,-2,2,15,6,8,-12,-2,None
0,-4,0,-1,-3,-4,-1,0,-2,2,15,6,8,-12,-2,None
0,-4,0,-1,-3,-4,-1,0,-2,2,15,6,8,-12,-2,None
0,-4,0,-1,-3,-4,-1,0,-2,2,15,6,8,-12,-2,None
0,1,1,-1,11,0,-1,0,-1,2,15,6,8,-12,-2,None
