0,-3,-4,1,2,16,37,-17,-1,2,14,6,6,-19,-6,None
0,3,3,0,11,-46,-44,35,3,2,14,6,6,-19,-6,None
0,0,-1,3,-12,-6,15,-18,-1,2,14,6,6,-19,-6,None
0,0,-1,3,-12,-6,15,-18,-1,2,14,6,6,-19,-6,None
0,0,-1,3,-12,-6,15,-18,-1,2,14,6,4,-19,-5,None
0,-4,-3,2,14,-8,-16,-8,-3,2,14,6,4,-19,-5,None
0,-1,3,6,13,9,-9,-9,-5,2,14,6,4,-19,-5,None
0,0,2,3,-51,-32,2,-8,-3,2,14,6,4,-19,-5,None
0,-2,-1,0,19,-5,3,5,-1,2,14,6,4,-19,-5,None
0,-2,-1,0,19,-5,3,5,-1,1,14,6,4,-19,-5,None
0,-2,-1,0,19,-5,3,5,-1,1,14,6,0,-17,-4,None
0,3,8,15,71,13,5,8,4,1,14,6,0,-17,-4,None
0,-9,-9,-22,-121,-27,-12,-8,-8,1,14,6,0,-17,-4,None
0,3,6,14,65,-36,-5,-10,0,1,14,6,0,-17,-4,None
0,-3,-4,-5,-12,51,15,16,2,1,14,6,0,-17,-4,None
0,-3,-4,-5,-12,51,15,16,2,1,14,6,0,-17,-4,None
0,-3,-4,-5,-12,51,15,16,2,1,14,6,-1,-16,-3,None
0,-1,-5,-14,-55,-91,-5,-9,-6,1,14,6,-1,-16,-3,None
0,0,4,6,34,19,-4,-2,1,1,14,6,-1,-16,-3,None
0,0,1,-1,-5,25,-16,-2,-1,1,14,6,-1,-16,-3,None
0,-3,0,-1,25,-45,15,17,-2,1,14,6,-1,-16,-3,None
0,-3,0,-1,25,-45,15,17,-2,1,13,5,-1,-16,-3,None
0,-3,0,-1,25,-45,15,17,-2,1,13,5,-1,-17,-2,None
0,-1,2,2,37,47,4,-17,-1,1,13,5,-1,-17,-2,None
0,4,12,-8,-5,9,6,13,5,1,13,5,-1,-17,-2,None
0,-11,-6,-6,5,-84,-7,-9,-6,1,13,5,-1,-17,-2,None
0,2,-8,-6,14,67,3,-6,-4,1,13,5,-1,-17,-2,None
0,2,-8,-6,14,67,3,-6,-4,0,13,5,-1,-17,-2,None
0,2,-8,-6,14,67,3,-6,-4,0,13,5,-2,-16,-2,None
0,-2,4,3,32,107,-3,-2,-1,0,13,5,-2,-16,-2,None
0,21,29,4,30,-105,-43,1,0,0,13,5,-2,-16,-2,None
0,-19,-31,-13,-53,25,21,-22,-3,0,13,5,-2,-16,-2,None
0,-7,-3,4,-8,51,-9,16,1,0,13,5,-2,-16,-2,None
0,-7,-3,4,-8,51,-9,16,1,0,13,5,-2,-16,-2,None
0,-7,-3,4,-8,51,-9,16,1,0,13,5,-2,-16,-2,None
0,6,-2,-2,-95,-69,-11,-5,-7,0,13,5,-2,-16,-2,None
0,-3,-5,-5,32,8,0,-1,2,0,13,5,-2,-16,-2,None
0,14,8,1,-10,55,23,3,1,0,13,5,-2,-16,-2,None
0,3,-2,-8,-50,-29,-8,-4,0,0,13,5,-2,-16,-2,None
0,3,-2,-8,-50,-29,-8,-4,0,17,12,5,-2,-16,-2,None
0,3,-2,-8,-50,-29,-8,-4,0,17,12,5,-3,-15,-2,None
0,-12,33,13,32,-8,5,8,3,17,12,5,-3,-15,-2,None
0,-13,-36,-2,34,-21,3,-3,-2,17,12,5,-3,-15,-2,None
0,0,28,6,-56,7,-10,-9,-7,17,12,5,-3,-15,-2,None
0,-3,-13,-20,35,50,2,1,-1,17,12,5,-3,-15,-2,None
0,-3,-13,-20,35,50,2,1,-1,17,12,5,-3,-15,-2,None
0,-3,-13,-20,35,50,2,1,-1,17,12,5,-4,-15,-2,None
0,-2,-7,-2,-43,-14,2,-5,-1,17,12,5,-4,-15,-2,None
0,34,11,10,25,-2,6,4,3,17,12,5,-4,-15,-2,None
0,-62,-9,1,0,62,0,4,-4,17,12,5,-4,-15,-2,None
0,12,2,19,23,-16,-13,-9,-6,17,12,5,-4,-15,-2,None
0,12,2,19,23,-16,-13,-9,-6,16,11,5,-4,-15,-2,None
0,12,2,19,23,-16,-13,-9,-6,16,11,5,-4,-14,-1,None
0,22,-20,-36,-69,-80,-1,2,5,16,11,5,-4,-14,-1,None
0,-41,-9,-1,1,-27,0,-5,-7,16,11,5,-4,-14,-1,None
0,42,-7,-2,47,-56,-2,9,8,16,11,5,-4,-14,-1,None
0,-24,49,-3,15,-56,-9,-6,-4,16,11,5,-4,-14,-1,None
0,-24,49,-3,15,-56,-9,-6,-4,15,11,5,-4,-14,-1,None
0,-24,49,-3,15,-56,-9,-6,-4,15,11,5,-5,-14,-2,None
0,-8,-9,8,30,79,-13,-13,-9,15,11,5,-5,-14,-2,None
0,0,-5,-2,1,20,11,7,-1,15,11,5,-5,-14,-2,None
0,11,20,-2,-24,-29,2,1,1,15,11,5,-5,-14,-2,None
0,-4,-16,10,69,10,8,3,3,15,11,5,-5,-14,-2,None
0,-4,-16,10,69,10,8,3,3,15,10,5,-5,-14,-2,None
0,-4,-16,10,69,10,8,3,3,15,10,5,-5,-13,-2,None
0,6,-2,-15,-26,-105,-15,-5,-5,15,10,5,-5,-13,-2,None
0,-9,8,-6,23,96,5,-2,-3,15,10,5,-5,-13,-2,None
0,-2,-2,10,21,-8,0,0,-2,15,10,5,-5,-13,-2,None
0,18,22,3,-99,16,-1,0,1,15,10,5,-5,-13,-2,None
0,18,22,3,-99,16,-1,0,1,15,10,6,-5,-13,-2,None
0,18,22,3,-99,16,-1,0,1,15,10,6,-5,-13,-2,None
0,11,-20,9,0,-31,6,-3,-1,15,10,6,-5,-13,-2,None
0,-29,-18,-15,-124,-60,-16,-9,-6,15,10,6,-5,-13,-2,None
0,-4,-2,-3,54,103,2,1,-1,15,10,6,-5,-13,-2,None
0,10,-7,-9,-10,-24,-8,-3,-3,15,10,6,-5,-13,-2,None
0,10,-7,-9,-10,-24,-8,-3,-3,14,10,6,-5,-13,-2,None
0,10,-7,-9,-10,-24,-8,-3,-3,14,10,6,-5,-12,-2,None
0,5,15,0,31,28,22,7,6,14,10,6,-5,-12,-2,None
0,2,9,9,-30,-9,-11,-8,-5,14,10,6,-5,-12,-2,None
0,3,-9,8,12,-5,-9,2,1,14,10,6,-5,-12,-2,None
0,-3,14,-10,-19,-54,8,1,2,14,10,6,-5,-12,-2,None
0,-3,14,-10,-19,-54,8,1,2,14,10,6,-5,-12,-2,None
0,-3,14,-10,-19,-54,8,1,2,14,10,6,-5,-12,-2,None
0,-34,-22,6,47,44,-10,-5,-7,14,10,6,-5,-12,-2,None
0,9,-1,0,26,15,-1,-1,0,14,10,6,-5,-12,-2,None
0,-11,-5,-13,-21,19,-3,-2,-5,14,10,6,-5,-12,-2,None
0,-1,3,4,-45,-1,10,5,1,14,10,6,-5,-12,-2,None
0,-1,3,4,-45,-1,10,5,1,14,9,6,-5,-12,-2,None
0,-1,3,4,-45,-1,10,5,1,14,9,6,-5,-12,-2,None
0,4,9,5,27,-6,-6,-2,3,14,9,6,-5,-12,-2,None
0,-21,-6,-11,-19,43,3,1,1,14,9,6,-5,-12,-2,None
0,8,2,-3,5,2,-3,-5,-2,14,9,6,-5,-12,-2,None
0,-3,-8,-2,8,-2,-4,-3,-4,14,9,6,-5,-12,-2,None
0,-3,-8,-2,8,-2,-4,-3,-4,14,9,6,-5,-12,-2,None
0,-3,-8,-2,8,-2,-4,-3,-4,14,9,6,-5,-11,-2,None
0,23,4,-6,-32,80,7,-1,0,14,9,6,-5,-11,-2,None
0,-37,7,9,28,55,-8,-2,-5,14,9,6,-5,-11,-2,None
0,9,11,1,-10,-23,1,-1,-1,14,9,6,-5,-11,-2,None
0,29,6,1,28,17,4,4,4,14,9,6,-5,-11,-2,None
0,29,6,1,28,17,4,4,4,14,9,6,-5,-11,-2,None
0,29,6,1,28,17,4,4,4,14,9,6,-6,-11,-1,None
0,-70,-38,-8,-11,-45,-17,-9,-9,14,9,6,-6,-11,-1,None
0,19,10,-2,27,-4,15,0,-2,14,9,6,-6,-11,-1,None
0,-1,-1,0,-17,-5,0,-2,-2,14,9,6,-6,-11,-1,None
0,-25,-10,-3,-13,6,-6,-5,-3,14,9,6,-6,-11,-1,None
0,-25,-10,-3,-13,6,-6,-5,-3,13,9,6,-6,-11,-1,None
0,-25,-10,-3,-13,6,-6,-5,-3,13,9,6,-6,-10,-1,None
0,14,24,5,14,-51,-1,5,4,13,9,6,-6,-10,-1,None
0,22,-5,-3,39,-8,3,-1,-4,13,9,6,-6,-10,-1,None
0,-8,-5,2,22,-6,-2,-1,-2,13,9,6,-6,-10,-1,None
0,38,6,-2,-26,-8,-5,-2,-2,13,9,6,-6,-10,-1,None
0,38,6,-2,-26,-8,-5,-2,-2,13,9,6,-6,-10,-1,None
0,38,6,-2,-26,-8,-5,-2,-2,13,9,6,-5,-10,-1,None
0,0,13,-7,-46,36,-6,2,-2,13,9,6,-5,-10,-1,None
0,11,-4,-1,42,46,6,-2,4,13,9,6,-5,-10,-1,None
0,3,26,-5,25,3,-1,-3,-3,13,9,6,-5,-10,-1,None
0,21,-45,10,43,5,-8,-6,-4,13,9,6,-5,-10,-1,None
0,21,-45,10,43,5,-8,-6,-4,13,9,6,-5,-10,-1,None
0,21,-45,10,43,5,-8,-6,-4,13,9,6,-5,-10,0,None
0,-33,-3,-16,-36,1,-1,-3,-5,13,9,6,-5,-10,0,None
0,7,2,-3,-11,-39,-4,0,-1,13,9,6,-5,-10,0,None
0,13,1,8,28,3,6,0,1,13,9,6,-5,-10,0,None
0,-10,-4,-42,-40,-15,-11,-5,-4,13,9,6,-5,-10,0,None
0,-10,-4,-42,-40,-15,-11,-5,-4,13,9,6,-5,-10,0,None
0,-10,-4,-42,-40,-15,-11,-5,-4,13,9,6,-6,-10,0,None
0,2,28,17,-2,50,-1,0,-2,13,9,6,-6,-10,0,None
0,0,-18,-5,-63,-57,-3,-2,-1,13,9,6,-6,-10,0,None
0,-12,0,-5,-43,24,13,3,2,13,9,6,-6,-10,0,None
0,-18,11,11,38,-36,-14,0,-1,13,9,6,-6,-10,0,None
0,-18,11,11,38,-36,-14,0,-1,13,9,6,-6,-10,0,None
0,-18,11,11,38,-36,-14,0,-1,13,9,6,-6,-10,0,None
0,1,-2,-4,3,18,-2,-1,-5,13,9,6,-6,-10,0,None
0,-6,12,-3,32,10,4,4,2,13,9,6,-6,-10,0,None
0,40,-13,-5,-2,-13,-6,-7,-2,13,9,6,-6,-10,0,None
0,30,4,2,-3,-6,14,4,2,13,9,6,-6,-10,0,None
0,30,4,2,-3,-6,14,4,2,13,9,6,-6,-10,0,None
0,30,4,2,-3,-6,14,4,2,13,9,6,-7,-9,0,None
0,12,2,-1,35,11,-3,-1,2,13,9,6,-7,-9,0,None
0,2,0,-5,-28,-72,-2,-2,-2,13,9,6,-7,-9,0,None
0,-14,-2,-2,-51,19,-3,0,-3,13,9,6,-7,-9,0,None
0,-8,-23,-6,1,18,-8,-3,-4,13,9,6,-7,-9,0,None
0,-8,-23,-6,1,18,-8,-3,-4,13,9,6,-7,-9,0,None
0,-8,-23,-6,1,18,-8,-3,-4,13,9,6,-8,-9,0,None
0,9,1,6,18,-21,-3,-4,-2,13,9,6,-8,-9,0,None
0,3,26,-4,-7,38,12,0,1,13,9,6,-8,-9,0,None
0,3,26,-4,-7,38,12,0,1,13,9,6,-8,-9,0,None
0,3,26,-4,-7,38,12,0,1,13,9,6,-8,-9,1,None
0,11,-3,-5,-2,-78,-4,-1,1,13,9,6,-8,-9,1,None
0,-36,-23,4,46,35,17,7,-1,13,9,6,-8,-9,1,None
0,2,1,-5,-16,-3,-15,-12,-2,13,9,6,-8,-9,1,None
0,-7,-1,-8,24,-45,-6,-2,-2,13,9,6,-8,-9,1,None
0,29,3,5,-5,52,9,6,5,13,9,6,-8,-9,1,None
0,-73,3,-2,12,17,-8,-8,-9,13,9,6,-8,-9,1,None
0,-73,3,-2,12,17,-8,-8,-9,13,9,6,-8,-9,1,None
0,-73,3,-2,12,17,-8,-8,-9,13,9,6,-9,-10,1,None
0,7,1,2,-13,-25,1,-2,-3,13,9,6,-9,-10,1,None
0,4,-3,0,13,22,4,2,0,13,9,6,-9,-10,1,None
0,-4,2,1,-34,-17,-8,-5,-3,13,9,6,-9,-10,1,None
0,-3,18,-7,-3,-16,-11,-4,-2,13,9,6,-9,-10,1,None
0,-3,18,-7,-3,-16,-11,-4,-2,13,9,6,-9,-10,1,None
0,-3,18,-7,-3,-16,-11,-4,-2,13,9,6,-10,-10,1,None
0,-8,-13,-12,-28,-24,2,-5,-6,13,9,6,-10,-10,1,None
0,7,0,-4,11,47,5,2,6,13,9,6,-10,-10,1,None
0,7,0,-4,11,47,5,2,6,13,9,6,-10,-10,1,None
0,7,0,-4,11,47,5,2,6,13,9,6,-10,-10,1,None
0,-18,-4,2,23,2,-4,-2,-5,13,9,6,-10,-10,1,None
0,32,17,4,-9,-21,2,1,2,13,9,6,-10,-10,1,None
0,1,-9,-12,-30,-23,-6,-5,-2,13,9,6,-10,-10,1,None
0,4,-28,3,-20,23,-2,0,-2,13,9,6,-10,-10,1,None
0,4,-28,3,-20,23,-2,0,-2,13,9,6,-10,-10,1,None
0,4,-28,3,-20,23,-2,0,-2,13,9,6,-10,-10,1,None
0,-25,6,-9,51,14,7,2,0,13,9,6,-10,-10,1,None
0,5,0,0,-42,-48,-4,-3,1,13,9,6,-10,-10,1,None
0,-5,1,-7,-12,46,-7,-3,-1,13,9,6,-10,-10,1,None
0,-6,2,3,39,36,2,1,-1,13,9,6,-10,-10,1,None
0,-6,2,3,39,36,2,1,-1,13,9,6,-10,-10,1,None
0,-6,2,3,39,36,2,1,-1,13,9,6,-11,-10,1,None
0,4,-4,-4,1,-40,-7,-5,-2,13,9,6,-11,-10,1,None
0,-42,-4,1,10,57,-4,-5,-7,13,9,6,-11,-10,1,None
0,8,5,-1,26,-20,16,13,10,13,9,6,-11,-10,1,None
0,2,9,-1,-44,19,-6,-2,-2,13,9,6,-11,-10,1,None
0,2,9,-1,-44,19,-6,-2,-2,13,9,6,-11,-10,1,None
0,2,9,-1,-44,19,-6,-2,-2,13,9,6,-11,-10,1,None
0,-22,-4,-6,30,-1,-7,-1,-3,13,9,6,-11,-10,1,None
0,14,4,-4,0,66,3,-4,-2,13,9,6,-11,-10,1,None
0,0,1,7,68,-4,-8,-3,-2,13,9,6,-11,-10,1,None
0,0,-1,-1,6,-7,0,-4,-5,13,9,6,-11,-10,1,None
0,0,-1,-1,6,-7,0,-4,-5,13,9,6,-11,-10,1,None
0,0,-1,-1,6,-7,0,-4,-5,13,9,6,-11,-10,1,None
0,12,-2,1,13,-16,-1,-1,-2,13,9,6,-11,-10,1,None
0,9,7,2,-11,-20,-1,1,-1,13,9,6,-11,-10,1,None
0,-1,0,3,-1,-2,1,-3,-1,13,9,6,-11,-10,1,None
0,1,9,-2,-1,-24,8,7,5,13,9,6,-11,-10,1,None
0,1,9,-2,-1,-24,8,7,5,13,9,6,-11,-10,1,None
0,1,9,-2,-1,-24,8,7,5,13,9,6,-11,-10,1,None
0,43,13,-2,-29,-7,-7,-5,-3,13,9,6,-11,-10,1,None
0,-14,-10,-4,-2,-20,4,2,-1,13,9,6,-11,-10,1,None
0,-23,0,4,24,9,5,1,2,13,9,6,-11,-10,1,None
0,-1,2,-1,-15,-36,-9,-7,-7,13,9,6,-11,-10,1,None
0,-1,2,-1,-15,-36,-9,-7,-7,13,9,6,-11,-10,1,None
0,-1,2,-1,-15,-36,-9,-7,-7,13,9,6,-11,-10,1,None
0,-6,1,-9,-3,19,9,3,2,13,9,6,-11,-10,1,None
0,11,-3,2,9,-32,-14,-7,-2,13,9,6,-11,-10,1,None
0,6,2,-3,12,59,1,-2,0,13,9,6,-11,-10,1,None
0,-5,-7,-8,-18,-24,-2,-1,-4,13,9,6,-11,-10,1,None
0,-5,-7,-8,-18,-24,-2,-1,-4,13,9,6,-11,-10,1,None
0,-5,-7,-8,-18,-24,-2,-1,-4,13,9,6,-11,-10,1,None
0,-11,-5,-3,10,19,-6,-3,-4,13,9,6,-11,-10,1,None
0,-4,4,-4,-15,-15,2,-1,-1,13,9,6,-11,-10,1,None
0,-1,-3,2,14,-12,0,2,-1,13,9,6,-11,-10,1,None
0,3,7,-4,-20,-27,-9,-4,-3,13,9,6,-11,-10,1,None
0,3,7,-4,-20,-27,-9,-4,-3,13,9,6,-11,-10,1,None
0,3,7,-4,-20,-27,-9,-4,-3,13,9,6,-10,-10,1,None
0,-13,-6,-1,9,32,3,-1,0,13,9,6,-10,-10,1,None
0,4,2,-3,-6,-19,4,3,2,13,9,6,-10,-10,1,None
0,9,4,3,-16,-17,-4,-3,-3,13,9,6,-10,-10,1,None
0,3,1,-7,-47,-4,-11,-3,-4,13,9,6,-10,-10,1,None
0,3,1,-7,-47,-4,-11,-3,-4,13,9,6,-10,-10,1,None
0,3,1,-7,-47,-4,-11,-3,-4,13,9,6,-10,-10,1,None
0,-7,-1,-3,7,2,5,0,-1,13,9,6,-10,-10,1,None
0,-1,-3,-2,18,20,-3,-2,-2,13,9,6,-10,-10,1,None
0,3,3,-8,-5,-17,10,1,-1,13,9,6,-10,-10,1,None
0,-3,0,5,6,6,-8,-4,0,13,9,6,-10,-10,1,None
0,-3,0,5,6,6,-8,-4,0,13,9,6,-10,-10,1,None
0,-3,0,5,6,6,-8,-4,0,13,9,6,-9,-9,1,None
0,-12,-3,-1,-7,-2,-29,-8,-5,13,9,6,-9,-9,1,None
0,1,2,-3,1,14,12,-2,0,13,9,6,-9,-9,1,None
0,1,1,-2,-3,8,8,4,-2,13,9,6,-9,-9,1,None
0,-1,2,3,18,5,2,-7,-2,13,9,6,-9,-9,1,None
0,-1,2,3,18,5,2,-7,-2,13,9,6,-9,-9,1,None
0,-1,2,3,18,5,2,-7,-2,13,9,6,-7,-9,0,None
0,-3,0,-3,-20,-20,-5,-6,-4,13,9,6,-7,-9,0,None
0,2,2,-2,-3,-20,1,3,0,13,9,6,-7,-9,0,None
0,0,1,-1,0,-12,3,-1,-2,13,9,6,-7,-9,0,None
0,-4,-1,-2,12,12,-8,-3,-4,13,9,6,-7,-9,0,None
0,-4,-1,-2,12,12,-8,-3,-4,13,9,6,-7,-9,0,None
0,-4,-1,-2,12,12,-8,-3,-4,13,9,6,-6,-9,0,None
0,-2,2,-2,-1,6,2,-1,-2,13,9,6,-6,-9,0,None
0,-1,2,6,5,2,-24,-8,-4,13,9,6,-6,-9,0,None
0,-3,-2,1,-6,-3,3,0,-3,13,9,6,-6,-9,0,None
0,0,-1,-12,6,4,-6,0,0,13,9,6,-6,-9,0,None
0,0,-1,-12,6,4,-6,0,0,13,9,6,-6,-9,0,None
0,0,-1,-12,6,4,-6,0,0,13,9,6,-5,-9,0,None
0,-5,-2,-4,-1,10,-12,-4,-3,13,9,6,-5,-9,0,None
0,1,7,8,2,-1,13,2,-1,13,9,6,-5,-9,0,None
0,1,13,19,2,7,-10,-4,-2,13,9,6,-5,-9,0,None
0,0,-9,-16,0,1,7,2,-1,13,9,6,-5,-9,0,None
0,0,-9,-16,0,1,7,2,-1,13,9,6,-5,-9,0,None
0,0,-9,-16,0,1,7,2,-1,13,9,6,-3,-10,0,None
0,-4,-9,-19,1,-7,-7,-3,-2,13,9,6,-3,-10,0,None
0,0,5,10,-4,5,14,3,0,13,9,6,-3,-10,0,None
0,-2,-12,-22,-4,4,-15,-4,-3,13,9,6,-3,-10,0,None
0,-1,13,12,-5,-8,24,2,0,13,9,6,-3,-10,0,None
0,-1,13,12,-5,-8,24,2,0,13,9,6,-3,-10,0,None
0,-1,13,12,-5,-8,24,2,0,13,9,6,-3,-10,0,None
0,-4,3,1,1,1,-2,-6,-1,13,9,6,-3,-10,0,None
0,3,11,6,-1,4,-13,1,1,13,9,6,-3,-10,0,None
0,-2,6,3,-7,-5,6,-3,-2,13,9,6,-3,-10,0,None
0,-6,-22,-3,3,-8,-20,-4,-4,13,9,6,-3,-10,0,None
0,-6,-22,-3,3,-8,-20,-4,-4,13,9,6,-3,-10,0,None
0,-6,-22,-3,3,-8,-20,-4,-4,13,9,6,-3,-10,-1,None
0,-1,-1,-14,-4,15,16,6,1,13,9,6,-3,-10,-1,None
0,2,6,-3,-7,-29,12,-5,-2,13,9,6,-3,-10,-1,None
0,1,13,18,4,9,1,0,-2,13,9,6,-3,-10,-1,None
0,3,7,9,-3,4,19,5,4,13,9,6,-3,-10,-1,None
0,3,7,9,-3,4,19,5,4,14,9,6,-3,-10,-1,None
0,3,7,9,-3,4,19,5,4,14,9,6,-4,-10,-2,None
0,-2,-3,-3,-2,1,5,-1,-1,14,9,6,-4,-10,-2,None
0,-5,-4,-15,-1,6,-11,-5,-4,14,9,6,-4,-10,-2,None
0,-2,-12,-32,-3,-6,-3,-1,-2,14,9,6,-4,-10,-2,None
0,-1,12,6,4,-4,-7,-3,-4,14,9,6,-4,-10,-2,None
0,-1,12,6,4,-4,-7,-3,-4,14,9,6,-4,-10,-2,None
0,-1,12,6,4,-4,-7,-3,-4,14,9,6,-5,-10,-2,None
0,-2,-4,9,2,0,-3,-1,-2,14,9,6,-5,-10,-2,None
0,2,-3,-6,3,11,6,2,2,14,9,6,-5,-10,-2,None
0,-1,-2,13,2,-5,-5,-3,-1,14,9,6,-5,-10,-2,None
0,0,3,-10,4,10,-7,-3,-2,14,9,6,-5,-10,-2,None
0,0,3,-10,4,10,-7,-3,-2,14,9,6,-5,-10,-2,None
0,0,3,-10,4,10,-7,-3,-2,14,9,6,-5,-12,-2,None
0,-1,5,0,-2,-3,3,2,-1,14,9,6,-5,-12,-2,None
0,-2,-3,-8,-4,4,4,0,-1,14,9,6,-5,-12,-2,None
0,-3,-5,-3,-3,-2,-16,-6,-3,14,9,6,-5,-12,-2,None
0,-1,4,1,0,0,2,-2,-1,14,9,6,-5,-12,-2,None
0,-1,4,1,0,0,2,-2,-1,14,10,5,-5,-12,-2,None
0,-1,4,1,0,0,2,-2,-1,14,10,5,-5,-12,-2,None
0,0,0,0,0,3,10,2,1,14,10,5,-5,-12,-2,None
0,-2,-8,-4,-1,1,3,-1,-3,14,10,5,-5,-12,-2,None
0,0,5,-5,-1,-3,-5,-4,-1,14,10,5,-5,-12,-2,None
0,0,-2,-2,-2,4,1,0,0,14,10,5,-5,-12,-2,None
0,0,-2,-2,-2,4,1,0,0,15,10,5,-5,-12,-2,None
0,0,-2,-2,-2,4,1,0,0,15,10,5,-7,-12,-3,None
0,-3,-3,0,-8,-8,0,-1,-2,15,10,5,-7,-12,-3,None
0,-1,0,-5,-5,8,-6,-2,-1,15,10,5,-7,-12,-3,None
0,-1,2,2,-5,0,-2,-3,-2,15,10,5,-7,-12,-3,None
0,-3,-4,-5,-1,-2,-1,-3,-4,15,10,5,-7,-12,-3,None
0,-3,-4,-5,-1,-2,-1,-3,-4,15,10,5,-7,-12,-3,None
0,-3,-4,-5,-1,-2,-1,-3,-4,15,10,5,-7,-13,-2,None
0,1,0,-5,1,1,-6,-1,0,15,10,5,-7,-13,-2,None
0,-1,2,-1,3,6,2,-1,-2,15,10,5,-7,-13,-2,None
0,-1,0,0,7,1,4,2,0,15,10,5,-7,-13,-2,None
0,-3,-1,5,4,-2,-7,-4,-4,15,10,5,-7,-13,-2,None
0,-3,-1,5,4,-2,-7,-4,-4,16,11,5,-7,-13,-2,None
0,-3,-1,5,4,-2,-7,-4,-4,16,11,5,-6,-13,-2,None
0,-1,4,-5,0,0,-1,-1,0,16,11,5,-6,-13,-2,None
0,1,-2,-1,6,1,2,0,0,16,11,5,-6,-13,-2,None
0,0,-3,-3,6,4,-5,-3,-1,16,11,5,-6,-13,-2,None
0,-2,-1,-5,3,8,1,-3,-3,16,11,5,-6,-13,-2,None
0,-2,-1,-5,3,8,1,-3,-3,17,12,5,-6,-13,-2,None
0,-2,-1,-5,3,8,1,-3,-3,17,12,5,-5,-15,-2,None
0,0,3,4,8,3,-7,2,0,17,12,5,-5,-15,-2,None
0,-3,-2,-7,-1,-5,2,-2,-2,17,12,5,-5,-15,-2,None
0,-1,-1,-8,-2,3,6,0,1,17,12,5,-5,-15,-2,None
0,-2,0,-4,7,-2,-6,-3,-2,17,12,5,-5,-15,-2,None
0,-2,0,-4,7,-2,-6,-3,-2,17,12,5,-5,-15,-2,None
0,-2,0,-4,7,-2,-6,-3,-2,17,12,5,-5,-17,-3,None
0,-2,-1,-2,-11,-1,0,-3,-5,17,12,5,-5,-17,-3,None
0,-1,0,-2,4,-1,-10,1,-1,17,12,5,-5,-17,-3,None
0,-3,-1,-4,18,7,-4,-5,-6,17,12,5,-5,-17,-3,None
0,-2,1,12,22,6,2,-2,-1,17,12,5,-5,-17,-3,None
0,-2,1,12,22,6,2,-2,-1,0,13,5,-5,-17,-3,None
0,-2,1,12,22,6,2,-2,-1,0,13,5,-5,-17,-3,None
0,-1,-4,-22,-57,-23,1,0,2,0,13,5,-5,-17,-3,None
0,-2,-1,14,54,11,2,-5,-2,0,13,5,-5,-17,-3,None
0,-1,-4,-13,-36,0,-7,-9,-4,0,13,5,-5,-17,-3,None
0,-1,0,7,-1,6,-6,0,-1,0,13,5,-5,-17,-3,None
0,-1,0,7,-1,6,-6,0,-1,0,13,5,-5,-17,-3,None
0,-1,0,7,-1,6,-6,0,-1,0,13,5,-4,-16,-2,None
0,-1,1,12,91,20,4,0,-2,0,13,5,-4,-16,-2,None
0,3,3,-2,36,-21,2,0,5,0,13,5,-4,-16,-2,None
0,-3,0,-3,8,9,-5,0,-2,0,13,5,-4,-16,-2,None
0,-2,-3,-17,-50,-16,-5,-6,-3,0,13,5,-4,-16,-2,None
0,-2,-3,-17,-50,-16,-5,-6,-3,1,13,6,-4,-16,-2,None
0,-2,-3,-17,-50,-16,-5,-6,-3,1,13,6,-2,-16,-3,None
0,-4,1,11,60,-6,-4,-3,-5,1,13,6,-2,-16,-3,None
0,1,1,-3,22,38,7,2,0,1,13,6,-2,-16,-3,None
0,-1,0,-9,52,-43,-1,3,-1,1,13,6,-2,-16,-3,None
0,1,2,-5,-22,38,5,2,1,1,13,6,-2,-16,-3,None
0,1,2,-5,-22,38,5,2,1,1,14,6,-2,-16,-3,None
0,1,2,-5,-22,38,5,2,1,1,14,6,0,-17,-3,None
0,1,6,7,-67,-23,-2,-2,0,1,14,6,0,-17,-3,None
0,-3,-9,-17,-118,-26,-14,-4,-6,1,14,6,0,-17,-3,None
0,1,2,19,47,23,2,1,1,1,14,6,0,-17,-3,None
0,2,5,19,38,38,18,11,0,1,14,6,0,-17,-3,None
0,2,5,19,38,38,18,11,0,1,14,6,0,-17,-3,None
0,2,5,19,38,38,18,11,0,1,14,6,1,-18,-3,None
0,-9,-9,-46,45,23,-9,-6,-3,1,14,6,1,-18,-3,None
0,1,0,10,54,-2,10,5,-2,1,14,6,1,-18,-3,None
0,-2,-1,0,-88,-56,-9,-4,-4,1,14,6,1,-18,-3,None
0,0,3,-1,63,67,4,0,2,1,14,6,1,-18,-3,None
0,0,3,-1,63,67,4,0,2,1,14,6,1,-18,-3,None
0,0,3,-1,63,67,4,0,2,1,14,6,2,-18,-3,None
0,0,3,14,-49,12,-3,-5,-1,1,14,6,2,-18,-3,None
0,-1,9,29,100,89,13,-1,0,1,14,6,2,-18,-3,None
0,2,-3,-42,-87,-81,-9,2,-2,1,14,6,2,-18,-3,None
0,1,0,-17,-3,-53,-12,-7,4,1,14,6,2,-18,-3,None
0,1,0,-17,-3,-53,-12,-7,4,2,14,6,2,-18,-3,None
0,1,0,-17,-3,-53,-12,-7,4,2,14,6,3,-16,-3,None
0,-3,-3,13,85,74,-3,-4,0,2,14,6,3,-16,-3,None
0,-3,-2,-14,52,24,-6,4,-1,2,14,6,3,-16,-3,None
0,-1,0,20,-16,31,19,1,1,2,14,6,3,-16,-3,None
0,-1,1,1,88,13,-5,3,0,2,14,6,3,-16,-3,None
0,-1,1,1,88,13,-5,3,0,2,14,6,3,-16,-3,None
0,-1,1,1,88,13,-5,3,0,2,14,6,5,-14,-3,None
0,0,8,14,-15,-33,6,5,-3,2,14,6,5,-14,-3,None
0,7,7,12,81,-25,-5,-2,14,2,14,6,5,-14,-3,None
0,-10,-10,-22,-18,67,-3,-11,-17,2,14,6,5,-14,-3,None
0,1,-1,-8,-29,-121,-1,0,-3,2,14,6,5,-14,-3,None
0,1,-1,-8,-29,-121,-1,0,-3,2,14,6,5,-14,-3,None
0,1,-1,-8,-29,-121,-1,0,-3,2,14,6,7,-15,-2,None
0,-4,-4,-3,-24,2,3,1,-3,2,14,6,7,-15,-2,None
0,0,3,11,-19,-25,-11,-4,-4,2,14,6,7,-15,-2,None
0,0,2,-25,13,9,2,1,1,2,14,6,7,-15,-2,None
0,-1,7,3,63,0,-6,-10,0,2,14,6,7,-15,-2,None
0,-1,7,3,63,0,-6,-10,0,2,14,6,7,-15,-2,None
0,-1,7,3,63,0,-6,-10,0,2,14,6,8,-15,-2,None
0,-3,17,4,-103,-87,6,3,-2,2,14,6,8,-15,-2,None
0,-4,-2,-13,-39,-38,-9,-7,0,2,14,6,8,-15,-2,None
0,3,-2,12,81,58,-3,1,0,2,14,6,8,-15,-2,None
0,-3,-1,-5,-6,-25,-8,-4,-6,2,14,6,8,-15,-2,None
0,-3,-1,-5,-6,-25,-8,-4,-6,2,15,6,8,-15,-2,None
0,-3,-1,-5,-6,-25,-8,-4,-6,2,15,6,7,-13,-2,None
0,4,5,3,42,23,1,-3,0,2,15,6,7,-13,-2,None
0,-4,-6,-10,-77,-27,-2,-3,-3,2,15,6,7,-13,-2,None
0,1,13,12,-19,6,-4,-1,6,2,15,6,7,-13,-2,None
0,-1,4,12,23,48,9,5,-6,2,15,6,7,-13,-2,None
0,-1,4,12,23,48,9,5,-6,2,15,6,7,-13,-2,None
0,-1,4,12,23,48,9,5,-6,2,15,6,8,-12,-2,None
0,3,-3,-4,-40,9,0,-1,4,2,15,6,8,-12,-2,None
0,-3,-3,-11,-11,-18,-2,-1,-6,2,15,6,8,-12,-2,None
0,0,-3,9,31,-1,1,-2,-2,2,15,6,8,-12,-2,None
0,-2,-2,-9,-85,-20,-5,-2,0,2,15,6,8,-12,-2,None
0,-2,-2,-9,-85,-20,-5,-2,0,2,15,6,8,-12,-2,None
0,-2,-2,-9,-85,-20,-5,-2,0,2,15,6,9,-12,-2,None
0,-1,-12,-5,22,2,-2,-3,-1,2,15,6,9,-12,-2,None
0,-4,0,-10,-28,8,-4,-1,-7,2,15,6,9,-12,-2,None
0,4,27,7,16,-4,3,1,-11,2,15,6,9,-12,-2,None
0,-2,-11,-13,-43,-19,-6,-3,21,2,15,6,9,-12,-2,None
0,-2,-11,-13,-43,-19,-6,-3,21,2,15,6,9,-12,-2,None
0,-2,-11,-13,-43,-19,-6,-3,21,2,15,6,9,-14,-2,None
0,2,19,-4,9,11,1,-1,0,2,15,6,9,-14,-2,None
0,-4,-17,-8,-15,23,1,0,-2,2,15,6,9,-14,-2,None
0,-3,1,-2,7,-10,0,1,6,2,15,6,9,-14,-2,None
0,0,0,-6,-9,18,-1,-4,-12,2,15,6,9,-14,-2,None
0,0,0,-6,-9,18,-1,-4,-12,2,15,6,9,-14,-2,None
0,0,0,-6,-9,18,-1,-4,-12,2,15,6,10,-16,-3,None
0,-2,2,-5,16,6,-2,-1,-3,2,15,6,10,-16,-3,None
0,-1,3,-5,-15,4,-2,-2,2,2,15,6,10,-16,-3,None
0,2,-8,-1,-6,-16,-2,-1,-3,2,15,6,10,-16,-3,None
0,-15,0,-5,-15,-1,1,-2,-5,2,15,6,10,-16,-3,None
0,-15,0,-5,-15,-1,1,-2,-5,2,15,6,10,-16,-3,None
0,-15,0,-5,-15,-1,1,-2,-5,2,15,6,9,-13,-2,None
0,32,-9,-3,3,22,-1,-3,-1,2,15,6,9,-13,-2,None
0,-2,4,0,-4,-4,-2,-1,-4,2,15,6,9,-13,-2,None
0,-4,-7,1,22,21,-1,-2,1,2,15,6,9,-13,-2,None
0,0,-1,1,-9,22,-1,-1,-2,2,15,6,9,-13,-2,None
0,0,-1,1,-9,22,-1,-1,-2,2,15,6,9,-13,-2,None
0,0,-1,1,-9,22,-1,-1,-2,2,15,6,7,-11,-1,None
0,-5,5,1,-26,-47,-1,-1,-1,2,15,6,7,-11,-1,None
0,-2,1,-3,-19,-15,-1,-4,-3,2,15,6,7,-11,-1,None
0,3,2,7,8,37,0,-1,0,2,15,6,7,-11,-1,None
0,-2,-1,7,2,-4,-1,0,-3,2,15,6,7,-11,-1,None
0,-2,-1,7,2,-4,-1,0,-3,2,15,6,7,-11,-1,None
0,-2,-1,7,2,-4,-1,0,-3,2,15,6,7,-11,0,None
0,-8,-7,-2,6,-1,-2,0,-2,2,15,6,7,-11,0,None
0,25,5,-6,3,2,-2,-1,0,2,15,6,7,-11,0,None
0,-48,-7,15,-18,-18,-4,-2,-1,2,15,6,7,-11,0,None
0,-3,-31,-21,-14,-8,-1,-1,-4,2,15,6,7,-11,0,None
0,-3,-31,-21,-14,-8,-1,-1,-4,2,15,6,7,-11,0,None
0,-3,-31,-21,-14,-8,-1,-1,-4,2,15,6,8,-12,0,None
0,-7,-5,1,7,10,1,-2,-2,2,15,6,8,-12,0,None
0,-2,-2,-5,5,19,-1,-1,0,2,15,6,8,-12,0,None
0,10,3,-9,4,-5,-1,-2,0,2,15,6,8,-12,0,None
0,3,24,2,-6,-1,1,-2,-2,2,15,6,8,-12,0,None
0,3,24,2,-6,-1,1,-2,-2,2,15,6,8,-12,0,None
0,3,24,2,-6,-1,1,-2,-2,2,15,6,9,-11,-1,None
0,-12,-6,-4,5,-5,-3,1,2,2,15,6,9,-11,-1,None
0,-2,1,-6,-2,8,-1,-1,-6,2,15,6,9,-11,-1,None
0,8,-1,-5,7,-4,0,-1,-1,2,15,6,9,-11,-1,None
0,-18,9,-1,-13,-5,-2,-2,0,2,15,6,9,-11,-1,None
0,-18,9,-1,-13,-5,-2,-2,0,2,15,6,9,-11,-1,None
0,-18,9,-1,-13,-5,-2,-2,0,2,15,6,9,-12,-1,None
0,31,3,-4,-4,-4,-1,-2,0,2,15,6,9,-12,-1,None
0,-8,1,0,-2,9,-2,-1,-2,2,15,6,9,-12,-1,None
0,4,2,-1,-8,-9,2,1,-1,2,15,6,9,-12,-1,None
0,2,-1,-1,18,17,-1,-3,-2,2,15,6,9,-12,-1,None
0,2,-1,-1,18,17,-1,-3,-2,2,15,6,9,-12,-1,None
0,2,-1,-1,18,17,-1,-3,-2,2,15,6,9,-12,-1,None
0,-12,-4,-1,-5,-6,-1,-2,0,2,15,6,9,-12,-1,None
0,-6,-3,3,-9,-4,-1,-1,0,2,15,6,9,-12,-1,None
0,4,-1,-6,6,-2,-4,0,0,2,15,6,9,-12,-1,None
0,2,-1,-1,-2,-1,-1,1,1,2,15,6,9,-12,-1,None
0,2,-1,-1,-2,-1,-1,1,1,2,15,6,9,-12,-1,None
0,2,-1,-1,-2,-1,-1,1,1,2,15,6,8,-11,-2,None
0,-7,1,-3,0,-6,-3,-6,-5,2,15,6,8,-11,-2,None
0,-3,3,-2,-10,-1,-2,-2,-3,2,15,6,8,-11,-2,None
0,-2,-2,-6,3,12,-2,0,-1,2,15,6,8,-11,-2,None
0,1,4,0,-10,0,-1,0,-1,2,15,6,8,-11,-2,None
0,1,4,0,-10,0,-1,0,-1,2,15,6,8,-11,-2,None
0,1,4,0,-10,0,-1,0,-1,2,15,6,8,-12,-2,None
0,-6,1,-1,3,3,0,-1,-1,2,15,6,8,-12,-2,None
0,-3,1,-1,-2,-7,0,-2,-1,2,15,6,8,-12,-2,None
0,3,2,-3,-1,-4,-1,-2,-1,2,15,6,8,-12,-2,None
0,3,-3,0,3,1,-1,-2,-1,2,15,6,8,-12,-2,None
0,3,-3,0,3,1,-1,-2,-1,2,15,6,8,-12,-2,None
0,3,-3,0,3,1,-1,-2,-1,2,15,6,8,-12,-2,None
0,-6,2,-2,4,8,1,-1,-1,2,15,6,8,-12,-2,None
0,-3,1,-3,-5,-2,0,-1,0,2,15,6,8,-12,-2,None
0,0,-1,-3,1,-7,-1,1,-1,2,15,6,8,-12,-2,None
0,2,-4,-3,-6,12,0,-4,-3,2,15,6,8,-12,-2,None
0,2,-4,-3,-6,12,0,-4,-3,2,15,6,8,-12,-2,None
0,2,-4,-3,-6,12,0,-4,-3,2,15,6,8,-11,-2,None
0,-5,0,-1,7,2,-1,-2,-1,2,15,6,8,-11,-2,None
0,-3,2,0,-6,1,-1,0,0,2,15,6,8,-11,-2,None
0,0,1,-2,-10,-10,-1,-1,0,2,15,6,8,-11,-2,None
0,2,1,-2,-2,-4,-1,-1,-2,2,15,6,8,-11,-2,None
0,2,1,-2,-2,-4,-1,-1,-2,2,15,6,8,-11,-2,None
0,2,1,-2,-2,-4,-1,-1,-2,2,15,6,8,-11,-2,None
0,-3,1,-1,2,5,-1,0,-2,2,15,6,8,-11,-2,None
0,-1,1,-1,-3,-1,-1,-2,-1,2,15,6,8,-11,-2,None
0,0,-3,-2,2,2,-1,-2,-1,2,15,6,8,-11,-2,None
0,-2,1,-3,1,-2,-1,-1,-1,2,15,6,8,-11,-2,None
0,-2,1,-3,1,-2,-1,-1,-1,2,15,6,8,-11,-2,None
0,-2,1,-3,1,-2,-1,-1,-1,2,15,6,9,-11,-2,None
0,-1,0,-1,0,4,0,-1,-1,2,15,6,9,-11,-2,None
0,-2,2,-2,0,0,-2,-1,-2,2,15,6,9,-11,-2,None
0,-6,-3,-2,-3,-4,-2,-1,0,2,15,6,9,-11,-2,None
0,15,1,-7,-13,-16,-3,-3,-3,2,15,6,9,-11,-2,None
0,15,1,-7,-13,-16,-3,-3,-3,2,15,6,9,-11,-2,None
0,15,1,-7,-13,-16,-3,-3,-3,2,15,6,9,-11,-2,None
0,-7,0,-2,18,23,-2,-1,-1,2,15,6,9,-11,-2,None
0,-5,-4,-2,1,-5,-1,-1,-2,2,15,6,9,-11,-2,None
0,5,0,-3,-3,4,1,-2,-1,2,15,6,9,-11,-2,None
0,-8,1,-1,0,-7,-1,-1,1,2,15,6,9,-11,-2,None
0,-8,1,-1,0,-7,-1,-1,1,2,15,6,9,-11,-2,None
0,-8,1,-1,0,-7,-1,-1,1,2,15,6,8,-11,-2,None
0,0,0,-3,-6,-4,-2,0,0,2,15,6,8,-11,-2,None
0,3,-1,-3,-2,2,-1,-2,-1,2,15,6,8,-11,-2,None
0,-8,3,-2,3,-2,-2,-3,-1,2,15,6,8,-11,-2,None
0,-2,2,0,3,1,-2,-1,-1,2,15,6,8,-11,-2,None
0,-2,2,0,3,1,-2,-1,-1,2,15,6,8,-11,-2,None
0,-2,2,0,3,1,-2,-1,-1,2,15,6,8,-11,-2,None
0,-1,1,-2,-4,-4,-1,-2,-1,2,15,6,8,-11,-2,None
0,-4,1,0,0,5,-1,-1,-2,2,15,6,8,-11,-2,None
0,2,1,-1,-3,-4,-1,-2,0,2,15,6,8,-11,-2,None
0,-3,0,-1,3,3,-3,-3,-1,2,15,6,8,-11,-2,None
0,-3,0,-1,3,3,-3,-3,-1,2,15,6,8,-11,-2,None
0,-3,0,-1,3,3,-3,-3,-1,2,15,6,8,-11,-2,None
0,2,-1,-2,-6,2,1,0,1,2,15,6,8,-11,-2,None
0,-2,2,0,1,-5,0,-1,-1,2,15,6,8,-11,-2,None
0,1,0,-2,3,-7,1,-2,-2,2,15,6,8,-11,-2,None
0,-1,-1,-3,15,16,-2,-3,-2,2,15,6,8,-11,-2,None
0,-1,-1,-3,15,16,-2,-3,-2,2,15,6,8,-11,-2,None
0,-1,-1,-3,15,16,-2,-3,-2,2,15,6,8,-11,-1,None
0,-6,2,-3,-7,-7,-2,-2,-3,2,15,6,8,-11,-1,None
0,-1,-1,-2,-3,-2,-2,-2,-1,2,15,6,8,-11,-1,None
0,1,2,0,-4,-3,-1,0,-1,2,15,6,8,-11,-1,None
0,-3,1,0,0,0,1,0,-1,2,15,6,8,-11,-1,None
0,-3,1,0,0,0,1,0,-1,2,15,6,8,-11,-1,None
0,-3,1,0,0,0,1,0,-1,2,15,6,8,-11,-1,None
0,0,1,-1,-4,-6,-1,-2,-2,2,15,6,8,-11,-1,None
0,0,2,-3,0,2,-1,-1,-1,2,15,6,8,-11,-1,None
0,0,-1,-3,-1,4,-1,-1,-3,2,15,6,8,-11,-1,None
0,-3,-1,-1,-4,-2,-3,-1,-1,2,15,6,8,-11,-1,None
0,-3,-1,-1,-4,-2,-3,-1,-1,2,15,6,8,-11,-1,None
0,-3,-1,-1,-4,-2,-3,-1,-1,2,15,6,8,-12,-1,None
0,0,0,1,0,2,-1,0,-2,2,15,6,8,-12,-1,None
0,-1,-10,-2,-1,2,-1,-1,0,2,15,6,8,-12,-1,None
0,4,15,-3,0,3,-3,-2,-3,2,15,6,8,-12,-1,None
0,-2,0,0,4,0,0,0,-2,2,15,6,8,-12,-1,None
0,-2,0,0,4,0,0,0,-2,2,15,6,8,-12,-1,None
0,-2,0,0,4,0,0,0,-2,2,15,6,9,-12,-1,None
0,-2,0,-1,7,3,0,-1,-2,2,15,6,9,-12,-1,None
0,-3,1,-2,1,3,0,-3,-1,2,15,6,9,-12,-1,None
0,-2,-4,-1,-4,0,0,-2,-1,2,15,6,9,-12,-1,None
0,-1,1,-1,-4,-3,0,-1,-1,2,15,6,9,-12,-1,None
0,-1,1,-1,-4,-3,0,-1,-1,2,15,6,9,-12,-1,None
0,-1,1,-1,-4,-3,0,-1,-1,2,15,6,9,-12,-1,None
0,1,1,-2,-1,-2,-2,-3,-1,2,15,6,9,-12,-1,None
0,0,3,-3,-3,0,-2,-1,-1,2,15,6,9,-12,-1,None
0,-1,-3,-3,-1,2,-2,0,-1,2,15,6,9,-12,-1,None
0,-1,2,-2,-2,-1,-1,-1,-2,2,15,6,9,-12,-1,None
0,-1,2,-2,-2,-1,-1,-1,-2,2,15,6,9,-12,-1,None
0,-1,2,-2,-2,-1,-1,-1,-2,2,15,6,9,-12,-1,None
0,-28,11,-3,-1,-1,-1,-1,0,2,15,6,9,-12,-1,None
0,37,-3,0,-4,-1,-2,-2,-2,2,15,6,9,-12,-1,None
0,-2,-1,-1,-4,0,0,-1,0,2,15,6,9,-12,-1,None
0,-5,-5,-2,9,6,-1,-2,-4,2,15,6,9,-12,-1,None
0,-5,-5,-2,9,6,-1,-2,-4,2,15,6,9,-12,-1,None
0,-5,-5,-2,9,6,-1,-2,-4,2,15,6,8,-12,-1,None
0,-4,4,0,1,1,0,-1,-1,2,15,6,8,-12,-1,None
0,-5,1,-2,-4,0,-2,-1,0,2,15,6,8,-12,-1,None
0,-2,-1,-2,-1,-1,-1,-1,-2,2,15,6,8,-12,-1,None
0,3,1,-3,-6,-2,-2,-1,-1,2,15,6,8,-12,-1,None
0,3,1,-3,-6,-2,-2,-1,-1,2,15,6,8,-12,-1,None
0,3,1,-3,-6,-2,-2,-1,-1,2,15,6,8,-11,-1,None
0,6,-7,-4,-2,1,-2,-1,0,2,15,6,8,-11,-1,None
0,-9,-1,-4,1,1,2,1,-1,2,15,6,8,-11,-1,None
0,2,-1,-2,4,1,0,-1,-1,2,15,6,8,-11,-1,None
0,-9,-1,0,-2,-2,0,-2,-1,2,15,6,8,-11,-1,None
0,-9,-1,0,-2,-2,0,-2,-1,2,15,6,8,-11,-1,None
0,-9,-1,0,-2,-2,0,-2,-1,2,15,6,8,-12,-1,None
0,5,-2,-3,-1,0,-3,-3,-3,2,15,6,8,-12,-1,None
0,-6,2,-2,0,0,-2,-1,-1,2,15,6,8,-12,-1,None
0,-3,2,-1,-1,0,-1,-1,-1,2,15,6,8,-12,-1,None
0,0,0,-3,-2,-1,-1,-1,1,2,15,6,8,-12,-1,None
0,0,0,-3,-2,-1,-1,-1,1,2,15,6,8,-12,-1,None
0,0,0,-3,-2,-1,-1,-1,1,2,15,6,8,-12,-2,None
0,2,-3,-1,-1,-1,-1,-2,0,2,15,6,8,-12,-2,None
0,-5,2,0,-1,0,-1,-2,-1,2,15,6,8,-12,-2,None
0,-3,-7,-2,-3,1,-2,-2,-3,2,15,6,8,-12,-2,None
0,4,7,-1,-7,-2,-1,0,0,2,15,6,8,-12,-2,None
0,4,7,-1,-7,-2,-1,0,0,2,15,6,8,-12,-2,None
0,4,7,-1,-7,-2,-1,0,0,2,15,6,8,-11,-2,None
0,2,-1,-2,2,2,-2,0,-3,2,15,6,8,-11,-2,None
0,-8,0,1,9,12,0,-4,-2,2,15,6,8,-11,-2,None
0,-1,-1,-2,-1,-2,-2,-2,-1,2,15,6,8,-11,-2,None
0,-2,-1,-2,-1,0,-1,-2,-2,2,15,6,8,-11,-2,None
0,-2,-1,-2,-1,0,-1,-2,-2,2,15,6,8,-11,-2,None
0,-2,-1,-2,-1,0,-1,-2,-2,2,15,6,8,-11,-2,None
0,-1,1,-1,-8,-7,-1,0,0,2,15,6,8,-11,-2,None
0,-2,1,-2,-2,-3,-1,0,-1,2,15,6,8,-11,-2,None
0,-1,-1,-2,1,3,-3,0,-2,2,15,6,8,-11,-2,None
0,1,1,0,-4,-2,-1,-1,-2,2,15,6,8,-11,-2,None
0,1,1,0,-4,-2,-1,-1,-2,2,15,6,8,-11,-2,None
0,1,1,0,-4,-2,-1,-1,-2,2,15,6,9,-11,-2,None
0,0,-1,-2,3,1,0,0,-2,2,15,6,9,-11,-2,None
0,-4,1,-2,1,0,0,-2,-2,2,15,6,9,-11,-2,None
0,0,0,-2,0,1,-1,-2,-1,2,15,6,9,-11,-2,None
0,-3,-1,-2,-1,0,0,0,-1,2,15,6,9,-11,-2,None
0,-3,-1,-2,-1,0,0,0,-1,2,15,6,9,-11,-2,None
0,-3,-1,-2,-1,0,0,0,-1,2,15,6,8,-11,-2,None
0,2,0,-3,-3,0,-2,-2,-2,2,15,6,8,-11,-2,None
0,-3,0,-2,-3,0,-2,-1,-2,2,15,6,8,-11,-2,None
0,-3,-2,-1,2,4,-2,-1,-1,2,15,6,8,-11,-2,None
0,-1,-1,-3,0,0,0,-2,-1,2,15,6,8,-11,-2,None
0,-1,-1,-3,0,0,0,-2,-1,2,15,6,8,-11,-2,None
0,-1,-1,-3,0,0,0,-2,-1,2,15,6,8,-11,-2,None
0,1,-1,-1,0,2,0,-3,-2,2,15,6,8,-11,-2,None
0,-1,1,-2,-5,-2,-2,0,-1,2,15,6,8,-11,-2,None
0,-1,2,-3,-1,0,-1,-1,-1,2,15,6,8,-11,-2,None
0,-2,-1,-3,0,1,-3,-1,-1,2,15,6,8,-11,-2,None
0,-2,-1,-3,0,1,-3,-1,-1,2,15,6,8,-11,-2,None
0,-2,-1,-3,0,1,-3,-1,-1,2,15,6,8,-11,-1,None
0,-1,0,-2,0,0,0,-1,-2,2,15,6,8,-11,-1,None
0,-5,-1,-2,-1,-2,-2,-1,-1,2,15,6,8,-11,-1,None
0,6,7,-2,-3,-3,-2,-3,-2,2,15,6,8,-11,-1,None
0,-2,0,-2,0,5,0,-2,-1,2,15,6,8,-11,-1,None
0,-2,0,-2,0,5,0,-2,-1,2,15,6,8,-11,-1,None
0,-2,0,-2,0,5,0,-2,-1,2,15,6,8,-11,-2,None
0,-3,-2,1,3,1,0,-2,-1,2,15,6,8,-11,-2,None
0,-2,0,-3,-1,-1,-2,-2,-2,2,15,6,8,-11,-2,None
0,-3,-1,-2,-2,-2,-1,-1,-1,2,15,6,8,-11,-2,None
0,-1,1,0,-3,-2,-1,-1,-2,2,15,6,8,-11,-2,None
0,-1,1,0,-3,-2,-1,-1,-2,2,15,6,8,-11,-2,None
0,-1,1,0,-3,-2,-1,-1,-2,2,15,6,8,-12,-2,None
0,1,1,-3,-2,-1,-1,-1,-2,2,15,6,8,-12,-2,None
0,-3,-2,-1,-1,1,1,-1,-1,2,15,6,8,-12,-2,None
0,-2,0,-3,-1,0,-1,-1,1,2,15,6,8,-12,-2,None
0,-4,0,-4,-2,-2,-2,-2,-1,2,15,6,8,-12,-2,None
0,-4,0,-4,-2,-2,-2,-2,-1,2,15,6,8,-12,-2,None
0,-4,0,-4,-2,-2,-2,-2,-1,2,15,6,8,-12,-2,None
0,-1,0,0,2,4,0,-1,-2,2,15,6,8,-12,-2,None
0,0,1,-1,-1,-1,-2,-1,-1,2,15,6,8,-12,-2,None
0,-2,0,-1,-1,0,-1,-2,0,2,15,6,8,-12,-2,None
0,-2,-1,-2,0,-2,0,0,-1,2,15,6,8,-12,-2,None
0,-2,-1,-2,0,-2,0,0,-1,2,15,6,8,-12,-2,None
0,-2,-1,-2,0,-2,0,0,-1,2,15,6,8,-11,-2,None
0,-1,1,-3,-3,-2,-1,-1,-1,2,15,6,8,-11,-2,None
0,1,0,-2,-3,-1,-1,-2,-2,2,15,6,8,-11,-2,None
0,-2,0,-2,-1,1,-1,-1,-1,2,15,6,8,-11,-2,None
0,-1,11,-2,-1,1,-1,0,-2,2,15,6,8,-11,-2,None
0,-1,11,-2,-1,1,-1,0,-2,2,15,6,8,-11,-2,None
0,-1,11,-2,-1,1,-1,0,-2,2,15,6,8,-11,-2,None
0,1,-25,-7,-7,-2,-1,0,0,2,15,6,8,-11,-2,None
0,3,10,4,2,5,-2,-2,-2,2,15,6,8,-11,-2,None
0,-4,-1,-3,5,2,0,-3,-2,2,15,6,8,-11,-2,None
0,-3,-5,-2,-1,0,-2,-3,-2,2,15,6,8,-11,-2,None
0,-3,-5,-2,-1,0,-2,-3,-2,2,15,6,8,-11,-2,None
0,-3,-5,-2,-1,0,-2,-3,-2,2,15,6,8,-12,-2,None
0,0,5,-1,-2,-2,-1,-1,-1,2,15,6,8,-12,-2,None
0,-2,-2,-4,-3,-4,0,-1,0,2,15,6,8,-12,-2,None
0,-2,-3,-2,-1,-1,0,-2,-3,2,15,6,8,-12,-2,None
0,2,4,-1,2,0,-2,-1,0,2,15,6,8,-12,-2,None
0,2,4,-1,2,0,-2,-1,0,2,15,6,8,-12,-2,None
0,2,4,-1,2,0,-2,-1,0,2,15,6,9,-11,-2,None
0,-5,5,-2,-2,-1,-2,-4,-3,2,15,6,9,-11,-2,None
0,-2,-4,-4,-1,1,0,0,-1,2,15,6,9,-11,-2,None
0,-3,7,-1,-3,0,0,0,-1,2,15,6,9,-11,-2,None
0,5,-5,-2,6,4,0,-1,-1,2,15,6,9,-11,-2,None
0,5,-5,-2,6,4,0,-1,-1,2,15,6,9,-11,-2,None
0,5,-5,-2,6,4,0,-1,-1,2,15,6,8,-11,-2,None
0,-1,5,-1,-1,0,-3,-1,-1,2,15,6,8,-11,-2,None
0,-1,0,-2,2,0,-1,-1,0,2,15,6,8,-11,-2,None
0,-1,-2,-1,-3,0,-1,-2,-2,2,15,6,8,-11,-2,None
0,-1,-3,-4,-3,-2,0,0,-1,2,15,6,8,-11,-2,None
0,-1,-3,-4,-3,-2,0,0,-1,2,15,6,8,-11,-2,None
0,-1,-3,-4,-3,-2,0,0,-1,2,15,6,9,-11,-2,None
0,-1,2,-2,2,1,0,-2,-1,2,15,6,9,-11,-2,None
0,-2,2,-2,0,0,-1,-1,-2,2,15,6,9,-11,-2,None
0,1,-1,0,-1,-1,0,-1,-1,2,15,6,9,-11,-2,None
0,-8,-3,-1,-2,1,-1,-3,-1,2,15,6,9,-11,-2,None
0,-8,-3,-1,-2,1,-1,-3,-1,2,15,6,9,-11,-2,None
0,-8,-3,-1,-2,1,-1,-3,-1,2,15,6,8,-11,-2,None
0,1,2,-4,-2,0,-3,-1,1,2,15,6,8,-11,-2,None
0,3,1,-1,-5,0,-1,-2,0,2,15,6,8,-11,-2,None
0,-1,-1,-3,6,5,-4,-3,-3,2,15,6,8,-11,-2,None
0,-3,-4,-1,2,0,-2,-1,-1,2,15,6,8,-11,-2,None
0,-3,-4,-1,2,0,-2,-1,-1,2,15,6,8,-11,-2,None
0,-3,-4,-1,2,0,-2,-1,-1,2,15,6,8,-11,-2,None
0,-1,0,0,-3,-2,0,-2,-1,2,15,6,8,-11,-2,None
0,-2,0,-2,0,-2,-1,-2,-2,2,15,6,8,-11,-2,None
0,-2,0,-1,-2,0,-1,-1,-1,2,15,6,8,-11,-2,None
0,3,2,0,-3,-1,0,0,-1,2,15,6,8,-11,-2,None
0,3,2,0,-3,-1,0,0,-1,2,15,6,8,-11,-2,None
0,3,2,0,-3,-1,0,0,-1,2,15,6,8,-12,-2,None
0,-6,2,-2,0,-1,-2,-2,-1,2,15,6,8,-12,-2,None
0,5,1,-3,-1,-1,-2,-2,-2,2,15,6,8,-12,-2,None
0,-2,0,-3,-4,0,0,-2,0,2,15,6,8,-12,-2,None
0,-1,1,-1,0,-1,-2,-1,-2,2,15,6,8,-12,-2,None
0,-1,1,-1,0,-1,-2,-1,-2,2,15,6,8,-12,-2,None
0,-1,1,-1,0,-1,-2,-1,-2,2,15,6,8,-11,-2,None
0,-1,3,1,-1,3,0,-1,-1,2,15,6,8,-11,-2,None
0,-6,-3,-3,0,-1,-2,-1,-1,2,15,6,8,-11,-2,None
0,0,2,-2,-1,1,-2,-1,-2,2,15,6,8,-11,-2,None
0,-1,1,-3,-4,0,0,-2,-1,2,15,6,8,-11,-2,None
0,-1,1,-3,-4,0,0,-2,-1,2,15,6,8,-11,-2,None
0,-1,1,-3,-4,0,0,-2,-1,2,15,6,8,-11,-2,None
0,-4,5,-1,0,0,-1,-1,-3,2,15,6,8,-11,-2,None
0,1,-23,-2,0,2,0,-1,0,2,15,6,8,-11,-2,None
0,2,4,2,-4,-3,1,-3,-1,2,15,6,8,-11,-2,None
0,-1,-1,-2,2,4,-1,-2,-2,2,15,6,8,-11,-2,None
0,-1,-1,-2,2,4,-1,-2,-2,2,15,6,8,-11,-2,None
0,-1,-1,-2,2,4,-1,-2,-2,2,15,6,8,-11,-1,None
0,-2,-3,-2,-1,-1,0,-2,-1,2,15,6,8,-11,-1,None
0,-6,6,-3,0,2,-1,-1,-2,2,15,6,8,-11,-1,None
0,-1,0,-3,-1,-1,-1,0,-1,2,15,6,8,-11,-1,None
0,0,-2,-1,-2,2,0,-1,0,2,15,6,8,-11,-1,None
0,0,-2,-1,-2,2,0,-1,0,2,15,6,8,-11,-1,None
0,0,-2,-1,-2,2,0,-1,0,2,15,6,9,-11,-2,None
0,1,3,-3,0,-5,0,0,-1,2,15,6,9,-11,-2,None
0,-2,4,-2,1,5,-4,-2,-1,2,15,6,9,-11,-2,None
0,-2,-3,-3,0,-1,-2,-2,-3,2,15,6,9,-11,-2,None
0,-1,5,-1,-1,3,0,0,-1,2,15,6,9,-11,-2,None
0,-1,5,-1,-1,3,0,0,-1,2,15,6,9,-11,-2,None
0,-1,5,-1,-1,3,0,0,-1,2,15,6,8,-11,-2,None
0,0,-2,-5,-3,2,-1,-2,-1,2,15,6,8,-11,-2,None
0,-1,-10,-1,-1,-7,-2,0,-2,2,15,6,8,-11,-2,None
0,1,3,0,-1,5,0,0,-1,2,15,6,8,-11,-2,None
0,-2,1,0,2,0,-2,-2,-2,2,15,6,8,-11,-2,None
0,-2,1,0,2,0,-2,-2,-2,2,15,6,8,-11,-2,None
0,-2,1,0,2,0,-2,-2,-2,2,15,6,8,-12,-2,None
0,-2,2,-1,-4,-1,-2,-3,-2,2,15,6,8,-12,-2,None
0,1,-1,-2,-1,-2,-1,-1,-1,2,15,6,8,-12,-2,None
0,-2,-1,-3,-3,-1,-2,0,-1,2,15,6,8,-12,-2,None
0,0,0,-3,-2,-2,-1,-1,-1,2,15,6,8,-12,-2,None
0,0,0,-3,-2,-2,-1,-1,-1,2,15,6,8,-12,-2,None
0,0,0,-3,-2,-2,-1,-1,-1,2,15,6,8,-12,-2,None
0,1,-3,-1,2,2,0,1,-1,2,15,6,8,-12,-2,None
0,-1,8,-3,-4,2,-1,-3,-1,2,15,6,8,-12,-2,None
0,-5,-2,-3,1,1,-1,-2,-2,2,15,6,8,-12,-2,None
0,-7,11,-1,1,1,-1,-1,0,2,15,6,8,-12,-2,None
0,-7,11,-1,1,1,-1,-1,0,2,15,6,8,-12,-2,None
0,-7,11,-1,1,1,-1,-1,0,2,15,6,8,-11,-2,None
0,-7,-17,-2,2,0,-1,-2,-3,2,15,6,8,-11,-2,None
0,30,4,-2,-2,1,-1,-1,-2,2,15,6,8,-11,-2,None
0,-13,0,-2,-1,-2,0,-1,-3,2,15,6,8,-11,-2,None
0,1,-3,-2,-2,-3,0,-1,-1,2,15,6,8,-11,-2,None
0,1,-3,-2,-2,-3,0,-1,-1,2,15,6,8,-11,-2,None
0,1,-3,-2,-2,-3,0,-1,-1,2,15,6,9,-11,-2,None
0,0,7,-2,-1,1,-2,-1,-1,2,15,6,9,-11,-2,None
0,-18,3,-1,1,-2,1,-1,-1,2,15,6,9,-11,-2,None
0,4,-4,-2,-2,-1,0,-1,-2,2,15,6,9,-11,-2,None
0,8,1,-2,0,1,1,0,-2,2,15,6,9,-11,-2,None
0,8,1,-2,0,1,1,0,-2,2,15,6,9,-11,-2,None
0,8,1,-2,0,1,1,0,-2,2,15,6,8,-11,-2,None
0,-11,-2,-2,4,1,0,-2,-2,2,15,6,8,-11,-2,None
0,5,-2,-3,-3,0,-1,-2,0,2,15,6,8,-11,-2,None
0,0,5,-1,2,0,-1,-1,-1,2,15,6,8,-11,-2,None
0,-5,-8,-4,-4,-2,-1,-1,-1,2,15,6,8,-11,-2,None
0,-5,-8,-4,-4,-2,-1,-1,-1,2,15,6,8,-11,-2,None
0,-5,-8,-4,-4,-2,-1,-1,-1,2,15,6,8,-11,-2,None
0,4,4,-3,-2,0,-1,-1,-1,2,15,6,8,-11,-2,None
0,-7,3,0,0,1,0,-2,-2,2,15,6,8,-11,-2,None
0,2,-3,-1,-2,0,0,0,-1,2,15,6,8,-11,-2,None
0,-5,1,-1,-1,-1,-1,-2,-2,2,15,6,8,-11,-2,None
0,-5,1,-1,-1,-1,-1,-2,-2,2,15,6,8,-11,-2,None
0,-5,1,-1,-1,-1,-1,-2,-2,2,15,6,8,-11,-2,None
0,3,-4,0,3,2,0,2,-3,2,15,6,8,-11,-2,None
0,-5,9,-1,-9,-3,0,-1,-2,2,15,6,8,-11,-2,None
0,-1,-2,-3,10,5,-3,-3,-3,2,15,6,8,-11,-2,None
0,4,-1,-2,3,5,-2,-3,-2,2,15,6,8,-11,-2,None
0,4,-1,-2,3,5,-2,-3,-2,2,15,6,8,-11,-2,None
0,4,-1,-2,3,5,-2,-3,-2,2,15,6,8,-11,-2,None
0,0,4,0,-3,-1,-2,-1,-1,2,15,6,8,-11,-2,None
0,-6,-4,-3,1,-2,-1,-1,-2,2,15,6,8,-11,-2,None
0,2,1,-4,-4,-2,-1,0,1,2,15,6,8,-11,-2,None
0,-1,2,-2,1,0,-2,-2,0,2,15,6,8,-11,-2,None
0,-1,2,-2,1,0,-2,-2,0,2,15,6,8,-11,-2,None
0,-1,2,-2,1,0,-2,-2,0,2,15,6,8,-11,-2,None
0,3,2,-1,-2,1,-2,-3,-2,2,15,6,8,-11,-2,None
0,-6,1,0,-1,1,-1,0,-1,2,15,6,8,-11,-2,None
0,-2,14,-2,-2,-1,-1,0,-2,2,15,6,8,-11,-2,None
0,-1,-18,-1,-3,2,-1,0,-2,2,15,6,8,-11,-2,None
0,-1,-18,-1,-3,2,-1,0,-2,2,15,6,8,-11,-2,None
0,-1,-18,-1,-3,2,-1,0,-2,2,15,6,8,-11,-2,None
0,-2,2,-1,1,4,0,-2,0,2,15,6,8,-11,-2,None
0,0,-1,-4,4,2,-1,-2,-2,2,15,6,8,-11,-2,None
0,-3,1,-2,-1,-2,-1,-2,-2,2,15,6,8,-11,-2,None
0,-3,4,-1,-3,-3,1,-2,-1,2,15,6,8,-11,-2,None
0,-3,4,-1,-3,-3,1,-2,-1,2,15,6,8,-11,-2,None
0,-3,4,-1,-3,-3,1,-2,-1,2,15,6,8,-11,-2,None
0,2,2,-1,-4,-2,-2,-1,-1,2,15,6,8,-11,-2,None
0,-5,-2,-1,1,2,-1,-1,-3,2,15,6,8,-11,-2,None
0,-2,-6,-3,-3,0,-2,-2,0,2,15,6,8,-11,-2,None
0,-3,17,0,-4,-5,-3,-2,-3,2,15,6,8,-11,-2,None
0,-3,17,0,-4,-5,-3,-2,-3,2,15,6,8,-11,-2,None
0,-3,17,0,-4,-5,-3,-2,-3,2,15,6,8,-11,-2,None
0,2,1,-1,0,5,2,-1,0,2,15,6,8,-11,-2,None
0,-4,0,-2,6,2,-2,-2,-2,2,15,6,8,-11,-2,None
0,-1,-7,-1,0,-2,-1,-2,-2,2,15,6,8,-11,-2,None
0,2,-3,-2,-2,0,-1,-1,-1,2,15,6,8,-11,-2,None
0,2,-3,-2,-2,0,-1,-1,-1,2,15,6,8,-11,-2,None
0,2,-3,-2,-2,0,-1,-1,-1,2,15,6,8,-11,-2,None
0,-2,3,-3,-2,-3,-1,0,-1,2,15,6,8,-11,-2,None
0,0,3,-2,-3,-1,-2,-3,-2,2,15,6,8,-11,-2,None
0,1,1,-1,-5,-1,0,-1,-1,2,15,6,8,-11,-2,None
0,-5,-1,-2,5,3,-2,-1,0,2,15,6,8,-11,-2,None
0,-5,-1,-2,5,3,-2,-1,0,2,15,6,8,-11,-2,None
0,-5,-1,-2,5,3,-2,-1,0,2,15,6,8,-12,-2,None
0,-2,-1,-2,-1,-1,-1,-1,-3,2,15,6,8,-12,-2,None
