0,1,4,22,7,-1,14,41,0,2,14,6,8,-15,-5,None
0,-2,0,-1,-3,11,7,-29,1,2,14,6,8,-15,-5,None
0,-1,-1,5,11,-6,-60,-39,-6,2,14,6,8,-15,-5,None
0,-1,-1,5,11,-6,-60,-39,-6,2,14,6,8,-15,-5,None
0,-1,-1,5,11,-6,-60,-39,-6,2,14,6,6,-17,-5,None
0,-2,1,22,-5,51,-3,23,-4,2,14,6,6,-17,-5,None
0,0,1,-16,-37,-62,40,-2,2,2,14,6,6,-17,-5,None
0,0,-4,-14,14,3,-24,-23,-4,2,14,6,6,-17,-5,None
0,-2,-1,3,2,-10,3,34,1,2,14,6,6,-17,-5,None
0,-2,-1,3,2,-10,3,34,1,2,14,6,6,-17,-5,None
0,-2,-1,3,2,-10,3,34,1,2,14,6,3,-17,-4,None
0,0,2,-14,9,16,2,-49,-2,2,14,6,3,-17,-4,None
0,-1,3,0,-1,1,-29,22,-4,2,14,6,3,-17,-4,None
0,-4,1,5,-6,2,-69,8,0,2,14,6,3,-17,-4,None
0,2,3,7,-3,-17,97,0,5,2,14,6,3,-17,-4,None
0,2,3,7,-3,-17,97,0,5,1,14,6,3,-17,-4,None
0,2,3,7,-3,-17,97,0,5,1,14,6,1,-17,-4,None
0,0,2,-7,-16,31,-3,-4,-2,1,14,6,1,-17,-4,None
0,4,1,-3,3,-24,34,46,2,1,14,6,1,-17,-4,None
0,0,2,5,19,0,37,-38,-1,1,14,6,1,-17,-4,None
0,-4,1,5,-1,3,-57,3,-5,1,14,6,1,-17,-4,None
0,-4,1,5,-1,3,-57,3,-5,1,13,6,1,-17,-4,None
0,-4,1,5,-1,3,-57,3,-5,1,13,6,0,-16,-4,None
0,-1,1,2,-2,-21,-47,-15,-7,1,13,6,0,-16,-4,None
0,-2,-4,-2,57,15,12,-11,-2,1,13,6,0,-16,-4,None
0,-1,0,1,-70,-15,-6,-11,-6,1,13,6,0,-16,-4,None
0,0,1,-8,21,26,3,-4,3,1,13,6,0,-16,-4,None
0,0,1,-8,21,26,3,-4,3,0,13,5,0,-16,-4,None
0,0,1,-8,21,26,3,-4,3,0,13,5,-1,-17,-4,None
0,0,-2,-4,37,-16,-18,18,4,0,13,5,-1,-17,-4,None
0,-6,-3,1,-50,18,17,-9,-6,0,13,5,-1,-17,-4,None
0,7,4,13,38,-11,16,9,-1,0,13,5,-1,-17,-4,None
0,-5,-5,-5,-51,-2,-13,-16,-3,0,13,5,-1,-17,-4,None
0,-5,-5,-5,-51,-2,-13,-16,-3,0,13,5,-1,-17,-4,None
0,-5,-5,-5,-51,-2,-13,-16,-3,0,13,5,-1,-16,-3,None
0,4,1,5,28,24,-13,4,-2,0,13,5,-1,-16,-3,None
0,-6,-37,-10,49,-48,2,2,0,0,13,5,-1,-16,-3,None
0,-8,30,-1,-50,37,3,-1,-1,0,13,5,-1,-16,-3,None
0,25,-33,3,-1,-50,-8,2,-1,0,13,5,-1,-16,-3,None
0,25,-33,3,-1,-50,-8,2,-1,17,12,5,-1,-16,-3,None
0,25,-33,3,-1,-50,-8,2,-1,17,12,5,-2,-15,-3,None
0,-42,-34,2,53,55,5,-14,-2,17,12,5,-2,-15,-3,None
0,3,15,1,28,-8,6,18,3,17,12,5,-2,-15,-3,None
0,4,4,-3,10,-66,14,-11,-2,17,12,5,-2,-15,-3,None
0,20,-16,1,-59,15,-13,-5,0,17,12,5,-2,-15,-3,None
0,20,-16,1,-59,15,-13,-5,0,17,12,5,-2,-15,-3,None
0,20,-16,1,-59,15,-13,-5,0,17,12,5,-3,-14,-3,None
0,-20,13,4,33,18,3,9,-16,17,12,5,-3,-14,-3,None
0,5,41,8,-60,9,4,-9,21,17,12,5,-3,-14,-3,None
0,-25,-91,-3,37,47,3,-4,-20,17,12,5,-3,-14,-3,None
0,-6,13,2,-26,-80,6,14,4,17,12,5,-3,-14,-3,None
0,-6,13,2,-26,-80,6,14,4,16,11,5,-3,-14,-3,None
0,-6,13,2,-26,-80,6,14,4,16,11,5,-4,-13,-2,None
0,3,9,-4,-29,28,-6,-3,2,16,11,5,-4,-13,-2,None
0,75,15,9,-1,9,-13,-15,-8,16,11,5,-4,-13,-2,None
0,-15,40,0,0,-46,14,11,6,16,11,5,-4,-13,-2,None
0,-17,17,2,85,-8,-12,-28,-11,16,11,5,-4,-13,-2,None
0,-17,17,2,85,-8,-12,-28,-11,16,11,5,-4,-13,-2,None
0,-17,17,2,85,-8,-12,-28,-11,16,11,5,-4,-12,-2,None
0,0,3,-6,31,-33,-2,24,9,16,11,5,-4,-12,-2,None
0,-30,36,-32,-85,-123,-16,-9,-3,16,11,5,-4,-12,-2,None
0,1,-6,0,83,115,17,20,9,16,11,5,-4,-12,-2,None
0,13,-42,11,-6,-94,-10,-8,12,16,11,5,-4,-12,-2,None
0,13,-42,11,-6,-94,-10,-8,12,15,10,5,-4,-12,-2,None
0,13,-42,11,-6,-94,-10,-8,12,15,10,5,-4,-13,-2,None
0,64,10,-23,23,45,3,-2,5,15,10,5,-4,-13,-2,None
0,-57,-30,-13,37,68,8,1,-9,15,10,5,-4,-13,-2,None
0,45,21,11,26,-8,-12,-12,-7,15,10,5,-4,-13,-2,None
0,-54,10,17,11,2,7,6,-5,15,10,5,-4,-13,-2,None
0,-54,10,17,11,2,7,6,-5,15,10,5,-4,-13,-2,None
0,-54,10,17,11,2,7,6,-5,15,10,5,-5,-13,-2,None
0,10,-12,-41,-15,84,13,1,8,15,10,5,-5,-13,-2,None
0,-5,-32,27,-49,25,-6,-9,-8,15,10,5,-5,-13,-2,None
0,14,32,-2,-69,51,4,-6,-2,15,10,5,-5,-13,-2,None
0,-10,14,9,90,55,-9,7,2,15,10,5,-5,-13,-2,None
0,-10,14,9,90,55,-9,7,2,15,10,6,-5,-13,-2,None
0,-10,14,9,90,55,-9,7,2,15,10,6,-5,-12,-2,None
0,-18,26,-2,-99,-23,-13,-2,-3,15,10,6,-5,-12,-2,None
0,0,20,3,-25,65,2,-7,0,15,10,6,-5,-12,-2,None
0,17,8,-5,59,-82,-12,4,14,15,10,6,-5,-12,-2,None
0,-15,-8,-8,-103,5,1,5,-13,15,10,6,-5,-12,-2,None
0,-15,-8,-8,-103,5,1,5,-13,14,10,6,-5,-12,-2,None
0,-15,-8,-8,-103,5,1,5,-13,14,10,6,-5,-11,-2,None
0,31,18,22,22,28,-22,-14,3,14,10,6,-5,-11,-2,None
0,-1,-32,-9,31,7,11,0,-8,14,10,6,-5,-11,-2,None
0,22,-32,17,56,82,2,1,3,14,10,6,-5,-11,-2,None
0,8,30,2,-6,0,-10,-6,-6,14,10,6,-5,-11,-2,None
0,8,30,2,-6,0,-10,-6,-6,14,10,6,-5,-11,-2,None
0,8,30,2,-6,0,-10,-6,-6,14,10,6,-5,-10,-2,None
0,-33,9,15,-43,-46,7,5,-2,14,10,6,-5,-10,-2,None
0,-19,-13,-42,46,-18,-1,-3,3,14,10,6,-5,-10,-2,None
0,-27,-2,12,-12,-52,9,3,6,14,10,6,-5,-10,-2,None
0,-3,-13,-104,-92,-21,-26,-6,-9,14,10,6,-5,-10,-2,None
0,-3,-13,-104,-92,-21,-26,-6,-9,14,9,6,-5,-10,-2,None
0,-3,-13,-104,-92,-21,-26,-6,-9,14,9,6,-5,-11,-2,None
0,-43,-1,40,28,-118,-9,-7,-13,14,9,6,-5,-11,-2,None
0,8,7,13,29,22,-10,-6,1,14,9,6,-5,-11,-2,None
0,16,16,-2,24,24,17,3,0,14,9,6,-5,-11,-2,None
0,24,24,30,104,127,21,7,12,14,9,6,-5,-11,-2,None
0,24,24,30,104,127,21,7,12,14,9,6,-5,-11,-2,None
0,24,24,30,104,127,21,7,12,14,9,6,-5,-11,-1,None
0,10,-28,-15,-59,-79,3,1,-2,14,9,6,-5,-11,-1,None
0,33,22,22,88,11,-4,-4,-5,14,9,6,-5,-11,-1,None
0,-38,19,-22,-117,-72,1,4,2,14,9,6,-5,-11,-1,None
0,-14,-12,52,35,81,-1,-7,-2,14,9,6,-5,-11,-1,None
0,-14,-12,52,35,81,-1,-7,-2,14,9,6,-5,-11,-1,None
0,-14,-12,52,35,81,-1,-7,-2,14,9,6,-5,-11,-1,None
0,22,4,-28,-62,19,-11,-9,-15,14,9,6,-5,-11,-1,None
0,-17,-40,19,-14,-17,3,0,0,14,9,6,-5,-11,-1,None
0,-30,-9,-43,-49,36,-1,0,-9,14,9,6,-5,-11,-1,None
0,-14,2,34,40,-29,-3,-3,-3,14,9,6,-5,-11,-1,None
0,-14,2,34,40,-29,-3,-3,-3,14,9,6,-5,-11,-1,None
0,-14,2,34,40,-29,-3,-3,-3,14,9,6,-5,-10,-1,None
0,-9,-1,0,33,-5,2,-2,4,14,9,6,-5,-10,-1,None
0,-33,19,-10,-44,21,7,-1,-5,14,9,6,-5,-10,-1,None
0,-34,-36,-17,-1,-53,-16,-10,-10,14,9,6,-5,-10,-1,None
0,3,11,4,-75,-37,1,0,-6,14,9,6,-5,-10,-1,None
0,3,11,4,-75,-37,1,0,-6,14,9,6,-5,-10,-1,None
0,3,11,4,-75,-37,1,0,-6,14,9,6,-6,-10,-1,None
0,19,-48,-16,-17,-26,-14,-7,-9,14,9,6,-6,-10,-1,None
0,27,19,-39,-19,-18,6,0,9,14,9,6,-6,-10,-1,None
0,47,-1,0,24,-38,-4,-3,-5,14,9,6,-6,-10,-1,None
0,10,16,30,120,55,-5,-3,-3,14,9,6,-6,-10,-1,None
0,10,16,30,120,55,-5,-3,-3,13,9,6,-6,-10,-1,None
0,10,16,30,120,55,-5,-3,-3,13,9,6,-7,-11,0,None
0,-26,2,1,30,9,14,5,0,13,9,6,-7,-11,0,None
0,8,7,11,30,-44,-6,-7,-2,13,9,6,-7,-11,0,None
0,-13,-7,-9,39,50,-3,-2,0,13,9,6,-7,-11,0,None
0,7,1,-31,-91,-48,-9,-2,0,13,9,6,-7,-11,0,None
0,7,1,-31,-91,-48,-9,-2,0,13,9,6,-7,-11,0,None
0,7,1,-31,-91,-48,-9,-2,0,13,9,6,-7,-11,0,None
0,-33,7,-10,104,33,7,2,0,13,9,6,-7,-11,0,None
0,-14,-11,2,-42,29,-8,-5,-10,13,9,6,-7,-11,0,None
0,27,36,6,44,-7,-12,-5,1,13,9,6,-7,-11,0,None
0,-34,-30,-10,51,24,1,-1,-6,13,9,6,-7,-11,0,None
0,-34,-30,-10,51,24,1,-1,-6,13,9,6,-7,-11,0,None
0,-34,-30,-10,51,24,1,-1,-6,13,9,6,-7,-11,0,None
0,12,4,4,-74,-16,8,1,13,13,9,6,-7,-11,0,None
0,3,16,-6,19,82,20,9,-4,13,9,6,-7,-11,0,None
0,-7,-32,-30,-39,-7,-8,-4,-4,13,9,6,-7,-11,0,None
0,10,30,-5,-35,-48,-3,3,3,13,9,6,-7,-11,0,None
0,10,30,-5,-35,-48,-3,3,3,13,9,6,-7,-11,0,None
0,10,30,-5,-35,-48,-3,3,3,13,9,6,-8,-11,0,None
0,23,-54,5,-64,13,-12,-13,-12,13,9,6,-8,-11,0,None
0,-3,5,3,32,-15,2,-2,3,13,9,6,-8,-11,0,None
0,2,7,-19,-27,-28,5,2,2,13,9,6,-8,-11,0,None
0,6,-2,-22,-35,-4,1,-1,-4,13,9,6,-8,-11,0,None
0,6,-2,-22,-35,-4,1,-1,-4,13,9,6,-8,-11,0,None
0,6,-2,-22,-35,-4,1,-1,-4,13,9,6,-8,-10,0,None
0,-6,17,4,8,3,2,3,-1,13,9,6,-8,-10,0,None
0,2,4,-4,42,17,-4,-4,-4,13,9,6,-8,-10,0,None
0,-6,-10,-5,-43,19,5,2,2,13,9,6,-8,-10,0,None
0,-3,1,-7,72,36,4,-3,-2,13,9,6,-8,-10,0,None
0,-3,1,-7,72,36,4,-3,-2,13,9,6,-8,-10,0,None
0,-3,1,-7,72,36,4,-3,-2,13,9,6,-8,-10,0,None
0,8,22,8,-20,-13,3,3,1,13,9,6,-8,-10,0,None
0,9,11,-1,-35,1,0,0,1,13,9,6,-8,-10,0,None
0,-65,-9,30,2,38,-18,-10,-11,13,9,6,-8,-10,0,None
0,-11,-9,-6,39,30,0,-4,2,13,9,6,-8,-10,0,None
0,-11,-9,-6,39,30,0,-4,2,13,9,6,-8,-10,0,None
0,-11,-9,-6,39,30,0,-4,2,13,9,6,-9,-10,0,None
0,-38,6,-4,-11,40,10,7,-1,13,9,6,-9,-10,0,None
0,-2,25,-22,9,-16,-16,-8,-2,13,9,6,-9,-10,0,None
0,8,-7,10,10,-4,-2,0,-1,13,9,6,-9,-10,0,None
0,2,5,18,-33,8,-6,-2,-4,13,9,6,-9,-10,0,None
0,2,5,18,-33,8,-6,-2,-4,13,9,6,-9,-10,0,None
0,2,5,18,-33,8,-6,-2,-4,13,9,6,-10,-11,0,None
0,4,-1,-19,18,11,-9,-8,-6,13,9,6,-10,-11,0,None
0,-3,2,11,33,-10,10,9,7,13,9,6,-10,-11,0,None
0,-5,5,22,-40,-17,8,-1,-4,13,9,6,-10,-11,0,None
0,7,-7,-10,-20,-10,-1,0,1,13,9,6,-10,-11,0,None
0,7,-7,-10,-20,-10,-1,0,1,13,9,6,-10,-11,0,None
0,7,-7,-10,-20,-10,-1,0,1,13,9,6,-10,-11,0,None
0,33,33,1,-14,4,7,3,5,13,9,6,-10,-11,0,None
0,-56,-41,-3,-9,26,-2,1,-8,13,9,6,-10,-11,0,None
0,16,5,-2,-7,-21,-5,-4,1,13,9,6,-10,-11,0,None
0,10,0,-7,8,-41,-7,-5,-4,13,9,6,-10,-11,0,None
0,10,0,-7,8,-41,-7,-5,-4,13,9,6,-10,-11,0,None
0,10,0,-7,8,-41,-7,-5,-4,13,9,6,-10,-11,0,None
0,-1,3,4,7,-15,7,4,2,13,9,6,-10,-11,0,None
0,33,-19,-35,47,39,0,-6,1,13,9,6,-10,-11,0,None
0,-19,10,18,-51,-48,6,8,0,13,9,6,-10,-11,0,None
0,14,-6,-2,-46,15,1,1,3,13,9,6,-10,-11,0,None
0,14,-6,-2,-46,15,1,1,3,13,9,6,-10,-11,0,None
0,14,-6,-2,-46,15,1,1,3,13,9,6,-10,-11,0,None
0,1,11,-5,-17,18,-9,-8,-6,13,9,6,-10,-11,0,None
0,2,-12,13,22,9,3,-4,-1,13,9,6,-10,-11,0,None
0,9,1,-4,30,18,4,3,0,13,9,6,-10,-11,0,None
0,8,3,7,-47,-3,-5,2,-1,13,9,6,-10,-11,0,None
0,8,3,7,-47,-3,-5,2,-1,13,9,6,-10,-11,0,None
0,8,3,7,-47,-3,-5,2,-1,13,9,6,-10,-11,0,None
0,0,12,1,-5,-62,1,-2,1,13,9,6,-10,-11,0,None
0,-2,-34,-9,-116,10,-5,-3,-4,13,9,6,-10,-11,0,None
0,17,4,-18,42,21,0,-3,1,13,9,6,-10,-11,0,None
0,-48,12,10,33,-9,-1,-2,-7,13,9,6,-10,-11,0,None
0,-48,12,10,33,-9,-1,-2,-7,13,9,6,-10,-11,0,None
0,-48,12,10,33,-9,-1,-2,-7,13,9,6,-10,-11,0,None
0,-3,-5,-26,-40,-2,-10,-9,-8,13,9,6,-10,-11,0,None
0,1,16,24,-17,-94,-10,-2,-2,13,9,6,-10,-11,0,None
0,8,1,-9,31,54,0,-3,1,13,9,6,-10,-11,0,None
0,-21,-4,-16,6,0,-5,-1,-1,13,9,6,-10,-11,0,None
0,-21,-4,-16,6,0,-5,-1,-1,13,9,6,-10,-11,0,None
0,-21,-4,-16,6,0,-5,-1,-1,13,9,6,-10,-11,0,None
0,14,-5,0,62,13,3,3,0,13,9,6,-10,-11,0,None
0,-9,-4,-4,18,21,7,4,0,13,9,6,-10,-11,0,None
0,0,-2,0,-63,-32,8,-3,4,13,9,6,-10,-11,0,None
0,14,1,-13,-50,22,-4,-7,-4,13,9,6,-10,-11,0,None
0,14,1,-13,-50,22,-4,-7,-4,13,9,6,-10,-11,0,None
0,14,1,-13,-50,22,-4,-7,-4,13,9,6,-10,-11,0,None
0,-6,-5,-6,39,12,-8,-2,-4,13,9,6,-10,-11,0,None
0,4,14,16,-22,-37,-4,2,0,13,9,6,-10,-11,0,None
0,-9,-4,-8,63,-6,-6,-10,-6,13,9,6,-10,-11,0,None
0,9,-3,-28,-24,-1,5,1,-1,13,9,6,-10,-11,0,None
0,9,-3,-28,-24,-1,5,1,-1,13,9,6,-10,-11,0,None
0,9,-3,-28,-24,-1,5,1,-1,13,9,6,-10,-11,0,None
0,-1,-1,9,10,-4,0,-4,-1,13,9,6,-10,-11,0,None
0,-1,4,-29,20,-14,-6,3,0,13,9,6,-10,-11,0,None
0,-1,-1,6,29,6,5,-2,-5,13,9,6,-10,-11,0,None
0,8,14,-29,-14,43,13,6,5,13,9,6,-10,-11,0,None
0,8,14,-29,-14,43,13,6,5,13,9,6,-10,-11,0,None
0,8,14,-29,-14,43,13,6,5,13,9,6,-10,-11,0,None
0,-14,-19,10,-5,-40,-15,-5,-5,13,9,6,-10,-11,0,None
0,4,8,5,14,7,-2,-2,-2,13,9,6,-10,-11,0,None
0,-1,7,6,-7,4,-7,0,1,13,9,6,-10,-11,0,None
0,7,0,-3,25,-8,3,0,-1,13,9,6,-10,-11,0,None
0,7,0,-3,25,-8,3,0,-1,13,9,6,-10,-11,0,None
0,7,0,-3,25,-8,3,0,-1,13,9,6,-9,-10,0,None
0,0,7,9,33,22,4,1,2,13,9,6,-9,-10,0,None
0,-6,1,4,-18,24,6,-2,-1,13,9,6,-9,-10,0,None
0,0,1,-2,-12,-7,-3,-1,-1,13,9,6,-9,-10,0,None
0,1,0,10,11,-11,-5,-3,-3,13,9,6,-9,-10,0,None
0,1,0,10,11,-11,-5,-3,-3,13,9,6,-9,-10,0,None
0,1,0,10,11,-11,-5,-3,-3,13,9,6,-9,-10,0,None
0,3,2,-2,-8,14,-3,-1,1,13,9,6,-9,-10,0,None
0,-1,-2,3,-9,-1,3,0,-2,13,9,6,-9,-10,0,None
0,-2,2,-1,11,20,-1,-1,-4,13,9,6,-9,-10,0,None
0,5,-1,3,2,-25,-4,-2,0,13,9,6,-9,-10,0,None
0,5,-1,3,2,-25,-4,-2,0,13,9,6,-9,-10,0,None
0,5,-1,3,2,-25,-4,-2,0,13,9,6,-9,-10,0,None
0,-3,0,4,19,17,-5,-4,-2,13,9,6,-9,-10,0,None
0,-1,2,-2,-8,0,-37,-10,-4,13,9,6,-9,-10,0,None
0,1,2,-1,-8,3,53,10,3,13,9,6,-9,-10,0,None
0,-3,-4,7,7,-15,-16,-3,0,13,9,6,-9,-10,0,None
0,-3,-4,7,7,-15,-16,-3,0,13,9,6,-9,-10,0,None
0,-3,-4,7,7,-15,-16,-3,0,13,9,6,-8,-11,0,None
0,-1,2,-1,-2,19,-6,-3,-1,13,9,6,-8,-11,0,None
0,0,1,2,-13,-20,44,11,2,13,9,6,-8,-11,0,None
0,-2,0,-3,2,1,-18,-10,-3,13,9,6,-8,-11,0,None
0,-2,-4,2,5,-20,-22,-7,-4,13,9,6,-8,-11,0,None
0,-2,-4,2,5,-20,-22,-7,-4,13,9,6,-8,-11,0,None
0,-2,-4,2,5,-20,-22,-7,-4,13,9,6,-8,-10,0,None
0,3,5,-3,7,9,31,13,3,13,9,6,-8,-10,0,None
0,-1,0,-1,0,6,-8,-4,-3,13,9,6,-8,-10,0,None
0,-3,-1,-1,-3,13,-15,-4,-3,13,9,6,-8,-10,0,None
0,0,0,-2,0,-11,-20,-6,-3,13,9,6,-8,-10,0,None
0,0,0,-2,0,-11,-20,-6,-3,14,9,6,-8,-10,0,None
0,0,0,-2,0,-11,-20,-6,-3,14,9,6,-7,-10,0,None
0,-3,-1,-3,-2,-21,-3,-2,-2,14,9,6,-7,-10,0,None
0,-2,2,0,1,29,-7,-3,0,14,9,6,-7,-10,0,None
0,-1,1,-1,-7,-23,-1,1,-1,14,9,6,-7,-10,0,None
0,-1,-1,-4,3,11,-5,-5,-3,14,9,6,-7,-10,0,None
0,-1,-1,-4,3,11,-5,-5,-3,14,9,6,-7,-10,0,None
0,-1,-1,-4,3,11,-5,-5,-3,14,9,6,-6,-10,0,None
0,1,2,-1,4,-2,2,2,1,14,9,6,-6,-10,0,None
0,-1,-2,-2,-4,4,21,1,-3,14,9,6,-6,-10,0,None
0,-2,1,-3,-3,6,-17,-4,-1,14,9,6,-6,-10,0,None
0,0,0,2,5,6,10,1,-2,14,9,6,-6,-10,0,None
0,0,0,2,5,6,10,1,-2,14,9,6,-6,-10,0,None
0,0,0,2,5,6,10,1,-2,14,9,6,-5,-10,0,None
0,-1,1,-2,0,-16,0,-2,-2,14,9,6,-5,-10,0,None
0,0,1,-1,0,1,-7,-3,1,14,9,6,-5,-10,0,None
0,-1,-1,-2,-1,5,-7,-4,-2,14,9,6,-5,-10,0,None
0,1,1,-2,-1,-4,18,4,0,14,9,6,-5,-10,0,None
0,1,1,-2,-1,-4,18,4,0,14,9,6,-5,-10,0,None
0,1,1,-2,-1,-4,18,4,0,14,9,6,-5,-11,0,None
0,-2,0,4,-2,2,-6,-5,-3,14,9,6,-5,-11,0,None
0,-2,2,3,-3,0,-12,-4,-4,14,9,6,-5,-11,0,None
0,-1,1,4,-1,1,-3,1,-2,14,9,6,-5,-11,0,None
0,0,-2,1,3,5,4,0,-1,14,9,6,-5,-11,0,None
0,0,-2,1,3,5,4,0,-1,14,9,6,-5,-11,0,None
0,0,-2,1,3,5,4,0,-1,14,9,6,-5,-10,-1,None
0,-2,-1,-4,-3,-3,-4,-3,-2,14,9,6,-5,-10,-1,None
0,-1,3,9,-6,-3,-6,-2,-1,14,9,6,-5,-10,-1,None
0,-1,-1,-22,1,0,3,-1,-2,14,9,6,-5,-10,-1,None
0,1,-1,6,1,7,4,2,1,14,9,6,-5,-10,-1,None
0,1,-1,6,1,7,4,2,1,14,9,6,-5,-10,-1,None
0,1,-1,6,1,7,4,2,1,14,9,6,-5,-11,-1,None
0,-3,0,-1,4,-3,-1,-2,-4,14,9,6,-5,-11,-1,None
0,0,-5,-4,0,-7,-3,-4,-3,14,9,6,-5,-11,-1,None
0,-1,5,7,1,12,3,2,3,14,9,6,-5,-11,-1,None
0,-1,8,-8,-2,0,0,-1,-1,14,9,6,-5,-11,-1,None
0,-1,8,-8,-2,0,0,-1,-1,14,10,6,-5,-11,-1,None
0,-1,8,-8,-2,0,0,-1,-1,14,10,6,-5,-11,-2,None
0,-3,-14,-2,0,-2,-3,-1,-2,14,10,6,-5,-11,-2,None
0,-1,2,-26,-1,-4,-6,-4,-2,14,10,6,-5,-11,-2,None
0,-3,-5,-6,-1,-2,-6,-3,-5,14,10,6,-5,-11,-2,None
0,-2,0,2,-1,0,0,-1,-2,14,10,6,-5,-11,-2,None
0,-2,0,2,-1,0,0,-1,-2,14,10,6,-5,-11,-2,None
0,-2,0,2,-1,0,0,-1,-2,14,10,6,-4,-12,-3,None
0,0,8,8,1,0,3,-2,2,14,10,6,-4,-12,-3,None
0,-1,0,-5,0,2,-2,-2,-1,14,10,6,-4,-12,-3,None
0,-2,0,-7,0,1,-3,-3,-2,14,10,6,-4,-12,-3,None
0,-1,2,4,-1,0,4,1,1,14,10,6,-4,-12,-3,None
0,-1,2,4,-1,0,4,1,1,15,10,6,-4,-12,-3,None
0,-1,2,4,-1,0,4,1,1,15,10,6,-5,-13,-3,None
0,-1,-2,-19,-1,0,-3,-1,-4,15,10,6,-5,-13,-3,None
0,1,4,-3,4,-2,-5,-3,-1,15,10,6,-5,-13,-3,None
0,-1,-3,10,2,18,-3,0,0,15,10,6,-5,-13,-3,None
0,-1,-2,-4,-1,-10,12,-1,-1,15,10,6,-5,-13,-3,None
0,-1,-2,-4,-1,-10,12,-1,-1,15,10,6,-5,-13,-3,None
0,-1,-2,-4,-1,-10,12,-1,-1,15,10,6,-5,-13,-3,None
0,-1,3,4,5,2,-2,3,0,15,10,6,-5,-13,-3,None
0,2,4,-13,14,-2,-5,-5,0,15,10,6,-5,-13,-3,None
0,-1,0,9,1,3,0,0,-2,15,10,6,-5,-13,-3,None
0,0,-1,0,3,6,-6,-7,-2,15,10,6,-5,-13,-3,None
0,0,-1,0,3,6,-6,-7,-2,15,11,6,-5,-13,-3,None
0,0,-1,0,3,6,-6,-7,-2,15,11,6,-5,-12,-3,None
0,0,0,-3,-2,2,-24,-5,0,15,11,6,-5,-12,-3,None
0,0,1,7,5,-3,34,12,0,15,11,6,-5,-12,-3,None
0,0,3,9,-1,-8,-3,-1,-1,15,11,6,-5,-12,-3,None
0,-3,-3,-16,6,4,0,-1,-3,15,11,6,-5,-12,-3,None
0,-3,-3,-16,6,4,0,-1,-3,16,11,6,-5,-12,-3,None
0,-3,-3,-16,6,4,0,-1,-3,16,11,6,-5,-12,-3,None
0,-3,2,0,3,-6,-9,-5,-3,16,11,6,-5,-12,-3,None
0,-1,-2,4,-5,-9,-10,-7,-1,16,11,6,-5,-12,-3,None
0,0,0,-6,-4,-6,-7,-2,1,16,11,6,-5,-12,-3,None
0,-2,1,6,-4,7,8,1,0,16,11,6,-5,-12,-3,None
0,-2,1,6,-4,7,8,1,0,16,11,5,-5,-12,-3,None
0,-2,1,6,-4,7,8,1,0,16,11,5,-5,-13,-4,None
0,-1,1,-4,-5,4,4,-1,-1,16,11,5,-5,-13,-4,None
0,-1,-2,-7,13,5,-11,-3,-2,16,11,5,-5,-13,-4,None
0,-1,3,-1,1,-3,2,-3,-3,16,11,5,-5,-13,-4,None
0,0,-1,-17,-29,3,-3,-1,-1,16,11,5,-5,-13,-4,None
0,0,-1,-17,-29,3,-3,-1,-1,17,12,5,-5,-13,-4,None
0,0,-1,-17,-29,3,-3,-1,-1,17,12,5,-5,-13,-4,None
0,-2,-1,-23,-5,7,7,2,1,17,12,5,-5,-13,-4,None
0,-3,-1,6,9,10,-1,-1,-1,17,12,5,-5,-13,-4,None
0,0,3,-2,32,-2,1,-1,-1,17,12,5,-5,-13,-4,None
0,1,4,10,-15,-15,-7,3,0,17,12,5,-5,-13,-4,None
0,1,4,10,-15,-15,-7,3,0,17,12,6,-5,-13,-4,None
0,1,4,10,-15,-15,-7,3,0,17,12,6,-4,-14,-3,None
0,-2,0,15,69,11,1,-4,-5,17,12,6,-4,-14,-3,None
0,-4,-4,3,6,24,3,3,-3,17,12,6,-4,-14,-3,None
0,-6,-5,-11,-3,-16,-1,-5,-4,17,12,6,-4,-14,-3,None
0,-1,1,10,85,24,1,1,0,17,12,6,-4,-14,-3,None
0,-1,1,10,85,24,1,1,0,17,12,6,-4,-14,-3,None
0,-1,1,10,85,24,1,1,0,17,12,6,-4,-14,-3,None
0,1,3,7,15,29,9,3,0,17,12,6,-4,-14,-3,None
0,5,7,11,-8,-24,-7,1,2,17,12,6,-4,-14,-3,None
0,-3,1,10,79,18,-1,-7,-4,17,12,6,-4,-14,-3,None
0,0,1,-4,-7,-11,0,4,1,17,12,6,-4,-14,-3,None
0,0,1,-4,-7,-11,0,4,1,0,13,6,-4,-14,-3,None
0,0,1,-4,-7,-11,0,4,1,0,13,6,-3,-13,-2,None
0,-1,-2,-10,-69,-18,-2,-4,1,0,13,6,-3,-13,-2,None
0,-4,-3,-20,62,3,-7,-5,-3,0,13,6,-3,-13,-2,None
0,-1,2,-5,-28,-4,-1,2,0,0,13,6,-3,-13,-2,None
0,-2,-3,-15,9,20,-1,-2,-3,0,13,6,-3,-13,-2,None
0,-2,-3,-15,9,20,-1,-2,-3,0,13,6,-3,-13,-2,None
0,-2,-3,-15,9,20,-1,-2,-3,0,13,6,-2,-13,-3,None
0,3,5,-5,-12,-27,7,1,7,0,13,6,-2,-13,-3,None
0,-2,1,4,-100,-4,0,4,-3,0,13,6,-2,-13,-3,None
0,-4,-3,-5,11,24,-8,0,-5,0,13,6,-2,-13,-3,None
0,-1,-2,-3,-6,48,-5,-14,-3,0,13,6,-2,-13,-3,None
0,-1,-2,-3,-6,48,-5,-14,-3,0,13,6,-2,-13,-3,None
0,-1,-2,-3,-6,48,-5,-14,-3,0,13,6,0,-15,-3,None
0,1,2,10,36,-62,14,11,0,0,13,6,0,-15,-3,None
0,-1,0,-16,-89,57,0,-6,-2,0,13,6,0,-15,-3,None
0,0,2,-10,39,-75,-14,-2,-1,0,13,6,0,-15,-3,None
0,-2,0,-1,42,50,15,1,-1,0,13,6,0,-15,-3,None
0,-2,0,-1,42,50,15,1,-1,1,13,6,0,-15,-3,None
0,-2,0,-1,42,50,15,1,-1,1,13,6,0,-17,-3,None
0,-1,-3,-5,-51,-47,-8,-4,-3,1,13,6,0,-17,-3,None
0,0,5,24,112,30,2,-3,2,1,13,6,0,-17,-3,None
0,-3,-5,-11,-26,-96,-2,0,-5,1,13,6,0,-17,-3,None
0,-2,0,13,30,29,-8,-5,-5,1,13,6,0,-17,-3,None
0,-2,0,13,30,29,-8,-5,-5,1,14,6,0,-17,-3,None
0,-2,0,13,30,29,-8,-5,-5,1,14,6,2,-16,-3,None
0,3,1,-4,-47,-8,8,-2,6,1,14,6,2,-16,-3,None
0,2,3,4,-53,3,1,6,6,1,14,6,2,-16,-3,None
0,-4,-4,-5,8,24,-6,-3,-5,1,14,6,2,-16,-3,None
0,-1,-1,4,11,-75,-1,2,-2,1,14,6,2,-16,-3,None
0,-1,-1,4,11,-75,-1,2,-2,1,14,6,2,-16,-3,None
0,-1,-1,4,11,-75,-1,2,-2,1,14,6,3,-16,-3,None
0,0,3,2,-20,2,-7,-2,-2,1,14,6,3,-16,-3,None
0,1,-1,-2,-12,-14,-10,-3,0,1,14,6,3,-16,-3,None
0,-1,1,20,41,83,23,5,4,1,14,6,3,-16,-3,None
0,-7,-6,-33,-61,49,-14,-4,-4,1,14,6,3,-16,-3,None
0,-7,-6,-33,-61,49,-14,-4,-4,1,14,6,3,-16,-3,None
0,-7,-6,-33,-61,49,-14,-4,-4,1,14,6,5,-16,-3,None
0,-3,-2,3,11,-30,18,-5,-4,1,14,6,5,-16,-3,None
0,-1,-1,0,82,62,-1,1,0,1,14,6,5,-16,-3,None
0,-1,2,-7,-128,-7,4,7,1,1,14,6,5,-16,-3,None
0,2,5,10,13,-13,-10,3,2,1,14,6,5,-16,-3,None
0,2,5,10,13,-13,-10,3,2,2,14,6,5,-16,-3,None
0,2,5,10,13,-13,-10,3,2,2,14,6,7,-16,-3,None
0,0,2,-10,-8,-15,-14,-8,-2,2,14,6,7,-16,-3,None
0,-3,0,-3,53,-17,5,-3,-7,2,14,6,7,-16,-3,None
0,3,4,6,-23,-29,-4,-6,0,2,14,6,7,-16,-3,None
0,-2,1,16,-7,8,4,1,3,2,14,6,7,-16,-3,None
0,-2,1,16,-7,8,4,1,3,2,14,6,7,-16,-3,None
0,-2,1,16,-7,8,4,1,3,2,14,6,8,-15,-3,None
0,-3,-4,-4,-58,25,-6,2,-6,2,14,6,8,-15,-3,None
0,-3,0,-8,30,33,3,-1,-4,2,14,6,8,-15,-3,None
0,-3,-2,-7,-51,38,-11,-8,-5,2,14,6,8,-15,-3,None
0,5,3,-4,-62,-86,-1,-1,-1,2,14,6,8,-15,-3,None
0,5,3,-4,-62,-86,-1,-1,-1,2,14,6,8,-15,-3,None
0,5,3,-4,-62,-86,-1,-1,-1,2,14,6,8,-15,-3,None
0,-2,2,3,24,-25,-7,-6,-5,2,14,6,8,-15,-3,None
0,-5,-5,0,-3,1,-10,-6,-5,2,14,6,8,-15,-3,None
0,1,2,-7,13,23,8,1,5,2,14,6,8,-15,-3,None
0,-4,-3,-8,-23,22,2,-5,-5,2,14,6,8,-15,-3,None
0,-4,-3,-8,-23,22,2,-5,-5,2,14,6,8,-15,-3,None
0,-4,-3,-8,-23,22,2,-5,-5,2,14,6,8,-14,-3,None
0,-1,4,1,67,79,3,-2,-1,2,14,6,8,-14,-3,None
0,1,-4,5,-28,-49,-10,-3,1,2,14,6,8,-14,-3,None
0,-2,1,-19,18,11,2,-3,0,2,14,6,8,-14,-3,None
0,-5,-4,-13,27,-18,2,2,-1,2,14,6,8,-14,-3,None
0,-5,-4,-13,27,-18,2,2,-1,2,14,6,8,-14,-3,None
0,-5,-4,-13,27,-18,2,2,-1,2,14,6,8,-13,-3,None
0,-3,1,-4,33,44,-7,-2,-4,2,14,6,8,-13,-3,None
0,1,16,-6,-21,-53,-5,-7,-7,2,14,6,8,-13,-3,None
0,-7,-43,-32,21,7,0,-4,-4,2,14,6,8,-13,-3,None
0,0,2,1,22,2,-1,-3,2,2,14,6,8,-13,-3,None
0,0,2,1,22,2,-1,-3,2,2,14,6,8,-13,-3,None
0,0,2,1,22,2,-1,-3,2,2,14,6,9,-14,-2,None
0,2,12,-10,10,48,-4,-2,-3,2,14,6,9,-14,-2,None
0,-2,-3,2,24,-3,1,1,-3,2,14,6,9,-14,-2,None
0,0,25,6,5,1,-4,-1,1,2,14,6,9,-14,-2,None
0,-1,-16,-7,-35,-15,-6,-4,-4,2,14,6,9,-14,-2,None
0,-1,-16,-7,-35,-15,-6,-4,-4,2,14,6,9,-14,-2,None
0,-1,-16,-7,-35,-15,-6,-4,-4,2,14,6,9,-13,-2,None
0,-5,-7,-4,17,-14,-3,-2,-4,2,14,6,9,-13,-2,None
0,0,0,-2,24,9,4,2,0,2,14,6,9,-13,-2,None
0,4,15,8,7,-23,-2,-1,1,2,14,6,9,-13,-2,None
0,0,3,2,43,18,1,3,0,2,14,6,9,-13,-2,None
0,0,3,2,43,18,1,3,0,2,15,6,9,-13,-2,None
0,0,3,2,43,18,1,3,0,2,15,6,8,-12,-1,None
0,-4,12,3,21,25,-4,-2,-4,2,15,6,8,-12,-1,None
0,-4,-6,-6,-14,9,1,-1,0,2,15,6,8,-12,-1,None
0,-3,-2,6,-5,-8,1,0,-3,2,15,6,8,-12,-1,None
0,2,22,11,-37,-48,0,-2,-1,2,15,6,8,-12,-1,None
0,2,22,11,-37,-48,0,-2,-1,2,15,6,8,-12,-1,None
0,2,22,11,-37,-48,0,-2,-1,2,15,6,9,-12,-1,None
0,-7,-48,-5,44,7,-3,-1,-1,2,15,6,9,-12,-1,None
0,0,-5,-23,-44,8,-2,-3,1,2,15,6,9,-12,-1,None
0,-2,1,6,10,-12,-4,-2,-4,2,15,6,9,-12,-1,None
0,0,0,3,23,15,1,-3,-1,2,15,6,9,-12,-1,None
0,0,0,3,23,15,1,-3,-1,2,15,6,9,-12,-1,None
0,0,0,3,23,15,1,-3,-1,2,15,6,9,-12,-1,None
0,1,10,-5,-6,4,0,2,-1,2,15,6,9,-12,-1,None
0,-2,-3,-2,-32,-33,-1,-3,-1,2,15,6,9,-12,-1,None
0,6,8,3,18,19,3,3,1,2,15,6,9,-12,-1,None
0,-5,-26,-13,18,6,-7,-6,-4,2,15,6,9,-12,-1,None
0,-5,-26,-13,18,6,-7,-6,-4,2,15,6,9,-12,-1,None
0,-5,-26,-13,18,6,-7,-6,-4,2,15,6,9,-12,-1,None
0,-3,14,18,-13,-13,1,2,1,2,15,6,9,-12,-1,None
0,-2,-14,-5,-6,-9,-2,-1,-1,2,15,6,9,-12,-1,None
0,1,5,11,-1,9,-1,-2,-1,2,15,6,9,-12,-1,None
0,0,4,-5,7,-5,-1,0,-1,2,15,6,9,-12,-1,None
0,0,4,-5,7,-5,-1,0,-1,2,15,6,9,-12,-1,None
0,0,4,-5,7,-5,-1,0,-1,2,15,6,9,-12,-1,None
0,1,8,-4,-10,-5,-3,-2,-2,2,15,6,9,-12,-1,None
0,-2,-2,1,11,0,0,0,-2,2,15,6,9,-12,-1,None
0,1,14,-8,0,24,0,-1,-1,2,15,6,9,-12,-1,None
0,-4,-7,-14,17,-24,-2,-1,-5,2,15,6,9,-12,-1,None
0,-4,-7,-14,17,-24,-2,-1,-5,2,15,6,9,-12,-1,None
0,-4,-7,-14,17,-24,-2,-1,-5,2,15,6,9,-12,-1,None
0,-4,-34,-40,-19,36,2,1,-3,2,15,6,9,-12,-1,None
0,-3,-1,-44,-29,2,-2,0,-2,2,15,6,9,-12,-1,None
0,0,-10,8,11,14,-1,-1,-2,2,15,6,9,-12,-1,None
0,0,17,6,-10,-13,0,1,1,2,15,6,9,-12,-1,None
0,0,17,6,-10,-13,0,1,1,2,15,6,9,-12,-1,None
0,0,17,6,-10,-13,0,1,1,2,15,6,8,-12,-1,None
0,1,11,1,-10,-14,0,-1,-1,2,15,6,8,-12,-1,None
0,-3,-1,7,15,-8,-2,-1,0,2,15,6,8,-12,-1,None
0,-4,1,-7,-3,-6,-3,-2,-2,2,15,6,8,-12,-1,None
0,-1,-4,-2,-9,9,-1,0,-2,2,15,6,8,-12,-1,None
0,-1,-4,-2,-9,9,-1,0,-2,2,15,6,8,-12,-1,None
0,-1,-4,-2,-9,9,-1,0,-2,2,15,6,8,-12,-2,None
0,-1,4,4,6,-4,-2,-3,-2,2,15,6,8,-12,-2,None
0,0,7,9,-10,-4,0,-2,-2,2,15,6,8,-12,-2,None
0,-2,-1,0,-1,-10,-1,-2,-2,2,15,6,8,-12,-2,None
0,1,12,3,-44,-12,0,1,1,2,15,6,8,-12,-2,None
0,1,12,3,-44,-12,0,1,1,2,15,6,8,-12,-2,None
0,1,12,3,-44,-12,0,1,1,2,15,6,8,-12,-2,None
0,1,-6,13,12,-3,-2,-1,-3,2,15,6,8,-12,-2,None
0,-2,0,12,-8,4,-3,-4,-3,2,15,6,8,-12,-2,None
0,-2,1,-5,-4,3,2,-1,-1,2,15,6,8,-12,-2,None
0,-2,-10,-3,-11,-7,-3,-2,-2,2,15,6,8,-12,-2,None
0,-2,-10,-3,-11,-7,-3,-2,-2,2,15,6,8,-12,-2,None
0,-2,-10,-3,-11,-7,-3,-2,-2,2,15,6,8,-12,-2,None
0,2,14,4,23,0,2,2,0,2,15,6,8,-12,-2,None
0,1,1,4,9,-5,0,1,0,2,15,6,8,-12,-2,None
0,-4,-7,-5,-9,-9,-4,-2,-2,2,15,6,8,-12,-2,None
0,0,14,-1,11,20,1,-1,1,2,15,6,8,-12,-2,None
0,0,14,-1,11,20,1,-1,1,2,15,6,8,-12,-2,None
0,0,14,-1,11,20,1,-1,1,2,15,6,8,-11,-2,None
0,-3,1,-3,-19,-10,-4,-3,0,2,15,6,8,-11,-2,None
0,-1,3,3,-2,1,-2,-1,-1,2,15,6,8,-11,-2,None
0,-1,-2,-6,-11,-4,-1,-2,-1,2,15,6,8,-11,-2,None
0,-3,1,-4,-2,2,0,-2,-2,2,15,6,8,-11,-2,None
0,-3,1,-4,-2,2,0,-2,-2,2,15,6,8,-11,-2,None
0,-3,1,-4,-2,2,0,-2,-2,2,15,6,8,-11,-2,None
0,-2,2,-4,-8,-3,-3,-1,-2,2,15,6,8,-11,-2,None
0,-1,-5,-2,-8,-13,-1,-2,-2,2,15,6,8,-11,-2,None
0,5,14,0,20,17,-2,-1,0,2,15,6,8,-11,-2,None
0,-10,-35,-12,-29,9,-1,-2,-4,2,15,6,8,-11,-2,None
0,-10,-35,-12,-29,9,-1,-2,-4,2,15,6,8,-11,-2,None
0,-10,-35,-12,-29,9,-1,-2,-4,2,15,6,8,-11,-2,None
0,-2,-4,8,-9,-7,-2,-5,-3,2,15,6,8,-11,-2,None
0,1,11,5,12,7,0,-1,-2,2,15,6,8,-11,-2,None
0,0,-6,-1,-9,-10,-2,0,-2,2,15,6,8,-11,-2,None
0,2,9,-1,2,1,-1,-3,0,2,15,6,8,-11,-2,None
0,2,9,-1,2,1,-1,-3,0,2,15,6,8,-11,-2,None
0,2,9,-1,2,1,-1,-3,0,2,15,6,8,-11,-2,None
0,-1,3,-7,-5,-1,-2,-1,-1,2,15,6,8,-11,-2,None
0,-4,-1,-2,-7,-8,0,-1,0,2,15,6,8,-11,-2,None
0,-1,1,-3,3,-1,-3,-2,-2,2,15,6,8,-11,-2,None
0,1,25,-2,5,13,2,1,0,2,15,6,8,-11,-2,None
0,1,25,-2,5,13,2,1,0,2,15,6,8,-11,-2,None
0,1,25,-2,5,13,2,1,0,2,15,6,9,-11,-2,None
0,-13,-59,-20,69,28,4,2,-1,2,15,6,9,-11,-2,None
0,-2,-4,-11,-81,-23,-5,-5,-2,2,15,6,9,-11,-2,None
0,-3,13,4,27,-6,-1,-1,0,2,15,6,9,-11,-2,None
0,-1,-12,-6,10,7,-1,-2,0,2,15,6,9,-11,-2,None
0,-1,-12,-6,10,7,-1,-2,0,2,15,6,9,-11,-2,None
0,-1,-12,-6,10,7,-1,-2,0,2,15,6,8,-12,-2,None
0,-1,16,3,10,-7,1,0,1,2,15,6,8,-12,-2,None
0,-1,3,1,22,10,0,0,-2,2,15,6,8,-12,-2,None
0,-1,-17,-9,-18,-1,-2,-2,-3,2,15,6,8,-12,-2,None
0,-6,8,6,-5,-14,-1,-2,-1,2,15,6,8,-12,-2,None
0,-6,8,6,-5,-14,-1,-2,-1,2,15,6,8,-12,-2,None
0,-6,8,6,-5,-14,-1,-2,-1,2,15,6,9,-11,-2,None
0,3,17,4,-23,-8,-2,-3,-3,2,15,6,9,-11,-2,None
0,0,-5,-2,18,2,0,0,-1,2,15,6,9,-11,-2,None
0,-2,8,-3,-17,13,-1,-6,-3,2,15,6,9,-11,-2,None
0,1,1,2,3,0,-2,-1,-3,2,15,6,9,-11,-2,None
0,1,1,2,3,0,-2,-1,-3,2,15,6,9,-11,-2,None
0,1,1,2,3,0,-2,-1,-3,2,15,6,8,-11,-2,None
0,1,6,-2,-20,-6,-2,0,-1,2,15,6,8,-11,-2,None
0,2,5,-3,5,2,-1,0,-1,2,15,6,8,-11,-2,None
0,-2,-5,-3,1,-6,1,1,0,2,15,6,8,-11,-2,None
0,0,0,0,3,12,0,-1,-1,2,15,6,8,-11,-2,None
0,0,0,0,3,12,0,-1,-1,2,15,6,8,-11,-2,None
0,0,0,0,3,12,0,-1,-1,2,15,6,8,-11,-2,None
0,-1,-1,-6,-18,-6,-3,-2,-4,2,15,6,8,-11,-2,None
0,-4,5,4,-6,-14,1,-1,-2,2,15,6,8,-11,-2,None
0,-1,-2,-1,3,13,1,0,-1,2,15,6,8,-11,-2,None
0,-2,-4,1,6,-7,-2,-1,-2,2,15,6,8,-11,-2,None
0,-2,-4,1,6,-7,-2,-1,-2,2,15,6,8,-11,-2,None
0,-2,-4,1,6,-7,-2,-1,-2,2,15,6,9,-11,-2,None
0,2,14,1,-15,-4,-2,-1,-1,2,15,6,9,-11,-2,None
0,-4,1,2,20,6,0,0,-1,2,15,6,9,-11,-2,None
0,-2,-7,-1,-6,-12,-2,-1,-2,2,15,6,9,-11,-2,None
0,3,10,-2,5,0,1,0,0,2,15,6,9,-11,-2,None
0,3,10,-2,5,0,1,0,0,2,15,6,9,-11,-2,None
0,3,10,-2,5,0,1,0,0,2,15,6,8,-11,-1,None
0,-1,-1,2,-29,3,-1,-3,-3,2,15,6,8,-11,-1,None
0,-4,-5,0,11,23,-2,-4,-3,2,15,6,8,-11,-1,None
0,0,-2,-3,-2,-7,0,0,-3,2,15,6,8,-11,-1,None
0,0,4,-1,-5,-1,-2,0,1,2,15,6,8,-11,-1,None
0,0,4,-1,-5,-1,-2,0,1,2,15,6,8,-11,-1,None
0,0,4,-1,-5,-1,-2,0,1,2,15,6,9,-12,-1,None
0,-5,-7,-2,4,1,-1,-1,0,2,15,6,9,-12,-1,None
0,0,2,-2,-4,4,0,1,-2,2,15,6,9,-12,-1,None
0,-2,5,1,-2,-4,-1,-1,-1,2,15,6,9,-12,-1,None
0,-2,-7,3,7,0,-3,-3,-4,2,15,6,9,-12,-1,None
0,-2,-7,3,7,0,-3,-3,-4,2,15,6,9,-12,-1,None
0,-2,-7,3,7,0,-3,-3,-4,2,15,6,8,-11,-1,None
0,1,8,-1,-1,-4,0,-1,0,2,15,6,8,-11,-1,None
0,0,0,-4,-5,-2,0,-2,-1,2,15,6,8,-11,-1,None
0,2,12,-1,4,0,-1,-2,1,2,15,6,8,-11,-1,None
0,-2,-9,-13,-10,-3,-1,-2,-3,2,15,6,8,-11,-1,None
0,-2,-9,-13,-10,-3,-1,-2,-3,2,15,6,8,-11,-1,None
0,-2,-9,-13,-10,-3,-1,-2,-3,2,15,6,8,-11,-1,None
0,-2,2,1,-12,-7,-4,-3,-2,2,15,6,8,-11,-1,None
0,-1,0,-4,22,0,0,-1,0,2,15,6,8,-11,-1,None
0,-2,4,2,10,-1,-1,-3,-2,2,15,6,8,-11,-1,None
0,-3,2,-4,-23,-10,-2,-1,-1,2,15,6,8,-11,-1,None
0,-3,2,-4,-23,-10,-2,-1,-1,2,15,6,8,-11,-1,None
0,-3,2,-4,-23,-10,-2,-1,-1,2,15,6,8,-11,-2,None
0,0,3,2,-40,-7,-1,-1,-1,2,15,6,8,-11,-2,None
0,1,3,-8,12,0,-1,-4,-2,2,15,6,8,-11,-2,None
0,-4,10,-10,-4,5,3,2,-2,2,15,6,8,-11,-2,None
0,5,1,-3,2,-10,-2,-3,-2,2,15,6,8,-11,-2,None
0,5,1,-3,2,-10,-2,-3,-2,2,15,6,8,-11,-2,None
0,5,1,-3,2,-10,-2,-3,-2,2,15,6,8,-11,-2,None
0,0,0,-1,23,8,-1,0,0,2,15,6,8,-11,-2,None
0,-1,4,0,7,-2,-2,-1,0,2,15,6,8,-11,-2,None
0,-1,-5,-4,-20,-2,-1,0,-1,2,15,6,8,-11,-2,None
0,-1,2,-1,13,2,0,0,0,2,15,6,8,-11,-2,None
0,-1,2,-1,13,2,0,0,0,2,15,6,8,-11,-2,None
0,-1,2,-1,13,2,0,0,0,2,15,6,8,-12,-2,None
0,-1,5,-4,6,-3,-1,-2,0,2,15,6,8,-12,-2,None
0,1,-1,0,5,2,-2,-1,-1,2,15,6,8,-12,-2,None
0,2,1,6,-1,-9,0,-2,0,2,15,6,8,-12,-2,None
0,-6,0,-8,-10,16,-3,-3,-4,2,15,6,8,-12,-2,None
0,-6,0,-8,-10,16,-3,-3,-4,2,15,6,8,-12,-2,None
0,-6,0,-8,-10,16,-3,-3,-4,2,15,6,8,-11,-2,None
0,-2,-10,-1,34,-3,-3,-1,-3,2,15,6,8,-11,-2,None
0,-3,2,6,-18,5,1,-1,-1,2,15,6,8,-11,-2,None
0,-1,-10,-1,9,-2,0,-1,0,2,15,6,8,-11,-2,None
0,1,8,8,9,-5,0,-2,1,2,15,6,8,-11,-2,None
0,1,8,8,9,-5,0,-2,1,2,15,6,8,-11,-2,None
0,1,8,8,9,-5,0,-2,1,2,15,6,8,-11,-2,None
0,2,7,-6,6,3,-1,-1,-2,2,15,6,8,-11,-2,None
0,-1,-4,-3,1,-2,-2,-2,-3,2,15,6,8,-11,-2,None
0,-3,3,2,4,5,-1,-1,-2,2,15,6,8,-11,-2,None
0,0,2,-5,-3,0,0,-1,-1,2,15,6,8,-11,-2,None
0,0,2,-5,-3,0,0,-1,-1,2,15,6,8,-11,-2,None
0,0,2,-5,-3,0,0,-1,-1,2,15,6,9,-11,-2,None
0,-2,1,-5,-6,3,-1,-1,-2,2,15,6,9,-11,-2,None
0,-1,-3,-1,-3,-3,-3,-3,-1,2,15,6,9,-11,-2,None
0,-3,-8,-2,-7,3,-1,-2,-1,2,15,6,9,-11,-2,None
0,1,-6,-8,-6,3,3,0,2,2,15,6,9,-11,-2,None
0,1,-6,-8,-6,3,3,0,2,2,15,6,9,-11,-2,None
0,1,-6,-8,-6,3,3,0,2,2,15,6,8,-11,-2,None
0,-4,18,10,-16,-1,-4,-6,-5,2,15,6,8,-11,-2,None
0,-4,-9,-3,2,-2,-1,-2,-1,2,15,6,8,-11,-2,None
0,-1,-4,-3,1,1,-2,-2,-1,2,15,6,8,-11,-2,None
0,-3,-4,-2,9,5,1,-3,0,2,15,6,8,-11,-2,None
0,-3,-4,-2,9,5,1,-3,0,2,15,6,8,-11,-2,None
0,-3,-4,-2,9,5,1,-3,0,2,15,6,9,-11,-2,None
0,1,9,2,1,-2,1,0,1,2,15,6,9,-11,-2,None
0,1,5,-3,-7,-4,-1,-2,-1,2,15,6,9,-11,-2,None
0,-3,-1,-2,2,2,-4,-1,-2,2,15,6,9,-11,-2,None
0,-2,0,1,6,-4,-1,-1,-2,2,15,6,9,-11,-2,None
0,-2,0,1,6,-4,-1,-1,-2,2,15,6,9,-11,-2,None
0,-2,0,1,6,-4,-1,-1,-2,2,15,6,8,-11,-1,None
0,-1,-4,-5,-3,1,-3,-2,-1,2,15,6,8,-11,-1,None
0,-1,2,-1,-2,2,1,1,-1,2,15,6,8,-11,-1,None
0,0,-4,-13,2,0,-1,0,-2,2,15,6,8,-11,-1,None
0,1,5,5,-3,0,-2,2,1,2,15,6,8,-11,-1,None
0,1,5,5,-3,0,-2,2,1,2,15,6,8,-11,-1,None
0,1,5,5,-3,0,-2,2,1,2,15,6,8,-11,-1,None
0,-4,-5,-12,-27,-3,-4,-2,0,2,15,6,8,-11,-1,None
0,-2,7,-1,-19,6,1,-2,-1,2,15,6,8,-11,-1,None
0,0,4,4,-3,6,0,-1,-2,2,15,6,8,-11,-1,None
0,-4,-1,-5,12,2,-2,-3,-2,2,15,6,8,-11,-1,None
0,-4,-1,-5,12,2,-2,-3,-2,2,15,6,8,-11,-1,None
0,-4,-1,-5,12,2,-2,-3,-2,2,15,6,9,-11,-2,None
0,-1,4,1,12,-4,3,1,0,2,15,6,9,-11,-2,None
0,0,-15,-7,-7,-6,-2,0,0,2,15,6,9,-11,-2,None
0,-2,1,0,1,-2,-2,-3,-1,2,15,6,9,-11,-2,None
0,-2,-5,4,9,-3,-4,-3,-3,2,15,6,9,-11,-2,None
0,-2,-5,4,9,-3,-4,-3,-3,2,15,6,9,-11,-2,None
0,-2,-5,4,9,-3,-4,-3,-3,2,15,6,9,-11,-2,None
0,1,-2,-7,-1,-1,-1,0,0,2,15,6,9,-11,-2,None
0,0,6,2,14,7,-2,-3,-2,2,15,6,9,-11,-2,None
0,-1,-1,-1,12,0,1,-2,-1,2,15,6,9,-11,-2,None
0,-3,-4,-5,-10,-2,-1,-1,-2,2,15,6,9,-11,-2,None
0,-3,-4,-5,-10,-2,-1,-1,-2,2,15,6,9,-11,-2,None
0,-3,-4,-5,-10,-2,-1,-1,-2,2,15,6,8,-11,-2,None
0,0,9,-1,6,2,2,-1,0,2,15,6,8,-11,-2,None
0,-3,-28,-3,8,-2,-2,-3,-2,2,15,6,8,-11,-2,None
0,0,-2,-9,-23,2,1,1,0,2,15,6,8,-11,-2,None
0,1,8,9,-4,1,-5,-3,-4,2,15,6,8,-11,-2,None
0,1,8,9,-4,1,-5,-3,-4,2,15,6,8,-11,-2,None
0,1,8,9,-4,1,-5,-3,-4,2,15,6,8,-11,-2,None
0,-3,-8,0,2,8,0,-2,-2,2,15,6,8,-11,-2,None
0,-1,3,-2,-5,-8,-2,-3,-2,2,15,6,8,-11,-2,None
0,1,6,0,12,3,-1,-1,-3,2,15,6,8,-11,-2,None
0,-1,0,-2,-15,-6,-1,-1,1,2,15,6,8,-11,-2,None
0,-1,0,-2,-15,-6,-1,-1,1,2,15,6,8,-11,-2,None
0,-1,0,-2,-15,-6,-1,-1,1,2,15,6,8,-11,-2,None
0,4,12,-7,39,11,-1,-1,0,2,15,6,8,-11,-2,None
0,-4,-6,-7,-23,-17,-6,-3,-1,2,15,6,8,-11,-2,None
0,-2,8,-6,-17,-8,-4,-3,-3,2,15,6,8,-11,-2,None
0,-3,0,0,13,5,-1,-3,-1,2,15,6,8,-11,-2,None
0,-3,0,0,13,5,-1,-3,-1,2,15,6,8,-11,-2,None
0,-3,0,0,13,5,-1,-3,-1,2,15,6,8,-11,-2,None
0,-1,-5,-3,5,9,-1,-1,-2,2,15,6,8,-11,-2,None
0,0,7,0,0,-3,2,1,-1,2,15,6,8,-11,-2,None
0,-1,2,1,0,-5,-2,-1,0,2,15,6,8,-11,-2,None
0,0,4,-4,-2,1,0,0,-2,2,15,6,8,-11,-2,None
0,0,4,-4,-2,1,0,0,-2,2,15,6,8,-11,-2,None
0,0,4,-4,-2,1,0,0,-2,2,15,6,8,-11,-2,None
0,-5,-9,-1,-5,-2,1,0,0,2,15,6,8,-11,-2,None
0,1,9,-1,5,3,-3,-1,-3,2,15,6,8,-11,-2,None
0,-2,5,3,-17,3,2,-1,-1,2,15,6,8,-11,-2,None
0,-4,-7,-1,-11,0,-3,-2,-2,2,15,6,8,-11,-2,None
0,-4,-7,-1,-11,0,-3,-2,-2,2,15,6,8,-11,-2,None
0,-4,-7,-1,-11,0,-3,-2,-2,2,15,6,9,-11,-2,None
0,-2,-3,-21,-6,-5,-3,-2,-1,2,15,6,9,-11,-2,None
0,-1,3,-2,0,4,1,0,-1,2,15,6,9,-11,-2,None
0,1,2,2,13,2,-1,-2,-1,2,15,6,9,-11,-2,None
0,-1,-1,-6,-6,-2,0,-1,-1,2,15,6,9,-11,-2,None
0,-1,-1,-6,-6,-2,0,-1,-1,2,15,6,9,-11,-2,None
0,-1,-1,-6,-6,-2,0,-1,-1,2,15,6,9,-11,-2,None
0,-2,-2,5,-10,-5,-1,0,-1,2,15,6,9,-11,-2,None
0,1,11,-3,8,2,-3,-3,1,2,15,6,9,-11,-2,None
0,0,2,-3,-8,-3,0,2,0,2,15,6,9,-11,-2,None
0,-5,-25,3,-1,4,-1,-2,-3,2,15,6,9,-11,-2,None
0,-5,-25,3,-1,4,-1,-2,-3,2,15,6,9,-11,-2,None
0,-5,-25,3,-1,4,-1,-2,-3,2,15,6,9,-11,-2,None
0,-1,-3,6,3,4,-1,-2,-2,2,15,6,9,-11,-2,None
0,-1,0,-4,0,0,0,-1,-3,2,15,6,9,-11,-2,None
0,0,-5,3,0,-2,-1,-1,0,2,15,6,9,-11,-2,None
0,0,7,-5,-11,-5,-2,0,-1,2,15,6,9,-11,-2,None
0,0,7,-5,-11,-5,-2,0,-1,2,15,6,9,-11,-2,None
0,0,7,-5,-11,-5,-2,0,-1,2,15,6,9,-11,-2,None
0,-1,3,0,-1,-2,-1,-2,-2,2,15,6,9,-11,-2,None
0,-4,9,8,6,2,-1,-1,-1,2,15,6,9,-11,-2,None
0,-3,-29,-8,48,19,-2,-1,-4,2,15,6,9,-11,-2,None
0,-1,8,-2,-55,-20,-3,-3,-3,2,15,6,9,-11,-2,None
0,-1,8,-2,-55,-20,-3,-3,-3,2,15,6,9,-11,-2,None
0,-1,8,-2,-55,-20,-3,-3,-3,2,15,6,9,-11,-2,None
0,-1,-4,1,8,0,-1,-2,-2,2,15,6,9,-11,-2,None
0,1,3,-2,3,4,-1,0,-1,2,15,6,9,-11,-2,None
0,-2,3,1,8,2,-1,-2,-1,2,15,6,9,-11,-2,None
0,1,4,-7,22,7,0,-2,1,2,15,6,9,-11,-2,None
0,1,4,-7,22,7,0,-2,1,2,15,6,9,-11,-2,None
0,1,4,-7,22,7,0,-2,1,2,15,6,8,-11,-2,None
0,1,-2,2,-9,-5,0,-1,1,2,15,6,8,-11,-2,None
0,-3,-2,1,1,-4,-3,-4,-2,2,15,6,8,-11,-2,None
0,-3,1,-10,-5,-2,1,1,-3,2,15,6,8,-11,-2,None
0,-1,11,-3,9,3,-1,0,-1,2,15,6,8,-11,-2,None
0,-1,11,-3,9,3,-1,0,-1,2,15,6,8,-11,-2,None
0,-1,11,-3,9,3,-1,0,-1,2,15,6,8,-11,-2,None
0,-4,-26,-2,-10,1,-1,-1,-2,2,15,6,8,-11,-2,None
0,-1,0,-3,8,3,1,-2,-2,2,15,6,8,-11,-2,None
0,-2,2,-1,-13,-7,-4,-4,-1,2,15,6,8,-11,-2,None
0,1,4,-3,2,1,0,0,0,2,15,6,8,-11,-2,None
0,1,4,-3,2,1,0,0,0,2,15,6,8,-11,-2,None
0,1,4,-3,2,1,0,0,0,2,15,6,8,-11,-2,None
0,-1,2,-2,15,-1,-2,-1,-1,2,15,6,8,-11,-2,None
0,0,0,-6,-6,11,-2,-1,-1,2,15,6,8,-11,-2,None
0,-3,-6,-5,-29,-18,-3,-3,-2,2,15,6,8,-11,-2,None
0,-4,2,6,28,18,1,-1,-1,2,15,6,8,-11,-2,None
0,-4,2,6,28,18,1,-1,-1,2,15,6,8,-11,-2,None
0,-4,2,6,28,18,1,-1,-1,2,15,6,9,-11,-2,None
0,2,6,-21,-5,0,-1,-2,-2,2,15,6,9,-11,-2,None
0,-1,-3,-6,-3,-7,-1,-1,-2,2,15,6,9,-11,-2,None
0,0,-1,0,-13,1,-1,-1,-2,2,15,6,9,-11,-2,None
0,-1,0,-11,11,6,1,-1,-1,2,15,6,9,-11,-2,None
0,-1,0,-11,11,6,1,-1,-1,2,15,6,9,-11,-2,None
0,-1,0,-11,11,6,1,-1,-1,2,15,6,8,-11,-2,None
0,-1,1,5,-2,-9,0,-1,-1,2,15,6,8,-11,-2,None
0,-2,3,-6,4,7,-4,-2,-1,2,15,6,8,-11,-2,None
0,-2,5,-5,-1,2,0,-2,-1,2,15,6,8,-11,-2,None
0,0,-2,-2,4,-3,0,-3,-1,2,15,6,8,-11,-2,None
0,0,-2,-2,4,-3,0,-3,-1,2,15,6,8,-11,-2,None
0,0,-2,-2,4,-3,0,-3,-1,2,15,6,8,-11,-2,None
0,-2,6,3,-14,-2,-1,-1,-1,2,15,6,8,-11,-2,None
0,0,0,-4,-8,1,1,2,0,2,15,6,8,-11,-2,None
0,0,4,6,14,6,-3,-2,0,2,15,6,8,-11,-2,None
0,-1,-2,-4,-17,-9,0,1,-2,2,15,6,8,-11,-2,None
0,-1,-2,-4,-17,-9,0,1,-2,2,15,6,8,-11,-2,None
0,-1,-2,-4,-17,-9,0,1,-2,2,15,6,8,-11,-2,None
0,-2,5,-7,-25,-5,-3,-3,-3,2,15,6,8,-11,-2,None
0,-1,-1,10,9,-3,0,-2,-2,2,15,6,8,-11,-2,None
0,-1,17,-2,0,3,-3,-2,-2,2,15,6,8,-11,-2,None
0,0,2,-1,1,1,-1,-1,-1,2,15,6,8,-11,-2,None
0,0,2,-1,1,1,-1,-1,-1,2,15,6,8,-11,-2,None
0,0,2,-1,1,1,-1,-1,-1,2,15,6,8,-11,-2,None
0,-1,1,-4,10,6,1,-1,0,2,15,6,8,-11,-2,None
0,-1,-3,-2,-4,0,-1,-1,-1,2,15,6,8,-11,-2,None
0,-1,0,0,4,0,0,-1,-1,2,15,6,8,-11,-2,None
0,-1,0,-2,1,2,-6,-7,-2,2,15,6,8,-11,-2,None
0,-1,0,-2,1,2,-6,-7,-2,2,15,6,8,-11,-2,None
0,-1,0,-2,1,2,-6,-7,-2,2,15,6,8,-11,-2,None
0,4,46,13,-3,-1,4,1,-4,2,15,6,8,-11,-2,None
0,-5,-46,-7,8,0,-1,-2,-2,2,15,6,8,-11,-2,None
0,-1,-3,1,2,-4,-2,-2,-2,2,15,6,8,-11,-2,None
0,0,-2,-1,-12,-10,-1,-1,0,2,15,6,8,-11,-2,None
0,0,-2,-1,-12,-10,-1,-1,0,2,15,6,8,-11,-2,None
0,0,-2,-1,-12,-10,-1,-1,0,2,15,6,8,-11,-2,None
0,-1,-4,0,1,0,-3,-1,0,2,15,6,8,-11,-2,None
0,0,16,1,-2,1,0,-1,-2,2,15,6,8,-11,-2,None
0,-2,0,-4,-4,-1,-1,-1,0,2,15,6,8,-11,-2,None
0,-2,-6,-2,4,-1,0,-1,-2,2,15,6,8,-11,-2,None
0,-2,-6,-2,4,-1,0,-1,-2,2,15,6,8,-11,-2,None
0,-2,-6,-2,4,-1,0,-1,-2,2,15,6,9,-11,-2,None
0,-3,-4,0,8,5,-2,-1,-1,2,15,6,9,-11,-2,None
0,-2,8,-2,-9,-2,0,-1,-1,2,15,6,9,-11,-2,None
0,-1,-9,-3,-6,-1,0,-3,-1,2,15,6,9,-11,-2,None
0,0,11,0,14,2,1,-1,-3,2,15,6,9,-11,-2,None
0,0,11,0,14,2,1,-1,-3,2,15,6,9,-11,-2,None
0,0,11,0,14,2,1,-1,-3,2,15,6,8,-11,-2,None
0,-6,-14,6,6,26,-3,-2,-4,2,15,6,8,-11,-2,None
0,4,-1,-27,-35,-8,-4,-5,-3,2,15,6,8,-11,-2,None
0,2,1,0,0,0,1,-1,-2,2,15,6,8,-11,-2,None
0,-2,2,4,1,4,-2,-2,-2,2,15,6,8,-11,-2,None
0,-2,2,4,1,4,-2,-2,-2,2,15,6,8,-11,-2,None
0,-2,2,4,1,4,-2,-2,-2,2,15,6,8,-11,-2,None
0,1,-3,-3,14,-5,0,-1,0,2,15,6,8,-11,-2,None
0,-3,4,7,10,0,0,1,1,2,15,6,8,-11,-2,None
0,-2,0,-1,-4,6,-3,-2,-1,2,15,6,8,-11,-2,None
0,-1,-1,-9,1,-1,-2,0,-1,2,15,6,8,-11,-2,None
0,-1,-1,-9,1,-1,-2,0,-1,2,15,6,8,-11,-2,None
0,-1,-1,-9,1,-1,-2,0,-1,2,15,6,8,-11,-2,None
0,-3,-9,0,-5,-6,-4,-2,-1,2,15,6,8,-11,-2,None
0,0,9,-3,3,3,1,-1,-1,2,15,6,8,-11,-2,None
0,1,-2,-3,1,-3,-1,-3,-2,2,15,6,8,-11,-2,None
0,0,38,3,6,6,0,1,-1,2,15,6,8,-11,-2,None
0,0,38,3,6,6,0,1,-1,2,15,6,8,-11,-2,None
0,0,38,3,6,6,0,1,-1,2,15,6,8,-11,-2,None
0,-8,-35,0,-11,-32,-6,-4,-4,2,15,6,8,-11,-2,None
