0,0,2,-14,6,5,55,99,3,2,14,6,9,-14,-4,None
0,-3,-5,26,38,-4,-9,-67,-1,2,14,6,9,-14,-4,None
0,0,-1,-7,-14,-3,35,21,1,2,14,6,9,-14,-4,None
0,0,-1,-7,-14,-3,35,21,1,2,14,6,9,-14,-4,None
0,0,-1,-7,-14,-3,35,21,1,2,14,6,8,-16,-4,None
0,-1,-2,-6,-15,9,-12,17,-3,2,14,6,8,-16,-4,None
0,-2,-2,-19,-6,-12,-18,-30,-2,2,14,6,8,-16,-4,None
0,1,4,-7,-4,-4,-5,9,-4,2,14,6,8,-16,-4,None
0,0,0,-17,4,-2,0,-31,-3,2,14,6,8,-16,-4,None
0,0,0,-17,4,-2,0,-31,-3,2,14,6,8,-16,-4,None
0,0,0,-17,4,-2,0,-31,-3,2,14,6,6,-17,-4,None
0,-3,-4,-12,-36,-3,-8,16,1,2,14,6,6,-17,-4,None
0,-1,3,7,4,6,7,14,-1,2,14,6,6,-17,-4,None
0,-3,-1,-4,-7,-3,-12,-9,-5,2,14,6,6,-17,-4,None
0,-2,0,10,-15,-8,-12,-42,-2,2,14,6,6,-17,-4,None
0,-2,0,10,-15,-8,-12,-42,-2,2,14,6,6,-17,-4,None
0,-2,0,10,-15,-8,-12,-42,-2,2,14,6,4,-16,-4,None
0,-2,-1,-13,-25,-17,15,54,0,2,14,6,4,-16,-4,None
0,2,4,13,25,-7,-20,-20,0,2,14,6,4,-16,-4,None
0,-3,-2,-8,-21,-1,19,7,0,2,14,6,4,-16,-4,None
0,0,0,-19,-2,7,-23,-15,-1,2,14,6,4,-16,-4,None
0,0,0,-19,-2,7,-23,-15,-1,1,14,6,4,-16,-4,None
0,0,0,-19,-2,7,-23,-15,-1,1,14,6,2,-17,-4,None
0,-4,-2,-6,-9,1,12,11,-5,1,14,6,2,-17,-4,None
0,-2,1,10,1,-6,-15,-36,-2,1,14,6,2,-17,-4,None
0,0,2,4,19,30,27,37,1,1,14,6,2,-17,-4,None
0,2,1,1,18,-2,-25,-13,-1,1,14,6,2,-17,-4,None
0,2,1,1,18,-2,-25,-13,-1,1,14,6,2,-17,-4,None
0,2,1,1,18,-2,-25,-13,-1,1,14,6,1,-17,-3,None
0,-9,-24,1,-31,-23,36,6,-2,1,14,6,1,-17,-3,None
0,5,8,2,-11,26,-2,3,4,1,14,6,1,-17,-3,None
0,-2,-26,-8,-47,-19,-1,-14,-3,1,14,6,1,-17,-3,None
0,-5,8,-10,-19,18,-5,0,-1,1,14,6,1,-17,-3,None
0,-5,8,-10,-19,18,-5,0,-1,1,14,6,1,-17,-3,None
0,-5,8,-10,-19,18,-5,0,-1,1,14,6,0,-16,-3,None
0,0,2,6,-19,-46,-13,-6,-3,1,14,6,0,-16,-3,None
0,7,22,3,3,28,-24,-9,0,1,14,6,0,-16,-3,None
0,-6,-45,10,41,36,28,16,2,1,14,6,0,-16,-3,None
0,-2,8,-17,-27,-83,-1,21,0,1,14,6,0,-16,-3,None
0,-2,8,-17,-27,-83,-1,21,0,1,13,5,0,-16,-3,None
0,-2,8,-17,-27,-83,-1,21,0,1,13,5,0,-16,-3,None
0,21,-32,5,-1,63,3,-27,4,1,13,5,0,-16,-3,None
0,3,10,13,-24,6,21,8,-4,1,13,5,0,-16,-3,None
0,12,53,3,58,-8,-25,-14,-11,1,13,5,0,-16,-3,None
0,-11,-42,-10,-43,-60,-16,-1,3,1,13,5,0,-16,-3,None
0,-11,-42,-10,-43,-60,-16,-1,3,0,13,5,0,-16,-3,None
0,-11,-42,-10,-43,-60,-16,-1,3,0,13,5,-1,-15,-3,None
0,-33,10,-1,8,70,22,8,-3,0,13,5,-1,-15,-3,None
0,17,4,2,65,56,-3,1,10,0,13,5,-1,-15,-3,None
0,-59,1,10,16,38,-16,-10,-12,0,13,5,-1,-15,-3,None
0,-4,14,12,61,55,10,10,3,0,13,5,-1,-15,-3,None
0,-4,14,12,61,55,10,10,3,0,13,5,-1,-15,-3,None
0,-4,14,12,61,55,10,10,3,0,13,5,-2,-15,-3,None
0,-17,16,-5,-28,28,24,1,-4,0,13,5,-2,-15,-3,None
0,11,-31,-2,-54,-102,-33,-4,-1,0,13,5,-2,-15,-3,None
0,27,28,-10,-40,-47,-8,-14,-4,0,13,5,-2,-15,-3,None
0,-13,12,0,-64,74,7,-2,-19,0,13,5,-2,-15,-3,None
0,-13,12,0,-64,74,7,-2,-19,17,12,5,-2,-15,-3,None
0,-13,12,0,-64,74,7,-2,-19,17,12,5,-3,-14,-3,None
0,16,-13,-4,66,77,3,13,14,17,12,5,-3,-14,-3,None
0,8,22,16,89,9,-12,-3,-5,17,12,5,-3,-14,-3,None
0,39,-42,-48,-80,-19,-4,3,12,17,12,5,-3,-14,-3,None
0,-10,-16,6,33,-5,-5,-8,-5,17,12,5,-3,-14,-3,None
0,-10,-16,6,33,-5,-5,-8,-5,16,12,5,-3,-14,-3,None
0,-10,-16,6,33,-5,-5,-8,-5,16,12,5,-3,-14,-2,None
0,19,12,8,-12,55,0,-2,-8,16,12,5,-3,-14,-2,None
0,-91,-12,5,6,-119,5,-3,-5,16,12,5,-3,-14,-2,None
0,72,42,7,-63,20,-1,-4,-6,16,12,5,-3,-14,-2,None
0,-8,-82,-37,-26,-15,7,6,-2,16,12,5,-3,-14,-2,None
0,-8,-82,-37,-26,-15,7,6,-2,16,11,5,-3,-14,-2,None
0,-8,-82,-37,-26,-15,7,6,-2,16,11,5,-4,-14,-2,None
0,-27,8,0,24,-5,-24,-15,-9,16,11,5,-4,-14,-2,None
0,29,-18,1,-17,-71,3,-1,2,16,11,5,-4,-14,-2,None
0,-29,4,2,36,38,15,1,3,16,11,5,-4,-14,-2,None
0,15,29,55,1,7,7,1,5,16,11,5,-4,-14,-2,None
0,15,29,55,1,7,7,1,5,15,11,5,-4,-14,-2,None
0,15,29,55,1,7,7,1,5,15,11,5,-5,-13,-2,None
0,-24,-7,-20,-32,-111,-13,-7,-10,15,11,5,-5,-13,-2,None
0,49,19,-1,-19,51,-4,1,2,15,11,5,-5,-13,-2,None
0,-26,-8,12,9,17,16,5,-4,15,11,5,-5,-13,-2,None
0,37,18,-8,53,93,6,5,3,15,11,5,-5,-13,-2,None
0,37,18,-8,53,93,6,5,3,15,10,5,-5,-13,-2,None
0,37,18,-8,53,93,6,5,3,15,10,5,-5,-12,-2,None
0,9,12,-11,77,10,15,1,6,15,10,5,-5,-12,-2,None
0,17,-3,-3,3,-16,4,8,0,15,10,5,-5,-12,-2,None
0,-66,-10,-1,52,-127,-9,-7,-6,15,10,5,-5,-12,-2,None
0,11,31,-18,-53,-46,1,4,7,15,10,5,-5,-12,-2,None
0,11,31,-18,-53,-46,1,4,7,15,10,6,-5,-12,-2,None
0,11,31,-18,-53,-46,1,4,7,15,10,6,-5,-12,-1,None
0,11,-2,34,40,28,-19,-7,0,15,10,6,-5,-12,-1,None
0,-40,-3,-11,-35,76,-2,-7,-8,15,10,6,-5,-12,-1,None
0,12,2,11,34,39,-6,-1,6,15,10,6,-5,-12,-1,None
0,4,-2,-39,21,10,-1,-7,-6,15,10,6,-5,-12,-1,None
0,4,-2,-39,21,10,-1,-7,-6,14,10,6,-5,-12,-1,None
0,4,-2,-39,21,10,-1,-7,-6,14,10,6,-5,-11,-1,None
0,1,9,-25,10,-45,-6,-1,1,14,10,6,-5,-11,-1,None
0,-2,-6,-45,-127,15,12,6,0,14,10,6,-5,-11,-1,None
0,3,16,41,-8,13,2,-5,-3,14,10,6,-5,-11,-1,None
0,-8,-22,1,17,49,-3,2,-3,14,10,6,-5,-11,-1,None
0,-8,-22,1,17,49,-3,2,-3,14,10,6,-5,-11,-1,None
0,-8,-22,1,17,49,-3,2,-3,14,10,6,-5,-12,-1,None
0,66,7,-6,-88,-8,-16,-7,-1,14,10,6,-5,-12,-1,None
0,-3,-2,-4,-51,99,16,-2,-1,14,10,6,-5,-12,-1,None
0,-27,6,-37,57,44,-3,1,-3,14,10,6,-5,-12,-1,None
0,-19,21,37,6,-5,4,8,8,14,10,6,-5,-12,-1,None
0,-19,21,37,6,-5,4,8,8,14,10,6,-5,-12,-1,None
0,-19,21,37,6,-5,4,8,8,14,10,6,-5,-11,-1,None
0,-9,15,-4,40,-64,-11,-5,-6,14,10,6,-5,-11,-1,None
0,-1,-61,21,12,-13,-10,-8,-9,14,10,6,-5,-11,-1,None
0,15,-5,3,25,-10,7,3,4,14,10,6,-5,-11,-1,None
0,-22,0,-13,-59,-128,-4,-4,-5,14,10,6,-5,-11,-1,None
0,-22,0,-13,-59,-128,-4,-4,-5,14,10,6,-5,-11,-1,None
0,-22,0,-13,-59,-128,-4,-4,-5,14,10,6,-5,-11,0,None
0,-10,9,-13,81,-15,-1,-2,-2,14,10,6,-5,-11,0,None
0,-12,-28,11,46,21,-7,-7,-5,14,10,6,-5,-11,0,None
0,-69,-1,-7,-7,-34,7,1,-10,14,10,6,-5,-11,0,None
0,17,11,-28,76,18,-7,-1,6,14,10,6,-5,-11,0,None
0,17,11,-28,76,18,-7,-1,6,14,9,6,-5,-11,0,None
0,17,11,-28,76,18,-7,-1,6,14,9,6,-5,-10,0,None
0,-14,5,25,12,-48,0,3,-3,14,9,6,-5,-10,0,None
0,0,15,4,-12,23,-14,-8,-1,14,9,6,-5,-10,0,None
0,-13,-4,-14,-125,-23,3,2,-11,14,9,6,-5,-10,0,None
0,-18,2,-12,-55,-17,4,-1,-7,14,9,6,-5,-10,0,None
0,-18,2,-12,-55,-17,4,-1,-7,14,9,6,-5,-10,0,None
0,-18,2,-12,-55,-17,4,-1,-7,14,9,6,-5,-11,0,None
0,-17,-4,-14,13,-39,7,0,2,14,9,6,-5,-11,0,None
0,15,19,-35,89,48,-7,0,-1,14,9,6,-5,-11,0,None
0,29,-6,-4,40,34,-10,-7,1,14,9,6,-5,-11,0,None
0,13,40,-41,81,2,8,1,6,14,9,6,-5,-11,0,None
0,13,40,-41,81,2,8,1,6,14,9,6,-5,-11,0,None
0,13,40,-41,81,2,8,1,6,14,9,6,-5,-11,0,None
0,-1,-32,90,-107,11,-5,-4,-9,14,9,6,-5,-11,0,None
0,-9,0,12,48,-18,6,1,-2,14,9,6,-5,-11,0,None
0,22,-2,-5,29,-6,-16,-5,4,14,9,6,-5,-11,0,None
0,-14,3,18,53,35,3,0,-5,14,9,6,-5,-11,0,None
0,-14,3,18,53,35,3,0,-5,13,9,6,-5,-11,0,None
0,-14,3,18,53,35,3,0,-5,13,9,6,-6,-11,0,None
0,6,6,-23,1,56,3,-1,2,13,9,6,-6,-11,0,None
0,9,17,-3,-32,-23,-8,-3,-5,13,9,6,-6,-11,0,None
0,-35,-6,10,-64,-61,9,5,5,13,9,6,-6,-11,0,None
0,42,23,50,64,27,-4,-8,-7,13,9,6,-6,-11,0,None
0,42,23,50,64,27,-4,-8,-7,13,9,6,-6,-11,0,None
0,42,23,50,64,27,-4,-8,-7,13,9,6,-6,-10,0,None
0,-10,-17,-45,24,28,3,5,4,13,9,6,-6,-10,0,None
0,19,9,8,46,-23,-8,-5,0,13,9,6,-6,-10,0,None
0,16,1,12,-63,-54,-4,-2,5,13,9,6,-6,-10,0,None
0,-10,-21,-20,-41,-7,0,-1,-12,13,9,6,-6,-10,0,None
0,-10,-21,-20,-41,-7,0,-1,-12,13,9,6,-6,-10,0,None
0,-10,-21,-20,-41,-7,0,-1,-12,13,9,6,-7,-10,0,None
0,-2,10,0,13,-13,-1,-3,0,13,9,6,-7,-10,0,None
0,-15,14,18,-31,8,5,3,-2,13,9,6,-7,-10,0,None
0,8,6,0,-67,-5,-1,0,3,13,9,6,-7,-10,0,None
0,-4,-8,-34,-34,85,9,3,3,13,9,6,-7,-10,0,None
0,-4,-8,-34,-34,85,9,3,3,13,9,6,-7,-10,0,None
0,-4,-8,-34,-34,85,9,3,3,13,9,6,-7,-11,0,None
0,3,4,-1,49,45,-4,-1,-4,13,9,6,-7,-11,0,None
0,-15,-12,-35,-92,-77,-1,-6,-6,13,9,6,-7,-11,0,None
0,-23,14,17,83,29,-9,-4,-7,13,9,6,-7,-11,0,None
0,-22,-58,20,-65,14,-12,-1,-4,13,9,6,-7,-11,0,None
0,-22,-58,20,-65,14,-12,-1,-4,13,9,6,-7,-11,0,None
0,-22,-58,20,-65,14,-12,-1,-4,13,9,6,-7,-10,0,None
0,-4,13,-12,34,-44,2,-1,-3,13,9,6,-7,-10,0,None
0,-5,8,17,5,68,25,4,10,13,9,6,-7,-10,0,None
0,27,3,-8,-13,-48,-17,-5,3,13,9,6,-7,-10,0,None
0,-1,6,-1,-10,-66,-5,-1,-1,13,9,6,-7,-10,0,None
0,-1,6,-1,-10,-66,-5,-1,-1,13,9,6,-7,-10,0,None
0,-1,6,-1,-10,-66,-5,-1,-1,13,9,6,-8,-10,0,None
0,-1,4,-2,54,44,3,0,-1,13,9,6,-8,-10,0,None
0,-13,-2,1,39,18,-7,-4,-3,13,9,6,-8,-10,0,None
0,10,3,6,-5,-2,0,0,1,13,9,6,-8,-10,0,None
0,4,10,31,53,-3,2,-3,1,13,9,6,-8,-10,0,None
0,4,10,31,53,-3,2,-3,1,13,9,6,-8,-10,0,None
0,4,10,31,53,-3,2,-3,1,13,9,6,-9,-11,0,None
0,3,-2,9,-90,-28,-25,-7,-4,13,9,6,-9,-11,0,None
0,24,7,-11,13,-6,1,4,6,13,9,6,-9,-11,0,None
0,5,5,-13,38,47,5,2,-1,13,9,6,-9,-11,0,None
0,6,-13,-6,-4,-3,0,0,0,13,9,6,-9,-11,0,None
0,6,-13,-6,-4,-3,0,0,0,13,9,6,-9,-11,0,None
0,6,-13,-6,-4,-3,0,0,0,13,9,6,-9,-11,0,None
0,18,-3,18,9,-5,5,-1,5,13,9,6,-9,-11,0,None
0,-12,-4,3,-47,-97,-16,-10,-15,13,9,6,-9,-11,0,None
0,38,-4,-10,1,36,16,-1,6,13,9,6,-9,-11,0,None
0,-53,4,13,21,28,-12,0,3,13,9,6,-9,-11,0,None
0,-53,4,13,21,28,-12,0,3,13,9,6,-9,-11,0,None
0,-53,4,13,21,28,-12,0,3,13,9,6,-9,-11,0,None
0,-43,-12,7,-27,6,-1,-3,-9,13,9,6,-9,-11,0,None
0,-8,17,-8,-18,39,4,-1,0,13,9,6,-9,-11,0,None
0,13,12,36,49,-11,-5,2,-3,13,9,6,-9,-11,0,None
0,8,-10,-18,-47,-51,-10,-6,-3,13,9,6,-9,-11,0,None
0,8,-10,-18,-47,-51,-10,-6,-3,13,9,6,-9,-11,0,None
0,8,-10,-18,-47,-51,-10,-6,-3,13,9,6,-10,-11,0,None
0,10,11,-33,-80,-50,8,-1,6,13,9,6,-10,-11,0,None
0,-10,-1,-53,33,-17,-8,-1,-1,13,9,6,-10,-11,0,None
0,-27,18,29,67,67,-2,-6,-10,13,9,6,-10,-11,0,None
0,11,-57,-13,-21,-17,6,0,2,13,9,6,-10,-11,0,None
0,11,-57,-13,-21,-17,6,0,2,13,9,6,-10,-11,0,None
0,11,-57,-13,-21,-17,6,0,2,13,9,6,-10,-10,0,None
0,14,-9,-21,-7,-35,0,4,0,13,9,6,-10,-10,0,None
0,9,3,9,8,15,4,1,0,13,9,6,-10,-10,0,None
0,6,-12,-36,-58,-24,-9,-6,-3,13,9,6,-10,-10,0,None
0,71,22,1,-9,-7,0,-1,-2,13,9,6,-10,-10,0,None
0,71,22,1,-9,-7,0,-1,-2,13,9,6,-10,-10,0,None
0,71,22,1,-9,-7,0,-1,-2,13,9,6,-10,-10,0,None
0,41,1,11,-9,3,12,5,7,13,9,6,-10,-10,0,None
0,-3,-13,-13,4,-37,-8,-5,-4,13,9,6,-10,-10,0,None
0,-13,-14,-15,-15,36,-4,-4,-4,13,9,6,-10,-10,0,None
0,-8,32,14,21,24,-9,-8,-7,13,9,6,-10,-10,0,None
0,-8,32,14,21,24,-9,-8,-7,13,9,6,-10,-10,0,None
0,-8,32,14,21,24,-9,-8,-7,13,9,6,-10,-11,0,None
0,-13,-5,2,62,50,1,-2,-4,13,9,6,-10,-11,0,None
0,9,10,7,-7,18,8,4,0,13,9,6,-10,-11,0,None
0,-12,-15,-42,-108,-70,-14,-6,-2,13,9,6,-10,-11,0,None
0,-2,12,4,-64,-27,-8,-1,-3,13,9,6,-10,-11,0,None
0,-2,12,4,-64,-27,-8,-1,-3,13,9,6,-10,-11,0,None
0,-2,12,4,-64,-27,-8,-1,-3,13,9,6,-10,-10,0,None
0,-10,6,-1,15,4,0,-5,-4,13,9,6,-10,-10,0,None
0,-22,-5,13,1,3,-5,-4,0,13,9,6,-10,-10,0,None
0,3,7,-10,40,-5,7,2,-1,13,9,6,-10,-10,0,None
0,-25,-2,-55,-51,-13,-1,-1,-1,13,9,6,-10,-10,0,None
0,-25,-2,-55,-51,-13,-1,-1,-1,13,9,6,-10,-10,0,None
0,-25,-2,-55,-51,-13,-1,-1,-1,13,9,6,-10,-10,0,None
0,-7,6,-14,-7,-18,-22,-9,-9,13,9,6,-10,-10,0,None
0,1,2,14,-6,15,4,3,5,13,9,6,-10,-10,0,None
0,10,-3,9,26,-2,13,7,5,13,9,6,-10,-10,0,None
0,-17,15,21,29,-6,4,1,4,13,9,6,-10,-10,0,None
0,-17,15,21,29,-6,4,1,4,13,9,6,-10,-10,0,None
0,-17,15,21,29,-6,4,1,4,13,9,6,-10,-10,0,None
0,-14,3,-10,-41,5,-3,-4,-4,13,9,6,-10,-10,0,None
0,-6,-1,-9,39,7,-7,-5,-5,13,9,6,-10,-10,0,None
0,26,6,8,-5,-19,0,-2,3,13,9,6,-10,-10,0,None
0,-9,-1,-9,11,-7,0,-2,-2,13,9,6,-10,-10,0,None
0,-9,-1,-9,11,-7,0,-2,-2,13,9,6,-10,-10,0,None
0,-9,-1,-9,11,-7,0,-2,-2,13,9,6,-10,-10,0,None
0,-4,-4,-13,-8,23,3,-1,-2,13,9,6,-10,-10,0,None
0,-9,-1,22,-13,-27,-6,-2,-1,13,9,6,-10,-10,0,None
0,-3,-3,-3,22,22,-4,-2,-5,13,9,6,-10,-10,0,None
0,2,6,31,4,13,-1,0,-2,13,9,6,-10,-10,0,None
0,2,6,31,4,13,-1,0,-2,13,9,6,-10,-10,0,None
0,2,6,31,4,13,-1,0,-2,13,9,6,-9,-10,0,None
0,-2,-5,3,9,10,-14,-1,-2,13,9,6,-9,-10,0,None
0,13,1,2,-14,-2,15,2,-1,13,9,6,-9,-10,0,None
0,-8,-3,-3,27,12,9,3,-1,13,9,6,-9,-10,0,None
0,-3,-1,-8,7,9,8,-4,-6,13,9,6,-9,-10,0,None
0,-3,-1,-8,7,9,8,-4,-6,13,9,6,-9,-10,0,None
0,-3,-1,-8,7,9,8,-4,-6,13,9,6,-9,-10,0,None
0,-2,4,4,-7,-2,4,3,2,13,9,6,-9,-10,0,None
0,-10,-4,-13,6,-10,-14,-1,-3,13,9,6,-9,-10,0,None
0,-7,0,4,-10,-9,-29,-7,-5,13,9,6,-9,-10,0,None
0,-1,3,-7,10,13,55,16,5,13,9,6,-9,-10,0,None
0,-1,3,-7,10,13,55,16,5,13,9,6,-9,-10,0,None
0,-1,3,-7,10,13,55,16,5,13,9,6,-8,-10,0,None
0,0,1,-6,-10,-6,3,0,-1,13,9,6,-8,-10,0,None
0,-3,-1,-3,2,-1,4,-1,-2,13,9,6,-8,-10,0,None
0,-5,-4,-7,8,30,-9,-7,-4,13,9,6,-8,-10,0,None
0,5,5,5,4,13,-43,-8,-5,13,9,6,-8,-10,0,None
0,5,5,5,4,13,-43,-8,-5,13,9,6,-8,-10,0,None
0,5,5,5,4,13,-43,-8,-5,13,9,6,-7,-10,0,None
0,-3,-2,-10,-4,-11,-16,1,1,13,9,6,-7,-10,0,None
0,1,0,-2,8,46,66,12,2,13,9,6,-7,-10,0,None
0,-4,1,2,9,2,-2,-2,-2,13,9,6,-7,-10,0,None
0,-6,-2,0,10,-13,-27,-14,-4,13,9,6,-7,-10,0,None
0,-6,-2,0,10,-13,-27,-14,-4,13,9,6,-7,-10,0,None
0,-6,-2,0,10,-13,-27,-14,-4,13,9,6,-6,-10,0,None
0,-1,13,-15,-2,-1,-3,-1,-1,13,9,6,-6,-10,0,None
0,-6,-13,34,5,13,-30,-8,-7,13,9,6,-6,-10,0,None
0,-2,-8,-33,-4,-7,18,6,1,13,9,6,-6,-10,0,None
0,-1,1,-7,6,13,-4,-5,-4,13,9,6,-6,-10,0,None
0,-1,1,-7,6,13,-4,-5,-4,14,9,6,-6,-10,0,None
0,-1,1,-7,6,13,-4,-5,-4,14,9,6,-5,-10,0,None
0,0,9,1,-5,-11,9,2,0,14,9,6,-5,-10,0,None
0,2,1,-8,4,-3,-15,-7,-3,14,9,6,-5,-10,0,None
0,-2,0,10,-4,-3,1,0,-1,14,9,6,-5,-10,0,None
0,0,4,-1,6,2,-7,-2,-2,14,9,6,-5,-10,0,None
0,0,4,-1,6,2,-7,-2,-2,14,9,6,-5,-10,0,None
0,0,4,-1,6,2,-7,-2,-2,14,9,6,-4,-11,0,None
0,0,3,7,3,-14,21,1,1,14,9,6,-4,-11,0,None
0,-3,12,1,1,19,-22,-3,0,14,9,6,-4,-11,0,None
0,-3,-16,-7,10,9,-2,0,-2,14,9,6,-4,-11,0,None
0,-1,-4,-26,-8,-2,20,5,3,14,9,6,-4,-11,0,None
0,-1,-4,-26,-8,-2,20,5,3,14,9,6,-4,-11,0,None
0,-1,-4,-26,-8,-2,20,5,3,14,9,6,-5,-11,0,None
0,-4,-9,3,0,18,-7,-5,-7,14,9,6,-5,-11,0,None
0,-1,9,-2,-9,-10,-7,-3,-3,14,9,6,-5,-11,0,None
0,0,9,0,4,13,8,1,2,14,9,6,-5,-11,0,None
0,1,1,5,-5,-1,-3,-3,-2,14,9,6,-5,-11,0,None
0,1,1,5,-5,-1,-3,-3,-2,14,9,6,-5,-11,0,None
0,1,1,5,-5,-1,-3,-3,-2,14,9,6,-6,-11,0,None
0,-1,1,11,-3,-2,-10,-5,-2,14,9,6,-6,-11,0,None
0,-3,2,-11,-6,-8,-3,0,-2,14,9,6,-6,-11,0,None
0,-2,-12,-16,-5,1,3,-2,-2,14,9,6,-6,-11,0,None
0,0,2,-4,9,-17,-3,-2,-2,14,9,6,-6,-11,0,None
0,0,2,-4,9,-17,-3,-2,-2,14,10,6,-6,-11,0,None
0,0,2,-4,9,-17,-3,-2,-2,14,10,6,-5,-12,0,None
0,-2,-5,-10,-20,7,4,-1,-2,14,10,6,-5,-12,0,None
0,-1,10,3,12,-8,-8,0,-2,14,10,6,-5,-12,0,None
0,-1,-5,8,-5,4,-6,-1,-3,14,10,6,-5,-12,0,None
0,-1,8,-10,0,2,2,-2,-1,14,10,6,-5,-12,0,None
0,-1,8,-10,0,2,2,-2,-1,14,10,6,-5,-12,0,None
0,-1,8,-10,0,2,2,-2,-1,14,10,6,-5,-12,-1,None
0,-2,-42,-11,4,4,-1,1,0,14,10,6,-5,-12,-1,None
0,1,-4,-6,-10,-5,-1,-4,0,14,10,6,-5,-12,-1,None
0,-3,11,8,14,8,5,-1,-1,14,10,6,-5,-12,-1,None
0,0,-4,14,-8,2,-2,-1,-1,14,10,6,-5,-12,-1,None
0,0,-4,14,-8,2,-2,-1,-1,14,10,6,-5,-12,-1,None
0,0,-4,14,-8,2,-2,-1,-1,14,10,6,-6,-12,-2,None
0,-1,10,7,8,-4,-3,-1,-2,14,10,6,-6,-12,-2,None
0,-3,-3,-15,3,1,1,3,0,14,10,6,-6,-12,-2,None
0,-2,-2,-9,1,-2,0,-5,-3,14,10,6,-6,-12,-2,None
0,0,4,-2,4,-1,-1,2,1,14,10,6,-6,-12,-2,None
0,0,4,-2,4,-1,-1,2,1,15,10,6,-6,-12,-2,None
0,0,4,-2,4,-1,-1,2,1,15,10,6,-6,-12,-2,None
0,0,7,3,5,6,-3,-5,-1,15,10,6,-6,-12,-2,None
0,-2,-3,-7,-5,0,0,-2,-1,15,10,6,-6,-12,-2,None
0,-2,-3,-7,-5,0,0,-2,-1,15,10,6,-6,-12,-2,None
0,-2,-3,-7,-5,0,0,-2,-1,15,10,6,-6,-13,-2,None
0,-3,8,3,0,-3,-19,-6,-4,15,10,6,-6,-13,-2,None
0,0,-2,3,5,11,20,2,2,15,10,6,-6,-13,-2,None
0,-2,5,-4,-4,5,3,-3,-3,15,10,6,-6,-13,-2,None
0,0,-4,-5,1,-1,1,-1,-2,15,10,6,-6,-13,-2,None
0,0,-4,-5,1,-1,1,-1,-2,15,11,5,-6,-13,-2,None
0,0,-4,-5,1,-1,1,-1,-2,15,11,5,-6,-13,-2,None
0,0,4,-4,-4,-8,-7,0,0,15,11,5,-6,-13,-2,None
0,-3,1,0,4,3,-4,-2,-4,15,11,5,-6,-13,-2,None
0,-2,-2,14,5,2,4,1,2,15,11,5,-6,-13,-2,None
0,-1,2,-3,5,-1,-5,-6,-4,15,11,5,-6,-13,-2,None
0,-1,2,-3,5,-1,-5,-6,-4,16,11,5,-6,-13,-2,None
0,-1,2,-3,5,-1,-5,-6,-4,16,11,5,-6,-13,-2,None
0,-2,2,0,-5,8,6,2,-1,16,11,5,-6,-13,-2,None
0,0,1,-5,-3,-7,-5,0,0,16,11,5,-6,-13,-2,None
0,-2,5,-2,0,6,4,-3,-2,16,11,5,-6,-13,-2,None
0,-1,-3,-8,-3,-3,-6,-1,-2,16,11,5,-6,-13,-2,None
0,-1,-3,-8,-3,-3,-6,-1,-2,16,11,5,-6,-13,-2,None
0,-1,-3,-8,-3,-3,-6,-1,-2,16,11,5,-5,-14,-3,None
0,-2,0,0,2,-3,2,-2,-3,16,11,5,-5,-14,-3,None
0,1,1,-1,-2,-1,-1,-2,1,16,11,5,-5,-14,-3,None
0,-4,-3,-10,0,-6,-5,0,-4,16,11,5,-5,-14,-3,None
0,0,1,-3,2,3,-1,-11,0,16,11,5,-5,-14,-3,None
0,0,1,-3,2,3,-1,-11,0,16,12,5,-5,-14,-3,None
0,0,1,-3,2,3,-1,-11,0,16,12,5,-5,-14,-3,None
0,0,2,3,0,1,6,11,1,16,12,5,-5,-14,-3,None
0,-1,6,-3,0,1,-4,1,1,16,12,5,-5,-14,-3,None
0,-2,-9,-11,-1,3,4,0,-3,16,12,5,-5,-14,-3,None
0,0,5,-4,1,2,-3,-6,-2,16,12,5,-5,-14,-3,None
0,0,5,-4,1,2,-3,-6,-2,17,12,5,-5,-14,-3,None
0,0,5,-4,1,2,-3,-6,-2,17,12,5,-4,-13,-3,None
0,1,-1,4,2,1,-1,-3,-2,17,12,5,-4,-13,-3,None
0,-8,-13,-32,-11,-7,-9,-11,-5,17,12,5,-4,-13,-3,None
0,1,8,-1,5,4,4,4,3,17,12,5,-4,-13,-3,None
0,0,-1,11,3,-1,-3,0,0,17,12,5,-4,-13,-3,None
0,0,-1,11,3,-1,-3,0,0,17,12,5,-4,-13,-3,None
0,0,-1,11,3,-1,-3,0,0,17,12,5,-5,-13,-2,None
0,-2,2,0,-12,-4,-5,-7,-2,17,12,5,-5,-13,-2,None
0,3,4,12,19,6,-2,-2,3,17,12,5,-5,-13,-2,None
0,-4,-2,15,16,1,-8,-9,-4,17,12,5,-5,-13,-2,None
0,-4,-3,-10,1,-2,-6,-4,-7,17,12,5,-5,-13,-2,None
0,-4,-3,-10,1,-2,-6,-4,-7,0,13,6,-5,-13,-2,None
0,-4,-3,-10,1,-2,-6,-4,-7,0,13,6,-4,-14,-3,None
0,1,2,-18,9,-1,2,2,2,0,13,6,-4,-14,-3,None
0,-4,-3,3,-12,-2,-1,-2,-4,0,13,6,-4,-14,-3,None
0,0,4,-2,34,-13,-7,-6,-2,0,13,6,-4,-14,-3,None
0,-3,-3,-3,10,8,0,5,-2,0,13,6,-4,-14,-3,None
0,-3,-3,-3,10,8,0,5,-2,0,13,6,-4,-14,-3,None
0,-3,-3,-3,10,8,0,5,-2,0,13,6,-4,-15,-3,None
0,-1,3,6,-24,-4,0,-3,-3,0,13,6,-4,-15,-3,None
0,-2,-2,3,29,32,4,-4,-4,0,13,6,-4,-15,-3,None
0,-3,-2,-12,-78,-15,-9,-3,-4,0,13,6,-4,-15,-3,None
0,-4,-3,-5,-2,0,-6,-7,-2,0,13,6,-4,-15,-3,None
0,-4,-3,-5,-2,0,-6,-7,-2,0,13,6,-4,-15,-3,None
0,-4,-3,-5,-2,0,-6,-7,-2,0,13,6,-2,-16,-2,None
0,0,2,5,55,2,8,7,0,0,13,6,-2,-16,-2,None
0,1,1,-1,-81,-38,-1,2,0,0,13,6,-2,-16,-2,None
0,3,7,8,88,30,7,-2,3,0,13,6,-2,-16,-2,None
0,-3,-3,-2,-24,30,4,-2,-2,0,13,6,-2,-16,-2,None
0,-3,-3,-2,-24,30,4,-2,-2,0,13,6,-2,-16,-2,None
0,-3,-3,-2,-24,30,4,-2,-2,0,13,6,-1,-16,-2,None
0,1,2,6,2,43,-4,-4,2,0,13,6,-1,-16,-2,None
0,-1,3,-10,-25,-72,-14,0,-3,0,13,6,-1,-16,-2,None
0,-4,-8,-8,24,-39,4,0,-3,0,13,6,-1,-16,-2,None
0,2,2,4,9,57,5,1,2,0,13,6,-1,-16,-2,None
0,2,2,4,9,57,5,1,2,1,13,6,-1,-16,-2,None
0,2,2,4,9,57,5,1,2,1,13,6,-1,-15,-2,None
0,-2,-1,-3,4,-32,-5,-5,-3,1,13,6,-1,-15,-2,None
0,4,9,15,10,24,5,2,1,1,13,6,-1,-15,-2,None
0,-1,-1,-19,-67,-28,-5,-6,-1,1,13,6,-1,-15,-2,None
0,0,3,16,115,17,4,6,0,1,13,6,-1,-15,-2,None
0,0,3,16,115,17,4,6,0,1,14,6,-1,-15,-2,None
0,0,3,16,115,17,4,6,0,1,14,6,0,-15,-2,None
0,-3,-2,8,-108,37,9,7,0,1,14,6,0,-15,-2,None
0,3,-3,-25,-49,-16,0,-4,1,1,14,6,0,-15,-2,None
0,-6,-1,0,78,26,-13,-7,-7,1,14,6,0,-15,-2,None
0,1,1,2,-6,-25,4,0,-1,1,14,6,0,-15,-2,None
0,1,1,2,-6,-25,4,0,-1,1,14,6,0,-15,-2,None
0,1,1,2,-6,-25,4,0,-1,1,14,6,2,-16,-2,None
0,-1,2,4,32,7,-2,-1,-1,1,14,6,2,-16,-2,None
0,-4,-1,10,70,45,4,-2,-9,1,14,6,2,-16,-2,None
0,2,3,-8,-92,-62,-1,3,0,1,14,6,2,-16,-2,None
0,-5,-7,-15,-68,-33,-8,0,-3,1,14,6,2,-16,-2,None
0,-5,-7,-15,-68,-33,-8,0,-3,1,14,6,2,-16,-2,None
0,-5,-7,-15,-68,-33,-8,0,-3,1,14,6,3,-16,-2,None
0,2,7,8,68,19,0,-11,1,1,14,6,3,-16,-2,None
0,-7,-7,-12,-10,-77,-5,11,-11,1,14,6,3,-16,-2,None
0,-3,-4,2,65,51,4,3,1,1,14,6,3,-16,-2,None
0,1,3,-6,-39,13,-1,-5,1,1,14,6,3,-16,-2,None
0,1,3,-6,-39,13,-1,-5,1,1,14,6,3,-16,-2,None
0,1,3,-6,-39,13,-1,-5,1,1,14,6,4,-15,-2,None
0,-1,-1,-9,-22,-56,-5,-1,-1,1,14,6,4,-15,-2,None
0,1,4,17,102,71,6,-2,3,1,14,6,4,-15,-2,None
0,0,3,-1,-20,23,2,1,0,1,14,6,4,-15,-2,None
0,-1,-1,0,68,-2,1,3,-2,1,14,6,4,-15,-2,None
0,-1,-1,0,68,-2,1,3,-2,1,14,6,4,-15,-2,None
0,-1,-1,0,68,-2,1,3,-2,1,14,6,6,-15,-2,None
0,-3,-3,-3,0,25,4,1,-2,1,14,6,6,-15,-2,None
0,2,1,2,41,39,-18,-19,1,1,14,6,6,-15,-2,None
0,-2,-4,-2,-59,-81,-1,9,4,1,14,6,6,-15,-2,None
0,-2,3,-5,17,31,-5,-5,-5,1,14,6,6,-15,-2,None
0,-2,3,-5,17,31,-5,-5,-5,2,14,6,6,-15,-2,None
0,-2,3,-5,17,31,-5,-5,-5,2,14,6,6,-15,-2,None
0,4,-2,-9,-66,-14,1,-4,7,2,14,6,6,-15,-2,None
0,-9,2,-7,-70,-62,-2,4,-14,2,14,6,6,-15,-2,None
0,3,-5,2,5,-4,-6,-5,-3,2,14,6,6,-15,-2,None
0,1,1,10,90,39,0,-2,3,2,14,6,6,-15,-2,None
0,1,1,10,90,39,0,-2,3,2,14,6,6,-15,-2,None
0,1,1,10,90,39,0,-2,3,2,14,6,6,-14,-2,None
0,-3,-1,-4,-18,-33,-1,-2,-6,2,14,6,6,-14,-2,None
0,-2,-2,10,-67,6,2,-5,6,2,14,6,6,-14,-2,None
0,0,19,-3,0,19,-1,3,0,2,14,6,6,-14,-2,None
0,-4,-25,3,19,-26,-3,-3,-3,2,14,6,6,-14,-2,None
0,-4,-25,3,19,-26,-3,-3,-3,2,14,6,6,-14,-2,None
0,-4,-25,3,19,-26,-3,-3,-3,2,14,6,7,-14,-2,None
0,-8,28,-19,107,34,-8,-7,-7,2,14,6,7,-14,-2,None
0,1,-28,-5,17,35,6,0,5,2,14,6,7,-14,-2,None
0,1,5,-11,-20,15,0,1,-4,2,14,6,7,-14,-2,None
0,-2,6,1,2,10,2,-2,4,2,14,6,7,-14,-2,None
0,-2,6,1,2,10,2,-2,4,2,14,6,7,-14,-2,None
0,-2,6,1,2,10,2,-2,4,2,14,6,7,-13,-2,None
0,-2,-2,-1,22,-21,3,1,0,2,14,6,7,-13,-2,None
0,-3,4,6,33,-7,-3,0,0,2,14,6,7,-13,-2,None
0,1,4,0,-71,-33,-7,-6,0,2,14,6,7,-13,-2,None
0,-1,3,-7,-116,-28,4,10,1,2,14,6,7,-13,-2,None
0,-1,3,-7,-116,-28,4,10,1,2,14,6,7,-13,-2,None
0,-1,3,-7,-116,-28,4,10,1,2,14,6,7,-13,-1,None
0,-2,-10,9,-20,8,-5,-6,-5,2,14,6,7,-13,-1,None
0,-1,8,-20,-53,-3,1,1,-1,2,14,6,7,-13,-1,None
0,-2,-5,8,6,52,6,-1,-2,2,14,6,7,-13,-1,None
0,-3,-2,2,11,4,-2,-3,-1,2,14,6,7,-13,-1,None
0,-3,-2,2,11,4,-2,-3,-1,2,15,6,7,-13,-1,None
0,-3,-2,2,11,4,-2,-3,-1,2,15,6,8,-12,-1,None
0,-1,-2,16,17,-21,-7,0,-1,2,15,6,8,-12,-1,None
0,0,9,-2,-33,10,3,0,-2,2,15,6,8,-12,-1,None
0,1,21,0,35,22,6,5,1,2,15,6,8,-12,-1,None
0,1,-12,1,25,-13,-4,-3,-3,2,15,6,8,-12,-1,None
0,1,-12,1,25,-13,-4,-3,-3,2,15,6,8,-12,-1,None
0,1,-12,1,25,-13,-4,-3,-3,2,15,6,9,-12,-1,None
0,0,4,-9,-40,13,-1,-5,1,2,15,6,9,-12,-1,None
0,-5,-6,1,62,9,3,3,-9,2,15,6,9,-12,-1,None
0,1,11,-9,-28,-45,2,-2,0,2,15,6,9,-12,-1,None
0,0,10,-13,24,-18,1,0,1,2,15,6,9,-12,-1,None
0,0,10,-13,24,-18,1,0,1,2,15,6,9,-12,-1,None
0,0,10,-13,24,-18,1,0,1,2,15,6,9,-12,-1,None
0,-5,-21,-6,15,2,1,2,-1,2,15,6,9,-12,-1,None
0,24,6,-15,-50,6,-5,-5,1,2,15,6,9,-12,-1,None
0,-6,-20,-17,22,-9,-4,-4,-3,2,15,6,9,-12,-1,None
0,-2,3,1,-9,-14,-2,-1,-1,2,15,6,9,-12,-1,None
0,-2,3,1,-9,-14,-2,-1,-1,2,15,6,9,-12,-1,None
0,-2,3,1,-9,-14,-2,-1,-1,2,15,6,10,-12,-1,None
0,0,-1,-10,-5,4,0,-2,-5,2,15,6,10,-12,-1,None
0,-10,-4,-2,20,-11,2,2,2,2,15,6,10,-12,-1,None
0,-1,7,-1,23,19,-2,-2,-2,2,15,6,10,-12,-1,None
0,2,-21,-7,-44,-14,-3,-3,-1,2,15,6,10,-12,-1,None
0,2,-21,-7,-44,-14,-3,-3,-1,2,15,6,10,-12,-1,None
0,2,-21,-7,-44,-14,-3,-3,-1,2,15,6,10,-13,-1,None
0,-10,1,-12,24,21,3,0,-5,2,15,6,10,-13,-1,None
0,-4,13,0,-19,-15,-5,-3,-2,2,15,6,10,-13,-1,None
0,2,-21,7,61,28,2,0,-1,2,15,6,10,-13,-1,None
0,-5,6,-3,0,6,-1,-2,-5,2,15,6,10,-13,-1,None
0,-5,6,-3,0,6,-1,-2,-5,2,15,6,10,-13,-1,None
0,-5,6,-3,0,6,-1,-2,-5,2,15,6,9,-13,-1,None
0,3,8,-2,-38,-17,-4,-1,-1,2,15,6,9,-13,-1,None
0,-5,-3,3,13,10,2,-2,-2,2,15,6,9,-13,-1,None
0,-5,-9,1,23,29,-9,-8,-7,2,15,6,9,-13,-1,None
0,1,19,1,-4,-15,0,-2,-1,2,15,6,9,-13,-1,None
0,1,19,1,-4,-15,0,-2,-1,2,15,6,9,-13,-1,None
0,1,19,1,-4,-15,0,-2,-1,2,15,6,8,-12,-1,None
0,1,-6,11,24,-27,0,-1,-3,2,15,6,8,-12,-1,None
0,-1,-1,4,5,10,-4,-1,-1,2,15,6,8,-12,-1,None
0,1,1,12,53,22,5,1,1,2,15,6,8,-12,-1,None
0,-2,-4,-14,-66,-19,-6,-3,-4,2,15,6,8,-12,-1,None
0,-2,-4,-14,-66,-19,-6,-3,-4,2,15,6,8,-12,-1,None
0,-2,-4,-14,-66,-19,-6,-3,-4,2,15,6,8,-12,0,None
0,-2,19,2,15,1,1,-1,1,2,15,6,8,-12,0,None
0,-6,-3,4,-5,-4,0,0,1,2,15,6,8,-12,0,None
0,-1,0,2,1,-18,-1,-2,-1,2,15,6,8,-12,0,None
0,1,9,1,23,12,1,-3,-1,2,15,6,8,-12,0,None
0,1,9,1,23,12,1,-3,-1,2,15,6,8,-12,0,None
0,1,9,1,23,12,1,-3,-1,2,15,6,8,-12,0,None
0,-6,-21,-12,5,8,-1,-1,-4,2,15,6,8,-12,0,None
0,0,-12,-8,-57,-11,0,-2,-1,2,15,6,8,-12,0,None
0,3,38,-7,-14,8,-3,0,0,2,15,6,8,-12,0,None
0,-5,-22,-4,-6,-11,-2,0,-3,2,15,6,8,-12,0,None
0,-5,-22,-4,-6,-11,-2,0,-3,2,15,6,8,-12,0,None
0,-5,-22,-4,-6,-11,-2,0,-3,2,15,6,8,-12,-1,None
0,1,0,-6,-14,9,-2,-1,0,2,15,6,8,-12,-1,None
0,0,5,4,30,5,1,-1,-1,2,15,6,8,-12,-1,None
0,-3,3,-5,-21,0,-1,-2,-1,2,15,6,8,-12,-1,None
0,1,15,-4,-22,-3,-2,-2,-1,2,15,6,8,-12,-1,None
0,1,15,-4,-22,-3,-2,-2,-1,2,15,6,8,-12,-1,None
0,1,15,-4,-22,-3,-2,-2,-1,2,15,6,8,-12,-1,None
0,-1,5,0,1,1,-1,0,0,2,15,6,8,-12,-1,None
0,-2,2,-2,31,0,-4,-4,1,2,15,6,8,-12,-1,None
0,-2,-12,-4,-12,10,-1,0,-2,2,15,6,8,-12,-1,None
0,1,11,-4,12,-1,0,0,-1,2,15,6,8,-12,-1,None
0,1,11,-4,12,-1,0,0,-1,2,15,6,8,-12,-1,None
0,1,11,-4,12,-1,0,0,-1,2,15,6,8,-12,-1,None
0,-1,-10,-4,-18,1,-1,-1,-3,2,15,6,8,-12,-1,None
0,-1,3,6,10,7,1,-1,0,2,15,6,8,-12,-1,None
0,1,-2,-14,-24,0,-1,-2,-1,2,15,6,8,-12,-1,None
0,-24,-38,2,29,6,-4,-4,-3,2,15,6,8,-12,-1,None
0,-24,-38,2,29,6,-4,-4,-3,2,15,6,8,-12,-1,None
0,-24,-38,2,29,6,-4,-4,-3,2,15,6,9,-11,-1,None
0,0,3,-13,-66,-20,-5,-1,-3,2,15,6,9,-11,-1,None
0,-1,6,4,34,13,1,-2,-2,2,15,6,9,-11,-1,None
0,-1,-5,-3,-50,-2,0,0,-1,2,15,6,9,-11,-1,None
0,-2,11,-1,-11,1,0,-1,-1,2,15,6,9,-11,-1,None
0,-2,11,-1,-11,1,0,-1,-1,2,15,6,9,-11,-1,None
0,-2,11,-1,-11,1,0,-1,-1,2,15,6,8,-11,-1,None
0,1,3,3,28,-2,-2,-1,-1,2,15,6,8,-11,-1,None
0,-1,5,-4,5,4,-1,0,0,2,15,6,8,-11,-1,None
0,-9,-5,1,4,-5,-4,-4,-1,2,15,6,8,-11,-1,None
0,9,11,-2,-1,0,2,0,1,2,15,6,8,-11,-1,None
0,9,11,-2,-1,0,2,0,1,2,15,6,8,-11,-1,None
0,9,11,-2,-1,0,2,0,1,2,15,6,8,-11,-1,None
0,1,-2,11,-1,2,-2,-4,-3,2,15,6,8,-11,-1,None
0,2,4,-5,2,-4,-3,-2,-1,2,15,6,8,-11,-1,None
0,0,2,1,12,0,1,-1,-1,2,15,6,8,-11,-1,None
0,3,8,1,1,1,-2,-2,-1,2,15,6,8,-11,-1,None
0,3,8,1,1,1,-2,-2,-1,2,15,6,8,-11,-1,None
0,3,8,1,1,1,-2,-2,-1,2,15,6,8,-11,-1,None
0,1,3,-1,12,8,-1,-1,-1,2,15,6,8,-11,-1,None
0,-5,0,0,-5,-6,-1,-2,0,2,15,6,8,-11,-1,None
0,-6,-2,0,-10,7,4,3,-1,2,15,6,8,-11,-1,None
0,2,-2,-5,8,6,1,1,-5,2,15,6,8,-11,-1,None
0,2,-2,-5,8,6,1,1,-5,2,15,6,8,-11,-1,None
0,2,-2,-5,8,6,1,1,-5,2,15,6,8,-11,-1,None
0,-7,0,8,-8,1,-3,-3,-2,2,15,6,8,-11,-1,None
0,-1,0,-10,-32,-13,-1,-2,-2,2,15,6,8,-11,-1,None
0,-4,-11,-2,9,5,-2,-3,-2,2,15,6,8,-11,-1,None
0,2,13,3,4,1,-1,-2,-1,2,15,6,8,-11,-1,None
0,2,13,3,4,1,-1,-2,-1,2,15,6,8,-11,-1,None
0,2,13,3,4,1,-1,-2,-1,2,15,6,8,-11,-1,None
0,0,1,-5,14,3,0,0,0,2,15,6,8,-11,-1,None
0,-4,-8,1,4,7,-1,-1,-2,2,15,6,8,-11,-1,None
0,5,9,3,14,-1,0,-2,0,2,15,6,8,-11,-1,None
0,-5,-9,-3,24,8,-1,0,-1,2,15,6,8,-11,-1,None
0,-5,-9,-3,24,8,-1,0,-1,2,15,6,8,-11,-1,None
0,-5,-9,-3,24,8,-1,0,-1,2,15,6,9,-11,-1,None
0,0,-10,-10,-55,-5,-5,-3,-1,2,15,6,9,-11,-1,None
0,-3,0,1,4,9,-1,-2,-3,2,15,6,9,-11,-1,None
0,-1,-5,-9,17,-1,0,-1,-2,2,15,6,9,-11,-1,None
0,1,4,-1,-9,-8,-1,-2,-1,2,15,6,9,-11,-1,None
0,1,4,-1,-9,-8,-1,-2,-1,2,15,6,9,-11,-1,None
0,1,4,-1,-9,-8,-1,-2,-1,2,15,6,8,-12,-1,None
0,0,-3,0,27,4,2,0,0,2,15,6,8,-12,-1,None
0,1,2,0,3,3,-1,0,-1,2,15,6,8,-12,-1,None
0,-1,4,1,-14,-6,-2,-1,-3,2,15,6,8,-12,-1,None
0,0,0,0,1,-2,-1,-1,-1,2,15,6,8,-12,-1,None
0,0,0,0,1,-2,-1,-1,-1,2,15,6,8,-12,-1,None
0,0,0,0,1,-2,-1,-1,-1,2,15,6,8,-11,-1,None
0,0,6,-4,17,15,-1,-2,0,2,15,6,8,-11,-1,None
0,1,23,-3,-3,6,-2,0,1,2,15,6,8,-11,-1,None
0,-7,-45,1,11,-8,-2,-1,-2,2,15,6,8,-11,-1,None
0,-1,1,-3,-34,-5,-3,-3,-3,2,15,6,8,-11,-1,None
0,-1,1,-3,-34,-5,-3,-3,-3,2,15,6,8,-11,-1,None
0,-1,1,-3,-34,-5,-3,-3,-3,2,15,6,9,-12,-1,None
0,-2,2,5,15,1,-1,0,-1,2,15,6,9,-12,-1,None
0,-1,-2,-3,-12,-6,-1,-2,-2,2,15,6,9,-12,-1,None
0,0,9,1,18,7,0,-1,-1,2,15,6,9,-12,-1,None
0,-1,4,-5,-6,-1,-1,-1,-1,2,15,6,9,-12,-1,None
0,-1,4,-5,-6,-1,-1,-1,-1,2,15,6,9,-12,-1,None
0,-1,4,-5,-6,-1,-1,-1,-1,2,15,6,8,-12,-1,None
0,-2,1,-5,-9,-4,-2,-1,-1,2,15,6,8,-12,-1,None
0,0,-3,1,17,4,0,-1,0,2,15,6,8,-12,-1,None
0,0,8,0,-4,-1,-1,-2,-2,2,15,6,8,-12,-1,None
0,0,-1,-3,22,-17,1,0,0,2,15,6,8,-12,-1,None
0,0,-1,-3,22,-17,1,0,0,2,15,6,8,-12,-1,None
0,0,-1,-3,22,-17,1,0,0,2,15,6,8,-12,-1,None
0,-3,15,-4,-10,14,-6,-5,-4,2,15,6,8,-12,-1,None
0,-4,-8,5,28,0,-1,-1,-2,2,15,6,8,-12,-1,None
0,0,6,-1,0,0,-1,-3,0,2,15,6,8,-12,-1,None
0,-1,1,-1,-22,-5,-2,-2,0,2,15,6,8,-12,-1,None
0,-1,1,-1,-22,-5,-2,-2,0,2,15,6,8,-12,-1,None
0,-1,1,-1,-22,-5,-2,-2,0,2,15,6,8,-11,-1,None
0,1,-1,3,10,-2,1,0,-1,2,15,6,8,-11,-1,None
0,-1,-4,-6,-11,-2,-2,-1,0,2,15,6,8,-11,-1,None
0,-1,4,-2,0,0,-2,-1,-2,2,15,6,8,-11,-1,None
0,0,7,3,6,8,-1,-2,-2,2,15,6,8,-11,-1,None
0,0,7,3,6,8,-1,-2,-2,2,15,6,8,-11,-1,None
0,0,7,3,6,8,-1,-2,-2,2,15,6,8,-11,-1,None
0,0,-1,-6,-4,-5,-1,-3,0,2,15,6,8,-11,-1,None
0,-4,-3,-4,2,5,-1,-1,-2,2,15,6,8,-11,-1,None
0,-1,0,6,-28,-14,-4,-2,-1,2,15,6,8,-11,-1,None
0,4,-24,-7,-18,2,-3,-2,0,2,15,6,8,-11,-1,None
0,4,-24,-7,-18,2,-3,-2,0,2,15,6,8,-11,-1,None
0,4,-24,-7,-18,2,-3,-2,0,2,15,6,8,-12,-1,None
0,-3,-5,-3,14,4,-1,-1,-3,2,15,6,8,-12,-1,None
0,0,-7,-1,10,-2,0,-2,-1,2,15,6,8,-12,-1,None
0,-1,9,-4,1,6,-2,-2,0,2,15,6,8,-12,-1,None
0,-2,5,-3,-2,1,-1,-1,-2,2,15,6,8,-12,-1,None
0,-2,5,-3,-2,1,-1,-1,-2,2,15,6,8,-12,-1,None
0,-2,5,-3,-2,1,-1,-1,-2,2,15,6,9,-12,-1,None
0,-1,-3,0,1,-6,0,0,-1,2,15,6,9,-12,-1,None
0,-1,7,1,-2,3,-2,-2,-2,2,15,6,9,-12,-1,None
0,-1,0,-8,5,1,0,-2,-2,2,15,6,9,-12,-1,None
0,-2,5,-1,26,8,0,0,-1,2,15,6,9,-12,-1,None
0,-2,5,-1,26,8,0,0,-1,2,15,6,9,-12,-1,None
0,-2,5,-1,26,8,0,0,-1,2,15,6,9,-11,-1,None
0,2,15,-11,-15,-16,0,-2,-1,2,15,6,9,-11,-1,None
0,-4,-9,-7,-19,-5,-2,-1,-2,2,15,6,9,-11,-1,None
0,0,1,-4,-7,1,-1,-2,-1,2,15,6,9,-11,-1,None
0,-3,0,-3,3,1,-2,-1,-2,2,15,6,9,-11,-1,None
0,-3,0,-3,3,1,-2,-1,-2,2,15,6,9,-11,-1,None
0,-3,0,-3,3,1,-2,-1,-2,2,15,6,8,-11,-1,None
0,-1,6,3,9,5,1,0,0,2,15,6,8,-11,-1,None
0,1,2,-2,-3,-6,-1,0,0,2,15,6,8,-11,-1,None
0,-1,-1,-4,-1,-3,-2,-3,-1,2,15,6,8,-11,-1,None
0,0,13,9,35,17,2,0,0,2,15,6,8,-11,-1,None
0,0,13,9,35,17,2,0,0,2,15,6,8,-11,-1,None
0,0,13,9,35,17,2,0,0,2,15,6,9,-11,-1,None
0,-14,-45,-11,-69,-22,-7,-2,-4,2,15,6,9,-11,-1,None
0,3,8,5,-26,-13,-5,-3,0,2,15,6,9,-11,-1,None
0,-2,0,-14,9,10,0,-1,-2,2,15,6,9,-11,-1,None
0,-3,-10,2,-6,-4,-1,-3,-3,2,15,6,9,-11,-1,None
0,-3,-10,2,-6,-4,-1,-3,-3,2,15,6,9,-11,-1,None
0,-3,-10,2,-6,-4,-1,-3,-3,2,15,6,8,-12,-1,None
0,1,11,1,25,8,1,1,-1,2,15,6,8,-12,-1,None
0,-1,-1,0,14,2,1,0,-1,2,15,6,8,-12,-1,None
0,-2,-2,2,-13,-4,-2,-2,-1,2,15,6,8,-12,-1,None
0,0,17,-7,-2,-2,-1,-3,-3,2,15,6,8,-12,-1,None
0,0,17,-7,-2,-2,-1,-3,-3,2,15,6,8,-12,-1,None
0,0,17,-7,-2,-2,-1,-3,-3,2,15,6,8,-11,-1,None
0,1,4,-2,9,2,-1,-1,-1,2,15,6,8,-11,-1,None
0,0,-1,-14,24,8,0,-1,0,2,15,6,8,-11,-1,None
0,-2,3,4,-6,-2,-2,0,-1,2,15,6,8,-11,-1,None
0,1,-2,6,-24,-7,-4,-3,-1,2,15,6,8,-11,-1,None
0,1,-2,6,-24,-7,-4,-3,-1,2,15,6,8,-11,-1,None
0,1,-2,6,-24,-7,-4,-3,-1,2,15,6,8,-12,-1,None
0,0,19,4,14,11,-1,-2,-2,2,15,6,8,-12,-1,None
0,-5,-15,2,-5,-6,0,-3,-3,2,15,6,8,-12,-1,None
0,-2,1,-4,-4,2,-1,0,0,2,15,6,8,-12,-1,None
0,-4,0,-6,-2,-3,-2,-1,-1,2,15,6,8,-12,-1,None
0,-4,0,-6,-2,-3,-2,-1,-1,2,15,6,8,-12,-1,None
0,-4,0,-6,-2,-3,-2,-1,-1,2,15,6,8,-11,-1,None
0,2,3,1,-4,-4,0,-1,0,2,15,6,8,-11,-1,None
0,-1,12,-4,2,3,0,-2,-1,2,15,6,8,-11,-1,None
0,-1,0,-2,10,1,0,1,-1,2,15,6,8,-11,-1,None
0,-3,-3,-4,-18,-3,-3,-2,-3,2,15,6,8,-11,-1,None
0,-3,-3,-4,-18,-3,-3,-2,-3,2,15,6,8,-11,-1,None
0,-3,-3,-4,-18,-3,-3,-2,-3,2,15,6,8,-11,-1,None
0,1,-6,-8,13,2,0,1,-1,2,15,6,8,-11,-1,None
0,1,38,9,-14,14,-1,-1,-1,2,15,6,8,-11,-1,None
0,1,-9,0,-16,-8,-3,-1,-2,2,15,6,8,-11,-1,None
0,-4,-2,-4,1,8,-3,-2,-1,2,15,6,8,-11,-1,None
0,-4,-2,-4,1,8,-3,-2,-1,2,15,6,8,-11,-1,None
0,-4,-2,-4,1,8,-3,-2,-1,2,15,6,8,-11,-1,None
0,-4,-6,-5,-4,-1,1,-3,-2,2,15,6,8,-11,-1,None
0,-1,0,0,10,3,0,0,-2,2,15,6,8,-11,-1,None
0,0,7,0,9,2,0,-1,-1,2,15,6,8,-11,-1,None
0,-3,4,-4,-3,-2,-1,-2,-1,2,15,6,8,-11,-1,None
0,-3,4,-4,-3,-2,-1,-2,-1,2,15,6,8,-11,-1,None
0,-3,4,-4,-3,-2,-1,-2,-1,2,15,6,9,-11,-1,None
0,2,3,2,7,4,2,0,0,2,15,6,9,-11,-1,None
0,-2,-11,5,2,-4,-3,-2,0,2,15,6,9,-11,-1,None
0,-1,16,-12,3,1,0,0,-1,2,15,6,9,-11,-1,None
0,-1,-23,10,75,13,0,-1,-1,2,15,6,9,-11,-1,None
0,-1,-23,10,75,13,0,-1,-1,2,15,6,9,-11,-1,None
0,-1,-23,10,75,13,0,-1,-1,2,15,6,9,-11,-1,None
0,-2,8,2,1,7,-5,-4,-4,2,15,6,9,-11,-1,None
0,0,-3,0,22,-15,-2,-1,-1,2,15,6,9,-11,-1,None
0,-4,-2,-6,-34,-4,-3,-3,-1,2,15,6,9,-11,-1,None
0,-1,5,1,12,7,2,-1,-1,2,15,6,9,-11,-1,None
0,-1,5,1,12,7,2,-1,-1,2,15,6,9,-11,-1,None
0,-1,5,1,12,7,2,-1,-1,2,15,6,9,-11,-1,None
0,-1,3,-4,1,-1,-1,-1,1,2,15,6,9,-11,-1,None
0,-2,-3,-1,-7,0,-2,0,0,2,15,6,9,-11,-1,None
0,1,-2,-14,26,3,0,0,0,2,15,6,9,-11,-1,None
0,0,7,-5,-33,-10,-1,1,-1,2,15,6,9,-11,-1,None
0,0,7,-5,-33,-10,-1,1,-1,2,15,6,9,-11,-1,None
0,0,7,-5,-33,-10,-1,1,-1,2,15,6,9,-11,-1,None
0,0,-5,1,-1,2,2,1,-2,2,15,6,9,-11,-1,None
0,-2,12,-7,-4,3,-1,-1,-2,2,15,6,9,-11,-1,None
0,0,-1,6,7,4,-3,-3,0,2,15,6,9,-11,-1,None
0,-2,0,-8,-19,-4,-3,-3,-1,2,15,6,9,-11,-1,None
0,-2,0,-8,-19,-4,-3,-3,-1,2,15,6,9,-11,-1,None
0,-2,0,-8,-19,-4,-3,-3,-1,2,15,6,9,-11,-1,None
0,-4,-4,-4,-12,-5,-2,-2,0,2,15,6,9,-11,-1,None
0,0,0,-3,6,6,-1,-1,-2,2,15,6,9,-11,-1,None
0,-2,0,0,0,0,-2,-1,-2,2,15,6,9,-11,-1,None
0,-1,1,-2,-17,-2,1,0,-1,2,15,6,9,-11,-1,None
0,-1,1,-2,-17,-2,1,0,-1,2,15,6,9,-11,-1,None
0,-1,1,-2,-17,-2,1,0,-1,2,15,6,9,-11,-1,None
0,1,25,4,16,1,-1,-1,-1,2,15,6,9,-11,-1,None
0,-5,-28,-1,-7,8,-2,-2,-2,2,15,6,9,-11,-1,None
0,-2,-23,-4,-23,-29,-1,-2,0,2,15,6,9,-11,-1,None
0,-2,-3,-3,-22,4,-6,-4,-4,2,15,6,9,-11,-1,None
0,-2,-3,-3,-22,4,-6,-4,-4,2,15,6,9,-11,-1,None
0,-2,-3,-3,-22,4,-6,-4,-4,2,15,6,9,-11,-1,None
0,1,-4,-4,7,6,0,-2,-2,2,15,6,9,-11,-1,None
0,0,-2,2,1,0,1,-2,0,2,15,6,9,-11,-1,None
0,-2,5,4,18,6,1,1,-1,2,15,6,9,-11,-1,None
0,0,3,-9,1,-6,-1,1,1,2,15,6,9,-11,-1,None
0,0,3,-9,1,-6,-1,1,1,2,15,6,9,-11,-1,None
0,0,3,-9,1,-6,-1,1,1,2,15,6,9,-11,-1,None
0,-2,-8,2,-8,-5,-2,0,-3,2,15,6,9,-11,-1,None
0,0,7,-7,3,0,-1,-1,-2,2,15,6,9,-11,-1,None
0,0,3,10,5,4,0,-1,-1,2,15,6,9,-11,-1,None
0,1,10,-7,2,-4,0,-2,-1,2,15,6,9,-11,-1,None
0,1,10,-7,2,-4,0,-2,-1,2,15,6,9,-11,-1,None
0,1,10,-7,2,-4,0,-2,-1,2,15,6,9,-11,-1,None
0,2,-1,3,2,2,-3,-2,0,2,15,6,9,-11,-1,None
0,-3,-4,-2,16,1,0,-1,-1,2,15,6,9,-11,-1,None
0,1,11,-7,8,5,-1,-1,-1,2,15,6,9,-11,-1,None
0,-11,-36,-3,-36,-7,-3,-1,-3,2,15,6,9,-11,-1,None
0,-11,-36,-3,-36,-7,-3,-1,-3,2,15,6,9,-11,-1,None
0,-11,-36,-3,-36,-7,-3,-1,-3,2,15,6,9,-11,-1,None
0,-4,-5,-5,10,5,0,-5,-3,2,15,6,9,-11,-1,None
0,-1,1,-4,4,-5,-2,0,-1,2,15,6,9,-11,-1,None
0,0,-4,2,3,7,0,-2,-1,2,15,6,9,-11,-1,None
0,2,10,0,13,3,0,-1,0,2,15,6,9,-11,-1,None
0,2,10,0,13,3,0,-1,0,2,15,6,9,-11,-1,None
0,2,10,0,13,3,0,-1,0,2,15,6,9,-11,-1,None
0,-1,-1,4,2,-3,1,0,-2,2,15,6,9,-11,-1,None
0,-1,-1,-17,-20,-3,-1,-1,0,2,15,6,9,-11,-1,None
0,-4,5,2,10,5,-2,-2,-2,2,15,6,9,-11,-1,None
0,0,28,-17,-8,2,-1,-2,-2,2,15,6,9,-11,-1,None
0,0,28,-17,-8,2,-1,-2,-2,2,15,6,9,-11,-1,None
0,0,28,-17,-8,2,-1,-2,-2,2,15,6,9,-12,-1,None
0,0,-16,1,-39,-14,-3,-1,-1,2,15,6,9,-12,-1,None
0,-1,5,1,-11,0,-1,-2,-3,2,15,6,9,-12,-1,None
0,-1,-1,-4,0,17,-1,-1,-1,2,15,6,9,-12,-1,None
0,-2,7,1,15,2,-1,-1,0,2,15,6,9,-12,-1,None
0,-2,7,1,15,2,-1,-1,0,2,15,6,9,-12,-1,None
0,-2,7,1,15,2,-1,-1,0,2,15,6,9,-11,-1,None
0,-1,3,-6,-1,-3,0,-1,0,2,15,6,9,-11,-1,None
0,0,0,-3,5,6,-2,-3,-1,2,15,6,9,-11,-1,None
0,0,-1,1,5,-1,1,1,-1,2,15,6,9,-11,-1,None
0,0,-1,-28,-69,-31,-1,-1,0,2,15,6,9,-11,-1,None
0,0,-1,-28,-69,-31,-1,-1,0,2,15,6,9,-11,-1,None
0,0,-1,-28,-69,-31,-1,-1,0,2,15,6,9,-11,-1,None
0,-8,-17,9,9,11,1,-1,-2,2,15,6,9,-11,-1,None
0,-1,-4,9,-19,-6,-4,-3,-2,2,15,6,9,-11,-1,None
0,-2,2,-3,10,-2,1,-2,-3,2,15,6,9,-11,-1,None
0,0,-3,7,12,6,0,-1,-1,2,15,6,9,-11,-1,None
0,0,-3,7,12,6,0,-1,-1,2,15,6,9,-11,-1,None
0,0,-3,7,12,6,0,-1,-1,2,15,6,9,-11,-1,None
0,1,10,-5,14,-5,-2,1,-1,2,15,6,9,-11,-1,None
0,1,2,-7,-9,-3,-1,1,-1,2,15,6,9,-11,-1,None
0,-2,-3,2,-14,-5,-2,-2,-1,2,15,6,9,-11,-1,None
0,1,4,7,28,8,0,-1,-1,2,15,6,9,-11,-1,None
0,1,4,7,28,8,0,-1,-1,2,15,6,9,-11,-1,None
0,1,4,7,28,8,0,-1,-1,2,15,6,9,-11,-1,None
0,1,5,3,-4,-1,-1,-3,-1,2,15,6,9,-11,-1,None
0,-4,-7,-7,-25,5,0,-2,-3,2,15,6,9,-11,-1,None
0,0,17,-5,-3,-6,-5,-2,-1,2,15,6,9,-11,-1,None
0,-7,-21,2,6,11,-3,-2,-2,2,15,6,9,-11,-1,None
0,-7,-21,2,6,11,-3,-2,-2,2,15,6,9,-11,-1,None
0,-7,-21,2,6,11,-3,-2,-2,2,15,6,9,-11,-1,None
0,7,7,1,31,19,2,-2,-1,2,15,6,9,-11,-1,None
0,-1,-3,3,11,-1,-2,-2,-1,2,15,6,9,-11,-1,None
0,1,10,3,3,3,0,-1,-1,2,15,6,9,-11,-1,None
0,2,2,-3,0,-8,-2,-1,0,2,15,6,9,-11,-1,None
0,2,2,-3,0,-8,-2,-1,0,2,15,6,9,-11,-1,None
0,2,2,-3,0,-8,-2,-1,0,2,15,6,9,-11,-1,None
0,-4,3,-6,20,6,-1,0,1,2,15,6,9,-11,-1,None
0,-3,-2,-5,-39,-8,-1,-3,-2,2,15,6,9,-11,-1,None
0,3,4,-12,-6,-10,-3,-1,-1,2,15,6,9,-11,-1,None
0,-10,-39,12,11,4,0,-2,-2,2,15,6,9,-11,-1,None
0,-10,-39,12,11,4,0,-2,-2,2,15,6,9,-11,-1,None
0,-10,-39,12,11,4,0,-2,-2,2,15,6,9,-11,-1,None
0,-4,3,-5,-6,3,-4,-4,-3,2,15,6,9,-11,-1,None
0,0,3,2,21,4,1,0,-1,2,15,6,9,-11,-1,None
0,-21,-8,0,-6,2,0,-1,1,2,15,6,9,-11,-1,None
0,15,13,-2,-8,4,0,-1,-4,2,15,6,9,-11,-1,None
0,15,13,-2,-8,4,0,-1,-4,2,15,6,9,-11,-1,None
0,15,13,-2,-8,4,0,-1,-4,2,15,6,9,-11,-1,None
0,-1,-3,-7,-7,-9,-1,0,0,2,15,6,9,-11,-1,None
0,1,1,-4,-3,0,-1,-2,-1,2,15,6,9,-11,-1,None
0,-7,-3,-10,-16,4,-1,-2,-3,2,15,6,9,-11,-1,None
0,-1,21,4,26,4,0,-1,-1,2,15,6,9,-11,-1,None
0,-1,21,4,26,4,0,-1,-1,2,15,6,9,-11,-1,None
0,-1,21,4,26,4,0,-1,-1,2,15,6,9,-11,-1,None
0,-2,-12,-7,-33,-11,-3,-3,-3,2,15,6,9,-11,-1,None
0,2,-18,2,34,-9,2,0,0,2,15,6,9,-11,-1,None
0,3,-6,0,-1,22,-4,-2,-3,2,15,6,9,-11,-1,None
0,4,10,1,-19,-2,-1,-2,-1,2,15,6,9,-11,-1,None
0,4,10,1,-19,-2,-1,-2,-1,2,15,6,9,-11,-1,None
0,4,10,1,-19,-2,-1,-2,-1,2,15,6,9,-11,-1,None
0,1,12,1,8,-9,-3,-2,-1,2,15,6,9,-11,-1,None
0,-6,5,-1,-18,7,1,0,-1,2,15,6,9,-11,-1,None
0,4,-7,-3,7,-5,0,-1,-2,2,15,6,9,-11,-1,None
0,-4,2,-5,-2,0,0,-1,-2,2,15,6,9,-11,-1,None
0,-4,2,-5,-2,0,0,-1,-2,2,15,6,9,-11,-1,None
0,-4,2,-5,-2,0,0,-1,-2,2,15,6,9,-11,-1,None
0,-5,5,5,10,2,-2,-2,-1,2,15,6,9,-11,-1,None
0,2,22,-24,6,7,-3,-2,-2,2,15,6,9,-11,-1,None
0,-3,-9,0,12,7,-1,-1,-3,2,15,6,9,-11,-1,None
0,1,3,-3,-24,-12,-5,-3,-2,2,15,6,9,-11,-1,None
0,1,3,-3,-24,-12,-5,-3,-2,2,15,6,9,-11,-1,None
0,1,3,-3,-24,-12,-5,-3,-2,2,15,6,9,-11,-1,None
0,1,-1,-3,17,17,3,-1,-2,2,15,6,9,-11,-1,None
0,-1,9,6,11,3,0,0,-1,2,15,6,9,-11,-1,None
0,5,-1,0,-2,-3,1,-2,-2,2,15,6,9,-11,-1,None
0,-6,0,-5,9,0,-1,0,1,2,15,6,9,-11,-1,None
0,-6,0,-5,9,0,-1,0,1,2,15,6,9,-11,-1,None
0,-6,0,-5,9,0,-1,0,1,2,15,6,9,-11,-1,None
0,0,-3,-9,-18,-8,-5,0,0,2,15,6,9,-11,-1,None
0,-1,-4,11,1,0,-1,-1,-1,2,15,6,9,-11,-1,None
0,-16,19,-10,-21,-6,-2,-1,-1,2,15,6,9,-11,-1,None
0,13,-19,2,14,-4,-1,-3,-2,2,15,6,9,-11,-1,None
0,13,-19,2,14,-4,-1,-3,-2,2,15,6,9,-11,-1,None
0,13,-19,2,14,-4,-1,-3,-2,2,15,6,9,-11,-1,None
0,-3,4,-5,-12,-2,-2,-2,0,2,15,6,9,-11,-1,None
0,0,1,1,1,6,-2,-1,-2,2,15,6,9,-11,-1,None
0,-1,1,3,18,-5,-2,0,-2,2,15,6,9,-11,-1,None
0,-5,8,1,10,8,4,-1,-1,2,15,6,9,-11,-1,None
0,-5,8,1,10,8,4,-1,-1,2,15,6,9,-11,-1,None
0,-5,8,1,10,8,4,-1,-1,2,15,6,9,-11,-1,None
0,-2,2,-5,-11,-3,-1,0,-1,2,15,6,9,-11,-1,None
0,-1,-5,-4,6,-1,-2,-1,0,2,15,6,9,-11,-1,None
0,7,-5,1,5,1,0,0,0,2,15,6,9,-11,-1,None
0,-4,8,-24,-26,2,-2,-1,-3,2,15,6,9,-11,-1,None
0,-4,8,-24,-26,2,-2,-1,-3,2,15,6,9,-11,-1,None
0,-4,8,-24,-26,2,-2,-1,-3,2,15,6,9,-11,-1,None
0,-6,-9,-3,-46,-12,-4,-3,-2,2,15,6,9,-11,-1,None
0,0,14,-3,3,2,-3,-3,-5,2,15,6,9,-11,-1,None
0,3,11,-1,-12,11,-1,-2,-1,2,15,6,9,-11,-1,None
0,-4,1,2,16,3,-1,-1,-1,2,15,6,9,-11,-1,None
0,-4,1,2,16,3,-1,-1,-1,2,15,6,9,-11,-1,None
0,-4,1,2,16,3,-1,-1,-1,2,15,6,9,-11,-1,None
0,-1,5,0,11,-1,1,0,0,2,15,6,9,-11,-1,None
0,-3,-8,0,-4,-5,0,0,-1,2,15,6,9,-11,-1,None
0,2,2,-2,-2,-5,-2,-1,-2,2,15,6,9,-11,-1,None
0,-2,1,1,7,6,-2,0,-3,2,15,6,9,-11,-1,None
0,-2,1,1,7,6,-2,0,-3,2,15,6,9,-11,-1,None
0,-2,1,1,7,6,-2,0,-3,2,15,6,9,-11,-1,None
0,-1,-3,-4,-7,0,1,0,-3,2,15,6,9,-11,-1,None
