0,0,2,6,12,9,24,-18,1,1,12,9,7,-18,-5,None
0,-2,-2,-1,-5,-26,-10,19,-5,1,12,9,7,-18,-5,None
0,1,-1,4,-5,9,-9,-34,-1,1,12,9,7,-18,-5,None
0,1,-1,4,-5,9,-9,-34,-1,1,12,9,7,-18,-5,None
0,1,-1,4,-5,9,-9,-34,-1,1,12,9,4,-17,-5,None
0,0,3,10,-4,-6,-11,14,-3,1,12,9,4,-17,-5,None
0,-4,-3,-6,2,-8,21,-10,-5,1,12,9,4,-17,-5,None
0,-1,-1,11,-7,8,0,3,1,1,12,9,4,-17,-5,None
0,0,1,2,5,8,-10,-15,4,1,12,9,4,-17,-5,None
0,0,1,2,5,8,-10,-15,4,0,12,9,4,-17,-5,None
0,0,1,2,5,8,-10,-15,4,0,12,9,0,-17,-5,None
0,0,3,4,-7,-7,16,14,0,0,12,9,0,-17,-5,None
0,-3,-3,-4,0,7,-21,9,-3,0,12,9,0,-17,-5,None
0,-3,-1,-6,-18,9,-15,-23,-6,0,12,9,0,-17,-5,None
0,-2,-1,-3,11,-64,-17,14,-1,0,12,9,0,-17,-5,None
0,-2,-1,-3,11,-64,-17,14,-1,0,12,9,0,-17,-5,None
0,-2,-1,-3,11,-64,-17,14,-1,0,12,9,0,-17,-5,None
0,2,4,1,5,80,10,-21,2,0,12,9,0,-17,-5,None
0,-7,-3,4,2,-115,-12,0,-8,0,12,9,0,-17,-5,None
0,0,1,-7,-20,91,-4,5,3,0,12,9,0,-17,-5,None
0,-4,-1,-2,31,-51,2,-3,-6,0,12,9,0,-17,-5,None
0,-4,-1,-2,31,-51,2,-3,-6,0,12,9,0,-17,-5,None
0,-4,-1,-2,31,-51,2,-3,-6,0,12,9,-2,-17,-6,None
0,-1,-1,1,-15,-8,-15,-1,-1,0,12,9,-2,-17,-6,None
0,2,2,-3,-26,126,42,-5,0,0,12,9,-2,-17,-6,None
0,-1,4,14,58,-79,-31,1,1,0,12,9,-2,-17,-6,None
0,1,1,5,-35,10,-17,3,-4,0,12,9,-2,-17,-6,None
0,1,1,5,-35,10,-17,3,-4,0,12,9,-2,-17,-6,None
0,1,1,5,-35,10,-17,3,-4,0,12,9,-4,-16,-7,None
0,-7,-10,-20,-25,-31,-7,-22,-9,0,12,9,-4,-16,-7,None
0,-1,2,6,28,37,-1,20,-1,0,12,9,-4,-16,-7,None
0,1,-2,-13,-2,8,22,-38,0,0,12,9,-4,-16,-7,None
0,2,5,-2,-17,41,-36,13,0,0,12,9,-4,-16,-7,None
0,2,5,-2,-17,41,-36,13,0,17,12,9,-4,-16,-7,None
0,2,5,-2,-17,41,-36,13,0,17,12,9,-6,-15,-7,None
0,-1,2,14,-12,80,77,12,4,17,12,9,-6,-15,-7,None
0,-1,0,6,12,45,-2,14,-1,17,12,9,-6,-15,-7,None
0,1,2,-1,9,-18,6,5,1,17,12,9,-6,-15,-7,None
0,-4,-1,5,9,-110,-20,-21,-4,17,12,9,-6,-15,-7,None
0,-4,-1,5,9,-110,-20,-21,-4,17,12,9,-6,-15,-7,None
0,-4,-1,5,9,-110,-20,-21,-4,17,12,9,-6,-15,-6,None
0,1,0,-13,-22,-61,3,-11,-2,17,12,9,-6,-15,-6,None
0,-1,-2,2,-6,110,-11,6,-2,17,12,9,-6,-15,-6,None
0,-3,-2,6,28,-100,9,-3,-4,17,12,9,-6,-15,-6,None
0,-5,-4,-12,-39,76,-9,-30,-9,17,12,9,-6,-15,-6,None
0,-5,-4,-12,-39,76,-9,-30,-9,17,12,9,-6,-15,-6,None
0,-5,-4,-12,-39,76,-9,-30,-9,17,12,9,-5,-14,-5,None
0,2,5,-3,81,-7,-20,29,4,17,12,9,-5,-14,-5,None
0,-6,-9,-26,-61,-64,18,-15,-3,17,12,9,-5,-14,-5,None
0,-3,-1,-19,3,27,-28,2,-5,17,12,9,-5,-14,-5,None
0,1,1,-1,-37,-25,42,10,4,17,12,9,-5,-14,-5,None
0,1,1,-1,-37,-25,42,10,4,17,12,9,-5,-14,-5,None
0,1,1,-1,-37,-25,42,10,4,17,12,9,-6,-13,-5,None
0,-5,-7,-24,84,-70,-55,-11,-6,17,12,9,-6,-13,-5,None
0,6,10,6,-28,16,40,2,4,17,12,9,-6,-13,-5,None
0,-1,-1,-7,1,-12,-12,2,-4,17,12,9,-6,-13,-5,None
0,-1,0,-17,3,44,10,0,0,17,12,9,-6,-13,-5,None
0,-1,0,-17,3,44,10,0,0,16,12,8,-6,-13,-5,None
0,-1,0,-17,3,44,10,0,0,16,12,8,-7,-12,-5,None
0,-3,0,-2,4,-40,-24,-3,-1,16,12,8,-7,-12,-5,None
0,-4,-2,2,39,-128,-31,-14,-3,16,12,8,-7,-12,-5,None
0,1,-4,-4,-17,24,4,4,-7,16,12,8,-7,-12,-5,None
0,-3,2,11,83,-62,-10,-10,-10,16,12,8,-7,-12,-5,None
0,-3,2,11,83,-62,-10,-10,-10,16,12,8,-7,-12,-5,None
0,-3,2,11,83,-62,-10,-10,-10,16,12,8,-7,-11,-5,None
0,-1,-1,-7,6,92,24,7,12,16,12,8,-7,-11,-5,None
0,6,-3,-28,-91,-95,-18,4,7,16,12,8,-7,-11,-5,None
0,-2,7,15,30,127,0,0,-3,16,12,8,-7,-11,-5,None
0,1,2,-12,-67,-9,16,3,-3,16,12,8,-7,-11,-5,None
0,1,2,-12,-67,-9,16,3,-3,16,12,8,-7,-11,-5,None
0,1,2,-12,-67,-9,16,3,-3,16,12,8,-6,-11,-5,None
0,-8,-12,7,-46,79,8,-14,-8,16,12,8,-6,-11,-5,None
0,0,6,11,99,127,6,6,1,16,12,8,-6,-11,-5,None
0,-4,1,-9,-16,76,16,8,0,16,12,8,-6,-11,-5,None
0,-15,-1,-5,29,-34,-14,-3,-2,16,12,8,-6,-11,-5,None
0,-15,-1,-5,29,-34,-14,-3,-2,16,12,8,-6,-11,-5,None
0,-15,-1,-5,29,-34,-14,-3,-2,16,12,8,-7,-11,-5,None
0,10,6,11,-45,-95,-8,-9,-4,16,12,8,-7,-11,-5,None
0,-3,4,2,-32,26,2,2,14,16,12,8,-7,-11,-5,None
0,0,-3,24,102,-97,-12,1,-3,16,12,8,-7,-11,-5,None
0,-6,6,2,-49,-46,12,-3,-4,16,12,8,-7,-11,-5,None
0,-6,6,2,-49,-46,12,-3,-4,15,12,8,-7,-11,-5,None
0,-6,6,2,-49,-46,12,-3,-4,15,12,8,-6,-11,-4,None
0,-7,-5,-15,40,-25,-4,-3,-5,15,12,8,-6,-11,-4,None
0,-2,0,-7,20,-64,-12,-6,-15,15,12,8,-6,-11,-4,None
0,-4,-1,-14,-87,-65,9,10,0,15,12,8,-6,-11,-4,None
0,4,-3,1,36,7,-3,-3,10,15,12,8,-6,-11,-4,None
0,4,-3,1,36,7,-3,-3,10,15,12,8,-6,-11,-4,None
0,4,-3,1,36,7,-3,-3,10,15,12,8,-4,-10,-3,None
0,-1,5,3,38,-18,0,-1,1,15,12,8,-4,-10,-3,None
0,-1,-5,-8,-4,-15,-20,-5,-15,15,12,8,-4,-10,-3,None
0,-7,2,-14,-81,15,3,7,5,15,12,8,-4,-10,-3,None
0,4,1,4,25,-2,15,0,2,15,12,8,-4,-10,-3,None
0,4,1,4,25,-2,15,0,2,15,12,8,-4,-10,-3,None
0,4,1,4,25,-2,15,0,2,15,12,8,-2,-10,-2,None
0,0,7,4,12,59,-7,1,-4,15,12,8,-2,-10,-2,None
0,-5,3,1,-38,107,4,-2,1,15,12,8,-2,-10,-2,None
0,-4,2,-1,-90,6,-12,-9,-8,15,12,8,-2,-10,-2,None
0,2,0,-11,-11,61,-3,0,3,15,12,8,-2,-10,-2,None
0,2,0,-11,-11,61,-3,0,3,15,12,8,-2,-10,-2,None
0,2,0,-11,-11,61,-3,0,3,15,12,8,-4,-9,-2,None
0,0,3,2,-69,5,20,8,4,15,12,8,-4,-9,-2,None
0,0,3,7,14,-27,-11,-5,-2,15,12,8,-4,-9,-2,None
0,1,-3,-3,7,-17,0,0,-2,15,12,8,-4,-9,-2,None
0,-1,1,3,-19,44,-10,-5,-8,15,12,8,-4,-9,-2,None
0,-1,1,3,-19,44,-10,-5,-8,15,12,8,-4,-9,-2,None
0,-1,1,3,-19,44,-10,-5,-8,15,12,8,-5,-8,-1,None
0,0,-3,-4,-23,18,10,7,5,15,12,8,-5,-8,-1,None
0,-2,0,3,1,-3,1,-3,-2,15,12,8,-5,-8,-1,None
0,4,2,6,-4,-52,-7,0,1,15,12,8,-5,-8,-1,None
0,-2,-2,1,21,23,2,0,-1,15,12,8,-5,-8,-1,None
0,-2,-2,1,21,23,2,0,-1,15,12,8,-5,-8,-1,None
0,-2,-2,1,21,23,2,0,-1,15,12,8,-5,-7,0,None
0,-3,1,-2,-20,-37,-11,-1,-7,15,12,8,-5,-7,0,None
0,-1,0,-3,13,-30,-9,-6,-2,15,12,8,-5,-7,0,None
0,-2,-2,-12,53,-9,10,1,-1,15,12,8,-5,-7,0,None
0,1,-4,-3,-35,41,9,6,9,15,12,8,-5,-7,0,None
0,1,-4,-3,-35,41,9,6,9,15,12,8,-5,-7,0,None
0,1,-4,-3,-35,41,9,6,9,15,12,8,-4,-8,0,None
0,2,4,9,8,8,11,3,-1,15,12,8,-4,-8,0,None
0,0,2,0,-36,-31,-4,0,-2,15,12,8,-4,-8,0,None
0,-1,-1,2,-4,10,-5,-2,1,15,12,8,-4,-8,0,None
0,2,3,1,-27,8,1,-3,-1,15,12,8,-4,-8,0,None
0,2,3,1,-27,8,1,-3,-1,15,12,8,-4,-8,0,None
0,2,3,1,-27,8,1,-3,-1,15,12,8,-6,-8,0,None
0,-2,-1,-6,34,15,-13,-9,-7,15,12,8,-6,-8,0,None
0,-3,-4,-4,30,-30,7,-1,3,15,12,8,-6,-8,0,None
0,-1,2,4,4,-14,-4,-6,-5,15,12,8,-6,-8,0,None
0,0,0,3,-10,5,8,4,3,15,12,8,-6,-8,0,None
0,0,0,3,-10,5,8,4,3,15,12,8,-6,-8,0,None
0,0,0,3,-10,5,8,4,3,15,12,8,-7,-10,0,None
0,0,4,0,-38,-2,-8,0,1,15,12,8,-7,-10,0,None
0,0,1,-8,8,-12,-11,-2,-2,15,12,8,-7,-10,0,None
0,1,-3,-1,24,34,16,2,0,15,12,8,-7,-10,0,None
0,0,2,-1,60,-50,4,0,1,15,12,8,-7,-10,0,None
0,0,2,-1,60,-50,4,0,1,15,12,8,-7,-10,0,None
0,0,2,-1,60,-50,4,0,1,15,12,8,-9,-10,0,None
0,-2,0,-13,-99,-30,-19,-5,-6,15,12,8,-9,-10,0,None
0,0,-1,3,-21,21,-6,4,2,15,12,8,-9,-10,0,None
0,1,1,-3,2,-32,28,1,2,15,12,8,-9,-10,0,None
0,-3,-1,3,52,30,-11,-7,-8,15,12,8,-9,-10,0,None
0,-3,-1,3,52,30,-11,-7,-8,15,12,8,-9,-10,0,None
0,-3,-1,3,52,30,-11,-7,-8,15,12,8,-11,-9,0,None
0,0,-4,-5,-14,-23,-3,2,3,15,12,8,-11,-9,0,None
0,0,3,6,19,7,9,1,2,15,12,8,-11,-9,0,None
0,-2,0,-3,-12,3,-29,-5,-1,15,12,8,-11,-9,0,None
0,-1,-1,-2,26,33,19,1,-2,15,12,8,-11,-9,0,None
0,-1,-1,-2,26,33,19,1,-2,15,12,8,-11,-9,0,None
0,-1,-1,-2,26,33,19,1,-2,15,12,8,-12,-9,0,None
0,0,1,-2,14,-30,-4,-4,-3,15,12,8,-12,-9,0,None
0,-5,-4,1,-7,56,-2,-2,-4,15,12,8,-12,-9,0,None
0,1,1,-1,14,-20,1,-1,2,15,12,8,-12,-9,0,None
0,-4,-3,-4,14,4,-14,-5,-4,15,12,8,-12,-9,0,None
0,-4,-3,-4,14,4,-14,-5,-4,15,12,8,-12,-9,0,None
0,-4,-3,-4,14,4,-14,-5,-4,15,12,8,-11,-9,0,None
0,-2,0,-3,-9,-2,2,-1,-2,15,12,8,-11,-9,0,None
0,0,-1,-3,-27,2,8,0,-1,15,12,8,-11,-9,0,None
0,-1,2,-1,31,29,0,-3,-3,15,12,8,-11,-9,0,None
0,-2,1,4,-16,-1,-2,-1,-2,15,12,8,-11,-9,0,None
0,-2,1,4,-16,-1,-2,-1,-2,15,12,8,-11,-9,0,None
0,-2,1,4,-16,-1,-2,-1,-2,15,12,8,-10,-9,0,None
0,-2,1,-1,-49,17,6,2,0,15,12,8,-10,-9,0,None
0,-4,-1,1,21,2,-9,-5,-5,15,12,8,-10,-9,0,None
0,1,4,5,-31,-36,-14,-1,0,15,12,8,-10,-9,0,None
0,-2,-3,-3,-19,50,10,-6,-3,15,12,8,-10,-9,0,None
0,-2,-3,-3,-19,50,10,-6,-3,15,12,8,-10,-9,0,None
0,-2,-3,-3,-19,50,10,-6,-3,15,12,8,-10,-9,0,None
0,1,4,-5,4,-4,-12,-1,-1,15,12,8,-10,-9,0,None
0,1,-1,-4,31,-12,25,3,1,15,12,8,-10,-9,0,None
0,-4,-3,-2,-8,12,-4,-5,-4,15,12,8,-10,-9,0,None
0,2,5,1,-16,20,-1,1,-1,15,12,8,-10,-9,0,None
0,2,5,1,-16,20,-1,1,-1,15,12,8,-10,-9,0,None
0,2,5,1,-16,20,-1,1,-1,15,12,8,-10,-8,0,None
0,-2,-2,-7,31,6,7,-1,-2,15,12,8,-10,-8,0,None
0,-4,-1,-3,-5,49,-17,-4,-6,15,12,8,-10,-8,0,None
0,-1,-1,-5,29,33,-4,-1,-1,15,12,8,-10,-8,0,None
0,1,1,0,-55,-27,-3,1,3,15,12,8,-10,-8,0,None
0,1,1,0,-55,-27,-3,1,3,15,12,8,-10,-8,0,None
0,1,1,0,-55,-27,-3,1,3,15,12,8,-10,-8,0,None
0,-2,-4,-5,48,32,-2,-5,-4,15,12,8,-10,-8,0,None
0,-1,1,-10,14,-36,-4,-4,-1,15,12,8,-10,-8,0,None
0,-2,1,-1,-4,2,1,-2,-3,15,12,8,-10,-8,0,None
0,-2,-1,-3,-14,-42,-7,-3,0,15,12,8,-10,-8,0,None
0,-2,-1,-3,-14,-42,-7,-3,0,15,12,8,-10,-8,0,None
0,-2,-1,-3,-14,-42,-7,-3,0,15,12,8,-9,-8,-1,None
0,0,5,11,-2,-37,-6,-1,0,15,12,8,-9,-8,-1,None
0,-4,-3,-7,-7,11,2,-3,-3,15,12,8,-9,-8,-1,None
0,0,1,-9,-25,-15,-5,-2,-1,15,12,8,-9,-8,-1,None
0,-2,1,-3,10,12,-5,-6,-7,15,12,8,-9,-8,-1,None
0,-2,1,-3,10,12,-5,-6,-7,15,12,8,-9,-8,-1,None
0,-2,1,-3,10,12,-5,-6,-7,15,12,8,-9,-9,-1,None
0,-3,-3,-4,36,-15,0,1,-2,15,12,8,-9,-9,-1,None
0,0,1,-1,16,-59,3,-1,0,15,12,8,-9,-9,-1,None
0,-1,0,-5,-8,29,-9,-4,-3,15,12,8,-9,-9,-1,None
0,-1,1,-4,-31,-19,-1,0,-3,15,12,8,-9,-9,-1,None
0,-1,1,-4,-31,-19,-1,0,-3,15,12,8,-9,-9,-1,None
0,-1,1,-4,-31,-19,-1,0,-3,15,12,8,-8,-9,-2,None
0,-1,3,12,62,11,13,5,2,15,12,8,-8,-9,-2,None
0,-2,2,4,-13,-1,-8,-5,-3,15,12,8,-8,-9,-2,None
0,0,-3,-17,21,26,8,2,2,15,12,8,-8,-9,-2,None
0,1,3,-5,12,14,-9,-3,-1,15,12,8,-8,-9,-2,None
0,1,3,-5,12,14,-9,-3,-1,16,12,8,-8,-9,-2,None
0,1,3,-5,12,14,-9,-3,-1,16,12,8,-7,-9,-3,None
0,-1,2,1,-28,-55,-1,-3,-4,16,12,8,-7,-9,-3,None
0,-1,-3,-2,50,21,5,3,3,16,12,8,-7,-9,-3,None
0,0,3,2,-46,-39,0,2,2,16,12,8,-7,-9,-3,None
0,-2,-1,3,29,1,-1,-2,-2,16,12,8,-7,-9,-3,None
0,-2,-1,3,29,1,-1,-2,-2,16,12,8,-7,-9,-3,None
0,-2,-1,3,29,1,-1,-2,-2,16,12,8,-7,-9,-4,None
0,-1,-1,-10,-13,40,-1,-3,-2,16,12,8,-7,-9,-4,None
0,2,3,-1,-6,-7,-8,-2,-2,16,12,8,-7,-9,-4,None
0,-2,1,3,-3,-5,6,0,-2,16,12,8,-7,-9,-4,None
0,0,0,-5,36,7,-4,0,-1,16,12,8,-7,-9,-4,None
0,0,0,-5,36,7,-4,0,-1,16,12,8,-7,-9,-4,None
0,0,0,-5,36,7,-4,0,-1,16,12,8,-7,-9,-4,None
0,-5,-6,-1,2,50,7,0,-2,16,12,8,-7,-9,-4,None
0,1,0,-2,-17,-17,1,3,2,16,12,8,-7,-9,-4,None
0,-1,0,1,21,30,2,-2,-1,16,12,8,-7,-9,-4,None
0,0,3,-6,-3,-23,2,-1,-1,16,12,8,-7,-9,-4,None
0,0,3,-6,-3,-23,2,-1,-1,16,12,9,-7,-9,-4,None
0,0,3,-6,-3,-23,2,-1,-1,16,12,9,-6,-10,-5,None
0,0,3,-4,-6,52,1,-3,0,16,12,9,-6,-10,-5,None
0,-2,1,1,-9,-26,-3,-1,-4,16,12,9,-6,-10,-5,None
0,-3,-4,-7,-20,0,-5,-2,-4,16,12,9,-6,-10,-5,None
0,1,1,-2,-15,37,-1,0,6,16,12,9,-6,-10,-5,None
0,1,1,-2,-15,37,-1,0,6,16,12,9,-6,-10,-5,None
0,1,1,-2,-15,37,-1,0,6,16,12,9,-5,-11,-6,None
0,-3,0,10,63,-83,2,-4,-8,16,12,9,-5,-11,-6,None
0,-1,-4,-3,15,3,-4,-2,0,16,12,9,-5,-11,-6,None
0,-1,2,8,2,-26,-5,-3,-3,16,12,9,-5,-11,-6,None
0,-1,-1,-3,-18,9,-8,-3,-3,16,12,9,-5,-11,-6,None
0,-1,-1,-3,-18,9,-8,-3,-3,16,12,9,-5,-11,-6,None
0,-1,-1,-3,-18,9,-8,-3,-3,16,12,9,-4,-11,-6,None
0,-3,-2,0,-14,-3,1,0,0,16,12,9,-4,-11,-6,None
0,-2,0,-1,-3,-1,0,1,0,16,12,9,-4,-11,-6,None
0,2,3,8,34,20,0,-1,0,16,12,9,-4,-11,-6,None
0,-3,-3,-3,-5,-16,-2,-4,-4,16,12,9,-4,-11,-6,None
0,-3,-3,-3,-5,-16,-2,-4,-4,17,12,9,-4,-11,-6,None
0,-3,-3,-3,-5,-16,-2,-4,-4,17,12,9,-3,-12,-7,None
0,-1,0,-13,-39,43,0,1,-1,17,12,9,-3,-12,-7,None
0,-1,2,-1,34,-30,-4,-2,-1,17,12,9,-3,-12,-7,None
0,0,1,-15,-22,9,-1,0,3,17,12,9,-3,-12,-7,None
0,-2,0,2,-15,-25,1,-4,-5,17,12,9,-3,-12,-7,None
0,-2,0,2,-15,-25,1,-4,-5,17,12,9,-3,-12,-7,None
0,-2,0,2,-15,-25,1,-4,-5,17,12,9,-2,-13,-8,None
0,0,1,7,36,4,-11,-5,0,17,12,9,-2,-13,-8,None
0,0,-3,-19,-25,-49,-5,-1,-1,17,12,9,-2,-13,-8,None
0,-1,1,1,30,-32,1,-2,-3,17,12,9,-2,-13,-8,None
0,-4,3,-2,22,12,-3,-4,-29,17,12,9,-2,-13,-8,None
0,-4,3,-2,22,12,-3,-4,-29,17,12,9,-2,-13,-8,None
0,-4,3,-2,22,12,-3,-4,-29,17,12,9,-2,-13,-9,None
0,-1,1,-7,-11,-14,-2,-28,40,17,12,9,-2,-13,-9,None
0,-3,-2,6,58,40,3,1,-36,17,12,9,-2,-13,-9,None
0,9,4,1,-35,4,6,31,21,17,12,9,-2,-13,-9,None
0,-1,-2,-3,53,17,-1,0,4,17,12,9,-2,-13,-9,None
0,-1,-2,-3,53,17,-1,0,4,17,12,9,-2,-13,-9,None
0,-1,-2,-3,53,17,-1,0,4,17,12,9,-1,-13,-10,None
0,-1,-2,-10,0,5,-11,0,-16,17,12,9,-1,-13,-10,None
0,-3,4,5,-29,-21,0,-21,0,17,12,9,-1,-13,-10,None
0,-11,0,1,29,3,3,-8,-12,17,12,9,-1,-13,-10,None
0,6,-4,-18,26,34,1,2,5,17,12,9,-1,-13,-10,None
0,6,-4,-18,26,34,1,2,5,17,11,9,-1,-13,-10,None
0,6,-4,-18,26,34,1,2,5,17,11,9,-1,-15,-10,None
0,-3,-1,1,25,18,1,-7,-11,17,11,9,-1,-15,-10,None
0,0,2,-5,-51,-36,-2,6,9,17,11,9,-1,-15,-10,None
0,-2,-2,-9,5,23,-2,-4,-7,17,11,9,-1,-15,-10,None
0,-4,0,-2,-31,-36,-3,-1,2,17,11,9,-1,-15,-10,None
0,-4,0,-2,-31,-36,-3,-1,2,17,11,9,-1,-15,-10,None
0,-4,0,-2,-31,-36,-3,-1,2,17,11,9,-1,-16,-10,None
0,-1,-1,-3,-36,-1,0,3,-8,17,11,9,-1,-16,-10,None
0,0,2,-3,-9,37,3,4,3,17,11,9,-1,-16,-10,None
0,-3,-1,1,-43,23,-2,-2,-7,17,11,9,-1,-16,-10,None
0,-3,1,3,3,1,0,-10,-1,17,11,9,-1,-16,-10,None
0,-3,1,3,3,1,0,-10,-1,17,11,9,-1,-16,-10,None
0,-3,1,3,3,1,0,-10,-1,17,11,9,-2,-15,-10,None
0,1,3,6,-7,-12,1,7,-1,17,11,9,-2,-15,-10,None
0,1,1,-2,-26,25,-3,2,1,17,11,9,-2,-15,-10,None
0,-4,-3,-9,-1,8,2,-8,-1,17,11,9,-2,-15,-10,None
0,1,0,1,4,11,2,3,6,17,11,9,-2,-15,-10,None
0,1,0,1,4,11,2,3,6,17,11,9,-2,-15,-10,None
0,1,0,1,4,11,2,3,6,17,11,9,-1,-14,-10,None
0,-1,-2,-4,-22,-26,1,4,-4,17,11,9,-1,-14,-10,None
0,-2,0,0,15,27,1,-1,2,17,11,9,-1,-14,-10,None
0,-1,-1,-1,-10,-1,-5,-8,-2,17,11,9,-1,-14,-10,None
0,0,2,1,6,-108,0,6,3,17,11,9,-1,-14,-10,None
0,0,2,1,6,-108,0,6,3,0,11,9,-1,-14,-10,None
0,0,2,1,6,-108,0,6,3,0,11,9,-2,-14,-10,None
0,-4,-2,-7,-12,35,-5,0,-9,0,11,9,-2,-14,-10,None
0,-2,1,4,-8,19,0,-4,-1,0,11,9,-2,-14,-10,None
0,0,0,0,-2,-12,-4,-2,0,0,11,9,-2,-14,-10,None
0,-2,0,-3,-21,25,-2,0,-1,0,11,9,-2,-14,-10,None
0,-2,0,-3,-21,25,-2,0,-1,0,11,9,-2,-14,-10,None
0,-2,0,-3,-21,25,-2,0,-1,0,11,9,-2,-15,-9,None
0,-1,2,3,-2,29,0,-3,-2,0,11,9,-2,-15,-9,None
0,-3,-2,-4,17,-30,-6,-2,0,0,11,9,-2,-15,-9,None
0,0,2,0,10,12,-1,-4,-2,0,11,9,-2,-15,-9,None
0,-1,1,-1,-31,-1,0,-2,0,0,11,9,-2,-15,-9,None
0,-1,1,-1,-31,-1,0,-2,0,0,11,9,-2,-15,-9,None
0,-1,1,-1,-31,-1,0,-2,0,0,11,9,-1,-14,-9,None
0,3,2,1,-6,-10,1,4,1,0,11,9,-1,-14,-9,None
0,-1,-2,-3,11,30,-1,-1,0,0,11,9,-1,-14,-9,None
0,0,2,4,-2,-7,-2,-1,-2,0,11,9,-1,-14,-9,None
0,-2,-1,-4,-22,2,-1,-1,1,0,11,9,-1,-14,-9,None
0,-2,-1,-4,-22,2,-1,-1,1,0,11,9,-1,-14,-9,None
0,-2,-1,-4,-22,2,-1,-1,1,0,11,9,-1,-13,-8,None
0,2,2,0,3,-34,-3,0,-1,0,11,9,-1,-13,-8,None
0,0,1,3,-6,11,4,0,-1,0,11,9,-1,-13,-8,None
0,-5,-1,-2,6,15,-2,-3,-4,0,11,9,-1,-13,-8,None
0,-1,2,1,-2,15,-2,-2,-2,0,11,9,-1,-13,-8,None
0,-1,2,1,-2,15,-2,-2,-2,0,11,9,-1,-13,-8,None
0,-1,2,1,-2,15,-2,-2,-2,0,11,9,0,-13,-8,None
0,-1,2,-6,3,-13,-4,1,-1,0,11,9,0,-13,-8,None
0,-1,1,-2,-21,-18,-2,-1,1,0,11,9,0,-13,-8,None
0,-2,0,-2,3,-5,-1,-2,-2,0,11,9,0,-13,-8,None
0,-1,0,-4,5,21,0,-1,-1,0,11,9,0,-13,-8,None
0,-1,0,-4,5,21,0,-1,-1,0,11,9,0,-13,-8,None
0,-1,0,-4,5,21,0,-1,-1,0,11,9,0,-13,-8,None
0,-2,1,-4,-10,10,0,0,-1,0,11,9,0,-13,-8,None
0,0,1,0,3,7,-1,-2,-4,0,11,9,0,-13,-8,None
0,0,1,-4,3,-6,-1,-1,1,0,11,9,0,-13,-8,None
0,-4,1,0,-4,7,-1,2,0,0,11,9,0,-13,-8,None
0,-4,1,0,-4,7,-1,2,0,0,11,9,0,-13,-8,None
0,-4,1,0,-4,7,-1,2,0,0,11,9,0,-12,-7,None
0,-2,-1,-3,-3,-10,-2,-1,-4,0,11,9,0,-12,-7,None
0,-3,-2,-4,-6,6,-3,-4,0,0,11,9,0,-12,-7,None
0,1,1,0,3,-11,-2,-3,2,0,11,9,0,-12,-7,None
0,-3,-1,0,-11,4,2,4,-8,0,11,9,0,-12,-7,None
0,-3,-1,0,-11,4,2,4,-8,0,11,9,0,-12,-7,None
0,-3,-1,0,-11,4,2,4,-8,0,11,9,1,-12,-7,None
0,-1,0,-3,4,5,2,0,1,0,11,9,1,-12,-7,None
0,-1,1,-3,-4,4,-1,0,-2,0,11,9,1,-12,-7,None
0,-2,3,-4,-16,2,-2,-2,-1,0,11,9,1,-12,-7,None
0,-1,-2,-2,-9,0,-4,-3,-2,0,11,9,1,-12,-7,None
0,-1,-2,-2,-9,0,-4,-3,-2,0,11,9,1,-12,-7,None
0,-1,-2,-2,-9,0,-4,-3,-2,0,11,9,1,-12,-6,None
0,-2,0,-2,-7,-2,-5,-17,-5,0,11,9,1,-12,-6,None
0,-9,0,0,-13,0,-6,-22,-21,0,11,9,1,-12,-6,None
0,2,0,1,-13,-6,5,10,-19,0,11,9,1,-12,-6,None
0,12,3,-5,-10,10,6,35,49,0,11,9,1,-12,-6,None
0,12,3,-5,-10,10,6,35,49,0,11,9,1,-12,-6,None
0,12,3,-5,-10,10,6,35,49,0,11,9,2,-12,-6,None
0,-4,0,-6,-14,-5,-4,2,6,0,11,9,2,-12,-6,None
0,4,1,-8,-18,-1,-2,-8,-19,0,11,9,2,-12,-6,None
0,-18,3,-12,3,1,-4,-28,-40,0,11,9,2,-12,-6,None
0,-3,-8,0,-14,-1,-6,-15,-23,0,11,9,2,-12,-6,None
0,-3,-8,0,-14,-1,-6,-15,-23,0,11,9,2,-12,-6,None
0,-3,-8,0,-14,-1,-6,-15,-23,0,11,9,2,-12,-7,None
0,10,-1,3,-1,6,3,15,46,0,11,9,2,-12,-7,None
0,-4,1,-4,-1,-2,-1,4,-12,0,11,9,2,-12,-7,None
0,4,-1,1,11,-1,0,7,25,0,11,9,2,-12,-7,None
0,-7,2,3,25,3,-1,-12,-24,0,11,9,2,-12,-7,None
0,-7,2,3,25,3,-1,-12,-24,0,11,9,2,-12,-7,None
0,-7,2,3,25,3,-1,-12,-24,0,11,9,2,-12,-7,None
0,-5,3,3,19,-2,-2,-8,-16,0,11,9,2,-12,-7,None
0,3,-2,0,9,0,-1,1,8,0,11,9,2,-12,-7,None
0,-2,-1,1,11,-2,-2,-6,9,0,11,9,2,-12,-7,None
0,-6,1,-3,14,-2,-7,-31,-26,0,11,9,2,-12,-7,None
0,-6,1,-3,14,-2,-7,-31,-26,0,12,9,2,-12,-7,None
0,-6,1,-3,14,-2,-7,-31,-26,0,12,9,2,-12,-7,None
0,-4,2,2,23,4,7,39,-14,0,12,9,2,-12,-7,None
0,12,3,-4,15,1,4,17,20,0,12,9,2,-12,-7,None
0,2,-2,-1,8,1,-1,7,24,0,12,9,2,-12,-7,None
0,-2,2,0,4,1,-2,-12,15,0,12,9,2,-12,-7,None
0,-2,2,0,4,1,-2,-12,15,0,12,9,2,-12,-7,None
0,-2,2,0,4,1,-2,-12,15,0,12,9,2,-13,-7,None
0,1,-1,-3,4,0,-4,-4,-9,0,12,9,2,-13,-7,None
0,-7,0,2,6,0,-1,1,-15,0,12,9,2,-13,-7,None
0,0,0,2,3,-3,-2,1,6,0,12,9,2,-13,-7,None
0,3,0,0,3,1,-1,-3,-6,0,12,9,2,-13,-7,None
0,3,0,0,3,1,-1,-3,-6,0,12,9,2,-13,-7,None
0,3,0,0,3,1,-1,-3,-6,0,12,9,2,-14,-7,None
0,-6,-1,2,2,-1,-3,-11,-13,0,12,9,2,-14,-7,None
0,-2,0,6,0,1,-1,2,13,0,12,9,2,-14,-7,None
0,0,-2,8,2,2,4,-6,-6,0,12,9,2,-14,-7,None
0,-1,2,11,-3,2,0,5,1,0,12,9,2,-14,-7,None
0,-1,2,11,-3,2,0,5,1,0,12,9,2,-14,-7,None
0,-1,2,11,-3,2,0,5,1,0,12,9,1,-14,-7,None
0,0,-1,9,-6,0,-2,-5,-5,0,12,9,1,-14,-7,None
0,-2,0,6,-2,-1,-2,-4,11,0,12,9,1,-14,-7,None
0,1,1,1,1,-2,-6,-1,-5,0,12,9,1,-14,-7,None
0,-2,-1,-3,0,-2,-1,6,-5,0,12,9,1,-14,-7,None
0,-2,-1,-3,0,-2,-1,6,-5,0,12,9,1,-14,-7,None
0,-2,-1,-3,0,-2,-1,6,-5,0,12,9,0,-13,-6,None
0,0,3,-4,25,3,0,-4,6,0,12,9,0,-13,-6,None
0,0,-1,-5,-14,-2,0,-4,4,0,12,9,0,-13,-6,None
0,-2,-1,-6,-33,10,-1,2,-7,0,12,9,0,-13,-6,None
0,-5,0,3,6,-1,2,3,0,0,12,9,0,-13,-6,None
0,-5,0,3,6,-1,2,3,0,0,12,9,0,-13,-6,None
0,-5,0,3,6,-1,2,3,0,0,12,9,0,-13,-6,None
0,-1,-4,-17,-41,-8,-8,-11,-1,0,12,9,0,-13,-6,None
0,1,4,-4,63,-6,-2,2,2,0,12,9,0,-13,-6,None
0,2,3,4,93,18,18,6,-4,0,12,9,0,-13,-6,None
0,-3,-5,-43,-71,-39,-17,-3,3,0,12,9,0,-13,-6,None
0,-3,-5,-43,-71,-39,-17,-3,3,0,12,9,0,-13,-6,None
0,-3,-5,-43,-71,-39,-17,-3,3,0,12,9,0,-14,-6,None
0,3,6,-2,105,27,-1,-7,0,0,12,9,0,-14,-6,None
0,-10,-7,-28,-108,-47,-8,-6,-9,0,12,9,0,-14,-6,None
0,5,7,-8,83,29,0,6,6,0,12,9,0,-14,-6,None
0,1,0,-21,-74,-1,2,1,-2,0,12,9,0,-14,-6,None
0,1,0,-21,-74,-1,2,1,-2,0,12,9,0,-14,-6,None
0,1,0,-21,-74,-1,2,1,-2,0,12,9,0,-14,-5,None
0,-3,1,11,99,21,2,-2,4,0,12,9,0,-14,-5,None
0,-2,-4,-27,-45,-54,-12,-4,-9,0,12,9,0,-14,-5,None
0,2,2,5,57,11,-18,-5,3,0,12,9,0,-14,-5,None
0,-3,0,5,-40,19,9,4,0,0,12,9,0,-14,-5,None
0,-3,0,5,-40,19,9,4,0,0,12,9,0,-14,-5,None
0,-3,0,5,-40,19,9,4,0,0,12,9,0,-13,-5,None
0,0,-3,-9,-78,-64,5,-3,-3,0,12,9,0,-13,-5,None
0,-1,3,18,41,79,-1,0,6,0,12,9,0,-13,-5,None
0,-5,-3,-13,23,-7,-5,-1,-9,0,12,9,0,-13,-5,None
0,4,4,5,49,-39,-7,-4,2,0,12,9,0,-13,-5,None
0,4,4,5,49,-39,-7,-4,2,0,12,9,0,-13,-5,None
0,4,4,5,49,-39,-7,-4,2,0,12,9,0,-12,-4,None
0,-5,-4,-9,-25,41,8,-1,-3,0,12,9,0,-12,-4,None
0,7,8,13,26,-10,4,0,4,0,12,9,0,-12,-4,None
0,-4,0,1,-47,45,10,3,-3,0,12,9,0,-12,-4,None
0,-3,-1,-11,-49,-64,-5,0,5,0,12,9,0,-12,-4,None
0,-3,-1,-11,-49,-64,-5,0,5,0,12,9,0,-12,-4,None
0,-3,-1,-11,-49,-64,-5,0,5,0,12,9,1,-12,-4,None
0,-3,-2,5,99,100,-1,-1,-8,0,12,9,1,-12,-4,None
0,-8,-8,-39,-82,-10,-10,0,-1,0,12,9,1,-12,-4,None
0,-6,-4,2,46,-65,-5,-6,-9,0,12,9,1,-12,-4,None
0,0,4,13,66,7,6,-3,-2,0,12,9,1,-12,-4,None
0,0,4,13,66,7,6,-3,-2,0,12,9,1,-12,-4,None
0,0,4,13,66,7,6,-3,-2,0,12,9,3,-12,-3,None
0,1,1,-2,-7,-113,-10,-3,-3,0,12,9,3,-12,-3,None
0,2,6,12,73,87,15,6,2,0,12,9,3,-12,-3,None
0,-6,-7,-20,-99,-27,-12,-8,-1,0,12,9,3,-12,-3,None
0,-1,-2,-5,50,47,-9,-6,-1,0,12,9,3,-12,-3,None
0,-1,-2,-5,50,47,-9,-6,-1,1,12,9,3,-12,-3,None
0,-1,-2,-5,50,47,-9,-6,-1,1,12,9,4,-12,-3,None
0,-3,0,-29,-97,-46,13,7,-10,1,12,9,4,-12,-3,None
0,-1,1,11,120,52,7,-3,0,1,12,9,4,-12,-3,None
0,-1,-1,2,-54,-29,4,3,-4,1,12,9,4,-12,-3,None
0,1,6,12,-15,-66,1,-2,-2,1,12,9,4,-12,-3,None
0,1,6,12,-15,-66,1,-2,-2,1,12,9,4,-12,-3,None
0,1,6,12,-15,-66,1,-2,-2,1,12,9,5,-12,-2,None
0,2,-3,-11,-48,-20,-12,-7,1,1,12,9,5,-12,-2,None
0,-2,1,-6,-25,-19,1,-5,-3,1,12,9,5,-12,-2,None
0,4,0,2,17,-50,-4,-1,7,1,12,9,5,-12,-2,None
0,-6,1,7,46,56,-2,0,-9,1,12,9,5,-12,-2,None
0,-6,1,7,46,56,-2,0,-9,1,12,9,5,-12,-2,None
0,-6,1,7,46,56,-2,0,-9,1,12,9,6,-13,-2,None
0,0,-2,12,-30,-10,3,-4,-1,1,12,9,6,-13,-2,None
0,-2,2,6,29,17,9,3,3,1,12,9,6,-13,-2,None
0,0,0,-5,-14,-27,-8,-8,0,1,12,9,6,-13,-2,None
0,2,3,0,11,18,5,5,4,1,12,9,6,-13,-2,None
0,2,3,0,11,18,5,5,4,1,12,9,6,-13,-2,None
0,2,3,0,11,18,5,5,4,1,12,9,6,-13,-2,None
0,0,6,-3,10,17,-4,-6,-5,1,12,9,6,-13,-2,None
0,-8,-20,-5,-10,-37,-7,-3,2,1,12,9,6,-13,-2,None
0,1,2,-2,-19,10,2,0,3,1,12,9,6,-13,-2,None
0,1,0,3,92,51,5,1,1,1,12,9,6,-13,-2,None
0,1,0,3,92,51,5,1,1,1,12,9,6,-13,-2,None
0,1,0,3,92,51,5,1,1,1,12,9,7,-13,-3,None
0,-5,-11,-9,-12,14,-6,0,-4,1,12,9,7,-13,-3,None
0,5,14,6,-5,-16,-3,-7,-3,1,12,9,7,-13,-3,None
0,-1,4,-1,-21,14,0,6,-3,1,12,9,7,-13,-3,None
0,-1,-6,-8,-9,4,-2,-4,-1,1,12,9,7,-13,-3,None
0,-1,-6,-8,-9,4,-2,-4,-1,1,12,9,7,-13,-3,None
0,-1,-6,-8,-9,4,-2,-4,-1,1,12,9,9,-16,-2,None
0,1,12,7,24,39,4,2,2,1,12,9,9,-16,-2,None
0,-1,2,-2,-2,-7,-4,-2,-4,1,12,9,9,-16,-2,None
0,-1,-1,-2,-5,18,-2,-3,-2,1,12,9,9,-16,-2,None
0,3,6,12,-4,-12,3,6,1,1,12,9,9,-16,-2,None
0,3,6,12,-4,-12,3,6,1,1,12,9,9,-16,-2,None
0,3,6,12,-4,-12,3,6,1,1,12,9,8,-17,-2,None
0,-3,10,-35,5,66,-1,-4,-1,1,12,9,8,-17,-2,None
0,-6,-36,-4,-10,7,0,-1,-4,1,12,9,8,-17,-2,None
0,-2,-4,-15,-8,11,2,-4,0,1,12,9,8,-17,-2,None
0,-2,2,8,-13,-3,-5,2,-2,1,12,9,8,-17,-2,None
0,-2,2,8,-13,-3,-5,2,-2,1,12,9,8,-17,-2,None
0,-2,2,8,-13,-3,-5,2,-2,1,12,9,9,-17,-2,None
0,1,-2,13,9,-14,-6,-4,-1,1,12,9,9,-17,-2,None
0,0,8,2,-9,-11,0,3,-1,1,12,9,9,-17,-2,None
0,-2,5,2,12,5,-2,-1,-4,1,12,9,9,-17,-2,None
0,-3,-6,-6,-3,12,2,-1,0,1,12,9,9,-17,-2,None
0,-3,-6,-6,-3,12,2,-1,0,1,12,9,9,-17,-2,None
0,-3,-6,-6,-3,12,2,-1,0,1,12,9,7,-12,-2,None
0,-1,2,11,-2,-12,-2,-1,2,1,12,9,7,-12,-2,None
0,1,5,-5,-27,-13,-5,-2,-3,1,12,9,7,-12,-2,None
0,-1,-1,4,5,18,0,-2,0,1,12,9,7,-12,-2,None
0,-2,4,-7,-7,1,-1,-2,-4,1,12,9,7,-12,-2,None
0,-2,4,-7,-7,1,-1,-2,-4,1,12,9,7,-12,-2,None
0,-2,4,-7,-7,1,-1,-2,-4,1,12,9,6,-11,-1,None
0,-1,-4,2,-1,-10,-4,-1,-1,1,12,9,6,-11,-1,None
0,1,8,4,14,9,-2,0,0,1,12,9,6,-11,-1,None
0,-2,-3,-11,-15,3,-3,-6,-3,1,12,9,6,-11,-1,None
0,-4,-3,-5,-10,7,0,-2,-3,1,12,9,6,-11,-1,None
0,-4,-3,-5,-10,7,0,-2,-3,1,12,9,6,-11,-1,None
0,-4,-3,-5,-10,7,0,-2,-3,1,12,9,8,-12,0,None
0,-2,-1,2,4,0,-3,-1,-4,1,12,9,8,-12,0,None
0,-1,4,0,-15,-3,-1,1,-2,1,12,9,8,-12,0,None
0,0,3,1,0,2,-1,-1,0,1,12,9,8,-12,0,None
0,-1,-3,-6,6,-6,-3,-3,-2,1,12,9,8,-12,0,None
0,-1,-3,-6,6,-6,-3,-3,-2,1,12,9,8,-12,0,None
0,-1,-3,-6,6,-6,-3,-3,-2,1,12,9,7,-12,-1,None
0,0,-1,-4,-6,-7,-1,0,0,1,12,9,7,-12,-1,None
0,0,5,-4,3,-3,-2,-2,-1,1,12,9,7,-12,-1,None
0,0,23,3,2,8,-2,1,-2,1,12,9,7,-12,-1,None
0,-2,-14,-3,-13,-5,-1,-1,-1,1,12,9,7,-12,-1,None
0,-2,-14,-3,-13,-5,-1,-1,-1,1,12,9,7,-12,-1,None
0,-2,-14,-3,-13,-5,-1,-1,-1,1,12,9,7,-12,-2,None
0,-3,-2,1,-3,-5,2,-1,-2,1,12,9,7,-12,-2,None
0,-1,-1,-5,7,6,-1,-2,0,1,12,9,7,-12,-2,None
0,-1,4,0,-3,5,3,1,-1,1,12,9,7,-12,-2,None
0,-1,2,-7,0,3,-4,-4,-1,1,12,9,7,-12,-2,None
0,-1,2,-7,0,3,-4,-4,-1,1,12,9,7,-12,-2,None
0,-1,2,-7,0,3,-4,-4,-1,1,12,9,8,-13,-2,None
0,-2,0,0,-5,-10,-2,-3,0,1,12,9,8,-13,-2,None
0,-1,3,-3,-6,0,-1,2,-4,1,12,9,8,-13,-2,None
0,3,-12,-1,4,-1,0,-1,-1,1,12,9,8,-13,-2,None
0,-1,6,-2,-7,-1,-2,0,-2,1,12,9,8,-13,-2,None
0,-1,6,-2,-7,-1,-2,0,-2,1,12,9,8,-13,-2,None
0,-1,6,-2,-7,-1,-2,0,-2,1,12,9,7,-13,-3,None
0,-3,-8,-3,-10,-3,-1,-1,-1,1,12,9,7,-13,-3,None
0,-2,3,-1,0,-8,-2,-4,-1,1,12,9,7,-13,-3,None
0,-1,-4,-3,11,5,-1,0,-1,1,12,9,7,-13,-3,None
0,-1,1,-2,-4,3,-1,-4,-1,1,12,9,7,-13,-3,None
0,-1,1,-2,-4,3,-1,-4,-1,1,12,9,7,-13,-3,None
0,-1,1,-2,-4,3,-1,-4,-1,1,12,9,7,-13,-3,None
0,1,5,-3,-9,-9,-3,-1,-2,1,12,9,7,-13,-3,None
0,-2,0,6,17,18,1,-2,-3,1,12,9,7,-13,-3,None
0,-2,-2,4,-15,-2,-2,-2,-3,1,12,9,7,-13,-3,None
0,0,0,-10,-3,-2,-1,-4,-2,1,12,9,7,-13,-3,None
0,0,0,-10,-3,-2,-1,-4,-2,1,12,9,7,-13,-3,None
0,0,0,-10,-3,-2,-1,-4,-2,1,12,9,7,-12,-2,None
0,6,21,7,7,6,-3,-1,1,1,12,9,7,-12,-2,None
0,-6,-36,1,4,-13,-4,-2,-2,1,12,9,7,-12,-2,None
0,0,-4,3,6,4,-1,-1,-2,1,12,9,7,-12,-2,None
0,0,2,3,8,8,1,0,-1,1,12,9,7,-12,-2,None
0,0,2,3,8,8,1,0,-1,1,12,9,7,-12,-2,None
0,0,2,3,8,8,1,0,-1,1,12,9,7,-12,-2,None
0,0,1,2,-4,0,0,0,-1,1,12,9,7,-12,-2,None
0,0,10,-5,-3,-2,-2,0,-2,1,12,9,7,-12,-2,None
0,-3,0,-6,-4,2,-2,-2,-1,1,12,9,7,-12,-2,None
0,-1,-3,-2,-2,-5,-2,0,-2,1,12,9,7,-12,-2,None
0,-1,-3,-2,-2,-5,-2,0,-2,1,12,9,7,-12,-2,None
0,-1,-3,-2,-2,-5,-2,0,-2,1,12,9,7,-12,-2,None
0,-3,-6,-6,14,10,-2,-2,-3,1,12,9,7,-12,-2,None
0,0,8,-1,-6,9,2,-1,0,1,12,9,7,-12,-2,None
0,-2,10,-3,-11,-7,-1,-1,-1,1,12,9,7,-12,-2,None
0,-3,-2,-4,1,1,-3,-1,-2,1,12,9,7,-12,-2,None
0,-3,-2,-4,1,1,-3,-1,-2,1,12,9,7,-12,-2,None
0,-3,-2,-4,1,1,-3,-1,-2,1,12,9,7,-12,-2,None
0,-3,-3,-1,4,-2,-2,0,-2,1,12,9,7,-12,-2,None
0,1,4,-3,-1,-4,-1,-3,-1,1,12,9,7,-12,-2,None
0,-1,3,0,1,2,-1,1,0,1,12,9,7,-12,-2,None
0,-2,2,-4,-3,5,1,-2,-1,1,12,9,7,-12,-2,None
0,-2,2,-4,-3,5,1,-2,-1,1,12,9,7,-12,-2,None
0,-2,2,-4,-3,5,1,-2,-1,1,12,9,7,-12,-2,None
0,5,-3,-3,-7,-10,-2,-2,-1,1,12,9,7,-12,-2,None
0,-2,21,-10,0,4,-2,-2,-2,1,12,9,7,-12,-2,None
0,-4,-15,-14,-17,0,-2,-2,-2,1,12,9,7,-12,-2,None
0,-2,1,4,0,1,-1,-1,-1,1,12,9,7,-12,-2,None
0,-2,1,4,0,1,-1,-1,-1,1,12,9,7,-12,-2,None
0,-2,1,4,0,1,-1,-1,-1,1,12,9,7,-12,-2,None
0,-5,-6,-4,-1,-2,0,-1,-1,1,12,9,7,-12,-2,None
0,1,13,2,-1,-9,-1,-1,1,1,12,9,7,-12,-2,None
0,-1,0,-4,8,0,-1,0,0,1,12,9,7,-12,-2,None
0,0,-4,-5,-3,3,0,0,-2,1,12,9,7,-12,-2,None
0,0,-4,-5,-3,3,0,0,-2,1,12,9,7,-12,-2,None
0,0,-4,-5,-3,3,0,0,-2,1,12,9,7,-12,-2,None
0,-1,7,1,-5,-1,-2,-1,-2,1,12,9,7,-12,-2,None
0,-1,-4,-6,-4,-3,-2,0,-2,1,12,9,7,-12,-2,None
0,-2,-2,0,2,1,0,-2,-3,1,12,9,7,-12,-2,None
0,0,0,1,0,2,0,0,1,1,12,9,7,-12,-2,None
0,0,0,1,0,2,0,0,1,1,12,9,7,-12,-2,None
0,0,0,1,0,2,0,0,1,1,12,9,7,-12,-2,None
0,-3,2,-1,-1,-6,4,0,-2,1,12,9,7,-12,-2,None
0,-1,-3,1,5,1,0,-1,-2,1,12,9,7,-12,-2,None
0,-1,-4,0,-2,12,3,0,1,1,12,9,7,-12,-2,None
0,0,8,-1,-2,-3,-2,-2,-2,1,12,9,7,-12,-2,None
0,0,8,-1,-2,-3,-2,-2,-2,1,12,9,7,-12,-2,None
0,0,8,-1,-2,-3,-2,-2,-2,1,12,9,7,-12,-2,None
0,-2,-2,-4,0,0,-2,-3,-2,1,12,9,7,-12,-2,None
0,-2,-4,-3,-5,-7,-3,-3,-1,1,12,9,7,-12,-2,None
0,2,4,0,2,-5,-1,-2,-3,1,12,9,7,-12,-2,None
0,7,31,-2,5,2,-1,0,0,1,12,9,7,-12,-2,None
0,7,31,-2,5,2,-1,0,0,1,12,9,7,-12,-2,None
0,7,31,-2,5,2,-1,0,0,1,12,9,7,-12,-2,None
0,-10,-63,-6,-9,-1,-3,-2,-2,1,12,9,7,-12,-2,None
0,-2,9,1,2,1,-1,-3,-3,1,12,9,7,-12,-2,None
0,-3,-3,0,-1,-1,-4,-2,-2,1,12,9,7,-12,-2,None
0,-1,3,1,-1,3,-1,-2,0,1,12,9,7,-12,-2,None
0,-1,3,1,-1,3,-1,-2,0,1,12,9,7,-12,-2,None
0,-1,3,1,-1,3,-1,-2,0,1,12,9,7,-12,-2,None
0,0,15,-3,0,3,0,-1,-2,1,12,9,7,-12,-2,None
0,0,1,-1,-4,1,-2,-1,1,1,12,9,7,-12,-2,None
0,-2,-6,-3,2,-3,-1,-1,-2,1,12,9,7,-12,-2,None
0,-4,-8,-5,-1,-1,-1,-1,-2,1,12,9,7,-12,-2,None
0,-4,-8,-5,-1,-1,-1,-1,-2,1,12,9,7,-12,-2,None
0,-4,-8,-5,-1,-1,-1,-1,-2,1,12,9,7,-12,-2,None
0,-1,12,2,0,2,-1,-2,-2,1,12,9,7,-12,-2,None
0,-1,-9,-2,1,-1,0,-1,-1,1,12,9,7,-12,-2,None
0,-1,10,-2,-1,-1,-1,-2,-1,1,12,9,7,-12,-2,None
0,-4,-9,-2,2,0,2,0,-1,1,12,9,7,-12,-2,None
0,-4,-9,-2,2,0,2,0,-1,1,12,9,7,-12,-2,None
0,-4,-9,-2,2,0,2,0,-1,1,12,9,7,-12,-2,None
0,0,5,-3,15,9,-1,-3,1,1,12,9,7,-12,-2,None
0,0,2,3,-7,-1,-1,-1,-3,1,12,9,7,-12,-2,None
0,-1,-2,2,-5,-3,-1,0,0,1,12,9,7,-12,-2,None
0,-2,-1,-3,-5,1,-2,-2,-1,1,12,9,7,-12,-2,None
0,-2,-1,-3,-5,1,-2,-2,-1,1,12,9,7,-12,-2,None
0,-2,-1,-3,-5,1,-2,-2,-1,1,12,9,7,-12,-2,None
0,-1,4,-3,3,0,0,-2,-1,1,12,9,7,-12,-2,None
0,-1,-1,-4,4,0,-2,-1,0,1,12,9,7,-12,-2,None
0,0,-2,-2,-1,0,-1,-3,1,1,12,9,7,-12,-2,None
0,-2,-5,-1,-1,-1,-1,0,-1,1,12,9,7,-12,-2,None
0,-2,-5,-1,-1,-1,-1,0,-1,1,12,9,7,-12,-2,None
0,-2,-5,-1,-1,-1,-1,0,-1,1,12,9,7,-12,-2,None
0,-1,10,-1,-4,-1,-2,-3,0,1,12,9,7,-12,-2,None
0,-1,1,-3,-6,1,0,1,-1,1,12,9,7,-12,-2,None
0,-6,-15,-10,-12,-5,-4,-3,-3,1,12,9,7,-12,-2,None
0,-2,0,2,12,1,0,-2,-2,1,12,9,7,-12,-2,None
0,-2,0,2,12,1,0,-2,-2,1,12,9,7,-12,-2,None
0,-2,0,2,12,1,0,-2,-2,1,12,9,7,-12,-2,None
0,-1,5,3,2,1,-2,0,-2,1,12,9,7,-12,-2,None
0,-2,-5,-2,-5,2,-2,-1,-1,1,12,9,7,-12,-2,None
0,0,6,-2,3,1,-1,0,0,1,12,9,7,-12,-2,None
0,-1,-2,-4,-4,-1,-1,-2,-2,1,12,9,7,-12,-2,None
0,-1,-2,-4,-4,-1,-1,-2,-2,1,12,9,7,-12,-2,None
0,-1,-2,-4,-4,-1,-1,-2,-2,1,12,9,7,-12,-2,None
0,-3,-2,0,-4,-2,-1,-1,-1,1,12,9,7,-12,-2,None
0,-1,5,-2,3,-2,-1,-2,-2,1,12,9,7,-12,-2,None
0,2,4,1,6,3,0,-1,1,1,12,9,7,-12,-2,None
0,3,2,-1,-3,3,1,-2,-1,1,12,9,7,-12,-2,None
0,3,2,-1,-3,3,1,-2,-1,1,12,9,7,-12,-2,None
0,3,2,-1,-3,3,1,-2,-1,1,12,9,7,-12,-2,None
0,-1,15,14,5,7,0,1,-1,1,12,9,7,-12,-2,None
0,-2,-5,-13,-24,-10,-3,-1,-3,1,12,9,7,-12,-2,None
0,-1,0,-1,-5,2,-2,-2,0,1,12,9,7,-12,-2,None
0,-3,-5,-2,6,-2,-3,-3,-2,1,12,9,7,-12,-2,None
0,-3,-5,-2,6,-2,-3,-3,-2,1,12,9,7,-12,-2,None
0,-3,-5,-2,6,-2,-3,-3,-2,1,12,9,7,-12,-2,None
0,0,3,-4,-5,-1,0,-1,1,1,12,9,7,-12,-2,None
0,0,1,1,6,5,1,-2,-2,1,12,9,7,-12,-2,None
0,-2,-2,1,5,0,-1,-2,-3,1,12,9,7,-12,-2,None
0,-1,6,-5,-8,0,-2,-1,-1,1,12,9,7,-12,-2,None
0,-1,6,-5,-8,0,-2,-1,-1,1,12,9,7,-12,-2,None
0,-1,6,-5,-8,0,-2,-1,-1,1,12,9,7,-12,-2,None
0,3,12,-8,-1,1,-1,-2,-1,1,12,9,7,-12,-2,None
0,-3,-13,1,3,-4,-1,-1,0,1,12,9,7,-12,-2,None
0,0,1,-6,-1,0,3,1,0,1,12,9,7,-12,-2,None
0,-4,-4,4,-9,0,-3,0,-2,1,12,9,7,-12,-2,None
0,-4,-4,4,-9,0,-3,0,-2,1,12,9,7,-12,-2,None
0,-4,-4,4,-9,0,-3,0,-2,1,12,9,7,-12,-2,None
0,-1,1,-5,3,5,-2,-4,-2,1,12,9,7,-12,-2,None
0,0,0,-2,-4,-4,-2,-4,-1,1,12,9,7,-12,-2,None
0,-2,5,0,-1,0,-1,-3,-3,1,12,9,7,-12,-2,None
0,-1,-1,-2,-3,0,0,1,-1,1,12,9,7,-12,-2,None
0,-1,-1,-2,-3,0,0,1,-1,1,12,9,7,-12,-2,None
0,-1,-1,-2,-3,0,0,1,-1,1,12,9,7,-12,-2,None
0,-3,-8,-4,-3,-1,-3,0,-1,1,12,9,7,-12,-2,None
0,-2,4,-1,3,4,-1,-1,-1,1,12,9,7,-12,-2,None
0,-2,0,1,30,8,1,0,-1,1,12,9,7,-12,-2,None
0,2,0,-5,-23,-26,-4,-1,0,1,12,9,7,-12,-2,None
0,2,0,-5,-23,-26,-4,-1,0,1,12,9,7,-12,-2,None
0,2,0,-5,-23,-26,-4,-1,0,1,12,9,7,-12,-2,None
0,-1,-5,-7,-5,5,-4,-2,-3,1,12,9,7,-12,-2,None
0,-2,-2,-2,13,11,-2,-1,0,1,12,9,7,-12,-2,None
0,0,4,-2,-17,-7,-3,1,-2,1,12,9,7,-12,-2,None
0,-2,-1,0,22,9,0,-1,-1,1,12,9,7,-12,-2,None
0,-2,-1,0,22,9,0,-1,-1,1,12,9,7,-12,-2,None
0,-2,-1,0,22,9,0,-1,-1,1,12,9,7,-12,-2,None
0,-2,-2,0,-4,-6,1,-1,-1,1,12,9,7,-12,-2,None
0,-2,1,-2,-5,-2,-2,-1,0,1,12,9,7,-12,-2,None
0,1,36,-1,16,5,0,0,0,1,12,9,7,-12,-2,None
0,-5,-34,0,3,7,0,-5,-2,1,12,9,7,-12,-2,None
0,-5,-34,0,3,7,0,-5,-2,1,12,9,7,-12,-2,None
0,-5,-34,0,3,7,0,-5,-2,1,12,9,7,-12,-2,None
0,-1,-1,-7,-13,-2,3,2,0,1,12,9,7,-12,-2,None
0,-2,-1,2,9,6,2,1,-1,1,12,9,7,-12,-2,None
0,0,4,-2,-5,-2,-1,-2,-2,1,12,9,7,-12,-2,None
0,0,9,-2,1,2,-2,-2,-2,1,12,9,7,-12,-2,None
0,0,9,-2,1,2,-2,-2,-2,1,12,9,7,-12,-2,None
0,0,9,-2,1,2,-2,-2,-2,1,12,9,7,-12,-2,None
0,-3,1,-4,-8,-4,-3,-3,-3,1,12,9,7,-12,-2,None
0,0,0,0,4,0,-1,-2,-2,1,12,9,7,-12,-2,None
0,-3,-10,-3,-7,-2,-2,-1,-3,1,12,9,7,-12,-2,None
0,-1,6,-5,-4,2,1,-1,-2,1,12,9,7,-12,-2,None
0,-1,6,-5,-4,2,1,-1,-2,1,12,9,7,-12,-2,None
0,-1,6,-5,-4,2,1,-1,-2,1,12,9,7,-12,-2,None
0,1,-14,-2,15,3,-1,-1,-1,1,12,9,7,-12,-2,None
0,-4,9,-6,3,-5,-1,0,-3,1,12,9,7,-12,-2,None
0,1,-12,-6,-9,2,-4,-4,-3,1,12,9,7,-12,-2,None
0,-1,5,-2,-3,4,0,-1,-1,1,12,9,7,-12,-2,None
0,-1,5,-2,-3,4,0,-1,-1,1,12,9,7,-12,-2,None
0,-1,5,-2,-3,4,0,-1,-1,1,12,9,7,-12,-2,None
0,0,4,-1,3,-1,-1,-1,-1,1,12,9,7,-12,-2,None
0,1,-1,-1,-3,-5,-2,-2,-1,1,12,9,7,-12,-2,None
0,-3,-4,-3,-4,-1,-3,-2,-1,1,12,9,7,-12,-2,None
0,-2,1,-3,3,1,-1,-1,-2,1,12,9,7,-12,-2,None
0,-2,1,-3,3,1,-1,-1,-2,1,12,9,7,-12,-2,None
0,-2,1,-3,3,1,-1,-1,-2,1,12,9,7,-12,-2,None
0,-2,2,-1,-4,-5,-2,-2,-1,1,12,9,7,-12,-2,None
0,4,17,0,-8,3,-1,0,0,1,12,9,7,-12,-2,None
0,-6,-22,-1,40,4,1,1,-3,1,12,9,7,-12,-2,None
0,-3,-19,-9,-7,11,0,0,-2,1,12,9,7,-12,-2,None
0,-3,-19,-9,-7,11,0,0,-2,1,12,9,7,-12,-2,None
0,-3,-19,-9,-7,11,0,0,-2,1,12,9,7,-12,-2,None
0,-3,1,2,-2,0,1,-1,-2,1,12,9,7,-12,-2,None
0,0,1,-1,0,-5,-1,-3,-2,1,12,9,7,-12,-2,None
0,1,8,0,-10,1,0,-1,1,1,12,9,7,-12,-2,None
0,0,8,1,3,-4,-2,0,-2,1,12,9,7,-12,-2,None
0,0,8,1,3,-4,-2,0,-2,1,12,9,7,-12,-2,None
0,0,8,1,3,-4,-2,0,-2,1,12,9,7,-12,-2,None
0,-3,-3,-4,0,1,-2,-2,-3,1,12,9,7,-12,-2,None
0,-4,-6,-1,3,4,-1,-1,-1,1,12,9,7,-12,-2,None
0,-1,-1,-1,-7,-2,-1,-1,-2,1,12,9,7,-12,-2,None
0,-2,2,-2,2,-1,-1,-2,-1,1,12,9,7,-12,-2,None
0,-2,2,-2,2,-1,-1,-2,-1,1,12,9,7,-12,-2,None
0,-2,2,-2,2,-1,-1,-2,-1,1,12,9,7,-12,-2,None
0,2,8,-5,-6,-1,-1,-2,-3,1,12,9,7,-12,-2,None
0,-1,1,5,0,-1,-1,0,0,1,12,9,7,-12,-2,None
0,-3,-1,1,0,9,1,-3,-3,1,12,9,7,-12,-2,None
0,0,7,-1,-2,0,-1,-1,-2,1,12,9,7,-12,-2,None
0,0,7,-1,-2,0,-1,-1,-2,1,12,9,7,-12,-2,None
0,0,7,-1,-2,0,-1,-1,-2,1,12,9,7,-12,-2,None
0,-2,0,-2,7,0,0,-2,0,1,12,9,7,-12,-2,None
0,-2,-2,-5,-3,-2,-2,-2,-2,1,12,9,7,-12,-2,None
0,0,-1,-3,-7,-3,-2,-1,0,1,12,9,7,-12,-2,None
0,-1,1,2,1,0,0,-1,0,1,12,9,7,-12,-2,None
0,-1,1,2,1,0,0,-1,0,1,12,9,7,-12,-2,None
0,-1,1,2,1,0,0,-1,0,1,12,9,7,-12,-2,None
0,-2,-1,3,-1,-1,-1,-1,-2,1,12,9,7,-12,-2,None
0,0,-2,-2,0,2,-1,-3,0,1,12,9,7,-12,-2,None
0,2,20,-1,-8,-1,-1,-1,-2,1,12,9,7,-12,-2,None
0,0,-24,-5,5,8,-1,-2,6,1,12,9,7,-12,-2,None
0,0,-24,-5,5,8,-1,-2,6,1,12,9,7,-12,-2,None
0,0,-24,-5,5,8,-1,-2,6,1,12,9,7,-12,-2,None
0,-5,-3,1,-2,-16,-2,-1,-11,1,12,9,7,-12,-2,None
0,0,0,-1,0,6,-2,-2,-2,1,12,9,7,-12,-2,None
0,0,2,-2,-1,-1,-2,-1,-2,1,12,9,7,-12,-2,None
0,-1,10,-2,-2,-2,-1,-1,-2,1,12,9,7,-12,-2,None
0,-1,10,-2,-2,-2,-1,-1,-2,1,12,9,7,-12,-2,None
0,-1,10,-2,-2,-2,-1,-1,-2,1,12,9,7,-12,-2,None
0,-1,-2,-4,-4,3,-2,-1,2,1,12,9,7,-12,-2,None
0,-2,-7,-2,-2,0,-1,-1,-2,1,12,9,7,-12,-2,None
0,-4,-11,-4,0,3,-1,-3,-1,1,12,9,7,-12,-2,None
0,1,21,-1,-6,-13,-4,-2,-4,1,12,9,7,-12,-2,None
0,1,21,-1,-6,-13,-4,-2,-4,1,12,9,7,-12,-2,None
0,1,21,-1,-6,-13,-4,-2,-4,1,12,9,7,-12,-2,None
0,2,-1,-3,-3,2,-1,-2,0,1,12,9,7,-12,-2,None
0,-1,1,-4,1,0,-2,-1,-3,1,12,9,7,-12,-2,None
0,-2,-3,0,-2,4,-1,-2,0,1,12,9,7,-12,-2,None
0,0,8,-1,-5,1,0,-1,-3,1,12,9,7,-12,-2,None
0,0,8,-1,-5,1,0,-1,-3,1,12,9,7,-12,-2,None
0,0,8,-1,-5,1,0,-1,-3,1,12,9,7,-12,-2,None
0,-2,-20,-4,14,3,0,-1,-1,1,12,9,7,-12,-2,None
0,-2,0,-4,-7,1,0,-1,-1,1,12,9,7,-12,-2,None
0,-1,-2,-1,-3,-3,-2,-2,-3,1,12,9,7,-12,-2,None
0,-3,-3,-1,4,-1,-2,-2,-2,1,12,9,7,-12,-2,None
0,-3,-3,-1,4,-1,-2,-2,-2,1,12,9,7,-12,-2,None
0,-3,-3,-1,4,-1,-2,-2,-2,1,12,9,7,-12,-2,None
0,0,8,-1,2,4,0,-2,-1,1,12,9,7,-12,-2,None
0,-1,-1,-2,-2,2,-1,-3,-1,1,12,9,7,-12,-2,None
0,0,-3,-3,-1,-1,-2,-1,-1,1,12,9,7,-12,-2,None
0,-7,-6,-3,0,0,-4,-4,-2,1,12,9,7,-12,-2,None
0,-7,-6,-3,0,0,-4,-4,-2,1,12,9,7,-12,-2,None
0,-7,-6,-3,0,0,-4,-4,-2,1,12,9,7,-12,-2,None
0,-1,4,0,-13,2,2,1,1,1,12,9,7,-12,-2,None
0,-1,-2,3,5,-2,-2,-3,-2,1,12,9,7,-12,-2,None
0,-1,0,-1,0,-1,-1,-2,-1,1,12,9,7,-12,-2,None
0,0,6,-2,-6,0,-1,-2,-1,1,12,9,7,-12,-2,None
0,0,6,-2,-6,0,-1,-2,-1,1,12,9,7,-12,-2,None
0,0,6,-2,-6,0,-1,-2,-1,1,12,9,7,-12,-2,None
0,-1,2,-1,-4,1,-2,-1,-1,1,12,9,7,-12,-2,None
0,-2,-6,-4,0,0,-1,-1,-3,1,12,9,7,-12,-2,None
0,0,7,-2,2,-5,-1,-1,-1,1,12,9,7,-12,-2,None
0,0,0,1,0,2,-1,-1,-2,1,12,9,7,-12,-2,None
0,0,0,1,0,2,-1,-1,-2,1,12,9,7,-12,-2,None
0,0,0,1,0,2,-1,-1,-2,1,12,9,7,-12,-2,None
0,-1,-2,-3,4,6,-1,-2,0,1,12,9,7,-12,-2,None
0,-3,5,-5,-8,-12,-1,0,-1,1,12,9,7,-12,-2,None
0,5,-4,-1,3,-1,-2,-1,0,1,12,9,7,-12,-2,None
0,-1,1,-3,0,6,0,-1,-8,1,12,9,7,-12,-2,None
0,-1,1,-3,0,6,0,-1,-8,1,12,9,7,-12,-2,None
0,-1,1,-3,0,6,0,-1,-8,1,12,9,7,-12,-2,None
0,-2,2,-1,-1,3,-1,-1,-1,1,12,9,7,-12,-2,None
0,-1,-1,-1,3,-7,-1,-2,-2,1,12,9,7,-12,-2,None
0,-3,0,-2,-2,2,0,-2,-2,1,12,9,7,-12,-2,None
0,-1,-2,-4,-2,-2,0,0,0,1,12,9,7,-12,-2,None
0,-1,-2,-4,-2,-2,0,0,0,1,12,9,7,-12,-2,None
0,-1,-2,-4,-2,-2,0,0,0,1,12,9,7,-12,-2,None
0,1,6,0,1,-2,-1,-1,0,1,12,9,7,-12,-2,None
0,-2,3,-4,-3,4,-3,-4,-1,1,12,9,7,-12,-2,None
0,2,25,-10,0,3,0,0,-1,1,12,9,7,-12,-2,None
0,1,-4,4,-8,-8,-2,-2,-1,1,12,9,7,-12,-2,None
0,1,-4,4,-8,-8,-2,-2,-1,1,12,9,7,-12,-2,None
0,1,-4,4,-8,-8,-2,-2,-1,1,12,9,7,-12,-2,None
0,-2,-1,1,4,4,0,-2,-3,1,12,9,7,-12,-2,None
0,-2,-2,-3,-2,3,0,-1,0,1,12,9,7,-12,-2,None
0,-3,-1,-2,-3,0,0,-3,-3,1,12,9,7,-12,-2,None
0,-2,1,-3,-1,2,0,0,0,1,12,9,7,-12,-2,None
0,-2,1,-3,-1,2,0,0,0,1,12,9,7,-12,-2,None
0,-2,1,-3,-1,2,0,0,0,1,12,9,7,-12,-2,None
0,-1,1,-3,-2,-4,-2,-2,-1,1,12,9,7,-12,-2,None
0,0,1,1,-3,1,-2,1,-3,1,12,9,7,-12,-2,None
0,-2,-5,0,0,-1,-1,-1,-1,1,12,9,7,-12,-2,None
0,-1,3,-3,2,-1,-1,-1,-1,1,12,9,7,-12,-2,None
0,-1,3,-3,2,-1,-1,-1,-1,1,12,9,7,-12,-2,None
0,-1,3,-3,2,-1,-1,-1,-1,1,12,9,7,-12,-2,None
0,-3,-6,-2,-1,0,1,-1,-1,1,12,9,7,-12,-2,None
0,0,5,1,5,4,0,0,0,1,12,9,7,-12,-2,None
0,1,-7,0,5,2,-3,-1,0,1,12,9,7,-12,-2,None
0,-4,-2,-6,-4,0,-3,-2,-2,1,12,9,7,-12,-2,None
0,-4,-2,-6,-4,0,-3,-2,-2,1,12,9,7,-12,-2,None
0,-4,-2,-6,-4,0,-3,-2,-2,1,12,9,7,-12,-2,None
0,-1,4,-3,2,2,-1,-3,0,1,12,9,7,-12,-2,None
0,0,0,-2,-4,3,1,-1,-1,1,12,9,7,-12,-2,None
0,-3,-4,0,4,-2,-1,-1,-1,1,12,9,7,-12,-2,None
0,-1,0,-1,2,0,-2,-1,0,1,12,9,7,-12,-2,None
0,-1,0,-1,2,0,-2,-1,0,1,12,9,7,-12,-2,None
0,-1,0,-1,2,0,-2,-1,0,1,12,9,7,-12,-2,None
0,0,1,-1,-3,0,-1,-2,-1,1,12,9,7,-12,-2,None
0,0,7,-4,-4,0,-3,-2,-2,1,12,9,7,-12,-2,None
0,-8,12,-14,1,-2,-3,-3,-5,1,12,9,7,-12,-2,None
0,-2,3,11,-3,1,1,1,0,1,12,9,7,-12,-2,None
0,-2,3,11,-3,1,1,1,0,1,12,9,7,-12,-2,None
0,-2,3,11,-3,1,1,1,0,1,12,9,7,-12,-2,None
0,-1,1,0,0,-3,-1,-1,-1,1,12,9,7,-12,-2,None
0,-1,-3,-2,4,2,-1,-1,-1,1,12,9,7,-12,-2,None
0,-2,1,-2,-4,-1,-1,-3,-1,1,12,9,7,-12,-2,None
0,0,0,-5,3,3,-1,-3,-2,1,12,9,7,-12,-2,None
0,0,0,-5,3,3,-1,-3,-2,1,12,9,7,-12,-2,None
0,0,0,-5,3,3,-1,-3,-2,1,12,9,7,-12,-2,None
0,-1,0,-2,-1,-1,-1,-1,-1,1,12,9,7,-12,-2,None
0,0,2,-1,-3,0,-1,-1,-1,1,12,9,7,-12,-2,None
0,-2,-5,2,-7,0,1,0,-2,1,12,9,7,-12,-2,None
0,4,3,0,5,-5,0,-2,-1,1,12,9,7,-12,-2,None
0,4,3,0,5,-5,0,-2,-1,1,12,9,7,-12,-2,None
0,4,3,0,5,-5,0,-2,-1,1,12,9,7,-12,-2,None
0,-2,-3,-4,1,2,-1,-1,-2,1,12,9,7,-12,-2,None
0,-4,-4,-5,8,5,-3,-3,-3,1,12,9,7,-12,-2,None
0,-3,-5,3,-5,1,-1,0,-1,1,12,9,7,-12,-2,None
0,-1,0,-4,-1,1,0,-1,1,1,12,9,7,-12,-2,None
0,-1,0,-4,-1,1,0,-1,1,1,12,9,7,-12,-2,None
0,-1,0,-4,-1,1,0,-1,1,1,12,9,7,-12,-2,None
0,0,4,-3,0,-3,-2,-1,-1,1,12,9,7,-12,-2,None
0,-1,-1,-1,-3,-1,-1,-2,-2,1,12,9,7,-12,-2,None
0,-1,-4,-2,-1,1,-2,-1,0,1,12,9,7,-12,-2,None
0,-3,2,-4,-2,0,-1,-2,-3,1,12,9,7,-12,-2,None
0,-3,2,-4,-2,0,-1,-2,-3,1,12,9,7,-12,-2,None
0,-3,2,-4,-2,0,-1,-2,-3,1,12,9,7,-12,-2,None
0,0,-2,3,0,0,-2,-2,0,1,12,9,7,-12,-2,None
0,5,33,5,6,1,0,-1,0,1,12,9,7,-12,-2,None
0,-5,-48,0,-6,3,-1,-2,-2,1,12,9,7,-12,-2,None
0,-3,-2,-5,0,-1,-1,0,-1,1,12,9,7,-12,-2,None
0,-3,-2,-5,0,-1,-1,0,-1,1,12,9,7,-12,-2,None
0,-3,-2,-5,0,-1,-1,0,-1,1,12,9,7,-12,-2,None
0,-2,-1,-1,-4,0,-2,-2,-3,1,12,9,7,-12,-2,None
0,0,2,-1,1,1,0,-1,-1,1,12,9,7,-12,-2,None
0,0,12,-2,2,-2,-1,-1,-1,1,12,9,7,-12,-2,None
0,0,2,0,-2,1,-2,-1,-2,1,12,9,7,-12,-2,None
0,0,2,0,-2,1,-2,-1,-2,1,12,9,7,-12,-2,None
0,0,2,0,-2,1,-2,-1,-2,1,12,9,7,-12,-2,None
0,-2,-5,-3,3,1,-1,1,-2,1,12,9,7,-12,-2,None
0,-2,-9,-3,-6,-2,-1,-1,-2,1,12,9,7,-12,-2,None
0,3,-1,-2,-6,-1,0,-1,0,1,12,9,7,-12,-2,None
0,-2,9,-2,8,1,0,-2,-2,1,12,9,7,-12,-2,None
0,-2,9,-2,8,1,0,-2,-2,1,12,9,7,-12,-2,None
0,-2,9,-2,8,1,0,-2,-2,1,12,9,7,-12,-2,None
0,-2,3,-1,2,2,0,-1,0,1,12,9,7,-12,-2,None
0,-3,-2,-3,0,-4,-2,-1,-2,1,12,9,7,-12,-2,None
0,-1,3,-1,-9,2,0,-1,-2,1,12,9,7,-12,-2,None
0,-3,1,-5,3,3,-2,-2,-1,1,12,9,7,-12,-2,None
0,-3,1,-5,3,3,-2,-2,-1,1,12,9,7,-12,-2,None
0,-3,1,-5,3,3,-2,-2,-1,1,12,9,7,-12,-2,None
0,0,0,-3,-2,-1,-2,-2,-2,1,12,9,7,-12,-2,None
