0,-4,-1,0,-9,-11,18,-61,-10,1,12,9,9,-16,-6,None
0,-3,-1,-10,-9,-6,-51,15,-5,1,12,9,9,-16,-6,None
0,-1,1,6,-7,-4,-50,-69,-5,1,12,9,9,-16,-6,None
0,-1,1,6,-7,-4,-50,-69,-5,1,12,9,9,-16,-6,None
0,-1,1,6,-7,-4,-50,-69,-5,1,12,9,6,-18,-6,None
0,-2,3,0,-9,22,75,77,1,1,12,9,6,-18,-6,None
0,1,-1,-9,7,-11,-32,-16,4,1,12,9,6,-18,-6,None
0,-1,1,-4,-10,11,26,41,3,1,12,9,6,-18,-6,None
0,-5,-4,-7,12,-12,-48,30,-3,1,12,9,6,-18,-6,None
0,-5,-4,-7,12,-12,-48,30,-3,0,12,9,6,-18,-6,None
0,-5,-4,-7,12,-12,-48,30,-3,0,12,9,4,-18,-6,None
0,-4,0,6,-20,9,-27,-67,-7,0,12,9,4,-18,-6,None
0,0,3,-4,4,-22,36,20,0,0,12,9,4,-18,-6,None
0,0,0,-6,-28,15,-22,-19,-2,0,12,9,4,-18,-6,None
0,-1,1,2,28,-22,-28,-6,2,0,12,9,4,-18,-6,None
0,-1,1,2,28,-22,-28,-6,2,0,12,9,4,-18,-6,None
0,-1,1,2,28,-22,-28,-6,2,0,12,9,0,-18,-6,None
0,-3,-3,-6,27,-7,52,51,-2,0,12,9,0,-18,-6,None
0,-3,-2,1,5,53,-23,-87,-6,0,12,9,0,-18,-6,None
0,-1,1,7,1,-51,-34,20,0,0,12,9,0,-18,-6,None
0,4,6,18,0,108,67,62,10,0,12,9,0,-18,-6,None
0,4,6,18,0,108,67,62,10,0,12,9,0,-18,-6,None
0,4,6,18,0,108,67,62,10,0,12,9,-2,-17,-4,None
0,-3,-2,-1,-9,4,-43,-45,-8,0,12,9,-2,-17,-4,None
0,0,2,7,4,20,-28,1,2,0,12,9,-2,-17,-4,None
0,2,0,-15,1,-60,25,-5,1,0,12,9,-2,-17,-4,None
0,0,-1,-8,-45,59,47,20,2,0,12,9,-2,-17,-4,None
0,0,-1,-8,-45,59,47,20,2,0,12,9,-2,-17,-4,None
0,0,-1,-8,-45,59,47,20,2,0,12,9,-5,-16,-4,None
0,0,3,-1,8,44,-30,-2,-1,0,12,9,-5,-16,-4,None
0,-7,-3,-2,1,-80,-25,-29,-12,0,12,9,-5,-16,-4,None
0,-3,0,7,-3,46,12,6,-4,0,12,9,-5,-16,-4,None
0,0,1,-2,31,-33,-7,4,0,0,12,9,-5,-16,-4,None
0,0,1,-2,31,-33,-7,4,0,17,12,9,-5,-16,-4,None
0,0,1,-2,31,-33,-7,4,0,17,12,9,-6,-15,-4,None
0,2,6,6,-34,21,-25,-12,-10,17,12,9,-6,-15,-4,None
0,-3,-2,-7,24,-51,29,37,18,17,12,9,-6,-15,-4,None
0,2,5,10,-11,58,16,-20,-4,17,12,9,-6,-15,-4,None
0,-2,-1,-8,13,-119,-14,-6,-4,17,12,9,-6,-15,-4,None
0,-2,-1,-8,13,-119,-14,-6,-4,17,12,9,-6,-15,-4,None
0,-2,-1,-8,13,-119,-14,-6,-4,17,12,9,-7,-15,-4,None
0,0,-1,-4,23,3,19,-30,-1,17,12,9,-7,-15,-4,None
0,2,4,-2,-19,112,12,30,-34,17,12,9,-7,-15,-4,None
0,-9,-5,5,69,-123,-27,-16,20,17,12,9,-7,-15,-4,None
0,1,4,-2,-62,42,8,10,1,17,12,9,-7,-15,-4,None
0,1,4,-2,-62,42,8,10,1,17,12,9,-7,-15,-4,None
0,1,4,-2,-62,42,8,10,1,17,12,9,-6,-14,-4,None
0,0,-1,-23,34,-58,0,11,10,17,12,9,-6,-14,-4,None
0,0,2,11,-33,-32,-21,-24,-21,17,12,9,-6,-14,-4,None
0,1,-3,-20,-5,60,-5,-20,23,17,12,9,-6,-14,-4,None
0,-2,0,1,27,69,6,16,-21,17,12,9,-6,-14,-4,None
0,-2,0,1,27,69,6,16,-21,17,12,9,-6,-14,-4,None
0,-2,0,1,27,69,6,16,-21,17,12,9,-6,-12,-3,None
0,-3,-1,-10,-63,-77,1,-12,5,17,12,9,-6,-12,-3,None
0,2,-2,3,7,-19,-21,7,5,17,12,9,-6,-12,-3,None
0,-1,-1,0,15,60,16,19,-1,17,12,9,-6,-12,-3,None
0,1,5,12,28,-96,2,-14,15,17,12,9,-6,-12,-3,None
0,1,5,12,28,-96,2,-14,15,16,12,9,-6,-12,-3,None
0,1,5,12,28,-96,2,-14,15,16,12,9,-6,-11,-4,None
0,0,0,-9,27,-21,-3,10,-12,16,12,9,-6,-11,-4,None
0,-3,-1,-12,-46,17,-8,-20,-7,16,12,9,-6,-11,-4,None
0,-4,3,-4,-37,16,-20,-15,-8,16,12,9,-6,-11,-4,None
0,0,-4,-14,35,127,36,21,5,16,12,9,-6,-11,-4,None
0,0,-4,-14,35,127,36,21,5,16,12,9,-6,-11,-4,None
0,0,-4,-14,35,127,36,21,5,16,12,9,-6,-12,-4,None
0,-2,3,23,88,-23,-25,-14,-35,16,12,9,-6,-12,-4,None
0,2,4,-4,-42,-60,19,6,5,16,12,9,-6,-12,-4,None
0,-3,-2,2,26,-96,-17,-21,-25,16,12,9,-6,-12,-4,None
0,0,1,-3,-35,-60,-13,1,10,16,12,9,-6,-12,-4,None
0,0,1,-3,-35,-60,-13,1,10,16,12,9,-6,-12,-4,None
0,0,1,-3,-35,-60,-13,1,10,16,12,9,-6,-13,-4,None
0,6,7,2,-30,10,30,45,71,16,12,9,-6,-13,-4,None
0,-4,-5,-3,80,82,-2,6,1,16,12,9,-6,-13,-4,None
0,-2,-2,3,35,-13,9,2,2,16,12,9,-6,-13,-4,None
0,-3,1,-13,-27,-51,-10,-44,-36,16,12,9,-6,-13,-4,None
0,-3,1,-13,-27,-51,-10,-44,-36,16,12,8,-6,-13,-4,None
0,-3,1,-13,-27,-51,-10,-44,-36,16,12,8,-6,-11,-4,None
0,-1,5,3,85,-81,-14,6,-52,16,12,8,-6,-11,-4,None
0,13,2,0,8,78,7,27,69,16,12,8,-6,-11,-4,None
0,1,5,-3,-90,58,-3,-2,-36,16,12,8,-6,-11,-4,None
0,5,4,8,56,-15,5,-3,32,16,12,8,-6,-11,-4,None
0,5,4,8,56,-15,5,-3,32,16,12,8,-6,-11,-4,None
0,5,4,8,56,-15,5,-3,32,16,12,8,-5,-10,-4,None
0,-1,-3,-38,-127,16,4,20,-31,16,12,8,-5,-10,-4,None
0,-8,0,-13,27,14,-10,-11,8,16,12,8,-5,-10,-4,None
0,0,3,-7,-18,-30,16,-1,8,16,12,8,-5,-10,-4,None
0,4,5,-13,7,6,4,-3,-29,16,12,8,-5,-10,-4,None
0,4,5,-13,7,6,4,-3,-29,15,12,8,-5,-10,-4,None
0,4,5,-13,7,6,4,-3,-29,15,12,8,-5,-9,-4,None
0,2,-1,7,-13,80,5,12,13,15,12,8,-5,-9,-4,None
0,-8,-2,0,-33,-28,-11,-38,-18,15,12,8,-5,-9,-4,None
0,-3,-1,7,46,5,-13,-13,4,15,12,8,-5,-9,-4,None
0,-4,-1,-3,-118,-39,6,54,3,15,12,8,-5,-9,-4,None
0,-4,-1,-3,-118,-39,6,54,3,15,12,8,-5,-9,-4,None
0,-4,-1,-3,-118,-39,6,54,3,15,12,8,-5,-9,-3,None
0,-4,-7,1,42,35,18,-16,23,15,12,8,-5,-9,-3,None
0,-8,-3,1,17,-15,-7,-12,13,15,12,8,-5,-9,-3,None
0,0,4,9,26,-19,-14,-15,-16,15,12,8,-5,-9,-3,None
0,-8,-7,0,-9,30,8,-16,-7,15,12,8,-5,-9,-3,None
0,-8,-7,0,-9,30,8,-16,-7,15,12,8,-5,-9,-3,None
0,-8,-7,0,-9,30,8,-16,-7,15,12,8,-6,-9,-3,None
0,-12,-7,-7,-3,25,-18,-27,9,15,12,8,-6,-9,-3,None
0,11,9,3,9,31,3,47,-10,15,12,8,-6,-9,-3,None
0,3,3,-4,-56,-42,4,7,20,15,12,8,-6,-9,-3,None
0,-6,-5,-1,-12,6,-19,-11,-9,15,12,8,-6,-9,-3,None
0,-6,-5,-1,-12,6,-19,-11,-9,15,12,8,-6,-9,-3,None
0,-6,-5,-1,-12,6,-19,-11,-9,15,12,8,-6,-9,-1,None
0,-3,3,16,17,-13,-2,-15,-20,15,12,8,-6,-9,-1,None
0,-3,-3,-12,-65,7,1,-11,2,15,12,8,-6,-9,-1,None
0,2,2,1,14,39,6,5,3,15,12,8,-6,-9,-1,None
0,-1,-1,1,85,-4,-6,7,-21,15,12,8,-6,-9,-1,None
0,-1,-1,1,85,-4,-6,7,-21,15,12,8,-6,-9,-1,None
0,-1,-1,1,85,-4,-6,7,-21,15,12,8,-5,-9,-1,None
0,-1,3,-5,-92,9,3,-1,13,15,12,8,-5,-9,-1,None
0,-2,1,13,35,-19,-1,-13,5,15,12,8,-5,-9,-1,None
0,-6,-9,-19,3,44,2,9,-20,15,12,8,-5,-9,-1,None
0,-1,-3,-1,-24,0,4,-13,24,15,12,8,-5,-9,-1,None
0,-1,-3,-1,-24,0,4,-13,24,15,12,8,-5,-9,-1,None
0,-1,-3,-1,-24,0,4,-13,24,15,12,8,-6,-9,0,None
0,-2,0,-1,52,16,8,27,4,15,12,8,-6,-9,0,None
0,-5,3,5,21,-16,-14,-24,-33,15,12,8,-6,-9,0,None
0,1,-2,-5,-21,26,10,-6,-6,15,12,8,-6,-9,0,None
0,0,1,11,26,20,-3,-2,-11,15,12,8,-6,-9,0,None
0,0,1,11,26,20,-3,-2,-11,15,12,8,-6,-9,0,None
0,0,1,11,26,20,-3,-2,-11,15,12,8,-7,-9,0,None
0,2,-1,-4,-30,19,3,-9,34,15,12,8,-7,-9,0,None
0,-4,-3,1,7,-35,-7,-2,-7,15,12,8,-7,-9,0,None
0,-1,0,0,28,15,-9,-4,-15,15,12,8,-7,-9,0,None
0,-3,1,-6,3,-6,-7,4,12,15,12,8,-7,-9,0,None
0,-3,1,-6,3,-6,-7,4,12,15,12,8,-7,-9,0,None
0,-3,1,-6,3,-6,-7,4,12,15,12,8,-8,-8,0,None
0,2,5,7,-26,-38,-8,-7,-22,15,12,8,-8,-8,0,None
0,-4,-7,-12,0,-6,11,-4,-1,15,12,8,-8,-8,0,None
0,0,-1,-8,19,19,9,-3,13,15,12,8,-8,-8,0,None
0,1,5,3,-53,-51,-8,0,-2,15,12,8,-8,-8,0,None
0,1,5,3,-53,-51,-8,0,-2,15,12,8,-8,-8,0,None
0,1,5,3,-53,-51,-8,0,-2,15,12,8,-8,-10,1,None
0,-6,-6,-1,67,47,0,3,-8,15,12,8,-8,-10,1,None
0,-3,0,-8,34,16,-4,-10,-2,15,12,8,-8,-10,1,None
0,2,5,-5,-65,-20,-14,2,-8,15,12,8,-8,-10,1,None
0,0,0,0,10,30,13,9,7,15,12,8,-8,-10,1,None
0,0,0,0,10,30,13,9,7,15,12,8,-8,-10,1,None
0,0,0,0,10,30,13,9,7,15,12,8,-9,-10,1,None
0,-1,3,0,-35,-34,15,3,-1,15,12,8,-9,-10,1,None
0,-2,-2,-4,-15,60,-5,-5,-12,15,12,8,-9,-10,1,None
0,-4,-4,2,57,13,-5,-3,-3,15,12,8,-9,-10,1,None
0,-2,-1,-8,-36,-5,-33,-11,-1,15,12,8,-9,-10,1,None
0,-2,-1,-8,-36,-5,-33,-11,-1,15,12,8,-9,-10,1,None
0,-2,-1,-8,-36,-5,-33,-11,-1,15,12,8,-10,-10,0,None
0,3,2,1,-23,-45,43,11,4,15,12,8,-10,-10,0,None
0,-1,1,6,-36,-11,-1,-2,-5,15,12,8,-10,-10,0,None
0,2,7,-3,-15,-48,-5,5,9,15,12,8,-10,-10,0,None
0,-1,-2,-3,17,34,9,-1,5,15,12,8,-10,-10,0,None
0,-1,-2,-3,17,34,9,-1,5,15,12,8,-10,-10,0,None
0,-1,-2,-3,17,34,9,-1,5,15,12,8,-10,-9,0,None
0,-5,-8,-18,28,-19,-30,-7,-11,15,12,8,-10,-9,0,None
0,-1,-2,-3,8,-43,0,-2,-5,15,12,8,-10,-9,0,None
0,0,2,8,2,12,6,3,4,15,12,8,-10,-9,0,None
0,-4,1,13,48,-1,-7,-4,-6,15,12,8,-10,-9,0,None
0,-4,1,13,48,-1,-7,-4,-6,15,12,8,-10,-9,0,None
0,-4,1,13,48,-1,-7,-4,-6,15,12,8,-11,-9,0,None
0,1,3,-11,11,36,-9,0,-2,15,12,8,-11,-9,0,None
0,-1,2,-6,-81,-17,7,-2,-1,15,12,8,-11,-9,0,None
0,-5,-4,-7,37,40,-2,-1,1,15,12,8,-11,-9,0,None
0,1,2,-2,28,-34,-1,0,-2,15,12,8,-11,-9,0,None
0,1,2,-2,28,-34,-1,0,-2,15,12,8,-11,-9,0,None
0,1,2,-2,28,-34,-1,0,-2,15,12,8,-11,-9,0,None
0,-2,1,8,-15,63,0,2,-2,15,12,8,-11,-9,0,None
0,1,0,-2,36,62,12,1,2,15,12,8,-11,-9,0,None
0,1,4,8,-42,-24,2,3,0,15,12,8,-11,-9,0,None
0,-3,-4,-17,8,15,-3,-2,-2,15,12,8,-11,-9,0,None
0,-3,-4,-17,8,15,-3,-2,-2,15,12,8,-11,-9,0,None
0,-3,-4,-17,8,15,-3,-2,-2,15,12,8,-10,-8,0,None
0,-1,-3,-6,20,15,-1,0,-2,15,12,8,-10,-8,0,None
0,1,5,13,-4,12,-3,-2,-2,15,12,8,-10,-8,0,None
0,-4,-4,-5,16,49,2,-4,-3,15,12,8,-10,-8,0,None
0,-2,-1,-4,-45,66,3,-1,0,15,12,8,-10,-8,0,None
0,-2,-1,-4,-45,66,3,-1,0,15,12,8,-10,-8,0,None
0,-2,-1,-4,-45,66,3,-1,0,15,12,8,-10,-8,0,None
0,-1,2,1,8,-79,-13,-2,0,15,12,8,-10,-8,0,None
0,-3,-3,1,13,9,-1,-4,-4,15,12,8,-10,-8,0,None
0,0,0,-15,-23,-29,6,2,2,15,12,8,-10,-8,0,None
0,-2,0,2,35,-4,9,-1,-1,15,12,8,-10,-8,0,None
0,-2,0,2,35,-4,9,-1,-1,15,12,8,-10,-8,0,None
0,-2,0,2,35,-4,9,-1,-1,15,12,8,-9,-8,0,None
0,1,3,8,-5,18,-11,-2,-2,15,12,8,-9,-8,0,None
0,-1,-1,-19,-6,-37,-7,-4,-2,15,12,8,-9,-8,0,None
0,-3,0,9,-7,16,-2,-2,-2,15,12,8,-9,-8,0,None
0,0,1,-6,-5,-14,4,1,-1,15,12,8,-9,-8,0,None
0,0,1,-6,-5,-14,4,1,-1,15,12,8,-9,-8,0,None
0,0,1,-6,-5,-14,4,1,-1,15,12,8,-9,-8,0,None
0,-2,4,5,18,-12,-4,-3,-4,15,12,8,-9,-8,0,None
0,0,2,0,37,38,11,5,5,15,12,8,-9,-8,0,None
0,-2,-2,-1,-33,-44,5,1,-1,15,12,8,-9,-8,0,None
0,-1,1,-3,40,17,4,0,-1,15,12,8,-9,-8,0,None
0,-1,1,-3,40,17,4,0,-1,15,12,8,-9,-8,0,None
0,-1,1,-3,40,17,4,0,-1,15,12,8,-9,-8,-1,None
0,-5,-5,-6,-53,3,-4,-10,-20,15,12,8,-9,-8,-1,None
0,-2,1,-8,-30,-14,-12,-1,5,15,12,8,-9,-8,-1,None
0,0,2,3,3,16,-9,-2,-5,15,12,8,-9,-8,-1,None
0,-2,-3,-8,-37,-19,0,-1,1,15,12,8,-9,-8,-1,None
0,-2,-3,-8,-37,-19,0,-1,1,16,12,8,-9,-8,-1,None
0,-2,-3,-8,-37,-19,0,-1,1,16,12,8,-8,-9,-2,None
0,0,3,4,6,3,-1,0,1,16,12,8,-8,-9,-2,None
0,-4,0,1,2,-17,-11,-6,-20,16,12,8,-8,-9,-2,None
0,-2,-2,-3,-23,22,3,-3,8,16,12,8,-8,-9,-2,None
0,-1,2,9,-18,-31,-9,3,-1,16,12,8,-8,-9,-2,None
0,-1,2,9,-18,-31,-9,3,-1,16,12,9,-8,-9,-2,None
0,-1,2,9,-18,-31,-9,3,-1,16,12,9,-7,-9,-3,None
0,1,0,-8,51,-49,-3,0,4,16,12,9,-7,-9,-3,None
0,-1,-2,-7,-16,-26,1,-1,4,16,12,9,-7,-9,-3,None
0,-6,-6,-8,17,17,3,-8,-12,16,12,9,-7,-9,-3,None
0,0,1,13,-10,-9,-3,0,4,16,12,9,-7,-9,-3,None
0,0,1,13,-10,-9,-3,0,4,16,12,9,-7,-9,-3,None
0,0,1,13,-10,-9,-3,0,4,16,12,9,-6,-9,-4,None
0,2,5,1,-1,56,3,3,4,16,12,9,-6,-9,-4,None
0,-3,-4,-1,45,-5,3,-1,-12,16,12,9,-6,-9,-4,None
0,0,1,-3,36,-21,-4,-6,9,16,12,9,-6,-9,-4,None
0,-1,4,-2,29,15,0,-4,-2,16,12,9,-6,-9,-4,None
0,-1,4,-2,29,15,0,-4,-2,16,12,9,-6,-9,-4,None
0,-1,4,-2,29,15,0,-4,-2,16,12,9,-5,-10,-5,None
0,-1,-1,-8,-66,24,11,8,4,16,12,9,-5,-10,-5,None
0,2,4,5,28,9,1,-13,-9,16,12,9,-5,-10,-5,None
0,-7,-3,0,-32,4,-12,-21,-46,16,12,9,-5,-10,-5,None
0,7,9,-1,-16,-47,4,45,36,16,12,9,-5,-10,-5,None
0,7,9,-1,-16,-47,4,45,36,16,12,9,-5,-10,-5,None
0,7,9,-1,-16,-47,4,45,36,16,12,9,-4,-10,-6,None
0,-4,-7,4,55,43,2,9,8,16,12,9,-4,-10,-6,None
0,4,-1,-17,-29,-32,-4,1,1,16,12,9,-4,-10,-6,None
0,0,2,-5,-12,15,-6,-18,-7,16,12,9,-4,-10,-6,None
0,-3,4,11,41,90,6,-20,-15,16,12,9,-4,-10,-6,None
0,-3,4,11,41,90,6,-20,-15,16,12,9,-4,-10,-6,None
0,-3,4,11,41,90,6,-20,-15,16,12,9,-3,-10,-7,None
0,-3,-1,-3,-3,-35,-2,0,-9,16,12,9,-3,-10,-7,None
0,-1,-1,0,-66,38,3,-3,1,16,12,9,-3,-10,-7,None
0,0,-1,-7,20,-84,-2,9,21,16,12,9,-3,-10,-7,None
0,-5,-6,-11,-16,17,-10,-10,-33,16,12,9,-3,-10,-7,None
0,-5,-6,-11,-16,17,-10,-10,-33,17,12,9,-3,-10,-7,None
0,-5,-6,-11,-16,17,-10,-10,-33,17,12,9,-2,-12,-7,None
0,4,7,14,5,-2,1,1,24,17,12,9,-2,-12,-7,None
0,-2,0,-6,29,-15,-2,1,-4,17,12,9,-2,-12,-7,None
0,2,4,-1,6,40,0,10,10,17,12,9,-2,-12,-7,None
0,-3,-3,-9,-23,-33,-5,-4,-5,17,12,9,-2,-12,-7,None
0,-3,-3,-9,-23,-33,-5,-4,-5,17,12,9,-2,-12,-7,None
0,-3,-3,-9,-23,-33,-5,-4,-5,17,12,9,-2,-14,-8,None
0,-3,0,-8,-1,-40,-4,-92,-33,17,12,9,-2,-14,-8,None
0,-9,-3,12,31,-11,8,74,21,17,12,9,-2,-14,-8,None
0,9,3,-18,-47,5,9,36,47,17,12,9,-2,-14,-8,None
0,-3,-6,-22,-5,-9,-6,-16,-5,17,12,9,-2,-14,-8,None
0,-3,-6,-22,-5,-9,-6,-16,-5,17,12,9,-2,-14,-8,None
0,-3,-6,-22,-5,-9,-6,-16,-5,17,12,9,-1,-14,-8,None
0,0,-1,-2,25,37,-4,2,-1,17,12,9,-1,-14,-8,None
0,-2,0,-6,11,2,-12,-47,-11,17,12,9,-1,-14,-8,None
0,1,2,8,52,13,9,15,-9,17,12,9,-1,-14,-8,None
0,-5,1,4,12,41,4,-38,-30,17,12,9,-1,-14,-8,None
0,-5,1,4,12,41,4,-38,-30,17,12,9,-1,-14,-8,None
0,-5,1,4,12,41,4,-38,-30,17,12,9,0,-14,-9,None
0,-13,-7,-12,-27,-14,-10,6,-8,17,12,9,0,-14,-9,None
0,6,6,11,-50,-31,5,44,0,17,12,9,0,-14,-9,None
0,-5,-1,-1,32,56,-9,-15,-15,17,12,9,0,-14,-9,None
0,5,2,-2,-9,-14,8,-14,21,17,12,9,0,-14,-9,None
0,5,2,-2,-9,-14,8,-14,21,17,12,9,0,-14,-9,None
0,5,2,-2,-9,-14,8,-14,21,17,12,9,1,-15,-10,None
0,-7,-4,-9,25,-4,-1,-17,-23,17,12,9,1,-15,-10,None
0,1,6,19,22,-49,0,-13,5,17,12,9,1,-15,-10,None
0,2,2,-10,1,-22,-9,15,8,17,12,9,1,-15,-10,None
0,-7,-8,-18,-37,16,-2,-12,-11,17,12,9,1,-15,-10,None
0,-7,-8,-18,-37,16,-2,-12,-11,17,11,9,1,-15,-10,None
0,-7,-8,-18,-37,16,-2,-12,-11,17,11,9,0,-16,-11,None
0,3,3,1,-1,35,-7,4,-1,17,11,9,0,-16,-11,None
0,2,4,4,13,3,1,-5,-6,17,11,9,0,-16,-11,None
0,-4,-5,-12,-14,-4,-1,-12,8,17,11,9,0,-16,-11,None
0,-2,-1,6,-18,12,-2,6,-8,17,11,9,0,-16,-11,None
0,-2,-1,6,-18,12,-2,6,-8,0,11,9,0,-16,-11,None
0,-2,-1,6,-18,12,-2,6,-8,0,11,9,-1,-17,-10,None
0,2,0,2,-6,-7,0,16,12,0,11,9,-1,-17,-10,None
0,0,2,-7,15,5,-4,-9,-3,0,11,9,-1,-17,-10,None
0,-1,1,10,-47,-8,5,-12,-20,0,11,9,-1,-17,-10,None
0,-2,-6,-16,-23,-4,-1,9,8,0,11,9,-1,-17,-10,None
0,-2,-6,-16,-23,-4,-1,9,8,0,11,9,-1,-17,-10,None
0,-2,-6,-16,-23,-4,-1,9,8,0,11,9,-2,-17,-9,None
0,0,1,-2,19,25,-1,14,8,0,11,9,-2,-17,-9,None
0,-3,0,-10,-40,35,-4,-22,-6,0,11,9,-2,-17,-9,None
0,-6,-2,3,-2,-50,-1,-10,-9,0,11,9,-2,-17,-9,None
0,0,-1,-6,-46,50,-2,13,12,0,11,9,-2,-17,-9,None
0,0,-1,-6,-46,50,-2,13,12,0,11,9,-2,-17,-9,None
0,0,-1,-6,-46,50,-2,13,12,0,11,9,-2,-16,-8,None
0,-2,-5,1,0,-11,-7,2,-3,0,11,9,-2,-16,-8,None
0,-2,-2,-11,-28,5,-4,-12,-5,0,11,9,-2,-16,-8,None
0,-1,3,-1,-18,28,7,3,-1,0,11,9,-2,-16,-8,None
0,1,5,10,-2,-44,-5,6,4,0,11,9,-2,-16,-8,None
0,1,5,10,-2,-44,-5,6,4,0,11,9,-2,-16,-8,None
0,1,5,10,-2,-44,-5,6,4,0,11,9,-2,-16,-8,None
0,1,4,4,2,-46,-1,1,-4,0,11,9,-2,-16,-8,None
0,-5,-2,1,-14,36,1,-7,1,0,11,9,-2,-16,-8,None
0,-3,-1,2,16,6,4,1,-3,0,11,9,-2,-16,-8,None
0,1,5,3,-22,-33,-5,0,-1,0,11,9,-2,-16,-8,None
0,1,5,3,-22,-33,-5,0,-1,0,11,9,-2,-16,-8,None
0,1,5,3,-22,-33,-5,0,-1,0,11,9,-2,-15,-7,None
0,-3,2,-3,-36,-3,-2,3,2,0,11,9,-2,-15,-7,None
0,2,1,0,33,-7,-7,-9,-9,0,11,9,-2,-15,-7,None
0,-1,1,0,8,14,-4,-5,11,0,11,9,-2,-15,-7,None
0,1,3,-3,25,28,6,1,-1,0,11,9,-2,-15,-7,None
0,1,3,-3,25,28,6,1,-1,17,11,9,-2,-15,-7,None
0,1,3,-3,25,28,6,1,-1,17,11,9,-1,-14,-7,None
0,1,0,-17,-39,-22,3,8,0,17,11,9,-1,-14,-7,None
0,-2,1,-4,20,60,-3,-6,-1,17,11,9,-1,-14,-7,None
0,-3,-3,-7,19,-5,-9,-16,-6,17,11,9,-1,-14,-7,None
0,2,1,2,5,-23,1,15,1,17,11,9,-1,-14,-7,None
0,2,1,2,5,-23,1,15,1,17,11,9,-1,-14,-7,None
0,2,1,2,5,-23,1,15,1,17,11,9,-1,-13,-7,None
0,2,2,4,12,59,5,4,5,17,11,9,-1,-13,-7,None
0,-5,-2,-8,-8,-8,-3,-9,-6,17,11,9,-1,-13,-7,None
0,1,3,4,-21,-36,-10,-8,-18,17,11,9,-1,-13,-7,None
0,-3,-1,-2,21,3,3,-2,6,17,11,9,-1,-13,-7,None
0,-3,-1,-2,21,3,3,-2,6,17,11,9,-1,-13,-7,None
0,-3,-1,-2,21,3,3,-2,6,17,11,9,0,-12,-7,None
0,-2,0,-3,12,11,-3,4,-2,17,11,9,0,-12,-7,None
0,3,-1,-14,-9,-33,-2,-4,5,17,11,9,0,-12,-7,None
0,-4,0,0,-6,32,-4,-6,-21,17,11,9,0,-12,-7,None
0,1,0,-2,9,-30,-3,11,26,17,11,9,0,-12,-7,None
0,1,0,-2,9,-30,-3,11,26,17,11,9,0,-12,-7,None
0,1,0,-2,9,-30,-3,11,26,17,11,9,0,-12,-7,None
0,0,2,2,9,12,3,-4,-7,17,11,9,0,-12,-7,None
0,-3,-3,2,-6,-15,-2,-1,-1,17,11,9,0,-12,-7,None
0,3,2,1,0,18,2,-11,1,17,11,9,0,-12,-7,None
0,-1,2,0,29,-8,-1,24,-6,17,11,9,0,-12,-7,None
0,-1,2,0,29,-8,-1,24,-6,17,11,9,0,-12,-7,None
0,-1,2,0,29,-8,-1,24,-6,17,11,9,0,-12,-7,None
0,-2,-2,-4,-7,-2,-1,-4,0,17,11,9,0,-12,-7,None
0,-2,2,0,-1,3,1,1,5,17,11,9,0,-12,-7,None
0,0,1,2,11,-8,1,-1,-7,17,11,9,0,-12,-7,None
0,1,-1,1,4,-3,-4,-14,-2,17,11,9,0,-12,-7,None
0,1,-1,1,4,-3,-4,-14,-2,17,11,9,0,-12,-7,None
0,1,-1,1,4,-3,-4,-14,-2,17,11,9,1,-11,-7,None
0,-2,0,1,1,-6,-1,-5,5,17,11,9,1,-11,-7,None
0,-2,19,-4,-6,-9,2,7,7,17,11,9,1,-11,-7,None
0,4,-2,23,12,6,3,10,-4,17,11,9,1,-11,-7,None
0,-16,-17,-21,0,-7,-3,-10,-21,17,11,9,1,-11,-7,None
0,-16,-17,-21,0,-7,-3,-10,-21,17,12,9,1,-11,-7,None
0,-16,-17,-21,0,-7,-3,-10,-21,17,12,9,2,-11,-7,None
0,14,30,-12,-8,5,-3,13,11,17,12,9,2,-11,-7,None
0,1,-42,7,9,-4,1,-10,23,17,12,9,2,-11,-7,None
0,12,51,-6,-5,1,0,9,6,17,12,9,2,-11,-7,None
0,-7,-11,0,-6,1,-3,-8,21,17,12,9,2,-11,-7,None
0,-7,-11,0,-6,1,-3,-8,21,17,12,9,2,-11,-7,None
0,-7,-11,0,-6,1,-3,-8,21,17,12,9,2,-11,-7,None
0,18,-14,-3,-1,-4,1,-16,-58,17,12,9,2,-11,-7,None
0,37,15,29,-3,-1,-1,25,49,17,12,9,2,-11,-7,None
0,-61,-42,-35,-9,-2,1,1,7,17,12,9,2,-11,-7,None
0,21,0,-50,-18,-9,-5,-16,-13,17,12,9,2,-11,-7,None
0,21,0,-50,-18,-9,-5,-16,-13,0,12,9,2,-11,-7,None
0,21,0,-50,-18,-9,-5,-16,-13,0,12,9,3,-12,-6,None
0,-68,-6,-9,-19,0,-4,-16,-78,0,12,9,3,-12,-6,None
0,17,20,1,-31,-3,-2,3,43,0,12,9,3,-12,-6,None
0,127,45,59,-46,6,3,-3,66,0,12,9,3,-12,-6,None
0,-25,9,20,-45,-3,-2,-6,13,0,12,9,3,-12,-6,None
0,-25,9,20,-45,-3,-2,-6,13,0,12,9,3,-12,-6,None
0,-25,9,20,-45,-3,-2,-6,13,0,12,9,3,-12,-6,None
0,-62,-58,-55,-41,-3,1,22,36,0,12,9,3,-12,-6,None
0,-127,-19,-43,-13,1,-1,-62,-128,0,12,9,3,-12,-6,None
0,17,5,-3,-12,-6,-10,-25,42,0,12,9,3,-12,-6,None
0,113,20,9,-8,-7,-10,2,66,0,12,9,3,-12,-6,None
0,113,20,9,-8,-7,-10,2,66,0,12,9,3,-12,-6,None
0,113,20,9,-8,-7,-10,2,66,0,12,9,2,-12,-6,None
0,127,41,56,25,4,10,88,127,0,12,9,2,-12,-6,None
0,-97,-31,-14,42,6,14,67,-35,0,12,9,2,-12,-6,None
0,-54,-9,-52,63,0,-3,-35,-128,0,12,9,2,-12,-6,None
0,-85,-10,26,48,-3,-7,-55,-128,0,12,9,2,-12,-6,None
0,-85,-10,26,48,-3,-7,-55,-128,0,12,9,2,-12,-6,None
0,-85,-10,26,48,-3,-7,-55,-128,0,12,9,2,-13,-6,None
0,-11,0,-8,32,-1,-5,-33,-34,0,12,9,2,-13,-6,None
0,35,17,25,18,-4,-7,-7,11,0,12,9,2,-13,-6,None
0,-11,-2,1,15,0,4,2,-4,0,12,9,2,-13,-6,None
0,4,-2,9,18,4,3,13,11,0,12,9,2,-13,-6,None
0,4,-2,9,18,4,3,13,11,0,12,9,2,-13,-6,None
0,4,-2,9,18,4,3,13,11,0,12,9,2,-14,-6,None
0,-15,19,23,11,0,-2,-2,3,0,12,9,2,-14,-6,None
0,30,-23,-31,6,-1,-2,-7,7,0,12,9,2,-14,-6,None
0,-17,-7,-6,5,0,-2,13,4,0,12,9,2,-14,-6,None
0,-9,4,5,9,3,4,13,8,0,12,9,2,-14,-6,None
0,-9,4,5,9,3,4,13,8,0,12,9,2,-14,-6,None
0,-9,4,5,9,3,4,13,8,0,12,9,1,-15,-7,None
0,-2,10,1,4,2,0,-14,-8,0,12,9,1,-15,-7,None
0,23,4,-21,-10,-6,-7,-16,0,0,12,9,1,-15,-7,None
0,-7,-16,24,-4,1,2,13,9,0,12,9,1,-15,-7,None
0,-9,5,-14,10,3,1,7,0,0,12,9,1,-15,-7,None
0,-9,5,-14,10,3,1,7,0,0,12,9,1,-15,-7,None
0,-9,5,-14,10,3,1,7,0,0,12,9,0,-14,-7,None
0,-7,-15,-9,6,-1,-4,-19,-16,0,12,9,0,-14,-7,None
0,19,14,20,1,0,-1,-2,1,0,12,9,0,-14,-7,None
0,-17,-8,-9,2,3,-9,10,3,0,12,9,0,-14,-7,None
0,-7,-1,0,4,2,14,5,-6,0,12,9,0,-14,-7,None
0,-7,-1,0,4,2,14,5,-6,0,12,9,0,-14,-7,None
0,-7,-1,0,4,2,14,5,-6,0,12,9,0,-12,-7,None
0,-8,2,-3,0,0,-1,-12,-11,0,12,9,0,-12,-7,None
0,5,6,1,-3,-1,-3,1,2,0,12,9,0,-12,-7,None
0,-6,-2,-2,-2,9,-9,1,-1,0,12,9,0,-12,-7,None
0,-5,-1,-4,1,17,2,-5,-7,0,12,9,0,-12,-7,None
0,-5,-1,-4,1,17,2,-5,-7,0,12,9,0,-12,-7,None
0,-5,-1,-4,1,17,2,-5,-7,0,12,9,0,-12,-6,None
0,0,-3,-14,4,-24,-6,-3,-1,0,12,9,0,-12,-6,None
0,6,4,-5,-30,-3,5,-1,1,0,12,9,0,-12,-6,None
0,-5,-2,-10,-3,8,13,2,-1,0,12,9,0,-12,-6,None
0,-2,2,-10,-4,0,-2,1,-1,0,12,9,0,-12,-6,None
0,-2,2,-10,-4,0,-2,1,-1,0,12,9,0,-12,-6,None
0,-2,2,-10,-4,0,-2,1,-1,0,12,9,0,-12,-5,None
0,-6,1,-2,6,16,-3,-2,-4,0,12,9,0,-12,-5,None
0,5,5,-3,1,-21,2,-2,-2,0,12,9,0,-12,-5,None
0,-6,0,-1,-8,3,-7,1,-5,0,12,9,0,-12,-5,None
0,-8,-5,-19,-33,-19,-27,-6,-4,0,12,9,0,-12,-5,None
0,-8,-5,-19,-33,-19,-27,-6,-4,0,12,9,0,-12,-5,None
0,-8,-5,-19,-33,-19,-27,-6,-4,0,12,9,0,-12,-5,None
0,-5,-5,-2,-58,-10,7,-3,-8,0,12,9,0,-12,-5,None
0,4,4,5,63,41,8,-3,-1,0,12,9,0,-12,-5,None
0,-1,1,0,9,3,1,3,3,0,12,9,0,-12,-5,None
0,-3,2,-5,-63,-66,-7,1,-1,0,12,9,0,-12,-5,None
0,-3,2,-5,-63,-66,-7,1,-1,0,12,9,0,-12,-5,None
0,-3,2,-5,-63,-66,-7,1,-1,0,12,9,0,-12,-5,None
0,0,-1,4,68,-1,13,2,0,0,12,9,0,-12,-5,None
0,-1,0,5,-61,47,-7,-9,-6,0,12,9,0,-12,-5,None
0,-3,-1,1,88,-16,-4,0,-2,0,12,9,0,-12,-5,None
0,-1,3,2,53,27,7,7,1,0,12,9,0,-12,-5,None
0,-1,3,2,53,27,7,7,1,0,12,9,0,-12,-5,None
0,-1,3,2,53,27,7,7,1,0,12,9,0,-12,-4,None
0,-3,0,-5,33,12,-3,-5,-5,0,12,9,0,-12,-4,None
0,6,7,16,-65,-19,11,4,2,0,12,9,0,-12,-4,None
0,-7,-7,-27,-17,-34,-11,-8,-6,0,12,9,0,-12,-4,None
0,-2,2,2,-66,27,1,-1,-2,0,12,9,0,-12,-4,None
0,-2,2,2,-66,27,1,-1,-2,0,12,9,0,-12,-4,None
0,-2,2,2,-66,27,1,-1,-2,0,12,9,0,-11,-4,None
0,-3,3,16,-7,-22,-10,-1,-4,0,12,9,0,-11,-4,None
0,5,6,13,127,68,9,-2,5,0,12,9,0,-11,-4,None
0,-11,-13,-37,-108,-116,-24,-7,-13,0,12,9,0,-11,-4,None
0,3,3,0,114,10,4,1,1,0,12,9,0,-11,-4,None
0,3,3,0,114,10,4,1,1,0,12,9,0,-11,-4,None
0,3,3,0,114,10,4,1,1,0,12,9,0,-12,-4,None
0,-7,0,22,9,12,8,-1,-2,0,12,9,0,-12,-4,None
0,1,1,-32,-83,-27,-10,1,1,0,12,9,0,-12,-4,None
0,-3,2,45,90,106,6,2,-2,0,12,9,0,-12,-4,None
0,-6,-9,-27,-42,-27,-2,-8,-7,0,12,9,0,-12,-4,None
0,-6,-9,-27,-42,-27,-2,-8,-7,0,12,9,0,-12,-4,None
0,-6,-9,-27,-42,-27,-2,-8,-7,0,12,9,1,-13,-3,None
0,4,5,16,79,54,-8,-4,5,0,12,9,1,-13,-3,None
0,-1,2,10,1,57,3,-1,0,0,12,9,1,-13,-3,None
0,2,-2,-12,-82,-67,-3,0,7,0,12,9,1,-13,-3,None
0,-2,-1,2,48,71,-9,0,-1,0,12,9,1,-13,-3,None
0,-2,-1,2,48,71,-9,0,-1,0,12,9,1,-13,-3,None
0,-2,-1,2,48,71,-9,0,-1,0,12,9,2,-14,-3,None
0,0,0,-12,-14,-43,1,-1,0,0,12,9,2,-14,-3,None
0,-2,-5,-12,0,48,-4,-4,-6,0,12,9,2,-14,-3,None
0,3,5,7,21,-30,7,12,6,0,12,9,2,-14,-3,None
0,-1,1,12,-68,4,4,-6,-4,0,12,9,2,-14,-3,None
0,-1,1,12,-68,4,4,-6,-4,1,12,9,2,-14,-3,None
0,-1,1,12,-68,4,4,-6,-4,1,12,9,3,-14,-2,None
0,0,1,-12,10,-15,1,-3,1,1,12,9,3,-14,-2,None
0,-7,-10,-17,40,-74,-22,-10,-5,1,12,9,3,-14,-2,None
0,0,5,6,62,69,0,-2,-2,1,12,9,3,-14,-2,None
0,-5,-3,-1,1,-69,0,-3,-6,1,12,9,3,-14,-2,None
0,-5,-3,-1,1,-69,0,-3,-6,1,12,9,3,-14,-2,None
0,-5,-3,-1,1,-69,0,-3,-6,1,12,9,5,-15,-2,None
0,-4,-3,-10,-57,0,1,-3,-8,1,12,9,5,-15,-2,None
0,2,4,2,-38,-34,-4,2,5,1,12,9,5,-15,-2,None
0,-1,3,6,-19,-2,-2,-5,-4,1,12,9,5,-15,-2,None
0,-3,-4,-5,7,-4,-1,-2,-1,1,12,9,5,-15,-2,None
0,-3,-4,-5,7,-4,-1,-2,-1,1,12,9,5,-15,-2,None
0,-3,-4,-5,7,-4,-1,-2,-1,1,12,9,6,-14,-2,None
0,0,1,-2,20,86,10,-2,1,1,12,9,6,-14,-2,None
0,-2,-2,-3,-52,-76,-6,-2,-3,1,12,9,6,-14,-2,None
0,-2,-2,-3,-52,-76,-6,-2,-3,1,12,9,6,-14,-2,None
0,-2,-2,-3,-52,-76,-6,-2,-3,1,12,9,7,-14,-2,None
0,-1,3,-9,-86,-26,1,-3,-3,1,12,9,7,-14,-2,None
0,2,6,19,112,26,1,2,1,1,12,9,7,-14,-2,None
0,-1,-2,-19,-128,-73,-10,2,2,1,12,9,7,-14,-2,None
0,3,26,15,36,15,4,0,-1,1,12,9,7,-14,-2,None
0,3,26,15,36,15,4,0,-1,1,12,9,7,-14,-2,None
0,3,26,15,36,15,4,0,-1,1,12,9,7,-16,-2,None
0,-7,-40,27,107,43,10,4,2,1,12,9,7,-16,-2,None
0,-2,23,-39,-43,-23,-14,-6,-5,1,12,9,7,-16,-2,None
0,-7,-31,10,58,-5,-8,-6,-5,1,12,9,7,-16,-2,None
0,-1,11,5,88,55,2,1,0,1,12,9,7,-16,-2,None
0,-1,11,5,88,55,2,1,0,1,12,9,7,-16,-2,None
0,-1,11,5,88,55,2,1,0,1,12,9,8,-17,-2,None
0,5,-12,-3,-51,-4,1,0,-1,1,12,9,8,-17,-2,None
0,3,6,14,8,-17,-3,-2,-1,1,12,9,8,-17,-2,None
0,3,6,16,44,17,4,1,1,1,12,9,8,-17,-2,None
0,2,4,-15,-1,3,-1,0,0,1,12,9,8,-17,-2,None
0,2,4,-15,-1,3,-1,0,0,1,12,9,8,-17,-2,None
0,2,4,-15,-1,3,-1,0,0,1,12,9,9,-17,-3,None
0,-3,11,-6,5,-6,-2,-3,-3,1,12,9,9,-17,-3,None
0,-2,-8,3,14,31,4,0,-1,1,12,9,9,-17,-3,None
0,5,27,-19,-5,-9,-4,-3,-2,1,12,9,9,-17,-3,None
0,-4,-45,6,10,-11,1,-1,-1,1,12,9,9,-17,-3,None
0,-4,-45,6,10,-11,1,-1,-1,1,12,9,9,-17,-3,None
0,-4,-45,6,10,-11,1,-1,-1,1,12,9,7,-14,-2,None
0,-3,16,-13,-36,7,-2,-2,-3,1,12,9,7,-14,-2,None
0,-2,-8,6,2,4,3,0,-2,1,12,9,7,-14,-2,None
0,-1,8,-1,-3,9,-5,-1,-1,1,12,9,7,-14,-2,None
0,2,5,0,25,10,2,0,-2,1,12,9,7,-14,-2,None
0,2,5,0,25,10,2,0,-2,1,12,9,7,-14,-2,None
0,2,5,0,25,10,2,0,-2,1,12,9,6,-11,-2,None
0,1,4,-7,-20,26,-3,-3,-3,1,12,9,6,-11,-2,None
0,-1,-2,-2,16,-23,-1,1,0,1,12,9,6,-11,-2,None
0,-3,-2,2,0,46,1,-1,-3,1,12,9,6,-11,-2,None
0,-2,-3,-8,-25,-7,-4,-5,-4,1,12,9,6,-11,-2,None
0,-2,-3,-8,-25,-7,-4,-5,-4,1,12,9,6,-11,-2,None
0,-2,-3,-8,-25,-7,-4,-5,-4,1,12,9,7,-12,-1,None
0,-1,4,3,3,-9,4,0,-1,1,12,9,7,-12,-1,None
0,0,24,6,-7,6,0,0,1,1,12,9,7,-12,-1,None
0,-4,-30,-5,24,31,-3,-2,-2,1,12,9,7,-12,-1,None
0,1,-7,-5,-15,-32,-1,-1,-1,1,12,9,7,-12,-1,None
0,1,-7,-5,-15,-32,-1,-1,-1,1,12,9,7,-12,-1,None
0,1,-7,-5,-15,-32,-1,-1,-1,1,12,9,7,-12,-1,None
0,0,4,-1,23,20,0,0,0,1,12,9,7,-12,-1,None
0,0,2,-2,3,-2,0,-1,-1,1,12,9,7,-12,-1,None
0,-1,17,2,-18,-21,-2,-1,-1,1,12,9,7,-12,-1,None
0,-5,-28,-8,34,25,1,0,1,1,12,9,7,-12,-1,None
0,-5,-28,-8,34,25,1,0,1,1,12,9,7,-12,-1,None
0,-5,-28,-8,34,25,1,0,1,1,12,9,7,-12,-1,None
0,-5,-4,-13,-44,-10,-5,-3,-3,1,12,9,7,-12,-1,None
0,-4,-11,-5,3,19,1,-1,-2,1,12,9,7,-12,-1,None
0,2,-2,-7,-14,-34,0,-1,-1,1,12,9,7,-12,-1,None
0,-1,15,3,-41,-15,-3,-2,-3,1,12,9,7,-12,-1,None
0,-1,15,3,-41,-15,-3,-2,-3,1,12,9,7,-12,-1,None
0,-1,15,3,-41,-15,-3,-2,-3,1,12,9,8,-12,-2,None
0,1,9,-3,34,18,2,0,0,1,12,9,8,-12,-2,None
0,-3,-8,0,4,7,0,-1,-1,1,12,9,8,-12,-2,None
0,-2,3,-3,0,4,-4,-1,-2,1,12,9,8,-12,-2,None
0,-1,11,-5,-7,-15,-2,-1,0,1,12,9,8,-12,-2,None
0,-1,11,-5,-7,-15,-2,-1,0,1,12,9,8,-12,-2,None
0,-1,11,-5,-7,-15,-2,-1,0,1,12,9,8,-13,-2,None
0,-1,-1,-1,19,0,-3,-1,1,1,12,9,8,-13,-2,None
0,-2,-3,-4,-3,18,2,-2,-2,1,12,9,8,-13,-2,None
0,2,-2,-7,-9,-8,-3,-3,-5,1,12,9,8,-13,-2,None
0,-3,4,2,-5,6,0,-3,-3,1,12,9,8,-13,-2,None
0,-3,4,2,-5,6,0,-3,-3,1,12,9,8,-13,-2,None
0,-3,4,2,-5,6,0,-3,-3,1,12,9,8,-12,-2,None
0,-1,1,-1,14,2,-1,-1,-1,1,12,9,8,-12,-2,None
0,1,-1,-2,-8,-5,0,0,1,1,12,9,8,-12,-2,None
0,-2,2,-5,4,-3,-4,-2,0,1,12,9,8,-12,-2,None
0,-3,0,-2,4,-2,-2,-2,-1,1,12,9,8,-12,-2,None
0,-3,0,-2,4,-2,-2,-2,-1,1,12,9,8,-12,-2,None
0,-3,0,-2,4,-2,-2,-2,-1,1,12,9,7,-12,-2,None
0,1,11,3,-17,-13,-3,-2,-3,1,12,9,7,-12,-2,None
0,-2,-4,-5,8,-25,-5,-3,-2,1,12,9,7,-12,-2,None
0,-5,-21,-2,-13,43,-1,-4,-3,1,12,9,7,-12,-2,None
0,0,6,0,-6,-10,-1,0,-2,1,12,9,7,-12,-2,None
0,0,6,0,-6,-10,-1,0,-2,1,12,9,7,-12,-2,None
0,0,6,0,-6,-10,-1,0,-2,1,12,9,7,-12,-2,None
0,-1,-7,0,6,2,3,-1,0,1,12,9,7,-12,-2,None
0,0,5,4,-4,2,-1,0,-2,1,12,9,7,-12,-2,None
0,-2,7,-5,2,-17,-3,-2,0,1,12,9,7,-12,-2,None
0,-2,-1,-1,-3,-4,-3,-1,-1,1,12,9,7,-12,-2,None
0,-2,-1,-1,-3,-4,-3,-1,-1,1,12,9,7,-12,-2,None
0,-2,-1,-1,-3,-4,-3,-1,-1,1,12,9,7,-12,-2,None
0,1,7,-3,17,9,0,0,-1,1,12,9,7,-12,-2,None
0,-4,-2,-1,5,1,-1,-1,0,1,12,9,7,-12,-2,None
0,10,-2,-4,-2,-8,-1,-2,-3,1,12,9,7,-12,-2,None
0,-4,12,-2,6,0,-2,-3,-3,1,12,9,7,-12,-2,None
0,-4,12,-2,6,0,-2,-3,-3,1,12,9,7,-12,-2,None
0,-4,12,-2,6,0,-2,-3,-3,1,12,9,7,-12,-2,None
0,-1,0,-2,-13,8,3,-1,-3,1,12,9,7,-12,-2,None
0,1,-2,1,-6,3,-2,-2,0,1,12,9,7,-12,-2,None
0,-4,0,-1,0,-8,-1,1,0,1,12,9,7,-12,-2,None
0,0,1,-3,7,-6,-2,-2,1,1,12,9,7,-12,-2,None
0,0,1,-3,7,-6,-2,-2,1,1,12,9,7,-12,-2,None
0,0,1,-3,7,-6,-2,-2,1,1,12,9,7,-12,-2,None
0,0,-2,-5,6,-2,-1,-2,-2,1,12,9,7,-12,-2,None
0,-3,-4,2,-2,5,0,-1,-1,1,12,9,7,-12,-2,None
0,-2,6,-2,-1,1,-2,-1,-1,1,12,9,7,-12,-2,None
0,2,1,-4,-9,-4,-1,-3,-3,1,12,9,7,-12,-2,None
0,2,1,-4,-9,-4,-1,-3,-3,1,12,9,7,-12,-2,None
0,2,1,-4,-9,-4,-1,-3,-3,1,12,9,7,-12,-2,None
0,-3,-2,-1,23,18,1,-2,0,1,12,9,7,-12,-2,None
0,1,-2,-3,-15,-4,-3,-1,-2,1,12,9,7,-12,-2,None
0,-1,9,-5,11,-4,-1,-1,-2,1,12,9,7,-12,-2,None
0,-5,-11,0,-12,1,-2,-2,-3,1,12,9,7,-12,-2,None
0,-5,-11,0,-12,1,-2,-2,-3,1,12,9,7,-12,-2,None
0,-5,-11,0,-12,1,-2,-2,-3,1,12,9,7,-12,-2,None
0,-3,-3,-1,5,5,1,-1,-1,1,12,9,7,-12,-2,None
0,1,3,2,12,5,2,-1,-1,1,12,9,7,-12,-2,None
0,-3,-5,-2,-4,-2,-2,-1,0,1,12,9,7,-12,-2,None
0,0,3,-2,-1,-5,-2,-2,-1,1,12,9,7,-12,-2,None
0,0,3,-2,-1,-5,-2,-2,-1,1,12,9,7,-12,-2,None
0,0,3,-2,-1,-5,-2,-2,-1,1,12,9,7,-12,-2,None
0,0,3,-4,-8,-4,0,-4,-1,1,12,9,7,-12,-2,None
0,-2,-4,-3,-3,4,-2,-2,-2,1,12,9,7,-12,-2,None
0,-2,7,-2,-3,0,-2,-3,0,1,12,9,7,-12,-2,None
0,-3,2,0,0,2,-1,0,-1,1,12,9,7,-12,-2,None
0,-3,2,0,0,2,-1,0,-1,1,12,9,7,-12,-2,None
0,-3,2,0,0,2,-1,0,-1,1,12,9,7,-12,-2,None
0,6,-1,-2,-15,-17,-1,0,2,1,12,9,7,-12,-2,None
0,-5,-11,-3,8,8,-5,-5,-4,1,12,9,7,-12,-2,None
0,-6,-12,0,6,7,1,-1,-3,1,12,9,7,-12,-2,None
0,2,6,-1,-11,-1,-1,0,-2,1,12,9,7,-12,-2,None
0,2,6,-1,-11,-1,-1,0,-2,1,12,9,7,-12,-2,None
0,2,6,-1,-11,-1,-1,0,-2,1,12,9,7,-12,-2,None
0,-2,-3,-5,4,0,-1,-1,-1,1,12,9,7,-12,-2,None
0,0,-1,2,-1,-3,1,0,0,1,12,9,7,-12,-2,None
0,0,2,-3,-7,-7,-1,-2,-1,1,12,9,7,-12,-2,None
0,-2,-2,-5,0,-2,-1,-2,-1,1,12,9,7,-12,-2,None
0,-2,-2,-5,0,-2,-1,-2,-1,1,12,9,7,-12,-2,None
0,-2,-2,-5,0,-2,-1,-2,-1,1,12,9,7,-12,-2,None
0,-1,3,1,2,3,-2,-2,-2,1,12,9,7,-12,-2,None
0,0,8,-1,-8,2,1,-1,-2,1,12,9,7,-12,-2,None
0,-3,5,-2,2,-8,0,-1,-2,1,12,9,7,-12,-2,None
0,2,3,-3,0,11,0,-2,-1,1,12,9,7,-12,-2,None
0,2,3,-3,0,11,0,-2,-1,1,12,9,7,-12,-2,None
0,2,3,-3,0,11,0,-2,-1,1,12,9,7,-12,-2,None
0,-2,7,-3,0,5,-2,-2,-1,1,12,9,7,-12,-2,None
0,-3,0,-2,4,-4,-2,-3,-1,1,12,9,7,-12,-2,None
0,-2,-1,-1,-5,7,0,-2,-1,1,12,9,7,-12,-2,None
0,-2,-8,-1,-9,-5,-2,-1,0,1,12,9,7,-12,-2,None
0,-2,-8,-1,-9,-5,-2,-1,0,1,12,9,7,-12,-2,None
0,-2,-8,-1,-9,-5,-2,-1,0,1,12,9,7,-12,-2,None
0,-4,1,-2,-1,-2,0,-1,-3,1,12,9,7,-12,-2,None
0,1,1,-4,-3,1,-1,-1,-1,1,12,9,7,-12,-2,None
0,-1,-1,-1,0,-5,-3,-1,-2,1,12,9,7,-12,-2,None
0,-1,8,-1,5,0,-2,-2,-1,1,12,9,7,-12,-2,None
0,-1,8,-1,5,0,-2,-2,-1,1,12,9,7,-12,-2,None
0,-1,8,-1,5,0,-2,-2,-1,1,12,9,7,-12,-2,None
0,-2,1,-3,1,2,-1,-1,-2,1,12,9,7,-12,-2,None
0,-1,0,-2,-6,-2,1,-1,0,1,12,9,7,-12,-2,None
0,0,1,-2,2,0,-2,-2,-2,1,12,9,7,-12,-2,None
0,3,-5,-3,-5,-5,0,-2,-1,1,12,9,7,-12,-2,None
0,3,-5,-3,-5,-5,0,-2,-1,1,12,9,7,-12,-2,None
0,3,-5,-3,-5,-5,0,-2,-1,1,12,9,7,-12,-2,None
0,-2,5,-1,0,0,-2,-2,-4,1,12,9,7,-12,-2,None
0,-2,-12,-1,12,7,-1,-3,-2,1,12,9,7,-12,-2,None
0,-2,2,-3,-4,4,0,0,0,1,12,9,7,-12,-2,None
0,-3,-1,-1,2,-9,-2,-1,-1,1,12,9,7,-12,-2,None
0,-3,-1,-1,2,-9,-2,-1,-1,1,12,9,7,-12,-2,None
0,-3,-1,-1,2,-9,-2,-1,-1,1,12,9,7,-12,-2,None
0,-1,-2,-1,-1,-1,-1,0,-1,1,12,9,7,-12,-2,None
0,-3,9,-1,-9,-11,-2,1,0,1,12,9,7,-12,-2,None
0,3,1,-7,-2,22,-1,-2,-4,1,12,9,7,-12,-2,None
0,-1,-2,0,1,1,2,-1,-1,1,12,9,7,-12,-2,None
0,-1,-2,0,1,1,2,-1,-1,1,12,9,7,-12,-2,None
0,-1,-2,0,1,1,2,-1,-1,1,12,9,7,-12,-2,None
0,-2,1,-2,4,-1,0,-2,-1,1,12,9,7,-12,-2,None
0,-1,3,-4,-3,-6,-2,-1,-3,1,12,9,7,-12,-2,None
0,-2,-1,-2,-10,-12,-2,-2,0,1,12,9,7,-12,-2,None
0,-2,-1,-2,-2,3,-1,-1,-2,1,12,9,7,-12,-2,None
0,-2,-1,-2,-2,3,-1,-1,-2,1,12,9,7,-12,-2,None
0,-2,-1,-2,-2,3,-1,-1,-2,1,12,9,7,-12,-2,None
0,-2,-3,-4,6,-2,-2,-2,-1,1,12,9,7,-12,-2,None
0,-2,8,2,12,10,-2,-2,-1,1,12,9,7,-12,-2,None
0,-2,-26,-2,-22,-14,-1,-1,-1,1,12,9,7,-12,-2,None
0,-2,5,-2,-1,8,-2,-1,-1,1,12,9,7,-12,-2,None
0,-2,5,-2,-1,8,-2,-1,-1,1,12,9,7,-12,-2,None
0,-2,5,-2,-1,8,-2,-1,-1,1,12,9,7,-12,-2,None
0,1,1,-2,-5,-3,-2,-1,-2,1,12,9,7,-12,-2,None
0,-2,-6,-2,-3,3,0,-1,-3,1,12,9,7,-12,-2,None
0,-2,11,0,6,-2,-2,0,-1,1,12,9,7,-12,-2,None
0,-3,1,-4,4,1,-2,-1,-1,1,12,9,7,-12,-2,None
0,-3,1,-4,4,1,-2,-1,-1,1,12,9,7,-12,-2,None
0,-3,1,-4,4,1,-2,-1,-1,1,12,9,7,-12,-2,None
0,-1,-5,-1,-7,0,-2,-2,-1,1,12,9,7,-12,-2,None
0,0,2,-2,-10,-3,-1,-2,-2,1,12,9,7,-12,-2,None
0,1,4,2,2,5,-1,-1,0,1,12,9,7,-12,-2,None
0,-2,26,-15,4,-7,-3,-3,-2,1,12,9,7,-12,-2,None
0,-2,26,-15,4,-7,-3,-3,-2,1,12,9,7,-12,-2,None
0,-2,26,-15,4,-7,-3,-3,-2,1,12,9,7,-12,-2,None
0,2,-27,8,-5,15,1,-4,-3,1,12,9,7,-12,-2,None
0,-1,-1,-2,-2,10,0,-1,1,1,12,9,7,-12,-2,None
0,-3,-1,-4,-6,-10,0,-1,-6,1,12,9,7,-12,-2,None
0,2,2,2,-2,-5,-1,1,0,1,12,9,7,-12,-2,None
0,2,2,2,-2,-5,-1,1,0,1,12,9,7,-12,-2,None
0,2,2,2,-2,-5,-1,1,0,1,12,9,7,-12,-2,None
0,-2,10,-4,-2,-6,-2,-1,-2,1,12,9,7,-12,-2,None
0,-1,0,-2,0,1,-2,-2,0,1,12,9,7,-12,-2,None
0,-1,0,1,1,0,-2,-2,-1,1,12,9,7,-12,-2,None
0,-2,-5,-1,-1,5,-2,-3,-3,1,12,9,7,-12,-2,None
0,-2,-5,-1,-1,5,-2,-3,-3,1,12,9,7,-12,-2,None
0,-2,-5,-1,-1,5,-2,-3,-3,1,12,9,7,-12,-2,None
0,-2,4,-4,-1,-13,-1,0,0,1,12,9,7,-12,-2,None
0,1,-3,-1,22,22,-1,-1,-1,1,12,9,7,-12,-2,None
0,-11,9,0,-37,-12,-2,-2,-1,1,12,9,7,-12,-2,None
0,-1,-4,-3,17,7,-1,-4,-2,1,12,9,7,-12,-2,None
0,-1,-4,-3,17,7,-1,-4,-2,1,12,9,7,-12,-2,None
0,-1,-4,-3,17,7,-1,-4,-2,1,12,9,7,-12,-2,None
0,-4,-2,-5,6,3,-1,-1,-1,1,12,9,7,-12,-2,None
0,1,1,-2,-10,-6,0,0,-1,1,12,9,7,-12,-2,None
0,2,7,-1,16,1,-2,0,-1,1,12,9,7,-12,-2,None
0,-2,-5,3,0,-3,-1,0,0,1,12,9,7,-12,-2,None
0,-2,-5,3,0,-3,-1,0,0,1,12,9,7,-12,-2,None
0,-2,-5,3,0,-3,-1,0,0,1,12,9,7,-12,-2,None
0,-1,1,-1,-9,-1,-2,-1,-3,1,12,9,7,-12,-2,None
0,-2,8,-4,-4,-4,-1,-1,-2,1,12,9,7,-12,-2,None
0,1,0,-3,10,7,-1,-1,0,1,12,9,7,-12,-2,None
0,-3,-8,-1,-6,-1,-1,-2,-2,1,12,9,7,-12,-2,None
0,-3,-8,-1,-6,-1,-1,-2,-2,1,12,9,7,-12,-2,None
0,-3,-8,-1,-6,-1,-1,-2,-2,1,12,9,7,-12,-2,None
0,-1,8,-4,6,0,0,-1,-1,1,12,9,7,-12,-2,None
0,6,-1,-2,-12,-2,-1,-1,-2,1,12,9,7,-12,-2,None
0,-5,7,-4,23,7,1,-2,-3,1,12,9,7,-12,-2,None
0,-2,-29,6,-3,-5,-1,-1,-1,1,12,9,7,-12,-2,None
0,-2,-29,6,-3,-5,-1,-1,-1,1,12,9,7,-12,-2,None
0,-2,-29,6,-3,-5,-1,-1,-1,1,12,9,7,-12,-2,None
0,-2,2,-3,-2,9,1,0,0,1,12,9,7,-12,-2,None
0,-3,-1,-2,-3,-6,0,-2,-1,1,12,9,7,-12,-2,None
0,2,-3,-1,-7,-3,-1,-1,0,1,12,9,7,-12,-2,None
0,-1,8,-4,-2,-2,-1,-1,-1,1,12,9,7,-12,-2,None
0,-1,8,-4,-2,-2,-1,-1,-1,1,12,9,7,-12,-2,None
0,-1,8,-4,-2,-2,-1,-1,-1,1,12,9,7,-12,-2,None
0,-3,1,-2,1,-2,-3,-2,-2,1,12,9,7,-12,-2,None
0,-2,-3,0,-5,-4,0,-1,-1,1,12,9,7,-12,-2,None
0,1,2,-3,9,4,-2,-1,-2,1,12,9,7,-12,-2,None
0,-1,4,-2,-4,3,-1,-1,-1,1,12,9,7,-12,-2,None
0,-1,4,-2,-4,3,-1,-1,-1,1,12,9,7,-12,-2,None
0,-1,4,-2,-4,3,-1,-1,-1,1,12,9,7,-12,-2,None
0,-1,-1,-1,-1,-3,-1,-2,-1,1,12,9,7,-12,-2,None
0,3,-1,1,16,-2,-1,-2,-1,1,12,9,7,-12,-2,None
0,-1,18,-1,-35,2,-5,-3,-2,1,12,9,7,-12,-2,None
0,-1,-9,3,4,15,1,-2,-3,1,12,9,7,-12,-2,None
0,-1,-9,3,4,15,1,-2,-3,1,12,9,7,-12,-2,None
0,-1,-9,3,4,15,1,-2,-3,1,12,9,7,-12,-2,None
0,1,2,-1,1,0,-2,-1,0,1,12,9,7,-12,-2,None
0,-4,-6,2,2,-3,-1,-2,-3,1,12,9,7,-12,-2,None
0,1,6,-1,10,-6,1,-1,2,1,12,9,7,-12,-2,None
0,2,6,-3,-6,-7,-1,-1,-1,1,12,9,7,-12,-2,None
0,2,6,-3,-6,-7,-1,-1,-1,1,12,9,7,-12,-2,None
0,2,6,-3,-6,-7,-1,-1,-1,1,12,9,7,-12,-2,None
0,-2,-2,-2,-3,2,-1,-1,-2,1,12,9,7,-12,-2,None
0,-3,7,-6,-4,-2,-2,-1,0,1,12,9,7,-12,-2,None
0,-3,-9,-3,7,-1,-1,0,-1,1,12,9,7,-12,-2,None
0,-2,6,-3,-7,3,-2,-2,-1,1,12,9,7,-12,-2,None
0,-2,6,-3,-7,3,-2,-2,-1,1,12,9,7,-12,-2,None
0,-2,6,-3,-7,3,-2,-2,-1,1,12,9,7,-12,-2,None
0,-1,-1,-2,6,0,-2,1,-2,1,12,9,7,-12,-2,None
0,-3,2,-3,-7,-5,-3,-2,-1,1,12,9,7,-12,-2,None
0,1,-4,-2,8,7,-2,-2,-4,1,12,9,7,-12,-2,None
0,-4,9,5,-11,-7,0,0,-2,1,12,9,7,-12,-2,None
0,-4,9,5,-11,-7,0,0,-2,1,12,9,7,-12,-2,None
0,-4,9,5,-11,-7,0,0,-2,1,12,9,7,-12,-2,None
0,0,5,-5,12,10,-1,-3,-4,1,12,9,7,-12,-2,None
0,-1,-2,-3,-4,-2,-2,-2,-2,1,12,9,7,-12,-2,None
0,-3,-8,-1,0,1,-1,-1,0,1,12,9,7,-12,-2,None
0,2,8,-2,1,-6,-1,-1,0,1,12,9,7,-12,-2,None
0,2,8,-2,1,-6,-1,-1,0,1,12,9,7,-12,-2,None
0,2,8,-2,1,-6,-1,-1,0,1,12,9,7,-12,-2,None
0,0,0,-3,-5,-4,-1,-1,-1,1,12,9,7,-12,-2,None
0,-4,0,-2,-4,4,-1,-1,-3,1,12,9,7,-12,-2,None
0,0,-4,0,8,0,-1,-1,-2,1,12,9,7,-12,-2,None
0,-1,-7,-6,0,0,-2,-1,0,1,12,9,7,-12,-2,None
0,-1,-7,-6,0,0,-2,-1,0,1,12,9,7,-12,-2,None
0,-1,-7,-6,0,0,-2,-1,0,1,12,9,7,-12,-2,None
0,-3,1,-1,-5,-7,-2,-3,-6,1,12,9,7,-12,-2,None
0,0,0,-4,13,18,-1,-2,-3,1,12,9,7,-12,-2,None
0,-2,1,3,-17,-12,-1,-3,0,1,12,9,7,-12,-2,None
0,-4,-15,-5,-8,1,-1,-3,-3,1,12,9,7,-12,-2,None
0,-4,-15,-5,-8,1,-1,-3,-3,1,12,9,7,-12,-2,None
0,-4,-15,-5,-8,1,-1,-3,-3,1,12,9,7,-12,-2,None
0,0,-1,-2,-6,2,0,0,1,1,12,9,7,-12,-2,None
0,-3,4,-4,1,-2,0,-1,-2,1,12,9,7,-12,-2,None
0,-5,-6,-2,7,0,0,-2,-3,1,12,9,7,-12,-2,None
0,-1,6,-1,4,4,0,-2,-1,1,12,9,7,-12,-2,None
0,-1,6,-1,4,4,0,-2,-1,1,12,9,7,-12,-2,None
0,-1,6,-1,4,4,0,-2,-1,1,12,9,7,-12,-2,None
0,-1,2,-1,-4,-4,-1,-3,-1,1,12,9,7,-12,-2,None
0,-2,-2,-1,-3,-5,0,0,-1,1,12,9,7,-12,-2,None
0,-2,7,0,-4,10,-1,0,-2,1,12,9,7,-12,-2,None
0,0,0,-1,15,0,-2,-3,-2,1,12,9,7,-12,-2,None
0,0,0,-1,15,0,-2,-3,-2,1,12,9,7,-12,-2,None
0,0,0,-1,15,0,-2,-3,-2,1,12,9,7,-12,-2,None
0,-2,0,-2,-4,8,-1,-1,-1,1,12,9,7,-12,-2,None
0,0,2,1,-4,-7,0,-1,0,1,12,9,7,-12,-2,None
0,0,-3,-4,0,-3,-2,0,0,1,12,9,7,-12,-2,None
0,0,3,-3,2,5,-1,-2,-1,1,12,9,7,-12,-2,None
0,0,3,-3,2,5,-1,-2,-1,1,12,9,7,-12,-2,None
0,0,3,-3,2,5,-1,-2,-1,1,12,9,7,-12,-2,None
0,1,-4,-2,-1,-2,-2,-1,-2,1,12,9,7,-12,-2,None
0,-3,-1,-1,-6,1,0,-1,-1,1,12,9,7,-12,-2,None
0,-1,-2,-5,-1,-3,0,-1,0,1,12,9,7,-12,-2,None
0,4,11,-3,-4,0,-1,0,1,1,12,9,7,-12,-2,None
0,4,11,-3,-4,0,-1,0,1,1,12,9,7,-12,-2,None
0,4,11,-3,-4,0,-1,0,1,1,12,9,7,-12,-2,None
0,-4,2,1,-2,-1,-1,-2,-4,1,12,9,7,-12,-2,None
0,-5,-9,-1,-5,-1,-1,-1,0,1,12,9,7,-12,-2,None
0,1,-2,-2,-3,-5,-3,-1,-3,1,12,9,7,-12,-2,None
0,-6,6,0,7,23,1,-1,-4,1,12,9,7,-12,-2,None
0,-6,6,0,7,23,1,-1,-4,1,12,9,7,-12,-2,None
0,-6,6,0,7,23,1,-1,-4,1,12,9,7,-12,-2,None
0,-4,-6,6,-17,-1,-1,-3,-1,1,12,9,7,-12,-2,None
0,0,9,-1,-2,-1,-2,-2,-1,1,12,9,7,-12,-2,None
0,1,1,-1,2,-6,0,-1,-2,1,12,9,7,-12,-2,None
0,-1,-7,-2,-10,-13,-2,1,1,1,12,9,7,-12,-2,None
0,-1,-7,-2,-10,-13,-2,1,1,1,12,9,7,-12,-2,None
0,-1,-7,-2,-10,-13,-2,1,1,1,12,9,7,-12,-2,None
0,0,8,-4,4,-1,-1,-1,-1,1,12,9,7,-12,-2,None
0,1,-1,-3,-4,1,-1,-1,-2,1,12,9,7,-12,-2,None
0,1,0,-1,2,0,1,-1,0,1,12,9,7,-12,-2,None
0,0,-2,-2,2,-2,-1,-1,-2,1,12,9,7,-12,-2,None
0,0,-2,-2,2,-2,-1,-1,-2,1,12,9,7,-12,-2,None
0,0,-2,-2,2,-2,-1,-1,-2,1,12,9,7,-12,-2,None
0,-1,-3,-4,5,1,0,-2,-2,1,12,9,7,-12,-2,None
0,0,1,-1,-1,-1,-1,-1,-2,1,12,9,7,-12,-2,None
0,-4,-2,-5,3,6,-1,-3,-3,1,12,9,7,-12,-2,None
0,3,2,-5,6,-1,-2,-2,-2,1,12,9,7,-12,-2,None
0,3,2,-5,6,-1,-2,-2,-2,1,12,9,7,-12,-2,None
0,3,2,-5,6,-1,-2,-2,-2,1,12,9,7,-12,-2,None
0,2,2,8,-19,-7,0,0,4,1,12,9,7,-12,-2,None
0,-4,-4,-11,3,5,-1,-3,-4,1,12,9,7,-12,-2,None
0,0,1,-2,2,8,0,-2,-3,1,12,9,7,-12,-2,None
0,-3,-2,-1,-5,-1,0,0,-3,1,12,9,7,-12,-2,None
0,-3,-2,-1,-5,-1,0,0,-3,1,12,9,7,-12,-2,None
0,-3,-2,-1,-5,-1,0,0,-3,1,12,9,7,-12,-2,None
0,0,1,-3,3,-2,-2,-1,-2,1,12,9,7,-12,-2,None
0,1,0,0,0,-6,-2,-1,0,1,12,9,7,-12,-2,None
0,-3,-1,-2,1,0,-1,0,-1,1,12,9,7,-12,-2,None
0,-3,1,-3,-2,-4,-1,-2,-2,1,12,9,7,-12,-2,None
0,-3,1,-3,-2,-4,-1,-2,-2,1,12,9,7,-12,-2,None
0,-3,1,-3,-2,-4,-1,-2,-2,1,12,9,7,-12,-2,None
0,-2,-2,-5,6,2,0,-2,-1,1,12,9,7,-12,-2,None
0,-1,1,0,-4,3,0,-2,-1,1,12,9,7,-12,-2,None
0,0,-1,-3,4,2,-2,-1,-1,1,12,9,7,-12,-2,None
0,-6,-2,0,-4,-2,-1,0,1,1,12,9,7,-12,-2,None
0,-6,-2,0,-4,-2,-1,0,1,1,12,9,7,-12,-2,None
0,-6,-2,0,-4,-2,-1,0,1,1,12,9,7,-12,-2,None
0,-1,-3,-5,6,4,-1,-1,-1,1,12,9,7,-12,-2,None
0,-2,3,4,7,-2,-1,-1,-2,1,12,9,7,-12,-2,None
0,1,2,-4,-7,0,0,-2,0,1,12,9,7,-12,-2,None
0,-3,-7,-3,12,13,-2,-3,-4,1,12,9,7,-12,-2,None
0,-3,-7,-3,12,13,-2,-3,-4,1,12,9,7,-12,-2,None
0,-3,-7,-3,12,13,-2,-3,-4,1,12,9,7,-12,-2,None
0,-2,2,3,-9,-15,-3,-1,-3,1,12,9,7,-12,-2,None
0,0,-3,-3,-6,0,-1,0,-1,1,12,9,7,-12,-2,None
0,1,11,0,8,-1,-1,1,0,1,12,9,7,-12,-2,None
0,-1,8,-3,-8,-2,-2,-2,-2,1,12,9,7,-12,-2,None
0,-1,8,-3,-8,-2,-2,-2,-2,1,12,9,7,-12,-2,None
0,-1,8,-3,-8,-2,-2,-2,-2,1,12,9,7,-12,-2,None
0,1,17,0,10,6,1,-2,-2,1,12,9,7,-12,-2,None
0,1,-5,3,-1,2,0,-2,0,1,12,9,7,-12,-2,None
0,-3,-3,-1,-3,-5,-2,-2,-2,1,12,9,7,-12,-2,None
0,-1,-3,-4,-3,-2,1,-1,-2,1,12,9,7,-12,-2,None
0,-1,-3,-4,-3,-2,1,-1,-2,1,12,9,7,-12,-2,None
0,-1,-3,-4,-3,-2,1,-1,-2,1,12,9,7,-12,-2,None
0,0,5,-5,2,2,-1,-1,-1,1,12,9,7,-12,-2,None
0,1,-1,-3,-8,-7,-1,-1,-1,1,12,9,7,-12,-2,None
0,-2,-5,-3,5,8,-2,-2,-3,1,12,9,7,-12,-2,None
0,2,5,0,-3,-3,-1,-2,0,1,12,9,7,-12,-2,None
0,2,5,0,-3,-3,-1,-2,0,1,12,9,7,-12,-2,None
0,2,5,0,-3,-3,-1,-2,0,1,12,9,7,-12,-2,None
0,-4,-10,-3,10,12,0,-2,-2,1,12,9,7,-12,-2,None
0,0,7,-1,4,1,-1,-2,-1,1,12,9,7,-12,-2,None
0,0,-3,-2,-10,-5,-1,-1,-1,1,12,9,7,-12,-2,None
0,-2,-1,-1,-2,4,0,-1,-3,1,12,9,7,-12,-2,None
0,-2,-1,-1,-2,4,0,-1,-3,1,12,9,7,-12,-2,None
0,-2,-1,-1,-2,4,0,-1,-3,1,12,9,7,-12,-2,None
0,-2,-4,-3,1,0,-3,0,-1,1,12,9,7,-12,-2,None
0,-2,-3,-2,-6,2,-2,-1,-3,1,12,9,7,-12,-2,None
0,-3,15,2,4,4,-3,-3,-2,1,12,9,7,-12,-2,None
0,-2,-23,0,1,-6,0,-1,-1,1,12,9,7,-12,-2,None
0,-2,-23,0,1,-6,0,-1,-1,1,12,9,7,-12,-2,None
0,-2,-23,0,1,-6,0,-1,-1,1,12,9,7,-12,-2,None
0,-1,-2,-3,-7,-4,-2,-1,-2,1,12,9,7,-12,-2,None
0,1,3,-2,0,1,0,-1,0,1,12,9,7,-12,-2,None
0,-3,-6,-2,-4,-6,1,0,-1,1,12,9,7,-12,-2,None
0,-1,4,-3,-2,-4,-2,-1,-1,1,12,9,7,-12,-2,None
0,-1,4,-3,-2,-4,-2,-1,-1,1,12,9,7,-12,-2,None
0,-1,4,-3,-2,-4,-2,-1,-1,1,12,9,7,-12,-2,None
0,0,-2,-4,5,6,0,-1,-3,1,12,9,7,-12,-2,None
0,-4,-2,-1,-7,3,-2,-3,0,1,12,9,7,-12,-2,None
0,3,-3,-1,-1,0,-1,-1,0,1,12,9,7,-12,-2,None
0,-1,3,-1,-2,-3,-1,-1,-2,1,12,9,7,-12,-2,None
0,-1,3,-1,-2,-3,-1,-1,-2,1,12,9,7,-12,-2,None
0,-1,3,-1,-2,-3,-1,-1,-2,1,12,9,7,-12,-2,None
0,-3,1,-3,1,-1,0,0,-2,1,12,9,7,-12,-2,None
0,-3,3,-3,1,-2,-2,-1,-1,1,12,9,7,-12,-2,None
0,-1,-1,-2,2,4,0,-2,0,1,12,9,7,-12,-2,None
0,3,9,-1,0,5,-1,-1,0,1,12,9,7,-12,-2,None
0,3,9,-1,0,5,-1,-1,0,1,12,9,7,-12,-2,None
0,3,9,-1,0,5,-1,-1,0,1,12,9,7,-12,-2,None
0,-7,-14,-3,-6,-5,-2,-1,-1,1,12,9,7,-12,-2,None
0,1,3,-1,-6,-2,-1,0,-2,1,12,9,7,-12,-2,None
0,-1,-1,1,1,5,-3,-2,-2,1,12,9,7,-12,-2,None
0,-5,-5,0,4,-2,0,-1,-2,1,12,9,7,-12,-2,None
0,-5,-5,0,4,-2,0,-1,-2,1,12,9,7,-12,-2,None
0,-5,-5,0,4,-2,0,-1,-2,1,12,9,7,-12,-2,None
0,2,5,-1,-20,3,-1,-2,-1,1,12,9,7,-12,-2,None
0,-1,1,-3,5,-2,0,-2,-1,1,12,9,7,-12,-2,None
0,-3,-4,-3,-3,-1,-1,-2,0,1,12,9,7,-12,-2,None
0,-1,10,-3,0,-7,-2,-1,-1,1,12,9,7,-12,-2,None
0,-1,10,-3,0,-7,-2,-1,-1,1,12,9,7,-12,-2,None
0,-1,10,-3,0,-7,-2,-1,-1,1,12,9,7,-12,-2,None
0,2,5,3,9,3,0,-1,-1,1,12,9,7,-12,-2,None
0,-2,-2,-11,-11,5,0,0,0,1,12,9,7,-12,-2,None
0,-1,2,-1,-8,0,-2,-2,-2,1,12,9,7,-12,-2,None
0,-1,-3,-1,5,-1,0,-2,-1,1,12,9,7,-12,-2,None
0,-1,-3,-1,5,-1,0,-2,-1,1,12,9,7,-12,-2,None
0,-1,-3,-1,5,-1,0,-2,-1,1,12,9,7,-12,-2,None
0,-2,1,-5,5,-2,-1,-1,0,1,12,9,7,-12,-2,None
0,-2,-2,3,1,4,-2,0,-1,1,12,9,7,-12,-2,None
0,-1,0,-3,4,-1,-2,-3,-2,1,12,9,7,-12,-2,None
0,0,2,-3,-7,0,0,0,-1,1,12,9,7,-12,-2,None
0,0,2,-3,-7,0,0,0,-1,1,12,9,7,-12,-2,None
0,0,2,-3,-7,0,0,0,-1,1,12,9,7,-12,-2,None
0,-6,-7,-1,-6,1,-1,-1,1,1,12,9,7,-12,-2,None
0,6,19,2,2,1,1,-2,-1,1,12,9,7,-12,-2,None
0,-3,-1,-1,1,0,0,0,-2,1,12,9,7,-12,-2,None
0,-1,0,2,12,-9,-3,-1,-2,1,12,9,7,-12,-2,None
0,-1,0,2,12,-9,-3,-1,-2,1,12,9,7,-12,-2,None
0,-1,0,2,12,-9,-3,-1,-2,1,12,9,7,-12,-2,None
0,-1,-2,-5,1,15,-1,-3,-2,1,12,9,7,-12,-2,None
