0,-3,-3,-13,-14,28,-16,-57,-6,1,13,8,9,-16,-6,None
0,0,-1,-8,-30,-36,-48,38,0,1,13,8,9,-16,-6,None
0,0,0,0,3,42,45,-14,-2,1,13,8,9,-16,-6,None
0,0,0,0,3,42,45,-14,-2,1,12,8,9,-16,-6,None
0,0,0,0,3,42,45,-14,-2,1,12,8,7,-17,-6,None
0,2,1,1,-15,-25,-9,13,1,1,12,8,7,-17,-6,None
0,1,-2,-20,-30,-98,8,14,2,1,12,8,7,-17,-6,None
0,-3,1,5,14,99,13,-43,-6,1,12,8,7,-17,-6,None
0,0,-5,-16,-31,-32,-14,36,4,1,12,8,7,-17,-6,None
0,0,-5,-16,-31,-32,-14,36,4,1,12,8,7,-17,-6,None
0,0,-5,-16,-31,-32,-14,36,4,1,12,8,5,-18,-6,None
0,0,2,-3,11,-16,14,-19,-3,1,12,8,5,-18,-6,None
0,-2,-3,-8,-7,6,-50,13,1,1,12,8,5,-18,-6,None
0,-3,0,-5,-8,8,60,7,-5,1,12,8,5,-18,-6,None
0,-6,0,9,-13,-74,-28,-59,-5,1,12,8,5,-18,-6,None
0,-6,0,9,-13,-74,-28,-59,-5,0,12,8,5,-18,-6,None
0,-6,0,9,-13,-74,-28,-59,-5,0,12,8,3,-18,-6,None
0,-1,-1,-1,-10,14,-10,56,3,0,12,8,3,-18,-6,None
0,-3,-3,0,1,10,-5,0,-2,0,12,8,3,-18,-6,None
0,-1,0,8,12,16,11,16,0,0,12,8,3,-18,-6,None
0,-3,0,3,-16,8,-17,-16,-8,0,12,8,3,-18,-6,None
0,-3,0,3,-16,8,-17,-16,-8,0,12,8,3,-18,-6,None
0,-3,0,3,-16,8,-17,-16,-8,0,12,8,1,-18,-5,None
0,-3,2,-2,-6,-8,20,-56,-5,0,12,8,1,-18,-5,None
0,3,4,-7,-29,16,1,46,8,0,12,8,1,-18,-5,None
0,-2,1,1,20,-49,-5,14,-3,0,12,8,1,-18,-5,None
0,2,1,-5,-5,31,26,5,3,0,12,8,1,-18,-5,None
0,2,1,-5,-5,31,26,5,3,0,12,8,1,-18,-5,None
0,2,1,-5,-5,31,26,5,3,0,12,8,0,-19,-4,None
0,-6,-3,-2,-1,-64,-42,-16,-7,0,12,8,0,-19,-4,None
0,-2,-1,-5,-37,48,17,1,-2,0,12,8,0,-19,-4,None
0,-1,0,-5,14,-35,0,-38,-4,0,12,8,0,-19,-4,None
0,-1,2,4,26,35,-31,-4,1,0,12,8,0,-19,-4,None
0,-1,2,4,26,35,-31,-4,1,0,12,8,0,-19,-4,None
0,-1,2,4,26,35,-31,-4,1,0,12,8,-1,-18,-4,None
0,2,3,5,3,17,7,47,3,0,12,8,-1,-18,-4,None
0,-3,0,-6,-5,-128,-1,-20,-6,0,12,8,-1,-18,-4,None
0,2,2,2,-5,86,-6,-1,1,0,12,8,-1,-18,-4,None
0,0,0,2,-10,17,16,13,3,0,12,8,-1,-18,-4,None
0,0,0,2,-10,17,16,13,3,17,12,8,-1,-18,-4,None
0,0,0,2,-10,17,16,13,3,17,12,8,-2,-17,-4,None
0,-2,-3,-14,-4,-41,-14,-33,-6,17,12,8,-2,-17,-4,None
0,1,5,6,-2,-56,3,34,4,17,12,8,-2,-17,-4,None
0,-3,-1,5,19,0,-7,-19,-8,17,12,8,-2,-17,-4,None
0,-1,0,-12,-2,-28,-2,-4,-11,17,12,8,-2,-17,-4,None
0,-1,0,-12,-2,-28,-2,-4,-11,17,12,8,-2,-17,-4,None
0,-1,0,-12,-2,-28,-2,-4,-11,17,12,8,-4,-15,-3,None
0,-1,1,0,12,89,9,0,3,17,12,8,-4,-15,-3,None
0,-2,-3,-9,-27,-16,7,6,6,17,12,8,-4,-15,-3,None
0,1,2,-2,-26,-35,15,-4,4,17,12,8,-4,-15,-3,None
0,-2,-1,-4,-16,70,-12,11,-1,17,12,8,-4,-15,-3,None
0,-2,-1,-4,-16,70,-12,11,-1,17,12,8,-4,-15,-3,None
0,-2,-1,-4,-16,70,-12,11,-1,17,12,8,-5,-14,-3,None
0,-2,-1,4,42,25,-10,-10,-10,17,12,8,-5,-14,-3,None
0,-2,1,2,29,-67,0,-9,0,17,12,8,-5,-14,-3,None
0,1,3,-18,-20,-42,10,4,-2,17,12,8,-5,-14,-3,None
0,-6,-9,3,-10,35,-5,0,1,17,12,8,-5,-14,-3,None
0,-6,-9,3,-10,35,-5,0,1,16,12,8,-5,-14,-3,None
0,-6,-9,3,-10,35,-5,0,1,16,12,8,-5,-13,-3,None
0,-1,0,-4,-5,-11,-3,8,2,16,12,8,-5,-13,-3,None
0,-5,0,1,30,77,-18,-26,-25,16,12,8,-5,-13,-3,None
0,0,-1,-1,-27,-21,10,10,24,16,12,8,-5,-13,-3,None
0,-1,7,0,15,-55,-15,-1,2,16,12,8,-5,-13,-3,None
0,-1,7,0,15,-55,-15,-1,2,16,12,8,-5,-13,-3,None
0,-1,7,0,15,-55,-15,-1,2,16,12,8,-6,-12,-3,None
0,-1,-5,-5,6,22,-6,-12,-9,16,12,8,-6,-12,-3,None
0,5,3,-1,20,-50,8,4,1,16,12,8,-6,-12,-3,None
0,0,1,3,27,-59,1,2,-3,16,12,8,-6,-12,-3,None
0,0,2,-2,-32,-9,-7,-4,-3,16,12,8,-6,-12,-3,None
0,0,2,-2,-32,-9,-7,-4,-3,16,12,8,-6,-12,-3,None
0,0,2,-2,-32,-9,-7,-4,-3,16,12,8,-7,-11,-3,None
0,-7,-3,7,60,123,-1,-1,-2,16,12,8,-7,-11,-3,None
0,-1,1,-6,-6,-87,-2,3,8,16,12,8,-7,-11,-3,None
0,-4,2,7,4,127,-9,-8,-8,16,12,8,-7,-11,-3,None
0,6,5,-3,7,86,13,3,7,16,12,8,-7,-11,-3,None
0,6,5,-3,7,86,13,3,7,16,12,7,-7,-11,-3,None
0,6,5,-3,7,86,13,3,7,16,12,7,-7,-10,-3,None
0,-2,-6,-10,-36,-76,-18,-9,-9,16,12,7,-7,-10,-3,None
0,0,0,7,36,-8,5,-3,-1,16,12,7,-7,-10,-3,None
0,2,4,-3,-31,1,1,-1,22,16,12,7,-7,-10,-3,None
0,-3,-4,-5,9,-48,-6,2,-6,16,12,7,-7,-10,-3,None
0,-3,-4,-5,9,-48,-6,2,-6,15,12,7,-7,-10,-3,None
0,-3,-4,-5,9,-48,-6,2,-6,15,12,7,-7,-11,-3,None
0,0,6,-6,-9,-30,9,9,2,15,12,7,-7,-11,-3,None
0,-2,-2,0,11,48,-8,-14,-4,15,12,7,-7,-11,-3,None
0,-19,-8,-15,-4,-12,-6,2,-9,15,12,7,-7,-11,-3,None
0,23,2,1,3,14,0,-11,-2,15,12,7,-7,-11,-3,None
0,23,2,1,3,14,0,-11,-2,15,12,7,-7,-11,-3,None
0,23,2,1,3,14,0,-11,-2,15,12,7,-6,-9,-2,None
0,4,12,-2,9,-60,1,5,8,15,12,7,-6,-9,-2,None
0,3,1,-15,-114,78,4,-1,-7,15,12,7,-6,-9,-2,None
0,-2,2,3,13,61,-5,-5,-12,15,12,7,-6,-9,-2,None
0,-11,-4,-1,16,-8,17,9,4,15,12,7,-6,-9,-2,None
0,-11,-4,-1,16,-8,17,9,4,15,11,7,-6,-9,-2,None
0,-11,-4,-1,16,-8,17,9,4,15,11,7,-5,-8,-2,None
0,-2,-5,-6,-46,40,1,-4,5,15,11,7,-5,-8,-2,None
0,-4,-6,-1,46,23,-4,-6,-9,15,11,7,-5,-8,-2,None
0,4,2,-1,-46,-47,3,3,-11,15,11,7,-5,-8,-2,None
0,-9,1,-3,-10,-16,-12,-7,1,15,11,7,-5,-8,-2,None
0,-9,1,-3,-10,-16,-12,-7,1,15,11,7,-5,-8,-2,None
0,-9,1,-3,-10,-16,-12,-7,1,15,11,7,-6,-8,-1,None
0,4,0,-8,-12,-7,4,-1,6,15,11,7,-6,-8,-1,None
0,-5,3,-2,53,39,10,7,4,15,11,7,-6,-8,-1,None
0,3,-6,-18,-93,-18,-7,-6,5,15,11,7,-6,-8,-1,None
0,-3,2,1,14,-12,-14,-12,-21,15,11,7,-6,-8,-1,None
0,-3,2,1,14,-12,-14,-12,-21,15,11,7,-6,-8,-1,None
0,-3,2,1,14,-12,-14,-12,-21,15,11,7,-6,-8,-1,None
0,-4,0,2,13,-5,12,11,4,15,11,7,-6,-8,-1,None
0,-1,1,-2,-14,5,-15,-4,-1,15,11,7,-6,-8,-1,None
0,3,-1,4,62,9,6,-4,-6,15,11,7,-6,-8,-1,None
0,-1,1,0,-31,-17,-9,-3,3,15,11,7,-6,-8,-1,None
0,-1,1,0,-31,-17,-9,-3,3,15,11,7,-6,-8,-1,None
0,-1,1,0,-31,-17,-9,-3,3,15,11,7,-6,-7,0,None
0,-1,2,-4,-13,13,-4,-3,-13,15,11,7,-6,-7,0,None
0,-4,-2,-10,25,22,10,2,0,15,11,7,-6,-7,0,None
0,2,4,-3,17,-9,-5,-5,3,15,11,7,-6,-7,0,None
0,-2,2,3,-10,-6,2,5,0,15,11,7,-6,-7,0,None
0,-2,2,3,-10,-6,2,5,0,14,11,7,-6,-7,0,None
0,-2,2,3,-10,-6,2,5,0,14,11,7,-6,-8,0,None
0,-3,-9,5,-7,-1,-3,-5,3,14,11,7,-6,-8,0,None
0,0,3,8,-14,14,-1,1,-6,14,11,7,-6,-8,0,None
0,-1,-1,4,11,-13,-2,-2,-5,14,11,7,-6,-8,0,None
0,-2,2,6,33,14,2,0,-1,14,11,7,-6,-8,0,None
0,-2,2,6,33,14,2,0,-1,14,11,7,-6,-8,0,None
0,-2,2,6,33,14,2,0,-1,14,11,7,-6,-6,0,None
0,-1,2,-4,-9,13,-1,-3,-4,14,11,7,-6,-6,0,None
0,-1,-1,-3,-21,-5,-6,-5,-2,14,11,7,-6,-6,0,None
0,3,3,0,-14,-26,0,7,4,14,11,7,-6,-6,0,None
0,0,4,1,-40,12,2,-1,-1,14,11,7,-6,-6,0,None
0,0,4,1,-40,12,2,-1,-1,14,11,7,-6,-6,0,None
0,0,4,1,-40,12,2,-1,-1,14,11,7,-7,-7,0,None
0,-3,-6,1,-11,8,9,-1,1,14,11,7,-7,-7,0,None
0,-1,2,-3,-5,-11,-2,-2,0,14,11,7,-7,-7,0,None
0,-1,2,-2,8,-14,-1,-2,-1,14,11,7,-7,-7,0,None
0,1,4,3,-20,-8,-15,2,0,14,11,7,-7,-7,0,None
0,1,4,3,-20,-8,-15,2,0,14,11,7,-7,-7,0,None
0,1,4,3,-20,-8,-15,2,0,14,11,7,-7,-10,1,None
0,0,0,-10,15,17,11,1,-3,14,11,7,-7,-10,1,None
0,-1,2,3,-20,-15,-2,-1,0,14,11,7,-7,-10,1,None
0,1,-2,-3,-21,8,4,-1,-1,14,11,7,-7,-10,1,None
0,-1,-3,-9,50,-2,5,0,1,14,11,7,-7,-10,1,None
0,-1,-3,-9,50,-2,5,0,1,14,11,7,-7,-10,1,None
0,-1,-3,-9,50,-2,5,0,1,14,11,7,-8,-10,1,None
0,-3,-2,0,0,-12,-25,-6,-3,14,11,7,-8,-10,1,None
0,0,3,8,-13,-21,-6,1,-1,14,11,7,-8,-10,1,None
0,-3,3,4,4,-7,13,-7,-7,14,11,7,-8,-10,1,None
0,-5,-8,-12,37,27,-4,0,-2,14,11,7,-8,-10,1,None
0,-5,-8,-12,37,27,-4,0,-2,15,11,7,-8,-10,1,None
0,-5,-8,-12,37,27,-4,0,-2,15,11,7,-10,-9,1,None
0,1,4,-4,8,-2,9,-1,1,15,11,7,-10,-9,1,None
0,-3,-6,-9,18,10,-4,-3,-3,15,11,7,-10,-9,1,None
0,-1,1,5,25,-10,-11,-2,-3,15,11,7,-10,-9,1,None
0,-1,1,-2,-18,-10,5,-1,-1,15,11,7,-10,-9,1,None
0,-1,1,-2,-18,-10,5,-1,-1,15,11,7,-10,-9,1,None
0,-1,1,-2,-18,-10,5,-1,-1,15,11,7,-11,-8,1,None
0,-3,0,5,-2,-9,-3,-2,-4,15,11,7,-11,-8,1,None
0,-2,-2,-2,35,35,-3,-2,0,15,11,7,-11,-8,1,None
0,-3,-4,-3,-18,7,2,-1,-1,15,11,7,-11,-8,1,None
0,-1,3,0,-21,-31,1,-2,-1,15,11,7,-11,-8,1,None
0,-1,3,0,-21,-31,1,-2,-1,15,11,7,-11,-8,1,None
0,-1,3,0,-21,-31,1,-2,-1,15,11,7,-10,-8,1,None
0,0,3,-3,-6,-14,-6,-2,-1,15,11,7,-10,-8,1,None
0,-4,0,1,-7,-5,-1,-3,-2,15,11,7,-10,-8,1,None
0,-1,-3,-2,10,46,-3,-3,-4,15,11,7,-10,-8,1,None
0,-4,-6,-7,20,-21,-2,-4,-3,15,11,7,-10,-8,1,None
0,-4,-6,-7,20,-21,-2,-4,-3,15,11,7,-10,-8,1,None
0,-4,-6,-7,20,-21,-2,-4,-3,15,11,7,-10,-9,1,None
0,1,2,3,17,-46,-6,-2,-2,15,11,7,-10,-9,1,None
0,0,1,-2,-4,14,5,1,2,15,11,7,-10,-9,1,None
0,-3,-2,-4,49,41,-2,-1,-4,15,11,7,-10,-9,1,None
0,0,4,4,-23,-35,-2,-2,-3,15,11,7,-10,-9,1,None
0,0,4,4,-23,-35,-2,-2,-3,15,11,7,-10,-9,1,None
0,0,4,4,-23,-35,-2,-2,-3,15,11,7,-9,-9,1,None
0,-2,0,1,-26,9,-5,-3,-2,15,11,7,-9,-9,1,None
0,-1,0,-6,11,24,6,1,2,15,11,7,-9,-9,1,None
0,-1,1,0,47,-36,-17,-4,-3,15,11,7,-9,-9,1,None
0,-1,2,-1,-39,47,4,-1,-1,15,11,7,-9,-9,1,None
0,-1,2,-1,-39,47,4,-1,-1,15,11,7,-9,-9,1,None
0,-1,2,-1,-39,47,4,-1,-1,15,11,7,-9,-8,0,None
0,-2,-2,-5,18,3,0,-2,0,15,11,7,-9,-8,0,None
0,0,0,1,-36,4,1,0,-1,15,11,7,-9,-8,0,None
0,-1,0,-12,2,8,-1,-1,-1,15,11,7,-9,-8,0,None
0,-3,-3,-8,22,33,-2,-5,-4,15,11,7,-9,-8,0,None
0,-3,-3,-8,22,33,-2,-5,-4,15,12,7,-9,-8,0,None
0,-3,-3,-8,22,33,-2,-5,-4,15,12,7,-10,-8,0,None
0,2,4,1,-18,-6,-6,-1,0,15,12,7,-10,-8,0,None
0,-2,-2,-5,-4,12,2,-1,-1,15,12,7,-10,-8,0,None
0,-1,0,0,2,-22,0,-3,-2,15,12,7,-10,-8,0,None
0,-2,0,0,7,10,6,4,0,15,12,7,-10,-8,0,None
0,-2,0,0,7,10,6,4,0,15,12,8,-10,-8,0,None
0,-2,0,0,7,10,6,4,0,15,12,8,-9,-7,-1,None
0,0,4,0,-13,3,1,-1,2,15,12,8,-9,-7,-1,None
0,0,0,0,-2,12,-2,0,-1,15,12,8,-9,-7,-1,None
0,-1,2,3,-10,-24,3,-1,-3,15,12,8,-9,-7,-1,None
0,0,1,-4,-13,-23,4,7,3,15,12,8,-9,-7,-1,None
0,0,1,-4,-13,-23,4,7,3,15,12,8,-9,-7,-1,None
0,0,1,-4,-13,-23,4,7,3,15,12,8,-9,-8,-1,None
0,-4,-2,-2,33,51,2,-6,-3,15,12,8,-9,-8,-1,None
0,-1,2,4,3,-13,2,-1,-1,15,12,8,-9,-8,-1,None
0,-1,-1,-4,-9,6,-2,-2,1,15,12,8,-9,-8,-1,None
0,0,3,8,21,-5,-3,-2,-4,15,12,8,-9,-8,-1,None
0,0,3,8,21,-5,-3,-2,-4,15,12,8,-9,-8,-1,None
0,0,3,8,21,-5,-3,-2,-4,15,12,8,-8,-9,-2,None
0,-1,0,-22,-4,-11,-6,0,-2,15,12,8,-8,-9,-2,None
0,-1,0,-7,11,-2,-4,-4,-13,15,12,8,-8,-9,-2,None
0,-1,-3,-5,-27,3,4,0,16,15,12,8,-8,-9,-2,None
0,-3,-3,-4,2,-22,-4,2,-6,15,12,8,-8,-9,-2,None
0,-3,-3,-4,2,-22,-4,2,-6,16,12,8,-8,-9,-2,None
0,-3,-3,-4,2,-22,-4,2,-6,16,12,8,-7,-10,-2,None
0,-2,-3,0,12,6,4,-2,-1,16,12,8,-7,-10,-2,None
0,-1,0,-1,-13,3,-4,-4,-2,16,12,8,-7,-10,-2,None
0,1,-2,-5,0,-3,-5,-5,-16,16,12,8,-7,-10,-2,None
0,-1,1,3,-15,5,-2,-4,13,16,12,8,-7,-10,-2,None
0,-1,1,3,-15,5,-2,-4,13,16,12,8,-7,-10,-2,None
0,-1,1,3,-15,5,-2,-4,13,16,12,8,-6,-10,-4,None
0,1,0,1,41,20,6,5,4,16,12,8,-6,-10,-4,None
0,0,-1,-5,11,-7,0,-5,-6,16,12,8,-6,-10,-4,None
0,-5,-1,0,-37,-20,0,0,8,16,12,8,-6,-10,-4,None
0,0,1,-4,-5,29,-8,-5,-7,16,12,8,-6,-10,-4,None
0,0,1,-4,-5,29,-8,-5,-7,16,12,8,-6,-10,-4,None
0,0,1,-4,-5,29,-8,-5,-7,16,12,8,-7,-10,-5,None
0,-3,-2,-3,-20,5,4,-4,0,16,12,8,-7,-10,-5,None
0,3,3,2,2,-5,5,9,14,16,12,8,-7,-10,-5,None
0,-1,2,11,18,10,-1,6,-7,16,12,8,-7,-10,-5,None
0,-2,-1,-10,6,-4,-2,-5,-11,16,12,8,-7,-10,-5,None
0,-2,-1,-10,6,-4,-2,-5,-11,16,12,8,-7,-10,-5,None
0,-2,-1,-10,6,-4,-2,-5,-11,16,12,8,-6,-11,-5,None
0,0,1,2,-8,-13,-11,-24,19,16,12,8,-6,-11,-5,None
0,-7,-1,-1,-2,6,6,10,-16,16,12,8,-6,-11,-5,None
0,3,1,-6,0,-8,-1,0,-10,16,12,8,-6,-11,-5,None
0,-5,-6,1,2,-28,-4,-5,7,16,12,8,-6,-11,-5,None
0,-5,-6,1,2,-28,-4,-5,7,16,12,8,-6,-11,-5,None
0,-5,-6,1,2,-28,-4,-5,7,16,12,8,-4,-12,-6,None
0,1,5,1,-20,13,-3,7,-4,16,12,8,-4,-12,-6,None
0,-3,-2,-3,5,-3,-5,-20,-9,16,12,8,-4,-12,-6,None
0,-1,1,1,-11,2,-3,-3,-1,16,12,8,-4,-12,-6,None
0,0,1,-1,13,1,6,0,-14,16,12,8,-4,-12,-6,None
0,0,1,-1,13,1,6,0,-14,17,12,8,-4,-12,-6,None
0,0,1,-1,13,1,6,0,-14,17,12,8,-3,-12,-6,None
0,-3,-1,0,-6,8,0,-9,-3,17,12,8,-3,-12,-6,None
0,-3,-2,-7,-24,-10,-4,1,10,17,12,8,-3,-12,-6,None
0,0,5,1,1,3,-4,6,6,17,12,8,-3,-12,-6,None
0,-1,2,0,4,6,4,-6,-3,17,12,8,-3,-12,-6,None
0,-1,2,0,4,6,4,-6,-3,17,12,8,-3,-12,-6,None
0,-1,2,0,4,6,4,-6,-3,17,12,8,-2,-14,-7,None
0,-5,-2,-2,-18,-8,-2,3,-17,17,12,8,-2,-14,-7,None
0,3,5,-1,7,-8,-2,4,3,17,12,8,-2,-14,-7,None
0,-1,-1,-1,-21,4,3,1,6,17,12,8,-2,-14,-7,None
0,-2,-3,-13,21,19,-2,-3,-2,17,12,8,-2,-14,-7,None
0,-2,-3,-13,21,19,-2,-3,-2,17,12,8,-2,-14,-7,None
0,-2,-3,-13,21,19,-2,-3,-2,17,12,8,-2,-15,-8,None
0,2,2,2,-1,-13,-8,-9,3,17,12,8,-2,-15,-8,None
0,2,3,0,-3,-9,-2,0,4,17,12,8,-2,-15,-8,None
0,-4,-3,-7,15,13,-3,-7,-29,17,12,8,-2,-15,-8,None
0,-1,2,4,-18,-3,-2,14,29,17,12,8,-2,-15,-8,None
0,-1,2,4,-18,-3,-2,14,29,17,12,8,-2,-15,-8,None
0,-1,2,4,-18,-3,-2,14,29,17,12,8,0,-14,-9,None
0,2,4,1,-4,-5,0,1,-3,17,12,8,0,-14,-9,None
0,0,-1,-3,14,-6,-2,3,7,17,12,8,0,-14,-9,None
0,-3,-2,-3,2,4,-1,-7,-5,17,12,8,0,-14,-9,None
0,4,2,-1,-23,-6,-1,-4,-12,17,12,8,0,-14,-9,None
0,4,2,-1,-23,-6,-1,-4,-12,17,12,8,0,-14,-9,None
0,4,2,-1,-23,-6,-1,-4,-12,17,12,8,0,-13,-9,None
0,-3,2,-1,3,9,2,5,-12,17,12,8,0,-13,-9,None
0,1,-1,-7,-33,-21,-9,0,19,17,12,8,0,-13,-9,None
0,-1,-2,0,30,9,3,-5,-5,17,12,8,0,-13,-9,None
0,-2,2,3,24,10,2,-3,-5,17,12,8,0,-13,-9,None
0,-2,2,3,24,10,2,-3,-5,0,12,8,0,-13,-9,None
0,-2,2,3,24,10,2,-3,-5,0,12,8,0,-14,-9,None
0,-3,-1,-6,0,-24,-11,-9,-2,0,12,8,0,-14,-9,None
0,0,3,5,2,34,14,7,-21,0,12,8,0,-14,-9,None
0,1,1,-5,17,13,0,5,12,0,12,8,0,-14,-9,None
0,2,4,4,-14,-14,-2,3,3,0,12,8,0,-14,-9,None
0,2,4,4,-14,-14,-2,3,3,0,11,8,0,-14,-9,None
0,2,4,4,-14,-14,-2,3,3,0,11,8,1,-17,-9,None
0,0,-2,-3,-13,-15,0,3,-4,0,11,8,1,-17,-9,None
0,-3,-2,0,3,5,-5,-7,-2,0,11,8,1,-17,-9,None
0,-1,-2,-5,-21,-16,-4,-2,5,0,11,8,1,-17,-9,None
0,-2,-1,-1,-5,10,-3,-3,-7,0,11,8,1,-17,-9,None
0,-2,-1,-1,-5,10,-3,-3,-7,0,11,8,1,-17,-9,None
0,-2,-1,-1,-5,10,-3,-3,-7,0,11,8,1,-15,-10,None
0,0,0,-3,-15,-7,5,2,-4,0,11,8,1,-15,-10,None
0,0,1,0,12,25,-2,-3,-3,0,11,8,1,-15,-10,None
0,-5,-3,-4,-24,-22,-6,-5,-4,0,11,8,1,-15,-10,None
0,-4,-1,-8,-37,6,-3,-6,-6,0,11,8,1,-15,-10,None
0,-4,-1,-8,-37,6,-3,-6,-6,0,11,8,1,-15,-10,None
0,-4,-1,-8,-37,6,-3,-6,-6,0,11,8,0,-14,-10,None
0,-2,-2,-3,37,13,1,3,-8,0,11,8,0,-14,-10,None
0,0,2,0,-6,-8,1,2,10,0,11,8,0,-14,-10,None
0,0,3,3,4,10,-1,1,2,0,11,8,0,-14,-10,None
0,-4,-2,3,18,-15,-3,-5,-3,0,11,8,0,-14,-10,None
0,-4,-2,3,18,-15,-3,-5,-3,0,11,8,0,-14,-10,None
0,-4,-2,3,18,-15,-3,-5,-3,0,11,8,0,-15,-9,None
0,1,0,-9,-8,-2,1,4,1,0,11,8,0,-15,-9,None
0,-3,-2,2,21,1,0,-5,-8,0,11,8,0,-15,-9,None
0,1,1,-3,8,26,-1,-4,-2,0,11,8,0,-15,-9,None
0,1,2,-6,-12,0,1,2,1,0,11,8,0,-15,-9,None
0,1,2,-6,-12,0,1,2,1,0,11,8,0,-15,-9,None
0,1,2,-6,-12,0,1,2,1,0,11,8,0,-16,-8,None
0,0,2,1,-2,4,-6,-1,-1,0,11,8,0,-16,-8,None
0,-2,-2,-7,0,-5,-1,-4,-4,0,11,8,0,-16,-8,None
0,-2,1,0,-13,-12,-2,0,2,0,11,8,0,-16,-8,None
0,-2,0,-3,-11,-8,-2,-2,0,0,11,8,0,-16,-8,None
0,-2,0,-3,-11,-8,-2,-2,0,0,11,8,0,-16,-8,None
0,-2,0,-3,-11,-8,-2,-2,0,0,11,8,0,-15,-7,None
0,-3,0,2,3,1,1,1,2,0,11,8,0,-15,-7,None
0,0,1,-2,-2,-4,0,-2,-3,0,11,8,0,-15,-7,None
0,0,1,0,4,0,-3,-2,-2,0,11,8,0,-15,-7,None
0,-1,-1,1,14,1,-3,-3,-2,0,11,8,0,-15,-7,None
0,-1,-1,1,14,1,-3,-3,-2,0,11,8,0,-15,-7,None
0,-1,-1,1,14,1,-3,-3,-2,0,11,8,0,-14,-6,None
0,-2,0,-3,-2,7,1,-1,-1,0,11,8,0,-14,-6,None
0,-2,0,-1,-14,-12,-4,-5,-3,0,11,8,0,-14,-6,None
0,-1,1,-2,7,15,2,-1,-1,0,11,8,0,-14,-6,None
0,-2,-1,-5,14,10,-2,-2,-2,0,11,8,0,-14,-6,None
0,-2,-1,-5,14,10,-2,-2,-2,0,11,8,0,-14,-6,None
0,-2,-1,-5,14,10,-2,-2,-2,0,11,8,0,-14,-7,None
0,-2,0,-2,-5,0,-3,2,0,0,11,8,0,-14,-7,None
0,0,0,-1,6,-1,1,-3,-2,0,11,8,0,-14,-7,None
0,0,-1,-2,-3,-5,1,-1,-2,0,11,8,0,-14,-7,None
0,-2,1,-2,-1,-3,1,0,-1,0,11,8,0,-14,-7,None
0,-2,1,-2,-1,-3,1,0,-1,0,11,8,0,-14,-7,None
0,-2,1,-2,-1,-3,1,0,-1,0,11,8,1,-13,-7,None
0,0,1,1,-2,-2,-1,1,2,0,11,8,1,-13,-7,None
0,-2,1,-1,4,-4,-3,0,-3,0,11,8,1,-13,-7,None
0,-3,0,-2,-2,-1,-2,-3,-2,0,11,8,1,-13,-7,None
0,-5,-3,-3,-1,1,-5,-1,-2,0,11,8,1,-13,-7,None
0,-5,-3,-3,-1,1,-5,-1,-2,0,12,8,1,-13,-7,None
0,-5,-3,-3,-1,1,-5,-1,-2,0,12,8,2,-12,-7,None
0,0,3,2,7,1,3,-2,2,0,12,8,2,-12,-7,None
0,1,0,-3,-8,0,-3,-2,-2,0,12,8,2,-12,-7,None
0,-2,-1,-2,-2,-2,2,1,4,0,12,8,2,-12,-7,None
0,2,3,4,4,2,-1,-1,-3,0,12,8,2,-12,-7,None
0,2,3,4,4,2,-1,-1,-3,0,12,8,2,-12,-7,None
0,2,3,4,4,2,-1,-1,-3,0,12,8,2,-12,-6,None
0,0,0,5,-9,-3,-5,-1,0,0,12,8,2,-12,-6,None
0,-1,0,5,-13,-1,-5,-2,-2,0,12,8,2,-12,-6,None
0,-5,-2,5,-8,-1,-1,-3,-9,0,12,8,2,-12,-6,None
0,-2,0,3,-8,3,3,0,1,0,12,8,2,-12,-6,None
0,-2,0,3,-8,3,3,0,1,0,12,8,2,-12,-6,None
0,-2,0,3,-8,3,3,0,1,0,12,8,2,-12,-6,None
0,2,1,5,-15,-2,-1,1,0,0,12,8,2,-12,-6,None
0,1,0,8,1,15,1,-3,-1,0,12,8,2,-12,-6,None
0,-1,0,4,-12,-8,-3,-1,-1,0,12,8,2,-12,-6,None
0,-2,0,-5,-13,-3,-2,-3,-2,0,12,8,2,-12,-6,None
0,-2,0,-5,-13,-3,-2,-3,-2,0,12,8,2,-12,-6,None
0,-2,0,-5,-13,-3,-2,-3,-2,0,12,8,2,-12,-6,None
0,0,-1,-15,-19,-4,-3,-1,-1,0,12,8,2,-12,-6,None
0,-3,-2,-19,-7,-7,-10,-4,-2,0,12,8,2,-12,-6,None
0,0,4,-15,-5,0,8,6,3,0,12,8,2,-12,-6,None
0,2,1,-14,37,17,7,-3,0,0,12,8,2,-12,-6,None
0,2,1,-14,37,17,7,-3,0,0,12,8,2,-12,-6,None
0,2,1,-14,37,17,7,-3,0,0,12,8,2,-12,-5,None
0,-2,-2,-14,15,3,1,-2,-3,0,12,8,2,-12,-5,None
0,0,0,-10,38,-10,-7,1,0,0,12,8,2,-12,-5,None
0,3,5,-9,-52,2,-2,-6,1,0,12,8,2,-12,-5,None
0,-3,-2,-9,9,-2,-7,0,-4,0,12,8,2,-12,-5,None
0,-3,-2,-9,9,-2,-7,0,-4,0,12,8,2,-12,-5,None
0,-3,-2,-9,9,-2,-7,0,-4,0,12,8,2,-13,-5,None
0,0,1,-4,28,7,14,2,-6,0,12,8,2,-13,-5,None
0,-1,-2,-6,10,-17,-4,-3,1,0,12,8,2,-13,-5,None
0,0,-2,0,57,28,9,1,-2,0,12,8,2,-13,-5,None
0,2,3,3,32,-9,-6,-2,0,0,12,8,2,-13,-5,None
0,2,3,3,32,-9,-6,-2,0,0,12,8,2,-13,-5,None
0,2,3,3,32,-9,-6,-2,0,0,12,8,3,-12,-5,None
0,0,2,11,45,14,-7,-4,-2,0,12,8,3,-12,-5,None
0,-11,-8,-10,-39,-11,9,2,-12,0,12,8,3,-12,-5,None
0,1,0,4,57,2,-2,-2,-2,0,12,8,3,-12,-5,None
0,-3,-2,1,17,3,-4,-5,-6,0,12,8,3,-12,-5,None
0,-3,-2,1,17,3,-4,-5,-6,0,12,8,3,-12,-5,None
0,-3,-2,1,17,3,-4,-5,-6,0,12,8,3,-12,-5,None
0,0,4,13,18,4,-8,-3,-1,0,12,8,3,-12,-5,None
0,0,3,2,4,-4,5,0,2,0,12,8,3,-12,-5,None
0,-3,-3,-10,75,18,-11,-3,-2,0,12,8,3,-12,-5,None
0,-3,-2,-6,-111,-14,3,-2,-3,0,12,8,3,-12,-5,None
0,-3,-2,-6,-111,-14,3,-2,-3,0,12,8,3,-12,-5,None
0,-3,-2,-6,-111,-14,3,-2,-3,0,12,8,3,-12,-5,None
0,-4,-4,-3,-19,-13,-10,-5,-4,0,12,8,3,-12,-5,None
0,-1,1,4,8,15,-4,2,-5,0,12,8,3,-12,-5,None
0,-2,-1,-2,7,-9,-9,-10,-3,0,12,8,3,-12,-5,None
0,5,5,13,4,-4,12,3,7,0,12,8,3,-12,-5,None
0,5,5,13,4,-4,12,3,7,0,12,8,3,-12,-5,None
0,5,5,13,4,-4,12,3,7,0,12,8,3,-13,-5,None
0,-4,-4,-40,74,31,4,-2,-1,0,12,8,3,-13,-5,None
0,2,4,-13,-128,-55,-10,-9,0,0,12,8,3,-13,-5,None
0,-1,-3,-10,-14,9,-4,1,4,0,12,8,3,-13,-5,None
0,-5,-1,2,-20,13,3,5,-11,0,12,8,3,-13,-5,None
0,-5,-1,2,-20,13,3,5,-11,0,12,8,3,-13,-5,None
0,-5,-1,2,-20,13,3,5,-11,0,12,8,3,-14,-4,None
0,-1,-2,-3,13,14,-5,-3,0,0,12,8,3,-14,-4,None
0,3,2,6,-32,-40,-5,-4,3,0,12,8,3,-14,-4,None
0,-4,-2,-3,-24,-33,0,-3,-4,0,12,8,3,-14,-4,None
0,0,3,11,93,4,-8,-6,0,0,12,8,3,-14,-4,None
0,0,3,11,93,4,-8,-6,0,0,12,8,3,-14,-4,None
0,0,3,11,93,4,-8,-6,0,0,12,8,3,-14,-4,None
0,-2,-5,-21,-121,-21,-4,-8,2,0,12,8,3,-14,-4,None
0,1,2,15,58,73,14,17,3,0,12,8,3,-14,-4,None
0,-2,-4,-26,-43,-24,-9,-1,-3,0,12,8,3,-14,-4,None
0,-2,-1,-6,30,-5,-6,-7,-2,0,12,8,3,-14,-4,None
0,-2,-1,-6,30,-5,-6,-7,-2,0,13,8,3,-14,-4,None
0,-2,-1,-6,30,-5,-6,-7,-2,0,13,8,3,-13,-3,None
0,-5,4,20,4,-13,-3,-13,-9,0,13,8,3,-13,-3,None
0,-2,0,6,76,12,0,1,-4,0,13,8,3,-13,-3,None
0,-1,1,-1,-53,37,1,-6,-1,0,13,8,3,-13,-3,None
0,0,3,6,60,28,5,5,-1,0,13,8,3,-13,-3,None
0,0,3,6,60,28,5,5,-1,1,13,8,3,-13,-3,None
0,0,3,6,60,28,5,5,-1,1,13,8,4,-12,-3,None
0,-1,-1,-10,-33,-20,-5,-3,2,1,13,8,4,-12,-3,None
0,-1,-1,-11,-4,-6,-1,-1,-3,1,13,8,4,-12,-3,None
0,2,3,12,18,3,-8,-1,-1,1,13,8,4,-12,-3,None
0,3,1,-11,-54,-37,11,13,11,1,13,8,4,-12,-3,None
0,3,1,-11,-54,-37,11,13,11,1,13,8,4,-12,-3,None
0,3,1,-11,-54,-37,11,13,11,1,13,8,4,-13,-3,None
0,-2,0,-8,36,44,-6,-8,-3,1,13,8,4,-13,-3,None
0,-2,4,-11,-11,-8,3,0,-3,1,13,8,4,-13,-3,None
0,0,4,13,23,27,3,-3,4,1,13,8,4,-13,-3,None
0,-9,-8,-9,18,35,-10,-12,-10,1,13,8,4,-13,-3,None
0,-9,-8,-9,18,35,-10,-12,-10,1,13,8,4,-13,-3,None
0,-9,-8,-9,18,35,-10,-12,-10,1,13,8,5,-14,-2,None
0,2,3,10,-88,-80,9,18,0,1,13,8,5,-14,-2,None
0,0,1,0,14,18,-1,-5,1,1,13,8,5,-14,-2,None
0,-3,1,0,23,-4,4,-2,-3,1,13,8,5,-14,-2,None
0,-1,2,-4,-9,-15,-11,-9,-2,1,13,8,5,-14,-2,None
0,-1,2,-4,-9,-15,-11,-9,-2,1,13,8,5,-14,-2,None
0,-1,2,-4,-9,-15,-11,-9,-2,1,13,8,5,-14,-2,None
0,0,2,18,36,34,11,9,-5,1,13,8,5,-14,-2,None
0,-4,-5,-13,-20,-8,-5,-2,-3,1,13,8,5,-14,-2,None
0,-2,-1,1,-37,-2,-5,-2,-2,1,13,8,5,-14,-2,None
0,1,0,-3,-69,-34,-10,-12,3,1,13,8,5,-14,-2,None
0,1,0,-3,-69,-34,-10,-12,3,1,13,8,5,-14,-2,None
0,1,0,-3,-69,-34,-10,-12,3,1,13,8,5,-14,-2,None
0,-2,0,4,1,-2,5,7,2,1,13,8,5,-14,-2,None
0,4,4,4,5,11,3,2,4,1,13,8,5,-14,-2,None
0,-6,-2,-5,-30,-8,0,-1,-6,1,13,8,5,-14,-2,None
0,4,3,2,64,30,6,2,-1,1,13,8,5,-14,-2,None
0,4,3,2,64,30,6,2,-1,1,13,8,5,-14,-2,None
0,4,3,2,64,30,6,2,-1,1,13,8,5,-13,-1,None
0,-1,1,-1,-10,63,0,-3,-5,1,13,8,5,-13,-1,None
0,-8,-9,-29,-75,-51,-17,-8,-7,1,13,8,5,-13,-1,None
0,1,1,3,18,-53,-2,-1,4,1,13,8,5,-13,-1,None
0,0,3,1,30,31,0,4,1,1,13,8,5,-13,-1,None
0,0,3,1,30,31,0,4,1,1,13,8,5,-13,-1,None
0,0,3,1,30,31,0,4,1,1,13,8,6,-13,-1,None
0,0,1,-2,0,-63,-10,-5,-1,1,13,8,6,-13,-1,None
0,-2,1,9,5,-36,1,-8,-3,1,13,8,6,-13,-1,None
0,3,2,3,14,43,0,-3,0,1,13,8,6,-13,-1,None
0,-2,1,-7,-91,-40,4,6,-3,1,13,8,6,-13,-1,None
0,-2,1,-7,-91,-40,4,6,-3,1,13,8,6,-13,-1,None
0,-2,1,-7,-91,-40,4,6,-3,1,13,8,6,-13,-1,None
0,-2,-1,-3,42,-4,-4,-4,-1,1,13,8,6,-13,-1,None
0,1,1,1,-64,-4,-1,-1,2,1,13,8,6,-13,-1,None
0,-3,0,-7,-7,-31,-2,-1,-7,1,13,8,6,-13,-1,None
0,1,1,3,-14,-4,2,-1,5,1,13,8,6,-13,-1,None
0,1,1,3,-14,-4,2,-1,5,1,13,8,6,-13,-1,None
0,1,1,3,-14,-4,2,-1,5,1,13,8,7,-13,-1,None
0,-2,2,-1,10,25,7,4,-4,1,13,8,7,-13,-1,None
0,0,2,2,38,11,1,-1,-1,1,13,8,7,-13,-1,None
0,6,6,16,94,41,3,-6,7,1,13,8,7,-13,-1,None
0,-8,-8,-18,4,17,-1,1,-6,1,13,8,7,-13,-1,None
0,-8,-8,-18,4,17,-1,1,-6,1,13,8,7,-13,-1,None
0,-8,-8,-18,4,17,-1,1,-6,1,13,8,7,-13,-1,None
0,3,1,-1,8,-16,-3,-1,4,1,13,8,7,-13,-1,None
0,-4,-2,-2,8,4,0,1,4,1,13,8,7,-13,-1,None
0,-2,0,-1,22,72,1,5,-4,1,13,8,7,-13,-1,None
0,-1,2,-3,5,-13,-5,-4,-1,1,13,8,7,-13,-1,None
0,-1,2,-3,5,-13,-5,-4,-1,1,13,8,7,-13,-1,None
0,-1,2,-3,5,-13,-5,-4,-1,1,13,8,7,-16,-1,None
0,-2,-2,-5,-6,-15,1,0,-1,1,13,8,7,-16,-1,None
0,2,1,1,28,14,-1,-8,1,1,13,8,7,-16,-1,None
0,0,2,-5,-30,-17,-1,1,0,1,13,8,7,-16,-1,None
0,1,5,0,-14,-65,-6,-2,-3,1,13,8,7,-16,-1,None
0,1,5,0,-14,-65,-6,-2,-3,1,13,8,7,-16,-1,None
0,1,5,0,-14,-65,-6,-2,-3,1,13,8,8,-17,-1,None
0,-3,-1,-4,6,15,-2,0,-1,1,13,8,8,-17,-1,None
0,-5,-2,-4,-30,16,-3,-4,-6,1,13,8,8,-17,-1,None
0,2,-3,-3,-21,-24,1,2,-4,1,13,8,8,-17,-1,None
0,-5,-3,2,11,16,-1,-2,-11,1,13,8,8,-17,-1,None
0,-5,-3,2,11,16,-1,-2,-11,1,13,8,8,-17,-1,None
0,-5,-3,2,11,16,-1,-2,-11,1,13,8,6,-12,-1,None
0,0,3,6,4,-19,1,-3,3,1,13,8,6,-12,-1,None
0,0,1,2,15,7,-2,-1,2,1,13,8,6,-12,-1,None
0,-4,1,-2,-7,-16,0,2,-2,1,13,8,6,-12,-1,None
0,-3,0,-1,-7,2,-6,-5,-4,1,13,8,6,-12,-1,None
0,-3,0,-1,-7,2,-6,-5,-4,1,13,8,6,-12,-1,None
0,-3,0,-1,-7,2,-6,-5,-4,1,13,8,6,-11,-1,None
0,0,0,-3,-14,16,-2,-1,-2,1,13,8,6,-11,-1,None
0,0,1,2,25,17,1,4,-4,1,13,8,6,-11,-1,None
0,-2,-1,-3,-31,-4,0,1,-1,1,13,8,6,-11,-1,None
0,3,11,6,42,26,0,-3,-1,1,13,8,6,-11,-1,None
0,3,11,6,42,26,0,-3,-1,1,13,8,6,-11,-1,None
0,3,11,6,42,26,0,-3,-1,1,13,8,8,-13,0,None
0,-7,-22,-9,-85,-11,-6,-3,-2,1,13,8,8,-13,0,None
0,-1,0,-8,29,-4,1,-1,-1,1,13,8,8,-13,0,None
0,-1,1,-2,3,-3,0,-1,-1,1,13,8,8,-13,0,None
0,-2,-6,-1,7,5,1,2,1,1,13,8,8,-13,0,None
0,-2,-6,-1,7,5,1,2,1,1,13,8,8,-13,0,None
0,-2,-6,-1,7,5,1,2,1,1,13,8,8,-12,-1,None
0,0,7,1,30,9,-1,-2,1,1,13,8,8,-12,-1,None
0,-1,0,2,20,8,1,3,-2,1,13,8,8,-12,-1,None
0,-2,-4,-6,-22,-27,-5,-3,-2,1,13,8,8,-12,-1,None
0,-1,5,-3,-12,5,1,-2,0,1,13,8,8,-12,-1,None
0,-1,5,-3,-12,5,1,-2,0,1,13,8,8,-12,-1,None
0,-1,5,-3,-12,5,1,-2,0,1,13,8,8,-12,-1,None
0,0,3,-2,6,15,-1,-2,-4,1,13,8,8,-12,-1,None
0,-2,0,3,19,12,0,-2,-1,1,13,8,8,-12,-1,None
0,3,8,-7,13,0,-1,0,-1,1,13,8,8,-12,-1,None
0,-3,-5,5,4,-3,-2,-2,-3,1,13,8,8,-12,-1,None
0,-3,-5,5,4,-3,-2,-2,-3,1,13,8,8,-12,-1,None
0,-3,-5,5,4,-3,-2,-2,-3,1,13,8,8,-12,-1,None
0,5,17,-4,2,18,-4,-4,-2,1,13,8,8,-12,-1,None
0,-8,-37,-5,-11,5,-2,-3,-3,1,13,8,8,-12,-1,None
0,1,1,2,-11,-9,-2,-2,-3,1,13,8,8,-12,-1,None
0,-2,-1,-6,-7,-1,-3,-5,3,1,13,8,8,-12,-1,None
0,-2,-1,-6,-7,-1,-3,-5,3,1,13,8,8,-12,-1,None
0,-2,-1,-6,-7,-1,-3,-5,3,1,13,8,8,-12,-1,None
0,-2,0,-1,9,-2,3,3,-2,1,13,8,8,-12,-1,None
0,3,13,-1,7,-1,-3,-2,-1,1,13,8,8,-12,-1,None
0,-4,3,4,0,-7,2,-1,-4,1,13,8,8,-12,-1,None
0,-1,-6,-12,-8,12,0,-1,1,1,13,8,8,-12,-1,None
0,-1,-6,-12,-8,12,0,-1,1,1,13,8,8,-12,-1,None
0,-1,-6,-12,-8,12,0,-1,1,1,13,8,7,-12,-1,None
0,-3,1,2,4,0,-1,-2,-1,1,13,8,7,-12,-1,None
0,1,9,-3,-15,4,-1,-1,-3,1,13,8,7,-12,-1,None
0,-2,-3,1,-2,-9,0,0,-1,1,13,8,7,-12,-1,None
0,1,5,-1,-5,5,-1,-2,-2,1,13,8,7,-12,-1,None
0,1,5,-1,-5,5,-1,-2,-2,1,13,8,7,-12,-1,None
0,1,5,-1,-5,5,-1,-2,-2,1,13,8,7,-12,-1,None
0,-1,-2,-1,-5,-9,-3,-2,0,1,13,8,7,-12,-1,None
0,0,4,-2,37,25,-1,-2,2,1,13,8,7,-12,-1,None
0,-1,-2,-1,-22,-2,0,2,-2,1,13,8,7,-12,-1,None
0,1,-1,-2,-11,0,-1,-2,-3,1,13,8,7,-12,-1,None
0,1,-1,-2,-11,0,-1,-2,-3,1,13,8,7,-12,-1,None
0,1,-1,-2,-11,0,-1,-2,-3,1,13,8,8,-12,-1,None
0,-2,0,-4,17,3,-3,-2,-2,1,13,8,8,-12,-1,None
0,0,2,1,-1,-7,-1,-2,-1,1,13,8,8,-12,-1,None
0,0,1,-3,16,-1,-2,-2,0,1,13,8,8,-12,-1,None
0,-3,-1,-2,-2,6,0,1,-2,1,13,8,8,-12,-1,None
0,-3,-1,-2,-2,6,0,1,-2,1,13,8,8,-12,-1,None
0,-3,-1,-2,-2,6,0,1,-2,1,13,8,7,-12,-1,None
0,6,9,3,6,-2,-1,0,0,1,13,8,7,-12,-1,None
0,-2,-28,-5,-35,-26,0,0,-1,1,13,8,7,-12,-1,None
0,0,3,-2,14,27,-4,-2,-1,1,13,8,7,-12,-1,None
0,-1,4,-9,-20,1,3,0,-4,1,13,8,7,-12,-1,None
0,-1,4,-9,-20,1,3,0,-4,1,13,8,7,-12,-1,None
0,-1,4,-9,-20,1,3,0,-4,1,13,8,8,-12,-1,None
0,-8,-17,-2,5,-5,-1,-4,-2,1,13,8,8,-12,-1,None
0,5,17,3,2,7,0,0,-2,1,13,8,8,-12,-1,None
0,-1,-1,-4,2,-4,0,-2,0,1,13,8,8,-12,-1,None
0,0,-2,1,3,-7,-5,-2,0,1,13,8,8,-12,-1,None
0,0,-2,1,3,-7,-5,-2,0,1,13,8,8,-12,-1,None
0,0,-2,1,3,-7,-5,-2,0,1,13,8,7,-12,-1,None
0,0,3,-3,0,4,0,-2,-2,1,13,8,7,-12,-1,None
0,-2,6,0,7,5,0,0,-1,1,13,8,7,-12,-1,None
0,-2,-3,-4,-13,-5,-1,-1,-1,1,13,8,7,-12,-1,None
0,0,3,-3,-9,10,-3,-2,-1,1,13,8,7,-12,-1,None
0,0,3,-3,-9,10,-3,-2,-1,1,13,8,7,-12,-1,None
0,0,3,-3,-9,10,-3,-2,-1,1,13,8,8,-12,-1,None
0,-1,0,2,14,-5,-2,-3,-2,1,13,8,8,-12,-1,None
0,-4,3,-3,-14,0,0,-1,-3,1,13,8,8,-12,-1,None
0,-1,1,2,-9,0,0,1,-2,1,13,8,8,-12,-1,None
0,1,-1,1,5,-1,0,-1,0,1,13,8,8,-12,-1,None
0,1,-1,1,5,-1,0,-1,0,1,13,8,8,-12,-1,None
0,1,-1,1,5,-1,0,-1,0,1,13,8,7,-12,-1,None
0,-2,1,-2,0,-3,-1,-1,-2,1,13,8,7,-12,-1,None
0,-3,5,-1,3,2,-1,-3,-2,1,13,8,7,-12,-1,None
0,-1,1,-2,1,-2,0,-1,-1,1,13,8,7,-12,-1,None
0,-2,-2,1,-1,-5,-2,-1,-1,1,13,8,7,-12,-1,None
0,-2,-2,1,-1,-5,-2,-1,-1,1,13,8,7,-12,-1,None
0,-2,-2,1,-1,-5,-2,-1,-1,1,13,8,7,-12,-1,None
0,-2,-2,-3,-8,-3,-2,-2,-1,1,13,8,7,-12,-1,None
0,0,6,0,7,7,-1,-2,-3,1,13,8,7,-12,-1,None
0,-3,-5,-5,-2,-3,-2,-2,-3,1,13,8,7,-12,-1,None
0,1,6,1,3,-6,-1,1,0,1,13,8,7,-12,-1,None
0,1,6,1,3,-6,-1,1,0,1,13,8,7,-12,-1,None
0,1,6,1,3,-6,-1,1,0,1,13,8,7,-12,-1,None
0,-7,-25,-3,10,7,-1,-2,-2,1,13,8,7,-12,-1,None
0,-2,1,0,-2,-1,-3,-4,-4,1,13,8,7,-12,-1,None
0,-2,11,-2,-2,1,1,-2,-2,1,13,8,7,-12,-1,None
0,-5,-31,-1,4,-4,-1,0,0,1,13,8,7,-12,-1,None
0,-5,-31,-1,4,-4,-1,0,0,1,13,8,7,-12,-1,None
0,-5,-31,-1,4,-4,-1,0,0,1,13,8,7,-12,-1,None
0,1,8,-2,1,0,0,1,-1,1,13,8,7,-12,-1,None
0,-1,2,-2,-3,-1,-1,0,1,1,13,8,7,-12,-1,None
0,-2,-6,-2,1,-3,-3,-3,-1,1,13,8,7,-12,-1,None
0,0,12,-1,-1,2,-1,-2,-2,1,13,8,7,-12,-1,None
0,0,12,-1,-1,2,-1,-2,-2,1,13,8,7,-12,-1,None
0,0,12,-1,-1,2,-1,-2,-2,1,13,8,8,-12,-1,None
0,-1,6,-2,-13,-2,-1,0,-2,1,13,8,8,-12,-1,None
0,-1,-3,-2,3,5,-2,0,-2,1,13,8,8,-12,-1,None
0,1,4,-3,-4,-1,0,-2,-1,1,13,8,8,-12,-1,None
0,-4,3,-4,-1,1,-4,-5,-4,1,13,8,8,-12,-1,None
0,-4,3,-4,-1,1,-4,-5,-4,1,13,8,8,-12,-1,None
0,-4,3,-4,-1,1,-4,-5,-4,1,13,8,8,-12,-1,None
0,0,7,-2,-2,-2,0,2,0,1,13,8,8,-12,-1,None
0,-4,-2,0,-9,-1,-1,-4,-2,1,13,8,8,-12,-1,None
0,1,-2,-4,-9,3,0,0,-1,1,13,8,8,-12,-1,None
0,-2,1,-1,0,0,-1,-2,0,1,13,8,8,-12,-1,None
0,-2,1,-1,0,0,-1,-2,0,1,13,8,8,-12,-1,None
0,-2,1,-1,0,0,-1,-2,0,1,13,8,7,-12,-1,None
0,0,0,-5,1,-1,-2,-2,-2,1,13,8,7,-12,-1,None
0,1,7,-2,14,0,0,1,-2,1,13,8,7,-12,-1,None
0,-2,-3,-1,2,-2,-1,-1,-1,1,13,8,7,-12,-1,None
0,-1,-1,-3,-4,-2,0,-1,0,1,13,8,7,-12,-1,None
0,-1,-1,-3,-4,-2,0,-1,0,1,13,8,7,-12,-1,None
0,-1,-1,-3,-4,-2,0,-1,0,1,13,8,7,-12,-1,None
0,-1,4,0,-1,-1,-1,-1,-2,1,13,8,7,-12,-1,None
0,-1,0,-2,-1,6,1,-1,-2,1,13,8,7,-12,-1,None
0,-4,-2,-3,-1,0,-2,-3,0,1,13,8,7,-12,-1,None
0,4,10,-1,0,2,0,0,-5,1,13,8,7,-12,-1,None
0,4,10,-1,0,2,0,0,-5,1,13,8,7,-12,-1,None
0,4,10,-1,0,2,0,0,-5,1,13,8,7,-12,-1,None
0,-10,-13,-2,-2,0,-1,-2,-1,1,13,8,7,-12,-1,None
0,-2,0,0,-1,3,-2,-1,-1,1,13,8,7,-12,-1,None
0,0,-1,-1,-6,-9,-1,-1,-1,1,13,8,7,-12,-1,None
0,-2,-2,-4,3,6,-2,0,-1,1,13,8,7,-12,-1,None
0,-2,-2,-4,3,6,-2,0,-1,1,13,8,7,-12,-1,None
0,-2,-2,-4,3,6,-2,0,-1,1,13,8,7,-12,-1,None
0,1,6,-2,-6,3,-2,-3,-2,1,13,8,7,-12,-1,None
0,0,1,-1,-1,-1,-2,-1,0,1,13,8,7,-12,-1,None
0,-3,1,-3,-1,-3,1,0,0,1,13,8,7,-12,-1,None
0,-1,6,0,3,-3,0,-1,0,1,13,8,7,-12,-1,None
0,-1,6,0,3,-3,0,-1,0,1,13,8,7,-12,-1,None
0,-1,6,0,3,-3,0,-1,0,1,13,8,8,-12,-1,None
0,1,1,-1,-1,-2,0,-2,-1,1,13,8,8,-12,-1,None
0,-3,0,-2,-1,4,0,-2,-1,1,13,8,8,-12,-1,None
0,2,3,0,3,2,-2,-1,-3,1,13,8,8,-12,-1,None
0,-1,-1,-2,-2,0,-1,-2,-2,1,13,8,8,-12,-1,None
0,-1,-1,-2,-2,0,-1,-2,-2,1,13,8,8,-12,-1,None
0,-1,-1,-2,-2,0,-1,-2,-2,1,13,8,8,-12,-1,None
0,1,3,5,2,5,-1,-2,-1,1,13,8,8,-12,-1,None
0,-1,-5,-14,13,13,-2,-2,-1,1,13,8,8,-12,-1,None
0,-2,3,-4,-6,4,-4,-3,-6,1,13,8,8,-12,-1,None
0,-1,-9,-3,7,5,0,0,-1,1,13,8,8,-12,-1,None
0,-1,-9,-3,7,5,0,0,-1,1,13,8,8,-12,-1,None
0,-1,-9,-3,7,5,0,0,-1,1,13,8,8,-12,-1,None
0,-2,14,1,1,-2,-3,-1,-2,1,13,8,8,-12,-1,None
0,0,4,2,1,-1,2,-1,0,1,13,8,8,-12,-1,None
0,0,0,0,0,-11,-1,-1,-2,1,13,8,8,-12,-1,None
0,-3,-1,-3,0,5,-3,-2,0,1,13,8,8,-12,-1,None
0,-3,-1,-3,0,5,-3,-2,0,1,13,8,8,-12,-1,None
0,-3,-1,-3,0,5,-3,-2,0,1,13,8,7,-12,-2,None
0,-3,1,-4,-3,-5,-3,-2,0,1,13,8,7,-12,-2,None
0,6,12,2,0,-4,-3,-1,-2,1,13,8,7,-12,-2,None
0,-10,-5,-4,1,-1,1,0,0,1,13,8,7,-12,-2,None
0,-1,1,0,-14,2,0,-1,-1,1,13,8,7,-12,-2,None
0,-1,1,0,-14,2,0,-1,-1,1,13,8,7,-12,-2,None
0,-1,1,0,-14,2,0,-1,-1,1,13,8,7,-12,-2,None
0,3,7,-4,-4,-5,0,0,0,1,13,8,7,-12,-2,None
0,-8,-30,-4,-6,-5,-2,-3,-3,1,13,8,7,-12,-2,None
0,0,-1,0,2,2,0,-2,0,1,13,8,7,-12,-2,None
0,-2,1,0,1,-4,0,-2,-2,1,13,8,7,-12,-2,None
0,-2,1,0,1,-4,0,-2,-2,1,13,8,7,-12,-2,None
0,-2,1,0,1,-4,0,-2,-2,1,13,8,7,-12,-2,None
0,-1,-1,-3,3,7,0,-2,-2,1,13,8,7,-12,-2,None
0,-1,6,-2,-5,-2,0,0,-1,1,13,8,7,-12,-2,None
0,0,-2,-3,-11,-7,-4,-3,-1,1,13,8,7,-12,-2,None
0,-3,-1,-4,11,10,3,1,0,1,13,8,7,-12,-2,None
0,-3,-1,-4,11,10,3,1,0,1,13,8,7,-12,-2,None
0,-3,-1,-4,11,10,3,1,0,1,13,8,7,-12,-2,None
0,0,-2,-1,-1,3,0,-2,0,1,13,8,7,-12,-2,None
0,-1,0,-1,-1,-4,-1,0,-5,1,13,8,7,-12,-2,None
0,0,-3,-1,1,-1,-2,-2,-1,1,13,8,7,-12,-2,None
0,0,9,0,-1,-4,-3,-2,-1,1,13,8,7,-12,-2,None
0,0,9,0,-1,-4,-3,-2,-1,1,13,8,7,-12,-2,None
0,0,9,0,-1,-4,-3,-2,-1,1,13,8,7,-12,-2,None
0,0,-2,-3,-4,-1,-2,-1,-1,1,13,8,7,-12,-2,None
0,-2,3,-2,-1,-1,-2,0,-1,1,13,8,7,-12,-2,None
0,0,2,-3,6,10,-2,-1,-2,1,13,8,7,-12,-2,None
0,-1,-2,-2,-6,-3,-1,-2,-2,1,13,8,7,-12,-2,None
0,-1,-2,-2,-6,-3,-1,-2,-2,1,13,8,7,-12,-2,None
0,-1,-2,-2,-6,-3,-1,-2,-2,1,13,8,7,-12,-1,None
0,1,-1,-1,3,-11,-1,0,-1,1,13,8,7,-12,-1,None
0,-5,-7,-2,-8,2,0,-2,-2,1,13,8,7,-12,-1,None
0,-2,4,2,10,35,1,0,0,1,13,8,7,-12,-1,None
0,-3,0,-1,-4,-12,0,-1,-1,1,13,8,7,-12,-1,None
0,-3,0,-1,-4,-12,0,-1,-1,1,13,8,7,-12,-1,None
0,-3,0,-1,-4,-12,0,-1,-1,1,13,8,7,-12,-1,None
0,-4,-2,1,-4,-3,-3,-2,-3,1,13,8,7,-12,-1,None
0,1,6,-1,-1,-4,1,0,1,1,13,8,7,-12,-1,None
0,-2,1,0,7,-2,0,-1,-1,1,13,8,7,-12,-1,None
0,0,-1,-2,1,0,-2,-1,-1,1,13,8,7,-12,-1,None
0,0,-1,-2,1,0,-2,-1,-1,1,13,8,7,-12,-1,None
0,0,-1,-2,1,0,-2,-1,-1,1,13,8,7,-12,-2,None
0,-1,-3,-4,-2,4,-1,0,-2,1,13,8,7,-12,-2,None
0,0,4,-2,1,3,-2,-2,0,1,13,8,7,-12,-2,None
0,-1,-2,-5,-3,-2,-2,-2,-2,1,13,8,7,-12,-2,None
0,-2,-1,-1,-3,1,-2,-2,-1,1,13,8,7,-12,-2,None
0,-2,-1,-1,-3,1,-2,-2,-1,1,13,8,7,-12,-2,None
0,-2,-1,-1,-3,1,-2,-2,-1,1,13,8,7,-12,-1,None
0,0,1,-3,-5,-4,-2,-3,-3,1,13,8,7,-12,-1,None
0,3,13,-2,12,17,1,0,2,1,13,8,7,-12,-1,None
0,-5,-33,-3,-26,-13,-3,-3,-6,1,13,8,7,-12,-1,None
0,-1,-1,-7,0,4,-2,-3,-2,1,13,8,7,-12,-1,None
0,-1,-1,-7,0,4,-2,-3,-2,1,13,8,7,-12,-1,None
0,-1,-1,-7,0,4,-2,-3,-2,1,13,8,7,-12,-1,None
0,-3,-3,1,2,4,2,0,-1,1,13,8,7,-12,-1,None
0,-1,-6,-2,0,-3,0,-2,-2,1,13,8,7,-12,-1,None
0,3,12,0,0,-5,1,2,1,1,13,8,7,-12,-1,None
0,-1,0,0,2,1,-2,-1,0,1,13,8,7,-12,-1,None
0,-1,0,0,2,1,-2,-1,0,1,13,8,7,-12,-1,None
0,-1,0,0,2,1,-2,-1,0,1,13,8,8,-12,-2,None
0,0,-5,-5,-5,-1,-2,-2,-2,1,13,8,8,-12,-2,None
0,-1,7,-1,-2,-2,-2,-2,-2,1,13,8,8,-12,-2,None
0,0,5,-2,7,0,-3,-2,-1,1,13,8,8,-12,-2,None
0,-1,0,0,-5,-1,-2,-2,-2,1,13,8,8,-12,-2,None
0,-1,0,0,-5,-1,-2,-2,-2,1,13,8,8,-12,-2,None
0,-1,0,0,-5,-1,-2,-2,-2,1,13,8,7,-12,-2,None
0,-1,5,-4,4,3,-1,-2,-1,1,13,8,7,-12,-2,None
0,-2,1,-1,-4,-5,-2,-1,-3,1,13,8,7,-12,-2,None
0,-1,4,-2,3,2,1,-1,-3,1,13,8,7,-12,-2,None
0,2,-8,-1,-1,-1,-1,-1,-2,1,13,8,7,-12,-2,None
0,2,-8,-1,-1,-1,-1,-1,-2,1,13,8,7,-12,-2,None
0,2,-8,-1,-1,-1,-1,-1,-2,1,13,8,7,-12,-1,None
0,0,16,0,14,-1,1,-2,-1,1,13,8,7,-12,-1,None
0,-4,-5,-7,-15,-3,-3,2,1,1,13,8,7,-12,-1,None
0,-2,0,1,4,2,-1,-4,-5,1,13,8,7,-12,-1,None
0,-1,7,-1,4,-3,-2,-1,-1,1,13,8,7,-12,-1,None
0,-1,7,-1,4,-3,-2,-1,-1,1,13,8,7,-12,-1,None
0,-1,7,-1,4,-3,-2,-1,-1,1,13,8,7,-12,-1,None
0,-2,-3,-4,-1,0,-1,-2,-2,1,13,8,7,-12,-1,None
0,1,-1,1,4,-3,0,-2,-1,1,13,8,7,-12,-1,None
0,-1,7,-4,0,-2,0,0,1,1,13,8,7,-12,-1,None
0,-3,-1,-4,-3,-3,-1,-1,-2,1,13,8,7,-12,-1,None
0,-3,-1,-4,-3,-3,-1,-1,-2,1,13,8,7,-12,-1,None
0,-3,-1,-4,-3,-3,-1,-1,-2,1,13,8,7,-12,-1,None
0,0,-3,-1,0,4,-2,-1,-2,1,13,8,7,-12,-1,None
0,-3,-1,-2,0,1,0,-3,-1,1,13,8,7,-12,-1,None
0,0,0,-1,-4,1,0,-2,0,1,13,8,7,-12,-1,None
0,-2,0,0,0,2,-1,-2,-1,1,13,8,7,-12,-1,None
0,-2,0,0,0,2,-1,-2,-1,1,13,8,7,-12,-1,None
0,-2,0,0,0,2,-1,-2,-1,1,13,8,8,-12,-1,None
0,-2,-1,-2,-10,2,-1,-2,-1,1,13,8,8,-12,-1,None
0,-2,15,-2,-7,-3,1,3,-2,1,13,8,8,-12,-1,None
0,2,-21,3,26,4,-2,-2,-1,1,13,8,8,-12,-1,None
0,-3,1,-4,-4,9,-2,-3,-2,1,13,8,8,-12,-1,None
0,-3,1,-4,-4,9,-2,-3,-2,1,13,8,8,-12,-1,None
0,-3,1,-4,-4,9,-2,-3,-2,1,13,8,8,-12,-1,None
0,-2,-2,-4,-7,-5,1,-1,-2,1,13,8,8,-12,-1,None
0,-2,-1,-2,3,0,-1,-2,-3,1,13,8,8,-12,-1,None
0,-2,9,-1,1,-6,-1,0,0,1,13,8,8,-12,-1,None
0,0,0,-2,0,-3,0,0,0,1,13,8,8,-12,-1,None
0,0,0,-2,0,-3,0,0,0,1,13,8,8,-12,-1,None
0,0,0,-2,0,-3,0,0,0,1,13,8,8,-12,-2,None
0,-2,-4,0,-3,5,-2,-2,-2,1,13,8,8,-12,-2,None
0,-1,-2,0,2,2,-2,-4,-2,1,13,8,8,-12,-2,None
0,-2,1,0,-5,-2,-1,-1,-1,1,13,8,8,-12,-2,None
0,2,3,-14,5,4,2,0,0,1,13,8,8,-12,-2,None
0,2,3,-14,5,4,2,0,0,1,13,8,8,-12,-2,None
0,2,3,-14,5,4,2,0,0,1,13,8,7,-12,-2,None
0,-1,1,0,-7,-5,-1,-2,-5,1,13,8,7,-12,-2,None
0,0,21,0,-15,-4,-1,-2,-2,1,13,8,7,-12,-2,None
0,0,1,-4,-4,-1,-3,-2,-1,1,13,8,7,-12,-2,None
0,-3,1,2,1,8,-2,0,0,1,13,8,7,-12,-2,None
0,-3,1,2,1,8,-2,0,0,1,13,8,7,-12,-2,None
0,-3,1,2,1,8,-2,0,0,1,13,8,7,-12,-1,None
0,-3,-3,-3,6,-6,-2,1,1,1,13,8,7,-12,-1,None
0,0,-1,-2,5,1,-3,-3,-1,1,13,8,7,-12,-1,None
0,-1,3,-4,-9,0,-1,-2,-1,1,13,8,7,-12,-1,None
0,-1,-1,1,3,-2,0,0,-2,1,13,8,7,-12,-1,None
0,-1,-1,1,3,-2,0,0,-2,1,13,8,7,-12,-1,None
0,-1,-1,1,3,-2,0,0,-2,1,13,8,7,-12,-1,None
0,1,1,-5,-2,7,-2,-3,-2,1,13,8,7,-12,-1,None
0,-4,-7,0,3,-8,1,1,-1,1,13,8,7,-12,-1,None
0,2,4,-6,-18,6,-3,-2,-2,1,13,8,7,-12,-1,None
0,-4,-6,0,20,4,-3,-5,-4,1,13,8,7,-12,-1,None
0,-4,-6,0,20,4,-3,-5,-4,1,13,8,7,-12,-1,None
0,-4,-6,0,20,4,-3,-5,-4,1,13,8,7,-12,-1,None
0,-2,0,-2,-3,2,-1,-2,-2,1,13,8,7,-12,-1,None
0,-1,-7,-3,1,4,0,0,-1,1,13,8,7,-12,-1,None
0,-2,2,-4,2,-6,0,0,-1,1,13,8,7,-12,-1,None
0,-1,1,1,-11,-7,1,1,-1,1,13,8,7,-12,-1,None
0,-1,1,1,-11,-7,1,1,-1,1,13,8,7,-12,-1,None
0,-1,1,1,-11,-7,1,1,-1,1,13,8,7,-12,-2,None
0,7,17,5,-3,3,0,-1,1,1,13,8,7,-12,-2,None
0,-5,-3,-3,4,-1,-3,-2,-3,1,13,8,7,-12,-2,None
0,1,3,-2,3,-3,-1,-2,-2,1,13,8,7,-12,-2,None
0,-2,-2,0,-23,-8,-4,-4,-1,1,13,8,7,-12,-2,None
0,-2,-2,0,-23,-8,-4,-4,-1,1,13,8,7,-12,-2,None
0,-2,-2,0,-23,-8,-4,-4,-1,1,13,8,7,-12,-1,None
0,-4,2,1,-1,-2,1,-1,-1,1,13,8,7,-12,-1,None
0,0,-5,-4,-5,5,0,-2,-1,1,13,8,7,-12,-1,None
0,-2,0,-2,5,4,1,-1,-2,1,13,8,7,-12,-1,None
0,1,4,-1,1,-1,-1,-2,-2,1,13,8,7,-12,-1,None
0,1,4,-1,1,-1,-1,-2,-2,1,13,8,7,-12,-1,None
0,1,4,-1,1,-1,-1,-2,-2,1,13,8,7,-12,-1,None
0,-2,-6,-4,-1,0,-2,-1,-1,1,13,8,7,-12,-1,None
0,0,-2,-2,5,4,1,2,-1,1,13,8,7,-12,-1,None
0,-4,0,-2,-1,-7,0,-1,-1,1,13,8,7,-12,-1,None
0,3,-1,-4,4,16,-2,-1,-2,1,13,8,7,-12,-1,None
0,3,-1,-4,4,16,-2,-1,-2,1,13,8,7,-12,-1,None
0,3,-1,-4,4,16,-2,-1,-2,1,13,8,7,-12,-2,None
0,-3,-2,-5,1,1,-1,-2,-2,1,13,8,7,-12,-2,None
0,-1,-2,0,3,5,-1,-3,-2,1,13,8,7,-12,-2,None
0,-2,3,-2,-7,-2,0,-2,0,1,13,8,7,-12,-2,None
0,-1,0,-1,-3,-8,-2,0,0,1,13,8,7,-12,-2,None
0,-1,0,-1,-3,-8,-2,0,0,1,13,8,7,-12,-2,None
0,-1,0,-1,-3,-8,-2,0,0,1,13,8,7,-12,-1,None
0,-3,-2,-4,4,-1,-3,-2,-3,1,13,8,7,-12,-1,None
0,-2,-3,0,0,1,-2,-1,0,1,13,8,7,-12,-1,None
0,2,-2,-4,-1,1,-1,-1,-2,1,13,8,7,-12,-1,None
0,2,26,-3,8,-3,-1,-3,-1,1,13,8,7,-12,-1,None
0,2,26,-3,8,-3,-1,-3,-1,1,13,8,7,-12,-1,None
0,2,26,-3,8,-3,-1,-3,-1,1,13,8,7,-12,-1,None
0,-3,-5,-2,0,-2,-2,-2,-3,1,13,8,7,-12,-1,None
0,-3,-1,-2,-10,-4,-3,-3,-3,1,13,8,7,-12,-1,None
0,-2,-4,-2,2,3,0,0,0,1,13,8,7,-12,-1,None
0,-3,-1,-3,-1,-2,0,-1,-2,1,13,8,7,-12,-1,None
0,-3,-1,-3,-1,-2,0,-1,-2,1,13,8,7,-12,-1,None
0,-3,-1,-3,-1,-2,0,-1,-2,1,13,8,7,-12,-1,None
0,0,1,-1,3,0,-2,0,0,1,13,8,7,-12,-1,None
0,-1,-1,-2,2,1,-1,-1,-2,1,13,8,7,-12,-1,None
0,-1,7,1,-1,0,0,-2,-2,1,13,8,7,-12,-1,None
0,0,4,0,-2,0,1,0,-1,1,13,8,7,-12,-1,None
0,0,4,0,-2,0,1,0,-1,1,13,8,7,-12,-1,None
0,0,4,0,-2,0,1,0,-1,1,13,8,8,-12,-1,None
0,-4,-14,-5,-12,-5,1,0,-1,1,13,8,8,-12,-1,None
0,-1,-4,2,7,13,-1,-3,-2,1,13,8,8,-12,-1,None
0,-2,0,-2,-6,6,-1,-2,-2,1,13,8,8,-12,-1,None
0,-1,-2,1,-6,-6,0,-1,-2,1,13,8,8,-12,-1,None
0,-1,-2,1,-6,-6,0,-1,-2,1,13,8,8,-12,-1,None
0,-1,-2,1,-6,-6,0,-1,-2,1,13,8,7,-12,-2,None
0,1,1,-2,-2,0,0,-1,-1,1,13,8,7,-12,-2,None
0,2,3,-2,-3,-6,-2,-1,-1,1,13,8,7,-12,-2,None
0,1,0,-2,4,-1,-2,-1,-1,1,13,8,7,-12,-2,None
0,-4,-9,-4,-3,2,0,-1,-2,1,13,8,7,-12,-2,None
0,-4,-9,-4,-3,2,0,-1,-2,1,13,8,7,-12,-2,None
0,-4,-9,-4,-3,2,0,-1,-2,1,13,8,8,-12,-2,None
0,-1,3,0,-1,-1,-2,-2,-1,1,13,8,8,-12,-2,None
0,0,4,-5,-3,-2,-2,-2,-1,1,13,8,8,-12,-2,None
0,0,2,1,6,-1,-2,0,-2,1,13,8,8,-12,-2,None
0,-2,-4,-1,7,1,-1,0,-2,1,13,8,8,-12,-2,None
0,-2,-4,-1,7,1,-1,0,-2,1,13,8,8,-12,-2,None
0,-2,-4,-1,7,1,-1,0,-2,1,13,8,7,-12,-1,None
0,-1,1,-2,2,7,-1,-2,-2,1,13,8,7,-12,-1,None
0,-2,-1,-3,-1,0,0,-1,-1,1,13,8,7,-12,-1,None
0,-3,-1,-4,-4,-1,-2,-1,-3,1,13,8,7,-12,-1,None
0,-2,-1,-1,0,-2,-1,-2,-2,1,13,8,7,-12,-1,None
0,-2,-1,-1,0,-2,-1,-2,-2,1,13,8,7,-12,-1,None
0,-2,-1,-1,0,-2,-1,-2,-2,1,13,8,8,-12,-2,None
0,-1,1,0,1,3,-1,-3,-1,1,13,8,8,-12,-2,None
0,0,-1,-2,-4,-2,-1,0,-1,1,13,8,8,-12,-2,None
0,-1,-6,-4,16,-5,0,0,1,1,13,8,8,-12,-2,None
0,0,-4,-2,12,9,-4,-2,-4,1,13,8,8,-12,-2,None
0,0,-4,-2,12,9,-4,-2,-4,1,13,8,8,-12,-2,None
0,0,-4,-2,12,9,-4,-2,-4,1,13,8,8,-12,-2,None
0,2,1,-4,-10,2,-2,-3,-2,1,13,8,8,-12,-2,None
0,-1,-2,-1,-4,-2,0,-2,-2,1,13,8,8,-12,-2,None
0,-2,1,1,2,2,-1,-1,-3,1,13,8,8,-12,-2,None
0,-1,-1,0,-6,-5,1,-1,0,1,13,8,8,-12,-2,None
0,-1,-1,0,-6,-5,1,-1,0,1,13,8,8,-12,-2,None
0,-1,-1,0,-6,-5,1,-1,0,1,13,8,7,-12,-2,None
0,-1,-4,-4,4,0,0,1,-1,1,13,8,7,-12,-2,None
0,4,25,0,5,2,0,0,-2,1,13,8,7,-12,-2,None
0,-6,-44,-1,-2,3,0,-1,0,1,13,8,7,-12,-2,None
0,-2,-2,-3,-6,-3,-1,-2,-1,1,13,8,7,-12,-2,None
0,-2,-2,-3,-6,-3,-1,-2,-1,1,13,8,7,-12,-2,None
0,-2,-2,-3,-6,-3,-1,-2,-1,1,13,8,8,-12,-2,None
0,-2,3,-2,0,2,-2,0,-2,1,13,8,8,-12,-2,None
