0,1,3,2,-11,-60,0,67,-7,1,13,8,8,-16,-5,None
0,-1,0,-7,-16,10,10,-25,-17,1,13,8,8,-16,-5,None
0,3,3,2,1,4,13,22,1,1,13,8,8,-16,-5,None
0,3,3,2,1,4,13,22,1,1,13,8,8,-16,-5,None
0,3,3,2,1,4,13,22,1,1,13,8,7,-17,-6,None
0,-4,-2,-1,7,33,-48,-36,-3,1,13,8,7,-17,-6,None
0,1,3,4,11,-1,5,-50,-10,1,13,8,7,-17,-6,None
0,-1,-2,-7,-17,2,19,33,4,1,13,8,7,-17,-6,None
0,1,2,1,-7,9,-8,8,-15,1,13,8,7,-17,-6,None
0,1,2,1,-7,9,-8,8,-15,1,12,8,7,-17,-6,None
0,1,2,1,-7,9,-8,8,-15,1,12,8,5,-17,-6,None
0,-5,-4,-3,11,-54,25,-24,6,1,12,8,5,-17,-6,None
0,-4,-1,3,8,30,-97,9,-5,1,12,8,5,-17,-6,None
0,6,7,4,0,-20,62,-18,-8,1,12,8,5,-17,-6,None
0,-1,1,-2,20,25,9,26,5,1,12,8,5,-17,-6,None
0,-1,1,-2,20,25,9,26,5,1,12,8,5,-17,-6,None
0,-1,1,-2,20,25,9,26,5,1,12,8,3,-18,-5,None
0,-2,-1,-8,-5,48,7,20,6,1,12,8,3,-18,-5,None
0,1,-2,-10,4,-27,-5,-54,1,1,12,8,3,-18,-5,None
0,-2,4,3,-15,38,-6,-5,-11,1,12,8,3,-18,-5,None
0,0,2,6,4,-38,25,56,10,1,12,8,3,-18,-5,None
0,0,2,6,4,-38,25,56,10,0,12,8,3,-18,-5,None
0,0,2,6,4,-38,25,56,10,0,12,8,2,-18,-4,None
0,0,2,-8,-13,30,-17,-32,0,0,12,8,2,-18,-4,None
0,0,-1,-3,10,-6,22,39,6,0,12,8,2,-18,-4,None
0,0,3,-2,-6,5,-15,-34,-6,0,12,8,2,-18,-4,None
0,2,1,-3,-7,11,30,14,-2,0,12,8,2,-18,-4,None
0,2,1,-3,-7,11,30,14,-2,0,12,8,2,-18,-4,None
0,2,1,-3,-7,11,30,14,-2,0,12,8,0,-18,-4,None
0,-6,-2,5,5,12,-28,9,-3,0,12,8,0,-18,-4,None
0,-3,0,-8,10,6,8,-47,-9,0,12,8,0,-18,-4,None
0,-3,-5,-4,6,-43,-37,2,0,0,12,8,0,-18,-4,None
0,-1,1,-2,-10,-20,34,19,6,0,12,8,0,-18,-4,None
0,-1,1,-2,-10,-20,34,19,6,0,12,8,0,-18,-4,None
0,-1,1,-2,-10,-20,34,19,6,0,12,8,0,-17,-4,None
0,0,-1,-2,20,13,-49,-11,5,0,12,8,0,-17,-4,None
0,0,2,-3,1,3,47,18,-21,0,12,8,0,-17,-4,None
0,1,4,7,33,17,-17,21,33,0,12,8,0,-17,-4,None
0,0,0,-8,-61,-15,2,-26,-7,0,12,8,0,-17,-4,None
0,0,0,-8,-61,-15,2,-26,-7,0,12,8,0,-17,-4,None
0,0,0,-8,-61,-15,2,-26,-7,0,12,8,0,-17,-4,None
0,-3,-1,-11,-10,-28,13,5,5,0,12,8,0,-17,-4,None
0,-1,-1,-6,8,38,-1,-11,-6,0,12,8,0,-17,-4,None
0,-2,1,5,-13,-35,-35,2,-8,0,12,8,0,-17,-4,None
0,-1,-1,-7,24,8,11,-31,-1,0,12,8,0,-17,-4,None
0,-1,-1,-7,24,8,11,-31,-1,17,12,8,0,-17,-4,None
0,-1,-1,-7,24,8,11,-31,-1,17,12,8,-2,-17,-4,None
0,5,3,-4,8,15,27,58,12,17,12,8,-2,-17,-4,None
0,-3,-1,-1,-32,-36,-19,-20,-2,17,12,8,-2,-17,-4,None
0,-5,-2,-3,3,16,5,-11,2,17,12,8,-2,-17,-4,None
0,-4,0,-1,18,23,-23,16,-9,17,12,8,-2,-17,-4,None
0,-4,0,-1,18,23,-23,16,-9,17,12,8,-2,-17,-4,None
0,-4,0,-1,18,23,-23,16,-9,17,12,8,-2,-15,-3,None
0,1,0,2,1,-43,25,-5,23,17,12,8,-2,-15,-3,None
0,-4,0,3,17,-48,-20,-13,-23,17,12,8,-2,-15,-3,None
0,-2,0,1,-22,8,-6,-11,-11,17,12,8,-2,-15,-3,None
0,1,4,0,-22,28,11,7,4,17,12,8,-2,-15,-3,None
0,1,4,0,-22,28,11,7,4,17,12,8,-2,-15,-3,None
0,1,4,0,-22,28,11,7,4,17,12,8,-3,-14,-3,None
0,-4,0,4,11,-21,-9,6,-1,17,12,8,-3,-14,-3,None
0,-5,-4,-5,-11,0,5,-23,-4,17,12,8,-3,-14,-3,None
0,1,4,-1,11,18,7,4,6,17,12,8,-3,-14,-3,None
0,0,0,-5,-19,101,10,8,-1,17,12,8,-3,-14,-3,None
0,0,0,-5,-19,101,10,8,-1,16,12,8,-3,-14,-3,None
0,0,0,-5,-19,101,10,8,-1,16,12,8,-5,-14,-3,None
0,-4,-4,-11,18,-48,-19,-15,-4,16,12,8,-5,-14,-3,None
0,3,3,-2,7,31,-12,-3,1,16,12,8,-5,-14,-3,None
0,-3,-2,-5,-12,-35,6,19,-7,16,12,8,-5,-14,-3,None
0,-3,-1,-1,-9,35,-4,-4,-10,16,12,8,-5,-14,-3,None
0,-3,-1,-1,-9,35,-4,-4,-10,16,12,8,-5,-14,-3,None
0,-3,-1,-1,-9,35,-4,-4,-10,16,12,8,-5,-13,-3,None
0,-1,3,-1,-33,29,-8,-10,1,16,12,8,-5,-13,-3,None
0,1,1,2,-6,-23,20,-5,23,16,12,8,-5,-13,-3,None
0,-5,-3,-6,-1,55,-14,3,-12,16,12,8,-5,-13,-3,None
0,2,3,-1,14,-1,1,-2,4,16,12,8,-5,-13,-3,None
0,2,3,-1,14,-1,1,-2,4,16,12,8,-5,-13,-3,None
0,2,3,-1,14,-1,1,-2,4,16,12,8,-6,-12,-3,None
0,-4,-4,-2,-6,-68,-8,-5,-17,16,12,8,-6,-12,-3,None
0,0,2,3,-30,-28,1,-3,8,16,12,8,-6,-12,-3,None
0,-1,4,3,-12,29,-3,-14,-4,16,12,8,-6,-12,-3,None
0,-6,-1,2,-16,-60,-15,-2,-35,16,12,8,-6,-12,-3,None
0,-6,-1,2,-16,-60,-15,-2,-35,16,12,8,-6,-12,-3,None
0,-6,-1,2,-16,-60,-15,-2,-35,16,12,8,-7,-11,-3,None
0,-2,-6,-16,25,125,18,4,3,16,12,8,-7,-11,-3,None
0,4,3,-11,0,41,-3,5,-8,16,12,8,-7,-11,-3,None
0,0,-1,1,24,-66,18,16,34,16,12,8,-7,-11,-3,None
0,2,6,5,0,-17,-15,-7,2,16,12,8,-7,-11,-3,None
0,2,6,5,0,-17,-15,-7,2,15,12,8,-7,-11,-3,None
0,2,6,5,0,-17,-15,-7,2,15,12,8,-7,-10,-3,None
0,-2,1,2,-30,16,2,2,-23,15,12,8,-7,-10,-3,None
0,-2,-1,-8,10,14,-3,1,5,15,12,8,-7,-10,-3,None
0,-6,-5,-10,8,9,2,-7,-29,15,12,8,-7,-10,-3,None
0,0,-1,-1,-9,-1,-3,2,13,15,12,8,-7,-10,-3,None
0,0,-1,-1,-9,-1,-3,2,13,15,12,8,-7,-10,-3,None
0,0,-1,-1,-9,-1,-3,2,13,15,12,8,-7,-10,-2,None
0,-2,0,5,16,30,-3,-3,-15,15,12,8,-7,-10,-2,None
0,-2,1,6,19,21,-2,-3,8,15,12,8,-7,-10,-2,None
0,2,4,-9,-50,22,0,-5,-13,15,12,8,-7,-10,-2,None
0,-4,-1,2,77,-26,-7,-36,-13,15,12,8,-7,-10,-2,None
0,-4,-1,2,77,-26,-7,-36,-13,15,12,8,-7,-10,-2,None
0,-4,-1,2,77,-26,-7,-36,-13,15,12,8,-7,-9,-2,None
0,5,1,-6,-40,47,21,26,33,15,12,8,-7,-9,-2,None
0,-1,-1,5,-8,-64,-28,-9,59,15,12,8,-7,-9,-2,None
0,8,6,-1,7,-22,4,42,-1,15,12,8,-7,-9,-2,None
0,2,2,5,-41,88,5,0,-13,15,12,8,-7,-9,-2,None
0,2,2,5,-41,88,5,0,-13,15,12,7,-7,-9,-2,None
0,2,2,5,-41,88,5,0,-13,15,12,7,-8,-8,-2,None
0,-2,0,0,14,-110,-21,-29,7,15,12,7,-8,-8,-2,None
0,-1,-4,1,-4,68,15,-16,-29,15,12,7,-8,-8,-2,None
0,-4,1,12,84,-88,-13,-14,9,15,12,7,-8,-8,-2,None
0,-1,-6,-16,-102,17,7,42,41,15,12,7,-8,-8,-2,None
0,-1,-6,-16,-102,17,7,42,41,15,12,7,-8,-8,-2,None
0,-1,-6,-16,-102,17,7,42,41,15,12,7,-8,-8,-1,None
0,0,3,-2,4,-31,-9,-2,7,15,12,7,-8,-8,-1,None
0,-9,-4,-13,58,-22,-7,0,-37,15,12,7,-8,-8,-1,None
0,1,-4,-9,-16,9,-7,-24,-2,15,12,7,-8,-8,-1,None
0,0,3,-4,21,-67,-3,-13,-15,15,12,7,-8,-8,-1,None
0,0,3,-4,21,-67,-3,-13,-15,15,12,7,-8,-8,-1,None
0,0,3,-4,21,-67,-3,-13,-15,15,12,7,-7,-7,0,None
0,-1,3,5,-21,6,5,11,5,15,12,7,-7,-7,0,None
0,2,7,8,19,9,5,-2,17,15,12,7,-7,-7,0,None
0,-3,-1,-4,7,-25,-2,-6,-11,15,12,7,-7,-7,0,None
0,0,-1,-6,-12,-50,-2,-1,-26,15,12,7,-7,-7,0,None
0,0,-1,-6,-12,-50,-2,-1,-26,14,12,7,-7,-7,0,None
0,0,-1,-6,-12,-50,-2,-1,-26,14,12,7,-7,-7,0,None
0,1,2,0,38,17,11,12,39,14,12,7,-7,-7,0,None
0,0,2,-1,-37,-15,-6,-5,-8,14,12,7,-7,-7,0,None
0,-4,0,0,1,-2,-16,-12,-19,14,12,7,-7,-7,0,None
0,1,-2,2,39,40,15,6,1,14,12,7,-7,-7,0,None
0,1,-2,2,39,40,15,6,1,14,11,7,-7,-7,0,None
0,1,-2,2,39,40,15,6,1,14,11,7,-7,-7,0,None
0,-4,1,-5,-30,-9,-8,2,-4,14,11,7,-7,-7,0,None
0,-1,1,3,20,5,4,5,-7,14,11,7,-7,-7,0,None
0,-2,-1,-7,-69,52,-2,-4,8,14,11,7,-7,-7,0,None
0,-3,-3,-2,60,-6,-6,-15,0,14,11,7,-7,-7,0,None
0,-3,-3,-2,60,-6,-6,-15,0,14,11,7,-7,-7,0,None
0,-3,-3,-2,60,-6,-6,-15,0,14,11,7,-8,-7,0,None
0,0,2,2,-31,-12,-3,-15,-29,14,11,7,-8,-7,0,None
0,-5,-5,-9,-6,-7,-1,15,2,14,11,7,-8,-7,0,None
0,4,1,-1,-13,25,15,17,9,14,11,7,-8,-7,0,None
0,-1,3,0,-32,-29,-6,-7,1,14,11,7,-8,-7,0,None
0,-1,3,0,-32,-29,-6,-7,1,14,11,7,-8,-7,0,None
0,-1,3,0,-32,-29,-6,-7,1,14,11,7,-7,-7,1,None
0,-4,-4,0,51,33,2,1,-25,14,11,7,-7,-7,1,None
0,-1,1,-1,-15,21,-6,-11,-6,14,11,7,-7,-7,1,None
0,-4,-2,-4,-5,-36,-1,1,-8,14,11,7,-7,-7,1,None
0,-2,3,-1,4,27,-2,-2,-5,14,11,7,-7,-7,1,None
0,-2,3,-1,4,27,-2,-2,-5,14,11,7,-7,-7,1,None
0,-2,3,-1,4,27,-2,-2,-5,14,11,7,-7,-6,1,None
0,-1,-1,-3,-2,3,-2,-1,4,14,11,7,-7,-6,1,None
0,-2,1,1,-20,-17,-18,-6,-8,14,11,7,-7,-6,1,None
0,-2,-3,-3,27,-57,23,-2,3,14,11,7,-7,-6,1,None
0,-4,-2,-6,9,10,-1,-1,-7,14,11,7,-7,-6,1,None
0,-4,-2,-6,9,10,-1,-1,-7,14,11,7,-7,-6,1,None
0,-4,-2,-6,9,10,-1,-1,-7,14,11,7,-8,-7,1,None
0,-1,3,3,-27,10,3,0,-5,14,11,7,-8,-7,1,None
0,-1,-1,-6,-4,-15,1,-2,-1,14,11,7,-8,-7,1,None
0,1,4,2,-16,7,-14,-5,-3,14,11,7,-8,-7,1,None
0,-2,-1,-5,-12,-19,-7,1,6,14,11,7,-8,-7,1,None
0,-2,-1,-5,-12,-19,-7,1,6,14,11,7,-8,-7,1,None
0,-2,-1,-5,-12,-19,-7,1,6,14,11,7,-9,-9,2,None
0,-4,-4,-1,23,61,-1,0,-8,14,11,7,-9,-9,2,None
0,0,1,3,9,29,18,0,-4,14,11,7,-9,-9,2,None
0,1,0,-18,-32,-9,-8,-4,2,14,11,7,-9,-9,2,None
0,-1,1,3,6,-13,-14,-3,3,14,11,7,-9,-9,2,None
0,-1,1,3,6,-13,-14,-3,3,14,11,7,-9,-9,2,None
0,-1,1,3,6,-13,-14,-3,3,14,11,7,-11,-8,1,None
0,1,3,-2,13,10,12,-2,-3,14,11,7,-11,-8,1,None
0,1,2,7,-6,-6,-6,0,1,14,11,7,-11,-8,1,None
0,-2,-1,6,43,39,2,-3,-5,14,11,7,-11,-8,1,None
0,-4,-3,3,57,2,-8,-3,-3,14,11,7,-11,-8,1,None
0,-4,-3,3,57,2,-8,-3,-3,14,11,7,-11,-8,1,None
0,-4,-3,3,57,2,-8,-3,-3,14,11,7,-11,-7,1,None
0,-1,-1,-5,-44,-38,-8,-1,-8,14,11,7,-11,-7,1,None
0,-1,0,-3,-4,0,3,0,-3,14,11,7,-11,-7,1,None
0,1,2,5,6,7,-6,-5,-1,14,11,7,-11,-7,1,None
0,-1,2,2,-11,-9,5,1,0,14,11,7,-11,-7,1,None
0,-1,2,2,-11,-9,5,1,0,14,11,7,-11,-7,1,None
0,-1,2,2,-11,-9,5,1,0,14,11,7,-11,-7,1,None
0,1,4,1,-8,-11,-1,1,0,14,11,7,-11,-7,1,None
0,-2,-3,-10,4,24,1,-1,-3,14,11,7,-11,-7,1,None
0,-5,-3,0,10,40,-8,-8,-7,14,11,7,-11,-7,1,None
0,0,3,13,7,3,7,10,5,14,11,7,-11,-7,1,None
0,0,3,13,7,3,7,10,5,15,11,7,-11,-7,1,None
0,0,3,13,7,3,7,10,5,15,11,7,-10,-8,1,None
0,1,2,-11,-14,-7,1,-1,-4,15,11,7,-10,-8,1,None
0,-1,1,-2,1,45,-2,-3,-2,15,11,7,-10,-8,1,None
0,1,5,-1,-23,-66,-1,-1,-2,15,11,7,-10,-8,1,None
0,-2,-3,-7,-2,18,2,-3,-2,15,11,7,-10,-8,1,None
0,-2,-3,-7,-2,18,2,-3,-2,15,12,7,-10,-8,1,None
0,-2,-3,-7,-2,18,2,-3,-2,15,12,7,-8,-8,1,None
0,1,0,5,1,-27,0,1,2,15,12,7,-8,-8,1,None
0,-2,-2,2,6,31,3,-3,-4,15,12,7,-8,-8,1,None
0,-3,-3,-13,23,39,3,-1,-2,15,12,7,-8,-8,1,None
0,0,0,-2,-5,3,-6,-3,-1,15,12,7,-8,-8,1,None
0,0,0,-2,-5,3,-6,-3,-1,15,12,7,-8,-8,1,None
0,0,0,-2,-5,3,-6,-3,-1,15,12,7,-9,-8,0,None
0,-1,3,2,6,-13,-9,-3,-4,15,12,7,-9,-8,0,None
0,1,0,-6,28,-28,4,2,3,15,12,7,-9,-8,0,None
0,-3,-1,4,25,36,-3,-3,5,15,12,7,-9,-8,0,None
0,-1,2,0,-21,-25,0,1,-9,15,12,7,-9,-8,0,None
0,-1,2,0,-21,-25,0,1,-9,15,12,8,-9,-8,0,None
0,-1,2,0,-21,-25,0,1,-9,15,12,8,-10,-8,0,None
0,0,-1,-7,18,36,2,1,-4,15,12,8,-10,-8,0,None
0,-3,-2,-1,-9,-17,-2,-2,0,15,12,8,-10,-8,0,None
0,0,0,-2,-10,16,1,-1,-15,15,12,8,-10,-8,0,None
0,-2,-1,-9,16,10,4,2,18,15,12,8,-10,-8,0,None
0,-2,-1,-9,16,10,4,2,18,15,12,8,-10,-8,0,None
0,-2,-1,-9,16,10,4,2,18,15,12,8,-10,-8,0,None
0,-1,0,2,-9,3,-3,-4,-5,15,12,8,-10,-8,0,None
0,-1,0,1,-14,-13,0,-5,-7,15,12,8,-10,-8,0,None
0,1,2,6,-5,-4,5,11,10,15,12,8,-10,-8,0,None
0,-4,-4,-8,0,-3,-8,-9,-15,15,12,8,-10,-8,0,None
0,-4,-4,-8,0,-3,-8,-9,-15,15,12,8,-10,-8,0,None
0,-4,-4,-8,0,-3,-8,-9,-15,15,12,8,-9,-8,0,None
0,-1,0,-3,10,9,2,0,2,15,12,8,-9,-8,0,None
0,0,2,-5,-11,-32,-3,4,4,15,12,8,-9,-8,0,None
0,-6,-3,-3,-28,19,1,-7,-4,15,12,8,-9,-8,0,None
0,0,2,-2,-4,6,2,-2,0,15,12,8,-9,-8,0,None
0,0,2,-2,-4,6,2,-2,0,15,12,8,-9,-8,0,None
0,0,2,-2,-4,6,2,-2,0,15,12,8,-7,-9,-1,None
0,-2,0,-5,7,-9,-4,-1,2,15,12,8,-7,-9,-1,None
0,0,1,-6,2,-5,-2,-15,-18,15,12,8,-7,-9,-1,None
0,-2,2,1,-4,-45,-5,6,11,15,12,8,-7,-9,-1,None
0,0,-5,-22,20,20,-2,4,2,15,12,8,-7,-9,-1,None
0,0,-5,-22,20,20,-2,4,2,16,12,8,-7,-9,-1,None
0,0,-5,-22,20,20,-2,4,2,16,12,8,-7,-10,-2,None
0,-2,-1,0,7,1,3,-1,-5,16,12,8,-7,-10,-2,None
0,-1,0,-1,-9,-4,-1,4,3,16,12,8,-7,-10,-2,None
0,-1,0,-1,6,17,1,-11,-11,16,12,8,-7,-10,-2,None
0,0,0,-1,12,11,-1,-1,7,16,12,8,-7,-10,-2,None
0,0,0,-1,12,11,-1,-1,7,16,12,8,-7,-10,-2,None
0,0,0,-1,12,11,-1,-1,7,16,12,8,-8,-10,-3,None
0,-3,-2,-3,9,1,-2,-2,-4,16,12,8,-8,-10,-3,None
0,-1,1,-5,9,14,-4,-6,9,16,12,8,-8,-10,-3,None
0,-4,1,0,4,-16,-6,-6,-34,16,12,8,-8,-10,-3,None
0,-1,2,11,0,13,8,13,3,16,12,8,-8,-10,-3,None
0,-1,2,11,0,13,8,13,3,16,12,8,-8,-10,-3,None
0,-1,2,11,0,13,8,13,3,16,12,8,-8,-9,-4,None
0,-2,0,0,-28,12,-3,1,0,16,12,8,-8,-9,-4,None
0,0,0,-5,-12,-1,1,5,6,16,12,8,-8,-9,-4,None
0,3,0,-15,19,-3,0,-3,4,16,12,8,-8,-9,-4,None
0,-4,-1,3,-25,10,-11,-11,-13,16,12,8,-8,-9,-4,None
0,-4,-1,3,-25,10,-11,-11,-13,16,12,8,-8,-9,-4,None
0,-4,-1,3,-25,10,-11,-11,-13,16,12,8,-6,-11,-4,None
0,-2,1,-1,8,-5,1,-17,-1,16,12,8,-6,-11,-4,None
0,-7,-2,1,-10,-8,7,-2,-15,16,12,8,-6,-11,-4,None
0,5,4,3,-24,-1,3,27,26,16,12,8,-6,-11,-4,None
0,-3,0,0,14,16,-1,-11,-15,16,12,8,-6,-11,-4,None
0,-3,0,0,14,16,-1,-11,-15,16,12,8,-6,-11,-4,None
0,-3,0,0,14,16,-1,-11,-15,16,12,8,-4,-12,-5,None
0,0,0,-5,12,14,-5,4,6,16,12,8,-4,-12,-5,None
0,-2,0,-5,-39,-19,-10,-20,-7,16,12,8,-4,-12,-5,None
0,-1,0,-1,-27,9,2,-4,1,16,12,8,-4,-12,-5,None
0,1,1,-2,-4,-5,1,3,26,16,12,8,-4,-12,-5,None
0,1,1,-2,-4,-5,1,3,26,17,12,8,-4,-12,-5,None
0,1,1,-2,-4,-5,1,3,26,17,12,8,-2,-13,-6,None
0,-5,-3,-1,23,-6,-7,-14,-39,17,12,8,-2,-13,-6,None
0,-2,-1,-1,22,23,2,11,25,17,12,8,-2,-13,-6,None
0,-3,-1,-5,-5,10,1,-14,-29,17,12,8,-2,-13,-6,None
0,3,4,8,-39,-31,-5,21,32,17,12,8,-2,-13,-6,None
0,3,4,8,-39,-31,-5,21,32,17,12,8,-2,-13,-6,None
0,3,4,8,-39,-31,-5,21,32,17,12,8,-2,-12,-7,None
0,2,2,-5,6,4,8,24,5,17,12,8,-2,-12,-7,None
0,-1,2,4,10,-10,-4,-2,-7,17,12,8,-2,-12,-7,None
0,-1,-1,2,18,16,-8,-1,17,17,12,8,-2,-12,-7,None
0,-5,-1,3,-11,-11,-5,-58,-71,17,12,8,-2,-12,-7,None
0,-5,-1,3,-11,-11,-5,-58,-71,17,12,8,-2,-12,-7,None
0,-5,-1,3,-11,-11,-5,-58,-71,17,12,8,-2,-12,-7,None
0,-2,0,2,9,16,1,14,33,17,12,8,-2,-12,-7,None
0,12,5,6,24,11,16,96,49,17,12,8,-2,-12,-7,None
0,-3,-2,0,32,-4,-5,-11,11,17,12,8,-2,-12,-7,None
0,-4,-3,-11,-23,-8,-4,-21,-28,17,12,8,-2,-12,-7,None
0,-4,-3,-11,-23,-8,-4,-21,-28,17,12,8,-2,-12,-7,None
0,-4,-3,-11,-23,-8,-4,-21,-28,17,12,8,0,-13,-8,None
0,-3,1,3,6,-16,-10,-42,-65,17,12,8,0,-13,-8,None
0,5,1,1,0,-13,3,10,5,17,12,8,0,-13,-8,None
0,4,3,-5,21,43,8,37,60,17,12,8,0,-13,-8,None
0,-4,-3,-4,24,-9,-5,3,1,17,12,8,0,-13,-8,None
0,-4,-3,-4,24,-9,-5,3,1,0,12,8,0,-13,-8,None
0,-4,-3,-4,24,-9,-5,3,1,0,12,8,2,-14,-9,None
0,0,1,-4,1,-4,2,-6,20,0,12,8,2,-14,-9,None
0,-3,0,0,-7,-22,-11,-36,-62,0,12,8,2,-14,-9,None
0,-2,-1,-1,-17,-2,-3,-12,13,0,12,8,2,-14,-9,None
0,1,3,6,44,13,2,6,-9,0,12,8,2,-14,-9,None
0,1,3,6,44,13,2,6,-9,0,12,8,2,-14,-9,None
0,1,3,6,44,13,2,6,-9,0,12,8,3,-15,-10,None
0,-1,-2,-20,-9,-18,5,12,19,0,12,8,3,-15,-10,None
0,-2,1,-5,27,18,-5,-18,-19,0,12,8,3,-15,-10,None
0,-6,-1,-1,-18,-12,-6,-32,-17,0,12,8,3,-15,-10,None
0,-8,-1,0,14,6,2,11,-30,0,12,8,3,-15,-10,None
0,-8,-1,0,14,6,2,11,-30,0,12,8,3,-15,-10,None
0,-8,-1,0,14,6,2,11,-30,0,12,8,2,-14,-10,None
0,7,4,10,-29,-5,-5,38,17,0,12,8,2,-14,-10,None
0,-2,-2,-7,-3,26,0,-23,39,0,12,8,2,-14,-10,None
0,-4,-3,-7,-29,-44,1,11,-10,0,12,8,2,-14,-10,None
0,-5,-1,-4,-24,28,-5,-15,-25,0,12,8,2,-14,-10,None
0,-5,-1,-4,-24,28,-5,-15,-25,0,12,8,2,-14,-10,None
0,-5,-1,-4,-24,28,-5,-15,-25,0,12,8,2,-14,-10,None
0,4,3,0,3,16,3,6,-2,0,12,8,2,-14,-10,None
0,-6,-5,-6,-36,13,-7,-19,-23,0,12,8,2,-14,-10,None
0,-3,-1,4,-13,-4,0,-9,-18,0,12,8,2,-14,-10,None
0,7,5,-5,-20,-5,-4,-6,24,0,12,8,2,-14,-10,None
0,7,5,-5,-20,-5,-4,-6,24,0,11,8,2,-14,-10,None
0,7,5,-5,-20,-5,-4,-6,24,0,11,8,4,-14,-10,None
0,-15,-5,-3,-23,2,-3,3,-23,0,11,8,4,-14,-10,None
0,-2,0,-5,-43,-1,0,-8,14,0,11,8,4,-14,-10,None
0,0,2,4,-24,13,-1,-2,0,0,11,8,4,-14,-10,None
0,0,-2,-15,-65,-33,3,10,16,0,11,8,4,-14,-10,None
0,0,-2,-15,-65,-33,3,10,16,0,11,8,4,-14,-10,None
0,0,-2,-15,-65,-33,3,10,16,0,11,8,4,-15,-10,None
0,0,1,0,-48,-47,-5,-26,-24,0,11,8,4,-15,-10,None
0,-3,0,0,-65,-14,-5,-8,21,0,11,8,4,-15,-10,None
0,1,0,-4,-57,-3,0,22,-8,0,11,8,4,-15,-10,None
0,2,2,0,-50,-9,0,-3,17,0,11,8,4,-15,-10,None
0,2,2,0,-50,-9,0,-3,17,0,11,8,4,-15,-10,None
0,2,2,0,-50,-9,0,-3,17,0,11,8,4,-15,-9,None
0,-1,1,-1,-48,-18,-6,-9,3,0,11,8,4,-15,-9,None
0,-4,-3,-6,-31,43,8,0,-19,0,11,8,4,-15,-9,None
0,1,0,-2,0,1,-3,-4,-4,0,11,8,4,-15,-9,None
0,-1,2,0,16,-3,0,2,5,0,11,8,4,-15,-9,None
0,-1,2,0,16,-3,0,2,5,0,11,8,4,-15,-9,None
0,-1,2,0,16,-3,0,2,5,0,11,8,3,-15,-9,None
0,-1,-1,1,39,12,-3,-5,9,0,11,8,3,-15,-9,None
0,0,2,0,56,-20,-7,6,-23,0,11,8,3,-15,-9,None
0,0,1,-3,49,12,2,-8,-7,0,11,8,3,-15,-9,None
0,-2,-2,-4,51,-4,0,5,13,0,11,8,3,-15,-9,None
0,-2,-2,-4,51,-4,0,5,13,0,11,8,3,-15,-9,None
0,-2,-2,-4,51,-4,0,5,13,0,11,8,3,-15,-8,None
0,0,1,-4,47,7,-1,0,-1,0,11,8,3,-15,-8,None
0,-1,3,1,48,-20,4,3,6,0,11,8,3,-15,-8,None
0,-3,-2,0,39,-9,-5,-7,-9,0,11,8,3,-15,-8,None
0,-5,0,1,57,8,-3,5,-3,0,11,8,3,-15,-8,None
0,-5,0,1,57,8,-3,5,-3,0,11,8,3,-15,-8,None
0,-5,0,1,57,8,-3,5,-3,0,11,8,3,-15,-7,None
0,0,0,1,41,-12,2,-1,13,0,11,8,3,-15,-7,None
0,-2,0,-1,14,6,-7,-8,-10,0,11,8,3,-15,-7,None
0,1,2,2,31,-25,-1,2,3,0,11,8,3,-15,-7,None
0,2,3,3,33,0,-2,5,3,0,11,8,3,-15,-7,None
0,2,3,3,33,0,-2,5,3,0,12,8,3,-15,-7,None
0,2,3,3,33,0,-2,5,3,0,12,8,3,-14,-7,None
0,-6,-4,0,-22,45,-5,-4,-5,0,12,8,3,-14,-7,None
0,-1,-2,-2,9,-11,5,-3,-3,0,12,8,3,-14,-7,None
0,-2,1,0,-17,-6,-5,-5,-12,0,12,8,3,-14,-7,None
0,4,4,14,56,20,15,10,18,0,12,8,3,-14,-7,None
0,4,4,14,56,20,15,10,18,0,12,8,3,-14,-7,None
0,4,4,14,56,20,15,10,18,0,12,8,4,-14,-6,None
0,0,1,-9,-38,-18,7,-7,-2,0,12,8,4,-14,-6,None
0,0,0,-4,-5,-3,-8,-1,-5,0,12,8,4,-14,-6,None
0,-7,0,-4,32,-14,-8,-3,-6,0,12,8,4,-14,-6,None
0,1,2,-7,21,-3,0,1,-1,0,12,8,4,-14,-6,None
0,1,2,-7,21,-3,0,1,-1,0,12,8,4,-14,-6,None
0,1,2,-7,21,-3,0,1,-1,0,12,8,4,-14,-6,None
0,0,4,0,8,3,-6,0,2,0,12,8,4,-14,-6,None
0,2,4,1,100,-1,4,4,3,0,12,8,4,-14,-6,None
0,-4,-4,-20,100,-18,-9,-8,-5,0,12,8,4,-14,-6,None
0,-2,0,-5,110,-30,-12,-4,-1,0,12,8,4,-14,-6,None
0,-2,0,-5,110,-30,-12,-4,-1,0,12,8,4,-14,-6,None
0,-2,0,-5,110,-30,-12,-4,-1,0,12,8,4,-14,-5,None
0,1,4,12,127,29,6,3,0,0,12,8,4,-14,-5,None
0,-4,-3,-13,11,17,-3,-6,-6,0,12,8,4,-14,-5,None
0,-3,1,2,-11,25,8,2,0,0,12,8,4,-14,-5,None
0,-6,-5,-14,-125,-24,-2,1,-1,0,12,8,4,-14,-5,None
0,-6,-5,-14,-125,-24,-2,1,-1,0,12,8,4,-14,-5,None
0,-6,-5,-14,-125,-24,-2,1,-1,0,12,8,4,-13,-5,None
0,3,5,4,-78,23,2,4,7,0,12,8,4,-13,-5,None
0,1,0,-14,-113,8,0,-2,0,0,12,8,4,-13,-5,None
0,2,3,-4,-86,2,2,-1,-2,0,12,8,4,-13,-5,None
0,1,-2,-25,-128,-18,-13,-5,-3,0,12,8,4,-13,-5,None
0,1,-2,-25,-128,-18,-13,-5,-3,0,12,8,4,-13,-5,None
0,1,-2,-25,-128,-18,-13,-5,-3,0,12,8,4,-13,-4,None
0,-3,-3,-6,-57,-2,-1,-7,5,0,12,8,4,-13,-4,None
0,0,5,13,-41,4,7,8,-6,0,12,8,4,-13,-4,None
0,-4,0,-12,-111,-2,-3,-10,-13,0,12,8,4,-13,-4,None
0,1,2,5,-30,13,2,2,10,0,12,8,4,-13,-4,None
0,1,2,5,-30,13,2,2,10,0,12,8,4,-13,-4,None
0,1,2,5,-30,13,2,2,10,0,12,8,4,-12,-4,None
0,0,-3,-8,-42,-26,-17,-10,-3,0,12,8,4,-12,-4,None
0,1,1,3,4,-15,7,8,14,0,12,8,4,-12,-4,None
0,4,3,5,25,23,-1,-2,-4,0,12,8,4,-12,-4,None
0,-4,1,23,45,25,0,-2,-15,0,12,8,4,-12,-4,None
0,-4,1,23,45,25,0,-2,-15,0,12,8,4,-12,-4,None
0,-4,1,23,45,25,0,-2,-15,0,12,8,5,-11,-4,None
0,-11,-14,-24,-79,-7,-12,-7,-9,0,12,8,5,-11,-4,None
0,3,2,11,-7,-9,-1,1,6,0,12,8,5,-11,-4,None
0,1,1,7,3,20,5,7,1,0,12,8,5,-11,-4,None
0,1,3,11,93,31,5,-1,3,0,12,8,5,-11,-4,None
0,1,3,11,93,31,5,-1,3,0,12,8,5,-11,-4,None
0,1,3,11,93,31,5,-1,3,0,12,8,6,-11,-4,None
0,-4,0,3,62,-3,-3,-7,-9,0,12,8,6,-11,-4,None
0,0,0,0,-18,8,-11,0,-4,0,12,8,6,-11,-4,None
0,0,-5,-13,-40,2,0,2,-3,0,12,8,6,-11,-4,None
0,-3,-2,-1,-18,9,-3,-4,0,0,12,8,6,-11,-4,None
0,-3,-2,-1,-18,9,-3,-4,0,1,12,8,6,-11,-4,None
0,-3,-2,-1,-18,9,-3,-4,0,1,12,8,5,-12,-4,None
0,0,2,-3,-20,-10,4,0,0,1,12,8,5,-12,-4,None
0,-4,-3,-13,13,-1,-7,-12,-16,1,12,8,5,-12,-4,None
0,1,2,8,23,-22,-5,3,17,1,12,8,5,-12,-4,None
0,4,3,-5,-47,-22,-1,-5,3,1,12,8,5,-12,-4,None
0,4,3,-5,-47,-22,-1,-5,3,1,13,8,5,-12,-4,None
0,4,3,-5,-47,-22,-1,-5,3,1,13,8,5,-12,-3,None
0,1,4,11,23,15,10,18,-5,1,13,8,5,-12,-3,None
0,-6,-4,-9,-18,-13,-5,-1,-6,1,13,8,5,-12,-3,None
0,1,0,-4,-46,-4,-13,-18,-5,1,13,8,5,-12,-3,None
0,-2,-3,4,26,26,3,6,2,1,13,8,5,-12,-3,None
0,-2,-3,4,26,26,3,6,2,1,13,8,5,-12,-3,None
0,-2,-3,4,26,26,3,6,2,1,13,8,5,-11,-3,None
0,-4,-5,-17,-117,-49,7,-1,-1,1,13,8,5,-11,-3,None
0,2,4,6,106,26,-4,-9,0,1,13,8,5,-11,-3,None
0,-1,1,27,53,34,9,11,-4,1,13,8,5,-11,-3,None
0,-1,-2,-40,-59,-51,0,-4,-2,1,13,8,5,-11,-3,None
0,-1,-2,-40,-59,-51,0,-4,-2,1,13,8,5,-11,-3,None
0,-1,-2,-40,-59,-51,0,-4,-2,1,13,8,5,-11,-3,None
0,3,3,0,68,31,-5,-2,0,1,13,8,5,-11,-3,None
0,-3,0,10,56,8,8,11,-3,1,13,8,5,-11,-3,None
0,-6,-3,2,61,-3,-6,-10,-2,1,13,8,5,-11,-3,None
0,4,7,24,19,9,2,0,3,1,13,8,5,-11,-3,None
0,4,7,24,19,9,2,0,3,1,13,8,5,-11,-3,None
0,4,7,24,19,9,2,0,3,1,13,8,5,-12,-3,None
0,5,3,-9,79,11,0,3,3,1,13,8,5,-12,-3,None
0,-9,-6,-22,-114,-48,4,-3,-11,1,13,8,5,-12,-3,None
0,-1,3,1,28,14,-2,1,-1,1,13,8,5,-12,-3,None
0,-1,-1,-2,-15,10,-3,2,-9,1,13,8,5,-12,-3,None
0,-1,-1,-2,-15,10,-3,2,-9,1,13,8,5,-12,-3,None
0,-1,-1,-2,-15,10,-3,2,-9,1,13,8,5,-13,-2,None
0,-1,3,6,-5,-11,2,-2,7,1,13,8,5,-13,-2,None
0,6,-2,20,90,10,-12,-17,2,1,13,8,5,-13,-2,None
0,2,4,-17,-57,-15,1,8,2,1,13,8,5,-13,-2,None
0,-5,0,-9,19,23,-1,-6,-7,1,13,8,5,-13,-2,None
0,-5,0,-9,19,23,-1,-6,-7,1,13,8,5,-13,-2,None
0,-5,0,-9,19,23,-1,-6,-7,1,13,8,6,-14,-2,None
0,-2,-5,9,-93,-37,-13,-19,-4,1,13,8,6,-14,-2,None
0,0,-1,-28,-5,-13,-5,-6,3,1,13,8,6,-14,-2,None
0,-3,0,1,-74,-29,1,16,1,1,13,8,6,-14,-2,None
0,3,-2,-2,26,5,4,7,6,1,13,8,6,-14,-2,None
0,3,-2,-2,26,5,4,7,6,1,13,8,6,-14,-2,None
0,3,-2,-2,26,5,4,7,6,1,13,8,5,-13,-2,None
0,-1,3,0,43,24,0,-6,0,1,13,8,5,-13,-2,None
0,0,2,0,-47,-39,1,-1,1,1,13,8,5,-13,-2,None
0,2,2,-5,-6,15,4,-6,-1,1,13,8,5,-13,-2,None
0,-7,-4,-13,-21,1,-7,-1,-6,1,13,8,5,-13,-2,None
0,-7,-4,-13,-21,1,-7,-1,-6,1,13,8,5,-13,-2,None
0,-7,-4,-13,-21,1,-7,-1,-6,1,13,8,6,-13,-2,None
0,0,1,3,26,-19,1,5,-3,1,13,8,6,-13,-2,None
0,-6,1,0,7,27,-2,-1,-2,1,13,8,6,-13,-2,None
0,0,0,0,23,13,-1,-7,-3,1,13,8,6,-13,-2,None
0,1,4,13,21,-11,3,-1,4,1,13,8,6,-13,-2,None
0,1,4,13,21,-11,3,-1,4,1,13,8,6,-13,-2,None
0,1,4,13,21,-11,3,-1,4,1,13,8,7,-13,-2,None
0,-2,1,-3,7,8,2,-1,-2,1,13,8,7,-13,-2,None
0,-1,-2,-7,-24,8,-2,3,1,1,13,8,7,-13,-2,None
0,-2,1,-3,-5,-25,-7,-9,-9,1,13,8,7,-13,-2,None
0,-2,-4,-5,-10,8,2,-3,0,1,13,8,7,-13,-2,None
0,-2,-4,-5,-10,8,2,-3,0,1,13,8,7,-13,-2,None
0,-2,-4,-5,-10,8,2,-3,0,1,13,8,6,-13,-2,None
0,1,2,-5,40,10,-7,-3,-3,1,13,8,6,-13,-2,None
0,-1,3,7,12,29,8,6,2,1,13,8,6,-13,-2,None
0,-4,-4,-9,32,5,-4,-1,-3,1,13,8,6,-13,-2,None
0,-4,1,-7,-19,8,-7,-11,-7,1,13,8,6,-13,-2,None
0,-4,1,-7,-19,8,-7,-11,-7,1,13,8,6,-13,-2,None
0,-4,1,-7,-19,8,-7,-11,-7,1,13,8,6,-15,-2,None
0,0,-2,-2,-18,12,8,10,-3,1,13,8,6,-15,-2,None
0,0,1,3,14,-1,-3,-7,2,1,13,8,6,-15,-2,None
0,0,2,0,3,-5,5,4,1,1,13,8,6,-15,-2,None
0,1,-2,-1,11,-8,-1,-4,1,1,13,8,6,-15,-2,None
0,1,-2,-1,11,-8,-1,-4,1,1,13,8,6,-15,-2,None
0,1,-2,-1,11,-8,-1,-4,1,1,13,8,6,-15,-2,None
0,-2,0,-1,-9,10,-1,-2,-3,1,13,8,6,-15,-2,None
0,-1,0,-8,-21,-7,-6,-5,-1,1,13,8,6,-15,-2,None
0,-1,-3,-4,4,8,-3,-5,-2,1,13,8,6,-15,-2,None
0,-1,4,1,-14,18,2,3,-4,1,13,8,6,-15,-2,None
0,-1,4,1,-14,18,2,3,-4,1,13,8,6,-15,-2,None
0,-1,4,1,-14,18,2,3,-4,1,13,8,6,-14,-2,None
0,-2,1,0,0,11,-1,-4,1,1,13,8,6,-14,-2,None
0,-1,2,-2,-15,-5,0,5,-5,1,13,8,6,-14,-2,None
0,-2,-2,-4,-17,6,1,0,-1,1,13,8,6,-14,-2,None
0,1,2,3,68,2,0,0,-1,1,13,8,6,-14,-2,None
0,1,2,3,68,2,0,0,-1,1,13,8,6,-14,-2,None
0,1,2,3,68,2,0,0,-1,1,13,8,6,-13,-1,None
0,-1,2,-3,8,-12,-1,1,1,1,13,8,6,-13,-1,None
0,-1,-2,-5,-23,1,-2,-1,-2,1,13,8,6,-13,-1,None
0,0,1,0,3,7,-3,-4,-1,1,13,8,6,-13,-1,None
0,-2,-1,-1,7,-8,-2,0,-5,1,13,8,6,-13,-1,None
0,-2,-1,-1,7,-8,-2,0,-5,1,13,8,6,-13,-1,None
0,-2,-1,-1,7,-8,-2,0,-5,1,13,8,7,-12,-1,None
0,0,1,-4,-12,-2,-1,-3,0,1,13,8,7,-12,-1,None
0,-2,1,0,-7,-7,1,0,0,1,13,8,7,-12,-1,None
0,0,3,1,20,4,0,0,1,1,13,8,7,-12,-1,None
0,-2,-2,-5,-32,-9,-3,0,-1,1,13,8,7,-12,-1,None
0,-2,-2,-5,-32,-9,-3,0,-1,1,13,8,7,-12,-1,None
0,-2,-2,-5,-32,-9,-3,0,-1,1,13,8,7,-12,-1,None
0,-1,-1,-3,-11,7,1,-1,-2,1,13,8,7,-12,-1,None
0,-1,0,0,-4,-3,-2,-1,-3,1,13,8,7,-12,-1,None
0,-2,1,0,-10,0,-2,-3,0,1,13,8,7,-12,-1,None
0,0,1,-1,-21,-6,-1,-1,1,1,13,8,7,-12,-1,None
0,0,1,-1,-21,-6,-1,-1,1,1,13,8,7,-12,-1,None
0,0,1,-1,-21,-6,-1,-1,1,1,13,8,8,-12,-1,None
0,-1,0,-3,-8,0,-1,-4,0,1,13,8,8,-12,-1,None
0,-1,0,0,8,2,1,3,-1,1,13,8,8,-12,-1,None
0,-2,1,-2,-9,-1,2,-2,-1,1,13,8,8,-12,-1,None
0,-1,1,0,20,-2,-1,-2,-2,1,13,8,8,-12,-1,None
0,-1,1,0,20,-2,-1,-2,-2,1,13,8,8,-12,-1,None
0,-1,1,0,20,-2,-1,-2,-2,1,13,8,8,-12,-1,None
0,-3,0,-2,-3,-6,-4,-3,-2,1,13,8,8,-12,-1,None
0,-1,-1,-3,-23,-12,-3,-3,-3,1,13,8,8,-12,-1,None
0,0,-1,-4,8,5,-3,-2,-1,1,13,8,8,-12,-1,None
0,-1,-1,0,-8,2,0,-1,0,1,13,8,8,-12,-1,None
0,-1,-1,0,-8,2,0,-1,0,1,13,8,8,-12,-1,None
0,-1,-1,0,-8,2,0,-1,0,1,13,8,8,-12,-1,None
0,-2,0,-1,11,3,2,3,-3,1,13,8,8,-12,-1,None
0,0,-1,0,3,-1,0,-2,0,1,13,8,8,-12,-1,None
0,-1,1,-2,8,2,-1,-1,-2,1,13,8,8,-12,-1,None
0,-2,0,-4,-9,-6,-1,-2,-1,1,13,8,8,-12,-1,None
0,-2,0,-4,-9,-6,-1,-2,-1,1,13,8,8,-12,-1,None
0,-2,0,-4,-9,-6,-1,-2,-1,1,13,8,7,-12,-1,None
0,-2,0,-2,5,1,-2,-2,-1,1,13,8,7,-12,-1,None
0,-1,0,-2,-4,-7,0,0,-3,1,13,8,7,-12,-1,None
0,0,1,3,29,11,1,-2,0,1,13,8,7,-12,-1,None
0,-1,-2,-5,-20,6,-5,-7,-3,1,13,8,7,-12,-1,None
0,-1,-2,-5,-20,6,-5,-7,-3,1,13,8,7,-12,-1,None
0,-1,-2,-5,-20,6,-5,-7,-3,1,13,8,7,-12,-1,None
0,-4,-3,-6,-11,-13,-3,-2,-5,1,13,8,7,-12,-1,None
0,-1,3,2,9,2,2,2,1,1,13,8,7,-12,-1,None
0,-1,-1,-2,4,-1,0,-1,-1,1,13,8,7,-12,-1,None
0,0,2,-1,-8,-8,0,1,-1,1,13,8,7,-12,-1,None
0,0,2,-1,-8,-8,0,1,-1,1,13,8,7,-12,-1,None
0,0,2,-1,-8,-8,0,1,-1,1,13,8,7,-12,-1,None
0,-1,0,-1,14,6,-1,-3,-2,1,13,8,7,-12,-1,None
0,-3,-1,-2,2,4,-3,-3,-2,1,13,8,7,-12,-1,None
0,-1,0,-2,-13,-10,-1,-2,-3,1,13,8,7,-12,-1,None
0,-1,0,-2,-6,-3,-1,-2,-2,1,13,8,7,-12,-1,None
0,-1,0,-2,-6,-3,-1,-2,-2,1,13,8,7,-12,-1,None
0,-1,0,-2,-6,-3,-1,-2,-2,1,13,8,7,-12,-2,None
0,0,-1,-2,3,3,-1,0,-1,1,13,8,7,-12,-2,None
0,0,2,-2,-3,-3,-3,-2,-1,1,13,8,7,-12,-2,None
0,-3,-3,-4,-17,-7,-4,-4,-2,1,13,8,7,-12,-2,None
0,-2,-3,-1,-24,6,3,4,-3,1,13,8,7,-12,-2,None
0,-2,-3,-1,-24,6,3,4,-3,1,13,8,7,-12,-2,None
0,-2,-3,-1,-24,6,3,4,-3,1,13,8,7,-12,-1,None
0,0,3,0,1,-1,-1,0,0,1,13,8,7,-12,-1,None
0,0,0,-2,1,2,-2,-2,-3,1,13,8,7,-12,-1,None
0,-2,1,-1,-1,0,-1,-1,-2,1,13,8,7,-12,-1,None
0,-2,0,-2,5,-3,0,-1,-1,1,13,8,7,-12,-1,None
0,-2,0,-2,5,-3,0,-1,-1,1,13,8,7,-12,-1,None
0,-2,0,-2,5,-3,0,-1,-1,1,13,8,7,-13,-2,None
0,-2,-1,-1,0,1,-1,-1,-1,1,13,8,7,-13,-2,None
0,-1,0,-2,-2,2,-1,-1,-2,1,13,8,7,-13,-2,None
0,-2,0,-3,-1,0,0,-1,-1,1,13,8,7,-13,-2,None
0,0,1,-2,-3,-5,-2,-3,-2,1,13,8,7,-13,-2,None
0,0,1,-2,-3,-5,-2,-3,-2,1,13,8,7,-13,-2,None
0,0,1,-2,-3,-5,-2,-3,-2,1,13,8,8,-12,-1,None
0,1,0,-1,1,1,2,0,1,1,13,8,8,-12,-1,None
0,-2,-2,2,35,21,2,-1,-2,1,13,8,8,-12,-1,None
0,2,2,-5,1,4,-3,-5,1,1,13,8,8,-12,-1,None
0,-2,0,-2,-12,-14,0,2,-1,1,13,8,8,-12,-1,None
0,-2,0,-2,-12,-14,0,2,-1,1,13,8,8,-12,-1,None
0,-2,0,-2,-12,-14,0,2,-1,1,13,8,7,-12,-1,None
0,-1,-2,-3,6,5,-1,0,-1,1,13,8,7,-12,-1,None
0,-2,0,-2,8,1,-1,-2,0,1,13,8,7,-12,-1,None
0,-1,1,0,-3,1,-1,0,-1,1,13,8,7,-12,-1,None
0,-1,3,-1,2,-2,-2,-2,0,1,13,8,7,-12,-1,None
0,-1,3,-1,2,-2,-2,-2,0,1,13,8,7,-12,-1,None
0,-1,3,-1,2,-2,-2,-2,0,1,13,8,7,-12,-1,None
0,-1,0,-2,2,-3,-3,-3,0,1,13,8,7,-12,-1,None
0,-1,0,-3,-16,-6,-1,-2,-2,1,13,8,7,-12,-1,None
0,-2,0,-1,-1,-3,-2,0,-2,1,13,8,7,-12,-1,None
0,-1,0,-3,-1,-2,-1,-2,-1,1,13,8,7,-12,-1,None
0,-1,0,-3,-1,-2,-1,-2,-1,1,13,8,7,-12,-1,None
0,-1,0,-3,-1,-2,-1,-2,-1,1,13,8,7,-12,-1,None
0,0,0,-1,-6,0,-4,-5,-3,1,13,8,7,-12,-1,None
0,-3,-1,0,-11,0,5,4,-4,1,13,8,7,-12,-1,None
0,-1,2,-4,-4,-10,0,1,-1,1,13,8,7,-12,-1,None
0,-3,-1,1,23,22,0,-2,-4,1,13,8,7,-12,-1,None
0,-3,-1,1,23,22,0,-2,-4,1,13,8,7,-12,-1,None
0,-3,-1,1,23,22,0,-2,-4,1,13,8,7,-12,-1,None
0,1,0,-2,-6,-1,-1,-3,-3,1,13,8,7,-12,-1,None
0,0,0,-3,-4,-5,-5,-4,-1,1,13,8,7,-12,-1,None
0,-2,-2,-1,2,-2,-1,-1,-1,1,13,8,7,-12,-1,None
0,-2,1,-1,-4,-4,0,0,2,1,13,8,7,-12,-1,None
0,-2,1,-1,-4,-4,0,0,2,1,13,8,7,-12,-1,None
0,-2,1,-1,-4,-4,0,0,2,1,13,8,7,-12,-2,None
0,-1,1,-1,0,-2,-1,-1,-2,1,13,8,7,-12,-2,None
0,-2,-2,-3,-4,-1,-3,-3,-2,1,13,8,7,-12,-2,None
0,-3,-1,-2,-3,1,-1,-2,-1,1,13,8,7,-12,-2,None
0,-1,1,-2,-1,-2,-2,-3,-1,1,13,8,7,-12,-2,None
0,-1,1,-2,-1,-2,-2,-3,-1,1,13,8,7,-12,-2,None
0,-1,1,-2,-1,-2,-2,-3,-1,1,13,8,7,-12,-2,None
0,-1,1,-3,-4,2,-1,0,-1,1,13,8,7,-12,-2,None
0,0,1,-4,-2,-2,-2,-1,-1,1,13,8,7,-12,-2,None
0,0,-1,0,-1,5,-2,0,-2,1,13,8,7,-12,-2,None
0,0,0,-2,2,-3,-1,-2,-1,1,13,8,7,-12,-2,None
0,0,0,-2,2,-3,-1,-2,-1,1,13,8,7,-12,-2,None
0,0,0,-2,2,-3,-1,-2,-1,1,13,8,7,-12,-2,None
0,-2,-4,-7,-20,-6,0,0,0,1,13,8,7,-12,-2,None
0,1,2,-5,-9,-4,-2,0,0,1,13,8,7,-12,-2,None
0,-2,1,-3,3,6,-2,-1,-4,1,13,8,7,-12,-2,None
0,-2,0,-2,-1,-2,-2,-1,-2,1,13,8,7,-12,-2,None
0,-2,0,-2,-1,-2,-2,-1,-2,1,13,8,7,-12,-2,None
0,-2,0,-2,-1,-2,-2,-1,-2,1,13,8,7,-12,-2,None
0,-1,1,-1,9,0,0,-1,-2,1,13,8,7,-12,-2,None
0,-2,0,-1,-1,-3,-2,-1,0,1,13,8,7,-12,-2,None
0,-1,-1,-2,-7,-4,-1,-1,0,1,13,8,7,-12,-2,None
0,-2,-1,-3,-2,2,-1,-1,-2,1,13,8,7,-12,-2,None
0,-2,-1,-3,-2,2,-1,-1,-2,1,13,8,7,-12,-2,None
0,-2,-1,-3,-2,2,-1,-1,-2,1,13,8,7,-12,-2,None
0,-1,0,0,1,2,1,0,-3,1,13,8,7,-12,-2,None
0,0,1,-1,2,1,-1,-3,-2,1,13,8,7,-12,-2,None
0,-1,0,-2,-3,3,-1,-1,0,1,13,8,7,-12,-2,None
0,1,2,0,-8,3,2,2,1,1,13,8,7,-12,-2,None
0,1,2,0,-8,3,2,2,1,1,13,8,7,-12,-2,None
0,1,2,0,-8,3,2,2,1,1,13,8,7,-12,-2,None
0,-2,1,0,-19,-11,-4,-3,-3,1,13,8,7,-12,-2,None
0,-2,0,-1,14,3,-1,-1,-1,1,13,8,7,-12,-2,None
0,-2,-4,0,-26,-3,-1,-2,0,1,13,8,7,-12,-2,None
0,-1,5,-1,7,0,-2,-3,-2,1,13,8,7,-12,-2,None
0,-1,5,-1,7,0,-2,-3,-2,1,13,8,7,-12,-2,None
0,-1,5,-1,7,0,-2,-3,-2,1,13,8,7,-12,-2,None
0,-1,2,-2,6,8,3,1,1,1,13,8,7,-12,-2,None
0,0,1,-4,-3,-2,0,-2,-2,1,13,8,7,-12,-2,None
0,-1,1,-1,0,-2,0,-2,-1,1,13,8,7,-12,-2,None
0,-1,0,-2,-2,-2,-1,-2,-2,1,13,8,7,-12,-2,None
0,-1,0,-2,-2,-2,-1,-2,-2,1,13,8,7,-12,-2,None
0,-1,0,-2,-2,-2,-1,-2,-2,1,13,8,7,-12,-2,None
0,-1,1,-1,3,0,-2,-1,-2,1,13,8,7,-12,-2,None
0,-2,1,-1,0,-1,-3,-2,-2,1,13,8,7,-12,-2,None
0,-1,-1,-3,4,1,0,-2,-2,1,13,8,7,-12,-2,None
0,6,10,-3,-3,-2,-2,-2,0,1,13,8,7,-12,-2,None
0,6,10,-3,-3,-2,-2,-2,0,1,13,8,7,-12,-2,None
0,6,10,-3,-3,-2,-2,-2,0,1,13,8,7,-12,-2,None
0,-9,-20,-2,6,0,-5,-5,-3,1,13,8,7,-12,-2,None
0,0,-2,-1,-6,3,3,2,0,1,13,8,7,-12,-2,None
0,-2,-1,-2,11,9,-1,-1,-3,1,13,8,7,-12,-2,None
0,-3,-5,-3,-6,-4,-1,-1,-1,1,13,8,7,-12,-2,None
0,-3,-5,-3,-6,-4,-1,-1,-1,1,13,8,7,-12,-2,None
0,-3,-5,-3,-6,-4,-1,-1,-1,1,13,8,7,-12,-2,None
0,2,6,-2,-7,-6,-1,-1,1,1,13,8,7,-12,-2,None
0,-2,0,-2,-5,2,-2,-2,-1,1,13,8,7,-12,-2,None
0,-3,-1,0,3,0,0,0,-1,1,13,8,7,-12,-2,None
0,-3,0,-2,2,0,0,-2,-2,1,13,8,7,-12,-2,None
0,-3,0,-2,2,0,0,-2,-2,1,13,8,7,-12,-2,None
0,-3,0,-2,2,0,0,-2,-2,1,13,8,7,-12,-2,None
0,1,4,-2,2,1,-6,-6,-4,1,13,8,7,-12,-2,None
0,-2,1,-2,-13,-3,-4,-4,-1,1,13,8,7,-12,-2,None
0,0,4,-4,-3,-1,3,2,-1,1,13,8,7,-12,-2,None
0,-3,-5,-1,-5,-3,-1,-1,0,1,13,8,7,-12,-2,None
0,-3,-5,-1,-5,-3,-1,-1,0,1,13,8,7,-12,-2,None
0,-3,-5,-1,-5,-3,-1,-1,0,1,13,8,7,-12,-2,None
0,0,3,-3,7,3,-1,-1,-1,1,13,8,7,-12,-2,None
0,-1,-1,-6,0,2,-4,-1,0,1,13,8,7,-12,-2,None
0,-1,0,4,13,-1,-4,-3,-1,1,13,8,7,-12,-2,None
0,-1,-2,-4,-5,-3,-1,-2,-2,1,13,8,7,-12,-2,None
0,-1,-2,-4,-5,-3,-1,-2,-2,1,13,8,7,-12,-2,None
0,-1,-2,-4,-5,-3,-1,-2,-2,1,13,8,8,-12,-2,None
0,-3,1,-2,1,6,1,0,-1,1,13,8,8,-12,-2,None
0,1,1,-1,11,0,0,-2,-1,1,13,8,8,-12,-2,None
0,-1,0,-4,-15,0,-1,-4,-1,1,13,8,8,-12,-2,None
0,-2,-1,0,1,5,0,0,-3,1,13,8,8,-12,-2,None
0,-2,-1,0,1,5,0,0,-3,1,13,8,8,-12,-2,None
0,-2,-1,0,1,5,0,0,-3,1,13,8,8,-12,-2,None
0,-1,4,-3,-8,-4,-3,-1,-1,1,13,8,8,-12,-2,None
0,-2,-1,-4,-10,2,1,-1,-1,1,13,8,8,-12,-2,None
0,-1,0,-1,5,0,-2,-1,-2,1,13,8,8,-12,-2,None
0,-3,-5,-1,-4,-1,-3,-2,-1,1,13,8,8,-12,-2,None
0,-3,-5,-1,-4,-1,-3,-2,-1,1,13,8,8,-12,-2,None
0,-3,-5,-1,-4,-1,-3,-2,-1,1,13,8,7,-12,-2,None
0,2,9,-1,3,-5,2,2,1,1,13,8,7,-12,-2,None
0,0,1,-2,-10,0,2,2,-1,1,13,8,7,-12,-2,None
0,-2,1,7,21,3,-1,-1,-2,1,13,8,7,-12,-2,None
0,-2,0,-7,-12,-7,-1,-1,0,1,13,8,7,-12,-2,None
0,-2,0,-7,-12,-7,-1,-1,0,1,13,8,7,-12,-2,None
0,-2,0,-7,-12,-7,-1,-1,0,1,13,8,7,-12,-2,None
0,-1,1,1,4,3,-1,-1,-1,1,13,8,7,-12,-2,None
0,-2,0,-1,6,1,-3,-3,-3,1,13,8,7,-12,-2,None
0,0,2,-3,-4,-4,0,0,0,1,13,8,7,-12,-2,None
0,0,0,-1,4,2,-2,-3,-1,1,13,8,7,-12,-2,None
0,0,0,-1,4,2,-2,-3,-1,1,13,8,7,-12,-2,None
0,0,0,-1,4,2,-2,-3,-1,1,13,8,7,-12,-2,None
0,-1,1,-1,1,2,-1,0,-2,1,13,8,7,-12,-2,None
0,-2,19,-1,-1,-3,-6,-5,-1,1,13,8,7,-12,-2,None
0,5,10,-5,-1,1,0,3,3,1,13,8,7,-12,-2,None
0,-4,-25,3,-3,-6,0,-2,-6,1,13,8,7,-12,-2,None
0,-4,-25,3,-3,-6,0,-2,-6,1,13,8,7,-12,-2,None
0,-4,-25,3,-3,-6,0,-2,-6,1,13,8,7,-12,-2,None
0,-3,2,3,11,8,0,-1,-2,1,13,8,7,-12,-2,None
0,-3,-5,-14,-4,0,-3,-3,-1,1,13,8,7,-12,-2,None
0,-1,6,-4,-5,-2,-2,-3,-2,1,13,8,7,-12,-2,None
0,-1,6,-2,-1,-2,-1,1,0,1,13,8,7,-12,-2,None
0,-1,6,-2,-1,-2,-1,1,0,1,13,8,7,-12,-2,None
0,-1,6,-2,-1,-2,-1,1,0,1,13,8,8,-12,-2,None
0,1,2,0,1,0,1,0,-1,1,13,8,8,-12,-2,None
0,-1,-8,3,1,-2,0,-2,-2,1,13,8,8,-12,-2,None
0,-4,-1,-4,-7,0,-3,-3,-4,1,13,8,8,-12,-2,None
0,0,4,-4,5,6,-1,0,0,1,13,8,8,-12,-2,None
0,0,4,-4,5,6,-1,0,0,1,13,8,8,-12,-2,None
0,0,4,-4,5,6,-1,0,0,1,13,8,8,-12,-2,None
0,-4,-2,0,-4,2,-1,-1,-1,1,13,8,8,-12,-2,None
0,0,1,-1,2,0,-2,-1,-3,1,13,8,8,-12,-2,None
0,-4,-5,-6,-3,2,-1,-3,-4,1,13,8,8,-12,-2,None
0,1,7,3,0,2,2,1,1,1,13,8,8,-12,-2,None
0,1,7,3,0,2,2,1,1,1,13,8,8,-12,-2,None
0,1,7,3,0,2,2,1,1,1,13,8,7,-12,-2,None
0,0,0,-4,0,-1,-1,-2,-1,1,13,8,7,-12,-2,None
0,-1,-3,0,5,1,-1,-1,-2,1,13,8,7,-12,-2,None
0,-1,-1,-2,-3,-2,-2,-3,-1,1,13,8,7,-12,-2,None
0,-3,2,-3,6,5,-2,-3,-2,1,13,8,7,-12,-2,None
0,-3,2,-3,6,5,-2,-3,-2,1,13,8,7,-12,-2,None
0,-3,2,-3,6,5,-2,-3,-2,1,13,8,7,-12,-2,None
0,0,0,-3,-2,1,0,-1,-2,1,13,8,7,-12,-2,None
0,0,-3,0,-4,0,0,-2,0,1,13,8,7,-12,-2,None
0,-3,-3,-3,2,2,-1,-2,-1,1,13,8,7,-12,-2,None
0,0,5,-3,3,1,-1,-2,-1,1,13,8,7,-12,-2,None
0,0,5,-3,3,1,-1,-2,-1,1,13,8,7,-12,-2,None
0,0,5,-3,3,1,-1,-2,-1,1,13,8,7,-12,-2,None
0,-3,-2,-4,-3,0,-1,0,-1,1,13,8,7,-12,-2,None
0,0,0,1,-1,-1,-1,-2,-3,1,13,8,7,-12,-2,None
0,-1,0,-2,-2,-2,-1,-1,-2,1,13,8,7,-12,-2,None
0,-1,-8,-4,-2,0,-1,-3,-2,1,13,8,7,-12,-2,None
0,-1,-8,-4,-2,0,-1,-3,-2,1,13,8,7,-12,-2,None
0,-1,-8,-4,-2,0,-1,-3,-2,1,13,8,7,-12,-2,None
0,1,14,5,-4,1,-2,0,0,1,13,8,7,-12,-2,None
0,-2,-1,-5,11,2,0,0,-2,1,13,8,7,-12,-2,None
0,-1,1,-2,-4,-1,-1,-2,0,1,13,8,7,-12,-2,None
0,-1,0,-1,2,-1,-3,-2,-1,1,13,8,7,-12,-2,None
0,-1,0,-1,2,-1,-3,-2,-1,1,13,8,7,-12,-2,None
0,-1,0,-1,2,-1,-3,-2,-1,1,13,8,7,-12,-2,None
0,-2,-4,-3,0,2,-1,-2,-2,1,13,8,7,-12,-2,None
0,-1,1,1,0,1,0,0,0,1,13,8,7,-12,-2,None
0,-1,-1,0,-4,-1,-2,-2,-2,1,13,8,7,-12,-2,None
0,-1,5,-3,-1,2,-1,-1,-2,1,13,8,7,-12,-2,None
0,-1,5,-3,-1,2,-1,-1,-2,1,13,8,7,-12,-2,None
0,-1,5,-3,-1,2,-1,-1,-2,1,13,8,7,-12,-2,None
0,-1,-4,-4,0,0,-1,-3,-1,1,13,8,7,-12,-2,None
0,-3,1,-1,-2,-1,-2,-2,-1,1,13,8,7,-12,-2,None
0,3,8,-3,-3,0,-1,-1,-1,1,13,8,7,-12,-2,None
0,0,1,-2,-2,2,0,0,-2,1,13,8,7,-12,-2,None
0,0,1,-2,-2,2,0,0,-2,1,13,8,7,-12,-2,None
0,0,1,-2,-2,2,0,0,-2,1,13,8,7,-12,-2,None
0,-1,1,0,1,-1,-1,-2,0,1,13,8,7,-12,-2,None
0,-3,-6,-2,-4,0,-1,-2,-1,1,13,8,7,-12,-2,None
0,-1,0,-1,-1,2,-2,0,-1,1,13,8,7,-12,-2,None
0,0,3,-3,0,-1,-1,-2,-1,1,13,8,7,-12,-2,None
0,0,3,-3,0,-1,-1,-2,-1,1,13,8,7,-12,-2,None
0,0,3,-3,0,-1,-1,-2,-1,1,13,8,7,-12,-2,None
0,-2,1,-4,-1,-1,-2,-2,-4,1,13,8,7,-12,-2,None
0,0,3,0,-11,-4,0,-1,-1,1,13,8,7,-12,-2,None
0,-1,-2,-1,-3,2,0,0,-2,1,13,8,7,-12,-2,None
0,-3,-4,0,-6,-9,0,-1,-1,1,13,8,7,-12,-2,None
0,-3,-4,0,-6,-9,0,-1,-1,1,13,8,7,-12,-2,None
0,-3,-4,0,-6,-9,0,-1,-1,1,13,8,7,-12,-2,None
0,0,0,-4,-1,2,-1,-2,-2,1,13,8,7,-12,-2,None
0,1,3,1,1,2,0,-1,-1,1,13,8,7,-12,-2,None
0,-1,-4,-2,-1,0,-1,-1,-1,1,13,8,7,-12,-2,None
0,-3,6,-1,1,3,-2,0,-1,1,13,8,7,-12,-2,None
0,-3,6,-1,1,3,-2,0,-1,1,13,8,7,-12,-2,None
0,-3,6,-1,1,3,-2,0,-1,1,13,8,7,-12,-2,None
0,-2,0,-2,-4,0,-1,-1,-1,1,13,8,7,-12,-2,None
0,-2,0,-2,-1,-1,-1,1,-3,1,13,8,7,-12,-2,None
0,-4,-11,3,3,2,3,1,1,1,13,8,7,-12,-2,None
0,9,7,-11,-9,1,-4,-2,-2,1,13,8,7,-12,-2,None
0,9,7,-11,-9,1,-4,-2,-2,1,13,8,7,-12,-2,None
0,9,7,-11,-9,1,-4,-2,-2,1,13,8,7,-12,-1,None
0,-5,-3,0,-2,-1,-2,-1,0,1,13,8,7,-12,-1,None
0,-1,-3,-3,4,4,-2,-2,-1,1,13,8,7,-12,-1,None
0,-1,0,-2,-4,-1,-3,-3,-1,1,13,8,7,-12,-1,None
0,-2,-4,0,2,2,0,-2,-1,1,13,8,7,-12,-1,None
0,-2,-4,0,2,2,0,-2,-1,1,13,8,7,-12,-1,None
0,-2,-4,0,2,2,0,-2,-1,1,13,8,7,-12,-2,None
0,-1,-4,-3,-4,-3,-4,-3,-4,1,13,8,7,-12,-2,None
0,-2,1,-2,2,-1,-2,-2,-3,1,13,8,7,-12,-2,None
0,-2,2,0,-3,0,2,0,-1,1,13,8,7,-12,-2,None
0,-3,1,-1,0,2,-2,-2,0,1,13,8,7,-12,-2,None
0,-3,1,-1,0,2,-2,-2,0,1,13,8,7,-12,-2,None
0,-3,1,-1,0,2,-2,-2,0,1,13,8,7,-12,-2,None
0,2,-1,-4,0,2,-1,-1,-1,1,13,8,7,-12,-2,None
0,-3,0,0,-8,-2,-2,-3,-1,1,13,8,7,-12,-2,None
0,1,1,-3,5,-1,-1,-3,-2,1,13,8,7,-12,-2,None
0,-2,1,-1,1,0,0,-2,-1,1,13,8,7,-12,-2,None
0,-2,1,-1,1,0,0,-2,-1,1,13,8,7,-12,-2,None
0,-2,1,-1,1,0,0,-2,-1,1,13,8,7,-12,-2,None
0,0,0,1,1,-2,0,0,-1,1,13,8,7,-12,-2,None
0,0,1,-3,5,1,-1,-1,0,1,13,8,7,-12,-2,None
0,0,3,-2,12,5,-2,-2,-2,1,13,8,7,-12,-2,None
0,-3,6,-1,-2,-4,-1,0,-1,1,13,8,7,-12,-2,None
0,-3,6,-1,-2,-4,-1,0,-1,1,13,8,7,-12,-2,None
0,-3,6,-1,-2,-4,-1,0,-1,1,13,8,7,-12,-2,None
0,-3,-13,-3,-13,-2,-3,-2,-1,1,13,8,7,-12,-2,None
0,0,2,-1,2,2,-1,-2,-1,1,13,8,7,-12,-2,None
0,-1,1,-6,-1,1,-2,-2,-3,1,13,8,7,-12,-2,None
0,-3,-5,1,2,1,-1,-2,-2,1,13,8,7,-12,-2,None
0,-3,-5,1,2,1,-1,-2,-2,1,13,8,7,-12,-2,None
0,-3,-5,1,2,1,-1,-2,-2,1,13,8,7,-12,-2,None
0,0,4,-2,3,0,1,-1,-1,1,13,8,7,-12,-2,None
0,-1,1,-1,2,0,0,0,-1,1,13,8,7,-12,-2,None
0,-1,0,1,-7,-2,-2,-2,-1,1,13,8,7,-12,-2,None
0,-5,-4,-2,3,3,0,-1,-1,1,13,8,7,-12,-2,None
0,-5,-4,-2,3,3,0,-1,-1,1,13,8,7,-12,-2,None
0,-5,-4,-2,3,3,0,-1,-1,1,13,8,7,-12,-2,None
0,-8,9,-5,1,3,0,-2,2,1,13,8,7,-12,-2,None
0,10,-21,-3,-5,-5,-3,-2,-2,1,13,8,7,-12,-2,None
0,-3,6,-4,9,3,-1,-3,-4,1,13,8,7,-12,-2,None
0,0,-2,-1,-8,-1,0,1,-2,1,13,8,7,-12,-2,None
0,0,-2,-1,-8,-1,0,1,-2,1,13,8,7,-12,-2,None
0,0,-2,-1,-8,-1,0,1,-2,1,13,8,8,-12,-2,None
0,-4,-6,-1,4,2,0,-2,-2,1,13,8,8,-12,-2,None
0,-2,5,-3,-2,1,-1,-2,0,1,13,8,8,-12,-2,None
0,-1,0,-4,-2,-2,-3,-1,0,1,13,8,8,-12,-2,None
0,-1,-3,-2,3,0,-1,-1,-2,1,13,8,8,-12,-2,None
0,-1,-3,-2,3,0,-1,-1,-2,1,13,8,8,-12,-2,None
0,-1,-3,-2,3,0,-1,-1,-2,1,13,8,8,-12,-2,None
0,2,4,-3,0,-1,-1,1,-1,1,13,8,8,-12,-2,None
0,-4,5,0,-2,2,1,1,-1,1,13,8,8,-12,-2,None
0,0,-1,-1,2,3,-1,-1,0,1,13,8,8,-12,-2,None
0,-1,5,-1,-41,-28,-2,0,-2,1,13,8,8,-12,-2,None
0,-1,5,-1,-41,-28,-2,0,-2,1,13,8,8,-12,-2,None
0,-1,5,-1,-41,-28,-2,0,-2,1,13,8,7,-12,-2,None
0,0,0,-3,23,16,-2,-2,-3,1,13,8,7,-12,-2,None
0,-4,3,-1,5,3,1,-2,-2,1,13,8,7,-12,-2,None
0,-3,-4,-4,-6,-1,-1,0,-1,1,13,8,7,-12,-2,None
0,0,0,1,12,6,0,-2,-1,1,13,8,7,-12,-2,None
0,0,0,1,12,6,0,-2,-1,1,13,8,7,-12,-2,None
0,0,0,1,12,6,0,-2,-1,1,13,8,7,-12,-2,None
0,0,2,-2,-3,-7,-2,0,-2,1,13,8,7,-12,-2,None
0,-4,-3,-2,-1,-1,0,-2,-3,1,13,8,7,-12,-2,None
0,-2,1,-2,-1,-5,-3,-3,-2,1,13,8,7,-12,-2,None
0,0,1,-4,4,-7,-6,-4,-2,1,13,8,7,-12,-2,None
0,0,1,-4,4,-7,-6,-4,-2,1,13,8,7,-12,-2,None
0,0,1,-4,4,-7,-6,-4,-2,1,13,8,7,-12,-2,None
0,1,0,0,5,29,5,0,-1,1,13,8,7,-12,-2,None
0,-2,3,-2,-5,2,-3,-3,0,1,13,8,7,-12,-2,None
0,-1,-1,-2,-11,-2,1,-2,-1,1,13,8,7,-12,-2,None
0,1,4,-3,-4,2,-2,-2,-2,1,13,8,7,-12,-2,None
0,1,4,-3,-4,2,-2,-2,-2,1,13,8,7,-12,-2,None
0,1,4,-3,-4,2,-2,-2,-2,1,13,8,7,-12,-2,None
0,-2,0,-3,-13,-15,-4,-2,-1,1,13,8,7,-12,-2,None
0,-2,2,-7,-3,0,1,2,0,1,13,8,7,-12,-2,None
0,-2,0,4,3,1,-2,0,-1,1,13,8,7,-12,-2,None
0,-1,-2,-1,19,3,0,-2,-1,1,13,8,7,-12,-2,None
0,-1,-2,-1,19,3,0,-2,-1,1,13,8,7,-12,-2,None
0,-1,-2,-1,19,3,0,-2,-1,1,13,8,7,-12,-2,None
0,-1,2,-2,-18,-5,-1,-3,0,1,13,8,7,-12,-2,None
0,-1,3,-1,-2,2,-1,-1,-1,1,13,8,7,-12,-2,None
0,0,0,-4,-2,-4,-1,-1,-1,1,13,8,7,-12,-2,None
0,2,-2,-2,13,9,1,-1,1,1,13,8,7,-12,-2,None
0,2,-2,-2,13,9,1,-1,1,1,13,8,7,-12,-2,None
0,2,-2,-2,13,9,1,-1,1,1,13,8,7,-12,-2,None
0,-3,11,3,0,-4,0,0,-2,1,13,8,7,-12,-2,None
0,-2,-12,-2,4,0,-3,0,-1,1,13,8,7,-12,-2,None
0,-4,-1,-3,-4,1,-1,0,-1,1,13,8,7,-12,-2,None
0,-2,0,-1,-5,7,-2,-3,-1,1,13,8,7,-12,-2,None
0,-2,0,-1,-5,7,-2,-3,-1,1,13,8,7,-12,-2,None
0,-2,0,-1,-5,7,-2,-3,-1,1,13,8,7,-12,-2,None
0,-1,-7,-6,-5,-6,-3,-2,-2,1,13,8,7,-12,-2,None
