0,-2,-4,-18,11,31,15,-11,0,0,12,9,-4,-15,-3,None
0,3,2,5,-43,23,-22,29,10,0,12,9,-4,-15,-3,None
0,-7,-7,-2,20,14,9,-14,-8,0,12,9,-4,-15,-3,None
0,-7,-7,-2,20,14,9,-14,-8,0,12,9,-4,-15,-3,None
0,-7,-7,-2,20,14,9,-14,-8,0,12,9,-5,-14,-3,None
0,-1,2,8,16,10,21,1,0,0,12,9,-5,-14,-3,None
0,-1,-1,2,-26,-50,-50,-16,-7,0,12,9,-5,-14,-3,None
0,-2,1,14,-20,92,13,-5,-4,0,12,9,-5,-14,-3,None
0,3,4,2,37,11,20,3,4,0,12,9,-5,-14,-3,None
0,3,4,2,37,11,20,3,4,17,13,9,-5,-14,-3,None
0,3,4,2,37,11,20,3,4,17,13,9,-5,-14,-3,None
0,-6,-5,-6,-22,-13,-24,-9,-5,17,13,9,-5,-14,-3,None
0,-3,0,-8,-5,-44,18,18,-5,17,13,9,-5,-14,-3,None
0,-1,-5,-28,43,-13,-9,19,3,17,13,9,-5,-14,-3,None
0,-4,-1,-24,-70,-23,11,-13,-5,17,13,9,-5,-14,-3,None
0,-4,-1,-24,-70,-23,11,-13,-5,17,13,9,-5,-14,-3,None
0,-4,-1,-24,-70,-23,11,-13,-5,17,13,9,-5,-14,-3,None
0,0,5,-15,-16,-5,-9,-17,-4,17,13,9,-5,-14,-3,None
0,-2,-1,-10,43,127,21,8,4,17,13,9,-5,-14,-3,None
0,0,3,-4,-18,-91,-33,-16,-7,17,13,9,-5,-14,-3,None
0,-5,-4,-13,2,-18,-13,-5,-1,17,13,9,-5,-14,-3,None
0,-5,-4,-13,2,-18,-13,-5,-1,17,13,9,-5,-14,-3,None
0,-5,-4,-13,2,-18,-13,-5,-1,17,13,9,-6,-13,-3,None
0,-2,-5,-15,16,-74,14,7,-8,17,13,9,-6,-13,-3,None
0,4,1,-18,-76,-51,6,6,5,17,13,9,-6,-13,-3,None
0,-3,0,10,77,103,0,-4,-9,17,13,9,-6,-13,-3,None
0,4,8,6,-38,59,15,3,10,17,13,9,-6,-13,-3,None
0,4,8,6,-38,59,15,3,10,17,13,9,-6,-13,-3,None
0,4,8,6,-38,59,15,3,10,17,13,9,-6,-11,-3,None
0,-3,-4,-13,10,102,-27,-10,-6,17,13,9,-6,-11,-3,None
0,-6,-2,-1,-22,44,23,6,2,17,13,9,-6,-11,-3,None
0,-4,-2,12,86,52,8,-2,-2,17,13,9,-6,-11,-3,None
0,5,6,3,-52,-48,-11,-4,-21,17,13,9,-6,-11,-3,None
0,5,6,3,-52,-48,-11,-4,-21,16,13,9,-6,-11,-3,None
0,5,6,3,-52,-48,-11,-4,-21,16,13,9,-6,-10,-3,None
0,1,5,5,-2,-44,-1,6,8,16,13,9,-6,-10,-3,None
0,8,-1,-1,39,84,6,-7,18,16,13,9,-6,-10,-3,None
0,-6,7,4,-108,-57,-14,-2,-11,16,13,9,-6,-10,-3,None
0,-5,-11,-5,79,-33,-9,-2,-9,16,13,9,-6,-10,-3,None
0,-5,-11,-5,79,-33,-9,-2,-9,16,13,8,-6,-10,-3,None
0,-5,-11,-5,79,-33,-9,-2,-9,16,13,8,-7,-10,-3,None
0,-1,5,13,-31,-80,15,10,2,16,13,8,-7,-10,-3,None
0,-3,-4,-1,4,25,0,-1,-5,16,13,8,-7,-10,-3,None
0,-2,0,10,60,-89,-1,-9,-2,16,13,8,-7,-10,-3,None
0,4,1,-17,-52,-21,-10,6,0,16,13,8,-7,-10,-3,None
0,4,1,-17,-52,-21,-10,6,0,16,13,8,-7,-10,-3,None
0,4,1,-17,-52,-21,-10,6,0,16,13,8,-7,-11,-3,None
0,9,1,-5,-23,-103,-22,-16,12,16,13,8,-7,-11,-3,None
0,-11,4,7,-11,64,18,2,-17,16,13,8,-7,-11,-3,None
0,-6,-7,-5,-16,51,10,7,8,16,13,8,-7,-11,-3,None
0,-5,-1,7,44,20,4,-12,-5,16,13,8,-7,-11,-3,None
0,-5,-1,7,44,20,4,-12,-5,16,13,8,-7,-11,-3,None
0,-5,-1,7,44,20,4,-12,-5,16,13,8,-7,-11,-3,None
0,-2,4,11,-3,70,-9,-10,-16,16,13,8,-7,-11,-3,None
0,10,9,-12,-7,-128,-18,7,41,16,13,8,-7,-11,-3,None
0,3,1,-17,-105,-11,5,-2,-20,16,13,8,-7,-11,-3,None
0,3,6,4,-31,45,12,25,33,16,13,8,-7,-11,-3,None
0,3,6,4,-31,45,12,25,33,16,13,8,-7,-11,-3,None
0,3,6,4,-31,45,12,25,33,16,13,8,-7,-12,-1,None
0,-9,-7,-7,95,90,-9,-17,-21,16,13,8,-7,-12,-1,None
0,7,13,5,-91,15,-24,2,7,16,13,8,-7,-12,-1,None
0,-5,-3,-3,100,-86,8,-3,11,16,13,8,-7,-12,-1,None
0,-3,-5,-16,-38,89,7,11,1,16,13,8,-7,-12,-1,None
0,-3,-5,-16,-38,89,7,11,1,15,13,8,-7,-12,-1,None
0,-3,-5,-16,-38,89,7,11,1,15,13,8,-5,-11,-1,None
0,2,7,-3,50,29,-2,0,14,15,13,8,-5,-11,-1,None
0,-10,-7,1,117,-42,-5,-25,-46,15,13,8,-5,-11,-1,None
0,8,-3,-35,-96,124,-4,-8,22,15,13,8,-5,-11,-1,None
0,-11,-3,-11,41,-31,12,10,-11,15,13,8,-5,-11,-1,None
0,-11,-3,-11,41,-31,12,10,-11,15,13,8,-5,-11,-1,None
0,-11,-3,-11,41,-31,12,10,-11,15,13,8,-4,-10,0,None
0,-1,0,2,-12,22,0,6,1,15,13,8,-4,-10,0,None
0,-3,-3,5,19,-11,11,-6,-20,15,13,8,-4,-10,0,None
0,0,5,4,0,30,-3,-13,-10,15,13,8,-4,-10,0,None
0,-3,-2,6,-50,-22,-16,-11,-17,15,13,8,-4,-10,0,None
0,-3,-2,6,-50,-22,-16,-11,-17,15,13,8,-4,-10,0,None
0,-3,-2,6,-50,-22,-16,-11,-17,15,13,8,-5,-9,0,None
0,-3,5,9,-52,-19,-13,-11,3,15,13,8,-5,-9,0,None
0,3,-2,-13,39,-5,14,8,17,15,13,8,-5,-9,0,None
0,-1,0,7,85,-33,-2,-14,-23,15,13,8,-5,-9,0,None
0,-3,0,0,-1,-21,-13,7,-9,15,13,8,-5,-9,0,None
0,-3,0,0,-1,-21,-13,7,-9,15,12,8,-5,-9,0,None
0,-3,0,0,-1,-21,-13,7,-9,15,12,8,-5,-9,0,None
0,0,-3,-5,-11,27,16,5,8,15,12,8,-5,-9,0,None
0,-8,-4,-1,-14,-3,-11,-17,-20,15,12,8,-5,-9,0,None
0,6,6,4,-37,-1,2,17,57,15,12,8,-5,-9,0,None
0,2,11,3,35,-29,-9,15,-27,15,12,8,-5,-9,0,None
0,2,11,3,35,-29,-9,15,-27,15,12,8,-5,-9,0,None
0,2,11,3,35,-29,-9,15,-27,15,12,8,-5,-10,0,None
0,-2,-6,4,12,25,11,16,19,15,12,8,-5,-10,0,None
0,2,5,-4,-33,-30,-12,2,-5,15,12,8,-5,-10,0,None
0,-6,-5,5,-21,29,3,-25,11,15,12,8,-5,-10,0,None
0,-1,-3,6,27,32,7,3,-26,15,12,8,-5,-10,0,None
0,-1,-3,6,27,32,7,3,-26,15,12,8,-5,-10,0,None
0,-1,-3,6,27,32,7,3,-26,15,12,8,-5,-8,2,None
0,0,4,2,-30,8,0,6,22,15,12,8,-5,-8,2,None
0,-1,-1,-3,-47,-3,-9,-6,-5,15,12,8,-5,-8,2,None
0,-1,3,9,-6,-52,-13,8,-16,15,12,8,-5,-8,2,None
0,0,3,4,-37,-10,-2,-22,8,15,12,8,-5,-8,2,None
0,0,3,4,-37,-10,-2,-22,8,15,12,8,-5,-8,2,None
0,0,3,4,-37,-10,-2,-22,8,15,12,8,-6,-9,2,None
0,-4,0,-5,-71,-24,6,-1,-23,15,12,8,-6,-9,2,None
0,-1,-3,6,89,8,1,6,5,15,12,8,-6,-9,2,None
0,0,1,-12,-75,-31,-4,5,-1,15,12,8,-6,-9,2,None
0,-3,0,8,35,-23,-26,-5,7,15,12,8,-6,-9,2,None
0,-3,0,8,35,-23,-26,-5,7,15,12,8,-6,-9,2,None
0,-3,0,8,35,-23,-26,-5,7,15,12,8,-7,-11,2,None
0,-3,0,0,37,5,-1,-9,-18,15,12,8,-7,-11,2,None
0,0,-1,-16,6,21,14,-2,1,15,12,8,-7,-11,2,None
0,-4,-1,-4,36,23,-20,2,-11,15,12,8,-7,-11,2,None
0,5,4,3,29,-64,25,-1,17,15,12,8,-7,-11,2,None
0,5,4,3,29,-64,25,-1,17,15,12,8,-7,-11,2,None
0,5,4,3,29,-64,25,-1,17,15,12,8,-9,-10,2,None
0,1,-1,-17,-60,76,12,1,-4,15,12,8,-9,-10,2,None
0,0,0,9,28,-13,-2,2,2,15,12,8,-9,-10,2,None
0,-4,0,11,1,-17,7,1,-14,15,12,8,-9,-10,2,None
0,0,-1,-20,-14,-3,0,-9,8,15,12,8,-9,-10,2,None
0,0,-1,-20,-14,-3,0,-9,8,15,12,8,-9,-10,2,None
0,0,-1,-20,-14,-3,0,-9,8,15,12,8,-11,-10,1,None
0,-2,0,2,5,14,2,4,-4,15,12,8,-11,-10,1,None
0,-2,3,3,-12,15,18,3,0,15,12,8,-11,-10,1,None
0,-4,-2,-1,32,-19,-15,-3,-11,15,12,8,-11,-10,1,None
0,4,3,-4,-57,63,6,-2,10,15,12,8,-11,-10,1,None
0,4,3,-4,-57,63,6,-2,10,15,12,8,-11,-10,1,None
0,4,3,-4,-57,63,6,-2,10,15,12,8,-12,-10,1,None
0,-2,-3,-5,39,-54,-10,-3,-4,15,12,8,-12,-10,1,None
0,-3,-3,-11,-28,16,-6,-4,-5,15,12,8,-12,-10,1,None
0,-3,-3,-6,8,0,-7,1,-5,15,12,8,-12,-10,1,None
0,-2,-1,11,49,55,1,-5,1,15,12,8,-12,-10,1,None
0,-2,-1,11,49,55,1,-5,1,15,12,8,-12,-10,1,None
0,-2,-1,11,49,55,1,-5,1,15,12,8,-12,-9,1,None
0,1,2,-1,-4,-13,9,2,-2,15,12,8,-12,-9,1,None
0,-3,1,1,-3,-26,-18,-4,-5,15,12,8,-12,-9,1,None
0,3,1,-3,4,39,22,5,1,15,12,8,-12,-9,1,None
0,-2,1,-1,11,-37,-3,-2,2,15,12,8,-12,-9,1,None
0,-2,1,-1,11,-37,-3,-2,2,15,12,8,-12,-9,1,None
0,-2,1,-1,11,-37,-3,-2,2,15,12,8,-11,-9,2,None
0,-3,0,3,26,-19,-14,-4,-7,15,12,8,-11,-9,2,None
0,-1,0,0,-4,35,-3,-3,-1,15,12,8,-11,-9,2,None
0,-1,3,3,-50,2,3,2,0,15,12,8,-11,-9,2,None
0,-1,-2,-6,-16,22,-11,-6,0,15,12,8,-11,-9,2,None
0,-1,-2,-6,-16,22,-11,-6,0,15,12,8,-11,-9,2,None
0,-1,-2,-6,-16,22,-11,-6,0,15,12,8,-11,-9,2,None
0,-2,-1,-3,17,44,10,-2,-4,15,12,8,-11,-9,2,None
0,1,2,1,-2,14,-15,0,0,15,12,8,-11,-9,2,None
0,0,2,-8,2,48,10,1,-3,15,12,8,-11,-9,2,None
0,-3,-3,-5,-51,-40,-6,-4,-2,15,12,8,-11,-9,2,None
0,-3,-3,-5,-51,-40,-6,-4,-2,15,13,8,-11,-9,2,None
0,-3,-3,-5,-51,-40,-6,-4,-2,15,13,8,-11,-8,1,None
0,-5,-7,-3,72,47,1,-1,-4,15,13,8,-11,-8,1,None
0,-1,-1,-15,-82,-33,3,-1,0,15,13,8,-11,-8,1,None
0,1,0,3,78,-63,4,0,-1,15,13,8,-11,-8,1,None
0,0,4,14,-46,24,8,-1,1,15,13,8,-11,-8,1,None
0,0,4,14,-46,24,8,-1,1,15,13,8,-11,-8,1,None
0,0,4,14,-46,24,8,-1,1,15,13,8,-10,-7,1,None
0,4,4,-19,-36,-31,1,1,1,15,13,8,-10,-7,1,None
0,-4,-3,-3,31,-22,0,0,-2,15,13,8,-10,-7,1,None
0,-4,-1,2,-59,6,-6,-3,-4,15,13,8,-10,-7,1,None
0,-2,-1,-15,-4,-19,-5,-2,1,15,13,8,-10,-7,1,None
0,-2,-1,-15,-4,-19,-5,-2,1,15,13,8,-10,-7,1,None
0,-2,-1,-15,-4,-19,-5,-2,1,15,13,8,-10,-7,0,None
0,-1,3,4,8,25,8,-2,-2,15,13,8,-10,-7,0,None
0,-2,1,1,-30,-12,-3,-2,-3,15,13,8,-10,-7,0,None
0,3,4,-12,9,-31,1,2,2,15,13,8,-10,-7,0,None
0,-2,-4,-2,24,-5,1,-1,-2,15,13,8,-10,-7,0,None
0,-2,-4,-2,24,-5,1,-1,-2,15,13,8,-10,-7,0,None
0,-2,-4,-2,24,-5,1,-1,-2,15,13,8,-9,-7,0,None
0,-3,-1,-2,-22,-17,-11,-4,-3,15,13,8,-9,-7,0,None
0,-3,-2,0,17,25,7,-1,-2,15,13,8,-9,-7,0,None
0,-2,-2,-12,26,30,-3,-2,-3,15,13,8,-9,-7,0,None
0,-2,-2,-11,3,24,-7,-5,-3,15,13,8,-9,-7,0,None
0,-2,-2,-11,3,24,-7,-5,-3,15,13,8,-9,-7,0,None
0,-2,-2,-11,3,24,-7,-5,-3,15,13,8,-8,-8,-1,None
0,-1,0,-2,-6,-47,-1,0,0,15,13,8,-8,-8,-1,None
0,0,4,4,14,-26,-1,-2,-1,15,13,8,-8,-8,-1,None
0,-3,-1,-8,-22,35,-8,-5,-6,15,13,8,-8,-8,-1,None
0,-3,-3,-12,58,42,11,0,0,15,13,8,-8,-8,-1,None
0,-3,-3,-12,58,42,11,0,0,15,13,8,-8,-8,-1,None
0,-3,-3,-12,58,42,11,0,0,15,13,8,-8,-9,-1,None
0,0,-2,-10,-23,25,-1,-2,-4,15,13,8,-8,-9,-1,None
0,0,3,2,-37,-16,-5,0,0,15,13,8,-8,-9,-1,None
0,-1,2,12,-35,4,-4,-2,-4,15,13,8,-8,-9,-1,None
0,-1,1,4,6,-44,-9,-5,-3,15,13,8,-8,-9,-1,None
0,-1,1,4,6,-44,-9,-5,-3,16,13,9,-8,-9,-1,None
0,-1,1,4,6,-44,-9,-5,-3,16,13,9,-8,-9,-2,None
0,-1,-1,-1,-2,-6,-2,-3,-1,16,13,9,-8,-9,-2,None
0,-3,-2,-4,36,59,-5,-5,-2,16,13,9,-8,-9,-2,None
0,-1,2,1,5,6,3,-1,-3,16,13,9,-8,-9,-2,None
0,-2,1,9,5,-40,-1,1,-1,16,13,9,-8,-9,-2,None
0,-2,1,9,5,-40,-1,1,-1,16,12,9,-8,-9,-2,None
0,-2,1,9,5,-40,-1,1,-1,16,12,9,-7,-9,-3,None
0,-2,-2,-10,52,-44,-2,-4,-3,16,12,9,-7,-9,-3,None
0,4,4,3,-17,6,-2,-1,1,16,12,9,-7,-9,-3,None
0,-1,-3,-4,3,22,1,1,0,16,12,9,-7,-9,-3,None
0,-1,0,-7,-24,-9,-4,-4,-4,16,12,9,-7,-9,-3,None
0,-1,0,-7,-24,-9,-4,-4,-4,16,12,9,-7,-9,-3,None
0,-1,0,-7,-24,-9,-4,-4,-4,16,12,9,-6,-9,-3,None
0,-1,1,5,-12,14,-10,-4,-1,16,12,9,-6,-9,-3,None
0,-2,0,2,12,-13,1,3,-1,16,12,9,-6,-9,-3,None
0,0,3,8,-1,-1,-4,-1,-1,16,12,9,-6,-9,-3,None
0,-3,-3,0,41,1,1,-2,-4,16,12,9,-6,-9,-3,None
0,-3,-3,0,41,1,1,-2,-4,16,12,9,-6,-9,-3,None
0,-3,-3,0,41,1,1,-2,-4,16,12,9,-5,-10,-4,None
0,0,3,4,17,-26,-4,-3,0,16,12,9,-5,-10,-4,None
0,-2,-2,-2,-43,2,0,1,-14,16,12,9,-5,-10,-4,None
0,-3,0,-2,19,37,2,-11,9,16,12,9,-5,-10,-4,None
0,-3,3,10,24,2,-6,1,0,16,12,9,-5,-10,-4,None
0,-3,3,10,24,2,-6,1,0,16,12,9,-5,-10,-4,None
0,-3,3,10,24,2,-6,1,0,16,12,9,-4,-11,-5,None
0,-1,-2,-11,-15,-2,-4,1,-8,16,12,9,-4,-11,-5,None
0,-2,-1,-4,17,-18,3,-5,-7,16,12,9,-4,-11,-5,None
0,0,2,-1,23,19,-11,18,-2,16,12,9,-4,-11,-5,None
0,-3,-1,-9,-45,0,4,-22,-7,16,12,9,-4,-11,-5,None
0,-3,-1,-9,-45,0,4,-22,-7,16,12,9,-4,-11,-5,None
0,-3,-1,-9,-45,0,4,-22,-7,16,12,9,-3,-12,-5,None
0,-1,2,9,12,29,5,0,6,16,12,9,-3,-12,-5,None
0,-1,2,7,19,-14,2,13,1,16,12,9,-3,-12,-5,None
0,0,-2,-16,-23,-19,-28,-6,-9,16,12,9,-3,-12,-5,None
0,-1,1,6,-19,-13,24,-4,-9,16,12,9,-3,-12,-5,None
0,-1,1,6,-19,-13,24,-4,-9,17,12,9,-3,-12,-5,None
0,-1,1,6,-19,-13,24,-4,-9,17,12,9,-2,-13,-6,None
0,-1,1,-8,-19,-9,-46,-11,2,17,12,9,-2,-13,-6,None
0,-4,-3,-7,-19,23,29,-2,12,17,12,9,-2,-13,-6,None
0,-3,-1,-2,-5,-23,-3,-7,-16,17,12,9,-2,-13,-6,None
0,1,-1,-6,-7,-7,5,8,12,17,12,9,-2,-13,-6,None
0,1,-1,-6,-7,-7,5,8,12,17,12,9,-2,-13,-6,None
0,1,-1,-6,-7,-7,5,8,12,17,12,9,0,-12,-7,None
0,2,3,-6,-5,23,-1,15,4,17,12,9,0,-12,-7,None
0,-4,-6,0,98,3,-25,-24,-13,17,12,9,0,-12,-7,None
0,-3,-2,-9,-102,-57,5,-2,-6,17,12,9,0,-12,-7,None
0,4,5,6,74,69,-11,8,1,17,12,9,0,-12,-7,None
0,4,5,6,74,69,-11,8,1,17,12,9,0,-12,-7,None
0,4,5,6,74,69,-11,8,1,17,12,9,1,-13,-9,None
0,-6,-9,-16,96,-43,17,-12,-10,17,12,9,1,-13,-9,None
0,-4,-1,4,-1,26,-14,7,5,17,12,9,1,-13,-9,None
0,0,0,3,13,3,9,-9,-2,17,12,9,1,-13,-9,None
0,2,4,-6,-60,-14,-1,4,1,17,12,9,1,-13,-9,None
0,2,4,-6,-60,-14,-1,4,1,17,12,9,1,-13,-9,None
0,2,4,-6,-60,-14,-1,4,1,17,12,9,0,-16,-10,None
0,2,4,5,-1,21,-3,5,5,17,12,9,0,-16,-10,None
0,1,-1,-15,-72,30,0,-7,-2,17,12,9,0,-16,-10,None
0,-5,-5,0,28,-7,-2,-4,-4,17,12,9,0,-16,-10,None
0,-2,-2,-6,-57,-25,-3,-1,2,17,12,9,0,-16,-10,None
0,-2,-2,-6,-57,-25,-3,-1,2,17,12,9,0,-16,-10,None
0,-2,-2,-6,-57,-25,-3,-1,2,17,12,9,0,-16,-10,None
0,-5,-3,7,-67,-2,2,-1,-4,17,12,9,0,-16,-10,None
0,1,3,1,-29,-36,-5,-8,-5,17,12,9,0,-16,-10,None
0,5,9,10,9,-15,6,1,8,17,12,9,0,-16,-10,None
0,0,0,-6,-4,79,-7,0,0,17,12,9,0,-16,-10,None
0,0,0,-6,-4,79,-7,0,0,17,12,9,0,-16,-10,None
0,0,0,-6,-4,79,-7,0,0,17,12,9,0,-15,-10,None
0,-1,1,-5,-65,-51,3,-2,-2,17,12,9,0,-15,-10,None
0,0,1,0,22,-22,8,7,-2,17,12,9,0,-15,-10,None
0,0,1,-12,4,28,0,5,5,17,12,9,0,-15,-10,None
0,-3,-5,3,27,-9,1,-8,-15,17,12,9,0,-15,-10,None
0,-3,-5,3,27,-9,1,-8,-15,0,12,9,0,-15,-10,None
0,-3,-5,3,27,-9,1,-8,-15,0,12,9,0,-15,-9,None
0,0,3,-1,-21,12,4,1,6,0,12,9,0,-15,-9,None
0,1,1,-3,-1,12,-3,-1,4,0,12,9,0,-15,-9,None
0,0,0,-6,-38,39,0,1,3,0,12,9,0,-15,-9,None
0,-3,0,-4,6,-34,-3,-6,-6,0,12,9,0,-15,-9,None
0,-3,0,-4,6,-34,-3,-6,-6,0,11,9,0,-15,-9,None
0,-3,0,-4,6,-34,-3,-6,-6,0,11,9,0,-16,-9,None
0,-1,-1,-5,-88,6,2,-4,-5,0,11,9,0,-16,-9,None
0,3,3,-3,-19,-41,6,13,14,0,11,9,0,-16,-9,None
0,-1,-3,-9,-38,48,3,-2,-2,0,11,9,0,-16,-9,None
0,-1,2,10,-32,-2,-4,-2,1,0,11,9,0,-16,-9,None
0,-1,2,10,-32,-2,-4,-2,1,0,11,10,0,-16,-9,None
0,-1,2,10,-32,-2,-4,-2,1,0,11,10,0,-17,-8,None
0,3,5,-2,-48,16,0,3,-2,0,11,10,0,-17,-8,None
0,-1,0,-1,-38,-5,0,-2,-1,0,11,10,0,-17,-8,None
0,-1,1,3,16,-32,1,-2,-1,0,11,10,0,-17,-8,None
0,-4,-3,-7,-42,-2,-4,-2,-3,0,11,10,0,-17,-8,None
0,-4,-3,-7,-42,-2,-4,-2,-3,0,11,10,0,-17,-8,None
0,-4,-3,-7,-42,-2,-4,-2,-3,0,11,10,0,-16,-7,None
0,0,3,9,77,8,2,-3,-3,0,11,10,0,-16,-7,None
0,-3,-2,-3,19,31,-5,-9,-8,0,11,10,0,-16,-7,None
0,0,3,12,93,-32,1,2,2,0,11,10,0,-16,-7,None
0,-1,-2,-16,32,6,-8,3,2,0,11,10,0,-16,-7,None
0,-1,-2,-16,32,6,-8,3,2,0,11,10,0,-16,-7,None
0,-1,-2,-16,32,6,-8,3,2,0,11,10,-1,-18,-8,None
0,-7,-5,-5,-8,18,0,-7,-7,0,11,10,-1,-18,-8,None
0,2,2,-9,36,-37,0,0,2,0,11,10,-1,-18,-8,None
0,-1,1,0,41,14,-4,-1,-2,0,11,10,-1,-18,-8,None
0,1,2,5,50,-31,-3,-1,3,0,11,10,-1,-18,-8,None
0,1,2,5,50,-31,-3,-1,3,0,11,10,-1,-18,-8,None
0,1,2,5,50,-31,-3,-1,3,0,11,10,0,-14,-8,None
0,-1,0,0,59,28,-3,-1,-4,0,11,10,0,-14,-8,None
0,-3,-1,0,8,7,-3,-10,0,0,11,10,0,-14,-8,None
0,-5,-2,-4,36,9,4,-8,-43,0,11,10,0,-14,-8,None
0,1,3,-1,33,6,5,29,37,0,11,10,0,-14,-8,None
0,1,3,-1,33,6,5,29,37,0,11,10,0,-14,-8,None
0,1,3,-1,33,6,5,29,37,0,11,10,0,-14,-6,None
0,6,1,1,20,-11,-2,-2,3,0,11,10,0,-14,-6,None
0,-5,-3,4,12,19,-11,5,0,0,11,10,0,-14,-6,None
0,1,1,-5,-14,-12,1,-3,-1,0,11,10,0,-14,-6,None
0,-2,3,2,-3,32,0,-11,-11,0,11,10,0,-14,-6,None
0,-2,3,2,-3,32,0,-11,-11,0,12,10,0,-14,-6,None
0,-2,3,2,-3,32,0,-11,-11,0,12,10,0,-14,-7,None
0,-6,-2,-1,28,-26,-3,-2,-8,0,12,10,0,-14,-7,None
0,-2,1,1,14,23,-1,-2,1,0,12,10,0,-14,-7,None
0,-2,-2,-4,-17,-7,-5,-4,3,0,12,10,0,-14,-7,None
0,-1,0,-9,10,-3,-6,-5,-7,0,12,10,0,-14,-7,None
0,-1,0,-9,10,-3,-6,-5,-7,0,12,10,0,-14,-7,None
0,-1,0,-9,10,-3,-6,-5,-7,0,12,10,0,-13,-7,None
0,-1,2,0,-12,-3,-1,1,6,0,12,10,0,-13,-7,None
0,-3,0,1,-16,-21,-2,-9,-15,0,12,10,0,-13,-7,None
0,-2,-1,-6,-17,24,0,3,12,0,12,10,0,-13,-7,None
0,1,3,0,47,-12,3,2,-2,0,12,10,0,-13,-7,None
0,1,3,0,47,-12,3,2,-2,0,12,10,0,-13,-7,None
0,1,3,0,47,-12,3,2,-2,0,12,10,1,-12,-7,None
0,-2,-1,-4,-4,8,0,-5,-6,0,12,10,1,-12,-7,None
0,-3,0,-2,1,-2,5,-9,8,0,12,10,1,-12,-7,None
0,-4,-2,-4,-1,-11,-5,11,-11,0,12,10,1,-12,-7,None
0,2,2,0,6,-12,0,10,13,0,12,10,1,-12,-7,None
0,2,2,0,6,-12,0,10,13,0,12,10,1,-12,-7,None
0,2,2,0,6,-12,0,10,13,0,12,10,1,-12,-7,None
0,0,1,-1,4,4,3,5,6,0,12,10,1,-12,-7,None
0,1,1,-3,-5,12,-5,-10,-20,0,12,10,1,-12,-7,None
0,-5,0,-3,-12,-3,-7,-16,22,0,12,10,1,-12,-7,None
0,-4,-3,-2,-17,-13,-3,13,-2,0,12,10,1,-12,-7,None
0,-4,-3,-2,-17,-13,-3,13,-2,0,12,10,1,-12,-7,None
0,-4,-3,-2,-17,-13,-3,13,-2,0,12,10,1,-12,-7,None
0,-2,2,-2,-30,13,9,7,6,0,12,10,1,-12,-7,None
0,0,-4,-2,-6,-20,-7,-1,-14,0,12,10,1,-12,-7,None
0,7,13,0,1,9,6,-14,-11,0,12,10,1,-12,-7,None
0,-36,-22,-4,-16,-16,-13,-49,-102,0,12,10,1,-12,-7,None
0,-36,-22,-4,-16,-16,-13,-49,-102,17,12,10,1,-12,-7,None
0,-36,-22,-4,-16,-16,-13,-49,-102,17,12,10,1,-12,-7,None
0,27,12,-1,2,7,7,56,74,17,12,10,1,-12,-7,None
0,-1,-27,-4,-3,-5,-2,-18,13,17,12,10,1,-12,-7,None
0,14,5,-1,13,-1,9,85,93,17,12,10,1,-12,-7,None
0,33,49,-2,-14,-4,-8,-43,-15,17,12,10,1,-12,-7,None
0,33,49,-2,-14,-4,-8,-43,-15,17,12,10,1,-12,-7,None
0,33,49,-2,-14,-4,-8,-43,-15,17,12,10,2,-12,-7,None
0,-48,-18,-2,13,9,1,-22,-20,17,12,10,2,-12,-7,None
0,10,33,4,4,-4,-1,2,5,17,12,10,2,-12,-7,None
0,12,-5,3,8,10,3,14,-42,17,12,10,2,-12,-7,None
0,0,8,-5,-1,-12,-4,-20,1,17,12,10,2,-12,-7,None
0,0,8,-5,-1,-12,-4,-20,1,17,12,10,2,-12,-7,None
0,0,8,-5,-1,-12,-4,-20,1,17,12,10,2,-12,-6,None
0,4,-40,-16,4,-1,-8,6,-19,17,12,10,2,-12,-6,None
0,-29,-13,-8,42,-5,-10,-5,26,17,12,10,2,-12,-6,None
0,-35,3,-1,76,-1,22,-51,-67,17,12,10,2,-12,-6,None
0,28,27,14,104,-4,-1,58,-26,17,12,10,2,-12,-6,None
0,28,27,14,104,-4,-1,58,-26,17,12,10,2,-12,-6,None
0,28,27,14,104,-4,-1,58,-26,17,12,10,2,-13,-6,None
0,34,5,-5,127,0,-9,-26,52,17,12,10,2,-13,-6,None
0,17,5,-7,105,3,-1,14,-22,17,12,10,2,-13,-6,None
0,-14,-9,6,39,-4,-9,-43,-11,17,12,10,2,-13,-6,None
0,-18,-18,1,-62,-2,-3,-13,-52,17,12,10,2,-13,-6,None
0,-18,-18,1,-62,-2,-3,-13,-52,17,12,10,2,-13,-6,None
0,-18,-18,1,-62,-2,-3,-13,-52,17,12,10,2,-13,-5,None
0,-6,19,9,-111,-3,-5,3,-55,17,12,10,2,-13,-5,None
0,14,9,-11,-128,-10,-3,-25,55,17,12,10,2,-13,-5,None
0,-16,2,-23,-128,-1,-7,-13,-29,17,12,10,2,-13,-5,None
0,-16,3,2,-91,1,7,40,52,17,12,10,2,-13,-5,None
0,-16,3,2,-91,1,7,40,52,17,12,9,2,-13,-5,None
0,-16,3,2,-91,1,7,40,52,17,12,9,1,-13,-5,None
0,-5,-7,-5,-82,-1,-9,-41,-62,17,12,9,1,-13,-5,None
0,-31,25,15,-55,-1,4,25,35,17,12,9,1,-13,-5,None
0,2,-39,1,-29,1,-7,-19,38,17,12,9,1,-13,-5,None
0,13,-8,-11,-15,0,-1,-17,41,17,12,9,1,-13,-5,None
0,13,-8,-11,-15,0,-1,-17,41,17,12,9,1,-13,-5,None
0,13,-8,-11,-15,0,-1,-17,41,17,12,9,1,-13,-4,None
0,-8,10,1,-4,1,4,21,-18,17,12,9,1,-13,-4,None
0,1,4,9,11,0,0,-10,-43,17,12,9,1,-13,-4,None
0,1,-9,-10,6,3,-3,10,32,17,12,9,1,-13,-4,None
0,4,-3,-2,10,-2,0,6,0,17,12,9,1,-13,-4,None
0,4,-3,-2,10,-2,0,6,0,17,12,9,1,-13,-4,None
0,4,-3,-2,10,-2,0,6,0,17,12,9,0,-13,-4,None
0,-5,3,3,14,3,4,-11,1,17,12,9,0,-13,-4,None
0,-1,-12,-5,10,2,1,-1,-22,17,12,9,0,-13,-4,None
0,14,18,4,0,-2,-6,16,9,17,12,9,0,-13,-4,None
0,-3,-21,-1,7,0,0,-18,-7,17,12,9,0,-13,-4,None
0,-3,-21,-1,7,0,0,-18,-7,17,12,9,0,-13,-4,None
0,-3,-21,-1,7,0,0,-18,-7,17,12,9,0,-13,-4,None
0,-3,2,0,4,-1,-1,-8,16,17,12,9,0,-13,-4,None
0,5,0,0,3,3,1,17,18,17,12,9,0,-13,-4,None
0,6,4,6,-1,0,-3,-1,-3,17,12,9,0,-13,-4,None
0,-11,-2,-4,7,1,-1,-12,-7,17,12,9,0,-13,-4,None
0,-11,-2,-4,7,1,-1,-12,-7,17,12,9,0,-13,-4,None
0,-11,-2,-4,7,1,-1,-12,-7,17,12,9,0,-13,-4,None
0,0,5,0,8,3,4,38,30,17,12,9,0,-13,-4,None
0,6,-3,-9,5,-1,0,2,-25,17,12,9,0,-13,-4,None
0,0,1,-7,13,2,0,0,12,17,12,9,0,-13,-4,None
0,-2,-5,-10,3,-4,-3,-10,17,17,12,9,0,-13,-4,None
0,-2,-5,-10,3,-4,-3,-10,17,17,12,9,0,-13,-4,None
0,-2,-5,-10,3,-4,-3,-10,17,17,12,9,0,-13,-4,None
0,1,5,-10,-13,-1,-3,-8,-5,17,12,9,0,-13,-4,None
0,3,-7,-7,5,0,0,8,-7,17,12,9,0,-13,-4,None
0,1,5,-6,0,1,4,-1,-12,17,12,9,0,-13,-4,None
0,1,1,-5,-1,3,0,5,18,17,12,9,0,-13,-4,None
0,1,1,-5,-1,3,0,5,18,17,12,9,0,-13,-4,None
0,1,1,-5,-1,3,0,5,18,17,12,9,-1,-12,-4,None
0,-2,0,-5,-4,1,-4,-7,-13,17,12,9,-1,-12,-4,None
0,-3,0,-3,29,2,2,-2,-9,17,12,9,-1,-12,-4,None
0,-2,3,-7,-45,1,-3,-5,-7,17,12,9,-1,-12,-4,None
0,-2,-5,-7,32,-1,1,12,14,17,12,9,-1,-12,-4,None
0,-2,-5,-7,32,-1,1,12,14,17,12,9,-1,-12,-4,None
0,-2,-5,-7,32,-1,1,12,14,17,12,9,-2,-11,-5,None
0,-1,1,-1,-9,-4,-1,-8,0,17,12,9,-2,-11,-5,None
0,-3,-4,-2,-14,13,-7,-9,6,17,12,9,-2,-11,-5,None
0,1,4,-1,14,-15,1,5,-20,17,12,9,-2,-11,-5,None
0,-3,-2,2,35,10,-13,-2,-3,17,12,9,-2,-11,-5,None
0,-3,-2,2,35,10,-13,-2,-3,0,12,9,-2,-11,-5,None
0,-3,-2,2,35,10,-13,-2,-3,0,12,9,-2,-11,-4,None
0,-3,2,-2,-65,-22,-32,-10,-6,0,12,9,-2,-11,-4,None
0,-2,-3,-9,27,40,36,1,-2,0,12,9,-2,-11,-4,None
0,7,5,5,13,-8,27,14,9,0,12,9,-2,-11,-4,None
0,-8,1,10,66,19,13,4,-3,0,12,9,-2,-11,-4,None
0,-8,1,10,66,19,13,4,-3,0,12,9,-2,-11,-4,None
0,-8,1,10,66,19,13,4,-3,0,12,9,-1,-12,-4,None
0,-3,-1,-8,-73,-25,-10,-12,-6,0,12,9,-1,-12,-4,None
0,4,6,14,65,8,-31,1,-1,0,12,9,-1,-12,-4,None
0,-1,0,-6,-65,16,5,2,0,0,12,9,-1,-12,-4,None
0,1,-2,-8,-71,-29,-18,-7,2,0,12,9,-1,-12,-4,None
0,1,-2,-8,-71,-29,-18,-7,2,0,12,9,-1,-12,-4,None
0,1,-2,-8,-71,-29,-18,-7,2,0,12,9,-1,-11,-4,None
0,-2,2,9,89,51,7,0,1,0,12,9,-1,-11,-4,None
0,-3,-2,-7,-128,-109,15,0,-11,0,12,9,-1,-11,-4,None
0,-3,2,10,127,75,-16,-5,-6,0,12,9,-1,-11,-4,None
0,-1,-1,-7,-2,-43,-5,-1,8,0,12,9,-1,-11,-4,None
0,-1,-1,-7,-2,-43,-5,-1,8,0,12,9,-1,-11,-4,None
0,-1,-1,-7,-2,-43,-5,-1,8,0,12,9,-1,-12,-3,None
0,-1,0,-5,21,-8,9,7,-1,0,12,9,-1,-12,-3,None
0,2,6,10,66,71,6,-3,-4,0,12,9,-1,-12,-3,None
0,-6,0,-5,72,-8,-15,1,-2,0,12,9,-1,-12,-3,None
0,4,6,-3,-125,69,14,3,14,0,12,9,-1,-12,-3,None
0,4,6,-3,-125,69,14,3,14,0,12,9,-1,-12,-3,None
0,4,6,-3,-125,69,14,3,14,0,12,9,0,-13,-3,None
0,-3,-2,5,-44,-87,0,-6,-9,0,12,9,0,-13,-3,None
0,1,1,-12,-28,-6,-3,5,-9,0,12,9,0,-13,-3,None
0,-2,2,15,27,-64,7,3,1,0,12,9,0,-13,-3,None
0,-3,-7,-59,55,-3,1,-1,-4,0,12,9,0,-13,-3,None
0,-3,-7,-59,55,-3,1,-1,-4,0,12,9,0,-13,-3,None
0,-3,-7,-59,55,-3,1,-1,-4,0,12,9,0,-13,-3,None
0,-1,0,-3,100,44,4,1,2,0,12,9,0,-13,-3,None
0,2,1,6,-11,42,3,-1,1,0,12,9,0,-13,-3,None
0,2,8,15,-80,46,-4,-4,2,0,12,9,0,-13,-3,None
0,-1,-2,22,36,-61,7,1,-2,0,12,9,0,-13,-3,None
0,-1,-2,22,36,-61,7,1,-2,0,12,9,0,-13,-3,None
0,-1,-2,22,36,-61,7,1,-2,0,12,9,1,-13,-1,None
0,-1,-3,-31,-107,-42,-9,-9,-1,0,12,9,1,-13,-1,None
0,-8,-4,-25,70,6,5,3,-8,0,12,9,1,-13,-1,None
0,6,-3,-2,-46,15,-5,-5,1,0,12,9,1,-13,-1,None
0,0,3,26,127,-54,12,1,0,0,12,9,1,-13,-1,None
0,0,3,26,127,-54,12,1,0,1,12,9,1,-13,-1,None
0,0,3,26,127,-54,12,1,0,1,12,9,3,-14,0,None
0,2,5,1,-4,-57,-21,-1,-1,1,12,9,3,-14,0,None
0,-3,-2,19,48,2,2,-4,-3,1,12,9,3,-14,0,None
0,-7,0,-13,19,84,2,-1,-12,1,12,9,3,-14,0,None
0,-2,-3,1,-59,-80,-11,-7,-2,1,12,9,3,-14,0,None
0,-2,-3,1,-59,-80,-11,-7,-2,1,12,9,3,-14,0,None
0,-2,-3,1,-59,-80,-11,-7,-2,1,12,9,5,-15,-1,None
0,0,14,0,-41,-24,10,4,1,1,12,9,5,-15,-1,None
0,-10,-41,-10,53,-4,-21,-11,-8,1,12,9,5,-15,-1,None
0,-1,0,-2,22,15,5,2,-5,1,12,9,5,-15,-1,None
0,6,52,-14,-55,-4,-4,1,-1,1,12,9,5,-15,-1,None
0,6,52,-14,-55,-4,-4,1,-1,1,12,9,5,-15,-1,None
0,6,52,-14,-55,-4,-4,1,-1,1,12,9,6,-16,-2,None
0,0,-42,16,105,103,9,-4,8,1,12,9,6,-16,-2,None
0,5,16,0,-12,-58,-8,1,-6,1,12,9,6,-16,-2,None
0,-2,-6,-3,-27,15,-2,-3,-1,1,12,9,6,-16,-2,None
0,1,-5,7,0,59,-2,-4,-3,1,12,9,6,-16,-2,None
0,1,-5,7,0,59,-2,-4,-3,1,12,9,6,-16,-2,None
0,1,-5,7,0,59,-2,-4,-3,1,12,9,7,-17,-2,None
0,1,23,11,73,49,15,4,0,1,12,9,7,-17,-2,None
0,-8,-14,-54,-127,-112,-10,-7,-4,1,12,9,7,-17,-2,None
0,-2,-11,-4,34,-52,-15,-6,0,1,12,9,7,-17,-2,None
0,5,17,0,27,19,6,1,2,1,12,9,7,-17,-2,None
0,5,17,0,27,19,6,1,2,1,12,9,7,-17,-2,None
0,5,17,0,27,19,6,1,2,1,12,9,8,-20,-1,None
0,-9,-14,-19,30,71,-2,-9,-11,1,12,9,8,-20,-1,None
0,-14,-36,6,6,25,0,3,3,1,12,9,8,-20,-1,None
0,-2,15,-3,27,37,-1,-4,-5,1,12,9,8,-20,-1,None
0,0,-5,-6,-63,3,-4,-1,2,1,12,9,8,-20,-1,None
0,0,-5,-6,-63,3,-4,-1,2,1,12,9,8,-20,-1,None
0,0,-5,-6,-63,3,-4,-1,2,1,12,9,9,-18,-2,None
0,1,23,0,6,-36,-1,-1,-5,1,12,9,9,-18,-2,None
0,-1,15,21,17,14,3,1,1,1,12,9,9,-18,-2,None
0,1,12,-8,-25,-79,-9,-2,1,1,12,9,9,-18,-2,None
0,-1,-30,0,3,16,-3,-2,-2,1,12,9,9,-18,-2,None
0,-1,-30,0,3,16,-3,-2,-2,1,12,9,9,-18,-2,None
0,-1,-30,0,3,16,-3,-2,-2,1,12,9,7,-13,0,None
0,-2,10,5,-34,-18,4,0,-2,1,12,9,7,-13,0,None
0,5,11,10,19,58,-2,0,1,1,12,9,7,-13,0,None
0,-2,-11,3,32,-20,-1,-3,-4,1,12,9,7,-13,0,None
0,-9,5,-3,35,70,-1,-4,-4,1,12,9,7,-13,0,None
0,-9,5,-3,35,70,-1,-4,-4,1,12,9,7,-13,0,None
0,-9,5,-3,35,70,-1,-4,-4,1,12,9,6,-11,0,None
0,0,-3,3,-56,-1,0,-1,1,1,12,9,6,-11,0,None
0,4,31,9,40,37,4,3,3,1,12,9,6,-11,0,None
0,6,-7,-12,-94,-97,-1,0,-6,1,12,9,6,-11,0,None
0,-8,-6,-2,-8,33,-9,-7,-3,1,12,9,6,-11,0,None
0,-8,-6,-2,-8,33,-9,-7,-3,1,12,9,6,-11,0,None
0,-8,-6,-2,-8,33,-9,-7,-3,1,12,9,7,-13,0,None
0,-5,-15,-7,-33,22,-2,-2,-5,1,12,9,7,-13,0,None
0,5,18,14,-2,-3,5,1,4,1,12,9,7,-13,0,None
0,-6,-6,-8,-36,-9,-2,-1,0,1,12,9,7,-13,0,None
0,-1,-7,-4,-28,-37,-2,0,1,1,12,9,7,-13,0,None
0,-1,-7,-4,-28,-37,-2,0,1,1,12,9,7,-13,0,None
0,-1,-7,-4,-28,-37,-2,0,1,1,12,9,8,-13,0,None
0,5,34,12,74,63,7,-1,-7,1,12,9,8,-13,0,None
0,33,-2,-3,32,18,-3,-5,-10,1,12,9,8,-13,0,None
0,-30,-40,16,35,-33,-7,7,12,1,12,9,8,-13,0,None
0,-4,17,24,63,-1,2,0,-1,1,12,9,8,-13,0,None
0,-4,17,24,63,-1,2,0,-1,1,12,9,8,-13,0,None
0,-4,17,24,63,-1,2,0,-1,1,12,9,7,-12,0,None
0,4,13,10,-27,-52,-8,-2,1,1,12,9,7,-12,0,None
0,-5,-32,4,37,62,3,-5,-7,1,12,9,7,-12,0,None
0,8,12,-11,12,39,-5,-4,-4,1,12,9,7,-12,0,None
0,-1,-2,5,2,-4,-1,1,0,1,12,9,7,-12,0,None
0,-1,-2,5,2,-4,-1,1,0,1,12,9,7,-12,0,None
0,-1,-2,5,2,-4,-1,1,0,1,12,9,8,-13,-1,None
0,-3,-3,-4,3,-42,1,0,1,1,12,9,8,-13,-1,None
0,-6,14,-8,-39,-3,-5,0,0,1,12,9,8,-13,-1,None
0,2,8,5,6,30,-2,-5,-2,1,12,9,8,-13,-1,None
0,-6,-16,-10,-6,14,0,0,-1,1,12,9,8,-13,-1,None
0,-6,-16,-10,-6,14,0,0,-1,1,12,9,8,-13,-1,None
0,-6,-16,-10,-6,14,0,0,-1,1,12,9,8,-13,-1,None
0,2,-6,-9,-4,-1,-1,0,-2,1,12,9,8,-13,-1,None
0,-6,1,-12,-39,-46,-7,-1,1,1,12,9,8,-13,-1,None
0,2,5,-8,-7,2,2,0,1,1,12,9,8,-13,-1,None
0,6,-1,-4,-2,-4,0,-2,-1,1,12,9,8,-13,-1,None
0,6,-1,-4,-2,-4,0,-2,-1,1,12,9,8,-13,-1,None
0,6,-1,-4,-2,-4,0,-2,-1,1,12,9,8,-12,-1,None
0,-2,-4,2,74,17,3,0,-2,1,12,9,8,-12,-1,None
0,-9,3,-7,-26,-35,-3,-2,-2,1,12,9,8,-12,-1,None
0,5,13,-5,-18,2,-1,-3,-4,1,12,9,8,-12,-1,None
0,-2,-1,-6,-27,-4,-1,-3,-4,1,12,9,8,-12,-1,None
0,-2,-1,-6,-27,-4,-1,-3,-4,1,12,9,8,-12,-1,None
0,-2,-1,-6,-27,-4,-1,-3,-4,1,12,9,8,-12,-1,None
0,-3,-7,1,29,26,-1,-1,2,1,12,9,8,-12,-1,None
0,-3,1,-1,-88,-4,-3,2,4,1,12,9,8,-12,-1,None
0,0,-1,-10,-10,-34,-4,-4,-6,1,12,9,8,-12,-1,None
0,-1,1,-9,-26,14,1,-1,-4,1,12,9,8,-12,-1,None
0,-1,1,-9,-26,14,1,-1,-4,1,12,9,8,-12,-1,None
0,-1,1,-9,-26,14,1,-1,-4,1,12,9,8,-12,-1,None
0,-2,-2,-5,-4,18,1,1,2,1,12,9,8,-12,-1,None
0,1,12,3,16,-7,0,0,-1,1,12,9,8,-12,-1,None
0,1,-5,-6,-27,-4,-1,-1,0,1,12,9,8,-12,-1,None
0,0,6,2,5,9,-3,0,-1,1,12,9,8,-12,-1,None
0,0,6,2,5,9,-3,0,-1,1,12,9,8,-12,-1,None
0,0,6,2,5,9,-3,0,-1,1,12,9,7,-12,-1,None
0,-4,-1,-1,-8,-12,-3,-2,-2,1,12,9,7,-12,-1,None
0,2,-5,-4,37,27,0,-1,-2,1,12,9,7,-12,-1,None
0,-4,14,-2,-13,15,1,-5,-4,1,12,9,7,-12,-1,None
0,-4,-1,-3,25,-8,0,-2,-1,1,12,9,7,-12,-1,None
0,-4,-1,-3,25,-8,0,-2,-1,1,12,9,7,-12,-1,None
0,-4,-1,-3,25,-8,0,-2,-1,1,12,9,7,-12,-1,None
0,0,4,-4,-16,-6,-2,-3,-3,1,12,9,7,-12,-1,None
0,-1,0,-1,19,-4,0,0,0,1,12,9,7,-12,-1,None
0,0,-7,-3,10,8,0,1,0,1,12,9,7,-12,-1,None
0,2,2,-1,-1,1,1,-1,-2,1,12,9,7,-12,-1,None
0,2,2,-1,-1,1,1,-1,-2,1,12,9,7,-12,-1,None
0,2,2,-1,-1,1,1,-1,-2,1,12,9,7,-12,-1,None
0,-4,-6,-3,-15,-17,-5,-2,-3,1,12,9,7,-12,-1,None
0,9,62,-17,12,-21,-3,-1,3,1,12,9,7,-12,-1,None
0,-13,-21,10,42,45,7,0,-4,1,12,9,7,-12,-1,None
0,-3,-4,-4,-38,1,0,0,-1,1,12,9,7,-12,-1,None
0,-3,-4,-4,-38,1,0,0,-1,1,12,9,7,-12,-1,None
0,-3,-4,-4,-38,1,0,0,-1,1,12,9,7,-12,-1,None
0,-3,-5,-2,6,-8,-1,-2,-1,1,12,9,7,-12,-1,None
0,-3,1,0,-6,-8,-2,-1,0,1,12,9,7,-12,-1,None
0,6,8,-3,0,-9,-3,-1,2,1,12,9,7,-12,-1,None
0,-1,-6,-4,18,12,-3,-3,-1,1,12,9,7,-12,-1,None
0,-1,-6,-4,18,12,-3,-3,-1,1,12,9,7,-12,-1,None
0,-1,-6,-4,18,12,-3,-3,-1,1,12,9,7,-12,-1,None
0,-1,0,-5,-10,3,-1,-1,-1,1,12,9,7,-12,-1,None
0,-4,-15,1,-8,-1,-1,-2,-3,1,12,9,7,-12,-1,None
0,6,0,3,-22,-18,2,2,1,1,12,9,7,-12,-1,None
0,-3,-7,-12,40,1,-7,-3,-4,1,12,9,7,-12,-1,None
0,-3,-7,-12,40,1,-7,-3,-4,1,12,9,7,-12,-1,None
0,-3,-7,-12,40,1,-7,-3,-4,1,12,9,7,-12,-2,None
0,-4,3,4,-23,48,4,-5,-4,1,12,9,7,-12,-2,None
0,-4,-14,0,-6,-13,-1,-1,-2,1,12,9,7,-12,-2,None
0,1,0,0,21,0,1,-2,-1,1,12,9,7,-12,-2,None
0,3,10,-1,1,-22,1,2,0,1,12,9,7,-12,-2,None
0,3,10,-1,1,-22,1,2,0,1,12,9,7,-12,-2,None
0,3,10,-1,1,-22,1,2,0,1,12,9,7,-12,-1,None
0,1,-2,-6,1,-15,-3,1,-1,1,12,9,7,-12,-1,None
0,-4,-11,-1,5,12,0,-2,-2,1,12,9,7,-12,-1,None
0,1,5,-3,1,1,-1,0,0,1,12,9,7,-12,-1,None
0,-2,-2,0,-13,2,0,-1,-1,1,12,9,7,-12,-1,None
0,-2,-2,0,-13,2,0,-1,-1,1,12,9,7,-12,-1,None
0,-2,-2,0,-13,2,0,-1,-1,1,12,9,7,-12,-1,None
0,-1,-2,-7,0,0,-3,-3,-1,1,12,9,7,-12,-1,None
0,-4,-12,1,-16,4,1,-2,-3,1,12,9,7,-12,-1,None
0,-5,13,-5,8,-6,-2,-1,-1,1,12,9,7,-12,-1,None
0,-2,-19,4,-41,9,2,0,-2,1,12,9,7,-12,-1,None
0,-2,-19,4,-41,9,2,0,-2,1,12,9,7,-12,-1,None
0,-2,-19,4,-41,9,2,0,-2,1,12,9,7,-12,-1,None
0,-5,-9,-9,12,9,-5,-5,-4,1,12,9,7,-12,-1,None
0,-2,2,1,-1,-2,1,0,-2,1,12,9,7,-12,-1,None
0,0,-4,-2,-6,4,-2,-2,0,1,12,9,7,-12,-1,None
0,-1,8,0,5,5,0,-1,-1,1,12,9,7,-12,-1,None
0,-1,8,0,5,5,0,-1,-1,1,12,9,7,-12,-1,None
0,-1,8,0,5,5,0,-1,-1,1,12,9,8,-12,-1,None
0,1,4,-1,-5,-17,-3,0,1,1,12,9,8,-12,-1,None
0,-2,-7,-1,-6,0,-2,-1,-2,1,12,9,8,-12,-1,None
0,-1,6,-3,3,8,-3,-3,-3,1,12,9,8,-12,-1,None
0,0,-5,9,2,2,0,0,3,1,12,9,8,-12,-1,None
0,0,-5,9,2,2,0,0,3,1,12,9,8,-12,-1,None
0,0,-5,9,2,2,0,0,3,1,12,9,8,-12,-1,None
0,-4,-3,-3,3,-10,-2,-2,-5,1,12,9,8,-12,-1,None
0,-4,0,-1,8,23,3,-3,-4,1,12,9,8,-12,-1,None
0,-2,-3,-8,39,31,-3,-5,-4,1,12,9,8,-12,-1,None
0,0,-3,-1,-2,-10,-2,-1,-3,1,12,9,8,-12,-1,None
0,0,-3,-1,-2,-10,-2,-1,-3,1,12,9,8,-12,-1,None
0,0,-3,-1,-2,-10,-2,-1,-3,1,12,9,7,-12,-1,None
0,-1,0,-2,-6,-5,-1,0,0,1,12,9,7,-12,-1,None
0,-2,2,0,-6,-25,-3,-1,-2,1,12,9,7,-12,-1,None
0,3,-4,4,5,-13,-1,2,-1,1,12,9,7,-12,-1,None
0,2,22,-6,2,9,-1,-3,-2,1,12,9,7,-12,-1,None
0,2,22,-6,2,9,-1,-3,-2,1,12,9,7,-12,-1,None
0,2,22,-6,2,9,-1,-3,-2,1,12,9,7,-12,-1,None
0,-4,-27,-1,2,-2,-1,-2,-2,1,12,9,7,-12,-1,None
0,-3,-2,-2,12,19,-1,-1,-1,1,12,9,7,-12,-1,None
0,-1,1,-3,-28,-13,-2,-1,1,1,12,9,7,-12,-1,None
0,-2,0,-6,3,13,-2,-1,-2,1,12,9,7,-12,-1,None
0,-2,0,-6,3,13,-2,-1,-2,1,12,9,7,-12,-1,None
0,-2,0,-6,3,13,-2,-1,-2,1,12,9,7,-12,-1,None
0,2,18,-2,-8,-7,0,-1,-1,1,12,9,7,-12,-1,None
0,-1,-27,2,4,5,-3,-2,1,1,12,9,7,-12,-1,None
0,-2,-4,-2,-5,9,-1,-1,-1,1,12,9,7,-12,-1,None
0,-3,-2,-3,3,-6,0,-1,-2,1,12,9,7,-12,-1,None
0,-3,-2,-3,3,-6,0,-1,-2,1,12,9,7,-12,-1,None
0,-3,-2,-3,3,-6,0,-1,-2,1,12,9,7,-12,-1,None
0,7,9,-3,-9,-2,-3,-1,-1,1,12,9,7,-12,-1,None
0,-15,-22,-5,-2,2,-2,-2,-4,1,12,9,7,-12,-1,None
0,-5,6,-4,-4,-8,-2,0,-3,1,12,9,7,-12,-1,None
0,4,-12,-4,-13,-9,0,-1,0,1,12,9,7,-12,-1,None
0,4,-12,-4,-13,-9,0,-1,0,1,12,9,7,-12,-1,None
0,4,-12,-4,-13,-9,0,-1,0,1,12,9,7,-12,-1,None
0,2,6,3,7,11,0,-2,0,1,12,9,7,-12,-1,None
0,2,12,-2,-12,-10,-3,-2,0,1,12,9,7,-12,-1,None
0,-3,-2,0,-13,-15,1,-2,-2,1,12,9,7,-12,-1,None
0,-5,-7,-7,-17,17,-3,-4,-5,1,12,9,7,-12,-1,None
0,-5,-7,-7,-17,17,-3,-4,-5,1,12,9,7,-12,-1,None
0,-5,-7,-7,-17,17,-3,-4,-5,1,12,9,8,-12,-1,None
0,-1,28,2,-4,5,2,0,-1,1,12,9,8,-12,-1,None
0,0,-2,-2,-17,-17,-1,1,-1,1,12,9,8,-12,-1,None
0,7,2,0,24,7,-1,-1,0,1,12,9,8,-12,-1,None
0,-3,1,-1,1,0,-2,-2,-1,1,12,9,8,-12,-1,None
0,-3,1,-1,1,0,-2,-2,-1,1,12,9,8,-12,-1,None
0,-3,1,-1,1,0,-2,-2,-1,1,12,9,8,-12,-1,None
0,0,2,-4,7,-8,0,-1,-2,1,12,9,8,-12,-1,None
0,1,8,-4,-3,-5,-4,-2,-2,1,12,9,8,-12,-1,None
0,0,1,-5,7,19,0,-1,-1,1,12,9,8,-12,-1,None
0,-3,-2,13,-13,-13,1,-2,-1,1,12,9,8,-12,-1,None
0,-3,-2,13,-13,-13,1,-2,-1,1,12,9,8,-12,-1,None
0,-3,-2,13,-13,-13,1,-2,-1,1,12,9,7,-12,-2,None
0,-8,-10,-19,-88,-14,-7,-3,-3,1,12,9,7,-12,-2,None
0,4,6,2,26,17,0,-1,-2,1,12,9,7,-12,-2,None
0,-5,-5,-3,-1,3,-1,0,0,1,12,9,7,-12,-2,None
0,2,3,-1,14,3,0,-1,-3,1,12,9,7,-12,-2,None
0,2,3,-1,14,3,0,-1,-3,1,12,9,7,-12,-2,None
0,2,3,-1,14,3,0,-1,-3,1,12,9,7,-12,-2,None
0,-2,-7,1,16,-7,-3,-1,-1,1,12,9,7,-12,-2,None
0,-1,4,-1,-9,1,1,0,-1,1,12,9,7,-12,-2,None
0,-5,11,-4,-25,-17,-2,-2,-3,1,12,9,7,-12,-2,None
0,5,28,-2,28,-3,-4,-1,0,1,12,9,7,-12,-2,None
0,5,28,-2,28,-3,-4,-1,0,1,12,9,7,-12,-2,None
0,5,28,-2,28,-3,-4,-1,0,1,12,9,7,-12,-2,None
0,0,-5,-2,-4,12,0,0,0,1,12,9,7,-12,-2,None
0,-19,1,-6,-1,15,-3,-4,-4,1,12,9,7,-12,-2,None
0,10,5,4,13,-1,0,-1,-2,1,12,9,7,-12,-2,None
0,-4,0,-5,1,-10,-1,0,-1,1,12,9,7,-12,-2,None
0,-4,0,-5,1,-10,-1,0,-1,1,12,9,7,-12,-2,None
0,-4,0,-5,1,-10,-1,0,-1,1,12,9,7,-12,-2,None
0,0,-4,0,18,2,2,1,0,1,12,9,7,-12,-2,None
0,-5,-1,-2,1,-2,0,-1,-2,1,12,9,7,-12,-2,None
0,-1,0,0,-10,0,-1,-1,0,1,12,9,7,-12,-2,None
0,0,-2,-3,15,9,1,-3,-1,1,12,9,7,-12,-2,None
0,0,-2,-3,15,9,1,-3,-1,1,12,9,7,-12,-2,None
0,0,-2,-3,15,9,1,-3,-1,1,12,9,7,-12,-2,None
0,1,-3,-1,-10,-3,-1,-3,-1,1,12,9,7,-12,-2,None
0,5,2,2,-9,13,2,1,0,1,12,9,7,-12,-2,None
0,-1,2,-6,4,-1,-4,-3,-4,1,12,9,7,-12,-2,None
0,-3,-3,-5,-2,-5,-3,-2,-2,1,12,9,7,-12,-2,None
0,-3,-3,-5,-2,-5,-3,-2,-2,1,12,9,7,-12,-2,None
0,-3,-3,-5,-2,-5,-3,-2,-2,1,12,9,7,-12,-2,None
0,-6,-3,1,26,14,0,-2,-2,1,12,9,7,-12,-2,None
0,8,23,-1,-1,-7,-1,-2,0,1,12,9,7,-12,-2,None
0,-1,-3,4,-5,-4,-1,-1,-1,1,12,9,7,-12,-2,None
0,-7,-4,-3,-27,-13,-1,-1,-1,1,12,9,7,-12,-2,None
0,-7,-4,-3,-27,-13,-1,-1,-1,1,12,9,7,-12,-2,None
0,-7,-4,-3,-27,-13,-1,-1,-1,1,12,9,7,-12,-2,None
0,0,-6,-2,7,-19,-3,-1,-2,1,12,9,7,-12,-2,None
0,3,5,1,13,25,2,-1,-1,1,12,9,7,-12,-2,None
0,-1,6,-4,3,4,-1,-1,0,1,12,9,7,-12,-2,None
0,3,8,-5,2,6,-2,-1,-3,1,12,9,7,-12,-2,None
0,3,8,-5,2,6,-2,-1,-3,1,12,9,7,-12,-2,None
0,3,8,-5,2,6,-2,-1,-3,1,12,9,7,-12,-2,None
0,-8,-10,-1,-16,-3,-1,-2,-2,1,12,9,7,-12,-2,None
0,3,-4,-2,3,-11,-2,-2,-1,1,12,9,7,-12,-2,None
0,-3,2,-2,-3,0,-1,-1,0,1,12,9,7,-12,-2,None
0,-1,-8,-1,5,10,-2,-1,-1,1,12,9,7,-12,-2,None
0,-1,-8,-1,5,10,-2,-1,-1,1,12,9,7,-12,-2,None
0,-1,-8,-1,5,10,-2,-1,-1,1,12,9,7,-12,-1,None
0,-1,8,-2,12,11,1,-2,-3,1,12,9,7,-12,-1,None
0,-2,-1,-2,-7,-7,-1,0,-1,1,12,9,7,-12,-1,None
0,-5,-11,-3,-2,1,2,-2,-1,1,12,9,7,-12,-1,None
0,-4,5,-1,-2,14,-2,-1,-1,1,12,9,7,-12,-1,None
0,-4,5,-1,-2,14,-2,-1,-1,1,12,9,7,-12,-1,None
0,-4,5,-1,-2,14,-2,-1,-1,1,12,9,8,-12,-1,None
0,1,-1,-2,4,2,-1,-1,-1,1,12,9,8,-12,-1,None
0,-3,-7,-2,-4,-7,-2,-3,-3,1,12,9,8,-12,-1,None
0,2,5,0,0,-2,-3,-1,-1,1,12,9,8,-12,-1,None
0,-2,-7,-2,-5,0,2,0,-1,1,12,9,8,-12,-1,None
0,-2,-7,-2,-5,0,2,0,-1,1,12,9,8,-12,-1,None
0,-2,-7,-2,-5,0,2,0,-1,1,12,9,8,-12,-1,None
0,0,4,0,10,-1,1,-2,-1,1,12,9,8,-12,-1,None
0,3,-6,-5,-3,-1,-1,-1,-1,1,12,9,8,-12,-1,None
0,3,-6,-5,-3,-1,-1,-1,-1,1,12,9,8,-12,-1,None
0,3,-6,-5,-3,-1,-1,-1,-1,1,12,9,7,-12,-1,None
0,-38,-6,1,3,6,-1,-2,-1,1,12,9,7,-12,-1,None
0,21,18,-1,-3,2,-1,-2,-3,1,12,9,7,-12,-1,None
0,-3,-17,1,20,5,0,-1,0,1,12,9,7,-12,-1,None
0,-3,3,-4,-18,-22,-1,0,-1,1,12,9,7,-12,-1,None
0,4,10,-2,-3,4,-2,-3,-2,1,12,9,7,-12,-1,None
0,-8,-23,-4,-12,-3,0,-1,-1,1,12,9,7,-12,-1,None
0,-8,-23,-4,-12,-3,0,-1,-1,1,12,9,7,-12,-1,None
0,-8,-23,-4,-12,-3,0,-1,-1,1,12,9,7,-13,-1,None
0,-2,12,4,32,-3,1,1,-2,1,12,9,7,-13,-1,None
0,9,0,-8,-13,7,-5,-1,-1,1,12,9,7,-13,-1,None
0,2,-2,-4,-4,-4,-1,-3,-2,1,12,9,7,-13,-1,None
0,2,24,1,-4,-8,-2,-1,-1,1,12,9,7,-13,-1,None
0,2,24,1,-4,-8,-2,-1,-1,1,12,9,7,-13,-1,None
0,2,24,1,-4,-8,-2,-1,-1,1,12,9,7,-12,-1,None
0,4,-7,-5,-7,-3,0,-1,-1,1,12,9,7,-12,-1,None
0,-8,-5,-1,14,9,-3,-1,-2,1,12,9,7,-12,-1,None
0,6,-4,-2,-13,1,2,0,-1,1,12,9,7,-12,-1,None
0,-10,4,-3,4,5,-1,-3,0,1,12,9,7,-12,-1,None
0,-10,4,-3,4,5,-1,-3,0,1,12,9,7,-12,-1,None
0,-10,4,-3,4,5,-1,-3,0,1,12,9,7,-12,-1,None
0,1,1,-5,-12,0,0,-1,0,1,12,9,7,-12,-1,None
0,-2,6,3,7,-6,1,-1,-1,1,12,9,7,-12,-1,None
0,2,-3,-4,-26,-7,-3,-2,-2,1,12,9,7,-12,-1,None
0,0,-9,-12,16,7,-2,-2,-1,1,12,9,7,-12,-1,None
0,0,-9,-12,16,7,-2,-2,-1,1,12,9,7,-12,-1,None
0,0,-9,-12,16,7,-2,-2,-1,1,12,9,7,-12,-1,None
0,-1,3,3,-15,0,0,0,-2,1,12,9,7,-12,-1,None
0,-5,-2,-1,7,-6,-1,-1,-1,1,12,9,7,-12,-1,None
0,4,-1,-3,12,6,-1,0,-1,1,12,9,7,-12,-1,None
0,-8,-5,-1,-4,0,1,-1,-2,1,12,9,7,-12,-1,None
0,-8,-5,-1,-4,0,1,-1,-2,1,12,9,7,-12,-1,None
0,-8,-5,-1,-4,0,1,-1,-2,1,12,9,7,-12,-1,None
0,0,4,-3,-5,-8,-4,-2,-3,1,12,9,7,-12,-1,None
0,0,8,2,-5,8,0,0,0,1,12,9,7,-12,-1,None
0,0,8,2,-5,8,0,0,0,1,12,9,7,-12,-1,None
0,0,8,2,-5,8,0,0,0,1,12,9,7,-12,-1,None
0,-4,-22,-2,12,-11,-3,-3,-1,1,12,9,7,-12,-1,None
0,3,19,0,17,13,-3,-2,-2,1,12,9,7,-12,-1,None
0,-8,-29,-2,-11,5,0,-2,-1,1,12,9,7,-12,-1,None
0,-17,-4,-1,-10,-1,1,0,-1,1,12,9,7,-12,-1,None
0,-17,-4,-1,-10,-1,1,0,-1,1,12,9,7,-12,-1,None
0,-17,-4,-1,-10,-1,1,0,-1,1,12,9,7,-12,-1,None
0,18,7,3,15,4,1,-1,-3,1,12,9,7,-12,-1,None
0,-3,-7,-8,-1,-11,-3,-1,-3,1,12,9,7,-12,-1,None
0,16,14,0,3,-4,-2,-1,1,1,12,9,7,-12,-1,None
0,-32,0,-3,3,-1,-2,-4,-5,1,12,9,7,-12,-1,None
0,-32,0,-3,3,-1,-2,-4,-5,1,12,9,7,-12,-1,None
0,-32,0,-3,3,-1,-2,-4,-5,1,12,9,7,-12,-1,None
0,-6,-2,-2,-17,4,0,-1,-1,1,12,9,7,-12,-1,None
0,-7,-6,3,6,2,0,-2,-1,1,12,9,7,-12,-1,None
0,-1,11,-1,-2,3,-2,-1,-2,1,12,9,7,-12,-1,None
0,12,-9,-6,-4,3,-1,-2,-1,1,12,9,7,-12,-1,None
0,12,-9,-6,-4,3,-1,-2,-1,1,12,9,7,-12,-1,None
0,12,-9,-6,-4,3,-1,-2,-1,1,12,9,7,-12,-1,None
0,-1,10,-3,0,3,-3,-1,-1,1,12,9,7,-12,-1,None
0,-1,-9,0,-11,-12,0,-2,-1,1,12,9,7,-12,-1,None
0,-4,4,-4,1,0,-1,-1,0,1,12,9,7,-12,-1,None
0,8,4,1,2,0,-2,-1,0,1,12,9,7,-12,-1,None
0,8,4,1,2,0,-2,-1,0,1,12,9,7,-12,-1,None
0,8,4,1,2,0,-2,-1,0,1,12,9,7,-12,-1,None
0,-2,2,-2,0,-4,-1,-2,-1,1,12,9,7,-12,-1,None
0,3,32,5,18,-4,3,4,3,1,12,9,7,-12,-1,None
0,-9,-49,-6,5,20,-7,-9,-6,1,12,9,7,-12,-1,None
0,3,13,-1,0,0,4,1,0,1,12,9,7,-12,-1,None
0,3,13,-1,0,0,4,1,0,1,12,9,7,-12,-1,None
0,3,13,-1,0,0,4,1,0,1,12,9,7,-12,-1,None
0,0,3,-1,-7,20,1,-1,-1,1,12,9,7,-12,-1,None
0,-3,-8,-3,0,-12,-1,-1,-1,1,12,9,7,-12,-1,None
0,0,26,0,-5,-7,0,1,1,1,12,9,7,-12,-1,None
0,5,-4,-2,-1,-7,-2,-1,-2,1,12,9,7,-12,-1,None
0,5,-4,-2,-1,-7,-2,-1,-2,1,12,9,7,-12,-1,None
0,5,-4,-2,-1,-7,-2,-1,-2,1,12,9,7,-12,-1,None
0,-2,-9,-4,11,-4,-2,-2,-2,1,12,9,7,-12,-1,None
0,-3,-1,0,-17,2,0,-1,-1,1,12,9,7,-12,-1,None
0,-1,8,-4,-1,-2,-2,-1,-1,1,12,9,7,-12,-1,None
0,-13,-2,1,23,8,-1,0,0,1,12,9,7,-12,-1,None
0,-13,-2,1,23,8,-1,0,0,1,12,9,7,-12,-1,None
0,-13,-2,1,23,8,-1,0,0,1,12,9,7,-12,-1,None
0,24,8,3,-58,-37,-4,0,-2,1,12,9,7,-12,-1,None
0,-5,-17,-13,-13,22,-5,-7,-5,1,12,9,7,-12,-1,None
0,-2,6,-1,2,6,2,0,-1,1,12,9,7,-12,-1,None
0,3,-2,1,6,-4,-2,-1,0,1,12,9,7,-12,-1,None
0,3,-2,1,6,-4,-2,-1,0,1,12,9,7,-12,-1,None
0,3,-2,1,6,-4,-2,-1,0,1,12,9,7,-12,-1,None
0,-8,8,2,7,-2,1,0,1,1,12,9,7,-12,-1,None
0,0,-5,0,-4,-9,-2,-1,0,1,12,9,7,-12,-1,None
0,1,1,-1,-1,-6,-3,-3,-1,1,12,9,7,-12,-1,None
0,6,5,-5,-15,-4,-2,-2,-2,1,12,9,7,-12,-1,None
0,6,5,-5,-15,-4,-2,-2,-2,1,12,9,7,-12,-1,None
0,6,5,-5,-15,-4,-2,-2,-2,1,12,9,7,-12,-1,None
0,-6,-3,-5,13,6,-2,-2,-1,1,12,9,7,-12,-1,None
0,0,-5,-1,-10,1,-2,-2,-1,1,12,9,7,-12,-1,None
0,-3,8,-2,26,-8,1,0,-2,1,12,9,7,-12,-1,None
0,5,-21,-2,-54,2,-4,-4,-4,1,12,9,7,-12,-1,None
0,5,-21,-2,-54,2,-4,-4,-4,1,12,9,7,-12,-1,None
0,5,-21,-2,-54,2,-4,-4,-4,1,12,9,7,-12,-1,None
0,-7,-2,-4,5,28,1,-3,-3,1,12,9,7,-12,-1,None
0,-3,-1,2,5,2,1,0,-2,1,12,9,7,-12,-1,None
0,-2,1,-1,-5,-7,0,1,0,1,12,9,7,-12,-1,None
0,3,9,0,8,-17,0,0,1,1,12,9,7,-12,-1,None
0,3,9,0,8,-17,0,0,1,1,12,9,7,-12,-1,None
0,3,9,0,8,-17,0,0,1,1,12,9,8,-12,-1,None
0,-2,-1,-3,6,-8,-3,-2,0,1,12,9,8,-12,-1,None
0,-1,-3,-2,-11,3,-1,-3,0,1,12,9,8,-12,-1,None
0,0,10,-1,-3,2,-1,0,-1,1,12,9,8,-12,-1,None
0,0,-1,-6,5,4,-1,-1,-2,1,12,9,8,-12,-1,None
0,0,-1,-6,5,4,-1,-1,-2,1,12,9,8,-12,-1,None
0,0,-1,-6,5,4,-1,-1,-2,1,12,9,7,-12,-1,None
0,-5,-7,-4,-2,3,0,-1,-2,1,12,9,7,-12,-1,None
0,2,26,-2,2,-8,-1,2,1,1,12,9,7,-12,-1,None
0,0,-9,3,-15,3,-1,-3,-5,1,12,9,7,-12,-1,None
0,-3,-1,-2,11,7,-2,-2,-2,1,12,9,7,-12,-1,None
0,-3,-1,-2,11,7,-2,-2,-2,1,12,9,7,-12,-1,None
0,-3,-1,-2,11,7,-2,-2,-2,1,12,9,7,-12,-1,None
0,-5,-5,-4,14,11,-3,-4,-3,1,12,9,7,-12,-1,None
0,1,2,-2,-7,-7,-3,0,-2,1,12,9,7,-12,-1,None
0,1,4,-3,-1,-5,-1,-1,0,1,12,9,7,-12,-1,None
0,0,1,-3,1,0,-3,-1,0,1,12,9,7,-12,-1,None
0,0,1,-3,1,0,-3,-1,0,1,12,9,7,-12,-1,None
0,0,1,-3,1,0,-3,-1,0,1,12,9,7,-12,-1,None
0,0,7,-4,3,-6,1,0,-2,1,12,9,7,-12,-1,None
0,-2,-5,1,25,5,2,-1,-1,1,12,9,7,-12,-1,None
0,-9,21,3,-1,-2,-4,-3,0,1,12,9,7,-12,-1,None
0,-1,-18,-3,-11,8,-2,-3,-2,1,12,9,7,-12,-1,None
0,-1,-18,-3,-11,8,-2,-3,-2,1,12,9,7,-12,-1,None
0,-1,-18,-3,-11,8,-2,-3,-2,1,12,9,7,-12,-1,None
0,-3,4,-2,8,4,-2,-3,-1,1,12,9,7,-12,-1,None
0,-1,-11,1,-9,9,0,-3,-2,1,12,9,7,-12,-1,None
0,-5,3,-6,0,6,0,-1,-1,1,12,9,7,-12,-1,None
0,2,9,0,6,-2,1,0,-1,1,12,9,7,-12,-1,None
0,2,9,0,6,-2,1,0,-1,1,12,9,7,-12,-1,None
0,2,9,0,6,-2,1,0,-1,1,12,9,7,-12,-1,None
0,0,-2,0,-5,-8,-2,0,0,1,12,9,7,-12,-1,None
0,-5,-3,-3,-2,-2,-2,-1,1,1,12,9,7,-12,-1,None
0,-16,26,2,-1,-5,1,-3,-3,1,12,9,7,-12,-1,None
0,2,1,-3,-5,5,0,-1,0,1,12,9,7,-12,-1,None
0,2,1,-3,-5,5,0,-1,0,1,12,9,7,-12,-1,None
0,2,1,-3,-5,5,0,-1,0,1,12,9,7,-12,-1,None
0,0,-1,-4,27,1,0,-1,-1,1,12,9,7,-12,-1,None
0,-8,-8,-6,-49,-9,-1,-5,-3,1,12,9,7,-12,-1,None
0,7,-5,-4,-1,2,-1,-1,-1,1,12,9,7,-12,-1,None
0,1,2,-2,0,-9,-2,-2,-2,1,12,9,7,-12,-1,None
0,1,2,-2,0,-9,-2,-2,-2,1,12,9,7,-12,-1,None
0,1,2,-2,0,-9,-2,-2,-2,1,12,9,7,-12,-1,None
0,-5,3,-1,0,1,1,2,-1,1,12,9,7,-12,-1,None
0,8,1,-1,5,-1,-2,-1,-2,1,12,9,7,-12,-1,None
0,0,-15,-3,0,0,-1,-1,-2,1,12,9,7,-12,-1,None
0,4,14,-1,-6,-1,-1,-2,-2,1,12,9,7,-12,-1,None
0,4,14,-1,-6,-1,-1,-2,-2,1,12,9,7,-12,-1,None
0,4,14,-1,-6,-1,-1,-2,-2,1,12,9,7,-12,-1,None
0,5,-19,2,22,13,-2,0,-3,1,12,9,7,-12,-1,None
