0,-2,-4,-20,-29,-61,-40,-55,-9,1,12,8,5,-18,-6,None
0,-3,-1,13,7,53,49,24,-25,1,12,8,5,-18,-6,None
0,2,3,-5,-19,8,-18,18,32,1,12,8,5,-18,-6,None
0,2,3,-5,-19,8,-18,18,32,1,12,8,5,-18,-6,None
0,2,3,-5,-19,8,-18,18,32,1,12,8,4,-18,-5,None
0,3,2,20,29,4,-68,-34,5,1,12,8,4,-18,-5,None
0,0,-1,-8,-41,-39,69,70,10,1,12,8,4,-18,-5,None
0,0,0,-9,2,-2,-7,-34,-5,1,12,8,4,-18,-5,None
0,-1,-1,-3,13,-64,1,2,-13,1,12,8,4,-18,-5,None
0,-1,-1,-3,13,-64,1,2,-13,0,12,8,4,-18,-5,None
0,-1,-1,-3,13,-64,1,2,-13,0,12,8,2,-18,-5,None
0,-3,-2,-4,2,27,24,26,-2,0,12,8,2,-18,-5,None
0,0,1,-14,-27,7,-46,-42,-9,0,12,8,2,-18,-5,None
0,-5,2,3,7,-42,-18,-39,-6,0,12,8,2,-18,-5,None
0,-1,3,10,-9,39,22,51,0,0,12,8,2,-18,-5,None
0,-1,3,10,-9,39,22,51,0,0,12,8,2,-18,-5,None
0,-1,3,10,-9,39,22,51,0,0,12,8,0,-19,-4,None
0,1,-2,-4,-6,-32,-42,-29,1,0,12,8,0,-19,-4,None
0,-6,0,-16,-32,-23,9,14,-10,0,12,8,0,-19,-4,None
0,1,6,19,18,-41,29,-5,4,0,12,8,0,-19,-4,None
0,-4,-6,-17,-10,37,-33,-79,-9,0,12,8,0,-19,-4,None
0,-4,-6,-17,-10,37,-33,-79,-9,0,12,8,0,-19,-4,None
0,-4,-6,-17,-10,37,-33,-79,-9,0,12,8,0,-18,-5,None
0,0,3,13,-4,-4,-25,57,2,0,12,8,0,-18,-5,None
0,-1,0,-2,4,0,54,42,4,0,12,8,0,-18,-5,None
0,-1,0,4,-3,64,-25,-8,-2,0,12,8,0,-18,-5,None
0,0,3,-1,6,-9,43,10,8,0,12,8,0,-18,-5,None
0,0,3,-1,6,-9,43,10,8,0,12,8,0,-18,-5,None
0,0,3,-1,6,-9,43,10,8,0,12,8,0,-17,-5,None
0,-2,-3,-3,-3,33,9,-10,-6,0,12,8,0,-17,-5,None
0,-2,0,-5,-4,24,-23,-10,-17,0,12,8,0,-17,-5,None
0,1,0,-6,29,43,10,0,31,0,12,8,0,-17,-5,None
0,-4,-1,-6,-2,-32,-39,-9,-21,0,12,8,0,-17,-5,None
0,-4,-1,-6,-2,-32,-39,-9,-21,17,12,8,0,-17,-5,None
0,-4,-1,-6,-2,-32,-39,-9,-21,17,12,8,-2,-17,-5,None
0,-2,4,9,0,44,32,-16,-6,17,12,8,-2,-17,-5,None
0,1,-1,-9,2,-2,-37,-9,32,17,12,8,-2,-17,-5,None
0,-3,2,3,-4,-11,3,-13,-46,17,12,8,-2,-17,-5,None
0,-2,0,2,60,-102,-19,9,-17,17,12,8,-2,-17,-5,None
0,-2,0,2,60,-102,-19,9,-17,17,12,8,-2,-17,-5,None
0,-2,0,2,60,-102,-19,9,-17,17,12,8,-3,-16,-5,None
0,0,-3,-6,4,42,44,11,24,17,12,8,-3,-16,-5,None
0,4,1,-8,-8,31,-3,9,14,17,12,8,-3,-16,-5,None
0,1,4,2,33,-63,-37,-2,13,17,12,8,-3,-16,-5,None
0,0,1,1,-6,62,16,4,3,17,12,8,-3,-16,-5,None
0,0,1,1,-6,62,16,4,3,17,12,8,-3,-16,-5,None
0,0,1,1,-6,62,16,4,3,17,12,8,-5,-14,-5,None
0,-7,-5,-1,14,20,8,-9,-22,17,12,8,-5,-14,-5,None
0,-6,-4,-15,-55,-116,-10,-5,-6,17,12,8,-5,-14,-5,None
0,-2,2,6,17,97,-7,-8,5,17,12,8,-5,-14,-5,None
0,1,10,2,-8,-65,5,7,-15,17,12,8,-5,-14,-5,None
0,1,10,2,-8,-65,5,7,-15,16,12,8,-5,-14,-5,None
0,1,10,2,-8,-65,5,7,-15,16,12,8,-6,-12,-5,None
0,1,-3,-5,-5,-55,4,11,28,16,12,8,-6,-12,-5,None
0,-2,2,3,8,48,-5,-24,-26,16,12,8,-6,-12,-5,None
0,-6,-1,-3,-23,-10,3,31,-10,16,12,8,-6,-12,-5,None
0,-2,1,3,-15,-32,4,-8,-42,16,12,8,-6,-12,-5,None
0,-2,1,3,-15,-32,4,-8,-42,16,12,8,-6,-12,-5,None
0,-2,1,3,-15,-32,4,-8,-42,16,12,8,-7,-11,-4,None
0,-1,-1,1,-30,-56,-16,-10,5,16,12,8,-7,-11,-4,None
0,3,4,-1,12,-15,3,19,37,16,12,8,-7,-11,-4,None
0,-3,0,13,50,-31,6,-18,-3,16,12,8,-7,-11,-4,None
0,2,-4,-15,-84,60,-5,7,12,16,12,8,-7,-11,-4,None
0,2,-4,-15,-84,60,-5,7,12,16,12,8,-7,-11,-4,None
0,2,-4,-15,-84,60,-5,7,12,16,12,8,-6,-11,-4,None
0,1,3,-1,19,-23,12,-6,1,16,12,8,-6,-11,-4,None
0,-5,-8,-9,1,26,-2,-4,-12,16,12,8,-6,-11,-4,None
0,-2,1,-3,-16,-9,2,-12,-5,16,12,8,-6,-11,-4,None
0,-2,2,5,46,90,-4,4,24,16,12,8,-6,-11,-4,None
0,-2,2,5,46,90,-4,4,24,15,12,8,-6,-11,-4,None
0,-2,2,5,46,90,-4,4,24,15,12,8,-6,-11,-3,None
0,2,0,-5,32,-5,-1,4,2,15,12,8,-6,-11,-3,None
0,-6,-1,1,-34,54,-4,-14,-16,15,12,8,-6,-11,-3,None
0,-3,0,-3,-14,64,-17,-19,-29,15,12,8,-6,-11,-3,None
0,8,-1,9,-6,-3,23,33,62,15,12,8,-6,-11,-3,None
0,8,-1,9,-6,-3,23,33,62,15,12,7,-6,-11,-3,None
0,8,-1,9,-6,-3,23,33,62,15,12,7,-6,-10,-3,None
0,-6,5,3,-24,13,-15,-9,-25,15,12,7,-6,-10,-3,None
0,-6,4,6,109,7,1,-1,2,15,12,7,-6,-10,-3,None
0,23,-2,-11,-46,-33,-13,-17,-5,15,12,7,-6,-10,-3,None
0,-6,1,-5,-24,-56,-11,-3,-11,15,12,7,-6,-10,-3,None
0,-6,1,-5,-24,-56,-11,-3,-11,15,12,7,-6,-10,-3,None
0,-6,1,-5,-24,-56,-11,-3,-11,15,12,7,-6,-8,-3,None
0,-3,-2,-5,19,25,12,-6,-2,15,12,7,-6,-8,-3,None
0,-3,0,7,3,50,-3,-36,-2,15,12,7,-6,-8,-3,None
0,-2,2,2,-11,-12,6,74,36,15,12,7,-6,-8,-3,None
0,-2,5,3,-9,-25,-18,-18,-6,15,12,7,-6,-8,-3,None
0,-2,5,3,-9,-25,-18,-18,-6,15,11,7,-6,-8,-3,None
0,-2,5,3,-9,-25,-18,-18,-6,15,11,7,-6,-7,-2,None
0,14,-12,-13,-41,21,22,10,-15,15,11,7,-6,-7,-2,None
0,-13,5,-3,-23,-6,2,1,-7,15,11,7,-6,-7,-2,None
0,-4,3,-1,87,21,2,-25,5,15,11,7,-6,-7,-2,None
0,2,-3,-14,-82,8,6,-12,-29,15,11,7,-6,-7,-2,None
0,2,-3,-14,-82,8,6,-12,-29,15,11,7,-6,-7,-2,None
0,2,-3,-14,-82,8,6,-12,-29,15,11,7,-7,-7,-2,None
0,-3,0,-16,26,-45,-10,42,22,15,11,7,-7,-7,-2,None
0,6,-1,-16,-58,20,2,7,3,15,11,7,-7,-7,-2,None
0,-3,1,15,79,19,6,-2,15,15,11,7,-7,-7,-2,None
0,-4,-1,-10,52,-22,-16,-16,-32,15,11,7,-7,-7,-2,None
0,-4,-1,-10,52,-22,-16,-16,-32,14,11,7,-7,-7,-2,None
0,-4,-1,-10,52,-22,-16,-16,-32,14,11,7,-7,-8,0,None
0,-8,-1,0,13,28,0,-36,-15,14,11,7,-7,-8,0,None
0,6,-2,-1,30,-27,0,16,28,14,11,7,-7,-8,0,None
0,-1,1,-11,-57,-2,8,11,-37,14,11,7,-7,-8,0,None
0,-1,-1,5,42,8,-12,-15,11,14,11,7,-7,-8,0,None
0,-1,-1,5,42,8,-12,-15,11,14,11,7,-7,-8,0,None
0,-1,-1,5,42,8,-12,-15,11,14,11,7,-6,-8,0,None
0,0,4,10,20,5,1,15,4,14,11,7,-6,-8,0,None
0,-2,-4,-6,0,-9,-12,-3,-11,14,11,7,-6,-8,0,None
0,-2,0,8,-14,-15,13,-12,6,14,11,7,-6,-8,0,None
0,-4,-2,6,13,42,-2,-7,-5,14,11,7,-6,-8,0,None
0,-4,-2,6,13,42,-2,-7,-5,14,11,7,-6,-8,0,None
0,-4,-2,6,13,42,-2,-7,-5,14,11,7,-4,-3,2,None
0,-4,0,6,-19,3,-6,6,11,14,11,7,-4,-3,2,None
0,1,2,12,10,2,2,-2,0,14,11,7,-4,-3,2,None
0,0,-2,-7,-55,-22,-9,8,-2,14,11,7,-4,-3,2,None
0,-2,-1,-4,-27,-3,-2,2,8,14,11,7,-4,-3,2,None
0,-2,-1,-4,-27,-3,-2,2,8,14,11,7,-4,-3,2,None
0,-2,-1,-4,-27,-3,-2,2,8,14,11,7,-3,-6,1,None
0,-2,2,5,31,15,0,-5,-16,14,11,7,-3,-6,1,None
0,-1,-2,-5,-52,18,-10,-13,-10,14,11,7,-3,-6,1,None
0,-2,-2,-19,-20,11,3,-3,9,14,11,7,-3,-6,1,None
0,-3,-1,-2,20,12,9,9,2,14,11,7,-3,-6,1,None
0,-3,-1,-2,20,12,9,9,2,14,11,7,-3,-6,1,None
0,-3,-1,-2,20,12,9,9,2,14,11,7,-6,-11,2,None
0,-1,3,-15,-36,-55,-34,-24,-10,14,11,7,-6,-11,2,None
0,1,-2,-3,11,97,71,16,-6,14,11,7,-6,-11,2,None
0,-3,-1,6,35,-87,-27,-4,6,14,11,7,-6,-11,2,None
0,6,4,2,98,57,21,10,4,14,11,7,-6,-11,2,None
0,6,4,2,98,57,21,10,4,14,11,7,-6,-11,2,None
0,6,4,2,98,57,21,10,4,14,11,7,-9,-9,0,None
0,-3,-5,-23,-74,-1,6,-9,-6,14,11,7,-9,-9,0,None
0,0,3,5,28,-18,-33,-1,-6,14,11,7,-9,-9,0,None
0,0,0,2,22,43,5,2,4,14,11,7,-9,-9,0,None
0,-4,1,7,14,-17,-4,-1,-2,14,11,7,-9,-9,0,None
0,-4,1,7,14,-17,-4,-1,-2,14,11,7,-9,-9,0,None
0,-4,1,7,14,-17,-4,-1,-2,14,11,7,-12,-7,0,None
0,-3,1,10,12,-4,-10,0,-4,14,11,7,-12,-7,0,None
0,1,5,10,14,-34,2,0,-3,14,11,7,-12,-7,0,None
0,1,-1,-12,-17,29,27,-3,1,14,11,7,-12,-7,0,None
0,-2,-1,-4,-33,-17,-23,2,2,14,11,7,-12,-7,0,None
0,-2,-1,-4,-33,-17,-23,2,2,14,11,7,-12,-7,0,None
0,-2,-1,-4,-33,-17,-23,2,2,14,11,7,-11,-7,0,None
0,-3,-3,-5,55,42,20,-4,-3,14,11,7,-11,-7,0,None
0,-3,-1,1,-7,-35,-18,-6,-8,14,11,7,-11,-7,0,None
0,-2,3,6,18,-22,-10,-9,-2,14,11,7,-11,-7,0,None
0,-1,-2,2,-23,15,12,3,5,14,11,7,-11,-7,0,None
0,-1,-2,2,-23,15,12,3,5,15,11,7,-11,-7,0,None
0,-1,-2,2,-23,15,12,3,5,15,11,7,-10,-7,0,None
0,-3,-6,-9,-4,-18,-5,-1,-3,15,11,7,-10,-7,0,None
0,0,1,-6,15,-21,-4,-7,-6,15,11,7,-10,-7,0,None
0,-1,0,-4,-55,-11,6,0,2,15,11,7,-10,-7,0,None
0,0,3,-6,2,-31,-6,0,-2,15,11,7,-10,-7,0,None
0,0,3,-6,2,-31,-6,0,-2,15,11,7,-10,-7,0,None
0,0,3,-6,2,-31,-6,0,-2,15,11,7,-9,-8,0,None
0,-4,0,10,17,40,2,-4,-6,15,11,7,-9,-8,0,None
0,-1,0,-10,23,16,-3,2,-2,15,11,7,-9,-8,0,None
0,-2,0,-4,-13,-4,-10,-3,-1,15,11,7,-9,-8,0,None
0,-1,-1,4,-42,-15,11,0,-3,15,11,7,-9,-8,0,None
0,-1,-1,4,-42,-15,11,0,-3,15,11,7,-9,-8,0,None
0,-1,-1,4,-42,-15,11,0,-3,15,11,7,-9,-8,0,None
0,2,3,-14,-19,9,0,-1,0,15,11,7,-9,-8,0,None
0,-2,-3,-1,27,-16,-8,-3,-5,15,11,7,-9,-8,0,None
0,1,2,-8,-2,-18,-6,0,0,15,11,7,-9,-8,0,None
0,-2,-2,-4,-13,-20,2,2,0,15,11,7,-9,-8,0,None
0,-2,-2,-4,-13,-20,2,2,0,15,11,7,-9,-8,0,None
0,-2,-2,-4,-13,-20,2,2,0,15,11,7,-9,-7,0,None
0,-2,-1,2,31,30,0,0,-2,15,11,7,-9,-7,0,None
0,-3,-2,-13,-37,7,-16,-6,-5,15,11,7,-9,-7,0,None
0,0,-1,-3,-2,2,8,2,6,15,11,7,-9,-7,0,None
0,0,0,1,11,7,-5,0,0,15,11,7,-9,-7,0,None
0,0,0,1,11,7,-5,0,0,15,11,8,-9,-7,0,None
0,0,0,1,11,7,-5,0,0,15,11,8,-9,-7,-1,None
0,-1,4,0,-10,-18,7,0,-2,15,11,8,-9,-7,-1,None
0,0,3,-2,-1,3,-4,1,-2,15,11,8,-9,-7,-1,None
0,-2,2,-1,-10,28,1,-3,-2,15,11,8,-9,-7,-1,None
0,-4,-2,-3,-4,15,-1,-4,-3,15,11,8,-9,-7,-1,None
0,-4,-2,-3,-4,15,-1,-4,-3,15,11,8,-9,-7,-1,None
0,-4,-2,-3,-4,15,-1,-4,-3,15,11,8,-8,-8,-1,None
0,1,3,4,-3,4,-2,1,0,15,11,8,-8,-8,-1,None
0,1,5,7,-27,-22,3,2,2,15,11,8,-8,-8,-1,None
0,-3,-8,-24,25,28,-2,-3,-2,15,11,8,-8,-8,-1,None
0,-1,4,5,1,6,-3,1,-1,15,11,8,-8,-8,-1,None
0,-1,4,5,1,6,-3,1,-1,15,11,8,-8,-8,-1,None
0,-1,4,5,1,6,-3,1,-1,15,11,8,-7,-8,-3,None
0,0,-3,-5,17,-14,-8,-5,-2,15,11,8,-7,-8,-3,None
0,-1,-1,-6,-7,-28,-5,-3,-2,15,11,8,-7,-8,-3,None
0,0,2,1,-16,-46,3,0,0,15,11,8,-7,-8,-3,None
0,0,1,-12,-32,0,0,-1,-1,15,11,8,-7,-8,-3,None
0,0,1,-12,-32,0,0,-1,-1,15,11,8,-7,-8,-3,None
0,0,1,-12,-32,0,0,-1,-1,15,11,8,-8,-9,-3,None
0,0,3,2,11,36,7,0,-2,15,11,8,-8,-9,-3,None
0,2,3,-3,27,65,-9,-2,-1,15,11,8,-8,-9,-3,None
0,-2,0,5,-28,-11,0,1,4,15,11,8,-8,-9,-3,None
0,-4,-4,-3,-45,-9,-5,-4,-10,15,11,8,-8,-9,-3,None
0,-4,-4,-3,-45,-9,-5,-4,-10,16,11,8,-8,-9,-3,None
0,-4,-4,-3,-45,-9,-5,-4,-10,16,11,8,-8,-10,-4,None
0,-2,-1,-7,-11,-7,5,0,-2,16,11,8,-8,-10,-4,None
0,-2,-1,-1,-14,-6,-1,-1,-3,16,11,8,-8,-10,-4,None
0,-2,1,2,5,-4,-10,-10,-7,16,11,8,-8,-10,-4,None
0,-2,1,-2,18,23,-2,-2,0,16,11,8,-8,-10,-4,None
0,-2,1,-2,18,23,-2,-2,0,16,11,8,-8,-10,-4,None
0,-2,1,-2,18,23,-2,-2,0,16,11,8,-6,-10,-4,None
0,0,1,3,-11,-16,3,5,4,16,11,8,-6,-10,-4,None
0,-1,-2,-2,-9,-7,-3,-22,-25,16,11,8,-6,-10,-4,None
0,-6,-1,4,-4,9,0,0,12,16,11,8,-6,-10,-4,None
0,-2,-3,-8,20,8,4,1,1,16,11,8,-6,-10,-4,None
0,-2,-3,-8,20,8,4,1,1,16,11,8,-6,-10,-4,None
0,-2,-3,-8,20,8,4,1,1,16,11,8,-5,-10,-5,None
0,0,2,1,7,-8,-5,-1,2,16,11,8,-5,-10,-5,None
0,-2,1,1,1,-14,1,7,2,16,11,8,-5,-10,-5,None
0,-4,-2,1,-9,-34,-4,-15,-13,16,11,8,-5,-10,-5,None
0,2,5,1,22,18,-2,-4,1,16,11,8,-5,-10,-5,None
0,2,5,1,22,18,-2,-4,1,16,11,8,-5,-10,-5,None
0,2,5,1,22,18,-2,-4,1,16,11,8,-5,-11,-6,None
0,-1,0,-7,-42,-8,1,7,9,16,11,8,-5,-11,-6,None
0,0,0,-2,-32,-23,-1,-10,-5,16,11,8,-5,-11,-6,None
0,1,-1,-10,24,31,5,15,-13,16,11,8,-5,-11,-6,None
0,0,1,1,16,0,-3,-9,0,16,11,8,-5,-11,-6,None
0,0,1,1,16,0,-3,-9,0,17,11,8,-5,-11,-6,None
0,0,1,1,16,0,-3,-9,0,17,11,8,-4,-13,-7,None
0,-1,1,3,25,-3,-8,-8,-3,17,11,8,-4,-13,-7,None
0,2,1,4,16,-9,5,26,44,17,11,8,-4,-13,-7,None
0,-5,-3,-8,-35,-13,0,1,-25,17,11,8,-4,-13,-7,None
0,-2,-1,-2,42,8,-1,18,3,17,11,8,-4,-13,-7,None
0,-2,-1,-2,42,8,-1,18,3,17,11,8,-4,-13,-7,None
0,-2,-1,-2,42,8,-1,18,3,17,11,8,-3,-14,-7,None
0,-3,-1,-10,-28,-33,-10,-21,-13,17,11,8,-3,-14,-7,None
0,-4,0,-8,1,0,-5,-8,-3,17,11,8,-3,-14,-7,None
0,2,3,-8,27,12,-3,2,6,17,11,8,-3,-14,-7,None
0,1,4,-5,11,-2,-3,-14,-6,17,11,8,-3,-14,-7,None
0,1,4,-5,11,-2,-3,-14,-6,17,11,8,-3,-14,-7,None
0,1,4,-5,11,-2,-3,-14,-6,17,11,8,-1,-14,-9,None
0,-3,-3,-6,60,13,-3,1,4,17,11,8,-1,-14,-9,None
0,-4,-2,-5,15,-13,2,1,-18,17,11,8,-1,-14,-9,None
0,1,2,8,-4,-6,11,1,0,17,11,8,-1,-14,-9,None
0,-7,-5,-1,-3,-10,-12,-10,1,17,11,8,-1,-14,-9,None
0,-7,-5,-1,-3,-10,-12,-10,1,0,11,8,-1,-14,-9,None
0,-7,-5,-1,-3,-10,-12,-10,1,0,11,8,1,-14,-12,None
0,6,8,-7,-22,-2,4,0,3,0,11,8,1,-14,-12,None
0,-9,-5,-5,15,-24,-13,-9,-22,0,11,8,1,-14,-12,None
0,0,-2,-2,18,9,-5,-6,37,0,11,8,1,-14,-12,None
0,-5,-4,13,13,-2,3,6,-4,0,11,8,1,-14,-12,None
0,-5,-4,13,13,-2,3,6,-4,0,11,8,1,-14,-12,None
0,-5,-4,13,13,-2,3,6,-4,0,11,8,3,-14,-12,None
0,0,2,23,-2,6,-5,-3,-5,0,11,8,3,-14,-12,None
0,3,1,4,53,25,8,2,4,0,11,8,3,-14,-12,None
0,-3,2,7,-102,-6,-11,-8,-13,0,11,8,3,-14,-12,None
0,2,1,-8,-127,-29,-5,-7,0,0,11,8,3,-14,-12,None
0,2,1,-8,-127,-29,-5,-7,0,0,11,8,3,-14,-12,None
0,2,1,-8,-127,-29,-5,-7,0,0,11,8,5,-18,-11,None
0,-6,-6,2,-113,-2,-12,-4,-5,0,11,8,5,-18,-11,None
0,0,2,3,-128,11,1,-1,-3,0,11,8,5,-18,-11,None
0,0,-2,-18,-108,17,5,-2,0,0,11,8,5,-18,-11,None
0,3,1,-6,-87,12,1,3,2,0,11,8,5,-18,-11,None
0,3,1,-6,-87,12,1,3,2,0,11,8,5,-18,-11,None
0,3,1,-6,-87,12,1,3,2,0,11,8,3,-14,-12,None
0,-8,-4,-11,-92,-25,2,-6,-12,0,11,8,3,-14,-12,None
0,4,1,-2,-4,40,6,-2,3,0,11,8,3,-14,-12,None
0,4,2,0,61,-4,-1,2,3,0,11,8,3,-14,-12,None
0,-2,0,-1,55,13,4,1,-6,0,11,8,3,-14,-12,None
0,-2,0,-1,55,13,4,1,-6,0,11,8,3,-14,-12,None
0,-2,0,-1,55,13,4,1,-6,0,11,8,2,-10,-12,None
0,-1,2,4,94,-9,5,4,-1,0,11,8,2,-10,-12,None
0,-4,-5,-6,102,-5,0,0,2,0,11,8,2,-10,-12,None
0,-2,1,3,67,-15,-8,-5,-6,0,11,8,2,-10,-12,None
0,-4,-2,-2,95,7,-2,-3,-6,0,11,8,2,-10,-12,None
0,-4,-2,-2,95,7,-2,-3,-6,0,11,8,2,-10,-12,None
0,-4,-2,-2,95,7,-2,-3,-6,0,11,8,2,-15,-10,None
0,5,7,-6,83,1,7,8,7,0,11,8,2,-15,-10,None
0,-2,1,-2,81,13,1,0,2,0,11,8,2,-15,-10,None
0,-2,3,-2,25,0,-3,-4,-6,0,11,8,2,-15,-10,None
0,-3,1,9,44,-2,1,0,0,0,11,8,2,-15,-10,None
0,-3,1,9,44,-2,1,0,0,0,11,8,2,-15,-10,None
0,-3,1,9,44,-2,1,0,0,0,11,8,1,-17,-9,None
0,0,1,-9,15,-9,-5,-2,1,0,11,8,1,-17,-9,None
0,-1,0,0,-11,-7,-4,1,-1,0,11,8,1,-17,-9,None
0,-1,-1,4,54,-4,2,1,-1,0,11,8,1,-17,-9,None
0,1,3,-6,-11,-5,2,1,3,0,11,8,1,-17,-9,None
0,1,3,-6,-11,-5,2,1,3,0,11,8,1,-17,-9,None
0,1,3,-6,-11,-5,2,1,3,0,11,8,1,-15,-8,None
0,-4,-3,-2,1,21,1,-3,-5,0,11,8,1,-15,-8,None
0,-1,-1,-13,13,-13,-2,-2,-1,0,11,8,1,-15,-8,None
0,0,1,-5,15,8,-1,-3,-2,0,11,8,1,-15,-8,None
0,-1,2,-4,16,0,-1,0,0,0,11,8,1,-15,-8,None
0,-1,2,-4,16,0,-1,0,0,0,11,8,1,-15,-8,None
0,-1,2,-4,16,0,-1,0,0,0,11,8,1,-14,-7,None
0,-2,0,1,1,8,-1,0,-2,0,11,8,1,-14,-7,None
0,-2,1,5,18,-11,0,-2,-1,0,11,8,1,-14,-7,None
0,-1,0,-2,-4,26,3,0,0,0,11,8,1,-14,-7,None
0,0,0,-3,18,-5,-6,-3,-2,0,11,8,1,-14,-7,None
0,0,0,-3,18,-5,-6,-3,-2,0,11,8,1,-14,-7,None
0,0,0,-3,18,-5,-6,-3,-2,0,11,8,1,-13,-7,None
0,1,2,5,20,3,-2,-2,-1,0,11,8,1,-13,-7,None
0,-3,-1,-3,-15,-2,4,1,0,0,11,8,1,-13,-7,None
0,1,1,-3,19,2,1,2,-2,0,11,8,1,-13,-7,None
0,1,-1,-4,-3,-4,-2,1,-1,0,11,8,1,-13,-7,None
0,1,-1,-4,-3,-4,-2,1,-1,0,11,8,1,-13,-7,None
0,1,-1,-4,-3,-4,-2,1,-1,0,11,8,2,-13,-7,None
0,-1,1,1,10,7,-5,-1,-1,0,11,8,2,-13,-7,None
0,-1,2,2,-9,-2,-1,-2,-2,0,11,8,2,-13,-7,None
0,0,0,-4,-8,-4,-1,0,-1,0,11,8,2,-13,-7,None
0,-4,-3,-1,-7,-1,5,-2,-3,0,11,8,2,-13,-7,None
0,-4,-3,-1,-7,-1,5,-2,-3,0,11,8,2,-13,-7,None
0,-4,-3,-1,-7,-1,5,-2,-3,0,11,8,3,-12,-6,None
0,-2,0,5,1,17,-1,-2,-1,0,11,8,3,-12,-6,None
0,0,0,-1,-9,-7,-4,-3,-2,0,11,8,3,-12,-6,None
0,-1,0,0,-9,5,-1,-2,-5,0,11,8,3,-12,-6,None
0,-1,1,1,5,16,-3,-1,-1,0,11,8,3,-12,-6,None
0,-1,1,1,5,16,-3,-1,-1,0,12,8,3,-12,-6,None
0,-1,1,1,5,16,-3,-1,-1,0,12,8,3,-12,-6,None
0,-2,1,-2,1,-24,2,0,0,0,12,8,3,-12,-6,None
0,-4,0,-5,-25,-19,-1,-2,-3,0,12,8,3,-12,-6,None
0,0,3,1,7,11,1,-1,0,0,12,8,3,-12,-6,None
0,0,0,-4,-1,2,-1,-2,-2,0,12,8,3,-12,-6,None
0,0,0,-4,-1,2,-1,-2,-2,0,12,8,3,-12,-6,None
0,0,0,-4,-1,2,-1,-2,-2,0,12,8,3,-11,-7,None
0,0,0,1,3,4,0,0,0,0,12,8,3,-11,-7,None
0,-2,0,3,-12,1,-3,-2,-1,0,12,8,3,-11,-7,None
0,-5,-3,1,-3,-12,-7,-2,-3,0,12,8,3,-11,-7,None
0,5,4,4,0,11,3,-2,6,0,12,8,3,-11,-7,None
0,5,4,4,0,11,3,-2,6,0,12,8,3,-11,-7,None
0,5,4,4,0,11,3,-2,6,0,12,8,3,-10,-7,None
0,0,1,2,-1,10,4,-4,2,0,12,8,3,-10,-7,None
0,1,3,-2,1,-1,0,3,-2,0,12,8,3,-10,-7,None
0,0,1,-2,14,-8,2,1,-1,0,12,8,3,-10,-7,None
0,-3,1,3,29,-13,-1,-1,-2,0,12,8,3,-10,-7,None
0,-3,1,3,29,-13,-1,-1,-2,0,12,8,3,-10,-7,None
0,-3,1,3,29,-13,-1,-1,-2,0,12,8,4,-11,-6,None
0,-3,-1,-4,-1,-4,-4,-3,-4,0,12,8,4,-11,-6,None
0,-2,0,-4,-15,7,-3,-3,-3,0,12,8,4,-11,-6,None
0,-2,-1,1,0,-2,-5,-2,-2,0,12,8,4,-11,-6,None
0,-3,-1,0,-8,-1,3,-4,-3,0,12,8,4,-11,-6,None
0,-3,-1,0,-8,-1,3,-4,-3,0,12,8,4,-11,-6,None
0,-3,-1,0,-8,-1,3,-4,-3,0,12,8,4,-11,-6,None
0,1,1,5,15,8,1,1,1,0,12,8,4,-11,-6,None
0,0,0,0,34,-15,-1,-2,0,0,12,8,4,-11,-6,None
0,-1,0,7,44,11,0,-2,-3,0,12,8,4,-11,-6,None
0,-1,1,3,111,-7,-4,0,0,0,12,8,4,-11,-6,None
0,-1,1,3,111,-7,-4,0,0,0,12,8,4,-11,-6,None
0,-1,1,3,111,-7,-4,0,0,0,12,8,3,-11,-7,None
0,-2,2,0,127,3,-8,-6,-9,0,12,8,3,-11,-7,None
0,-8,-4,-2,127,-1,9,3,-5,0,12,8,3,-11,-7,None
0,7,4,-6,127,17,10,-1,10,0,12,8,3,-11,-7,None
0,-1,0,-17,29,2,-5,1,0,0,12,8,3,-11,-7,None
0,-1,0,-17,29,2,-5,1,0,0,12,8,3,-11,-7,None
0,-1,0,-17,29,2,-5,1,0,0,12,8,3,-11,-6,None
0,4,2,-17,-74,-8,-3,-6,0,0,12,8,3,-11,-6,None
0,-7,-3,-20,-123,-13,-6,2,-7,0,12,8,3,-11,-6,None
0,-7,-2,-7,-128,32,-6,-10,-8,0,12,8,3,-11,-6,None
0,-4,-3,-6,-128,-8,3,3,1,0,12,8,3,-11,-6,None
0,-4,-3,-6,-128,-8,3,3,1,0,12,8,3,-11,-6,None
0,-4,-3,-6,-128,-8,3,3,1,0,12,8,3,-11,-6,None
0,3,8,-3,-109,-7,9,3,4,0,12,8,3,-11,-6,None
0,1,-4,-15,-125,16,-5,-3,3,0,12,8,3,-11,-6,None
0,-3,-4,-21,-104,-62,-7,1,0,0,12,8,3,-11,-6,None
0,-2,4,7,-64,27,-7,-5,-6,0,12,8,3,-11,-6,None
0,-2,4,7,-64,27,-7,-5,-6,0,12,8,3,-11,-6,None
0,-2,4,7,-64,27,-7,-5,-6,0,12,8,4,-12,-5,None
0,-9,-16,-4,-71,-16,-1,-4,-8,0,12,8,4,-12,-5,None
0,3,6,-14,-27,-4,-6,-8,2,0,12,8,4,-12,-5,None
0,6,20,31,-4,9,-9,-6,9,0,12,8,4,-12,-5,None
0,-4,-25,-14,-37,-4,5,6,-8,0,12,8,4,-12,-5,None
0,-4,-25,-14,-37,-4,5,6,-8,0,12,8,4,-12,-5,None
0,-4,-25,-14,-37,-4,5,6,-8,0,12,8,3,-13,-5,None
0,-1,3,-31,52,-23,-1,3,-3,0,12,8,3,-13,-5,None
0,-5,-9,-18,-87,5,11,0,-6,0,12,8,3,-13,-5,None
0,-3,0,17,35,24,-4,-4,-4,0,12,8,3,-13,-5,None
0,2,13,14,13,-14,-3,-3,4,0,12,8,3,-13,-5,None
0,2,13,14,13,-14,-3,-3,4,0,12,8,3,-13,-5,None
0,2,13,14,13,-14,-3,-3,4,0,12,8,3,-14,-5,None
0,1,4,27,82,24,1,4,-4,0,12,8,3,-14,-5,None
0,3,1,-5,-19,-19,-6,-4,0,0,12,8,3,-14,-5,None
0,-3,-1,-17,-41,-13,-5,-1,-10,0,12,8,3,-14,-5,None
0,-6,-8,4,36,-3,-2,-3,-7,0,12,8,3,-14,-5,None
0,-6,-8,4,36,-3,-2,-3,-7,0,12,8,3,-14,-5,None
0,-6,-8,4,36,-3,-2,-3,-7,0,12,8,3,-14,-4,None
0,-5,-10,-37,-89,-18,2,4,-1,0,12,8,3,-14,-4,None
0,2,9,22,126,35,-10,-7,5,0,12,8,3,-14,-4,None
0,0,-4,-7,35,4,-3,-1,5,0,12,8,3,-14,-4,None
0,2,3,2,-46,5,9,3,-4,0,12,8,3,-14,-4,None
0,2,3,2,-46,5,9,3,-4,0,12,8,3,-14,-4,None
0,2,3,2,-46,5,9,3,-4,0,12,8,3,-14,-4,None
0,2,3,-10,-84,-7,-7,-3,6,0,12,8,3,-14,-4,None
0,-2,1,11,74,39,1,1,-10,0,12,8,3,-14,-4,None
0,0,-3,-14,34,-64,-1,-3,0,0,12,8,3,-14,-4,None
0,-3,1,-15,-39,22,0,-7,-2,0,12,8,3,-14,-4,None
0,-3,1,-15,-39,22,0,-7,-2,0,12,8,3,-14,-4,None
0,-3,1,-15,-39,22,0,-7,-2,0,12,8,3,-14,-3,None
0,5,10,27,127,28,3,-3,8,0,12,8,3,-14,-3,None
0,-8,-12,-41,-110,-21,-4,9,-9,0,12,8,3,-14,-3,None
0,-3,0,16,85,37,2,-2,-8,0,12,8,3,-14,-3,None
0,5,9,17,-3,-2,5,2,8,0,12,8,3,-14,-3,None
0,5,9,17,-3,-2,5,2,8,1,13,8,3,-14,-3,None
0,5,9,17,-3,-2,5,2,8,1,13,8,2,-13,-3,None
0,-6,-5,-3,-29,-7,-11,-11,-8,1,13,8,2,-13,-3,None
0,5,3,28,14,-15,5,0,17,1,13,8,2,-13,-3,None
0,0,3,-2,-34,32,3,0,-3,1,13,8,2,-13,-3,None
0,-8,-5,-9,15,-8,1,-4,-5,1,13,8,2,-13,-3,None
0,-8,-5,-9,15,-8,1,-4,-5,1,13,8,2,-13,-3,None
0,-8,-5,-9,15,-8,1,-4,-5,1,13,8,3,-11,-2,None
0,1,2,8,20,62,7,0,1,1,13,8,3,-11,-2,None
0,2,4,8,-62,-74,2,1,-2,1,13,8,3,-11,-2,None
0,-8,-9,-24,-37,-27,-10,-4,-6,1,13,8,3,-11,-2,None
0,4,4,-20,-7,22,6,3,-2,1,13,8,3,-11,-2,None
0,4,4,-20,-7,22,6,3,-2,1,13,8,3,-11,-2,None
0,4,4,-20,-7,22,6,3,-2,1,13,8,4,-12,-2,None
0,0,1,6,75,-5,4,4,3,1,13,8,4,-12,-2,None
0,0,4,2,10,31,3,3,-5,1,13,8,4,-12,-2,None
0,3,2,-3,-89,-17,4,0,6,1,13,8,4,-12,-2,None
0,0,-1,-17,43,-2,-7,-2,0,1,13,8,4,-12,-2,None
0,0,-1,-17,43,-2,-7,-2,0,1,13,8,4,-12,-2,None
0,0,-1,-17,43,-2,-7,-2,0,1,13,8,5,-13,-2,None
0,-8,-5,14,-32,-12,-5,5,-11,1,13,8,5,-13,-2,None
0,-6,-3,-11,-16,-60,-14,-10,-11,1,13,8,5,-13,-2,None
0,-1,2,7,-5,23,-4,-11,3,1,13,8,5,-13,-2,None
0,-2,3,7,56,36,4,-3,-3,1,13,8,5,-13,-2,None
0,-2,3,7,56,36,4,-3,-3,1,13,8,5,-13,-2,None
0,-2,3,7,56,36,4,-3,-3,1,13,8,5,-14,-2,None
0,3,4,-2,-6,-26,3,-2,1,1,13,8,5,-14,-2,None
0,2,2,-1,17,29,1,2,8,1,13,8,5,-14,-2,None
0,1,-1,-2,-9,-39,4,6,0,1,13,8,5,-14,-2,None
0,-1,-1,-10,-34,-11,-9,-12,2,1,13,8,5,-14,-2,None
0,-1,-1,-10,-34,-11,-9,-12,2,1,13,8,5,-14,-2,None
0,-1,-1,-10,-34,-11,-9,-12,2,1,13,8,5,-14,-2,None
0,-2,-1,-3,19,9,-2,1,-5,1,13,8,5,-14,-2,None
0,1,6,-9,-18,-22,-10,-13,1,1,13,8,5,-14,-2,None
0,-2,0,3,62,66,16,6,-4,1,13,8,5,-14,-2,None
0,1,2,3,0,-15,-4,3,1,1,13,8,5,-14,-2,None
0,1,2,3,0,-15,-4,3,1,1,13,8,5,-14,-2,None
0,1,2,3,0,-15,-4,3,1,1,13,8,6,-14,-1,None
0,-4,-5,-18,3,-16,-5,-5,-7,1,13,8,6,-14,-1,None
0,-1,-2,1,6,12,-3,-2,-2,1,13,8,6,-14,-1,None
0,-6,-5,-8,-51,-25,5,4,-6,1,13,8,6,-14,-1,None
0,-4,-3,-6,23,-3,-10,-4,-4,1,13,8,6,-14,-1,None
0,-4,-3,-6,23,-3,-10,-4,-4,1,13,8,6,-14,-1,None
0,-4,-3,-6,23,-3,-10,-4,-4,1,13,8,6,-13,-1,None
0,0,3,5,-62,39,9,-8,7,1,13,8,6,-13,-1,None
0,3,6,18,127,33,7,9,5,1,13,8,6,-13,-1,None
0,-3,0,-10,-69,-22,-4,-14,-8,1,13,8,6,-13,-1,None
0,0,-2,-6,-39,-4,2,23,-4,1,13,8,6,-13,-1,None
0,0,-2,-6,-39,-4,2,23,-4,1,13,8,6,-13,-1,None
0,0,-2,-6,-39,-4,2,23,-4,1,13,8,6,-13,-1,None
0,-4,-6,-11,-63,-76,-12,-3,1,1,13,8,6,-13,-1,None
0,-3,-2,-1,50,44,-1,-1,-2,1,13,8,6,-13,-1,None
0,1,0,-1,-7,7,2,1,2,1,13,8,6,-13,-1,None
0,0,3,5,32,-1,-3,-8,-1,1,13,8,6,-13,-1,None
0,0,3,5,32,-1,-3,-8,-1,1,13,8,6,-13,-1,None
0,0,3,5,32,-1,-3,-8,-1,1,13,8,7,-14,-1,None
0,0,2,2,34,13,-2,-1,-4,1,13,8,7,-14,-1,None
0,-1,-2,-3,-24,-5,1,-1,-1,1,13,8,7,-14,-1,None
0,-12,-5,2,29,27,-5,-4,-15,1,13,8,7,-14,-1,None
0,1,2,0,-10,15,-16,-12,2,1,13,8,7,-14,-1,None
0,1,2,0,-10,15,-16,-12,2,1,13,8,7,-14,-1,None
0,1,2,0,-10,15,-16,-12,2,1,13,8,7,-14,-1,None
0,1,3,-3,7,14,20,9,1,1,13,8,7,-14,-1,None
0,0,0,2,-82,-38,0,-4,1,1,13,8,7,-14,-1,None
0,3,-1,-8,23,45,0,7,15,1,13,8,7,-14,-1,None
0,1,3,0,-12,-42,-3,-3,0,1,13,8,7,-14,-1,None
0,1,3,0,-12,-42,-3,-3,0,1,13,8,7,-14,-1,None
0,1,3,0,-12,-42,-3,-3,0,1,13,8,7,-14,-1,None
0,-1,-1,-3,-33,-32,-11,-11,-4,1,13,8,7,-14,-1,None
0,1,1,3,30,103,14,-2,2,1,13,8,7,-14,-1,None
0,3,3,1,20,-41,-1,7,-1,1,13,8,7,-14,-1,None
0,-1,0,-5,-7,-4,0,-5,4,1,13,8,7,-14,-1,None
0,-1,0,-5,-7,-4,0,-5,4,1,13,8,7,-14,-1,None
0,-1,0,-5,-7,-4,0,-5,4,1,13,8,7,-14,-2,None
0,1,1,2,25,-1,-6,3,6,1,13,8,7,-14,-2,None
0,-3,1,-2,17,-14,0,-2,-10,1,13,8,7,-14,-2,None
0,-1,1,1,16,-10,-3,-1,4,1,13,8,7,-14,-2,None
0,-1,0,0,15,-6,3,0,2,1,13,8,7,-14,-2,None
0,-1,0,0,15,-6,3,0,2,1,13,8,7,-14,-2,None
0,-1,0,0,15,-6,3,0,2,1,13,8,7,-14,-1,None
0,-1,-1,-5,12,19,-1,-4,-2,1,13,8,7,-14,-1,None
0,-1,-2,0,14,-8,-6,-4,1,1,13,8,7,-14,-1,None
0,-1,1,0,0,-9,-4,0,-8,1,13,8,7,-14,-1,None
0,0,1,1,37,52,11,15,0,1,13,8,7,-14,-1,None
0,0,1,1,37,52,11,15,0,1,13,8,7,-14,-1,None
0,0,1,1,37,52,11,15,0,1,13,8,7,-13,-1,None
0,-1,1,1,44,5,-4,-3,-3,1,13,8,7,-13,-1,None
0,-2,1,-2,2,33,-3,-4,-4,1,13,8,7,-13,-1,None
0,2,0,0,3,5,0,-6,4,1,13,8,7,-13,-1,None
0,-1,0,3,44,-2,-2,-4,-1,1,13,8,7,-13,-1,None
0,-1,0,3,44,-2,-2,-4,-1,1,13,8,7,-13,-1,None
0,-1,0,3,44,-2,-2,-4,-1,1,13,8,7,-12,-1,None
0,-1,0,-3,-21,-3,-2,0,-6,1,13,8,7,-12,-1,None
0,-2,0,-1,-5,-20,-4,-2,-1,1,13,8,7,-12,-1,None
0,-3,-1,-2,7,4,-1,0,-4,1,13,8,7,-12,-1,None
0,0,1,0,-9,-5,-4,-5,-3,1,13,8,7,-12,-1,None
0,0,1,0,-9,-5,-4,-5,-3,1,13,8,7,-12,-1,None
0,0,1,0,-9,-5,-4,-5,-3,1,13,8,8,-12,-1,None
0,-2,1,-3,-5,10,0,3,0,1,13,8,8,-12,-1,None
0,-2,-2,-4,-14,-20,-4,-5,-3,1,13,8,8,-12,-1,None
0,-3,-1,-5,0,1,-2,-3,-1,1,13,8,8,-12,-1,None
0,-4,-2,-4,-25,-20,0,-2,-5,1,13,8,8,-12,-1,None
0,-4,-2,-4,-25,-20,0,-2,-5,1,13,8,8,-12,-1,None
0,-4,-2,-4,-25,-20,0,-2,-5,1,13,8,8,-11,-1,None
0,-3,0,-2,-23,4,-5,-6,0,1,13,8,8,-11,-1,None
0,-1,-1,1,9,-2,0,-4,-2,1,13,8,8,-11,-1,None
0,6,42,-1,5,2,-1,-1,-3,1,13,8,8,-11,-1,None
0,-3,-10,3,-12,-17,-2,0,0,1,13,8,8,-11,-1,None
0,-3,-10,3,-12,-17,-2,0,0,1,13,8,8,-11,-1,None
0,-3,-10,3,-12,-17,-2,0,0,1,13,8,8,-12,-1,None
0,-3,-5,-4,10,22,2,0,-2,1,13,8,8,-12,-1,None
0,-2,-4,10,68,18,3,1,0,1,13,8,8,-12,-1,None
0,-2,5,-8,1,-11,-5,-2,-1,1,13,8,8,-12,-1,None
0,-1,4,2,-13,-12,-5,-6,-3,1,13,8,8,-12,-1,None
0,-1,4,2,-13,-12,-5,-6,-3,1,13,8,8,-12,-1,None
0,-1,4,2,-13,-12,-5,-6,-3,1,13,8,8,-13,-2,None
0,-3,0,1,8,4,-6,-3,-6,1,13,8,8,-13,-2,None
0,2,5,-3,-12,-3,3,2,-1,1,13,8,8,-13,-2,None
0,-2,-13,1,8,9,4,-1,0,1,13,8,8,-13,-2,None
0,2,4,-6,-11,1,-3,-5,-4,1,13,8,8,-13,-2,None
0,2,4,-6,-11,1,-3,-5,-4,1,13,8,8,-13,-2,None
0,2,4,-6,-11,1,-3,-5,-4,1,13,8,8,-12,-1,None
0,0,-5,4,13,0,-2,-1,-1,1,13,8,8,-12,-1,None
0,0,3,-4,-14,-9,-3,-3,-1,1,13,8,8,-12,-1,None
0,-3,-9,-3,-2,-12,-1,1,-2,1,13,8,8,-12,-1,None
0,-5,-5,0,-25,14,-4,-4,-3,1,13,8,8,-12,-1,None
0,-5,-5,0,-25,14,-4,-4,-3,1,13,8,8,-12,-1,None
0,-5,-5,0,-25,14,-4,-4,-3,1,13,8,7,-12,-1,None
0,1,8,-5,-8,2,0,0,0,1,13,8,7,-12,-1,None
0,-1,0,1,9,0,-3,-1,-1,1,13,8,7,-12,-1,None
0,-2,-7,-2,-5,1,2,-1,0,1,13,8,7,-12,-1,None
0,0,4,-3,13,3,0,0,-2,1,13,8,7,-12,-1,None
0,0,4,-3,13,3,0,0,-2,1,13,8,7,-12,-1,None
0,0,4,-3,13,3,0,0,-2,1,13,8,8,-12,-1,None
0,-1,1,-2,-4,-2,-1,-2,0,1,13,8,8,-12,-1,None
0,-3,0,-6,-13,-2,-1,-1,-3,1,13,8,8,-12,-1,None
0,-3,-11,-1,2,1,-5,-4,-2,1,13,8,8,-12,-1,None
0,-5,27,0,-13,-14,-1,1,-1,1,13,8,8,-12,-1,None
0,-5,27,0,-13,-14,-1,1,-1,1,13,8,8,-12,-1,None
0,-5,27,0,-13,-14,-1,1,-1,1,13,8,8,-12,-1,None
0,3,-7,3,18,40,1,1,-3,1,13,8,8,-12,-1,None
0,1,3,-17,-34,-16,-3,-2,-3,1,13,8,8,-12,-1,None
0,2,-18,0,11,6,-1,-3,-3,1,13,8,8,-12,-1,None
0,-1,6,0,12,2,3,-3,-1,1,13,8,8,-12,-1,None
0,-1,6,0,12,2,3,-3,-1,1,13,8,8,-12,-1,None
0,-1,6,0,12,2,3,-3,-1,1,13,8,8,-12,-1,None
0,-4,3,0,-6,-14,-3,-2,0,1,13,8,8,-12,-1,None
0,-1,-2,-11,-4,-9,-1,-1,-2,1,13,8,8,-12,-1,None
0,0,0,-3,0,-1,-1,-1,-1,1,13,8,8,-12,-1,None
0,1,-2,-4,-1,6,-2,-4,2,1,13,8,8,-12,-1,None
0,1,-2,-4,-1,6,-2,-4,2,1,13,8,8,-12,-1,None
0,1,-2,-4,-1,6,-2,-4,2,1,13,8,8,-12,-1,None
0,-2,-2,1,-4,-16,2,2,-3,1,13,8,8,-12,-1,None
0,-3,-6,-5,10,15,-1,1,-2,1,13,8,8,-12,-1,None
0,-3,4,4,-2,0,-1,-1,0,1,13,8,8,-12,-1,None
0,0,-7,-4,-1,-1,-1,-1,-2,1,13,8,8,-12,-1,None
0,0,-7,-4,-1,-1,-1,-1,-2,1,13,8,8,-12,-1,None
0,0,-7,-4,-1,-1,-1,-1,-2,1,13,8,8,-12,-1,None
0,0,2,-5,-6,-4,-3,-2,0,1,13,8,8,-12,-1,None
0,-1,5,1,-10,-13,-3,-2,0,1,13,8,8,-12,-1,None
0,-2,2,-3,4,2,0,0,-1,1,13,8,8,-12,-1,None
0,-2,-6,0,-3,6,-1,-2,-2,1,13,8,8,-12,-1,None
0,-2,-6,0,-3,6,-1,-2,-2,1,13,8,8,-12,-1,None
0,-2,-6,0,-3,6,-1,-2,-2,1,13,8,8,-12,-1,None
0,-1,3,-5,-3,-17,1,-2,0,1,13,8,8,-12,-1,None
0,3,2,2,13,23,0,-1,-1,1,13,8,8,-12,-1,None
0,0,18,1,4,-9,4,-2,-5,1,13,8,8,-12,-1,None
0,-1,-10,-6,-13,24,0,0,-1,1,13,8,8,-12,-1,None
0,-1,-10,-6,-13,24,0,0,-1,1,13,8,8,-12,-1,None
0,-1,-10,-6,-13,24,0,0,-1,1,13,8,7,-12,-1,None
0,-2,3,-4,-4,-2,0,-1,-1,1,13,8,7,-12,-1,None
0,-3,-4,3,-8,-9,-3,-1,0,1,13,8,7,-12,-1,None
0,-1,5,-1,-8,-18,-1,-1,1,1,13,8,7,-12,-1,None
0,0,3,-3,3,-7,-2,-1,-2,1,13,8,7,-12,-1,None
0,0,3,-3,3,-7,-2,-1,-2,1,13,8,7,-12,-1,None
0,0,3,-3,3,-7,-2,-1,-2,1,13,8,8,-12,-1,None
0,-3,-1,-3,-4,3,-3,0,0,1,13,8,8,-12,-1,None
0,-2,2,-1,-13,-16,0,-1,-2,1,13,8,8,-12,-1,None
0,-1,-3,-4,0,13,-4,-2,-2,1,13,8,8,-12,-1,None
0,-4,-3,-2,-1,-7,0,-2,-2,1,13,8,8,-12,-1,None
0,-4,-3,-2,-1,-7,0,-2,-2,1,13,8,8,-12,-1,None
0,-4,-3,-2,-1,-7,0,-2,-2,1,13,8,8,-12,-2,None
0,4,0,-2,-8,-6,-5,-5,1,1,13,8,8,-12,-2,None
0,-2,0,-7,-10,-25,0,3,-5,1,13,8,8,-12,-2,None
0,-6,-23,5,9,44,-2,-4,-2,1,13,8,8,-12,-2,None
0,-1,-1,0,-10,11,0,0,-2,1,13,8,8,-12,-2,None
0,-1,-1,0,-10,11,0,0,-2,1,13,8,8,-12,-2,None
0,-1,-1,0,-10,11,0,0,-2,1,13,8,8,-12,-1,None
0,-1,5,-1,3,-10,-1,-2,0,1,13,8,8,-12,-1,None
0,0,0,-4,-3,-11,-1,-1,1,1,13,8,8,-12,-1,None
0,1,2,-5,-4,-12,-3,0,-1,1,13,8,8,-12,-1,None
0,-1,-1,-1,1,-7,-1,-2,-3,1,13,8,8,-12,-1,None
0,-1,-1,-1,1,-7,-1,-2,-3,1,13,8,8,-12,-1,None
0,-1,-1,-1,1,-7,-1,-2,-3,1,13,8,8,-12,-2,None
0,-2,-2,-5,-1,3,-1,-2,-2,1,13,8,8,-12,-2,None
0,-3,2,0,-2,2,-3,-3,0,1,13,8,8,-12,-2,None
0,-1,0,-4,-4,4,-1,1,-1,1,13,8,8,-12,-2,None
0,-1,0,0,5,0,-2,-3,-1,1,13,8,8,-12,-2,None
0,-1,0,0,5,0,-2,-3,-1,1,13,8,8,-12,-2,None
0,-1,0,0,5,0,-2,-3,-1,1,13,8,8,-12,-2,None
0,-2,2,-3,0,5,-1,-1,-3,1,13,8,8,-12,-2,None
0,-2,-2,2,4,9,-3,-2,-1,1,13,8,8,-12,-2,None
0,0,3,-2,-4,-1,1,0,0,1,13,8,8,-12,-2,None
0,-3,-4,-3,-5,-19,-3,-1,-2,1,13,8,8,-12,-2,None
0,-3,-4,-3,-5,-19,-3,-1,-2,1,13,8,8,-12,-2,None
0,-3,-4,-3,-5,-19,-3,-1,-2,1,13,8,8,-12,-1,None
0,-2,2,2,2,5,-2,-4,-5,1,13,8,8,-12,-1,None
0,-2,-2,-10,-1,17,1,-2,-4,1,13,8,8,-12,-1,None
0,0,1,-4,0,2,1,-3,0,1,13,8,8,-12,-1,None
0,-1,1,-2,-4,-12,-2,-1,0,1,13,8,8,-12,-1,None
0,-1,1,-2,-4,-12,-2,-1,0,1,13,8,8,-12,-1,None
0,-1,1,-2,-4,-12,-2,-1,0,1,13,8,8,-12,-1,None
0,-2,-1,-2,0,0,0,0,0,1,13,8,8,-12,-1,None
0,-2,0,2,2,-3,-3,-3,0,1,13,8,8,-12,-1,None
0,-1,2,-3,-2,-5,-2,-1,-3,1,13,8,8,-12,-1,None
0,-1,0,-2,6,8,-1,-2,-2,1,13,8,8,-12,-1,None
0,-1,0,-2,6,8,-1,-2,-2,1,13,8,8,-12,-1,None
0,-1,0,-2,6,8,-1,-2,-2,1,13,8,8,-12,-1,None
0,-1,0,-1,3,4,0,-1,-2,1,13,8,8,-12,-1,None
0,-1,2,3,0,-1,-2,-4,-2,1,13,8,8,-12,-1,None
0,1,-1,-4,-9,0,3,3,-2,1,13,8,8,-12,-1,None
0,-5,29,-2,-12,-16,-4,-2,-3,1,13,8,8,-12,-1,None
0,-5,29,-2,-12,-16,-4,-2,-3,1,13,8,8,-12,-1,None
0,-5,29,-2,-12,-16,-4,-2,-3,1,13,8,8,-12,-1,None
0,0,-12,6,8,32,3,3,-2,1,13,8,8,-12,-1,None
0,-4,-4,-2,-9,-4,-5,-4,-2,1,13,8,8,-12,-1,None
0,-1,-1,0,2,-2,-4,-3,-1,1,13,8,8,-12,-1,None
0,0,5,-4,4,3,1,-1,0,1,13,8,8,-12,-1,None
0,0,5,-4,4,3,1,-1,0,1,13,8,8,-12,-1,None
0,0,5,-4,4,3,1,-1,0,1,13,8,7,-12,-1,None
0,-1,5,-6,-6,-11,-2,-1,-2,1,13,8,7,-12,-1,None
0,-1,1,1,4,-4,-1,-1,-1,1,13,8,7,-12,-1,None
0,0,1,-2,-1,1,-2,-1,-1,1,13,8,7,-12,-1,None
0,0,-10,-4,-3,4,-1,-1,-1,1,13,8,7,-12,-1,None
0,0,-10,-4,-3,4,-1,-1,-1,1,13,8,7,-12,-1,None
0,0,-10,-4,-3,4,-1,-1,-1,1,13,8,8,-12,-1,None
0,-2,2,-3,3,-4,-1,-2,1,1,13,8,8,-12,-1,None
0,-1,-8,0,1,4,1,-2,-2,1,13,8,8,-12,-1,None
0,1,7,-5,-5,-4,-2,-2,-1,1,13,8,8,-12,-1,None
0,0,-6,-3,6,6,1,2,-1,1,13,8,8,-12,-1,None
0,0,-6,-3,6,6,1,2,-1,1,13,8,8,-12,-1,None
0,0,-6,-3,6,6,1,2,-1,1,13,8,8,-12,-1,None
0,-3,-2,-5,-6,-8,-4,-2,-3,1,13,8,8,-12,-1,None
0,-1,7,-1,3,18,0,-2,-1,1,13,8,8,-12,-1,None
0,-1,-1,-3,-3,-9,0,0,1,1,13,8,8,-12,-1,None
0,-3,-6,-1,2,5,0,-3,-4,1,13,8,8,-12,-1,None
0,-3,-6,-1,2,5,0,-3,-4,1,13,8,8,-12,-1,None
0,-3,-6,-1,2,5,0,-3,-4,1,13,8,8,-12,-1,None
0,0,2,-3,0,-3,-3,-1,-3,1,13,8,8,-12,-1,None
0,0,-1,-2,-4,-6,-2,0,-1,1,13,8,8,-12,-1,None
0,-3,-1,-1,3,2,-1,-1,-2,1,13,8,8,-12,-1,None
0,-4,-3,5,5,4,-1,0,1,1,13,8,8,-12,-1,None
0,-4,-3,5,5,4,-1,0,1,1,13,8,8,-12,-1,None
0,-4,-3,5,5,4,-1,0,1,1,13,8,8,-12,-1,None
0,3,1,-3,-12,2,0,-1,-1,1,13,8,8,-12,-1,None
0,-1,0,0,1,1,0,0,0,1,13,8,8,-12,-1,None
0,-1,0,-2,-3,-6,-2,-3,-2,1,13,8,8,-12,-1,None
0,0,0,3,3,4,-1,-2,-2,1,13,8,8,-12,-1,None
0,0,0,3,3,4,-1,-2,-2,1,13,8,8,-12,-1,None
0,0,0,3,3,4,-1,-2,-2,1,13,8,8,-12,-1,None
0,-3,1,-5,-2,4,-3,-2,-1,1,13,8,8,-12,-1,None
0,0,1,-1,0,2,-2,-1,0,1,13,8,8,-12,-1,None
0,5,19,3,-5,-7,-2,-3,-2,1,13,8,8,-12,-1,None
0,-1,-22,-9,5,-7,-2,-2,0,1,13,8,8,-12,-1,None
0,-1,-22,-9,5,-7,-2,-2,0,1,13,8,8,-12,-1,None
0,-1,-22,-9,5,-7,-2,-2,0,1,13,8,8,-12,-1,None
0,-2,0,1,2,5,-1,1,0,1,13,8,8,-12,-1,None
0,-1,-1,-1,2,6,2,-1,-2,1,13,8,8,-12,-1,None
0,-2,2,-3,3,8,-2,-2,-1,1,13,8,8,-12,-1,None
0,1,8,-1,-4,-17,-2,-1,-1,1,13,8,8,-12,-1,None
0,1,8,-1,-4,-17,-2,-1,-1,1,13,8,8,-12,-1,None
0,1,8,-1,-4,-17,-2,-1,-1,1,13,8,8,-12,-1,None
0,-4,3,-3,15,24,-2,-3,-4,1,13,8,8,-12,-1,None
0,-2,-31,-26,-20,-18,-1,-1,0,1,13,8,8,-12,-1,None
0,-4,-4,11,-15,2,3,2,-1,1,13,8,8,-12,-1,None
0,0,2,0,10,12,-2,-2,-2,1,13,8,8,-12,-1,None
0,0,2,0,10,12,-2,-2,-2,1,13,8,8,-12,-1,None
0,0,2,0,10,12,-2,-2,-2,1,13,8,8,-12,-1,None
0,-2,-3,-1,1,-3,1,-2,1,1,13,8,8,-12,-1,None
0,-1,9,-1,-3,-3,-2,0,-2,1,13,8,8,-12,-1,None
0,-1,-4,-6,9,1,-3,-3,0,1,13,8,8,-12,-1,None
0,-1,-3,-2,-7,-3,-1,0,-2,1,13,8,8,-12,-1,None
0,-1,-3,-2,-7,-3,-1,0,-2,1,13,8,8,-12,-1,None
0,-1,-3,-2,-7,-3,-1,0,-2,1,13,8,8,-12,-1,None
0,0,5,-1,-7,-7,-1,-1,-1,1,13,8,8,-12,-1,None
0,0,8,3,10,4,0,-2,0,1,13,8,8,-12,-1,None
0,0,-7,-9,1,2,-2,-1,-1,1,13,8,8,-12,-1,None
0,-1,5,8,-13,4,-3,-2,-2,1,13,8,8,-12,-1,None
0,-1,5,8,-13,4,-3,-2,-2,1,13,8,8,-12,-1,None
0,-1,5,8,-13,4,-3,-2,-2,1,13,8,8,-12,-1,None
0,-2,-3,-10,1,4,1,-2,-1,1,13,8,8,-12,-1,None
0,-2,5,8,-9,-5,1,-1,-2,1,13,8,8,-12,-1,None
0,-2,-5,-12,3,5,0,-1,-1,1,13,8,8,-12,-1,None
0,-1,-1,-5,0,2,-1,-1,0,1,13,8,8,-12,-1,None
0,-1,-1,-5,0,2,-1,-1,0,1,13,8,8,-12,-1,None
0,-1,-1,-5,0,2,-1,-1,0,1,13,8,8,-12,-1,None
0,0,1,-2,-4,-7,-2,-1,-2,1,13,8,8,-12,-1,None
0,-1,4,1,1,-3,-2,-1,-2,1,13,8,8,-12,-1,None
0,1,2,1,3,0,-2,-1,-2,1,13,8,8,-12,-1,None
0,-1,0,-5,-4,4,0,-2,-2,1,13,8,8,-12,-1,None
0,-1,0,-5,-4,4,0,-2,-2,1,13,8,8,-12,-1,None
0,-1,0,-5,-4,4,0,-2,-2,1,13,8,8,-12,-1,None
0,-2,2,-1,-2,-7,-1,1,-1,1,13,8,8,-12,-1,None
0,-8,-8,-1,4,0,-3,-3,-1,1,13,8,8,-12,-1,None
0,-3,3,1,0,6,0,-1,0,1,13,8,8,-12,-1,None
0,2,3,-4,10,11,0,-1,-2,1,13,8,8,-12,-1,None
0,2,3,-4,10,11,0,-1,-2,1,13,8,8,-12,-1,None
0,2,3,-4,10,11,0,-1,-2,1,13,8,8,-12,-1,None
0,-3,-6,9,2,3,-1,-3,-1,1,13,8,8,-12,-1,None
0,3,7,-6,-8,-6,1,0,0,1,13,8,8,-12,-1,None
0,-1,3,7,2,-4,1,1,-2,1,13,8,8,-12,-1,None
0,-3,-2,-5,0,-2,-1,-2,-2,1,13,8,8,-12,-1,None
0,-3,-2,-5,0,-2,-1,-2,-2,1,13,8,8,-12,-1,None
0,-3,-2,-5,0,-2,-1,-2,-2,1,13,8,8,-12,-2,None
0,0,7,-3,4,-1,-1,-1,0,1,13,8,8,-12,-2,None
0,-2,3,-1,-2,3,-2,-3,-1,1,13,8,8,-12,-2,None
0,-1,-2,-5,-1,-2,-2,-2,-2,1,13,8,8,-12,-2,None
0,-1,1,-2,0,-2,0,-3,-1,1,13,8,8,-12,-2,None
0,-1,1,-2,0,-2,0,-3,-1,1,13,8,8,-12,-2,None
0,-1,1,-2,0,-2,0,-3,-1,1,13,8,8,-12,-1,None
0,0,0,0,-5,-3,1,-1,-2,1,13,8,8,-12,-1,None
0,2,7,6,15,-4,-1,0,1,1,13,8,8,-12,-1,None
0,-2,6,4,-22,2,-1,-1,-3,1,13,8,8,-12,-1,None
0,0,1,-1,4,6,0,-1,-2,1,13,8,8,-12,-1,None
0,0,1,-1,4,6,0,-1,-2,1,13,8,8,-12,-1,None
0,0,1,-1,4,6,0,-1,-2,1,13,8,8,-12,-1,None
0,-2,0,0,-2,-1,-1,-2,-2,1,13,8,8,-12,-1,None
0,-1,3,-3,0,-1,0,0,-2,1,13,8,8,-12,-1,None
0,0,-3,-5,7,-2,-3,-1,0,1,13,8,8,-12,-1,None
0,-1,1,1,-9,-4,-1,-1,-2,1,13,8,8,-12,-1,None
0,-1,1,1,-9,-4,-1,-1,-2,1,13,8,8,-12,-1,None
0,-1,1,1,-9,-4,-1,-1,-2,1,13,8,8,-12,-1,None
0,0,4,-3,-5,-5,-1,-1,-1,1,13,8,8,-12,-1,None
0,-2,-1,-3,3,5,-2,-1,-1,1,13,8,8,-12,-1,None
0,-1,-3,-4,0,1,-2,-3,-1,1,13,8,8,-12,-1,None
0,-2,-2,-3,-4,0,0,-1,-2,1,13,8,8,-12,-1,None
0,-2,-2,-3,-4,0,0,-1,-2,1,13,8,8,-12,-1,None
0,-2,-2,-3,-4,0,0,-1,-2,1,13,8,8,-12,-1,None
0,0,-5,-4,2,0,-1,-2,0,1,13,8,8,-12,-1,None
0,-1,1,1,-8,-4,-4,-5,-3,1,13,8,8,-12,-1,None
0,-6,13,-4,14,3,1,1,-1,1,13,8,8,-12,-1,None
0,-4,-3,-2,-1,-4,-3,-2,-1,1,13,8,8,-12,-1,None
0,-4,-3,-2,-1,-4,-3,-2,-1,1,13,8,8,-12,-1,None
0,-4,-3,-2,-1,-4,-3,-2,-1,1,13,8,8,-12,-1,None
0,-1,2,-4,-5,12,1,-2,-2,1,13,8,8,-12,-1,None
0,-1,-6,2,-4,2,-1,-1,-1,1,13,8,8,-12,-1,None
0,2,5,-3,-7,-7,-2,-2,0,1,13,8,8,-12,-1,None
0,0,4,-3,3,-3,0,0,-1,1,13,8,8,-12,-1,None
0,0,4,-3,3,-3,0,0,-1,1,13,8,8,-12,-1,None
0,0,4,-3,3,-3,0,0,-1,1,13,8,8,-12,-2,None
0,-1,-4,-2,2,-5,-2,-1,-3,1,13,8,8,-12,-2,None
0,1,7,-4,-3,2,-2,-1,-1,1,13,8,8,-12,-2,None
0,0,-7,-2,0,3,-2,-1,-1,1,13,8,8,-12,-2,None
0,0,1,-2,-1,2,0,-1,-2,1,13,8,8,-12,-2,None
0,0,1,-2,-1,2,0,-1,-2,1,13,8,8,-12,-2,None
0,0,1,-2,-1,2,0,-1,-2,1,13,8,8,-12,-2,None
0,-3,-3,-2,-2,-1,-2,-1,-1,1,13,8,8,-12,-2,None
0,0,1,-2,1,2,0,0,-1,1,13,8,8,-12,-2,None
0,-2,-5,-4,3,-1,-2,-2,-3,1,13,8,8,-12,-2,None
0,-3,-5,4,1,0,-2,-3,-2,1,13,8,8,-12,-2,None
0,-3,-5,4,1,0,-2,-3,-2,1,13,8,8,-12,-2,None
0,-3,-5,4,1,0,-2,-3,-2,1,13,8,8,-12,-2,None
0,-1,5,-6,0,-4,1,2,-3,1,13,8,8,-12,-2,None
0,1,15,4,-7,-6,-1,-1,-1,1,13,8,8,-12,-2,None
0,-1,-9,-1,10,14,-1,-1,-2,1,13,8,8,-12,-2,None
0,-1,2,-3,-13,5,-2,-3,-1,1,13,8,8,-12,-2,None
0,-1,2,-3,-13,5,-2,-3,-1,1,13,8,8,-12,-2,None
0,-1,2,-3,-13,5,-2,-3,-1,1,13,8,8,-12,-1,None
0,-2,-3,-3,0,-1,-2,-1,-1,1,13,8,8,-12,-1,None
0,-1,0,-4,1,-1,-1,-2,0,1,13,8,8,-12,-1,None
0,0,-1,-2,-5,-3,-1,-1,-1,1,13,8,8,-12,-1,None
0,-3,0,-4,0,-1,0,1,-1,1,13,8,8,-12,-1,None
0,-3,0,-4,0,-1,0,1,-1,1,13,8,8,-12,-1,None
0,-3,0,-4,0,-1,0,1,-1,1,13,8,8,-12,-1,None
0,0,3,-2,0,-3,-2,0,-2,1,13,8,8,-12,-1,None
0,-2,-7,-2,3,3,-2,-3,-2,1,13,8,8,-12,-1,None
0,-3,0,-4,-6,-2,0,-1,-1,1,13,8,8,-12,-1,None
0,8,-2,6,7,2,-1,-2,-1,1,13,8,8,-12,-1,None
0,8,-2,6,7,2,-1,-2,-1,1,13,8,8,-12,-1,None
0,8,-2,6,7,2,-1,-2,-1,1,13,8,8,-12,-1,None
0,-4,0,-2,1,10,0,-3,-2,1,13,8,8,-12,-1,None
0,-1,-2,-1,4,5,-1,-1,-1,1,13,8,8,-12,-1,None
0,-3,-2,-1,-5,0,0,-2,-2,1,13,8,8,-12,-1,None
0,-1,5,-2,-2,-7,-2,-1,-2,1,13,8,8,-12,-1,None
0,-1,5,-2,-2,-7,-2,-1,-2,1,13,8,8,-12,-1,None
0,-1,5,-2,-2,-7,-2,-1,-2,1,13,8,8,-12,-1,None
0,-1,-1,-1,-3,-3,-1,-1,-1,1,13,8,8,-12,-1,None
0,-1,-3,-4,-2,3,-1,-2,-2,1,13,8,8,-12,-1,None
0,-1,-2,-3,3,-3,0,-1,-1,1,13,8,8,-12,-1,None
0,-4,-9,-4,-2,1,0,-2,-1,1,13,8,8,-12,-1,None
0,-4,-9,-4,-2,1,0,-2,-1,1,13,8,8,-12,-1,None
0,-4,-9,-4,-2,1,0,-2,-1,1,13,8,8,-12,-2,None
0,5,13,0,4,2,0,-2,-1,1,13,8,8,-12,-2,None
0,-7,2,-9,10,1,-1,-3,-3,1,13,8,8,-12,-2,None
0,-2,0,4,3,3,-2,-1,-1,1,13,8,8,-12,-2,None
0,-2,1,-2,-3,2,-2,-2,-1,1,13,8,8,-12,-2,None
0,-2,1,-2,-3,2,-2,-2,-1,1,13,8,8,-12,-2,None
0,-2,1,-2,-3,2,-2,-2,-1,1,13,8,8,-12,-1,None
0,-6,-11,-3,5,1,0,-1,-1,1,13,8,8,-12,-1,None
0,0,4,-1,-3,-4,0,-1,-1,1,13,8,8,-12,-1,None
0,0,4,-4,-3,-3,0,-1,-3,1,13,8,8,-12,-1,None
0,-4,-1,-4,0,2,0,-1,-1,1,13,8,8,-12,-1,None
0,-4,-1,-4,0,2,0,-1,-1,1,13,8,8,-12,-1,None
0,-4,-1,-4,0,2,0,-1,-1,1,13,8,8,-12,-1,None
0,1,6,0,-3,-4,-2,-2,-1,1,13,8,8,-12,-1,None
0,-1,-1,-5,-3,2,0,-1,-1,1,13,8,8,-12,-1,None
0,-1,-1,3,-5,0,-1,-2,-3,1,13,8,8,-12,-1,None
0,-1,11,-5,2,3,-2,-1,-1,1,13,8,8,-12,-1,None
0,-1,11,-5,2,3,-2,-1,-1,1,13,8,8,-12,-1,None
0,-1,11,-5,2,3,-2,-1,-1,1,13,8,8,-12,-2,None
0,3,-25,-3,-2,-18,-1,-3,0,1,13,8,8,-12,-2,None
0,-3,-3,-1,-5,11,-1,0,-2,1,13,8,8,-12,-2,None
0,-1,-3,1,3,11,0,-2,-1,1,13,8,8,-12,-2,None
0,-1,2,-2,8,2,-2,-2,-4,1,13,8,8,-12,-2,None
0,-1,2,-2,8,2,-2,-2,-4,1,13,8,8,-12,-2,None
0,-1,2,-2,8,2,-2,-2,-4,1,13,8,8,-12,-1,None
0,2,5,-1,-3,0,-1,-1,1,1,13,8,8,-12,-1,None
0,0,-4,2,-7,-8,-2,-1,-1,1,13,8,8,-12,-1,None
0,-4,4,-8,-9,-2,-2,0,-1,1,13,8,8,-12,-1,None
0,1,2,-1,-2,1,1,-2,-1,1,13,8,8,-12,-1,None
0,1,2,-1,-2,1,1,-2,-1,1,13,8,8,-12,-1,None
0,1,2,-1,-2,1,1,-2,-1,1,13,8,8,-12,-2,None
0,-4,3,1,3,1,-1,-2,-1,1,13,8,8,-12,-2,None
0,-1,-2,-3,1,1,1,0,-1,1,13,8,8,-12,-2,None
0,1,1,-3,-1,-5,-2,-3,-2,1,13,8,8,-12,-2,None
0,-2,-2,-2,-3,-4,0,-1,-1,1,13,8,8,-12,-2,None
0,-2,-2,-2,-3,-4,0,-1,-1,1,13,8,8,-12,-2,None
0,-2,-2,-2,-3,-4,0,-1,-1,1,13,8,8,-12,-1,None
0,-4,1,-3,-3,5,-1,-2,-2,1,13,8,8,-12,-1,None
0,-1,0,3,0,-3,-1,-2,-1,1,13,8,8,-12,-1,None
0,2,19,-7,2,2,2,1,-1,1,13,8,8,-12,-1,None
0,-1,-9,2,-6,5,-1,0,-1,1,13,8,8,-12,-1,None
0,-1,-9,2,-6,5,-1,0,-1,1,13,8,8,-12,-1,None
0,-1,-9,2,-6,5,-1,0,-1,1,13,8,8,-12,-1,None
0,-2,1,0,3,-1,-1,-2,-3,1,13,8,8,-12,-1,None
0,-2,3,0,2,6,-1,-1,-3,1,13,8,8,-12,-1,None
0,1,-1,-2,1,-8,-1,-2,-1,1,13,8,8,-12,-1,None
0,-1,1,-4,-3,-2,-1,-2,-1,1,13,8,8,-12,-1,None
0,-1,1,-4,-3,-2,-1,-2,-1,1,13,8,8,-12,-1,None
0,-1,1,-4,-3,-2,-1,-2,-1,1,13,8,8,-12,-1,None
0,-1,5,-1,-5,1,-2,0,-1,1,13,8,8,-12,-1,None
0,0,-3,-3,-3,-5,-1,-1,-1,1,13,8,8,-12,-1,None
0,-1,-7,-1,-5,-4,-3,-2,-2,1,13,8,8,-12,-1,None
0,-3,7,-7,0,5,-3,-3,-1,1,13,8,8,-12,-1,None
0,-3,7,-7,0,5,-3,-3,-1,1,13,8,8,-12,-1,None
0,-3,7,-7,0,5,-3,-3,-1,1,13,8,8,-12,-2,None
0,-9,-29,-2,12,5,-1,0,-3,1,13,8,8,-12,-2,None
0,-2,2,-1,4,19,-1,-1,-2,1,13,8,8,-12,-2,None
0,-2,-4,-2,-5,1,1,-1,0,1,13,8,8,-12,-2,None
0,-2,-1,0,2,-2,-1,-1,-1,1,13,8,8,-12,-2,None
0,-2,-1,0,2,-2,-1,-1,-1,1,13,8,8,-12,-2,None
0,-2,-1,0,2,-2,-1,-1,-1,1,13,8,8,-12,-1,None
0,2,12,-4,-5,-3,0,-1,0,1,13,8,8,-12,-1,None
0,0,1,1,-2,-4,0,-1,-1,1,13,8,8,-12,-1,None
0,-3,-6,-5,10,3,-1,-2,-3,1,13,8,8,-12,-1,None
0,-2,2,0,-9,-3,0,0,-1,1,13,8,8,-12,-1,None
0,-2,2,0,-9,-3,0,0,-1,1,13,8,8,-12,-1,None
0,-2,2,0,-9,-3,0,0,-1,1,13,8,8,-12,-1,None
0,0,4,-3,-5,7,-2,-1,-2,1,13,8,8,-12,-1,None
0,-3,-3,0,3,-2,1,-1,-2,1,13,8,8,-12,-1,None
0,-1,0,2,-3,0,-1,-1,-2,1,13,8,8,-12,-1,None
0,-2,1,-2,-1,-4,-2,-2,-1,1,13,8,8,-12,-1,None
0,-2,1,-2,-1,-4,-2,-2,-1,1,13,8,8,-12,-1,None
0,-2,1,-2,-1,-4,-2,-2,-1,1,13,8,8,-12,-2,None
0,-1,3,-4,-8,-2,-1,-2,0,1,13,8,8,-12,-2,None
0,-2,-2,-5,0,1,-2,0,-1,1,13,8,8,-12,-2,None
0,1,-1,-1,1,-1,-1,-2,-2,1,13,8,8,-12,-2,None
0,-1,0,-3,0,-3,-1,-2,-2,1,13,8,8,-12,-2,None
0,-1,0,-3,0,-3,-1,-2,-2,1,13,8,8,-12,-2,None
0,-1,0,-3,0,-3,-1,-2,-2,1,13,8,8,-12,-1,None
0,-3,-1,-3,8,-1,-2,-2,-2,1,13,8,8,-12,-1,None
0,3,30,-3,-10,-10,-2,-1,-1,1,13,8,8,-12,-1,None
0,0,-8,-7,16,14,-2,-4,-2,1,13,8,8,-12,-1,None
0,-3,-4,2,4,11,-1,-1,-3,1,13,8,8,-12,-1,None
0,-3,-4,2,4,11,-1,-1,-3,1,13,8,8,-12,-1,None
0,-3,-4,2,4,11,-1,-1,-3,1,13,8,8,-12,-1,None
0,-1,6,0,-4,-1,1,-1,-1,1,13,8,8,-12,-1,None
