0,-2,-7,-4,-8,-31,27,18,-6,1,12,8,7,-17,-7,None
0,-2,-2,-10,1,40,-38,-16,-4,1,12,8,7,-17,-7,None
0,-1,4,-2,-1,-1,5,9,2,1,12,8,7,-17,-7,None
0,-1,4,-2,-1,-1,5,9,2,1,12,8,7,-17,-7,None
0,-1,4,-2,-1,-1,5,9,2,1,12,8,4,-19,-7,None
0,1,-3,-3,-23,-7,-19,-41,-4,1,12,8,4,-19,-7,None
0,1,-6,-2,9,16,-8,-26,-5,1,12,8,4,-19,-7,None
0,3,6,-1,1,-5,53,83,22,1,12,8,4,-19,-7,None
0,0,3,6,1,-18,-17,-32,0,1,12,8,4,-19,-7,None
0,0,3,6,1,-18,-17,-32,0,0,12,8,4,-19,-7,None
0,0,3,6,1,-18,-17,-32,0,0,12,8,1,-18,-5,None
0,-3,-3,-3,-15,8,-7,-21,-3,0,12,8,1,-18,-5,None
0,1,-4,-7,0,1,24,36,0,0,12,8,1,-18,-5,None
0,-3,5,5,-8,-52,-31,-56,-13,0,12,8,1,-18,-5,None
0,-2,-4,-7,4,5,-8,22,-2,0,12,8,1,-18,-5,None
0,-2,-4,-7,4,5,-8,22,-2,0,12,8,1,-18,-5,None
0,-2,-4,-7,4,5,-8,22,-2,0,12,8,0,-17,-4,None
0,0,0,2,-19,50,35,9,4,0,12,8,0,-17,-4,None
0,-1,-1,-3,28,7,-25,-12,-2,0,12,8,0,-17,-4,None
0,-1,1,6,-5,-52,1,12,-3,0,12,8,0,-17,-4,None
0,-2,2,11,5,30,13,-19,-3,0,12,8,0,-17,-4,None
0,-2,2,11,5,30,13,-19,-3,0,12,8,0,-17,-4,None
0,-2,2,11,5,30,13,-19,-3,0,12,8,-1,-17,-3,None
0,-1,-4,-10,-6,-1,-33,-1,-6,0,12,8,-1,-17,-3,None
0,1,2,4,-14,32,-5,-5,6,0,12,8,-1,-17,-3,None
0,-3,-1,-12,-8,10,32,26,-5,0,12,8,-1,-17,-3,None
0,-5,1,-4,2,-19,-29,-39,-6,0,12,8,-1,-17,-3,None
0,-5,1,-4,2,-19,-29,-39,-6,0,12,8,-1,-17,-3,None
0,-5,1,-4,2,-19,-29,-39,-6,0,12,8,-1,-17,-3,None
0,1,6,3,-22,-36,41,19,7,0,12,8,-1,-17,-3,None
0,-1,0,-6,8,74,23,51,3,0,12,8,-1,-17,-3,None
0,-5,-3,-9,5,2,-47,-72,-9,0,12,8,-1,-17,-3,None
0,-1,2,1,-10,-37,-25,-6,-5,0,12,8,-1,-17,-3,None
0,-1,2,1,-10,-37,-25,-6,-5,17,12,8,-1,-17,-3,None
0,-1,2,1,-10,-37,-25,-6,-5,17,12,8,-2,-17,-3,None
0,-1,0,-2,-4,-2,-15,47,3,17,12,8,-2,-17,-3,None
0,0,1,-4,-4,-34,47,10,8,17,12,8,-2,-17,-3,None
0,-6,-1,-1,10,109,-16,-16,-8,17,12,8,-2,-17,-3,None
0,0,2,3,7,-92,-1,2,2,17,12,8,-2,-17,-3,None
0,0,2,3,7,-92,-1,2,2,17,12,8,-2,-17,-3,None
0,0,2,3,7,-92,-1,2,2,17,12,8,-3,-15,-3,None
0,-1,0,-6,-8,-8,-17,-22,-7,17,12,8,-3,-15,-3,None
0,-1,-4,-1,20,-39,-7,-2,2,17,12,8,-3,-15,-3,None
0,-2,3,-3,-25,-17,-11,-5,-10,17,12,8,-3,-15,-3,None
0,0,2,-1,0,22,2,5,11,17,12,8,-3,-15,-3,None
0,0,2,-1,0,22,2,5,11,17,12,8,-3,-15,-3,None
0,0,2,-1,0,22,2,5,11,17,12,8,-3,-14,-3,None
0,-2,0,2,-10,32,13,8,5,17,12,8,-3,-14,-3,None
0,-4,-2,-9,20,-23,-3,-1,-10,17,12,8,-3,-14,-3,None
0,-3,-2,-1,-30,10,-24,-19,5,17,12,8,-3,-14,-3,None
0,0,0,-3,4,-8,32,16,5,17,12,8,-3,-14,-3,None
0,0,0,-3,4,-8,32,16,5,16,12,8,-3,-14,-3,None
0,0,0,-3,4,-8,32,16,5,16,12,8,-4,-13,-3,None
0,0,0,-6,12,-36,11,13,0,16,12,8,-4,-13,-3,None
0,-1,1,5,-17,53,-3,-10,-3,16,12,8,-4,-13,-3,None
0,0,3,0,12,-27,-18,-9,0,16,12,8,-4,-13,-3,None
0,-3,-3,-9,-16,6,-17,-2,-11,16,12,8,-4,-13,-3,None
0,-3,-3,-9,-16,6,-17,-2,-11,16,12,8,-4,-13,-3,None
0,-3,-3,-9,-16,6,-17,-2,-11,16,12,8,-4,-12,-3,None
0,0,3,2,-5,-31,2,-6,-2,16,12,8,-4,-12,-3,None
0,-4,-1,0,-14,-32,0,-13,-13,16,12,8,-4,-12,-3,None
0,-3,1,-2,36,71,-10,-2,-3,16,12,8,-4,-12,-3,None
0,0,2,2,-7,36,24,14,16,16,12,8,-4,-12,-3,None
0,0,2,2,-7,36,24,14,16,16,12,8,-4,-12,-3,None
0,0,2,2,-7,36,24,14,16,16,12,8,-6,-11,-3,None
0,-1,1,-1,-11,35,0,-2,-1,16,12,8,-6,-11,-3,None
0,1,4,6,28,-84,-6,-2,0,16,12,8,-6,-11,-3,None
0,-5,-7,-7,-28,-21,1,-2,-11,16,12,8,-6,-11,-3,None
0,-1,3,2,-23,0,-8,-5,-3,16,12,8,-6,-11,-3,None
0,-1,3,2,-23,0,-8,-5,-3,16,12,8,-6,-11,-3,None
0,-1,3,2,-23,0,-8,-5,-3,16,12,8,-7,-11,-4,None
0,-2,1,-1,-2,9,-16,-10,-3,16,12,8,-7,-11,-4,None
0,-5,-4,2,23,76,8,4,4,16,12,8,-7,-11,-4,None
0,1,1,-1,39,-84,2,6,3,16,12,8,-7,-11,-4,None
0,-1,-2,-10,-15,21,-15,-7,-10,16,12,8,-7,-11,-4,None
0,-1,-2,-10,-15,21,-15,-7,-10,16,12,8,-7,-11,-4,None
0,-1,-2,-10,-15,21,-15,-7,-10,16,12,8,-6,-11,-4,None
0,0,-2,-7,-26,-18,2,-2,11,16,12,8,-6,-11,-4,None
0,1,4,-7,-33,38,-2,-5,-5,16,12,8,-6,-11,-4,None
0,0,1,-3,16,-20,14,0,3,16,12,8,-6,-11,-4,None
0,-1,2,-1,17,-1,-20,-6,-8,16,12,8,-6,-11,-4,None
0,-1,2,-1,17,-1,-20,-6,-8,15,12,8,-6,-11,-4,None
0,-1,2,-1,17,-1,-20,-6,-8,15,12,8,-7,-10,-3,None
0,-1,4,10,-11,-78,-8,-10,-3,15,12,8,-7,-10,-3,None
0,-4,-10,-16,20,-15,20,18,7,15,12,8,-7,-10,-3,None
0,3,4,0,-1,82,5,0,4,15,12,8,-7,-10,-3,None
0,-3,3,-3,45,30,-13,-9,-5,15,12,8,-7,-10,-3,None
0,-3,3,-3,45,30,-13,-9,-5,15,12,8,-7,-10,-3,None
0,-3,3,-3,45,30,-13,-9,-5,15,12,8,-7,-9,-3,None
0,-4,-5,2,7,75,4,-8,-17,15,12,8,-7,-9,-3,None
0,1,5,3,-8,-20,1,2,7,15,12,8,-7,-9,-3,None
0,4,7,0,-44,-25,-1,15,9,15,12,8,-7,-9,-3,None
0,-5,-1,-4,-2,1,-11,-9,-20,15,12,8,-7,-9,-3,None
0,-5,-1,-4,-2,1,-11,-9,-20,15,12,8,-7,-9,-3,None
0,-5,-1,-4,-2,1,-11,-9,-20,15,12,8,-7,-8,-2,None
0,2,4,-4,10,22,16,8,9,15,12,8,-7,-8,-2,None
0,-3,-3,-3,10,40,-19,-23,-9,15,12,8,-7,-8,-2,None
0,-3,-2,-4,-15,-24,3,7,-8,15,12,8,-7,-8,-2,None
0,2,4,4,-36,-7,4,-5,2,15,12,8,-7,-8,-2,None
0,2,4,4,-36,-7,4,-5,2,15,12,8,-7,-8,-2,None
0,2,4,4,-36,-7,4,-5,2,15,12,8,-7,-8,-2,None
0,-2,-2,-3,11,-5,4,14,5,15,12,8,-7,-8,-2,None
0,2,3,-2,-31,-32,-2,4,3,15,12,8,-7,-8,-2,None
0,-5,-1,-1,13,3,-22,-18,-17,15,12,8,-7,-8,-2,None
0,1,-3,-3,31,-66,15,3,12,15,12,8,-7,-8,-2,None
0,1,-3,-3,31,-66,15,3,12,15,12,7,-7,-8,-2,None
0,1,-3,-3,31,-66,15,3,12,15,12,7,-6,-8,-1,None
0,0,-1,-6,76,57,9,2,1,15,12,7,-6,-8,-1,None
0,-3,-1,-1,-35,-30,-3,-9,-7,15,12,7,-6,-8,-1,None
0,-2,3,-3,8,6,-16,-9,-7,15,12,7,-6,-8,-1,None
0,5,0,0,-14,32,21,16,14,15,12,7,-6,-8,-1,None
0,5,0,0,-14,32,21,16,14,15,12,7,-6,-8,-1,None
0,5,0,0,-14,32,21,16,14,15,12,7,-6,-8,0,None
0,1,2,-6,-19,-18,-2,-5,0,15,12,7,-6,-8,0,None
0,-1,-1,-3,0,-1,-7,3,-3,15,12,7,-6,-8,0,None
0,2,1,0,34,11,0,-7,2,15,12,7,-6,-8,0,None
0,-2,-1,-6,-48,-6,1,3,3,15,12,7,-6,-8,0,None
0,-2,-1,-6,-48,-6,1,3,3,15,11,7,-6,-8,0,None
0,-2,-1,-6,-48,-6,1,3,3,15,11,7,-6,-8,0,None
0,-3,0,-14,9,-5,-14,-11,-14,15,11,7,-6,-8,0,None
0,-1,0,-6,11,11,12,5,5,15,11,7,-6,-8,0,None
0,-1,0,1,-24,-14,2,4,2,15,11,7,-6,-8,0,None
0,-5,-3,-4,25,3,-6,-4,-8,15,11,7,-6,-8,0,None
0,-5,-3,-4,25,3,-6,-4,-8,15,11,7,-6,-8,0,None
0,-5,-3,-4,25,3,-6,-4,-8,15,11,7,-7,-8,0,None
0,-2,-5,5,6,31,9,-2,2,15,11,7,-7,-8,0,None
0,0,2,-3,-12,0,-2,2,-2,15,11,7,-7,-8,0,None
0,0,-2,-12,9,7,9,3,2,15,11,7,-7,-8,0,None
0,-1,4,-4,4,-2,-13,-7,-6,15,11,7,-7,-8,0,None
0,-1,4,-4,4,-2,-13,-7,-6,15,11,7,-7,-8,0,None
0,-1,4,-4,4,-2,-13,-7,-6,15,11,7,-7,-8,0,None
0,-1,2,2,-29,-2,3,-1,-4,15,11,7,-7,-8,0,None
0,-6,-5,4,52,2,-14,-7,-7,15,11,7,-7,-8,0,None
0,2,2,3,-15,3,15,3,4,15,11,7,-7,-8,0,None
0,0,1,2,-5,7,0,-2,-2,15,11,7,-7,-8,0,None
0,0,1,2,-5,7,0,-2,-2,15,11,7,-7,-8,0,None
0,0,1,2,-5,7,0,-2,-2,15,11,7,-8,-8,0,None
0,-2,2,2,-16,17,-5,-4,-4,15,11,7,-8,-8,0,None
0,2,3,-1,-9,6,9,3,0,15,11,7,-8,-8,0,None
0,-1,0,-6,5,17,-3,-1,2,15,11,7,-8,-8,0,None
0,-3,0,4,19,-1,-11,-8,-6,15,11,7,-8,-8,0,None
0,-3,0,4,19,-1,-11,-8,-6,15,11,7,-8,-8,0,None
0,-3,0,4,19,-1,-11,-8,-6,15,11,7,-9,-8,0,None
0,0,-2,3,-6,-15,3,3,0,15,11,7,-9,-8,0,None
0,-1,3,3,-27,-4,-8,-3,0,15,11,7,-9,-8,0,None
0,-5,-5,-2,12,3,-4,-6,-6,15,11,7,-9,-8,0,None
0,0,0,-11,5,-8,6,1,1,15,11,7,-9,-8,0,None
0,0,0,-11,5,-8,6,1,1,15,11,7,-9,-8,0,None
0,0,0,-11,5,-8,6,1,1,15,11,7,-10,-9,0,None
0,0,2,2,-10,-29,-10,-5,-3,15,11,7,-10,-9,0,None
0,2,2,0,-13,16,5,3,3,15,11,7,-10,-9,0,None
0,-2,0,-1,14,0,-9,-6,-2,15,11,7,-10,-9,0,None
0,-1,2,6,-28,6,-4,-4,-5,15,11,7,-10,-9,0,None
0,-1,2,6,-28,6,-4,-4,-5,15,11,7,-10,-9,0,None
0,-1,2,6,-28,6,-4,-4,-5,15,11,7,-11,-8,0,None
0,-4,-3,-5,21,-112,-5,-1,-2,15,11,7,-11,-8,0,None
0,-3,-2,-4,-23,-10,-1,-1,-1,15,11,7,-11,-8,0,None
0,0,1,-2,-5,11,3,-2,-1,15,11,7,-11,-8,0,None
0,0,0,-12,10,17,-4,-2,0,15,11,7,-11,-8,0,None
0,0,0,-12,10,17,-4,-2,0,15,12,7,-11,-8,0,None
0,0,0,-12,10,17,-4,-2,0,15,12,7,-11,-8,0,None
0,-1,0,1,-13,21,-2,-1,-4,15,12,7,-11,-8,0,None
0,0,1,-1,-13,32,-1,-4,-3,15,12,7,-11,-8,0,None
0,-1,2,6,0,-19,-1,-3,-1,15,12,7,-11,-8,0,None
0,-3,-2,1,4,27,3,-1,-3,15,12,7,-11,-8,0,None
0,-3,-2,1,4,27,3,-1,-3,15,12,8,-11,-8,0,None
0,-3,-2,1,4,27,3,-1,-3,15,12,8,-10,-8,0,None
0,-2,-1,-9,-8,45,-3,-1,-2,15,12,8,-10,-8,0,None
0,-2,-2,-5,23,0,-11,-3,-1,15,12,8,-10,-8,0,None
0,0,2,7,-19,5,9,0,-2,15,12,8,-10,-8,0,None
0,-3,-4,-10,12,2,-3,-6,-3,15,12,8,-10,-8,0,None
0,-3,-4,-10,12,2,-3,-6,-3,15,12,8,-10,-8,0,None
0,-3,-4,-10,12,2,-3,-6,-3,15,12,8,-9,-8,0,None
0,-1,0,-5,-4,9,-5,0,0,15,12,8,-9,-8,0,None
0,-1,1,2,16,28,5,5,2,15,12,8,-9,-8,0,None
0,-3,2,0,-2,-3,1,1,-1,15,12,8,-9,-8,0,None
0,-3,-2,5,11,-10,-10,-6,-6,15,12,8,-9,-8,0,None
0,-3,-2,5,11,-10,-10,-6,-6,15,12,8,-9,-8,0,None
0,-3,-2,5,11,-10,-10,-6,-6,15,12,8,-8,-8,0,None
0,-1,1,0,-18,-15,7,-1,1,15,12,8,-8,-8,0,None
0,-2,0,-3,-4,-22,-4,-1,0,15,12,8,-8,-8,0,None
0,-1,-1,-6,10,-6,0,-1,-1,15,12,8,-8,-8,0,None
0,0,1,1,-12,-2,1,2,1,15,12,8,-8,-8,0,None
0,0,1,1,-12,-2,1,2,1,15,12,8,-8,-8,0,None
0,0,1,1,-12,-2,1,2,1,15,12,8,-8,-9,-1,None
0,-1,0,-4,10,13,-4,-1,-1,15,12,8,-8,-9,-1,None
0,-1,1,0,-26,-16,3,-2,-2,15,12,8,-8,-9,-1,None
0,-2,-1,-8,13,11,-4,-1,0,15,12,8,-8,-9,-1,None
0,-1,2,3,-8,-12,-2,0,0,15,12,8,-8,-9,-1,None
0,-1,2,3,-8,-12,-2,0,0,15,12,8,-8,-9,-1,None
0,-1,2,3,-8,-12,-2,0,0,15,12,8,-8,-9,-1,None
0,-3,2,8,-1,17,0,-1,-3,15,12,8,-8,-9,-1,None
0,-1,0,-2,4,-15,3,-1,-1,15,12,8,-8,-9,-1,None
0,-2,0,1,-5,-29,0,-2,0,15,12,8,-8,-9,-1,None
0,-1,1,-2,3,6,-2,0,-1,15,12,8,-8,-9,-1,None
0,-1,1,-2,3,6,-2,0,-1,15,12,8,-8,-9,-1,None
0,-1,1,-2,3,6,-2,0,-1,15,12,8,-7,-9,-2,None
0,-1,0,-1,-2,-5,-7,-2,-2,15,12,8,-7,-9,-2,None
0,-1,-2,-1,-2,9,1,-3,-1,15,12,8,-7,-9,-2,None
0,0,0,-1,4,13,-1,-2,0,15,12,8,-7,-9,-2,None
0,-2,-1,0,-11,-12,2,1,2,15,12,8,-7,-9,-2,None
0,-2,-1,0,-11,-12,2,1,2,16,12,8,-7,-9,-2,None
0,-2,-1,0,-11,-12,2,1,2,16,12,8,-6,-9,-2,None
0,0,1,-5,-5,15,0,-2,-1,16,12,8,-6,-9,-2,None
0,-4,0,-2,5,-10,-2,-4,-5,16,12,8,-6,-9,-2,None
0,0,0,-7,-21,-7,-1,0,1,16,12,8,-6,-9,-2,None
0,0,1,0,-7,-7,0,-1,-2,16,12,8,-6,-9,-2,None
0,0,1,0,-7,-7,0,-1,-2,16,12,8,-6,-9,-2,None
0,0,1,0,-7,-7,0,-1,-2,16,12,8,-5,-10,-2,None
0,0,2,-4,6,17,-1,-1,-2,16,12,8,-5,-10,-2,None
0,1,1,-3,2,-7,-5,-1,-2,16,12,8,-5,-10,-2,None
0,-3,-1,-2,-13,8,-3,-2,-6,16,12,8,-5,-10,-2,None
0,0,2,-3,3,5,0,-4,2,16,12,8,-5,-10,-2,None
0,0,2,-3,3,5,0,-4,2,16,12,8,-5,-10,-2,None
0,0,2,-3,3,5,0,-4,2,16,12,8,-5,-11,-3,None
0,-3,-2,-1,6,30,5,2,-3,16,12,8,-5,-11,-3,None
0,2,4,0,6,-35,1,1,2,16,12,8,-5,-11,-3,None
0,-3,-1,0,-1,5,0,-1,-1,16,12,8,-5,-11,-3,None
0,-1,0,-1,0,-4,-4,-2,-3,16,12,8,-5,-11,-3,None
0,-1,0,-1,0,-4,-4,-2,-3,16,12,8,-5,-11,-3,None
0,-1,0,-1,0,-4,-4,-2,-3,16,12,8,-5,-11,-4,None
0,0,-1,-1,-4,0,-2,-4,3,16,12,8,-5,-11,-4,None
0,-3,-1,-2,6,0,0,3,0,16,12,8,-5,-11,-4,None
0,1,-1,-2,-3,-5,-5,2,-5,16,12,8,-5,-11,-4,None
0,1,3,0,9,9,11,-1,5,16,12,8,-5,-11,-4,None
0,1,3,0,9,9,11,-1,5,16,12,8,-5,-11,-4,None
0,1,3,0,9,9,11,-1,5,16,12,8,-5,-12,-5,None
0,-3,0,-1,0,-13,-3,-4,-4,16,12,8,-5,-12,-5,None
0,-1,0,1,4,14,-6,-5,-5,16,12,8,-5,-12,-5,None
0,-1,-1,2,-14,-5,-3,1,11,16,12,8,-5,-12,-5,None
0,-2,0,5,-9,1,-2,-3,-8,16,12,8,-5,-12,-5,None
0,-2,0,5,-9,1,-2,-3,-8,17,12,8,-5,-12,-5,None
0,-2,0,5,-9,1,-2,-3,-8,17,12,8,-5,-13,-5,None
0,-3,-1,3,11,-8,1,-1,-6,17,12,8,-5,-13,-5,None
0,2,3,6,-17,-34,1,0,1,17,12,8,-5,-13,-5,None
0,-4,-2,3,6,30,-6,-6,0,17,12,8,-5,-13,-5,None
0,-2,0,1,-16,10,-5,0,-4,17,12,8,-5,-13,-5,None
0,-2,0,1,-16,10,-5,0,-4,17,12,8,-5,-13,-5,None
0,-2,0,1,-16,10,-5,0,-4,17,12,8,-4,-14,-5,None
0,-3,-4,-3,-7,-19,-4,-7,-2,17,12,8,-4,-14,-5,None
0,2,3,1,6,24,7,3,-2,17,12,8,-4,-14,-5,None
0,-5,-3,-6,8,-13,5,-2,-4,17,12,8,-4,-14,-5,None
0,-2,-2,-7,-7,-1,2,3,0,17,12,8,-4,-14,-5,None
0,-2,-2,-7,-7,-1,2,3,0,17,12,8,-4,-14,-5,None
0,-2,-2,-7,-7,-1,2,3,0,17,12,8,-3,-15,-5,None
0,2,0,-9,7,-5,-3,1,7,17,12,8,-3,-15,-5,None
0,-3,-1,-12,4,14,-9,-9,-6,17,12,8,-3,-15,-5,None
0,1,1,-7,-6,-2,0,-7,-1,17,12,8,-3,-15,-5,None
0,0,1,-2,98,19,3,8,1,17,12,8,-3,-15,-5,None
0,0,1,-2,98,19,3,8,1,17,12,8,-3,-15,-5,None
0,0,1,-2,98,19,3,8,1,17,12,8,-2,-16,-6,None
0,-5,-4,-20,-74,-32,-4,-1,-9,17,12,8,-2,-16,-6,None
0,-2,-2,-8,25,25,-5,-6,-2,17,12,8,-2,-16,-6,None
0,2,4,-6,8,-3,3,3,-2,17,12,8,-2,-16,-6,None
0,-1,1,-6,4,-12,-8,-8,0,17,12,8,-2,-16,-6,None
0,-1,1,-6,4,-12,-8,-8,0,0,12,8,-2,-16,-6,None
0,-1,1,-6,4,-12,-8,-8,0,0,12,8,0,-16,-5,None
0,0,4,4,32,10,4,1,1,0,12,8,0,-16,-5,None
0,-5,-2,-2,-5,1,-5,-1,-3,0,12,8,0,-16,-5,None
0,-3,-1,-14,-52,-16,-5,-3,-7,0,12,8,0,-16,-5,None
0,-2,1,0,-3,7,-2,-1,-1,0,12,8,0,-16,-5,None
0,-2,1,0,-3,7,-2,-1,-1,0,12,8,0,-16,-5,None
0,-2,1,0,-3,7,-2,-1,-1,0,12,8,0,-15,-4,None
0,0,2,0,-1,-18,-1,1,-2,0,12,8,0,-15,-4,None
0,-5,-2,-2,2,36,5,3,-2,0,12,8,0,-15,-4,None
0,1,3,5,69,9,1,-5,1,0,12,8,0,-15,-4,None
0,0,-3,-6,-52,-27,-1,-4,3,0,12,8,0,-15,-4,None
0,0,-3,-6,-52,-27,-1,-4,3,0,12,8,0,-15,-4,None
0,0,-3,-6,-52,-27,-1,-4,3,0,12,8,1,-15,-5,None
0,0,5,7,27,16,3,-2,-2,0,12,8,1,-15,-5,None
0,-1,-2,-6,-36,-8,-5,-1,1,0,12,8,1,-15,-5,None
0,-1,0,-3,1,-13,1,1,-1,0,12,8,1,-15,-5,None
0,1,0,-4,13,11,-8,1,-2,0,12,8,1,-15,-5,None
0,1,0,-4,13,11,-8,1,-2,0,12,8,1,-15,-5,None
0,1,0,-4,13,11,-8,1,-2,0,12,8,3,-16,-5,None
0,3,9,3,49,19,0,-1,3,0,12,8,3,-16,-5,None
0,-5,-6,-4,3,-31,2,-5,-5,0,12,8,3,-16,-5,None
0,3,7,9,25,45,5,2,-2,0,12,8,3,-16,-5,None
0,1,1,-5,0,-12,-2,-3,-2,0,12,8,3,-16,-5,None
0,1,1,-5,0,-12,-2,-3,-2,0,12,8,3,-16,-5,None
0,1,1,-5,0,-12,-2,-3,-2,0,12,8,4,-16,-4,None
0,-1,-6,-1,57,-13,3,1,7,0,12,8,4,-16,-4,None
0,-1,6,2,-31,21,5,2,-5,0,12,8,4,-16,-4,None
0,-3,-14,-8,72,-26,-22,-10,-2,0,12,8,4,-16,-4,None
0,-1,1,1,91,-18,2,-10,1,0,12,8,4,-16,-4,None
0,-1,1,1,91,-18,2,-10,1,1,12,8,4,-16,-4,None
0,-1,1,1,91,-18,2,-10,1,1,12,8,5,-16,-4,None
0,-1,-1,-5,-12,27,-3,15,-6,1,12,8,5,-16,-4,None
0,-6,-3,-10,-25,17,16,1,-2,1,12,8,5,-16,-4,None
0,-2,0,4,-1,0,2,1,0,1,12,8,5,-16,-4,None
0,0,2,-1,15,-6,-13,-9,-2,1,12,8,5,-16,-4,None
0,0,2,-1,15,-6,-13,-9,-2,1,12,8,5,-16,-4,None
0,0,2,-1,15,-6,-13,-9,-2,1,12,8,5,-16,-4,None
0,-4,-4,-6,-8,-33,-8,-4,-3,1,12,8,5,-16,-4,None
0,4,7,4,21,-19,-12,1,8,1,12,8,5,-16,-4,None
0,-3,0,0,9,7,-1,3,-6,1,12,8,5,-16,-4,None
0,-6,-8,-19,2,30,7,-3,-6,1,12,8,5,-16,-4,None
0,-6,-8,-19,2,30,7,-3,-6,1,13,8,5,-16,-4,None
0,-6,-8,-19,2,30,7,-3,-6,1,13,8,6,-17,-4,None
0,-3,2,3,-10,22,1,-8,-6,1,13,8,6,-17,-4,None
0,2,1,4,-34,-24,-2,-3,2,1,13,8,6,-17,-4,None
0,1,3,-1,-64,3,7,3,0,1,13,8,6,-17,-4,None
0,0,5,9,-1,4,-4,2,-3,1,13,8,6,-17,-4,None
0,0,5,9,-1,4,-4,2,-3,1,13,8,6,-17,-4,None
0,0,5,9,-1,4,-4,2,-3,1,13,8,6,-16,-3,None
0,-5,-5,-4,-18,6,-2,-2,-5,1,13,8,6,-16,-3,None
0,2,3,-5,-33,13,-2,-3,4,1,13,8,6,-16,-3,None
0,-1,-1,-5,-68,-16,-2,3,0,1,13,8,6,-16,-3,None
0,-3,-1,-2,-58,-18,-6,-5,-5,1,13,8,6,-16,-3,None
0,-3,-1,-2,-58,-18,-6,-5,-5,1,13,8,6,-16,-3,None
0,-3,-1,-2,-58,-18,-6,-5,-5,1,13,8,5,-14,-3,None
0,3,5,0,27,-8,-3,1,3,1,13,8,5,-14,-3,None
0,-3,-4,1,18,12,-9,-10,2,1,13,8,5,-14,-3,None
0,-8,2,1,-10,16,9,9,-11,1,13,8,5,-14,-3,None
0,-2,-2,-3,4,-17,-3,0,-1,1,13,8,5,-14,-3,None
0,-2,-2,-3,4,-17,-3,0,-1,1,13,8,5,-14,-3,None
0,-2,-2,-3,4,-17,-3,0,-1,1,13,8,4,-14,-2,None
0,2,2,-1,-30,8,-4,-8,3,1,13,8,4,-14,-2,None
0,-2,2,9,68,-4,13,8,-4,1,13,8,4,-14,-2,None
0,-1,-1,-12,-80,-52,-21,-13,1,1,13,8,4,-14,-2,None
0,-3,-1,-2,-2,37,11,6,-1,1,13,8,4,-14,-2,None
0,-3,-1,-2,-2,37,11,6,-1,1,13,8,4,-14,-2,None
0,-3,-1,-2,-2,37,11,6,-1,1,13,8,5,-13,-2,None
0,-2,-1,-1,11,-20,0,-4,-7,1,13,8,5,-13,-2,None
0,1,1,-2,3,3,-12,-9,-3,1,13,8,5,-13,-2,None
0,3,4,9,127,6,6,-1,6,1,13,8,5,-13,-2,None
0,0,2,2,-47,20,1,4,1,1,13,8,5,-13,-2,None
0,0,2,2,-47,20,1,4,1,1,13,8,5,-13,-2,None
0,0,2,2,-47,20,1,4,1,1,13,8,5,-13,-2,None
0,-4,-2,-9,14,-21,-1,-3,-3,1,13,8,5,-13,-2,None
0,-5,-5,-15,2,45,-5,-4,-12,1,13,8,5,-13,-2,None
0,4,4,4,24,-2,4,-3,7,1,13,8,5,-13,-2,None
0,-4,2,-3,-42,-33,-5,4,-13,1,13,8,5,-13,-2,None
0,-4,2,-3,-42,-33,-5,4,-13,1,13,8,5,-13,-2,None
0,-4,2,-3,-42,-33,-5,4,-13,1,13,8,6,-13,-1,None
0,1,1,3,24,19,3,1,9,1,13,8,6,-13,-1,None
0,1,4,4,-6,2,1,1,-10,1,13,8,6,-13,-1,None
0,-1,-1,-8,-12,-4,-1,-1,4,1,13,8,6,-13,-1,None
0,-3,-3,4,46,26,-4,-4,-5,1,13,8,6,-13,-1,None
0,-3,-3,4,46,26,-4,-4,-5,1,13,8,6,-13,-1,None
0,-3,-3,4,46,26,-4,-4,-5,1,13,8,6,-13,-1,None
0,1,4,3,-64,-18,-1,-4,-1,1,13,8,6,-13,-1,None
0,-6,-5,-8,24,-11,-4,3,-4,1,13,8,6,-13,-1,None
0,2,0,-1,-13,7,-5,-3,-2,1,13,8,6,-13,-1,None
0,2,4,4,1,-32,5,1,5,1,13,8,6,-13,-1,None
0,2,4,4,1,-32,5,1,5,1,13,8,6,-13,-1,None
0,2,4,4,1,-32,5,1,5,1,13,8,7,-13,-1,None
0,0,-1,-4,-13,16,2,0,2,1,13,8,7,-13,-1,None
0,-3,-1,1,36,22,2,-1,-10,1,13,8,7,-13,-1,None
0,-4,1,-3,-13,-18,-3,0,-1,1,13,8,7,-13,-1,None
0,-2,1,-3,-5,1,-1,-2,3,1,13,8,7,-13,-1,None
0,-2,1,-3,-5,1,-1,-2,3,1,13,8,7,-13,-1,None
0,-2,1,-3,-5,1,-1,-2,3,1,13,8,7,-12,-2,None
0,-1,0,-4,-2,6,-2,-4,-6,1,13,8,7,-12,-2,None
0,4,4,4,-1,-22,1,-1,-8,1,13,8,7,-12,-2,None
0,-4,-1,-4,9,20,-2,-2,12,1,13,8,7,-12,-2,None
0,1,-2,-1,-7,13,0,0,3,1,13,8,7,-12,-2,None
0,1,-2,-1,-7,13,0,0,3,1,13,8,7,-12,-2,None
0,1,-2,-1,-7,13,0,0,3,1,13,8,8,-12,-2,None
0,-5,0,-2,-10,-4,-3,-4,-7,1,13,8,8,-12,-2,None
0,-1,1,1,6,-5,0,0,2,1,13,8,8,-12,-2,None
0,-2,0,0,10,14,5,2,-7,1,13,8,8,-12,-2,None
0,0,1,-1,5,4,-3,-7,-2,1,13,8,8,-12,-2,None
0,0,1,-1,5,4,-3,-7,-2,1,13,8,8,-12,-2,None
0,0,1,-1,5,4,-3,-7,-2,1,13,8,8,-15,-2,None
0,-2,-1,-3,10,4,0,3,-1,1,13,8,8,-15,-2,None
0,-1,1,-3,-3,-17,-5,-5,5,1,13,8,8,-15,-2,None
0,-1,-1,-5,-10,6,0,-1,-8,1,13,8,8,-15,-2,None
0,-2,0,-7,-9,1,-2,-2,-1,1,13,8,8,-15,-2,None
0,-2,0,-7,-9,1,-2,-2,-1,1,13,8,8,-15,-2,None
0,-2,0,-7,-9,1,-2,-2,-1,1,13,8,8,-15,-2,None
0,-1,-4,-2,0,-6,-1,-2,-6,1,13,8,8,-15,-2,None
0,0,2,-1,-23,-24,-5,-1,3,1,13,8,8,-15,-2,None
0,-2,0,-2,-27,-4,-1,-4,-3,1,13,8,8,-15,-2,None
0,-1,0,1,0,2,0,-2,-4,1,13,8,8,-15,-2,None
0,-1,0,1,0,2,0,-2,-4,1,13,8,8,-15,-2,None
0,-1,0,1,0,2,0,-2,-4,1,13,8,7,-12,-2,None
0,0,1,2,23,12,-1,-1,0,1,13,8,7,-12,-2,None
0,-1,-1,-1,-17,24,1,-2,3,1,13,8,7,-12,-2,None
0,0,1,-3,3,-23,-3,-4,-4,1,13,8,7,-12,-2,None
0,0,1,0,37,3,1,0,-2,1,13,8,7,-12,-2,None
0,0,1,0,37,3,1,0,-2,1,13,8,7,-12,-2,None
0,0,1,0,37,3,1,0,-2,1,13,8,6,-11,-2,None
0,-1,-2,-7,-34,-12,-2,-2,-1,1,13,8,6,-11,-2,None
0,-1,0,-2,10,-4,-1,0,4,1,13,8,6,-11,-2,None
0,-1,0,-2,-10,2,0,-1,-6,1,13,8,6,-11,-2,None
0,-2,-1,-3,-1,-1,-2,-2,0,1,13,8,6,-11,-2,None
0,-2,-1,-3,-1,-1,-2,-2,0,1,13,8,6,-11,-2,None
0,-2,-1,-3,-1,-1,-2,-2,0,1,13,8,7,-12,-1,None
0,0,2,-1,-6,-4,-1,0,0,1,13,8,7,-12,-1,None
0,0,0,-3,2,-7,-3,-1,1,1,13,8,7,-12,-1,None
0,-4,0,-1,11,15,2,-2,-5,1,13,8,7,-12,-1,None
0,-1,2,2,5,-3,-2,-1,1,1,13,8,7,-12,-1,None
0,-1,2,2,5,-3,-2,-1,1,1,13,8,7,-12,-1,None
0,-1,2,2,5,-3,-2,-1,1,1,13,8,7,-13,-1,None
0,-2,-1,-6,-8,13,-4,-2,-3,1,13,8,7,-13,-1,None
0,-1,-3,-3,2,1,-1,-3,-1,1,13,8,7,-13,-1,None
0,0,1,0,3,5,-1,0,-1,1,13,8,7,-13,-1,None
0,-1,1,-2,-16,-13,-2,-1,-1,1,13,8,7,-13,-1,None
0,-1,1,-2,-16,-13,-2,-1,-1,1,13,8,7,-13,-1,None
0,-1,1,-2,-16,-13,-2,-1,-1,1,13,8,8,-12,-1,None
0,-4,-2,-2,20,5,-4,-3,-4,1,13,8,8,-12,-1,None
0,-2,0,-1,3,15,2,0,-2,1,13,8,8,-12,-1,None
0,-4,1,-2,2,3,0,-2,-2,1,13,8,8,-12,-1,None
0,1,0,-3,-13,-5,1,1,-2,1,13,8,8,-12,-1,None
0,1,0,-3,-13,-5,1,1,-2,1,13,8,8,-12,-1,None
0,1,0,-3,-13,-5,1,1,-2,1,13,8,8,-12,-1,None
0,-1,1,-1,2,-15,-4,-1,0,1,13,8,8,-12,-1,None
0,0,1,1,4,5,2,1,1,1,13,8,8,-12,-1,None
0,-2,-3,-4,19,15,-5,-3,-3,1,13,8,8,-12,-1,None
0,-2,0,0,-12,4,0,-3,-3,1,13,8,8,-12,-1,None
0,-2,0,0,-12,4,0,-3,-3,1,13,8,8,-12,-1,None
0,-2,0,0,-12,4,0,-3,-3,1,13,8,8,-12,-1,None
0,0,1,-2,3,-4,1,-1,-1,1,13,8,8,-12,-1,None
0,1,1,-1,11,7,-2,-1,1,1,13,8,8,-12,-1,None
0,-1,2,1,-3,-7,-1,1,-2,1,13,8,8,-12,-1,None
0,-3,-2,-6,-6,6,-1,-3,-4,1,13,8,8,-12,-1,None
0,-3,-2,-6,-6,6,-1,-3,-4,1,13,8,8,-12,-1,None
0,-3,-2,-6,-6,6,-1,-3,-4,1,13,8,7,-12,-1,None
0,1,0,0,5,7,2,0,-1,1,13,8,7,-12,-1,None
0,-1,1,-3,-8,-13,-1,-1,-1,1,13,8,7,-12,-1,None
0,1,1,-2,-5,-8,-3,-2,1,1,13,8,7,-12,-1,None
0,-2,-1,-4,6,4,-1,-3,-1,1,13,8,7,-12,-1,None
0,-2,-1,-4,6,4,-1,-3,-1,1,13,8,7,-12,-1,None
0,-2,-1,-4,6,4,-1,-3,-1,1,13,8,7,-13,-1,None
0,0,-1,0,-7,1,-1,0,-1,1,13,8,7,-13,-1,None
0,-3,-1,-4,4,0,-4,-3,-2,1,13,8,7,-13,-1,None
0,0,0,-2,2,6,0,-2,-2,1,13,8,7,-13,-1,None
0,0,0,-1,-4,2,1,-1,-1,1,13,8,7,-13,-1,None
0,0,0,-1,-4,2,1,-1,-1,1,13,8,7,-13,-1,None
0,0,0,-1,-4,2,1,-1,-1,1,13,8,7,-13,-1,None
0,-2,2,-2,9,-4,-2,-2,-2,1,13,8,7,-13,-1,None
0,0,1,-3,0,-5,-1,-2,-2,1,13,8,7,-13,-1,None
0,-2,-1,-1,9,13,2,-1,-2,1,13,8,7,-13,-1,None
0,0,1,-4,-8,6,-2,-1,0,1,13,8,7,-13,-1,None
0,0,1,-4,-8,6,-2,-1,0,1,13,8,7,-13,-1,None
0,0,1,-4,-8,6,-2,-1,0,1,13,8,7,-12,-2,None
0,-2,1,-2,-10,-5,0,0,-4,1,13,8,7,-12,-2,None
0,0,3,-3,-5,-5,-5,-2,0,1,13,8,7,-12,-2,None
0,-3,-6,-1,0,-6,1,-2,-3,1,13,8,7,-12,-2,None
0,-1,0,0,-4,-3,-1,-1,-2,1,13,8,7,-12,-2,None
0,-1,0,0,-4,-3,-1,-1,-2,1,13,8,7,-12,-2,None
0,-1,0,0,-4,-3,-1,-1,-2,1,13,8,7,-12,-2,None
0,0,0,-1,6,4,0,-1,1,1,13,8,7,-12,-2,None
0,0,1,-2,-7,-8,-2,-1,-2,1,13,8,7,-12,-2,None
0,1,1,-2,-12,-6,-2,-1,-2,1,13,8,7,-12,-2,None
0,1,1,-2,2,-4,-2,-1,-1,1,13,8,7,-12,-2,None
0,1,1,-2,2,-4,-2,-1,-1,1,13,8,7,-12,-2,None
0,1,1,-2,2,-4,-2,-1,-1,1,13,8,7,-12,-2,None
0,1,-1,-5,-4,2,-1,0,3,1,13,8,7,-12,-2,None
0,-3,-2,-3,4,3,-2,-5,-18,1,13,8,7,-12,-2,None
0,-1,2,-2,-2,1,-1,1,5,1,13,8,7,-12,-2,None
0,-4,-1,-2,1,6,0,-1,-6,1,13,8,7,-12,-2,None
0,-4,-1,-2,1,6,0,-1,-6,1,13,8,7,-12,-2,None
0,-4,-1,-2,1,6,0,-1,-6,1,13,8,7,-12,-2,None
0,-1,2,1,9,-14,0,1,-1,1,13,8,7,-12,-2,None
0,-1,-2,-5,-20,-13,-3,-1,2,1,13,8,7,-12,-2,None
0,-2,1,-2,-1,6,-1,-3,-1,1,13,8,7,-12,-2,None
0,0,0,-1,-5,-5,-2,-2,-3,1,13,8,7,-12,-2,None
0,0,0,-1,-5,-5,-2,-2,-3,1,13,8,7,-12,-2,None
0,0,0,-1,-5,-5,-2,-2,-3,1,13,8,7,-12,-2,None
0,-1,1,-2,-3,0,-1,-2,-1,1,13,8,7,-12,-2,None
0,-1,1,0,12,20,0,-1,0,1,13,8,7,-12,-2,None
0,-2,0,-3,-7,-7,-2,-3,-5,1,13,8,7,-12,-2,None
0,0,0,-1,-6,-6,0,1,2,1,13,8,7,-12,-2,None
0,0,0,-1,-6,-6,0,1,2,1,13,8,7,-12,-2,None
0,0,0,-1,-6,-6,0,1,2,1,13,8,7,-12,-2,None
0,-1,-1,-2,2,2,-1,-2,-3,1,13,8,7,-12,-2,None
0,0,1,-1,4,-3,0,-1,1,1,13,8,7,-12,-2,None
0,1,1,-1,-1,4,-2,-2,-2,1,13,8,7,-12,-2,None
0,0,2,0,-1,1,-1,0,-1,1,13,8,7,-12,-2,None
0,0,2,0,-1,1,-1,0,-1,1,13,8,7,-12,-2,None
0,0,2,0,-1,1,-1,0,-1,1,13,8,7,-12,-2,None
0,-2,0,-2,8,3,-2,-2,-3,1,13,8,7,-12,-2,None
0,-4,-2,-3,12,-3,-3,-3,-1,1,13,8,7,-12,-2,None
0,0,1,-2,-14,7,0,-1,-1,1,13,8,7,-12,-2,None
0,-2,1,-3,5,5,0,0,-1,1,13,8,7,-12,-2,None
0,-2,1,-3,5,5,0,0,-1,1,13,8,7,-12,-2,None
0,-2,1,-3,5,5,0,0,-1,1,13,8,7,-12,-2,None
0,0,3,1,-2,-1,-2,-1,-1,1,13,8,7,-12,-2,None
0,0,0,-2,-5,-8,-1,2,4,1,13,8,7,-12,-2,None
0,-1,1,-3,2,-5,-2,-2,-5,1,13,8,7,-12,-2,None
0,-1,-1,-2,-1,-5,-2,-2,0,1,13,8,7,-12,-2,None
0,-1,-1,-2,-1,-5,-2,-2,0,1,13,8,7,-12,-2,None
0,-1,-1,-2,-1,-5,-2,-2,0,1,13,8,7,-12,-2,None
0,-1,1,-2,-4,7,0,-1,0,1,13,8,7,-12,-2,None
0,-3,0,-3,2,5,-2,-2,1,1,13,8,7,-12,-2,None
0,0,1,-2,2,4,-1,0,0,1,13,8,7,-12,-2,None
0,0,1,-2,-5,-1,0,-1,-2,1,13,8,7,-12,-2,None
0,0,1,-2,-5,-1,0,-1,-2,1,13,8,7,-12,-2,None
0,0,1,-2,-5,-1,0,-1,-2,1,13,8,7,-12,-2,None
0,-2,-4,-3,5,9,-1,-1,-2,1,13,8,7,-12,-2,None
0,0,2,0,-9,-11,0,-1,-3,1,13,8,7,-12,-2,None
0,-1,-1,-2,1,0,1,-1,-1,1,13,8,7,-12,-2,None
0,-2,1,-2,-1,1,-1,-2,-1,1,13,8,7,-12,-2,None
0,-2,1,-2,-1,1,-1,-2,-1,1,13,8,7,-12,-2,None
0,-2,1,-2,-1,1,-1,-2,-1,1,13,8,7,-12,-2,None
0,-1,2,0,-3,-7,-1,0,-1,1,13,8,7,-12,-2,None
0,-2,0,-3,5,18,0,-1,0,1,13,8,7,-12,-2,None
0,0,0,-3,-8,-5,-2,0,-2,1,13,8,7,-12,-2,None
0,-3,-4,-1,28,17,0,-3,-3,1,13,8,7,-12,-2,None
0,-3,-4,-1,28,17,0,-3,-3,1,13,8,7,-12,-2,None
0,-3,-4,-1,28,17,0,-3,-3,1,13,8,7,-12,-2,None
0,-3,-1,-2,-14,-6,0,-2,-3,1,13,8,7,-12,-2,None
0,1,1,-1,-3,-5,0,0,0,1,13,8,7,-12,-2,None
0,1,3,0,-2,-6,0,-1,0,1,13,8,7,-12,-2,None
0,-1,1,-3,0,-3,-1,-2,-3,1,13,8,7,-12,-2,None
0,-1,1,-3,0,-3,-1,-2,-3,1,13,8,7,-12,-2,None
0,-1,1,-3,0,-3,-1,-2,-3,1,13,8,7,-12,-2,None
0,0,0,1,-2,-1,-2,0,-1,1,13,8,7,-12,-2,None
0,-2,-1,0,-12,-9,0,-1,-2,1,13,8,7,-12,-2,None
0,-3,-1,-3,8,9,-2,-1,0,1,13,8,7,-12,-2,None
0,-1,1,-1,-4,-5,-2,-3,-1,1,13,8,7,-12,-2,None
0,-1,1,-1,-4,-5,-2,-3,-1,1,13,8,7,-12,-2,None
0,-1,1,-1,-4,-5,-2,-3,-1,1,13,8,7,-12,-2,None
0,-3,2,-3,-1,5,0,-1,-1,1,13,8,7,-12,-2,None
0,0,1,0,-3,-4,0,0,-2,1,13,8,7,-12,-2,None
0,-2,-1,-1,-1,0,-2,-1,-2,1,13,8,7,-12,-2,None
0,-2,1,-2,-7,-2,-3,-3,0,1,13,8,7,-12,-2,None
0,-2,1,-2,-7,-2,-3,-3,0,1,13,8,7,-12,-2,None
0,-2,1,-2,-7,-2,-3,-3,0,1,13,8,7,-12,-2,None
0,0,2,-2,-1,-5,-1,1,-1,1,13,8,7,-12,-2,None
0,-3,-4,-2,9,9,-2,-4,-3,1,13,8,7,-12,-2,None
0,0,-1,-2,1,1,1,0,0,1,13,8,7,-12,-2,None
0,0,-1,-2,-2,4,0,0,-1,1,13,8,7,-12,-2,None
0,0,-1,-2,-2,4,0,0,-1,1,13,8,7,-12,-2,None
0,0,-1,-2,-2,4,0,0,-1,1,13,8,7,-12,-2,None
0,0,1,-2,-2,-3,-2,-2,-1,1,13,8,7,-12,-2,None
0,0,1,-2,-3,-5,-2,-1,-2,1,13,8,7,-12,-2,None
0,-3,1,-2,-1,-2,0,0,-2,1,13,8,7,-12,-2,None
0,-1,0,-2,-2,-5,-1,-1,-1,1,13,8,7,-12,-2,None
0,-1,0,-2,-2,-5,-1,-1,-1,1,13,8,7,-12,-2,None
0,-1,0,-2,-2,-5,-1,-1,-1,1,13,8,7,-12,-2,None
0,0,-1,-4,-14,2,-2,-1,-2,1,13,8,7,-12,-2,None
0,-1,1,-2,13,4,-1,0,0,1,13,8,7,-12,-2,None
0,-1,0,-2,-11,-1,-1,-3,0,1,13,8,7,-12,-2,None
0,-1,0,-2,1,1,0,0,-3,1,13,8,7,-12,-2,None
0,-1,0,-2,1,1,0,0,-3,1,13,8,7,-12,-2,None
0,-1,0,-2,1,1,0,0,-3,1,13,8,7,-12,-2,None
0,0,-1,0,1,2,-1,-2,-1,1,13,8,7,-12,-2,None
0,-1,1,-2,-2,-1,1,-2,-2,1,13,8,7,-12,-2,None
0,0,0,-2,-2,-2,-2,0,0,1,13,8,7,-12,-2,None
0,1,1,-1,-4,-8,-2,-1,1,1,13,8,7,-12,-2,None
0,1,1,-1,-4,-8,-2,-1,1,1,13,8,7,-12,-2,None
0,1,1,-1,-4,-8,-2,-1,1,1,13,8,7,-12,-2,None
0,-1,0,-1,8,10,1,-2,-3,1,13,8,7,-12,-2,None
0,0,1,-1,-10,-3,-2,-1,-3,1,13,8,7,-12,-2,None
0,-1,1,0,6,2,-2,-2,-3,1,13,8,7,-12,-2,None
0,-1,-2,-2,-5,-2,1,-1,-1,1,13,8,7,-12,-2,None
0,-1,-2,-2,-5,-2,1,-1,-1,1,13,8,7,-12,-2,None
0,-1,-2,-2,-5,-2,1,-1,-1,1,13,8,7,-12,-2,None
0,-2,-1,-1,3,0,0,-2,-2,1,13,8,7,-12,-2,None
0,0,1,-3,-1,-3,-1,-1,0,1,13,8,7,-12,-2,None
0,-3,1,-4,0,1,-1,-3,-2,1,13,8,7,-12,-2,None
0,-3,3,-2,-1,1,-1,-1,-2,1,13,8,7,-12,-2,None
0,-3,3,-2,-1,1,-1,-1,-2,1,13,8,7,-12,-2,None
0,-3,3,-2,-1,1,-1,-1,-2,1,13,8,7,-12,-2,None
0,-2,1,-2,4,1,0,-2,-1,1,13,8,7,-12,-2,None
0,-4,-2,-3,10,14,-1,-1,-2,1,13,8,7,-12,-2,None
0,-1,-2,-1,1,5,0,0,-3,1,13,8,7,-12,-2,None
0,0,-1,-2,-7,-3,-1,-1,1,1,13,8,7,-12,-2,None
0,0,-1,-2,-7,-3,-1,-1,1,1,13,8,7,-12,-2,None
0,0,-1,-2,-7,-3,-1,-1,1,1,13,8,7,-12,-2,None
0,-1,2,-2,1,-2,-1,-1,-1,1,13,8,7,-12,-2,None
0,0,-1,-1,-8,-6,0,-2,-1,1,13,8,7,-12,-2,None
0,-1,-1,-3,3,0,-1,-1,-2,1,13,8,7,-12,-2,None
0,0,1,-2,1,2,-1,-1,-1,1,13,8,7,-12,-2,None
0,0,1,-2,1,2,-1,-1,-1,1,13,8,7,-12,-2,None
0,0,1,-2,1,2,-1,-1,-1,1,13,8,7,-12,-2,None
0,3,0,-1,12,7,-2,-1,1,1,13,8,7,-12,-2,None
0,-3,0,-2,-15,-15,0,-2,-4,1,13,8,7,-12,-2,None
0,0,-4,-3,4,7,-1,-2,-3,1,13,8,7,-12,-2,None
0,-4,0,0,0,1,0,-2,-1,1,13,8,7,-12,-2,None
0,-4,0,0,0,1,0,-2,-1,1,13,8,7,-12,-2,None
0,-4,0,0,0,1,0,-2,-1,1,13,8,7,-12,-2,None
0,-2,0,-2,1,2,-1,-1,-1,1,13,8,7,-12,-2,None
0,0,2,-1,-6,-4,-1,0,1,1,13,8,7,-12,-2,None
0,-3,2,-2,0,-3,-2,-2,-1,1,13,8,7,-12,-2,None
0,0,0,-2,0,1,-2,0,-2,1,13,8,7,-12,-2,None
0,0,0,-2,0,1,-2,0,-2,1,13,8,7,-12,-2,None
0,0,0,-2,0,1,-2,0,-2,1,13,8,7,-12,-2,None
0,-1,0,-3,-6,-4,-1,-1,-1,1,13,8,7,-12,-2,None
0,0,0,-2,5,3,-1,-1,-1,1,13,8,7,-12,-2,None
0,-2,2,-2,-4,-3,-2,-2,-1,1,13,8,7,-12,-2,None
0,0,2,-2,7,4,-1,-1,-1,1,13,8,7,-12,-2,None
0,0,2,-2,7,4,-1,-1,-1,1,13,8,7,-12,-2,None
0,0,2,-2,7,4,-1,-1,-1,1,13,8,7,-12,-2,None
0,0,0,-1,-21,-13,-2,-1,-2,1,13,8,7,-12,-2,None
0,-3,-2,-3,7,17,-1,-3,-3,1,13,8,7,-12,-2,None
0,0,-1,-2,4,2,1,0,-1,1,13,8,7,-12,-2,None
0,-1,1,-2,-7,-3,0,0,-1,1,13,8,7,-12,-2,None
0,-1,1,-2,-7,-3,0,0,-1,1,13,8,7,-12,-2,None
0,-1,1,-2,-7,-3,0,0,-1,1,13,8,7,-12,-2,None
0,-1,1,-2,0,-3,-3,-1,-2,1,13,8,7,-12,-2,None
0,1,0,-3,-3,-5,-3,-1,0,1,13,8,7,-12,-2,None
0,1,2,-1,-5,-2,-3,-2,-1,1,13,8,7,-12,-2,None
0,-1,-1,-2,4,2,0,-2,-3,1,13,8,7,-12,-2,None
0,-1,-1,-2,4,2,0,-2,-3,1,13,8,7,-12,-2,None
0,-1,-1,-2,4,2,0,-2,-3,1,13,8,7,-12,-2,None
0,-3,0,-2,-1,3,-2,-3,-2,1,13,8,7,-12,-2,None
0,-2,-2,-1,-1,-1,-4,-3,-3,1,13,8,7,-12,-2,None
0,3,3,-1,0,1,1,-1,-3,1,13,8,7,-12,-2,None
0,-1,1,-1,-14,-17,1,4,1,1,13,8,7,-12,-2,None
0,-1,1,-1,-14,-17,1,4,1,1,13,8,7,-12,-2,None
0,-1,1,-1,-14,-17,1,4,1,1,13,8,7,-12,-2,None
0,-5,-4,-4,25,25,0,-5,-6,1,13,8,7,-12,-2,None
0,-1,-1,-3,-3,-1,0,2,1,1,13,8,7,-12,-2,None
0,-1,-1,0,-2,-5,-4,-3,-2,1,13,8,7,-12,-2,None
0,0,0,-2,-3,-3,-3,-5,-2,1,13,8,7,-12,-2,None
0,0,0,-2,-3,-3,-3,-5,-2,1,13,8,7,-12,-2,None
0,0,0,-2,-3,-3,-3,-5,-2,1,13,8,7,-12,-2,None
0,1,1,-2,-7,-6,-1,1,0,1,13,8,7,-12,-2,None
0,-1,0,-1,2,-1,-3,-4,-2,1,13,8,7,-12,-2,None
0,-2,-2,-3,0,1,1,-2,-2,1,13,8,7,-12,-2,None
0,1,0,-1,2,2,-1,-2,-1,1,13,8,7,-12,-2,None
0,1,0,-1,2,2,-1,-2,-1,1,13,8,7,-12,-2,None
0,1,0,-1,2,2,-1,-2,-1,1,13,8,7,-12,-2,None
0,-2,0,-2,-2,-1,-1,-1,-1,1,13,8,7,-12,-2,None
0,-1,1,-1,1,1,1,0,-2,1,13,8,7,-12,-2,None
0,0,3,0,1,-7,-2,1,1,1,13,8,7,-12,-2,None
0,-3,-3,-1,0,9,1,-1,-4,1,13,8,7,-12,-2,None
0,-3,-3,-1,0,9,1,-1,-4,1,13,8,7,-12,-2,None
0,-3,-3,-1,0,9,1,-1,-4,1,13,8,7,-12,-2,None
0,0,1,-2,3,2,-2,-2,-1,1,13,8,7,-12,-2,None
0,-2,1,-2,-4,-3,0,-1,-2,1,13,8,7,-12,-2,None
0,-2,1,-3,-2,0,-1,-2,-1,1,13,8,7,-12,-2,None
0,-1,0,-1,3,-1,-3,-2,-1,1,13,8,7,-12,-2,None
0,-1,0,-1,3,-1,-3,-2,-1,1,13,8,7,-12,-2,None
0,-1,0,-1,3,-1,-3,-2,-1,1,13,8,7,-12,-2,None
0,-1,0,-1,-4,-3,-2,-1,-1,1,13,8,7,-12,-2,None
0,-1,1,-2,-1,-1,-2,-1,1,1,13,8,7,-12,-2,None
0,-3,1,-2,0,4,-2,-2,-2,1,13,8,7,-12,-2,None
0,-3,-1,-2,0,0,0,1,0,1,13,8,7,-12,-2,None
0,-3,-1,-2,0,0,0,1,0,1,13,8,7,-12,-2,None
0,-3,-1,-2,0,0,0,1,0,1,13,8,7,-12,-2,None
0,1,4,-1,-9,1,0,-2,-1,1,13,8,7,-12,-2,None
0,-2,-1,-2,-8,18,1,-3,-2,1,13,8,7,-12,-2,None
0,-2,-2,-3,1,2,-1,-3,-2,1,13,8,7,-12,-2,None
0,-2,0,-2,3,1,-1,-2,-1,1,13,8,7,-12,-2,None
0,-2,0,-2,3,1,-1,-2,-1,1,13,8,7,-12,-2,None
0,-2,0,-2,3,1,-1,-2,-1,1,13,8,7,-12,-2,None
0,-3,0,-3,-5,-5,-1,1,-1,1,13,8,7,-12,-2,None
0,0,1,-1,3,-8,0,0,1,1,13,8,7,-12,-2,None
0,-2,-1,-2,0,0,-2,-1,-2,1,13,8,7,-12,-2,None
0,-1,-1,-3,-3,4,-1,-3,-1,1,13,8,7,-12,-2,None
0,-1,-1,-3,-3,4,-1,-3,-1,1,13,8,7,-12,-2,None
0,-1,-1,-3,-3,4,-1,-3,-1,1,13,8,7,-12,-2,None
0,-1,-1,0,4,-2,-1,-1,-1,1,13,8,7,-12,-2,None
0,-2,1,-1,3,-1,-3,-1,-3,1,13,8,7,-12,-2,None
0,-2,-2,-1,-1,1,0,-2,-3,1,13,8,7,-12,-2,None
0,0,1,-2,1,-1,-1,-2,-1,1,13,8,7,-12,-2,None
0,0,1,-2,1,-1,-1,-2,-1,1,13,8,7,-12,-2,None
0,0,1,-2,1,-1,-1,-2,-1,1,13,8,7,-12,-2,None
0,-1,0,-2,-5,-5,1,-2,-2,1,13,8,7,-12,-2,None
0,-1,0,-1,12,8,0,-2,-2,1,13,8,7,-12,-2,None
0,-2,-1,-1,-6,-1,0,-1,0,1,13,8,7,-12,-2,None
0,0,2,-1,2,3,-1,-1,0,1,13,8,7,-12,-2,None
0,0,2,-1,2,3,-1,-1,0,1,13,8,7,-12,-2,None
0,0,2,-1,2,3,-1,-1,0,1,13,8,7,-12,-2,None
0,0,0,-1,-4,-1,-1,-1,0,1,13,8,7,-12,-2,None
0,0,1,-3,-6,-9,-2,0,0,1,13,8,7,-12,-2,None
0,0,1,-1,2,-1,0,-2,0,1,13,8,7,-12,-2,None
0,-2,0,-4,0,1,-1,-2,-2,1,13,8,7,-12,-2,None
0,-2,0,-4,0,1,-1,-2,-2,1,13,8,7,-12,-2,None
0,-2,0,-4,0,1,-1,-2,-2,1,13,8,7,-12,-2,None
0,-2,-1,-2,1,-1,1,-1,-1,1,13,8,7,-12,-2,None
0,0,1,-2,-2,-3,-1,-1,-1,1,13,8,7,-12,-2,None
0,0,-1,0,0,3,-1,0,-1,1,13,8,7,-12,-2,None
0,-2,1,-2,-3,-2,-3,-1,-2,1,13,8,7,-12,-2,None
0,-2,1,-2,-3,-2,-3,-1,-2,1,13,8,7,-12,-2,None
0,-2,1,-2,-3,-2,-3,-1,-2,1,13,8,7,-12,-2,None
0,-2,-1,-3,2,3,-3,-2,-1,1,13,8,7,-12,-2,None
0,0,-1,-3,-2,-1,0,-1,-3,1,13,8,7,-12,-2,None
0,-2,1,-3,-8,-8,-3,-1,-1,1,13,8,7,-12,-2,None
0,-3,-3,-3,14,14,0,-2,-2,1,13,8,7,-12,-2,None
0,-3,-3,-3,14,14,0,-2,-2,1,13,8,7,-12,-2,None
0,-3,-3,-3,14,14,0,-2,-2,1,13,8,7,-12,-2,None
0,-1,1,-2,-1,1,0,-1,-1,1,13,8,7,-12,-2,None
0,-1,1,-1,2,-1,0,-3,-1,1,13,8,7,-12,-2,None
0,-2,0,-2,-6,0,0,-1,0,1,13,8,7,-12,-2,None
0,-1,1,-2,-5,-4,-2,0,-1,1,13,8,7,-12,-2,None
0,-1,1,-2,-5,-4,-2,0,-1,1,13,8,7,-12,-2,None
0,-1,1,-2,-5,-4,-2,0,-1,1,13,8,7,-12,-2,None
0,-2,-1,-1,-3,-3,-2,-1,-1,1,13,8,7,-12,-2,None
0,-2,-2,-2,3,4,-2,-1,-1,1,13,8,7,-12,-2,None
0,1,7,-1,0,6,-1,-1,-2,1,13,8,7,-12,-2,None
0,0,1,-1,-4,1,1,-2,-1,1,13,8,7,-12,-2,None
0,0,1,-1,-4,1,1,-2,-1,1,13,8,7,-12,-2,None
0,0,1,-1,-4,1,1,-2,-1,1,13,8,7,-12,-2,None
0,-3,-2,-1,-1,4,-2,-3,-3,1,13,8,7,-12,-2,None
0,0,0,-2,-7,-5,-2,0,-1,1,13,8,7,-12,-2,None
0,-1,-2,-2,3,0,-1,0,0,1,13,8,7,-12,-2,None
0,-1,1,-2,-3,-4,-2,-2,-3,1,13,8,7,-12,-2,None
0,-1,1,-2,-3,-4,-2,-2,-3,1,13,8,7,-12,-2,None
0,-1,1,-2,-3,-4,-2,-2,-3,1,13,8,7,-12,-2,None
0,2,2,-2,-2,1,-1,0,-1,1,13,8,7,-12,-2,None
0,0,10,-2,-10,-8,-2,1,0,1,13,8,7,-12,-2,None
0,-6,-24,-3,21,9,-2,-3,-5,1,13,8,7,-12,-2,None
0,-1,-2,-2,-7,4,1,-3,-1,1,13,8,7,-12,-2,None
0,-1,-2,-2,-7,4,1,-3,-1,1,13,8,7,-12,-2,None
0,-1,-2,-2,-7,4,1,-3,-1,1,13,8,7,-12,-2,None
0,0,-1,-2,2,0,1,-2,-2,1,13,8,7,-12,-2,None
0,-1,0,-1,-5,-5,0,-1,-1,1,13,8,7,-12,-2,None
0,1,5,-3,-2,-5,-1,-1,0,1,13,8,7,-12,-2,None
0,-1,0,-3,1,-3,-3,0,-2,1,13,8,7,-12,-2,None
0,-1,0,-3,1,-3,-3,0,-2,1,13,8,7,-12,-2,None
0,-1,0,-3,1,-3,-3,0,-2,1,13,8,7,-12,-2,None
0,-2,0,-2,1,0,-3,-1,-1,1,13,8,7,-12,-2,None
0,-1,0,-1,3,3,-1,-1,-1,1,13,8,7,-12,-2,None
0,-2,4,0,-4,0,-2,-2,-1,1,13,8,7,-12,-2,None
0,0,-1,-2,-6,-5,-2,0,-2,1,13,8,7,-12,-2,None
0,0,-1,-2,-6,-5,-2,0,-2,1,13,8,7,-12,-2,None
0,0,-1,-2,-6,-5,-2,0,-2,1,13,8,7,-12,-2,None
0,-3,2,-2,12,10,-1,-2,0,1,13,8,7,-12,-2,None
0,-2,-3,-1,-1,0,-1,-2,-2,1,13,8,7,-12,-2,None
0,-1,2,-2,-4,1,0,-1,-1,1,13,8,7,-12,-2,None
0,-1,1,-1,-5,-3,-1,-1,-1,1,13,8,7,-12,-2,None
0,-1,1,-1,-5,-3,-1,-1,-1,1,13,8,7,-12,-2,None
0,-1,1,-1,-5,-3,-1,-1,-1,1,13,8,7,-12,-2,None
0,-1,0,-2,-2,-6,-2,0,-3,1,13,8,7,-12,-2,None
0,-3,0,-2,1,0,-1,-1,-2,1,13,8,7,-12,-2,None
0,-1,3,-2,-5,0,-1,-3,-1,1,13,8,7,-12,-2,None
0,-2,3,-1,-2,0,1,-1,-2,1,13,8,7,-12,-2,None
0,-2,3,-1,-2,0,1,-1,-2,1,13,8,7,-12,-2,None
0,-2,3,-1,-2,0,1,-1,-2,1,13,8,7,-12,-2,None
0,-3,0,-1,-3,1,-1,-1,-1,1,13,8,7,-12,-2,None
0,-1,-3,-3,1,4,-2,-1,-1,1,13,8,7,-12,-2,None
0,-2,5,-2,-9,-3,0,0,-1,1,13,8,7,-12,-2,None
0,-1,1,1,6,2,0,-1,-1,1,13,8,7,-12,-2,None
0,-1,1,1,6,2,0,-1,-1,1,13,8,7,-12,-2,None
0,-1,1,1,6,2,0,-1,-1,1,13,8,7,-12,-2,None
0,-1,-1,-2,5,7,0,-1,-4,1,13,8,7,-12,-2,None
0,1,0,-2,-1,2,-1,-2,0,1,13,8,7,-12,-2,None
0,1,-1,-2,-1,1,-2,-2,-1,1,13,8,7,-12,-2,None
0,-1,1,-3,-3,-5,-2,-1,-1,1,13,8,7,-12,-2,None
0,-1,1,-3,-3,-5,-2,-1,-1,1,13,8,7,-12,-2,None
0,-1,1,-3,-3,-5,-2,-1,-1,1,13,8,7,-12,-2,None
0,-1,1,-2,-2,-3,0,0,-1,1,13,8,7,-12,-2,None
0,-1,-2,-1,4,1,0,-1,-3,1,13,8,7,-12,-2,None
0,0,1,-1,-2,-3,0,0,0,1,13,8,7,-12,-2,None
0,0,-3,-2,3,2,1,-1,-3,1,13,8,7,-12,-2,None
0,0,-3,-2,3,2,1,-1,-3,1,13,8,7,-12,-2,None
0,0,-3,-2,3,2,1,-1,-3,1,13,8,7,-12,-2,None
0,-1,3,-3,-8,-5,-2,-2,-4,1,13,8,7,-12,-2,None
0,-1,2,-2,2,-3,-2,-3,-1,1,13,8,7,-12,-2,None
0,-2,-1,-1,3,16,0,-1,-2,1,13,8,7,-12,-2,None
0,-1,-1,-2,-2,5,-2,-3,-1,1,13,8,7,-12,-2,None
0,-1,-1,-2,-2,5,-2,-3,-1,1,13,8,7,-12,-2,None
0,-1,-1,-2,-2,5,-2,-3,-1,1,13,8,7,-12,-2,None
0,-1,-1,-2,-1,2,0,-1,0,1,13,8,7,-12,-2,None
