0,-9,10,-16,26,3,62,55,-26,1,12,9,10,-16,-3,None
0,1,-25,-8,13,-4,-34,-18,12,1,12,9,10,-16,-3,None
0,-4,1,-16,0,5,32,18,8,1,12,9,10,-16,-3,None
0,-4,1,-16,0,5,32,18,8,1,12,9,10,-16,-3,None
0,-4,1,-16,0,5,32,18,8,1,12,9,6,-18,-2,None
0,-5,0,15,-7,10,-35,-15,-8,1,12,9,6,-18,-2,None
0,6,1,-1,8,-14,-3,-19,8,1,12,9,6,-18,-2,None
0,6,15,6,-9,4,2,22,6,1,12,9,6,-18,-2,None
0,-12,0,-2,4,-12,-23,3,-8,1,12,9,6,-18,-2,None
0,-12,0,-2,4,-12,-23,3,-8,0,12,9,6,-18,-2,None
0,-12,0,-2,4,-12,-23,3,-8,0,12,9,3,-19,-2,None
0,-1,-4,16,-20,42,50,-31,-4,0,12,9,3,-19,-2,None
0,-3,0,-8,0,-39,0,48,-1,0,12,9,3,-19,-2,None
0,0,8,0,-7,-36,5,-23,-2,0,12,9,3,-19,-2,None
0,9,1,15,-3,-8,9,27,10,0,12,9,3,-19,-2,None
0,9,1,15,-3,-8,9,27,10,0,12,9,3,-19,-2,None
0,9,1,15,-3,-8,9,27,10,0,12,9,0,-17,-2,None
0,-5,6,4,-8,-4,-11,-12,-10,0,12,9,0,-17,-2,None
0,-5,-10,-24,3,13,-45,-77,-8,0,12,9,0,-17,-2,None
0,-3,1,16,6,18,53,46,0,0,12,9,0,-17,-2,None
0,4,7,9,-20,-28,17,27,7,0,12,9,0,-17,-2,None
0,4,7,9,-20,-28,17,27,7,0,12,10,0,-17,-2,None
0,4,7,9,-20,-28,17,27,7,0,12,10,0,-15,-2,None
0,-2,2,-12,-9,-2,-9,1,-3,0,12,10,0,-15,-2,None
0,4,1,4,2,23,5,-8,6,0,12,10,0,-15,-2,None
0,-2,2,4,4,3,-57,-13,-4,0,12,10,0,-15,-2,None
0,-4,1,6,-18,-4,8,-10,-5,0,12,10,0,-15,-2,None
0,-4,1,6,-18,-4,8,-10,-5,0,12,10,0,-15,-2,None
0,-4,1,6,-18,-4,8,-10,-5,0,12,10,-2,-15,-2,None
0,0,-4,-15,2,4,13,24,3,0,12,10,-2,-15,-2,None
0,-1,-2,-5,3,13,-24,-13,1,0,12,10,-2,-15,-2,None
0,-3,1,3,1,10,13,-1,-1,0,12,10,-2,-15,-2,None
0,-1,-2,0,-5,15,-15,-2,-8,0,12,10,-2,-15,-2,None
0,-1,-2,0,-5,15,-15,-2,-8,17,12,9,-2,-15,-2,None
0,-1,-2,0,-5,15,-15,-2,-8,17,12,9,-4,-14,-3,None
0,1,6,20,-3,-25,-18,-2,1,17,12,9,-4,-14,-3,None
0,-2,-7,-31,10,13,15,3,1,17,12,9,-4,-14,-3,None
0,-3,2,8,-9,-11,24,-26,-6,17,12,9,-4,-14,-3,None
0,-2,-4,-15,-10,-17,-48,10,-5,17,12,9,-4,-14,-3,None
0,-2,-4,-15,-10,-17,-48,10,-5,17,12,9,-4,-14,-3,None
0,-2,-4,-15,-10,-17,-48,10,-5,17,12,9,-5,-13,-3,None
0,-4,-5,-11,5,20,45,17,1,17,12,9,-5,-13,-3,None
0,1,5,10,-2,-15,25,1,2,17,12,9,-5,-13,-3,None
0,0,0,-2,3,27,-8,-5,1,17,12,9,-5,-13,-3,None
0,0,0,-10,-19,4,9,-1,-3,17,12,9,-5,-13,-3,None
0,0,0,-10,-19,4,9,-1,-3,17,13,9,-5,-13,-3,None
0,0,0,-10,-19,4,9,-1,-3,17,13,9,-7,-12,-4,None
0,-1,3,-3,-13,80,-41,-4,-2,17,13,9,-7,-12,-4,None
0,-3,-5,-12,29,-84,-27,-9,-4,17,13,9,-7,-12,-4,None
0,-1,-2,-3,8,7,18,5,1,17,13,9,-7,-12,-4,None
0,-2,0,4,-7,32,6,-12,-6,17,13,9,-7,-12,-4,None
0,-2,0,4,-7,32,6,-12,-6,17,13,9,-7,-12,-4,None
0,-2,0,4,-7,32,6,-12,-6,17,13,9,-7,-12,-5,None
0,-2,-2,-13,-1,-20,6,8,1,17,13,9,-7,-12,-5,None
0,-1,3,15,0,-66,-5,-1,-2,17,13,9,-7,-12,-5,None
0,-1,1,3,38,71,-23,-11,-4,17,13,9,-7,-12,-5,None
0,-1,2,-1,20,-1,13,-6,-3,17,13,9,-7,-12,-5,None
0,-1,2,-1,20,-1,13,-6,-3,17,13,9,-7,-12,-5,None
0,-1,2,-1,20,-1,13,-6,-3,17,13,9,-7,-12,-5,None
0,0,-3,-14,-25,-82,-8,2,0,17,13,9,-7,-12,-5,None
0,-2,1,10,9,27,3,4,-1,17,13,9,-7,-12,-5,None
0,3,5,-5,-14,66,-1,-8,-2,17,13,9,-7,-12,-5,None
0,-2,-2,-21,25,-23,-3,-2,-2,17,13,9,-7,-12,-5,None
0,-2,-2,-21,25,-23,-3,-2,-2,16,13,9,-7,-12,-5,None
0,-2,-2,-21,25,-23,-3,-2,-2,16,13,9,-7,-12,-4,None
0,-1,2,2,-16,21,-5,1,-1,16,13,9,-7,-12,-4,None
0,-1,-1,-17,-24,21,1,-1,-2,16,13,9,-7,-12,-4,None
0,-2,2,-4,23,49,-23,-4,-8,16,13,9,-7,-12,-4,None
0,4,4,9,-11,48,58,13,12,16,13,9,-7,-12,-4,None
0,4,4,9,-11,48,58,13,12,16,13,9,-7,-12,-4,None
0,4,4,9,-11,48,58,13,12,16,13,9,-8,-11,-4,None
0,-2,-1,-15,-15,-15,-23,-6,-1,16,13,9,-8,-11,-4,None
0,7,7,6,67,106,39,10,6,16,13,9,-8,-11,-4,None
0,-3,-8,-28,-61,-125,-36,-11,-9,16,13,9,-8,-11,-4,None
0,-2,-1,-5,-19,36,-16,-2,-8,16,13,9,-8,-11,-4,None
0,-2,-1,-5,-19,36,-16,-2,-8,16,13,9,-8,-11,-4,None
0,-2,-1,-5,-19,36,-16,-2,-8,16,13,9,-8,-10,-4,None
0,-4,-4,-8,-6,7,-19,-1,-1,16,13,9,-8,-10,-4,None
0,5,9,3,-40,23,27,0,6,16,13,9,-8,-10,-4,None
0,-5,-3,12,105,-118,-5,-3,4,16,13,9,-8,-10,-4,None
0,-1,6,17,-37,50,-29,-23,-22,16,13,9,-8,-10,-4,None
0,-1,6,17,-37,50,-29,-23,-22,16,13,9,-8,-10,-4,None
0,-1,6,17,-37,50,-29,-23,-22,16,13,9,-7,-10,-4,None
0,0,-3,-4,4,-107,16,34,31,16,13,9,-7,-10,-4,None
0,-1,0,0,-33,-33,-3,-1,1,16,13,9,-7,-10,-4,None
0,1,3,-5,-20,36,7,10,13,16,13,9,-7,-10,-4,None
0,-6,-4,5,45,-109,-15,-4,-10,16,13,9,-7,-10,-4,None
0,-6,-4,5,45,-109,-15,-4,-10,16,13,9,-7,-10,-4,None
0,-6,-4,5,45,-109,-15,-4,-10,16,13,9,-7,-11,-4,None
0,4,7,-3,-73,127,42,-5,0,16,13,9,-7,-11,-4,None
0,4,1,-3,-43,81,-31,-20,-26,16,13,9,-7,-11,-4,None
0,2,0,8,54,-107,5,33,37,16,13,9,-7,-11,-4,None
0,0,-3,-25,-54,-33,18,2,6,16,13,9,-7,-11,-4,None
0,0,-3,-25,-54,-33,18,2,6,16,13,9,-7,-11,-4,None
0,0,-3,-25,-54,-33,18,2,6,16,13,9,-6,-12,-3,None
0,1,1,-3,-25,119,-1,3,-14,16,13,9,-6,-12,-3,None
0,-4,4,-2,-36,24,-11,-5,17,16,13,9,-6,-12,-3,None
0,-4,4,12,-25,78,-2,-9,-20,16,13,9,-6,-12,-3,None
0,4,4,-1,59,112,1,5,6,16,13,9,-6,-12,-3,None
0,4,4,-1,59,112,1,5,6,15,13,8,-6,-12,-3,None
0,4,4,-1,59,112,1,5,6,15,13,8,-6,-11,-3,None
0,-9,-3,-3,100,59,-1,-17,-19,15,13,8,-6,-11,-3,None
0,1,1,-8,-17,6,-28,-2,7,15,13,8,-6,-11,-3,None
0,4,5,-13,-13,102,4,-11,-18,15,13,8,-6,-11,-3,None
0,-7,3,0,-11,-3,-7,-7,-7,15,13,8,-6,-11,-3,None
0,-7,3,0,-11,-3,-7,-7,-7,15,13,8,-6,-11,-3,None
0,-7,3,0,-11,-3,-7,-7,-7,15,13,8,-7,-10,-2,None
0,-4,-2,-13,-36,-86,-19,-1,3,15,13,8,-7,-10,-2,None
0,-6,0,4,59,-40,-2,4,-18,15,13,8,-7,-10,-2,None
0,-1,-4,-21,-76,11,0,-20,26,15,13,8,-7,-10,-2,None
0,5,7,2,5,-6,3,13,-3,15,13,8,-7,-10,-2,None
0,5,7,2,5,-6,3,13,-3,15,13,8,-7,-10,-2,None
0,5,7,2,5,-6,3,13,-3,15,13,8,-6,-10,-1,None
0,-3,-3,-16,-30,-76,-13,-22,-24,15,13,8,-6,-10,-1,None
0,0,-4,9,20,41,7,-7,1,15,13,8,-6,-10,-1,None
0,2,5,1,-5,-39,20,21,6,15,13,8,-6,-10,-1,None
0,-3,-4,-17,-13,11,-1,-21,-14,15,13,8,-6,-10,-1,None
0,-3,-4,-17,-13,11,-1,-21,-14,15,13,8,-6,-10,-1,None
0,-3,-4,-17,-13,11,-1,-21,-14,15,13,8,-5,-10,0,None
0,-2,3,13,85,-47,-25,-4,4,15,13,8,-5,-10,0,None
0,-6,-5,5,27,-32,10,7,4,15,13,8,-5,-10,0,None
0,-2,-3,3,-28,1,-7,-9,-17,15,13,8,-5,-10,0,None
0,-2,-2,-4,6,-9,-7,-5,5,15,13,8,-5,-10,0,None
0,-2,-2,-4,6,-9,-7,-5,5,15,13,8,-5,-10,0,None
0,-2,-2,-4,6,-9,-7,-5,5,15,13,8,-5,-10,0,None
0,-5,1,11,20,-63,2,-15,-16,15,13,8,-5,-10,0,None
0,-2,-2,-12,-40,-52,-13,10,-10,15,13,8,-5,-10,0,None
0,2,1,3,13,-15,0,-2,-1,15,13,8,-5,-10,0,None
0,-1,-3,3,-7,-24,-4,11,5,15,13,8,-5,-10,0,None
0,-1,-3,3,-7,-24,-4,11,5,15,12,8,-5,-10,0,None
0,-1,-3,3,-7,-24,-4,11,5,15,12,8,-6,-10,0,None
0,-4,0,2,19,13,-7,-17,-30,15,12,8,-6,-10,0,None
0,2,1,0,0,9,9,-11,16,15,12,8,-6,-10,0,None
0,-1,0,3,-6,-13,-2,21,-2,15,12,8,-6,-10,0,None
0,-1,1,2,25,-5,-7,-3,-8,15,12,8,-6,-10,0,None
0,-1,1,2,25,-5,-7,-3,-8,15,12,8,-6,-10,0,None
0,-1,1,2,25,-5,-7,-3,-8,15,12,8,-7,-10,0,None
0,2,1,-5,5,12,4,-5,7,15,12,8,-7,-10,0,None
0,-1,-1,0,15,6,8,3,-1,15,12,8,-7,-10,0,None
0,-5,0,-4,-53,-19,-13,-14,-19,15,12,8,-7,-10,0,None
0,-3,-5,-3,45,6,4,12,20,15,12,8,-7,-10,0,None
0,-3,-5,-3,45,6,4,12,20,15,12,8,-7,-10,0,None
0,-3,-5,-3,45,6,4,12,20,15,12,8,-7,-10,1,None
0,5,1,-10,-3,0,3,2,6,15,12,8,-7,-10,1,None
0,-3,0,2,-2,-11,3,-3,-7,15,12,8,-7,-10,1,None
0,-2,-1,3,9,-18,-22,-11,-6,15,12,8,-7,-10,1,None
0,2,1,-5,-30,14,21,0,5,15,12,8,-7,-10,1,None
0,2,1,-5,-30,14,21,0,5,15,12,8,-7,-10,1,None
0,2,1,-5,-30,14,21,0,5,15,12,8,-7,-8,2,None
0,0,1,2,-13,-7,7,7,8,15,12,8,-7,-8,2,None
0,-2,0,3,-9,-14,-9,0,-2,15,12,8,-7,-8,2,None
0,0,2,2,18,37,9,-7,-7,15,12,8,-7,-8,2,None
0,-4,-1,-4,29,-11,5,-5,-4,15,12,8,-7,-8,2,None
0,-4,-1,-4,29,-11,5,-5,-4,15,12,8,-7,-8,2,None
0,-4,-1,-4,29,-11,5,-5,-4,15,12,8,-8,-10,2,None
0,0,-2,-2,36,22,-18,7,8,15,12,8,-8,-10,2,None
0,4,4,-15,-40,-5,7,5,1,15,12,8,-8,-10,2,None
0,1,2,2,99,12,23,0,0,15,12,8,-8,-10,2,None
0,-4,-3,-11,-47,46,-13,-6,-5,15,12,8,-8,-10,2,None
0,-4,-3,-11,-47,46,-13,-6,-5,15,12,8,-8,-10,2,None
0,-4,-3,-11,-47,46,-13,-6,-5,15,12,8,-11,-10,2,None
0,1,3,5,-20,-3,16,11,9,15,12,8,-11,-10,2,None
0,-2,0,-1,8,2,-12,-7,-7,15,12,8,-11,-10,2,None
0,-1,2,5,1,28,-2,-1,-3,15,12,8,-11,-10,2,None
0,-2,-1,4,31,-31,-1,0,2,15,12,8,-11,-10,2,None
0,-2,-1,4,31,-31,-1,0,2,15,12,8,-11,-10,2,None
0,-2,-1,4,31,-31,-1,0,2,15,12,8,-13,-9,1,None
0,-1,-4,-4,3,0,3,-3,-4,15,12,8,-13,-9,1,None
0,-2,-2,-6,16,10,-2,-4,-2,15,12,8,-13,-9,1,None
0,-2,0,-7,-20,-24,0,-2,-2,15,12,8,-13,-9,1,None
0,-2,-5,-3,-15,3,-2,-1,-4,15,12,8,-13,-9,1,None
0,-2,-5,-3,-15,3,-2,-1,-4,15,12,8,-13,-9,1,None
0,-2,-5,-3,-15,3,-2,-1,-4,15,12,8,-12,-9,1,None
0,5,7,-1,1,9,6,4,4,15,12,8,-12,-9,1,None
0,-2,0,-2,-23,-64,1,-1,-3,15,12,8,-12,-9,1,None
0,-4,-3,-4,-23,-23,-4,-3,-2,15,12,8,-12,-9,1,None
0,1,4,2,-28,-25,-9,0,1,15,12,8,-12,-9,1,None
0,1,4,2,-28,-25,-9,0,1,15,12,8,-12,-9,1,None
0,1,4,2,-28,-25,-9,0,1,15,12,8,-12,-9,1,None
0,-1,0,0,1,15,1,-2,-2,15,12,8,-12,-9,1,None
0,0,-2,-11,1,-6,1,1,1,15,12,8,-12,-9,1,None
0,-6,-10,-6,-6,19,1,-4,-5,15,12,8,-12,-9,1,None
0,1,4,7,-6,-69,-8,-3,0,15,12,8,-12,-9,1,None
0,1,4,7,-6,-69,-8,-3,0,15,13,8,-12,-9,1,None
0,1,4,7,-6,-69,-8,-3,0,15,13,8,-11,-9,1,None
0,-4,-2,4,-45,-27,3,1,-1,15,13,8,-11,-9,1,None
0,2,4,3,-40,43,3,0,0,15,13,8,-11,-9,1,None
0,-3,1,-9,27,-5,-24,-6,-6,15,13,8,-11,-9,1,None
0,4,2,13,16,26,34,11,6,15,13,8,-11,-9,1,None
0,4,2,13,16,26,34,11,6,15,13,8,-11,-9,1,None
0,4,2,13,16,26,34,11,6,15,13,8,-11,-8,1,None
0,-2,-1,-8,80,-20,0,-5,-2,15,13,8,-11,-8,1,None
0,-2,2,3,27,-15,-3,-3,-1,15,13,8,-11,-8,1,None
0,4,2,-22,-9,-20,1,1,3,15,13,8,-11,-8,1,None
0,-3,6,10,1,6,-9,-2,-5,15,13,8,-11,-8,1,None
0,-3,6,10,1,6,-9,-2,-5,15,13,8,-11,-8,1,None
0,-3,6,10,1,6,-9,-2,-5,15,13,8,-10,-8,0,None
0,2,-3,1,-14,22,-2,4,3,15,13,8,-10,-8,0,None
0,-4,-7,-7,30,43,13,-3,-3,15,13,8,-10,-8,0,None
0,-3,7,11,-19,-31,-8,-2,-4,15,13,8,-10,-8,0,None
0,1,-3,-11,24,17,-2,0,1,15,13,8,-10,-8,0,None
0,1,-3,-11,24,17,-2,0,1,15,13,8,-10,-8,0,None
0,1,-3,-11,24,17,-2,0,1,15,13,8,-9,-7,0,None
0,-6,-8,-8,27,36,10,-1,-3,15,13,8,-9,-7,0,None
0,-1,0,-10,-7,-4,-8,-3,-4,15,13,8,-9,-7,0,None
0,-1,-1,4,-12,57,-2,-1,-2,15,13,8,-9,-7,0,None
0,-1,2,-8,-14,7,-7,-3,-3,15,13,8,-9,-7,0,None
0,-1,2,-8,-14,7,-7,-3,-3,15,13,8,-9,-7,0,None
0,-1,2,-8,-14,7,-7,-3,-3,15,13,8,-8,-7,0,None
0,-1,3,1,-33,-8,-5,-3,-3,15,13,8,-8,-7,0,None
0,-1,3,3,-30,19,2,2,1,15,13,8,-8,-7,0,None
0,-1,3,5,-15,-50,-1,0,-1,15,13,8,-8,-7,0,None
0,-2,-1,0,-2,-7,-5,-1,-3,15,13,8,-8,-7,0,None
0,-2,-1,0,-2,-7,-5,-1,-3,15,13,8,-8,-7,0,None
0,-2,-1,0,-2,-7,-5,-1,-3,15,13,8,-8,-8,0,None
0,-5,-4,2,59,22,-2,-6,-5,15,13,8,-8,-8,0,None
0,-2,0,0,52,-8,-2,-1,-2,15,13,8,-8,-8,0,None
0,1,4,5,52,-12,-2,-2,-2,15,13,8,-8,-8,0,None
0,-2,0,-7,-8,28,-1,-2,-1,15,13,8,-8,-8,0,None
0,-2,0,-7,-8,28,-1,-2,-1,15,13,8,-8,-8,0,None
0,-2,0,-7,-8,28,-1,-2,-1,15,13,8,-7,-9,-1,None
0,1,4,4,-27,1,-2,-1,0,15,13,8,-7,-9,-1,None
0,-3,-5,-8,-25,-24,-1,-2,-2,15,13,8,-7,-9,-1,None
0,-1,-1,-3,-17,-11,-6,-4,-3,15,13,8,-7,-9,-1,None
0,-2,2,6,17,24,-1,-1,-2,15,13,8,-7,-9,-1,None
0,-2,2,6,17,24,-1,-1,-2,16,13,9,-7,-9,-1,None
0,-2,2,6,17,24,-1,-1,-2,16,13,9,-6,-9,-2,None
0,-3,-2,-10,-27,6,0,-4,-6,16,13,9,-6,-9,-2,None
0,1,8,19,12,11,-1,2,3,16,13,9,-6,-9,-2,None
0,-3,-11,-24,-59,15,0,-1,-1,16,13,9,-6,-9,-2,None
0,-3,0,4,60,31,-1,-4,-3,16,13,9,-6,-9,-2,None
0,-3,0,4,60,31,-1,-4,-3,16,13,9,-6,-9,-2,None
0,-3,0,4,60,31,-1,-4,-3,16,13,9,-6,-9,-2,None
0,2,4,-6,-85,-3,3,0,0,16,13,9,-6,-9,-2,None
0,-4,-6,0,60,17,-11,-9,-5,16,13,9,-6,-9,-2,None
0,1,20,-1,-12,-17,0,-2,-3,16,13,9,-6,-9,-2,None
0,-1,-14,-8,-36,-46,-4,6,4,16,13,9,-6,-9,-2,None
0,-1,-14,-8,-36,-46,-4,6,4,16,13,9,-6,-9,-2,None
0,-1,-14,-8,-36,-46,-4,6,4,16,13,9,-5,-9,-3,None
0,-5,-9,-6,64,13,-8,-6,-3,16,13,9,-5,-9,-3,None
0,-1,-1,6,27,15,16,-3,-5,16,13,9,-5,-9,-3,None
0,2,5,4,5,24,1,20,3,16,13,9,-5,-9,-3,None
0,-2,6,-4,-43,41,-2,-6,-3,16,13,9,-5,-9,-3,None
0,-2,6,-4,-43,41,-2,-6,-3,16,12,9,-5,-9,-3,None
0,-2,6,-4,-43,41,-2,-6,-3,16,12,9,-4,-10,-4,None
0,2,4,-3,-23,-20,-12,3,-4,16,12,9,-4,-10,-4,None
0,1,-2,-4,-6,9,-9,-12,7,16,12,9,-4,-10,-4,None
0,-1,-6,5,21,2,6,1,5,16,12,9,-4,-10,-4,None
0,-7,-2,3,-52,-2,0,-2,-8,16,12,9,-4,-10,-4,None
0,-7,-2,3,-52,-2,0,-2,-8,16,12,9,-4,-10,-4,None
0,-7,-2,3,-52,-2,0,-2,-8,16,12,9,-4,-12,-4,None
0,1,-5,-3,-5,-73,-2,-2,-2,16,12,9,-4,-12,-4,None
0,-2,-1,-23,18,28,-1,-4,10,16,12,9,-4,-12,-4,None
0,-2,-3,-3,-10,-6,-9,-70,-10,16,12,9,-4,-12,-4,None
0,1,4,-6,-10,-30,-8,58,-2,16,12,9,-4,-12,-4,None
0,1,4,-6,-10,-30,-8,58,-2,17,12,9,-4,-12,-4,None
0,1,4,-6,-10,-30,-8,58,-2,17,12,9,-2,-12,-5,None
0,1,2,5,51,13,10,44,51,17,12,9,-2,-12,-5,None
0,1,8,8,26,-51,-9,3,2,17,12,9,-2,-12,-5,None
0,-1,-8,-13,-5,-78,1,6,8,17,12,9,-2,-12,-5,None
0,-3,2,7,53,13,0,-41,-12,17,12,9,-2,-12,-5,None
0,-3,2,7,53,13,0,-41,-12,17,12,9,-2,-12,-5,None
0,-3,2,7,53,13,0,-41,-12,17,12,9,-1,-13,-6,None
0,-2,4,-8,51,12,-7,-20,-20,17,12,9,-1,-13,-6,None
0,3,-3,-18,-68,-33,0,18,3,17,12,9,-1,-13,-6,None
0,-3,-7,4,52,85,11,-7,-7,17,12,9,-1,-13,-6,None
0,-1,5,12,23,14,-5,-13,-9,17,12,9,-1,-13,-6,None
0,-1,5,12,23,14,-5,-13,-9,17,12,9,-1,-13,-6,None
0,-1,5,12,23,14,-5,-13,-9,17,12,9,-2,-15,-7,None
0,-1,9,22,-47,-49,-7,4,-6,17,12,9,-2,-15,-7,None
0,-2,-2,-19,-40,-17,-2,-8,-2,17,12,9,-2,-15,-7,None
0,-1,2,-5,50,77,-11,-1,-13,17,12,9,-2,-15,-7,None
0,2,1,-3,-24,-51,5,10,17,17,12,9,-2,-15,-7,None
0,2,1,-3,-24,-51,5,10,17,17,12,9,-2,-15,-7,None
0,2,1,-3,-24,-51,5,10,17,17,12,9,0,-15,-8,None
0,-4,0,8,29,78,2,-6,-4,17,12,9,0,-15,-8,None
0,-1,-2,1,33,14,-5,-41,-45,17,12,9,0,-15,-8,None
0,2,0,1,-42,-39,-6,47,26,17,12,9,0,-15,-8,None
0,-6,1,-2,-15,8,7,14,13,17,12,9,0,-15,-8,None
0,-6,1,-2,-15,8,7,14,13,17,12,9,0,-15,-8,None
0,-6,1,-2,-15,8,7,14,13,17,12,9,0,-16,-9,None
0,6,10,0,71,67,2,-13,-2,17,12,9,0,-16,-9,None
0,-2,-3,-18,-78,-79,-11,-8,-4,17,12,9,0,-16,-9,None
0,-5,1,-1,-21,13,-1,-8,-21,17,12,9,0,-16,-9,None
0,0,-1,-21,26,46,-2,-15,-10,17,12,9,0,-16,-9,None
0,0,-1,-21,26,46,-2,-15,-10,17,12,9,0,-16,-9,None
0,0,-1,-21,26,46,-2,-15,-10,17,12,9,0,-17,-9,None
0,7,-4,-17,12,-71,12,8,10,17,12,9,0,-17,-9,None
0,-3,0,2,3,119,14,0,-2,17,12,9,0,-17,-9,None
0,1,-1,-11,-86,25,-3,-5,1,17,12,9,0,-17,-9,None
0,2,3,-8,-49,-54,-8,-7,0,17,12,9,0,-17,-9,None
0,2,3,-8,-49,-54,-8,-7,0,0,12,9,0,-17,-9,None
0,2,3,-8,-49,-54,-8,-7,0,0,12,9,0,-17,-9,None
0,-4,1,7,-124,4,1,-8,-14,0,12,9,0,-17,-9,None
0,3,7,11,-71,-31,2,14,7,0,12,9,0,-17,-9,None
0,-6,-7,6,-46,10,5,1,-5,0,12,9,0,-17,-9,None
0,2,2,2,-73,57,10,-1,0,0,12,9,0,-17,-9,None
0,2,2,2,-73,57,10,-1,0,0,12,9,0,-17,-9,None
0,2,2,2,-73,57,10,-1,0,0,12,9,0,-16,-9,None
0,-1,2,-3,-103,12,1,-4,-5,0,12,9,0,-16,-9,None
0,-1,-2,5,-98,-16,-2,9,4,0,12,9,0,-16,-9,None
0,-4,-1,-1,-34,10,-1,-3,-3,0,12,9,0,-16,-9,None
0,3,1,-10,50,30,-8,-8,-4,0,12,9,0,-16,-9,None
0,3,1,-10,50,30,-8,-8,-4,0,12,9,0,-16,-9,None
0,3,1,-10,50,30,-8,-8,-4,0,12,9,0,-15,-9,None
0,-4,-5,2,9,38,8,-2,-3,0,12,9,0,-15,-9,None
0,0,2,-2,86,32,-4,6,6,0,12,9,0,-15,-9,None
0,1,-1,-19,26,-41,-3,-1,-1,0,12,9,0,-15,-9,None
0,-4,-2,13,74,18,-1,-6,-5,0,12,9,0,-15,-9,None
0,-4,-2,13,74,18,-1,-6,-5,0,12,9,0,-15,-9,None
0,-4,-2,13,74,18,-1,-6,-5,0,12,9,-1,-16,-8,None
0,-1,2,-4,2,-60,-9,-5,-4,0,12,9,-1,-16,-8,None
0,-3,-2,-6,91,66,2,1,-1,0,12,9,-1,-16,-8,None
0,0,3,5,52,-19,8,-1,-3,0,12,9,-1,-16,-8,None
0,-2,-1,-1,13,35,0,-2,-1,0,12,9,-1,-16,-8,None
0,-2,-1,-1,13,35,0,-2,-1,0,12,9,-1,-16,-8,None
0,-2,-1,-1,13,35,0,-2,-1,0,12,9,-1,-16,-7,None
0,0,4,0,68,2,-3,-4,-2,0,12,9,-1,-16,-7,None
0,-4,2,10,30,-28,-4,-1,-2,0,12,9,-1,-16,-7,None
0,1,4,3,15,6,4,2,2,0,12,9,-1,-16,-7,None
0,-1,-1,-9,20,-70,-6,-4,0,0,12,9,-1,-16,-7,None
0,-1,-1,-9,20,-70,-6,-4,0,0,12,9,-1,-16,-7,None
0,-1,-1,-9,20,-70,-6,-4,0,0,12,9,-1,-15,-6,None
0,-4,-2,-11,4,-7,-2,-5,-7,0,12,9,-1,-15,-6,None
0,-3,0,5,25,56,-1,2,3,0,12,9,-1,-15,-6,None
0,0,3,3,37,-11,-2,-1,2,0,12,9,-1,-15,-6,None
0,-2,-1,-6,11,-4,-1,-3,-7,0,12,9,-1,-15,-6,None
0,-2,-1,-6,11,-4,-1,-3,-7,17,12,9,-1,-15,-6,None
0,-2,-1,-6,11,-4,-1,-3,-7,17,12,9,0,-14,-6,None
0,-4,-4,-1,-7,17,-7,-5,-3,17,12,9,0,-14,-6,None
0,-1,0,-5,3,-10,0,0,6,17,12,9,0,-14,-6,None
0,-2,2,-2,17,-13,2,1,-6,17,12,9,0,-14,-6,None
0,0,2,0,-8,-23,-6,-7,1,17,12,9,0,-14,-6,None
0,0,2,0,-8,-23,-6,-7,1,17,12,9,0,-14,-6,None
0,0,2,0,-8,-23,-6,-7,1,17,12,9,0,-14,-6,None
0,-4,-1,0,-1,15,-5,-3,-1,17,12,9,0,-14,-6,None
0,-3,3,-2,13,-34,-4,6,-2,17,12,9,0,-14,-6,None
0,-3,3,0,5,17,3,-8,-2,17,12,9,0,-14,-6,None
0,-3,5,0,-11,-21,3,-1,5,17,12,9,0,-14,-6,None
0,-3,5,0,-11,-21,3,-1,5,17,12,9,0,-14,-6,None
0,-3,5,0,-11,-21,3,-1,5,17,12,9,1,-13,-5,None
0,-2,1,-2,12,-5,0,-6,2,17,12,9,1,-13,-5,None
0,-1,-13,-1,-11,-2,-2,2,-6,17,12,9,1,-13,-5,None
0,-15,39,3,5,-13,-6,19,-5,17,12,9,1,-13,-5,None
0,34,-15,-3,-13,-4,-2,-3,16,17,12,9,1,-13,-5,None
0,34,-15,-3,-13,-4,-2,-3,16,17,12,9,1,-13,-5,None
0,34,-15,-3,-13,-4,-2,-3,16,17,12,9,2,-12,-5,None
0,7,7,3,7,2,-5,-10,-21,17,12,9,2,-12,-5,None
0,13,10,-7,-13,-12,1,-7,20,17,12,9,2,-12,-5,None
0,-39,-27,-2,-3,13,-1,-12,7,17,12,9,2,-12,-5,None
0,-34,-22,-5,-21,-18,-2,-15,-81,17,12,9,2,-12,-5,None
0,-34,-22,-5,-21,-18,-2,-15,-81,17,12,9,2,-12,-5,None
0,-34,-22,-5,-21,-18,-2,-15,-81,17,12,9,3,-12,-5,None
0,-34,5,-26,-19,2,1,11,36,17,12,9,3,-12,-5,None
0,53,12,2,-8,-12,2,-9,-1,17,12,9,3,-12,-5,None
0,5,-1,19,-2,0,-2,19,14,17,12,9,3,-12,-5,None
0,-46,-1,5,-10,-2,-3,-5,10,17,12,9,3,-12,-5,None
0,-46,-1,5,-10,-2,-3,-5,10,17,12,9,3,-12,-5,None
0,-46,-1,5,-10,-2,-3,-5,10,17,12,9,4,-12,-4,None
0,67,1,-15,-2,-9,-5,-16,-8,17,12,9,4,-12,-4,None
0,11,47,11,54,-1,-2,-15,-18,17,12,9,4,-12,-4,None
0,6,-83,-11,97,2,-2,24,66,17,12,9,4,-12,-4,None
0,-13,57,16,126,-5,-2,-3,-6,17,12,9,4,-12,-4,None
0,-13,57,16,126,-5,-2,-3,-6,17,12,9,4,-12,-4,None
0,-13,57,16,126,-5,-2,-3,-6,17,12,9,4,-12,-4,None
0,-15,-3,-5,127,2,0,-12,-64,17,12,9,4,-12,-4,None
0,0,12,9,47,-10,-6,-29,-51,17,12,9,4,-12,-4,None
0,24,43,21,-60,5,3,18,60,17,12,9,4,-12,-4,None
0,-10,-8,16,-101,-9,-6,1,-34,17,12,9,4,-12,-4,None
0,-10,-8,16,-101,-9,-6,1,-34,17,12,9,4,-12,-4,None
0,-10,-8,16,-101,-9,-6,1,-34,17,12,9,2,-12,-5,None
0,6,-45,28,-126,2,3,12,29,17,12,9,2,-12,-5,None
0,-22,-6,-52,-114,3,3,1,-30,17,12,9,2,-12,-5,None
0,-9,-4,-19,-74,-5,-6,-26,-46,17,12,9,2,-12,-5,None
0,13,-13,-37,-74,0,2,8,22,17,12,9,2,-12,-5,None
0,13,-13,-37,-74,0,2,8,22,17,12,9,2,-12,-5,None
0,13,-13,-37,-74,0,2,8,22,17,12,9,0,-13,-5,None
0,-1,36,9,-62,2,-4,-4,-2,17,12,9,0,-13,-5,None
0,-25,-28,22,-31,-2,-2,3,-1,17,12,9,0,-13,-5,None
0,13,22,13,-21,3,-4,-11,-21,17,12,9,0,-13,-5,None
0,22,15,-16,-18,1,3,7,27,17,12,9,0,-13,-5,None
0,22,15,-16,-18,1,3,7,27,0,12,10,0,-13,-5,None
0,22,15,-16,-18,1,3,7,27,0,12,10,0,-14,-6,None
0,-12,-12,-7,-12,2,-1,-3,-14,0,12,10,0,-14,-6,None
0,-12,-14,4,-4,0,2,13,23,0,12,10,0,-14,-6,None
0,2,14,-13,-6,3,-4,-10,-12,0,12,10,0,-14,-6,None
0,12,-3,8,3,-6,-1,-13,13,0,12,10,0,-14,-6,None
0,12,-3,8,3,-6,-1,-13,13,0,12,10,0,-14,-6,None
0,12,-3,8,3,-6,-1,-13,13,0,12,10,0,-14,-6,None
0,-17,-7,-17,5,0,2,20,-2,0,12,10,0,-14,-6,None
0,-5,-7,-1,5,0,2,11,16,0,12,10,0,-14,-6,None
0,4,25,-6,5,4,-19,-17,-24,0,12,10,0,-14,-6,None
0,1,-37,-27,8,-5,25,6,1,0,12,10,0,-14,-6,None
0,1,-37,-27,8,-5,25,6,1,0,12,10,0,-14,-6,None
0,1,-37,-27,8,-5,25,6,1,0,12,10,0,-14,-5,None
0,0,14,10,5,-2,-5,-3,16,0,12,10,0,-14,-5,None
0,-6,0,-19,0,-4,1,-3,-17,0,12,10,0,-14,-5,None
0,-1,-9,14,15,7,-3,-4,-29,0,12,10,0,-14,-5,None
0,2,-1,-13,7,4,-10,3,19,0,12,10,0,-14,-5,None
0,2,-1,-13,7,4,-10,3,19,0,12,10,0,-14,-5,None
0,2,-1,-13,7,4,-10,3,19,0,12,10,0,-13,-6,None
0,-3,12,-11,-3,-6,2,2,5,0,12,10,0,-13,-6,None
0,-5,-1,13,4,11,-9,-4,17,0,12,10,0,-13,-6,None
0,-5,-9,-15,5,1,11,2,-10,0,12,10,0,-13,-6,None
0,1,8,1,-2,1,-4,-1,-6,0,12,10,0,-13,-6,None
0,1,8,1,-2,1,-4,-1,-6,0,12,10,0,-13,-6,None
0,1,8,1,-2,1,-4,-1,-6,0,12,10,-1,-14,-5,None
0,1,4,0,-6,-2,0,-2,7,0,12,10,-1,-14,-5,None
0,-9,-6,0,6,2,-5,-4,1,0,12,10,-1,-14,-5,None
0,-8,-3,-8,-25,-5,3,-3,-7,0,12,10,-1,-14,-5,None
0,10,10,1,-2,-6,0,3,9,0,12,10,-1,-14,-5,None
0,10,10,1,-2,-6,0,3,9,0,12,10,-1,-14,-5,None
0,10,10,1,-2,-6,0,3,9,0,12,10,-2,-14,-5,None
0,-2,-4,-1,11,11,-5,-6,-5,0,12,10,-2,-14,-5,None
0,-4,-5,-1,-9,-6,-3,1,4,0,12,10,-2,-14,-5,None
0,2,4,-5,-5,3,7,-1,-3,0,12,10,-2,-14,-5,None
0,-4,2,8,-4,5,-3,0,-3,0,12,10,-2,-14,-5,None
0,-4,2,8,-4,5,-3,0,-3,0,12,10,-2,-14,-5,None
0,-4,2,8,-4,5,-3,0,-3,0,12,10,-1,-14,-4,None
0,-3,-2,-4,-16,-1,-5,-4,-1,0,12,10,-1,-14,-4,None
0,-2,5,-4,30,7,-11,-2,2,0,12,10,-1,-14,-4,None
0,0,-5,-13,-43,-17,16,1,0,0,12,10,-1,-14,-4,None
0,-2,1,7,-1,6,-5,-2,-6,0,12,10,-1,-14,-4,None
0,-2,1,7,-1,6,-5,-2,-6,0,12,10,-1,-14,-4,None
0,-2,1,7,-1,6,-5,-2,-6,0,12,10,-2,-13,-3,None
0,-3,-3,-4,4,-10,0,-1,-4,0,12,10,-2,-13,-3,None
0,0,2,-1,5,10,10,7,7,0,12,10,-2,-13,-3,None
0,2,0,1,5,9,-15,-8,-5,0,12,10,-2,-13,-3,None
0,-4,-2,9,77,-16,7,0,-2,0,12,10,-2,-13,-3,None
0,-4,-2,9,77,-16,7,0,-2,0,12,10,-2,-13,-3,None
0,-4,-2,9,77,-16,7,0,-2,0,12,10,-2,-13,-3,None
0,-5,-3,-17,-74,-7,-4,-3,-2,0,12,10,-2,-13,-3,None
0,-1,3,4,-14,-14,-3,0,-3,0,12,10,-2,-13,-3,None
0,-3,-2,5,96,34,-3,-5,-6,0,12,10,-2,-13,-3,None
0,0,3,4,-12,-29,-10,-3,-3,0,12,10,-2,-13,-3,None
0,0,3,4,-12,-29,-10,-3,-3,0,12,10,-2,-13,-3,None
0,0,3,4,-12,-29,-10,-3,-3,0,12,10,-1,-12,-2,None
0,-3,0,-10,-3,8,-6,-5,3,0,12,10,-1,-12,-2,None
0,0,-3,-10,-44,-11,4,3,2,0,12,10,-1,-12,-2,None
0,-1,-6,-7,-11,27,-7,-10,-4,0,12,10,-1,-12,-2,None
0,0,29,13,-16,-32,-1,-1,-6,0,12,10,-1,-12,-2,None
0,0,29,13,-16,-32,-1,-1,-6,0,12,10,-1,-12,-2,None
0,0,29,13,-16,-32,-1,-1,-6,0,12,10,0,-12,-2,None
0,-2,-26,13,61,27,0,3,2,0,12,10,0,-12,-2,None
0,1,1,8,-2,7,18,10,5,0,12,10,0,-12,-2,None
0,1,0,-18,-54,-46,-13,-4,2,0,12,10,0,-12,-2,None
0,-4,0,4,10,16,-11,-10,-1,0,12,10,0,-12,-2,None
0,-4,0,4,10,16,-11,-10,-1,0,12,10,0,-12,-2,None
0,-4,0,4,10,16,-11,-10,-1,0,12,10,0,-13,-2,None
0,5,24,-11,16,-49,2,4,2,0,12,10,0,-13,-2,None
0,-11,-16,-13,6,16,9,-4,-3,0,12,10,0,-13,-2,None
0,4,-2,-10,27,76,16,8,0,0,12,10,0,-13,-2,None
0,-1,-3,24,51,-7,-17,-4,0,0,12,10,0,-13,-2,None
0,-1,-3,24,51,-7,-17,-4,0,0,12,9,0,-13,-2,None
0,-1,-3,24,51,-7,-17,-4,0,0,12,9,1,-15,-2,None
0,1,8,-12,18,26,-1,0,-3,0,12,9,1,-15,-2,None
0,0,-6,-2,46,6,-8,-11,-1,0,12,9,1,-15,-2,None
0,-1,5,-15,44,78,4,2,-5,0,12,9,1,-15,-2,None
0,-2,-5,-8,19,-5,2,1,-1,0,12,9,1,-15,-2,None
0,-2,-5,-8,19,-5,2,1,-1,0,12,9,1,-15,-2,None
0,-2,-5,-8,19,-5,2,1,-1,0,12,9,2,-15,-1,None
0,-5,-3,12,-81,-70,-7,-2,-5,0,12,9,2,-15,-1,None
0,-1,5,-3,27,118,6,-3,-1,0,12,9,2,-15,-1,None
0,-3,-3,13,26,-107,-18,-2,0,0,12,9,2,-15,-1,None
0,4,-1,-12,-10,58,13,3,0,0,12,9,2,-15,-1,None
0,4,-1,-12,-10,58,13,3,0,0,12,9,2,-15,-1,None
0,4,-1,-12,-10,58,13,3,0,0,12,9,2,-15,-1,None
0,0,3,9,43,8,0,0,-3,0,12,9,2,-15,-1,None
0,0,1,4,-4,-70,-8,-5,-1,0,12,9,2,-15,-1,None
0,3,-1,-31,-115,-32,3,2,4,0,12,9,2,-15,-1,None
0,-3,-6,-10,-21,-37,-12,0,-3,0,12,9,2,-15,-1,None
0,-3,-6,-10,-21,-37,-12,0,-3,0,12,9,2,-15,-1,None
0,-3,-6,-10,-21,-37,-12,0,-3,0,12,9,3,-14,-1,None
0,-3,0,0,-9,-47,13,-5,0,0,12,9,3,-14,-1,None
0,-1,4,2,-52,-45,-1,2,-3,0,12,9,3,-14,-1,None
0,1,5,6,70,54,-9,-8,-3,0,12,9,3,-14,-1,None
0,-2,-3,-10,12,10,5,12,-2,0,12,9,3,-14,-1,None
0,-2,-3,-10,12,10,5,12,-2,1,12,9,3,-14,-1,None
0,-2,-3,-10,12,10,5,12,-2,1,12,9,5,-15,-1,None
0,-3,-1,-7,-5,30,-1,-2,-4,1,12,9,5,-15,-1,None
0,-1,2,16,38,-105,3,5,1,1,12,9,5,-15,-1,None
0,-3,-2,1,-44,-26,-1,-1,-4,1,12,9,5,-15,-1,None
0,1,-1,-1,-48,-8,-4,-6,0,1,12,9,5,-15,-1,None
0,1,-1,-1,-48,-8,-4,-6,0,1,12,9,5,-15,-1,None
0,1,-1,-1,-48,-8,-4,-6,0,1,12,9,6,-15,-1,None
0,-6,-4,-6,-15,-66,-13,-3,-5,1,12,9,6,-15,-1,None
0,1,4,-6,-40,66,4,2,-2,1,12,9,6,-15,-1,None
0,-2,0,8,31,49,-3,-2,-1,1,12,9,6,-15,-1,None
0,-2,-3,4,21,-2,-5,-8,-6,1,12,9,6,-15,-1,None
0,-2,-3,4,21,-2,-5,-8,-6,1,12,9,6,-15,-1,None
0,-2,-3,4,21,-2,-5,-8,-6,1,12,9,6,-14,-1,None
0,1,1,2,21,22,10,3,2,1,12,9,6,-14,-1,None
0,-2,1,-20,-36,-33,-13,-7,-3,1,12,9,6,-14,-1,None
0,-2,-2,10,-37,10,3,0,-3,1,12,9,6,-14,-1,None
0,1,0,-12,-27,23,10,2,4,1,12,9,6,-14,-1,None
0,1,0,-12,-27,23,10,2,4,1,12,9,6,-14,-1,None
0,1,0,-12,-27,23,10,2,4,1,12,9,7,-14,-2,None
0,2,4,12,26,57,-7,-5,1,1,12,9,7,-14,-2,None
0,-2,-1,-10,-3,-61,-8,4,-4,1,12,9,7,-14,-2,None
0,-5,2,5,27,64,8,-1,-4,1,12,9,7,-14,-2,None
0,0,1,-10,52,3,2,-3,-1,1,12,9,7,-14,-2,None
0,0,1,-10,52,3,2,-3,-1,1,12,9,7,-14,-2,None
0,0,1,-10,52,3,2,-3,-1,1,12,9,7,-15,-1,None
0,-1,-3,-39,-25,-38,-16,-3,-3,1,12,9,7,-15,-1,None
0,-2,0,6,-12,33,-5,-6,-2,1,12,9,7,-15,-1,None
0,-3,-1,3,-9,-53,-2,-3,-3,1,12,9,7,-15,-1,None
0,-2,-1,4,-5,12,-4,-2,-4,1,12,9,7,-15,-1,None
0,-2,-1,4,-5,12,-4,-2,-4,1,12,9,7,-15,-1,None
0,-2,-1,4,-5,12,-4,-2,-4,1,12,9,8,-14,-1,None
0,-3,3,5,9,58,12,1,0,1,12,9,8,-14,-1,None
0,3,2,-1,-20,25,0,0,-3,1,12,9,8,-14,-1,None
0,-2,-4,2,32,-22,-1,-1,-2,1,12,9,8,-14,-1,None
0,-1,-5,-12,-79,-19,-5,-1,1,1,12,9,8,-14,-1,None
0,-1,-5,-12,-79,-19,-5,-1,1,1,12,9,8,-14,-1,None
0,-1,-5,-12,-79,-19,-5,-1,1,1,12,9,8,-12,-1,None
0,-1,0,10,29,-1,3,-7,0,1,12,9,8,-12,-1,None
0,0,3,-5,5,32,0,-1,-2,1,12,9,8,-12,-1,None
0,7,35,-5,-16,-42,0,0,0,1,12,9,8,-12,-1,None
0,-7,-32,-2,20,10,-5,-3,-3,1,12,9,8,-12,-1,None
0,-7,-32,-2,20,10,-5,-3,-3,1,12,9,8,-12,-1,None
0,-7,-32,-2,20,10,-5,-3,-3,1,12,9,7,-13,-1,None
0,-4,-2,2,-39,6,-2,-2,-3,1,12,9,7,-13,-1,None
0,-4,-11,4,45,50,-1,-5,-1,1,12,9,7,-13,-1,None
0,0,2,-3,1,-26,0,-4,1,1,12,9,7,-13,-1,None
0,2,14,-1,-12,-1,0,0,3,1,12,9,7,-13,-1,None
0,2,14,-1,-12,-1,0,0,3,1,12,9,7,-13,-1,None
0,2,14,-1,-12,-1,0,0,3,1,12,9,7,-14,-1,None
0,1,0,1,22,7,-1,4,0,1,12,9,7,-14,-1,None
0,4,23,-2,-10,-19,-2,-1,-1,1,12,9,7,-14,-1,None
0,-3,-24,2,4,5,0,0,-2,1,12,9,7,-14,-1,None
0,-5,15,2,19,28,2,-3,-2,1,12,9,7,-14,-1,None
0,-5,15,2,19,28,2,-3,-2,1,12,9,7,-14,-1,None
0,-5,15,2,19,28,2,-3,-2,1,12,9,7,-13,-1,None
0,-3,-39,4,-1,-1,-2,1,-3,1,12,9,7,-13,-1,None
0,1,9,0,25,6,-1,0,-1,1,12,9,7,-13,-1,None
0,-2,-3,0,11,-10,0,0,1,1,12,9,7,-13,-1,None
0,1,5,1,-8,2,4,2,-1,1,12,9,7,-13,-1,None
0,1,5,1,-8,2,4,2,-1,1,12,9,7,-13,-1,None
0,1,5,1,-8,2,4,2,-1,1,12,9,7,-13,-1,None
0,-1,8,-4,-20,-11,-2,-2,-4,1,12,9,7,-13,-1,None
0,-4,-4,5,40,10,-1,-2,-2,1,12,9,7,-13,-1,None
0,-2,-6,-14,-31,-15,-1,-2,-2,1,12,9,7,-13,-1,None
0,-4,-5,-3,-14,-8,-1,-2,-3,1,12,9,7,-13,-1,None
0,-4,-5,-3,-14,-8,-1,-2,-3,1,12,9,7,-13,-1,None
0,-4,-5,-3,-14,-8,-1,-2,-3,1,12,9,7,-13,-1,None
0,1,13,-4,5,49,2,0,-2,1,12,9,7,-13,-1,None
0,-1,-10,-5,-11,-20,-2,-3,-1,1,12,9,7,-13,-1,None
0,0,1,-4,-6,-14,-1,-2,-1,1,12,9,7,-13,-1,None
0,4,13,-4,-17,-31,-1,0,-1,1,12,9,7,-13,-1,None
0,4,13,-4,-17,-31,-1,0,-1,1,12,9,7,-13,-1,None
0,4,13,-4,-17,-31,-1,0,-1,1,12,9,7,-13,-1,None
0,-1,5,-5,17,29,-2,0,-1,1,12,9,7,-13,-1,None
0,1,19,-7,-8,6,-4,-5,-4,1,12,9,7,-13,-1,None
0,-6,-37,-3,19,11,0,-2,-3,1,12,9,7,-13,-1,None
0,-2,-4,1,4,5,1,-1,-1,1,12,9,7,-13,-1,None
0,-2,-4,1,4,5,1,-1,-1,1,12,9,7,-13,-1,None
0,-2,-4,1,4,5,1,-1,-1,1,12,9,7,-13,-1,None
0,3,2,-10,29,6,4,2,2,1,12,9,7,-13,-1,None
0,-4,-6,13,-29,-38,-6,-2,-2,1,12,9,7,-13,-1,None
0,0,5,5,-12,9,-2,-1,-1,1,12,9,7,-13,-1,None
0,-4,10,1,23,11,0,-3,-3,1,12,9,7,-13,-1,None
0,-4,10,1,23,11,0,-3,-3,1,12,9,7,-13,-1,None
0,-4,10,1,23,11,0,-3,-3,1,12,9,8,-12,-1,None
0,1,8,1,12,-7,-1,-1,0,1,12,9,8,-12,-1,None
0,3,28,-3,10,6,0,1,0,1,12,9,8,-12,-1,None
0,-2,2,-1,2,-24,0,-3,-2,1,12,9,8,-12,-1,None
0,-1,-8,-2,-11,12,0,-2,-3,1,12,9,8,-12,-1,None
0,-1,-8,-2,-11,12,0,-2,-3,1,12,9,8,-12,-1,None
0,-1,-8,-2,-11,12,0,-2,-3,1,12,9,8,-12,-1,None
0,0,1,6,-2,-12,-1,-1,-3,1,12,9,8,-12,-1,None
0,-1,-3,-3,7,28,1,-1,1,1,12,9,8,-12,-1,None
0,-3,5,-3,5,3,-3,-2,-2,1,12,9,8,-12,-1,None
0,-3,-5,-9,-43,-35,-5,-2,-3,1,12,9,8,-12,-1,None
0,-3,-5,-9,-43,-35,-5,-2,-3,1,12,9,8,-12,-1,None
0,-3,-5,-9,-43,-35,-5,-2,-3,1,12,9,8,-12,-1,None
0,-3,10,-2,-5,3,0,1,-3,1,12,9,8,-12,-1,None
0,-2,-7,-4,1,-7,0,-1,-2,1,12,9,8,-12,-1,None
0,0,17,2,12,3,-1,-1,1,1,12,9,8,-12,-1,None
0,-1,1,-2,13,9,-1,-1,0,1,12,9,8,-12,-1,None
0,-1,1,-2,13,9,-1,-1,0,1,12,9,8,-12,-1,None
0,-1,1,-2,13,9,-1,-1,0,1,12,9,8,-12,-1,None
0,-3,-1,-2,-7,-9,-2,-2,-1,1,12,9,8,-12,-1,None
0,-4,-16,-3,-13,-8,-3,-1,-1,1,12,9,8,-12,-1,None
0,3,2,0,-3,-16,-1,0,0,1,12,9,8,-12,-1,None
0,-2,7,-6,19,21,-4,-2,-2,1,12,9,8,-12,-1,None
0,-2,7,-6,19,21,-4,-2,-2,1,12,9,8,-12,-1,None
0,-2,7,-6,19,21,-4,-2,-2,1,12,9,8,-12,-1,None
0,-4,-4,-4,-32,23,-2,-2,-2,1,12,9,8,-12,-1,None
0,-4,-9,-10,-20,-3,2,-1,-3,1,12,9,8,-12,-1,None
0,0,9,1,5,-10,-2,-2,-2,1,12,9,8,-12,-1,None
0,3,0,-3,-2,-6,0,0,0,1,12,9,8,-12,-1,None
0,3,0,-3,-2,-6,0,0,0,1,12,9,8,-12,-1,None
0,3,0,-3,-2,-6,0,0,0,1,12,9,8,-12,-1,None
0,-1,-2,-1,11,-10,-1,-2,1,1,12,9,8,-12,-1,None
0,-2,3,1,54,10,-3,-2,-1,1,12,9,8,-12,-1,None
0,-3,-7,-9,-55,-20,-3,0,-3,1,12,9,8,-12,-1,None
0,5,-9,-2,-15,1,-3,-3,-1,1,12,9,8,-12,-1,None
0,5,-9,-2,-15,1,-3,-3,-1,1,12,9,8,-12,-1,None
0,5,-9,-2,-15,1,-3,-3,-1,1,12,9,7,-12,-1,None
0,-2,0,2,2,-11,-2,-1,-2,1,12,9,7,-12,-1,None
0,-3,-6,1,-2,-13,3,0,-3,1,12,9,7,-12,-1,None
0,-1,0,1,17,22,0,-3,-1,1,12,9,7,-12,-1,None
0,0,-2,0,14,7,0,0,0,1,12,9,7,-12,-1,None
0,0,-2,0,14,7,0,0,0,1,12,9,7,-12,-1,None
0,0,-2,0,14,7,0,0,0,1,12,9,7,-12,-1,None
0,0,6,0,-6,-8,0,-1,-1,1,12,9,7,-12,-1,None
0,0,-4,-5,-5,-11,-3,0,1,1,12,9,7,-12,-1,None
0,-4,-4,1,10,2,-1,0,0,1,12,9,7,-12,-1,None
0,2,47,-6,20,10,1,-1,-5,1,12,9,7,-12,-1,None
0,2,47,-6,20,10,1,-1,-5,1,12,9,7,-12,-1,None
0,2,47,-6,20,10,1,-1,-5,1,12,9,7,-12,-1,None
0,3,-33,10,-30,-6,-5,0,-1,1,12,9,7,-12,-1,None
0,-8,-1,-5,-9,-4,0,-2,-4,1,12,9,7,-12,-1,None
0,-3,-9,0,18,16,0,-2,-2,1,12,9,7,-12,-1,None
0,-4,7,-1,-4,7,0,-1,0,1,12,9,7,-12,-1,None
0,-4,7,-1,-4,7,0,-1,0,1,12,9,7,-12,-1,None
0,-4,7,-1,-4,7,0,-1,0,1,12,9,7,-12,-1,None
0,0,10,-1,29,1,2,-1,-1,1,12,9,7,-12,-1,None
0,2,-5,-1,-4,-2,-2,-1,0,1,12,9,7,-12,-1,None
0,1,15,-2,-10,-8,-4,-3,-1,1,12,9,7,-12,-1,None
0,-2,-10,-2,13,-5,0,-2,-1,1,12,9,7,-12,-1,None
0,-2,-10,-2,13,-5,0,-2,-1,1,12,9,7,-12,-1,None
0,-2,-10,-2,13,-5,0,-2,-1,1,12,9,7,-12,-1,None
0,-1,4,-3,2,-6,-1,-2,-1,1,12,9,7,-12,-1,None
0,0,-5,0,-15,6,-3,-2,0,1,12,9,7,-12,-1,None
0,-1,5,-3,7,-2,0,-1,-2,1,12,9,7,-12,-1,None
0,-2,-11,-1,-9,-2,-2,-1,-1,1,12,9,7,-12,-1,None
0,-2,-11,-1,-9,-2,-2,-1,-1,1,12,9,7,-12,-1,None
0,-2,-11,-1,-9,-2,-2,-1,-1,1,12,9,7,-12,-1,None
0,-1,-2,-3,-1,2,-1,-3,-1,1,12,9,7,-12,-1,None
0,-2,3,-4,-7,-1,-2,-1,-1,1,12,9,7,-12,-1,None
0,9,32,-3,-4,3,3,0,-2,1,12,9,7,-12,-1,None
0,-6,-32,18,57,7,-3,-3,-2,1,12,9,7,-12,-1,None
0,-6,-32,18,57,7,-3,-3,-2,1,12,9,7,-12,-1,None
0,-6,-32,18,57,7,-3,-3,-2,1,12,9,8,-12,-1,None
0,-3,4,-10,-53,11,-1,-3,-4,1,12,9,8,-12,-1,None
0,-2,-1,-4,20,5,0,-2,-2,1,12,9,8,-12,-1,None
0,-1,0,1,2,1,-1,1,0,1,12,9,8,-12,-1,None
0,0,3,-3,-11,-9,-1,0,1,1,12,9,8,-12,-1,None
0,0,3,-3,-11,-9,-1,0,1,1,12,9,8,-12,-1,None
0,0,3,-3,-11,-9,-1,0,1,1,12,9,8,-12,-1,None
0,-1,7,-3,17,-8,0,-1,-1,1,12,9,8,-12,-1,None
0,1,-5,0,-4,-1,-3,-1,-2,1,12,9,8,-12,-1,None
0,-4,-12,-3,-8,-5,-1,-1,-1,1,12,9,8,-12,-1,None
0,-1,5,-6,-17,-2,0,-1,-1,1,12,9,8,-12,-1,None
0,-1,5,-6,-17,-2,0,-1,-1,1,12,9,8,-12,-1,None
0,-1,5,-6,-17,-2,0,-1,-1,1,12,9,8,-12,-1,None
0,-2,-1,0,12,0,-2,-2,-1,1,12,9,8,-12,-1,None
0,1,4,-3,-15,2,-1,-1,-1,1,12,9,8,-12,-1,None
0,-2,-3,0,5,0,-2,-4,-3,1,12,9,8,-12,-1,None
0,-3,0,-7,-10,3,0,-1,0,1,12,9,8,-12,-1,None
0,-3,0,-7,-10,3,0,-1,0,1,12,9,8,-12,-1,None
0,-3,0,-7,-10,3,0,-1,0,1,12,9,8,-12,-1,None
0,-5,17,-2,35,5,1,1,0,1,12,9,8,-12,-1,None
0,13,-31,13,-8,-6,1,1,1,1,12,9,8,-12,-1,None
0,-8,-6,-22,6,13,-7,-4,-5,1,12,9,8,-12,-1,None
0,-2,-10,0,-17,11,1,-2,-2,1,12,9,8,-12,-1,None
0,-2,-10,0,-17,11,1,-2,-2,1,12,9,8,-12,-1,None
0,-2,-10,0,-17,11,1,-2,-2,1,12,9,8,-12,-1,None
0,-2,-3,-2,-3,-4,-3,-1,-1,1,12,9,8,-12,-1,None
0,-3,11,-4,8,1,1,-1,-1,1,12,9,8,-12,-1,None
0,1,-2,2,1,-16,0,0,1,1,12,9,8,-12,-1,None
0,1,-2,-4,-7,-5,0,0,-2,1,12,9,8,-12,-1,None
0,1,-2,-4,-7,-5,0,0,-2,1,12,9,8,-12,-1,None
0,1,-2,-4,-7,-5,0,0,-2,1,12,9,8,-12,-1,None
0,0,3,-4,4,-1,-3,-3,-2,1,12,9,8,-12,-1,None
0,-3,6,-4,-5,-3,-3,-1,-1,1,12,9,8,-12,-1,None
0,1,-5,3,-3,2,0,-2,-2,1,12,9,8,-12,-1,None
0,-4,5,-6,-5,2,-1,0,-1,1,12,9,8,-12,-1,None
0,-4,5,-6,-5,2,-1,0,-1,1,12,9,8,-12,-1,None
0,-4,5,-6,-5,2,-1,0,-1,1,12,9,8,-12,-1,None
0,5,16,2,-3,0,1,-1,-1,1,12,9,8,-12,-1,None
0,-9,-14,-6,-3,-5,-4,-1,-3,1,12,9,8,-12,-1,None
0,-3,-6,-11,-65,-18,-4,-2,-2,1,12,9,8,-12,-1,None
0,-2,0,-2,0,5,0,-3,-3,1,12,9,8,-12,-1,None
0,-2,0,-2,0,5,0,-3,-3,1,12,9,8,-12,-1,None
0,-2,0,-2,0,5,0,-3,-3,1,12,9,8,-12,-1,None
0,-1,-1,-1,-8,-5,-3,-2,-1,1,12,9,8,-12,-1,None
0,0,6,-1,-4,-3,0,-1,-1,1,12,9,8,-12,-1,None
0,-1,2,4,23,1,0,0,-1,1,12,9,8,-12,-1,None
0,1,1,-4,-5,-6,-2,-1,-1,1,12,9,8,-12,-1,None
0,1,1,-4,-5,-6,-2,-1,-1,1,12,9,8,-12,-1,None
0,1,1,-4,-5,-6,-2,-1,-1,1,12,9,8,-12,-1,None
0,-1,-5,-3,-5,-4,-2,0,-2,1,12,9,8,-12,-1,None
0,-3,8,-2,12,6,-1,-1,-2,1,12,9,8,-12,-1,None
0,-1,-3,2,9,4,1,-1,-1,1,12,9,8,-12,-1,None
0,-1,3,-2,-1,0,-1,-2,-1,1,12,9,8,-12,-1,None
0,-1,3,-2,-1,0,-1,-2,-1,1,12,9,8,-12,-1,None
0,-1,3,-2,-1,0,-1,-2,-1,1,12,9,7,-12,-1,None
0,-2,-3,1,8,5,0,-3,-1,1,12,9,7,-12,-1,None
0,-6,4,-3,-3,4,-2,-2,-2,1,12,9,7,-12,-1,None
0,7,4,0,-10,-19,-4,1,0,1,12,9,7,-12,-1,None
0,-5,-7,1,13,26,-1,-3,-3,1,12,9,7,-12,-1,None
0,-5,-7,1,13,26,-1,-3,-3,1,12,9,7,-12,-1,None
0,-5,-7,1,13,26,-1,-3,-3,1,12,9,7,-12,-1,None
0,-1,0,-2,-1,12,1,0,-2,1,12,9,7,-12,-1,None
0,-3,0,-6,2,0,-5,-3,-2,1,12,9,7,-12,-1,None
0,-2,9,1,-6,-24,1,0,0,1,12,9,7,-12,-1,None
0,-1,-22,-1,5,20,-2,-2,-2,1,12,9,7,-12,-1,None
0,-1,-22,-1,5,20,-2,-2,-2,1,12,9,7,-12,-1,None
0,-1,-22,-1,5,20,-2,-2,-2,1,12,9,8,-12,-1,None
0,-4,-7,-2,15,-6,-2,-1,1,1,12,9,8,-12,-1,None
0,5,10,-1,2,3,-1,-2,-2,1,12,9,8,-12,-1,None
0,-4,-1,3,15,0,-2,-1,-1,1,12,9,8,-12,-1,None
0,0,9,1,11,-17,0,-1,-1,1,12,9,8,-12,-1,None
0,0,9,1,11,-17,0,-1,-1,1,12,9,8,-12,-1,None
0,0,9,1,11,-17,0,-1,-1,1,12,9,8,-12,-1,None
0,-2,1,-3,-21,6,-1,-1,-2,1,12,9,8,-12,-1,None
0,1,-3,-11,-11,-3,1,0,0,1,12,9,8,-12,-1,None
0,1,-11,-3,17,14,-3,-1,-2,1,12,9,8,-12,-1,None
0,-2,8,-1,-2,-7,-2,-1,-1,1,12,9,8,-12,-1,None
0,-2,8,-1,-2,-7,-2,-1,-1,1,12,9,8,-12,-1,None
0,-2,8,-1,-2,-7,-2,-1,-1,1,12,9,8,-12,-1,None
0,2,11,-1,1,-1,-1,-1,-2,1,12,9,8,-12,-1,None
0,-7,-31,-6,3,-3,1,-2,-2,1,12,9,8,-12,-1,None
0,0,-1,-2,2,14,0,0,-1,1,12,9,8,-12,-1,None
0,-1,4,-5,-11,-3,-1,-1,-1,1,12,9,8,-12,-1,None
0,-1,4,-5,-11,-3,-1,-1,-1,1,12,9,8,-12,-1,None
0,-1,4,-5,-11,-3,-1,-1,-1,1,12,9,7,-12,-1,None
0,0,-3,1,3,-8,-3,-1,1,1,12,9,7,-12,-1,None
0,11,16,3,0,10,-1,2,-1,1,12,9,7,-12,-1,None
0,-6,-7,-6,15,-9,0,-5,-5,1,12,9,7,-12,-1,None
0,-2,-5,-2,-26,27,-1,-1,-2,1,12,9,7,-12,-1,None
0,-2,-5,-2,-26,27,-1,-1,-2,1,12,9,7,-12,-1,None
0,-2,-5,-2,-26,27,-1,-1,-2,1,12,9,7,-12,-1,None
0,-5,-7,-4,4,16,1,-2,-2,1,12,9,7,-12,-1,None
0,-3,3,2,-5,-7,-1,0,0,1,12,9,7,-12,-1,None
0,-1,4,-1,0,-1,0,0,1,1,12,9,7,-12,-1,None
0,3,10,0,1,-30,-3,-1,-1,1,12,9,7,-12,-1,None
0,3,10,0,1,-30,-3,-1,-1,1,12,9,7,-12,-1,None
0,3,10,0,1,-30,-3,-1,-1,1,12,9,8,-12,-1,None
0,-1,-3,-3,-4,-10,0,-1,-2,1,12,9,8,-12,-1,None
0,-2,8,-1,2,9,-2,-3,-2,1,12,9,8,-12,-1,None
0,-2,2,2,0,4,-1,-1,-2,1,12,9,8,-12,-1,None
0,-2,1,-3,-6,-6,-2,-2,-2,1,12,9,8,-12,-1,None
0,-2,1,-3,-6,-6,-2,-2,-2,1,12,9,8,-12,-1,None
0,-2,1,-3,-6,-6,-2,-2,-2,1,12,9,8,-12,-1,None
0,-3,-2,-2,-3,4,-1,-2,-1,1,12,9,8,-12,-1,None
0,-2,0,2,6,-2,0,-2,0,1,12,9,8,-12,-1,None
0,8,28,-3,-27,12,0,-1,-1,1,12,9,8,-12,-1,None
0,-5,-9,-6,21,-9,-2,-1,-1,1,12,9,8,-12,-1,None
0,-5,-9,-6,21,-9,-2,-1,-1,1,12,9,8,-12,-1,None
0,-5,-9,-6,21,-9,-2,-1,-1,1,12,9,8,-12,-1,None
0,0,-4,-1,-5,-3,-5,-4,-5,1,12,9,8,-12,-1,None
0,-5,0,1,-4,10,0,-3,-2,1,12,9,8,-12,-1,None
0,-2,0,1,4,6,1,-1,-1,1,12,9,8,-12,-1,None
0,1,7,-3,8,5,0,0,-1,1,12,9,8,-12,-1,None
0,1,7,-3,8,5,0,0,-1,1,12,9,8,-12,-1,None
0,1,7,-3,8,5,0,0,-1,1,12,9,7,-12,-1,None
0,0,1,-1,-5,-13,0,0,1,1,12,9,7,-12,-1,None
0,0,6,-3,1,-7,-2,-1,-1,1,12,9,7,-12,-1,None
0,-2,-5,-2,8,10,-1,0,-2,1,12,9,7,-12,-1,None
0,-1,0,-2,-11,-7,0,-2,0,1,12,9,7,-12,-1,None
0,-1,0,-2,-11,-7,0,-2,0,1,12,9,7,-12,-1,None
0,-1,0,-2,-11,-7,0,-2,0,1,12,9,7,-12,-1,None
0,-1,-3,-1,3,-1,-2,0,0,1,12,9,7,-12,-1,None
0,-1,1,-1,-7,1,0,-1,-1,1,12,9,7,-12,-1,None
0,-1,0,-2,2,6,1,-1,-1,1,12,9,7,-12,-1,None
0,0,-16,1,5,-15,-2,-2,-2,1,12,9,7,-12,-1,None
0,0,-16,1,5,-15,-2,-2,-2,1,12,9,7,-12,-1,None
0,0,-16,1,5,-15,-2,-2,-2,1,12,9,8,-12,-1,None
0,-3,16,-4,-32,-5,-2,-2,-2,1,12,9,8,-12,-1,None
0,-3,-1,-2,13,11,1,-3,-4,1,12,9,8,-12,-1,None
0,-1,-3,2,-10,4,0,0,0,1,12,9,8,-12,-1,None
0,0,6,-3,-14,-5,-1,-1,1,1,12,9,8,-12,-1,None
0,0,6,-3,-14,-5,-1,-1,1,1,12,9,8,-12,-1,None
0,0,6,-3,-14,-5,-1,-1,1,1,12,9,8,-12,-1,None
0,1,-1,-1,9,2,1,0,0,1,12,9,8,-12,-1,None
0,-4,-1,-2,-7,-14,-3,1,0,1,12,9,8,-12,-1,None
0,-2,-5,-3,4,-9,-3,-3,-2,1,12,9,8,-12,-1,None
0,-2,4,0,1,11,0,0,-1,1,12,9,8,-12,-1,None
0,-2,4,0,1,11,0,0,-1,1,12,9,8,-12,-1,None
0,-2,4,0,1,11,0,0,-1,1,12,9,8,-12,-1,None
0,-2,-3,-3,7,-16,-1,-1,-2,1,12,9,8,-12,-1,None
0,-1,2,-3,-3,16,-2,-1,-2,1,12,9,8,-12,-1,None
0,-2,-3,-1,4,19,3,-1,-1,1,12,9,8,-12,-1,None
0,-1,5,-1,-4,-6,-1,-1,-1,1,12,9,8,-12,-1,None
0,-1,5,-1,-4,-6,-1,-1,-1,1,12,9,8,-12,-1,None
0,-1,5,-1,-4,-6,-1,-1,-1,1,12,9,7,-12,-2,None
0,-1,-3,-1,3,9,-3,-1,-2,1,12,9,7,-12,-2,None
0,0,1,-3,-1,-19,-2,-2,-2,1,12,9,7,-12,-2,None
0,-2,0,-2,-3,1,-3,-2,-3,1,12,9,7,-12,-2,None
0,-1,2,-2,0,3,-1,-1,-3,1,12,9,7,-12,-2,None
0,-1,2,-2,0,3,-1,-1,-3,1,12,9,7,-12,-2,None
0,-1,2,-2,0,3,-1,-1,-3,1,12,9,7,-12,-2,None
0,-3,0,-2,-13,-3,0,-1,-1,1,12,9,7,-12,-2,None
0,-3,-9,-5,3,-5,-1,-1,0,1,12,9,7,-12,-2,None
0,0,4,0,-6,10,-1,-2,-1,1,12,9,7,-12,-2,None
0,-4,3,-4,-7,-7,-4,-3,-2,1,12,9,7,-12,-2,None
0,-4,3,-4,-7,-7,-4,-3,-2,1,12,9,7,-12,-2,None
0,-4,3,-4,-7,-7,-4,-3,-2,1,12,9,8,-12,-2,None
0,2,-8,-1,19,14,1,-2,0,1,12,9,8,-12,-2,None
0,-1,5,-3,-4,4,0,0,-1,1,12,9,8,-12,-2,None
0,-1,-1,-3,0,0,-2,-2,-1,1,12,9,8,-12,-2,None
0,-3,3,1,1,-7,0,-1,0,1,12,9,8,-12,-2,None
0,-3,3,1,1,-7,0,-1,0,1,12,9,8,-12,-2,None
0,-3,3,1,1,-7,0,-1,0,1,12,9,8,-12,-2,None
0,2,7,-4,8,6,-1,0,-1,1,12,9,8,-12,-2,None
0,-1,-2,0,0,5,-1,-2,-3,1,12,9,8,-12,-2,None
0,-2,1,-2,-5,-14,-2,0,1,1,12,9,8,-12,-2,None
0,1,1,-2,-1,9,1,-1,-1,1,12,9,8,-12,-2,None
0,1,1,-2,-1,9,1,-1,-1,1,12,9,8,-12,-2,None
0,1,1,-2,-1,9,1,-1,-1,1,12,9,8,-12,-1,None
0,-1,-2,-1,2,-1,-2,-1,-2,1,12,9,8,-12,-1,None
0,-1,3,1,6,5,-1,-4,-2,1,12,9,8,-12,-1,None
0,0,2,-2,0,-3,-2,-1,0,1,12,9,8,-12,-1,None
0,-7,-10,-1,2,-6,0,0,-3,1,12,9,8,-12,-1,None
0,-7,-10,-1,2,-6,0,0,-3,1,12,9,8,-12,-1,None
0,-7,-10,-1,2,-6,0,0,-3,1,12,9,8,-12,-1,None
0,4,0,-2,-19,6,-1,-1,-2,1,12,9,8,-12,-1,None
0,0,-1,-3,-1,-5,-1,-1,-1,1,12,9,8,-12,-1,None
0,0,7,9,23,-16,0,-1,-1,1,12,9,8,-12,-1,None
0,-2,0,-7,-8,40,-1,-3,-1,1,12,9,8,-12,-1,None
0,-2,0,-7,-8,40,-1,-3,-1,1,12,9,8,-12,-1,None
0,-2,0,-7,-8,40,-1,-3,-1,1,12,9,8,-12,-1,None
0,0,24,-3,4,-9,0,-2,-2,1,12,9,8,-12,-1,None
0,0,-9,2,-10,-2,-2,1,-1,1,12,9,8,-12,-1,None
0,1,-6,-8,5,-4,1,-1,-1,1,12,9,8,-12,-1,None
0,3,4,5,11,-4,-1,-1,0,1,12,9,8,-12,-1,None
0,3,4,5,11,-4,-1,-1,0,1,12,9,8,-12,-1,None
0,3,4,5,11,-4,-1,-1,0,1,12,9,8,-12,-1,None
0,-3,-2,-2,6,-3,-2,-1,-1,1,12,9,8,-12,-1,None
0,2,11,2,-13,12,1,-2,0,1,12,9,8,-12,-1,None
0,-4,-3,-8,-7,8,-4,-2,-4,1,12,9,8,-12,-1,None
0,-3,-1,-3,3,-3,0,-3,-2,1,12,9,8,-12,-1,None
0,-3,-1,-3,3,-3,0,-3,-2,1,12,9,8,-12,-1,None
0,-3,-1,-3,3,-3,0,-3,-2,1,12,9,8,-12,-1,None
0,-4,-6,-4,10,22,0,-2,-2,1,12,9,8,-12,-1,None
0,-2,0,-3,-4,-13,-2,-3,-2,1,12,9,8,-12,-1,None
0,-2,-5,-2,-4,-3,-2,-2,0,1,12,9,8,-12,-1,None
0,1,5,-5,-14,-3,-1,-2,-1,1,12,9,8,-12,-1,None
0,1,5,-5,-14,-3,-1,-2,-1,1,12,9,8,-12,-1,None
0,1,5,-5,-14,-3,-1,-2,-1,1,12,9,8,-12,-1,None
0,-3,4,4,-4,-5,-3,-1,-1,1,12,9,8,-12,-1,None
0,-6,-2,-2,14,4,1,-1,-3,1,12,9,8,-12,-1,None
0,-2,-16,0,-12,5,0,0,-1,1,12,9,8,-12,-1,None
0,-3,-3,-2,10,-10,0,-2,-1,1,12,9,8,-12,-1,None
0,-3,-3,-2,10,-10,0,-2,-1,1,12,9,8,-12,-1,None
0,-3,-3,-2,10,-10,0,-2,-1,1,12,9,8,-12,-1,None
0,2,-1,-1,2,14,1,-1,-1,1,12,9,8,-12,-1,None
0,-1,-3,-5,-37,-11,-2,-2,-2,1,12,9,8,-12,-1,None
0,-2,4,-2,1,1,-1,-1,-1,1,12,9,8,-12,-1,None
0,1,4,-1,-4,-10,-2,1,0,1,12,9,8,-12,-1,None
0,1,4,-1,-4,-10,-2,1,0,1,12,9,8,-12,-1,None
0,1,4,-1,-4,-10,-2,1,0,1,12,9,8,-12,-1,None
0,-5,-8,-6,-1,-17,-1,-2,1,1,12,9,8,-12,-1,None
0,3,17,5,4,17,0,0,-1,1,12,9,8,-12,-1,None
0,-7,-30,-2,-5,-10,-1,-2,-1,1,12,9,8,-12,-1,None
0,-1,1,0,-10,-3,-1,-1,-1,1,12,9,8,-12,-1,None
0,-1,1,0,-10,-3,-1,-1,-1,1,12,9,8,-12,-1,None
0,-1,1,0,-10,-3,-1,-1,-1,1,12,9,7,-12,-1,None
0,-1,-2,0,3,-3,-2,-2,-2,1,12,9,7,-12,-1,None
0,-1,-2,-7,9,9,-2,-1,-1,1,12,9,7,-12,-1,None
0,1,13,-3,10,7,-1,-2,-2,1,12,9,7,-12,-1,None
0,-1,-2,-1,2,1,0,-1,-1,1,12,9,7,-12,-1,None
0,-1,-2,-1,2,1,0,-1,-1,1,12,9,7,-12,-1,None
0,-1,-2,-1,2,1,0,-1,-1,1,12,9,8,-12,-1,None
0,-4,-6,-3,4,-1,0,-1,-2,1,12,9,8,-12,-1,None
0,-1,-2,-3,-12,-16,-3,-1,-1,1,12,9,8,-12,-1,None
0,-2,17,-2,-6,9,0,-4,-5,1,12,9,8,-12,-1,None
0,-2,-16,-3,8,6,0,-1,-2,1,12,9,8,-12,-1,None
0,-2,-16,-3,8,6,0,-1,-2,1,12,9,8,-12,-1,None
0,-2,-16,-3,8,6,0,-1,-2,1,12,9,8,-12,-1,None
0,0,4,1,-10,-14,-1,-2,-2,1,12,9,8,-12,-1,None
0,0,-2,-3,12,16,0,-2,-2,1,12,9,8,-12,-1,None
0,-1,8,-1,-6,-2,0,-1,-1,1,12,9,8,-12,-1,None
0,2,7,-3,-1,2,-2,0,-1,1,12,9,8,-12,-1,None
0,2,7,-3,-1,2,-2,0,-1,1,12,9,8,-12,-1,None
0,2,7,-3,-1,2,-2,0,-1,1,12,9,8,-12,-2,None
0,0,-2,-4,-16,-9,-2,-2,-2,1,12,9,8,-12,-2,None
0,-2,-9,-1,24,-20,1,0,2,1,12,9,8,-12,-2,None
0,-7,36,7,-19,21,-2,-2,-2,1,12,9,8,-12,-2,None
0,-1,4,-2,1,3,-2,-2,-2,1,12,9,8,-12,-2,None
0,-1,4,-2,1,3,-2,-2,-2,1,12,9,8,-12,-2,None
0,-1,4,-2,1,3,-2,-2,-2,1,12,9,7,-12,-1,None
0,0,-3,0,11,9,1,1,0,1,12,9,7,-12,-1,None
0,-4,-5,0,-5,-9,-2,-2,-1,1,12,9,7,-12,-1,None
0,2,1,-1,11,-4,-1,-1,-1,1,12,9,7,-12,-1,None
0,2,3,-3,-6,-1,-3,-2,-1,1,12,9,7,-12,-1,None
0,2,3,-3,-6,-1,-3,-2,-1,1,12,9,7,-12,-1,None
0,2,3,-3,-6,-1,-3,-2,-1,1,12,9,7,-12,-2,None
0,-6,-3,-3,-4,4,-1,-2,-2,1,12,9,7,-12,-2,None
0,5,17,2,0,0,0,-1,-1,1,12,9,7,-12,-2,None
0,0,-9,-5,1,-4,-1,-2,-1,1,12,9,7,-12,-2,None
0,-4,1,0,-3,-1,0,0,-3,1,12,9,7,-12,-2,None
0,-4,1,0,-3,-1,0,0,-3,1,12,9,7,-12,-2,None
0,-4,1,0,-3,-1,0,0,-3,1,12,9,7,-12,-1,None
0,2,-10,-1,2,5,-2,-1,-1,1,12,9,7,-12,-1,None
0,-1,-2,-3,-5,-3,-1,-2,-3,1,12,9,7,-12,-1,None
0,0,-3,-5,-14,6,-2,-1,-2,1,12,9,7,-12,-1,None
0,1,-23,-6,-4,-5,-4,-3,-2,1,12,9,7,-12,-1,None
0,1,-23,-6,-4,-5,-4,-3,-2,1,12,9,7,-12,-1,None
0,1,-23,-6,-4,-5,-4,-3,-2,1,12,9,8,-12,-1,None
0,-3,7,-1,-2,14,1,-2,-3,1,12,9,8,-12,-1,None
