0,-1,2,7,-31,-23,29,-4,-6,0,12,8,3,-25,-9,None
0,3,1,-4,-28,30,-23,11,-2,0,12,8,3,-25,-9,None
0,-8,-9,-16,8,-11,-3,-44,-14,0,12,8,3,-25,-9,None
0,-8,-9,-16,8,-11,-3,-44,-14,0,12,8,3,-25,-9,None
0,-8,-9,-16,8,-11,-3,-44,-14,0,12,8,0,-21,-7,None
0,0,-2,-13,-9,29,-33,39,8,0,12,8,0,-21,-7,None
0,-1,-1,-1,-3,-9,26,-33,-10,0,12,8,0,-21,-7,None
0,-2,-3,-5,-16,76,9,24,-9,0,12,8,0,-21,-7,None
0,0,-1,-5,29,66,-16,-60,2,0,12,8,0,-21,-7,None
0,0,-1,-5,29,66,-16,-60,2,0,12,8,0,-21,-7,None
0,0,-1,-5,29,66,-16,-60,2,0,12,8,-5,-17,-6,None
0,4,5,17,17,-91,2,73,8,0,12,8,-5,-17,-6,None
0,0,-1,-2,-17,5,-4,-7,-1,0,12,8,-5,-17,-6,None
0,-2,1,2,37,-41,21,19,-3,0,12,8,-5,-17,-6,None
0,0,3,8,-9,-43,13,-5,10,0,12,8,-5,-17,-6,None
0,0,3,8,-9,-43,13,-5,10,17,12,8,-5,-17,-6,None
0,0,3,8,-9,-43,13,-5,10,17,12,8,-6,-18,-3,None
0,-4,-1,-6,-3,127,-15,-17,-6,17,12,8,-6,-18,-3,None
0,0,3,-4,41,-128,3,0,-10,17,12,8,-6,-18,-3,None
0,-4,3,6,-84,-53,-46,-7,-5,17,12,8,-6,-18,-3,None
0,0,-2,-18,29,41,11,29,34,17,12,8,-6,-18,-3,None
0,0,-2,-18,29,41,11,29,34,17,12,8,-6,-18,-3,None
0,0,-2,-18,29,41,11,29,34,17,12,8,-5,-18,-2,None
0,-4,1,-1,-26,-80,-5,-33,-24,17,12,8,-5,-18,-2,None
0,-3,-2,-2,18,54,6,1,-7,17,12,8,-5,-18,-2,None
0,-5,0,2,-31,-51,-13,-9,-17,17,12,8,-5,-18,-2,None
0,4,-1,5,-3,0,30,37,51,17,12,8,-5,-18,-2,None
0,4,-1,5,-3,0,30,37,51,17,12,8,-5,-18,-2,None
0,4,-1,5,-3,0,30,37,51,17,12,8,-5,-16,-2,None
0,-5,-3,-10,12,79,-24,-14,-31,17,12,8,-5,-16,-2,None
0,-1,-3,-3,-40,-32,2,-1,12,17,12,8,-5,-16,-2,None
0,1,0,3,37,37,-3,-4,-1,17,12,8,-5,-16,-2,None
0,-1,4,1,-21,69,20,13,-11,17,12,8,-5,-16,-2,None
0,-1,4,1,-21,69,20,13,-11,16,12,8,-5,-16,-2,None
0,-1,4,1,-21,69,20,13,-11,16,12,8,-5,-13,-2,None
0,-5,0,-2,14,82,-17,-18,5,16,12,8,-5,-13,-2,None
0,-4,-3,-5,7,-18,6,-2,-10,16,12,8,-5,-13,-2,None
0,-6,-3,-2,2,-6,7,3,3,16,12,8,-5,-13,-2,None
0,-2,1,-4,-3,39,-26,-17,-18,16,12,8,-5,-13,-2,None
0,-2,1,-4,-3,39,-26,-17,-18,16,12,8,-5,-13,-2,None
0,-2,1,-4,-3,39,-26,-17,-18,16,12,8,-5,-12,-2,None
0,0,1,3,9,39,-4,-2,34,16,12,8,-5,-12,-2,None
0,3,3,-10,-29,20,6,3,-18,16,12,8,-5,-12,-2,None
0,-4,-4,-5,5,-43,1,2,4,16,12,8,-5,-12,-2,None
0,2,-1,-5,43,0,19,-3,-19,16,12,8,-5,-12,-2,None
0,2,-1,-5,43,0,19,-3,-19,16,12,8,-5,-12,-2,None
0,2,-1,-5,43,0,19,-3,-19,16,12,8,-5,-10,-2,None
0,1,4,9,9,-102,-18,5,15,16,12,8,-5,-10,-2,None
0,-4,0,0,-15,2,-9,-7,2,16,12,8,-5,-10,-2,None
0,8,4,-11,12,75,10,6,9,16,12,8,-5,-10,-2,None
0,-3,6,-2,-75,-114,3,12,2,16,12,8,-5,-10,-2,None
0,-3,6,-2,-75,-114,3,12,2,15,12,8,-5,-10,-2,None
0,-3,6,-2,-75,-114,3,12,2,15,12,8,-6,-9,-2,None
0,-4,0,-2,23,74,10,-11,-8,15,12,8,-6,-9,-2,None
0,6,9,13,69,2,-5,2,0,15,12,8,-6,-9,-2,None
0,-8,-14,-33,-64,-38,-29,-23,-2,15,12,8,-6,-9,-2,None
0,-5,-3,9,30,-119,-4,6,-22,15,12,8,-6,-9,-2,None
0,-5,-3,9,30,-119,-4,6,-22,15,12,8,-6,-9,-2,None
0,-5,-3,9,30,-119,-4,6,-22,15,12,8,-6,-10,-2,None
0,0,2,19,-28,42,-4,-1,1,15,12,8,-6,-10,-2,None
0,-3,0,-13,-17,-81,4,7,11,15,12,8,-6,-10,-2,None
0,5,10,12,56,27,11,3,9,15,12,8,-6,-10,-2,None
0,-1,-3,-11,-38,-48,-8,-4,2,15,12,8,-6,-10,-2,None
0,-1,-3,-11,-38,-48,-8,-4,2,15,12,8,-6,-10,-2,None
0,-1,-3,-11,-38,-48,-8,-4,2,15,12,8,-5,-9,-2,None
0,0,-3,-9,9,-82,-10,-20,-12,15,12,8,-5,-9,-2,None
0,-2,0,9,4,127,1,-3,-15,15,12,8,-5,-9,-2,None
0,-3,-8,-2,-26,102,13,16,11,15,12,8,-5,-9,-2,None
0,3,4,-4,61,61,-8,-4,0,15,12,8,-5,-9,-2,None
0,3,4,-4,61,61,-8,-4,0,15,12,8,-5,-9,-2,None
0,3,4,-4,61,61,-8,-4,0,15,12,8,-5,-7,-2,None
0,-3,-1,-8,-38,15,-8,-8,-4,15,12,8,-5,-7,-2,None
0,-1,-1,-9,-43,-18,7,-3,-5,15,12,8,-5,-7,-2,None
0,1,2,-7,13,-34,-4,1,-7,15,12,8,-5,-7,-2,None
0,2,2,-5,-26,31,13,-1,14,15,12,8,-5,-7,-2,None
0,2,2,-5,-26,31,13,-1,14,15,12,7,-5,-7,-2,None
0,2,2,-5,-26,31,13,-1,14,15,12,7,-4,-6,-2,None
0,-1,0,-2,74,-16,2,16,-8,15,12,7,-4,-6,-2,None
0,-3,-1,-10,-55,-14,-15,-11,-1,15,12,7,-4,-6,-2,None
0,0,-4,-16,11,-16,1,-3,-12,15,12,7,-4,-6,-2,None
0,1,2,3,3,4,6,4,13,15,12,7,-4,-6,-2,None
0,1,2,3,3,4,6,4,13,15,12,7,-4,-6,-2,None
0,1,2,3,3,4,6,4,13,15,12,7,-5,-6,-1,None
0,3,1,-6,-5,-4,-5,-10,-4,15,12,7,-5,-6,-1,None
0,-1,1,-6,7,-31,-7,-1,-8,15,12,7,-5,-6,-1,None
0,-4,4,7,50,12,-15,-20,-30,15,12,7,-5,-6,-1,None
0,-5,-5,-9,-27,-1,8,10,26,15,12,7,-5,-6,-1,None
0,-5,-5,-9,-27,-1,8,10,26,14,12,7,-5,-6,-1,None
0,-5,-5,-9,-27,-1,8,10,26,14,12,7,-5,-7,0,None
0,-1,0,1,-27,-15,-14,-9,-17,14,12,7,-5,-7,0,None
0,-2,-5,2,-9,36,6,-3,9,14,12,7,-5,-7,0,None
0,1,2,3,15,-10,-1,9,11,14,12,7,-5,-7,0,None
0,-1,1,1,-9,13,-3,-13,-19,14,12,7,-5,-7,0,None
0,-1,1,1,-9,13,-3,-13,-19,14,12,7,-5,-7,0,None
0,-1,1,1,-9,13,-3,-13,-19,14,12,7,-5,-4,0,None
0,-4,-2,3,-4,1,-1,2,-18,14,12,7,-5,-4,0,None
0,-1,-2,0,6,4,2,1,20,14,12,7,-5,-4,0,None
0,-2,1,9,15,13,1,-2,-5,14,12,7,-5,-4,0,None
0,0,-1,-16,-55,-48,-16,-4,-2,14,12,7,-5,-4,0,None
0,0,-1,-16,-55,-48,-16,-4,-2,14,12,7,-5,-4,0,None
0,0,-1,-16,-55,-48,-16,-4,-2,14,12,7,-5,-6,0,None
0,-3,-2,-2,7,40,-2,-3,3,14,12,7,-5,-6,0,None
0,0,1,6,68,7,8,-4,-9,14,12,7,-5,-6,0,None
0,2,3,-7,-52,-14,14,13,14,14,12,7,-5,-6,0,None
0,-1,2,2,-54,52,-17,-3,-7,14,12,7,-5,-6,0,None
0,-1,2,2,-54,52,-17,-3,-7,14,12,7,-5,-6,0,None
0,-1,2,2,-54,52,-17,-3,-7,14,12,7,-8,-8,1,None
0,0,-3,-16,41,-4,-5,-1,0,14,12,7,-8,-8,1,None
0,-3,-3,-13,-18,14,13,-6,-6,14,12,7,-8,-8,1,None
0,-2,3,8,0,2,-1,0,4,14,12,7,-8,-8,1,None
0,-2,-1,-2,20,23,-12,1,-6,14,12,7,-8,-8,1,None
0,-2,-1,-2,20,23,-12,1,-6,15,12,7,-8,-8,1,None
0,-2,-1,-2,20,23,-12,1,-6,15,12,7,-10,-7,0,None
0,1,6,14,-23,-49,15,-7,-1,15,12,7,-10,-7,0,None
0,-2,-2,-7,-66,55,-8,-1,1,15,12,7,-10,-7,0,None
0,-2,0,-6,41,-9,-6,0,-2,15,12,7,-10,-7,0,None
0,-4,-5,-1,74,30,-3,-6,-11,15,12,7,-10,-7,0,None
0,-4,-5,-1,74,30,-3,-6,-11,15,12,8,-10,-7,0,None
0,-4,-5,-1,74,30,-3,-6,-11,15,12,8,-11,-7,0,None
0,-2,0,3,-7,22,0,0,2,15,12,8,-11,-7,0,None
0,-1,-2,-5,26,-22,-5,-1,-2,15,12,8,-11,-7,0,None
0,1,2,-4,-17,-4,0,-2,0,15,12,8,-11,-7,0,None
0,-3,-2,-1,23,-68,-2,-3,-8,15,12,8,-11,-7,0,None
0,-3,-2,-1,23,-68,-2,-3,-8,15,12,8,-11,-7,0,None
0,-3,-2,-1,23,-68,-2,-3,-8,15,12,8,-10,-7,0,None
0,-1,-2,-4,32,23,6,-1,4,15,12,8,-10,-7,0,None
0,-1,1,4,10,25,-5,-2,-4,15,12,8,-10,-7,0,None
0,-2,-1,-2,8,-23,-7,-2,-2,15,12,8,-10,-7,0,None
0,0,2,2,15,23,2,-4,-2,15,12,8,-10,-7,0,None
0,0,2,2,15,23,2,-4,-2,15,12,8,-10,-7,0,None
0,0,2,2,15,23,2,-4,-2,15,12,8,-10,-8,0,None
0,0,-1,-12,-33,33,-3,0,1,15,12,8,-10,-8,0,None
0,-2,0,-1,-2,0,-12,-5,-5,15,12,8,-10,-8,0,None
0,-1,-1,3,-34,-16,2,1,0,15,12,8,-10,-8,0,None
0,0,1,1,-3,-54,7,3,2,15,12,8,-10,-8,0,None
0,0,1,1,-3,-54,7,3,2,15,12,8,-10,-8,0,None
0,0,1,1,-3,-54,7,3,2,15,12,8,-10,-8,0,None
0,-3,-4,-5,18,15,3,-1,-2,15,12,8,-10,-8,0,None
0,2,2,-4,22,-5,-4,0,1,15,12,8,-10,-8,0,None
0,-2,2,0,-20,0,-7,-2,-1,15,12,8,-10,-8,0,None
0,2,5,5,0,25,9,-2,-2,15,12,8,-10,-8,0,None
0,2,5,5,0,25,9,-2,-2,15,12,8,-10,-8,0,None
0,2,5,5,0,25,9,-2,-2,15,12,8,-10,-8,0,None
0,-2,-1,1,-29,-9,-7,0,0,15,12,8,-10,-8,0,None
0,-1,2,2,38,-8,1,0,-1,15,12,8,-10,-8,0,None
0,-2,-3,-12,35,60,4,-1,-1,15,12,8,-10,-8,0,None
0,-2,1,-8,-2,-25,-5,-2,-3,15,12,8,-10,-8,0,None
0,-2,1,-8,-2,-25,-5,-2,-3,15,12,8,-10,-8,0,None
0,-2,1,-8,-2,-25,-5,-2,-3,15,12,8,-9,-8,0,None
0,-3,2,1,-4,-3,-4,-4,-4,15,12,8,-9,-8,0,None
0,-1,1,3,-33,2,1,-2,-2,15,12,8,-9,-8,0,None
0,-1,4,7,8,12,7,1,1,15,12,8,-9,-8,0,None
0,1,2,0,-28,8,-2,-2,-2,15,12,8,-9,-8,0,None
0,1,2,0,-28,8,-2,-2,-2,15,12,8,-9,-8,0,None
0,1,2,0,-28,8,-2,-2,-2,15,12,8,-9,-8,-1,None
0,-3,-1,-1,-31,-10,-1,-3,-3,15,12,8,-9,-8,-1,None
0,-3,1,-3,0,12,4,-2,-2,15,12,8,-9,-8,-1,None
0,-4,-1,5,-2,5,-6,-3,-4,15,12,8,-9,-8,-1,None
0,0,1,-1,11,37,5,-2,2,15,12,8,-9,-8,-1,None
0,0,1,-1,11,37,5,-2,2,15,12,8,-9,-8,-1,None
0,0,1,-1,11,37,5,-2,2,15,12,8,-9,-9,-2,None
0,1,5,1,-15,-58,-3,1,1,15,12,8,-9,-9,-2,None
0,0,6,9,-6,3,-7,-1,4,15,12,8,-9,-9,-2,None
0,-3,-5,-9,21,40,6,1,-4,15,12,8,-9,-9,-2,None
0,-3,0,5,9,-42,-2,-5,-3,15,12,8,-9,-9,-2,None
0,-3,0,5,9,-42,-2,-5,-3,16,12,8,-9,-9,-2,None
0,-3,0,5,9,-42,-2,-5,-3,16,12,8,-8,-9,-2,None
0,-1,0,-4,-32,12,-7,-6,-3,16,12,8,-8,-9,-2,None
0,1,0,-3,9,-13,10,13,6,16,12,8,-8,-9,-2,None
0,3,4,-3,0,-18,3,1,1,16,12,8,-8,-9,-2,None
0,-2,-1,0,1,8,-1,-1,3,16,12,8,-8,-9,-2,None
0,-2,-1,0,1,8,-1,-1,3,16,12,8,-8,-9,-2,None
0,-2,-1,0,1,8,-1,-1,3,16,12,8,-7,-10,-2,None
0,-4,-1,-3,21,29,-9,-42,-39,16,12,8,-7,-10,-2,None
0,6,4,3,7,-5,8,73,46,16,12,8,-7,-10,-2,None
0,-4,-3,-5,-30,-11,-7,-9,4,16,12,8,-7,-10,-2,None
0,-2,-2,-1,16,8,0,3,-33,16,12,8,-7,-10,-2,None
0,-2,-2,-1,16,8,0,3,-33,16,12,8,-7,-10,-2,None
0,-2,-2,-1,16,8,0,3,-33,16,12,8,-6,-11,-3,None
0,2,2,-11,4,-7,-1,-13,-18,16,12,8,-6,-11,-3,None
0,-11,-4,-7,-2,-3,-9,-39,-7,16,12,8,-6,-11,-3,None
0,3,2,-1,-7,4,4,27,4,16,12,8,-6,-11,-3,None
0,1,2,2,10,2,0,-1,21,16,12,8,-6,-11,-3,None
0,1,2,2,10,2,0,-1,21,16,12,8,-6,-11,-3,None
0,1,2,2,10,2,0,-1,21,16,12,8,-5,-10,-5,None
0,-3,0,-4,16,-4,-1,7,6,16,12,8,-5,-10,-5,None
0,-2,-3,-2,-1,4,-4,-29,-22,16,12,8,-5,-10,-5,None
0,-2,0,-3,-13,-27,-4,-8,0,16,12,8,-5,-10,-5,None
0,-3,0,-4,1,1,4,0,-11,16,12,8,-5,-10,-5,None
0,-3,0,-4,1,1,4,0,-11,16,12,8,-5,-10,-5,None
0,-3,0,-4,1,1,4,0,-11,16,12,8,-5,-11,-5,None
0,2,2,3,-12,-27,-1,6,12,16,12,8,-5,-11,-5,None
0,-2,-2,-7,16,0,-5,-21,-8,16,12,8,-5,-11,-5,None
0,0,2,-4,-7,-10,3,21,15,16,12,8,-5,-11,-5,None
0,0,0,2,-4,1,3,5,-6,16,12,8,-5,-11,-5,None
0,0,0,2,-4,1,3,5,-6,17,12,8,-5,-11,-5,None
0,0,0,2,-4,1,3,5,-6,17,12,8,-4,-13,-6,None
0,-1,0,-3,-9,15,2,8,-2,17,12,8,-4,-13,-6,None
0,1,1,-3,0,-9,-4,-5,7,17,12,8,-4,-13,-6,None
0,-1,2,5,16,1,-2,-13,-2,17,12,8,-4,-13,-6,None
0,-1,0,-6,2,13,-1,-13,-12,17,12,8,-4,-13,-6,None
0,-1,0,-6,2,13,-1,-13,-12,17,12,8,-4,-13,-6,None
0,-1,0,-6,2,13,-1,-13,-12,17,12,8,-3,-13,-7,None
0,-2,-1,3,-1,-14,1,5,22,17,12,8,-3,-13,-7,None
0,-1,-1,0,10,35,3,-4,-17,17,12,8,-3,-13,-7,None
0,0,4,0,20,-6,4,18,4,17,12,8,-3,-13,-7,None
0,-1,-2,-6,-12,13,-3,3,10,17,12,8,-3,-13,-7,None
0,-1,-2,-6,-12,13,-3,3,10,17,12,8,-3,-13,-7,None
0,-1,-2,-6,-12,13,-3,3,10,17,12,8,-2,-13,-8,None
0,-2,-1,0,9,14,-1,6,-8,17,12,8,-2,-13,-8,None
0,-1,0,-2,22,-16,-1,-16,-2,17,12,8,-2,-13,-8,None
0,-3,-4,-10,-32,-18,-7,-23,6,17,12,8,-2,-13,-8,None
0,-4,-1,-7,-31,-9,-5,18,-18,17,12,8,-2,-13,-8,None
0,-4,-1,-7,-31,-9,-5,18,-18,17,12,8,-2,-13,-8,None
0,-4,-1,-7,-31,-9,-5,18,-18,17,12,8,0,-14,-9,None
0,2,1,-3,22,5,6,11,7,17,12,8,0,-14,-9,None
0,-3,0,-6,-6,-13,-7,-5,7,17,12,8,0,-14,-9,None
0,-2,-2,-2,16,2,-5,-11,-11,17,12,8,0,-14,-9,None
0,-1,-2,1,23,-14,0,-14,13,17,12,8,0,-14,-9,None
0,-1,-2,1,23,-14,0,-14,13,0,12,8,0,-14,-9,None
0,-1,-2,1,23,-14,0,-14,13,0,12,8,1,-15,-9,None
0,-2,0,-3,0,4,-2,-10,-18,0,12,8,1,-15,-9,None
0,-2,2,7,9,-6,1,29,-1,0,12,8,1,-15,-9,None
0,-2,0,-1,36,9,-1,-25,-12,0,12,8,1,-15,-9,None
0,-3,-3,-8,-31,-2,-6,-9,-45,0,12,8,1,-15,-9,None
0,-3,-3,-8,-31,-2,-6,-9,-45,0,12,9,1,-15,-9,None
0,-3,-3,-8,-31,-2,-6,-9,-45,0,12,9,2,-16,-10,None
0,0,2,4,-20,6,8,6,-7,0,12,9,2,-16,-10,None
0,3,4,3,-19,2,-5,7,27,0,12,9,2,-16,-10,None
0,-4,-3,-5,-12,14,-1,-4,-22,0,12,9,2,-16,-10,None
0,-1,3,0,-19,1,-5,-8,15,0,12,9,2,-16,-10,None
0,-1,3,0,-19,1,-5,-8,15,0,12,9,2,-16,-10,None
0,-1,3,0,-19,1,-5,-8,15,0,12,9,2,-15,-10,None
0,-2,-2,-12,-26,9,-3,-3,6,0,12,9,2,-15,-10,None
0,-2,-1,-2,-16,-19,-4,-18,-2,0,12,9,2,-15,-10,None
0,0,-1,-2,-20,-17,3,10,-19,0,12,9,2,-15,-10,None
0,0,0,-1,26,37,2,0,20,0,12,9,2,-15,-10,None
0,0,0,-1,26,37,2,0,20,0,11,9,2,-15,-10,None
0,0,0,-1,26,37,2,0,20,0,11,9,2,-14,-10,None
0,-1,-1,-6,-12,5,-1,2,8,0,11,9,2,-14,-10,None
0,4,2,-1,-19,-24,4,13,14,0,11,9,2,-14,-10,None
0,-1,1,2,28,32,-5,-2,2,0,11,9,2,-14,-10,None
0,-1,-1,-7,-2,-13,-1,-1,-4,0,11,9,2,-14,-10,None
0,-1,-1,-7,-2,-13,-1,-1,-4,0,11,9,2,-14,-10,None
0,-1,-1,-7,-2,-13,-1,-1,-4,0,11,9,2,-15,-9,None
0,-2,1,8,22,8,3,-4,-1,0,11,9,2,-15,-9,None
0,-4,-1,-8,4,8,1,-3,-16,0,11,9,2,-15,-9,None
0,0,1,3,-22,-12,4,4,3,0,11,9,2,-15,-9,None
0,-1,3,3,-3,-7,-4,-2,-10,0,11,9,2,-15,-9,None
0,-1,3,3,-3,-7,-4,-2,-10,0,11,9,2,-15,-9,None
0,-1,3,3,-3,-7,-4,-2,-10,0,11,9,2,-17,-9,None
0,-1,1,-2,-2,2,-2,2,15,0,11,9,2,-17,-9,None
0,-2,1,1,-14,-3,-2,-3,-16,0,11,9,2,-17,-9,None
0,-3,-1,0,-12,0,-6,-6,-3,0,11,9,2,-17,-9,None
0,0,1,-1,-18,-4,-2,-4,15,0,11,9,2,-17,-9,None
0,0,1,-1,-18,-4,-2,-4,15,0,11,9,2,-17,-9,None
0,0,1,-1,-18,-4,-2,-4,15,0,11,9,1,-17,-8,None
0,-1,0,-5,-16,2,-1,1,-1,0,11,9,1,-17,-8,None
0,-2,0,0,-17,-4,1,-5,-16,0,11,9,1,-17,-8,None
0,1,2,-1,-4,-2,-1,-1,-3,0,11,9,1,-17,-8,None
0,0,0,-1,-14,2,0,2,16,0,11,9,1,-17,-8,None
0,0,0,-1,-14,2,0,2,16,0,11,9,1,-17,-8,None
0,0,0,-1,-14,2,0,2,16,0,11,9,1,-15,-7,None
0,-2,-3,-3,24,7,-2,-2,-1,0,11,9,1,-15,-7,None
0,-3,-2,-5,12,4,-2,-5,-23,0,11,9,1,-15,-7,None
0,0,1,-1,6,9,-2,-1,11,0,11,9,1,-15,-7,None
0,-1,0,-3,0,-11,-2,0,-3,0,11,9,1,-15,-7,None
0,-1,0,-3,0,-11,-2,0,-3,0,11,9,1,-15,-7,None
0,-1,0,-3,0,-11,-2,0,-3,0,11,9,1,-15,-7,None
0,-1,0,0,-3,-13,-1,0,-3,0,11,9,1,-15,-7,None
0,0,0,-2,9,16,-2,-2,2,0,11,9,1,-15,-7,None
0,-2,-1,-2,11,3,-1,-2,-4,0,11,9,1,-15,-7,None
0,-3,0,1,9,-6,1,-1,-2,0,11,9,1,-15,-7,None
0,-3,0,1,9,-6,1,-1,-2,0,11,9,1,-15,-7,None
0,-3,0,1,9,-6,1,-1,-2,0,11,9,2,-15,-6,None
0,-3,1,0,13,-8,-3,-2,-2,0,11,9,2,-15,-6,None
0,-2,0,-4,14,-3,-2,-3,-4,0,11,9,2,-15,-6,None
0,-1,0,0,2,-4,-2,0,0,0,11,9,2,-15,-6,None
0,-1,1,0,24,6,1,0,-1,0,11,9,2,-15,-6,None
0,-1,1,0,24,6,1,0,-1,0,12,9,2,-15,-6,None
0,-1,1,0,24,6,1,0,-1,0,12,9,2,-14,-6,None
0,-2,1,0,3,-3,-3,0,2,0,12,9,2,-14,-6,None
0,-1,0,1,0,-5,-3,-2,-4,0,12,9,2,-14,-6,None
0,-3,1,1,2,-3,4,-1,-2,0,12,9,2,-14,-6,None
0,0,0,2,-1,-3,-3,0,1,0,12,9,2,-14,-6,None
0,0,0,2,-1,-3,-3,0,1,0,12,9,2,-14,-6,None
0,0,0,2,-1,-3,-3,0,1,0,12,9,3,-13,-6,None
0,0,0,3,2,0,0,0,-3,0,12,9,3,-13,-6,None
0,-2,1,-1,-10,-1,-2,-1,-2,0,12,9,3,-13,-6,None
0,2,4,2,-12,2,0,0,2,0,12,9,3,-13,-6,None
0,-3,1,3,-13,-4,0,-1,-3,0,12,9,3,-13,-6,None
0,-3,1,3,-13,-4,0,-1,-3,0,12,9,3,-13,-6,None
0,-3,1,3,-13,-4,0,-1,-3,0,12,9,3,-13,-5,None
0,-4,-1,3,-11,-1,-4,-2,-7,0,12,9,3,-13,-5,None
0,1,0,6,26,8,3,0,4,0,12,9,3,-13,-5,None
0,-2,0,-1,24,-6,-2,-1,2,0,12,9,3,-13,-5,None
0,-2,0,-4,34,-2,0,-1,-3,0,12,9,3,-13,-5,None
0,-2,0,-4,34,-2,0,-1,-3,0,12,9,3,-13,-5,None
0,-2,0,-4,34,-2,0,-1,-3,0,12,9,3,-12,-5,None
0,0,1,-6,34,-3,-5,-1,-2,0,12,9,3,-12,-5,None
0,-3,-1,-5,27,-3,-2,-3,-4,0,12,9,3,-12,-5,None
0,-1,0,-9,4,2,3,0,0,0,12,9,3,-12,-5,None
0,0,-1,-12,-24,2,-2,-4,-2,0,12,9,3,-12,-5,None
0,0,-1,-12,-24,2,-2,-4,-2,0,12,9,3,-12,-5,None
0,0,-1,-12,-24,2,-2,-4,-2,0,12,9,3,-12,-5,None
0,-1,-1,-14,-22,1,-4,-2,1,0,12,9,3,-12,-5,None
0,-4,-2,-18,-50,-1,-1,-5,-5,0,12,9,3,-12,-5,None
0,0,2,-8,0,2,-2,1,0,0,12,9,3,-12,-5,None
0,-4,-3,-15,-43,-5,-5,-4,-4,0,12,9,3,-12,-5,None
0,-4,-3,-15,-43,-5,-5,-4,-4,0,12,9,3,-12,-5,None
0,-4,-3,-15,-43,-5,-5,-4,-4,0,12,9,3,-12,-5,None
0,2,2,-7,3,7,5,3,3,0,12,9,3,-12,-5,None
0,-3,0,-9,7,-2,-4,-6,-5,0,12,9,3,-12,-5,None
0,-5,-2,-2,6,-6,-6,-1,-7,0,12,9,3,-12,-5,None
0,1,-1,-10,-20,-4,-3,-2,2,0,12,9,3,-12,-5,None
0,1,-1,-10,-20,-4,-3,-2,2,0,12,9,3,-12,-5,None
0,1,-1,-10,-20,-4,-3,-2,2,0,12,9,3,-13,-5,None
0,-4,-4,-10,-53,-4,-4,-2,-3,0,12,9,3,-13,-5,None
0,1,3,10,1,7,2,4,2,0,12,9,3,-13,-5,None
0,-1,-2,-14,-51,-29,-10,-7,-6,0,12,9,3,-13,-5,None
0,0,2,3,79,28,-4,-1,4,0,12,9,3,-13,-5,None
0,0,2,3,79,28,-4,-1,4,0,12,9,3,-13,-5,None
0,0,2,3,79,28,-4,-1,4,0,12,9,3,-12,-5,None
0,3,2,2,-16,4,10,4,3,0,12,9,3,-12,-5,None
0,0,-1,14,58,8,-4,-1,2,0,12,9,3,-12,-5,None
0,0,-1,-13,-72,-7,1,0,-2,0,12,9,3,-12,-5,None
0,5,4,17,91,0,2,1,5,0,12,9,3,-12,-5,None
0,5,4,17,91,0,2,1,5,0,12,9,3,-12,-5,None
0,5,4,17,91,0,2,1,5,0,12,9,3,-12,-5,None
0,-3,-2,-6,-92,-9,-5,-6,-6,0,12,9,3,-12,-5,None
0,3,2,2,13,-3,-10,-2,8,0,12,9,3,-12,-5,None
0,3,2,8,52,0,-7,-1,6,0,12,9,3,-12,-5,None
0,2,5,1,-44,17,27,12,-4,0,12,9,3,-12,-5,None
0,2,5,1,-44,17,27,12,-4,0,12,9,3,-12,-5,None
0,2,5,1,-44,17,27,12,-4,0,12,9,3,-12,-5,None
0,-5,-6,-20,-25,-5,1,1,1,0,12,9,3,-12,-5,None
0,-3,0,-8,29,5,-4,-1,-6,0,12,9,3,-12,-5,None
0,-3,-2,-9,-21,-2,-5,-7,-1,0,12,9,3,-12,-5,None
0,3,3,10,11,2,-8,-8,0,0,12,9,3,-12,-5,None
0,3,3,10,11,2,-8,-8,0,0,12,9,3,-12,-5,None
0,3,3,10,11,2,-8,-8,0,0,12,9,3,-13,-4,None
0,3,6,23,66,23,11,2,3,0,12,9,3,-13,-4,None
0,-5,-5,-15,-29,-39,-6,0,-6,0,12,9,3,-13,-4,None
0,-4,-3,-5,-61,-49,-6,-3,-6,0,12,9,3,-13,-4,None
0,-1,0,1,6,14,-9,-11,-2,0,12,9,3,-13,-4,None
0,-1,0,1,6,14,-9,-11,-2,0,12,9,3,-13,-4,None
0,-1,0,1,6,14,-9,-11,-2,0,12,9,3,-14,-4,None
0,-6,-3,2,62,-8,2,3,-6,0,12,9,3,-14,-4,None
0,-1,0,-9,-43,-3,-8,-6,-3,0,12,9,3,-14,-4,None
0,-4,0,6,-2,41,2,-3,-4,0,12,9,3,-14,-4,None
0,-2,-2,-10,-81,-58,-3,0,0,0,12,9,3,-14,-4,None
0,-2,-2,-10,-81,-58,-3,0,0,0,12,9,3,-14,-4,None
0,-2,-2,-10,-81,-58,-3,0,0,0,12,9,3,-12,-3,None
0,-1,0,-18,-25,-17,-11,-4,-1,0,12,9,3,-12,-3,None
0,-1,3,13,-24,-21,4,1,-4,0,12,9,3,-12,-3,None
0,-2,-1,5,80,25,13,4,-1,0,12,9,3,-12,-3,None
0,-6,-5,-13,-69,5,-7,-3,-6,0,12,9,3,-12,-3,None
0,-6,-5,-13,-69,5,-7,-3,-6,0,12,9,3,-12,-3,None
0,-6,-5,-13,-69,5,-7,-3,-6,0,12,9,4,-10,-3,None
0,0,1,2,24,-6,-4,-7,2,0,12,9,4,-10,-3,None
0,-2,-2,-3,24,10,-1,-4,-6,0,12,9,4,-10,-3,None
0,3,5,1,-42,-45,-1,2,2,0,12,9,4,-10,-3,None
0,-7,-6,-7,0,5,2,-1,-10,0,12,9,4,-10,-3,None
0,-7,-6,-7,0,5,2,-1,-10,1,12,9,4,-10,-3,None
0,-7,-6,-7,0,5,2,-1,-10,1,12,9,5,-11,-3,None
0,-4,3,5,2,32,-4,-9,-7,1,12,9,5,-11,-3,None
0,0,-1,-5,-1,12,13,7,0,1,12,9,5,-11,-3,None
0,2,3,7,43,37,-6,-2,3,1,12,9,5,-11,-3,None
0,-2,-1,-7,9,16,-4,-2,4,1,12,9,5,-11,-3,None
0,-2,-1,-7,9,16,-4,-2,4,1,12,9,5,-11,-3,None
0,-2,-1,-7,9,16,-4,-2,4,1,12,9,5,-14,-3,None
0,0,3,6,70,20,0,-4,-4,1,12,9,5,-14,-3,None
0,-3,0,-6,4,4,0,0,-5,1,12,9,5,-14,-3,None
0,0,2,0,-36,-8,4,3,-3,1,12,9,5,-14,-3,None
0,-2,-3,-11,-45,5,-7,-6,1,1,12,9,5,-14,-3,None
0,-2,-3,-11,-45,5,-7,-6,1,1,12,9,5,-14,-3,None
0,-2,-3,-11,-45,5,-7,-6,1,1,12,9,5,-14,-2,None
0,0,2,4,42,-10,-2,0,-5,1,12,9,5,-14,-2,None
0,-1,1,-6,-65,-2,-2,-1,5,1,12,9,5,-14,-2,None
0,-2,-2,-1,25,-6,-7,-6,1,1,12,9,5,-14,-2,None
0,1,4,6,55,35,0,-1,-5,1,12,9,5,-14,-2,None
0,1,4,6,55,35,0,-1,-5,1,13,9,5,-14,-2,None
0,1,4,6,55,35,0,-1,-5,1,13,9,5,-13,-2,None
0,0,0,2,-18,22,9,7,5,1,13,9,5,-13,-2,None
0,1,2,1,-9,-25,3,1,-3,1,13,9,5,-13,-2,None
0,-4,-3,-13,-18,6,-8,-10,-5,1,13,9,5,-13,-2,None
0,-2,-1,1,-13,-53,-1,1,-3,1,13,9,5,-13,-2,None
0,-2,-1,1,-13,-53,-1,1,-3,1,12,9,5,-13,-2,None
0,-2,-1,1,-13,-53,-1,1,-3,1,12,9,6,-13,-2,None
0,-1,0,-4,-15,-31,-4,-3,-8,1,12,9,6,-13,-2,None
0,-4,-2,-5,-14,3,-3,-1,-5,1,12,9,6,-13,-2,None
0,0,4,6,119,48,1,-2,0,1,12,9,6,-13,-2,None
0,0,1,1,39,6,4,3,1,1,12,9,6,-13,-2,None
0,0,1,1,39,6,4,3,1,1,12,9,6,-13,-2,None
0,0,1,1,39,6,4,3,1,1,12,9,6,-14,-1,None
0,0,-2,-10,-40,-27,-9,-5,2,1,12,9,6,-14,-1,None
0,-3,-3,-3,22,37,-2,-5,-2,1,12,9,6,-14,-1,None
0,-2,1,-1,-8,1,7,-1,-5,1,12,9,6,-14,-1,None
0,-3,-3,2,58,12,-9,-7,0,1,12,9,6,-14,-1,None
0,-3,-3,2,58,12,-9,-7,0,1,12,9,6,-14,-1,None
0,-3,-3,2,58,12,-9,-7,0,1,12,9,8,-14,-1,None
0,-5,-1,-2,-57,22,5,7,-6,1,12,9,8,-14,-1,None
0,-1,0,-6,-59,-25,-6,-9,-2,1,12,9,8,-14,-1,None
0,-5,-1,5,2,-8,-2,-1,-5,1,12,9,8,-14,-1,None
0,4,2,-6,34,26,10,15,6,1,12,9,8,-14,-1,None
0,4,2,-6,34,26,10,15,6,1,12,9,8,-14,-1,None
0,4,2,-6,34,26,10,15,6,1,12,9,6,-16,-2,None
0,1,6,2,-3,-42,-4,-8,-1,1,12,9,6,-16,-2,None
0,-1,-1,-5,7,13,7,5,4,1,12,9,6,-16,-2,None
0,0,2,-1,-27,4,-8,-14,-3,1,12,9,6,-16,-2,None
0,-3,1,-1,-5,-11,-3,-1,-3,1,12,9,6,-16,-2,None
0,-3,1,-1,-5,-11,-3,-1,-3,1,13,9,6,-16,-2,None
0,-3,1,-1,-5,-11,-3,-1,-3,1,13,9,7,-15,-2,None
0,-3,-3,-2,33,11,-2,-2,-6,1,13,9,7,-15,-2,None
0,4,3,3,58,25,5,-3,6,1,13,9,7,-15,-2,None
0,-3,-4,-18,-24,-20,-8,-1,-3,1,13,9,7,-15,-2,None
0,0,2,2,5,-20,-3,-2,-6,1,13,9,7,-15,-2,None
0,0,2,2,5,-20,-3,-2,-6,1,13,9,7,-15,-2,None
0,0,2,2,5,-20,-3,-2,-6,1,13,9,7,-13,-2,None
0,0,2,4,51,-3,-2,-2,-15,1,13,9,7,-13,-2,None
0,1,2,4,23,-22,-9,-6,26,1,13,9,7,-13,-2,None
0,3,2,4,4,16,7,5,11,1,13,9,7,-13,-2,None
0,-7,-1,1,-12,-5,8,14,-9,1,13,9,7,-13,-2,None
0,-7,-1,1,-12,-5,8,14,-9,1,13,9,7,-13,-2,None
0,-7,-1,1,-12,-5,8,14,-9,1,13,9,7,-13,-1,None
0,-2,-3,-7,-34,0,-1,-2,-4,1,13,9,7,-13,-1,None
0,1,2,3,1,23,0,-3,-9,1,13,9,7,-13,-1,None
0,1,3,13,105,-1,5,2,-1,1,13,9,7,-13,-1,None
0,0,-2,-15,-47,6,-6,-7,0,1,13,9,7,-13,-1,None
0,0,-2,-15,-47,6,-6,-7,0,1,13,9,7,-13,-1,None
0,0,-2,-15,-47,6,-6,-7,0,1,13,9,7,-13,-1,None
0,-1,2,3,33,6,0,-4,5,1,13,9,7,-13,-1,None
0,-3,-1,-4,2,14,-1,3,-8,1,13,9,7,-13,-1,None
0,-2,1,-1,-5,-5,-1,0,1,1,13,9,7,-13,-1,None
0,-2,1,2,-3,-3,-2,-5,-5,1,13,9,7,-13,-1,None
0,-2,1,2,-3,-3,-2,-5,-5,1,13,9,7,-13,-1,None
0,-2,1,2,-3,-3,-2,-5,-5,1,13,9,7,-12,-1,None
0,3,0,0,1,3,-3,-1,11,1,13,9,7,-12,-1,None
0,-1,4,2,-11,-5,0,-1,-10,1,13,9,7,-12,-1,None
0,-4,-3,-6,-39,-3,1,2,-6,1,13,9,7,-12,-1,None
0,0,0,0,1,4,-2,-8,0,1,13,9,7,-12,-1,None
0,0,0,0,1,4,-2,-8,0,1,13,9,7,-12,-1,None
0,0,0,0,1,4,-2,-8,0,1,13,9,7,-12,-1,None
0,0,0,-7,-25,2,-1,-2,-3,1,13,9,7,-12,-1,None
0,-1,2,2,23,13,5,4,-5,1,13,9,7,-12,-1,None
0,0,-1,-3,-33,-16,-1,4,7,1,13,9,7,-12,-1,None
0,1,2,6,27,14,3,2,3,1,13,9,7,-12,-1,None
0,1,2,6,27,14,3,2,3,1,13,9,7,-12,-1,None
0,1,2,6,27,14,3,2,3,1,13,9,8,-12,-1,None
0,-3,-2,-3,1,15,-2,-3,13,1,13,9,8,-12,-1,None
0,-3,-1,-2,-3,-29,-4,-5,-22,1,13,9,8,-12,-1,None
0,1,1,-6,25,-4,0,1,-1,1,13,9,8,-12,-1,None
0,-1,2,4,41,4,-5,-5,-1,1,13,9,8,-12,-1,None
0,-1,2,4,41,4,-5,-5,-1,1,13,9,8,-12,-1,None
0,-1,2,4,41,4,-5,-5,-1,1,13,9,8,-13,-1,None
0,-1,-3,-13,-75,-27,-6,-1,-1,1,13,9,8,-13,-1,None
0,-2,-1,-2,2,15,0,-2,1,1,13,9,8,-13,-1,None
0,0,-1,-3,10,6,-2,-2,-3,1,13,9,8,-13,-1,None
0,2,4,0,-9,-25,-3,-5,-1,1,13,9,8,-13,-1,None
0,2,4,0,-9,-25,-3,-5,-1,1,13,9,8,-13,-1,None
0,2,4,0,-9,-25,-3,-5,-1,1,13,9,7,-12,-1,None
0,-1,3,5,48,1,0,-1,-1,1,13,9,7,-12,-1,None
0,-2,-1,-4,-10,6,-1,-2,-2,1,13,9,7,-12,-1,None
0,0,0,-2,-4,15,-1,-2,-3,1,13,9,7,-12,-1,None
0,-1,0,-3,-25,-9,0,0,-1,1,13,9,7,-12,-1,None
0,-1,0,-3,-25,-9,0,0,-1,1,13,9,7,-12,-1,None
0,-1,0,-3,-25,-9,0,0,-1,1,13,9,7,-12,-1,None
0,0,2,2,14,-5,0,0,-4,1,13,9,7,-12,-1,None
0,-1,-1,-5,-32,-9,-3,-2,2,1,13,9,7,-12,-1,None
0,-3,-1,-1,8,6,0,-2,-3,1,13,9,7,-12,-1,None
0,-2,0,-3,-4,-1,-1,-4,-2,1,13,9,7,-12,-1,None
0,-2,0,-3,-4,-1,-1,-4,-2,1,13,9,7,-12,-1,None
0,-2,0,-3,-4,-1,-1,-4,-2,1,13,9,8,-12,-1,None
0,-1,1,-1,-3,11,-2,0,2,1,13,9,8,-12,-1,None
0,-2,1,2,-11,-26,0,1,-2,1,13,9,8,-12,-1,None
0,-1,0,-2,0,-1,0,-3,0,1,13,9,8,-12,-1,None
0,-3,-7,-7,-5,9,1,0,-2,1,13,9,8,-12,-1,None
0,-3,-7,-7,-5,9,1,0,-2,1,13,9,8,-12,-1,None
0,-3,-7,-7,-5,9,1,0,-2,1,13,9,8,-12,-1,None
0,0,0,-2,6,3,-1,-1,-1,1,13,9,8,-12,-1,None
0,0,1,-3,2,-9,1,-1,1,1,13,9,8,-12,-1,None
0,-3,-1,-1,-5,0,-2,-3,-4,1,13,9,8,-12,-1,None
0,1,2,-2,-11,-4,-1,-3,-1,1,13,9,8,-12,-1,None
0,1,2,-2,-11,-4,-1,-3,-1,1,13,9,8,-12,-1,None
0,1,2,-2,-11,-4,-1,-3,-1,1,13,9,7,-12,-1,None
0,-1,3,1,11,4,0,-2,-3,1,13,9,7,-12,-1,None
0,0,-1,-1,0,-3,-1,-1,-3,1,13,9,7,-12,-1,None
0,-1,0,-6,-17,1,-4,-2,0,1,13,9,7,-12,-1,None
0,-5,-3,-1,26,27,-2,-3,-6,1,13,9,7,-12,-1,None
0,-5,-3,-1,26,27,-2,-3,-6,1,13,9,7,-12,-1,None
0,-5,-3,-1,26,27,-2,-3,-6,1,13,9,8,-12,-1,None
0,-1,-1,-5,-34,-19,-2,-1,-1,1,13,9,8,-12,-1,None
0,-1,2,0,5,3,-1,-1,-2,1,13,9,8,-12,-1,None
0,0,2,-1,7,6,2,0,0,1,13,9,8,-12,-1,None
0,0,2,-1,-14,-9,-3,-4,1,1,13,9,8,-12,-1,None
0,0,2,-1,-14,-9,-3,-4,1,1,13,9,8,-12,-1,None
0,0,2,-1,-14,-9,-3,-4,1,1,13,9,7,-12,-2,None
0,-1,0,-2,13,5,-1,-2,-4,1,13,9,7,-12,-2,None
0,0,-1,-2,13,7,-2,-2,-1,1,13,9,7,-12,-2,None
0,0,0,-1,-12,-13,-3,-3,-3,1,13,9,7,-12,-2,None
0,0,1,-2,0,-2,-3,-1,1,1,13,9,7,-12,-2,None
0,0,1,-2,0,-2,-3,-1,1,1,13,9,7,-12,-2,None
0,0,1,-2,0,-2,-3,-1,1,1,13,9,7,-12,-2,None
0,-3,1,1,25,11,0,-1,-5,1,13,9,7,-12,-2,None
0,-3,-2,-7,17,16,-3,-5,-1,1,13,9,7,-12,-2,None
0,-3,-1,-2,5,7,1,-1,-5,1,13,9,7,-12,-2,None
0,0,2,-2,-13,-7,-2,0,-1,1,13,9,7,-12,-2,None
0,0,2,-2,-13,-7,-2,0,-1,1,13,9,7,-12,-2,None
0,0,2,-2,-13,-7,-2,0,-1,1,13,9,7,-12,-2,None
0,1,2,0,2,-3,0,1,1,1,13,9,7,-12,-2,None
0,-1,-1,-1,-2,-5,-2,-1,0,1,13,9,7,-12,-2,None
0,-2,0,-1,1,2,-1,-2,-2,1,13,9,7,-12,-2,None
0,-1,0,-3,-1,-6,-1,-2,0,1,13,9,7,-12,-2,None
0,-1,0,-3,-1,-6,-1,-2,0,1,13,9,7,-12,-2,None
0,-1,0,-3,-1,-6,-1,-2,0,1,13,9,7,-12,-2,None
0,-3,-1,-2,-2,1,-1,-3,-3,1,13,9,7,-12,-2,None
0,3,-7,-1,8,3,-3,-2,3,1,13,9,7,-12,-2,None
0,-10,34,-4,-12,0,-3,-3,-13,1,13,9,7,-12,-2,None
0,1,-6,-2,3,15,3,4,3,1,13,9,7,-12,-2,None
0,1,-6,-2,3,15,3,4,3,1,13,9,7,-12,-2,None
0,1,-6,-2,3,15,3,4,3,1,13,9,7,-12,-2,None
0,-2,-3,-3,-1,1,0,-3,-2,1,13,9,7,-12,-2,None
0,-2,0,-1,-3,3,-1,0,-1,1,13,9,7,-12,-2,None
0,3,-1,-2,2,-5,-2,-3,0,1,13,9,7,-12,-2,None
0,-2,3,-2,-4,-7,-3,-4,-1,1,13,9,7,-12,-2,None
0,-2,3,-2,-4,-7,-3,-4,-1,1,13,9,7,-12,-2,None
0,-2,3,-2,-4,-7,-3,-4,-1,1,13,9,7,-12,-2,None
0,-2,2,-2,0,5,-1,-1,-2,1,13,9,7,-12,-2,None
0,-1,2,-1,1,-1,0,-2,-1,1,13,9,7,-12,-2,None
0,0,-8,-1,-1,2,-1,0,1,1,13,9,7,-12,-2,None
0,-1,3,-1,-4,-3,-3,-2,-4,1,13,9,7,-12,-2,None
0,-1,3,-1,-4,-3,-3,-2,-4,1,13,9,7,-12,-2,None
0,-1,3,-1,-4,-3,-3,-2,-4,1,13,9,8,-12,-2,None
0,0,-4,-1,1,5,-1,-2,-1,1,13,9,8,-12,-2,None
0,-4,2,-4,-10,7,-1,0,-7,1,13,9,8,-12,-2,None
0,-1,-6,-2,3,4,2,-1,3,1,13,9,8,-12,-2,None
0,-1,-1,-1,-7,2,0,0,-2,1,13,9,8,-12,-2,None
0,-1,-1,-1,-7,2,0,0,-2,1,13,9,8,-12,-2,None
0,-1,-1,-1,-7,2,0,0,-2,1,13,9,7,-12,-1,None
0,0,3,-1,-2,-5,-3,-1,1,1,13,9,7,-12,-1,None
0,0,3,0,1,-1,-1,0,-2,1,13,9,7,-12,-1,None
0,-2,-3,-2,-3,3,-2,-1,-2,1,13,9,7,-12,-1,None
0,-2,0,-1,-2,-4,-2,-3,-2,1,13,9,7,-12,-1,None
0,-2,0,-1,-2,-4,-2,-3,-2,1,13,9,7,-12,-1,None
0,-2,0,-1,-2,-4,-2,-3,-2,1,13,9,8,-12,-1,None
0,0,1,-2,1,2,-2,-1,0,1,13,9,8,-12,-1,None
0,-2,2,-1,1,0,-1,-2,0,1,13,9,8,-12,-1,None
0,0,-7,-2,1,0,-1,0,1,1,13,9,8,-12,-1,None
0,-1,2,0,-1,-4,-1,-2,-2,1,13,9,8,-12,-1,None
0,-1,2,0,-1,-4,-1,-2,-2,1,13,9,8,-12,-1,None
0,-1,2,0,-1,-4,-1,-2,-2,1,13,9,7,-12,-1,None
0,0,0,-1,-5,-7,-2,-1,2,1,13,9,7,-12,-1,None
0,-4,-1,-4,-8,3,2,2,-6,1,13,9,7,-12,-1,None
0,-1,-3,-2,7,5,-2,-2,-1,1,13,9,7,-12,-1,None
0,-2,0,-2,-2,-1,-1,-3,-1,1,13,9,7,-12,-1,None
0,-2,0,-2,-2,-1,-1,-3,-1,1,13,9,7,-12,-1,None
0,-2,0,-2,-2,-1,-1,-3,-1,1,13,9,8,-12,-1,None
0,-2,0,-1,-4,1,0,-1,-2,1,13,9,8,-12,-1,None
0,0,2,0,1,-6,-3,-3,1,1,13,9,8,-12,-1,None
0,-1,-1,0,-2,-1,-1,0,-3,1,13,9,8,-12,-1,None
0,-2,0,-3,-4,-3,-2,0,-2,1,13,9,8,-12,-1,None
0,-2,0,-3,-4,-3,-2,0,-2,1,13,9,8,-12,-1,None
0,-2,0,-3,-4,-3,-2,0,-2,1,13,9,8,-12,-2,None
0,-1,-1,-3,4,0,-2,-1,-2,1,13,9,8,-12,-2,None
0,0,1,-1,1,-2,-1,-2,1,1,13,9,8,-12,-2,None
0,-2,-3,-2,-4,0,-3,0,-2,1,13,9,8,-12,-2,None
0,5,6,-1,8,-1,-2,-2,2,1,13,9,8,-12,-2,None
0,5,6,-1,8,-1,-2,-2,2,1,13,9,8,-12,-2,None
0,5,6,-1,8,-1,-2,-2,2,1,13,9,8,-12,-1,None
0,-9,0,-3,-9,5,-1,-3,-7,1,13,9,8,-12,-1,None
0,-2,-1,0,14,7,-1,-2,-2,1,13,9,8,-12,-1,None
0,0,0,-2,-7,3,2,0,-1,1,13,9,8,-12,-1,None
0,-2,-2,-1,3,-1,1,-1,-2,1,13,9,8,-12,-1,None
0,-2,-2,-1,3,-1,1,-1,-2,1,13,9,8,-12,-1,None
0,-2,-2,-1,3,-1,1,-1,-2,1,13,9,7,-12,-1,None
0,2,0,-2,3,-2,-1,0,1,1,13,9,7,-12,-1,None
0,-1,2,-3,-7,-3,-2,-1,0,1,13,9,7,-12,-1,None
0,-1,0,-1,5,-1,-2,-3,-1,1,13,9,7,-12,-1,None
0,-3,0,-3,-3,0,-1,-2,-1,1,13,9,7,-12,-1,None
0,-3,0,-3,-3,0,-1,-2,-1,1,13,9,7,-12,-1,None
0,-3,0,-3,-3,0,-1,-2,-1,1,13,9,8,-12,-1,None
0,0,0,-2,-1,2,0,-1,-2,1,13,9,8,-12,-1,None
0,-2,0,-2,-1,0,-2,-3,-1,1,13,9,8,-12,-1,None
0,1,0,-1,0,-4,-1,-1,0,1,13,9,8,-12,-1,None
0,-2,1,-2,-3,0,-1,0,-2,1,13,9,8,-12,-1,None
0,-2,1,-2,-3,0,-1,0,-2,1,13,9,8,-12,-1,None
0,-2,1,-2,-3,0,-1,0,-2,1,13,9,8,-12,-1,None
0,-2,-2,-3,-1,0,-1,-2,0,1,13,9,8,-12,-1,None
0,0,1,1,3,-6,0,-1,-1,1,13,9,8,-12,-1,None
0,-1,-2,-4,4,2,-2,-1,-2,1,13,9,8,-12,-1,None
0,-1,0,-1,-4,-1,-1,-2,-1,1,13,9,8,-12,-1,None
0,-1,0,-1,-4,-1,-1,-2,-1,1,13,9,8,-12,-1,None
0,-1,0,-1,-4,-1,-1,-2,-1,1,13,9,8,-12,-2,None
0,0,1,-2,1,2,-1,-1,-1,1,13,9,8,-12,-2,None
0,-1,1,-2,-1,-1,-1,-1,-1,1,13,9,8,-12,-2,None
0,-1,2,-1,-3,-1,-1,-2,-3,1,13,9,8,-12,-2,None
0,-1,-1,-2,-1,1,-1,-2,-2,1,13,9,8,-12,-2,None
0,-1,-1,-2,-1,1,-1,-2,-2,1,13,9,8,-12,-2,None
0,-1,-1,-2,-1,1,-1,-2,-2,1,13,9,8,-12,-2,None
0,-2,0,-2,5,0,2,-1,-1,1,13,9,8,-12,-2,None
0,-1,0,-3,-4,0,-1,-3,0,1,13,9,8,-12,-2,None
0,1,0,-2,-4,-1,-1,-1,-1,1,13,9,8,-12,-2,None
0,-2,-2,-3,-2,0,-2,0,-1,1,13,9,8,-12,-2,None
0,-2,-2,-3,-2,0,-2,0,-1,1,13,9,8,-12,-2,None
0,-2,-2,-3,-2,0,-2,0,-1,1,13,9,7,-12,-2,None
0,-2,-1,0,-2,-2,-2,-1,-3,1,13,9,7,-12,-2,None
0,3,1,-3,0,4,-2,0,-1,1,13,9,7,-12,-2,None
0,-2,0,-2,-5,-1,-1,-1,-1,1,13,9,7,-12,-2,None
0,-1,1,-1,1,-1,0,-1,1,1,13,9,7,-12,-2,None
0,-1,1,-1,1,-1,0,-1,1,1,13,9,7,-12,-2,None
0,-1,1,-1,1,-1,0,-1,1,1,13,9,7,-12,-2,None
0,-1,0,-1,0,0,-3,-3,1,1,13,9,7,-12,-2,None
0,-3,-1,-3,-7,-1,0,-1,-4,1,13,9,7,-12,-2,None
0,0,-1,-2,12,-1,-1,-1,-1,1,13,9,7,-12,-2,None
0,-2,-3,-2,9,3,-2,-1,-3,1,13,9,7,-12,-2,None
0,-2,-3,-2,9,3,-2,-1,-3,1,13,9,7,-12,-2,None
0,-2,-3,-2,9,3,-2,-1,-3,1,13,9,8,-12,-2,None
0,-1,2,-3,-15,2,-2,-2,-2,1,13,9,8,-12,-2,None
0,-1,-1,-2,-9,-2,0,-2,-1,1,13,9,8,-12,-2,None
0,0,1,-3,-6,-2,0,0,0,1,13,9,8,-12,-2,None
0,-2,-1,-3,0,-1,-1,-1,-2,1,13,9,8,-12,-2,None
0,-2,-1,-3,0,-1,-1,-1,-2,1,13,9,8,-12,-2,None
0,-2,-1,-3,0,-1,-1,-1,-2,1,13,9,7,-12,-2,None
0,-1,-1,-1,5,-1,0,-1,-1,1,13,9,7,-12,-2,None
0,0,3,0,1,0,-2,-3,-1,1,13,9,7,-12,-2,None
0,-5,-3,-4,-3,-1,-3,-2,-5,1,13,9,7,-12,-2,None
0,0,1,-3,6,2,-1,-1,0,1,13,9,7,-12,-2,None
0,0,1,-3,6,2,-1,-1,0,1,13,9,7,-12,-2,None
0,0,1,-3,6,2,-1,-1,0,1,13,9,8,-12,-2,None
0,0,1,1,3,-1,-1,-1,-1,1,13,9,8,-12,-2,None
0,-2,-1,-6,-21,-3,-4,-2,-2,1,13,9,8,-12,-2,None
0,-2,-1,-1,3,4,0,-2,-2,1,13,9,8,-12,-2,None
0,-1,1,-1,-2,4,0,-3,-2,1,13,9,8,-12,-2,None
0,-1,1,-1,-2,4,0,-3,-2,1,13,9,8,-12,-2,None
0,-1,1,-1,-2,4,0,-3,-2,1,13,9,7,-12,-2,None
0,-1,1,-3,0,-2,-1,0,-1,1,13,9,7,-12,-2,None
0,-2,0,-1,6,-1,-1,0,-1,1,13,9,7,-12,-2,None
0,-1,1,-1,-6,-2,0,-2,1,1,13,9,7,-12,-2,None
0,0,-1,-2,-8,-3,-1,-1,-2,1,13,9,7,-12,-2,None
0,0,-1,-2,-8,-3,-1,-1,-2,1,13,9,7,-12,-2,None
0,0,-1,-2,-8,-3,-1,-1,-2,1,13,9,8,-12,-2,None
0,1,1,-1,2,2,0,-1,-2,1,13,9,8,-12,-2,None
0,-1,0,0,3,1,-1,-1,0,1,13,9,8,-12,-2,None
0,-2,-1,-1,0,0,0,-1,0,1,13,9,8,-12,-2,None
0,-1,2,0,-2,1,-1,-2,-1,1,13,9,8,-12,-2,None
0,-1,2,0,-2,1,-1,-2,-1,1,13,9,8,-12,-2,None
0,-1,2,0,-2,1,-1,-2,-1,1,13,9,7,-12,-2,None
0,0,-1,-4,-1,-1,-4,-4,-2,1,13,9,7,-12,-2,None
0,-2,2,0,16,4,3,1,0,1,13,9,7,-12,-2,None
0,0,0,-2,-3,10,0,-1,0,1,13,9,7,-12,-2,None
0,-2,0,-1,0,-5,-3,-3,-3,1,13,9,7,-12,-2,None
0,-2,0,-1,0,-5,-3,-3,-3,1,13,9,7,-12,-2,None
0,-2,0,-1,0,-5,-3,-3,-3,1,13,9,7,-12,-2,None
0,-2,1,-2,-3,0,-1,-2,1,1,13,9,7,-12,-2,None
0,-2,0,-2,-1,-2,-2,0,-3,1,13,9,7,-12,-2,None
0,0,1,-1,2,-1,-2,-1,-3,1,13,9,7,-12,-2,None
0,0,1,-1,-5,0,-2,-1,0,1,13,9,7,-12,-2,None
0,0,1,-1,-5,0,-2,-1,0,1,13,9,7,-12,-2,None
0,0,1,-1,-5,0,-2,-1,0,1,13,9,7,-12,-2,None
0,0,0,-2,-1,0,0,-1,-2,1,13,9,7,-12,-2,None
0,-1,-2,-4,4,4,2,0,-1,1,13,9,7,-12,-2,None
0,-1,1,-1,-2,-3,-2,-1,-1,1,13,9,7,-12,-2,None
0,-1,-1,-3,-6,0,-1,-2,-4,1,13,9,7,-12,-2,None
0,-1,-1,-3,-6,0,-1,-2,-4,1,13,9,7,-12,-2,None
0,-1,-1,-3,-6,0,-1,-2,-4,1,13,9,7,-12,-2,None
0,-1,-3,-1,0,1,-1,-1,-1,1,13,9,7,-12,-2,None
0,1,4,0,1,0,1,0,1,1,13,9,7,-12,-2,None
0,-1,0,-3,-4,-3,-1,-1,-4,1,13,9,7,-12,-2,None
0,-1,-1,-3,-6,-2,-1,-2,-3,1,13,9,7,-12,-2,None
0,-1,-1,-3,-6,-2,-1,-2,-3,1,13,9,7,-12,-2,None
0,-1,-1,-3,-6,-2,-1,-2,-3,1,13,9,8,-12,-2,None
0,-1,1,0,-1,1,-1,-1,-1,1,13,9,8,-12,-2,None
0,-2,-2,-1,-5,-1,-1,0,-1,1,13,9,8,-12,-2,None
0,-1,0,-3,0,-3,-2,-1,-1,1,13,9,8,-12,-2,None
0,-1,1,-1,0,2,0,0,-1,1,13,9,8,-12,-2,None
0,-1,1,-1,0,2,0,0,-1,1,13,9,8,-12,-2,None
0,-1,1,-1,0,2,0,0,-1,1,13,9,8,-12,-2,None
0,-2,0,-1,-3,-1,0,-2,-1,1,13,9,8,-12,-2,None
0,-2,-1,-1,0,2,-1,-4,-1,1,13,9,8,-12,-2,None
0,2,1,-2,0,-3,0,-1,0,1,13,9,8,-12,-2,None
0,-8,0,-2,-1,-2,-1,0,-5,1,13,9,8,-12,-2,None
0,-8,0,-2,-1,-2,-1,0,-5,1,13,9,8,-12,-2,None
0,-8,0,-2,-1,-2,-1,0,-5,1,13,9,8,-12,-2,None
0,-1,0,-3,6,7,-3,-3,0,1,13,9,8,-12,-2,None
0,-2,1,-4,-16,0,-1,-2,-1,1,13,9,8,-12,-2,None
0,0,0,-1,0,2,-1,-3,-2,1,13,9,8,-12,-2,None
0,1,1,-2,-3,-3,-1,-1,2,1,13,9,8,-12,-2,None
0,1,1,-2,-3,-3,-1,-1,2,1,12,9,8,-12,-2,None
0,1,1,-2,-3,-3,-1,-1,2,1,12,9,7,-12,-2,None
0,-1,1,-1,-3,-2,0,0,-2,1,12,9,7,-12,-2,None
0,-2,0,-1,5,1,-2,-2,-3,1,12,9,7,-12,-2,None
0,-3,1,-2,-4,-2,-1,-2,1,1,12,9,7,-12,-2,None
0,-1,-1,-2,-2,-1,-2,-2,0,1,12,9,7,-12,-2,None
0,-1,-1,-2,-2,-1,-2,-2,0,1,12,9,7,-12,-2,None
0,-1,-1,-2,-2,-1,-2,-2,0,1,12,9,8,-12,-2,None
0,-3,-4,-2,-2,1,2,0,-4,1,12,9,8,-12,-2,None
0,1,2,-3,1,2,-2,-2,-1,1,12,9,8,-12,-2,None
0,-2,1,1,3,3,0,0,-2,1,12,9,8,-12,-2,None
0,-1,0,-3,3,1,-2,-3,-2,1,12,9,8,-12,-2,None
0,-1,0,-3,3,1,-2,-3,-2,1,12,9,8,-12,-2,None
0,-1,0,-3,3,1,-2,-3,-2,1,12,9,7,-12,-2,None
0,-1,-2,-2,2,0,0,-1,-1,1,12,9,7,-12,-2,None
0,-1,0,-1,0,0,-2,-2,-2,1,12,9,7,-12,-2,None
0,0,-1,-1,1,1,-1,-1,-2,1,12,9,7,-12,-2,None
0,-1,1,-1,1,3,0,-1,-2,1,12,9,7,-12,-2,None
0,-1,1,-1,1,3,0,-1,-2,1,12,9,7,-12,-2,None
0,-1,1,-1,1,3,0,-1,-2,1,12,9,7,-12,-2,None
0,1,4,-1,-3,-1,-2,-2,-1,1,12,9,7,-12,-2,None
0,-2,-1,-4,3,0,-1,-3,-2,1,12,9,7,-12,-2,None
0,-1,0,-2,2,1,1,0,0,1,12,9,7,-12,-2,None
0,-1,0,-2,0,1,0,0,-7,1,12,9,7,-12,-2,None
0,-1,0,-2,0,1,0,0,-7,1,12,9,7,-12,-2,None
0,-1,0,-2,0,1,0,0,-7,1,12,9,8,-12,-2,None
0,-2,-1,-2,-1,-1,-1,-1,3,1,12,9,8,-12,-2,None
0,3,2,2,12,-4,0,-2,-1,1,12,9,8,-12,-2,None
0,-2,-3,-6,-15,1,-5,-4,-2,1,12,9,8,-12,-2,None
0,-1,0,-1,-2,3,0,-3,0,1,12,9,8,-12,-2,None
0,-1,0,-1,-2,3,0,-3,0,1,12,9,8,-12,-2,None
0,-1,0,-1,-2,3,0,-3,0,1,12,9,7,-12,-2,None
0,-1,1,-2,-1,-1,-1,0,-2,1,12,9,7,-12,-2,None
0,-2,-1,-2,-1,0,-2,-1,-2,1,12,9,7,-12,-2,None
0,-1,1,-1,0,-2,-1,0,-1,1,12,9,7,-12,-2,None
0,-1,1,-1,2,0,-1,-2,0,1,12,9,7,-12,-2,None
0,-1,1,-1,2,0,-1,-2,0,1,12,9,7,-12,-2,None
0,-1,1,-1,2,0,-1,-2,0,1,12,9,8,-12,-2,None
0,-1,2,-3,0,0,-2,-3,-3,1,12,9,8,-12,-2,None
0,-2,-1,-3,-3,2,0,-2,-2,1,12,9,8,-12,-2,None
0,-1,1,-2,3,-1,-2,-1,-1,1,12,9,8,-12,-2,None
0,-1,0,-2,-1,2,1,-1,-1,1,12,9,8,-12,-2,None
0,-1,0,-2,-1,2,1,-1,-1,1,12,9,8,-12,-2,None
0,-1,0,-2,-1,2,1,-1,-1,1,12,9,8,-12,-2,None
0,0,0,0,2,1,-1,1,-1,1,12,9,8,-12,-2,None
0,-3,-6,-1,-4,-3,-1,-1,-2,1,12,9,8,-12,-2,None
0,2,6,-2,-2,2,-1,-2,0,1,12,9,8,-12,-2,None
0,-2,0,-4,8,2,-2,-2,-4,1,12,9,8,-12,-2,None
0,-2,0,-4,8,2,-2,-2,-4,1,12,9,8,-12,-2,None
0,-2,0,-4,8,2,-2,-2,-4,1,12,9,7,-12,-2,None
0,-2,-1,-2,-1,0,-1,-2,-2,1,12,9,7,-12,-2,None
0,-1,2,0,-3,0,-2,-2,0,1,12,9,7,-12,-2,None
0,-1,-3,-1,0,2,-1,-2,-1,1,12,9,7,-12,-2,None
0,1,0,-1,-4,-2,0,0,1,1,12,9,7,-12,-2,None
0,1,0,-1,-4,-2,0,0,1,1,12,9,7,-12,-2,None
0,1,0,-1,-4,-2,0,0,1,1,12,9,7,-12,-2,None
0,0,1,-2,0,-1,1,-1,0,1,12,9,7,-12,-2,None
0,-1,0,-2,-2,1,-1,-2,-2,1,12,9,7,-12,-2,None
0,-2,-1,-1,-3,-2,-2,-2,-2,1,12,9,7,-12,-2,None
0,0,1,-1,-5,-2,-2,0,-2,1,12,9,7,-12,-2,None
0,0,1,-1,-5,-2,-2,0,-2,1,12,9,7,-12,-2,None
0,0,1,-1,-5,-2,-2,0,-2,1,12,9,7,-12,-2,None
0,-1,-1,-2,-2,0,-2,-3,-3,1,12,9,7,-12,-2,None
0,0,1,0,2,0,0,0,-1,1,12,9,7,-12,-2,None
0,-2,-2,-1,1,-1,-1,-2,0,1,12,9,7,-12,-2,None
0,-1,0,-2,-1,0,0,-1,0,1,12,9,7,-12,-2,None
0,-1,0,-2,-1,0,0,-1,0,1,12,9,7,-12,-2,None
0,-1,0,-2,-1,0,0,-1,0,1,12,9,7,-12,-2,None
0,-1,0,0,0,0,-1,-3,-1,1,12,9,7,-12,-2,None
0,-2,1,-3,-4,0,-2,-2,-2,1,12,9,7,-12,-2,None
0,0,2,-2,-2,1,0,0,-1,1,12,9,7,-12,-2,None
0,-2,1,-5,0,-2,-2,-2,2,1,12,9,7,-12,-2,None
0,-2,1,-5,0,-2,-2,-2,2,1,12,9,7,-12,-2,None
0,-2,1,-5,0,-2,-2,-2,2,1,12,9,8,-12,-2,None
0,-1,0,0,-1,4,1,-1,-5,1,12,9,8,-12,-2,None
0,-1,0,-3,-1,1,-1,-1,-2,1,12,9,8,-12,-2,None
0,-1,-1,0,-2,-1,-1,-2,-3,1,12,9,8,-12,-2,None
0,0,1,-2,-4,1,-1,-2,-1,1,12,9,8,-12,-2,None
0,0,1,-2,-4,1,-1,-2,-1,1,12,9,8,-12,-2,None
0,0,1,-2,-4,1,-1,-2,-1,1,12,9,7,-12,-2,None
0,-1,2,-3,-3,-1,-2,-1,0,1,12,9,7,-12,-2,None
0,0,0,-3,1,1,-3,-2,-2,1,12,9,7,-12,-2,None
0,-1,-1,-2,7,1,-1,-1,-1,1,12,9,7,-12,-2,None
0,-2,1,-1,-8,-2,-1,0,-1,1,12,9,7,-12,-2,None
0,-2,1,-1,-8,-2,-1,0,-1,1,12,9,7,-12,-2,None
0,-2,1,-1,-8,-2,-1,0,-1,1,12,9,8,-12,-2,None
0,-2,-1,-3,-8,-4,-1,0,-2,1,12,9,8,-12,-2,None
0,-1,-1,-2,3,6,1,-2,-1,1,12,9,8,-12,-2,None
0,-2,0,-2,2,4,-1,-4,-2,1,12,9,8,-12,-2,None
0,-1,0,-1,5,-1,0,-2,-2,1,12,9,8,-12,-2,None
0,-1,0,-1,5,-1,0,-2,-2,1,12,9,8,-12,-2,None
0,-1,0,-1,5,-1,0,-2,-2,1,12,9,7,-12,-2,None
0,0,0,-2,5,0,-1,-2,0,1,12,9,7,-12,-2,None
0,-2,0,-4,-5,-3,0,-1,-1,1,12,9,7,-12,-2,None
0,-1,0,-1,-1,-2,-2,0,-2,1,12,9,7,-12,-2,None
0,-2,2,-1,0,2,-2,-2,-2,1,12,9,7,-12,-2,None
0,-2,2,-1,0,2,-2,-2,-2,1,12,9,7,-12,-2,None
0,-2,2,-1,0,2,-2,-2,-2,1,12,9,7,-12,-2,None
0,-1,0,-3,-3,0,-1,-1,-1,1,12,9,7,-12,-2,None
