0,3,5,15,-24,-7,5,44,5,1,12,9,9,-17,-5,None
0,-2,-7,-91,-27,-11,-52,-70,-6,1,12,9,9,-17,-5,None
0,-2,-1,17,20,5,23,74,1,1,12,9,9,-17,-5,None
0,-2,-1,17,20,5,23,74,1,1,12,9,9,-17,-5,None
0,-2,-1,17,20,5,23,74,1,1,12,9,7,-17,-5,None
0,1,1,9,-2,0,11,-67,-1,1,12,9,7,-17,-5,None
0,-3,-1,-9,-4,1,34,65,0,1,12,9,7,-17,-5,None
0,3,8,51,43,2,22,7,4,1,12,9,7,-17,-5,None
0,-3,-2,3,-38,10,-63,-45,-8,1,12,9,7,-17,-5,None
0,-3,-2,3,-38,10,-63,-45,-8,0,12,9,7,-17,-5,None
0,-3,-2,3,-38,10,-63,-45,-8,0,12,9,4,-18,-4,None
0,-6,-4,-28,-1,-7,21,17,-6,0,12,9,4,-18,-4,None
0,-4,0,5,2,34,-8,-29,-3,0,12,9,4,-18,-4,None
0,-2,-3,2,-14,-37,48,24,-1,0,12,9,4,-18,-4,None
0,1,4,-5,10,1,-39,-45,0,0,12,9,4,-18,-4,None
0,1,4,-5,10,1,-39,-45,0,0,12,9,4,-18,-4,None
0,1,4,-5,10,1,-39,-45,0,0,12,9,0,-17,-4,None
0,2,6,14,4,5,37,59,2,0,12,9,0,-17,-4,None
0,1,0,-9,-15,2,-42,-48,-2,0,12,9,0,-17,-4,None
0,0,4,15,-22,14,35,49,3,0,12,9,0,-17,-4,None
0,-4,-6,-20,24,3,-27,-6,-1,0,12,9,0,-17,-4,None
0,-4,-6,-20,24,3,-27,-6,-1,0,12,9,0,-17,-4,None
0,-4,-6,-20,24,3,-27,-6,-1,0,12,9,-1,-16,-4,None
0,-2,0,-21,-12,-7,-18,-23,-8,0,12,9,-1,-16,-4,None
0,-3,0,0,16,9,2,-22,-4,0,12,9,-1,-16,-4,None
0,1,0,-11,-19,50,21,39,6,0,12,9,-1,-16,-4,None
0,2,5,15,7,2,8,6,4,0,12,9,-1,-16,-4,None
0,2,5,15,7,2,8,6,4,0,12,9,-1,-16,-4,None
0,2,5,15,7,2,8,6,4,0,12,9,-3,-17,-4,None
0,-4,0,4,56,-9,-30,-7,-5,0,12,9,-3,-17,-4,None
0,2,0,-19,-43,28,8,-6,2,0,12,9,-3,-17,-4,None
0,-5,-3,7,13,-87,-22,-14,-9,0,12,9,-3,-17,-4,None
0,1,2,10,3,102,26,-6,0,0,12,9,-3,-17,-4,None
0,1,2,10,3,102,26,-6,0,17,12,9,-3,-17,-4,None
0,1,2,10,3,102,26,-6,0,17,12,9,-4,-16,-4,None
0,1,1,-15,-11,-98,-13,-5,-2,17,12,9,-4,-16,-4,None
0,-5,1,12,8,-12,-5,-17,-8,17,12,9,-4,-16,-4,None
0,1,0,-22,-12,16,-13,15,9,17,12,9,-4,-16,-4,None
0,-1,0,-1,33,15,29,6,-4,17,12,9,-4,-16,-4,None
0,-1,0,-1,33,15,29,6,-4,17,12,9,-4,-16,-4,None
0,-1,0,-1,33,15,29,6,-4,17,12,9,-4,-15,-3,None
0,1,-4,-23,13,23,29,10,7,17,12,9,-4,-15,-3,None
0,1,0,-1,-16,-77,-4,4,-1,17,12,9,-4,-15,-3,None
0,-2,0,10,9,53,-4,-9,-9,17,12,9,-4,-15,-3,None
0,-1,1,-6,-22,-48,7,-12,-3,17,12,9,-4,-15,-3,None
0,-1,1,-6,-22,-48,7,-12,-3,17,12,9,-4,-15,-3,None
0,-1,1,-6,-22,-48,7,-12,-3,17,12,9,-5,-13,-3,None
0,-4,-2,1,-2,127,-9,-6,-7,17,12,9,-5,-13,-3,None
0,1,-1,0,19,-76,-12,5,0,17,12,9,-5,-13,-3,None
0,-2,1,2,-15,-54,-11,-11,-6,17,12,9,-5,-13,-3,None
0,1,3,5,-24,64,32,4,6,17,12,9,-5,-13,-3,None
0,1,3,5,-24,64,32,4,6,17,12,9,-5,-13,-3,None
0,1,3,5,-24,64,32,4,6,17,12,9,-6,-12,-3,None
0,-3,-2,-3,51,87,-12,-3,-1,17,12,9,-6,-12,-3,None
0,-2,-2,-7,-51,78,-16,1,-8,17,12,9,-6,-12,-3,None
0,-3,-2,-16,41,-26,9,-1,3,17,12,9,-6,-12,-3,None
0,0,2,2,-47,111,5,-8,-12,17,12,9,-6,-12,-3,None
0,0,2,2,-47,111,5,-8,-12,16,12,9,-6,-12,-3,None
0,0,2,2,-47,111,5,-8,-12,16,12,9,-7,-12,-3,None
0,-5,4,-3,11,-117,-11,-3,11,16,12,9,-7,-12,-3,None
0,-1,1,-7,-8,121,-4,2,5,16,12,9,-7,-12,-3,None
0,3,0,0,-29,-14,20,3,-5,16,12,9,-7,-12,-3,None
0,-7,-2,-3,40,45,-7,-8,-5,16,12,9,-7,-12,-3,None
0,-7,-2,-3,40,45,-7,-8,-5,16,13,9,-7,-12,-3,None
0,-7,-2,-3,40,45,-7,-8,-5,16,13,9,-7,-12,-3,None
0,3,-1,-6,12,96,-1,-12,4,16,13,9,-7,-12,-3,None
0,0,2,-6,-42,34,-7,8,-3,16,13,9,-7,-12,-3,None
0,6,5,2,-25,58,13,30,47,16,13,9,-7,-12,-3,None
0,-5,1,-3,-9,-82,-7,-5,-28,16,13,9,-7,-12,-3,None
0,-5,1,-3,-9,-82,-7,-5,-28,16,13,9,-7,-12,-3,None
0,-5,1,-3,-9,-82,-7,-5,-28,16,13,9,-7,-11,-4,None
0,3,6,6,-1,-1,-15,-20,-2,16,13,9,-7,-11,-4,None
0,-10,-5,-14,-20,100,19,-9,-34,16,13,9,-7,-11,-4,None
0,6,4,12,19,18,-6,17,15,16,13,9,-7,-11,-4,None
0,2,5,-2,61,-48,-6,6,13,16,13,9,-7,-11,-4,None
0,2,5,-2,61,-48,-6,6,13,16,13,8,-7,-11,-4,None
0,2,5,-2,61,-48,-6,6,13,16,13,8,-7,-12,-3,None
0,0,-4,-11,-116,99,-3,5,-3,16,13,8,-7,-12,-3,None
0,-7,-5,0,110,15,-4,-17,-7,16,13,8,-7,-12,-3,None
0,-8,0,21,11,-82,-8,-20,-24,16,13,8,-7,-12,-3,None
0,3,4,-12,-66,-38,-5,6,12,16,13,8,-7,-12,-3,None
0,3,4,-12,-66,-38,-5,6,12,16,13,8,-7,-12,-3,None
0,3,4,-12,-66,-38,-5,6,12,16,13,8,-7,-12,-3,None
0,2,6,19,102,104,2,-6,-4,16,13,8,-7,-12,-3,None
0,4,-3,-24,-80,-81,-3,9,4,16,13,8,-7,-12,-3,None
0,-8,-7,1,63,93,-6,-13,-14,16,13,8,-7,-12,-3,None
0,4,2,6,66,-102,-5,2,4,16,13,8,-7,-12,-3,None
0,4,2,6,66,-102,-5,2,4,15,13,8,-7,-12,-3,None
0,4,2,6,66,-102,-5,2,4,15,13,8,-7,-11,-2,None
0,-5,-2,-10,-55,-110,-5,-12,-34,15,13,8,-7,-11,-2,None
0,-4,2,11,60,57,-13,-3,14,15,13,8,-7,-11,-2,None
0,-2,4,-19,-77,-24,-3,-1,7,15,13,8,-7,-11,-2,None
0,1,-3,-2,36,118,6,-4,9,15,13,8,-7,-11,-2,None
0,1,-3,-2,36,118,6,-4,9,15,13,8,-7,-11,-2,None
0,1,-3,-2,36,118,6,-4,9,15,13,8,-5,-9,-2,None
0,-11,9,-12,-56,-106,0,21,5,15,13,8,-5,-9,-2,None
0,-2,-9,10,74,-128,-12,-18,-4,15,13,8,-5,-9,-2,None
0,-4,-4,-5,3,85,4,-6,-10,15,13,8,-5,-9,-2,None
0,-1,-1,0,-27,-56,-1,-6,7,15,13,8,-5,-9,-2,None
0,-1,-1,0,-27,-56,-1,-6,7,15,13,8,-5,-9,-2,None
0,-1,-1,0,-27,-56,-1,-6,7,15,13,8,-6,-9,-2,None
0,4,1,-12,18,20,-6,0,1,15,13,8,-6,-9,-2,None
0,4,8,5,50,89,0,-4,-12,15,13,8,-6,-9,-2,None
0,-4,-2,-27,-53,-37,-3,11,5,15,13,8,-6,-9,-2,None
0,-3,-1,-9,22,-27,5,-5,25,15,13,8,-6,-9,-2,None
0,-3,-1,-9,22,-27,5,-5,25,15,13,8,-6,-9,-2,None
0,-3,-1,-9,22,-27,5,-5,25,15,13,8,-5,-9,-1,None
0,0,-5,6,-70,54,-2,6,-8,15,13,8,-5,-9,-1,None
0,-4,3,4,46,-49,-8,14,15,15,13,8,-5,-9,-1,None
0,-3,-1,14,-3,15,-4,-34,-28,15,13,8,-5,-9,-1,None
0,2,4,8,14,3,5,38,29,15,13,8,-5,-9,-1,None
0,2,4,8,14,3,5,38,29,15,13,8,-5,-9,-1,None
0,2,4,8,14,3,5,38,29,15,13,8,-5,-8,0,None
0,-2,-2,-6,-15,-27,-5,-14,-9,15,13,8,-5,-8,0,None
0,7,5,8,-5,-61,7,44,25,15,13,8,-5,-8,0,None
0,-6,0,1,-17,5,-1,-20,-11,15,13,8,-5,-8,0,None
0,-5,-1,-4,-26,13,-6,-5,-15,15,13,8,-5,-8,0,None
0,-5,-1,-4,-26,13,-6,-5,-15,15,12,8,-5,-8,0,None
0,-5,-1,-4,-26,13,-6,-5,-15,15,12,8,-6,-8,0,None
0,-1,-2,4,17,8,11,1,5,15,12,8,-6,-8,0,None
0,1,1,-6,-34,10,7,4,0,15,12,8,-6,-8,0,None
0,-1,4,1,-17,-13,-13,-6,-12,15,12,8,-6,-8,0,None
0,0,-1,-7,-34,0,6,-7,-8,15,12,8,-6,-8,0,None
0,0,-1,-7,-34,0,6,-7,-8,15,12,8,-6,-8,0,None
0,0,-1,-7,-34,0,6,-7,-8,15,12,8,-6,-9,0,None
0,0,-1,1,29,-1,-1,5,0,15,12,8,-6,-9,0,None
0,-2,1,-1,4,4,-1,-9,-4,15,12,8,-6,-9,0,None
0,3,2,4,14,57,5,7,9,15,12,8,-6,-9,0,None
0,-8,-4,0,31,3,-14,-19,-29,15,12,8,-6,-9,0,None
0,-8,-4,0,31,3,-14,-19,-29,15,12,8,-6,-9,0,None
0,-8,-4,0,31,3,-14,-19,-29,15,12,8,-7,-8,1,None
0,2,1,0,-13,-30,6,8,17,15,12,8,-7,-8,1,None
0,-4,0,3,13,25,-7,-5,-8,15,12,8,-7,-8,1,None
0,6,6,0,38,-5,-3,-4,11,15,12,8,-7,-8,1,None
0,-2,-12,1,-26,-6,-1,1,-6,15,12,8,-7,-8,1,None
0,-2,-12,1,-26,-6,-1,1,-6,15,12,8,-7,-8,1,None
0,-2,-12,1,-26,-6,-1,1,-6,15,12,8,-7,-7,1,None
0,0,3,0,22,-9,-14,0,-2,15,12,8,-7,-7,1,None
0,-1,2,-6,-48,-1,6,-4,-6,15,12,8,-7,-7,1,None
0,1,-1,0,19,-2,7,2,8,15,12,8,-7,-7,1,None
0,0,2,0,3,26,0,-6,-19,15,12,8,-7,-7,1,None
0,0,2,0,3,26,0,-6,-19,15,12,8,-7,-7,1,None
0,0,2,0,3,26,0,-6,-19,15,12,8,-8,-10,1,None
0,0,0,-11,-29,-32,-12,-4,1,15,12,8,-8,-10,1,None
0,0,3,0,-36,-11,-21,-3,-1,15,12,8,-8,-10,1,None
0,-5,-4,-13,40,35,16,2,-8,15,12,8,-8,-10,1,None
0,0,5,2,-37,-11,-9,-8,0,15,12,8,-8,-10,1,None
0,0,5,2,-37,-11,-9,-8,0,15,12,8,-8,-10,1,None
0,0,5,2,-37,-11,-9,-8,0,15,12,8,-10,-10,1,None
0,-2,1,3,50,-10,20,0,-6,15,12,8,-10,-10,1,None
0,2,1,-8,-25,-66,-7,0,2,15,12,8,-10,-10,1,None
0,-3,-2,-1,-24,-14,-11,0,-3,15,12,8,-10,-10,1,None
0,-1,3,0,7,-30,-17,-3,-4,15,12,8,-10,-10,1,None
0,-1,3,0,7,-30,-17,-3,-4,15,12,8,-10,-10,1,None
0,-1,3,0,7,-30,-17,-3,-4,15,12,8,-11,-9,1,None
0,-2,-3,-9,13,59,3,-1,-2,15,12,8,-11,-9,1,None
0,-4,-1,11,13,14,-3,-5,0,15,12,8,-11,-9,1,None
0,0,6,7,-25,-42,7,2,-1,15,12,8,-11,-9,1,None
0,-2,-3,-13,29,-2,6,-3,-4,15,12,8,-11,-9,1,None
0,-2,-3,-13,29,-2,6,-3,-4,15,12,8,-11,-9,1,None
0,-2,-3,-13,29,-2,6,-3,-4,15,12,8,-11,-9,1,None
0,-2,0,-1,-7,2,-12,-3,-1,15,12,8,-11,-9,1,None
0,2,2,-2,-13,-10,8,2,3,15,12,8,-11,-9,1,None
0,-3,0,4,-14,15,-9,-4,-7,15,12,8,-11,-9,1,None
0,0,2,-4,1,2,6,-1,-2,15,12,8,-11,-9,1,None
0,0,2,-4,1,2,6,-1,-2,15,12,8,-11,-9,1,None
0,0,2,-4,1,2,6,-1,-2,15,12,8,-11,-9,1,None
0,-1,-1,0,40,-99,-2,0,0,15,12,8,-11,-9,1,None
0,-4,-3,-5,18,62,-2,-5,-5,15,12,8,-11,-9,1,None
0,-3,-4,-3,0,21,5,-2,-7,15,12,8,-11,-9,1,None
0,0,2,0,-13,-13,-3,-5,0,15,12,8,-11,-9,1,None
0,0,2,0,-13,-13,-3,-5,0,15,12,8,-11,-9,1,None
0,0,2,0,-13,-13,-3,-5,0,15,12,8,-11,-9,1,None
0,1,3,2,-25,2,3,2,2,15,12,8,-11,-9,1,None
0,-2,-4,-14,-1,-9,-2,-5,-3,15,12,8,-11,-9,1,None
0,1,1,3,33,-25,-6,-2,-3,15,12,8,-11,-9,1,None
0,-2,-1,-11,22,35,-6,-4,-3,15,12,8,-11,-9,1,None
0,-2,-1,-11,22,35,-6,-4,-3,15,13,8,-11,-9,1,None
0,-2,-1,-11,22,35,-6,-4,-3,15,13,8,-11,-8,1,None
0,1,1,4,-5,29,10,1,-2,15,13,8,-11,-8,1,None
0,2,3,2,18,-35,-3,-3,0,15,13,8,-11,-8,1,None
0,-4,-2,-3,-38,74,-7,-5,-5,15,13,8,-11,-8,1,None
0,-2,0,-11,-47,-23,-4,-3,-1,15,13,8,-11,-8,1,None
0,-2,0,-11,-47,-23,-4,-3,-1,15,13,8,-11,-8,1,None
0,-2,0,-11,-47,-23,-4,-3,-1,15,13,8,-11,-8,1,None
0,-4,-3,2,7,-44,1,-2,-3,15,13,8,-11,-8,1,None
0,0,0,-12,-33,37,5,0,0,15,13,8,-11,-8,1,None
0,-2,-1,-3,4,-11,0,0,-1,15,13,8,-11,-8,1,None
0,-2,1,5,-27,9,-2,-2,-2,15,13,8,-11,-8,1,None
0,-2,1,5,-27,9,-2,-2,-2,15,13,8,-11,-8,1,None
0,-2,1,5,-27,9,-2,-2,-2,15,13,8,-10,-7,0,None
0,-3,-1,-8,19,6,-9,-4,-2,15,13,8,-10,-7,0,None
0,-2,2,1,-14,-7,-3,-2,-2,15,13,8,-10,-7,0,None
0,-1,0,-14,-5,-34,-5,-2,-5,15,13,8,-10,-7,0,None
0,-1,-2,-5,12,23,7,-1,-2,15,13,8,-10,-7,0,None
0,-1,-2,-5,12,23,7,-1,-2,15,13,8,-10,-7,0,None
0,-1,-2,-5,12,23,7,-1,-2,15,13,8,-10,-8,0,None
0,-3,-1,-1,6,71,-4,-1,0,15,13,8,-10,-8,0,None
0,0,3,6,27,-25,6,1,1,15,13,8,-10,-8,0,None
0,-1,-1,-1,-28,-25,3,-3,-2,15,13,8,-10,-8,0,None
0,0,0,1,53,47,-1,-2,-1,15,13,8,-10,-8,0,None
0,0,0,1,53,47,-1,-2,-1,15,13,8,-10,-8,0,None
0,0,0,1,53,47,-1,-2,-1,15,13,8,-9,-8,0,None
0,-2,1,0,-3,-74,-6,-2,-3,15,13,8,-9,-8,0,None
0,1,0,-3,-31,9,7,4,3,15,13,8,-9,-8,0,None
0,-1,3,2,8,-11,-2,2,2,15,13,8,-9,-8,0,None
0,-2,0,-2,0,19,-2,-4,-4,15,13,8,-9,-8,0,None
0,-2,0,-2,0,19,-2,-4,-4,15,13,9,-9,-8,0,None
0,-2,0,-2,0,19,-2,-4,-4,15,13,9,-9,-8,-1,None
0,-1,0,0,1,4,2,-2,0,15,13,9,-9,-8,-1,None
0,-2,1,1,22,1,-4,-1,-2,15,13,9,-9,-8,-1,None
0,1,3,1,-4,56,4,1,2,15,13,9,-9,-8,-1,None
0,1,4,10,53,-115,1,1,0,15,13,9,-9,-8,-1,None
0,1,4,10,53,-115,1,1,0,15,13,9,-9,-8,-1,None
0,1,4,10,53,-115,1,1,0,15,13,9,-8,-9,-2,None
0,-2,-2,-9,-34,75,-7,1,0,15,13,9,-8,-9,-2,None
0,-1,2,8,1,0,9,-1,0,15,13,9,-8,-9,-2,None
0,2,-1,-7,-23,52,3,-2,0,15,13,9,-8,-9,-2,None
0,1,3,-13,-24,-92,-4,0,0,15,13,9,-8,-9,-2,None
0,1,3,-13,-24,-92,-4,0,0,16,13,9,-8,-9,-2,None
0,1,3,-13,-24,-92,-4,0,0,16,13,9,-8,-9,-3,None
0,-1,0,6,28,32,-7,-5,-5,16,13,9,-8,-9,-3,None
0,-2,-1,-3,-3,8,-4,-4,-4,16,13,9,-8,-9,-3,None
0,1,-1,1,7,-20,6,5,6,16,13,9,-8,-9,-3,None
0,-3,0,9,9,43,5,-1,-5,16,13,9,-8,-9,-3,None
0,-3,0,9,9,43,5,-1,-5,16,12,9,-8,-9,-3,None
0,-3,0,9,9,43,5,-1,-5,16,12,9,-7,-9,-3,None
0,-1,-1,-13,-6,-16,3,-1,-1,16,12,9,-7,-9,-3,None
0,-1,1,-7,29,23,-14,-7,-3,16,12,9,-7,-9,-3,None
0,-3,0,1,31,26,-1,-4,-3,16,12,9,-7,-9,-3,None
0,0,-1,-6,-21,23,-5,-1,2,16,12,9,-7,-9,-3,None
0,0,-1,-6,-21,23,-5,-1,2,16,12,9,-7,-9,-3,None
0,0,-1,-6,-21,23,-5,-1,2,16,12,9,-6,-10,-4,None
0,-3,-5,-1,48,26,0,-6,-28,16,12,9,-6,-10,-4,None
0,-2,0,-5,-31,-2,0,1,14,16,12,9,-6,-10,-4,None
0,-3,1,2,17,-12,9,4,-2,16,12,9,-6,-10,-4,None
0,-3,2,11,-48,12,-3,-2,-1,16,12,9,-6,-10,-4,None
0,-3,2,11,-48,12,-3,-2,-1,16,12,9,-6,-10,-4,None
0,-3,2,11,-48,12,-3,-2,-1,16,12,9,-5,-11,-4,None
0,1,2,-6,3,-6,-2,-8,-5,16,12,9,-5,-11,-4,None
0,-1,1,7,-28,-15,-6,-5,-20,16,12,9,-5,-11,-4,None
0,-5,-3,-9,10,-54,-10,-26,-16,16,12,9,-5,-11,-4,None
0,8,2,-5,9,32,23,91,38,16,12,9,-5,-11,-4,None
0,8,2,-5,9,32,23,91,38,16,12,9,-5,-11,-4,None
0,8,2,-5,9,32,23,91,38,16,12,9,-4,-12,-5,None
0,0,2,13,-16,-20,-2,-5,-1,16,12,9,-4,-12,-5,None
0,-1,1,-2,-16,-1,4,1,7,16,12,9,-4,-12,-5,None
0,0,3,5,-8,-22,-12,-17,-2,16,12,9,-4,-12,-5,None
0,-4,-4,-12,-3,-2,-3,-30,-22,16,12,9,-4,-12,-5,None
0,-4,-4,-12,-3,-2,-3,-30,-22,17,12,9,-4,-12,-5,None
0,-4,-4,-12,-3,-2,-3,-30,-22,17,12,9,-3,-13,-5,None
0,-3,0,-5,-43,2,-2,2,4,17,12,9,-3,-13,-5,None
0,2,-1,-7,12,28,6,0,18,17,12,9,-3,-13,-5,None
0,3,5,1,4,22,1,9,29,17,12,9,-3,-13,-5,None
0,-8,-2,-1,-3,-2,-7,-17,-22,17,12,9,-3,-13,-5,None
0,-8,-2,-1,-3,-2,-7,-17,-22,17,12,9,-3,-13,-5,None
0,-8,-2,-1,-3,-2,-7,-17,-22,17,12,9,-3,-13,-6,None
0,3,4,8,-22,-48,-3,11,15,17,12,9,-3,-13,-6,None
0,-1,-1,-7,36,39,-6,-29,-8,17,12,9,-3,-13,-6,None
0,-8,-3,-3,-1,-11,2,2,-29,17,12,9,-3,-13,-6,None
0,0,1,-1,21,-3,-1,9,20,17,12,9,-3,-13,-6,None
0,0,1,-1,21,-3,-1,9,20,17,12,9,-3,-13,-6,None
0,0,1,-1,21,-3,-1,9,20,17,12,9,-3,-14,-6,None
0,-5,-4,-6,3,-4,-10,-19,-14,17,12,9,-3,-14,-6,None
0,-4,-1,6,4,-3,4,-2,11,17,12,9,-3,-14,-6,None
0,-2,3,10,-5,-25,-5,8,-27,17,12,9,-3,-14,-6,None
0,4,4,-9,6,-39,5,4,17,17,12,9,-3,-14,-6,None
0,4,4,-9,6,-39,5,4,17,17,12,9,-3,-14,-6,None
0,4,4,-9,6,-39,5,4,17,17,12,9,-1,-15,-7,None
0,-2,-3,-16,15,53,-7,9,6,17,12,9,-1,-15,-7,None
0,-1,-1,-8,-48,-43,-8,-5,-12,17,12,9,-1,-15,-7,None
0,0,-1,-3,19,22,5,-3,5,17,12,9,-1,-15,-7,None
0,-5,-1,0,-3,1,-6,-21,-11,17,12,9,-1,-15,-7,None
0,-5,-1,0,-3,1,-6,-21,-11,17,12,10,-1,-15,-7,None
0,-5,-1,0,-3,1,-6,-21,-11,17,12,10,1,-15,-9,None
0,4,4,0,-37,17,5,6,1,17,12,10,1,-15,-9,None
0,-4,-4,-7,-2,-22,-2,4,-5,17,12,10,1,-15,-9,None
0,1,0,0,8,-1,0,-6,39,17,12,10,1,-15,-9,None
0,-2,-1,-2,-43,26,-2,0,-17,17,12,10,1,-15,-9,None
0,-2,-1,-2,-43,26,-2,0,-17,17,12,10,1,-15,-9,None
0,-2,-1,-2,-43,26,-2,0,-17,17,12,10,1,-14,-10,None
0,1,2,-6,5,-8,4,-5,10,17,12,10,1,-14,-10,None
0,3,7,0,-30,-49,-1,5,-5,17,12,10,1,-14,-10,None
0,-5,-7,-13,9,63,-4,-4,-18,17,12,10,1,-14,-10,None
0,1,2,-2,37,26,-9,-14,23,17,12,10,1,-14,-10,None
0,1,2,-2,37,26,-9,-14,23,0,12,10,1,-14,-10,None
0,1,2,-2,37,26,-9,-14,23,0,12,10,1,-15,-10,None
0,-1,-2,-3,-3,-13,13,16,-1,0,12,10,1,-15,-10,None
0,1,3,-1,9,-9,-4,7,-5,0,12,10,1,-15,-10,None
0,0,-1,-11,2,25,2,2,-6,0,12,10,1,-15,-10,None
0,-1,2,4,-1,-14,-7,-13,-6,0,12,10,1,-15,-10,None
0,-1,2,4,-1,-14,-7,-13,-6,0,12,10,1,-15,-10,None
0,-1,2,4,-1,-14,-7,-13,-6,0,12,10,0,-16,-9,None
0,-6,-5,-15,-19,-4,-9,-11,-9,0,12,10,0,-16,-9,None
0,-1,-1,1,21,39,7,8,3,0,12,10,0,-16,-9,None
0,1,-2,-6,-22,-14,1,2,4,0,12,10,0,-16,-9,None
0,0,-2,-7,2,41,-2,-3,-10,0,12,10,0,-16,-9,None
0,0,-2,-7,2,41,-2,-3,-10,0,12,10,0,-16,-9,None
0,0,-2,-7,2,41,-2,-3,-10,0,12,10,0,-16,-8,None
0,2,6,9,-102,-60,0,2,8,0,12,10,0,-16,-8,None
0,-8,-2,-4,4,27,-5,-5,-10,0,12,10,0,-16,-8,None
0,5,3,-3,-71,-54,-4,-1,-1,0,12,10,0,-16,-8,None
0,-4,1,7,-46,-59,3,-4,-7,0,12,10,0,-16,-8,None
0,-4,1,7,-46,-59,3,-4,-7,0,12,10,0,-16,-8,None
0,-4,1,7,-46,-59,3,-4,-7,0,12,10,0,-15,-8,None
0,-3,-3,-1,-10,69,2,-5,-4,0,12,10,0,-15,-8,None
0,-2,0,2,-41,82,-1,-2,-1,0,12,10,0,-15,-8,None
0,0,3,0,8,-47,-7,2,-2,0,12,10,0,-15,-8,None
0,-3,-1,-4,-30,9,-3,-3,-6,0,12,10,0,-15,-8,None
0,-3,-1,-4,-30,9,-3,-3,-6,0,12,10,0,-15,-8,None
0,-3,-1,-4,-30,9,-3,-3,-6,0,12,10,0,-16,-7,None
0,0,1,-3,5,-31,-3,-3,-1,0,12,10,0,-16,-7,None
0,-2,-3,-3,0,-9,8,1,-6,0,12,10,0,-16,-7,None
0,-2,2,3,55,44,-3,1,1,0,12,10,0,-16,-7,None
0,-3,-2,3,-29,9,-1,-6,-7,0,12,10,0,-16,-7,None
0,-3,-2,3,-29,9,-1,-6,-7,0,12,10,0,-16,-7,None
0,-3,-2,3,-29,9,-1,-6,-7,0,12,10,0,-16,-7,None
0,-1,0,1,70,29,0,-5,-7,0,12,10,0,-16,-7,None
0,1,1,-6,5,-29,-3,4,3,0,12,10,0,-16,-7,None
0,-3,-1,-2,8,20,4,-1,-3,0,12,10,0,-16,-7,None
0,-3,-1,-9,13,-19,-1,-6,-4,0,12,10,0,-16,-7,None
0,-3,-1,-9,13,-19,-1,-6,-4,0,12,10,0,-16,-7,None
0,-3,-1,-9,13,-19,-1,-6,-4,0,12,10,0,-15,-7,None
0,-1,1,5,28,-17,-2,1,-1,0,12,10,0,-15,-7,None
0,-1,-1,-5,22,-10,-3,-1,-1,0,12,10,0,-15,-7,None
0,-1,2,3,2,14,2,0,0,0,12,10,0,-15,-7,None
0,0,2,6,25,-5,0,-3,-4,0,12,10,0,-15,-7,None
0,0,2,6,25,-5,0,-3,-4,0,12,10,0,-15,-7,None
0,0,2,6,25,-5,0,-3,-4,0,12,10,0,-14,-7,None
0,-4,-1,-1,54,-18,-3,-5,-1,0,12,10,0,-14,-7,None
0,0,0,-4,-1,19,-2,-4,0,0,12,10,0,-14,-7,None
0,-6,-1,-3,15,-8,-2,0,-4,0,12,10,0,-14,-7,None
0,0,1,0,22,9,-4,-1,-4,0,12,10,0,-14,-7,None
0,0,1,0,22,9,-4,-1,-4,0,12,10,0,-14,-7,None
0,0,1,0,22,9,-4,-1,-4,0,12,10,0,-13,-7,None
0,-2,1,0,13,9,4,3,0,0,12,10,0,-13,-7,None
0,1,2,-1,18,-12,-1,0,7,0,12,10,0,-13,-7,None
0,0,2,0,-3,-14,-8,-8,-2,0,12,10,0,-13,-7,None
0,-5,-2,-5,15,10,2,-13,-9,0,12,10,0,-13,-7,None
0,-5,-2,-5,15,10,2,-13,-9,0,12,10,0,-13,-7,None
0,-5,-2,-5,15,10,2,-13,-9,0,12,10,1,-13,-7,None
0,0,2,0,11,-6,0,14,-1,0,12,10,1,-13,-7,None
0,-4,0,0,12,4,-3,-12,-8,0,12,10,1,-13,-7,None
0,-1,1,-2,-1,-23,-2,-4,-10,0,12,10,1,-13,-7,None
0,-2,-10,-2,9,9,-2,15,22,0,12,10,1,-13,-7,None
0,-2,-10,-2,9,9,-2,15,22,0,12,10,1,-13,-7,None
0,-2,-10,-2,9,9,-2,15,22,0,12,10,1,-12,-7,None
0,3,5,1,-2,2,1,-9,7,0,12,10,1,-12,-7,None
0,-1,0,-2,6,-6,1,-5,-12,0,12,10,1,-12,-7,None
0,-1,13,-1,-12,-1,-1,1,2,0,12,10,1,-12,-7,None
0,-3,-11,-3,-3,6,-11,-18,-42,0,12,10,1,-12,-7,None
0,-3,-11,-3,-3,6,-11,-18,-42,0,12,10,1,-12,-7,None
0,-3,-11,-3,-3,6,-11,-18,-42,0,12,10,2,-12,-6,None
0,-1,10,0,0,-1,6,11,14,0,12,10,2,-12,-6,None
0,-3,-14,-3,0,-6,-2,0,8,0,12,10,2,-12,-6,None
0,-5,2,0,-3,-8,-7,-14,-13,0,12,10,2,-12,-6,None
0,-11,4,-1,3,11,5,-13,9,0,12,10,2,-12,-6,None
0,-11,4,-1,3,11,5,-13,9,0,12,10,2,-12,-6,None
0,-11,4,-1,3,11,5,-13,9,0,12,10,3,-12,-6,None
0,-10,8,1,9,-3,1,20,-14,0,12,10,3,-12,-6,None
0,35,3,-2,16,-1,3,-4,17,0,12,10,3,-12,-6,None
0,14,1,-3,42,1,2,32,9,0,12,10,3,-12,-6,None
0,0,-6,4,98,-3,-7,-5,-1,0,12,10,3,-12,-6,None
0,0,-6,4,98,-3,-7,-5,-1,0,12,10,3,-12,-6,None
0,0,-6,4,98,-3,-7,-5,-1,0,12,10,3,-12,-5,None
0,1,18,-1,125,-1,-3,0,53,0,12,10,3,-12,-5,None
0,-17,-29,5,127,-7,-3,-34,-81,0,12,10,3,-12,-5,None
0,-1,-20,-12,113,3,3,48,78,0,12,10,3,-12,-5,None
0,2,1,-7,11,-2,2,5,-48,0,12,10,3,-12,-5,None
0,2,1,-7,11,-2,2,5,-48,17,12,10,3,-12,-5,None
0,2,1,-7,11,-2,2,5,-48,17,12,10,4,-12,-5,None
0,3,-8,0,-62,-6,-8,-17,31,17,12,10,4,-12,-5,None
0,-12,59,11,-128,5,-1,-1,-17,17,12,10,4,-12,-5,None
0,1,-9,-2,-128,-1,1,-27,-4,17,12,10,4,-12,-5,None
0,-29,-28,-12,-113,-2,-2,-1,-32,17,12,10,4,-12,-5,None
0,-29,-28,-12,-113,-2,-2,-1,-32,17,12,10,4,-12,-5,None
0,-29,-28,-12,-113,-2,-2,-1,-32,17,12,10,3,-12,-5,None
0,13,-6,-15,-121,1,0,-12,-20,17,12,10,3,-12,-5,None
0,-5,0,-4,-91,-3,-4,6,15,17,12,10,3,-12,-5,None
0,-4,8,11,-63,-1,-5,-12,-26,17,12,10,3,-12,-5,None
0,8,18,5,-33,1,0,7,47,17,12,10,3,-12,-5,None
0,8,18,5,-33,1,0,7,47,17,12,10,3,-12,-5,None
0,8,18,5,-33,1,0,7,47,17,12,10,2,-13,-6,None
0,-2,-19,6,-20,2,-3,-9,-33,17,12,10,2,-13,-6,None
0,-3,9,-3,2,0,1,13,11,17,12,10,2,-13,-6,None
0,2,-1,-2,9,-2,2,0,2,17,12,10,2,-13,-6,None
0,8,7,2,14,2,-3,-1,1,17,12,10,2,-13,-6,None
0,8,7,2,14,2,-3,-1,1,17,12,10,2,-13,-6,None
0,8,7,2,14,2,-3,-1,1,17,12,10,0,-14,-6,None
0,-4,-7,-5,18,0,1,-8,6,17,12,10,0,-14,-6,None
0,-1,-10,-8,22,1,2,15,6,17,12,10,0,-14,-6,None
0,-11,-1,-5,10,-1,-3,-18,-16,17,12,10,0,-14,-6,None
0,5,10,2,6,1,-3,-2,4,17,12,10,0,-14,-6,None
0,5,10,2,6,1,-3,-2,4,17,12,10,0,-14,-6,None
0,5,10,2,6,1,-3,-2,4,17,12,10,0,-14,-5,None
0,-1,-1,-1,15,2,0,3,-11,17,12,10,0,-14,-5,None
0,-1,-5,-1,10,-2,0,7,27,17,12,10,0,-14,-5,None
0,0,2,6,3,-1,-1,-15,1,17,12,10,0,-14,-5,None
0,0,25,6,4,1,-3,-3,-30,17,12,10,0,-14,-5,None
0,0,25,6,4,1,-3,-3,-30,17,12,10,0,-14,-5,None
0,0,25,6,4,1,-3,-3,-30,17,12,10,0,-13,-5,None
0,1,-20,0,7,-3,-3,1,-1,17,12,10,0,-13,-5,None
0,-3,-17,-29,8,1,-2,1,-6,17,12,10,0,-13,-5,None
0,-3,2,-12,1,2,2,0,-12,17,12,10,0,-13,-5,None
0,-3,-5,-13,-4,-1,-1,-13,7,17,12,10,0,-13,-5,None
0,-3,-5,-13,-4,-1,-1,-13,7,17,12,10,0,-13,-5,None
0,-3,-5,-13,-4,-1,-1,-13,7,17,12,10,0,-13,-5,None
0,-1,13,3,5,0,-7,-6,-5,17,12,10,0,-13,-5,None
0,0,4,-1,-1,2,1,12,4,17,12,10,0,-13,-5,None
0,-1,1,-5,-1,1,2,6,-6,17,12,10,0,-13,-5,None
0,1,1,-5,5,1,0,3,16,17,12,10,0,-13,-5,None
0,1,1,-5,5,1,0,3,16,17,12,10,0,-13,-5,None
0,1,1,-5,5,1,0,3,16,17,12,10,0,-13,-5,None
0,-5,1,-2,4,-3,-4,-12,-18,17,12,10,0,-13,-5,None
0,-2,-3,0,4,-2,-3,-7,9,17,12,10,0,-13,-5,None
0,-2,4,0,1,1,1,-4,-8,17,12,10,0,-13,-5,None
0,4,-2,-5,6,2,0,5,4,17,12,10,0,-13,-5,None
0,4,-2,-5,6,2,0,5,4,17,12,10,0,-13,-5,None
0,4,-2,-5,6,2,0,5,4,17,12,10,-1,-13,-5,None
0,-4,-1,-5,-16,-1,-2,0,-8,17,12,10,-1,-13,-5,None
0,-2,-3,-3,-7,4,-6,-5,-7,17,12,10,-1,-13,-5,None
0,-3,1,-1,-6,-7,-2,-1,-3,17,12,10,-1,-13,-5,None
0,1,1,4,16,-2,3,2,5,17,12,10,-1,-13,-5,None
0,1,1,4,16,-2,3,2,5,17,12,10,-1,-13,-5,None
0,1,1,4,16,-2,3,2,5,17,12,10,-2,-12,-5,None
0,-2,-2,-5,-21,4,-3,1,-1,17,12,10,-2,-12,-5,None
0,-2,5,-1,1,-2,1,-1,1,17,12,10,-2,-12,-5,None
0,-3,-2,1,-6,6,-2,-3,-6,17,12,10,-2,-12,-5,None
0,0,-1,0,-4,-6,-9,0,10,17,12,10,-2,-12,-5,None
0,0,-1,0,-4,-6,-9,0,10,0,12,10,-2,-12,-5,None
0,0,-1,0,-4,-6,-9,0,10,0,12,10,-2,-12,-4,None
0,0,5,-4,-8,0,5,1,-2,0,12,10,-2,-12,-4,None
0,-3,-2,1,15,7,8,-4,-4,0,12,10,-2,-12,-4,None
0,-1,-1,-1,2,-8,-4,-3,-3,0,12,10,-2,-12,-4,None
0,2,2,-1,11,8,4,4,2,0,12,10,-2,-12,-4,None
0,2,2,-1,11,8,4,4,2,0,12,10,-2,-12,-4,None
0,2,2,-1,11,8,4,4,2,0,12,10,-1,-13,-4,None
0,-3,0,-4,-17,1,-8,-1,-5,0,12,10,-1,-13,-4,None
0,-2,0,1,-3,0,-1,-5,-3,0,12,10,-1,-13,-4,None
0,-2,0,2,26,4,-6,-2,-1,0,12,10,-1,-13,-4,None
0,0,-2,-7,-29,14,-3,0,3,0,12,10,-1,-13,-4,None
0,0,-2,-7,-29,14,-3,0,3,0,12,10,-1,-13,-4,None
0,0,-2,-7,-29,14,-3,0,3,0,12,10,-1,-14,-4,None
0,-1,3,3,22,-37,1,2,-4,0,12,10,-1,-14,-4,None
0,-2,-4,-11,-59,-9,-6,-3,2,0,12,10,-1,-14,-4,None
0,2,4,8,24,14,2,-2,-1,0,12,10,-1,-14,-4,None
0,-3,-5,-15,-64,-24,5,0,-2,0,12,10,-1,-14,-4,None
0,-3,-5,-15,-64,-24,5,0,-2,0,12,10,-1,-14,-4,None
0,-3,-5,-15,-64,-24,5,0,-2,0,12,10,0,-14,-4,None
0,-3,-1,-2,58,7,-8,-5,-6,0,12,10,0,-14,-4,None
0,-1,0,1,21,3,4,1,1,0,12,10,0,-14,-4,None
0,-1,1,2,10,9,7,1,-1,0,12,10,0,-14,-4,None
0,0,1,1,7,-24,-2,-1,2,0,12,10,0,-14,-4,None
0,0,1,1,7,-24,-2,-1,2,0,12,10,0,-14,-4,None
0,0,1,1,7,-24,-2,-1,2,0,12,10,0,-12,-3,None
0,1,2,5,12,79,8,-5,2,0,12,10,0,-12,-3,None
0,1,1,-13,-57,-89,2,8,3,0,12,10,0,-12,-3,None
0,-2,-3,-4,34,2,4,-8,-4,0,12,10,0,-12,-3,None
0,-1,-2,-9,-29,-12,-13,-3,-1,0,12,10,0,-12,-3,None
0,-1,-2,-9,-29,-12,-13,-3,-1,0,12,10,0,-12,-3,None
0,-1,-2,-9,-29,-12,-13,-3,-1,0,12,10,0,-12,-3,None
0,-1,1,18,33,13,-6,-1,-2,0,12,10,0,-12,-3,None
0,1,1,-10,-23,5,8,-4,0,0,12,10,0,-12,-3,None
0,-3,-3,-34,-76,-22,-12,-3,-3,0,12,10,0,-12,-3,None
0,1,2,19,59,16,10,4,0,0,12,10,0,-12,-3,None
0,1,2,19,59,16,10,4,0,0,12,10,0,-12,-3,None
0,1,2,19,59,16,10,4,0,0,12,10,0,-13,-2,None
0,-4,0,0,-35,-41,-10,0,-5,0,12,10,0,-13,-2,None
0,-5,-2,7,103,64,-3,-4,-8,0,12,10,0,-13,-2,None
0,1,2,5,-5,-31,0,-1,0,0,12,10,0,-13,-2,None
0,-2,0,6,-69,-5,-3,-3,-3,0,12,10,0,-13,-2,None
0,-2,0,6,-69,-5,-3,-3,-3,0,12,9,0,-13,-2,None
0,-2,0,6,-69,-5,-3,-3,-3,0,12,9,0,-14,-2,None
0,-1,-1,-16,-1,56,3,1,-2,0,12,9,0,-14,-2,None
0,0,1,-18,81,-5,4,-2,-2,0,12,9,0,-14,-2,None
0,1,1,-9,-19,-44,-8,-5,0,0,12,9,0,-14,-2,None
0,-3,-4,10,15,9,2,-3,-3,0,12,9,0,-14,-2,None
0,-3,-4,10,15,9,2,-3,-3,0,12,9,0,-14,-2,None
0,-3,-4,10,15,9,2,-3,-3,0,12,9,1,-14,-2,None
0,-1,1,-6,-32,-51,-2,-4,4,0,12,9,1,-14,-2,None
0,-1,1,13,5,28,-9,4,-1,0,12,9,1,-14,-2,None
0,2,7,6,3,20,-4,3,2,0,12,9,1,-14,-2,None
0,1,1,-17,-30,70,22,1,0,0,12,9,1,-14,-2,None
0,1,1,-17,-30,70,22,1,0,0,12,9,1,-14,-2,None
0,1,1,-17,-30,70,22,1,0,0,12,9,2,-13,-1,None
0,-4,-3,-14,2,-85,6,-6,0,0,12,9,2,-13,-1,None
0,0,-4,1,-107,-9,6,-3,-4,0,12,9,2,-13,-1,None
0,0,3,18,96,102,-26,-6,-4,0,12,9,2,-13,-1,None
0,5,7,-2,-80,-9,11,7,7,0,12,9,2,-13,-1,None
0,5,7,-2,-80,-9,11,7,7,0,12,9,2,-13,-1,None
0,5,7,-2,-80,-9,11,7,7,0,12,9,2,-14,-1,None
0,-8,-5,-2,26,14,3,-2,-9,0,12,9,2,-14,-1,None
0,2,5,6,-36,-6,-4,-2,1,0,12,9,2,-14,-1,None
0,1,1,0,-32,-24,5,-4,-3,0,12,9,2,-14,-1,None
0,0,2,-5,43,27,-5,4,2,0,12,9,2,-14,-1,None
0,0,2,-5,43,27,-5,4,2,1,12,9,2,-14,-1,None
0,0,2,-5,43,27,-5,4,2,1,12,9,3,-15,-1,None
0,1,4,2,19,-59,-18,-4,-3,1,12,9,3,-15,-1,None
0,-4,-4,-6,11,70,10,-3,0,1,12,9,3,-15,-1,None
0,-1,1,5,28,-9,8,7,-2,1,12,9,3,-15,-1,None
0,-3,-2,-6,78,31,-5,-5,-3,1,12,9,3,-15,-1,None
0,-3,-2,-6,78,31,-5,-5,-3,1,12,9,3,-15,-1,None
0,-3,-2,-6,78,31,-5,-5,-3,1,12,9,4,-15,-2,None
0,3,3,-3,-59,-17,8,1,3,1,12,9,4,-15,-2,None
0,0,4,0,-26,-91,-25,-7,0,1,12,9,4,-15,-2,None
0,-4,-5,-6,22,103,14,0,-5,1,12,9,4,-15,-2,None
0,-3,-1,8,90,36,-6,-3,-1,1,12,9,4,-15,-2,None
0,-3,-1,8,90,36,-6,-3,-1,1,12,9,4,-15,-2,None
0,-3,-1,8,90,36,-6,-3,-1,1,12,9,5,-15,-1,None
0,-2,-5,-16,-75,-61,-3,2,-4,1,12,9,5,-15,-1,None
0,-1,2,11,-9,7,-3,-4,-3,1,12,9,5,-15,-1,None
0,-1,1,2,-79,73,12,0,0,1,12,9,5,-15,-1,None
0,0,-3,-27,-15,-42,-12,-6,-4,1,12,9,5,-15,-1,None
0,0,-3,-27,-15,-42,-12,-6,-4,1,12,9,5,-15,-1,None
0,0,-3,-27,-15,-42,-12,-6,-4,1,12,9,7,-15,-2,None
0,5,55,-3,-52,15,-7,-6,-4,1,12,9,7,-15,-2,None
0,-5,-1,4,32,18,3,1,0,1,12,9,7,-15,-2,None
0,-5,-6,-11,8,-29,0,0,-2,1,12,9,7,-15,-2,None
0,-2,-8,3,-5,-27,-7,-4,-3,1,12,9,7,-15,-2,None
0,-2,-8,3,-5,-27,-7,-4,-3,1,12,9,7,-15,-2,None
0,-2,-8,3,-5,-27,-7,-4,-3,1,12,9,7,-15,-2,None
0,4,18,8,30,33,2,2,2,1,12,9,7,-15,-2,None
0,-1,6,2,50,-1,-1,-2,-4,1,12,9,7,-15,-2,None
0,-5,-6,-14,-15,-2,-7,-4,-3,1,12,9,7,-15,-2,None
0,8,30,-4,-45,-117,0,0,2,1,12,9,7,-15,-2,None
0,8,30,-4,-45,-117,0,0,2,1,12,9,7,-15,-2,None
0,8,30,-4,-45,-117,0,0,2,1,12,9,8,-15,-2,None
0,-8,-50,-2,66,89,-1,-3,-4,1,12,9,8,-15,-2,None
0,-1,2,-2,0,-4,1,1,1,1,12,9,8,-15,-2,None
0,0,-5,-2,8,-50,-2,-1,-1,1,12,9,8,-15,-2,None
0,-2,5,6,11,23,0,-3,-2,1,12,9,8,-15,-2,None
0,-2,5,6,11,23,0,-3,-2,1,12,9,8,-15,-2,None
0,-2,5,6,11,23,0,-3,-2,1,12,9,8,-13,-2,None
0,-1,-5,-4,17,5,0,1,1,1,12,9,8,-13,-2,None
0,-1,-6,-1,14,8,-1,-1,0,1,12,9,8,-13,-2,None
0,0,3,-3,-13,-28,0,-2,0,1,12,9,8,-13,-2,None
0,-2,-7,-2,23,17,-3,-4,-2,1,12,9,8,-13,-2,None
0,-2,-7,-2,23,17,-3,-4,-2,1,12,9,8,-13,-2,None
0,-2,-7,-2,23,17,-3,-4,-2,1,12,9,8,-13,-2,None
0,-3,-3,-4,-22,-30,-2,-2,0,1,12,9,8,-13,-2,None
0,0,5,4,12,12,-3,-3,-1,1,12,9,8,-13,-2,None
0,-1,7,0,-10,-19,1,-2,-2,1,12,9,8,-13,-2,None
0,-7,-3,1,41,-17,1,1,-2,1,12,9,8,-13,-2,None
0,-7,-3,1,41,-17,1,1,-2,1,12,9,8,-13,-2,None
0,-7,-3,1,41,-17,1,1,-2,1,12,9,8,-14,-1,None
0,2,-4,-9,-17,23,-5,-4,-4,1,12,9,8,-14,-1,None
0,3,-1,-2,-6,-33,1,1,1,1,12,9,8,-14,-1,None
0,-3,1,-3,0,22,0,-2,-2,1,12,9,8,-14,-1,None
0,-2,-8,2,-14,-17,-1,-2,-2,1,12,9,8,-14,-1,None
0,-2,-8,2,-14,-17,-1,-2,-2,1,12,9,8,-14,-1,None
0,-2,-8,2,-14,-17,-1,-2,-2,1,12,9,8,-13,-1,None
0,0,3,4,10,-2,3,2,1,1,12,9,8,-13,-1,None
0,0,27,7,37,24,0,-3,-1,1,12,9,8,-13,-1,None
0,-5,-33,-28,-45,-65,-6,-1,-4,1,12,9,8,-13,-1,None
0,-2,3,-2,26,52,1,-1,-3,1,12,9,8,-13,-1,None
0,-2,3,-2,26,52,1,-1,-3,1,12,9,8,-13,-1,None
0,-2,3,-2,26,52,1,-1,-3,1,12,9,8,-12,-1,None
0,-2,-3,-1,-4,-2,3,0,-2,1,12,9,8,-12,-1,None
0,0,9,-5,-25,-2,-2,-1,0,1,12,9,8,-12,-1,None
0,-1,6,7,-7,-28,-4,-1,0,1,12,9,8,-12,-1,None
0,-1,1,-5,-19,-4,-2,-1,-2,1,12,9,8,-12,-1,None
0,-1,1,-5,-19,-4,-2,-1,-2,1,12,9,8,-12,-1,None
0,-1,1,-5,-19,-4,-2,-1,-2,1,12,9,8,-12,-1,None
0,-2,1,4,20,-35,5,2,1,1,12,9,8,-12,-1,None
0,-5,-6,-22,-23,79,-11,-4,-3,1,12,9,8,-12,-1,None
0,0,4,19,34,6,-1,-4,-6,1,12,9,8,-12,-1,None
0,-4,-20,-25,-58,-9,-3,-2,-5,1,12,9,8,-12,-1,None
0,-4,-20,-25,-58,-9,-3,-2,-5,1,12,9,8,-12,-1,None
0,-4,-20,-25,-58,-9,-3,-2,-5,1,12,9,8,-12,-1,None
0,-2,5,5,4,-4,-1,-1,-2,1,12,9,8,-12,-1,None
0,0,-3,-1,9,-18,0,1,0,1,12,9,8,-12,-1,None
0,0,4,-3,7,-1,-1,0,1,1,12,9,8,-12,-1,None
0,1,8,4,-1,7,-3,-3,-1,1,12,9,8,-12,-1,None
0,1,8,4,-1,7,-3,-3,-1,1,12,9,8,-12,-1,None
0,1,8,4,-1,7,-3,-3,-1,1,12,9,8,-12,-1,None
0,-1,-4,-1,9,18,0,-1,0,1,12,9,8,-12,-1,None
0,-2,-8,-6,-9,-20,-1,-2,-2,1,12,9,8,-12,-1,None
0,0,6,-3,-8,13,-1,0,-1,1,12,9,8,-12,-1,None
0,-2,-1,7,16,6,3,0,0,1,12,9,8,-12,-1,None
0,-2,-1,7,16,6,3,0,0,1,12,9,8,-12,-1,None
0,-2,-1,7,16,6,3,0,0,1,12,9,8,-12,-1,None
0,4,48,6,23,33,1,1,1,1,12,9,8,-12,-1,None
0,-2,-50,-35,-32,-27,-8,-8,-5,1,12,9,8,-12,-1,None
0,-3,5,3,-7,17,3,-1,-1,1,12,9,8,-12,-1,None
0,-1,-1,1,-8,-20,-2,0,0,1,12,9,8,-12,-1,None
0,-1,-1,1,-8,-20,-2,0,0,1,12,9,8,-12,-1,None
0,-1,-1,1,-8,-20,-2,0,0,1,12,9,7,-12,-1,None
0,-2,0,2,12,8,1,-1,-1,1,12,9,7,-12,-1,None
0,0,12,4,1,-12,-2,2,0,1,12,9,7,-12,-1,None
0,-1,0,-4,2,-14,-2,-1,0,1,12,9,7,-12,-1,None
0,-1,6,-5,-5,-3,-1,-2,-1,1,12,9,7,-12,-1,None
0,-1,6,-5,-5,-3,-1,-2,-1,1,12,9,7,-12,-1,None
0,-1,6,-5,-5,-3,-1,-2,-1,1,12,9,7,-12,-1,None
0,-1,-9,-8,-10,11,-1,-2,-1,1,12,9,7,-12,-1,None
0,-2,4,8,6,-11,1,0,-2,1,12,9,7,-12,-1,None
0,-1,-5,-6,-8,-2,-3,-1,-2,1,12,9,7,-12,-1,None
0,-1,5,3,2,13,0,0,-1,1,12,9,7,-12,-1,None
0,-1,5,3,2,13,0,0,-1,1,12,9,7,-12,-1,None
0,-1,5,3,2,13,0,0,-1,1,12,9,7,-12,-1,None
0,-1,-11,-3,-9,-2,-2,-2,-4,1,12,9,7,-12,-1,None
0,-3,0,2,2,9,0,-3,-1,1,12,9,7,-12,-1,None
0,-5,29,5,17,4,0,-1,-2,1,12,9,7,-12,-1,None
0,3,-64,-2,-12,-6,-4,-1,-1,1,12,9,7,-12,-1,None
0,3,-64,-2,-12,-6,-4,-1,-1,1,12,9,7,-12,-1,None
0,3,-64,-2,-12,-6,-4,-1,-1,1,12,9,7,-12,-2,None
0,-6,2,-8,-11,8,-3,-4,-2,1,12,9,7,-12,-2,None
0,-1,8,4,13,1,3,1,-1,1,12,9,7,-12,-2,None
0,0,-5,-5,-18,-3,-2,-1,-1,1,12,9,7,-12,-2,None
0,-1,14,2,2,-5,-1,-1,-1,1,12,9,7,-12,-2,None
0,-1,14,2,2,-5,-1,-1,-1,1,12,9,7,-12,-2,None
0,-1,14,2,2,-5,-1,-1,-1,1,12,9,7,-12,-2,None
0,0,-9,-3,-5,-3,-1,-1,-1,1,12,9,7,-12,-2,None
0,-2,-3,4,-1,2,1,-1,-1,1,12,9,7,-12,-2,None
0,2,3,-2,2,-10,-1,0,-1,1,12,9,7,-12,-2,None
0,-2,11,-4,5,9,0,-2,-2,1,12,9,7,-12,-2,None
0,-2,11,-4,5,9,0,-2,-2,1,12,9,7,-12,-2,None
0,-2,11,-4,5,9,0,-2,-2,1,12,9,7,-12,-2,None
0,-1,-7,-1,-1,5,-1,-2,-2,1,12,9,7,-12,-2,None
0,5,27,2,-15,-18,-1,0,2,1,12,9,7,-12,-2,None
0,-3,-30,-4,42,20,1,-2,-3,1,12,9,7,-12,-2,None
0,-2,18,0,-33,-3,-1,-3,-2,1,12,9,7,-12,-2,None
0,-2,18,0,-33,-3,-1,-3,-2,1,12,9,7,-12,-2,None
0,-2,18,0,-33,-3,-1,-3,-2,1,12,9,7,-12,-1,None
0,-5,-31,-2,9,1,-2,-1,-2,1,12,9,7,-12,-1,None
0,-1,0,1,-13,-10,0,0,-1,1,12,9,7,-12,-1,None
0,2,6,-5,6,-8,-1,0,0,1,12,9,7,-12,-1,None
0,-1,6,-2,17,9,-1,0,-2,1,12,9,7,-12,-1,None
0,-1,6,-2,17,9,-1,0,-2,1,12,9,7,-12,-1,None
0,-1,6,-2,17,9,-1,0,-2,1,12,9,7,-12,-1,None
0,0,4,-1,-8,-2,-1,-1,-2,1,12,9,7,-12,-1,None
0,-2,-2,-1,14,8,-2,-2,-3,1,12,9,7,-12,-1,None
0,-1,1,1,-11,0,-2,0,0,1,12,9,7,-12,-1,None
0,-4,5,-3,8,4,-2,-2,-3,1,12,9,7,-12,-1,None
0,-4,5,-3,8,4,-2,-2,-3,1,12,9,7,-12,-1,None
0,-4,5,-3,8,4,-2,-2,-3,1,12,9,7,-12,-1,None
0,-6,13,-4,-7,-2,-2,-1,-2,1,12,9,7,-12,-1,None
0,8,-15,4,11,-5,1,0,0,1,12,9,7,-12,-1,None
0,-7,9,-9,-8,6,-4,-4,-4,1,12,9,7,-12,-1,None
0,0,2,-2,0,8,0,-2,-2,1,12,9,7,-12,-1,None
0,0,2,-2,0,8,0,-2,-2,1,12,9,7,-12,-1,None
0,0,2,-2,0,8,0,-2,-2,1,12,9,7,-12,-1,None
0,-3,-7,-1,14,6,0,-1,0,1,12,9,7,-12,-1,None
0,-3,3,-3,-1,5,1,-1,-3,1,12,9,7,-12,-1,None
0,4,3,3,-11,-19,-1,1,1,1,12,9,7,-12,-1,None
0,-5,-3,-1,5,-9,-1,-2,-2,1,12,9,7,-12,-1,None
0,-5,-3,-1,5,-9,-1,-2,-2,1,12,9,7,-12,-1,None
0,-5,-3,-1,5,-9,-1,-2,-2,1,12,9,7,-12,-1,None
0,0,4,-2,3,2,-1,-1,-1,1,12,9,7,-12,-1,None
0,-5,2,-2,-1,15,0,-2,-3,1,12,9,7,-12,-1,None
0,2,0,0,-11,-12,-2,-1,-1,1,12,9,7,-12,-1,None
0,0,18,-3,7,4,-2,-2,0,1,12,9,7,-12,-1,None
0,0,18,-3,7,4,-2,-2,0,1,12,9,7,-12,-1,None
0,0,18,-3,7,4,-2,-2,0,1,12,9,7,-12,-1,None
0,4,-10,-6,-23,0,-1,-2,-2,1,12,9,7,-12,-1,None
0,-3,1,2,10,4,-2,-3,-3,1,12,9,7,-12,-1,None
0,-3,-4,-4,-18,4,0,-2,-1,1,12,9,7,-12,-1,None
0,1,3,-1,3,0,0,0,-1,1,12,9,7,-12,-1,None
0,1,3,-1,3,0,0,0,-1,1,12,9,7,-12,-1,None
0,1,3,-1,3,0,0,0,-1,1,12,9,7,-12,-1,None
0,0,3,2,1,-1,0,-1,2,1,12,9,7,-12,-1,None
0,-3,-1,-3,-4,-3,-2,-1,-1,1,12,9,7,-12,-1,None
0,-1,8,-2,1,-6,-1,-2,-2,1,12,9,7,-12,-1,None
0,-2,-29,-5,-3,-3,-1,0,-1,1,12,9,7,-12,-1,None
0,-2,-29,-5,-3,-3,-1,0,-1,1,12,9,7,-12,-1,None
0,-2,-29,-5,-3,-3,-1,0,-1,1,12,9,8,-12,-1,None
0,0,19,6,-11,0,0,-2,-3,1,12,9,8,-12,-1,None
0,-5,-4,-2,8,18,-2,-3,-2,1,12,9,8,-12,-1,None
0,-1,-4,-1,-8,-1,-2,-2,-2,1,12,9,8,-12,-1,None
0,1,6,-2,-6,-4,-2,0,0,1,12,9,8,-12,-1,None
0,1,6,-2,-6,-4,-2,0,0,1,12,9,8,-12,-1,None
0,1,6,-2,-6,-4,-2,0,0,1,12,9,8,-12,-1,None
0,0,2,-2,5,-2,0,0,0,1,12,9,8,-12,-1,None
0,-3,4,-1,0,-3,-3,-2,-3,1,12,9,8,-12,-1,None
0,1,-3,-2,0,-6,0,0,0,1,12,9,8,-12,-1,None
0,2,14,-2,-7,2,2,-1,-2,1,12,9,8,-12,-1,None
0,2,14,-2,-7,2,2,-1,-2,1,12,9,8,-12,-1,None
0,2,14,-2,-7,2,2,-1,-2,1,12,9,8,-12,-1,None
0,-2,-5,-5,10,9,-1,-3,-2,1,12,9,8,-12,-1,None
0,-1,3,-2,-2,-3,0,-2,0,1,12,9,8,-12,-1,None
0,-2,-5,-4,2,-1,-1,-2,-1,1,12,9,8,-12,-1,None
0,-3,-3,-1,-1,0,0,-2,-1,1,12,9,8,-12,-1,None
0,-3,-3,-1,-1,0,0,-2,-1,1,12,9,8,-12,-1,None
0,-3,-3,-1,-1,0,0,-2,-1,1,12,9,7,-12,-1,None
0,0,-2,0,-1,0,-2,0,-2,1,12,9,7,-12,-1,None
0,-1,0,-6,-17,-8,-2,0,-1,1,12,9,7,-12,-1,None
0,-1,3,1,-1,4,0,-1,-3,1,12,9,7,-12,-1,None
0,-3,-3,-2,23,13,1,-2,-2,1,12,9,7,-12,-1,None
0,-3,-3,-2,23,13,1,-2,-2,1,12,9,7,-12,-1,None
0,-3,-3,-2,23,13,1,-2,-2,1,12,9,7,-12,-1,None
0,-4,2,3,-11,-15,-2,-1,0,1,12,9,7,-12,-1,None
0,0,-2,-2,11,5,-3,-3,-3,1,12,9,7,-12,-1,None
0,3,15,1,-10,8,1,-1,1,1,12,9,7,-12,-1,None
0,-5,-22,-4,4,6,-2,-2,-2,1,12,9,7,-12,-1,None
0,-5,-22,-4,4,6,-2,-2,-2,1,12,9,7,-12,-1,None
0,-5,-22,-4,4,6,-2,-2,-2,1,12,9,7,-12,-1,None
0,-2,-4,-4,1,-4,-1,-1,-2,1,12,9,7,-12,-1,None
0,-1,0,-3,-4,-4,1,0,-2,1,12,9,7,-12,-1,None
0,-2,6,0,-3,-4,0,0,-2,1,12,9,7,-12,-1,None
0,-2,-16,-2,-11,-8,-3,-2,-1,1,12,9,7,-12,-1,None
0,-2,-16,-2,-11,-8,-3,-2,-1,1,12,9,7,-12,-1,None
0,-2,-16,-2,-11,-8,-3,-2,-1,1,12,9,7,-12,-1,None
0,1,2,-4,5,8,0,-1,-1,1,12,9,7,-12,-1,None
0,-3,-4,-2,-5,0,-1,-2,-1,1,12,9,7,-12,-1,None
0,-3,-7,-2,-2,7,-2,-3,-4,1,12,9,7,-12,-1,None
0,-1,8,-1,0,-2,-1,-2,-1,1,12,9,7,-12,-1,None
0,-1,8,-1,0,-2,-1,-2,-1,1,12,9,7,-12,-1,None
0,-1,8,-1,0,-2,-1,-2,-1,1,12,9,7,-12,-1,None
0,-3,-1,-6,10,1,-1,-1,-2,1,12,9,7,-12,-1,None
0,0,8,4,-4,0,-2,-1,-1,1,12,9,7,-12,-1,None
0,-2,3,-2,-7,-3,-1,-1,0,1,12,9,7,-12,-1,None
0,1,3,-3,1,-12,1,0,-2,1,12,9,7,-12,-1,None
0,1,3,-3,1,-12,1,0,-2,1,12,9,7,-12,-1,None
0,1,3,-3,1,-12,1,0,-2,1,12,9,7,-12,-1,None
0,-1,-1,-1,4,11,-1,-1,-2,1,12,9,7,-12,-1,None
0,0,2,-4,-4,-4,0,-1,-1,1,12,9,7,-12,-1,None
0,-5,-3,-1,9,1,-1,-1,-1,1,12,9,7,-12,-1,None
0,5,11,0,-7,-2,-1,-2,-2,1,12,9,7,-12,-1,None
0,5,11,0,-7,-2,-1,-2,-2,1,12,9,7,-12,-1,None
0,5,11,0,-7,-2,-1,-2,-2,1,12,9,7,-12,-1,None
0,-1,-2,-4,-1,0,-1,-2,-1,1,12,9,7,-12,-1,None
0,-7,5,-2,-6,-15,-1,0,-2,1,12,9,7,-12,-1,None
0,-4,-31,-12,-7,-4,0,0,1,1,12,9,7,-12,-1,None
0,-4,4,6,15,28,0,-3,-3,1,12,9,7,-12,-1,None
0,-4,4,6,15,28,0,-3,-3,1,12,9,7,-12,-1,None
0,-4,4,6,15,28,0,-3,-3,1,12,9,7,-12,-1,None
0,-1,4,0,-9,-2,-1,-3,0,1,12,9,7,-12,-1,None
0,-3,-13,-4,-1,3,-1,-3,-2,1,12,9,7,-12,-1,None
0,0,11,1,-3,-8,-1,0,-1,1,12,9,7,-12,-1,None
0,1,7,-4,1,-5,-2,0,0,1,12,9,7,-12,-1,None
0,1,7,-4,1,-5,-2,0,0,1,12,9,7,-12,-1,None
0,1,7,-4,1,-5,-2,0,0,1,12,9,7,-12,-1,None
0,-2,-7,-3,-2,-1,-1,-2,-1,1,12,9,7,-12,-1,None
0,1,12,0,-3,1,-2,-1,-1,1,12,9,7,-12,-1,None
0,1,1,-1,11,8,-1,-3,-2,1,12,9,7,-12,-1,None
0,-1,1,-3,-4,-2,-2,-1,-2,1,12,9,7,-12,-1,None
0,-1,1,-3,-4,-2,-2,-1,-2,1,12,9,7,-12,-1,None
0,-1,1,-3,-4,-2,-2,-1,-2,1,12,9,7,-12,-1,None
0,1,-2,-2,-9,-6,0,0,-1,1,12,9,7,-12,-1,None
0,-9,8,-8,20,8,-2,0,-1,1,12,9,7,-12,-1,None
0,3,6,6,-31,8,1,-2,-4,1,12,9,7,-12,-1,None
0,-1,-2,-2,0,-4,-2,-1,-1,1,12,9,7,-12,-1,None
0,-1,-2,-2,0,-4,-2,-1,-1,1,12,9,7,-12,-1,None
0,-1,-2,-2,0,-4,-2,-1,-1,1,12,9,7,-12,-1,None
0,-1,-1,-2,-2,-2,1,-1,-2,1,12,9,7,-12,-1,None
0,1,-3,-1,-3,-6,-1,0,0,1,12,9,7,-12,-1,None
0,-2,-2,-2,19,2,-1,-2,-1,1,12,9,7,-12,-1,None
0,-3,9,-2,-6,-5,-2,-2,-2,1,12,9,7,-12,-1,None
0,-3,9,-2,-6,-5,-2,-2,-2,1,12,9,7,-12,-1,None
0,-3,9,-2,-6,-5,-2,-2,-2,1,12,9,7,-12,-1,None
0,0,1,-1,-2,-1,0,0,-1,1,12,9,7,-12,-1,None
0,2,-4,-3,4,5,0,-1,-1,1,12,9,7,-12,-1,None
0,-5,-1,-2,7,4,-2,-1,-1,1,12,9,7,-12,-1,None
0,7,46,-3,-15,-10,0,0,-2,1,12,9,7,-12,-1,None
0,7,46,-3,-15,-10,0,0,-2,1,12,9,7,-12,-1,None
0,7,46,-3,-15,-10,0,0,-2,1,12,9,7,-12,-2,None
0,3,-31,-8,7,3,-3,0,0,1,12,9,7,-12,-2,None
0,-4,-5,0,-13,6,0,-6,-5,1,12,9,7,-12,-2,None
0,-2,-5,-1,-1,-2,0,-1,-1,1,12,9,7,-12,-2,None
0,-3,1,-1,-4,-6,-1,-1,0,1,12,9,7,-12,-2,None
0,-3,1,-1,-4,-6,-1,-1,0,1,12,9,7,-12,-2,None
0,-3,1,-1,-4,-6,-1,-1,0,1,12,9,7,-12,-1,None
0,-2,7,0,-3,0,-1,-1,-2,1,12,9,7,-12,-1,None
0,1,2,-1,-6,-3,-1,-1,-1,1,12,9,7,-12,-1,None
0,0,6,-3,3,-1,-2,0,0,1,12,9,7,-12,-1,None
0,-2,-9,-3,3,7,-1,-1,-2,1,12,9,7,-12,-1,None
0,-2,-9,-3,3,7,-1,-1,-2,1,12,9,7,-12,-1,None
0,-2,-9,-3,3,7,-1,-1,-2,1,12,9,7,-12,-1,None
0,-2,10,0,2,1,-1,-3,-2,1,12,9,7,-12,-1,None
0,0,-9,-1,-3,0,-1,-1,-1,1,12,9,7,-12,-1,None
0,-3,6,-1,7,2,-1,-2,-2,1,12,9,7,-12,-1,None
0,-2,-23,-4,2,-2,0,0,1,1,12,9,7,-12,-1,None
0,-2,-23,-4,2,-2,0,0,1,1,12,9,7,-12,-1,None
0,-2,-23,-4,2,-2,0,0,1,1,12,9,7,-12,-1,None
0,-3,8,2,-8,2,1,1,0,1,12,9,7,-12,-1,None
0,-3,1,-3,6,2,-4,-4,-4,1,12,9,7,-12,-1,None
0,2,0,-2,-2,4,2,0,-1,1,12,9,7,-12,-1,None
0,-3,-6,-3,0,-1,-1,-1,0,1,12,9,7,-12,-1,None
0,-3,-6,-3,0,-1,-1,-1,0,1,12,9,7,-12,-1,None
0,-3,-6,-3,0,-1,-1,-1,0,1,12,9,7,-12,-1,None
0,-1,4,-3,-5,3,0,-2,-3,1,12,9,7,-12,-1,None
0,0,1,-2,-4,-5,2,-1,0,1,12,9,7,-12,-1,None
0,-1,3,-1,2,0,-2,0,-3,1,12,9,7,-12,-1,None
0,-2,-6,-2,-1,-1,-2,0,-2,1,12,9,7,-12,-1,None
0,-2,-6,-2,-1,-1,-2,0,-2,1,12,9,7,-12,-1,None
0,-2,-6,-2,-1,-1,-2,0,-2,1,12,9,8,-12,-1,None
0,-3,2,-2,3,-1,-3,-1,-1,1,12,9,8,-12,-1,None
0,1,1,-2,1,4,-2,-1,0,1,12,9,8,-12,-1,None
0,-3,-3,-3,-1,-3,-1,-3,-1,1,12,9,8,-12,-1,None
0,-3,4,-2,1,2,-2,-3,-1,1,12,9,8,-12,-1,None
0,-3,4,-2,1,2,-2,-3,-1,1,12,9,8,-12,-1,None
0,-3,4,-2,1,2,-2,-3,-1,1,12,9,8,-12,-1,None
0,0,2,-1,4,3,-1,-2,-3,1,12,9,8,-12,-1,None
0,0,-2,-2,-3,2,0,0,-2,1,12,9,8,-12,-1,None
0,-1,0,-3,0,-2,-1,-1,-1,1,12,9,8,-12,-1,None
0,2,38,1,28,3,2,2,1,1,12,9,8,-12,-1,None
0,2,38,1,28,3,2,2,1,1,12,9,8,-12,-1,None
0,2,38,1,28,3,2,2,1,1,12,9,7,-12,-1,None
0,-5,-46,-6,-58,-3,-3,-3,-2,1,12,9,7,-12,-1,None
0,-5,-3,-1,-22,1,1,0,-1,1,12,9,7,-12,-1,None
0,-2,2,-1,15,3,-1,-2,-3,1,12,9,7,-12,-1,None
0,-2,0,-2,-9,8,1,-2,-1,1,12,9,7,-12,-1,None
0,-2,0,-2,-9,8,1,-2,-1,1,12,9,7,-12,-1,None
0,-2,0,-2,-9,8,1,-2,-1,1,12,9,7,-12,-1,None
0,1,15,0,16,-7,-1,0,0,1,12,9,7,-12,-1,None
0,1,5,-1,2,-5,0,-1,0,1,12,9,7,-12,-1,None
0,-1,-4,-3,-11,1,-2,-2,-1,1,12,9,7,-12,-1,None
0,-1,-11,-2,-2,0,-2,-1,-2,1,12,9,7,-12,-1,None
0,-1,-11,-2,-2,0,-2,-1,-2,1,12,9,7,-12,-1,None
0,-1,-11,-2,-2,0,-2,-1,-2,1,12,9,7,-12,-1,None
0,-2,9,-1,9,0,-1,0,-3,1,12,9,7,-12,-1,None
0,-1,-6,-2,-2,1,-2,-1,-1,1,12,9,7,-12,-1,None
0,0,9,-1,12,2,0,-1,-2,1,12,9,7,-12,-1,None
0,1,-20,-4,-22,-2,-1,-2,-1,1,12,9,7,-12,-1,None
0,1,-20,-4,-22,-2,-1,-2,-1,1,12,9,7,-12,-1,None
0,1,-20,-4,-22,-2,-1,-2,-1,1,12,9,7,-12,-1,None
0,-1,13,-1,30,-3,-7,-5,-4,1,12,9,7,-12,-1,None
0,-2,2,-3,-17,10,1,-2,-1,1,12,9,7,-12,-1,None
0,-1,-1,-2,1,1,-1,-1,-1,1,12,9,7,-12,-1,None
0,-3,-5,-1,-1,0,-1,-1,-2,1,12,9,7,-12,-1,None
0,-3,-5,-1,-1,0,-1,-1,-2,1,12,9,7,-12,-1,None
0,-3,-5,-1,-1,0,-1,-1,-2,1,12,9,7,-12,-1,None
0,0,1,-2,-3,-7,-1,0,0,1,12,9,7,-12,-1,None
0,1,4,-2,9,-6,-2,-1,0,1,12,9,7,-12,-1,None
0,1,-1,-2,-3,2,-2,-2,-1,1,12,9,7,-12,-1,None
0,-3,-7,-3,-5,-3,-3,-1,-3,1,12,9,7,-12,-1,None
0,-3,-7,-3,-5,-3,-3,-1,-3,1,12,9,7,-12,-1,None
0,-3,-7,-3,-5,-3,-3,-1,-3,1,12,9,7,-12,-1,None
0,-2,5,-2,5,7,1,-2,-2,1,12,9,7,-12,-1,None
0,-1,1,-1,5,1,-1,0,-1,1,12,9,7,-12,-1,None
0,-3,1,-3,-6,0,-2,-2,-1,1,12,9,7,-12,-1,None
0,4,2,-2,4,2,-1,-3,-4,1,12,9,7,-12,-1,None
0,4,2,-2,4,2,-1,-3,-4,1,12,9,7,-12,-1,None
0,4,2,-2,4,2,-1,-3,-4,1,12,9,7,-12,-1,None
0,-2,-30,0,-9,-2,0,-1,-1,1,12,9,7,-12,-1,None
0,-1,1,-2,9,11,-1,-2,-2,1,12,9,7,-12,-1,None
0,-2,-7,-2,-2,-8,-1,-1,-1,1,12,9,7,-12,-1,None
0,-3,5,-3,2,6,-1,-2,-2,1,12,9,7,-12,-1,None
0,-3,5,-3,2,6,-1,-2,-2,1,12,9,7,-12,-1,None
0,-3,5,-3,2,6,-1,-2,-2,1,12,9,8,-12,-1,None
0,0,12,-3,-1,4,0,-1,0,1,12,9,8,-12,-1,None
0,0,-4,-1,-1,-8,-2,-1,0,1,12,9,8,-12,-1,None
0,-1,4,-1,-4,-2,-2,-1,-3,1,12,9,8,-12,-1,None
0,-2,1,-1,-2,1,0,0,-1,1,12,9,8,-12,-1,None
0,-2,1,-1,-2,1,0,0,-1,1,12,9,8,-12,-1,None
0,-2,1,-1,-2,1,0,0,-1,1,12,9,7,-12,-1,None
0,4,2,-5,-11,-3,-1,-2,-2,1,12,9,7,-12,-1,None
0,-1,3,0,7,-12,-2,-1,-1,1,12,9,7,-12,-1,None
0,-3,1,0,-3,16,0,-3,-3,1,12,9,7,-12,-1,None
0,-5,-3,-1,-9,3,-1,-3,-3,1,12,9,7,-12,-1,None
0,-5,-3,-1,-9,3,-1,-3,-3,1,12,9,7,-12,-1,None
0,-5,-3,-1,-9,3,-1,-3,-3,1,12,9,7,-12,-1,None
0,-3,1,-1,-5,-1,0,0,-1,1,12,9,7,-12,-1,None
0,1,3,-2,2,-1,1,0,-2,1,12,9,7,-12,-1,None
0,1,-1,-3,0,-7,0,-1,-2,1,12,9,7,-12,-1,None
0,-3,-7,-3,2,-5,-3,0,-2,1,12,9,7,-12,-1,None
0,-3,-7,-3,2,-5,-3,0,-2,1,12,9,7,-12,-1,None
0,-3,-7,-3,2,-5,-3,0,-2,1,12,9,7,-12,-1,None
0,-2,11,3,16,5,-1,-1,-2,1,12,9,7,-12,-1,None
0,-2,2,-3,-9,-7,-2,-1,-1,1,12,9,7,-12,-1,None
0,-2,-2,-3,5,1,-2,-1,-1,1,12,9,7,-12,-1,None
0,-2,0,-2,2,10,0,-1,-2,1,12,9,7,-12,-1,None
0,-2,0,-2,2,10,0,-1,-2,1,12,9,7,-12,-1,None
0,-2,0,-2,2,10,0,-1,-2,1,12,9,7,-12,-1,None
0,-1,5,-3,1,0,-1,-1,-1,1,12,9,7,-12,-1,None
0,2,13,-2,-7,1,1,-1,0,1,12,9,7,-12,-1,None
0,-8,-18,-2,1,-3,-2,-2,-3,1,12,9,7,-12,-1,None
0,-2,2,0,4,-2,-2,-1,0,1,12,9,7,-12,-1,None
0,-2,2,0,4,-2,-2,-1,0,1,12,9,7,-12,-1,None
0,-2,2,0,4,-2,-2,-1,0,1,12,9,7,-12,-1,None
0,-1,-1,-2,3,18,1,-2,-2,1,12,9,7,-12,-1,None
0,-3,-12,0,-12,-3,-1,-1,-2,1,12,9,7,-12,-1,None
0,0,8,-1,0,0,-1,-1,0,1,12,9,7,-12,-1,None
0,0,2,-1,3,-9,-1,0,-1,1,12,9,7,-12,-1,None
0,0,2,-1,3,-9,-1,0,-1,1,12,9,7,-12,-1,None
0,0,2,-1,3,-9,-1,0,-1,1,12,9,7,-12,-1,None
0,-1,1,-1,-2,-6,-1,-1,-1,1,12,9,7,-12,-1,None
0,-1,5,-4,5,6,-2,-1,-1,1,12,9,7,-12,-1,None
0,-2,13,-1,-2,-5,-1,-1,-2,1,12,9,7,-12,-1,None
0,0,0,1,-3,5,0,-2,1,1,12,9,7,-12,-1,None
0,0,0,1,-3,5,0,-2,1,1,12,9,7,-12,-1,None
0,0,0,1,-3,5,0,-2,1,1,12,9,7,-12,-1,None
0,2,4,-2,14,0,-1,-1,-1,1,12,9,7,-12,-1,None
0,-1,-5,-2,5,3,1,-1,-2,1,12,9,7,-12,-1,None
0,-1,-3,0,-20,-5,0,-2,-1,1,12,9,7,-12,-1,None
0,-2,-4,-2,-3,-2,-2,-2,-1,1,12,9,7,-12,-1,None
0,-2,-4,-2,-3,-2,-2,-2,-1,1,12,9,7,-12,-1,None
0,-2,-4,-2,-3,-2,-2,-2,-1,1,12,9,7,-12,-1,None
0,-3,3,-3,-5,1,-2,-3,-1,1,12,9,7,-12,-1,None
0,-3,-7,-1,4,1,-2,-1,-1,1,12,9,7,-12,-1,None
0,-4,5,0,2,-1,-1,0,0,1,12,9,7,-12,-1,None
0,2,43,-2,0,-2,-1,-2,-3,1,12,9,7,-12,-1,None
0,2,43,-2,0,-2,-1,-2,-3,1,12,9,7,-12,-1,None
0,2,43,-2,0,-2,-1,-2,-3,1,12,9,7,-12,-1,None
0,-2,-9,2,1,8,0,0,-1,1,12,9,7,-12,-1,None
0,0,-4,-2,12,2,-3,-1,-2,1,12,9,7,-12,-1,None
0,-2,-4,-1,-5,5,0,-2,-1,1,12,9,7,-12,-1,None
0,1,3,-2,7,-1,-1,-1,-1,1,12,9,7,-12,-1,None
0,1,3,-2,7,-1,-1,-1,-1,1,12,9,7,-12,-1,None
0,1,3,-2,7,-1,-1,-1,-1,1,12,9,7,-12,-1,None
0,-2,5,-4,-15,-11,-2,-1,-1,1,12,9,7,-12,-1,None
0,-2,-13,-4,9,4,-2,-2,-1,1,12,9,7,-12,-1,None
0,1,6,-1,8,10,-1,-2,0,1,12,9,7,-12,-1,None
0,-2,-10,-2,-7,-11,-1,-2,-1,1,12,9,7,-12,-1,None
0,-2,-10,-2,-7,-11,-1,-2,-1,1,12,9,7,-12,-1,None
0,-2,-10,-2,-7,-11,-1,-2,-1,1,12,9,8,-12,-1,None
0,-2,-2,-1,1,-3,0,-1,0,1,12,9,8,-12,-1,None
0,-1,3,-1,0,-2,-1,-1,-2,1,12,9,8,-12,-1,None
0,1,0,-4,-2,-3,-2,-1,0,1,12,9,8,-12,-1,None
0,-2,-14,-4,-1,6,0,-1,-1,1,12,9,8,-12,-1,None
0,-2,-14,-4,-1,6,0,-1,-1,1,12,9,8,-12,-1,None
0,-2,-14,-4,-1,6,0,-1,-1,1,12,9,7,-12,-1,None
0,-3,0,-4,-1,-1,-1,-2,-2,1,12,9,7,-12,-1,None
0,-3,6,1,-9,1,-1,-1,-2,1,12,9,7,-12,-1,None
0,3,17,3,17,5,-1,1,-1,1,12,9,7,-12,-1,None
0,-6,-9,-8,-30,-6,-5,-4,-2,1,12,9,7,-12,-1,None
0,-6,-9,-8,-30,-6,-5,-4,-2,1,12,9,7,-12,-1,None
0,-6,-9,-8,-30,-6,-5,-4,-2,1,12,9,7,-12,-1,None
0,-2,0,-3,-4,9,-2,-3,-3,1,12,9,7,-12,-1,None
