0,-3,1,-4,13,35,-25,-5,-3,1,12,8,2,-18,-6,None
0,-3,2,4,-12,-4,2,-43,-4,1,12,8,2,-18,-6,None
0,1,-1,-8,6,25,-27,32,5,1,12,8,2,-18,-6,None
0,1,-1,-8,6,25,-27,32,5,0,12,8,2,-18,-6,None
0,1,-1,-8,6,25,-27,32,5,0,12,8,0,-19,-6,None
0,0,0,-7,-12,7,32,28,-1,0,12,8,0,-19,-6,None
0,0,2,2,-8,-1,-14,-39,-1,0,12,8,0,-19,-6,None
0,0,0,-2,-26,4,29,44,2,0,12,8,0,-19,-6,None
0,-5,-1,-5,-7,-11,-19,-15,-6,0,12,8,0,-19,-6,None
0,-5,-1,-5,-7,-11,-19,-15,-6,0,12,8,0,-19,-6,None
0,-5,-1,-5,-7,-11,-19,-15,-6,0,12,8,0,-19,-5,None
0,-3,0,1,9,59,-54,-41,-6,0,12,8,0,-19,-5,None
0,1,0,-3,5,-61,68,47,4,0,12,8,0,-19,-5,None
0,1,5,7,4,11,18,-4,1,0,12,8,0,-19,-5,None
0,-4,-3,-9,-3,17,-21,-14,-3,0,12,8,0,-19,-5,None
0,-4,-3,-9,-3,17,-21,-14,-3,0,12,8,0,-19,-5,None
0,-4,-3,-9,-3,17,-21,-14,-3,0,12,8,-1,-19,-5,None
0,1,2,-5,3,-24,16,34,3,0,12,8,-1,-19,-5,None
0,-4,0,3,6,-1,-53,-72,-8,0,12,8,-1,-19,-5,None
0,1,0,3,-14,7,-1,37,0,0,12,8,-1,-19,-5,None
0,0,2,-6,-21,-40,29,3,0,0,12,8,-1,-19,-5,None
0,0,2,-6,-21,-40,29,3,0,0,12,8,-1,-19,-5,None
0,0,2,-6,-21,-40,29,3,0,0,12,8,-1,-19,-6,None
0,2,2,-2,-17,-22,-14,-9,2,0,12,8,-1,-19,-6,None
0,-3,-2,-3,14,67,-20,6,-2,0,12,8,-1,-19,-6,None
0,-1,2,-2,-13,27,23,3,1,0,12,8,-1,-19,-6,None
0,-2,0,6,24,-73,-28,-16,-7,0,12,8,-1,-19,-6,None
0,-2,0,6,24,-73,-28,-16,-7,17,12,8,-1,-19,-6,None
0,-2,0,6,24,-73,-28,-16,-7,17,12,8,-2,-18,-6,None
0,-8,-3,-3,-13,37,15,-2,-8,17,12,8,-2,-18,-6,None
0,2,-1,-11,-7,-1,6,12,10,17,12,8,-2,-18,-6,None
0,-4,0,-2,21,-1,-21,-13,-12,17,12,8,-2,-18,-6,None
0,0,1,2,-15,-8,22,-6,-4,17,12,8,-2,-18,-6,None
0,0,1,2,-15,-8,22,-6,-4,17,12,8,-2,-18,-6,None
0,0,1,2,-15,-8,22,-6,-4,17,12,8,-2,-17,-6,None
0,-2,-3,-9,-4,53,-30,-25,-5,17,12,8,-2,-17,-6,None
0,-4,1,11,10,-45,19,49,0,17,12,8,-2,-17,-6,None
0,3,2,-19,-13,58,13,-24,9,17,12,8,-2,-17,-6,None
0,-4,0,-3,20,39,-5,13,-3,17,12,8,-2,-17,-6,None
0,-4,0,-3,20,39,-5,13,-3,17,12,8,-2,-17,-6,None
0,-4,0,-3,20,39,-5,13,-3,17,12,8,-3,-16,-6,None
0,-2,0,6,3,30,-19,-14,-6,17,12,8,-3,-16,-6,None
0,-1,2,-2,-27,-60,-13,-22,-6,17,12,8,-3,-16,-6,None
0,3,3,-5,-9,-85,4,20,4,17,12,8,-3,-16,-6,None
0,-5,-4,14,48,41,-7,-18,0,17,12,8,-3,-16,-6,None
0,-5,-4,14,48,41,-7,-18,0,16,12,8,-3,-16,-6,None
0,-5,-4,14,48,41,-7,-18,0,16,12,8,-3,-14,-5,None
0,-2,-1,-12,-3,-74,4,10,-5,16,12,8,-3,-14,-5,None
0,2,2,0,-1,17,4,-9,-3,16,12,8,-3,-14,-5,None
0,-1,0,2,23,19,-10,-5,1,16,12,8,-3,-14,-5,None
0,-1,1,-6,-58,5,-4,0,7,16,12,8,-3,-14,-5,None
0,-1,1,-6,-58,5,-4,0,7,16,12,8,-3,-14,-5,None
0,-1,1,-6,-58,5,-4,0,7,16,12,8,-4,-12,-5,None
0,-3,2,7,28,-99,-2,5,-5,16,12,8,-4,-12,-5,None
0,1,2,0,-12,54,9,-1,2,16,12,8,-4,-12,-5,None
0,-4,-1,-2,-9,-10,-4,-2,-3,16,12,8,-4,-12,-5,None
0,4,2,-9,-45,111,5,-15,-1,16,12,8,-4,-12,-5,None
0,4,2,-9,-45,111,5,-15,-1,16,12,8,-4,-12,-5,None
0,4,2,-9,-45,111,5,-15,-1,16,12,8,-4,-12,-4,None
0,-6,0,-5,-1,53,-2,23,0,16,12,8,-4,-12,-4,None
0,3,2,-1,-6,30,-6,-14,0,16,12,8,-4,-12,-4,None
0,-4,-3,2,19,-23,-4,-6,-12,16,12,8,-4,-12,-4,None
0,3,5,-7,-13,-61,11,14,14,16,12,8,-4,-12,-4,None
0,3,5,-7,-13,-61,11,14,14,15,12,8,-4,-12,-4,None
0,3,5,-7,-13,-61,11,14,14,15,12,8,-4,-12,-4,None
0,3,3,-3,-11,4,11,0,1,15,12,8,-4,-12,-4,None
0,-8,-2,-2,-23,56,-12,-20,-31,15,12,8,-4,-12,-4,None
0,-1,0,-2,3,-27,-14,8,23,15,12,8,-4,-12,-4,None
0,-2,-1,-10,57,-46,-6,-5,-10,15,12,8,-4,-12,-4,None
0,-2,-1,-10,57,-46,-6,-5,-10,15,12,8,-4,-12,-4,None
0,-2,-1,-10,57,-46,-6,-5,-10,15,12,8,-4,-11,-4,None
0,-1,-3,-3,-11,22,10,7,7,15,12,8,-4,-11,-4,None
0,1,4,-4,-11,78,12,-1,3,15,12,8,-4,-11,-4,None
0,-4,-3,-3,-36,9,-10,-4,-11,15,12,8,-4,-11,-4,None
0,-2,2,3,-9,-6,-9,-1,-8,15,12,8,-4,-11,-4,None
0,-2,2,3,-9,-6,-9,-1,-8,15,12,8,-4,-11,-4,None
0,-2,2,3,-9,-6,-9,-1,-8,15,12,8,-4,-9,-4,None
0,1,-1,0,19,42,-7,-8,-5,15,12,8,-4,-9,-4,None
0,0,-2,-9,41,-12,15,2,9,15,12,8,-4,-9,-4,None
0,0,-5,-9,-10,-39,0,1,-4,15,12,8,-4,-9,-4,None
0,4,7,9,-16,-4,-2,-1,2,15,12,8,-4,-9,-4,None
0,4,7,9,-16,-4,-2,-1,2,15,12,8,-4,-9,-4,None
0,4,7,9,-16,-4,-2,-1,2,15,12,8,-5,-8,-3,None
0,0,-1,-2,-26,-29,24,4,-2,15,12,8,-5,-8,-3,None
0,-4,-3,7,-24,-18,-12,-5,2,15,12,8,-5,-8,-3,None
0,8,8,9,1,19,-1,2,5,15,12,8,-5,-8,-3,None
0,-8,-8,-7,-7,23,1,-2,-8,15,12,8,-5,-8,-3,None
0,-8,-8,-7,-7,23,1,-2,-8,15,11,8,-5,-8,-3,None
0,-8,-8,-7,-7,23,1,-2,-8,15,11,8,-6,-8,-3,None
0,3,4,6,44,-65,3,2,1,15,11,8,-6,-8,-3,None
0,0,-1,-6,6,-36,-7,-10,-2,15,11,8,-6,-8,-3,None
0,-5,4,-3,-38,68,2,-2,-4,15,11,8,-6,-8,-3,None
0,-2,-2,-1,-17,-10,4,1,-3,15,11,8,-6,-8,-3,None
0,-2,-2,-1,-17,-10,4,1,-3,14,11,8,-6,-8,-3,None
0,-2,-2,-1,-17,-10,4,1,-3,14,11,8,-6,-7,-2,None
0,-1,2,5,-9,23,-5,-4,2,14,11,8,-6,-7,-2,None
0,1,2,-4,7,-23,-10,-4,-3,14,11,8,-6,-7,-2,None
0,-5,-10,-5,-17,-2,-2,-7,-12,14,11,8,-6,-7,-2,None
0,4,2,-1,2,-4,8,8,9,14,11,8,-6,-7,-2,None
0,4,2,-1,2,-4,8,8,9,14,11,7,-6,-7,-2,None
0,4,2,-1,2,-4,8,8,9,14,11,7,-7,-6,-1,None
0,-1,0,-1,3,30,-2,-3,1,14,11,7,-7,-6,-1,None
0,-4,-1,-7,25,-38,-18,-6,-8,14,11,7,-7,-6,-1,None
0,-1,-1,1,-22,-5,10,1,13,14,11,7,-7,-6,-1,None
0,-2,1,-6,-59,-23,-6,1,-15,14,11,7,-7,-6,-1,None
0,-2,1,-6,-59,-23,-6,1,-15,14,11,7,-7,-6,-1,None
0,-2,1,-6,-59,-23,-6,1,-15,14,11,7,-8,-6,0,None
0,1,-1,0,25,5,2,-2,-1,14,11,7,-8,-6,0,None
0,-3,-1,-2,-24,13,-3,1,-5,14,11,7,-8,-6,0,None
0,-2,0,-4,27,-24,-5,-9,3,14,11,7,-8,-6,0,None
0,0,1,-2,28,12,2,8,-11,14,11,7,-8,-6,0,None
0,0,1,-2,28,12,2,8,-11,14,11,7,-8,-6,0,None
0,0,1,-2,28,12,2,8,-11,14,11,7,-9,-6,0,None
0,-3,0,2,-10,20,3,-8,-3,14,11,7,-9,-6,0,None
0,-1,2,-2,11,0,-7,-3,9,14,11,7,-9,-6,0,None
0,-3,0,-2,-5,-2,4,-6,-6,14,11,7,-9,-6,0,None
0,-2,1,-4,1,0,-5,-5,-3,14,11,7,-9,-6,0,None
0,-2,1,-4,1,0,-5,-5,-3,14,11,7,-9,-6,0,None
0,-2,1,-4,1,0,-5,-5,-3,14,11,7,-10,-6,1,None
0,0,-2,-5,6,8,6,11,-1,14,11,7,-10,-6,1,None
0,2,-1,-3,2,-1,3,-1,11,14,11,7,-10,-6,1,None
0,2,2,-1,37,-26,1,-2,-14,14,11,7,-10,-6,1,None
0,-3,-1,6,26,23,-8,-9,2,14,11,7,-10,-6,1,None
0,-3,-1,6,26,23,-8,-9,2,14,11,7,-10,-6,1,None
0,-3,-1,6,26,23,-8,-9,2,14,11,7,-9,-5,3,None
0,-2,0,1,-26,-11,-7,-14,-6,14,11,7,-9,-5,3,None
0,-1,-1,-4,-13,-4,7,6,-4,14,11,7,-9,-5,3,None
0,-1,2,-1,7,0,0,1,-4,14,11,7,-9,-5,3,None
0,1,2,1,-7,-5,0,5,7,14,11,7,-9,-5,3,None
0,1,2,1,-7,-5,0,5,7,14,11,7,-9,-5,3,None
0,1,2,1,-7,-5,0,5,7,14,11,7,-10,-4,4,None
0,-2,4,2,18,52,0,0,1,14,11,7,-10,-4,4,None
0,-4,-4,-9,-9,-34,-9,-8,0,14,11,7,-10,-4,4,None
0,-1,-1,-1,-3,-8,7,3,-4,14,11,7,-10,-4,4,None
0,0,0,1,22,1,0,2,2,14,11,7,-10,-4,4,None
0,0,0,1,22,1,0,2,2,14,11,7,-10,-4,4,None
0,0,0,1,22,1,0,2,2,14,11,7,-10,-8,3,None
0,0,1,-6,-21,-38,-9,-1,0,14,11,7,-10,-8,3,None
0,-3,1,5,6,6,1,-1,-4,14,11,7,-10,-8,3,None
0,-2,0,-7,27,6,-12,2,-2,14,11,7,-10,-8,3,None
0,-2,-4,-8,34,20,11,-6,0,14,11,7,-10,-8,3,None
0,-2,-4,-8,34,20,11,-6,0,14,11,7,-10,-8,3,None
0,-2,-4,-8,34,20,11,-6,0,14,11,7,-12,-9,3,None
0,2,3,0,-25,-9,2,1,5,14,11,7,-12,-9,3,None
0,-2,-3,-7,51,41,-1,4,-7,14,11,7,-12,-9,3,None
0,-3,-1,-3,45,-48,-17,-6,-1,14,11,7,-12,-9,3,None
0,1,3,-1,-73,-11,4,4,3,14,11,7,-12,-9,3,None
0,1,3,-1,-73,-11,4,4,3,14,11,7,-12,-9,3,None
0,1,3,-1,-73,-11,4,4,3,14,11,7,-13,-7,2,None
0,-4,-3,-6,2,31,9,-5,-5,14,11,7,-13,-7,2,None
0,3,4,3,18,29,7,5,2,14,11,7,-13,-7,2,None
0,-2,3,13,-56,-2,3,1,0,14,11,7,-13,-7,2,None
0,2,-1,-15,16,8,-4,1,1,14,11,7,-13,-7,2,None
0,2,-1,-15,16,8,-4,1,1,14,11,7,-13,-7,2,None
0,2,-1,-15,16,8,-4,1,1,14,11,7,-12,-8,1,None
0,-3,0,-2,-16,1,-20,1,-2,14,11,7,-12,-8,1,None
0,-1,3,-1,26,-41,2,-2,-2,14,11,7,-12,-8,1,None
0,-3,5,7,3,18,-13,-3,-3,14,11,7,-12,-8,1,None
0,2,2,-6,33,9,3,-1,0,14,11,7,-12,-8,1,None
0,2,2,-6,33,9,3,-1,0,14,11,7,-12,-8,1,None
0,2,2,-6,33,9,3,-1,0,14,11,7,-11,-8,2,None
0,-3,-2,-4,-18,8,-3,-4,-5,14,11,7,-11,-8,2,None
0,-1,-6,-4,-23,0,-7,-4,0,14,11,7,-11,-8,2,None
0,-1,3,-1,37,17,10,2,-1,14,11,7,-11,-8,2,None
0,-1,2,0,-28,-26,-12,-2,-2,14,11,7,-11,-8,2,None
0,-1,2,0,-28,-26,-12,-2,-2,14,11,7,-11,-8,2,None
0,-1,2,0,-28,-26,-12,-2,-2,14,11,7,-11,-7,1,None
0,1,0,-6,9,-22,5,2,1,14,11,7,-11,-7,1,None
0,-1,4,-1,8,22,-8,-4,-3,14,11,7,-11,-7,1,None
0,-1,-2,-11,-32,10,10,-1,-2,14,11,7,-11,-7,1,None
0,-3,-4,-2,24,46,-1,-4,-2,14,11,7,-11,-7,1,None
0,-3,-4,-2,24,46,-1,-4,-2,14,11,7,-11,-7,1,None
0,-3,-4,-2,24,46,-1,-4,-2,14,11,7,-11,-7,2,None
0,0,1,1,3,-20,-1,0,0,14,11,7,-11,-7,2,None
0,0,4,6,-46,-40,0,-1,-2,14,11,7,-11,-7,2,None
0,-1,2,-11,16,32,-3,-1,-1,14,11,7,-11,-7,2,None
0,-1,-1,4,-8,28,1,0,0,14,11,7,-11,-7,2,None
0,-1,-1,4,-8,28,1,0,0,14,11,7,-11,-7,2,None
0,-1,-1,4,-8,28,1,0,0,14,11,7,-11,-7,1,None
0,-5,-5,2,-22,-24,0,-5,-6,14,11,7,-11,-7,1,None
0,-1,1,-2,10,20,-5,-4,-2,14,11,7,-11,-7,1,None
0,-1,0,4,8,10,-5,-2,-1,14,11,7,-11,-7,1,None
0,-1,0,-1,33,-9,4,-2,-3,14,11,7,-11,-7,1,None
0,-1,0,-1,33,-9,4,-2,-3,14,11,7,-11,-7,1,None
0,-1,0,-1,33,-9,4,-2,-3,14,11,7,-11,-6,1,None
0,-3,-1,-2,-30,39,-1,-2,-3,14,11,7,-11,-6,1,None
0,-1,-2,0,-2,0,-2,1,1,14,11,7,-11,-6,1,None
0,0,-2,3,-5,-39,3,-1,-2,14,11,7,-11,-6,1,None
0,-2,-3,-5,6,4,-1,-1,-4,14,11,7,-11,-6,1,None
0,-2,-3,-5,6,4,-1,-1,-4,14,11,7,-11,-6,1,None
0,-2,-3,-5,6,4,-1,-1,-4,14,11,7,-11,-5,0,None
0,-1,2,0,13,1,-7,-2,-2,14,11,7,-11,-5,0,None
0,-2,8,-2,-7,13,3,-4,-4,14,11,7,-11,-5,0,None
0,-2,-3,-1,4,-11,-2,0,0,14,11,7,-11,-5,0,None
0,-1,-1,4,-33,27,-1,0,1,14,11,7,-11,-5,0,None
0,-1,-1,4,-33,27,-1,0,1,14,11,8,-11,-5,0,None
0,-1,-1,4,-33,27,-1,0,1,14,11,8,-11,-6,0,None
0,-3,-5,-12,49,-32,-2,-3,-1,14,11,8,-11,-6,0,None
0,0,3,7,-56,-21,-6,-2,-1,14,11,8,-11,-6,0,None
0,-1,0,3,28,15,9,3,-1,14,11,8,-11,-6,0,None
0,1,4,-2,-21,-34,1,1,-1,14,11,8,-11,-6,0,None
0,1,4,-2,-21,-34,1,1,-1,14,11,8,-11,-6,0,None
0,1,4,-2,-21,-34,1,1,-1,14,11,8,-10,-7,0,None
0,0,3,5,5,17,3,0,0,14,11,8,-10,-7,0,None
0,-2,-1,-5,-20,-3,-2,-2,-2,14,11,8,-10,-7,0,None
0,0,2,2,-1,-3,-5,-2,0,14,11,8,-10,-7,0,None
0,-2,-1,-7,-14,-52,-3,-2,-2,14,11,8,-10,-7,0,None
0,-2,-1,-7,-14,-52,-3,-2,-2,15,11,8,-10,-7,0,None
0,-2,-1,-7,-14,-52,-3,-2,-2,15,11,8,-9,-7,0,None
0,-1,1,-7,-4,-3,0,1,-2,15,11,8,-9,-7,0,None
0,-2,-6,-9,32,-3,-3,-1,-1,15,11,8,-9,-7,0,None
0,0,-1,-7,-10,9,4,-1,-1,15,11,8,-9,-7,0,None
0,-2,3,0,4,-14,1,-1,-2,15,11,8,-9,-7,0,None
0,-2,3,0,4,-14,1,-1,-2,15,11,8,-9,-7,0,None
0,-2,3,0,4,-14,1,-1,-2,15,11,8,-9,-6,-1,None
0,0,1,2,21,14,-5,-3,-1,15,11,8,-9,-6,-1,None
0,1,-1,-13,-2,-12,0,-1,0,15,11,8,-9,-6,-1,None
0,0,-1,-8,-8,41,-4,-3,-1,15,11,8,-9,-6,-1,None
0,0,2,4,-2,-17,-1,-1,-1,15,11,8,-9,-6,-1,None
0,0,2,4,-2,-17,-1,-1,-1,15,11,8,-9,-6,-1,None
0,0,2,4,-2,-17,-1,-1,-1,15,11,8,-9,-7,-2,None
0,-1,1,1,8,8,5,-2,3,15,11,8,-9,-7,-2,None
0,-1,0,2,-11,-9,5,2,-9,15,11,8,-9,-7,-2,None
0,-1,0,-5,-5,1,-4,-4,5,15,11,8,-9,-7,-2,None
0,-2,0,-1,-27,6,1,1,2,15,11,8,-9,-7,-2,None
0,-2,0,-1,-27,6,1,1,2,15,12,8,-9,-7,-2,None
0,-2,0,-1,-27,6,1,1,2,15,12,8,-8,-7,-3,None
0,-1,-1,-2,15,8,-4,-4,-2,15,12,8,-8,-7,-3,None
0,-1,1,5,10,18,8,0,-2,15,12,8,-8,-7,-3,None
0,-1,0,-3,-15,-18,-6,-5,-6,15,12,8,-8,-7,-3,None
0,-2,1,2,-3,5,-3,0,-2,15,12,8,-8,-7,-3,None
0,-2,1,2,-3,5,-3,0,-2,15,12,8,-8,-7,-3,None
0,-2,1,2,-3,5,-3,0,-2,15,12,8,-7,-9,-4,None
0,1,0,-1,19,13,6,-4,-9,15,12,8,-7,-9,-4,None
0,-4,0,-8,-34,-13,-6,-19,-3,15,12,8,-7,-9,-4,None
0,2,-1,0,9,-8,0,49,19,15,12,8,-7,-9,-4,None
0,0,-2,-5,12,-5,-4,-5,-1,15,12,8,-7,-9,-4,None
0,0,-2,-5,12,-5,-4,-5,-1,16,12,8,-7,-9,-4,None
0,0,-2,-5,12,-5,-4,-5,-1,16,12,8,-7,-9,-5,None
0,0,2,-4,19,25,0,5,-1,16,12,8,-7,-9,-5,None
0,0,1,-2,-10,-13,-4,-7,7,16,12,8,-7,-9,-5,None
0,-4,-2,-2,13,5,2,-15,-14,16,12,8,-7,-9,-5,None
0,-2,-5,10,16,7,-7,-1,-3,16,12,8,-7,-9,-5,None
0,-2,-5,10,16,7,-7,-1,-3,16,12,8,-7,-9,-5,None
0,-2,-5,10,16,7,-7,-1,-3,16,12,8,-7,-9,-6,None
0,1,-1,-6,-8,-13,0,0,0,16,12,8,-7,-9,-6,None
0,-1,0,3,26,-4,0,-4,-3,16,12,8,-7,-9,-6,None
0,1,4,-5,-45,-39,-4,1,7,16,12,8,-7,-9,-6,None
0,-4,0,3,44,39,-4,-4,-13,16,12,8,-7,-9,-6,None
0,-4,0,3,44,39,-4,-4,-13,16,12,8,-7,-9,-6,None
0,-4,0,3,44,39,-4,-4,-13,16,12,8,-6,-10,-6,None
0,-3,0,4,-5,-1,2,-5,12,16,12,8,-6,-10,-6,None
0,-1,-2,-8,-3,-2,4,9,-11,16,12,8,-6,-10,-6,None
0,-1,1,-1,36,37,1,-14,-2,16,12,8,-6,-10,-6,None
0,-6,0,-7,24,-8,-4,-4,-9,16,12,8,-6,-10,-6,None
0,-6,0,-7,24,-8,-4,-4,-9,16,12,8,-6,-10,-6,None
0,-6,0,-7,24,-8,-4,-4,-9,16,12,8,-5,-11,-7,None
0,-2,-1,5,-54,-18,4,-4,-4,16,12,8,-5,-11,-7,None
0,9,7,-5,15,12,2,23,35,16,12,8,-5,-11,-7,None
0,-1,1,-8,4,-17,2,-9,-12,16,12,8,-5,-11,-7,None
0,-1,3,-12,-16,-16,-4,1,-9,16,12,8,-5,-11,-7,None
0,-1,3,-12,-16,-16,-4,1,-9,17,11,8,-5,-11,-7,None
0,-1,3,-12,-16,-16,-4,1,-9,17,11,8,-3,-12,-8,None
0,0,-8,-15,45,-8,-5,-4,0,17,11,8,-3,-12,-8,None
0,-7,-9,-1,15,21,0,-3,-5,17,11,8,-3,-12,-8,None
0,1,15,6,-14,-29,-10,-19,-10,17,11,8,-3,-12,-8,None
0,0,-10,-12,1,1,0,4,16,17,11,8,-3,-12,-8,None
0,0,-10,-12,1,1,0,4,16,17,11,8,-3,-12,-8,None
0,0,-10,-12,1,1,0,4,16,17,11,8,0,-12,-9,None
0,-1,3,10,4,-1,-6,8,-4,17,11,8,0,-12,-9,None
0,-3,0,-2,-35,-11,-4,-7,-4,17,11,8,0,-12,-9,None
0,-3,-5,-3,59,-8,-5,2,2,17,11,8,0,-12,-9,None
0,-3,2,-9,-22,11,-1,-7,-7,17,11,8,0,-12,-9,None
0,-3,2,-9,-22,11,-1,-7,-7,17,11,8,0,-12,-9,None
0,-3,2,-9,-22,11,-1,-7,-7,17,11,8,2,-13,-11,None
0,-2,3,-7,-28,-12,-7,-2,-5,17,11,8,2,-13,-11,None
0,-4,-4,-6,-70,-14,-4,-3,-10,17,11,8,2,-13,-11,None
0,-1,2,-2,-19,18,7,-2,-2,17,11,8,2,-13,-11,None
0,3,8,8,-58,-25,2,0,6,17,11,8,2,-13,-11,None
0,3,8,8,-58,-25,2,0,6,17,11,8,2,-13,-11,None
0,3,8,8,-58,-25,2,0,6,17,11,8,2,-13,-12,None
0,0,7,-7,-84,26,-1,-6,-6,17,11,8,2,-13,-12,None
0,-3,-3,1,-33,25,-1,-3,-3,17,11,8,2,-13,-12,None
0,1,-10,-17,-128,-5,5,6,3,17,11,8,2,-13,-12,None
0,0,-5,-10,-87,5,1,-1,3,17,11,8,2,-13,-12,None
0,0,-5,-10,-87,5,1,-1,3,0,11,8,2,-13,-12,None
0,0,-5,-10,-87,5,1,-1,3,0,11,8,3,-13,-12,None
0,1,5,-5,-128,5,-1,2,0,0,11,8,3,-13,-12,None
0,0,3,9,-91,19,0,-3,-5,0,11,8,3,-13,-12,None
0,-3,2,18,-111,1,-5,-5,-3,0,11,8,3,-13,-12,None
0,0,7,14,-73,-44,-1,-3,-3,0,11,8,3,-13,-12,None
0,0,7,14,-73,-44,-1,-3,-3,0,11,8,3,-13,-12,None
0,0,7,14,-73,-44,-1,-3,-3,0,11,8,2,-14,-12,None
0,-2,-2,8,-25,-1,-2,-5,-2,0,11,8,2,-14,-12,None
0,-2,1,-1,-9,-23,-10,-3,-3,0,11,8,2,-14,-12,None
0,-4,-4,-6,108,27,1,-4,-3,0,11,8,2,-14,-12,None
0,0,5,4,51,-15,1,-1,2,0,11,8,2,-14,-12,None
0,0,5,4,51,-15,1,-1,2,0,11,8,2,-14,-12,None
0,0,5,4,51,-15,1,-1,2,0,11,8,1,-15,-11,None
0,-2,-2,-8,88,26,-5,-2,-4,0,11,8,1,-15,-11,None
0,-2,-2,0,86,4,3,0,-1,0,11,8,1,-15,-11,None
0,-1,3,7,65,-9,-2,-3,-2,0,11,8,1,-15,-11,None
0,-3,0,-6,66,24,3,0,-3,0,11,8,1,-15,-11,None
0,-3,0,-6,66,24,3,0,-3,0,11,8,1,-15,-11,None
0,-3,0,-6,66,24,3,0,-3,0,11,8,0,-16,-11,None
0,0,0,-3,87,-5,-2,1,1,0,11,8,0,-16,-11,None
0,-1,2,5,79,29,2,0,-2,0,11,8,0,-16,-11,None
0,-1,0,-9,49,13,5,1,-1,0,11,8,0,-16,-11,None
0,-4,-1,-1,48,-15,-5,-1,-2,0,11,8,0,-16,-11,None
0,-4,-1,-1,48,-15,-5,-1,-2,0,11,8,0,-16,-11,None
0,-4,-1,-1,48,-15,-5,-1,-2,0,11,8,0,-17,-10,None
0,-1,-4,-5,45,-12,3,0,1,0,11,8,0,-17,-10,None
0,1,3,-5,51,-27,-1,1,2,0,11,8,0,-17,-10,None
0,1,0,-3,15,16,4,2,0,0,11,8,0,-17,-10,None
0,-4,-4,9,27,18,-2,-7,-4,0,11,8,0,-17,-10,None
0,-4,-4,9,27,18,-2,-7,-4,0,11,8,0,-17,-10,None
0,-4,-4,9,27,18,-2,-7,-4,0,11,8,-1,-18,-9,None
0,0,1,-2,10,3,0,-2,-2,0,11,8,-1,-18,-9,None
0,1,3,-12,10,3,2,0,-2,0,11,8,-1,-18,-9,None
0,-1,-1,-7,10,1,-7,-2,-2,0,11,8,-1,-18,-9,None
0,0,3,4,28,8,1,-1,-2,0,11,8,-1,-18,-9,None
0,0,3,4,28,8,1,-1,-2,0,11,8,-1,-18,-9,None
0,0,3,4,28,8,1,-1,-2,0,11,8,0,-17,-8,None
0,-2,-3,-7,-24,-18,-3,-2,-3,0,11,8,0,-17,-8,None
0,-1,-2,-3,34,18,1,-2,-3,0,11,8,0,-17,-8,None
0,-3,-3,-3,-42,-34,-5,-2,-2,0,11,8,0,-17,-8,None
0,0,3,0,8,14,-1,-1,-1,0,11,8,0,-17,-8,None
0,0,3,0,8,14,-1,-1,-1,0,11,8,0,-17,-8,None
0,0,3,0,8,14,-1,-1,-1,0,11,8,0,-15,-8,None
0,-1,2,0,12,-10,-5,0,0,0,11,8,0,-15,-8,None
0,-1,0,-2,-2,3,1,-3,-1,0,11,8,0,-15,-8,None
0,-2,2,2,14,-24,-2,0,-1,0,11,8,0,-15,-8,None
0,0,-1,-4,-6,17,0,-2,-2,0,11,8,0,-15,-8,None
0,0,-1,-4,-6,17,0,-2,-2,0,11,8,0,-15,-8,None
0,0,-1,-4,-6,17,0,-2,-2,0,11,8,1,-13,-8,None
0,-1,-1,-2,3,-12,-2,-2,1,0,11,8,1,-13,-8,None
0,-2,1,3,-4,-4,-4,-2,-4,0,11,8,1,-13,-8,None
0,-1,-1,-3,11,20,-1,-1,0,0,11,8,1,-13,-8,None
0,2,2,-1,14,-9,-1,2,1,0,11,8,1,-13,-8,None
0,2,2,-1,14,-9,-1,2,1,0,11,8,1,-13,-8,None
0,2,2,-1,14,-9,-1,2,1,0,11,8,1,-12,-8,None
0,-3,-1,2,18,3,2,-3,-3,0,11,8,1,-12,-8,None
0,1,2,-3,-8,-11,0,1,0,0,11,8,1,-12,-8,None
0,-1,2,-1,-24,12,-2,-2,-3,0,11,8,1,-12,-8,None
0,-4,-1,-5,-4,-4,-7,-3,-5,0,11,8,1,-12,-8,None
0,-4,-1,-5,-4,-4,-7,-3,-5,0,11,8,1,-12,-8,None
0,-4,-1,-5,-4,-4,-7,-3,-5,0,11,8,2,-11,-8,None
0,-1,1,1,12,4,2,0,2,0,11,8,2,-11,-8,None
0,0,1,3,4,6,5,0,1,0,11,8,2,-11,-8,None
0,-1,0,-1,3,-19,0,-2,-1,0,11,8,2,-11,-8,None
0,1,1,-1,-10,-4,-3,-1,-1,0,11,8,2,-11,-8,None
0,1,1,-1,-10,-4,-3,-1,-1,0,11,8,2,-11,-8,None
0,1,1,-1,-10,-4,-3,-1,-1,0,11,8,3,-11,-7,None
0,-2,-1,-4,-6,2,-6,-5,-6,0,11,8,3,-11,-7,None
0,-6,-2,0,-1,7,1,-3,-7,0,11,8,3,-11,-7,None
0,3,2,-3,7,-5,-7,-3,5,0,11,8,3,-11,-7,None
0,-4,-2,-4,-3,18,7,-1,-5,0,11,8,3,-11,-7,None
0,-4,-2,-4,-3,18,7,-1,-5,0,11,8,3,-11,-7,None
0,-4,-2,-4,-3,18,7,-1,-5,0,11,8,4,-11,-7,None
0,2,3,0,18,-3,1,6,2,0,11,8,4,-11,-7,None
0,0,0,-4,-1,-17,-16,-8,-1,0,11,8,4,-11,-7,None
0,-10,-6,0,29,9,6,1,-7,0,11,8,4,-11,-7,None
0,1,1,0,45,7,3,0,2,0,11,8,4,-11,-7,None
0,1,1,0,45,7,3,0,2,0,11,8,4,-11,-7,None
0,1,1,0,45,7,3,0,2,0,11,8,4,-11,-6,None
0,0,0,-1,28,5,-1,0,1,0,11,8,4,-11,-6,None
0,1,2,0,17,-3,-1,2,-1,0,11,8,4,-11,-6,None
0,-4,-1,3,13,-2,-4,-4,-6,0,11,8,4,-11,-6,None
0,-1,-1,0,3,-1,-3,-2,1,0,11,8,4,-11,-6,None
0,-1,-1,0,3,-1,-3,-2,1,0,11,8,4,-11,-6,None
0,-1,-1,0,3,-1,-3,-2,1,0,11,8,4,-10,-6,None
0,-1,0,-2,-11,-9,-8,-5,-5,0,11,8,4,-10,-6,None
0,-4,0,-1,-16,1,-6,-4,-11,0,11,8,4,-10,-6,None
0,2,1,3,2,14,13,4,11,0,11,8,4,-10,-6,None
0,1,0,1,-15,5,3,1,1,0,11,8,4,-10,-6,None
0,1,0,1,-15,5,3,1,1,0,11,8,4,-10,-6,None
0,1,0,1,-15,5,3,1,1,0,11,8,4,-11,-6,None
0,1,0,2,-14,-6,-4,-4,-1,0,11,8,4,-11,-6,None
0,-6,-5,0,-21,2,-3,-2,-3,0,11,8,4,-11,-6,None
0,1,2,-6,7,-9,-9,-2,-2,0,11,8,4,-11,-6,None
0,-4,-1,-10,58,-4,-3,2,3,0,11,8,4,-11,-6,None
0,-4,-1,-10,58,-4,-3,2,3,0,12,8,4,-11,-6,None
0,-4,-1,-10,58,-4,-3,2,3,0,12,8,4,-11,-6,None
0,1,2,-7,118,26,17,3,1,0,12,8,4,-11,-6,None
0,-2,-1,-6,127,-15,-2,4,-4,0,12,8,4,-11,-6,None
0,-4,-2,-5,127,-1,-1,0,-3,0,12,8,4,-11,-6,None
0,-2,-1,-8,92,-8,-14,-7,-5,0,12,8,4,-11,-6,None
0,-2,-1,-8,92,-8,-14,-7,-5,0,12,8,4,-11,-6,None
0,-2,-1,-8,92,-8,-14,-7,-5,0,12,8,4,-12,-6,None
0,-2,-2,-7,2,2,-2,-5,-1,0,12,8,4,-12,-6,None
0,1,0,-6,-92,-1,3,2,9,0,12,8,4,-12,-6,None
0,2,3,-4,-128,6,-8,-6,-2,0,12,8,4,-12,-6,None
0,-8,-2,-3,-128,-1,-3,-4,-9,0,12,8,4,-12,-6,None
0,-8,-2,-3,-128,-1,-3,-4,-9,0,12,8,4,-12,-6,None
0,-8,-2,-3,-128,-1,-3,-4,-9,0,12,8,3,-12,-7,None
0,3,3,-2,-128,1,8,7,7,0,12,8,3,-12,-7,None
0,0,0,-7,-110,-1,-4,-8,2,0,12,8,3,-12,-7,None
0,-2,-1,-5,-127,-19,-11,-2,-4,0,12,8,3,-12,-7,None
0,1,-1,-2,-117,13,0,-1,2,0,12,8,3,-12,-7,None
0,1,-1,-2,-117,13,0,-1,2,0,12,8,3,-12,-7,None
0,1,-1,-2,-117,13,0,-1,2,0,12,8,2,-12,-6,None
0,-5,-4,-3,-58,-5,2,-1,-8,0,12,8,2,-12,-6,None
0,1,3,4,-24,10,2,-2,4,0,12,8,2,-12,-6,None
0,-2,-1,0,-16,17,-9,-8,-9,0,12,8,2,-12,-6,None
0,4,3,-1,-14,-37,0,-2,1,0,12,8,2,-12,-6,None
0,4,3,-1,-14,-37,0,-2,1,0,12,8,2,-12,-6,None
0,4,3,-1,-14,-37,0,-2,1,0,12,8,1,-13,-6,None
0,0,-1,-5,-53,-8,-9,0,-4,0,12,8,1,-13,-6,None
0,-1,5,4,14,4,0,-3,-3,0,12,8,1,-13,-6,None
0,2,1,-2,5,-4,-1,-7,-3,0,12,8,1,-13,-6,None
0,3,4,5,6,13,8,5,-2,0,12,8,1,-13,-6,None
0,3,4,5,6,13,8,5,-2,0,12,8,1,-13,-6,None
0,3,4,5,6,13,8,5,-2,0,12,8,1,-13,-5,None
0,-1,1,11,57,7,15,1,1,0,12,8,1,-13,-5,None
0,1,-5,-27,-66,-25,-17,-8,0,0,12,8,1,-13,-5,None
0,-1,1,0,9,-13,9,1,3,0,12,8,1,-13,-5,None
0,2,1,-1,2,40,-5,-5,2,0,12,8,1,-13,-5,None
0,2,1,-1,2,40,-5,-5,2,0,12,8,1,-13,-5,None
0,2,1,-1,2,40,-5,-5,2,0,12,8,1,-14,-6,None
0,0,1,2,-10,-3,7,3,1,0,12,8,1,-14,-6,None
0,-1,-1,-6,-5,5,0,1,-6,0,12,8,1,-14,-6,None
0,-4,-2,-4,7,7,-1,-7,6,0,12,8,1,-14,-6,None
0,-6,-2,0,8,-27,-2,8,-12,0,12,8,1,-14,-6,None
0,-6,-2,0,8,-27,-2,8,-12,0,12,8,1,-14,-6,None
0,-6,-2,0,8,-27,-2,8,-12,0,12,8,0,-14,-5,None
0,0,4,3,100,18,-10,-3,1,0,12,8,0,-14,-5,None
0,-4,-5,6,48,14,4,2,-3,0,12,8,0,-14,-5,None
0,0,1,-3,-117,-6,10,5,2,0,12,8,0,-14,-5,None
0,-15,-13,-23,-30,-27,-24,-6,-13,0,12,8,0,-14,-5,None
0,-15,-13,-23,-30,-27,-24,-6,-13,0,12,8,0,-14,-5,None
0,-15,-13,-23,-30,-27,-24,-6,-13,0,12,8,0,-13,-5,None
0,0,2,-2,-5,-10,-6,-10,-1,0,12,8,0,-13,-5,None
0,0,4,10,38,7,2,4,-1,0,12,8,0,-13,-5,None
0,-1,2,8,59,37,-2,2,-1,0,12,8,0,-13,-5,None
0,2,4,2,-15,-6,-7,-4,1,0,12,8,0,-13,-5,None
0,2,4,2,-15,-6,-7,-4,1,0,12,8,0,-13,-5,None
0,2,4,2,-15,-6,-7,-4,1,0,12,8,0,-14,-4,None
0,-5,-3,-2,16,3,-1,-1,-7,0,12,8,0,-14,-4,None
0,0,-4,-10,34,5,-13,-15,15,0,12,8,0,-14,-4,None
0,0,4,-1,38,-8,-2,6,-19,0,12,8,0,-14,-4,None
0,-1,0,-6,-27,-8,8,2,5,0,12,8,0,-14,-4,None
0,-1,0,-6,-27,-8,8,2,5,0,12,8,0,-14,-4,None
0,-1,0,-6,-27,-8,8,2,5,0,12,8,0,-14,-4,None
0,0,1,-2,-57,1,-9,-8,-5,0,12,8,0,-14,-4,None
0,1,5,11,51,58,4,-6,-1,0,12,8,0,-14,-4,None
0,-7,-7,-13,-16,-63,-26,-5,-10,0,12,8,0,-14,-4,None
0,0,6,-1,51,0,8,-1,4,0,12,8,0,-14,-4,None
0,0,6,-1,51,0,8,-1,4,0,13,8,0,-14,-4,None
0,0,6,-1,51,0,8,-1,4,0,13,8,1,-14,-4,None
0,-4,-3,7,0,12,9,2,1,0,13,8,1,-14,-4,None
0,-2,1,-10,-40,-17,3,1,-5,0,13,8,1,-14,-4,None
0,2,-3,-3,11,24,0,-6,7,0,13,8,1,-14,-4,None
0,8,6,6,15,1,3,7,5,0,13,8,1,-14,-4,None
0,8,6,6,15,1,3,7,5,0,13,8,1,-14,-4,None
0,8,6,6,15,1,3,7,5,0,13,8,2,-15,-3,None
0,-2,3,5,24,38,-5,-2,0,0,13,8,2,-15,-3,None
0,1,1,8,62,9,4,6,-2,0,13,8,2,-15,-3,None
0,-1,0,-4,31,-8,5,2,0,0,13,8,2,-15,-3,None
0,-2,0,-3,-57,-35,-3,-3,-4,0,13,8,2,-15,-3,None
0,-2,0,-3,-57,-35,-3,-3,-4,1,13,8,2,-15,-3,None
0,-2,0,-3,-57,-35,-3,-3,-4,1,13,8,2,-14,-3,None
0,2,2,1,24,22,-2,-10,4,1,13,8,2,-14,-3,None
0,-3,-1,1,1,-2,4,8,-4,1,13,8,2,-14,-3,None
0,-1,0,-4,2,-24,1,-3,-1,1,13,8,2,-14,-3,None
0,1,0,4,74,59,3,-4,-2,1,13,8,2,-14,-3,None
0,1,0,4,74,59,3,-4,-2,1,13,8,2,-14,-3,None
0,1,0,4,74,59,3,-4,-2,1,13,8,2,-15,-3,None
0,-1,-3,-9,-38,-20,-2,1,-6,1,13,8,2,-15,-3,None
0,3,4,0,-33,-12,-4,-6,3,1,13,8,2,-15,-3,None
0,0,0,1,44,32,4,4,1,1,13,8,2,-15,-3,None
0,-6,-2,0,21,24,5,-2,-5,1,13,8,2,-15,-3,None
0,-6,-2,0,21,24,5,-2,-5,1,13,8,2,-15,-3,None
0,-6,-2,0,21,24,5,-2,-5,1,13,8,3,-15,-3,None
0,-2,-4,-19,-84,-107,-7,6,-2,1,13,8,3,-15,-3,None
0,-1,-1,5,19,15,5,-10,-1,1,13,8,3,-15,-3,None
0,4,2,-3,-28,9,7,11,7,1,13,8,3,-15,-3,None
0,3,-1,-5,15,31,-3,-9,4,1,13,8,3,-15,-3,None
0,3,-1,-5,15,31,-3,-9,4,1,13,8,3,-15,-3,None
0,3,-1,-5,15,31,-3,-9,4,1,13,8,4,-15,-2,None
0,0,0,-5,-38,-23,-5,-3,-3,1,13,8,4,-15,-2,None
0,-5,-1,-3,-20,-28,-3,3,0,1,13,8,4,-15,-2,None
0,-3,-2,-7,-47,-2,-7,-11,-10,1,13,8,4,-15,-2,None
0,0,1,5,-58,22,6,-1,0,1,13,8,4,-15,-2,None
0,0,1,5,-58,22,6,-1,0,1,13,8,4,-15,-2,None
0,0,1,5,-58,22,6,-1,0,1,13,8,4,-14,-2,None
0,3,2,-6,25,16,-1,-1,9,1,13,8,4,-14,-2,None
0,-1,-2,-11,-42,-12,-3,0,-4,1,13,8,4,-14,-2,None
0,0,5,12,74,33,12,9,1,1,13,8,4,-14,-2,None
0,-2,6,-4,-10,0,-6,-3,-2,1,13,8,4,-14,-2,None
0,-2,6,-4,-10,0,-6,-3,-2,1,13,8,4,-14,-2,None
0,-2,6,-4,-10,0,-6,-3,-2,1,13,8,5,-13,-2,None
0,-5,0,-2,-12,13,-7,-8,-2,1,13,8,5,-13,-2,None
0,0,0,-1,-13,-15,-4,-2,-1,1,13,8,5,-13,-2,None
0,-1,1,2,54,-9,-1,-6,-3,1,13,8,5,-13,-2,None
0,0,1,-3,-70,-13,-1,-4,1,1,13,8,5,-13,-2,None
0,0,1,-3,-70,-13,-1,-4,1,1,13,8,5,-13,-2,None
0,0,1,-3,-70,-13,-1,-4,1,1,13,8,6,-13,-2,None
0,-1,-1,-7,-32,-1,0,3,-2,1,13,8,6,-13,-2,None
0,-3,4,10,32,18,-6,-7,-15,1,13,8,6,-13,-2,None
0,-4,-3,-7,-27,-7,-7,-1,9,1,13,8,6,-13,-2,None
0,0,3,4,16,-1,2,0,-4,1,13,8,6,-13,-2,None
0,0,3,4,16,-1,2,0,-4,1,13,8,6,-13,-2,None
0,0,3,4,16,-1,2,0,-4,1,13,8,7,-13,-2,None
0,-2,-2,-8,3,2,-3,-2,-5,1,13,8,7,-13,-2,None
0,0,-2,-6,-11,22,1,-3,1,1,13,8,7,-13,-2,None
0,-1,0,2,-19,4,4,-2,-4,1,13,8,7,-13,-2,None
0,1,-1,1,-11,-6,-1,1,-1,1,13,8,7,-13,-2,None
0,1,-1,1,-11,-6,-1,1,-1,1,13,8,7,-13,-2,None
0,1,-1,1,-11,-6,-1,1,-1,1,13,8,7,-12,-1,None
0,-3,2,-4,-14,-3,-3,2,0,1,13,8,7,-12,-1,None
0,0,2,-2,4,-4,4,3,4,1,13,8,7,-12,-1,None
0,-1,3,-3,-8,10,-2,-5,-5,1,13,8,7,-12,-1,None
0,-2,-1,-10,20,-18,-5,-1,-3,1,13,8,7,-12,-1,None
0,-2,-1,-10,20,-18,-5,-1,-3,1,13,8,7,-12,-1,None
0,-2,-1,-10,20,-18,-5,-1,-3,1,13,8,8,-17,-3,None
0,-3,-5,0,21,-3,4,2,-7,1,13,8,8,-17,-3,None
0,0,-1,-10,-8,-26,-1,1,3,1,13,8,8,-17,-3,None
0,-3,0,-5,-11,8,2,-2,-5,1,13,8,8,-17,-3,None
0,0,-1,-5,27,-12,-4,-14,-20,1,13,8,8,-17,-3,None
0,0,-1,-5,27,-12,-4,-14,-20,1,13,8,8,-17,-3,None
0,0,-1,-5,27,-12,-4,-14,-20,1,13,8,10,-17,-1,None
0,-3,-3,5,6,7,-3,8,8,1,13,8,10,-17,-1,None
0,1,0,8,-32,-12,2,8,20,1,13,8,10,-17,-1,None
0,0,-1,0,23,-7,-5,-4,2,1,13,8,10,-17,-1,None
0,-2,-2,5,31,5,1,1,3,1,13,8,10,-17,-1,None
0,-2,-2,5,31,5,1,1,3,1,13,8,10,-17,-1,None
0,-2,-2,5,31,5,1,1,3,1,13,8,6,-9,-2,None
0,-2,2,2,-2,3,1,-8,-15,1,13,8,6,-9,-2,None
0,-3,0,-4,17,-6,-4,-4,-9,1,13,8,6,-9,-2,None
0,-1,0,-1,-22,-29,-1,2,2,1,13,8,6,-9,-2,None
0,-1,-3,-5,-6,9,-4,-7,-4,1,13,8,6,-9,-2,None
0,-1,-3,-5,-6,9,-4,-7,-4,1,13,8,6,-9,-2,None
0,-1,-3,-5,-6,9,-4,-7,-4,1,13,8,7,-11,-1,None
0,0,3,-1,19,15,3,0,-4,1,13,8,7,-11,-1,None
0,-3,1,-4,-5,21,1,4,1,1,13,8,7,-11,-1,None
0,-1,2,-3,-1,3,-2,-5,-5,1,13,8,7,-11,-1,None
0,-2,0,0,8,-3,1,2,3,1,13,8,7,-11,-1,None
0,-2,0,0,8,-3,1,2,3,1,13,8,7,-11,-1,None
0,-2,0,0,8,-3,1,2,3,1,13,8,8,-13,0,None
0,0,2,0,6,-4,-5,-4,1,1,13,8,8,-13,0,None
0,-2,-1,-3,2,-1,-1,0,-8,1,13,8,8,-13,0,None
0,-1,0,-1,2,6,-2,-6,-3,1,13,8,8,-13,0,None
0,-2,-2,-4,6,2,-1,0,1,1,13,8,8,-13,0,None
0,-2,-2,-4,6,2,-1,0,1,1,13,8,8,-13,0,None
0,-2,-2,-4,6,2,-1,0,1,1,13,8,8,-13,-1,None
0,1,3,1,9,3,-2,0,2,1,13,8,8,-13,-1,None
0,-3,1,-6,-16,-16,-1,-3,-7,1,13,8,8,-13,-1,None
0,-1,-1,-3,-8,-5,-3,0,0,1,13,8,8,-13,-1,None
0,0,2,2,21,-11,2,4,1,1,13,8,8,-13,-1,None
0,0,2,2,21,-11,2,4,1,1,13,8,8,-13,-1,None
0,0,2,2,21,-11,2,4,1,1,13,8,8,-12,-2,None
0,0,-3,-8,-9,27,-5,-6,4,1,13,8,8,-12,-2,None
0,-2,1,-2,6,9,-1,-1,-11,1,13,8,8,-12,-2,None
0,0,1,-3,-4,-5,0,-2,-2,1,13,8,8,-12,-2,None
0,0,0,-1,14,-1,1,1,2,1,13,8,8,-12,-2,None
0,0,0,-1,14,-1,1,1,2,1,13,8,8,-12,-2,None
0,0,0,-1,14,-1,1,1,2,1,13,8,7,-12,-2,None
0,-2,-1,-3,17,-16,-4,-2,-3,1,13,8,7,-12,-2,None
0,1,1,-4,-33,-13,-2,-5,1,1,13,8,7,-12,-2,None
0,-5,-2,-1,5,19,-2,0,-8,1,13,8,7,-12,-2,None
0,-1,-3,-4,-5,2,2,3,-1,1,13,8,7,-12,-2,None
0,-1,-3,-4,-5,2,2,3,-1,1,13,8,7,-12,-2,None
0,-1,-3,-4,-5,2,2,3,-1,1,13,8,7,-12,-1,None
0,1,7,-1,10,-4,-3,-2,0,1,13,8,7,-12,-1,None
0,1,1,-3,18,8,-1,0,-2,1,13,8,7,-12,-1,None
0,1,20,-2,-7,-13,-4,-4,-1,1,13,8,7,-12,-1,None
0,-2,-6,-4,-4,2,-3,-4,1,1,13,8,7,-12,-1,None
0,-2,-6,-4,-4,2,-3,-4,1,1,13,8,7,-12,-1,None
0,-2,-6,-4,-4,2,-3,-4,1,1,13,8,7,-13,-1,None
0,-3,-1,1,17,1,1,-1,-3,1,13,8,7,-13,-1,None
0,-3,-3,-3,-14,-16,-3,-3,-2,1,13,8,7,-13,-1,None
0,-2,-3,-4,-13,5,-2,-3,-2,1,13,8,7,-13,-1,None
0,-1,2,-3,2,8,1,3,0,1,13,8,7,-13,-1,None
0,-1,2,-3,2,8,1,3,0,1,13,8,7,-13,-1,None
0,-1,2,-3,2,8,1,3,0,1,13,8,7,-13,-1,None
0,-3,-3,-3,-14,-2,2,0,0,1,13,8,7,-13,-1,None
0,1,4,0,-1,-3,-1,-1,-1,1,13,8,7,-13,-1,None
0,1,-3,-2,3,-6,-1,-2,1,1,13,8,7,-13,-1,None
0,0,3,-2,-3,3,0,-3,0,1,13,8,7,-13,-1,None
0,0,3,-2,-3,3,0,-3,0,1,13,8,7,-13,-1,None
0,0,3,-2,-3,3,0,-3,0,1,13,8,7,-12,-2,None
0,-2,-1,-3,-9,-3,-1,-1,-5,1,13,8,7,-12,-2,None
0,-2,0,-2,6,0,-2,-2,-3,1,13,8,7,-12,-2,None
0,-2,-4,-2,-1,4,0,0,-1,1,13,8,7,-12,-2,None
0,-1,0,1,-7,-15,-1,-2,2,1,13,8,7,-12,-2,None
0,-1,0,1,-7,-15,-1,-2,2,1,13,8,7,-12,-2,None
0,-1,0,1,-7,-15,-1,-2,2,1,13,8,7,-12,-2,None
0,-1,3,-6,16,-3,-5,-9,-6,1,13,8,7,-12,-2,None
0,-2,1,-1,-5,18,3,3,-1,1,13,8,7,-12,-2,None
0,-1,-3,-2,-6,1,0,-1,1,1,13,8,7,-12,-2,None
0,1,4,-1,-5,-5,0,0,0,1,13,8,7,-12,-2,None
0,1,4,-1,-5,-5,0,0,0,1,13,8,7,-12,-2,None
0,1,4,-1,-5,-5,0,0,0,1,13,8,7,-12,-2,None
0,1,-1,0,1,-6,-1,-1,-1,1,13,8,7,-12,-2,None
0,0,0,0,10,1,-2,-2,-2,1,13,8,7,-12,-2,None
0,0,-3,-2,-2,-4,0,0,-2,1,13,8,7,-12,-2,None
0,0,1,-2,0,2,-2,-2,-2,1,13,8,7,-12,-2,None
0,0,1,-2,0,2,-2,-2,-2,1,13,8,7,-12,-2,None
0,0,1,-2,0,2,-2,-2,-2,1,13,8,7,-12,-2,None
0,-2,0,-1,2,7,1,0,1,1,13,8,7,-12,-2,None
0,-3,-2,-2,9,3,-3,-3,-3,1,13,8,7,-12,-2,None
0,1,1,-2,-29,-20,-1,-1,1,1,13,8,7,-12,-2,None
0,-3,0,-2,14,10,-3,-3,-2,1,13,8,7,-12,-2,None
0,-3,0,-2,14,10,-3,-3,-2,1,13,8,7,-12,-2,None
0,-3,0,-2,14,10,-3,-3,-2,1,13,8,7,-12,-2,None
0,-2,0,-1,-8,8,-1,-4,-3,1,13,8,7,-12,-2,None
0,-2,-2,-4,-3,-3,0,1,-2,1,13,8,7,-12,-2,None
0,-1,-1,-1,1,-2,-2,-3,-2,1,13,8,7,-12,-2,None
0,-2,2,-1,-4,0,-1,-1,-2,1,13,8,7,-12,-2,None
0,-2,2,-1,-4,0,-1,-1,-2,1,13,8,7,-12,-2,None
0,-2,2,-1,-4,0,-1,-1,-2,1,13,8,7,-12,-2,None
0,0,-1,-2,-6,-1,-2,1,-1,1,13,8,7,-12,-2,None
0,-1,1,-1,8,3,-2,-3,-2,1,13,8,7,-12,-2,None
0,-2,0,-2,6,6,0,-1,-2,1,13,8,7,-12,-2,None
0,-4,-6,-1,3,-6,-2,-5,-3,1,13,8,7,-12,-2,None
0,-4,-6,-1,3,-6,-2,-5,-3,1,13,8,7,-12,-2,None
0,-4,-6,-1,3,-6,-2,-5,-3,1,13,8,7,-12,-2,None
0,8,20,2,5,18,1,4,1,1,13,8,7,-12,-2,None
0,-10,-32,-13,-30,-16,-5,-6,-5,1,13,8,7,-12,-2,None
0,-2,-4,0,5,11,1,0,-1,1,13,8,7,-12,-2,None
0,0,-1,-3,3,-2,-1,-4,0,1,13,8,7,-12,-2,None
0,0,-1,-3,3,-2,-1,-4,0,1,13,8,7,-12,-2,None
0,0,-1,-3,3,-2,-1,-4,0,1,13,8,7,-12,-2,None
0,-3,-6,-1,-3,-11,0,1,-1,1,13,8,7,-12,-2,None
0,3,11,1,9,-1,0,-1,1,1,13,8,7,-12,-2,None
0,-1,2,-3,-1,2,-1,-2,-2,1,13,8,7,-12,-2,None
0,-2,-3,-4,-7,-1,-2,-1,-1,1,13,8,7,-12,-2,None
0,-2,-3,-4,-7,-1,-2,-1,-1,1,13,8,7,-12,-2,None
0,-2,-3,-4,-7,-1,-2,-1,-1,1,13,8,7,-12,-2,None
0,-2,2,-2,0,-3,-2,-3,-2,1,13,8,7,-12,-2,None
0,0,6,-1,9,3,-5,-6,-1,1,13,8,7,-12,-2,None
0,-1,-1,-1,6,9,0,2,1,1,13,8,7,-12,-2,None
0,-1,5,-1,-1,6,4,1,-2,1,13,8,7,-12,-2,None
0,-1,5,-1,-1,6,4,1,-2,1,13,8,7,-12,-2,None
0,-1,5,-1,-1,6,4,1,-2,1,13,8,7,-12,-2,None
0,-3,-3,-1,-3,14,2,-1,-2,1,13,8,7,-12,-2,None
0,-2,3,-1,3,9,-2,-3,-2,1,13,8,7,-12,-2,None
0,0,0,-2,7,-7,-2,-2,-1,1,13,8,7,-12,-2,None
0,0,2,-1,-5,-13,-3,0,-2,1,13,8,7,-12,-2,None
0,0,2,-1,-5,-13,-3,0,-2,1,13,8,7,-12,-2,None
0,0,2,-1,-5,-13,-3,0,-2,1,13,8,7,-12,-2,None
0,-4,-2,-3,-2,-7,-2,-2,-3,1,13,8,7,-12,-2,None
0,-1,2,-1,-2,-2,0,-3,-1,1,13,8,7,-12,-2,None
0,-2,2,-4,-12,-98,4,3,-2,1,13,8,7,-12,-2,None
0,0,2,3,35,103,-2,0,-1,1,13,8,7,-12,-2,None
0,0,2,3,35,103,-2,0,-1,1,13,8,7,-12,-2,None
0,0,2,3,35,103,-2,0,-1,1,13,8,7,-12,-2,None
0,-2,-3,-4,2,3,-1,-4,-2,1,13,8,7,-12,-2,None
0,0,2,-2,-17,0,0,3,-2,1,13,8,7,-12,-2,None
0,-1,-1,-2,-5,7,1,-3,0,1,13,8,7,-12,-2,None
0,0,0,-2,-12,-31,-1,-2,-1,1,13,8,7,-12,-2,None
0,0,0,-2,-12,-31,-1,-2,-1,1,13,8,7,-12,-2,None
0,0,0,-2,-12,-31,-1,-2,-1,1,13,8,7,-12,-2,None
0,-2,-2,0,16,-5,0,0,-1,1,13,8,7,-12,-2,None
0,1,4,2,30,9,-1,-1,0,1,13,8,7,-12,-2,None
0,0,0,-4,-31,13,-5,-2,-1,1,13,8,7,-12,-2,None
0,-4,-4,-7,2,-13,1,-1,-3,1,13,8,7,-12,-2,None
0,-4,-4,-7,2,-13,1,-1,-3,1,13,8,7,-12,-2,None
0,-4,-4,-7,2,-13,1,-1,-3,1,13,8,7,-12,-2,None
0,-2,1,-1,-4,3,-1,-2,0,1,13,8,7,-12,-2,None
0,-1,1,-1,4,1,3,2,-2,1,13,8,7,-12,-2,None
0,-1,-1,0,17,22,-2,-4,-2,1,13,8,7,-12,-2,None
0,2,4,-2,-3,-7,-1,-1,0,1,13,8,7,-12,-2,None
0,2,4,-2,-3,-7,-1,-1,0,1,13,8,7,-12,-2,None
0,2,4,-2,-3,-7,-1,-1,0,1,13,8,7,-12,-2,None
0,-3,-5,-4,-1,-6,0,0,0,1,13,8,7,-12,-2,None
0,-1,7,-2,-30,-20,-2,0,1,1,13,8,7,-12,-2,None
0,0,2,3,25,33,0,-3,-2,1,13,8,7,-12,-2,None
0,-2,-1,-4,-29,-5,-2,0,-3,1,13,8,7,-12,-2,None
0,-2,-1,-4,-29,-5,-2,0,-3,1,13,8,7,-12,-2,None
0,-2,-1,-4,-29,-5,-2,0,-3,1,13,8,7,-12,-2,None
0,-1,-1,-1,1,-10,-3,-3,-2,1,13,8,7,-12,-2,None
0,-1,-2,-2,4,-3,-1,-2,-1,1,13,8,7,-12,-2,None
0,0,0,-1,3,17,-3,-2,0,1,13,8,7,-12,-2,None
0,-1,1,-3,-7,-15,-3,-1,-2,1,13,8,7,-12,-2,None
0,-1,1,-3,-7,-15,-3,-1,-2,1,13,8,7,-12,-2,None
0,-1,1,-3,-7,-15,-3,-1,-2,1,13,8,7,-12,-2,None
0,0,0,-3,-9,6,-1,0,-2,1,13,8,7,-12,-2,None
0,-1,2,0,12,-1,-1,-2,-1,1,13,8,7,-12,-2,None
0,-4,-2,-5,-7,-5,2,2,-5,1,13,8,7,-12,-2,None
0,-1,1,3,9,-1,-1,0,-1,1,13,8,7,-12,-2,None
0,-1,1,3,9,-1,-1,0,-1,1,13,8,7,-12,-2,None
0,-1,1,3,9,-1,-1,0,-1,1,13,8,8,-12,-2,None
0,-1,1,-4,16,2,0,-1,0,1,13,8,8,-12,-2,None
0,-2,-1,-3,-9,8,-1,-2,-3,1,13,8,8,-12,-2,None
0,-1,-1,-1,4,3,-2,-3,-2,1,13,8,8,-12,-2,None
0,0,-1,-3,-4,-2,0,-1,-1,1,13,8,8,-12,-2,None
0,0,-1,-3,-4,-2,0,-1,-1,1,13,8,8,-12,-2,None
0,0,-1,-3,-4,-2,0,-1,-1,1,13,8,7,-12,-2,None
0,0,3,1,-3,-5,-2,0,-1,1,13,8,7,-12,-2,None
0,-2,1,-1,3,-2,-2,-1,-2,1,13,8,7,-12,-2,None
0,-1,2,-4,-3,2,-3,-1,-2,1,13,8,7,-12,-2,None
0,4,-1,-1,6,-6,0,-1,-2,1,13,8,7,-12,-2,None
0,4,-1,-1,6,-6,0,-1,-2,1,13,8,7,-12,-2,None
0,4,-1,-1,6,-6,0,-1,-2,1,13,8,7,-12,-2,None
0,-1,0,-3,-9,5,4,0,-1,1,13,8,7,-12,-2,None
0,1,9,2,30,0,0,1,-1,1,13,8,7,-12,-2,None
0,-8,-11,-9,-15,8,-6,-5,-3,1,13,8,7,-12,-2,None
0,-2,-2,-4,-7,-4,-1,-1,-2,1,13,8,7,-12,-2,None
0,-2,-2,-4,-7,-4,-1,-1,-2,1,13,8,7,-12,-2,None
0,-2,-2,-4,-7,-4,-1,-1,-2,1,13,8,7,-12,-2,None
0,-1,0,-2,-13,9,-2,-2,-3,1,13,8,7,-12,-2,None
0,0,-5,-3,-1,-2,0,-3,-2,1,13,8,7,-12,-2,None
0,2,5,0,3,-11,0,1,1,1,13,8,7,-12,-2,None
0,-1,4,-2,-2,-3,0,-3,-1,1,13,8,7,-12,-2,None
0,-1,4,-2,-2,-3,0,-3,-1,1,13,8,7,-12,-2,None
0,-1,4,-2,-2,-3,0,-3,-1,1,13,8,7,-12,-2,None
0,-3,-3,-3,-2,2,-2,-2,-2,1,13,8,7,-12,-2,None
0,-3,4,0,-3,-5,-2,-1,-2,1,13,8,7,-12,-2,None
0,1,3,0,2,3,-2,-1,0,1,13,8,7,-12,-2,None
0,-3,-1,-2,-4,0,-3,-2,-1,1,13,8,7,-12,-2,None
0,-3,-1,-2,-4,0,-3,-2,-1,1,13,8,7,-12,-2,None
0,-3,-1,-2,-4,0,-3,-2,-1,1,13,8,7,-12,-2,None
0,-2,3,-1,7,-1,-1,0,-1,1,13,8,7,-12,-2,None
0,3,0,0,-14,-2,0,1,0,1,13,8,7,-12,-2,None
0,-2,-1,-3,8,10,0,-3,-3,1,13,8,7,-12,-2,None
0,-3,-1,-3,4,10,0,-2,-2,1,13,8,7,-12,-2,None
0,-3,-1,-3,4,10,0,-2,-2,1,13,8,7,-12,-2,None
0,-3,-1,-3,4,10,0,-2,-2,1,13,8,7,-12,-2,None
0,-1,1,-1,-2,-4,-1,-2,-1,1,13,8,7,-12,-2,None
0,-1,-1,-2,-4,2,-2,-3,-2,1,13,8,7,-12,-2,None
0,0,-1,-1,1,-2,0,2,-2,1,13,8,7,-12,-2,None
0,-3,2,1,3,-9,-1,-2,-3,1,13,8,7,-12,-2,None
0,-3,2,1,3,-9,-1,-2,-3,1,13,8,7,-12,-2,None
0,-3,2,1,3,-9,-1,-2,-3,1,13,8,7,-12,-2,None
0,-1,0,-3,-4,-1,0,0,-2,1,13,8,7,-12,-2,None
0,0,-2,-1,3,9,0,-1,-1,1,13,8,7,-12,-2,None
0,0,3,-2,-9,-1,-2,-2,-1,1,13,8,7,-12,-2,None
0,-2,-1,-4,0,0,-4,-3,-2,1,13,8,7,-12,-2,None
0,-2,-1,-4,0,0,-4,-3,-2,1,13,8,7,-12,-2,None
0,-2,-1,-4,0,0,-4,-3,-2,1,13,8,7,-12,-2,None
0,-1,1,-1,-6,-4,-2,-2,-1,1,13,8,7,-12,-2,None
0,-3,-2,-4,1,3,-1,-2,0,1,13,8,7,-12,-2,None
0,-2,1,1,0,-5,-1,-2,0,1,13,8,7,-12,-2,None
0,-2,-3,-2,-3,-1,1,2,0,1,13,8,7,-12,-2,None
0,-2,-3,-2,-3,-1,1,2,0,1,13,8,7,-12,-2,None
0,-2,-3,-2,-3,-1,1,2,0,1,13,8,7,-12,-2,None
0,-2,8,0,1,4,-2,-1,-4,1,13,8,7,-12,-2,None
0,-3,-22,-6,-6,-3,-1,0,-1,1,13,8,7,-12,-2,None
0,-1,2,-2,-7,6,3,-2,-1,1,13,8,7,-12,-2,None
0,-1,2,-1,-1,-3,0,1,0,1,13,8,7,-12,-2,None
0,-1,2,-1,-1,-3,0,1,0,1,13,8,7,-12,-2,None
0,-1,2,-1,-1,-3,0,1,0,1,13,8,7,-12,-2,None
0,-1,-4,-2,-2,-5,-1,-1,-1,1,13,8,7,-12,-2,None
0,-1,5,-1,1,3,0,-2,-2,1,13,8,7,-12,-2,None
0,0,1,-1,2,-1,-2,-2,-1,1,13,8,7,-12,-2,None
0,-1,-3,-2,-2,-2,-2,-2,0,1,13,8,7,-12,-2,None
0,-1,-3,-2,-2,-2,-2,-2,0,1,13,8,7,-12,-2,None
0,-1,-3,-2,-2,-2,-2,-2,0,1,13,8,7,-12,-2,None
0,-2,0,-1,-1,-6,1,1,-1,1,13,8,7,-12,-2,None
0,-4,3,-4,-8,18,-1,-1,-2,1,13,8,7,-12,-2,None
0,3,0,-2,5,-6,-1,-3,-2,1,13,8,7,-12,-2,None
0,0,4,0,0,5,-1,-3,-5,1,13,8,7,-12,-2,None
0,0,4,0,0,5,-1,-3,-5,1,13,8,7,-12,-2,None
0,0,4,0,0,5,-1,-3,-5,1,13,8,7,-12,-2,None
0,1,-1,-2,-2,-3,-1,-1,0,1,13,8,7,-12,-2,None
0,-1,2,-2,1,1,1,0,0,1,13,8,7,-12,-2,None
0,-2,0,0,1,-3,-2,1,0,1,13,8,7,-12,-2,None
0,-2,0,-1,-2,-1,-1,-1,-3,1,13,8,7,-12,-2,None
0,-2,0,-1,-2,-1,-1,-1,-3,1,13,8,7,-12,-2,None
0,-2,0,-1,-2,-1,-1,-1,-3,1,13,8,7,-12,-2,None
0,-1,0,-3,2,6,-3,-2,-2,1,13,8,7,-12,-2,None
0,-1,2,1,-2,-10,-4,-2,-3,1,13,8,7,-12,-2,None
0,-3,-2,-1,19,-1,-3,-5,0,1,13,8,7,-12,-2,None
0,-1,3,-4,-44,18,3,2,-4,1,13,8,7,-12,-2,None
0,-1,3,-4,-44,18,3,2,-4,1,13,8,7,-12,-2,None
0,-1,3,-4,-44,18,3,2,-4,1,13,8,7,-12,-2,None
0,-2,-3,-4,-1,0,-2,-4,-1,1,13,8,7,-12,-2,None
0,0,5,0,4,-1,1,-2,-1,1,13,8,7,-12,-2,None
0,1,0,-3,-6,-9,-2,0,-1,1,13,8,7,-12,-2,None
0,1,2,0,13,-4,-2,-1,1,1,13,8,7,-12,-2,None
0,1,2,0,13,-4,-2,-1,1,1,13,8,7,-12,-2,None
0,1,2,0,13,-4,-2,-1,1,1,13,8,7,-12,-2,None
0,0,1,-2,-2,1,-2,-1,0,1,13,8,7,-12,-2,None
0,-1,-2,-4,-5,-1,-1,-1,-2,1,13,8,7,-12,-2,None
0,-2,1,-1,3,3,0,-1,-2,1,13,8,7,-12,-2,None
0,-1,-1,-2,3,-6,-4,-3,-3,1,13,8,7,-12,-2,None
0,-1,-1,-2,3,-6,-4,-3,-3,1,13,8,7,-12,-2,None
0,-1,-1,-2,3,-6,-4,-3,-3,1,13,8,7,-12,-2,None
0,-1,1,-1,19,8,1,0,1,1,13,8,7,-12,-2,None
0,-2,0,-5,-19,-4,-3,-2,-1,1,13,8,7,-12,-2,None
0,-4,-2,-2,-13,9,1,-2,-4,1,13,8,7,-12,-2,None
0,0,3,-1,4,-3,0,-1,1,1,13,8,7,-12,-2,None
0,0,3,-1,4,-3,0,-1,1,1,13,8,7,-12,-2,None
0,0,3,-1,4,-3,0,-1,1,1,13,8,7,-12,-2,None
0,-1,-1,-3,0,-4,-1,-2,-3,1,13,8,7,-12,-2,None
0,0,3,0,9,0,2,0,0,1,13,8,7,-12,-2,None
0,2,2,-3,-2,-1,-2,-2,0,1,13,8,7,-12,-2,None
0,-2,-1,-3,1,-1,-2,-2,-2,1,13,8,7,-12,-2,None
0,-2,-1,-3,1,-1,-2,-2,-2,1,13,8,7,-12,-2,None
0,-2,-1,-3,1,-1,-2,-2,-2,1,13,8,7,-12,-2,None
0,0,1,0,-4,0,2,0,1,1,13,8,7,-12,-2,None
0,-2,0,-1,3,0,1,-1,-2,1,13,8,7,-12,-2,None
0,-1,7,-1,-8,-1,-3,-2,-1,1,13,8,7,-12,-2,None
0,3,5,-1,14,-11,-4,0,-1,1,13,8,7,-12,-2,None
0,3,5,-1,14,-11,-4,0,-1,1,13,8,7,-12,-2,None
0,3,5,-1,14,-11,-4,0,-1,1,13,8,7,-12,-2,None
0,-2,-3,-3,6,12,-4,-3,-3,1,13,8,7,-12,-2,None
0,-1,1,-3,5,6,-2,-3,-3,1,13,8,7,-12,-2,None
0,-2,-2,-1,3,1,-2,2,-1,1,13,8,7,-12,-2,None
0,-1,3,-2,-6,-2,0,-1,0,1,13,8,7,-12,-2,None
0,-1,3,-2,-6,-2,0,-1,0,1,13,8,7,-12,-2,None
0,-1,3,-2,-6,-2,0,-1,0,1,13,8,7,-12,-2,None
0,-1,1,-2,-5,-4,-1,0,-2,1,13,8,7,-12,-2,None
0,-1,-2,-2,2,-1,-4,-4,-3,1,13,8,7,-12,-2,None
0,0,2,-1,-1,2,2,0,-1,1,13,8,7,-12,-2,None
0,-4,-3,-3,10,2,-1,-3,-2,1,13,8,7,-12,-2,None
0,-4,-3,-3,10,2,-1,-3,-2,1,13,8,7,-12,-2,None
0,-4,-3,-3,10,2,-1,-3,-2,1,13,8,7,-12,-2,None
0,4,5,0,17,2,2,-1,0,1,13,8,7,-12,-2,None
0,-5,0,-3,-13,-4,-1,-1,-1,1,13,8,7,-12,-2,None
0,-2,-3,-4,-19,-1,-1,0,0,1,13,8,7,-12,-2,None
0,-4,-2,-2,4,16,-2,-2,-5,1,13,8,7,-12,-2,None
0,-4,-2,-2,4,16,-2,-2,-5,1,13,8,7,-12,-2,None
0,-4,-2,-2,4,16,-2,-2,-5,1,13,8,7,-12,-2,None
0,-3,-8,-1,5,1,-1,-2,-3,1,13,8,7,-12,-2,None
0,1,4,0,-3,-2,0,1,0,1,13,8,7,-12,-2,None
0,1,3,-2,2,-3,-2,-1,0,1,13,8,7,-12,-2,None
0,-2,-4,-1,2,-1,0,-2,-1,1,13,8,7,-12,-2,None
0,-2,-4,-1,2,-1,0,-2,-1,1,13,8,7,-12,-2,None
0,-2,-4,-1,2,-1,0,-2,-1,1,13,8,7,-12,-2,None
0,-5,3,-3,-15,-3,1,-1,0,1,13,8,7,-12,-2,None
0,4,3,0,39,7,-2,-1,0,1,13,8,7,-12,-2,None
0,-3,-3,-5,-41,-2,-3,-3,-2,1,13,8,7,-12,-2,None
0,0,-1,1,15,4,1,0,0,1,13,8,7,-12,-2,None
0,0,-1,1,15,4,1,0,0,1,13,8,7,-12,-2,None
0,0,-1,1,15,4,1,0,0,1,13,8,7,-12,-2,None
0,-2,-2,-6,-22,-8,-3,-2,-2,1,13,8,7,-12,-2,None
0,-2,-2,-3,-4,0,-1,-2,0,1,13,8,7,-12,-2,None
0,0,-3,1,16,4,-1,0,-3,1,13,8,7,-12,-2,None
0,1,4,-2,2,-1,0,-1,0,1,13,8,7,-12,-2,None
0,1,4,-2,2,-1,0,-1,0,1,13,8,7,-12,-2,None
0,1,4,-2,2,-1,0,-1,0,1,13,8,7,-12,-2,None
0,-2,0,-2,-5,-2,-2,-2,0,1,13,8,7,-12,-2,None
0,-1,-2,0,-2,2,1,0,0,1,13,8,7,-12,-2,None
0,-2,4,-1,13,3,0,-2,-1,1,13,8,7,-12,-2,None
0,-5,-2,-2,-2,-4,0,-2,0,1,13,8,7,-12,-2,None
0,-5,-2,-2,-2,-4,0,-2,0,1,13,8,7,-12,-2,None
0,-5,-2,-2,-2,-4,0,-2,0,1,13,8,7,-12,-2,None
0,4,1,1,4,2,-4,-1,-2,1,13,8,7,-12,-2,None
0,-2,-1,-3,10,15,-2,-3,-2,1,13,8,7,-12,-2,None
0,-2,-1,-3,10,15,-2,-3,-2,1,13,8,7,-12,-2,None
0,-2,-1,-3,10,15,-2,-3,-2,1,13,8,7,-12,-2,None
0,0,-3,-3,-2,-9,-1,-1,-1,1,13,8,7,-12,-2,None
0,-2,-1,-2,-5,-1,-1,-1,-2,1,13,8,7,-12,-2,None
0,-1,2,-1,-2,0,-1,-2,1,1,13,8,7,-12,-2,None
0,0,1,-2,-6,-5,0,-1,-2,1,13,8,7,-12,-2,None
0,-2,2,-1,3,1,-1,-3,-2,1,13,8,7,-12,-2,None
0,-2,-5,-3,-4,-3,-2,0,-2,1,13,8,7,-12,-2,None
0,-2,-5,-3,-4,-3,-2,0,-2,1,13,8,7,-12,-2,None
0,-2,-5,-3,-4,-3,-2,0,-2,1,13,8,7,-12,-2,None
0,1,10,-2,-8,-3,-2,-1,0,1,13,8,7,-12,-2,None
0,-3,1,-2,-16,3,-1,-4,-3,1,13,8,7,-12,-2,None
0,-2,0,-3,14,3,-2,-2,-1,1,13,8,7,-12,-2,None
0,-2,1,-1,-9,0,-1,-2,-2,1,13,8,7,-12,-2,None
0,-2,1,-1,-9,0,-1,-2,-2,1,13,8,7,-12,-2,None
0,-2,1,-1,-9,0,-1,-2,-2,1,13,8,7,-12,-2,None
0,-1,-2,-1,-5,-1,-2,0,1,1,13,8,7,-12,-2,None
0,-1,0,-1,-1,-4,-3,0,-2,1,13,8,7,-12,-2,None
0,-1,0,-2,3,2,-1,-1,-1,1,13,8,7,-12,-2,None
0,2,1,-3,-5,0,-3,-2,-1,1,13,8,7,-12,-2,None
0,2,1,-3,-5,0,-3,-2,-1,1,13,8,7,-12,-2,None
0,2,1,-3,-5,0,-3,-2,-1,1,13,8,7,-12,-2,None
0,-1,-2,-2,7,2,0,0,-2,1,13,8,7,-12,-2,None
0,-1,0,0,1,-1,0,0,-1,1,13,8,7,-12,-2,None
0,-2,-1,-4,7,10,-1,-2,-2,1,13,8,7,-12,-2,None
0,1,1,-2,3,9,1,-2,0,1,13,8,7,-12,-2,None
0,1,1,-2,3,9,1,-2,0,1,13,8,7,-12,-2,None
0,1,1,-2,3,9,1,-2,0,1,13,8,7,-12,-2,None
0,-3,0,-3,-13,-8,-3,-2,-3,1,13,8,7,-12,-2,None
0,-2,0,-1,2,-3,-1,-1,-1,1,13,8,7,-12,-2,None
0,-1,2,1,-4,-3,-2,-2,-1,1,13,8,7,-12,-2,None
0,-1,2,-2,-2,0,-1,0,-1,1,13,8,7,-12,-2,None
0,-1,2,-2,-2,0,-1,0,-1,1,13,8,7,-12,-2,None
0,-1,2,-2,-2,0,-1,0,-1,1,13,8,7,-12,-2,None
0,-2,-2,-2,8,4,0,0,-2,1,13,8,7,-12,-2,None
0,0,-2,-2,-7,-6,-1,-1,0,1,13,8,7,-12,-2,None
0,-4,-2,1,19,2,-1,-1,0,1,13,8,7,-12,-2,None
0,4,5,-2,-5,2,-3,-1,-2,1,13,8,7,-12,-2,None
0,4,5,-2,-5,2,-3,-1,-2,1,13,8,7,-12,-2,None
0,4,5,-2,-5,2,-3,-1,-2,1,13,8,7,-12,-2,None
0,-1,-3,-1,-12,-3,0,-3,-2,1,13,8,7,-12,-2,None
0,-1,0,-2,-8,1,-1,-1,-1,1,13,8,7,-12,-2,None
0,-1,-1,-2,11,9,1,-2,-2,1,13,8,7,-12,-2,None
0,-2,0,0,-1,-9,-3,0,-1,1,13,8,7,-12,-2,None
0,-2,0,0,-1,-9,-3,0,-1,1,13,8,7,-12,-2,None
0,-2,0,0,-1,-9,-3,0,-1,1,13,8,7,-12,-2,None
0,0,1,0,-6,-1,0,-1,0,1,13,8,7,-12,-2,None
0,1,-1,-1,8,1,-1,0,-1,1,13,8,7,-12,-2,None
0,0,2,-3,-19,-4,0,0,-3,1,13,8,7,-12,-2,None
0,-1,0,-2,8,-2,-1,-2,-2,1,13,8,7,-12,-2,None
0,-1,0,-2,8,-2,-1,-2,-2,1,13,8,7,-12,-2,None
0,-1,0,-2,8,-2,-1,-2,-2,1,13,8,7,-12,-2,None
0,-1,2,-2,0,3,-2,-3,-2,1,13,8,7,-12,-2,None
0,-4,-1,-3,-5,5,0,-1,0,1,13,8,7,-12,-2,None
0,-1,0,-1,7,-1,-1,0,0,1,13,8,7,-12,-2,None
0,0,-1,-4,-9,-5,-1,-2,-1,1,13,8,7,-12,-2,None
0,0,-1,-4,-9,-5,-1,-2,-1,1,13,8,7,-12,-2,None
0,0,-1,-4,-9,-5,-1,-2,-1,1,13,8,7,-12,-2,None
0,-1,-1,0,3,-1,-1,-3,-1,1,13,8,7,-12,-2,None
0,-1,0,-1,-3,1,-1,-1,-1,1,13,8,7,-12,-2,None
0,0,3,-1,7,0,-1,-2,-1,1,13,8,7,-12,-2,None
0,3,0,-4,-20,-4,0,0,0,1,13,8,7,-12,-2,None
0,3,0,-4,-20,-4,0,0,0,1,13,8,7,-12,-2,None
0,3,0,-4,-20,-4,0,0,0,1,13,8,7,-12,-2,None
0,-5,-7,-3,5,6,-2,-1,-2,1,13,8,7,-12,-2,None
0,2,8,-1,7,3,1,-2,-3,1,13,8,7,-12,-2,None
0,-1,-1,-2,-19,-7,-1,-1,-1,1,13,8,7,-12,-2,None
0,-2,-1,0,7,5,-1,-2,-1,1,13,8,7,-12,-2,None
0,-2,-1,0,7,5,-1,-2,-1,1,13,8,7,-12,-2,None
0,-2,-1,0,7,5,-1,-2,-1,1,13,8,7,-12,-2,None
0,-2,2,-3,-15,-2,-1,-1,-2,1,13,8,7,-12,-2,None
0,-2,-3,-2,-3,2,0,-1,-2,1,13,8,7,-12,-2,None
0,-2,-1,-4,1,-1,-2,-2,-1,1,13,8,7,-12,-2,None
0,-4,1,-3,-9,0,-1,0,-1,1,13,8,7,-12,-2,None
0,-4,1,-3,-9,0,-1,0,-1,1,13,8,7,-12,-2,None
0,-4,1,-3,-9,0,-1,0,-1,1,13,8,7,-12,-2,None
0,0,2,-2,12,1,-2,-1,-2,1,13,8,7,-12,-2,None
0,-2,1,1,-6,-5,-2,0,-3,1,13,8,7,-12,-2,None
0,-2,1,1,-6,-5,-2,0,-3,1,13,8,7,-12,-2,None
0,-2,1,1,-6,-5,-2,0,-3,1,13,8,7,-12,-2,None
0,1,-1,-3,-14,1,-1,-2,0,1,13,8,7,-12,-2,None
0,-5,8,-3,3,-4,-2,-2,-3,1,13,8,7,-12,-2,None
0,-1,2,-1,4,-1,-1,-1,-1,1,13,8,7,-12,-2,None
0,-2,-1,-2,1,-2,-1,-2,-1,1,13,8,7,-12,-2,None
0,-2,-1,-2,1,-2,-1,-2,-1,1,13,8,7,-12,-2,None
0,-2,-1,-2,1,-2,-1,-2,-1,1,13,8,7,-12,-2,None
0,-6,1,-1,0,-2,-2,-1,-1,1,13,8,7,-12,-2,None
