0,-1,-1,-5,-13,1,21,-22,-7,1,12,8,6,-16,-7,None
0,-4,0,-1,1,1,-54,-27,-18,1,12,8,6,-16,-7,None
0,-1,-1,-3,-28,37,64,29,7,1,12,8,6,-16,-7,None
0,-1,-1,-3,-28,37,64,29,7,1,12,8,6,-16,-7,None
0,-1,-1,-3,-28,37,64,29,7,1,12,8,4,-18,-6,None
0,-1,-1,-1,1,-39,10,-44,1,1,12,8,4,-18,-6,None
0,-1,3,2,-30,-1,14,9,-12,1,12,8,4,-18,-6,None
0,0,0,2,22,19,7,35,-6,1,12,8,4,-18,-6,None
0,1,-2,-11,-18,-22,-15,-5,-5,1,12,8,4,-18,-6,None
0,1,-2,-11,-18,-22,-15,-5,-5,0,12,8,4,-18,-6,None
0,1,-2,-11,-18,-22,-15,-5,-5,0,12,8,2,-18,-6,None
0,-6,1,3,3,17,-22,5,-13,0,12,8,2,-18,-6,None
0,-5,-3,-4,-13,25,-12,-29,0,0,12,8,2,-18,-6,None
0,1,2,4,-11,-63,11,-37,-4,0,12,8,2,-18,-6,None
0,0,1,4,33,39,6,40,0,0,12,8,2,-18,-6,None
0,0,1,4,33,39,6,40,0,0,12,8,2,-18,-6,None
0,0,1,4,33,39,6,40,0,0,12,8,0,-18,-6,None
0,0,0,-6,-11,-27,-4,4,6,0,12,8,0,-18,-6,None
0,-3,0,-6,1,4,-11,-12,-1,0,12,8,0,-18,-6,None
0,-4,-3,2,-9,17,-67,-31,-6,0,12,8,0,-18,-6,None
0,4,1,-4,7,18,55,48,21,0,12,8,0,-18,-6,None
0,4,1,-4,7,18,55,48,21,0,12,8,0,-18,-6,None
0,4,1,-4,7,18,55,48,21,0,12,8,0,-18,-6,None
0,-3,0,-4,-12,-38,26,-36,-19,0,12,8,0,-18,-6,None
0,0,2,4,-16,-7,5,25,5,0,12,8,0,-18,-6,None
0,-3,0,-5,-37,-16,-16,9,-5,0,12,8,0,-18,-6,None
0,-3,1,4,17,-22,-36,-40,-5,0,12,8,0,-18,-6,None
0,-3,1,4,17,-22,-36,-40,-5,0,12,8,0,-18,-6,None
0,-3,1,4,17,-22,-36,-40,-5,0,12,8,0,-17,-5,None
0,2,2,3,21,-8,29,12,8,0,12,8,0,-17,-5,None
0,0,-2,-8,-25,-10,-1,7,-2,0,12,8,0,-17,-5,None
0,-3,1,0,19,43,9,-11,-13,0,12,8,0,-17,-5,None
0,-3,0,2,1,-5,-30,-10,2,0,12,8,0,-17,-5,None
0,-3,0,2,1,-5,-30,-10,2,17,12,8,0,-17,-5,None
0,-3,0,2,1,-5,-30,-10,2,17,12,8,-1,-17,-5,None
0,-3,-1,-4,1,23,5,-1,-1,17,12,8,-1,-17,-5,None
0,-1,-1,-6,13,-4,-12,-1,4,17,12,8,-1,-17,-5,None
0,-1,0,-5,-21,-29,7,2,1,17,12,8,-1,-17,-5,None
0,-2,2,1,-4,61,-15,-28,-15,17,12,8,-1,-17,-5,None
0,-2,2,1,-4,61,-15,-28,-15,17,12,8,-1,-17,-5,None
0,-2,2,1,-4,61,-15,-28,-15,17,12,8,-3,-16,-5,None
0,-1,2,-2,-23,14,-9,28,-7,17,12,8,-3,-16,-5,None
0,-1,0,-1,23,-51,17,-4,8,17,12,8,-3,-16,-5,None
0,2,3,8,-6,47,21,6,8,17,12,8,-3,-16,-5,None
0,-2,-2,-12,-4,-7,-22,-8,-5,17,12,8,-3,-16,-5,None
0,-2,-2,-12,-4,-7,-22,-8,-5,17,12,8,-3,-16,-5,None
0,-2,-2,-12,-4,-7,-22,-8,-5,17,12,8,-4,-15,-4,None
0,-1,0,0,2,-18,17,-4,11,17,12,8,-4,-15,-4,None
0,-3,-1,-5,-11,-8,-30,-10,-17,17,12,8,-4,-15,-4,None
0,-3,-1,-5,-11,-8,-30,-10,-17,16,12,8,-4,-15,-4,None
0,-3,-1,-5,-11,-8,-30,-10,-17,16,12,8,-5,-13,-4,None
0,-2,0,-2,10,22,20,10,5,16,12,8,-5,-13,-4,None
0,-3,-1,-6,6,-3,-7,-5,-1,16,12,8,-5,-13,-4,None
0,1,3,-1,-16,-28,5,-5,-1,16,12,8,-5,-13,-4,None
0,-2,-2,-3,10,9,-9,3,-18,16,12,8,-5,-13,-4,None
0,-2,-2,-3,10,9,-9,3,-18,16,12,8,-5,-13,-4,None
0,-2,-2,-3,10,9,-9,3,-18,16,12,8,-6,-12,-4,None
0,0,1,1,0,-31,4,-7,9,16,12,8,-6,-12,-4,None
0,-3,1,-1,8,-33,-4,-4,-16,16,12,8,-6,-12,-4,None
0,-2,-1,-6,-11,76,9,6,12,16,12,8,-6,-12,-4,None
0,-2,0,-6,23,2,0,0,0,16,12,8,-6,-12,-4,None
0,-2,0,-6,23,2,0,0,0,16,12,8,-6,-12,-4,None
0,-2,0,-6,23,2,0,0,0,16,12,8,-7,-11,-3,None
0,-1,3,-5,-19,-37,-4,-4,-27,16,12,8,-7,-11,-3,None
0,0,-2,-3,3,-95,-12,-3,11,16,12,8,-7,-11,-3,None
0,-6,4,12,6,7,1,-4,-18,16,12,8,-7,-11,-3,None
0,0,4,0,-40,-10,-5,-6,5,16,12,8,-7,-11,-3,None
0,0,4,0,-40,-10,-5,-6,5,16,12,8,-7,-11,-3,None
0,0,4,0,-40,-10,-5,-6,5,16,12,8,-7,-11,-3,None
0,-6,-11,-16,25,21,-5,0,5,16,12,8,-7,-11,-3,None
0,0,2,-5,-21,4,-2,4,-3,16,12,8,-7,-11,-3,None
0,-2,-2,-4,18,1,-4,-13,-13,16,12,8,-7,-11,-3,None
0,2,2,7,8,83,4,6,13,16,12,8,-7,-11,-3,None
0,2,2,7,8,83,4,6,13,15,12,8,-7,-11,-3,None
0,2,2,7,8,83,4,6,13,15,12,8,-6,-10,-3,None
0,-1,2,3,4,-75,-13,-6,-3,15,12,8,-6,-10,-3,None
0,2,5,5,-58,-23,2,2,-15,15,12,8,-6,-10,-3,None
0,-7,-12,-17,-34,21,4,-21,30,15,12,8,-6,-10,-3,None
0,0,4,3,-22,-23,2,16,-19,15,12,8,-6,-10,-3,None
0,0,4,3,-22,-23,2,16,-19,15,12,8,-6,-10,-3,None
0,0,4,3,-22,-23,2,16,-19,15,12,8,-6,-9,-2,None
0,1,-2,-10,4,1,-4,8,10,15,12,8,-6,-9,-2,None
0,0,1,2,-18,32,-6,2,-2,15,12,8,-6,-9,-2,None
0,6,5,2,-1,-9,-11,-3,5,15,12,8,-6,-9,-2,None
0,-6,-3,-3,24,-11,-8,-13,-5,15,12,8,-6,-9,-2,None
0,-6,-3,-3,24,-11,-8,-13,-5,15,12,8,-6,-9,-2,None
0,-6,-3,-3,24,-11,-8,-13,-5,15,12,8,-6,-8,-2,None
0,-1,-1,0,-48,31,12,-7,-22,15,12,8,-6,-8,-2,None
0,-1,-4,-8,51,-38,-2,7,28,15,12,8,-6,-8,-2,None
0,3,1,2,12,-65,-10,-13,-23,15,12,8,-6,-8,-2,None
0,-1,2,-6,-29,-9,-8,-12,-5,15,12,8,-6,-8,-2,None
0,-1,2,-6,-29,-9,-8,-12,-5,15,12,8,-6,-8,-2,None
0,-1,2,-6,-29,-9,-8,-12,-5,15,12,8,-7,-8,-2,None
0,2,2,0,49,-6,10,41,2,15,12,8,-7,-8,-2,None
0,-3,-3,-16,-43,41,-1,-8,-1,15,12,8,-7,-8,-2,None
0,-2,1,-3,-13,16,2,6,-6,15,12,8,-7,-8,-2,None
0,-1,0,0,36,-92,-10,-6,5,15,12,8,-7,-8,-2,None
0,-1,0,0,36,-92,-10,-6,5,15,12,8,-7,-8,-2,None
0,-1,0,0,36,-92,-10,-6,5,15,12,8,-7,-7,-1,None
0,-1,3,-5,-10,18,-4,3,13,15,12,8,-7,-7,-1,None
0,-3,-1,3,30,37,6,-14,-19,15,12,8,-7,-7,-1,None
0,2,0,-10,14,20,4,19,8,15,12,8,-7,-7,-1,None
0,-1,0,-3,-4,16,2,0,-2,15,12,8,-7,-7,-1,None
0,-1,0,-3,-4,16,2,0,-2,15,12,8,-7,-7,-1,None
0,-1,0,-3,-4,16,2,0,-2,15,12,8,-7,-7,-1,None
0,-4,1,0,-4,11,-7,-22,3,15,12,8,-7,-7,-1,None
0,-2,1,-3,14,9,12,0,-8,15,12,8,-7,-7,-1,None
0,0,-1,-4,-22,-18,-5,1,-1,15,12,8,-7,-7,-1,None
0,0,-1,2,-16,-5,-1,1,2,15,12,8,-7,-7,-1,None
0,0,-1,2,-16,-5,-1,1,2,15,12,8,-7,-7,-1,None
0,0,-1,2,-16,-5,-1,1,2,15,12,8,-7,-7,-1,None
0,0,0,-2,-4,-3,3,-6,-6,15,12,8,-7,-7,-1,None
0,-1,1,-2,-1,29,-9,-3,-15,15,12,8,-7,-7,-1,None
0,-3,-1,-4,23,7,1,-13,5,15,12,8,-7,-7,-1,None
0,-2,-1,-1,3,18,0,3,-3,15,12,8,-7,-7,-1,None
0,-2,-1,-1,3,18,0,3,-3,14,12,8,-7,-7,-1,None
0,-2,-1,-1,3,18,0,3,-3,14,12,8,-8,-7,0,None
0,0,2,-5,-9,-7,-6,-8,6,14,12,8,-8,-7,0,None
0,0,-1,2,2,-6,0,3,3,14,12,8,-8,-7,0,None
0,-2,1,10,44,2,-3,4,-16,14,12,8,-8,-7,0,None
0,-3,2,0,-45,6,-8,0,21,14,12,8,-8,-7,0,None
0,-3,2,0,-45,6,-8,0,21,14,12,7,-8,-7,0,None
0,-3,2,0,-45,6,-8,0,21,14,12,7,-8,-7,0,None
0,-1,-2,-11,2,-4,6,-4,-5,14,12,7,-8,-7,0,None
0,2,1,6,3,-12,-12,-12,21,14,12,7,-8,-7,0,None
0,0,2,0,6,-9,-4,13,-9,14,12,7,-8,-7,0,None
0,-3,-2,3,27,27,10,1,-2,14,12,7,-8,-7,0,None
0,-3,-2,3,27,27,10,1,-2,14,12,7,-8,-7,0,None
0,-3,-2,3,27,27,10,1,-2,14,12,7,-9,-6,1,None
0,0,0,2,-24,-10,-10,-1,17,14,12,7,-9,-6,1,None
0,2,2,2,-34,1,5,8,-1,14,12,7,-9,-6,1,None
0,-3,-2,-5,9,17,1,-10,0,14,12,7,-9,-6,1,None
0,-4,-5,-5,-11,-11,-1,-8,-13,14,12,7,-9,-6,1,None
0,-4,-5,-5,-11,-11,-1,-8,-13,14,12,7,-9,-6,1,None
0,-4,-5,-5,-11,-11,-1,-8,-13,14,12,7,-9,-7,1,None
0,-3,0,7,74,0,-10,-9,-4,14,12,7,-9,-7,1,None
0,1,0,-11,-12,0,13,10,4,14,12,7,-9,-7,1,None
0,-1,2,2,-6,-25,-3,-11,-6,14,12,7,-9,-7,1,None
0,0,2,-4,-19,36,6,5,3,14,12,7,-9,-7,1,None
0,0,2,-4,-19,36,6,5,3,14,12,8,-9,-7,1,None
0,0,2,-4,-19,36,6,5,3,14,12,8,-10,-9,1,None
0,-2,-1,-2,-47,-30,4,-7,-4,14,12,8,-10,-9,1,None
0,-2,4,6,12,-61,-28,-2,-5,14,12,8,-10,-9,1,None
0,0,1,-3,10,13,11,0,1,14,12,8,-10,-9,1,None
0,4,3,2,-18,29,9,2,3,14,12,8,-10,-9,1,None
0,4,3,2,-18,29,9,2,3,14,12,8,-10,-9,1,None
0,4,3,2,-18,29,9,2,3,14,12,8,-11,-7,1,None
0,2,4,2,32,-11,17,5,4,14,12,8,-11,-7,1,None
0,-1,-1,-9,-5,1,-3,2,-3,14,12,8,-11,-7,1,None
0,-5,-4,2,25,28,-9,-8,-3,14,12,8,-11,-7,1,None
0,0,1,4,14,-18,-6,0,1,14,12,8,-11,-7,1,None
0,0,1,4,14,-18,-6,0,1,15,12,8,-11,-7,1,None
0,0,1,4,14,-18,-6,0,1,15,12,8,-12,-7,0,None
0,0,2,-1,-1,52,4,-3,-6,15,12,8,-12,-7,0,None
0,-3,-2,-5,-23,-17,3,-1,-2,15,12,8,-12,-7,0,None
0,0,1,3,3,12,3,-2,-1,15,12,8,-12,-7,0,None
0,0,0,0,0,-79,-6,0,-1,15,12,8,-12,-7,0,None
0,0,0,0,0,-79,-6,0,-1,15,12,8,-12,-7,0,None
0,0,0,0,0,-79,-6,0,-1,15,12,8,-11,-7,0,None
0,-1,-1,-4,33,26,-1,2,-1,15,12,8,-11,-7,0,None
0,-2,-2,-5,-18,24,0,-1,-1,15,12,8,-11,-7,0,None
0,-2,-3,-4,-44,-5,-3,-3,-1,15,12,8,-11,-7,0,None
0,-3,-2,-4,1,18,0,-2,-6,15,12,8,-11,-7,0,None
0,-3,-2,-4,1,18,0,-2,-6,15,12,8,-11,-7,0,None
0,-3,-2,-4,1,18,0,-2,-6,15,12,8,-10,-7,0,None
0,0,1,-3,11,19,-4,-2,-3,15,12,8,-10,-7,0,None
0,-2,0,-3,0,-25,-4,1,-1,15,12,8,-10,-7,0,None
0,-1,2,6,21,39,-2,-6,-3,15,12,8,-10,-7,0,None
0,2,1,-6,19,3,-6,4,3,15,12,8,-10,-7,0,None
0,2,1,-6,19,3,-6,4,3,15,12,8,-10,-7,0,None
0,2,1,-6,19,3,-6,4,3,15,12,8,-10,-7,0,None
0,-1,0,0,-7,-10,0,-4,-4,15,12,8,-10,-7,0,None
0,-1,1,3,11,89,5,-1,-2,15,12,8,-10,-7,0,None
0,-3,-2,-5,-12,-34,-5,-4,-2,15,12,8,-10,-7,0,None
0,0,2,0,17,26,0,0,-1,15,12,8,-10,-7,0,None
0,0,2,0,17,26,0,0,-1,15,12,8,-10,-7,0,None
0,0,2,0,17,26,0,0,-1,15,12,8,-10,-7,0,None
0,-1,0,3,-19,-6,-2,2,6,15,12,8,-10,-7,0,None
0,0,2,-3,20,10,-5,-1,-9,15,12,8,-10,-7,0,None
0,-3,-3,-9,-33,1,-5,-6,-6,15,12,8,-10,-7,0,None
0,0,-1,-8,13,34,8,6,14,15,12,8,-10,-7,0,None
0,0,-1,-8,13,34,8,6,14,15,12,8,-10,-7,0,None
0,0,-1,-8,13,34,8,6,14,15,12,8,-10,-7,0,None
0,-2,1,4,-23,-11,2,-2,-8,15,12,8,-10,-7,0,None
0,-4,-1,3,39,7,3,-4,-5,15,12,8,-10,-7,0,None
0,1,2,-2,-7,-9,-2,3,2,15,12,8,-10,-7,0,None
0,-1,1,-2,-17,-14,-7,-10,0,15,12,8,-10,-7,0,None
0,-1,1,-2,-17,-14,-7,-10,0,15,12,8,-10,-7,0,None
0,-1,1,-2,-17,-14,-7,-10,0,15,12,8,-9,-7,-1,None
0,-1,3,0,8,-1,-2,3,-3,15,12,8,-9,-7,-1,None
0,-1,-1,0,-21,-6,0,-2,1,15,12,8,-9,-7,-1,None
0,0,2,-4,18,2,-4,1,-14,15,12,8,-9,-7,-1,None
0,-2,1,-3,-29,-5,-3,-6,2,15,12,8,-9,-7,-1,None
0,-2,1,-3,-29,-5,-3,-6,2,15,12,8,-9,-7,-1,None
0,-2,1,-3,-29,-5,-3,-6,2,15,12,8,-8,-8,-1,None
0,-1,2,-5,-13,-15,-6,-3,13,15,12,8,-8,-8,-1,None
0,1,0,-1,6,-9,0,-19,17,15,12,8,-8,-8,-1,None
0,1,3,3,11,9,6,37,1,15,12,8,-8,-8,-1,None
0,-1,0,-3,-3,-60,-9,-11,-16,15,12,8,-8,-8,-1,None
0,-1,0,-3,-3,-60,-9,-11,-16,15,12,8,-8,-8,-1,None
0,-1,0,-3,-3,-60,-9,-11,-16,15,12,8,-8,-8,-2,None
0,-4,-3,0,7,10,-5,-25,17,15,12,8,-8,-8,-2,None
0,1,3,-3,2,2,4,31,-4,15,12,8,-8,-8,-2,None
0,-4,-5,-7,10,-5,1,-15,6,15,12,8,-8,-8,-2,None
0,-3,-2,0,30,21,-1,-6,-11,15,12,8,-8,-8,-2,None
0,-3,-2,0,30,21,-1,-6,-11,16,12,8,-8,-8,-2,None
0,-3,-2,0,30,21,-1,-6,-11,16,12,8,-8,-9,-3,None
0,-1,-2,-6,-39,-2,-10,-6,-10,16,12,8,-8,-9,-3,None
0,-2,0,2,4,-13,6,-6,-9,16,12,8,-8,-9,-3,None
0,-4,0,5,-3,4,-5,-10,-1,16,12,8,-8,-9,-3,None
0,-1,-2,-13,33,30,7,9,-5,16,12,8,-8,-9,-3,None
0,-1,-2,-13,33,30,7,9,-5,16,12,8,-8,-9,-3,None
0,-1,-2,-13,33,30,7,9,-5,16,12,8,-7,-10,-4,None
0,-1,0,-8,-32,-16,-8,4,-2,16,12,8,-7,-10,-4,None
0,-2,0,0,22,5,-9,-26,-16,16,12,8,-7,-10,-4,None
0,-4,1,-3,-51,-21,-2,25,-40,16,12,8,-7,-10,-4,None
0,5,5,8,45,1,6,-2,20,16,12,8,-7,-10,-4,None
0,5,5,8,45,1,6,-2,20,16,12,8,-7,-10,-4,None
0,5,5,8,45,1,6,-2,20,16,12,8,-6,-10,-5,None
0,-4,-2,-1,-2,5,3,21,-22,16,12,8,-6,-10,-5,None
0,1,-2,-6,-11,-1,-1,0,9,16,12,8,-6,-10,-5,None
0,1,0,-3,4,6,-4,-18,13,16,12,8,-6,-10,-5,None
0,-1,1,3,-11,-1,-4,4,-1,16,12,8,-6,-10,-5,None
0,-1,1,3,-11,-1,-4,4,-1,16,12,8,-6,-10,-5,None
0,-1,1,3,-11,-1,-4,4,-1,16,12,8,-5,-10,-5,None
0,-2,-1,-2,35,19,8,6,3,16,12,8,-5,-10,-5,None
0,-7,-4,-1,13,0,-4,-3,-10,16,12,8,-5,-10,-5,None
0,2,1,-13,3,7,0,-19,-1,16,12,8,-5,-10,-5,None
0,-4,0,-3,-20,0,-1,1,20,16,12,8,-5,-10,-5,None
0,-4,0,-3,-20,0,-1,1,20,16,12,8,-5,-10,-5,None
0,-4,0,-3,-20,0,-1,1,20,16,12,8,-5,-11,-6,None
0,1,2,4,14,5,4,4,-3,16,12,8,-5,-11,-6,None
0,-5,0,-3,-16,-5,-5,-2,-11,16,12,8,-5,-11,-6,None
0,-1,1,1,-5,-8,-5,-20,-10,16,12,8,-5,-11,-6,None
0,-2,0,-3,-9,7,1,13,-19,16,12,8,-5,-11,-6,None
0,-2,0,-3,-9,7,1,13,-19,17,12,8,-5,-11,-6,None
0,-2,0,-3,-9,7,1,13,-19,17,12,8,-4,-12,-6,None
0,-2,-3,-8,4,-14,1,-4,8,17,12,8,-4,-12,-6,None
0,-3,1,3,6,1,-3,-5,-22,17,12,8,-4,-12,-6,None
0,1,-1,-4,-27,-1,2,-10,20,17,12,8,-4,-12,-6,None
0,-2,2,1,0,-5,0,3,-26,17,12,8,-4,-12,-6,None
0,-2,2,1,0,-5,0,3,-26,17,12,8,-4,-12,-6,None
0,-2,2,1,0,-5,0,3,-26,17,12,8,-3,-12,-7,None
0,1,3,5,-10,2,-3,2,3,17,12,8,-3,-12,-7,None
0,-1,-3,-16,22,8,0,-13,0,17,12,8,-3,-12,-7,None
0,-3,1,4,29,0,-4,1,-13,17,12,8,-3,-12,-7,None
0,1,2,7,-9,1,-4,1,7,17,12,8,-3,-12,-7,None
0,1,2,7,-9,1,-4,1,7,17,12,8,-3,-12,-7,None
0,1,2,7,-9,1,-4,1,7,17,12,8,-1,-13,-8,None
0,0,1,-5,-17,-7,-4,-12,24,17,12,8,-1,-13,-8,None
0,-2,0,0,-36,-8,-2,8,9,17,12,8,-1,-13,-8,None
0,-2,0,-6,24,12,1,-10,-8,17,12,8,-1,-13,-8,None
0,0,0,0,20,1,5,7,12,17,12,8,-1,-13,-8,None
0,0,0,0,20,1,5,7,12,17,12,8,-1,-13,-8,None
0,0,0,0,20,1,5,7,12,17,12,8,0,-13,-8,None
0,3,0,-3,1,9,1,5,0,17,12,8,0,-13,-8,None
0,1,0,0,2,-4,-2,0,2,17,12,8,0,-13,-8,None
0,-1,0,1,1,2,-1,1,12,17,12,8,0,-13,-8,None
0,-4,0,1,9,-8,-6,-5,-16,17,12,8,0,-13,-8,None
0,-4,0,1,9,-8,-6,-5,-16,17,12,8,0,-13,-8,None
0,-4,0,1,9,-8,-6,-5,-16,17,12,8,0,-14,-9,None
0,-3,-2,-7,-16,-12,-3,-23,-5,17,12,8,0,-14,-9,None
0,-4,-2,-1,35,19,2,10,-20,17,12,8,0,-14,-9,None
0,-1,0,-10,-20,-9,1,-9,-42,17,12,8,0,-14,-9,None
0,2,0,-5,-1,-9,1,6,87,17,12,8,0,-14,-9,None
0,2,0,-5,-1,-9,1,6,87,0,11,9,0,-14,-9,None
0,2,0,-5,-1,-9,1,6,87,0,11,9,1,-15,-9,None
0,-5,1,-1,7,0,-3,7,-41,0,11,9,1,-15,-9,None
0,5,6,8,-8,6,-1,8,29,0,11,9,1,-15,-9,None
0,-1,-1,-5,-7,6,-3,-1,-28,0,11,9,1,-15,-9,None
0,1,2,-4,-21,8,-2,-4,-19,0,11,9,1,-15,-9,None
0,1,2,-4,-21,8,-2,-4,-19,0,11,9,1,-15,-9,None
0,1,2,-4,-21,8,-2,-4,-19,0,11,9,2,-15,-9,None
0,-4,-2,-8,-43,-3,-2,-23,-17,0,11,9,2,-15,-9,None
0,-5,-2,-1,-26,-19,-3,-9,-3,0,11,9,2,-15,-9,None
0,7,4,1,-12,4,5,46,47,0,11,9,2,-15,-9,None
0,-1,0,-5,-36,-2,-5,-18,-15,0,11,9,2,-15,-9,None
0,-1,0,-5,-36,-2,-5,-18,-15,0,11,9,2,-15,-9,None
0,-1,0,-5,-36,-2,-5,-18,-15,0,11,9,3,-14,-9,None
0,-2,0,3,-10,-4,-6,5,5,0,11,9,3,-14,-9,None
0,-3,-1,-8,-46,-3,0,-16,-29,0,11,9,3,-14,-9,None
0,0,-1,2,-60,6,1,0,21,0,11,9,3,-14,-9,None
0,-2,0,-6,-42,6,1,0,-17,0,11,9,3,-14,-9,None
0,-2,0,-6,-42,6,1,0,-17,0,11,9,3,-14,-9,None
0,-2,0,-6,-42,6,1,0,-17,0,11,9,3,-14,-9,None
0,5,3,-2,-47,-21,0,-1,20,0,11,9,3,-14,-9,None
0,-3,0,-2,-34,40,1,7,4,0,11,9,3,-14,-9,None
0,-4,0,0,-26,-15,-7,-14,-11,0,11,9,3,-14,-9,None
0,-5,-2,-5,-20,2,5,1,-15,0,11,9,3,-14,-9,None
0,-5,-2,-5,-20,2,5,1,-15,0,11,9,3,-14,-9,None
0,-5,-2,-5,-20,2,5,1,-15,0,11,9,3,-15,-9,None
0,-1,-1,-5,-4,6,3,3,2,0,11,9,3,-15,-9,None
0,2,2,1,-57,-18,-3,-10,12,0,11,9,3,-15,-9,None
0,-5,-2,-4,-6,-12,-2,5,-24,0,11,9,3,-15,-9,None
0,1,3,2,16,21,1,0,9,0,11,9,3,-15,-9,None
0,1,3,2,16,21,1,0,9,0,11,9,3,-15,-9,None
0,1,3,2,16,21,1,0,9,0,11,9,3,-16,-9,None
0,-5,-1,3,10,2,2,2,-13,0,11,9,3,-16,-9,None
0,-1,1,1,57,-3,-1,-1,-22,0,11,9,3,-16,-9,None
0,1,-1,-2,39,3,0,-3,27,0,11,9,3,-16,-9,None
0,-3,0,1,6,-18,-8,-14,-16,0,11,9,3,-16,-9,None
0,-3,0,1,6,-18,-8,-14,-16,0,11,9,3,-16,-9,None
0,-3,0,1,6,-18,-8,-14,-16,0,11,9,3,-16,-8,None
0,-2,-1,-6,22,-9,-7,-1,-6,0,11,9,3,-16,-8,None
0,-2,0,2,57,20,-1,2,10,0,11,9,3,-16,-8,None
0,-4,-2,1,31,7,2,-11,-2,0,11,9,3,-16,-8,None
0,-1,0,-2,38,-1,0,-2,-9,0,11,9,3,-16,-8,None
0,-1,0,-2,38,-1,0,-2,-9,0,11,9,3,-16,-8,None
0,-1,0,-2,38,-1,0,-2,-9,0,11,9,2,-15,-8,None
0,0,2,-3,4,-3,-1,6,7,0,11,9,2,-15,-8,None
0,-1,1,-1,44,-16,-1,0,-3,0,11,9,2,-15,-8,None
0,-3,-1,0,18,11,1,-2,5,0,11,9,2,-15,-8,None
0,-2,0,-1,6,-11,-6,0,-1,0,11,9,2,-15,-8,None
0,-2,0,-1,6,-11,-6,0,-1,0,11,9,2,-15,-8,None
0,-2,0,-1,6,-11,-6,0,-1,0,11,9,2,-15,-8,None
0,0,0,-2,3,5,1,-4,-10,0,11,9,2,-15,-8,None
0,1,1,4,5,-3,2,7,10,0,11,9,2,-15,-8,None
0,1,3,2,24,4,-1,0,3,0,11,9,2,-15,-8,None
0,-1,1,4,25,1,2,-5,-2,0,11,9,2,-15,-8,None
0,-1,1,4,25,1,2,-5,-2,0,11,9,2,-15,-8,None
0,-1,1,4,25,1,2,-5,-2,0,11,9,2,-15,-7,None
0,-1,-1,-1,-7,10,-1,-3,-10,0,11,9,2,-15,-7,None
0,-1,-1,-5,4,-16,-6,1,1,0,11,9,2,-15,-7,None
0,1,0,-2,5,10,-2,0,10,0,11,9,2,-15,-7,None
0,-2,-1,-7,9,-4,-4,-7,-10,0,11,9,2,-15,-7,None
0,-2,-1,-7,9,-4,-4,-7,-10,0,11,9,2,-15,-7,None
0,-2,-1,-7,9,-4,-4,-7,-10,0,11,9,2,-14,-7,None
0,-1,2,0,25,3,-3,1,-3,0,11,9,2,-14,-7,None
0,1,1,0,1,-3,-1,0,6,0,11,9,2,-14,-7,None
0,-3,-1,0,1,-7,-3,0,-1,0,11,9,2,-14,-7,None
0,-2,-1,-4,-17,-10,-6,-4,-7,0,11,9,2,-14,-7,None
0,-2,-1,-4,-17,-10,-6,-4,-7,0,11,9,2,-14,-7,None
0,-2,-1,-4,-17,-10,-6,-4,-7,0,11,9,3,-13,-7,None
0,-2,0,4,23,7,2,1,1,0,11,9,3,-13,-7,None
0,0,1,-1,-17,5,-2,1,2,0,11,9,3,-13,-7,None
0,-2,0,-5,11,-2,0,-6,-4,0,11,9,3,-13,-7,None
0,-1,1,-2,-10,4,1,0,-2,0,11,9,3,-13,-7,None
0,-1,1,-2,-10,4,1,0,-2,0,11,9,3,-13,-7,None
0,-1,1,-2,-10,4,1,0,-2,0,11,9,3,-12,-7,None
0,-2,0,-1,11,7,-5,-2,1,0,11,9,3,-12,-7,None
0,0,1,-3,15,-9,-2,-4,-1,0,11,9,3,-12,-7,None
0,-2,0,-3,-42,-30,-4,-2,-3,0,11,9,3,-12,-7,None
0,-2,1,-1,16,23,0,2,0,0,11,9,3,-12,-7,None
0,-2,1,-1,16,23,0,2,0,0,11,9,3,-12,-7,None
0,-2,1,-1,16,23,0,2,0,0,11,9,3,-12,-7,None
0,-1,-1,-10,9,13,4,1,0,0,11,9,3,-12,-7,None
0,-1,0,-3,-13,-4,-2,0,0,0,11,9,3,-12,-7,None
0,-1,0,-2,4,7,0,-3,0,0,11,9,3,-12,-7,None
0,-1,-1,-4,-25,-10,-3,-1,-2,0,11,9,3,-12,-7,None
0,-1,-1,-4,-25,-10,-3,-1,-2,0,11,9,3,-12,-7,None
0,-1,-1,-4,-25,-10,-3,-1,-2,0,11,9,4,-12,-7,None
0,-1,1,-1,4,-3,-3,-5,-3,0,11,9,4,-12,-7,None
0,-1,0,-2,-2,6,-1,1,1,0,11,9,4,-12,-7,None
0,1,0,0,2,-3,4,2,3,0,11,9,4,-12,-7,None
0,0,-1,-3,2,-6,-6,-4,1,0,11,9,4,-12,-7,None
0,0,-1,-3,2,-6,-6,-4,1,0,12,9,4,-12,-7,None
0,0,-1,-3,2,-6,-6,-4,1,0,12,9,4,-12,-7,None
0,-1,-1,-3,4,8,-1,-2,-5,0,12,9,4,-12,-7,None
0,-3,0,-2,-13,7,-3,-3,-1,0,12,9,4,-12,-7,None
0,0,2,-1,-10,1,-4,-4,-3,0,12,9,4,-12,-7,None
0,-4,-2,0,1,11,3,-2,-3,0,12,9,4,-12,-7,None
0,-4,-2,0,1,11,3,-2,-3,0,12,9,4,-12,-7,None
0,-4,-2,0,1,11,3,-2,-3,0,12,9,4,-11,-7,None
0,0,0,0,0,-3,-5,-3,1,0,12,9,4,-11,-7,None
0,-1,-1,-10,-7,-7,0,-1,-1,0,12,9,4,-11,-7,None
0,0,-1,-6,-8,0,-1,-1,-1,0,12,9,4,-11,-7,None
0,-1,1,-3,0,0,-1,-2,-3,0,12,9,4,-11,-7,None
0,-1,1,-3,0,0,-1,-2,-3,0,12,9,4,-11,-7,None
0,-1,1,-3,0,0,-1,-2,-3,0,12,9,4,-11,-6,None
0,-3,2,3,2,2,2,-1,-1,0,12,9,4,-11,-6,None
0,-2,0,-3,-12,-1,-2,0,-3,0,12,9,4,-11,-6,None
0,-2,0,-10,10,-1,-7,-2,-1,0,12,9,4,-11,-6,None
0,0,-2,-5,-2,-10,2,-1,-1,0,12,9,4,-11,-6,None
0,0,-2,-5,-2,-10,2,-1,-1,0,12,9,4,-11,-6,None
0,0,-2,-5,-2,-10,2,-1,-1,0,12,9,4,-11,-7,None
0,0,1,1,5,-13,0,0,-1,0,12,9,4,-11,-7,None
0,-2,0,0,17,30,4,-1,0,0,12,9,4,-11,-7,None
0,-1,1,1,17,5,-3,-2,0,0,12,9,4,-11,-7,None
0,-1,0,-5,-6,-11,-5,-4,-3,0,12,9,4,-11,-7,None
0,-1,0,-5,-6,-11,-5,-4,-3,0,12,9,4,-11,-7,None
0,-1,0,-5,-6,-11,-5,-4,-3,0,12,9,3,-11,-7,None
0,-1,-1,-2,0,-8,-3,0,-1,0,12,9,3,-11,-7,None
0,-2,1,1,-5,-10,-3,0,1,0,12,9,3,-11,-7,None
0,-1,1,2,2,-21,-9,-3,-2,0,12,9,3,-11,-7,None
0,0,1,-1,-7,12,9,-1,-2,0,12,9,3,-11,-7,None
0,0,1,-1,-7,12,9,-1,-2,0,12,9,3,-11,-7,None
0,0,1,-1,-7,12,9,-1,-2,0,12,9,3,-11,-7,None
0,0,0,1,4,8,0,0,0,0,12,9,3,-11,-7,None
0,0,0,-3,-16,9,3,-1,-1,0,12,9,3,-11,-7,None
0,-1,1,-1,11,13,-2,-1,-3,0,12,9,3,-11,-7,None
0,0,1,-3,-12,4,-3,-2,-1,0,12,9,3,-11,-7,None
0,0,1,-3,-12,4,-3,-2,-1,0,12,9,3,-11,-7,None
0,0,1,-3,-12,4,-3,-2,-1,0,12,9,3,-11,-7,None
0,-1,0,-9,-22,-34,-4,0,1,0,12,9,3,-11,-7,None
0,-1,0,-1,-6,1,0,0,-1,0,12,9,3,-11,-7,None
0,-1,-1,-3,-3,4,0,-3,-3,0,12,9,3,-11,-7,None
0,-3,-1,-3,22,-2,-4,-3,-3,0,12,9,3,-11,-7,None
0,-3,-1,-3,22,-2,-4,-3,-3,0,12,9,3,-11,-7,None
0,-3,-1,-3,22,-2,-4,-3,-3,0,12,9,4,-11,-6,None
0,-3,0,-1,-17,11,1,-2,-2,0,12,9,4,-11,-6,None
0,-2,0,-3,19,7,-5,-2,-2,0,12,9,4,-11,-6,None
0,0,-2,-2,-11,-6,10,1,2,0,12,9,4,-11,-6,None
0,0,1,1,2,9,-2,2,1,0,12,9,4,-11,-6,None
0,0,1,1,2,9,-2,2,1,0,12,9,4,-11,-6,None
0,0,1,1,2,9,-2,2,1,0,12,9,4,-11,-7,None
0,1,2,-1,2,2,-5,-2,0,0,12,9,4,-11,-7,None
0,-5,-3,-2,8,-2,1,-3,-3,0,12,9,4,-11,-7,None
0,0,1,1,-9,1,8,-1,1,0,12,9,4,-11,-7,None
0,1,1,-1,2,7,2,1,2,0,12,9,4,-11,-7,None
0,1,1,-1,2,7,2,1,2,0,12,9,4,-11,-7,None
0,1,1,-1,2,7,2,1,2,0,12,9,3,-11,-7,None
0,1,2,-2,-8,-8,-13,-7,-7,0,12,9,3,-11,-7,None
0,-6,-2,1,8,-1,10,4,1,0,12,9,3,-11,-7,None
0,-1,1,-2,7,5,1,0,-2,0,12,9,3,-11,-7,None
0,-1,-1,-2,3,3,5,0,-2,0,12,9,3,-11,-7,None
0,-1,-1,-2,3,3,5,0,-2,0,12,9,3,-11,-7,None
0,-1,-1,-2,3,3,5,0,-2,0,12,9,4,-12,-6,None
0,0,0,1,11,-2,1,-2,0,0,12,9,4,-12,-6,None
0,0,0,1,5,-4,-5,-3,-2,0,12,9,4,-12,-6,None
0,0,2,1,-18,10,5,1,-1,0,12,9,4,-12,-6,None
0,-4,-2,-6,-7,-19,-3,-3,-4,0,12,9,4,-12,-6,None
0,-4,-2,-6,-7,-19,-3,-3,-4,0,12,9,4,-12,-6,None
0,-4,-2,-6,-7,-19,-3,-3,-4,0,12,9,4,-12,-6,None
0,-4,-2,-1,14,19,-1,0,-4,0,12,9,4,-12,-6,None
0,3,4,1,-13,-9,-3,-2,-1,0,12,9,4,-12,-6,None
0,-2,-2,-8,-9,-22,-10,-8,-2,0,12,9,4,-12,-6,None
0,-5,-1,-2,85,9,-1,3,-3,0,12,9,4,-12,-6,None
0,-5,-1,-2,85,9,-1,3,-3,0,12,9,4,-12,-6,None
0,-5,-1,-2,85,9,-1,3,-3,0,12,9,4,-13,-5,None
0,-1,1,0,115,16,9,0,11,0,12,9,4,-13,-5,None
0,3,2,-4,127,5,8,2,-5,0,12,9,4,-13,-5,None
0,-3,1,-5,119,-5,-8,0,-4,0,12,9,4,-13,-5,None
0,-1,1,-2,48,9,0,-3,-3,0,12,9,4,-13,-5,None
0,-1,1,-2,48,9,0,-3,-3,0,12,9,4,-13,-5,None
0,-1,1,-2,48,9,0,-3,-3,0,12,9,4,-12,-5,None
0,1,2,2,-3,-7,-18,-10,-4,0,12,9,4,-12,-5,None
0,-10,-7,-7,-102,-15,-3,0,0,0,12,9,4,-12,-5,None
0,4,2,-3,-53,7,-2,1,1,0,12,9,4,-12,-5,None
0,-1,1,-10,-128,-20,3,-5,0,0,12,9,4,-12,-5,None
0,-1,1,-10,-128,-20,3,-5,0,0,12,9,4,-12,-5,None
0,-1,1,-10,-128,-20,3,-5,0,0,12,9,4,-13,-5,None
0,1,2,2,-23,42,19,7,0,0,12,9,4,-13,-5,None
0,1,1,-13,-87,-14,-13,-7,-3,0,12,9,4,-13,-5,None
0,-5,-3,-2,-75,7,-6,-7,-3,0,12,9,4,-13,-5,None
0,-4,-3,1,-81,-8,-27,-12,-6,0,12,9,4,-13,-5,None
0,-4,-3,1,-81,-8,-27,-12,-6,1,12,9,4,-13,-5,None
0,-4,-3,1,-81,-8,-27,-12,-6,1,12,9,4,-14,-5,None
0,9,7,-2,-69,-10,12,8,6,1,12,9,4,-14,-5,None
0,1,-7,-9,-81,-29,5,-1,4,1,12,9,4,-14,-5,None
0,-1,-2,-3,-4,7,3,3,-1,1,12,9,4,-14,-5,None
0,3,5,9,26,15,-4,-2,2,1,12,9,4,-14,-5,None
0,3,5,9,26,15,-4,-2,2,1,12,9,4,-14,-5,None
0,3,5,9,26,15,-4,-2,2,1,12,9,4,-14,-5,None
0,-13,-10,-8,19,-20,-8,-6,-12,1,12,9,4,-14,-5,None
0,1,5,7,77,25,-6,-3,-2,1,12,9,4,-14,-5,None
0,-5,-4,-15,-116,-52,-14,-15,-18,1,12,9,4,-14,-5,None
0,5,3,9,40,2,9,9,6,1,12,9,4,-14,-5,None
0,5,3,9,40,2,9,9,6,1,12,9,4,-14,-5,None
0,5,3,9,40,2,9,9,6,1,12,9,5,-13,-4,None
0,-9,-6,-2,-44,24,5,-3,-15,1,12,9,5,-13,-4,None
0,4,3,1,-15,-42,3,5,14,1,12,9,5,-13,-4,None
0,3,2,10,56,-6,-17,-6,10,1,12,9,5,-13,-4,None
0,-4,4,11,81,28,2,-6,-13,1,12,9,5,-13,-4,None
0,-4,4,11,81,28,2,-6,-13,1,12,9,5,-13,-4,None
0,-4,4,11,81,28,2,-6,-13,1,12,9,5,-13,-4,None
0,1,-1,-11,-39,-11,7,-2,-1,1,12,9,5,-13,-4,None
0,-4,3,6,-30,47,0,-10,-20,1,12,9,5,-13,-4,None
0,1,-1,0,30,0,0,16,21,1,12,9,5,-13,-4,None
0,0,-1,-7,-34,-20,-1,0,16,1,12,9,5,-13,-4,None
0,0,-1,-7,-34,-20,-1,0,16,1,12,9,5,-13,-4,None
0,0,-1,-7,-34,-20,-1,0,16,1,12,9,6,-13,-4,None
0,-1,1,5,45,0,4,13,6,1,12,9,6,-13,-4,None
0,-1,2,2,61,31,-4,-9,-12,1,12,9,6,-13,-4,None
0,2,4,9,6,57,16,-1,-2,1,12,9,6,-13,-4,None
0,-2,-4,-18,-65,-40,-11,-7,0,1,12,9,6,-13,-4,None
0,-2,-4,-18,-65,-40,-11,-7,0,1,12,9,6,-13,-4,None
0,-2,-4,-18,-65,-40,-11,-7,0,1,12,9,6,-14,-3,None
0,-2,3,3,22,9,-10,-11,-8,1,12,9,6,-14,-3,None
0,0,3,7,53,10,3,8,-5,1,12,9,6,-14,-3,None
0,-6,-5,-14,-87,-13,-3,-3,-2,1,12,9,6,-14,-3,None
0,0,1,1,15,6,-3,-4,-4,1,12,9,6,-14,-3,None
0,0,1,1,15,6,-3,-4,-4,1,12,9,6,-14,-3,None
0,0,1,1,15,6,-3,-4,-4,1,12,9,6,-11,-3,None
0,2,3,2,21,3,4,7,3,1,12,9,6,-11,-3,None
0,-2,-4,-7,-23,-15,-3,1,0,1,12,9,6,-11,-3,None
0,3,5,7,54,9,6,-11,6,1,12,9,6,-11,-3,None
0,-7,-1,-2,5,10,-1,5,-42,1,12,9,6,-11,-3,None
0,-7,-1,-2,5,10,-1,5,-42,1,12,9,6,-11,-3,None
0,-7,-1,-2,5,10,-1,5,-42,1,12,9,6,-10,-3,None
0,0,-3,-7,-24,-7,0,1,19,1,12,9,6,-10,-3,None
0,0,0,-3,-9,-2,-1,-4,9,1,12,9,6,-10,-3,None
0,-3,0,-3,31,9,2,1,-10,1,12,9,6,-10,-3,None
0,-1,1,-14,-24,-8,2,-5,-1,1,12,9,6,-10,-3,None
0,-1,1,-14,-24,-8,2,-5,-1,1,12,9,6,-10,-3,None
0,-1,1,-14,-24,-8,2,-5,-1,1,12,9,6,-18,-5,None
0,-1,0,-7,7,0,-7,-4,-4,1,12,9,6,-18,-5,None
0,-1,0,-10,4,-6,-2,1,-3,1,12,9,6,-18,-5,None
0,-2,2,1,-7,-2,-1,-6,-6,1,12,9,6,-18,-5,None
0,1,15,5,25,9,2,0,6,1,12,9,6,-18,-5,None
0,1,15,5,25,9,2,0,6,1,12,9,6,-18,-5,None
0,1,15,5,25,9,2,0,6,1,12,9,8,-18,-2,None
0,-1,-2,8,-17,-5,-3,-1,-2,1,12,9,8,-18,-2,None
0,1,1,7,-12,-2,1,0,6,1,12,9,8,-18,-2,None
0,-6,-3,4,9,0,-2,-1,-13,1,12,9,8,-18,-2,None
0,-2,0,5,-4,-10,3,3,5,1,12,9,8,-18,-2,None
0,-2,0,5,-4,-10,3,3,5,1,12,9,8,-18,-2,None
0,-2,0,5,-4,-10,3,3,5,1,12,9,5,-9,-2,None
0,-4,0,-2,8,10,0,1,-4,1,12,9,5,-9,-2,None
0,-4,-2,-3,-9,-7,-4,-6,-8,1,12,9,5,-9,-2,None
0,0,4,-1,22,8,0,2,1,1,12,9,5,-9,-2,None
0,-3,-5,-3,13,4,-2,3,-2,1,12,9,5,-9,-2,None
0,-3,-5,-3,13,4,-2,3,-2,1,12,9,5,-9,-2,None
0,-3,-5,-3,13,4,-2,3,-2,1,12,9,6,-11,-1,None
0,0,0,-6,-23,-20,-3,-5,-6,1,12,9,6,-11,-1,None
0,-1,-2,-4,-7,7,-1,0,4,1,12,9,6,-11,-1,None
0,-1,2,-6,0,-1,-1,2,0,1,12,9,6,-11,-1,None
0,-1,-3,-2,1,6,0,-3,2,1,12,9,6,-11,-1,None
0,-1,-3,-2,1,6,0,-3,2,1,12,9,6,-11,-1,None
0,-1,-3,-2,1,6,0,-3,2,1,12,9,8,-14,0,None
0,0,0,-2,-6,-4,-2,-4,-6,1,12,9,8,-14,0,None
0,1,4,0,6,-1,1,4,2,1,12,9,8,-14,0,None
0,-2,1,-1,-4,4,1,1,-4,1,12,9,8,-14,0,None
0,0,-1,-1,-9,0,2,-2,2,1,12,9,8,-14,0,None
0,0,-1,-1,-9,0,2,-2,2,1,12,9,8,-14,0,None
0,0,-1,-1,-9,0,2,-2,2,1,12,9,8,-13,-1,None
0,-2,0,-2,5,-1,-4,-4,0,1,12,9,8,-13,-1,None
0,-4,-1,-2,8,13,1,-1,-2,1,12,9,8,-13,-1,None
0,-3,-6,-2,0,-5,-1,-1,-2,1,12,9,8,-13,-1,None
0,2,2,-2,6,-2,-2,-1,3,1,12,9,8,-13,-1,None
0,2,2,-2,6,-2,-2,-1,3,1,12,9,8,-13,-1,None
0,2,2,-2,6,-2,-2,-1,3,1,12,9,7,-12,-2,None
0,1,1,-3,-5,3,-3,-2,1,1,12,9,7,-12,-2,None
0,0,1,-2,-3,-3,0,-1,-8,1,12,9,7,-12,-2,None
0,-1,1,-1,5,1,0,-1,4,1,12,9,7,-12,-2,None
0,3,15,-1,-3,-2,0,0,2,1,12,9,7,-12,-2,None
0,3,15,-1,-3,-2,0,0,2,1,12,9,7,-12,-2,None
0,3,15,-1,-3,-2,0,0,2,1,12,9,8,-12,-2,None
0,-2,-22,-3,0,-2,-2,-4,-4,1,12,9,8,-12,-2,None
0,0,-1,-3,-7,-5,-3,-4,-1,1,12,9,8,-12,-2,None
0,-1,-1,1,5,-4,-1,1,-2,1,12,9,8,-12,-2,None
0,1,-3,-3,-7,3,-2,-2,5,1,12,9,8,-12,-2,None
0,1,-3,-3,-7,3,-2,-2,5,1,12,9,8,-12,-2,None
0,1,-3,-3,-7,3,-2,-2,5,1,12,9,8,-12,-2,None
0,-1,9,-2,1,3,0,-5,-9,1,12,9,8,-12,-2,None
0,-1,-1,0,-1,-5,1,1,-1,1,12,9,8,-12,-2,None
0,0,0,-1,9,3,0,0,-3,1,12,9,8,-12,-2,None
0,-2,-5,-2,-1,0,-3,-2,-1,1,12,9,8,-12,-2,None
0,-2,-5,-2,-1,0,-3,-2,-1,1,12,9,8,-12,-2,None
0,-2,-5,-2,-1,0,-3,-2,-1,1,12,9,7,-12,-2,None
0,-3,3,-1,3,0,-2,-2,-1,1,12,9,7,-12,-2,None
0,-2,-2,-3,-1,-7,-2,-1,1,1,12,9,7,-12,-2,None
0,2,6,0,5,1,0,-1,-3,1,12,9,7,-12,-2,None
0,-2,-3,-3,-2,0,0,-1,-2,1,12,9,7,-12,-2,None
0,-2,-3,-3,-2,0,0,-1,-2,1,12,9,7,-12,-2,None
0,-2,-3,-3,-2,0,0,-1,-2,1,12,9,7,-12,-2,None
0,1,1,-5,-14,5,-4,-3,1,1,12,9,7,-12,-2,None
0,-2,-3,-1,-2,-4,5,4,-3,1,12,9,7,-12,-2,None
0,1,1,0,7,9,1,0,1,1,12,9,7,-12,-2,None
0,-2,-3,-1,1,0,-1,-1,-3,1,12,9,7,-12,-2,None
0,-2,-3,-1,1,0,-1,-1,-3,1,12,9,7,-12,-2,None
0,-2,-3,-1,1,0,-1,-1,-3,1,12,9,7,-12,-2,None
0,-2,2,0,-6,-5,1,-1,0,1,12,9,7,-12,-2,None
0,0,0,-4,-2,-6,-3,-3,2,1,12,9,7,-12,-2,None
0,-1,-1,-3,-3,-1,-2,-3,-2,1,12,9,7,-12,-2,None
0,-2,-4,-2,-1,0,0,0,-1,1,12,9,7,-12,-2,None
0,-2,-4,-2,-1,0,0,0,-1,1,12,9,7,-12,-2,None
0,-2,-4,-2,-1,0,0,0,-1,1,12,9,7,-12,-2,None
0,0,3,0,5,-4,-1,-1,-1,1,12,9,7,-12,-2,None
0,-1,2,-2,-3,3,-2,-1,-1,1,12,9,7,-12,-2,None
0,-2,1,-3,-2,-3,-1,-1,-3,1,12,9,7,-12,-2,None
0,-2,0,-2,3,1,-1,-3,-4,1,12,9,7,-12,-2,None
0,-2,0,-2,3,1,-1,-3,-4,1,12,9,7,-12,-2,None
0,-2,0,-2,3,1,-1,-3,-4,1,12,9,7,-12,-2,None
0,-2,3,-2,-9,7,-3,0,0,1,12,9,7,-12,-2,None
0,-3,-2,-5,1,1,-4,-7,-2,1,12,9,7,-12,-2,None
0,-2,-1,-2,1,6,0,1,-2,1,12,9,7,-12,-2,None
0,-3,-2,-1,-4,-2,0,-1,-3,1,12,9,7,-12,-2,None
0,-3,-2,-1,-4,-2,0,-1,-3,1,12,9,7,-12,-2,None
0,-3,-2,-1,-4,-2,0,-1,-3,1,12,9,7,-12,-2,None
0,-1,1,-1,10,1,0,0,-1,1,12,9,7,-12,-2,None
0,-1,1,-2,-3,-4,-2,-1,0,1,12,9,7,-12,-2,None
0,0,2,-2,-7,-5,-2,-2,-2,1,12,9,7,-12,-2,None
0,-2,-1,-2,5,4,-1,-1,-2,1,12,9,7,-12,-2,None
0,-2,-1,-2,5,4,-1,-1,-2,1,12,9,7,-12,-2,None
0,-2,-1,-2,5,4,-1,-1,-2,1,12,9,7,-12,-2,None
0,-1,1,-1,1,-1,-2,-1,-2,1,12,9,7,-12,-2,None
0,1,1,-1,-2,2,-3,-2,-1,1,12,9,7,-12,-2,None
0,-1,0,-2,-2,-3,-2,-2,-1,1,12,9,7,-12,-2,None
0,-1,0,-1,0,3,-1,0,0,1,12,9,7,-12,-2,None
0,-1,0,-1,0,3,-1,0,0,1,12,9,7,-12,-2,None
0,-1,0,-1,0,3,-1,0,0,1,12,9,7,-12,-2,None
0,-1,0,-2,-1,-1,-1,-2,-1,1,12,9,7,-12,-2,None
0,-2,0,-2,-4,1,-1,0,0,1,12,9,7,-12,-2,None
0,-5,-5,-2,-1,-4,0,-1,-1,1,12,9,7,-12,-2,None
0,0,3,-4,-6,9,-3,-2,1,1,12,9,7,-12,-2,None
0,0,3,-4,-6,9,-3,-2,1,1,12,9,7,-12,-2,None
0,0,3,-4,-6,9,-3,-2,1,1,12,9,7,-12,-2,None
0,-1,0,-2,1,1,-2,-3,-6,1,12,9,7,-12,-2,None
0,0,1,0,-3,-2,1,0,2,1,12,9,7,-12,-2,None
0,0,-1,-2,-4,-3,-2,-2,-1,1,12,9,7,-12,-2,None
0,-3,-2,0,-2,-4,-1,0,-1,1,12,9,7,-12,-2,None
0,-3,-2,0,-2,-4,-1,0,-1,1,12,9,7,-12,-2,None
0,-3,-2,0,-2,-4,-1,0,-1,1,12,9,7,-12,-2,None
0,-2,0,-2,0,-1,0,0,0,1,12,9,7,-12,-2,None
0,0,2,-2,1,2,-2,-1,-3,1,12,9,7,-12,-2,None
0,-2,2,-2,-3,-2,0,-1,-3,1,12,9,7,-12,-2,None
0,-1,-1,-2,-1,-5,-2,-3,-3,1,12,9,7,-12,-2,None
0,-1,-1,-2,-1,-5,-2,-3,-3,1,12,9,7,-12,-2,None
0,-1,-1,-2,-1,-5,-2,-3,-3,1,12,9,7,-12,-2,None
0,-1,2,-3,2,5,2,-1,-1,1,12,9,7,-12,-2,None
0,-1,1,-1,5,0,0,-1,0,1,12,9,7,-12,-2,None
0,0,1,-2,1,5,0,-1,0,1,12,9,7,-12,-2,None
0,0,0,-2,3,3,-1,-2,-3,1,12,9,7,-12,-2,None
0,0,0,-2,3,3,-1,-2,-3,1,12,9,7,-12,-2,None
0,0,0,-2,3,3,-1,-2,-3,1,12,9,7,-12,-2,None
0,-2,-1,-2,0,-1,-2,-2,0,1,12,9,7,-12,-2,None
0,-2,1,-1,-7,-3,0,-1,-2,1,12,9,7,-12,-2,None
0,0,1,-3,0,1,-2,-2,-2,1,12,9,7,-12,-2,None
0,-1,1,-1,3,0,-2,-1,-1,1,12,9,7,-12,-2,None
0,-1,1,-1,3,0,-2,-1,-1,1,12,9,7,-12,-2,None
0,-1,1,-1,3,0,-2,-1,-1,1,12,9,7,-12,-2,None
0,-2,1,-1,-3,-3,-2,-1,-1,1,12,9,7,-12,-2,None
0,-2,-2,-2,2,4,-1,-1,-4,1,12,9,7,-12,-2,None
0,2,-2,-3,0,0,-2,-1,3,1,12,9,7,-12,-2,None
0,-8,-3,-1,-4,-5,0,-2,-5,1,12,9,7,-12,-2,None
0,-8,-3,-1,-4,-5,0,-2,-5,1,12,9,7,-12,-2,None
0,-8,-3,-1,-4,-5,0,-2,-5,1,12,9,7,-12,-2,None
0,-3,3,-3,-6,-6,-3,0,0,1,12,9,7,-12,-2,None
0,-1,-1,-4,16,13,-2,-4,-4,1,12,9,7,-12,-2,None
0,-1,1,-3,-4,1,-1,0,-1,1,12,9,7,-12,-2,None
0,0,-1,-4,-6,-4,-1,-1,2,1,12,9,7,-12,-2,None
0,0,-1,-4,-6,-4,-1,-1,2,1,12,9,7,-12,-2,None
0,0,-1,-4,-6,-4,-1,-1,2,1,12,9,7,-12,-2,None
0,-1,-1,0,-1,-1,-2,-2,-2,1,12,9,7,-12,-2,None
0,-2,2,-1,-4,-4,-1,-1,0,1,12,9,7,-12,-2,None
0,-2,0,-2,-4,-2,-2,-2,-2,1,12,9,7,-12,-2,None
0,0,2,-1,0,4,-1,-2,0,1,12,9,7,-12,-2,None
0,0,2,-1,0,4,-1,-2,0,1,12,9,7,-12,-2,None
0,0,2,-1,0,4,-1,-2,0,1,12,9,7,-12,-2,None
0,0,0,-1,3,0,-2,-1,-2,1,12,9,7,-12,-2,None
0,0,0,0,-1,-1,-2,0,-1,1,12,9,7,-12,-2,None
0,-1,2,-1,5,3,0,-2,-3,1,12,9,7,-12,-2,None
0,-1,0,0,0,-1,-1,-1,-1,1,12,9,7,-12,-2,None
0,-1,0,0,0,-1,-1,-1,-1,1,12,9,7,-12,-2,None
0,-1,0,0,0,-1,-1,-1,-1,1,12,9,7,-12,-2,None
0,0,-1,-3,0,3,0,-1,-2,1,12,9,7,-12,-2,None
0,-2,-1,-3,-6,-4,-1,-2,-1,1,12,9,7,-12,-2,None
0,-1,0,-1,-4,-3,-1,-3,-2,1,12,9,7,-12,-2,None
0,0,0,-3,0,1,0,0,-1,1,12,9,7,-12,-2,None
0,0,0,-3,0,1,0,0,-1,1,12,9,7,-12,-2,None
0,0,0,-3,0,1,0,0,-1,1,12,9,7,-12,-2,None
0,-3,-6,-3,-3,-3,1,-1,-2,1,12,9,7,-12,-2,None
0,6,4,0,0,-5,-2,-2,3,1,12,9,7,-12,-2,None
0,-5,4,-2,11,12,1,-1,-5,1,12,9,7,-12,-2,None
0,2,-1,-2,-8,-3,1,-1,1,1,12,9,7,-12,-2,None
0,2,-1,-2,-8,-3,1,-1,1,1,12,9,7,-12,-2,None
0,2,-1,-2,-8,-3,1,-1,1,1,12,9,7,-12,-2,None
0,0,0,-2,-3,1,1,-1,-1,1,12,9,7,-12,-2,None
0,-4,-1,-2,-6,-5,-1,-2,-2,1,12,9,7,-12,-2,None
0,-1,-1,-2,0,0,-1,1,-1,1,12,9,7,-12,-2,None
0,1,-1,-2,1,0,-2,-2,-3,1,12,9,7,-12,-2,None
0,1,-1,-2,1,0,-2,-2,-3,1,12,9,7,-12,-2,None
0,1,-1,-2,1,0,-2,-2,-3,1,12,9,7,-12,-2,None
0,-2,1,-2,1,1,0,-1,-3,1,12,9,7,-12,-2,None
0,-2,0,-2,-1,1,-2,-2,-2,1,12,9,7,-12,-2,None
0,0,1,-1,-7,-4,-1,-1,1,1,12,9,7,-12,-2,None
0,-3,1,-2,5,4,1,-1,-3,1,12,9,7,-12,-2,None
0,-3,1,-2,5,4,1,-1,-3,1,12,9,7,-12,-2,None
0,-3,1,-2,5,4,1,-1,-3,1,12,9,7,-12,-2,None
0,1,1,-3,-8,-1,-1,0,4,1,12,9,7,-12,-2,None
0,-2,0,-2,0,3,0,-1,-7,1,12,9,7,-12,-2,None
0,-1,-1,0,-3,0,-1,-1,-1,1,12,9,7,-12,-2,None
0,-3,0,-1,-4,-1,1,0,0,1,12,9,7,-12,-2,None
0,-3,0,-1,-4,-1,1,0,0,1,12,9,7,-12,-2,None
0,-3,0,-1,-4,-1,1,0,0,1,12,9,7,-12,-2,None
0,0,4,-2,5,3,-3,-1,-1,1,12,9,7,-12,-2,None
0,-2,0,-1,-4,1,-1,-1,0,1,12,9,7,-12,-2,None
0,-1,1,-2,-5,-3,-2,-2,-2,1,12,9,7,-12,-2,None
0,0,2,-2,1,-2,-2,-1,-3,1,12,9,7,-12,-2,None
0,0,2,-2,1,-2,-2,-1,-3,1,12,9,7,-12,-2,None
0,0,2,-2,1,-2,-2,-1,-3,1,12,9,7,-12,-2,None
0,-2,2,-2,2,-1,0,-1,-2,1,12,9,7,-12,-2,None
0,0,0,-3,-3,3,0,0,0,1,12,9,7,-12,-2,None
0,-2,-2,-2,-1,1,-1,-1,-2,1,12,9,7,-12,-2,None
0,0,2,0,-3,1,-2,-2,1,1,12,9,7,-12,-2,None
0,0,2,0,-3,1,-2,-2,1,1,12,9,7,-12,-2,None
0,0,2,0,-3,1,-2,-2,1,1,12,9,7,-12,-2,None
0,-3,-3,-1,2,0,-1,-2,-6,1,12,9,7,-12,-2,None
0,5,-2,-2,-8,-6,-1,1,2,1,12,9,7,-12,-2,None
0,-6,0,-3,5,1,-1,-2,-3,1,12,9,7,-12,-2,None
0,0,2,0,0,0,-1,-1,0,1,12,9,7,-12,-2,None
0,0,2,0,0,0,-1,-1,0,1,12,9,7,-12,-2,None
0,0,2,0,0,0,-1,-1,0,1,12,9,7,-12,-2,None
0,-3,0,-2,-6,0,-1,-2,-1,1,12,9,7,-12,-2,None
0,-2,-1,-3,2,1,0,-3,-1,1,12,9,7,-12,-2,None
0,2,1,-1,-5,-4,-3,-1,0,1,12,9,7,-12,-2,None
0,-3,-3,-4,0,0,0,-1,-1,1,12,9,7,-12,-2,None
0,-3,-3,-4,0,0,0,-1,-1,1,12,9,7,-12,-2,None
0,-3,-3,-4,0,0,0,-1,-1,1,12,9,7,-12,-2,None
0,1,0,-1,3,2,-1,-1,-1,1,12,9,7,-12,-2,None
0,-2,1,-2,2,0,0,-1,-1,1,12,9,7,-12,-2,None
0,0,1,-1,1,2,0,-2,-1,1,12,9,7,-12,-2,None
0,-2,0,-3,-12,-6,-1,-2,-2,1,12,9,7,-12,-2,None
0,-2,0,-3,-12,-6,-1,-2,-2,1,12,9,7,-12,-2,None
0,-2,0,-3,-12,-6,-1,-2,-2,1,12,9,7,-12,-2,None
0,-2,0,-2,13,11,-1,-1,-1,1,12,9,7,-12,-2,None
0,-2,1,-1,2,3,-2,-4,-3,1,12,9,7,-12,-2,None
0,-2,0,-2,-1,-1,0,0,-2,1,12,9,7,-12,-2,None
0,0,-1,-2,-1,1,-2,-2,-1,1,12,9,7,-12,-2,None
0,0,-1,-2,-1,1,-2,-2,-1,1,12,9,7,-12,-2,None
0,0,-1,-2,-1,1,-2,-2,-1,1,12,9,7,-12,-2,None
0,-1,4,1,-7,-5,-1,-1,-2,1,12,9,7,-12,-2,None
0,-2,0,-4,-2,-2,-2,-2,-2,1,12,9,7,-12,-2,None
0,-1,-1,-2,-3,0,-1,-1,2,1,12,9,7,-12,-2,None
0,-1,-1,-2,12,2,-1,-1,-6,1,12,9,7,-12,-2,None
0,-1,-1,-2,12,2,-1,-1,-6,1,12,9,7,-12,-2,None
0,-1,-1,-2,12,2,-1,-1,-6,1,12,9,7,-12,-2,None
0,0,-1,-1,-8,3,0,-2,0,1,12,9,7,-12,-2,None
0,-3,1,-3,3,3,-2,-1,-1,1,12,9,7,-12,-2,None
0,-1,0,-1,-2,-2,-2,-1,0,1,12,9,7,-12,-2,None
0,-2,0,0,-2,-1,-1,1,-2,1,12,9,7,-12,-2,None
0,-2,0,0,-2,-1,-1,1,-2,1,12,9,7,-12,-2,None
0,-2,0,0,-2,-1,-1,1,-2,1,12,9,7,-12,-2,None
0,-4,-2,-5,3,0,0,0,-3,1,12,9,7,-12,-2,None
0,-3,-2,-1,-1,-1,-1,-2,-2,1,12,9,7,-12,-2,None
0,5,1,-3,-5,-1,-1,-2,-4,1,12,9,7,-12,-2,None
0,-1,-2,0,-2,-3,0,-1,0,1,12,9,7,-12,-2,None
0,-1,-2,0,-2,-3,0,-1,0,1,12,9,7,-12,-2,None
0,-1,-2,0,-2,-3,0,-1,0,1,12,9,7,-12,-2,None
0,-1,1,-3,10,5,-4,-3,-3,1,12,9,7,-12,-2,None
0,-3,-1,-1,-3,3,0,-2,-2,1,12,9,7,-12,-2,None
0,-3,0,-1,-2,1,-2,-1,-1,1,12,9,7,-12,-2,None
0,-1,3,-3,1,-1,-1,-2,-2,1,12,9,7,-12,-2,None
0,-1,3,-3,1,-1,-1,-2,-2,1,12,9,7,-12,-2,None
0,-1,3,-3,1,-1,-1,-2,-2,1,12,9,7,-12,-2,None
0,-1,-2,-1,-3,-4,0,-1,-1,1,12,9,7,-12,-2,None
0,-2,2,-2,1,-2,-2,0,-2,1,12,9,7,-12,-2,None
0,-1,0,-1,3,2,0,-3,-2,1,12,9,7,-12,-2,None
0,-2,6,-2,0,3,-1,-1,-3,1,12,9,7,-12,-2,None
0,-2,6,-2,0,3,-1,-1,-3,1,12,9,7,-12,-2,None
0,-2,6,-2,0,3,-1,-1,-3,1,12,9,7,-12,-2,None
0,-4,-7,-2,-2,-4,0,-1,1,1,12,9,7,-12,-2,None
0,-1,1,-2,-6,4,0,0,-1,1,12,9,7,-12,-2,None
0,-3,1,-3,0,1,-1,-1,-1,1,12,9,7,-12,-2,None
0,0,-5,-3,-3,1,-1,-1,-2,1,12,9,7,-12,-2,None
0,0,-5,-3,-3,1,-1,-1,-2,1,12,9,7,-12,-2,None
0,0,-5,-3,-3,1,-1,-1,-2,1,12,9,7,-12,-2,None
0,2,5,-1,-3,-2,0,-2,-1,1,12,9,7,-12,-2,None
0,0,1,-1,-1,-3,-1,-2,-2,1,12,9,7,-12,-2,None
0,0,-2,-2,-3,-2,-1,-2,-2,1,12,9,7,-12,-2,None
0,-2,3,-2,1,5,0,-2,1,1,12,9,7,-12,-2,None
0,-2,3,-2,1,5,0,-2,1,1,12,9,7,-12,-2,None
0,-2,3,-2,1,5,0,-2,1,1,12,9,7,-12,-2,None
0,-1,-1,-2,-1,-2,-1,-1,-2,1,12,9,7,-12,-2,None
0,2,-2,-3,0,-2,-1,-2,0,1,12,9,7,-12,-2,None
0,-1,-2,-2,-2,2,2,1,-3,1,12,9,7,-12,-2,None
0,-1,-2,-1,3,1,0,-2,0,1,12,9,7,-12,-2,None
0,-1,-2,-1,3,1,0,-2,0,1,12,9,7,-12,-2,None
0,-1,-2,-1,3,1,0,-2,0,1,12,9,7,-12,-2,None
0,0,3,-1,-1,3,0,-1,-2,1,12,9,7,-12,-2,None
0,-1,-5,-1,-2,0,-2,-1,0,1,12,9,7,-12,-2,None
0,-1,0,-3,0,1,-1,-1,-3,1,12,9,7,-12,-2,None
0,0,1,-2,0,1,-2,0,-1,1,12,9,7,-12,-2,None
0,0,1,-2,0,1,-2,0,-1,1,12,9,7,-12,-2,None
0,0,1,-2,0,1,-2,0,-1,1,12,9,7,-12,-2,None
0,-1,-3,-2,0,-1,-1,-1,-1,1,12,9,7,-12,-2,None
0,-2,4,-1,4,0,-1,-1,-1,1,12,9,7,-12,-2,None
0,-1,2,-1,-1,0,-2,-2,-1,1,12,9,7,-12,-2,None
0,-1,0,-1,-3,-2,0,0,0,1,12,9,7,-12,-2,None
0,-1,0,-1,-3,-2,0,0,0,1,12,9,7,-12,-2,None
0,-1,0,-1,-3,-2,0,0,0,1,12,9,7,-12,-2,None
0,-1,6,0,2,-1,-3,-4,-6,1,12,9,7,-12,-2,None
0,-2,1,-2,-1,1,-2,-1,-2,1,12,9,7,-12,-2,None
0,-2,0,-4,-1,-1,-1,-1,1,1,12,9,7,-12,-2,None
0,-1,-2,-2,-3,-1,-1,-2,-2,1,12,9,7,-12,-2,None
0,-1,-2,-2,-3,-1,-1,-2,-2,1,12,9,7,-12,-2,None
0,-1,-2,-2,-3,-1,-1,-2,-2,1,12,9,7,-12,-2,None
0,0,2,-2,-1,0,0,-1,-1,1,12,9,7,-12,-2,None
0,-1,2,-1,-1,0,1,-1,-1,1,12,9,7,-12,-2,None
0,-1,-2,-1,0,0,-1,-2,-2,1,12,9,7,-12,-2,None
0,-1,2,-1,-1,2,-1,-1,-2,1,12,9,7,-12,-2,None
0,-1,2,-1,-1,2,-1,-1,-2,1,12,9,7,-12,-2,None
0,-1,2,-1,-1,2,-1,-1,-2,1,12,9,7,-12,-2,None
0,-1,-1,-3,-1,0,-1,-1,-1,1,12,9,7,-12,-2,None
0,-2,-1,-1,-2,0,-2,-1,-8,1,12,9,7,-12,-2,None
0,1,5,-1,3,-1,-1,-2,5,1,12,9,7,-12,-2,None
0,-3,-1,-3,3,5,0,-2,-3,1,12,9,7,-12,-2,None
0,-3,-1,-3,3,5,0,-2,-3,1,12,9,7,-12,-2,None
0,-3,-1,-3,3,5,0,-2,-3,1,12,9,7,-12,-2,None
0,3,0,-1,2,0,-2,-1,-1,1,12,9,7,-12,-2,None
0,-2,-1,-2,-12,-1,0,-1,-1,1,12,9,7,-12,-2,None
0,-2,-1,-1,-3,-2,-1,-2,-2,1,12,9,7,-12,-2,None
0,-1,1,-3,-1,-1,-1,-2,-1,1,12,9,7,-12,-2,None
0,-1,1,-3,-1,-1,-1,-2,-1,1,12,9,7,-12,-2,None
0,-1,1,-3,-1,-1,-1,-2,-1,1,12,9,7,-12,-2,None
0,-1,1,-4,-3,5,1,0,0,1,12,9,7,-12,-2,None
0,-6,1,-3,5,-6,-2,-1,1,1,12,9,7,-12,-2,None
0,-1,0,0,0,3,0,-1,-4,1,12,9,7,-12,-2,None
0,-2,-1,-1,-1,1,0,-1,-1,1,12,9,7,-12,-2,None
0,-2,-1,-1,-1,1,0,-1,-1,1,12,9,7,-12,-2,None
0,-2,-1,-1,-1,1,0,-1,-1,1,12,9,7,-12,-2,None
0,-1,-1,-2,-2,0,-1,0,-2,1,12,9,7,-12,-2,None
0,-1,0,-1,0,1,0,-3,0,1,12,9,7,-12,-2,None
0,-1,0,-3,-1,0,-1,0,-1,1,12,9,7,-12,-2,None
0,-1,0,-3,0,0,-3,-2,-2,1,12,9,7,-12,-2,None
0,-1,0,-3,0,0,-3,-2,-2,1,12,9,7,-12,-2,None
0,-1,0,-3,0,0,-3,-2,-2,1,12,9,7,-12,-2,None
0,-1,2,-1,-1,-2,-2,-2,1,1,12,9,7,-12,-2,None
0,0,-2,-4,2,0,0,0,1,1,12,9,7,-12,-2,None
0,-1,0,-4,-5,1,-2,-1,-3,1,12,9,7,-12,-2,None
0,0,0,0,5,3,0,-1,-1,1,12,9,7,-12,-2,None
0,0,0,0,5,3,0,-1,-1,1,12,9,7,-12,-2,None
0,0,0,0,5,3,0,-1,-1,1,12,9,7,-12,-2,None
0,-3,-1,-3,6,-2,-2,-2,-2,1,12,9,7,-12,-2,None
0,-1,1,-2,-3,2,-2,-2,0,1,12,9,7,-12,-2,None
0,0,-2,-2,0,-1,1,-2,-1,1,12,9,7,-12,-2,None
0,-3,1,-1,-4,-1,-1,-1,-1,1,12,9,7,-12,-2,None
0,-3,1,-1,-4,-1,-1,-1,-1,1,12,9,7,-12,-2,None
0,-3,1,-1,-4,-1,-1,-1,-1,1,12,9,7,-12,-2,None
0,-1,1,0,-2,-3,0,0,-1,1,12,9,7,-12,-2,None
0,-1,3,-2,4,3,-1,0,-2,1,12,9,7,-12,-2,None
0,-1,11,-4,-4,-3,-2,-1,-2,1,12,9,7,-12,-2,None
0,0,-2,-2,-2,-1,-1,-1,-2,1,12,9,7,-12,-2,None
0,0,-2,-2,-2,-1,-1,-1,-2,1,12,9,7,-12,-2,None
0,0,-2,-2,-2,-1,-1,-1,-2,1,12,9,7,-12,-2,None
0,-2,-2,-2,-2,-1,0,-2,-1,1,12,9,7,-12,-2,None
0,-1,-5,-3,-2,2,-1,-2,-2,1,12,9,7,-12,-2,None
0,-1,3,0,-2,-1,1,-1,-1,1,12,9,7,-12,-2,None
0,1,1,-3,-2,-3,-2,-1,-1,1,12,9,7,-12,-2,None
0,1,1,-3,-2,-3,-2,-1,-1,1,12,9,7,-12,-2,None
0,1,1,-3,-2,-3,-2,-1,-1,1,12,9,7,-12,-2,None
0,-2,-1,-2,4,2,-1,-2,-1,1,12,9,7,-12,-2,None
0,0,6,-1,-14,-4,-2,-1,-1,1,12,9,7,-12,-2,None
0,-2,-3,-2,4,6,-1,-1,-1,1,12,9,7,-12,-2,None
0,-1,1,-2,-4,-5,-1,-2,-2,1,12,9,7,-12,-2,None
0,-1,1,-2,-4,-5,-1,-2,-2,1,12,9,7,-12,-2,None
0,-1,1,-2,-4,-5,-1,-2,-2,1,12,9,7,-12,-2,None
0,-2,-4,-1,1,6,1,0,-6,1,12,9,7,-12,-2,None
0,0,-1,-2,8,-1,-2,-2,1,1,12,9,7,-12,-2,None
0,-2,-1,-1,-2,-3,-2,-1,-1,1,12,9,7,-12,-2,None
0,-1,-2,-2,-3,-1,-3,-1,0,1,12,9,7,-12,-2,None
0,-1,-2,-2,-3,-1,-3,-1,0,1,12,9,7,-12,-2,None
0,-1,-2,-2,-3,-1,-3,-1,0,1,12,9,7,-12,-2,None
0,-1,3,-2,-5,-3,-1,-1,-1,1,12,9,7,-12,-2,None
0,-1,-1,-1,0,-1,0,-1,-3,1,12,9,7,-12,-2,None
0,-1,1,-2,-2,1,-2,-1,-2,1,12,9,7,-12,-2,None
0,1,2,-1,10,1,-1,-2,-1,1,12,9,7,-12,-2,None
0,1,2,-1,10,1,-1,-2,-1,1,12,9,7,-12,-2,None
0,1,2,-1,10,1,-1,-2,-1,1,12,9,7,-12,-2,None
0,-10,1,-4,-9,-1,-2,-2,-1,1,12,9,7,-12,-2,None
0,8,1,1,6,5,1,-1,-2,1,12,9,7,-12,-2,None
0,-4,-6,-1,-1,-1,-1,-1,-1,1,12,9,7,-12,-2,None
0,0,2,-1,-1,0,-1,-1,-1,1,12,9,7,-12,-2,None
0,0,2,-1,-1,0,-1,-1,-1,1,12,9,7,-12,-2,None
0,0,2,-1,-1,0,-1,-1,-1,1,12,9,7,-12,-2,None
0,-1,3,-2,-2,-3,-1,-1,0,1,12,9,7,-12,-2,None
0,-5,-2,-2,-2,0,0,-3,-2,1,12,9,7,-12,-2,None
0,0,1,-1,0,1,0,-3,-3,1,12,9,7,-12,-2,None
0,-2,0,-3,-4,1,-2,-2,-3,1,12,9,7,-12,-2,None
0,-2,0,-3,-4,1,-2,-2,-3,1,12,9,7,-12,-2,None
0,-2,0,-3,-4,1,-2,-2,-3,1,12,9,7,-12,-2,None
0,0,-1,-2,-2,-3,-1,0,0,1,12,9,7,-12,-2,None
0,-1,3,-1,3,6,-1,0,-1,1,12,9,7,-12,-2,None
0,0,-1,-3,6,5,-1,-2,-1,1,12,9,7,-12,-2,None
0,-3,0,-2,-5,-2,-2,-2,-2,1,12,9,7,-12,-2,None
0,-3,0,-2,-5,-2,-2,-2,-2,1,12,9,7,-12,-2,None
0,-3,0,-2,-5,-2,-2,-2,-2,1,12,9,7,-12,-2,None
0,-1,0,-1,-1,0,-1,-2,-1,1,12,9,7,-12,-2,None
0,-1,0,-1,-2,-4,0,-1,-1,1,12,9,7,-12,-2,None
0,-1,0,-2,0,-2,0,0,-1,1,12,9,7,-12,-2,None
0,-1,-1,-2,-1,2,-1,-1,-1,1,12,9,7,-12,-2,None
0,-1,-1,-2,-1,2,-1,-1,-1,1,12,9,7,-12,-2,None
0,-1,-1,-2,-1,2,-1,-1,-1,1,12,9,7,-12,-2,None
0,0,0,-2,-1,0,-2,-1,-2,1,12,9,7,-12,-2,None
0,0,1,-1,-3,-3,-1,-2,-2,1,12,9,7,-12,-2,None
0,-2,-1,-2,10,7,-1,0,-2,1,12,9,7,-12,-2,None
0,-1,1,-1,-7,-1,0,-1,-2,1,12,9,7,-12,-2,None
0,-1,1,-1,-7,-1,0,-1,-2,1,12,9,7,-12,-2,None
0,-1,1,-1,-7,-1,0,-1,-2,1,12,9,7,-12,-2,None
0,1,0,-2,6,1,-1,-2,0,1,12,9,7,-12,-2,None
0,-3,-1,-4,0,0,0,-1,-2,1,12,9,7,-12,-2,None
0,-2,-1,-2,-4,-3,0,-2,-2,1,12,9,7,-12,-2,None
0,-1,0,0,1,0,0,-1,0,1,12,9,7,-12,-2,None
0,-1,0,0,1,0,0,-1,0,1,12,9,7,-12,-2,None
0,-1,0,0,1,0,0,-1,0,1,12,9,7,-12,-2,None
0,-2,0,-1,0,0,-2,-2,-1,1,12,9,7,-12,-2,None
0,3,-7,-1,-3,-3,-1,0,-3,1,12,9,7,-12,-2,None
0,1,-1,-3,1,4,-2,-1,-2,1,12,9,7,-12,-2,None
0,-1,1,-1,-2,5,-1,0,1,1,12,9,7,-12,-2,None
0,-1,1,-1,-2,5,-1,0,1,1,12,9,7,-12,-2,None
0,-1,1,-1,-2,5,-1,0,1,1,12,9,7,-12,-2,None
0,-2,0,-3,2,3,0,-1,-4,1,12,9,7,-12,-2,None
0,-2,0,-2,-1,2,-2,-2,-1,1,12,9,7,-12,-2,None
0,-3,0,-1,-5,-6,-1,-2,-2,1,12,9,7,-12,-2,None
0,0,0,-3,0,0,0,0,-1,1,12,9,7,-12,-2,None
0,0,0,-3,0,0,0,0,-1,1,12,9,7,-12,-2,None
0,0,0,-3,0,0,0,0,-1,1,12,9,7,-12,-2,None
0,1,1,0,-2,1,0,0,0,1,12,9,7,-12,-2,None
