0,-1,-1,-7,-23,-2,54,38,9,1,12,8,4,-18,-6,None
0,-1,-3,-11,-10,-2,-19,-58,-2,1,12,8,4,-18,-6,None
0,-1,1,-5,-20,4,0,41,-22,1,12,8,4,-18,-6,None
0,-1,1,-5,-20,4,0,41,-22,0,12,8,4,-18,-6,None
0,-1,1,-5,-20,4,0,41,-22,0,12,8,2,-18,-6,None
0,1,1,-2,10,4,-17,-13,28,0,12,8,2,-18,-6,None
0,-1,0,-1,-13,-4,10,16,0,0,12,8,2,-18,-6,None
0,-3,-4,-13,11,-4,25,14,-4,0,12,8,2,-18,-6,None
0,0,1,3,-1,-3,-31,-40,0,0,12,8,2,-18,-6,None
0,0,1,3,-1,-3,-31,-40,0,0,12,8,2,-18,-6,None
0,0,1,3,-1,-3,-31,-40,0,0,12,8,1,-19,-6,None
0,0,3,6,3,11,21,21,-8,0,12,8,1,-19,-6,None
0,-5,-3,-4,0,-1,14,-21,-11,0,12,8,1,-19,-6,None
0,2,3,-3,-10,-16,-8,-15,1,0,12,8,1,-19,-6,None
0,-4,-1,-4,-6,33,11,0,-2,0,12,8,1,-19,-6,None
0,-4,-1,-4,-6,33,11,0,-2,0,12,8,1,-19,-6,None
0,-4,-1,-4,-6,33,11,0,-2,0,12,8,0,-19,-6,None
0,-1,0,-1,-1,2,15,35,-4,0,12,8,0,-19,-6,None
0,-6,-2,-3,-12,-46,-16,-32,-5,0,12,8,0,-19,-6,None
0,0,1,0,1,48,-110,-82,-11,0,12,8,0,-19,-6,None
0,5,5,-1,-38,-30,51,-15,11,0,12,8,0,-19,-6,None
0,5,5,-1,-38,-30,51,-15,11,0,12,8,0,-19,-6,None
0,5,5,-1,-38,-30,51,-15,11,0,12,8,-1,-19,-5,None
0,1,3,8,12,44,74,115,11,0,12,8,-1,-19,-5,None
0,3,6,2,-8,49,27,-7,0,0,12,8,-1,-19,-5,None
0,-1,1,0,9,-120,-58,-86,-14,0,12,8,-1,-19,-5,None
0,-4,-1,-2,0,101,60,21,13,0,12,8,-1,-19,-5,None
0,-4,-1,-2,0,101,60,21,13,17,12,8,-1,-19,-5,None
0,-4,-1,-2,0,101,60,21,13,17,12,8,-1,-18,-5,None
0,2,4,5,-14,83,-20,26,26,17,12,8,-1,-18,-5,None
0,-1,-9,-15,28,-39,-52,-56,-4,17,12,8,-1,-18,-5,None
0,-1,1,4,0,72,50,80,7,17,12,8,-1,-18,-5,None
0,-3,-2,-5,1,39,-49,-54,-1,17,12,8,-1,-18,-5,None
0,-3,-2,-5,1,39,-49,-54,-1,17,12,8,-1,-18,-5,None
0,-3,-2,-5,1,39,-49,-54,-1,17,12,8,-2,-17,-4,None
0,-4,-3,0,18,-121,-11,-35,-20,17,12,8,-2,-17,-4,None
0,-1,4,6,-10,-18,-35,28,8,17,12,8,-2,-17,-4,None
0,5,3,1,14,10,25,14,8,17,12,8,-2,-17,-4,None
0,-7,-3,2,-8,-33,-29,-2,-26,17,12,8,-2,-17,-4,None
0,-7,-3,2,-8,-33,-29,-2,-26,17,12,8,-2,-17,-4,None
0,-7,-3,2,-8,-33,-29,-2,-26,17,12,8,-4,-14,-3,None
0,-2,1,-2,13,84,7,-22,-8,17,12,8,-4,-14,-3,None
0,-1,1,-3,3,-105,-12,12,-5,17,12,8,-4,-14,-3,None
0,0,3,-1,-12,17,11,17,40,17,12,8,-4,-14,-3,None
0,-3,1,-1,21,92,-5,1,-28,17,12,8,-4,-14,-3,None
0,-3,1,-1,21,92,-5,1,-28,16,12,8,-4,-14,-3,None
0,-3,1,-1,21,92,-5,1,-28,16,12,8,-6,-12,-4,None
0,-1,-2,1,-43,5,-10,-21,4,16,12,8,-6,-12,-4,None
0,2,5,7,15,-5,9,6,4,16,12,8,-6,-12,-4,None
0,1,4,-17,-16,-15,15,20,-13,16,12,8,-6,-12,-4,None
0,-1,1,1,48,-128,-19,-8,6,16,12,8,-6,-12,-4,None
0,-1,1,1,48,-128,-19,-8,6,16,12,8,-6,-12,-4,None
0,-1,1,1,48,-128,-19,-8,6,16,12,8,-7,-11,-3,None
0,-6,-1,-9,-33,-11,-21,-18,13,16,12,8,-7,-11,-3,None
0,-4,-4,-1,2,82,8,9,-11,16,12,8,-7,-11,-3,None
0,-1,5,5,27,-34,10,4,-13,16,12,8,-7,-11,-3,None
0,2,-3,-10,-102,-14,-18,-6,7,16,12,8,-7,-11,-3,None
0,2,-3,-10,-102,-14,-18,-6,7,16,12,8,-7,-11,-3,None
0,2,-3,-10,-102,-14,-18,-6,7,16,12,8,-7,-10,-3,None
0,-2,-2,-4,37,-27,-9,-30,-20,16,12,8,-7,-10,-3,None
0,-5,4,3,-54,62,22,17,10,16,12,8,-7,-10,-3,None
0,-2,-3,-1,30,-11,3,10,3,16,12,8,-7,-10,-3,None
0,-23,-1,-3,11,-96,-7,-17,1,16,12,8,-7,-10,-3,None
0,-23,-1,-3,11,-96,-7,-17,1,15,12,8,-7,-10,-3,None
0,-23,-1,-3,11,-96,-7,-17,1,15,12,8,-7,-10,-3,None
0,19,-7,0,-6,-19,-16,-24,-38,15,12,8,-7,-10,-3,None
0,2,2,-1,-31,94,6,21,18,15,12,8,-7,-10,-3,None
0,1,7,6,-31,96,23,7,13,15,12,8,-7,-10,-3,None
0,0,-7,1,58,56,1,13,2,15,12,8,-7,-10,-3,None
0,0,-7,1,58,56,1,13,2,15,12,8,-7,-10,-3,None
0,0,-7,1,58,56,1,13,2,15,12,8,-7,-9,-3,None
0,-7,2,-13,-74,1,-2,-19,-11,15,12,8,-7,-9,-3,None
0,-3,2,3,-2,-128,-16,-10,-6,15,12,8,-7,-9,-3,None
0,-4,-1,-1,15,24,-1,3,-21,15,12,8,-7,-9,-3,None
0,14,8,-4,-44,85,20,11,16,15,12,8,-7,-9,-3,None
0,14,8,-4,-44,85,20,11,16,15,12,8,-7,-9,-3,None
0,14,8,-4,-44,85,20,11,16,15,12,8,-6,-8,-2,None
0,4,9,10,60,-80,-3,-7,4,15,12,8,-6,-8,-2,None
0,40,-3,-22,-86,95,-4,1,-3,15,12,8,-6,-8,-2,None
0,-67,-8,-6,-46,-67,-16,6,4,15,12,8,-6,-8,-2,None
0,-7,-1,-2,18,-36,-1,-1,-27,15,12,8,-6,-8,-2,None
0,-7,-1,-2,18,-36,-1,-1,-27,15,12,8,-6,-8,-2,None
0,-7,-1,-2,18,-36,-1,-1,-27,15,12,8,-5,-6,-2,None
0,-3,0,-7,9,30,7,3,17,15,12,8,-5,-6,-2,None
0,-4,2,4,92,-1,6,-4,-3,15,12,8,-5,-6,-2,None
0,14,-4,-9,-66,-12,-12,-11,-8,15,12,8,-5,-6,-2,None
0,2,2,2,12,-40,-10,2,6,15,12,8,-5,-6,-2,None
0,2,2,2,12,-40,-10,2,6,15,11,7,-5,-6,-2,None
0,2,2,2,12,-40,-10,2,6,15,11,7,-6,-6,-1,None
0,-12,2,5,7,-5,-2,-1,-13,15,11,7,-6,-6,-1,None
0,-10,-6,-16,35,-36,0,-7,-14,15,11,7,-6,-6,-1,None
0,10,0,-13,14,-4,0,2,-2,15,11,7,-6,-6,-1,None
0,-5,1,-3,17,-3,-3,1,0,15,11,7,-6,-6,-1,None
0,-5,1,-3,17,-3,-3,1,0,14,11,7,-6,-6,-1,None
0,-5,1,-3,17,-3,-3,1,0,14,11,7,-6,-6,-1,None
0,4,-2,-6,1,14,5,-9,-3,14,11,7,-6,-6,-1,None
0,-6,1,-1,-4,-2,2,0,11,14,11,7,-6,-6,-1,None
0,8,1,0,18,-1,2,2,-7,14,11,7,-6,-6,-1,None
0,1,1,-8,-1,21,-17,0,2,14,11,7,-6,-6,-1,None
0,1,1,-8,-1,21,-17,0,2,14,11,7,-6,-6,-1,None
0,1,1,-8,-1,21,-17,0,2,14,11,7,-6,-6,0,None
0,-3,-2,-2,24,39,15,1,4,14,11,7,-6,-6,0,None
0,-7,2,3,12,-60,-5,-5,-8,14,11,7,-6,-6,0,None
0,2,1,8,17,9,0,0,-2,14,11,7,-6,-6,0,None
0,5,2,12,-11,-17,4,6,5,14,11,7,-6,-6,0,None
0,5,2,12,-11,-17,4,6,5,14,11,7,-6,-6,0,None
0,5,2,12,-11,-17,4,6,5,14,11,7,-6,-5,0,None
0,-6,-2,0,-24,-5,2,2,-3,14,11,7,-6,-5,0,None
0,-8,0,3,-22,-7,-16,-4,-9,14,11,7,-6,-5,0,None
0,10,0,0,0,-71,1,-3,1,14,11,7,-6,-5,0,None
0,0,1,1,20,43,2,3,4,14,11,7,-6,-5,0,None
0,0,1,1,20,43,2,3,4,14,11,7,-6,-5,0,None
0,0,1,1,20,43,2,3,4,14,11,7,-6,-6,0,None
0,-5,-3,-1,-8,21,-7,-5,-3,14,11,7,-6,-6,0,None
0,-5,3,0,-7,3,-3,-7,-7,14,11,7,-6,-6,0,None
0,5,0,-9,-21,16,9,2,5,14,11,7,-6,-6,0,None
0,0,0,-8,13,-16,1,5,4,14,11,7,-6,-6,0,None
0,0,0,-8,13,-16,1,5,4,14,11,7,-6,-6,0,None
0,0,0,-8,13,-16,1,5,4,14,11,7,-8,-8,0,None
0,-3,0,-5,2,-17,-21,-6,0,14,11,7,-8,-8,0,None
0,-2,-1,0,4,27,30,4,-3,14,11,7,-8,-8,0,None
0,0,-2,-3,55,26,-1,-4,-4,14,11,7,-8,-8,0,None
0,0,1,6,-5,-19,-1,-3,0,14,11,7,-8,-8,0,None
0,0,1,6,-5,-19,-1,-3,0,15,11,7,-8,-8,0,None
0,0,1,6,-5,-19,-1,-3,0,15,11,7,-10,-8,0,None
0,2,2,-7,17,9,4,4,2,15,11,7,-10,-8,0,None
0,-6,-3,-4,16,-37,-11,-6,-5,15,11,7,-10,-8,0,None
0,0,0,6,6,-5,-8,-4,-4,15,11,7,-10,-8,0,None
0,0,1,-5,-17,-47,5,-1,2,15,11,7,-10,-8,0,None
0,0,1,-5,-17,-47,5,-1,2,15,11,7,-10,-8,0,None
0,0,1,-5,-17,-47,5,-1,2,15,11,7,-10,-8,0,None
0,0,1,-2,2,-6,-8,-1,-1,15,11,7,-10,-8,0,None
0,-2,-1,0,-4,37,-1,-1,0,15,11,7,-10,-8,0,None
0,-2,1,2,-3,9,0,-2,-3,15,11,7,-10,-8,0,None
0,-2,-1,-4,-1,-4,-5,-1,-3,15,11,7,-10,-8,0,None
0,-2,-1,-4,-1,-4,-5,-1,-3,15,11,7,-10,-8,0,None
0,-2,-1,-4,-1,-4,-5,-1,-3,15,11,7,-11,-8,0,None
0,-2,0,-6,-14,-23,-3,-4,-3,15,11,7,-11,-8,0,None
0,-1,-1,-6,9,12,5,-2,0,15,11,7,-11,-8,0,None
0,-2,-2,-2,5,18,-4,-3,-5,15,11,7,-11,-8,0,None
0,-4,-1,-1,-3,1,-1,-4,-5,15,11,7,-11,-8,0,None
0,-4,-1,-1,-3,1,-1,-4,-5,15,11,7,-11,-8,0,None
0,-4,-1,-1,-3,1,-1,-4,-5,15,11,7,-11,-8,0,None
0,-1,3,5,-27,-9,2,2,3,15,11,7,-11,-8,0,None
0,-1,-1,-7,7,20,-1,-3,1,15,11,7,-11,-8,0,None
0,0,-1,-1,-2,-41,-3,-2,-3,15,11,7,-11,-8,0,None
0,-2,-1,-5,1,4,-5,1,-4,15,11,7,-11,-8,0,None
0,-2,-1,-5,1,4,-5,1,-4,15,11,8,-11,-8,0,None
0,-2,-1,-5,1,4,-5,1,-4,15,11,8,-10,-9,0,None
0,-2,-3,-4,15,26,9,1,2,15,11,8,-10,-9,0,None
0,-3,0,1,-1,-29,-4,-2,0,15,11,8,-10,-9,0,None
0,0,2,1,-15,1,-3,-2,-1,15,11,8,-10,-9,0,None
0,0,-1,-8,-3,24,-3,-3,-1,15,11,8,-10,-9,0,None
0,0,-1,-8,-3,24,-3,-3,-1,15,11,8,-10,-9,0,None
0,0,-1,-8,-3,24,-3,-3,-1,15,11,8,-10,-9,0,None
0,-1,0,-4,-24,-89,0,0,-3,15,11,8,-10,-9,0,None
0,-3,-2,3,33,56,0,-1,-5,15,11,8,-10,-9,0,None
0,2,3,-1,-14,9,7,0,2,15,11,8,-10,-9,0,None
0,-2,0,2,3,-21,6,-2,-1,15,11,8,-10,-9,0,None
0,-2,0,2,3,-21,6,-2,-1,15,12,8,-10,-9,0,None
0,-2,0,2,3,-21,6,-2,-1,15,12,8,-9,-9,0,None
0,-1,1,-2,-23,20,-5,-4,-2,15,12,8,-9,-9,0,None
0,0,1,-3,-16,-14,-2,-2,0,15,12,8,-9,-9,0,None
0,0,0,-3,-5,1,-4,1,-1,15,12,8,-9,-9,0,None
0,1,0,-4,-19,3,7,3,1,15,12,8,-9,-9,0,None
0,1,0,-4,-19,3,7,3,1,15,12,8,-9,-9,0,None
0,1,0,-4,-19,3,7,3,1,15,12,8,-8,-8,-1,None
0,-1,-1,-5,48,27,-2,-3,-2,15,12,8,-8,-8,-1,None
0,-2,3,7,-24,-15,-8,-1,-3,15,12,8,-8,-8,-1,None
0,-2,1,-5,1,3,-6,-5,-5,15,12,8,-8,-8,-1,None
0,1,-1,-1,-25,-11,4,2,3,15,12,8,-8,-8,-1,None
0,1,-1,-1,-25,-11,4,2,3,15,12,8,-8,-8,-1,None
0,1,-1,-1,-25,-11,4,2,3,15,12,8,-8,-8,-2,None
0,-1,-2,-1,16,10,0,0,-1,15,12,8,-8,-8,-2,None
0,-2,1,0,-3,8,-3,-1,0,15,12,8,-8,-8,-2,None
0,-2,0,1,-6,1,0,-2,-2,15,12,8,-8,-8,-2,None
0,-2,1,0,1,9,-7,-4,-4,15,12,8,-8,-8,-2,None
0,-2,1,0,1,9,-7,-4,-4,15,12,8,-8,-8,-2,None
0,-2,1,0,1,9,-7,-4,-4,15,12,8,-9,-9,-2,None
0,-1,1,-4,-42,-91,-7,-4,-3,15,12,8,-9,-9,-2,None
0,-1,1,-1,21,27,5,1,1,15,12,8,-9,-9,-2,None
0,-2,0,2,-9,15,3,-1,-1,15,12,8,-9,-9,-2,None
0,-3,0,-6,4,14,-4,-3,-3,15,12,8,-9,-9,-2,None
0,-3,0,-6,4,14,-4,-3,-3,16,12,8,-9,-9,-2,None
0,-3,0,-6,4,14,-4,-3,-3,16,12,8,-8,-9,-3,None
0,-3,0,0,-6,26,-4,-3,-3,16,12,8,-8,-9,-3,None
0,-1,0,-5,19,0,1,-3,-1,16,12,8,-8,-9,-3,None
0,0,-1,-5,-11,-9,0,0,-1,16,12,8,-8,-9,-3,None
0,-1,0,1,19,-3,-3,-2,-4,16,12,8,-8,-9,-3,None
0,-1,0,1,19,-3,-3,-2,-4,16,12,8,-8,-9,-3,None
0,-1,0,1,19,-3,-3,-2,-4,16,12,8,-6,-10,-3,None
0,-3,-1,-1,7,35,0,4,-2,16,12,8,-6,-10,-3,None
0,4,3,-1,-33,-8,3,-5,4,16,12,8,-6,-10,-3,None
0,-3,-2,-2,10,24,-1,5,-1,16,12,8,-6,-10,-3,None
0,-1,0,-3,0,-14,-4,-4,-5,16,12,8,-6,-10,-3,None
0,-1,0,-3,0,-14,-4,-4,-5,16,12,8,-6,-10,-3,None
0,-1,0,-3,0,-14,-4,-4,-5,16,12,8,-5,-11,-3,None
0,0,3,-6,-5,13,-4,-3,-3,16,12,8,-5,-11,-3,None
0,-1,0,-2,-1,-25,-4,0,-6,16,12,8,-5,-11,-3,None
0,-1,-2,-6,-8,12,8,4,20,16,12,8,-5,-11,-3,None
0,0,4,1,13,7,-1,-4,-18,16,12,8,-5,-11,-3,None
0,0,4,1,13,7,-1,-4,-18,16,12,8,-5,-11,-3,None
0,0,4,1,13,7,-1,-4,-18,16,12,8,-3,-11,-5,None
0,-4,-2,-3,-13,8,0,-3,6,16,12,8,-3,-11,-5,None
0,0,0,-3,-10,4,-5,-11,3,16,12,8,-3,-11,-5,None
0,-4,-1,-5,14,7,-4,-7,-34,16,12,8,-3,-11,-5,None
0,0,2,5,12,10,5,13,7,16,12,8,-3,-11,-5,None
0,0,2,5,12,10,5,13,7,16,12,8,-3,-11,-5,None
0,0,2,5,12,10,5,13,7,16,12,8,-2,-11,-5,None
0,2,4,3,-9,-14,-2,2,-6,16,12,8,-2,-11,-5,None
0,-1,0,1,4,11,-6,0,-9,16,12,8,-2,-11,-5,None
0,-1,0,-1,-7,-18,1,-9,2,16,12,8,-2,-11,-5,None
0,0,-2,-5,8,29,1,-1,9,16,12,8,-2,-11,-5,None
0,0,-2,-5,8,29,1,-1,9,17,12,8,-2,-11,-5,None
0,0,-2,-5,8,29,1,-1,9,17,12,8,-2,-11,-6,None
0,0,0,1,7,-1,1,-10,-18,17,12,8,-2,-11,-6,None
0,-4,-1,3,-20,-7,-7,0,-10,17,12,8,-2,-11,-6,None
0,1,2,0,27,-8,0,30,29,17,12,8,-2,-11,-6,None
0,-1,-1,-4,-20,-5,3,20,8,17,12,8,-2,-11,-6,None
0,-1,-1,-4,-20,-5,3,20,8,17,12,8,-2,-11,-6,None
0,-1,-1,-4,-20,-5,3,20,8,17,12,8,-2,-13,-6,None
0,1,-2,-3,37,18,1,-2,14,17,12,8,-2,-13,-6,None
0,-2,-3,-7,-18,-4,-7,-19,-20,17,12,8,-2,-13,-6,None
0,-8,-2,-7,-6,3,-8,-31,-28,17,12,8,-2,-13,-6,None
0,4,3,0,-18,-2,7,31,7,17,12,8,-2,-13,-6,None
0,4,3,0,-18,-2,7,31,7,17,12,8,-2,-13,-6,None
0,4,3,0,-18,-2,7,31,7,17,12,8,-1,-14,-7,None
0,0,1,1,5,6,-1,6,2,17,12,8,-1,-14,-7,None
0,-1,-1,-5,-16,-4,0,1,2,17,12,8,-1,-14,-7,None
0,-2,-1,-2,2,9,-4,-13,-10,17,12,8,-1,-14,-7,None
0,-3,-1,-4,-12,-11,-9,-26,-3,17,12,8,-1,-14,-7,None
0,-3,-1,-4,-12,-11,-9,-26,-3,17,12,8,-1,-14,-7,None
0,-3,-1,-4,-12,-11,-9,-26,-3,17,12,8,0,-14,-8,None
0,-1,0,1,19,15,-1,-39,-29,17,12,8,0,-14,-8,None
0,6,1,0,11,21,10,69,70,17,12,8,0,-14,-8,None
0,5,1,-1,30,6,9,30,43,17,12,8,0,-14,-8,None
0,-8,-1,-6,6,-4,-6,-32,-55,17,12,8,0,-14,-8,None
0,-8,-1,-6,6,-4,-6,-32,-55,0,12,8,0,-14,-8,None
0,-8,-1,-6,6,-4,-6,-32,-55,0,12,8,2,-14,-10,None
0,2,1,-4,-12,4,-1,27,-2,0,12,8,2,-14,-10,None
0,-4,0,-2,6,0,-4,-19,-14,0,12,8,2,-14,-10,None
0,-1,1,-2,-26,-8,-4,-11,-29,0,12,8,2,-14,-10,None
0,-1,-1,-3,14,-13,-5,4,35,0,12,8,2,-14,-10,None
0,-1,-1,-3,14,-13,-5,4,35,0,12,8,2,-14,-10,None
0,-1,-1,-3,14,-13,-5,4,35,0,12,8,2,-15,-10,None
0,-3,-5,-7,13,8,1,-16,-8,0,12,8,2,-15,-10,None
0,-2,1,-3,21,20,4,-10,-14,0,12,8,2,-15,-10,None
0,2,1,-4,-21,-10,-10,-1,-8,0,12,8,2,-15,-10,None
0,-2,1,0,-14,-21,-5,-18,-13,0,12,8,2,-15,-10,None
0,-2,1,0,-14,-21,-5,-18,-13,0,12,8,2,-15,-10,None
0,-2,1,0,-14,-21,-5,-18,-13,0,12,8,3,-16,-10,None
0,-4,0,-3,13,9,-1,-1,4,0,12,8,3,-16,-10,None
0,1,2,-2,17,-4,-1,4,6,0,12,8,3,-16,-10,None
0,0,-1,-2,1,14,1,-1,-3,0,12,8,3,-16,-10,None
0,3,4,0,-9,-18,-1,-21,19,0,12,8,3,-16,-10,None
0,3,4,0,-9,-18,-1,-21,19,0,12,8,3,-16,-10,None
0,3,4,0,-9,-18,-1,-21,19,0,12,8,4,-16,-11,None
0,-7,-3,-3,-4,4,1,28,-3,0,12,8,4,-16,-11,None
0,2,2,5,-10,-3,3,19,8,0,12,8,4,-16,-11,None
0,-3,-1,-4,18,17,-2,-18,-14,0,12,8,4,-16,-11,None
0,0,-1,1,-11,22,8,8,16,0,12,8,4,-16,-11,None
0,0,-1,1,-11,22,8,8,16,0,12,8,4,-16,-11,None
0,0,-1,1,-11,22,8,8,16,0,12,8,3,-15,-10,None
0,-2,2,0,-10,-2,-5,-7,-26,0,12,8,3,-15,-10,None
0,0,2,1,-17,-15,-1,-18,-14,0,12,8,3,-15,-10,None
0,-2,-1,-3,21,-4,-4,-1,-1,0,12,8,3,-15,-10,None
0,-2,-2,-5,-3,12,-3,-1,-5,0,12,8,3,-15,-10,None
0,-2,-2,-5,-3,12,-3,-1,-5,0,12,8,3,-15,-10,None
0,-2,-2,-5,-3,12,-3,-1,-5,0,12,8,3,-15,-10,None
0,1,2,1,8,35,4,0,9,0,12,8,3,-15,-10,None
0,-3,3,-1,-2,-18,-4,-3,-2,0,12,8,3,-15,-10,None
0,2,4,2,-16,-2,4,5,8,0,12,8,3,-15,-10,None
0,-3,-3,-5,-4,13,-2,-4,-6,0,12,8,3,-15,-10,None
0,-3,-3,-5,-4,13,-2,-4,-6,0,11,8,3,-15,-10,None
0,-3,-3,-5,-4,13,-2,-4,-6,0,11,8,3,-15,-9,None
0,-1,1,0,-1,-10,1,0,7,0,11,8,3,-15,-9,None
0,-3,0,-1,-12,-7,-3,-6,-6,0,11,8,3,-15,-9,None
0,-1,0,-3,10,3,-1,-2,1,0,11,8,3,-15,-9,None
0,-2,1,3,11,11,-1,-2,-7,0,11,8,3,-15,-9,None
0,-2,1,3,11,11,-1,-2,-7,1,11,8,3,-15,-9,None
0,-2,1,3,11,11,-1,-2,-7,1,11,8,3,-16,-8,None
0,1,2,1,-34,-21,-4,3,7,1,11,8,3,-16,-8,None
0,-1,1,3,3,7,1,-2,11,1,11,8,3,-16,-8,None
0,-3,-1,0,-6,0,1,1,-8,1,11,8,3,-16,-8,None
0,-3,-2,-4,10,10,-3,0,-11,1,11,8,3,-16,-8,None
0,-3,-2,-4,10,10,-3,0,-11,1,11,8,3,-16,-8,None
0,-3,-2,-4,10,10,-3,0,-11,1,11,8,3,-15,-7,None
0,0,0,-5,-9,3,0,-2,6,1,11,8,3,-15,-7,None
0,-1,1,-1,-4,-3,-2,-8,-6,1,11,8,3,-15,-7,None
0,-3,1,-1,-16,10,-1,-3,0,1,11,8,3,-15,-7,None
0,-1,0,-7,-20,-4,-3,2,2,1,11,8,3,-15,-7,None
0,-1,0,-7,-20,-4,-3,2,2,1,11,8,3,-15,-7,None
0,-1,0,-7,-20,-4,-3,2,2,1,11,8,3,-14,-7,None
0,-2,1,-2,-11,-8,-1,-5,1,1,11,8,3,-14,-7,None
0,-2,-1,-5,2,6,-4,-6,-10,1,11,8,3,-14,-7,None
0,1,1,-2,-21,-12,-3,0,2,1,11,8,3,-14,-7,None
0,-3,1,-1,1,-3,6,2,-6,1,11,8,3,-14,-7,None
0,-3,1,-1,1,-3,6,2,-6,1,11,8,3,-14,-7,None
0,-3,1,-1,1,-3,6,2,-6,1,11,8,3,-14,-7,None
0,-1,-1,-1,17,1,-2,-4,7,1,11,8,3,-14,-7,None
0,-1,0,-2,6,-1,-2,-4,-8,1,11,8,3,-14,-7,None
0,-2,-1,1,-2,-8,4,2,2,1,11,8,3,-14,-7,None
0,-1,0,2,16,18,-8,-4,1,1,11,8,3,-14,-7,None
0,-1,0,2,16,18,-8,-4,1,0,12,8,3,-14,-7,None
0,-1,0,2,16,18,-8,-4,1,0,12,8,4,-14,-7,None
0,-2,0,1,6,-9,-6,-3,-4,0,12,8,4,-14,-7,None
0,-3,-1,-3,-1,12,1,-2,-1,0,12,8,4,-14,-7,None
0,0,1,2,-5,-14,-6,-3,-1,0,12,8,4,-14,-7,None
0,-4,-1,-3,32,-7,-4,-2,-4,0,12,8,4,-14,-7,None
0,-4,-1,-3,32,-7,-4,-2,-4,0,12,8,4,-14,-7,None
0,-4,-1,-3,32,-7,-4,-2,-4,0,12,8,4,-13,-6,None
0,-2,1,-1,11,-2,1,-7,-2,0,12,8,4,-13,-6,None
0,-2,1,1,-8,16,1,4,0,0,12,8,4,-13,-6,None
0,0,0,-3,11,-1,-2,-1,1,0,12,8,4,-13,-6,None
0,0,1,-4,-5,6,1,1,0,0,12,8,4,-13,-6,None
0,0,1,-4,-5,6,1,1,0,0,12,8,4,-13,-6,None
0,0,1,-4,-5,6,1,1,0,0,12,8,4,-12,-6,None
0,2,2,-6,3,-15,-11,-3,-3,0,12,8,4,-12,-6,None
0,-1,-1,-4,-2,-3,4,-3,-1,0,12,8,4,-12,-6,None
0,-4,-1,-2,43,25,7,-4,-6,0,12,8,4,-12,-6,None
0,-4,-2,-6,-20,-17,-10,0,2,0,12,8,4,-12,-6,None
0,-4,-2,-6,-20,-17,-10,0,2,0,12,8,4,-12,-6,None
0,-4,-2,-6,-20,-17,-10,0,2,0,12,8,5,-12,-6,None
0,2,3,0,4,9,7,4,0,0,12,8,5,-12,-6,None
0,0,2,-8,47,4,2,-2,-1,0,12,8,5,-12,-6,None
0,2,0,-5,-21,-9,-3,1,1,0,12,8,5,-12,-6,None
0,1,2,0,3,1,0,-3,-2,0,12,8,5,-12,-6,None
0,1,2,0,3,1,0,-3,-2,0,12,8,5,-12,-6,None
0,1,2,0,3,1,0,-3,-2,0,12,8,5,-12,-6,None
0,-4,-1,-6,-8,-3,-7,-2,1,0,12,8,5,-12,-6,None
0,0,2,-1,-8,-15,-3,-2,-5,0,12,8,5,-12,-6,None
0,-3,-2,-2,71,15,-6,-7,0,0,12,8,5,-12,-6,None
0,0,2,-3,-13,2,-2,2,2,0,12,8,5,-12,-6,None
0,0,2,-3,-13,2,-2,2,2,0,12,8,5,-12,-6,None
0,0,2,-3,-13,2,-2,2,2,0,12,8,5,-12,-6,None
0,-2,-1,-2,-8,0,-2,-3,-1,0,12,8,5,-12,-6,None
0,-1,5,12,101,18,-4,-3,-5,0,12,8,5,-12,-6,None
0,2,0,-23,-111,-10,12,2,5,0,12,8,5,-12,-6,None
0,-2,1,-1,12,1,-4,-5,-5,0,12,8,5,-12,-6,None
0,-2,1,-1,12,1,-4,-5,-5,0,12,8,5,-12,-6,None
0,-2,1,-1,12,1,-4,-5,-5,0,12,8,5,-13,-6,None
0,-5,-3,-6,24,-9,-6,-4,3,0,12,8,5,-13,-6,None
0,-1,-6,-12,-36,-21,-8,-5,-8,0,12,8,5,-13,-6,None
0,-2,8,13,28,16,11,4,-14,0,12,8,5,-13,-6,None
0,0,-2,-11,2,-7,-5,-3,-3,0,12,8,5,-13,-6,None
0,0,-2,-11,2,-7,-5,-3,-3,1,12,8,5,-13,-6,None
0,0,-2,-11,2,-7,-5,-3,-3,1,12,8,5,-13,-5,None
0,0,2,-10,-82,2,8,1,-8,1,12,8,5,-13,-5,None
0,3,5,12,28,17,-3,1,25,1,12,8,5,-13,-5,None
0,-8,-7,-15,-21,-19,-19,-8,-11,1,12,8,5,-13,-5,None
0,6,5,6,3,-4,20,13,15,1,12,8,5,-13,-5,None
0,6,5,6,3,-4,20,13,15,1,12,8,5,-13,-5,None
0,6,5,6,3,-4,20,13,15,1,12,8,5,-12,-4,None
0,-2,-1,-4,-20,20,-4,-5,-13,1,12,8,5,-12,-4,None
0,1,1,3,-35,13,12,-4,-1,1,12,8,5,-12,-4,None
0,-1,1,7,53,37,2,8,0,1,12,8,5,-12,-4,None
0,-3,0,0,-10,-38,-18,-12,-14,1,12,8,5,-12,-4,None
0,-3,0,0,-10,-38,-18,-12,-14,1,12,8,5,-12,-4,None
0,-3,0,0,-10,-38,-18,-12,-14,1,12,8,6,-11,-4,None
0,-2,-2,0,22,4,10,10,3,1,12,8,6,-11,-4,None
0,-1,1,1,0,18,-1,0,-8,1,12,8,6,-11,-4,None
0,-3,-3,-2,-40,-34,-12,-4,4,1,12,8,6,-11,-4,None
0,-1,-1,-3,32,-4,-5,-10,-7,1,12,8,6,-11,-4,None
0,-1,-1,-3,32,-4,-5,-10,-7,1,12,8,6,-11,-4,None
0,-1,-1,-3,32,-4,-5,-10,-7,1,12,8,6,-12,-4,None
0,2,3,9,2,-4,6,6,10,1,12,8,6,-12,-4,None
0,-5,-4,-8,13,9,-6,-6,-6,1,12,8,6,-12,-4,None
0,4,7,12,55,8,-4,-2,-2,1,12,8,6,-12,-4,None
0,-8,-4,-5,-98,-33,0,1,-9,1,12,8,6,-12,-4,None
0,-8,-4,-5,-98,-33,0,1,-9,1,12,8,6,-12,-4,None
0,-8,-4,-5,-98,-33,0,1,-9,1,12,8,6,-13,-4,None
0,3,5,8,35,31,0,-10,-7,1,12,8,6,-13,-4,None
0,-5,-2,-6,55,2,-7,-13,6,1,12,8,6,-13,-4,None
0,1,-1,-4,-4,-9,-6,-1,3,1,12,8,6,-13,-4,None
0,3,4,7,39,47,6,5,5,1,12,8,6,-13,-4,None
0,3,4,7,39,47,6,5,5,1,12,8,6,-13,-4,None
0,3,4,7,39,47,6,5,5,1,12,8,6,-12,-4,None
0,0,2,2,45,-20,-3,0,6,1,12,8,6,-12,-4,None
0,-3,-2,-12,-25,3,-7,-5,-8,1,12,8,6,-12,-4,None
0,-4,-1,-5,-55,-19,-1,-5,-6,1,12,8,6,-12,-4,None
0,0,-1,-3,14,-10,-6,-5,3,1,12,8,6,-12,-4,None
0,0,-1,-3,14,-10,-6,-5,3,1,12,8,6,-12,-4,None
0,0,-1,-3,14,-10,-6,-5,3,1,12,8,6,-12,-4,None
0,-1,0,-1,51,38,5,0,-9,1,12,8,6,-12,-4,None
0,0,0,-11,-27,-17,4,0,-8,1,12,8,6,-12,-4,None
0,2,4,12,71,29,-2,2,21,1,12,8,6,-12,-4,None
0,0,-4,-20,-98,-50,0,7,0,1,12,8,6,-12,-4,None
0,0,-4,-20,-98,-50,0,7,0,1,12,8,6,-12,-4,None
0,0,-4,-20,-98,-50,0,7,0,1,12,8,6,-11,-4,None
0,-1,0,-4,10,-21,-3,-10,4,1,12,8,6,-11,-4,None
0,1,-1,-2,-54,-22,-2,4,7,1,12,8,6,-11,-4,None
0,-11,-5,-5,-2,39,4,2,-30,1,12,8,6,-11,-4,None
0,0,-1,2,28,4,1,-1,9,1,12,8,6,-11,-4,None
0,0,-1,2,28,4,1,-1,9,1,13,8,6,-11,-4,None
0,0,-1,2,28,4,1,-1,9,1,13,8,6,-11,-3,None
0,-3,-1,0,-3,-5,-6,-4,4,1,13,8,6,-11,-3,None
0,1,3,2,32,-2,-8,-14,-2,1,13,8,6,-11,-3,None
0,0,-3,-4,11,-14,-4,5,2,1,13,8,6,-11,-3,None
0,-1,3,5,29,31,10,5,-6,1,13,8,6,-11,-3,None
0,-1,3,5,29,31,10,5,-6,1,13,8,6,-11,-3,None
0,-1,3,5,29,31,10,5,-6,1,13,8,6,-11,-3,None
0,-1,0,-8,-28,9,-2,1,-5,1,13,8,6,-11,-3,None
0,0,2,1,34,-27,0,3,-3,1,13,8,6,-11,-3,None
0,0,-1,-12,-51,-23,-7,-8,2,1,13,8,6,-11,-3,None
0,-3,-4,-5,-63,-16,-7,-15,-10,1,13,8,6,-11,-3,None
0,-3,-4,-5,-63,-16,-7,-15,-10,1,13,8,6,-11,-3,None
0,-3,-4,-5,-63,-16,-7,-15,-10,1,13,8,6,-11,-3,None
0,-3,0,4,5,16,6,12,4,1,13,8,6,-11,-3,None
0,-3,-1,-3,10,7,4,7,-6,1,13,8,6,-11,-3,None
0,3,4,-1,-39,-13,0,-4,5,1,13,8,6,-11,-3,None
0,-6,0,-1,19,8,-3,-4,-10,1,13,8,6,-11,-3,None
0,-6,0,-1,19,8,-3,-4,-10,1,13,8,6,-11,-3,None
0,-6,0,-1,19,8,-3,-4,-10,1,13,8,7,-11,-2,None
0,-2,-3,-7,-1,-12,-9,-10,0,1,13,8,7,-11,-2,None
0,-2,-1,-2,-51,-1,-1,0,-3,1,13,8,7,-11,-2,None
0,0,0,-1,14,2,6,3,4,1,13,8,7,-11,-2,None
0,1,3,2,11,7,4,2,5,1,13,8,7,-11,-2,None
0,1,3,2,11,7,4,2,5,1,13,8,7,-11,-2,None
0,1,3,2,11,7,4,2,5,1,13,8,7,-12,-2,None
0,-1,1,-2,-13,3,-2,1,-3,1,13,8,7,-12,-2,None
0,-8,-4,-7,-18,-29,-3,-2,-17,1,13,8,7,-12,-2,None
0,1,0,-2,2,-8,-3,-9,13,1,13,8,7,-12,-2,None
0,-2,0,-2,22,13,5,7,-3,1,13,8,7,-12,-2,None
0,-2,0,-2,22,13,5,7,-3,1,13,8,7,-12,-2,None
0,-2,0,-2,22,13,5,7,-3,1,13,8,7,-16,-3,None
0,1,3,0,-1,-16,1,2,0,1,13,8,7,-16,-3,None
0,0,1,-5,-12,7,0,-2,-2,1,13,8,7,-16,-3,None
0,-1,1,-1,21,-4,-1,-5,-5,1,13,8,7,-16,-3,None
0,-1,0,-5,-17,10,-3,-3,0,1,13,8,7,-16,-3,None
0,-1,0,-5,-17,10,-3,-3,0,1,13,8,7,-16,-3,None
0,-1,0,-5,-17,10,-3,-3,0,1,13,8,8,-18,-2,None
0,-1,-1,-4,-6,-9,-2,-1,-1,1,13,8,8,-18,-2,None
0,1,2,6,-9,8,1,-3,-3,1,13,8,8,-18,-2,None
0,0,3,5,11,16,4,4,-4,1,13,8,8,-18,-2,None
0,-5,-3,5,40,18,2,4,-1,1,13,8,8,-18,-2,None
0,-5,-3,5,40,18,2,4,-1,1,13,8,8,-18,-2,None
0,-5,-3,5,40,18,2,4,-1,1,13,8,5,-12,-1,None
0,-2,0,0,-49,-45,-5,-4,-9,1,13,8,5,-12,-1,None
0,-3,0,3,52,22,-5,-8,-8,1,13,8,5,-12,-1,None
0,0,-1,-2,-9,-6,2,15,22,1,13,8,5,-12,-1,None
0,-3,1,-1,10,1,-4,-6,-7,1,13,8,5,-12,-1,None
0,-3,1,-1,10,1,-4,-6,-7,1,13,8,5,-12,-1,None
0,-3,1,-1,10,1,-4,-6,-7,1,13,8,5,-11,-1,None
0,-3,0,-3,-8,2,0,2,0,1,13,8,5,-11,-1,None
0,-1,4,-3,-13,-2,-1,-7,-5,1,13,8,5,-11,-1,None
0,-3,-2,-4,-8,-12,-2,-4,-16,1,13,8,5,-11,-1,None
0,1,0,2,15,19,-1,0,2,1,13,8,5,-11,-1,None
0,1,0,2,15,19,-1,0,2,1,13,8,5,-11,-1,None
0,1,0,2,15,19,-1,0,2,1,13,8,7,-14,0,None
0,-2,-1,-1,20,18,-3,-6,-1,1,13,8,7,-14,0,None
0,-3,0,-4,-13,3,-3,1,0,1,13,8,7,-14,0,None
0,-2,1,1,4,9,-2,-5,-8,1,13,8,7,-14,0,None
0,1,2,-1,-11,-14,-1,1,5,1,13,8,7,-14,0,None
0,1,2,-1,-11,-14,-1,1,5,1,13,8,7,-14,0,None
0,1,2,-1,-11,-14,-1,1,5,1,13,8,8,-13,-1,None
0,-1,-1,-2,11,9,-2,-2,-4,1,13,8,8,-13,-1,None
0,-2,-1,-3,-22,-18,0,4,2,1,13,8,8,-13,-1,None
0,0,2,-3,-3,0,-1,-3,-4,1,13,8,8,-13,-1,None
0,-1,-1,-1,20,4,3,1,-5,1,13,8,8,-13,-1,None
0,-1,-1,-1,20,4,3,1,-5,1,13,8,8,-13,-1,None
0,-1,-1,-1,20,4,3,1,-5,1,13,8,7,-12,-1,None
0,-1,1,-5,-11,-4,-4,-1,1,1,13,8,7,-12,-1,None
0,1,0,-3,-15,-3,1,3,3,1,13,8,7,-12,-1,None
0,-2,0,0,10,-3,-2,-7,-4,1,13,8,7,-12,-1,None
0,0,1,-3,1,-2,-5,-4,-3,1,13,8,7,-12,-1,None
0,0,1,-3,1,-2,-5,-4,-3,1,13,8,7,-12,-1,None
0,0,1,-3,1,-2,-5,-4,-3,1,13,8,7,-12,-2,None
0,-1,2,-2,6,3,-1,-2,0,1,13,8,7,-12,-2,None
0,-2,0,-4,-9,10,0,0,1,1,13,8,7,-12,-2,None
0,-3,-2,-2,-30,-1,-3,-7,-8,1,13,8,7,-12,-2,None
0,1,1,-2,2,4,0,0,0,1,13,8,7,-12,-2,None
0,1,1,-2,2,4,0,0,0,1,13,8,7,-12,-2,None
0,1,1,-2,2,4,0,0,0,1,13,8,7,-12,-2,None
0,-1,1,-3,-17,6,-1,-1,0,1,13,8,7,-12,-2,None
0,0,1,-2,15,-3,-2,-1,-2,1,13,8,7,-12,-2,None
0,-2,1,0,19,12,0,-1,-5,1,13,8,7,-12,-2,None
0,-1,1,-2,-11,4,-1,-2,1,1,13,8,7,-12,-2,None
0,-1,1,-2,-11,4,-1,-2,1,1,13,8,7,-12,-2,None
0,-1,1,-2,-11,4,-1,-2,1,1,13,8,7,-12,-2,None
0,-1,0,1,4,2,0,-2,0,1,13,8,7,-12,-2,None
0,-1,1,0,-14,-4,-1,-1,1,1,13,8,7,-12,-2,None
0,-1,0,-5,-2,0,1,0,-2,1,13,8,7,-12,-2,None
0,-1,1,-2,7,-3,-3,-2,-1,1,13,8,7,-12,-2,None
0,-1,1,-2,7,-3,-3,-2,-1,1,13,8,7,-12,-2,None
0,-1,1,-2,7,-3,-3,-2,-1,1,13,8,7,-13,-2,None
0,-1,-1,-3,0,8,-1,-2,-1,1,13,8,7,-13,-2,None
0,0,-1,-2,-5,0,-1,0,-1,1,13,8,7,-13,-2,None
0,-1,0,-1,2,1,0,-1,-1,1,13,8,7,-13,-2,None
0,-2,-2,-3,-10,-3,-2,-2,-2,1,13,8,7,-13,-2,None
0,-2,-2,-3,-10,-3,-2,-2,-2,1,13,8,7,-13,-2,None
0,-2,-2,-3,-10,-3,-2,-2,-2,1,13,8,7,-12,-2,None
0,0,0,-3,-4,-2,-2,-2,-3,1,13,8,7,-12,-2,None
0,0,1,0,4,-3,-1,1,2,1,13,8,7,-12,-2,None
0,-5,-1,-2,2,-1,-3,-5,-9,1,13,8,7,-12,-2,None
0,0,2,-1,10,8,1,2,-2,1,13,8,7,-12,-2,None
0,0,2,-1,10,8,1,2,-2,1,13,8,7,-12,-2,None
0,0,2,-1,10,8,1,2,-2,1,13,8,7,-12,-2,None
0,0,0,-1,1,-6,-2,-3,-1,1,13,8,7,-12,-2,None
0,-1,0,-2,-4,1,0,-1,0,1,13,8,7,-12,-2,None
0,0,2,-1,-3,0,-2,-3,1,1,13,8,7,-12,-2,None
0,-2,0,-1,3,2,-1,-1,0,1,13,8,7,-12,-2,None
0,-2,0,-1,3,2,-1,-1,0,1,13,8,7,-12,-2,None
0,-2,0,-1,3,2,-1,-1,0,1,13,8,7,-12,-2,None
0,-1,0,-3,-1,-4,-3,0,-2,1,13,8,7,-12,-2,None
0,-1,0,0,-3,-6,-1,-1,-1,1,13,8,7,-12,-2,None
0,-2,-2,-8,1,4,-3,-3,-1,1,13,8,7,-12,-2,None
0,-2,-1,-4,-9,-9,-1,-3,-1,1,13,8,7,-12,-2,None
0,-2,-1,-4,-9,-9,-1,-3,-1,1,13,8,7,-12,-2,None
0,-2,-1,-4,-9,-9,-1,-3,-1,1,13,8,7,-12,-2,None
0,-2,-1,-1,23,19,2,-2,1,1,13,8,7,-12,-2,None
0,-3,-1,-2,-3,-2,-1,1,-4,1,13,8,7,-12,-2,None
0,1,1,-1,0,-4,0,0,0,1,13,8,7,-12,-2,None
0,0,2,-1,0,-2,-1,-1,-1,1,13,8,7,-12,-2,None
0,0,2,-1,0,-2,-1,-1,-1,1,13,8,7,-12,-2,None
0,0,2,-1,0,-2,-1,-1,-1,1,13,8,7,-12,-2,None
0,-2,0,-3,-4,-7,-1,-1,-2,1,13,8,7,-12,-2,None
0,0,-1,-3,-3,6,-1,-1,-1,1,13,8,7,-12,-2,None
0,-1,0,-2,0,1,-1,-1,-1,1,13,8,7,-12,-2,None
0,-1,1,0,4,4,-1,-2,-3,1,13,8,7,-12,-2,None
0,-1,1,0,4,4,-1,-2,-3,1,13,8,7,-12,-2,None
0,-1,1,0,4,4,-1,-2,-3,1,13,8,7,-12,-2,None
0,-2,-1,-1,-3,-5,-2,-1,-1,1,13,8,7,-12,-2,None
0,0,2,-1,4,-5,-2,-1,-1,1,13,8,7,-12,-2,None
0,-2,-2,-3,-4,17,1,0,-2,1,13,8,7,-12,-2,None
0,-4,-2,-3,13,14,-2,-2,-4,1,13,8,7,-12,-2,None
0,-4,-2,-3,13,14,-2,-2,-4,1,13,8,7,-12,-2,None
0,-4,-2,-3,13,14,-2,-2,-4,1,13,8,7,-12,-2,None
0,-1,1,-3,-2,-2,0,-1,-1,1,13,8,7,-12,-2,None
0,0,1,-2,-8,-2,0,-1,0,1,13,8,7,-12,-2,None
0,0,2,0,1,-8,-1,0,1,1,13,8,7,-12,-2,None
0,-1,1,-3,1,-4,-1,-2,-1,1,13,8,7,-12,-2,None
0,-1,1,-3,1,-4,-1,-2,-1,1,13,8,7,-12,-2,None
0,-1,1,-3,1,-4,-1,-2,-1,1,13,8,7,-12,-2,None
0,-1,0,-2,-4,1,-3,-2,-1,1,13,8,7,-12,-2,None
0,-2,-2,-2,-2,7,-1,-2,-3,1,13,8,7,-12,-2,None
0,-1,1,-1,-1,-4,-2,-3,-2,1,13,8,7,-12,-2,None
0,-2,1,-2,-2,3,-1,0,-1,1,13,8,7,-12,-2,None
0,-2,1,-2,-2,3,-1,0,-1,1,13,8,7,-12,-2,None
0,-2,1,-2,-2,3,-1,0,-1,1,13,8,7,-12,-2,None
0,0,-1,-1,-10,-9,-3,-1,-1,1,13,8,7,-12,-2,None
0,-2,-2,-3,7,7,-2,-4,1,1,13,8,7,-12,-2,None
0,-2,-1,-1,-10,-4,2,2,-2,1,13,8,7,-12,-2,None
0,1,0,-1,1,3,-2,0,-2,1,13,8,7,-12,-2,None
0,1,0,-1,1,3,-2,0,-2,1,13,8,7,-12,-2,None
0,1,0,-1,1,3,-2,0,-2,1,13,8,7,-12,-2,None
0,-1,1,-1,0,0,-2,-1,-1,1,13,8,7,-12,-2,None
0,-1,1,-2,-4,1,-1,0,-2,1,13,8,7,-12,-2,None
0,-1,0,-1,0,-5,-1,-2,-2,1,13,8,7,-12,-2,None
0,-2,-1,-2,2,-1,-1,-2,-1,1,13,8,7,-12,-2,None
0,-2,-1,-2,2,-1,-1,-2,-1,1,13,8,7,-12,-2,None
0,-2,-1,-2,2,-1,-1,-2,-1,1,13,8,7,-12,-2,None
0,-2,1,-1,-3,-3,1,-1,-2,1,13,8,7,-12,-2,None
0,-1,-1,-2,-4,0,-1,-2,-2,1,13,8,7,-12,-2,None
0,0,0,-1,1,0,0,-4,0,1,13,8,7,-12,-2,None
0,-1,0,-1,-6,-4,-1,-1,-1,1,13,8,7,-12,-2,None
0,-1,0,-1,-6,-4,-1,-1,-1,1,13,8,7,-12,-2,None
0,-1,0,-1,-6,-4,-1,-1,-1,1,13,8,7,-12,-2,None
0,-2,-1,-2,0,0,-2,-1,0,1,13,8,7,-12,-2,None
0,-2,2,1,-1,-1,-1,-1,0,1,13,8,7,-12,-2,None
0,-3,-1,-5,13,17,-2,-1,-3,1,13,8,7,-12,-2,None
0,-1,0,-2,-12,-14,-1,-1,0,1,13,8,7,-12,-2,None
0,-1,0,-2,-12,-14,-1,-1,0,1,13,8,7,-12,-2,None
0,-1,0,-2,-12,-14,-1,-1,0,1,13,8,7,-12,-2,None
0,-3,-1,-2,4,9,0,-2,-4,1,13,8,7,-12,-2,None
0,0,0,-2,0,2,1,-1,-2,1,13,8,7,-12,-2,None
0,0,1,0,0,-5,-2,-1,0,1,13,8,7,-12,-2,None
0,0,0,-3,0,1,0,-1,-1,1,13,8,7,-12,-2,None
0,0,0,-3,0,1,0,-1,-1,1,13,8,7,-12,-2,None
0,0,0,-3,0,1,0,-1,-1,1,13,8,7,-12,-2,None
0,-1,0,-2,-1,-2,-1,0,0,1,13,8,7,-12,-2,None
0,0,0,-3,-4,-1,0,-2,-1,1,13,8,7,-12,-2,None
0,-1,0,-2,-2,-2,-1,-1,-1,1,13,8,7,-12,-2,None
0,0,0,-2,-1,2,-1,-1,-2,1,13,8,7,-12,-2,None
0,0,0,-2,-1,2,-1,-1,-2,1,13,8,7,-12,-2,None
0,0,0,-2,-1,2,-1,-1,-2,1,13,8,7,-12,-2,None
0,-1,0,-1,-4,-3,0,-1,-1,1,13,8,7,-12,-2,None
0,-2,1,-2,-1,4,-2,-1,-3,1,13,8,7,-12,-2,None
0,-1,0,-1,-5,-4,-1,-1,-1,1,13,8,7,-12,-2,None
0,-2,-1,-2,1,3,-2,-2,-3,1,13,8,7,-12,-2,None
0,-2,-1,-2,1,3,-2,-2,-3,1,13,8,7,-12,-2,None
0,-2,-1,-2,1,3,-2,-2,-3,1,13,8,7,-12,-2,None
0,0,1,0,3,-2,0,0,0,1,13,8,7,-12,-2,None
0,-3,1,-2,-2,0,0,1,-1,1,13,8,7,-12,-2,None
0,-1,0,-4,-9,2,-2,-1,-1,1,13,8,7,-12,-2,None
0,-1,1,-1,3,-1,-1,-3,-4,1,13,8,7,-12,-2,None
0,-1,1,-1,3,-1,-1,-3,-4,1,13,8,7,-12,-2,None
0,-1,1,-1,3,-1,-1,-3,-4,1,13,8,7,-12,-2,None
0,-1,0,-4,-2,0,-2,-3,-1,1,13,8,7,-12,-2,None
0,-1,1,-1,0,-3,0,0,0,1,13,8,7,-12,-2,None
0,0,0,-1,0,-3,-2,-1,-1,1,13,8,7,-12,-2,None
0,-1,0,-2,0,3,0,-1,0,1,13,8,7,-12,-2,None
0,-1,0,-2,0,3,0,-1,0,1,13,8,7,-12,-2,None
0,-1,0,-2,0,3,0,-1,0,1,13,8,7,-12,-2,None
0,-2,0,-2,-3,-3,-1,-1,-1,1,13,8,7,-12,-2,None
0,-1,0,-2,0,-1,-2,-1,-2,1,13,8,7,-12,-2,None
0,-2,2,-1,-6,-8,-1,-1,-1,1,13,8,7,-12,-2,None
0,-2,-2,0,7,3,0,-2,-1,1,13,8,7,-12,-2,None
0,-2,-2,0,7,3,0,-2,-1,1,13,8,7,-12,-2,None
0,-2,-2,0,7,3,0,-2,-1,1,13,8,7,-12,-2,None
0,-1,-1,-2,0,5,-1,-2,-2,1,13,8,7,-12,-2,None
0,-2,-2,-3,3,6,-2,-2,-2,1,13,8,7,-12,-2,None
0,0,0,-1,-3,-4,0,0,0,1,13,8,7,-12,-2,None
0,1,2,0,-3,-5,-1,0,0,1,13,8,7,-12,-2,None
0,1,2,0,-3,-5,-1,0,0,1,13,8,7,-12,-2,None
0,1,2,0,-3,-5,-1,0,0,1,13,8,7,-12,-2,None
0,-1,1,-3,-2,-1,0,-3,-2,1,13,8,7,-12,-2,None
0,-1,-1,-2,-2,-1,-1,-1,-3,1,13,8,7,-12,-2,None
0,-2,1,-2,-2,0,-1,-2,-1,1,13,8,7,-12,-2,None
0,-3,-1,-1,1,6,-2,-2,-2,1,13,8,7,-12,-2,None
0,-3,-1,-1,1,6,-2,-2,-2,1,13,8,7,-12,-2,None
0,-3,-1,-1,1,6,-2,-2,-2,1,13,8,7,-12,-2,None
0,0,1,0,9,-3,0,1,-1,1,13,8,7,-12,-2,None
0,0,0,-2,-11,1,-1,-3,-2,1,13,8,7,-12,-2,None
0,-1,1,-2,-1,3,-1,-3,0,1,13,8,7,-12,-2,None
0,-2,1,-3,1,1,-3,-1,-1,1,13,8,7,-12,-2,None
0,-2,1,-3,1,1,-3,-1,-1,1,13,8,7,-12,-2,None
0,-2,1,-3,1,1,-3,-1,-1,1,13,8,7,-12,-2,None
0,-1,-1,-1,3,-1,-2,-1,-3,1,13,8,7,-12,-2,None
0,-4,0,-1,-4,-6,3,1,-1,1,13,8,7,-12,-2,None
0,2,1,-1,1,0,-1,-2,-1,1,13,8,7,-12,-2,None
0,-1,1,-3,-3,0,-1,-2,0,1,13,8,7,-12,-2,None
0,-1,1,-3,-3,0,-1,-2,0,1,13,8,7,-12,-2,None
0,-1,1,-3,-3,0,-1,-2,0,1,13,8,7,-12,-2,None
0,-1,0,-1,-12,-2,-4,-2,-2,1,13,8,7,-12,-2,None
0,0,2,-1,2,1,-1,-1,-1,1,13,8,7,-12,-2,None
0,-3,-1,-1,4,3,-2,-2,-2,1,13,8,7,-12,-2,None
0,-1,0,-2,1,-1,0,-2,-2,1,13,8,7,-12,-2,None
0,-1,0,-2,1,-1,0,-2,-2,1,13,8,7,-12,-2,None
0,-1,0,-2,1,-1,0,-2,-2,1,13,8,7,-12,-2,None
0,0,-1,-3,-1,0,1,-2,-1,1,13,8,7,-12,-2,None
0,-1,0,-3,-1,1,-2,0,-2,1,13,8,7,-12,-2,None
0,-1,0,0,1,-3,0,-1,-1,1,13,8,7,-12,-2,None
0,-1,0,-3,2,7,0,0,-3,1,13,8,7,-12,-2,None
0,-1,0,-3,2,7,0,0,-3,1,13,8,7,-12,-2,None
0,-1,0,-3,2,7,0,0,-3,1,13,8,7,-12,-2,None
0,-1,1,-2,-1,4,-4,-1,-1,1,13,8,7,-12,-2,None
0,-2,-1,-4,14,8,-1,-3,-2,1,13,8,7,-12,-2,None
0,-1,0,-1,-6,-8,0,0,-2,1,13,8,7,-12,-2,None
0,-1,0,-1,2,-1,0,-1,-1,1,13,8,7,-12,-2,None
0,-1,0,-1,2,-1,0,-1,-1,1,13,8,7,-12,-2,None
0,-1,0,-1,2,-1,0,-1,-1,1,13,8,7,-12,-2,None
0,-1,-1,-2,-5,-1,1,0,-2,1,13,8,7,-12,-2,None
0,0,0,-3,-5,0,-1,-2,0,1,13,8,7,-12,-2,None
0,-1,1,-3,2,-1,-1,0,-3,1,13,8,7,-12,-2,None
0,0,1,0,2,-7,-4,-2,-1,1,13,8,7,-12,-2,None
0,0,1,0,2,-7,-4,-2,-1,1,13,8,7,-12,-2,None
0,0,1,0,2,-7,-4,-2,-1,1,13,8,7,-12,-2,None
0,-1,-1,-4,9,19,-1,-1,-3,1,13,8,7,-12,-2,None
0,-2,-1,-2,-39,-29,-3,-4,-2,1,13,8,7,-12,-2,None
0,-3,-3,-3,10,11,4,2,-1,1,13,8,7,-12,-2,None
0,-2,-1,-2,-2,7,0,0,-2,1,13,8,7,-12,-2,None
0,-2,-1,-2,-2,7,0,0,-2,1,13,8,7,-12,-2,None
0,-2,-1,-2,-2,7,0,0,-2,1,13,8,7,-12,-2,None
0,-1,3,0,-2,-8,-2,-1,-2,1,13,8,7,-12,-2,None
0,1,1,-1,3,0,1,1,1,1,13,8,7,-12,-2,None
0,-2,1,-2,-3,-3,-2,-2,-1,1,13,8,7,-12,-2,None
0,-1,0,-2,-5,-5,-2,-2,0,1,13,8,7,-12,-2,None
0,-1,0,-2,-5,-5,-2,-2,0,1,13,8,7,-12,-2,None
0,-1,0,-2,-5,-5,-2,-2,0,1,13,8,7,-12,-2,None
0,-1,0,-1,-1,-1,0,0,0,1,13,8,7,-12,-2,None
0,-2,-1,-2,5,8,-2,-2,-2,1,13,8,7,-12,-2,None
0,0,0,-3,-2,0,-1,-1,-1,1,13,8,7,-12,-2,None
0,0,1,-2,2,3,0,-1,-2,1,13,8,7,-12,-2,None
0,0,1,-2,2,3,0,-1,-2,1,13,8,7,-12,-2,None
0,0,1,-2,2,3,0,-1,-2,1,13,8,7,-12,-2,None
0,-1,0,-2,-4,-4,-1,-2,0,1,13,8,7,-12,-2,None
0,0,1,-1,5,4,-2,-2,-1,1,13,8,7,-12,-2,None
0,-1,1,-1,-5,-2,-1,-3,-1,1,13,8,7,-12,-2,None
0,-2,-1,-3,0,3,-1,-2,-2,1,13,8,7,-12,-2,None
0,-2,-1,-3,0,3,-1,-2,-2,1,13,8,7,-12,-2,None
0,-2,-1,-3,0,3,-1,-2,-2,1,13,8,7,-12,-2,None
0,-2,-2,-1,-3,4,-1,-3,-2,1,13,8,7,-12,-2,None
0,-2,1,-1,2,3,0,-1,-2,1,13,8,7,-12,-2,None
0,0,1,-1,0,0,-1,-1,-2,1,13,8,7,-12,-2,None
0,-2,1,-1,-2,-4,-1,-2,1,1,13,8,7,-12,-2,None
0,-2,1,-1,-2,-4,-1,-2,1,1,13,8,7,-12,-2,None
0,-2,1,-1,-2,-4,-1,-2,1,1,13,8,7,-12,-2,None
0,-2,0,-2,-3,-4,-1,0,0,1,13,8,7,-12,-2,None
0,-2,-1,-3,5,3,1,0,-2,1,13,8,7,-12,-2,None
0,-1,-1,-2,1,1,-1,-1,-3,1,13,8,7,-12,-2,None
0,-2,0,-3,-4,-1,-2,0,0,1,13,8,7,-12,-2,None
0,-2,0,-3,-4,-1,-2,0,0,1,13,8,7,-12,-2,None
0,-2,0,-3,-4,-1,-2,0,0,1,13,8,7,-12,-2,None
0,-2,1,-2,0,-1,-1,-2,-2,1,13,8,7,-12,-2,None
0,-1,0,0,-1,1,0,-1,-2,1,13,8,7,-12,-2,None
0,-2,0,-2,-1,1,-1,-2,-2,1,13,8,7,-12,-2,None
0,2,2,-1,-13,-13,-3,-4,-1,1,13,8,7,-12,-2,None
0,2,2,-1,-13,-13,-3,-4,-1,1,13,8,7,-12,-2,None
0,2,2,-1,-13,-13,-3,-4,-1,1,13,8,7,-12,-2,None
0,0,0,-3,29,32,2,0,-1,1,13,8,7,-12,-2,None
0,-2,0,-2,-14,-16,-3,-2,-2,1,13,8,7,-12,-2,None
0,-2,-3,-3,2,1,-1,-3,-1,1,13,8,7,-12,-2,None
0,0,-1,0,-5,0,-1,0,-1,1,13,8,7,-12,-2,None
0,0,-1,0,-5,0,-1,0,-1,1,13,8,7,-12,-2,None
0,0,-1,0,-5,0,-1,0,-1,1,13,8,7,-12,-2,None
0,-1,1,-1,-8,-13,-1,-1,-1,1,13,8,7,-12,-2,None
0,0,2,-2,5,4,-1,0,-1,1,13,8,7,-12,-2,None
0,-1,0,-3,2,5,-1,-1,0,1,13,8,7,-12,-2,None
0,-2,1,-1,-1,-2,0,0,-2,1,13,8,7,-12,-2,None
0,-2,1,-1,-1,-2,0,0,-2,1,13,8,7,-12,-2,None
0,-2,1,-1,-1,-2,0,0,-2,1,13,8,7,-12,-2,None
0,-1,0,-2,-6,-6,-2,-2,-2,1,13,8,7,-12,-2,None
0,-1,-1,-2,2,7,0,0,-1,1,13,8,7,-12,-2,None
0,-1,1,-1,-10,-7,-1,-2,-2,1,13,8,7,-12,-2,None
0,-1,-1,-1,6,6,-1,-2,-2,1,13,8,7,-12,-2,None
0,-1,-1,-1,6,6,-1,-2,-2,1,13,8,7,-12,-2,None
0,-1,-1,-1,6,6,-1,-2,-2,1,13,8,7,-12,-2,None
0,-1,0,-3,-5,0,-1,-2,-3,1,13,8,7,-12,-2,None
0,-3,-1,-2,11,9,-1,-3,-2,1,13,8,7,-12,-2,None
0,0,0,0,2,-5,-2,-2,-1,1,13,8,7,-12,-2,None
0,-1,1,-3,-9,1,1,0,-1,1,13,8,7,-12,-2,None
0,-1,1,-3,-9,1,1,0,-1,1,13,8,7,-12,-2,None
0,-1,1,-3,-9,1,1,0,-1,1,13,8,7,-12,-2,None
0,-1,1,-1,-5,-8,0,-1,-2,1,13,8,7,-12,-2,None
0,0,1,-2,-2,-2,-2,-2,-1,1,13,8,7,-12,-2,None
0,0,0,-3,-1,0,-1,-3,-1,1,13,8,7,-12,-2,None
0,-1,0,-3,3,4,-2,-1,-2,1,13,8,7,-12,-2,None
0,-1,0,-3,3,4,-2,-1,-2,1,13,8,7,-12,-2,None
0,-1,0,-3,3,4,-2,-1,-2,1,13,8,7,-12,-2,None
0,-1,1,-1,-4,-5,0,-1,-1,1,13,8,7,-12,-2,None
0,0,1,-2,-16,-8,0,-2,0,1,13,8,7,-12,-2,None
0,-3,0,-2,19,16,-2,-2,-2,1,13,8,7,-12,-2,None
0,-2,-1,-2,-6,2,0,-2,0,1,13,8,7,-12,-2,None
0,-2,-1,-2,-6,2,0,-2,0,1,13,8,7,-12,-2,None
0,-2,-1,-2,-6,2,0,-2,0,1,13,8,7,-12,-2,None
0,-1,1,-2,-2,0,0,0,-1,1,13,8,7,-12,-2,None
0,-1,2,-1,2,-4,-2,0,-2,1,13,8,7,-12,-2,None
0,0,-1,-2,-4,-4,-1,1,-1,1,13,8,7,-12,-2,None
0,-1,0,-1,2,0,-2,-1,-1,1,13,8,7,-12,-2,None
0,-1,0,-1,2,0,-2,-1,-1,1,13,8,7,-12,-2,None
0,-1,0,-1,2,0,-2,-1,-1,1,13,8,7,-12,-2,None
0,-1,-2,-2,-3,-4,-2,-3,-2,1,13,8,7,-12,-2,None
0,2,17,-1,4,-1,1,0,-1,1,13,8,7,-12,-2,None
0,-1,-13,4,11,13,1,0,0,1,13,8,7,-12,-2,None
0,-9,-23,-8,0,5,-4,-5,-5,1,13,8,7,-12,-2,None
0,-9,-23,-8,0,5,-4,-5,-5,1,13,8,7,-12,-2,None
0,-9,-23,-8,0,5,-4,-5,-5,1,13,8,7,-12,-2,None
0,1,11,-1,-1,-2,0,-2,-2,1,13,8,7,-12,-2,None
0,-2,-8,-3,-5,23,-2,-3,-2,1,13,8,7,-12,-2,None
0,-1,3,0,-7,-12,0,0,-1,1,13,8,7,-12,-2,None
0,3,7,1,-1,-10,0,0,0,1,13,8,7,-12,-2,None
0,3,7,1,-1,-10,0,0,0,1,13,8,7,-12,-2,None
0,3,7,1,-1,-10,0,0,0,1,13,8,7,-12,-2,None
0,-2,3,-1,-2,-1,-2,-3,1,1,13,8,7,-12,-2,None
0,-3,-3,-2,1,-8,-1,-1,-3,1,13,8,7,-12,-2,None
0,-1,6,-3,-6,-2,-1,-1,-2,1,13,8,7,-12,-2,None
0,0,4,-3,1,6,0,-1,-2,1,13,8,7,-12,-2,None
0,0,4,-3,1,6,0,-1,-2,1,13,8,7,-12,-2,None
0,0,4,-3,1,6,0,-1,-2,1,13,8,7,-12,-2,None
0,-1,-1,-2,-14,-1,-3,-2,-1,1,13,8,7,-12,-2,None
0,-1,1,-3,5,3,-1,-1,0,1,13,8,7,-12,-2,None
0,-3,-1,-4,-5,-1,-1,-1,-1,1,13,8,7,-12,-2,None
0,-1,4,-1,4,0,0,0,-1,1,13,8,7,-12,-2,None
0,-1,4,-1,4,0,0,0,-1,1,13,8,7,-12,-2,None
0,-1,4,-1,4,0,0,0,-1,1,13,8,7,-12,-2,None
0,-1,-6,-1,3,0,-1,0,-2,1,13,8,7,-12,-2,None
0,-2,-4,-2,-4,-2,-1,-1,-1,1,13,8,7,-12,-2,None
0,1,6,-2,-3,4,-1,-2,-1,1,13,8,7,-12,-2,None
0,0,2,-1,-11,-13,-1,-2,-1,1,13,8,7,-12,-2,None
0,0,2,-1,-11,-13,-1,-2,-1,1,13,8,7,-12,-2,None
0,0,2,-1,-11,-13,-1,-2,-1,1,13,8,7,-12,-2,None
0,-1,-1,-3,14,15,0,1,-1,1,13,8,7,-12,-2,None
0,-2,-2,0,-9,-3,-2,-2,-1,1,13,8,7,-12,-2,None
0,-1,1,-3,-2,0,-1,-2,-2,1,13,8,7,-12,-2,None
0,1,3,-1,1,-1,1,0,-1,1,13,8,7,-12,-2,None
0,1,3,-1,1,-1,1,0,-1,1,13,8,7,-12,-2,None
0,1,3,-1,1,-1,1,0,-1,1,13,8,7,-12,-2,None
0,-1,-2,-3,-3,-4,-2,-1,-1,1,13,8,7,-12,-2,None
0,-1,1,-1,2,-1,-2,-2,-2,1,13,8,7,-12,-2,None
0,-1,1,-2,1,-1,-2,-1,-1,1,13,8,7,-12,-2,None
0,-1,2,0,3,-2,0,-3,-1,1,13,8,7,-12,-2,None
0,-1,2,0,3,-2,0,-3,-1,1,13,8,7,-12,-2,None
0,-1,2,0,3,-2,0,-3,-1,1,13,8,7,-12,-2,None
0,-1,0,-3,-7,-1,-3,-4,-2,1,13,8,7,-12,-2,None
0,-3,-3,-3,3,2,-1,1,-4,1,13,8,7,-12,-2,None
0,-1,1,-1,12,16,2,-1,-1,1,13,8,7,-12,-2,None
0,-1,1,-2,-14,-6,2,1,0,1,13,8,7,-12,-2,None
0,-1,1,-2,-14,-6,2,1,0,1,13,8,7,-12,-2,None
0,-1,1,-2,-14,-6,2,1,0,1,13,8,7,-12,-2,None
0,0,0,-1,1,-4,-1,-1,-1,1,13,8,7,-12,-2,None
0,-1,1,0,-3,-4,0,-2,-2,1,13,8,7,-12,-2,None
0,-1,-2,-2,5,0,-2,-1,-1,1,13,8,7,-12,-2,None
0,-2,0,-2,4,4,-2,-1,-2,1,13,8,7,-12,-2,None
0,-2,0,-2,4,4,-2,-1,-2,1,13,8,7,-12,-2,None
0,-2,0,-2,4,4,-2,-1,-2,1,13,8,7,-12,-2,None
0,-1,-1,-1,-2,-1,0,-1,-1,1,13,8,7,-12,-2,None
0,0,0,-3,0,1,-1,-1,-1,1,13,8,7,-12,-2,None
0,-1,1,-3,-6,-3,-1,-1,-2,1,13,8,7,-12,-2,None
0,0,0,-1,4,5,-1,-1,0,1,13,8,7,-12,-2,None
0,0,0,-1,4,5,-1,-1,0,1,13,8,7,-12,-2,None
0,0,0,-1,4,5,-1,-1,0,1,13,8,7,-12,-2,None
0,-1,1,-1,-8,-9,1,0,-1,1,13,8,7,-12,-2,None
0,-2,-2,-2,15,10,0,-2,-1,1,13,8,7,-12,-2,None
0,-2,-2,-2,-4,1,-3,-2,-1,1,13,8,7,-12,-2,None
0,-1,1,-3,-3,2,-1,0,-2,1,13,8,7,-12,-2,None
0,-1,1,-3,-3,2,-1,0,-2,1,13,8,7,-12,-2,None
0,-1,1,-3,-3,2,-1,0,-2,1,13,8,7,-12,-2,None
0,-1,-1,-1,3,0,-1,-2,-1,1,13,8,7,-12,-2,None
0,1,2,-1,-5,-5,-1,-2,0,1,13,8,7,-12,-2,None
0,-2,1,-3,-3,-5,-2,-1,-2,1,13,8,7,-12,-2,None
0,-2,0,-4,0,0,-1,-3,0,1,13,8,7,-12,-2,None
0,-2,0,-4,0,0,-1,-3,0,1,13,8,7,-12,-2,None
0,-2,0,-4,0,0,-1,-3,0,1,13,8,7,-12,-2,None
0,-2,-1,-2,-1,1,-2,-1,-3,1,13,8,7,-12,-2,None
0,0,1,-2,2,1,-1,-1,-1,1,13,8,7,-12,-2,None
0,0,2,-3,-8,-13,1,-1,-1,1,13,8,7,-12,-2,None
0,0,0,-1,10,19,-3,-1,-2,1,13,8,7,-12,-2,None
0,0,0,-1,10,19,-3,-1,-2,1,13,8,7,-12,-2,None
0,0,0,-1,10,19,-3,-1,-2,1,13,8,7,-12,-2,None
0,-3,-2,-2,-11,-1,-1,-3,-3,1,13,8,7,-12,-2,None
0,-1,-1,0,-3,-1,-1,-1,-1,1,13,8,7,-12,-2,None
0,-2,0,0,-4,-5,1,-2,-1,1,13,8,7,-12,-2,None
0,1,1,-1,1,-1,-1,-1,-3,1,13,8,7,-12,-2,None
0,1,1,-1,1,-1,-1,-1,-3,1,13,8,7,-12,-2,None
0,1,1,-1,1,-1,-1,-1,-3,1,13,8,7,-12,-2,None
0,-1,0,-2,2,4,-1,0,-1,1,13,8,7,-12,-2,None
0,-1,0,-3,-1,2,-2,-3,-2,1,13,8,7,-12,-2,None
0,0,1,-2,0,-3,-3,-1,-2,1,13,8,7,-12,-2,None
0,-1,0,-1,0,-1,-1,-1,-2,1,13,8,7,-12,-2,None
0,-1,0,-1,0,-1,-1,-1,-2,1,13,8,7,-12,-2,None
0,-1,0,-1,0,-1,-1,-1,-2,1,13,8,7,-12,-2,None
0,1,-1,-2,5,1,-2,-1,-1,1,13,8,7,-12,-2,None
