0,4,-8,-3,-5,-1,6,19,13,1,12,9,7,-18,-3,None
0,-1,-8,-26,8,5,-36,-25,-3,1,12,9,7,-18,-3,None
0,0,10,6,-2,-7,-56,-17,-3,1,12,9,7,-18,-3,None
0,0,10,6,-2,-7,-56,-17,-3,1,12,9,7,-18,-3,None
0,0,10,6,-2,-7,-56,-17,-3,1,12,9,5,-16,-3,None
0,-9,-22,-26,-41,-30,94,17,-8,1,12,9,5,-16,-3,None
0,-5,11,3,-7,6,-7,-19,5,1,12,9,5,-16,-3,None
0,2,9,6,6,14,-20,-6,-9,1,12,9,5,-16,-3,None
0,0,-4,3,-10,-4,28,24,6,1,12,9,5,-16,-3,None
0,0,-4,3,-10,-4,28,24,6,0,12,9,5,-16,-3,None
0,0,-4,3,-10,-4,28,24,6,0,12,9,3,-17,-3,None
0,-8,6,-15,-7,1,-63,-35,-15,0,12,9,3,-17,-3,None
0,5,2,-8,-3,-16,55,22,7,0,12,9,3,-17,-3,None
0,-2,-4,-3,17,3,-13,-6,0,0,12,9,3,-17,-3,None
0,4,6,6,-12,12,-1,2,-5,0,12,9,3,-17,-3,None
0,4,6,6,-12,12,-1,2,-5,0,12,9,3,-17,-3,None
0,4,6,6,-12,12,-1,2,-5,0,12,9,1,-16,-3,None
0,-6,1,0,13,67,-62,-9,0,0,12,9,1,-16,-3,None
0,-5,-5,15,-23,-84,43,-3,-7,0,12,9,1,-16,-3,None
0,-5,-5,15,-23,-84,43,-3,-7,0,12,9,1,-16,-3,None
0,-5,-5,15,-23,-84,43,-3,-7,0,12,9,0,-16,-4,None
0,2,-3,-17,25,13,18,3,3,0,12,9,0,-16,-4,None
0,5,-3,2,-3,14,10,8,1,0,12,9,0,-16,-4,None
0,0,0,7,-1,-21,12,22,4,0,12,9,0,-16,-4,None
0,-6,-1,11,-3,31,-37,-32,-10,0,12,9,0,-16,-4,None
0,-6,-1,11,-3,31,-37,-32,-10,0,12,9,0,-16,-4,None
0,-6,-1,11,-3,31,-37,-32,-10,0,12,9,-2,-14,-3,None
0,4,6,7,3,18,2,-6,0,0,12,9,-2,-14,-3,None
0,0,-4,-4,-6,18,-46,14,-2,0,12,9,-2,-14,-3,None
0,-7,-5,-7,-3,-12,43,-8,-1,0,12,9,-2,-14,-3,None
0,-1,-1,-18,11,44,-34,-6,-5,0,12,9,-2,-14,-3,None
0,-1,-1,-18,11,44,-34,-6,-5,17,12,9,-2,-14,-3,None
0,-1,-1,-18,11,44,-34,-6,-5,17,12,9,-4,-14,-3,None
0,0,6,15,-12,28,10,-9,1,17,12,9,-4,-14,-3,None
0,-3,-5,3,-12,-33,19,20,0,17,12,9,-4,-14,-3,None
0,-1,5,2,29,9,15,-11,-1,17,12,9,-4,-14,-3,None
0,1,-1,-14,-24,9,-1,5,0,17,12,9,-4,-14,-3,None
0,1,-1,-14,-24,9,-1,5,0,17,13,9,-4,-14,-3,None
0,1,-1,-14,-24,9,-1,5,0,17,13,9,-5,-13,-3,None
0,-1,2,15,-21,-1,-44,-5,-5,17,13,9,-5,-13,-3,None
0,-1,2,4,-1,-7,-9,-17,-2,17,13,9,-5,-13,-3,None
0,-2,2,-2,-22,21,20,4,-1,17,13,9,-5,-13,-3,None
0,-1,2,15,-1,32,-53,-17,-6,17,13,9,-5,-13,-3,None
0,-1,2,15,-1,32,-53,-17,-6,17,13,9,-5,-13,-3,None
0,-1,2,15,-1,32,-53,-17,-6,17,13,9,-6,-13,-3,None
0,-7,-7,-2,57,-80,10,3,-5,17,13,9,-6,-13,-3,None
0,4,3,-2,0,81,4,-19,1,17,13,9,-6,-13,-3,None
0,-4,0,9,-14,-105,2,12,-7,17,13,9,-6,-13,-3,None
0,2,2,-8,-6,127,12,2,8,17,13,9,-6,-13,-3,None
0,2,2,-8,-6,127,12,2,8,16,13,9,-6,-13,-3,None
0,2,2,-8,-6,127,12,2,8,16,13,9,-6,-12,-4,None
0,3,5,13,21,-40,-23,-2,-3,16,13,9,-6,-12,-4,None
0,4,3,-6,-7,72,5,16,4,16,13,9,-6,-12,-4,None
0,-2,-3,-10,13,-38,-29,-12,-1,16,13,9,-6,-12,-4,None
0,0,0,4,10,59,39,3,0,16,13,9,-6,-12,-4,None
0,0,0,4,10,59,39,3,0,16,13,9,-6,-12,-4,None
0,0,0,4,10,59,39,3,0,16,13,9,-7,-12,-4,None
0,-2,0,2,-31,-76,34,8,1,16,13,9,-7,-12,-4,None
0,0,-1,-8,29,42,18,4,3,16,13,9,-7,-12,-4,None
0,0,2,-3,-26,3,-46,-13,-2,16,13,9,-7,-12,-4,None
0,-3,-4,-35,-30,46,-20,2,-4,16,13,9,-7,-12,-4,None
0,-3,-4,-35,-30,46,-20,2,-4,16,13,9,-7,-12,-4,None
0,-3,-4,-35,-30,46,-20,2,-4,16,13,9,-8,-12,-4,None
0,-4,-4,6,44,26,42,4,-1,16,13,9,-8,-12,-4,None
0,-2,-1,-11,-40,-128,-19,-6,-6,16,13,9,-8,-12,-4,None
0,0,4,-1,41,104,3,-5,-4,16,13,9,-8,-12,-4,None
0,1,1,-1,26,-128,-46,-2,5,16,13,9,-8,-12,-4,None
0,1,1,-1,26,-128,-46,-2,5,16,13,9,-8,-12,-4,None
0,1,1,-1,26,-128,-46,-2,5,16,13,9,-8,-11,-3,None
0,-5,3,-3,-53,127,-7,-9,-6,16,13,9,-8,-11,-3,None
0,1,-5,-27,27,25,42,20,9,16,13,9,-8,-11,-3,None
0,2,1,-2,12,3,-41,-7,-5,16,13,9,-8,-11,-3,None
0,-4,-6,-1,13,32,16,-9,-12,16,13,9,-8,-11,-3,None
0,-4,-6,-1,13,32,16,-9,-12,16,13,9,-8,-11,-3,None
0,-4,-6,-1,13,32,16,-9,-12,16,13,9,-7,-10,-3,None
0,8,4,-13,-43,19,24,-1,5,16,13,9,-7,-10,-3,None
0,-14,1,16,50,28,-30,-16,-34,16,13,9,-7,-10,-3,None
0,7,-1,4,-16,-89,1,-14,-28,16,13,9,-7,-10,-3,None
0,-16,2,-13,0,-5,11,20,20,16,13,9,-7,-10,-3,None
0,-16,2,-13,0,-5,11,20,20,16,13,9,-7,-10,-3,None
0,-16,2,-13,0,-5,11,20,20,16,13,9,-7,-11,-3,None
0,22,16,18,-1,32,-37,-2,13,16,13,9,-7,-11,-3,None
0,-9,0,-6,-74,7,23,8,-2,16,13,9,-7,-11,-3,None
0,-4,0,-6,-60,97,4,-5,30,16,13,9,-7,-11,-3,None
0,-9,4,-18,-8,-21,-11,-12,-23,16,13,9,-7,-11,-3,None
0,-9,4,-18,-8,-21,-11,-12,-23,15,13,8,-7,-11,-3,None
0,-9,4,-18,-8,-21,-11,-12,-23,15,13,8,-6,-12,-2,None
0,-3,-11,24,90,-126,2,7,2,15,13,8,-6,-12,-2,None
0,22,-1,15,62,28,-10,-11,2,15,13,8,-6,-12,-2,None
0,0,6,-11,-12,-4,0,1,-6,15,13,8,-6,-12,-2,None
0,-7,0,11,31,29,22,6,5,15,13,8,-6,-12,-2,None
0,-7,0,11,31,29,22,6,5,15,13,8,-6,-12,-2,None
0,-7,0,11,31,29,22,6,5,15,13,8,-5,-12,-2,None
0,-15,2,-28,-60,102,26,4,0,15,13,8,-5,-12,-2,None
0,13,8,-12,-29,33,14,5,11,15,13,8,-5,-12,-2,None
0,-14,-7,9,97,0,-24,-14,-15,15,13,8,-5,-12,-2,None
0,8,-5,-12,-61,50,28,-12,-8,15,13,8,-5,-12,-2,None
0,8,-5,-12,-61,50,28,-12,-8,15,13,8,-5,-12,-2,None
0,8,-5,-12,-61,50,28,-12,-8,15,13,8,-5,-10,-1,None
0,2,-1,-11,42,38,-37,1,-7,15,13,8,-5,-10,-1,None
0,-8,-2,3,-45,-20,-35,-38,-19,15,13,8,-5,-10,-1,None
0,5,2,-14,-76,-5,53,34,21,15,13,8,-5,-10,-1,None
0,-2,4,10,-30,0,-20,1,-4,15,13,8,-5,-10,-1,None
0,-2,4,10,-30,0,-20,1,-4,15,13,8,-5,-10,-1,None
0,-2,4,10,-30,0,-20,1,-4,15,13,8,-6,-10,-1,None
0,1,-3,-2,7,11,-11,-5,-22,15,13,8,-6,-10,-1,None
0,-3,2,-10,4,-74,0,2,7,15,13,8,-6,-10,-1,None
0,-31,0,21,45,-60,-23,-39,4,15,13,8,-6,-10,-1,None
0,11,-2,14,73,-68,8,4,-14,15,13,8,-6,-10,-1,None
0,11,-2,14,73,-68,8,4,-14,15,13,8,-6,-10,-1,None
0,11,-2,14,73,-68,8,4,-14,15,13,8,-6,-9,-1,None
0,-3,4,1,-87,-49,7,16,37,15,13,8,-6,-9,-1,None
0,-4,-1,-8,-53,-48,0,8,-6,15,13,8,-6,-9,-1,None
0,7,2,10,50,89,1,4,-10,15,13,8,-6,-9,-1,None
0,-5,-6,-12,-92,-50,-7,-14,-13,15,13,8,-6,-9,-1,None
0,-5,-6,-12,-92,-50,-7,-14,-13,15,13,8,-6,-9,-1,None
0,-5,-6,-12,-92,-50,-7,-14,-13,15,13,8,-7,-9,0,None
0,-9,0,2,28,-23,-37,-30,-28,15,13,8,-7,-9,0,None
0,-2,-1,7,38,-2,26,-17,13,15,13,8,-7,-9,0,None
0,8,6,8,-37,-8,1,29,22,15,13,8,-7,-9,0,None
0,-3,1,0,18,-34,-6,-10,-15,15,13,8,-7,-9,0,None
0,-3,1,0,18,-34,-6,-10,-15,15,13,8,-7,-9,0,None
0,-3,1,0,18,-34,-6,-10,-15,15,13,8,-7,-9,1,None
0,1,4,-8,3,17,0,16,26,15,13,8,-7,-9,1,None
0,-2,-1,6,28,-25,-14,0,-22,15,13,8,-7,-9,1,None
0,-1,-2,-4,-4,29,21,0,-3,15,13,8,-7,-9,1,None
0,5,2,3,53,42,8,3,16,15,13,8,-7,-9,1,None
0,5,2,3,53,42,8,3,16,15,12,8,-7,-9,1,None
0,5,2,3,53,42,8,3,16,15,12,8,-7,-9,1,None
0,-3,-4,-7,-38,11,9,-8,-10,15,12,8,-7,-9,1,None
0,-1,2,0,19,-8,-11,3,0,15,12,8,-7,-9,1,None
0,6,1,-7,9,16,2,4,3,15,12,8,-7,-9,1,None
0,-1,4,10,22,-15,-13,16,18,15,12,8,-7,-9,1,None
0,-1,4,10,22,-15,-13,16,18,15,12,8,-7,-9,1,None
0,-1,4,10,22,-15,-13,16,18,15,12,8,-6,-8,2,None
0,-5,-5,-2,23,27,-3,-10,-11,15,12,8,-6,-8,2,None
0,-6,-3,-6,-22,-35,3,1,3,15,12,8,-6,-8,2,None
0,3,3,0,-43,-12,-2,11,6,15,12,8,-6,-8,2,None
0,1,5,13,15,-6,-2,-10,-11,15,12,8,-6,-8,2,None
0,1,5,13,15,-6,-2,-10,-11,15,12,8,-6,-8,2,None
0,1,5,13,15,-6,-2,-10,-11,15,12,8,-7,-10,2,None
0,-1,-3,-2,12,-23,-8,0,5,15,12,8,-7,-10,2,None
0,-2,3,-14,-25,-47,-16,6,2,15,12,8,-7,-10,2,None
0,2,-4,-7,-22,5,1,-11,1,15,12,8,-7,-10,2,None
0,1,5,2,30,9,8,9,-4,15,12,8,-7,-10,2,None
0,1,5,2,30,9,8,9,-4,15,12,8,-7,-10,2,None
0,1,5,2,30,9,8,9,-4,15,12,8,-10,-10,2,None
0,1,4,-3,-11,-21,8,7,0,15,12,8,-10,-10,2,None
0,-4,-2,4,16,44,-28,0,2,15,12,8,-10,-10,2,None
0,-1,-2,-5,8,-59,16,1,0,15,12,8,-10,-10,2,None
0,-3,-2,-1,9,50,-59,-11,-3,15,12,8,-10,-10,2,None
0,-3,-2,-1,9,50,-59,-11,-3,15,12,8,-10,-10,2,None
0,-3,-2,-1,9,50,-59,-11,-3,15,12,8,-11,-9,1,None
0,6,6,-6,-13,42,68,14,2,15,12,8,-11,-9,1,None
0,-2,-3,-2,3,4,18,-1,-2,15,12,8,-11,-9,1,None
0,-2,0,-9,-47,-18,-24,-6,-11,15,12,8,-11,-9,1,None
0,-2,-6,-7,-30,16,1,-4,0,15,12,8,-11,-9,1,None
0,-2,-6,-7,-30,16,1,-4,0,15,12,8,-11,-9,1,None
0,-2,-6,-7,-30,16,1,-4,0,15,12,8,-12,-9,0,None
0,-5,3,15,-10,-8,-24,-3,-5,15,12,8,-12,-9,0,None
0,1,-2,-4,23,8,0,1,5,15,12,8,-12,-9,0,None
0,-2,0,-1,2,53,-1,-3,-4,15,12,8,-12,-9,0,None
0,2,2,-3,14,-77,13,0,4,15,12,8,-12,-9,0,None
0,2,2,-3,14,-77,13,0,4,15,12,8,-12,-9,0,None
0,2,2,-3,14,-77,13,0,4,15,12,8,-12,-10,1,None
0,-2,2,10,-5,-11,-8,-4,-6,15,12,8,-12,-10,1,None
0,-2,3,5,14,24,16,2,-1,15,12,8,-12,-10,1,None
0,-1,0,-4,-13,16,3,-2,-5,15,12,8,-12,-10,1,None
0,0,0,-7,23,37,0,-4,0,15,12,8,-12,-10,1,None
0,0,0,-7,23,37,0,-4,0,15,13,8,-12,-10,1,None
0,0,0,-7,23,37,0,-4,0,15,13,8,-11,-9,1,None
0,-3,-1,-4,22,2,-19,-3,-5,15,13,8,-11,-9,1,None
0,0,0,-6,11,-40,11,4,5,15,13,8,-11,-9,1,None
0,-6,-3,0,49,-23,-4,-8,-9,15,13,8,-11,-9,1,None
0,2,2,3,-20,15,-1,0,1,15,13,8,-11,-9,1,None
0,2,2,3,-20,15,-1,0,1,15,13,8,-11,-9,1,None
0,2,2,3,-20,15,-1,0,1,15,13,8,-11,-8,2,None
0,-1,-2,-12,-26,24,7,1,-2,15,13,8,-11,-8,2,None
0,-4,-3,-9,8,41,-1,0,-2,15,13,8,-11,-8,2,None
0,0,2,-1,-3,-4,6,-3,-3,15,13,8,-11,-8,2,None
0,-1,4,17,-39,-89,-9,-2,-1,15,13,8,-11,-8,2,None
0,-1,4,17,-39,-89,-9,-2,-1,15,13,8,-11,-8,2,None
0,-1,4,17,-39,-89,-9,-2,-1,15,13,8,-11,-8,1,None
0,-6,-5,-13,51,28,-9,-8,-7,15,13,8,-11,-8,1,None
0,4,8,-5,-75,63,13,4,2,15,13,8,-11,-8,1,None
0,0,-6,-11,-13,-76,-6,0,-1,15,13,8,-11,-8,1,None
0,-2,-3,-1,60,40,4,-2,-1,15,13,8,-11,-8,1,None
0,-2,-3,-1,60,40,4,-2,-1,15,13,8,-11,-8,1,None
0,-2,-3,-1,60,40,4,-2,-1,15,13,8,-10,-7,1,None
0,0,1,-5,-35,-45,-7,0,0,15,13,8,-10,-7,1,None
0,-2,1,7,-26,-15,-4,-3,-1,15,13,8,-10,-7,1,None
0,-3,0,-7,25,60,-12,-4,-4,15,13,8,-10,-7,1,None
0,2,6,4,42,15,10,4,3,15,13,8,-10,-7,1,None
0,2,6,4,42,15,10,4,3,15,13,8,-10,-7,1,None
0,2,6,4,42,15,10,4,3,15,13,8,-10,-7,0,None
0,-2,-3,-5,-36,-32,3,-3,-3,15,13,8,-10,-7,0,None
0,-3,-4,-5,25,-30,0,-2,-2,15,13,8,-10,-7,0,None
0,0,3,4,-2,24,1,0,-1,15,13,8,-10,-7,0,None
0,-2,-2,-1,-28,-51,-3,-2,-1,15,13,8,-10,-7,0,None
0,-2,-2,-1,-28,-51,-3,-2,-1,15,13,8,-10,-7,0,None
0,-2,-2,-1,-28,-51,-3,-2,-1,15,13,8,-10,-7,0,None
0,2,2,-4,-5,12,1,0,1,15,13,8,-10,-7,0,None
0,-1,-4,-7,29,-1,-7,-2,-3,15,13,8,-10,-7,0,None
0,-2,-1,-16,-7,16,-5,-3,-3,15,13,8,-10,-7,0,None
0,-4,-2,-2,-24,31,12,3,2,15,13,8,-10,-7,0,None
0,-4,-2,-2,-24,31,12,3,2,15,13,8,-10,-7,0,None
0,-4,-2,-2,-24,31,12,3,2,15,13,8,-10,-8,0,None
0,1,3,5,-19,12,-4,-1,-1,15,13,8,-10,-8,0,None
0,1,-1,-11,16,1,5,0,2,15,13,8,-10,-8,0,None
0,1,5,3,22,32,2,-1,0,15,13,8,-10,-8,0,None
0,-4,-3,-3,2,19,-5,-6,-6,15,13,8,-10,-8,0,None
0,-4,-3,-3,2,19,-5,-6,-6,15,13,8,-10,-8,0,None
0,-4,-3,-3,2,19,-5,-6,-6,15,13,8,-9,-9,0,None
0,-7,-8,-2,3,10,5,-1,-4,15,13,8,-9,-9,0,None
0,-1,2,3,-19,20,-1,4,3,15,13,8,-9,-9,0,None
0,0,-1,-10,18,-15,-2,0,0,15,13,8,-9,-9,0,None
0,3,4,-7,-35,12,0,-1,0,15,13,8,-9,-9,0,None
0,3,4,-7,-35,12,0,-1,0,15,13,8,-9,-9,0,None
0,3,4,-7,-35,12,0,-1,0,15,13,8,-9,-9,0,None
0,1,-3,-9,49,-29,-2,0,0,15,13,8,-9,-9,0,None
0,-2,0,8,-31,92,4,-3,-2,15,13,8,-9,-9,0,None
0,-3,-1,-1,-59,-81,-9,-5,-1,15,13,8,-9,-9,0,None
0,0,3,2,-21,-26,-1,-1,-3,15,13,8,-9,-9,0,None
0,0,3,2,-21,-26,-1,-1,-3,15,13,9,-9,-9,0,None
0,0,3,2,-21,-26,-1,-1,-3,15,13,9,-9,-8,-1,None
0,-2,3,7,43,-19,-9,-6,-4,15,13,9,-9,-8,-1,None
0,-2,0,-11,-76,-38,-2,-2,-4,15,13,9,-9,-8,-1,None
0,0,-1,3,33,-26,3,3,3,15,13,9,-9,-8,-1,None
0,-1,1,1,26,15,-7,-4,-2,15,13,9,-9,-8,-1,None
0,-1,1,1,26,15,-7,-4,-2,16,13,9,-9,-8,-1,None
0,-1,1,1,26,15,-7,-4,-2,16,13,9,-8,-9,-2,None
0,-3,-2,-2,86,7,6,1,-2,16,13,9,-8,-9,-2,None
0,0,-1,11,32,3,-6,-3,-1,16,13,9,-8,-9,-2,None
0,0,7,-2,-28,27,-5,0,-1,16,13,9,-8,-9,-2,None
0,-6,-8,-4,61,-41,4,-8,-8,16,13,9,-8,-9,-2,None
0,-6,-8,-4,61,-41,4,-8,-8,16,13,9,-8,-9,-2,None
0,-6,-8,-4,61,-41,4,-8,-8,16,13,9,-8,-10,-2,None
0,-2,2,1,-11,39,-7,-3,-2,16,13,9,-8,-10,-2,None
0,-2,10,6,30,10,10,2,1,16,13,9,-8,-10,-2,None
0,0,-9,2,-27,-38,-8,-3,-3,16,13,9,-8,-10,-2,None
0,3,7,-5,-84,5,-14,-2,0,16,13,9,-8,-10,-2,None
0,3,7,-5,-84,5,-14,-2,0,16,13,9,-8,-10,-2,None
0,3,7,-5,-84,5,-14,-2,0,16,13,9,-7,-11,-3,None
0,0,-1,1,49,-65,14,-3,-1,16,13,9,-7,-11,-3,None
0,0,1,-2,-6,-26,2,3,0,16,13,9,-7,-11,-3,None
0,-5,2,2,78,33,0,-3,-4,16,13,9,-7,-11,-3,None
0,-1,0,-10,-13,-4,-1,1,1,16,13,9,-7,-11,-3,None
0,-1,0,-10,-13,-4,-1,1,1,16,12,9,-7,-11,-3,None
0,-1,0,-10,-13,-4,-1,1,1,16,12,9,-6,-11,-4,None
0,2,3,3,30,31,-5,-2,0,16,12,9,-6,-11,-4,None
0,-4,-6,-11,19,43,-5,-6,-2,16,12,9,-6,-11,-4,None
0,1,4,6,-19,-48,-1,0,-4,16,12,9,-6,-11,-4,None
0,-4,-4,2,-11,18,-1,0,-2,16,12,9,-6,-11,-4,None
0,-4,-4,2,-11,18,-1,0,-2,16,12,9,-6,-11,-4,None
0,-4,-4,2,-11,18,-1,0,-2,16,12,9,-5,-11,-4,None
0,-1,2,7,-26,-15,-3,5,3,16,12,9,-5,-11,-4,None
0,-3,2,8,4,58,-5,-5,-6,16,12,9,-5,-11,-4,None
0,-6,-8,-21,-21,69,-1,-9,0,16,12,9,-5,-11,-4,None
0,3,3,-3,31,-38,11,28,17,16,12,9,-5,-11,-4,None
0,3,3,-3,31,-38,11,28,17,17,12,9,-5,-11,-4,None
0,3,3,-3,31,-38,11,28,17,17,12,9,-5,-13,-5,None
0,-1,0,9,-34,0,-2,-2,-1,17,12,9,-5,-13,-5,None
0,-2,-4,-2,69,6,-4,-2,2,17,12,9,-5,-13,-5,None
0,4,2,3,57,6,-4,-17,6,17,12,9,-5,-13,-5,None
0,-5,-2,-2,-20,20,-2,-25,-57,17,12,9,-5,-13,-5,None
0,-5,-2,-2,-20,20,-2,-25,-57,17,12,9,-5,-13,-5,None
0,-5,-2,-2,-20,20,-2,-25,-57,17,12,9,-1,-14,-6,None
0,1,3,-6,5,9,7,63,24,17,12,9,-1,-14,-6,None
0,8,-1,-12,19,-28,-7,-6,-4,17,12,9,-1,-14,-6,None
0,-2,4,-12,-16,-14,-6,3,-2,17,12,9,-1,-14,-6,None
0,-1,-9,-9,39,15,4,-16,4,17,12,9,-1,-14,-6,None
0,-1,-9,-9,39,15,4,-16,4,17,12,9,-1,-14,-6,None
0,-1,-9,-9,39,15,4,-16,4,17,12,9,0,-12,-8,None
0,-3,0,-5,-33,6,-8,-17,-2,17,12,9,0,-12,-8,None
0,-4,-2,-10,-18,45,3,5,-6,17,12,9,0,-12,-8,None
0,-1,3,8,-69,-82,-5,9,4,17,12,9,0,-12,-8,None
0,3,2,-5,68,0,12,5,13,17,12,9,0,-12,-8,None
0,3,2,-5,68,0,12,5,13,17,12,9,0,-12,-8,None
0,3,2,-5,68,0,12,5,13,17,12,9,0,-16,-9,None
0,-3,-1,-2,-16,37,-4,-19,-13,17,12,9,0,-16,-9,None
0,-2,4,4,-50,-16,-8,-3,3,17,12,9,0,-16,-9,None
0,-6,-5,13,-57,-3,-1,-11,-14,17,12,9,0,-16,-9,None
0,4,7,-6,-24,3,-14,4,8,17,12,9,0,-16,-9,None
0,4,7,-6,-24,3,-14,4,8,17,12,9,0,-16,-9,None
0,4,7,-6,-24,3,-14,4,8,17,12,9,0,-18,-9,None
0,-3,-5,-7,24,-99,0,-10,-11,17,12,9,0,-18,-9,None
0,0,2,2,-6,-31,7,-4,-2,17,12,9,0,-18,-9,None
0,-3,-3,15,-21,-5,7,4,-7,17,12,9,0,-18,-9,None
0,-5,3,-6,-41,-8,-2,3,1,17,12,9,0,-18,-9,None
0,-5,3,-6,-41,-8,-2,3,1,17,12,9,0,-18,-9,None
0,-5,3,-6,-41,-8,-2,3,1,17,12,9,0,-14,-9,None
0,-2,-2,-26,-87,10,-20,-12,-3,17,12,9,0,-14,-9,None
0,2,4,10,-18,-63,1,1,1,17,12,9,0,-14,-9,None
0,0,6,0,-4,15,2,2,0,17,12,9,0,-14,-9,None
0,-4,-8,14,-19,68,10,1,5,17,12,9,0,-14,-9,None
0,-4,-8,14,-19,68,10,1,5,17,12,9,0,-14,-9,None
0,-4,-8,14,-19,68,10,1,5,17,12,9,0,-13,-9,None
0,0,1,-3,-60,-73,-3,-8,-4,17,12,9,0,-13,-9,None
0,-1,-3,-4,-34,-68,-12,-1,1,17,12,9,0,-13,-9,None
0,0,2,-11,-30,22,-3,2,0,17,12,9,0,-13,-9,None
0,2,6,4,-128,-100,-7,-2,0,17,12,9,0,-13,-9,None
0,2,6,4,-128,-100,-7,-2,0,17,12,9,0,-13,-9,None
0,2,6,4,-128,-100,-7,-2,0,17,12,9,-1,-15,-9,None
0,-5,-5,-4,-9,87,9,-6,-5,17,12,9,-1,-15,-9,None
0,-5,-1,3,-8,-73,-12,-7,-7,17,12,9,-1,-15,-9,None
0,-1,1,-4,-24,49,9,1,-1,17,12,9,-1,-15,-9,None
0,-2,0,-10,-61,33,0,-1,0,17,12,9,-1,-15,-9,None
0,-2,0,-10,-61,33,0,-1,0,17,12,9,-1,-15,-9,None
0,-2,0,-10,-61,33,0,-1,0,17,12,9,-1,-16,-8,None
0,-1,1,2,-16,75,-2,-6,-3,17,12,9,-1,-16,-8,None
0,2,2,-9,35,-2,5,3,2,17,12,9,-1,-16,-8,None
0,1,-2,-14,24,23,4,2,1,17,12,9,-1,-16,-8,None
0,-3,-3,10,-11,111,7,1,-1,17,12,9,-1,-16,-8,None
0,-3,-3,10,-11,111,7,1,-1,17,12,10,-1,-16,-8,None
0,-3,-3,10,-11,111,7,1,-1,17,12,10,-1,-15,-7,None
0,-4,-4,-6,54,36,-11,-7,-7,17,12,10,-1,-15,-7,None
0,1,2,-4,65,59,0,0,0,17,12,10,-1,-15,-7,None
0,3,1,-15,11,16,2,2,2,17,12,10,-1,-15,-7,None
0,3,-1,2,63,71,-9,-7,-6,17,12,10,-1,-15,-7,None
0,3,-1,2,63,71,-9,-7,-6,17,12,10,-1,-15,-7,None
0,3,-1,2,63,71,-9,-7,-6,17,12,10,-1,-14,-7,None
0,-10,0,8,40,-11,4,-1,-3,17,12,10,-1,-14,-7,None
0,-3,-1,-8,33,41,5,0,-2,17,12,10,-1,-14,-7,None
0,5,3,15,78,52,-2,2,1,17,12,10,-1,-14,-7,None
0,-2,2,-13,32,-56,-4,-1,2,17,12,10,-1,-14,-7,None
0,-2,2,-13,32,-56,-4,-1,2,17,12,10,-1,-14,-7,None
0,-2,2,-13,32,-56,-4,-1,2,17,12,10,-1,-15,-7,None
0,2,2,4,28,-86,2,2,2,17,12,10,-1,-15,-7,None
0,-6,-7,-4,-41,13,-1,-3,-5,17,12,10,-1,-15,-7,None
0,-4,-1,4,12,-9,5,0,-3,17,12,10,-1,-15,-7,None
0,0,3,-1,39,-21,4,0,3,17,12,10,-1,-15,-7,None
0,0,3,-1,39,-21,4,0,3,17,12,10,-1,-15,-7,None
0,0,3,-1,39,-21,4,0,3,17,12,10,0,-15,-7,None
0,5,4,1,-21,13,-1,0,2,17,12,10,0,-15,-7,None
0,-6,-3,3,-17,-20,-2,-2,-3,17,12,10,0,-15,-7,None
0,2,5,4,51,-124,-12,-2,0,17,12,10,0,-15,-7,None
0,-4,-2,-6,4,-25,-3,-3,-3,17,12,10,0,-15,-7,None
0,-4,-2,-6,4,-25,-3,-3,-3,17,12,10,0,-15,-7,None
0,-4,-2,-6,4,-25,-3,-3,-3,17,12,10,0,-14,-6,None
0,-4,-1,-2,-9,6,6,7,4,17,12,10,0,-14,-6,None
0,4,-2,-3,3,-11,-1,-1,-1,17,12,10,0,-14,-6,None
0,-8,-4,-3,3,55,-1,-6,-5,17,12,10,0,-14,-6,None
0,8,1,2,11,-24,-3,-2,-1,17,12,10,0,-14,-6,None
0,8,1,2,11,-24,-3,-2,-1,17,12,10,0,-14,-6,None
0,8,1,2,11,-24,-3,-2,-1,17,12,10,0,-13,-6,None
0,0,12,-1,8,-6,-5,-4,-3,17,12,10,0,-13,-6,None
0,-2,-25,-5,-2,24,2,-2,-3,17,12,10,0,-13,-6,None
0,-12,7,1,-7,18,-1,-3,6,17,12,10,0,-13,-6,None
0,20,-37,-7,6,-12,-1,5,-3,17,12,10,0,-13,-6,None
0,20,-37,-7,6,-12,-1,5,-3,17,12,10,0,-13,-6,None
0,20,-37,-7,6,-12,-1,5,-3,17,12,10,0,-13,-6,None
0,-17,20,0,-19,76,5,-2,4,17,12,10,0,-13,-6,None
0,14,10,-4,1,13,-6,-3,-3,17,12,10,0,-13,-6,None
0,-35,-28,-4,-4,-6,-6,-11,-2,17,12,10,0,-13,-6,None
0,-1,6,-2,5,-12,-1,-5,-16,17,12,10,0,-13,-6,None
0,-1,6,-2,5,-12,-1,-5,-16,17,12,10,0,-13,-6,None
0,-1,6,-2,5,-12,-1,-5,-16,17,12,10,1,-12,-6,None
0,2,1,-3,-13,23,4,-9,-12,17,12,10,1,-12,-6,None
0,13,-12,-3,-4,-14,-2,8,3,17,12,10,1,-12,-6,None
0,0,-6,0,-1,-2,-1,14,27,17,12,10,1,-12,-6,None
0,-22,13,-1,2,16,2,-6,-12,17,12,10,1,-12,-6,None
0,-22,13,-1,2,16,2,-6,-12,17,12,10,1,-12,-6,None
0,-22,13,-1,2,16,2,-6,-12,17,12,10,1,-12,-5,None
0,33,-6,-2,11,-16,-1,6,45,17,12,10,1,-12,-5,None
0,6,54,2,16,-1,0,-11,-20,17,12,10,1,-12,-5,None
0,-9,-8,-4,-1,2,-2,-20,-41,17,12,10,1,-12,-5,None
0,6,13,-1,-5,-16,-11,-15,-15,17,12,10,1,-12,-5,None
0,6,13,-1,-5,-16,-11,-15,-15,17,12,10,1,-12,-5,None
0,6,13,-1,-5,-16,-11,-15,-15,17,12,10,2,-12,-5,None
0,-25,-5,4,-6,-15,-3,10,14,17,12,10,2,-12,-5,None
0,1,-23,-15,-17,1,11,33,60,17,12,10,2,-12,-5,None
0,5,-23,-13,-19,17,4,7,1,17,12,10,2,-12,-5,None
0,-23,3,-2,-8,-5,1,-20,-33,17,12,10,2,-12,-5,None
0,-23,3,-2,-8,-5,1,-20,-33,17,12,10,2,-12,-5,None
0,-23,3,-2,-8,-5,1,-20,-33,17,12,10,2,-12,-5,None
0,11,-4,-1,-21,-20,-10,-17,-55,17,12,10,2,-12,-5,None
0,-36,14,2,-44,1,-10,-28,24,17,12,10,2,-12,-5,None
0,12,-1,3,-23,9,1,25,-14,17,12,10,2,-12,-5,None
0,12,42,15,-1,2,8,14,-26,17,12,10,2,-12,-5,None
0,12,42,15,-1,2,8,14,-26,17,12,10,2,-12,-5,None
0,12,42,15,-1,2,8,14,-26,17,12,10,1,-12,-5,None
0,49,-33,2,26,-13,-5,7,62,17,12,10,1,-12,-5,None
0,-58,-54,8,83,-3,-3,-20,-40,17,12,10,1,-12,-5,None
0,65,5,-20,110,0,-4,-17,61,17,12,10,1,-12,-5,None
0,-28,-48,-17,119,-1,0,-7,-22,17,12,10,1,-12,-5,None
0,-28,-48,-17,119,-1,0,-7,-22,17,12,10,1,-12,-5,None
0,-28,-48,-17,119,-1,0,-7,-22,17,12,10,1,-13,-5,None
0,32,49,10,118,0,-5,-12,-59,17,12,10,1,-13,-5,None
0,-27,23,-6,97,-1,1,0,27,17,12,10,1,-13,-5,None
0,-27,10,10,27,1,1,9,-35,17,12,10,1,-13,-5,None
0,16,-59,-1,-7,2,-1,4,45,17,12,10,1,-13,-5,None
0,16,-59,-1,-7,2,-1,4,45,17,12,10,1,-13,-5,None
0,16,-59,-1,-7,2,-1,4,45,17,12,10,1,-14,-5,None
0,-10,22,-8,-49,0,2,-7,-2,17,12,10,1,-14,-5,None
0,24,9,5,-76,0,0,32,0,17,12,10,1,-14,-5,None
0,6,51,-4,-83,2,2,7,0,17,12,10,1,-14,-5,None
0,-19,14,-5,-86,-2,0,4,12,17,12,10,1,-14,-5,None
0,-19,14,-5,-86,-2,0,4,12,17,12,10,1,-14,-5,None
0,-19,14,-5,-86,-2,0,4,12,17,12,10,0,-14,-5,None
0,-34,-1,7,-71,-2,-2,-17,-36,17,12,10,0,-14,-5,None
0,18,-2,-1,-70,-1,-2,-12,-32,17,12,10,0,-14,-5,None
0,25,-21,-6,-49,4,-4,-6,-19,17,12,10,0,-14,-5,None
0,-5,31,7,-36,-1,-1,5,36,17,12,10,0,-14,-5,None
0,-5,31,7,-36,-1,-1,5,36,17,12,10,0,-14,-5,None
0,-5,31,7,-36,-1,-1,5,36,17,12,10,0,-14,-5,None
0,-17,-37,-20,-37,-1,0,2,7,17,12,10,0,-14,-5,None
0,6,13,-2,-29,5,2,0,-16,17,12,10,0,-14,-5,None
0,1,4,9,-15,2,-2,-1,15,17,12,10,0,-14,-5,None
0,5,3,-9,-7,-3,-7,-14,-3,17,12,10,0,-14,-5,None
0,5,3,-9,-7,-3,-7,-14,-3,17,12,9,0,-14,-5,None
0,5,3,-9,-7,-3,-7,-14,-3,17,12,9,0,-14,-5,None
0,-6,10,3,-10,1,-2,1,-10,17,12,9,0,-14,-5,None
0,11,-3,-5,-5,0,-1,8,18,17,12,9,0,-14,-5,None
0,-21,-5,-13,2,2,0,-3,-10,17,12,9,0,-14,-5,None
0,5,11,0,2,-2,-4,0,-6,17,12,9,0,-14,-5,None
0,5,11,0,2,-2,-4,0,-6,17,12,9,0,-14,-5,None
0,5,11,0,2,-2,-4,0,-6,17,12,9,0,-14,-4,None
0,-12,-9,-8,0,1,1,10,13,17,12,9,0,-14,-4,None
0,1,-2,-7,5,3,-3,-4,-4,17,12,9,0,-14,-4,None
0,-12,3,-5,5,-4,0,-12,-11,17,12,9,0,-14,-4,None
0,0,4,-3,1,1,2,8,-2,17,12,9,0,-14,-4,None
0,0,4,-3,1,1,2,8,-2,17,12,9,0,-14,-4,None
0,0,4,-3,1,1,2,8,-2,17,12,9,0,-13,-5,None
0,0,-5,-12,4,25,-11,1,11,17,12,9,0,-13,-5,None
0,0,-1,-6,3,-37,-24,-16,-14,17,12,9,0,-13,-5,None
0,-4,6,4,-3,1,30,-2,-7,17,12,9,0,-13,-5,None
0,4,-3,-7,10,6,5,11,18,17,12,9,0,-13,-5,None
0,4,-3,-7,10,6,5,11,18,17,12,9,0,-13,-5,None
0,4,-3,-7,10,6,5,11,18,17,12,9,-1,-13,-5,None
0,-7,-4,-9,4,-3,4,1,-3,17,12,9,-1,-13,-5,None
0,-2,2,-3,6,34,-13,-11,-14,17,12,9,-1,-13,-5,None
0,-7,-1,3,-7,-22,-5,0,2,17,12,9,-1,-13,-5,None
0,-1,2,0,0,-14,-2,1,1,17,12,9,-1,-13,-5,None
0,-1,2,0,0,-14,-2,1,1,17,12,9,-1,-13,-5,None
0,-1,2,0,0,-14,-2,1,1,17,12,9,-2,-12,-4,None
0,-4,1,3,-4,2,0,-3,-2,17,12,9,-2,-12,-4,None
0,0,4,5,-2,1,7,3,-4,17,12,9,-2,-12,-4,None
0,-1,4,-7,-3,21,-11,-1,4,17,12,9,-2,-12,-4,None
0,-2,-12,3,1,3,3,-4,-2,17,12,9,-2,-12,-4,None
0,-2,-12,3,1,3,3,-4,-2,17,12,9,-2,-12,-4,None
0,-2,-12,3,1,3,3,-4,-2,17,12,9,-1,-13,-4,None
0,-3,1,-7,-1,-11,-1,1,-4,17,12,9,-1,-13,-4,None
0,-1,-2,0,-5,-1,4,2,2,17,12,9,-1,-13,-4,None
0,-6,-1,0,2,8,-4,-4,-5,17,12,9,-1,-13,-4,None
0,0,7,-1,-5,2,-5,-3,-1,17,12,9,-1,-13,-4,None
0,0,7,-1,-5,2,-5,-3,-1,0,12,9,-1,-13,-4,None
0,0,7,-1,-5,2,-5,-3,-1,0,12,9,-1,-13,-3,None
0,-5,-3,2,-2,-3,0,0,0,0,12,9,-1,-13,-3,None
0,0,1,7,1,3,5,1,-3,0,12,9,-1,-13,-3,None
0,-4,1,0,-4,-10,-12,-4,-5,0,12,9,-1,-13,-3,None
0,-5,1,-23,-1,-4,15,2,-1,0,12,9,-1,-13,-3,None
0,-5,1,-23,-1,-4,15,2,-1,0,12,9,-1,-13,-3,None
0,-5,1,-23,-1,-4,15,2,-1,0,12,9,-1,-13,-3,None
0,1,0,17,-11,-16,-5,-2,5,0,12,9,-1,-13,-3,None
0,0,-1,-7,10,10,22,8,-1,0,12,9,-1,-13,-3,None
0,-2,1,2,46,-2,-1,-3,-2,0,12,9,-1,-13,-3,None
0,3,2,-1,-86,5,-9,-4,5,0,12,9,-1,-13,-3,None
0,3,2,-1,-86,5,-9,-4,5,0,12,9,-1,-13,-3,None
0,3,2,-1,-86,5,-9,-4,5,0,12,9,-1,-13,-3,None
0,-5,0,-3,26,40,-36,-9,-8,0,12,9,-1,-13,-3,None
0,-2,-1,-2,11,-57,25,2,-7,0,12,9,-1,-13,-3,None
0,-2,-3,-13,-12,-16,-7,-5,0,0,12,9,-1,-13,-3,None
0,2,8,39,74,4,-1,3,4,0,12,9,-1,-13,-3,None
0,2,8,39,74,4,-1,3,4,0,13,9,-1,-13,-3,None
0,2,8,39,74,4,-1,3,4,0,13,9,-1,-13,-2,None
0,-8,-6,-26,-60,11,-28,-10,-8,0,13,9,-1,-13,-2,None
0,-2,-2,2,-62,-41,4,0,-5,0,13,9,-1,-13,-2,None
0,2,2,-3,18,37,7,1,3,0,13,9,-1,-13,-2,None
0,-4,-2,14,44,-10,1,-2,-5,0,13,9,-1,-13,-2,None
0,-4,-2,14,44,-10,1,-2,-5,0,13,9,-1,-13,-2,None
0,-4,-2,14,44,-10,1,-2,-5,0,13,9,-1,-13,-1,None
0,1,1,-7,-42,-6,5,-1,2,0,13,9,-1,-13,-1,None
0,-1,2,-3,34,11,-25,-12,1,0,13,9,-1,-13,-1,None
0,0,3,31,-28,20,9,7,-2,0,13,9,-1,-13,-1,None
0,2,2,-37,58,13,-6,-5,0,0,13,9,-1,-13,-1,None
0,2,2,-37,58,13,-6,-5,0,0,12,9,-1,-13,-1,None
0,2,2,-37,58,13,-6,-5,0,0,12,9,0,-13,-2,None
0,-1,1,13,-105,-19,7,3,-3,0,12,9,0,-13,-2,None
0,1,-1,-10,49,5,-5,-3,0,0,12,9,0,-13,-2,None
0,-4,-1,5,-59,-32,5,-4,-5,0,12,9,0,-13,-2,None
0,0,4,11,11,87,-10,-3,0,0,12,9,0,-13,-2,None
0,0,4,11,11,87,-10,-3,0,0,12,9,0,-13,-2,None
0,0,4,11,11,87,-10,-3,0,0,12,9,1,-14,-2,None
0,-3,0,-15,100,-81,23,8,1,0,12,9,1,-14,-2,None
0,-8,-9,-12,-84,5,-22,-13,-7,0,12,9,1,-14,-2,None
0,-2,-3,-7,65,-14,-4,1,-1,0,12,9,1,-14,-2,None
0,-3,-5,-18,-35,31,-3,-3,-4,0,12,9,1,-14,-2,None
0,-3,-5,-18,-35,31,-3,-3,-4,0,12,9,1,-14,-2,None
0,-3,-5,-18,-35,31,-3,-3,-4,0,12,9,1,-15,-1,None
0,3,5,11,72,33,19,2,6,0,12,9,1,-15,-1,None
0,2,6,16,55,-16,-2,4,-1,0,12,9,1,-15,-1,None
0,-2,-1,-11,34,29,-20,-7,1,0,12,9,1,-15,-1,None
0,-2,0,-10,-24,-17,16,4,-1,0,12,9,1,-15,-1,None
0,-2,0,-10,-24,-17,16,4,-1,0,12,9,1,-15,-1,None
0,-2,0,-10,-24,-17,16,4,-1,0,12,9,1,-14,-1,None
0,3,1,-5,-16,13,0,-3,1,0,12,9,1,-14,-1,None
0,2,0,-5,35,-9,-12,-1,4,0,12,9,1,-14,-1,None
0,0,-1,-18,-15,-75,7,3,-2,0,12,9,1,-14,-1,None
0,1,5,26,4,9,14,5,2,0,12,9,1,-14,-1,None
0,1,5,26,4,9,14,5,2,0,12,9,1,-14,-1,None
0,1,5,26,4,9,14,5,2,0,12,9,2,-14,0,None
0,-3,1,0,-11,16,8,-2,-3,0,12,9,2,-14,0,None
0,-1,-2,-7,-1,-42,-7,-4,-3,0,12,9,2,-14,0,None
0,0,5,9,-56,30,0,0,-2,0,12,9,2,-14,0,None
0,1,-1,-31,31,-22,-2,-4,0,0,12,9,2,-14,0,None
0,1,-1,-31,31,-22,-2,-4,0,1,12,9,2,-14,0,None
0,1,-1,-31,31,-22,-2,-4,0,1,12,9,3,-15,0,None
0,-3,-2,-10,42,-9,-15,-3,-3,1,12,9,3,-15,0,None
0,3,3,-10,-12,26,6,2,4,1,12,9,3,-15,0,None
0,-7,-4,-3,-15,-18,-17,-6,-2,1,12,9,3,-15,0,None
0,-1,1,19,49,17,5,1,-5,1,12,9,3,-15,0,None
0,-1,1,19,49,17,5,1,-5,1,12,9,3,-15,0,None
0,-1,1,19,49,17,5,1,-5,1,12,9,4,-15,-1,None
0,3,3,-3,34,-17,7,5,5,1,12,9,4,-15,-1,None
0,1,4,2,14,-18,-3,-8,0,1,12,9,4,-15,-1,None
0,-3,-6,-31,-66,-1,-4,1,-4,1,12,9,4,-15,-1,None
0,-3,-3,7,-11,35,-12,-5,-4,1,12,9,4,-15,-1,None
0,-3,-3,7,-11,35,-12,-5,-4,1,12,9,4,-15,-1,None
0,-3,-3,7,-11,35,-12,-5,-4,1,12,9,5,-15,-1,None
0,-4,-3,3,58,105,2,-3,-3,1,12,9,5,-15,-1,None
0,0,3,15,21,-10,11,2,-1,1,12,9,5,-15,-1,None
0,1,1,8,20,24,-5,-6,0,1,12,9,5,-15,-1,None
0,-2,-1,-12,20,-37,-8,0,-4,1,12,9,5,-15,-1,None
0,-2,-1,-12,20,-37,-8,0,-4,1,12,9,5,-15,-1,None
0,-2,-1,-12,20,-37,-8,0,-4,1,12,9,6,-14,-1,None
0,3,2,4,-61,10,6,-3,1,1,12,9,6,-14,-1,None
0,-5,-2,-22,14,36,-5,-1,-3,1,12,9,6,-14,-1,None
0,1,3,-1,10,-10,0,2,-2,1,12,9,6,-14,-1,None
0,-1,5,-5,-2,-13,7,3,-1,1,12,9,6,-14,-1,None
0,-1,5,-5,-2,-13,7,3,-1,1,12,9,6,-14,-1,None
0,-1,5,-5,-2,-13,7,3,-1,1,12,9,8,-14,-1,None
0,-3,-5,3,-42,-21,3,-1,-3,1,12,9,8,-14,-1,None
0,0,7,15,54,68,2,2,-1,1,12,9,8,-14,-1,None
0,-2,0,-1,-60,-41,3,0,-4,1,12,9,8,-14,-1,None
0,2,4,-46,-9,-1,-14,-6,1,1,12,9,8,-14,-1,None
0,2,4,-46,-9,-1,-14,-6,1,1,12,9,8,-14,-1,None
0,2,4,-46,-9,-1,-14,-6,1,1,12,9,8,-15,-1,None
0,1,-15,13,-44,-88,-9,-1,0,1,12,9,8,-15,-1,None
0,-4,-6,-20,-38,54,-1,-3,-6,1,12,9,8,-15,-1,None
0,2,16,3,59,31,-1,-5,0,1,12,9,8,-15,-1,None
0,-7,-35,2,-49,-21,0,-1,1,1,12,9,8,-15,-1,None
0,-7,-35,2,-49,-21,0,-1,1,1,12,9,8,-15,-1,None
0,-7,-35,2,-49,-21,0,-1,1,1,12,9,8,-13,-1,None
0,3,3,-15,2,39,1,2,-2,1,12,9,8,-13,-1,None
0,-6,11,2,-12,-52,-5,-3,-3,1,12,9,8,-13,-1,None
0,-1,-13,4,0,-18,-3,-1,0,1,12,9,8,-13,-1,None
0,-3,8,3,-30,13,2,-1,-2,1,12,9,8,-13,-1,None
0,-3,8,3,-30,13,2,-1,-2,1,12,9,8,-13,-1,None
0,-3,8,3,-30,13,2,-1,-2,1,12,9,8,-14,-2,None
0,-2,5,-5,17,-19,-3,-3,-3,1,12,9,8,-14,-2,None
0,5,-4,8,-8,-23,6,5,3,1,12,9,8,-14,-2,None
0,0,14,7,69,58,7,-2,0,1,12,9,8,-14,-2,None
0,-1,6,-2,-4,-2,-3,-3,-4,1,12,9,8,-14,-2,None
0,-1,6,-2,-4,-2,-3,-3,-4,1,12,9,8,-14,-2,None
0,-1,6,-2,-4,-2,-3,-3,-4,1,12,9,8,-15,-1,None
0,-2,2,-3,46,15,-3,-2,-3,1,12,9,8,-15,-1,None
0,2,12,-5,-29,-6,2,2,-2,1,12,9,8,-15,-1,None
0,0,-32,-4,-8,8,-2,-2,2,1,12,9,8,-15,-1,None
0,2,1,1,-31,-80,-10,-2,-2,1,12,9,8,-15,-1,None
0,2,1,1,-31,-80,-10,-2,-2,1,12,9,8,-15,-1,None
0,2,1,1,-31,-80,-10,-2,-2,1,12,9,7,-13,-1,None
0,-6,-6,13,1,8,3,-1,-2,1,12,9,7,-13,-1,None
0,2,-2,-3,-39,56,-6,-5,-4,1,12,9,7,-13,-1,None
0,-4,-1,-1,10,-7,0,-2,-4,1,12,9,7,-13,-1,None
0,-1,0,9,-24,-43,-4,0,-1,1,12,9,7,-13,-1,None
0,-1,0,9,-24,-43,-4,0,-1,1,12,9,7,-13,-1,None
0,-1,0,9,-24,-43,-4,0,-1,1,12,9,7,-13,-1,None
0,-1,4,-9,-2,-25,-2,0,-1,1,12,9,7,-13,-1,None
0,-1,-1,1,-13,4,0,-1,-1,1,12,9,7,-13,-1,None
0,-1,8,-5,-20,-22,-5,-5,-3,1,12,9,7,-13,-1,None
0,0,2,3,-17,-15,0,1,-1,1,12,9,7,-13,-1,None
0,0,2,3,-17,-15,0,1,-1,1,12,9,7,-13,-1,None
0,0,2,3,-17,-15,0,1,-1,1,12,9,7,-13,-1,None
0,-2,5,-4,21,45,0,-1,-1,1,12,9,7,-13,-1,None
0,-3,-5,-5,-21,4,1,-1,-1,1,12,9,7,-13,-1,None
0,-1,2,5,0,17,-1,0,0,1,12,9,7,-13,-1,None
0,2,10,-4,28,17,-1,-1,-1,1,12,9,7,-13,-1,None
0,2,10,-4,28,17,-1,-1,-1,1,12,9,7,-13,-1,None
0,2,10,-4,28,17,-1,-1,-1,1,12,9,7,-12,0,None
0,0,32,-2,-52,-30,-2,-1,-2,1,12,9,7,-12,0,None
0,-8,-81,-17,-17,-8,1,-4,-2,1,12,9,7,-12,0,None
0,-5,0,0,5,21,0,0,-5,1,12,9,7,-12,0,None
0,-2,8,1,-14,-29,-1,-1,-1,1,12,9,7,-12,0,None
0,-2,8,1,-14,-29,-1,-1,-1,1,12,9,7,-12,0,None
0,-2,8,1,-14,-29,-1,-1,-1,1,12,9,8,-12,-1,None
0,1,-3,0,23,33,1,0,1,1,12,9,8,-12,-1,None
0,1,17,2,3,-7,-2,-1,-1,1,12,9,8,-12,-1,None
0,1,12,-9,-7,-7,-1,-1,0,1,12,9,8,-12,-1,None
0,-3,-14,-1,6,15,-2,-2,-1,1,12,9,8,-12,-1,None
0,-3,-14,-1,6,15,-2,-2,-1,1,12,9,8,-12,-1,None
0,-3,-14,-1,6,15,-2,-2,-1,1,12,9,8,-12,-1,None
0,1,-2,-4,-2,-18,-1,-2,-1,1,12,9,8,-12,-1,None
0,0,13,4,0,8,3,0,0,1,12,9,8,-12,-1,None
0,0,-4,-9,42,10,-1,-4,-1,1,12,9,8,-12,-1,None
0,-5,3,2,-63,-8,-7,-3,-5,1,12,9,8,-12,-1,None
0,-5,3,2,-63,-8,-7,-3,-5,1,12,9,8,-12,-1,None
0,-5,3,2,-63,-8,-7,-3,-5,1,12,9,8,-12,-1,None
0,-3,-11,-4,3,-9,2,0,-3,1,12,9,8,-12,-1,None
0,0,15,1,6,12,-2,-1,-2,1,12,9,8,-12,-1,None
0,-1,2,0,8,-8,2,3,1,1,12,9,8,-12,-1,None
0,1,-3,-1,12,9,-2,-2,2,1,12,9,8,-12,-1,None
0,1,-3,-1,12,9,-2,-2,2,1,12,9,8,-12,-1,None
0,1,-3,-1,12,9,-2,-2,2,1,12,9,8,-12,-1,None
0,0,2,-4,-4,-16,-4,0,-2,1,12,9,8,-12,-1,None
0,-3,2,2,5,-11,-2,-2,-2,1,12,9,8,-12,-1,None
0,0,-1,-3,-11,3,0,0,-1,1,12,9,8,-12,-1,None
0,0,2,-3,5,13,0,-3,-1,1,12,9,8,-12,-1,None
0,0,2,-3,5,13,0,-3,-1,1,12,9,8,-12,-1,None
0,0,2,-3,5,13,0,-3,-1,1,12,9,8,-12,-1,None
0,-2,-4,-2,-7,-7,-2,-2,-1,1,12,9,8,-12,-1,None
0,1,13,0,10,-1,-1,-2,0,1,12,9,8,-12,-1,None
0,1,10,2,-5,-5,0,1,0,1,12,9,8,-12,-1,None
0,-8,-22,-21,-19,6,-6,-6,-5,1,12,9,8,-12,-1,None
0,-8,-22,-21,-19,6,-6,-6,-5,1,12,9,8,-12,-1,None
0,-8,-22,-21,-19,6,-6,-6,-5,1,12,9,7,-12,-1,None
0,0,-22,7,-2,21,0,-1,-2,1,12,9,7,-12,-1,None
0,-1,0,0,8,20,1,0,-1,1,12,9,7,-12,-1,None
0,-2,-3,0,-13,-12,0,-2,-3,1,12,9,7,-12,-1,None
0,0,8,4,26,2,1,2,2,1,12,9,7,-12,-1,None
0,0,8,4,26,2,1,2,2,1,12,9,7,-12,-1,None
0,0,8,4,26,2,1,2,2,1,12,9,7,-12,-1,None
0,1,7,-4,-3,-15,-2,0,-1,1,12,9,7,-12,-1,None
0,-3,-2,-4,-4,-10,-5,-2,0,1,12,9,7,-12,-1,None
0,-2,0,-2,3,7,-2,-2,-1,1,12,9,7,-12,-1,None
0,1,8,4,3,4,2,-1,-1,1,12,9,7,-12,-1,None
0,1,8,4,3,4,2,-1,-1,1,12,9,7,-12,-1,None
0,1,8,4,3,4,2,-1,-1,1,12,9,7,-12,-1,None
0,-3,0,-7,0,-1,-1,-2,-2,1,12,9,7,-12,-1,None
0,0,7,0,2,-3,1,-2,-1,1,12,9,7,-12,-1,None
0,-3,2,-5,0,0,-1,-1,-1,1,12,9,7,-12,-1,None
0,1,2,2,4,-2,-2,-1,-1,1,12,9,7,-12,-1,None
0,1,2,2,4,-2,-2,-1,-1,1,12,9,7,-12,-1,None
0,1,2,2,4,-2,-2,-1,-1,1,12,9,7,-12,-1,None
0,-1,3,-3,-4,3,0,-1,-1,1,12,9,7,-12,-1,None
0,-3,-6,-9,-16,3,-5,-2,-1,1,12,9,7,-12,-1,None
0,-2,0,-11,20,6,-1,-2,-4,1,12,9,7,-12,-1,None
0,1,-1,11,-3,4,0,-2,-1,1,12,9,7,-12,-1,None
0,1,-1,11,-3,4,0,-2,-1,1,12,9,7,-12,-1,None
0,1,-1,11,-3,4,0,-2,-1,1,12,9,7,-12,-1,None
0,1,3,-4,-17,3,-2,-2,-2,1,12,9,7,-12,-1,None
0,0,6,3,-4,-14,-1,-1,0,1,12,9,7,-12,-1,None
0,-1,-2,-5,-4,-3,-2,-1,-1,1,12,9,7,-12,-1,None
0,1,4,-3,11,-7,-1,0,-2,1,12,9,7,-12,-1,None
0,1,4,-3,11,-7,-1,0,-2,1,12,9,7,-12,-1,None
0,1,4,-3,11,-7,-1,0,-2,1,12,9,7,-12,-1,None
0,-2,2,0,9,-7,-2,-2,-2,1,12,9,7,-12,-1,None
0,-1,2,0,6,6,-2,-1,-2,1,12,9,7,-12,-1,None
0,-1,-1,-1,-14,-7,-3,-3,-2,1,12,9,7,-12,-1,None
0,-3,1,-3,7,8,-1,0,-1,1,12,9,7,-12,-1,None
0,-3,1,-3,7,8,-1,0,-1,1,12,9,7,-12,-1,None
0,-3,1,-3,7,8,-1,0,-1,1,12,9,8,-12,-1,None
0,-2,32,-1,-1,-13,-1,-2,-1,1,12,9,8,-12,-1,None
0,3,-42,3,6,12,3,2,1,1,12,9,8,-12,-1,None
0,-9,5,9,16,10,0,-2,-3,1,12,9,8,-12,-1,None
0,-1,1,-1,-8,10,2,-1,-1,1,12,9,8,-12,-1,None
0,-1,1,-1,-8,10,2,-1,-1,1,12,9,8,-12,-1,None
0,-1,1,-1,-8,10,2,-1,-1,1,12,9,7,-12,-1,None
0,-1,-10,-3,-4,-9,-1,0,-1,1,12,9,7,-12,-1,None
0,1,22,-2,7,-14,0,-1,-1,1,12,9,7,-12,-1,None
0,2,2,-2,-7,-10,-3,-1,-1,1,12,9,7,-12,-1,None
0,-2,-4,0,1,4,0,-1,0,1,12,9,7,-12,-1,None
0,-2,-4,0,1,4,0,-1,0,1,12,9,7,-12,-1,None
0,-2,-4,0,1,4,0,-1,0,1,12,9,8,-12,-1,None
0,-3,3,-2,10,0,1,0,0,1,12,9,8,-12,-1,None
0,-2,4,-3,-1,-5,-2,-2,-2,1,12,9,8,-12,-1,None
0,0,-7,-1,-10,5,-1,-1,-1,1,12,9,8,-12,-1,None
0,-3,5,-5,0,2,-2,-2,-3,1,12,9,8,-12,-1,None
0,-3,5,-5,0,2,-2,-2,-3,1,12,9,8,-12,-1,None
0,-3,5,-5,0,2,-2,-2,-3,1,12,9,8,-12,-1,None
0,-1,-7,-2,2,6,-2,-2,-1,1,12,9,8,-12,-1,None
0,-1,4,-3,-6,1,-1,-2,-2,1,12,9,8,-12,-1,None
0,-1,-1,-3,-12,-3,-2,-1,0,1,12,9,8,-12,-1,None
0,0,4,-3,8,7,-1,0,-1,1,12,9,8,-12,-1,None
0,0,4,-3,8,7,-1,0,-1,1,12,9,8,-12,-1,None
0,0,4,-3,8,7,-1,0,-1,1,12,9,8,-12,-1,None
0,-14,18,-4,7,8,1,-2,0,1,12,9,8,-12,-1,None
0,-26,-16,-1,-4,-4,-2,-2,-9,1,12,9,8,-12,-1,None
0,38,20,-1,5,7,-1,-1,4,1,12,9,8,-12,-1,None
0,-21,-38,-6,-1,-9,0,-2,1,1,12,9,8,-12,-1,None
0,-21,-38,-6,-1,-9,0,-2,1,1,12,9,8,-12,-1,None
0,-21,-38,-6,-1,-9,0,-2,1,1,12,9,8,-12,-1,None
0,-4,-12,-2,-17,-22,-1,-1,-1,1,12,9,8,-12,-1,None
0,-8,9,-5,13,19,0,-1,-1,1,12,9,8,-12,-1,None
0,-14,-3,-2,-2,-4,1,-1,-2,1,12,9,8,-12,-1,None
0,5,10,-1,-6,1,0,-1,-3,1,12,9,8,-12,-1,None
0,5,10,-1,-6,1,0,-1,-3,1,12,9,8,-12,-1,None
0,5,10,-1,-6,1,0,-1,-3,1,12,9,8,-12,-1,None
0,6,3,-2,-4,3,-2,-1,-1,1,12,9,8,-12,-1,None
0,1,4,0,2,-6,-2,-1,0,1,12,9,8,-12,-1,None
0,-2,-8,-6,7,14,-2,-4,-3,1,12,9,8,-12,-1,None
0,5,7,1,2,3,-1,-1,0,1,12,9,8,-12,-1,None
0,5,7,1,2,3,-1,-1,0,1,12,9,8,-12,-1,None
0,5,7,1,2,3,-1,-1,0,1,12,9,8,-12,-1,None
0,-4,-6,-1,5,3,-2,-1,-2,1,12,9,8,-12,-1,None
0,10,7,-2,-7,-8,0,-2,1,1,12,9,8,-12,-1,None
0,-8,-4,3,-3,4,0,0,-1,1,12,9,8,-12,-1,None
0,-2,6,-13,5,-12,0,-1,0,1,12,9,8,-12,-1,None
0,-2,6,-13,5,-12,0,-1,0,1,12,9,8,-12,-1,None
0,-2,6,-13,5,-12,0,-1,0,1,12,9,8,-12,-1,None
0,2,-6,-5,-8,-2,-3,-3,-2,1,12,9,8,-12,-1,None
0,2,-2,-2,22,58,1,-6,-2,1,12,9,8,-12,-1,None
0,-3,3,-2,-16,-12,0,-1,0,1,12,9,8,-12,-1,None
0,-1,4,1,5,3,-3,-2,-2,1,12,9,8,-12,-1,None
0,-1,4,1,5,3,-3,-2,-2,1,12,9,8,-12,-1,None
0,-1,4,1,5,3,-3,-2,-2,1,12,9,8,-12,-1,None
0,4,-4,0,0,-19,-1,0,-2,1,12,9,8,-12,-1,None
0,4,3,-3,-8,-16,-2,-1,1,1,12,9,8,-12,-1,None
0,-6,-2,-2,0,3,-2,-2,-3,1,12,9,8,-12,-1,None
0,2,2,-1,-2,0,2,1,0,1,12,9,8,-12,-1,None
0,2,2,-1,-2,0,2,1,0,1,12,9,8,-12,-1,None
0,2,2,-1,-2,0,2,1,0,1,12,9,8,-12,-1,None
0,-1,15,-5,6,11,1,-1,-1,1,12,9,8,-12,-1,None
0,-7,2,-2,0,-9,-1,0,-1,1,12,9,8,-12,-1,None
0,-1,1,5,12,18,-2,-1,0,1,12,9,8,-12,-1,None
0,-2,-1,3,-19,-6,-1,-4,-5,1,12,9,8,-12,-1,None
0,-2,-1,3,-19,-6,-1,-4,-5,1,12,9,8,-12,-1,None
0,-2,-1,3,-19,-6,-1,-4,-5,1,12,9,8,-12,-1,None
0,-2,-9,-2,11,18,-2,-3,-1,1,12,9,8,-12,-1,None
0,1,8,-3,-3,-7,-1,-2,-2,1,12,9,8,-12,-1,None
0,0,0,-4,0,-11,1,-1,-1,1,12,9,8,-12,-1,None
0,1,3,-1,-2,-2,0,0,-1,1,12,9,8,-12,-1,None
0,1,3,-1,-2,-2,0,0,-1,1,12,9,8,-12,-1,None
0,1,3,-1,-2,-2,0,0,-1,1,12,9,8,-12,-1,None
0,-1,4,0,-2,6,-1,-1,-2,1,12,9,8,-12,-1,None
0,2,4,0,-3,-7,-2,-2,-1,1,12,9,8,-12,-1,None
0,-3,-5,-5,-7,-7,-2,-1,-3,1,12,9,8,-12,-1,None
0,-1,1,-2,0,5,-2,-2,-1,1,12,9,8,-12,-1,None
0,-1,1,-2,0,5,-2,-2,-1,1,12,9,8,-12,-1,None
0,-1,1,-2,0,5,-2,-2,-1,1,12,9,7,-12,-1,None
0,-1,-5,-2,1,0,-1,-2,-2,1,12,9,7,-12,-1,None
0,-4,-8,-2,-5,-7,-2,-1,0,1,12,9,7,-12,-1,None
0,-2,-2,-2,-6,-3,-3,-2,-5,1,12,9,7,-12,-1,None
0,-1,-3,-8,14,3,-2,-2,0,1,12,9,7,-12,-1,None
0,-1,-3,-8,14,3,-2,-2,0,1,12,9,7,-12,-1,None
0,-1,-3,-8,14,3,-2,-2,0,1,12,9,7,-12,-1,None
0,2,1,0,-10,18,0,0,0,1,12,9,7,-12,-1,None
0,-2,-2,0,5,-2,-1,-2,-2,1,12,9,7,-12,-1,None
0,-5,4,-3,-4,14,2,-1,-2,1,12,9,7,-12,-1,None
0,1,2,1,5,0,-2,-1,-1,1,12,9,7,-12,-1,None
0,1,2,1,5,0,-2,-1,-1,1,12,9,7,-12,-1,None
0,1,2,1,5,0,-2,-1,-1,1,12,9,8,-12,-1,None
0,0,-4,-1,0,-6,0,0,-1,1,12,9,8,-12,-1,None
0,1,2,-2,-10,-5,-2,-2,0,1,12,9,8,-12,-1,None
0,-1,0,-2,-3,-8,-3,-2,-2,1,12,9,8,-12,-1,None
0,1,2,-1,0,3,-2,-1,-2,1,12,9,8,-12,-1,None
0,1,2,-1,0,3,-2,-1,-2,1,12,9,8,-12,-1,None
0,1,2,-1,0,3,-2,-1,-2,1,12,9,8,-12,-1,None
0,-2,-3,-1,-7,-1,0,0,-2,1,12,9,8,-12,-1,None
0,-3,7,-6,-9,-9,-2,-1,-1,1,12,9,8,-12,-1,None
0,-1,33,5,29,-4,-3,-2,-1,1,12,9,8,-12,-1,None
0,-2,-6,0,-32,10,-1,-2,-3,1,12,9,8,-12,-1,None
0,-2,-6,0,-32,10,-1,-2,-3,1,12,9,8,-12,-1,None
0,-2,-6,0,-32,10,-1,-2,-3,1,12,9,8,-12,-1,None
0,-3,-2,-7,1,15,1,-2,-1,1,12,9,8,-12,-1,None
0,0,-1,1,-8,14,-1,-2,-3,1,12,9,8,-12,-1,None
0,-3,4,-9,-9,-1,-2,-1,0,1,12,9,8,-12,-1,None
0,-1,3,-1,6,-11,-2,0,-2,1,12,9,8,-12,-1,None
0,-1,3,-1,6,-11,-2,0,-2,1,12,9,8,-12,-1,None
0,-1,3,-1,6,-11,-2,0,-2,1,12,9,8,-12,-1,None
0,-2,-3,2,7,-15,-2,0,-1,1,12,9,8,-12,-1,None
0,3,6,-4,-6,-4,1,1,0,1,12,9,8,-12,-1,None
0,-2,-8,3,-5,-12,-3,-1,0,1,12,9,8,-12,-1,None
0,1,2,-8,6,23,3,0,0,1,12,9,8,-12,-1,None
0,1,2,-8,6,23,3,0,0,1,12,9,8,-12,-1,None
0,1,2,-8,6,23,3,0,0,1,12,9,7,-12,-1,None
0,-2,-8,-3,4,11,-1,-4,-3,1,12,9,7,-12,-1,None
0,0,-1,2,3,1,-1,-1,-2,1,12,9,7,-12,-1,None
0,-1,-9,-5,-3,-5,-1,0,0,1,12,9,7,-12,-1,None
0,-2,0,1,8,-4,-2,-2,-2,1,12,9,7,-12,-1,None
0,-2,0,1,8,-4,-2,-2,-2,1,12,9,7,-12,-1,None
0,-2,0,1,8,-4,-2,-2,-2,1,12,9,8,-12,-1,None
0,0,7,0,2,-4,-2,0,-1,1,12,9,8,-12,-1,None
0,-1,0,-2,-2,2,-2,-1,-1,1,12,9,8,-12,-1,None
0,-4,-9,-2,-6,3,0,-2,-2,1,12,9,8,-12,-1,None
0,0,16,-3,-9,-6,-2,-2,-1,1,12,9,8,-12,-1,None
0,0,16,-3,-9,-6,-2,-2,-1,1,12,9,8,-12,-1,None
0,0,16,-3,-9,-6,-2,-2,-1,1,12,9,8,-12,-1,None
0,-5,-39,-1,1,-5,-1,1,0,1,12,9,8,-12,-1,None
0,-2,2,-3,9,15,-2,-4,-4,1,12,9,8,-12,-1,None
0,-4,-22,1,-1,16,4,0,-1,1,12,9,8,-12,-1,None
0,-2,-8,-3,11,11,-1,-2,-1,1,12,9,8,-12,-1,None
0,-2,-8,-3,11,11,-1,-2,-1,1,12,9,8,-12,-1,None
0,-2,-8,-3,11,11,-1,-2,-1,1,12,9,8,-12,-1,None
0,2,11,-1,-9,-1,-2,-2,-2,1,12,9,8,-12,-1,None
0,2,-1,0,7,-9,-2,0,0,1,12,9,8,-12,-1,None
0,-2,0,-5,-7,-3,-1,1,-1,1,12,9,8,-12,-1,None
0,0,5,-2,12,5,-1,-2,-3,1,12,9,8,-12,-1,None
0,0,5,-2,12,5,-1,-2,-3,1,12,9,8,-12,-1,None
0,0,5,-2,12,5,-1,-2,-3,1,12,9,8,-12,-1,None
0,-2,5,-1,1,-6,-2,0,-2,1,12,9,8,-12,-1,None
0,2,0,-4,-2,-9,2,-1,1,1,12,9,8,-12,-1,None
0,-1,3,-4,22,35,-5,-4,0,1,12,9,8,-12,-1,None
0,6,-5,-1,-8,-8,-2,-4,-4,1,12,9,8,-12,-1,None
0,6,-5,-1,-8,-8,-2,-4,-4,1,12,9,8,-12,-1,None
0,6,-5,-1,-8,-8,-2,-4,-4,1,12,9,7,-12,-1,None
0,-13,8,1,-20,-13,-2,-2,-2,1,12,9,7,-12,-1,None
0,10,-2,-1,3,1,-1,0,-2,1,12,9,7,-12,-1,None
0,2,2,-2,-2,-12,1,-1,0,1,12,9,7,-12,-1,None
0,-1,0,-1,-4,-6,-1,-1,0,1,12,9,7,-12,-1,None
0,-1,0,-1,-4,-6,-1,-1,0,1,12,9,7,-12,-1,None
0,-1,0,-1,-4,-6,-1,-1,0,1,12,9,7,-12,-1,None
0,-7,0,-4,6,9,-2,-3,-1,1,12,9,7,-12,-1,None
0,-1,6,-2,2,-12,0,-1,0,1,12,9,7,-12,-1,None
0,2,11,-2,-30,12,0,0,-1,1,12,9,7,-12,-1,None
0,-5,-31,0,-8,18,2,-3,-2,1,12,9,7,-12,-1,None
0,-5,-31,0,-8,18,2,-3,-2,1,12,9,7,-12,-1,None
0,-5,-31,0,-8,18,2,-3,-2,1,12,9,7,-12,-1,None
0,34,27,3,9,-18,-3,-2,0,1,12,9,7,-12,-1,None
0,-21,-35,-3,-5,5,-1,-2,-4,1,12,9,7,-12,-1,None
0,4,-3,-1,1,-18,0,0,0,1,12,9,7,-12,-1,None
0,-9,17,-1,2,-4,-1,0,0,1,12,9,7,-12,-1,None
0,-9,17,-1,2,-4,-1,0,0,1,12,9,7,-12,-1,None
0,-9,17,-1,2,-4,-1,0,0,1,12,9,8,-12,-1,None
0,5,-2,-1,-4,0,-1,-1,-1,1,12,9,8,-12,-1,None
0,5,6,-3,-4,-6,-2,-1,-1,1,12,9,8,-12,-1,None
0,-8,2,-3,8,1,-2,-2,-4,1,12,9,8,-12,-1,None
0,0,-16,-1,-1,-5,-3,1,-2,1,12,9,8,-12,-1,None
0,0,-16,-1,-1,-5,-3,1,-2,1,12,9,8,-12,-1,None
0,0,-16,-1,-1,-5,-3,1,-2,1,12,9,8,-12,-1,None
0,-5,-5,-4,-6,-2,0,-1,-2,1,12,9,8,-12,-1,None
0,0,11,-1,1,4,-3,-1,0,1,12,9,8,-12,-1,None
0,-3,-7,-2,-4,-1,-2,-3,-3,1,12,9,8,-12,-1,None
0,2,11,0,-3,-1,1,-2,0,1,12,9,8,-12,-1,None
0,2,11,0,-3,-1,1,-2,0,1,12,9,8,-12,-1,None
0,2,11,0,-3,-1,1,-2,0,1,12,9,8,-12,-1,None
0,-4,0,-1,7,9,-1,0,-2,1,12,9,8,-12,-1,None
0,-5,-3,-3,-1,4,-2,0,-1,1,12,9,8,-12,-1,None
0,2,0,-1,7,8,1,0,-1,1,12,9,8,-12,-1,None
0,1,6,1,5,-11,-1,1,1,1,12,9,8,-12,-1,None
0,1,6,1,5,-11,-1,1,1,1,12,9,8,-12,-1,None
0,1,6,1,5,-11,-1,1,1,1,12,9,7,-12,-1,None
0,-9,-3,-3,-13,9,-1,-2,-1,1,12,9,7,-12,-1,None
0,3,7,-3,3,-6,-1,-2,-2,1,12,9,7,-12,-1,None
0,-1,-3,-4,0,-9,-2,-3,-2,1,12,9,7,-12,-1,None
0,-2,4,1,-2,-2,-3,-2,-2,1,12,9,7,-12,-1,None
0,-2,4,1,-2,-2,-3,-2,-2,1,12,9,7,-12,-1,None
0,-2,4,1,-2,-2,-3,-2,-2,1,12,9,8,-12,-1,None
0,-7,-2,-1,6,-1,-2,-1,-1,1,12,9,8,-12,-1,None
0,3,4,1,-5,-4,-1,-1,-1,1,12,9,8,-12,-1,None
0,1,1,1,-5,-8,-1,-1,0,1,12,9,8,-12,-1,None
0,-5,-1,-1,2,-3,-2,-2,-1,1,12,9,8,-12,-1,None
0,-5,-1,-1,2,-3,-2,-2,-1,1,12,9,8,-12,-1,None
0,-5,-1,-1,2,-3,-2,-2,-1,1,12,9,8,-12,-1,None
0,4,-1,-4,0,7,-2,-2,-3,1,12,9,8,-12,-1,None
0,-3,-1,-2,-9,2,-5,-4,-2,1,12,9,8,-12,-1,None
0,18,29,-4,-1,5,-1,0,-3,1,12,9,8,-12,-1,None
0,-1,-5,0,3,-4,-2,-2,-1,1,12,9,8,-12,-1,None
0,-1,-5,0,3,-4,-2,-2,-1,1,12,9,8,-12,-1,None
0,-1,-5,0,3,-4,-2,-2,-1,1,12,9,8,-12,-1,None
0,-3,2,-4,14,4,0,-1,0,1,12,9,8,-12,-1,None
0,3,-2,1,2,7,0,-1,-2,1,12,9,8,-12,-1,None
0,-5,-2,-3,-3,-1,-1,-2,-3,1,12,9,8,-12,-1,None
0,-1,6,-3,-6,-3,-1,-3,-1,1,12,9,8,-12,-1,None
0,-1,6,-3,-6,-3,-1,-3,-1,1,12,9,8,-12,-1,None
0,-1,6,-3,-6,-3,-1,-3,-1,1,12,9,8,-12,-1,None
0,0,5,-1,2,-4,-3,-1,-1,1,12,9,8,-12,-1,None
0,6,24,-1,-19,0,0,0,0,1,12,9,8,-12,-1,None
0,-9,-19,2,-11,-15,-2,-3,-4,1,12,9,8,-12,-1,None
0,-1,-2,1,9,13,-2,-1,-3,1,12,9,8,-12,-1,None
0,-1,-2,1,9,13,-2,-1,-3,1,12,9,8,-12,-1,None
0,-1,-2,1,9,13,-2,-1,-3,1,12,9,8,-12,-1,None
0,-5,-7,-11,-10,1,0,-1,-2,1,12,9,8,-12,-1,None
0,-3,0,-3,-3,-5,0,0,-1,1,12,9,8,-12,-1,None
0,-2,0,-2,-1,-7,-2,-1,1,1,12,9,8,-12,-1,None
0,3,-1,-2,2,1,-1,0,-1,1,12,9,8,-12,-1,None
0,3,-1,-2,2,1,-1,0,-1,1,12,9,8,-12,-1,None
0,3,-1,-2,2,1,-1,0,-1,1,12,9,8,-12,-1,None
0,-1,0,3,6,2,-2,-3,-2,1,12,9,8,-12,-1,None
0,-2,-3,-2,1,-2,-2,-2,-1,1,12,9,8,-12,-1,None
0,-1,-2,-3,4,4,0,-2,-2,1,12,9,8,-12,-1,None
0,-6,-2,-4,-6,-2,-1,-1,-3,1,12,9,8,-12,-1,None
0,-6,-2,-4,-6,-2,-1,-1,-3,1,12,9,8,-12,-1,None
0,-6,-2,-4,-6,-2,-1,-1,-3,1,12,9,8,-12,-1,None
0,-2,3,-2,-8,23,3,0,0,1,12,9,8,-12,-1,None
0,-3,-5,6,15,-8,-4,-2,-3,1,12,9,8,-12,-1,None
0,-3,-2,0,12,-10,-4,-3,-1,1,12,9,8,-12,-1,None
0,-1,4,-2,-9,8,2,-1,-2,1,12,9,8,-12,-1,None
0,-1,4,-2,-9,8,2,-1,-2,1,12,9,8,-12,-1,None
0,-1,4,-2,-9,8,2,-1,-2,1,12,9,7,-12,-1,None
0,-2,-3,-1,-7,1,0,0,-2,1,12,9,7,-12,-1,None
0,-1,-3,-3,7,0,1,-1,-2,1,12,9,7,-12,-1,None
0,-1,0,-2,-8,0,0,0,0,1,12,9,7,-12,-1,None
0,-1,2,-2,-4,-11,-3,-1,0,1,12,9,7,-12,-1,None
0,-1,2,-2,-4,-11,-3,-1,0,1,12,9,7,-12,-1,None
0,-1,2,-2,-4,-11,-3,-1,0,1,12,9,8,-12,-1,None
0,0,3,0,11,-12,0,-2,-2,1,12,9,8,-12,-1,None
0,-5,-2,-3,-9,4,-1,-1,-2,1,12,9,8,-12,-1,None
0,-3,-1,-2,-4,1,0,0,-2,1,12,9,8,-12,-1,None
0,-1,1,-2,-3,2,0,-2,-1,1,12,9,8,-12,-1,None
0,-1,1,-2,-3,2,0,-2,-1,1,12,9,8,-12,-1,None
0,-1,1,-2,-3,2,0,-2,-1,1,12,9,8,-12,-1,None
0,-6,-6,1,-7,-2,0,0,-1,1,12,9,8,-12,-1,None
0,-2,18,-10,2,2,-1,-2,-4,1,12,9,8,-12,-1,None
0,23,12,7,5,14,-1,-1,-1,1,12,9,8,-12,-1,None
0,-3,-1,-3,-12,-4,-2,-3,-3,1,12,9,8,-12,-1,None
0,-3,-1,-3,-12,-4,-2,-3,-3,1,12,9,8,-12,-1,None
0,-3,-1,-3,-12,-4,-2,-3,-3,1,12,9,8,-12,-1,None
0,1,-5,0,-6,-7,0,0,0,1,12,9,8,-12,-1,None
0,-2,-5,-1,2,4,-2,-2,0,1,12,9,8,-12,-1,None
0,-8,2,-4,5,-5,0,-1,-1,1,12,9,8,-12,-1,None
0,0,1,-1,3,-2,-1,0,0,1,12,9,8,-12,-1,None
0,0,1,-1,3,-2,-1,0,0,1,12,9,8,-12,-1,None
0,0,1,-1,3,-2,-1,0,0,1,12,9,8,-12,-1,None
0,3,7,0,3,-6,-2,-2,-3,1,12,9,8,-12,-1,None
0,-6,2,-1,-7,0,0,0,-1,1,12,9,8,-12,-1,None
0,-5,-3,-2,-7,4,0,-1,0,1,12,9,8,-12,-1,None
0,2,0,-4,1,2,-1,-2,-1,1,12,9,8,-12,-1,None
0,2,0,-4,1,2,-1,-2,-1,1,12,9,8,-12,-1,None
0,2,0,-4,1,2,-1,-2,-1,1,12,9,7,-12,-1,None
0,-8,-18,-5,-1,-3,-1,-1,-2,1,12,9,7,-12,-1,None
0,1,-1,4,2,-2,-2,-1,0,1,12,9,7,-12,-1,None
0,-7,-9,-7,-30,27,0,-4,-3,1,12,9,7,-12,-1,None
0,-2,-4,-4,-14,2,-2,-4,-2,1,12,9,7,-12,-1,None
0,-2,-4,-4,-14,2,-2,-4,-2,1,12,9,7,-12,-1,None
0,-2,-4,-4,-14,2,-2,-4,-2,1,12,9,8,-12,-1,None
0,6,6,-3,4,-9,-1,-1,0,1,12,9,8,-12,-1,None
0,2,-3,-2,5,-1,-1,-1,0,1,12,9,8,-12,-1,None
0,-4,2,0,-7,-13,-1,0,-1,1,12,9,8,-12,-1,None
0,-7,5,-1,5,-1,0,0,0,1,12,9,8,-12,-1,None
0,-7,5,-1,5,-1,0,0,0,1,12,9,8,-12,-1,None
0,-7,5,-1,5,-1,0,0,0,1,12,9,8,-12,-1,None
0,6,5,-1,-3,7,-2,-2,-5,1,12,9,8,-12,-1,None
