0,0,0,-7,-25,-14,1,23,-2,0,0,0,83,-98,-15,None
0,-4,-1,1,5,48,-43,-45,-8,0,0,0,83,-98,-15,None
0,-2,-2,-8,-29,-58,-37,-39,-5,0,0,0,83,-98,-15,None
0,-2,-2,-8,-29,-58,-37,-39,-5,0,0,0,83,-98,-15,None
0,-2,-2,-8,-29,-58,-37,-39,-5,0,0,0,66,-110,-14,None
0,-2,2,0,-6,11,26,53,5,0,0,0,66,-110,-14,None
0,-1,1,2,6,14,-2,-6,2,0,0,0,66,-110,-14,None
0,1,0,-3,-6,6,20,10,0,0,0,0,66,-110,-14,None
0,-2,1,-4,-7,-22,-37,-20,-6,0,0,0,66,-110,-14,None
0,-2,1,-4,-7,-22,-37,-20,-6,0,0,0,66,-110,-14,None
0,-2,1,-4,-7,-22,-37,-20,-6,0,0,0,54,-123,-13,None
0,-1,-1,-3,4,48,8,-24,-5,0,0,0,54,-123,-13,None
0,-2,-1,3,2,-6,-20,0,-2,0,0,0,54,-123,-13,None
0,-1,1,-4,2,16,32,11,1,0,0,0,54,-123,-13,None
0,-4,-4,-11,-46,-27,-15,-3,-5,0,0,0,54,-123,-13,None
0,-4,-4,-11,-46,-27,-15,-3,-5,0,0,0,54,-123,-13,None
0,-4,-4,-11,-46,-27,-15,-3,-5,0,0,0,39,-125,-11,None
0,-1,1,-1,12,-39,9,-7,0,0,0,0,39,-125,-11,None
0,0,0,-1,9,4,8,-8,1,0,0,0,39,-125,-11,None
0,-1,0,-3,-3,-21,-15,18,-1,0,0,0,39,-125,-11,None
0,-2,-1,3,24,64,-19,-20,-3,0,0,0,39,-125,-11,None
0,-2,-1,3,24,64,-19,-20,-3,0,0,0,39,-125,-11,None
0,-2,-1,3,24,64,-19,-20,-3,0,0,0,23,-124,-9,None
0,-2,0,-5,-14,-5,8,-6,-1,0,0,0,23,-124,-9,None
0,1,2,-1,14,7,24,28,4,0,0,0,23,-124,-9,None
0,0,2,-2,0,-33,-15,-4,2,0,0,0,23,-124,-9,None
0,-1,1,-3,0,33,4,-3,-4,0,0,0,23,-124,-9,None
0,-1,1,-3,0,33,4,-3,-4,0,0,0,23,-124,-9,None
0,-1,1,-3,0,33,4,-3,-4,0,0,0,11,-122,-5,None
0,-3,-1,-3,-11,-4,10,-11,-4,0,0,0,11,-122,-5,None
0,-2,1,-1,-3,6,-14,-10,-5,0,0,0,11,-122,-5,None
0,-2,-1,-2,4,-19,11,12,3,0,0,0,11,-122,-5,None
0,0,1,-1,0,18,2,-1,0,0,0,0,11,-122,-5,None
0,0,1,-1,0,18,2,-1,0,0,0,0,11,-122,-5,None
0,0,1,-1,0,18,2,-1,0,0,0,0,-3,-120,0,None
0,-3,-1,-2,-8,-6,-26,-11,-5,0,0,0,-3,-120,0,None
0,0,2,4,10,15,-4,-6,-1,0,0,0,-3,-120,0,None
0,-2,1,-1,6,-11,10,0,-3,0,0,0,-3,-120,0,None
0,-1,0,2,18,12,18,5,1,0,0,0,-3,-120,0,None
0,-1,0,2,18,12,18,5,1,0,0,0,-3,-120,0,None
0,-1,0,2,18,12,18,5,1,0,0,0,-16,-116,7,None
0,-1,-1,-4,-30,-17,-8,-1,0,0,0,0,-16,-116,7,None
0,-1,3,1,14,-2,-18,-10,-4,0,0,0,-16,-116,7,None
0,1,2,2,7,-17,17,4,2,0,0,0,-16,-116,7,None
0,-2,-3,-9,-47,2,4,5,3,0,0,0,-16,-116,7,None
0,-2,-3,-9,-47,2,4,5,3,0,0,0,-16,-116,7,None
0,-2,-3,-9,-47,2,4,5,3,0,0,0,-25,-108,13,None
0,0,2,4,15,-1,-17,-5,-6,0,0,0,-25,-108,13,None
0,-3,-5,-9,-5,-10,-5,-5,-3,0,0,0,-25,-108,13,None
0,0,2,-1,-4,-25,9,-1,-1,0,0,0,-25,-108,13,None
0,0,-1,1,28,39,7,8,3,0,0,0,-25,-108,13,None
0,0,-1,1,28,39,7,8,3,0,0,0,-25,-108,13,None
0,0,-1,1,28,39,7,8,3,0,0,0,-30,-99,18,None
0,-1,-1,1,-5,6,-27,-12,-5,0,0,0,-30,-99,18,None
0,1,2,-2,6,-8,10,3,1,0,0,0,-30,-99,18,None
0,-3,-3,-2,-4,1,-21,0,-3,0,0,0,-30,-99,18,None
0,0,1,-3,-2,10,32,4,2,0,0,0,-30,-99,18,None
0,0,1,-3,-2,10,32,4,2,0,0,0,-30,-99,18,None
0,0,1,-3,-2,10,32,4,2,0,0,0,-33,-95,18,None
0,-1,2,2,35,38,-7,0,1,0,0,0,-33,-95,18,None
0,-1,1,-6,-30,39,0,-2,-1,0,0,0,-33,-95,18,None
0,-3,-1,-4,-23,-80,-13,-5,-6,0,0,0,-33,-95,18,None
0,-3,1,-3,-16,-29,-9,-5,-2,0,0,0,-33,-95,18,None
0,-3,1,-3,-16,-29,-9,-5,-2,0,0,0,-33,-95,18,None
0,-3,1,-3,-16,-29,-9,-5,-2,0,0,0,-36,-90,16,None
0,-1,-1,-3,15,28,-5,-5,-1,0,0,0,-36,-90,16,None
0,0,3,2,34,2,5,-1,-1,0,0,0,-36,-90,16,None
0,2,2,-7,-34,-20,-5,-1,1,0,0,0,-36,-90,16,None
0,-2,-2,3,12,67,1,-2,-5,0,0,0,-36,-90,16,None
0,-2,-2,3,12,67,1,-2,-5,0,0,0,-36,-90,16,None
0,-2,-2,3,12,67,1,-2,-5,0,0,0,-40,-85,16,None
0,-1,0,-7,-56,-40,10,0,1,0,0,0,-40,-85,16,None
0,-2,-1,-3,19,-30,-12,-1,-2,0,0,0,-40,-85,16,None
0,1,0,-3,31,7,11,-1,4,0,0,0,-40,-85,16,None
0,-1,2,4,25,30,-1,-1,-6,0,0,0,-40,-85,16,None
0,-1,2,4,25,30,-1,-1,-6,0,0,0,-40,-85,16,None
0,-1,2,4,25,30,-1,-1,-6,0,0,0,-45,-81,14,None
0,-4,-5,-13,-22,2,-14,-6,-5,0,0,0,-45,-81,14,None
0,-2,0,-3,-21,-6,3,-1,0,0,0,0,-45,-81,14,None
0,-2,0,-2,12,28,7,0,3,0,0,0,-45,-81,14,None
0,1,2,-3,-12,-9,0,-2,0,0,0,0,-45,-81,14,None
0,1,2,-3,-12,-9,0,-2,0,0,0,0,-45,-81,14,None
0,1,2,-3,-12,-9,0,-2,0,0,0,0,-50,-77,13,None
0,-3,-2,4,78,-16,-12,-6,-6,0,0,0,-50,-77,13,None
0,-4,-4,-10,-70,4,2,0,-3,0,0,0,-50,-77,13,None
0,2,4,4,-29,-10,12,8,2,0,0,0,-50,-77,13,None
0,-3,0,0,48,44,-5,-4,0,0,0,0,-50,-77,13,None
0,-3,0,0,48,44,-5,-4,0,0,0,0,-50,-77,13,None
0,-3,0,0,48,44,-5,-4,0,0,0,0,-53,-80,9,None
0,-3,-1,-2,-38,-20,4,0,-2,0,0,0,-53,-80,9,None
0,0,2,2,42,52,-7,-4,-3,0,0,0,-53,-80,9,None
0,0,1,0,22,-67,3,-1,-1,0,0,0,-53,-80,9,None
0,0,-2,-18,-78,-68,-3,0,1,0,0,0,-53,-80,9,None
0,0,-2,-18,-78,-68,-3,0,1,0,0,0,-53,-80,9,None
0,0,-2,-18,-78,-68,-3,0,1,0,0,0,-57,-78,9,None
0,2,2,-2,6,-8,12,8,5,0,0,0,-57,-78,9,None
0,-3,2,7,42,45,1,-3,-1,0,0,0,-57,-78,9,None
0,1,-5,-4,32,28,-6,-3,-3,0,0,0,-57,-78,9,None
0,-3,-1,1,-30,-40,2,-3,-4,0,0,0,-57,-78,9,None
0,-3,-1,1,-30,-40,2,-3,-4,0,0,0,-57,-78,9,None
0,-3,-1,1,-30,-40,2,-3,-4,0,0,0,-61,-72,6,None
0,2,3,-5,-43,0,-4,-1,1,0,0,0,-61,-72,6,None
0,-1,1,3,39,49,3,-3,-3,0,0,0,-61,-72,6,None
0,-4,-2,-6,-7,27,-4,0,0,0,0,0,-61,-72,6,None
0,2,6,12,62,-6,3,3,1,0,0,0,-61,-72,6,None
0,2,6,12,62,-6,3,3,1,0,0,0,-61,-72,6,None
0,2,6,12,62,-6,3,3,1,0,0,0,-69,-63,4,None
0,-4,-4,-5,-20,25,-9,-5,-5,0,0,0,-69,-63,4,None
0,-1,-1,-4,-26,-78,-1,-6,-4,0,0,0,-69,-63,4,None
0,-2,-1,0,-7,50,3,0,-2,0,0,0,-69,-63,4,None
0,0,2,3,-3,-25,1,0,-1,0,0,0,-69,-63,4,None
0,0,2,3,-3,-25,1,0,-1,0,0,0,-69,-63,4,None
0,0,2,3,-3,-25,1,0,-1,0,0,0,-73,-59,3,None
0,2,32,1,-22,-42,-3,-1,1,0,0,0,-73,-59,3,None
0,-16,-45,-7,-24,11,2,3,-2,0,0,0,-73,-59,3,None
0,-1,3,-1,-27,-26,-5,-7,-3,0,0,0,-73,-59,3,None
0,0,-1,-4,17,23,1,3,1,0,0,0,-73,-59,3,None
0,0,-1,-4,17,23,1,3,1,0,0,0,-73,-59,3,None
0,0,-1,-4,17,23,1,3,1,0,0,0,-68,-61,4,None
0,0,-6,5,59,7,0,-1,-2,0,0,0,-68,-61,4,None
0,2,16,-10,-63,-54,1,-1,-1,0,0,0,-68,-61,4,None
0,-5,3,3,58,43,-9,-7,-4,0,0,0,-68,-61,4,None
0,-5,-10,-3,1,-29,-22,-7,-3,0,0,0,-68,-61,4,None
0,-5,-10,-3,1,-29,-22,-7,-3,0,0,0,-68,-61,4,None
0,-5,-10,-3,1,-29,-22,-7,-3,0,0,0,-65,-59,3,None
0,15,11,3,11,-1,59,12,9,0,0,0,-65,-59,3,None
0,27,9,9,26,-14,-68,-19,22,0,0,0,-65,-59,3,None
0,16,2,-3,-26,121,-96,-8,52,0,0,0,-65,-59,3,None
0,-7,1,9,-13,-51,13,17,66,0,0,0,-65,-59,3,None
0,-7,1,9,-13,-51,13,17,66,0,0,0,-65,-59,3,None
0,-7,1,9,-13,-51,13,17,66,0,0,0,-66,-48,6,None
0,-10,14,36,45,-25,-43,29,43,0,0,0,-66,-48,6,None
0,105,1,-54,-94,12,61,6,89,0,0,0,-66,-48,6,None
0,-83,-68,-9,-19,63,-84,-68,-106,0,0,0,-66,-48,6,None
0,-32,-51,-76,80,-39,28,-29,-71,0,0,0,-66,-48,6,None
0,-32,-51,-76,80,-39,28,-29,-71,0,0,0,-66,-48,6,None
0,-32,-51,-76,80,-39,28,-29,-71,0,0,0,-80,-42,-5,None
0,53,15,-9,-3,37,-84,-80,-128,0,0,0,-80,-42,-5,None
0,27,-12,54,61,72,-84,-13,65,0,0,0,-80,-42,-5,None
0,48,67,7,80,-128,127,47,116,0,0,0,-80,-42,-5,None
0,10,70,-39,-71,127,-19,-11,-41,0,0,0,-80,-42,-5,None
0,10,70,-39,-71,127,-19,-11,-41,0,0,0,-80,-42,-5,None
0,10,70,-39,-71,127,-19,-11,-41,0,0,0,-93,-28,4,None
0,60,-117,-21,-30,-36,-72,-10,-87,0,0,0,-93,-28,4,None
0,-64,21,-16,-12,-40,37,29,7,0,0,0,-93,-28,4,None
0,32,-5,26,-14,24,-89,-12,1,0,0,0,-93,-28,4,None
0,4,14,29,-5,-12,1,25,65,0,0,0,-93,-28,4,None
0,4,14,29,-5,-12,1,25,65,0,0,0,-93,-28,4,None
0,4,14,29,-5,-12,1,25,65,0,0,0,-46,-42,-14,None
0,-38,30,6,20,-6,-5,9,57,0,0,0,-46,-42,-14,None
0,-23,4,7,-19,-27,-21,0,-46,0,0,0,-46,-42,-14,None
0,-23,-12,-6,-18,-12,30,23,17,0,0,0,-46,-42,-14,None
0,11,5,19,-8,-61,-3,-4,-2,0,0,0,-46,-42,-14,None
0,11,5,19,-8,-61,-3,-4,-2,0,0,0,-46,-42,-14,None
0,11,5,19,-8,-61,-3,-4,-2,0,0,0,-39,-48,11,None
0,-12,7,-16,-16,28,42,13,9,0,0,0,-39,-48,11,None
0,-34,-13,2,17,-19,10,-4,-19,0,0,0,-39,-48,11,None
0,3,10,-12,-3,-14,42,5,-22,0,0,0,-39,-48,11,None
0,4,-20,3,-12,20,-17,-8,-19,0,0,0,-39,-48,11,None
0,4,-20,3,-12,20,-17,-8,-19,0,0,0,-39,-48,11,None
0,4,-20,3,-12,20,-17,-8,-19,0,0,0,-48,-34,8,None
0,6,66,9,44,22,10,-5,24,0,0,0,-48,-34,8,None
0,-35,-25,4,22,17,15,4,-22,0,0,0,-48,-34,8,None
0,15,-8,-2,7,-29,-6,-6,-13,0,0,0,-48,-34,8,None
0,-7,3,1,-5,32,-25,-30,-9,0,0,0,-48,-34,8,None
0,-7,3,1,-5,32,-25,-30,-9,0,0,0,-48,-34,8,None
0,-7,3,1,-5,32,-25,-30,-9,0,0,0,-84,-42,-2,None
0,-13,20,-18,-121,11,17,37,4,0,0,0,-84,-42,-2,None
0,10,85,20,94,-83,-7,-20,-18,0,0,0,-84,-42,-2,None
0,-14,-1,-6,29,54,16,5,-36,0,0,0,-84,-42,-2,None
0,-8,-32,-9,-32,-78,-13,-15,-23,0,0,0,-84,-42,-2,None
0,-8,-32,-9,-32,-78,-13,-15,-23,0,0,0,-84,-42,-2,None
0,-8,-32,-9,-32,-78,-13,-15,-23,0,0,0,-87,-44,13,None
0,-10,4,6,94,47,23,16,37,0,0,0,-87,-44,13,None
0,-42,36,-19,-74,62,-10,21,13,0,0,0,-87,-44,13,None
0,-21,-86,15,16,-51,-8,-19,-26,0,0,0,-87,-44,13,None
0,66,61,3,-73,-114,-5,-13,25,0,0,0,-87,-44,13,None
0,66,61,3,-73,-114,-5,-13,25,0,0,0,-87,-44,13,None
0,66,61,3,-73,-114,-5,-13,25,0,0,0,-78,-18,13,None
0,-19,27,-10,20,36,-12,-27,-25,0,0,0,-78,-18,13,None
0,-15,-2,-10,-76,-77,2,16,-25,0,0,0,-78,-18,13,None
0,24,25,-9,16,99,13,8,27,0,0,0,-78,-18,13,None
0,28,0,-8,-76,14,-9,4,10,0,0,0,-78,-18,13,None
0,28,0,-8,-76,14,-9,4,10,0,0,0,-78,-18,13,None
0,28,0,-8,-76,14,-9,4,10,0,0,0,-69,-9,14,None
0,-13,-55,6,29,10,13,-9,3,0,0,0,-69,-9,14,None
0,26,2,-18,-50,-12,-1,1,11,0,0,0,-69,-9,14,None
0,-30,-45,-15,-13,-6,14,4,-10,0,0,0,-69,-9,14,None
0,2,-24,3,-4,-7,-4,6,0,0,0,0,-69,-9,14,None
0,2,-24,3,-4,-7,-4,6,0,0,0,0,-69,-9,14,None
0,2,-24,3,-4,-7,-4,6,0,0,0,0,-85,-24,14,None
0,-14,1,5,-67,74,8,4,3,0,0,0,-85,-24,14,None
0,9,1,-6,45,-35,-2,-8,-8,0,0,0,-85,-24,14,None
0,22,31,-3,14,-10,0,4,8,0,0,0,-85,-24,14,None
0,-22,25,4,6,-3,-7,9,-2,0,0,0,-85,-24,14,None
0,-22,25,4,6,-3,-7,9,-2,0,0,0,-85,-24,14,None
0,-22,25,4,6,-3,-7,9,-2,0,0,0,-96,-35,19,None
0,-8,-23,-2,9,20,-4,-3,17,0,0,0,-96,-35,19,None
0,0,-21,3,39,62,9,-6,-11,0,0,0,-96,-35,19,None
0,6,25,-12,-106,-45,-9,-4,-4,0,0,0,-96,-35,19,None
0,-12,-11,16,72,8,2,10,7,0,0,0,-96,-35,19,None
0,-12,-11,16,72,8,2,10,7,0,0,0,-96,-35,19,None
0,-12,-11,16,72,8,2,10,7,0,0,0,-94,-22,21,None
0,-6,13,-2,-12,-38,5,-3,7,0,0,0,-94,-22,21,None
0,12,-15,0,-28,-9,-28,-13,-18,0,0,0,-94,-22,21,None
0,-5,22,5,24,-4,21,8,2,0,0,0,-94,-22,21,None
0,-11,-1,5,19,56,-31,0,-1,0,0,0,-94,-22,21,None
0,-11,-1,5,19,56,-31,0,-1,0,0,0,-94,-22,21,None
0,-11,-1,5,19,56,-31,0,-1,0,0,0,-103,-27,14,None
0,4,-10,-2,-11,-67,-17,-6,13,0,0,0,-103,-27,14,None
0,2,-3,-4,27,5,46,20,65,0,0,0,-103,-27,14,None
0,-46,14,7,-41,-50,55,5,-42,0,0,0,-103,-27,14,None
0,39,15,23,60,61,37,23,69,0,0,0,-103,-27,14,None
0,39,15,23,60,61,37,23,69,0,0,0,-103,-27,14,None
0,39,15,23,60,61,37,23,69,0,0,0,-101,-27,19,None
0,15,-10,16,-33,-37,-108,-25,64,0,0,0,-101,-27,19,None
0,77,-18,-50,1,30,4,2,23,0,0,0,-101,-27,19,None
0,69,16,-10,-21,23,54,-25,-65,0,0,0,-101,-27,19,None
0,12,48,73,96,36,-46,2,75,0,0,0,-101,-27,19,None
0,12,48,73,96,36,-46,2,75,0,0,0,-101,-27,19,None
0,12,48,73,96,36,-46,2,75,0,0,0,-118,-24,10,None
0,-105,-48,-19,-91,92,38,-18,-119,0,0,0,-118,-24,10,None
0,19,23,74,114,-51,-89,-27,122,0,0,0,-118,-24,10,None
0,33,-48,-4,9,27,48,10,72,0,0,0,-118,-24,10,None
0,30,19,-53,-9,-23,-114,-10,79,0,0,0,-118,-24,10,None
0,30,19,-53,-9,-23,-114,-10,79,0,0,0,-118,-24,10,None
0,30,19,-53,-9,-23,-114,-10,79,0,0,0,-115,-12,15,None
0,50,42,9,7,-116,41,105,127,0,0,0,-115,-12,15,None
0,-31,-41,-4,-17,40,-81,-30,-103,0,0,0,-115,-12,15,None
0,-115,15,-15,-30,120,38,20,-53,0,0,0,-115,-12,15,None
0,49,-46,-64,-29,-12,-26,-22,-116,0,0,0,-115,-12,15,None
0,49,-46,-64,-29,-12,-26,-22,-116,0,0,0,-115,-12,15,None
0,49,-46,-64,-29,-12,-26,-22,-116,0,0,0,-81,-20,9,None
0,127,20,-19,33,-40,-91,-11,63,0,0,0,-81,-20,9,None
0,-114,-13,-11,-30,-36,95,58,45,0,0,0,-81,-20,9,None
0,106,18,3,0,-128,17,3,33,0,0,0,-81,-20,9,None
0,-5,-8,11,-6,61,20,8,68,0,0,0,-81,-20,9,None
0,-5,-8,11,-6,61,20,8,68,0,0,0,-81,-20,9,None
0,-5,-8,11,-6,61,20,8,68,0,0,0,-35,-73,-15,None
0,-7,8,3,4,-19,34,-21,-74,0,0,0,-35,-73,-15,None
0,-16,1,20,19,41,-28,-27,-63,0,0,0,-35,-73,-15,None
0,-83,7,12,2,19,-61,-1,25,0,0,0,-35,-73,-15,None
0,-9,-14,-9,-26,-95,105,15,-45,0,0,0,-35,-73,-15,None
0,-9,-14,-9,-26,-95,105,15,-45,0,0,0,-35,-73,-15,None
0,-9,-14,-9,-26,-95,105,15,-45,0,0,0,-68,-53,12,None
0,-47,-5,1,17,58,-5,-19,-37,0,0,0,-68,-53,12,None
0,1,16,25,2,-5,27,12,5,0,0,0,-68,-53,12,None
0,34,8,-4,19,-20,-57,1,24,0,0,0,-68,-53,12,None
0,-31,-9,0,-6,-4,-28,-17,-66,0,0,0,-68,-53,12,None
0,-31,-9,0,-6,-4,-28,-17,-66,0,0,0,-68,-53,12,None
0,-31,-9,0,-6,-4,-28,-17,-66,0,0,0,-108,-44,8,None
0,-14,-2,-9,11,48,1,0,8,0,0,0,-108,-44,8,None
0,32,-6,-23,-21,14,3,-18,-33,0,0,0,-108,-44,8,None
0,3,3,-2,8,3,-43,-7,-10,0,0,0,-108,-44,8,None
0,-18,-3,-2,0,20,3,-1,0,0,0,0,-108,-44,8,None
0,-18,-3,-2,0,20,3,-1,0,0,0,0,-108,-44,8,None
0,-18,-3,-2,0,20,3,-1,0,0,0,0,-81,-33,13,None
0,-22,-6,8,15,-6,-3,-9,-9,0,0,0,-81,-33,13,None
0,2,4,-15,0,5,10,1,-11,0,0,0,-81,-33,13,None
0,12,3,-2,11,53,-41,-10,9,0,0,0,-81,-33,13,None
0,-39,-8,15,-39,-73,-5,1,1,0,0,0,-81,-33,13,None
0,-39,-8,15,-39,-73,-5,1,1,0,0,0,-81,-33,13,None
0,-39,-8,15,-39,-73,-5,1,1,0,0,0,-87,-14,11,None
0,4,20,1,0,11,23,3,2,0,0,0,-87,-14,11,None
0,9,-31,-9,8,10,-13,-10,-25,0,0,0,-87,-14,11,None
0,-11,-7,0,-23,-32,-32,-5,22,0,0,0,-87,-14,11,None
0,42,-5,4,31,46,5,-11,-22,0,0,0,-87,-14,11,None
0,42,-5,4,31,46,5,-11,-22,0,0,0,-87,-14,11,None
0,42,-5,4,31,46,5,-11,-22,0,0,0,-91,-20,12,None
0,-80,0,-8,35,-14,2,4,-19,0,0,0,-91,-20,12,None
0,22,36,-8,-11,-15,0,-11,18,0,0,0,-91,-20,12,None
0,30,55,9,41,5,-26,1,11,0,0,0,-91,-20,12,None
0,-20,-48,-7,-15,81,23,22,-7,0,0,0,-91,-20,12,None
0,-20,-48,-7,-15,81,23,22,-7,0,0,0,-91,-20,12,None
0,-20,-48,-7,-15,81,23,22,-7,0,0,0,-83,-34,15,None
0,24,29,1,63,-12,-3,3,-25,0,0,0,-83,-34,15,None
0,-13,30,-3,-10,-43,-9,12,17,0,0,0,-83,-34,15,None
0,-27,12,-2,-3,7,-15,-9,7,0,0,0,-83,-34,15,None
0,-10,9,-4,-16,-29,-6,-8,-10,0,0,0,-83,-34,15,None
0,-10,9,-4,-16,-29,-6,-8,-10,0,0,0,-83,-34,15,None
0,-10,9,-4,-16,-29,-6,-8,-10,0,0,0,-74,-42,20,None
0,30,-16,-3,8,12,3,-14,16,0,0,0,-74,-42,20,None
0,-15,-22,-10,-21,9,-5,-3,-16,0,0,0,-74,-42,20,None
0,0,7,-3,0,15,-7,-6,-7,0,0,0,-74,-42,20,None
0,-5,17,1,20,1,1,-10,6,0,0,0,-74,-42,20,None
0,-5,17,1,20,1,1,-10,6,0,0,0,-74,-42,20,None
0,-5,17,1,20,1,1,-10,6,0,0,0,-69,-37,21,None
0,-20,-24,-5,-39,-32,-3,2,18,0,0,0,-69,-37,21,None
0,28,-5,-3,7,35,4,-3,-17,0,0,0,-69,-37,21,None
0,-11,33,2,-56,-3,-11,3,-1,0,0,0,-69,-37,21,None
0,0,-27,-4,-2,-47,-13,-20,-20,0,0,0,-69,-37,21,None
0,0,-27,-4,-2,-47,-13,-20,-20,0,0,0,-69,-37,21,None
0,0,-27,-4,-2,-47,-13,-20,-20,0,0,0,-74,-30,14,None
0,2,-40,-2,-19,29,6,12,26,0,0,0,-74,-30,14,None
0,-8,1,-4,5,9,-3,-13,-27,0,0,0,-74,-30,14,None
0,21,-14,-1,19,13,-6,20,26,0,0,0,-74,-30,14,None
0,-22,-14,-2,-2,-10,-5,-17,-41,0,0,0,-74,-30,14,None
0,-22,-14,-2,-2,-10,-5,-17,-41,0,0,0,-74,-30,14,None
0,-22,-14,-2,-2,-10,-5,-17,-41,0,0,0,-73,-37,12,None
0,6,8,-12,-23,-15,0,10,44,0,0,0,-73,-37,12,None
0,6,9,-3,-6,-14,-1,-7,-10,0,0,0,-73,-37,12,None
0,-13,-20,-3,17,19,-8,-23,-3,0,0,0,-73,-37,12,None
0,-15,38,1,-13,-17,-2,13,11,0,0,0,-73,-37,12,None
0,-15,38,1,-13,-17,-2,13,11,0,0,0,-73,-37,12,None
0,-15,38,1,-13,-17,-2,13,11,0,0,0,-72,-42,19,None
0,2,-16,0,4,6,3,-21,18,0,0,0,-72,-42,19,None
0,7,-3,0,-1,2,0,14,-18,0,0,0,-72,-42,19,None
0,11,35,1,6,-17,-7,-10,-5,0,0,0,-72,-42,19,None
0,-3,-77,-4,16,19,-4,-3,5,0,0,0,-72,-42,19,None
0,-3,-77,-4,16,19,-4,-3,5,0,0,0,-72,-42,19,None
0,-3,-77,-4,16,19,-4,-3,5,0,0,0,-72,-44,15,None
0,-5,25,0,11,3,1,1,-8,0,0,0,-72,-44,15,None
0,5,-2,-1,-8,-3,-2,-9,4,0,0,0,-72,-44,15,None
0,-6,-19,-3,-13,-14,-3,10,-6,0,0,0,-72,-44,15,None
0,0,35,2,15,13,-1,2,8,0,0,0,-72,-44,15,None
0,0,35,2,15,13,-1,2,8,0,0,0,-72,-44,15,None
0,0,35,2,15,13,-1,2,8,0,0,0,-68,-51,12,None
0,8,8,-2,-11,-10,-5,-14,-31,0,0,0,-68,-51,12,None
0,-4,-15,-1,0,12,5,0,4,0,0,0,-68,-51,12,None
0,0,-3,1,13,-9,-5,-4,-2,0,0,0,-68,-51,12,None
0,-12,15,3,-3,14,3,7,11,0,0,0,-68,-51,12,None
0,-12,15,3,-3,14,3,7,11,0,0,0,-68,-51,12,None
0,-12,15,3,-3,14,3,7,11,0,0,0,-62,-58,9,None
0,0,9,-3,-4,-16,-5,-5,-22,0,0,0,-62,-58,9,None
0,-7,1,0,-7,6,-3,-8,-10,0,0,0,-62,-58,9,None
0,1,-5,-5,4,1,-1,0,12,0,0,0,-62,-58,9,None
0,-3,12,7,6,8,3,6,13,0,0,0,-62,-58,9,None
0,-3,12,7,6,8,3,6,13,0,0,0,-62,-58,9,None
0,-3,12,7,6,8,3,6,13,0,0,0,-58,-60,11,None
0,-4,2,-4,-11,-7,-1,-4,-21,0,0,0,-58,-60,11,None
0,3,8,-1,0,0,-2,-2,10,0,0,0,-58,-60,11,None
0,2,-18,-6,3,0,-2,-5,-12,0,0,0,-58,-60,11,None
0,-10,8,-1,-7,-7,-2,1,1,0,0,0,-58,-60,11,None
0,-10,8,-1,-7,-7,-2,1,1,0,0,0,-58,-60,11,None
0,-10,8,-1,-7,-7,-2,1,1,0,0,0,-59,-62,19,None
0,5,2,2,4,6,1,1,-9,0,0,0,-59,-62,19,None
0,-7,0,0,0,5,0,-1,5,0,0,0,-59,-62,19,None
0,-3,-5,-4,21,2,2,1,-3,0,0,0,-59,-62,19,None
0,-3,11,-2,-13,2,-2,1,0,0,0,0,-59,-62,19,None
0,-3,11,-2,-13,2,-2,1,0,0,0,0,-59,-62,19,None
0,-3,11,-2,-13,2,-2,1,0,0,0,0,-54,-69,16,None
0,-1,0,-2,1,2,2,-2,-4,0,0,0,-54,-69,16,None
0,0,3,-4,-6,-3,-1,1,1,0,0,0,-54,-69,16,None
0,-3,-2,-2,-7,-3,-4,-4,-5,0,0,0,-54,-69,16,None
0,-1,5,-1,-3,1,1,3,0,0,0,0,-54,-69,16,None
0,-1,5,-1,-3,1,1,3,0,0,0,0,-54,-69,16,None
0,-1,5,-1,-3,1,1,3,0,0,0,0,-48,-77,16,None
0,1,-4,1,-7,-11,-3,-4,-9,0,0,0,-48,-77,16,None
0,-4,2,5,21,17,3,1,3,0,0,0,-48,-77,16,None
0,1,-4,1,16,4,1,-2,-2,0,0,0,-48,-77,16,None
0,-3,2,-5,-46,-16,1,-1,1,0,0,0,-48,-77,16,None
0,-3,2,-5,-46,-16,1,-1,1,0,0,0,-48,-77,16,None
0,-3,2,-5,-46,-16,1,-1,1,0,0,0,-41,-83,19,None
0,-2,-1,-3,-6,-2,-8,-3,-7,0,0,0,-41,-83,19,None
0,-1,2,-2,9,-4,-2,1,0,0,0,0,-41,-83,19,None
0,-1,-2,-2,-23,-8,-4,-4,-3,0,0,0,-41,-83,19,None
0,-2,0,-5,38,11,5,3,1,0,0,0,-41,-83,19,None
0,-2,0,-5,38,11,5,3,1,0,0,0,-41,-83,19,None
0,-2,0,-5,38,11,5,3,1,0,0,0,-40,-84,16,None
0,-1,2,1,-12,-3,-1,-2,-5,0,0,0,-40,-84,16,None
0,-1,1,-2,-5,-4,-4,-3,-2,0,0,0,-40,-84,16,None
0,-1,-4,-5,3,3,2,1,-1,0,0,0,-40,-84,16,None
0,-2,5,-1,6,8,2,-2,-3,0,0,0,-40,-84,16,None
0,-2,5,-1,6,8,2,-2,-3,0,0,0,-40,-84,16,None
0,-2,5,-1,6,8,2,-2,-3,0,0,0,-39,-83,10,None
0,-1,0,-5,-11,-2,3,2,-2,0,0,0,-39,-83,10,None
0,-3,0,-4,23,3,-4,-4,0,0,0,0,-39,-83,10,None
0,0,-1,1,24,3,1,0,-1,0,0,0,-39,-83,10,None
0,-2,2,-6,15,4,-6,-3,-3,0,0,0,-39,-83,10,None
0,-2,2,-6,15,4,-6,-3,-3,0,0,0,-39,-83,10,None
0,-2,2,-6,15,4,-6,-3,-3,0,0,0,-30,-91,18,None
0,-2,-4,-8,-30,-3,-2,-3,-4,0,0,0,-30,-91,18,None
0,0,1,0,-17,-10,4,2,2,0,0,0,-30,-91,18,None
0,-1,-2,-8,-24,15,-1,-3,-2,0,0,0,-30,-91,18,None
0,-1,1,3,20,-9,-3,0,-1,0,0,0,-30,-91,18,None
0,-1,1,3,20,-9,-3,0,-1,0,0,0,-30,-91,18,None
0,-1,1,3,20,-9,-3,0,-1,0,0,0,-24,-101,19,None
0,1,0,-2,98,27,-2,-3,-4,0,0,0,-24,-101,19,None
0,-4,-2,-6,-3,-15,-6,0,-1,0,0,0,-24,-101,19,None
0,-1,0,-8,-65,-28,-7,-4,-1,0,0,0,-24,-101,19,None
0,-3,-3,3,-38,0,6,-1,-2,0,0,0,-24,-101,19,None
0,-3,-3,3,-38,0,6,-1,-2,0,0,0,-24,-101,19,None
0,-3,-3,3,-38,0,6,-1,-2,0,0,0,-19,-96,18,None
0,0,1,-11,20,11,-2,-3,0,0,0,0,-19,-96,18,None
0,-1,2,3,-35,-11,6,0,-2,0,0,0,-19,-96,18,None
0,-1,1,8,52,14,-3,-1,-2,0,0,0,-19,-96,18,None
0,0,2,-4,-9,-1,1,3,0,0,0,0,-19,-96,18,None
0,0,2,-4,-9,-1,1,3,0,0,0,0,-19,-96,18,None
0,0,2,-4,-9,-1,1,3,0,0,0,0,-8,-87,15,None
0,-1,2,11,43,34,0,-5,-3,0,0,0,-8,-87,15,None
0,0,0,-5,-20,-21,-5,-1,-2,0,0,0,-8,-87,15,None
0,-3,0,-7,-22,1,-3,-2,-3,0,0,0,-8,-87,15,None
0,0,5,33,47,3,3,-3,1,0,0,0,-8,-87,15,None
0,0,5,33,47,3,3,-3,1,0,0,0,-8,-87,15,None
0,0,5,33,47,3,3,-3,1,0,0,0,2,-102,17,None
0,0,-1,-36,-72,-2,2,3,0,0,0,0,2,-102,17,None
0,-3,-2,4,12,31,5,-3,0,0,0,0,2,-102,17,None
0,-2,-3,-4,6,20,-2,-5,-5,0,0,0,2,-102,17,None
0,0,-2,7,-80,-47,-8,0,-1,0,0,0,2,-102,17,None
0,0,-2,7,-80,-47,-8,0,-1,0,0,0,2,-102,17,None
0,0,-2,7,-80,-47,-8,0,-1,0,0,0,9,-108,15,None
0,0,2,-20,-29,-14,3,-2,-2,0,0,0,9,-108,15,None
0,0,4,12,-3,11,-7,-1,-2,0,0,0,9,-108,15,None
0,0,1,10,59,25,2,2,1,0,0,0,9,-108,15,None
0,-3,0,-17,-25,-28,-4,-7,-4,0,0,0,9,-108,15,None
0,-3,0,-17,-25,-28,-4,-7,-4,0,0,0,9,-108,15,None
0,-3,0,-17,-25,-28,-4,-7,-4,0,0,0,13,-104,6,None
0,-1,3,30,30,45,1,2,-1,0,0,0,13,-104,6,None
0,-1,-1,-14,18,-11,-1,-2,0,0,0,0,13,-104,6,None
0,-2,-1,7,-54,-32,-7,-1,-2,0,0,0,13,-104,6,None
0,-3,-5,-20,-10,39,5,-1,-2,0,0,0,13,-104,6,None
0,-3,-5,-20,-10,39,5,-1,-2,0,0,0,13,-104,6,None
0,-3,-5,-20,-10,39,5,-1,-2,0,0,0,17,-110,5,None
0,1,6,9,54,-38,-2,1,-2,0,0,0,17,-110,5,None
0,0,3,1,-5,32,4,1,0,0,0,0,17,-110,5,None
0,-4,-3,-11,-30,-34,-11,-5,-2,0,0,0,17,-110,5,None
0,0,1,-11,43,-7,-9,-5,-2,0,0,0,17,-110,5,None
0,0,1,-11,43,-7,-9,-5,-2,0,0,0,17,-110,5,None
0,0,1,-11,43,-7,-9,-5,-2,0,0,0,33,-121,3,None
0,-1,1,25,-24,-8,-7,3,-1,0,0,0,33,-121,3,None
0,2,3,-12,5,16,29,4,3,0,0,0,33,-121,3,None
0,-3,-5,-42,-31,60,7,1,-4,0,0,0,33,-121,3,None
0,0,3,-4,-22,-27,0,-1,2,0,0,0,33,-121,3,None
0,0,3,-4,-22,-27,0,-1,2,0,0,0,33,-121,3,None
0,0,3,-4,-22,-27,0,-1,2,0,0,0,34,-122,0,None
0,-1,-1,-15,13,67,-6,0,0,0,0,0,34,-122,0,None
0,-1,1,6,-45,-8,-15,-3,-2,0,0,0,34,-122,0,None
0,-1,-2,5,-15,-48,-3,-5,-3,0,0,0,34,-122,0,None
0,0,3,18,31,-31,1,2,-3,0,0,0,34,-122,0,None
0,0,3,18,31,-31,1,2,-3,0,0,0,34,-122,0,None
0,0,3,18,31,-31,1,2,-3,0,0,0,33,-111,1,None
0,2,0,-10,-27,2,5,-2,0,0,0,0,33,-111,1,None
0,-1,0,-4,-11,24,-5,-2,-2,0,0,0,33,-111,1,None
0,-1,1,2,42,5,2,-1,-1,0,0,0,33,-111,1,None
0,0,2,7,41,46,4,0,0,0,0,0,33,-111,1,None
0,0,2,7,41,46,4,0,0,0,0,0,33,-111,1,None
0,0,2,7,41,46,4,0,0,0,0,0,44,-112,1,None
0,-1,1,4,-16,-10,2,-3,-2,0,0,0,44,-112,1,None
0,-3,-1,-1,-22,38,1,2,-1,0,0,0,44,-112,1,None
0,1,2,13,45,-29,-2,0,-1,0,0,0,44,-112,1,None
0,-1,0,-12,-33,-1,-8,-3,0,0,0,0,44,-112,1,None
0,-1,0,-12,-33,-1,-8,-3,0,0,0,0,44,-112,1,None
0,-1,0,-12,-33,-1,-8,-3,0,0,0,0,59,-105,4,None
0,-6,-5,13,15,35,4,-3,-4,0,0,0,59,-105,4,None
0,2,25,-16,-8,-40,-7,-1,-1,0,0,0,59,-105,4,None
0,9,-5,5,0,-6,-2,0,1,0,0,0,59,-105,4,None
0,-11,-12,3,29,59,-4,-4,-6,0,0,0,59,-105,4,None
0,-11,-12,3,29,59,-4,-4,-6,0,0,0,59,-105,4,None
0,-11,-12,3,29,59,-4,-4,-6,0,0,0,54,-104,4,None
0,1,-8,-12,-57,-90,-3,-1,0,0,0,0,54,-104,4,None
0,-3,9,16,-4,-2,0,-1,-1,0,0,0,54,-104,4,None
0,-7,-5,-2,45,-9,-1,-1,-1,0,0,0,54,-104,4,None
0,2,10,0,35,27,2,1,0,0,0,0,54,-104,4,None
0,2,10,0,35,27,2,1,0,0,0,0,54,-104,4,None
0,2,10,0,35,27,2,1,0,0,0,0,63,-103,0,None
0,-3,-5,-11,-27,-6,-5,-5,-3,0,0,0,63,-103,0,None
0,0,19,-5,32,-6,-4,-1,-2,0,0,0,63,-103,0,None
0,0,15,-1,-4,27,3,-1,-1,0,0,0,63,-103,0,None
0,0,-1,-8,-8,7,-1,-1,-1,0,0,0,63,-103,0,None
0,0,-1,-8,-8,7,-1,-1,-1,0,0,0,63,-103,0,None
0,0,-1,-8,-8,7,-1,-1,-1,0,0,0,57,-98,-4,None
0,-8,-10,-10,-1,-11,-3,-2,-2,0,0,0,57,-98,-4,None
0,4,3,-6,30,-11,0,-1,-2,0,0,0,57,-98,-4,None
0,-4,-20,-5,-36,-1,-2,-2,-1,0,0,0,57,-98,-4,None
0,1,-1,-11,4,23,-1,0,-1,0,0,0,57,-98,-4,None
0,1,-1,-11,4,23,-1,0,-1,0,0,0,57,-98,-4,None
0,1,-1,-11,4,23,-1,0,-1,0,0,0,65,-97,-3,None
0,0,18,1,7,-53,-5,-3,-2,0,0,0,65,-97,-3,None
0,-2,-16,0,29,9,-3,-3,-4,0,0,0,65,-97,-3,None
0,0,2,-1,-8,-53,2,-1,-1,0,0,0,65,-97,-3,None
0,-2,-2,-5,7,41,1,-2,-2,0,0,0,65,-97,-3,None
0,-2,-2,-5,7,41,1,-2,-2,0,0,0,65,-97,-3,None
0,-2,-2,-5,7,41,1,-2,-2,0,0,0,74,-96,-3,None
0,0,25,-2,7,5,1,-2,-2,0,0,0,74,-96,-3,None
0,-9,-42,-5,0,-14,-5,-2,-1,0,0,0,74,-96,-3,None
0,0,-8,-4,-1,23,-2,-1,-2,0,0,0,74,-96,-3,None
0,-1,9,-8,-15,-46,-1,0,-2,0,0,0,74,-96,-3,None
0,-1,9,-8,-15,-46,-1,0,-2,0,0,0,74,-96,-3,None
0,-1,9,-8,-15,-46,-1,0,-2,0,0,0,71,-94,0,None
0,0,-2,11,15,-3,-1,-1,-1,0,0,0,71,-94,0,None
0,-1,-3,-9,-8,-29,-4,-2,-2,0,0,0,71,-94,0,None
0,3,36,1,11,25,5,0,0,0,0,0,71,-94,0,None
0,0,-10,-1,8,-13,-1,-1,-1,0,0,0,71,-94,0,None
0,0,-10,-1,8,-13,-1,-1,-1,0,0,0,71,-94,0,None
0,0,-10,-1,8,-13,-1,-1,-1,0,0,0,71,-82,0,None
0,-2,-4,1,23,23,-1,0,-2,0,0,0,71,-82,0,None
0,5,2,-2,-7,-1,-4,-2,-1,0,0,0,71,-82,0,None
0,-4,1,-1,8,0,-2,-4,-3,0,0,0,71,-82,0,None
0,0,7,-3,-11,4,-2,-1,-1,0,0,0,71,-82,0,None
0,0,7,-3,-11,4,-2,-1,-1,0,0,0,71,-82,0,None
0,0,7,-3,-11,4,-2,-1,-1,0,0,0,65,-73,1,None
0,-1,-6,-2,-7,-14,-1,0,-2,0,0,0,65,-73,1,None
0,-4,5,-4,17,12,-4,-2,-2,0,0,0,65,-73,1,None
0,-1,0,1,3,3,4,0,-1,0,0,0,65,-73,1,None
0,-3,8,0,5,24,-4,-6,-5,0,0,0,65,-73,1,None
0,-3,8,0,5,24,-4,-6,-5,0,0,0,65,-73,1,None
0,-3,8,0,5,24,-4,-6,-5,0,0,0,61,-74,1,None
0,-1,-24,-5,-15,-7,-1,-2,0,0,0,0,61,-74,1,None
0,-2,-1,0,-11,-2,-1,-1,-1,0,0,0,61,-74,1,None
0,-1,-1,1,20,21,2,0,0,0,0,0,61,-74,1,None
0,-2,1,-2,-4,-15,-1,1,-1,0,0,0,61,-74,1,None
0,-2,1,-2,-4,-15,-1,1,-1,0,0,0,61,-74,1,None
0,-2,1,-2,-4,-15,-1,1,-1,0,0,0,62,-79,0,None
0,4,22,-2,-32,-36,-2,0,1,0,0,0,62,-79,0,None
0,-3,-11,0,29,69,2,-2,-4,0,0,0,62,-79,0,None
0,0,11,-2,-12,-9,1,1,-1,0,0,0,62,-79,0,None
0,0,-4,-4,-10,-8,-3,-1,-2,0,0,0,62,-79,0,None
0,0,-4,-4,-10,-8,-3,-1,-2,0,0,0,62,-79,0,None
0,0,-4,-4,-10,-8,-3,-1,-2,0,0,0,57,-84,-2,None
0,-1,9,0,-1,-15,-2,-4,-1,0,0,0,57,-84,-2,None
0,0,-9,1,-3,-4,-2,0,0,0,0,0,57,-84,-2,None
0,-1,22,-3,2,5,-2,-3,0,0,0,0,57,-84,-2,None
0,-5,-38,-5,-31,-29,-1,-3,-2,0,0,0,57,-84,-2,None
0,-5,-38,-5,-31,-29,-1,-3,-2,0,0,0,57,-84,-2,None
0,-5,-38,-5,-31,-29,-1,-3,-2,0,0,0,54,-84,-4,None
0,-2,-8,-1,19,16,-1,-2,-2,0,0,0,54,-84,-4,None
0,-1,7,0,0,-8,-2,-1,-2,0,0,0,54,-84,-4,None
0,0,-14,-3,-10,6,-2,-1,-1,0,0,0,54,-84,-4,None
0,-5,17,-2,10,-2,-1,-1,-2,0,0,0,54,-84,-4,None
0,-5,17,-2,10,-2,-1,-1,-2,0,0,0,54,-84,-4,None
0,-5,17,-2,10,-2,-1,-1,-2,0,0,0,55,-82,-6,None
0,-1,-6,-2,3,9,-2,-2,-2,0,0,0,55,-82,-6,None
0,-3,-1,-1,-8,-12,-1,-2,-2,0,0,0,55,-82,-6,None
0,-1,-1,-1,-5,12,-2,1,-1,0,0,0,55,-82,-6,None
0,3,38,0,-6,-35,-1,-1,0,0,0,0,55,-82,-6,None
0,3,38,0,-6,-35,-1,-1,0,0,0,0,55,-82,-6,None
0,3,38,0,-6,-35,-1,-1,0,0,0,0,56,-82,-8,None
0,-3,-10,-4,-15,26,-3,-1,-2,0,0,0,56,-82,-8,None
0,-1,8,-3,-10,-9,1,0,-1,0,0,0,56,-82,-8,None
0,0,-12,-2,-3,-2,-2,-2,-1,0,0,0,56,-82,-8,None
0,1,8,-4,0,-10,0,0,-1,0,0,0,56,-82,-8,None
0,1,8,-4,0,-10,0,0,-1,0,0,0,56,-82,-8,None
0,1,8,-4,0,-10,0,0,-1,0,0,0,56,-81,-8,None
0,-1,3,0,11,10,-2,-1,-1,0,0,0,56,-81,-8,None
0,0,1,0,-3,-12,-1,-1,0,0,0,0,56,-81,-8,None
0,-2,-1,-3,-8,-10,-2,-2,-1,0,0,0,56,-81,-8,None
0,-2,-10,-3,5,15,-1,-1,-1,0,0,0,56,-81,-8,None
0,-2,-10,-3,5,15,-1,-1,-1,0,0,0,56,-81,-8,None
0,-2,-10,-3,5,15,-1,-1,-1,0,0,0,57,-82,-8,None
0,4,26,-4,-3,-1,1,-1,0,0,0,0,57,-82,-8,None
0,-3,-29,0,10,-5,-2,-2,-1,0,0,0,57,-82,-8,None
0,-4,-7,0,-17,7,-1,-3,-4,0,0,0,57,-82,-8,None
0,0,-6,1,8,17,2,0,-1,0,0,0,57,-82,-8,None
0,0,-6,1,8,17,2,0,-1,0,0,0,57,-82,-8,None
0,0,-6,1,8,17,2,0,-1,0,0,0,56,-83,-8,None
0,-2,-5,-2,4,1,1,-1,-2,0,0,0,56,-83,-8,None
0,1,17,-4,-7,-20,-1,-1,0,0,0,0,56,-83,-8,None
0,-1,-1,-3,3,-6,-2,0,-2,0,0,0,56,-83,-8,None
0,1,-5,-3,2,5,-2,-2,-2,0,0,0,56,-83,-8,None
0,1,-5,-3,2,5,-2,-2,-2,0,0,0,56,-83,-8,None
0,1,-5,-3,2,5,-2,-2,-2,0,0,0,56,-82,-7,None
0,-1,-3,-1,-4,-4,-1,-1,-2,0,0,0,56,-82,-7,None
0,0,4,0,-1,0,-2,-1,-1,0,0,0,56,-82,-7,None
0,-1,-5,-2,0,2,-1,-1,-1,0,0,0,56,-82,-7,None
0,0,-3,-4,0,2,0,-1,-1,0,0,0,56,-82,-7,None
0,0,-3,-4,0,2,0,-1,-1,0,0,0,56,-82,-7,None
0,0,-3,-4,0,2,0,-1,-1,0,0,0,55,-80,-8,None
0,-3,-3,-4,3,2,0,-1,0,0,0,0,55,-80,-8,None
0,-5,-4,0,5,-8,0,0,-3,0,0,0,55,-80,-8,None
0,-2,-2,-5,-18,13,-5,-2,-2,0,0,0,55,-80,-8,None
0,-2,-1,-1,13,3,0,-3,-2,0,0,0,55,-80,-8,None
0,-2,-1,-1,13,3,0,-3,-2,0,0,0,55,-80,-8,None
0,-2,-1,-1,13,3,0,-3,-2,0,0,0,55,-81,-8,None
0,-3,-8,-1,0,5,-1,-1,-1,0,0,0,55,-81,-8,None
0,0,6,-1,-1,-5,-2,-1,-1,0,0,0,55,-81,-8,None
0,0,3,0,0,-7,-1,-1,-1,0,0,0,55,-81,-8,None
0,0,-3,-2,-1,-2,-2,1,-1,0,0,0,55,-81,-8,None
0,0,-3,-2,-1,-2,-2,1,-1,0,0,0,55,-81,-8,None
0,0,-3,-2,-1,-2,-2,1,-1,0,0,0,56,-81,-8,None
0,-1,4,-2,1,2,-2,-1,-3,0,0,0,56,-81,-8,None
0,-1,4,-2,-2,7,-1,-1,-2,0,0,0,56,-81,-8,None
0,0,1,-2,5,-3,0,0,-2,0,0,0,56,-81,-8,None
0,-1,0,-1,-4,2,-1,-3,-1,0,0,0,56,-81,-8,None
0,-1,0,-1,-4,2,-1,-3,-1,0,0,0,56,-81,-8,None
0,-1,0,-1,-4,2,-1,-3,-1,0,0,0,56,-82,-7,None
0,0,-1,-3,3,1,1,-2,-1,0,0,0,56,-82,-7,None
0,-2,-4,-4,-13,-8,-2,-1,-1,0,0,0,56,-82,-7,None
0,0,4,-1,14,3,-1,-4,-4,0,0,0,56,-82,-7,None
0,-3,-1,0,-5,9,1,-2,-1,0,0,0,56,-82,-7,None
0,-3,-1,0,-5,9,1,-2,-1,0,0,0,56,-82,-7,None
0,-3,-1,0,-5,9,1,-2,-1,0,0,0,56,-81,-7,None
0,-3,-4,-2,0,0,-1,0,-1,0,0,0,56,-81,-7,None
0,-2,2,-1,1,0,-1,-1,-1,0,0,0,56,-81,-7,None
0,-1,1,-2,-4,-5,-1,0,-1,0,0,0,56,-81,-7,None
0,-1,-2,-3,-2,-4,-2,-2,-2,0,0,0,56,-81,-7,None
0,-1,-2,-3,-2,-4,-2,-2,-2,0,0,0,56,-81,-7,None
0,-1,-2,-3,-2,-4,-2,-2,-2,0,0,0,57,-82,-6,None
0,1,4,-3,-1,0,-2,-2,-2,0,0,0,57,-82,-6,None
0,-2,0,-2,-2,4,-2,-2,-1,0,0,0,57,-82,-6,None
0,4,14,-1,2,1,0,-1,-1,0,0,0,57,-82,-6,None
0,-7,-37,-3,-3,0,-1,0,-2,0,0,0,57,-82,-6,None
0,-7,-37,-3,-3,0,-1,0,-2,0,0,0,57,-82,-6,None
0,-7,-37,-3,-3,0,-1,0,-2,0,0,0,57,-84,-6,None
0,-8,5,0,-5,-2,0,-2,-2,0,0,0,57,-84,-6,None
0,-1,0,-1,0,1,-1,-3,-1,0,0,0,57,-84,-6,None
0,-2,-7,0,1,1,0,-1,0,0,0,0,57,-84,-6,None
0,1,12,-3,-3,-3,-1,-1,0,0,0,0,57,-84,-6,None
0,1,12,-3,-3,-3,-1,-1,0,0,0,0,57,-84,-6,None
0,1,12,-3,-3,-3,-1,-1,0,0,0,0,57,-84,-6,None
0,1,-2,-2,0,0,-2,-1,-2,0,0,0,57,-84,-6,None
0,1,-2,-2,0,3,0,-2,-3,0,0,0,57,-84,-6,None
0,-3,2,-2,-4,-4,-1,-2,-1,0,0,0,57,-84,-6,None
0,3,6,-1,-6,4,-3,-2,-2,0,0,0,57,-84,-6,None
0,3,6,-1,-6,4,-3,-2,-2,0,0,0,57,-84,-6,None
0,3,6,-1,-6,4,-3,-2,-2,0,0,0,57,-82,-7,None
0,-1,-3,-1,9,3,-3,-2,-3,0,0,0,57,-82,-7,None
0,1,10,0,2,5,-1,-1,-1,0,0,0,57,-82,-7,None
0,-2,-6,-3,-2,-2,-2,0,-1,0,0,0,57,-82,-7,None
0,-1,5,-1,-1,-3,-1,-1,-1,0,0,0,57,-82,-7,None
0,-1,5,-1,-1,-3,-1,-1,-1,0,0,0,57,-82,-7,None
0,-1,5,-1,-1,-3,-1,-1,-1,0,0,0,57,-82,-7,None
0,0,-3,-3,-4,-1,-1,-1,0,0,0,0,57,-82,-7,None
0,-4,-1,-3,-2,0,-3,-1,-1,0,0,0,57,-82,-7,None
0,0,15,1,0,0,0,-1,0,0,0,0,57,-82,-7,None
0,-1,-1,-1,8,0,0,-1,-1,0,0,0,57,-82,-7,None
0,-1,-1,-1,8,0,0,-1,-1,0,0,0,57,-82,-7,None
0,-1,-1,-1,8,0,0,-1,-1,0,0,0,57,-83,-6,None
0,-2,2,-2,-9,-1,-2,-1,-2,0,0,0,57,-83,-6,None
0,0,-3,-1,-2,-2,0,-2,-3,0,0,0,57,-83,-6,None
0,-2,-2,-2,-1,0,0,-1,-1,0,0,0,57,-83,-6,None
0,0,8,-1,1,3,-1,-1,-1,0,0,0,57,-83,-6,None
0,0,8,-1,1,3,-1,-1,-1,0,0,0,57,-83,-6,None
0,0,8,-1,1,3,-1,-1,-1,0,0,0,56,-82,-7,None
0,2,-2,-2,2,-5,-1,-1,0,0,0,0,56,-82,-7,None
0,2,21,-2,-1,-1,-1,-2,-3,0,0,0,56,-82,-7,None
0,-3,-7,-2,-2,2,-1,-2,-1,0,0,0,56,-82,-7,None
0,-3,2,-2,-3,0,-2,-2,-1,0,0,0,56,-82,-7,None
0,-3,2,-2,-3,0,-2,-2,-1,0,0,0,56,-82,-7,None
0,-3,2,-2,-3,0,-2,-2,-1,0,0,0,55,-82,-7,None
0,-4,-4,2,-2,1,-1,-1,-1,0,0,0,55,-82,-7,None
0,1,3,-2,1,3,-1,-3,0,0,0,0,55,-82,-7,None
0,-1,-2,-4,2,1,-1,-2,-2,0,0,0,55,-82,-7,None
0,-3,0,-2,-1,-3,1,-1,-3,0,0,0,55,-82,-7,None
0,-3,0,-2,-1,-3,1,-1,-3,0,0,0,55,-82,-7,None
0,-3,0,-2,-1,-3,1,-1,-3,0,0,0,54,-82,-7,None
0,-1,3,-3,-2,4,-2,-2,-2,0,0,0,54,-82,-7,None
0,1,-2,-2,-1,-2,-1,-2,0,0,0,0,54,-82,-7,None
0,-2,-5,-1,-2,2,-2,-1,-1,0,0,0,54,-82,-7,None
0,2,3,-2,-3,-4,-1,-2,-1,0,0,0,54,-82,-7,None
0,2,3,-2,-3,-4,-1,-2,-1,0,0,0,54,-82,-7,None
0,2,3,-2,-3,-4,-1,-2,-1,0,0,0,55,-82,-8,None
0,-3,-2,-3,1,0,-3,-1,-2,0,0,0,55,-82,-8,None
0,-1,7,-1,2,-1,-2,-2,-3,0,0,0,55,-82,-8,None
0,-2,-29,-5,0,7,0,0,-2,0,0,0,55,-82,-8,None
0,-1,2,-3,-2,-2,-2,-2,-3,0,0,0,55,-82,-8,None
0,-1,2,-3,-2,-2,-2,-2,-3,0,0,0,55,-82,-8,None
0,-1,2,-3,-2,-2,-2,-2,-3,0,0,0,56,-81,-8,None
0,0,0,-1,3,2,-1,-2,-1,0,0,0,56,-81,-8,None
0,-3,-3,-1,-1,-1,-2,-1,-1,0,0,0,56,-81,-8,None
0,1,8,-1,-2,-2,-1,-1,-1,0,0,0,56,-81,-8,None
0,2,15,-2,1,-4,-1,-1,1,0,0,0,56,-81,-8,None
0,2,15,-2,1,-4,-1,-1,1,0,0,0,56,-81,-8,None
0,2,15,-2,1,-4,-1,-1,1,0,0,0,57,-80,-8,None
0,-2,-17,-1,0,0,0,-1,-1,0,0,0,57,-80,-8,None
0,-1,-4,-2,-2,2,-2,0,0,0,0,0,57,-80,-8,None
0,-3,3,-3,-6,-4,-1,-1,-2,0,0,0,57,-80,-8,None
0,-1,0,-2,0,1,-2,-3,-1,0,0,0,57,-80,-8,None
0,-1,0,-2,0,1,-2,-3,-1,0,0,0,57,-80,-8,None
0,-1,0,-2,0,1,-2,-3,-1,0,0,0,58,-80,-8,None
0,-1,7,-2,-2,-2,-1,-1,-1,0,0,0,58,-80,-8,None
0,-1,-3,-2,-4,-2,-1,0,-3,0,0,0,58,-80,-8,None
0,0,-1,-2,0,-2,-1,-1,-2,0,0,0,58,-80,-8,None
0,-3,-4,-2,-1,1,-2,-1,-1,0,0,0,58,-80,-8,None
0,-3,-4,-2,-1,1,-2,-1,-1,0,0,0,58,-80,-8,None
0,-3,-4,-2,-1,1,-2,-1,-1,0,0,0,59,-78,-8,None
0,5,3,-2,-2,1,0,-1,-1,0,0,0,59,-78,-8,None
0,-3,-3,-1,5,2,0,-1,-2,0,0,0,59,-78,-8,None
0,-3,4,-2,-1,-1,-1,-1,-1,0,0,0,59,-78,-8,None
0,-2,-3,-2,-1,2,0,-2,-3,0,0,0,59,-78,-8,None
0,-2,-3,-2,-1,2,0,-2,-3,0,0,0,59,-78,-8,None
0,-2,-3,-2,-1,2,0,-2,-3,0,0,0,59,-78,-8,None
0,-2,2,-2,1,3,0,-1,-2,0,0,0,59,-78,-8,None
0,-1,0,-2,-1,0,-1,-2,0,0,0,0,59,-78,-8,None
0,1,4,-1,1,1,-3,-2,-1,0,0,0,59,-78,-8,None
0,-1,-1,-2,-3,1,-1,-1,-2,0,0,0,59,-78,-8,None
0,-1,-1,-2,-3,1,-1,-1,-2,0,0,0,59,-78,-8,None
0,-1,-1,-2,-3,1,-1,-1,-2,0,0,0,60,-79,-9,None
0,-3,-2,-1,1,-8,-3,0,-1,0,0,0,60,-79,-9,None
0,-1,15,0,-6,2,0,-1,-1,0,0,0,60,-79,-9,None
0,-3,-3,-1,7,3,-1,-1,-1,0,0,0,60,-79,-9,None
0,-4,-10,-4,-3,-2,-2,-2,-2,0,0,0,60,-79,-9,None
0,-4,-10,-4,-3,-2,-2,-2,-2,0,0,0,60,-79,-9,None
0,-4,-10,-4,-3,-2,-2,-2,-2,0,0,0,60,-79,-9,None
0,-1,2,-2,-1,2,1,-1,-2,0,0,0,60,-79,-9,None
0,-1,2,-2,-4,-2,-1,0,0,0,0,0,60,-79,-9,None
0,-1,-3,-3,-2,-2,-1,-1,-1,0,0,0,60,-79,-9,None
0,-1,4,-1,2,1,0,-1,-2,0,0,0,60,-79,-9,None
0,-1,4,-1,2,1,0,-1,-2,0,0,0,60,-79,-9,None
0,-1,4,-1,2,1,0,-1,-2,0,0,0,58,-78,-9,None
0,-2,3,-3,-2,2,-2,-1,-1,0,0,0,58,-78,-9,None
0,-3,-11,-4,1,1,-2,-2,-1,0,0,0,58,-78,-9,None
0,1,17,-3,-2,1,-2,-3,-2,0,0,0,58,-78,-9,None
0,-1,-3,-1,2,-1,-1,-2,-3,0,0,0,58,-78,-9,None
0,-1,-3,-1,2,-1,-1,-2,-3,0,0,0,58,-78,-9,None
0,-1,-3,-1,2,-1,-1,-2,-3,0,0,0,57,-77,-9,None
0,-1,1,-1,-1,4,-2,-1,-2,0,0,0,57,-77,-9,None
0,0,-4,-2,-1,0,-1,-1,-1,0,0,0,57,-77,-9,None
0,-1,-4,-2,-1,0,0,-2,-2,0,0,0,57,-77,-9,None
0,-1,4,0,-2,-1,-1,-1,-2,0,0,0,57,-77,-9,None
0,-1,4,0,-2,-1,-1,-1,-2,0,0,0,57,-77,-9,None
0,-1,4,0,-2,-1,-1,-1,-2,0,0,0,57,-79,-10,None
0,-5,-2,-2,2,-1,-1,0,-1,0,0,0,57,-79,-10,None
0,1,2,-3,1,1,-2,-1,-1,0,0,0,57,-79,-10,None
0,-1,-1,-1,-5,-3,-1,0,0,0,0,0,57,-79,-10,None
0,0,16,-2,-1,2,-1,-2,0,0,0,0,57,-79,-10,None
0,0,16,-2,-1,2,-1,-2,0,0,0,0,57,-79,-10,None
0,0,16,-2,-1,2,-1,-2,0,0,0,0,57,-80,-9,None
0,0,2,-1,-3,2,0,-3,-3,0,0,0,57,-80,-9,None
0,-3,-5,-3,0,0,0,-2,-2,0,0,0,57,-80,-9,None
0,-2,-4,0,-2,0,-1,-1,-2,0,0,0,57,-80,-9,None
0,1,4,-2,-1,0,-1,0,-1,0,0,0,57,-80,-9,None
0,1,4,-2,-1,0,-1,0,-1,0,0,0,57,-80,-9,None
0,1,4,-2,-1,0,-1,0,-1,0,0,0,56,-80,-8,None
0,0,0,-2,-1,1,-3,-1,0,0,0,0,56,-80,-8,None
0,3,13,-3,-4,-1,-1,-3,-2,0,0,0,56,-80,-8,None
0,3,-1,0,2,0,0,-2,-1,0,0,0,56,-80,-8,None
0,-2,-5,-1,3,3,-1,0,0,0,0,0,56,-80,-8,None
0,-2,-5,-1,3,3,-1,0,0,0,0,0,56,-80,-8,None
0,-2,-5,-1,3,3,-1,0,0,0,0,0,56,-81,-7,None
0,-2,1,-2,-3,-1,-1,-1,-1,0,0,0,56,-81,-7,None
0,-2,-2,-2,0,2,-3,-3,-3,0,0,0,56,-81,-7,None
0,-2,2,-3,0,1,-1,-2,-1,0,0,0,56,-81,-7,None
0,-2,-4,-2,-2,-1,-1,-2,-1,0,0,0,56,-81,-7,None
0,-2,-4,-2,-2,-1,-1,-2,-1,0,0,0,56,-81,-7,None
0,-2,-4,-2,-2,-1,-1,-2,-1,0,0,0,57,-83,-8,None
0,2,3,-4,0,-1,-1,-1,-1,0,0,0,57,-83,-8,None
0,-2,-2,-1,2,1,-1,-1,0,0,0,0,57,-83,-8,None
0,-2,0,-3,-7,-1,-1,0,-1,0,0,0,57,-83,-8,None
0,-1,-5,-1,-3,0,-1,0,-2,0,0,0,57,-83,-8,None
0,-1,-5,-1,-3,0,-1,0,-2,0,0,0,57,-83,-8,None
0,-1,-5,-1,-3,0,-1,0,-2,0,0,0,56,-85,-6,None
0,-2,4,-1,1,0,0,-2,-3,0,0,0,56,-85,-6,None
0,-1,-4,-2,-1,-1,-1,-1,-2,0,0,0,56,-85,-6,None
0,-1,1,-2,1,0,-1,-2,-3,0,0,0,56,-85,-6,None
0,3,14,-2,-2,-1,0,-1,0,0,0,0,56,-85,-6,None
0,3,14,-2,-2,-1,0,-1,0,0,0,0,56,-85,-6,None
0,3,14,-2,-2,-1,0,-1,0,0,0,0,57,-86,-6,None
0,-4,-24,-4,-3,-3,-1,-1,-3,0,0,0,57,-86,-6,None
0,-2,-5,0,-2,0,-1,0,-2,0,0,0,57,-86,-6,None
0,-2,3,-3,14,6,-1,-1,0,0,0,0,57,-86,-6,None
0,0,-23,-1,-15,-11,-1,-2,-3,0,0,0,57,-86,-6,None
0,0,-23,-1,-15,-11,-1,-2,-3,0,0,0,57,-86,-6,None
0,0,-23,-1,-15,-11,-1,-2,-3,0,0,0,57,-87,-6,None
0,0,7,0,3,8,0,-1,0,0,0,0,57,-87,-6,None
0,0,-3,-1,-3,-3,-1,-2,0,0,0,0,57,-87,-6,None
0,-1,-1,0,-3,-3,-2,-1,-1,0,0,0,57,-87,-6,None
0,-2,2,-3,-1,2,-1,-2,-2,0,0,0,57,-87,-6,None
0,-2,2,-3,-1,2,-1,-2,-2,0,0,0,57,-87,-6,None
0,-2,2,-3,-1,2,-1,-2,-2,0,0,0,55,-84,-7,None
0,0,3,-3,-3,-3,0,0,-1,0,0,0,55,-84,-7,None
