0,-1,-3,-6,2,-5,10,2,0,0,0,0,95,-101,-19,None
0,1,1,-12,-15,7,-29,-15,-1,0,0,0,95,-101,-19,None
0,-2,-4,-5,-26,15,-2,-2,-3,0,0,0,95,-101,-19,None
0,-2,-4,-5,-26,15,-2,-2,-3,0,0,0,95,-101,-19,None
0,-2,-4,-5,-26,15,-2,-2,-3,0,0,0,73,-114,-22,None
0,0,3,11,0,-11,13,-5,-2,0,0,0,73,-114,-22,None
0,-1,-2,-4,7,-26,-1,0,-1,0,0,0,73,-114,-22,None
0,-2,-1,-12,-11,-7,3,-8,-3,0,0,0,73,-114,-22,None
0,0,1,1,3,-3,-29,5,1,0,0,0,73,-114,-22,None
0,0,1,1,3,-3,-29,5,1,0,0,0,73,-114,-22,None
0,0,1,1,3,-3,-29,5,1,0,0,0,61,-129,-19,None
0,1,2,2,-2,8,22,0,1,0,0,0,61,-129,-19,None
0,-6,-6,1,-3,17,-2,0,-5,0,0,0,61,-129,-19,None
0,3,0,-10,-7,4,10,8,3,0,0,0,61,-129,-19,None
0,-2,1,7,-1,-5,1,-1,-3,0,0,0,61,-129,-19,None
0,-2,1,7,-1,-5,1,-1,-3,0,0,0,61,-129,-19,None
0,-2,1,7,-1,-5,1,-1,-3,0,0,0,45,-135,-14,None
0,0,0,-6,6,13,-18,-13,-2,0,0,0,45,-135,-14,None
0,-1,-1,-3,-12,-6,-9,-2,-3,0,0,0,45,-135,-14,None
0,-4,1,4,18,4,-11,-10,-6,0,0,0,45,-135,-14,None
0,0,-4,-8,13,11,22,14,7,0,0,0,45,-135,-14,None
0,0,-4,-8,13,11,22,14,7,0,0,0,45,-135,-14,None
0,0,-4,-8,13,11,22,14,7,0,0,0,28,-134,-9,None
0,-2,1,-6,-15,-18,-9,-5,-3,0,0,0,28,-134,-9,None
0,-3,-1,1,34,10,-8,0,-4,0,0,0,28,-134,-9,None
0,1,0,-1,-18,-2,-5,-7,-1,0,0,0,28,-134,-9,None
0,0,3,2,12,-18,-1,-9,-5,0,0,0,28,-134,-9,None
0,0,3,2,12,-18,-1,-9,-5,0,0,0,28,-134,-9,None
0,0,3,2,12,-18,-1,-9,-5,0,0,0,11,-131,-1,None
0,0,1,-2,-6,26,10,7,2,0,0,0,11,-131,-1,None
0,-3,-2,2,11,-4,-25,-10,-6,0,0,0,11,-131,-1,None
0,-1,1,0,6,27,14,8,2,0,0,0,11,-131,-1,None
0,-1,3,6,46,22,7,-4,-2,0,0,0,11,-131,-1,None
0,-1,3,6,46,22,7,-4,-2,0,0,0,11,-131,-1,None
0,-1,3,6,46,22,7,-4,-2,0,0,0,-12,-112,5,None
0,0,2,-1,-55,-37,-6,1,2,0,0,0,-12,-112,5,None
0,2,1,-5,-59,38,13,9,0,0,0,0,-12,-112,5,None
0,-2,0,4,1,-23,-10,-7,-5,0,0,0,-12,-112,5,None
0,-2,-2,-1,-30,10,10,-4,-2,0,0,0,-12,-112,5,None
0,-2,-2,-1,-30,10,10,-4,-2,0,0,0,-12,-112,5,None
0,-2,-2,-1,-30,10,10,-4,-2,0,0,0,-32,-91,12,None
0,0,2,6,20,-8,-6,-1,0,0,0,0,-32,-91,12,None
0,1,4,3,6,-55,-20,-4,2,0,0,0,-32,-91,12,None
0,-1,-1,2,-5,36,14,6,2,0,0,0,-32,-91,12,None
0,-2,1,3,-4,13,-2,2,1,0,0,0,-32,-91,12,None
0,-2,1,3,-4,13,-2,2,1,0,0,0,-32,-91,12,None
0,-2,1,3,-4,13,-2,2,1,0,0,0,-44,-85,13,None
0,-2,2,-2,-2,4,-7,-5,-2,0,0,0,-44,-85,13,None
0,-1,1,-3,6,-10,-10,2,0,0,0,0,-44,-85,13,None
0,-1,1,-10,5,-6,5,-2,-2,0,0,0,-44,-85,13,None
0,-1,0,-6,0,-24,0,-2,1,0,0,0,-44,-85,13,None
0,-1,0,-6,0,-24,0,-2,1,0,0,0,-44,-85,13,None
0,-1,0,-6,0,-24,0,-2,1,0,0,0,-37,-96,10,None
0,-1,-2,1,32,48,1,-4,-3,0,0,0,-37,-96,10,None
0,-4,-2,-4,-13,26,-6,-6,-6,0,0,0,-37,-96,10,None
0,1,3,-2,3,-28,-4,-1,2,0,0,0,-37,-96,10,None
0,-1,-2,-7,2,21,8,5,1,0,0,0,-37,-96,10,None
0,-1,-2,-7,2,21,8,5,1,0,0,0,-37,-96,10,None
0,-1,-2,-7,2,21,8,5,1,0,0,0,-36,-103,10,None
0,-3,-2,-1,47,-72,-2,-4,-3,0,0,0,-36,-103,10,None
0,-1,1,1,-9,22,4,1,0,0,0,0,-36,-103,10,None
0,-3,-3,-9,-47,-46,-7,-3,-3,0,0,0,-36,-103,10,None
0,-2,-2,-2,24,1,-4,-1,-2,0,0,0,-36,-103,10,None
0,-2,-2,-2,24,1,-4,-1,-2,0,0,0,-36,-103,10,None
0,-2,-2,-2,24,1,-4,-1,-2,0,0,0,-34,-91,12,None
0,-1,3,2,13,31,-4,0,-2,0,0,0,-34,-91,12,None
0,-1,-2,-11,15,-32,-1,0,-1,0,0,0,-34,-91,12,None
0,0,2,10,96,5,3,-4,0,0,0,0,-34,-91,12,None
0,-3,-3,-5,7,38,1,-3,-4,0,0,0,-34,-91,12,None
0,-3,-3,-5,7,38,1,-3,-4,0,0,0,-34,-91,12,None
0,-3,-3,-5,7,38,1,-3,-4,0,0,0,-44,-70,8,None
0,-5,-3,-7,-1,-76,-9,-7,-6,0,0,0,-44,-70,8,None
0,2,2,2,-21,11,20,16,9,0,0,0,-44,-70,8,None
0,-4,-2,-1,32,116,-6,-4,-3,0,0,0,-44,-70,8,None
0,0,0,-7,-68,-92,-5,0,0,0,0,0,-44,-70,8,None
0,0,0,-7,-68,-92,-5,0,0,0,0,0,-44,-70,8,None
0,0,0,-7,-68,-92,-5,0,0,0,0,0,-55,-64,5,None
0,0,3,7,41,68,-1,-3,-2,0,0,0,-55,-64,5,None
0,-3,5,-4,-13,-4,-4,-6,-2,0,0,0,-55,-64,5,None
0,0,-5,-5,-41,-34,-1,-5,-6,0,0,0,-55,-64,5,None
0,2,4,-5,7,7,-2,-3,0,0,0,0,-55,-64,5,None
0,2,4,-5,7,7,-2,-3,0,0,0,0,-55,-64,5,None
0,2,4,-5,7,7,-2,-3,0,0,0,0,-50,-70,4,None
0,-1,0,-1,-49,-41,3,0,-3,0,0,0,-50,-70,4,None
0,0,-1,10,59,34,4,3,3,0,0,0,-50,-70,4,None
0,-6,-5,-23,-75,0,-13,-5,-7,0,0,0,-50,-70,4,None
0,-1,3,5,-21,-4,-4,-8,-2,0,0,0,-50,-70,4,None
0,-1,3,5,-21,-4,-4,-8,-2,0,0,0,-50,-70,4,None
0,-1,3,5,-21,-4,-4,-8,-2,0,0,0,-50,-72,1,None
0,9,40,10,89,24,12,5,5,0,0,0,-50,-72,1,None
0,-12,-64,-21,-50,-52,-15,-7,-5,0,0,0,-50,-72,1,None
0,1,6,5,15,-13,5,1,3,0,0,0,-50,-72,1,None
0,1,1,6,18,2,-1,1,-5,0,0,0,-50,-72,1,None
0,1,1,6,18,2,-1,1,-5,0,0,0,-50,-72,1,None
0,1,1,6,18,2,-1,1,-5,0,0,0,-53,-67,0,None
0,-4,-3,-7,23,27,-4,-2,1,0,0,0,-53,-67,0,None
0,0,14,-3,-39,-12,-2,-6,-5,0,0,0,-53,-67,0,None
0,0,4,1,-13,-5,-1,0,-1,0,0,0,-53,-67,0,None
0,-4,-10,-5,-21,-7,-7,-4,-4,0,0,0,-53,-67,0,None
0,-4,-10,-5,-21,-7,-7,-4,-4,0,0,0,-53,-67,0,None
0,-4,-10,-5,-21,-7,-7,-4,-4,0,0,0,-59,-59,-1,None
0,-2,-5,-3,-10,26,4,2,0,0,0,0,-59,-59,-1,None
0,-1,10,1,26,16,2,-5,-1,0,0,0,-59,-59,-1,None
0,-2,-7,-5,-28,-4,-1,-2,0,0,0,0,-59,-59,-1,None
0,1,12,1,35,12,-2,0,-1,0,0,0,-59,-59,-1,None
0,1,12,1,35,12,-2,0,-1,0,0,0,-59,-59,-1,None
0,1,12,1,35,12,-2,0,-1,0,0,0,-63,-54,-2,None
0,-2,-8,-5,-42,-6,-10,-3,-3,0,0,0,-63,-54,-2,None
0,-2,5,3,22,-4,-33,-16,-4,0,0,0,-63,-54,-2,None
0,23,7,5,28,60,-37,-4,12,0,0,0,-63,-54,-2,None
0,41,14,8,-11,-40,87,46,82,0,0,0,-63,-54,-2,None
0,41,14,8,-11,-40,87,46,82,0,0,0,-63,-54,-2,None
0,41,14,8,-11,-40,87,46,82,0,0,0,-64,-52,0,None
0,-99,-16,-4,-18,-3,-93,-20,-22,0,0,0,-64,-52,0,None
0,97,8,5,12,-3,10,21,35,0,0,0,-64,-52,0,None
0,-40,9,-5,-3,17,75,20,39,0,0,0,-64,-52,0,None
0,-69,-17,11,17,13,-72,-42,29,0,0,0,-64,-52,0,None
0,-69,-17,11,17,13,-72,-42,29,0,0,0,-64,-52,0,None
0,-69,-17,11,17,13,-72,-42,29,0,0,0,-70,-50,2,None
0,120,-14,-36,-45,-55,108,22,-64,0,0,0,-70,-50,2,None
0,-5,70,45,52,23,-84,-14,105,0,0,0,-70,-50,2,None
0,-87,-70,-35,-6,-17,-51,-94,-128,0,0,0,-70,-50,2,None
0,121,0,-10,27,-23,-88,-87,-5,0,0,0,-70,-50,2,None
0,121,0,-10,27,-23,-88,-87,-5,0,0,0,-70,-50,2,None
0,121,0,-10,27,-23,-88,-87,-5,0,0,0,-88,-32,-4,None
0,93,9,-5,-17,108,94,54,101,0,0,0,-88,-32,-4,None
0,108,39,22,52,63,-46,56,84,0,0,0,-88,-32,-4,None
0,-36,10,44,-30,-80,-16,37,-20,0,0,0,-88,-32,-4,None
0,24,20,28,49,51,-28,-37,-56,0,0,0,-88,-32,-4,None
0,24,20,28,49,51,-28,-37,-56,0,0,0,-88,-32,-4,None
0,24,20,28,49,51,-28,-37,-56,0,0,0,-65,-34,3,None
0,90,-21,-9,8,26,-85,-31,70,0,0,0,-65,-34,3,None
0,14,-11,-24,0,7,62,2,-101,0,0,0,-65,-34,3,None
0,-23,13,6,26,28,8,42,127,0,0,0,-65,-34,3,None
0,-66,-16,-11,-13,-27,10,26,-14,0,0,0,-65,-34,3,None
0,-66,-16,-11,-13,-27,10,26,-14,0,0,0,-65,-34,3,None
0,-66,-16,-11,-13,-27,10,26,-14,0,0,0,-56,-48,-11,None
0,-67,6,12,-5,-38,-11,-5,12,0,0,0,-56,-48,-11,None
0,-71,-11,-1,-5,10,57,13,11,0,0,0,-56,-48,-11,None
0,29,2,-5,4,-34,-24,-11,-57,0,0,0,-56,-48,-11,None
0,-28,0,-12,-15,-9,2,4,-26,0,0,0,-56,-48,-11,None
0,-28,0,-12,-15,-9,2,4,-26,0,0,0,-56,-48,-11,None
0,-28,0,-12,-15,-9,2,4,-26,0,0,0,-44,-57,9,None
0,-13,12,3,-4,13,19,5,0,0,0,0,-44,-57,9,None
0,-59,-24,-11,-4,-36,-22,-26,-54,0,0,0,-44,-57,9,None
0,29,15,-3,73,53,-3,-18,-27,0,0,0,-44,-57,9,None
0,24,-2,-14,-127,-54,35,32,14,0,0,0,-44,-57,9,None
0,24,-2,-14,-127,-54,35,32,14,0,0,0,-44,-57,9,None
0,24,-2,-14,-127,-54,35,32,14,0,0,0,-74,-41,2,None
0,-54,-10,5,16,33,-11,-9,-28,0,0,0,-74,-41,2,None
0,-21,-23,-2,-47,-44,-5,-23,-42,0,0,0,-74,-41,2,None
0,50,15,3,46,55,21,40,47,0,0,0,-74,-41,2,None
0,-44,-30,-10,-21,-47,1,-5,-6,0,0,0,-74,-41,2,None
0,-44,-30,-10,-21,-47,1,-5,-6,0,0,0,-74,-41,2,None
0,-44,-30,-10,-21,-47,1,-5,-6,0,0,0,-76,-63,-1,None
0,-18,-2,8,15,-15,0,22,-37,0,0,0,-76,-63,-1,None
0,-15,7,-2,-39,-34,-1,-22,-7,0,0,0,-76,-63,-1,None
0,48,22,-12,16,-17,12,5,-3,0,0,0,-76,-63,-1,None
0,3,-5,3,-7,83,7,18,-4,0,0,0,-76,-63,-1,None
0,3,-5,3,-7,83,7,18,-4,0,0,0,-76,-63,-1,None
0,3,-5,3,-7,83,7,18,-4,0,0,0,-75,-48,20,None
0,-7,46,3,4,-42,-26,-32,11,0,0,0,-75,-48,20,None
0,-7,-23,-2,44,-9,23,-2,-13,0,0,0,-75,-48,20,None
0,12,0,11,43,-5,0,-6,-28,0,0,0,-75,-48,20,None
0,-29,0,-13,-70,-78,-3,3,19,0,0,0,-75,-48,20,None
0,-29,0,-13,-70,-78,-3,3,19,0,0,0,-75,-48,20,None
0,-29,0,-13,-70,-78,-3,3,19,0,0,0,-88,-20,11,None
0,-11,-4,-9,19,-25,-23,-6,4,0,0,0,-88,-20,11,None
0,1,30,-11,-61,114,11,-5,10,0,0,0,-88,-20,11,None
0,6,-12,-4,31,-35,-11,-7,-5,0,0,0,-88,-20,11,None
0,5,5,-1,62,57,8,6,0,0,0,0,-88,-20,11,None
0,5,5,-1,62,57,8,6,0,0,0,0,-88,-20,11,None
0,5,5,-1,62,57,8,6,0,0,0,0,-83,-26,14,None
0,-4,-8,0,-47,47,3,-10,12,0,0,0,-83,-26,14,None
0,-11,-6,-9,33,-7,-8,7,-16,0,0,0,-83,-26,14,None
0,-9,1,-7,-89,-18,-8,-14,6,0,0,0,-83,-26,14,None
0,15,5,3,57,44,10,16,7,0,0,0,-83,-26,14,None
0,15,5,3,57,44,10,16,7,0,0,0,-83,-26,14,None
0,15,5,3,57,44,10,16,7,0,0,0,-87,-54,16,None
0,-5,8,-8,-1,-64,-9,-5,-3,0,0,0,-87,-54,16,None
0,0,-11,0,45,6,-1,-11,-16,0,0,0,-87,-54,16,None
0,4,-2,-12,-73,-42,1,0,18,0,0,0,-87,-54,16,None
0,5,9,-6,-27,0,-2,-1,-2,0,0,0,-87,-54,16,None
0,5,9,-6,-27,0,-2,-1,-2,0,0,0,-87,-54,16,None
0,5,9,-6,-27,0,-2,-1,-2,0,0,0,-94,-51,15,None
0,-7,-15,-2,-11,5,-3,-5,-23,0,0,0,-94,-51,15,None
0,-6,-1,-9,-46,-17,1,-1,5,0,0,0,-94,-51,15,None
0,4,-1,2,36,9,2,-1,11,0,0,0,-94,-51,15,None
0,2,8,2,2,-9,-9,-3,-5,0,0,0,-94,-51,15,None
0,2,8,2,2,-9,-9,-3,-5,0,0,0,-94,-51,15,None
0,2,8,2,2,-9,-9,-3,-5,0,0,0,-98,-33,14,None
0,-4,-5,-3,-29,0,-8,-4,-11,0,0,0,-98,-33,14,None
0,2,-5,-5,12,-7,23,9,8,0,0,0,-98,-33,14,None
0,0,8,-5,-4,30,0,-5,7,0,0,0,-98,-33,14,None
0,6,1,0,37,-4,3,1,-9,0,0,0,-98,-33,14,None
0,6,1,0,37,-4,3,1,-9,0,0,0,-98,-33,14,None
0,6,1,0,37,-4,3,1,-9,0,0,0,-96,-36,12,None
0,-9,-7,-1,-10,12,-12,-3,-4,0,0,0,-96,-36,12,None
0,-1,4,2,39,-5,-20,0,3,0,0,0,-96,-36,12,None
0,-1,-4,-13,-74,6,17,-3,-1,0,0,0,-96,-36,12,None
0,-8,0,0,34,29,-53,-11,5,0,0,0,-96,-36,12,None
0,-8,0,0,34,29,-53,-11,5,0,0,0,-96,-36,12,None
0,-8,0,0,34,29,-53,-11,5,0,0,0,-94,-42,9,None
0,-7,5,10,9,-17,-59,-17,45,0,0,0,-94,-42,9,None
0,51,7,-2,-32,66,75,42,96,0,0,0,-94,-42,9,None
0,-76,-7,-3,-16,-73,-29,-13,-30,0,0,0,-94,-42,9,None
0,50,15,-3,23,59,96,50,110,0,0,0,-94,-42,9,None
0,50,15,-3,23,59,96,50,110,0,0,0,-94,-42,9,None
0,50,15,-3,23,59,96,50,110,0,0,0,-94,-42,17,None
0,-32,-21,16,-25,87,-89,-43,51,0,0,0,-94,-42,17,None
0,102,35,-2,-54,42,71,10,-110,0,0,0,-94,-42,17,None
0,32,31,71,70,88,-96,11,127,0,0,0,-94,-42,17,None
0,-67,-40,-20,18,44,17,-25,-117,0,0,0,-94,-42,17,None
0,-67,-40,-20,18,44,17,-25,-117,0,0,0,-94,-42,17,None
0,-67,-40,-20,18,44,17,-25,-117,0,0,0,-119,-21,0,None
0,103,3,1,97,33,85,-51,7,0,0,0,-119,-21,0,None
0,-47,-16,-33,-25,-53,-43,-16,127,0,0,0,-119,-21,0,None
0,64,9,13,-2,38,89,26,81,0,0,0,-119,-21,0,None
0,-95,17,30,-7,-47,-69,33,127,0,0,0,-119,-21,0,None
0,-95,17,30,-7,-47,-69,33,127,0,0,0,-119,-21,0,None
0,-95,17,30,-7,-47,-69,33,127,0,0,0,-76,-31,-1,None
0,-101,30,49,-8,62,-35,41,74,0,0,0,-76,-31,-1,None
0,-103,-38,-36,20,-31,-43,-49,-128,0,0,0,-76,-31,-1,None
0,-78,-11,-11,-4,-14,-4,21,88,0,0,0,-76,-31,-1,None
0,124,10,-45,-32,-51,64,-38,-121,0,0,0,-76,-31,-1,None
0,124,10,-45,-32,-51,64,-38,-121,0,0,0,-76,-31,-1,None
0,124,10,-45,-32,-51,64,-38,-121,0,0,0,-57,-60,21,None
0,-91,17,-5,-8,-40,16,21,16,0,0,0,-57,-60,21,None
0,-42,-4,45,14,-26,-38,-5,40,0,0,0,-57,-60,21,None
0,-67,-17,-56,-19,-35,-13,-10,-26,0,0,0,-57,-60,21,None
0,-28,-2,18,7,10,-15,3,-1,0,0,0,-57,-60,21,None
0,-28,-2,18,7,10,-15,3,-1,0,0,0,-57,-60,21,None
0,-28,-2,18,7,10,-15,3,-1,0,0,0,-82,-57,2,None
0,46,-16,-39,-6,-31,-7,-2,-58,0,0,0,-82,-57,2,None
0,1,14,5,1,-34,-12,5,-2,0,0,0,-82,-57,2,None
0,28,-11,10,9,-36,-15,-9,-65,0,0,0,-82,-57,2,None
0,-8,-2,-2,-1,16,-19,-11,-24,0,0,0,-82,-57,2,None
0,-8,-2,-2,-1,16,-19,-11,-24,0,0,0,-82,-57,2,None
0,-8,-2,-2,-1,16,-19,-11,-24,0,0,0,-83,-47,6,None
0,37,11,-10,-5,-21,52,18,-46,0,0,0,-83,-47,6,None
0,-18,-11,6,14,13,-30,-2,1,0,0,0,-83,-47,6,None
0,-2,2,-5,-5,2,8,-3,-37,0,0,0,-83,-47,6,None
0,24,9,-6,6,4,2,-4,-5,0,0,0,-83,-47,6,None
0,24,9,-6,6,4,2,-4,-5,0,0,0,-83,-47,6,None
0,24,9,-6,6,4,2,-4,-5,0,0,0,-82,-49,8,None
0,-8,-9,-9,-11,-28,0,11,-4,0,0,0,-82,-49,8,None
0,-1,-4,2,21,34,-5,-7,2,0,0,0,-82,-49,8,None
0,28,-1,-11,5,7,-12,-18,-28,0,0,0,-82,-49,8,None
0,-9,5,5,2,-6,-1,3,13,0,0,0,-82,-49,8,None
0,-9,5,5,2,-6,-1,3,13,0,0,0,-82,-49,8,None
0,-9,5,5,2,-6,-1,3,13,0,0,0,-87,-29,7,None
0,1,-9,4,62,36,20,10,-6,0,0,0,-87,-29,7,None
0,-14,-3,-19,-46,-71,-25,-10,-4,0,0,0,-87,-29,7,None
0,25,3,-2,4,3,16,-11,-15,0,0,0,-87,-29,7,None
0,-31,22,8,16,5,-19,3,-2,0,0,0,-87,-29,7,None
0,-31,22,8,16,5,-19,3,-2,0,0,0,-87,-29,7,None
0,-31,22,8,16,5,-19,3,-2,0,0,0,-87,-22,13,None
0,-3,2,-5,0,-26,3,-21,-6,0,0,0,-87,-22,13,None
0,0,0,1,-6,28,17,45,-3,0,0,0,-87,-22,13,None
0,-9,-11,-5,29,14,0,2,0,0,0,0,-87,-22,13,None
0,0,8,-2,-9,-17,-7,-10,-4,0,0,0,-87,-22,13,None
0,0,8,-2,-9,-17,-7,-10,-4,0,0,0,-87,-22,13,None
0,0,8,-2,-9,-17,-7,-10,-4,0,0,0,-80,-34,11,None
0,1,-16,-13,-53,-4,-6,-11,17,0,0,0,-80,-34,11,None
0,28,32,-6,11,-16,-6,-6,-22,0,0,0,-80,-34,11,None
0,-20,-25,-5,-7,9,8,5,-4,0,0,0,-80,-34,11,None
0,-1,-46,-4,-40,4,-8,3,-1,0,0,0,-80,-34,11,None
0,-1,-46,-4,-40,4,-8,3,-1,0,0,0,-80,-34,11,None
0,-1,-46,-4,-40,4,-8,3,-1,0,0,0,-76,-44,11,None
0,17,13,-3,7,-4,10,5,-16,0,0,0,-76,-44,11,None
0,-31,-38,-7,4,9,-4,-18,23,0,0,0,-76,-44,11,None
0,8,21,5,4,10,0,6,-4,0,0,0,-76,-44,11,None
0,4,13,-5,-1,-15,-5,-13,-17,0,0,0,-76,-44,11,None
0,4,13,-5,-1,-15,-5,-13,-17,0,0,0,-76,-44,11,None
0,4,13,-5,-1,-15,-5,-13,-17,0,0,0,-73,-49,13,None
0,2,-19,-4,-18,2,0,-9,20,0,0,0,-73,-49,13,None
0,1,17,7,10,12,4,24,16,0,0,0,-73,-49,13,None
0,5,-2,-6,-17,-9,-5,-12,-17,0,0,0,-73,-49,13,None
0,-9,-6,-3,5,5,-2,2,22,0,0,0,-73,-49,13,None
0,-9,-6,-3,5,5,-2,2,22,0,0,0,-73,-49,13,None
0,-9,-6,-3,5,5,-2,2,22,0,0,0,-73,-49,11,None
0,-2,20,2,4,-15,-3,-3,-6,0,0,0,-73,-49,11,None
0,-4,-1,-1,-11,12,-7,-19,-9,0,0,0,-73,-49,11,None
0,-2,8,13,-14,-6,0,-2,-43,0,0,0,-73,-49,11,None
0,34,23,-3,9,12,9,15,31,0,0,0,-73,-49,11,None
0,34,23,-3,9,12,9,15,31,0,0,0,-73,-49,11,None
0,34,23,-3,9,12,9,15,31,0,0,0,-71,-49,8,None
0,-21,-17,-4,5,-4,-3,4,25,0,0,0,-71,-49,8,None
0,-12,18,-3,10,-6,-1,2,-3,0,0,0,-71,-49,8,None
0,13,-15,-2,-6,2,-2,-2,-7,0,0,0,-71,-49,8,None
0,16,35,0,-5,-1,-7,-11,-12,0,0,0,-71,-49,8,None
0,16,35,0,-5,-1,-7,-11,-12,0,0,0,-71,-49,8,None
0,16,35,0,-5,-1,-7,-11,-12,0,0,0,-66,-51,9,None
0,-25,-38,-4,-1,0,0,12,-26,0,0,0,-66,-51,9,None
0,31,11,0,5,2,0,-13,9,0,0,0,-66,-51,9,None
0,-6,14,-5,-8,-7,-4,-27,-19,0,0,0,-66,-51,9,None
0,-11,-12,-2,12,8,-1,-5,-10,0,0,0,-66,-51,9,None
0,-11,-12,-2,12,8,-1,-5,-10,0,0,0,-66,-51,9,None
0,-11,-12,-2,12,8,-1,-5,-10,0,0,0,-68,-50,12,None
0,3,29,-5,-9,-3,5,35,19,0,0,0,-68,-50,12,None
0,-13,-8,-1,1,-2,-3,-4,4,0,0,0,-68,-50,12,None
0,-3,13,-3,1,3,0,-1,8,0,0,0,-68,-50,12,None
0,2,-12,-2,0,-5,0,-6,0,0,0,0,-68,-50,12,None
0,2,-12,-2,0,-5,0,-6,0,0,0,0,-68,-50,12,None
0,2,-12,-2,0,-5,0,-6,0,0,0,0,-70,-51,10,None
0,10,42,3,-3,3,0,-1,-19,0,0,0,-70,-51,10,None
0,-8,-61,-6,-2,-2,-6,-8,-3,0,0,0,-70,-51,10,None
0,2,4,-4,1,1,2,1,17,0,0,0,-70,-51,10,None
0,-16,-7,-1,-3,-2,-3,-3,-4,0,0,0,-70,-51,10,None
0,-16,-7,-1,-3,-2,-3,-3,-4,0,0,0,-70,-51,10,None
0,-16,-7,-1,-3,-2,-3,-3,-4,0,0,0,-63,-57,8,None
0,2,9,-4,-4,-1,-2,-4,-15,0,0,0,-63,-57,8,None
0,-4,18,1,10,3,-1,-2,0,0,0,0,-63,-57,8,None
0,-2,-2,-7,-4,0,3,-2,4,0,0,0,-63,-57,8,None
0,-12,-10,-5,0,-1,-5,1,-5,0,0,0,-63,-57,8,None
0,-12,-10,-5,0,-1,-5,1,-5,0,0,0,-63,-57,8,None
0,-12,-10,-5,0,-1,-5,1,-5,0,0,0,-57,-64,7,None
0,3,-11,-1,-2,-1,-1,-2,-12,0,0,0,-57,-64,7,None
0,3,7,-1,3,2,0,-7,3,0,0,0,-57,-64,7,None
0,-2,-8,-2,-2,3,3,8,5,0,0,0,-57,-64,7,None
0,-2,0,-2,2,0,-2,1,1,0,0,0,-57,-64,7,None
0,-2,0,-2,2,0,-2,1,1,0,0,0,-57,-64,7,None
0,-2,0,-2,2,0,-2,1,1,0,0,0,-51,-69,7,None
0,1,-4,-1,-1,-1,1,-3,-5,0,0,0,-51,-69,7,None
0,-4,2,-1,0,1,-3,-4,-1,0,0,0,-51,-69,7,None
0,-2,9,0,-2,-2,-5,0,-2,0,0,0,-51,-69,7,None
0,-6,-2,4,2,3,0,-2,0,0,0,0,-51,-69,7,None
0,-6,-2,4,2,3,0,-2,0,0,0,0,-51,-69,7,None
0,-6,-2,4,2,3,0,-2,0,0,0,0,-47,-69,7,None
0,0,-5,1,-2,3,2,-4,0,0,0,0,-47,-69,7,None
0,-3,2,-2,-1,0,-1,-1,-3,0,0,0,-47,-69,7,None
0,0,-3,-5,-1,0,-1,1,-1,0,0,0,-47,-69,7,None
0,-2,-4,-6,-5,-5,-4,-2,-1,0,0,0,-47,-69,7,None
0,-2,-4,-6,-5,-5,-4,-2,-1,0,0,0,-47,-69,7,None
0,-2,-4,-6,-5,-5,-4,-2,-1,0,0,0,-44,-67,9,None
0,-4,-8,-5,4,-1,-4,-3,-6,0,0,0,-44,-67,9,None
0,1,6,-4,-1,2,2,0,-1,0,0,0,-44,-67,9,None
0,-1,1,-5,0,1,-2,-1,1,0,0,0,-44,-67,9,None
0,-6,-3,-3,-2,-1,-1,-1,1,0,0,0,-44,-67,9,None
0,-6,-3,-3,-2,-1,-1,-1,1,0,0,0,-44,-67,9,None
0,-6,-3,-3,-2,-1,-1,-1,1,0,0,0,-38,-72,12,None
0,0,2,-1,-7,-1,-1,-2,-5,0,0,0,-38,-72,12,None
0,-3,4,1,13,9,2,1,0,0,0,0,-38,-72,12,None
0,-2,-1,-2,-10,-7,-2,-3,0,0,0,0,-38,-72,12,None
0,-4,-4,-2,-6,-2,-4,-3,-3,0,0,0,-38,-72,12,None
0,-4,-4,-2,-6,-2,-4,-3,-3,0,0,0,-38,-72,12,None
0,-4,-4,-2,-6,-2,-4,-3,-3,0,0,0,-34,-82,9,None
0,-1,-4,-2,-1,0,-2,-1,-4,0,0,0,-34,-82,9,None
0,1,1,-3,-5,-1,4,1,3,0,0,0,-34,-82,9,None
0,-2,-1,-3,18,10,0,-1,-1,0,0,0,-34,-82,9,None
0,-1,2,-4,4,-8,-2,1,0,0,0,0,-34,-82,9,None
0,-1,2,-4,4,-8,-2,1,0,0,0,0,-34,-82,9,None
0,-1,2,-4,4,-8,-2,1,0,0,0,0,-31,-89,5,None
0,-1,0,-3,-19,8,-3,-2,-6,0,0,0,-31,-89,5,None
0,0,1,-5,-13,-5,-3,-3,-1,0,0,0,-31,-89,5,None
0,-2,1,-2,12,-3,-2,-2,-1,0,0,0,-31,-89,5,None
0,-1,1,-1,3,8,4,3,1,0,0,0,-31,-89,5,None
0,-1,1,-1,3,8,4,3,1,0,0,0,-31,-89,5,None
0,-1,1,-1,3,8,4,3,1,0,0,0,-23,-93,7,None
0,0,0,0,20,-11,0,-2,0,0,0,0,-23,-93,7,None
0,1,3,1,12,9,-1,0,-1,0,0,0,-23,-93,7,None
0,-3,-1,-8,-39,-5,-8,-5,-3,0,0,0,-23,-93,7,None
0,-3,-2,-1,2,9,-2,-4,-3,0,0,0,-23,-93,7,None
0,-3,-2,-1,2,9,-2,-4,-3,0,0,0,-23,-93,7,None
0,-3,-2,-1,2,9,-2,-4,-3,0,0,0,-17,-94,9,None
0,-2,-4,-10,-11,-8,3,-1,-2,0,0,0,-17,-94,9,None
0,1,1,6,6,4,5,2,0,0,0,0,-17,-94,9,None
0,-1,3,0,41,15,-2,-4,-2,0,0,0,-17,-94,9,None
0,-2,-2,2,-17,-1,-14,-3,-1,0,0,0,-17,-94,9,None
0,-2,-2,2,-17,-1,-14,-3,-1,0,0,0,-17,-94,9,None
0,-2,-2,2,-17,-1,-14,-3,-1,0,0,0,-8,-100,12,None
0,0,2,-6,-28,-36,5,1,-1,0,0,0,-8,-100,12,None
0,-1,2,0,-32,-7,-4,-4,-3,0,0,0,-8,-100,12,None
0,0,-2,-6,17,-3,9,4,4,0,0,0,-8,-100,12,None
0,-1,-1,2,7,-17,1,-2,-1,0,0,0,-8,-100,12,None
0,-1,-1,2,7,-17,1,-2,-1,0,0,0,-8,-100,12,None
0,-1,-1,2,7,-17,1,-2,-1,0,0,0,2,-103,3,None
0,-1,0,14,104,41,-13,-9,-1,0,0,0,2,-103,3,None
0,0,2,-6,-60,8,-11,-4,-2,0,0,0,2,-103,3,None
0,-3,-7,-23,23,-27,0,-2,-3,0,0,0,2,-103,3,None
0,-2,1,-4,-1,58,7,2,-1,0,0,0,2,-103,3,None
0,-2,1,-4,-1,58,7,2,-1,0,0,0,2,-103,3,None
0,-2,1,-4,-1,58,7,2,-1,0,0,0,10,-105,7,None
0,-2,0,8,1,-80,-28,-2,-2,0,0,0,10,-105,7,None
0,-1,2,8,107,59,16,-2,0,0,0,0,10,-105,7,None
0,-3,-3,-15,-51,4,10,-1,-1,0,0,0,10,-105,7,None
0,0,3,14,-9,-20,2,1,0,0,0,0,10,-105,7,None
0,0,3,14,-9,-20,2,1,0,0,0,0,10,-105,7,None
0,0,3,14,-9,-20,2,1,0,0,0,0,18,-108,6,None
0,-1,0,-2,-94,42,-10,-5,-4,0,0,0,18,-108,6,None
0,-2,-1,-7,52,-28,-12,-4,-5,0,0,0,18,-108,6,None
0,-1,-2,-4,-19,-32,2,4,0,0,0,0,18,-108,6,None
0,1,0,-1,-8,-19,-3,-4,-2,0,0,0,18,-108,6,None
0,1,0,-1,-8,-19,-3,-4,-2,0,0,0,18,-108,6,None
0,1,0,-1,-8,-19,-3,-4,-2,0,0,0,23,-108,0,None
0,-3,0,-2,19,25,13,3,0,0,0,0,23,-108,0,None
0,3,0,-4,56,-52,-11,-3,0,0,0,0,23,-108,0,None
0,0,3,3,-109,-28,-7,-1,-2,0,0,0,23,-108,0,None
0,-3,-3,-9,23,-6,-8,-7,-5,0,0,0,23,-108,0,None
0,-3,-3,-9,23,-6,-8,-7,-5,0,0,0,23,-108,0,None
0,-3,-3,-9,23,-6,-8,-7,-5,0,0,0,27,-118,-5,None
0,1,0,-2,65,36,11,1,-1,0,0,0,27,-118,-5,None
0,-5,-4,-9,46,67,4,-1,-3,0,0,0,27,-118,-5,None
0,-2,2,10,-1,-74,3,3,-4,0,0,0,27,-118,-5,None
0,-1,0,-7,-31,-50,-7,-2,0,0,0,0,27,-118,-5,None
0,-1,0,-7,-31,-50,-7,-2,0,0,0,0,27,-118,-5,None
0,-1,0,-7,-31,-50,-7,-2,0,0,0,0,41,-134,-2,None
0,0,1,-10,-43,-8,12,2,0,0,0,0,41,-134,-2,None
0,-4,0,12,2,11,0,-1,-2,0,0,0,41,-134,-2,None
0,1,0,-62,20,53,-15,-4,-1,0,0,0,41,-134,-2,None
0,-3,-5,2,-57,13,9,1,-2,0,0,0,41,-134,-2,None
0,-3,-5,2,-57,13,9,1,-2,0,0,0,41,-134,-2,None
0,-3,-5,2,-57,13,9,1,-2,0,0,0,50,-126,3,None
0,-2,-1,-1,-74,2,-5,-4,-3,0,0,0,50,-126,3,None
0,-1,0,-8,-36,-24,-3,-2,-1,0,0,0,50,-126,3,None
0,0,5,24,29,18,-2,-3,-2,0,0,0,50,-126,3,None
0,2,3,-29,44,17,3,1,1,0,0,0,50,-126,3,None
0,2,3,-29,44,17,3,1,1,0,0,0,50,-126,3,None
0,2,3,-29,44,17,3,1,1,0,0,0,34,-121,0,None
0,-6,-5,-10,-16,9,-2,-3,-4,0,0,0,34,-121,0,None
0,-2,1,5,-40,1,-1,-1,-1,0,0,0,34,-121,0,None
0,-3,-3,0,-48,-7,-7,-4,-2,0,0,0,34,-121,0,None
0,0,1,9,23,-17,1,1,-1,0,0,0,34,-121,0,None
0,0,1,9,23,-17,1,1,-1,0,0,0,34,-121,0,None
0,0,1,9,23,-17,1,1,-1,0,0,0,48,-113,2,None
0,2,1,9,0,-38,2,1,0,0,0,0,48,-113,2,None
0,-2,1,-5,3,-3,-9,-3,-2,0,0,0,48,-113,2,None
0,0,4,26,34,23,5,-1,0,0,0,0,48,-113,2,None
0,-1,0,3,-5,-33,-1,0,-1,0,0,0,48,-113,2,None
0,-1,0,3,-5,-33,-1,0,-1,0,0,0,48,-113,2,None
0,-1,0,3,-5,-33,-1,0,-1,0,0,0,46,-106,-2,None
0,3,25,1,16,33,-1,-3,-2,0,0,0,46,-106,-2,None
0,-5,-17,0,-43,-21,0,1,-1,0,0,0,46,-106,-2,None
0,-1,-5,0,36,34,2,1,1,0,0,0,46,-106,-2,None
0,-1,1,-3,-11,9,-4,-1,-2,0,0,0,46,-106,-2,None
0,-1,1,-3,-11,9,-4,-1,-2,0,0,0,46,-106,-2,None
0,-1,1,-3,-11,9,-4,-1,-2,0,0,0,47,-102,-3,None
0,0,-3,-12,9,16,1,0,-3,0,0,0,47,-102,-3,None
0,1,15,-6,-16,-29,2,1,-1,0,0,0,47,-102,-3,None
0,-3,-21,11,-2,-34,-1,-2,-2,0,0,0,47,-102,-3,None
0,-7,-6,-3,39,107,-3,-4,-3,0,0,0,47,-102,-3,None
0,-7,-6,-3,39,107,-3,-4,-3,0,0,0,47,-102,-3,None
0,-7,-6,-3,39,107,-3,-4,-3,0,0,0,55,-99,0,None
0,-1,-2,-3,-12,-77,-2,0,-1,0,0,0,55,-99,0,None
0,-2,-5,-7,0,37,-2,-1,-3,0,0,0,55,-99,0,None
0,0,4,1,18,16,0,-3,-3,0,0,0,55,-99,0,None
0,-4,17,-4,-17,-25,-1,-2,-3,0,0,0,55,-99,0,None
0,-4,17,-4,-17,-25,-1,-2,-3,0,0,0,55,-99,0,None
0,-4,17,-4,-17,-25,-1,-2,-3,0,0,0,57,-91,0,None
0,-2,-2,-4,4,9,1,0,0,0,0,0,57,-91,0,None
0,-5,-31,-5,-15,-39,-1,-1,-1,0,0,0,57,-91,0,None
0,0,2,-1,-5,44,-2,-2,-1,0,0,0,57,-91,0,None
0,2,6,0,4,-36,-1,0,0,0,0,0,57,-91,0,None
0,2,6,0,4,-36,-1,0,0,0,0,0,57,-91,0,None
0,2,6,0,4,-36,-1,0,0,0,0,0,58,-81,0,None
0,-1,13,0,32,50,-2,-2,-1,0,0,0,58,-81,0,None
0,-2,1,-5,-33,-26,1,-2,-2,0,0,0,58,-81,0,None
0,2,13,5,13,19,1,-1,0,0,0,0,58,-81,0,None
0,1,-9,-6,1,-6,-3,-2,1,0,0,0,58,-81,0,None
0,1,-9,-6,1,-6,-3,-2,1,0,0,0,58,-81,0,None
0,1,-9,-6,1,-6,-3,-2,1,0,0,0,63,-80,-1,None
0,-2,4,-2,8,-7,2,-1,-1,0,0,0,63,-80,-1,None
0,1,8,-2,-4,7,0,-1,-1,0,0,0,63,-80,-1,None
0,0,3,0,23,2,-2,-1,-2,0,0,0,63,-80,-1,None
0,-1,5,-4,-3,-22,-3,-2,-1,0,0,0,63,-80,-1,None
0,-1,5,-4,-3,-22,-3,-2,-1,0,0,0,63,-80,-1,None
0,-1,5,-4,-3,-22,-3,-2,-1,0,0,0,67,-87,0,None
0,-2,-13,-4,16,39,2,0,-1,0,0,0,67,-87,0,None
0,-4,13,-1,-6,14,3,0,-1,0,0,0,67,-87,0,None
0,-1,6,0,4,-15,-1,-2,-2,0,0,0,67,-87,0,None
0,-1,-2,2,8,11,-1,-1,-2,0,0,0,67,-87,0,None
0,-1,-2,2,8,11,-1,-1,-2,0,0,0,67,-87,0,None
0,-1,-2,2,8,11,-1,-1,-2,0,0,0,71,-89,0,None
0,-4,10,-1,-11,-34,-2,-1,-1,0,0,0,71,-89,0,None
0,0,-3,-2,6,16,-1,-1,-1,0,0,0,71,-89,0,None
0,-2,6,1,-1,7,-1,-2,-2,0,0,0,71,-89,0,None
0,0,-5,2,-6,0,1,-1,-1,0,0,0,71,-89,0,None
0,0,-5,2,-6,0,1,-1,-1,0,0,0,71,-89,0,None
0,0,-5,2,-6,0,1,-1,-1,0,0,0,71,-81,0,None
0,-2,-5,-6,-5,-11,-2,-3,-1,0,0,0,71,-81,0,None
0,4,8,0,-14,5,-3,-1,-1,0,0,0,71,-81,0,None
0,-4,-18,-2,10,-5,-4,0,-2,0,0,0,71,-81,0,None
0,0,5,-3,5,12,0,-2,-2,0,0,0,71,-81,0,None
0,0,5,-3,5,12,0,-2,-2,0,0,0,71,-81,0,None
0,0,5,-3,5,12,0,-2,-2,0,0,0,65,-76,0,None
0,-3,-4,-2,-5,-1,-1,-1,-1,0,0,0,65,-76,0,None
0,2,2,-2,0,-2,-3,-2,-1,0,0,0,65,-76,0,None
0,-7,-3,-5,-14,-16,-3,-1,0,0,0,0,65,-76,0,None
0,-3,-6,0,1,20,0,-2,-3,0,0,0,65,-76,0,None
0,-3,-6,0,1,20,0,-2,-3,0,0,0,65,-76,0,None
0,-3,-6,0,1,20,0,-2,-3,0,0,0,62,-77,-1,None
0,1,2,-1,5,-8,-4,-2,-3,0,0,0,62,-77,-1,None
0,-2,7,0,6,-4,2,-1,0,0,0,0,62,-77,-1,None
0,1,6,1,2,-3,0,-1,-2,0,0,0,62,-77,-1,None
0,-2,1,0,4,18,-2,-2,0,0,0,0,62,-77,-1,None
0,-2,1,0,4,18,-2,-2,0,0,0,0,62,-77,-1,None
0,-2,1,0,4,18,-2,-2,0,0,0,0,60,-84,-2,None
0,-1,-6,-1,-8,-8,-2,-2,0,0,0,0,60,-84,-2,None
0,0,16,-2,2,-9,-1,-2,0,0,0,0,60,-84,-2,None
0,4,4,3,-6,-5,-2,-1,-2,0,0,0,60,-84,-2,None
0,-1,-3,0,-7,-8,-1,-2,-2,0,0,0,60,-84,-2,None
0,-1,-3,0,-7,-8,-1,-2,-2,0,0,0,60,-84,-2,None
0,-1,-3,0,-7,-8,-1,-2,-2,0,0,0,55,-88,-5,None
0,-2,-6,-1,4,16,-1,-1,-2,0,0,0,55,-88,-5,None
0,-1,-1,-3,-17,-7,-3,-2,-2,0,0,0,55,-88,-5,None
0,-2,1,-3,2,5,1,0,-1,0,0,0,55,-88,-5,None
0,0,1,-3,-2,-4,0,0,0,0,0,0,55,-88,-5,None
0,0,1,-3,-2,-4,0,0,0,0,0,0,55,-88,-5,None
0,0,1,-3,-2,-4,0,0,0,0,0,0,53,-85,-8,None
0,2,2,-1,-7,-5,0,-1,0,0,0,0,53,-85,-8,None
0,-1,-4,-4,4,0,0,-2,-2,0,0,0,53,-85,-8,None
0,-2,2,-1,-5,5,-1,-1,0,0,0,0,53,-85,-8,None
0,0,0,-2,-3,-6,-1,-1,-1,0,0,0,53,-85,-8,None
0,0,0,-2,-3,-6,-1,-1,-1,0,0,0,53,-85,-8,None
0,0,0,-2,-3,-6,-1,-1,-1,0,0,0,54,-81,-10,None
0,-3,-3,-1,3,-20,-3,-2,-1,0,0,0,54,-81,-10,None
0,0,-5,0,12,31,0,-1,-2,0,0,0,54,-81,-10,None
0,-2,-1,-3,7,7,-3,-2,-2,0,0,0,54,-81,-10,None
0,-1,3,-1,0,-2,-1,0,-1,0,0,0,54,-81,-10,None
0,-1,3,-1,0,-2,-1,0,-1,0,0,0,54,-81,-10,None
0,-1,3,-1,0,-2,-1,0,-1,0,0,0,55,-79,-11,None
0,-1,-3,-3,-2,-1,1,-1,-1,0,0,0,55,-79,-11,None
0,-2,-1,-1,0,-9,-1,-2,-1,0,0,0,55,-79,-11,None
0,2,4,-1,-8,-4,-1,-1,-1,0,0,0,55,-79,-11,None
0,-2,0,-3,1,1,0,-1,-1,0,0,0,55,-79,-11,None
0,-2,0,-3,1,1,0,-1,-1,0,0,0,55,-79,-11,None
0,-2,0,-3,1,1,0,-1,-1,0,0,0,57,-79,-10,None
0,-4,2,-2,2,5,0,1,-2,0,0,0,57,-79,-10,None
0,1,7,-6,-6,-6,-2,-1,-3,0,0,0,57,-79,-10,None
0,-2,0,1,1,5,0,-1,0,0,0,0,57,-79,-10,None
0,-1,-2,-5,-8,-2,-3,-2,-1,0,0,0,57,-79,-10,None
0,-1,-2,-5,-8,-2,-3,-2,-1,0,0,0,57,-79,-10,None
0,-1,-2,-5,-8,-2,-3,-2,-1,0,0,0,56,-80,-10,None
0,-3,-8,2,3,6,-1,-2,-2,0,0,0,56,-80,-10,None
0,-1,7,-3,-2,-6,-3,-1,-2,0,0,0,56,-80,-10,None
0,0,2,-2,-3,1,0,-3,-1,0,0,0,56,-80,-10,None
0,-2,-2,-1,-2,0,0,-1,-1,0,0,0,56,-80,-10,None
0,-2,-2,-1,-2,0,0,-1,-1,0,0,0,56,-80,-10,None
0,-2,-2,-1,-2,0,0,-1,-1,0,0,0,56,-80,-10,None
0,1,9,-3,-2,1,-1,-1,-1,0,0,0,56,-80,-10,None
0,-2,-6,-1,0,1,0,0,0,0,0,0,56,-80,-10,None
0,0,-1,-2,-2,-1,-2,-3,-2,0,0,0,56,-80,-10,None
0,0,1,0,-1,-3,-1,-2,-1,0,0,0,56,-80,-10,None
0,0,1,0,-1,-3,-1,-2,-1,0,0,0,56,-80,-10,None
0,0,1,0,-1,-3,-1,-2,-1,0,0,0,55,-79,-10,None
0,0,-3,-4,-1,2,0,-3,-3,0,0,0,55,-79,-10,None
0,-3,-8,-1,-1,2,0,-2,-1,0,0,0,55,-79,-10,None
0,0,1,-2,-4,-6,-3,0,-1,0,0,0,55,-79,-10,None
0,0,4,-2,-2,1,-3,-2,-1,0,0,0,55,-79,-10,None
0,0,4,-2,-2,1,-3,-2,-1,0,0,0,55,-79,-10,None
0,0,4,-2,-2,1,-3,-2,-1,0,0,0,54,-79,-9,None
0,-1,-2,-2,2,0,1,-2,-2,0,0,0,54,-79,-9,None
0,-3,-6,-1,3,4,-1,-1,0,0,0,0,54,-79,-9,None
0,-1,4,-2,-3,0,-1,-1,0,0,0,0,54,-79,-9,None
0,0,-2,-1,-3,-2,-1,0,-1,0,0,0,54,-79,-9,None
0,0,-2,-1,-3,-2,-1,0,-1,0,0,0,54,-79,-9,None
0,0,-2,-1,-3,-2,-1,0,-1,0,0,0,55,-82,-8,None
0,-2,2,-3,-2,1,-3,-1,-1,0,0,0,55,-82,-8,None
0,1,0,0,-1,-2,-1,-2,-1,0,0,0,55,-82,-8,None
0,23,7,-5,-3,-1,-1,0,-2,0,0,0,55,-82,-8,None
0,-22,11,4,2,1,0,1,0,0,0,0,55,-82,-8,None
0,-22,11,4,2,1,0,1,0,0,0,0,55,-82,-8,None
0,-22,11,4,2,1,0,1,0,0,0,0,56,-83,-7,None
0,-7,1,-1,-2,-1,-2,-2,-2,0,0,0,56,-83,-7,None
0,-3,-6,-1,1,7,-1,-1,-1,0,0,0,56,-83,-7,None
0,0,4,0,8,2,1,-2,-2,0,0,0,56,-83,-7,None
0,5,1,-3,6,1,-1,-1,-2,0,0,0,56,-83,-7,None
0,5,1,-3,6,1,-1,-1,-2,0,0,0,56,-83,-7,None
0,5,1,-3,6,1,-1,-1,-2,0,0,0,56,-85,-6,None
0,1,-2,-2,-6,-1,-1,-1,-1,0,0,0,56,-85,-6,None
0,-1,10,-1,-1,-2,-2,-1,-2,0,0,0,56,-85,-6,None
0,-9,-4,0,-3,-1,-2,-2,1,0,0,0,56,-85,-6,None
0,3,-6,-2,-1,1,-1,-1,-2,0,0,0,56,-85,-6,None
0,3,-6,-2,-1,1,-1,-1,-2,0,0,0,56,-85,-6,None
0,3,-6,-2,-1,1,-1,-1,-2,0,0,0,56,-82,-5,None
0,-3,-2,-3,1,1,-2,-1,-2,0,0,0,56,-82,-5,None
0,3,-2,-3,-1,-5,-2,-3,-2,0,0,0,56,-82,-5,None
0,-6,-5,-1,-3,2,1,-1,-1,0,0,0,56,-82,-5,None
0,4,18,-3,-3,0,0,-3,-2,0,0,0,56,-82,-5,None
0,4,18,-3,-3,0,0,-3,-2,0,0,0,56,-82,-5,None
0,4,18,-3,-3,0,0,-3,-2,0,0,0,55,-82,-5,None
0,4,-24,-5,1,-1,-1,0,-1,0,0,0,55,-82,-5,None
0,-3,-1,2,-2,4,-2,-1,-2,0,0,0,55,-82,-5,None
0,-6,-3,-1,5,0,-3,-2,-3,0,0,0,55,-82,-5,None
0,0,5,-1,-4,0,0,-1,-1,0,0,0,55,-82,-5,None
0,0,5,-1,-4,0,0,-1,-1,0,0,0,55,-82,-5,None
0,0,5,-1,-4,0,0,-1,-1,0,0,0,56,-84,-4,None
0,-1,6,-1,-3,2,0,0,-2,0,0,0,56,-84,-4,None
0,-1,-1,-2,-1,-2,0,0,-1,0,0,0,56,-84,-4,None
0,-5,-3,-2,-4,0,0,-2,-2,0,0,0,56,-84,-4,None
0,0,-9,-4,-1,1,-1,-1,-1,0,0,0,56,-84,-4,None
0,0,-9,-4,-1,1,-1,-1,-1,0,0,0,56,-84,-4,None
0,0,-9,-4,-1,1,-1,-1,-1,0,0,0,56,-85,-5,None
0,0,4,-1,-1,2,-2,-2,0,0,0,0,56,-85,-5,None
0,-4,-8,-2,-1,-4,-2,-1,0,0,0,0,56,-85,-5,None
0,2,15,-3,-3,0,-2,-1,-3,0,0,0,56,-85,-5,None
0,-1,-3,-2,0,0,-1,-1,-1,0,0,0,56,-85,-5,None
0,-1,-3,-2,0,0,-1,-1,-1,0,0,0,56,-85,-5,None
0,-1,-3,-2,0,0,-1,-1,-1,0,0,0,55,-85,-6,None
0,-2,5,-2,0,1,1,-1,-1,0,0,0,55,-85,-6,None
0,1,4,-3,-1,0,-1,-2,0,0,0,0,55,-85,-6,None
0,-2,-3,-1,2,1,-1,-3,-1,0,0,0,55,-85,-6,None
0,-4,5,-2,-3,-1,-1,-1,-2,0,0,0,55,-85,-6,None
0,-4,5,-2,-3,-1,-1,-1,-2,0,0,0,55,-85,-6,None
0,-4,5,-2,-3,-1,-1,-1,-2,0,0,0,55,-84,-7,None
0,-2,1,-1,-1,0,-2,-2,-1,0,0,0,55,-84,-7,None
0,-2,3,-1,-1,-1,-1,-1,-2,0,0,0,55,-84,-7,None
0,0,0,-1,-3,0,0,0,0,0,0,0,55,-84,-7,None
0,0,-8,-2,-1,0,-1,-2,0,0,0,0,55,-84,-7,None
0,0,-8,-2,-1,0,-1,-2,0,0,0,0,55,-84,-7,None
0,0,-8,-2,-1,0,-1,-2,0,0,0,0,55,-82,-8,None
0,2,29,-1,0,0,-1,-2,-2,0,0,0,55,-82,-8,None
0,-9,-41,-3,-2,-1,0,-1,-2,0,0,0,55,-82,-8,None
0,-3,-4,-4,-2,-1,-1,-1,-2,0,0,0,55,-82,-8,None
0,0,2,-2,1,1,-1,-2,0,0,0,0,55,-82,-8,None
0,0,2,-2,1,1,-1,-2,0,0,0,0,55,-82,-8,None
0,0,2,-2,1,1,-1,-2,0,0,0,0,55,-81,-8,None
0,1,0,-3,6,2,1,0,-1,0,0,0,55,-81,-8,None
0,3,9,-2,-6,-5,-2,-2,-1,0,0,0,55,-81,-8,None
0,-4,0,0,0,1,-1,-1,0,0,0,0,55,-81,-8,None
0,-1,-4,-2,-2,0,-2,-1,-2,0,0,0,55,-81,-8,None
0,-1,-4,-2,-2,0,-2,-1,-2,0,0,0,55,-81,-8,None
0,-1,-4,-2,-2,0,-2,-1,-2,0,0,0,56,-82,-10,None
0,-2,-2,-2,0,0,-3,-2,-1,0,0,0,56,-82,-10,None
0,1,7,-2,1,1,-1,-1,0,0,0,0,56,-82,-10,None
0,-3,-6,-2,-3,-1,-1,-1,-1,0,0,0,56,-82,-10,None
0,0,3,-2,0,-1,0,-1,-1,0,0,0,56,-82,-10,None
0,0,3,-2,0,-1,0,-1,-1,0,0,0,56,-82,-10,None
0,0,3,-2,0,-1,0,-1,-1,0,0,0,56,-81,-10,None
0,-1,-5,-1,-2,0,-2,-1,-3,0,0,0,56,-81,-10,None
0,0,10,-3,1,0,0,-1,-1,0,0,0,56,-81,-10,None
0,-2,14,-1,-1,-2,-2,-1,-2,0,0,0,56,-81,-10,None
0,3,-1,-2,1,2,-1,-1,-2,0,0,0,56,-81,-10,None
0,3,-1,-2,1,2,-1,-1,-2,0,0,0,56,-81,-10,None
0,3,-1,-2,1,2,-1,-1,-2,0,0,0,56,-81,-11,None
0,-2,-4,0,-1,1,0,0,-1,0,0,0,56,-81,-11,None
0,0,0,-4,0,1,-1,-1,-2,0,0,0,56,-81,-11,None
0,-3,5,-2,0,0,-1,0,-1,0,0,0,56,-81,-11,None
0,-1,-2,0,-3,-2,-1,-1,-2,0,0,0,56,-81,-11,None
0,-1,-2,0,-3,-2,-1,-1,-2,0,0,0,56,-81,-11,None
0,-1,-2,0,-3,-2,-1,-1,-2,0,0,0,56,-81,-11,None
0,0,-6,-3,-2,-1,0,-2,0,0,0,0,56,-81,-11,None
0,0,13,0,0,0,-1,-1,-1,0,0,0,56,-81,-11,None
0,-2,-4,-2,-3,1,0,-1,-2,0,0,0,56,-81,-11,None
0,-3,-3,-2,-2,1,-1,-1,-1,0,0,0,56,-81,-11,None
0,-3,-3,-2,-2,1,-1,-1,-1,0,0,0,56,-81,-11,None
0,-3,-3,-2,-2,1,-1,-1,-1,0,0,0,56,-81,-10,None
0,0,-2,-3,-2,0,-1,-1,-1,0,0,0,56,-81,-10,None
0,-3,0,-2,0,1,-1,-2,-2,0,0,0,56,-81,-10,None
0,0,-5,-2,1,1,-1,-1,-2,0,0,0,56,-81,-10,None
0,-2,-5,-3,1,0,-2,-2,-1,0,0,0,56,-81,-10,None
0,-2,-5,-3,1,0,-2,-2,-1,0,0,0,56,-81,-10,None
0,-2,-5,-3,1,0,-2,-2,-1,0,0,0,57,-81,-9,None
0,-1,2,-3,1,1,-2,-2,-2,0,0,0,57,-81,-9,None
0,0,2,1,1,-1,-2,-2,-2,0,0,0,57,-81,-9,None
0,-1,-4,-3,0,1,-2,-1,-1,0,0,0,57,-81,-9,None
0,1,4,-3,-1,1,0,-1,-1,0,0,0,57,-81,-9,None
0,1,4,-3,-1,1,0,-1,-1,0,0,0,57,-81,-9,None
0,1,4,-3,-1,1,0,-1,-1,0,0,0,57,-81,-8,None
0,-1,-2,-1,-1,1,-2,-1,-2,0,0,0,57,-81,-8,None
0,-3,1,-1,0,-1,-2,-2,-2,0,0,0,57,-81,-8,None
0,-2,0,-2,-1,0,-2,-1,-1,0,0,0,57,-81,-8,None
0,-2,-6,-1,-1,0,-1,-1,-1,0,0,0,57,-81,-8,None
0,-2,-6,-1,-1,0,-1,-1,-1,0,0,0,57,-81,-8,None
0,-2,-6,-1,-1,0,-1,-1,-1,0,0,0,57,-81,-8,None
0,2,19,-1,1,0,0,-2,-1,0,0,0,57,-81,-8,None
0,5,11,-1,-2,0,0,0,-2,0,0,0,57,-81,-8,None
0,-2,-6,1,-1,0,-1,0,-1,0,0,0,57,-81,-8,None
0,-2,-4,-2,3,1,-1,-3,-2,0,0,0,57,-81,-8,None
0,-2,-4,-2,3,1,-1,-3,-2,0,0,0,57,-81,-8,None
0,-2,-4,-2,3,1,-1,-3,-2,0,0,0,56,-82,-8,None
0,-3,-1,-3,0,2,-2,-1,-1,0,0,0,56,-82,-8,None
0,0,8,-3,-4,-1,-1,-3,0,0,0,0,56,-82,-8,None
0,0,1,-2,0,1,-1,-2,-1,0,0,0,56,-82,-8,None
0,-1,0,-2,-2,-1,-2,-1,-1,0,0,0,56,-82,-8,None
0,-1,0,-2,-2,-1,-2,-1,-1,0,0,0,56,-82,-8,None
0,-1,0,-2,-2,-1,-2,-1,-1,0,0,0,56,-82,-8,None
0,-1,-3,0,0,0,0,-2,-1,0,0,0,56,-82,-8,None
0,-3,-4,-2,1,1,-3,-1,-2,0,0,0,56,-82,-8,None
0,-2,-3,-3,-2,-1,-1,-1,-2,0,0,0,56,-82,-8,None
0,-2,0,0,1,1,0,-1,-1,0,0,0,56,-82,-8,None
0,-2,0,0,1,1,0,-1,-1,0,0,0,56,-82,-8,None
0,-2,0,0,1,1,0,-1,-1,0,0,0,55,-83,-7,None
0,-2,-11,-2,-2,0,0,-1,-3,0,0,0,55,-83,-7,None
0,1,-1,-1,0,0,0,1,-1,0,0,0,55,-83,-7,None
0,-4,4,0,0,1,-1,-2,-1,0,0,0,55,-83,-7,None
0,6,28,-3,-1,0,-1,0,0,0,0,0,55,-83,-7,None
0,6,28,-3,-1,0,-1,0,0,0,0,0,55,-83,-7,None
0,6,28,-3,-1,0,-1,0,0,0,0,0,55,-84,-8,None
0,-4,-25,-2,-2,-1,0,-1,0,0,0,0,55,-84,-8,None
0,-3,-4,-2,0,1,-2,-2,-1,0,0,0,55,-84,-8,None
0,0,0,-2,-1,0,-1,-1,-3,0,0,0,55,-84,-8,None
0,-2,7,0,-2,0,-1,-2,-2,0,0,0,55,-84,-8,None
0,-2,7,0,-2,0,-1,-2,-2,0,0,0,55,-84,-8,None
0,-2,7,0,-2,0,-1,-2,-2,0,0,0,56,-84,-8,None
0,0,7,-2,-1,0,-2,-2,-1,0,0,0,56,-84,-8,None
0,0,4,-2,0,2,0,0,-1,0,0,0,56,-84,-8,None
0,-6,-24,-4,-2,1,-2,-2,0,0,0,0,56,-84,-8,None
0,-1,-9,-1,2,0,-1,-2,-2,0,0,0,56,-84,-8,None
0,-1,-9,-1,2,0,-1,-2,-2,0,0,0,56,-84,-8,None
0,-1,-9,-1,2,0,-1,-2,-2,0,0,0,54,-83,-8,None
0,-2,4,-2,0,-1,-1,0,-1,0,0,0,54,-83,-8,None
0,-3,-4,-1,0,2,0,-2,-1,0,0,0,54,-83,-8,None
0,0,7,-2,-1,0,0,-1,-2,0,0,0,54,-83,-8,None
0,-4,-5,-2,-2,-1,-3,-2,-3,0,0,0,54,-83,-8,None
0,-4,-5,-2,-2,-1,-3,-2,-3,0,0,0,54,-83,-8,None
0,-4,-5,-2,-2,-1,-3,-2,-3,0,0,0,54,-83,-8,None
0,0,0,-1,0,0,-1,-2,-1,0,0,0,54,-83,-8,None
0,0,3,-2,-2,-1,-2,-1,-2,0,0,0,54,-83,-8,None
0,0,7,-3,-2,0,-2,0,-1,0,0,0,54,-83,-8,None
0,-2,-5,-4,-1,0,0,0,-1,0,0,0,54,-83,-8,None
0,-2,-5,-4,-1,0,0,0,-1,0,0,0,54,-83,-8,None
0,-2,-5,-4,-1,0,0,0,-1,0,0,0,55,-83,-9,None
0,-1,7,-1,-1,1,-2,-1,-1,0,0,0,55,-83,-9,None
0,-3,1,-3,-1,-1,-2,-1,-1,0,0,0,55,-83,-9,None
0,-4,-22,-2,-2,0,0,-3,-4,0,0,0,55,-83,-9,None
0,-2,14,0,-1,-1,-1,-1,-1,0,0,0,55,-83,-9,None
0,-2,14,0,-1,-1,-1,-1,-1,0,0,0,55,-83,-9,None
0,-2,14,0,-1,-1,-1,-1,-1,0,0,0,55,-82,-8,None
0,-2,-9,-1,-1,-1,-1,-2,0,0,0,0,55,-82,-8,None
0,-2,-8,-2,1,6,-1,-1,-2,0,0,0,55,-82,-8,None
0,1,7,-2,3,1,-2,-1,-1,0,0,0,55,-82,-8,None
0,-1,2,-2,-4,1,0,-1,0,0,0,0,55,-82,-8,None
0,-1,2,-2,-4,1,0,-1,0,0,0,0,55,-82,-8,None
0,-1,2,-2,-4,1,0,-1,0,0,0,0,56,-82,-9,None
0,-2,3,-2,0,-1,0,0,-3,0,0,0,56,-82,-9,None
0,-1,3,-3,-1,-3,-2,-2,-2,0,0,0,56,-82,-9,None
0,0,7,-1,-1,-1,-1,-1,-1,0,0,0,56,-82,-9,None
0,-3,-10,-3,1,0,-1,-1,-2,0,0,0,56,-82,-9,None
0,-3,-10,-3,1,0,-1,-1,-2,0,0,0,56,-82,-9,None
0,-3,-10,-3,1,0,-1,-1,-2,0,0,0,57,-81,-8,None
0,0,6,-2,0,0,-2,-1,-1,0,0,0,57,-81,-8,None
0,-1,-5,-3,1,-1,0,-1,-1,0,0,0,57,-81,-8,None
0,0,7,-1,-1,0,-1,0,0,0,0,0,57,-81,-8,None
0,-3,-2,-2,-2,0,0,0,-2,0,0,0,57,-81,-8,None
0,-3,-2,-2,-2,0,0,0,-2,0,0,0,57,-81,-8,None
0,-3,-2,-2,-2,0,0,0,-2,0,0,0,56,-81,-9,None
0,-1,-18,-4,-4,1,-2,-1,-2,0,0,0,56,-81,-9,None
0,0,7,0,0,0,-2,-1,-3,0,0,0,56,-81,-9,None
0,-2,2,-2,1,2,-1,-1,0,0,0,0,56,-81,-9,None
0,-3,-4,-2,-1,1,-2,-1,-2,0,0,0,56,-81,-9,None
0,-3,-4,-2,-1,1,-2,-1,-2,0,0,0,56,-81,-9,None
0,-3,-4,-2,-1,1,-2,-1,-2,0,0,0,57,-81,-9,None
0,-2,5,0,-3,0,-1,-1,-2,0,0,0,57,-81,-9,None
