0,-2,-1,-1,-8,-11,-47,-51,-2,0,0,0,96,-104,10,None
0,-3,0,-6,0,7,24,30,-1,0,0,0,96,-104,10,None
0,-1,0,2,7,-2,-17,11,2,0,0,0,96,-104,10,None
0,-1,0,2,7,-2,-17,11,2,0,0,0,96,-104,10,None
0,-1,0,2,7,-2,-17,11,2,0,0,0,82,-117,1,None
0,1,1,-7,-4,9,11,-14,2,0,0,0,82,-117,1,None
0,-1,2,6,24,-4,21,31,1,0,0,0,82,-117,1,None
0,-3,-4,-7,-27,-10,-35,-26,-3,0,0,0,82,-117,1,None
0,-3,-2,-7,4,7,-27,-22,-5,0,0,0,82,-117,1,None
0,-3,-2,-7,4,7,-27,-22,-5,0,0,0,82,-117,1,None
0,-3,-2,-7,4,7,-27,-22,-5,0,0,0,63,-136,0,None
0,-3,1,-4,1,-7,-20,-4,-3,0,0,0,63,-136,0,None
0,-1,1,-6,-7,11,-9,-6,-2,0,0,0,63,-136,0,None
0,2,3,5,13,-8,18,-4,-1,0,0,0,63,-136,0,None
0,-1,0,-1,-2,-5,-13,3,-1,0,0,0,63,-136,0,None
0,-1,0,-1,-2,-5,-13,3,-1,0,0,0,63,-136,0,None
0,-1,0,-1,-2,-5,-13,3,-1,0,0,0,54,-133,8,None
0,-2,0,-2,-2,3,1,-8,-1,0,0,0,54,-133,8,None
0,-2,-3,-7,-3,17,22,6,-4,0,0,0,54,-133,8,None
0,-2,-1,-2,2,5,-29,-6,-1,0,0,0,54,-133,8,None
0,-1,2,0,4,13,3,-9,-4,0,0,0,54,-133,8,None
0,-1,2,0,4,13,3,-9,-4,0,0,0,54,-133,8,None
0,-1,2,0,4,13,3,-9,-4,0,0,0,32,-127,8,None
0,-2,1,4,8,-23,12,5,-2,0,0,0,32,-127,8,None
0,1,0,-6,-15,0,-12,-3,-1,0,0,0,32,-127,8,None
0,-1,1,2,5,8,7,-11,0,0,0,0,32,-127,8,None
0,-1,0,-3,3,2,-7,19,2,0,0,0,32,-127,8,None
0,-1,0,-3,3,2,-7,19,2,0,0,0,32,-127,8,None
0,-1,0,-3,3,2,-7,19,2,0,0,0,12,-131,15,None
0,-1,-1,-2,13,-6,13,-9,-1,0,0,0,12,-131,15,None
0,-2,0,6,-20,-16,10,10,-3,0,0,0,12,-131,15,None
0,-3,-1,-3,9,50,-11,-3,-2,0,0,0,12,-131,15,None
0,-1,0,0,8,-34,-16,-19,-7,0,0,0,12,-131,15,None
0,-1,0,0,8,-34,-16,-19,-7,0,0,0,12,-131,15,None
0,-1,0,0,8,-34,-16,-19,-7,0,0,0,0,-134,17,None
0,-1,1,2,14,51,15,-3,2,0,0,0,0,-134,17,None
0,1,0,0,-3,-9,9,22,3,0,0,0,0,-134,17,None
0,1,2,-4,-8,-31,-7,-3,0,0,0,0,0,-134,17,None
0,-1,-2,-3,-38,0,-4,-5,-4,0,0,0,0,-134,17,None
0,-1,-2,-3,-38,0,-4,-5,-4,0,0,0,0,-134,17,None
0,-1,-2,-3,-38,0,-4,-5,-4,0,0,0,-8,-128,20,None
0,0,1,2,41,3,6,7,0,0,0,0,-8,-128,20,None
0,-3,-1,0,-18,29,4,-11,-3,0,0,0,-8,-128,20,None
0,-2,2,1,26,-15,-21,-1,0,0,0,0,-8,-128,20,None
0,-3,-1,-1,30,-2,8,2,0,0,0,0,-8,-128,20,None
0,-3,-1,-1,30,-2,8,2,0,0,0,0,-8,-128,20,None
0,-3,-1,-1,30,-2,8,2,0,0,0,0,-16,-115,16,None
0,-1,0,-7,-75,41,-13,-9,-3,0,0,0,-16,-115,16,None
0,-3,-2,-2,5,-43,-2,-1,-3,0,0,0,-16,-115,16,None
0,0,2,0,-13,7,3,2,1,0,0,0,-16,-115,16,None
0,-1,1,-1,16,17,7,2,1,0,0,0,-16,-115,16,None
0,-1,1,-1,16,17,7,2,1,0,0,0,-16,-115,16,None
0,-1,1,-1,16,17,7,2,1,0,0,0,-25,-102,18,None
0,1,0,2,40,-1,-2,-4,-1,0,0,0,-25,-102,18,None
0,-1,1,-1,-33,23,0,0,0,0,0,0,-25,-102,18,None
0,-2,-3,-7,-16,-12,-1,1,-3,0,0,0,-25,-102,18,None
0,-2,-1,1,44,37,2,-10,-4,0,0,0,-25,-102,18,None
0,-2,-1,1,44,37,2,-10,-4,0,0,0,-25,-102,18,None
0,-2,-1,1,44,37,2,-10,-4,0,0,0,-30,-96,15,None
0,-2,-2,-6,-55,-31,-10,-4,-3,0,0,0,-30,-96,15,None
0,1,4,3,-6,38,10,6,2,0,0,0,-30,-96,15,None
0,-3,-3,-8,-50,-29,-5,-6,-6,0,0,0,-30,-96,15,None
0,-1,0,-2,6,-13,-6,-6,-4,0,0,0,-30,-96,15,None
0,-1,0,-2,6,-13,-6,-6,-4,0,0,0,-30,-96,15,None
0,-1,0,-2,6,-13,-6,-6,-4,0,0,0,-36,-89,16,None
0,-1,1,-1,3,-20,-5,2,3,0,0,0,-36,-89,16,None
0,-4,-3,-6,27,15,0,-3,-4,0,0,0,-36,-89,16,None
0,1,1,-2,-5,34,7,-2,-2,0,0,0,-36,-89,16,None
0,-2,0,-1,-38,-32,-3,-3,-2,0,0,0,-36,-89,16,None
0,-2,0,-1,-38,-32,-3,-3,-2,0,0,0,-36,-89,16,None
0,-2,0,-1,-38,-32,-3,-3,-2,0,0,0,-43,-78,9,None
0,-2,1,2,17,40,1,-4,-2,0,0,0,-43,-78,9,None
0,1,2,-3,-48,2,7,6,2,0,0,0,-43,-78,9,None
0,-5,-5,-2,18,11,0,-5,-4,0,0,0,-43,-78,9,None
0,1,1,2,70,-7,1,2,0,0,0,0,-43,-78,9,None
0,1,1,2,70,-7,1,2,0,0,0,0,-43,-78,9,None
0,1,1,2,70,-7,1,2,0,0,0,0,-49,-74,4,None
0,-1,1,-8,-50,-23,-12,-7,-5,0,0,0,-49,-74,4,None
0,-2,0,-1,16,8,8,2,1,0,0,0,-49,-74,4,None
0,1,4,1,14,-24,-3,0,2,0,0,0,-49,-74,4,None
0,-1,1,0,-12,53,5,1,-1,0,0,0,-49,-74,4,None
0,-1,1,0,-12,53,5,1,-1,0,0,0,-49,-74,4,None
0,-1,1,0,-12,53,5,1,-1,0,0,0,-48,-68,3,None
0,-2,-2,-8,24,-11,-11,-5,-2,0,0,0,-48,-68,3,None
0,-2,1,1,50,30,-2,-2,-5,0,0,0,-48,-68,3,None
0,-1,2,7,93,7,-1,-1,-2,0,0,0,-48,-68,3,None
0,-2,-1,-7,12,-51,2,-2,-1,0,0,0,-48,-68,3,None
0,-2,-1,-7,12,-51,2,-2,-1,0,0,0,-48,-68,3,None
0,-2,-1,-7,12,-51,2,-2,-1,0,0,0,-53,-60,1,None
0,0,-3,-7,-21,-47,-2,-1,0,0,0,0,-53,-60,1,None
0,-1,2,0,-7,-29,-3,-2,-3,0,0,0,-53,-60,1,None
0,-1,1,3,-19,34,1,1,1,0,0,0,-53,-60,1,None
0,1,5,3,-55,-47,-3,-2,1,0,0,0,-53,-60,1,None
0,1,5,3,-55,-47,-3,-2,1,0,0,0,-53,-60,1,None
0,1,5,3,-55,-47,-3,-2,1,0,0,0,-56,-53,3,None
0,-1,1,9,8,-14,6,2,0,0,0,0,-56,-53,3,None
0,-2,-2,-9,-34,10,-2,-3,0,0,0,0,-56,-53,3,None
0,0,2,10,68,56,0,-2,-1,0,0,0,-56,-53,3,None
0,-2,-1,-3,-105,-35,-1,-2,-1,0,0,0,-56,-53,3,None
0,-2,-1,-3,-105,-35,-1,-2,-1,0,0,0,-56,-53,3,None
0,-2,-1,-3,-105,-35,-1,-2,-1,0,0,0,-60,-50,1,None
0,-1,1,5,33,4,-7,-1,-2,0,0,0,-60,-50,1,None
0,-4,-1,-13,-59,-56,-3,-5,-3,0,0,0,-60,-50,1,None
0,1,-1,-7,24,2,6,3,2,0,0,0,-60,-50,1,None
0,-1,0,-9,-16,56,3,-2,-2,0,0,0,-60,-50,1,None
0,-1,0,-9,-16,56,3,-2,-2,0,0,0,-60,-50,1,None
0,-1,0,-9,-16,56,3,-2,-2,0,0,0,-62,-51,3,None
0,3,21,-5,-29,-26,-1,-1,-1,0,0,0,-62,-51,3,None
0,-4,-26,0,36,-1,-2,-1,-2,0,0,0,-62,-51,3,None
0,-2,1,-7,-58,-11,-6,-3,-2,0,0,0,-62,-51,3,None
0,-3,-5,-4,58,38,-1,1,-1,0,0,0,-62,-51,3,None
0,-3,-5,-4,58,38,-1,1,-1,0,0,0,-62,-51,3,None
0,-3,-5,-4,58,38,-1,1,-1,0,0,0,-61,-47,3,None
0,5,23,5,71,19,4,1,2,0,0,0,-61,-47,3,None
0,2,2,-8,13,2,-1,-1,-1,0,0,0,-61,-47,3,None
0,-10,-31,-10,-34,-7,-5,-4,-4,0,0,0,-61,-47,3,None
0,-1,-5,-1,45,6,0,0,-2,0,0,0,-61,-47,3,None
0,-1,-5,-1,45,6,0,0,-2,0,0,0,-61,-47,3,None
0,-1,-5,-1,45,6,0,0,-2,0,0,0,-61,-45,6,None
0,-1,2,12,73,24,1,0,-2,0,0,0,-61,-45,6,None
0,0,6,-5,-45,-9,-7,-2,-1,0,0,0,-61,-45,6,None
0,-1,4,-5,0,2,-1,-1,-1,0,0,0,-61,-45,6,None
0,6,53,1,-54,-45,-3,0,1,0,0,0,-61,-45,6,None
0,6,53,1,-54,-45,-3,0,1,0,0,0,-61,-45,6,None
0,6,53,1,-54,-45,-3,0,1,0,0,0,-64,-42,11,None
0,-14,-68,4,33,29,2,0,-1,0,0,0,-64,-42,11,None
0,0,7,-6,-2,-29,-1,-2,-2,0,0,0,-64,-42,11,None
0,-1,0,-4,-39,-54,-5,-3,-2,0,0,0,-64,-42,11,None
0,-1,2,2,10,27,-2,-1,-1,0,0,0,-64,-42,11,None
0,-1,2,2,10,27,-2,-1,-1,0,0,0,-64,-42,11,None
0,-1,2,2,10,27,-2,-1,-1,0,0,0,-64,-41,13,None
0,2,15,-5,-45,-40,-1,-1,-1,0,0,0,-64,-41,13,None
0,0,4,7,84,22,6,2,0,0,0,0,-64,-41,13,None
0,1,5,-1,-21,4,2,-3,0,0,0,0,-64,-41,13,None
0,-5,-14,-6,-19,19,-42,-11,-6,0,0,0,-64,-41,13,None
0,-5,-14,-6,-19,19,-42,-11,-6,0,0,0,-64,-41,13,None
0,-5,-14,-6,-19,19,-42,-11,-6,0,0,0,-65,-38,16,None
0,2,4,-6,-19,-39,56,12,4,0,0,0,-65,-38,16,None
0,-4,-6,-2,9,22,-20,-8,-5,0,0,0,-65,-38,16,None
0,-1,10,13,27,33,-63,-11,-3,0,0,0,-65,-38,16,None
0,63,-2,-7,-47,-39,77,31,49,0,0,0,-65,-38,16,None
0,63,-2,-7,-47,-39,77,31,49,0,0,0,-65,-38,16,None
0,63,-2,-7,-47,-39,77,31,49,0,0,0,-67,-35,19,None
0,-40,0,3,-1,16,-94,-26,1,0,0,0,-67,-35,19,None
0,29,15,-55,-23,24,100,45,37,0,0,0,-67,-35,19,None
0,-113,-12,-25,-42,-110,3,3,-20,0,0,0,-67,-35,19,None
0,101,27,4,34,76,-100,-32,30,0,0,0,-67,-35,19,None
0,101,27,4,34,76,-100,-32,30,0,0,0,-67,-35,19,None
0,101,27,4,34,76,-100,-32,30,0,0,0,-69,-28,22,None
0,-109,-48,-47,-81,-61,-65,43,49,0,0,0,-69,-28,22,None
0,116,-10,-65,-67,53,50,-22,-112,0,0,0,-69,-28,22,None
0,-76,14,29,101,23,24,13,127,0,0,0,-69,-28,22,None
0,-20,35,-36,-102,-63,50,-13,-128,0,0,0,-69,-28,22,None
0,-20,35,-36,-102,-63,50,-13,-128,0,0,0,-69,-28,22,None
0,-20,35,-36,-102,-63,50,-13,-128,0,0,0,-93,-8,9,None
0,55,-49,-62,-7,66,-88,-38,66,0,0,0,-93,-8,9,None
0,-32,-60,-49,-64,-67,-5,-39,-98,0,0,0,-93,-8,9,None
0,127,19,58,8,62,-114,-36,78,0,0,0,-93,-8,9,None
0,-115,-5,16,-4,-82,45,20,69,0,0,0,-93,-8,9,None
0,-115,-5,16,-4,-82,45,20,69,0,0,0,-93,-8,9,None
0,-115,-5,16,-4,-82,45,20,69,0,0,0,-96,-23,15,None
0,91,103,20,38,45,10,30,2,0,0,0,-96,-23,15,None
0,14,2,59,20,-101,30,41,104,0,0,0,-96,-23,15,None
0,32,-9,-20,-33,83,86,4,-21,0,0,0,-96,-23,15,None
0,-13,-21,21,33,50,-17,-1,-60,0,0,0,-96,-23,15,None
0,-13,-21,21,33,50,-17,-1,-60,0,0,0,-96,-23,15,None
0,-13,-21,21,33,50,-17,-1,-60,0,0,0,-76,-28,7,None
0,-15,-6,16,-9,-8,-7,-17,-41,0,0,0,-76,-28,7,None
0,-24,2,10,35,-4,-84,-17,42,0,0,0,-76,-28,7,None
0,32,10,-7,3,-29,0,8,-21,0,0,0,-76,-28,7,None
0,-23,-6,-3,21,-1,-5,15,28,0,0,0,-76,-28,7,None
0,-23,-6,-3,21,-1,-5,15,28,0,0,0,-76,-28,7,None
0,-23,-6,-3,21,-1,-5,15,28,0,0,0,-13,-75,-3,None
0,4,22,-3,85,28,42,-12,-33,0,0,0,-13,-75,-3,None
0,0,-23,31,11,35,-18,-13,-10,0,0,0,-13,-75,-3,None
0,-74,54,-24,-113,-93,9,4,-47,0,0,0,-13,-75,-3,None
0,37,50,10,93,121,2,-1,-5,0,0,0,-13,-75,-3,None
0,37,50,10,93,121,2,-1,-5,0,0,0,-13,-75,-3,None
0,37,50,10,93,121,2,-1,-5,0,0,0,-32,-24,13,None
0,-41,-51,3,20,-107,12,-40,-29,0,0,0,-32,-24,13,None
0,37,81,21,30,34,-15,12,-6,0,0,0,-32,-24,13,None
0,-78,-18,-25,34,55,-4,-3,-78,0,0,0,-32,-24,13,None
0,92,27,20,94,97,23,86,33,0,0,0,-32,-24,13,None
0,92,27,20,94,97,23,86,33,0,0,0,-32,-24,13,None
0,92,27,20,94,97,23,86,33,0,0,0,-108,-41,20,None
0,-79,-69,-14,25,-9,-22,-39,-8,0,0,0,-108,-41,20,None
0,53,78,8,-8,9,-26,30,13,0,0,0,-108,-41,20,None
0,96,10,-8,3,-96,-1,-26,9,0,0,0,-108,-41,20,None
0,-69,-1,-13,51,-7,-15,-23,-33,0,0,0,-108,-41,20,None
0,-69,-1,-13,51,-7,-15,-23,-33,0,0,0,-108,-41,20,None
0,-69,-1,-13,51,-7,-15,-23,-33,0,0,0,-97,-59,24,None
0,28,-35,25,10,47,56,6,18,0,0,0,-97,-59,24,None
0,-32,-51,11,37,99,-16,-19,38,0,0,0,-97,-59,24,None
0,-8,-46,-6,9,-79,-6,0,-30,0,0,0,-97,-59,24,None
0,17,-56,-24,-82,-38,-1,-25,27,0,0,0,-97,-59,24,None
0,17,-56,-24,-82,-38,-1,-25,27,0,0,0,-97,-59,24,None
0,17,-56,-24,-82,-38,-1,-25,27,0,0,0,-58,-14,27,None
0,31,127,19,-49,-109,-3,7,-14,0,0,0,-58,-14,27,None
0,-116,-66,-7,-12,14,-25,-28,-36,0,0,0,-58,-14,27,None
0,34,29,7,19,58,12,17,7,0,0,0,-58,-14,27,None
0,-27,6,-3,-29,-13,-16,-16,11,0,0,0,-58,-14,27,None
0,-27,6,-3,-29,-13,-16,-16,11,0,0,0,-58,-14,27,None
0,-27,6,-3,-29,-13,-16,-16,11,0,0,0,-99,2,20,None
0,3,-4,-1,-25,42,16,6,-6,0,0,0,-99,2,20,None
0,11,36,24,53,6,10,17,16,0,0,0,-99,2,20,None
0,-4,-7,-1,-19,-3,-2,4,4,0,0,0,-99,2,20,None
0,-28,-57,7,12,49,-99,-44,-23,0,0,0,-99,2,20,None
0,-28,-57,7,12,49,-99,-44,-23,0,0,0,-99,2,20,None
0,-28,-57,7,12,49,-99,-44,-23,0,0,0,-101,-22,28,None
0,33,19,-1,-92,-17,8,46,87,0,0,0,-101,-22,28,None
0,-46,2,-25,-3,52,-91,-7,120,0,0,0,-101,-22,28,None
0,70,-28,4,20,20,-60,-9,81,0,0,0,-101,-22,28,None
0,-117,-7,16,-34,-41,91,-10,-71,0,0,0,-101,-22,28,None
0,-117,-7,16,-34,-41,91,-10,-71,0,0,0,-101,-22,28,None
0,-117,-7,16,-34,-41,91,-10,-71,0,0,0,-110,-5,31,None
0,127,49,-34,12,-31,83,-15,-16,0,0,0,-110,-5,31,None
0,-78,8,36,29,-117,-67,-89,-128,0,0,0,-110,-5,31,None
0,-59,-14,-13,-21,80,37,1,37,0,0,0,-110,-5,31,None
0,-36,-8,-37,-38,-95,4,-9,57,0,0,0,-110,-5,31,None
0,-36,-8,-37,-38,-95,4,-9,57,0,0,0,-110,-5,31,None
0,-36,-8,-37,-38,-95,4,-9,57,0,0,0,-147,-16,-4,None
0,33,5,12,2,-51,96,46,33,0,0,0,-147,-16,-4,None
0,-3,39,-1,49,58,-45,6,-34,0,0,0,-147,-16,-4,None
0,-93,1,-21,-45,-55,45,17,19,0,0,0,-147,-16,-4,None
0,92,-7,-17,-53,-38,-52,-4,-49,0,0,0,-147,-16,-4,None
0,92,-7,-17,-53,-38,-52,-4,-49,0,0,0,-147,-16,-4,None
0,92,-7,-17,-53,-38,-52,-4,-49,0,0,0,-95,-69,10,None
0,-25,-42,6,6,127,-42,34,101,0,0,0,-95,-69,10,None
0,21,-9,7,-25,-54,-48,-5,-17,0,0,0,-95,-69,10,None
0,84,3,34,42,45,38,-19,-85,0,0,0,-95,-69,10,None
0,-51,4,0,4,30,-9,-14,-32,0,0,0,-95,-69,10,None
0,-51,4,0,4,30,-9,-14,-32,0,0,0,-95,-69,10,None
0,-51,4,0,4,30,-9,-14,-32,0,0,0,-26,-19,-5,None
0,72,-5,-27,-33,28,-53,-26,-50,0,0,0,-26,-19,-5,None
0,16,16,-8,20,-9,69,32,34,0,0,0,-26,-19,-5,None
0,-67,16,-6,4,20,-13,16,1,0,0,0,-26,-19,-5,None
0,32,-3,9,21,-37,8,11,75,0,0,0,-26,-19,-5,None
0,32,-3,9,21,-37,8,11,75,0,0,0,-26,-19,-5,None
0,32,-3,9,21,-37,8,11,75,0,0,0,-80,-45,24,None
0,31,21,10,12,17,-42,-24,-78,0,0,0,-80,-45,24,None
0,-32,0,8,-16,-15,40,11,-14,0,0,0,-80,-45,24,None
0,66,1,1,18,-19,-11,2,-6,0,0,0,-80,-45,24,None
0,-8,5,-8,6,7,-26,-11,-11,0,0,0,-80,-45,24,None
0,-8,5,-8,6,7,-26,-11,-11,0,0,0,-80,-45,24,None
0,-8,5,-8,6,7,-26,-11,-11,0,0,0,-128,-44,10,None
0,-99,-8,18,6,0,-9,-2,-11,0,0,0,-128,-44,10,None
0,14,-6,-15,-9,26,34,11,24,0,0,0,-128,-44,10,None
0,15,3,-17,-27,-10,-18,-11,-14,0,0,0,-128,-44,10,None
0,3,3,1,23,15,4,6,16,0,0,0,-128,-44,10,None
0,3,3,1,23,15,4,6,16,0,0,0,-128,-44,10,None
0,3,3,1,23,15,4,6,16,0,0,0,-80,-35,20,None
0,-46,-4,-4,-7,32,-12,-13,-19,0,0,0,-80,-35,20,None
0,20,-1,5,-24,-29,11,3,8,0,0,0,-80,-35,20,None
0,-4,12,-3,-4,-5,-19,-4,-11,0,0,0,-80,-35,20,None
0,-1,-5,13,24,6,7,3,14,0,0,0,-80,-35,20,None
0,-1,-5,13,24,6,7,3,14,0,0,0,-80,-35,20,None
0,-1,-5,13,24,6,7,3,14,0,0,0,-83,-17,22,None
0,-18,-1,-3,5,-18,-14,-5,-16,0,0,0,-83,-17,22,None
0,4,24,-7,-6,-12,-4,-4,5,0,0,0,-83,-17,22,None
0,-25,-23,8,60,36,-2,5,1,0,0,0,-83,-17,22,None
0,10,-4,-7,-10,-16,-1,2,13,0,0,0,-83,-17,22,None
0,10,-4,-7,-10,-16,-1,2,13,0,0,0,-83,-17,22,None
0,10,-4,-7,-10,-16,-1,2,13,0,0,0,-96,-1,24,None
0,-16,11,-12,-71,-16,-8,-15,-23,0,0,0,-96,-1,24,None
0,-14,-34,-6,14,23,8,5,14,0,0,0,-96,-1,24,None
0,-9,11,-9,-50,3,-8,-8,-21,0,0,0,-96,-1,24,None
0,23,11,15,75,11,4,-3,1,0,0,0,-96,-1,24,None
0,23,11,15,75,11,4,-3,1,0,0,0,-96,-1,24,None
0,23,11,15,75,11,4,-3,1,0,0,0,-93,-13,24,None
0,-51,-7,-4,-36,-3,-9,-19,61,0,0,0,-93,-13,24,None
0,1,13,0,-6,-28,5,34,-55,0,0,0,-93,-13,24,None
0,-13,4,1,30,20,4,1,18,0,0,0,-93,-13,24,None
0,33,-2,2,38,15,-6,-13,-20,0,0,0,-93,-13,24,None
0,33,-2,2,38,15,-6,-13,-20,0,0,0,-93,-13,24,None
0,33,-2,2,38,15,-6,-13,-20,0,0,0,-83,-30,24,None
0,-15,43,8,-42,-21,-5,9,-1,0,0,0,-83,-30,24,None
0,-1,-7,-23,-87,-13,2,-14,16,0,0,0,-83,-30,24,None
0,-6,-20,-4,22,22,-6,-5,0,0,0,0,-83,-30,24,None
0,-2,-6,-1,27,13,-4,-4,-2,0,0,0,-83,-30,24,None
0,-2,-6,-1,27,13,-4,-4,-2,0,0,0,-83,-30,24,None
0,-2,-6,-1,27,13,-4,-4,-2,0,0,0,-76,-36,20,None
0,2,10,5,64,17,2,9,-1,0,0,0,-76,-36,20,None
0,9,10,8,53,70,9,-1,15,0,0,0,-76,-36,20,None
0,11,14,2,-17,-87,-9,3,-12,0,0,0,-76,-36,20,None
0,-16,-2,-13,31,17,-5,-6,11,0,0,0,-76,-36,20,None
0,-16,-2,-13,31,17,-5,-6,11,0,0,0,-76,-36,20,None
0,-16,-2,-13,31,17,-5,-6,11,0,0,0,-80,-22,14,None
0,-1,-24,0,14,28,6,2,-20,0,0,0,-80,-22,14,None
0,-4,-2,1,-2,45,0,-10,-1,0,0,0,-80,-22,14,None
0,0,4,-1,-5,19,8,8,4,0,0,0,-80,-22,14,None
0,-1,3,-4,-62,-61,-7,3,11,0,0,0,-80,-22,14,None
0,-1,3,-4,-62,-61,-7,3,11,0,0,0,-80,-22,14,None
0,-1,3,-4,-62,-61,-7,3,11,0,0,0,-81,-13,10,None
0,-5,-6,-2,16,0,-7,-4,-13,0,0,0,-81,-13,10,None
0,8,5,-5,17,13,1,-2,5,0,0,0,-81,-13,10,None
0,1,-1,3,-16,4,-9,-19,10,0,0,0,-81,-13,10,None
0,-9,-13,-5,-7,-22,9,15,18,0,0,0,-81,-13,10,None
0,-9,-13,-5,-7,-22,9,15,18,0,0,0,-81,-13,10,None
0,-9,-13,-5,-7,-22,9,15,18,0,0,0,-71,-19,8,None
0,-5,23,-3,-30,32,3,12,-23,0,0,0,-71,-19,8,None
0,-4,-10,1,-9,-18,-2,-7,14,0,0,0,-71,-19,8,None
0,-3,4,-3,12,2,-6,4,3,0,0,0,-71,-19,8,None
0,-2,6,-4,-29,15,-4,-12,0,0,0,0,-71,-19,8,None
0,-2,6,-4,-29,15,-4,-12,0,0,0,0,-71,-19,8,None
0,-2,6,-4,-29,15,-4,-12,0,0,0,0,-67,-32,11,None
0,-4,-15,-3,-10,-46,2,3,-20,0,0,0,-67,-32,11,None
0,6,8,2,21,-19,0,1,9,0,0,0,-67,-32,11,None
0,-4,11,-1,1,24,6,2,-9,0,0,0,-67,-32,11,None
0,2,-1,-4,5,21,-4,-1,-6,0,0,0,-67,-32,11,None
0,2,-1,-4,5,21,-4,-1,-6,0,0,0,-67,-32,11,None
0,2,-1,-4,5,21,-4,-1,-6,0,0,0,-69,-31,12,None
0,-5,-4,-1,18,-40,-6,-10,-15,0,0,0,-69,-31,12,None
0,0,4,2,5,6,-8,-9,-4,0,0,0,-69,-31,12,None
0,3,-3,-5,-12,-8,3,8,0,0,0,0,-69,-31,12,None
0,-5,2,-3,-11,21,2,-2,-8,0,0,0,-69,-31,12,None
0,-5,2,-3,-11,21,2,-2,-8,0,0,0,-69,-31,12,None
0,-5,2,-3,-11,21,2,-2,-8,0,0,0,-69,-27,8,None
0,0,-14,-2,10,-12,-2,-4,-1,0,0,0,-69,-27,8,None
0,7,42,0,-5,-12,-4,2,2,0,0,0,-69,-27,8,None
0,-1,-19,1,3,-2,-5,-8,0,0,0,0,-69,-27,8,None
0,0,-13,-2,-30,-2,8,6,6,0,0,0,-69,-27,8,None
0,0,-13,-2,-30,-2,8,6,6,0,0,0,-69,-27,8,None
0,0,-13,-2,-30,-2,8,6,6,0,0,0,-57,-31,1,None
0,-4,-9,0,24,42,-3,-6,-3,0,0,0,-57,-31,1,None
0,-1,3,1,0,-26,-3,-3,-7,0,0,0,-57,-31,1,None
0,6,19,-6,9,6,-2,0,-7,0,0,0,-57,-31,1,None
0,-4,52,-1,-32,-30,-3,4,-1,0,0,0,-57,-31,1,None
0,-4,52,-1,-32,-30,-3,4,-1,0,0,0,-57,-31,1,None
0,-4,52,-1,-32,-30,-3,4,-1,0,0,0,-49,-40,10,None
0,-1,-1,2,26,18,0,-6,-2,0,0,0,-49,-40,10,None
0,-4,-17,-2,11,10,5,1,-2,0,0,0,-49,-40,10,None
0,-1,-5,-2,-10,-14,-5,-5,-4,0,0,0,-49,-40,10,None
0,-1,-6,0,-17,2,2,4,2,0,0,0,-49,-40,10,None
0,-1,-6,0,-17,2,2,4,2,0,0,0,-49,-40,10,None
0,-1,-6,0,-17,2,2,4,2,0,0,0,-57,-46,18,None
0,1,12,-4,5,3,-4,-3,0,0,0,0,-57,-46,18,None
0,-1,-5,-3,-9,-10,4,0,3,0,0,0,-57,-46,18,None
0,-4,-2,-1,4,-9,-5,-1,-5,0,0,0,-57,-46,18,None
0,2,7,1,-1,7,-4,-3,-5,0,0,0,-57,-46,18,None
0,2,7,1,-1,7,-4,-3,-5,0,0,0,-57,-46,18,None
0,2,7,1,-1,7,-4,-3,-5,0,0,0,-57,-45,14,None
0,-2,-2,0,-13,-9,-1,1,0,0,0,0,-57,-45,14,None
0,-6,-11,1,9,5,-8,-6,-4,0,0,0,-57,-45,14,None
0,1,5,-1,-2,-1,6,1,-2,0,0,0,-57,-45,14,None
0,-3,-9,-10,-14,-10,-2,-2,-3,0,0,0,-57,-45,14,None
0,-3,-9,-10,-14,-10,-2,-2,-3,0,0,0,-57,-45,14,None
0,-3,-9,-10,-14,-10,-2,-2,-3,0,0,0,-45,-53,11,None
0,0,-14,-3,16,13,1,1,2,0,0,0,-45,-53,11,None
0,-4,-2,-2,-14,-1,-1,-3,-3,0,0,0,-45,-53,11,None
0,-2,8,-3,-31,-12,-8,-5,-5,0,0,0,-45,-53,11,None
0,-1,-7,-2,-2,6,-2,0,1,0,0,0,-45,-53,11,None
0,-1,-7,-2,-2,6,-2,0,1,0,0,0,-45,-53,11,None
0,-1,-7,-2,-2,6,-2,0,1,0,0,0,-40,-65,18,None
0,0,5,-1,3,-7,-9,-4,-2,0,0,0,-40,-65,18,None
0,1,-1,-4,5,-8,10,2,-2,0,0,0,-40,-65,18,None
0,-2,2,-1,0,12,5,1,-1,0,0,0,-40,-65,18,None
0,0,-8,-6,-5,8,-6,-2,-2,0,0,0,-40,-65,18,None
0,0,-8,-6,-5,8,-6,-2,-2,0,0,0,-40,-65,18,None
0,0,-8,-6,-5,8,-6,-2,-2,0,0,0,-37,-79,26,None
0,-2,-6,-5,-12,3,-4,-5,-2,0,0,0,-37,-79,26,None
0,-2,-4,-3,-9,-12,-2,-1,-2,0,0,0,-37,-79,26,None
0,-2,-4,-1,15,10,-1,1,-1,0,0,0,-37,-79,26,None
0,0,10,1,11,7,-1,-1,-1,0,0,0,-37,-79,26,None
0,0,10,1,11,7,-1,-1,-1,0,0,0,-37,-79,26,None
0,0,10,1,11,7,-1,-1,-1,0,0,0,-33,-87,20,None
0,-1,1,0,0,5,6,-1,-1,0,0,0,-33,-87,20,None
0,-1,-3,-2,-25,-12,1,1,0,0,0,0,-33,-87,20,None
0,-4,0,1,40,2,-1,2,-4,0,0,0,-33,-87,20,None
0,0,4,-2,-19,5,-2,-3,-2,0,0,0,-33,-87,20,None
0,0,4,-2,-19,5,-2,-3,-2,0,0,0,-33,-87,20,None
0,0,4,-2,-19,5,-2,-3,-2,0,0,0,-26,-92,25,None
0,-2,-3,-4,-1,4,0,-1,0,0,0,0,-26,-92,25,None
0,0,-4,-2,-5,-6,4,1,2,0,0,0,-26,-92,25,None
0,-1,7,-3,-13,-2,-5,-2,-1,0,0,0,-26,-92,25,None
0,-2,-4,-1,12,-5,0,-1,-3,0,0,0,-26,-92,25,None
0,-2,-4,-1,12,-5,0,-1,-3,0,0,0,-26,-92,25,None
0,-2,-4,-1,12,-5,0,-1,-3,0,0,0,-20,-107,34,None
0,-1,-6,-3,-4,-5,-6,-2,-2,0,0,0,-20,-107,34,None
0,-2,-2,-3,2,13,-1,-2,0,0,0,0,-20,-107,34,None
0,-2,1,1,-4,7,5,1,-1,0,0,0,-20,-107,34,None
0,-2,-5,0,77,-16,-6,-2,-1,0,0,0,-20,-107,34,None
0,-2,-5,0,77,-16,-6,-2,-1,0,0,0,-20,-107,34,None
0,-2,-5,0,77,-16,-6,-2,-1,0,0,0,-20,-119,31,None
0,-3,-4,-8,-14,-7,-4,-3,-3,0,0,0,-20,-119,31,None
0,1,2,-2,-23,-6,-2,0,0,0,0,0,-20,-119,31,None
0,-2,2,6,60,0,-3,-3,-1,0,0,0,-20,-119,31,None
0,-2,-5,-1,-19,-3,-6,-2,-2,0,0,0,-20,-119,31,None
0,-2,-5,-1,-19,-3,-6,-2,-2,0,0,0,-20,-119,31,None
0,-2,-5,-1,-19,-3,-6,-2,-2,0,0,0,-19,-118,26,None
0,1,7,3,13,12,9,3,1,0,0,0,-19,-118,26,None
0,-2,-1,-2,4,-3,2,-1,1,0,0,0,-19,-118,26,None
0,3,2,18,89,9,1,0,1,0,0,0,-19,-118,26,None
0,-3,-7,-67,-91,-20,-12,-3,-4,0,0,0,-19,-118,26,None
0,-3,-7,-67,-91,-20,-12,-3,-4,0,0,0,-19,-118,26,None
0,-3,-7,-67,-91,-20,-12,-3,-4,0,0,0,-8,-108,27,None
0,-1,-2,4,22,20,6,1,-1,0,0,0,-8,-108,27,None
0,-3,-5,-7,-14,22,-7,-7,-4,0,0,0,-8,-108,27,None
0,-1,-1,-6,-17,-8,-4,-2,-2,0,0,0,-8,-108,27,None
0,-2,3,10,0,-7,0,-3,-2,0,0,0,-8,-108,27,None
0,-2,3,10,0,-7,0,-3,-2,0,0,0,-8,-108,27,None
0,-2,3,10,0,-7,0,-3,-2,0,0,0,-1,-107,28,None
0,0,-1,6,10,-1,-2,-2,-1,0,0,0,-1,-107,28,None
0,1,0,-26,12,-4,2,1,-2,0,0,0,-1,-107,28,None
0,-1,2,6,-34,-3,-5,-1,-1,0,0,0,-1,-107,28,None
0,0,1,5,54,10,9,1,2,0,0,0,-1,-107,28,None
0,0,1,5,54,10,9,1,2,0,0,0,-1,-107,28,None
0,0,1,5,54,10,9,1,2,0,0,0,5,-117,24,None
0,-2,0,-3,-20,25,0,-3,-2,0,0,0,5,-117,24,None
0,-2,1,21,34,-35,-3,-3,-3,0,0,0,5,-117,24,None
0,-5,-3,-7,-42,-3,-2,-5,-4,0,0,0,5,-117,24,None
0,1,3,17,36,-3,7,4,3,0,0,0,5,-117,24,None
0,1,3,17,36,-3,7,4,3,0,0,0,5,-117,24,None
0,1,3,17,36,-3,7,4,3,0,0,0,11,-127,22,None
0,-2,-1,-13,-52,-22,-7,0,0,0,0,0,11,-127,22,None
0,0,6,9,37,4,7,4,-1,0,0,0,11,-127,22,None
0,-2,-2,-16,51,21,-3,-5,-2,0,0,0,11,-127,22,None
0,-3,-1,12,-16,36,3,1,-2,0,0,0,11,-127,22,None
0,-3,-1,12,-16,36,3,1,-2,0,0,0,11,-127,22,None
0,-3,-1,12,-16,36,3,1,-2,0,0,0,18,-135,13,None
0,-2,1,-25,-52,34,-7,-4,-1,0,0,0,18,-135,13,None
0,-2,-2,10,-7,-16,1,-1,-2,0,0,0,18,-135,13,None
0,3,5,4,-22,10,-3,0,1,0,0,0,18,-135,13,None
0,0,2,9,49,2,-3,-2,-3,0,0,0,18,-135,13,None
0,0,2,9,49,2,-3,-2,-3,0,0,0,18,-135,13,None
0,0,2,9,49,2,-3,-2,-3,0,0,0,27,-134,8,None
0,-1,-1,7,32,-8,-2,-6,-3,0,0,0,27,-134,8,None
0,0,-1,-17,-40,-37,-4,3,1,0,0,0,27,-134,8,None
0,-2,-2,-16,-6,61,4,-2,-3,0,0,0,27,-134,8,None
0,0,0,11,-22,-21,-8,-5,-1,0,0,0,27,-134,8,None
0,0,0,11,-22,-21,-8,-5,-1,0,0,0,27,-134,8,None
0,0,0,11,-22,-21,-8,-5,-1,0,0,0,31,-123,5,None
0,-1,0,-15,27,-7,3,-2,-1,0,0,0,31,-123,5,None
0,-1,1,-4,-35,-9,-7,-3,0,0,0,0,31,-123,5,None
0,-1,-1,7,-35,-32,6,1,-2,0,0,0,31,-123,5,None
0,-2,-3,-15,57,73,1,-3,-4,0,0,0,31,-123,5,None
0,-2,-3,-15,57,73,1,-3,-4,0,0,0,31,-123,5,None
0,-2,-3,-15,57,73,1,-3,-4,0,0,0,36,-110,7,None
0,-3,-3,-1,-68,-101,-15,0,-4,0,0,0,36,-110,7,None
0,0,2,14,22,55,5,-2,-2,0,0,0,36,-110,7,None
0,-4,-4,-23,28,6,-5,-2,-2,0,0,0,36,-110,7,None
0,3,3,7,2,29,4,-2,-1,0,0,0,36,-110,7,None
0,3,3,7,2,29,4,-2,-1,0,0,0,36,-110,7,None
0,3,3,7,2,29,4,-2,-1,0,0,0,42,-109,5,None
0,0,-1,-12,-15,-4,-4,-4,2,0,0,0,42,-109,5,None
0,-3,-1,13,27,-36,-5,-5,-4,0,0,0,42,-109,5,None
0,-1,2,9,21,60,16,12,1,0,0,0,42,-109,5,None
0,0,3,-3,62,3,12,1,2,0,0,0,42,-109,5,None
0,0,3,-3,62,3,12,1,2,0,0,0,42,-109,5,None
0,0,3,-3,62,3,12,1,2,0,0,0,47,-115,1,None
0,-5,-7,-16,2,-15,-3,-2,-5,0,0,0,47,-115,1,None
0,0,0,9,3,-19,-9,-5,0,0,0,0,47,-115,1,None
0,0,-1,2,49,28,-2,-3,-2,0,0,0,47,-115,1,None
0,-1,2,3,-5,-40,-4,1,-2,0,0,0,47,-115,1,None
0,-1,2,3,-5,-40,-4,1,-2,0,0,0,47,-115,1,None
0,-1,2,3,-5,-40,-4,1,-2,0,0,0,53,-112,0,None
0,1,4,14,31,35,5,3,1,0,0,0,53,-112,0,None
0,-2,-4,-19,-51,-3,-3,-3,-2,0,0,0,53,-112,0,None
0,-2,0,0,-34,-35,-7,-8,-3,0,0,0,53,-112,0,None
0,-1,1,-5,-43,-3,-2,1,1,0,0,0,53,-112,0,None
0,-1,1,-5,-43,-3,-2,1,1,0,0,0,53,-112,0,None
0,-1,1,-5,-43,-3,-2,1,1,0,0,0,55,-101,-3,None
0,0,4,11,45,-19,4,1,-2,0,0,0,55,-101,-3,None
0,-4,-5,-17,61,39,0,-4,-4,0,0,0,55,-101,-3,None
0,-1,1,-8,1,-5,0,-1,-2,0,0,0,55,-101,-3,None
0,-3,-2,-4,-34,-29,-10,-4,-3,0,0,0,55,-101,-3,None
0,-3,-2,-4,-34,-29,-10,-4,-3,0,0,0,55,-101,-3,None
0,-3,-2,-4,-34,-29,-10,-4,-3,0,0,0,55,-95,-2,None
0,2,3,6,23,9,6,-2,2,0,0,0,55,-95,-2,None
0,-1,4,25,57,58,5,4,-3,0,0,0,55,-95,-2,None
0,0,-4,-26,-14,-58,-11,-5,-2,0,0,0,55,-95,-2,None
0,-4,-2,-9,-30,8,-2,-2,-4,0,0,0,55,-95,-2,None
0,-4,-2,-9,-30,8,-2,-2,-4,0,0,0,55,-95,-2,None
0,-4,-2,-9,-30,8,-2,-2,-4,0,0,0,56,-94,-4,None
0,1,5,7,8,19,4,4,3,0,0,0,56,-94,-4,None
0,-1,1,12,-2,40,4,0,0,0,0,0,56,-94,-4,None
0,-4,2,2,27,-12,-8,-4,-4,0,0,0,56,-94,-4,None
0,-1,-2,0,-26,-23,2,-1,0,0,0,0,56,-94,-4,None
0,-1,-2,0,-26,-23,2,-1,0,0,0,0,56,-94,-4,None
0,-1,-2,0,-26,-23,2,-1,0,0,0,0,54,-92,-5,None
0,0,1,1,9,12,1,1,-2,0,0,0,54,-92,-5,None
0,1,1,-11,50,48,-4,-2,0,0,0,0,54,-92,-5,None
0,-2,-4,-22,-43,-37,-2,-2,0,0,0,0,54,-92,-5,None
0,-2,-1,-10,-65,-14,-6,-1,-2,0,0,0,54,-92,-5,None
0,-2,-1,-10,-65,-14,-6,-1,-2,0,0,0,54,-92,-5,None
0,-2,-1,-10,-65,-14,-6,-1,-2,0,0,0,54,-92,-5,None
0,-3,-2,5,51,4,-1,-3,-3,0,0,0,54,-92,-5,None
0,-1,-2,-11,-6,4,0,0,-1,0,0,0,54,-92,-5,None
0,-2,1,5,-12,-15,0,-1,0,0,0,0,54,-92,-5,None
0,-1,1,9,32,-4,0,-1,0,0,0,0,54,-92,-5,None
0,-1,1,9,32,-4,0,-1,0,0,0,0,54,-92,-5,None
0,-1,1,9,32,-4,0,-1,0,0,0,0,53,-88,-5,None
0,-3,-1,-3,-29,-28,-3,-4,-4,0,0,0,53,-88,-5,None
0,0,-1,-9,-51,-40,-4,-1,-2,0,0,0,53,-88,-5,None
0,1,17,9,8,24,0,-2,0,0,0,0,53,-88,-5,None
0,-4,-45,-8,7,-19,1,-1,-2,0,0,0,53,-88,-5,None
0,-4,-45,-8,7,-19,1,-1,-2,0,0,0,53,-88,-5,None
0,-4,-45,-8,7,-19,1,-1,-2,0,0,0,53,-83,-5,None
0,0,9,0,-55,-4,-5,-2,-4,0,0,0,53,-83,-5,None
0,-2,-4,-8,8,-46,0,0,1,0,0,0,53,-83,-5,None
0,-3,-1,5,-37,-3,-1,-2,-1,0,0,0,53,-83,-5,None
0,-3,-6,-11,13,-1,-2,-1,-1,0,0,0,53,-83,-5,None
0,-3,-6,-11,13,-1,-2,-1,-1,0,0,0,53,-83,-5,None
0,-3,-6,-11,13,-1,-2,-1,-1,0,0,0,54,-82,-5,None
0,-3,-1,4,62,89,-3,-4,-4,0,0,0,54,-82,-5,None
0,-2,-4,7,68,5,0,0,-1,0,0,0,54,-82,-5,None
0,-1,-4,-11,-32,-24,-4,-1,0,0,0,0,54,-82,-5,None
0,4,24,10,5,9,1,-1,0,0,0,0,54,-82,-5,None
0,4,24,10,5,9,1,-1,0,0,0,0,54,-82,-5,None
0,4,24,10,5,9,1,-1,0,0,0,0,55,-81,-7,None
0,-5,-26,7,-10,-10,-3,-2,-3,0,0,0,55,-81,-7,None
0,1,12,-6,-14,-9,-5,-2,-1,0,0,0,55,-81,-7,None
0,-3,-9,18,35,44,9,1,-1,0,0,0,55,-81,-7,None
0,2,9,-1,-7,4,-4,-3,-3,0,0,0,55,-81,-7,None
0,2,9,-1,-7,4,-4,-3,-3,0,0,0,55,-81,-7,None
0,2,9,-1,-7,4,-4,-3,-3,0,0,0,57,-80,-7,None
0,-1,4,-1,-7,-12,-1,0,-1,0,0,0,57,-80,-7,None
0,-6,-8,-8,-22,-2,-1,-1,-4,0,0,0,57,-80,-7,None
0,7,22,0,23,4,-1,-2,0,0,0,0,57,-80,-7,None
0,-1,3,0,-9,-15,-8,-4,-2,0,0,0,57,-80,-7,None
0,-1,3,0,-9,-15,-8,-4,-2,0,0,0,57,-80,-7,None
0,-1,3,0,-9,-15,-8,-4,-2,0,0,0,58,-79,-6,None
0,-4,3,-6,0,-2,4,0,-1,0,0,0,58,-79,-6,None
0,-2,2,-6,-32,19,1,0,-2,0,0,0,58,-79,-6,None
0,0,4,1,36,21,2,1,2,0,0,0,58,-79,-6,None
0,-3,8,-17,-87,-29,-9,-6,-4,0,0,0,58,-79,-6,None
0,-3,8,-17,-87,-29,-9,-6,-4,0,0,0,58,-79,-6,None
0,-3,8,-17,-87,-29,-9,-6,-4,0,0,0,59,-78,-6,None
0,1,0,-9,-29,-4,-3,-2,-2,0,0,0,59,-78,-6,None
0,1,17,-4,15,-28,-4,-3,-2,0,0,0,59,-78,-6,None
0,-3,-11,0,-32,-14,-2,-2,0,0,0,0,59,-78,-6,None
0,1,5,10,53,21,4,1,1,0,0,0,59,-78,-6,None
0,1,5,10,53,21,4,1,1,0,0,0,59,-78,-6,None
0,1,5,10,53,21,4,1,1,0,0,0,58,-88,-7,None
0,-1,-2,-2,10,2,1,-2,0,0,0,0,58,-88,-7,None
0,-3,-9,-9,-45,-38,-3,-2,-2,0,0,0,58,-88,-7,None
0,0,-3,0,11,34,0,-3,-4,0,0,0,58,-88,-7,None
0,2,31,-2,-64,-42,-1,1,-1,0,0,0,58,-88,-7,None
0,2,31,-2,-64,-42,-1,1,-1,0,0,0,58,-88,-7,None
0,2,31,-2,-64,-42,-1,1,-1,0,0,0,62,-98,-7,None
0,-6,-39,-10,-29,-10,-3,-3,-1,0,0,0,62,-98,-7,None
0,0,0,2,-3,18,0,-1,0,0,0,0,62,-98,-7,None
0,-2,-4,-3,-14,-36,-4,-1,-3,0,0,0,62,-98,-7,None
0,-1,-1,0,25,30,4,0,-1,0,0,0,62,-98,-7,None
0,-1,-1,0,25,30,4,0,-1,0,0,0,62,-98,-7,None
0,-1,-1,0,25,30,4,0,-1,0,0,0,62,-94,-4,None
0,2,12,-2,3,0,-1,-1,0,0,0,0,62,-94,-4,None
0,3,4,-3,9,-7,-1,-2,-1,0,0,0,62,-94,-4,None
0,-5,-17,-4,-58,-30,-3,-2,-4,0,0,0,62,-94,-4,None
0,-4,-6,-3,-21,36,1,-3,-2,0,0,0,62,-94,-4,None
0,-4,-6,-3,-21,36,1,-3,-2,0,0,0,62,-94,-4,None
0,-4,-6,-3,-21,36,1,-3,-2,0,0,0,55,-79,-4,None
0,2,10,1,30,-18,-1,-2,-1,0,0,0,55,-79,-4,None
0,-3,-11,-1,8,25,-2,0,-1,0,0,0,55,-79,-4,None
0,0,10,-5,-32,-14,-1,0,0,0,0,0,55,-79,-4,None
0,-3,-9,5,-35,-18,-3,-2,-3,0,0,0,55,-79,-4,None
0,-3,-9,5,-35,-18,-3,-2,-3,0,0,0,55,-79,-4,None
0,-3,-9,5,-35,-18,-3,-2,-3,0,0,0,54,-78,-3,None
0,-2,4,-5,-16,19,-1,-1,-1,0,0,0,54,-78,-3,None
0,1,9,-3,-10,-1,0,0,-1,0,0,0,54,-78,-3,None
0,0,-2,0,14,4,-3,-2,-2,0,0,0,54,-78,-3,None
0,-2,-4,-2,39,12,-1,-1,0,0,0,0,54,-78,-3,None
0,-2,-4,-2,39,12,-1,-1,0,0,0,0,54,-78,-3,None
0,-2,-4,-2,39,12,-1,-1,0,0,0,0,57,-85,-1,None
0,1,6,0,18,3,0,0,-1,0,0,0,57,-85,-1,None
0,-3,-6,2,-1,-28,-3,-1,-1,0,0,0,57,-85,-1,None
0,-2,2,-12,-8,6,-5,-3,-2,0,0,0,57,-85,-1,None
0,-3,-8,2,34,26,4,-2,-3,0,0,0,57,-85,-1,None
0,-3,-8,2,34,26,4,-2,-3,0,0,0,57,-85,-1,None
0,-3,-8,2,34,26,4,-2,-3,0,0,0,61,-88,-3,None
0,1,10,1,9,1,-2,0,-1,0,0,0,61,-88,-3,None
0,-1,-3,-2,3,-17,1,-1,0,0,0,0,61,-88,-3,None
0,-1,1,1,-1,-19,-1,0,-1,0,0,0,61,-88,-3,None
0,-1,4,-4,10,11,-1,0,-1,0,0,0,61,-88,-3,None
0,-1,4,-4,10,11,-1,0,-1,0,0,0,61,-88,-3,None
0,-1,4,-4,10,11,-1,0,-1,0,0,0,58,-85,-3,None
0,-2,-1,-3,-1,-2,-1,-3,-3,0,0,0,58,-85,-3,None
0,2,32,-2,-9,16,0,-2,0,0,0,0,58,-85,-3,None
0,-1,-28,1,20,-5,-3,0,-3,0,0,0,58,-85,-3,None
0,-3,-4,-6,-24,-24,-3,-3,-2,0,0,0,58,-85,-3,None
0,-3,-4,-6,-24,-24,-3,-3,-2,0,0,0,58,-85,-3,None
0,-3,-4,-6,-24,-24,-3,-3,-2,0,0,0,59,-81,-4,None
0,-3,0,0,13,20,3,0,-3,0,0,0,59,-81,-4,None
0,-2,1,-2,0,12,-1,-1,-1,0,0,0,59,-81,-4,None
0,0,12,-1,-3,-5,1,0,-1,0,0,0,59,-81,-4,None
0,0,-1,-1,31,-13,-1,0,1,0,0,0,59,-81,-4,None
0,0,-1,-1,31,-13,-1,0,1,0,0,0,59,-81,-4,None
0,0,-1,-1,31,-13,-1,0,1,0,0,0,59,-78,-4,None
0,3,3,-2,-9,-16,-2,-1,-1,0,0,0,59,-78,-4,None
0,-2,-8,-3,-7,10,1,-2,-2,0,0,0,59,-78,-4,None
0,-1,4,-1,16,4,-1,-2,-1,0,0,0,59,-78,-4,None
0,0,-4,2,27,7,-1,-1,-2,0,0,0,59,-78,-4,None
0,0,-4,2,27,7,-1,-1,-2,0,0,0,59,-78,-4,None
0,0,-4,2,27,7,-1,-1,-2,0,0,0,59,-79,-4,None
0,-2,6,-3,-43,-24,0,-2,-2,0,0,0,59,-79,-4,None
0,-1,-6,-1,-5,6,-2,-2,-3,0,0,0,59,-79,-4,None
0,-3,1,-2,4,6,-1,-1,-2,0,0,0,59,-79,-4,None
0,-1,3,-2,-6,-3,-2,-1,0,0,0,0,59,-79,-4,None
0,-1,3,-2,-6,-3,-2,-1,0,0,0,0,59,-79,-4,None
0,-1,3,-2,-6,-3,-2,-1,0,0,0,0,59,-81,-4,None
0,0,2,0,9,4,0,0,1,0,0,0,59,-81,-4,None
0,-2,-5,-3,2,-1,0,-1,-2,0,0,0,59,-81,-4,None
0,-3,0,-1,-4,-17,-1,-2,-1,0,0,0,59,-81,-4,None
0,3,1,-3,15,21,2,-3,-2,0,0,0,59,-81,-4,None
0,3,1,-3,15,21,2,-3,-2,0,0,0,59,-81,-4,None
0,3,1,-3,15,21,2,-3,-2,0,0,0,58,-80,-5,None
0,-2,3,-4,-29,-5,-3,-2,0,0,0,0,58,-80,-5,None
0,-1,-7,-3,-19,8,-3,-4,-2,0,0,0,58,-80,-5,None
0,-1,2,-2,13,11,0,-2,-1,0,0,0,58,-80,-5,None
0,-2,1,-2,-4,-5,-2,-1,-1,0,0,0,58,-80,-5,None
0,-2,1,-2,-4,-5,-2,-1,-1,0,0,0,58,-80,-5,None
0,-2,1,-2,-4,-5,-2,-1,-1,0,0,0,57,-78,-6,None
0,-1,-1,-3,10,-1,-1,-1,-1,0,0,0,57,-78,-6,None
0,-2,0,-2,-1,-4,-2,-2,-2,0,0,0,57,-78,-6,None
0,11,24,-2,-20,5,-2,-2,2,0,0,0,57,-78,-6,None
0,-9,-52,-5,8,-3,-1,-3,-3,0,0,0,57,-78,-6,None
0,-9,-52,-5,8,-3,-1,-3,-3,0,0,0,57,-78,-6,None
0,-9,-52,-5,8,-3,-1,-3,-3,0,0,0,57,-78,-7,None
0,0,-1,-1,-22,-5,0,-3,-1,0,0,0,57,-78,-7,None
0,-3,-2,-1,-3,-4,-1,-1,-2,0,0,0,57,-78,-7,None
0,-2,1,-1,11,-3,-1,-1,-1,0,0,0,57,-78,-7,None
0,0,14,-2,-7,1,-1,0,0,0,0,0,57,-78,-7,None
0,0,14,-2,-7,1,-1,0,0,0,0,0,57,-78,-7,None
0,0,14,-2,-7,1,-1,0,0,0,0,0,57,-80,-8,None
0,0,2,-1,19,10,-2,-1,-2,0,0,0,57,-80,-8,None
0,0,-6,-2,1,-2,-1,-2,-2,0,0,0,57,-80,-8,None
0,-1,-1,1,-9,-7,-2,-1,-1,0,0,0,57,-80,-8,None
0,-1,9,1,5,9,1,-2,-2,0,0,0,57,-80,-8,None
0,-1,9,1,5,9,1,-2,-2,0,0,0,57,-80,-8,None
0,-1,9,1,5,9,1,-2,-2,0,0,0,58,-81,-8,None
0,-2,-4,-2,-8,-4,0,-2,-2,0,0,0,58,-81,-8,None
0,1,8,-1,-20,-3,-1,-1,1,0,0,0,58,-81,-8,None
0,-2,-4,-3,-5,1,-2,-2,-3,0,0,0,58,-81,-8,None
0,-1,8,-2,-12,-7,-2,-1,0,0,0,0,58,-81,-8,None
0,-1,8,-2,-12,-7,-2,-1,0,0,0,0,58,-81,-8,None
0,-1,8,-2,-12,-7,-2,-1,0,0,0,0,57,-81,-8,None
0,-1,1,-2,16,9,-2,0,-2,0,0,0,57,-81,-8,None
0,-1,-3,-2,12,9,-1,-1,0,0,0,0,57,-81,-8,None
0,-3,0,-2,5,0,2,-1,0,0,0,0,57,-81,-8,None
0,-1,1,-1,7,7,-1,-1,0,0,0,0,57,-81,-8,None
0,-1,1,-1,7,7,-1,-1,0,0,0,0,57,-81,-8,None
0,-1,1,-1,7,7,-1,-1,0,0,0,0,57,-81,-7,None
0,-1,0,-5,-5,1,-2,-3,-1,0,0,0,57,-81,-7,None
0,-2,-2,-1,16,5,-1,-1,-1,0,0,0,57,-81,-7,None
0,-3,-2,-1,4,4,-3,-2,-2,0,0,0,57,-81,-7,None
0,1,8,-1,3,2,0,0,0,0,0,0,57,-81,-7,None
0,1,8,-1,3,2,0,0,0,0,0,0,57,-81,-7,None
0,1,8,-1,3,2,0,0,0,0,0,0,57,-81,-7,None
0,-2,0,0,11,-1,-3,-1,0,0,0,0,57,-81,-7,None
0,-2,0,-4,-7,1,0,-1,-2,0,0,0,57,-81,-7,None
0,2,12,0,-1,4,-3,-1,-2,0,0,0,57,-81,-7,None
0,-5,-31,-3,6,-19,-1,-1,-1,0,0,0,57,-81,-7,None
0,-5,-31,-3,6,-19,-1,-1,-1,0,0,0,57,-81,-7,None
0,-5,-31,-3,6,-19,-1,-1,-1,0,0,0,58,-81,-6,None
0,-1,-1,-4,-7,16,-4,-2,-3,0,0,0,58,-81,-6,None
0,-1,-1,-4,-7,10,-2,-1,-2,0,0,0,58,-81,-6,None
0,-4,-5,-3,7,6,1,-1,-1,0,0,0,58,-81,-6,None
0,1,11,-2,-1,0,0,-2,-1,0,0,0,58,-81,-6,None
0,1,11,-2,-1,0,0,-2,-1,0,0,0,58,-81,-6,None
0,1,11,-2,-1,0,0,-2,-1,0,0,0,58,-80,-5,None
0,-2,0,0,6,-11,0,1,0,0,0,0,58,-80,-5,None
0,4,-3,-2,14,6,0,-1,-1,0,0,0,58,-80,-5,None
0,-3,15,-3,9,-21,-5,-2,-4,0,0,0,58,-80,-5,None
0,-2,6,-2,-10,28,0,-2,-2,0,0,0,58,-80,-5,None
0,-2,6,-2,-10,28,0,-2,-2,0,0,0,58,-80,-5,None
0,-2,6,-2,-10,28,0,-2,-2,0,0,0,58,-80,-5,None
0,-2,-3,-5,-4,10,-1,-1,-2,0,0,0,58,-80,-5,None
0,-1,-2,-1,9,10,0,-2,-1,0,0,0,58,-80,-5,None
0,-2,8,1,-2,5,1,-1,-1,0,0,0,58,-80,-5,None
0,3,7,-1,2,-7,-2,-1,-2,0,0,0,58,-80,-5,None
0,3,7,-1,2,-7,-2,-1,-2,0,0,0,58,-80,-5,None
0,3,7,-1,2,-7,-2,-1,-2,0,0,0,58,-79,-4,None
0,-1,-1,0,5,-7,-2,0,-2,0,0,0,58,-79,-4,None
0,0,4,-2,2,-9,-2,-2,0,0,0,0,58,-79,-4,None
0,-2,-10,-3,-12,4,-1,-2,0,0,0,0,58,-79,-4,None
0,-1,3,-4,9,6,-3,-2,-1,0,0,0,58,-79,-4,None
0,-1,3,-4,9,6,-3,-2,-1,0,0,0,58,-79,-4,None
0,-1,3,-4,9,6,-3,-2,-1,0,0,0,59,-80,-4,None
0,-2,1,-2,3,-11,-2,-2,-2,0,0,0,59,-80,-4,None
0,-3,2,-1,-8,-7,-2,-1,-2,0,0,0,59,-80,-4,None
0,-1,-6,-1,-5,5,0,-1,-3,0,0,0,59,-80,-4,None
0,-1,5,-2,-5,-2,-1,-1,-3,0,0,0,59,-80,-4,None
0,-1,5,-2,-5,-2,-1,-1,-3,0,0,0,59,-80,-4,None
0,-1,5,-2,-5,-2,-1,-1,-3,0,0,0,58,-81,-5,None
0,1,3,0,9,-3,1,0,0,0,0,0,58,-81,-5,None
0,-1,0,-2,-6,-2,-1,0,-1,0,0,0,58,-81,-5,None
0,-1,-8,-3,7,1,-2,0,-2,0,0,0,58,-81,-5,None
0,-1,4,0,8,-18,-1,-1,0,0,0,0,58,-81,-5,None
0,-1,4,0,8,-18,-1,-1,0,0,0,0,58,-81,-5,None
0,-1,4,0,8,-18,-1,-1,0,0,0,0,59,-82,-6,None
0,2,23,-2,31,59,2,-3,-1,0,0,0,59,-82,-6,None
0,-2,-8,-1,7,-2,0,-3,-1,0,0,0,59,-82,-6,None
0,-1,-1,0,-9,5,0,-1,1,0,0,0,59,-82,-6,None
0,-3,3,0,2,-12,-1,1,-2,0,0,0,59,-82,-6,None
0,-3,3,0,2,-12,-1,1,-2,0,0,0,59,-82,-6,None
0,-3,3,0,2,-12,-1,1,-2,0,0,0,57,-80,-6,None
0,2,15,-2,-1,-12,-2,0,1,0,0,0,57,-80,-6,None
0,-4,-7,-1,-13,1,-1,0,0,0,0,0,57,-80,-6,None
0,-3,-4,-8,27,2,-3,-3,-2,0,0,0,57,-80,-6,None
0,0,0,-3,-2,10,-1,-3,0,0,0,0,57,-80,-6,None
0,0,0,-3,-2,10,-1,-3,0,0,0,0,57,-80,-6,None
0,0,0,-3,-2,10,-1,-3,0,0,0,0,56,-79,-8,None
0,-3,-4,0,-18,-10,-1,-2,-2,0,0,0,56,-79,-8,None
0,0,3,-3,-16,-16,-2,0,-1,0,0,0,56,-79,-8,None
0,-2,-5,-2,7,14,-1,-1,-3,0,0,0,56,-79,-8,None
0,-1,-2,-2,-2,2,0,-2,-1,0,0,0,56,-79,-8,None
0,-1,-2,-2,-2,2,0,-2,-1,0,0,0,56,-79,-8,None
0,-1,-2,-2,-2,2,0,-2,-1,0,0,0,57,-80,-8,None
0,-2,-9,-3,-3,-9,0,0,-1,0,0,0,57,-80,-8,None
0,-3,0,-2,-3,-6,0,-3,-3,0,0,0,57,-80,-8,None
0,-1,2,-2,-15,5,2,-1,0,0,0,0,57,-80,-8,None
0,-1,4,-3,-13,4,-1,-1,-2,0,0,0,57,-80,-8,None
0,-1,4,-3,-13,4,-1,-1,-2,0,0,0,57,-80,-8,None
0,-1,4,-3,-13,4,-1,-1,-2,0,0,0,59,-84,-9,None
0,-4,-7,0,10,5,0,0,0,0,0,0,59,-84,-9,None
0,-2,0,-2,0,-1,-2,-2,-1,0,0,0,59,-84,-9,None
0,0,3,-2,16,-5,-3,-2,0,0,0,0,59,-84,-9,None
0,-2,-2,-2,-37,-4,-4,-1,-2,0,0,0,59,-84,-9,None
0,-2,-2,-2,-37,-4,-4,-1,-2,0,0,0,59,-84,-9,None
0,-2,-2,-2,-37,-4,-4,-1,-2,0,0,0,59,-83,-9,None
0,-1,-4,-2,-10,-12,-2,-1,-2,0,0,0,59,-83,-9,None
0,0,4,-1,15,7,-1,-1,0,0,0,0,59,-83,-9,None
0,-5,-9,-3,-13,-13,1,0,-2,0,0,0,59,-83,-9,None
0,1,7,0,14,2,0,-2,1,0,0,0,59,-83,-9,None
0,1,7,0,14,2,0,-2,1,0,0,0,59,-83,-9,None
0,1,7,0,14,2,0,-2,1,0,0,0,59,-81,-7,None
0,1,0,0,4,-8,-1,-1,-1,0,0,0,59,-81,-7,None
0,-3,-1,-5,-36,-10,0,-2,-3,0,0,0,59,-81,-7,None
0,0,1,-2,-9,-2,-1,0,-1,0,0,0,59,-81,-7,None
0,-1,-3,-2,10,24,-2,-2,-2,0,0,0,59,-81,-7,None
0,-1,-3,-2,10,24,-2,-2,-2,0,0,0,59,-81,-7,None
0,-1,-3,-2,10,24,-2,-2,-2,0,0,0,59,-76,-6,None
0,-2,-1,-2,-8,-10,-1,-1,-1,0,0,0,59,-76,-6,None
0,1,0,0,5,3,-2,-2,0,0,0,0,59,-76,-6,None
0,-2,0,-2,6,29,1,0,-1,0,0,0,59,-76,-6,None
0,-1,-2,-5,-4,-9,-1,-3,-2,0,0,0,59,-76,-6,None
0,-1,-2,-5,-4,-9,-1,-3,-2,0,0,0,59,-76,-6,None
0,-1,-2,-5,-4,-9,-1,-3,-2,0,0,0,58,-74,-5,None
0,-1,-6,-3,0,4,-2,-2,-1,0,0,0,58,-74,-5,None
0,0,5,-1,5,-4,-2,-1,-1,0,0,0,58,-74,-5,None
0,-4,19,1,4,3,0,-1,-2,0,0,0,58,-74,-5,None
0,0,-1,-1,-13,-6,0,0,1,0,0,0,58,-74,-5,None
0,0,-1,-1,-13,-6,0,0,1,0,0,0,58,-74,-5,None
0,0,-1,-1,-13,-6,0,0,1,0,0,0,58,-77,-6,None
0,-1,-2,0,18,15,-1,-3,-1,0,0,0,58,-77,-6,None
0,-2,-3,-4,-13,-5,-3,-1,-2,0,0,0,58,-77,-6,None
0,1,3,-1,-13,-9,-2,-3,0,0,0,0,58,-77,-6,None
0,-4,1,-2,3,-3,1,-1,-1,0,0,0,58,-77,-6,None
0,-4,1,-2,3,-3,1,-1,-1,0,0,0,58,-77,-6,None
0,-4,1,-2,3,-3,1,-1,-1,0,0,0,59,-82,-5,None
0,1,-3,-3,-5,-5,-1,0,-1,0,0,0,59,-82,-5,None
0,1,4,-2,4,13,0,1,-2,0,0,0,59,-82,-5,None
0,0,2,-2,11,-4,-2,-2,-1,0,0,0,59,-82,-5,None
0,0,1,-2,-1,-2,-1,-2,-1,0,0,0,59,-82,-5,None
0,0,1,-2,-1,-2,-1,-2,-1,0,0,0,59,-82,-5,None
0,0,1,-2,-1,-2,-1,-2,-1,0,0,0,59,-81,-4,None
0,-1,-1,1,-6,-3,-1,-2,0,0,0,0,59,-81,-4,None
0,-2,-1,-4,5,8,-2,-1,-3,0,0,0,59,-81,-4,None
0,0,-3,-2,-4,-8,-1,-2,-2,0,0,0,59,-81,-4,None
0,-1,-1,-2,3,-8,-4,-1,-2,0,0,0,59,-81,-4,None
0,-1,-1,-2,3,-8,-4,-1,-2,0,0,0,59,-81,-4,None
0,-1,-1,-2,3,-8,-4,-1,-2,0,0,0,56,-80,-3,None
0,-1,2,-3,-3,2,1,1,-1,0,0,0,56,-80,-3,None
0,1,4,3,-8,-13,3,0,0,0,0,0,56,-80,-3,None
0,-2,-6,-5,2,-4,-4,-3,-2,0,0,0,56,-80,-3,None
0,-4,-1,0,1,7,1,-1,-2,0,0,0,56,-80,-3,None
0,-4,-1,0,1,7,1,-1,-2,0,0,0,56,-80,-3,None
0,-4,-1,0,1,7,1,-1,-2,0,0,0,56,-81,-4,None
0,-1,1,-2,-10,7,-4,-1,-3,0,0,0,56,-81,-4,None
0,-1,1,-4,-9,-4,-2,-1,0,0,0,0,56,-81,-4,None
0,0,-4,-1,-2,-1,0,0,1,0,0,0,56,-81,-4,None
0,-1,-3,-2,0,2,-1,0,-1,0,0,0,56,-81,-4,None
0,-1,-3,-2,0,2,-1,0,-1,0,0,0,56,-81,-4,None
0,-1,-3,-2,0,2,-1,0,-1,0,0,0,59,-83,-5,None
0,-2,0,-2,4,-1,-3,-2,-1,0,0,0,59,-83,-5,None
0,-3,-1,-1,25,7,0,-1,-2,0,0,0,59,-83,-5,None
0,-1,3,-1,-8,2,-1,-2,-1,0,0,0,59,-83,-5,None
0,-1,-10,-4,0,0,-2,-2,-1,0,0,0,59,-83,-5,None
0,-1,-10,-4,0,0,-2,-2,-1,0,0,0,59,-83,-5,None
0,-1,-10,-4,0,0,-2,-2,-1,0,0,0,60,-83,-7,None
0,-2,-1,-1,-3,-4,-3,-2,0,0,0,0,60,-83,-7,None
0,-2,2,-1,7,-1,-2,-2,-2,0,0,0,60,-83,-7,None
0,-3,-9,-3,-24,5,2,-2,-2,0,0,0,60,-83,-7,None
0,0,7,-1,-3,-3,1,0,-2,0,0,0,60,-83,-7,None
0,0,7,-1,-3,-3,1,0,-2,0,0,0,60,-83,-7,None
0,0,7,-1,-3,-3,1,0,-2,0,0,0,58,-80,-6,None
0,0,1,-2,-5,-6,-1,-1,0,0,0,0,58,-80,-6,None
0,-2,-4,-3,2,-2,-2,-3,-3,0,0,0,58,-80,-6,None
0,2,6,-1,1,-3,-2,-1,0,0,0,0,58,-80,-6,None
0,0,2,1,2,-1,-1,-2,-2,0,0,0,58,-80,-6,None
0,0,2,1,2,-1,-1,-2,-2,0,0,0,58,-80,-6,None
0,0,2,1,2,-1,-1,-2,-2,0,0,0,56,-79,-6,None
0,-1,-2,-1,0,-10,-2,-4,-2,0,0,0,56,-79,-6,None
0,4,8,-1,17,21,-1,-1,0,0,0,0,56,-79,-6,None
0,-3,-4,-1,-40,-20,0,0,-3,0,0,0,56,-79,-6,None
0,-2,-1,-5,12,7,-3,-4,-4,0,0,0,56,-79,-6,None
0,-2,-1,-5,12,7,-3,-4,-4,0,0,0,56,-79,-6,None
0,-2,-1,-5,12,7,-3,-4,-4,0,0,0,58,-83,-5,None
0,0,-1,-1,-1,3,1,-1,-1,0,0,0,58,-83,-5,None
0,-1,-2,-2,-6,-5,-2,-1,-2,0,0,0,58,-83,-5,None
0,1,0,0,4,0,0,1,-1,0,0,0,58,-83,-5,None
0,-1,0,-2,-3,-6,-1,-2,0,0,0,0,58,-83,-5,None
0,-1,0,-2,-3,-6,-1,-2,0,0,0,0,58,-83,-5,None
0,-1,0,-2,-3,-6,-1,-2,0,0,0,0,59,-83,-6,None
0,-2,1,-4,-3,1,-2,0,-2,0,0,0,59,-83,-6,None
0,-2,9,2,28,-5,-2,0,0,0,0,0,59,-83,-6,None
0,1,-23,-5,-8,27,0,-3,-2,0,0,0,59,-83,-6,None
0,-8,-21,-1,-15,7,2,-1,-1,0,0,0,59,-83,-6,None
0,-8,-21,-1,-15,7,2,-1,-1,0,0,0,59,-83,-6,None
0,-8,-21,-1,-15,7,2,-1,-1,0,0,0,59,-80,-7,None
0,-1,1,-1,16,2,-1,-2,-3,0,0,0,59,-80,-7,None
0,-5,-2,-3,-13,1,0,-1,-1,0,0,0,59,-80,-7,None
0,-1,0,-1,11,-8,-3,-1,-1,0,0,0,59,-80,-7,None
0,2,8,-2,0,3,-1,0,-1,0,0,0,59,-80,-7,None
0,2,8,-2,0,3,-1,0,-1,0,0,0,59,-80,-7,None
0,2,8,-2,0,3,-1,0,-1,0,0,0,58,-79,-7,None
0,-1,-5,0,-8,-7,0,-1,-1,0,0,0,58,-79,-7,None
0,1,1,-4,3,7,-1,-3,-2,0,0,0,58,-79,-7,None
0,0,9,0,6,0,1,-1,-1,0,0,0,58,-79,-7,None
0,0,4,-2,-11,-1,-1,0,-2,0,0,0,58,-79,-7,None
0,0,4,-2,-11,-1,-1,0,-2,0,0,0,58,-79,-7,None
0,0,4,-2,-11,-1,-1,0,-2,0,0,0,59,-79,-8,None
0,-4,4,-3,-23,-15,-3,-2,-2,0,0,0,59,-79,-8,None
0,-1,-1,-3,-2,11,-1,-3,-1,0,0,0,59,-79,-8,None
0,-3,1,-2,6,2,0,-1,-2,0,0,0,59,-79,-8,None
0,-1,4,-1,4,-7,-1,-1,1,0,0,0,59,-79,-8,None
0,-1,4,-1,4,-7,-1,-1,1,0,0,0,59,-79,-8,None
0,-1,4,-1,4,-7,-1,-1,1,0,0,0,59,-80,-8,None
0,-3,-4,-2,4,3,0,1,-2,0,0,0,59,-80,-8,None
0,-9,-9,-2,-9,-7,-1,-2,-2,0,0,0,59,-80,-8,None
0,2,6,-1,-6,2,-2,-1,-3,0,0,0,59,-80,-8,None
0,0,0,0,-1,14,2,0,0,0,0,0,59,-80,-8,None
0,0,0,0,-1,14,2,0,0,0,0,0,59,-80,-8,None
0,0,0,0,-1,14,2,0,0,0,0,0,59,-79,-8,None
0,0,5,-2,6,5,-3,-1,-2,0,0,0,59,-79,-8,None
0,-1,-5,-1,2,0,-1,-2,-3,0,0,0,59,-79,-8,None
0,-1,1,-1,0,-7,-2,-2,-1,0,0,0,59,-79,-8,None
0,-1,6,-2,5,-9,-3,0,-1,0,0,0,59,-79,-8,None
0,-1,6,-2,5,-9,-3,0,-1,0,0,0,59,-79,-8,None
0,-1,6,-2,5,-9,-3,0,-1,0,0,0,57,-80,-8,None
0,-1,2,-3,1,8,1,-1,-1,0,0,0,57,-80,-8,None
0,2,4,-3,-8,-3,-3,0,-1,0,0,0,57,-80,-8,None
0,-5,1,-3,9,-1,-2,-3,-2,0,0,0,57,-80,-8,None
0,-2,-7,-2,-3,-3,-3,-1,-2,0,0,0,57,-80,-8,None
0,-2,-7,-2,-3,-3,-3,-1,-2,0,0,0,57,-80,-8,None
0,-2,-7,-2,-3,-3,-3,-1,-2,0,0,0,57,-81,-7,None
0,-2,-3,-1,4,15,1,-3,-3,0,0,0,57,-81,-7,None
0,-3,-4,0,-22,-2,1,-1,-2,0,0,0,57,-81,-7,None
0,1,1,-1,11,4,-1,-1,-2,0,0,0,57,-81,-7,None
0,1,4,-2,-3,1,-2,-1,-1,0,0,0,57,-81,-7,None
0,1,4,-2,-3,1,-2,-1,-1,0,0,0,57,-81,-7,None
0,1,4,-2,-3,1,-2,-1,-1,0,0,0,57,-82,-7,None
0,-1,-1,-3,6,-7,-1,-1,-1,0,0,0,57,-82,-7,None
0,0,5,-1,3,-3,-1,-1,-1,0,0,0,57,-82,-7,None
0,-2,3,-1,1,5,0,-1,-1,0,0,0,57,-82,-7,None
0,-1,2,-2,0,-4,-1,-1,-1,0,0,0,57,-82,-7,None
0,-1,2,-2,0,-4,-1,-1,-1,0,0,0,57,-82,-7,None
0,-1,2,-2,0,-4,-1,-1,-1,0,0,0,58,-82,-6,None
0,0,1,-1,-3,-1,-1,-1,-2,0,0,0,58,-82,-6,None
0,0,1,0,-8,1,-1,-2,-1,0,0,0,58,-82,-6,None
0,-4,-3,-5,12,12,-5,-4,-3,0,0,0,58,-82,-6,None
0,-1,-2,0,5,-1,1,-1,-2,0,0,0,58,-82,-6,None
0,-1,-2,0,5,-1,1,-1,-2,0,0,0,58,-82,-6,None
0,-1,-2,0,5,-1,1,-1,-2,0,0,0,56,-81,-5,None
0,-1,2,-1,-11,1,0,0,-1,0,0,0,56,-81,-5,None
0,-1,0,-2,-1,-3,-2,-2,-1,0,0,0,56,-81,-5,None
0,1,-1,-1,-5,-7,0,0,1,0,0,0,56,-81,-5,None
0,0,3,-2,-2,-2,-2,-2,-2,0,0,0,56,-81,-5,None
0,0,3,-2,-2,-2,-2,-2,-2,0,0,0,56,-81,-5,None
0,0,3,-2,-2,-2,-2,-2,-2,0,0,0,57,-80,-5,None
0,-1,2,-3,6,6,-2,-3,-1,0,0,0,57,-80,-5,None
0,-1,-1,-3,7,7,-2,-1,-2,0,0,0,57,-80,-5,None
0,1,0,-2,-21,-13,-3,-2,-1,0,0,0,57,-80,-5,None
0,-2,1,-3,8,11,-2,-2,-2,0,0,0,57,-80,-5,None
0,-2,1,-3,8,11,-2,-2,-2,0,0,0,57,-80,-5,None
0,-2,1,-3,8,11,-2,-2,-2,0,0,0,59,-81,-5,None
0,0,1,-1,-8,0,0,0,-2,0,0,0,59,-81,-5,None
0,-4,-3,-2,10,5,0,-2,-3,0,0,0,59,-81,-5,None
0,-2,0,0,5,-6,1,0,-1,0,0,0,59,-81,-5,None
0,0,1,-4,-7,-2,-3,-2,-2,0,0,0,59,-81,-5,None
0,0,1,-4,-7,-2,-3,-2,-2,0,0,0,59,-81,-5,None
0,0,1,-4,-7,-2,-3,-2,-2,0,0,0,58,-81,-5,None
0,0,-1,-2,7,4,-1,0,0,0,0,0,58,-81,-5,None
0,-1,3,-1,-2,-4,-1,0,-1,0,0,0,58,-81,-5,None
0,7,-7,-3,-6,-2,0,0,1,0,0,0,58,-81,-5,None
0,-5,34,2,1,0,-1,-3,0,0,0,0,58,-81,-5,None
0,-5,34,2,1,0,-1,-3,0,0,0,0,58,-81,-5,None
0,-5,34,2,1,0,-1,-3,0,0,0,0,59,-80,-4,None
0,-6,-48,-5,2,-7,-2,-2,-4,0,0,0,59,-80,-4,None
0,-3,-1,-2,5,9,-1,-2,-2,0,0,0,59,-80,-4,None
0,-2,-2,-2,-6,-6,-2,0,-2,0,0,0,59,-80,-4,None
0,0,-5,-2,2,2,-1,0,0,0,0,0,59,-80,-4,None
0,0,-5,-2,2,2,-1,0,0,0,0,0,59,-80,-4,None
0,0,-5,-2,2,2,-1,0,0,0,0,0,60,-81,-4,None
0,1,14,-2,-2,-6,1,-2,0,0,0,0,60,-81,-4,None
0,0,-1,-1,-4,-5,-2,0,0,0,0,0,60,-81,-4,None
0,-2,0,-1,7,2,-1,0,-1,0,0,0,60,-81,-4,None
0,-3,-5,-5,0,-8,-2,-2,-1,0,0,0,60,-81,-4,None
0,-3,-5,-5,0,-8,-2,-2,-1,0,0,0,60,-81,-4,None
0,-3,-5,-5,0,-8,-2,-2,-1,0,0,0,61,-81,-5,None
0,-1,13,0,-13,9,-4,-2,0,0,0,0,61,-81,-5,None
0,0,-6,-4,-18,-16,-2,-2,-1,0,0,0,61,-81,-5,None
0,-2,7,-1,4,11,0,-3,-2,0,0,0,61,-81,-5,None
0,-2,-5,-2,3,-2,0,-1,-2,0,0,0,61,-81,-5,None
0,-2,-5,-2,3,-2,0,-1,-2,0,0,0,61,-81,-5,None
0,-2,-5,-2,3,-2,0,-1,-2,0,0,0,61,-81,-6,None
0,-1,6,-1,-1,-4,-1,-1,-2,0,0,0,61,-81,-6,None
0,1,0,-2,4,2,-2,-3,-1,0,0,0,61,-81,-6,None
0,-3,2,-1,7,-9,1,1,1,0,0,0,61,-81,-6,None
0,-3,-1,1,41,24,0,-2,-2,0,0,0,61,-81,-6,None
0,-3,-1,1,41,24,0,-2,-2,0,0,0,61,-81,-6,None
0,-3,-1,1,41,24,0,-2,-2,0,0,0,59,-79,-7,None
0,-4,-1,-9,-3,4,-4,-3,-2,0,0,0,59,-79,-7,None
0,0,4,0,6,3,-2,-1,0,0,0,0,59,-79,-7,None
0,-2,2,-2,-12,-10,-1,-1,-2,0,0,0,59,-79,-7,None
0,2,-6,0,-1,-2,-1,1,0,0,0,0,59,-79,-7,None
0,2,-6,0,-1,-2,-1,1,0,0,0,0,59,-79,-7,None
0,2,-6,0,-1,-2,-1,1,0,0,0,0,56,-80,-7,None
0,1,9,0,1,-3,1,-1,0,0,0,0,56,-80,-7,None
0,-3,1,-2,5,5,-1,-2,0,0,0,0,56,-80,-7,None
0,-2,1,-2,11,0,-3,-4,-2,0,0,0,56,-80,-7,None
0,4,20,-1,-30,-17,-3,0,0,0,0,0,56,-80,-7,None
0,4,20,-1,-30,-17,-3,0,0,0,0,0,56,-80,-7,None
0,4,20,-1,-30,-17,-3,0,0,0,0,0,55,-82,-7,None
0,-4,-13,-5,19,37,-1,-3,-4,0,0,0,55,-82,-7,None
0,0,1,-3,-26,-7,1,1,-1,0,0,0,55,-82,-7,None
0,-2,8,2,-3,3,0,-1,-1,0,0,0,55,-82,-7,None
0,2,4,-3,-12,-9,-1,-2,-1,0,0,0,55,-82,-7,None
0,2,4,-3,-12,-9,-1,-2,-1,0,0,0,55,-82,-7,None
0,2,4,-3,-12,-9,-1,-2,-1,0,0,0,57,-81,-7,None
0,1,10,0,-7,-16,-1,0,-1,0,0,0,57,-81,-7,None
0,-1,-5,-3,10,4,-3,0,-1,0,0,0,57,-81,-7,None
0,0,4,-1,-1,7,1,-1,-1,0,0,0,57,-81,-7,None
0,-2,-7,-3,-6,1,-1,-1,-2,0,0,0,57,-81,-7,None
0,-2,-7,-3,-6,1,-1,-1,-2,0,0,0,57,-81,-7,None
0,-2,-7,-3,-6,1,-1,-1,-2,0,0,0,58,-79,-6,None
0,-5,3,1,12,1,1,-1,0,0,0,0,58,-79,-6,None
0,-1,2,-6,-39,-9,-3,-2,0,0,0,0,58,-79,-6,None
0,-3,-6,-6,-19,-20,-4,-3,-4,0,0,0,58,-79,-6,None
0,-2,-6,-1,-2,13,3,-1,-1,0,0,0,58,-79,-6,None
0,-2,-6,-1,-2,13,3,-1,-1,0,0,0,58,-79,-6,None
0,-2,-6,-1,-2,13,3,-1,-1,0,0,0,59,-79,-6,None
0,-3,-1,0,-7,-4,0,0,-2,0,0,0,59,-79,-6,None
0,0,6,-1,11,0,-1,-2,-2,0,0,0,59,-79,-6,None
0,0,-2,-2,1,-3,-1,0,0,0,0,0,59,-79,-6,None
0,-1,-8,-4,-10,-5,-4,-2,-3,0,0,0,59,-79,-6,None
0,-1,-8,-4,-10,-5,-4,-2,-3,0,0,0,59,-79,-6,None
0,-1,-8,-4,-10,-5,-4,-2,-3,0,0,0,59,-79,-6,None
0,1,5,-1,2,0,-1,-1,0,0,0,0,59,-79,-6,None
0,-2,-2,1,3,-4,0,0,-2,0,0,0,59,-79,-6,None
0,0,3,-2,-1,5,1,-1,0,0,0,0,59,-79,-6,None
0,-1,-4,-2,3,-1,-2,-1,-1,0,0,0,59,-79,-6,None
0,-1,-4,-2,3,-1,-2,-1,-1,0,0,0,59,-79,-6,None
0,-1,-4,-2,3,-1,-2,-1,-1,0,0,0,59,-80,-5,None
0,0,2,1,30,1,-1,-1,-2,0,0,0,59,-80,-5,None
0,-2,-1,-2,-17,6,0,-1,-2,0,0,0,59,-80,-5,None
0,-3,-7,-3,1,3,-3,-3,-2,0,0,0,59,-80,-5,None
0,-1,1,-4,-3,0,0,-2,-2,0,0,0,59,-80,-5,None
0,-1,1,-4,-3,0,0,-2,-2,0,0,0,59,-80,-5,None
0,-1,1,-4,-3,0,0,-2,-2,0,0,0,58,-81,-6,None
0,0,2,-2,-13,-10,-3,-1,0,0,0,0,58,-81,-6,None
0,-2,0,-2,12,4,-1,-1,-2,0,0,0,58,-81,-6,None
0,-2,1,0,12,7,0,0,-1,0,0,0,58,-81,-6,None
0,1,0,-3,-13,-16,-3,-1,0,0,0,0,58,-81,-6,None
0,1,0,-3,-13,-16,-3,-1,0,0,0,0,58,-81,-6,None
0,1,0,-3,-13,-16,-3,-1,0,0,0,0,58,-81,-6,None
0,6,12,-2,-15,11,2,-3,-2,0,0,0,58,-81,-6,None
0,-8,-37,-4,15,-3,-1,-2,-4,0,0,0,58,-81,-6,None
0,0,-1,-2,-2,10,0,0,-2,0,0,0,58,-81,-6,None
0,-3,-3,-1,12,-3,-3,-1,-2,0,0,0,58,-81,-6,None
0,-3,-3,-1,12,-3,-3,-1,-2,0,0,0,58,-81,-6,None
0,-3,-3,-1,12,-3,-3,-1,-2,0,0,0,58,-81,-6,None
0,-2,0,-1,-5,-6,-1,-1,0,0,0,0,58,-81,-6,None
0,2,14,0,2,0,1,0,0,0,0,0,58,-81,-6,None
0,-1,12,-3,-3,1,-3,-2,-1,0,0,0,58,-81,-6,None
0,-2,-9,-1,-3,-1,-1,-2,-2,0,0,0,58,-81,-6,None
0,-2,-9,-1,-3,-1,-1,-2,-2,0,0,0,58,-81,-6,None
0,-2,-9,-1,-3,-1,-1,-2,-2,0,0,0,59,-80,-5,None
0,-2,0,-2,2,5,-2,-2,-2,0,0,0,59,-80,-5,None
0,1,7,-4,-8,-2,-2,-2,-1,0,0,0,59,-80,-5,None
0,-3,-2,-3,-3,-3,-1,-1,-2,0,0,0,59,-80,-5,None
0,-3,7,0,5,6,2,-1,-1,0,0,0,59,-80,-5,None
0,-3,7,0,5,6,2,-1,-1,0,0,0,59,-80,-5,None
0,-3,7,0,5,6,2,-1,-1,0,0,0,60,-79,-6,None
0,-2,-3,-2,-8,-5,-3,-1,-1,0,0,0,60,-79,-6,None
0,1,5,0,7,4,-1,-2,0,0,0,0,60,-79,-6,None
0,-2,-8,-3,6,5,-2,-2,-2,0,0,0,60,-79,-6,None
0,-1,1,-2,-20,-5,0,0,0,0,0,0,60,-79,-6,None
0,-1,1,-2,-20,-5,0,0,0,0,0,0,60,-79,-6,None
0,-1,1,-2,-20,-5,0,0,0,0,0,0,59,-79,-5,None
0,-2,-5,-2,-3,1,1,-3,-2,0,0,0,59,-79,-5,None
