0,-5,-1,-4,0,6,-59,-12,-6,0,0,0,93,-109,-8,None
0,-2,-1,-1,11,14,-40,-69,-6,0,0,0,93,-109,-8,None
0,-2,0,-23,-11,3,2,26,-1,0,0,0,93,-109,-8,None
0,-2,0,-23,-11,3,2,26,-1,0,0,0,93,-109,-8,None
0,-2,0,-23,-11,3,2,26,-1,0,0,0,73,-133,-12,None
0,-1,0,-12,9,-23,-47,-2,-2,0,0,0,73,-133,-12,None
0,-2,3,16,2,-4,48,16,-2,0,0,0,73,-133,-12,None
0,1,1,4,2,15,-12,-10,2,0,0,0,73,-133,-12,None
0,-4,-4,-14,-15,-11,6,3,-6,0,0,0,73,-133,-12,None
0,-4,-4,-14,-15,-11,6,3,-6,0,0,0,73,-133,-12,None
0,-4,-4,-14,-15,-11,6,3,-6,0,0,0,52,-147,-11,None
0,-2,3,8,5,14,11,-69,-3,0,0,0,52,-147,-11,None
0,1,0,-10,-9,-29,27,86,6,0,0,0,52,-147,-11,None
0,-4,-2,-7,6,-1,-4,-2,1,0,0,0,52,-147,-11,None
0,0,2,-5,-6,13,-14,-19,-3,0,0,0,52,-147,-11,None
0,0,2,-5,-6,13,-14,-19,-3,0,0,0,52,-147,-11,None
0,0,2,-5,-6,13,-14,-19,-3,0,0,0,36,-133,-6,None
0,-2,1,6,12,-7,-36,-11,-5,0,0,0,36,-133,-6,None
0,2,0,-2,-3,25,35,-6,-2,0,0,0,36,-133,-6,None
0,-4,0,12,16,-26,-57,-6,-9,0,0,0,36,-133,-6,None
0,2,2,5,-59,-23,36,4,6,0,0,0,36,-133,-6,None
0,2,2,5,-59,-23,36,4,6,0,0,0,36,-133,-6,None
0,2,2,5,-59,-23,36,4,6,0,0,0,11,-122,3,None
0,-2,-2,3,26,29,-15,6,1,0,0,0,11,-122,3,None
0,-1,0,1,3,-16,-6,-1,-2,0,0,0,11,-122,3,None
0,-3,0,9,4,11,-6,-4,-4,0,0,0,11,-122,3,None
0,0,4,0,2,20,-37,-33,-6,0,0,0,11,-122,3,None
0,0,4,0,2,20,-37,-33,-6,0,0,0,11,-122,3,None
0,0,4,0,2,20,-37,-33,-6,0,0,0,-8,-118,14,None
0,-1,2,1,1,-45,49,36,5,0,0,0,-8,-118,14,None
0,-2,0,0,-11,-4,-9,-9,-1,0,0,0,-8,-118,14,None
0,-1,1,9,7,13,-33,-15,-3,0,0,0,-8,-118,14,None
0,0,-4,-13,-2,28,29,5,0,0,0,0,-8,-118,14,None
0,0,-4,-13,-2,28,29,5,0,0,0,0,-8,-118,14,None
0,0,-4,-13,-2,28,29,5,0,0,0,0,-18,-115,17,None
0,0,1,-1,-27,4,10,6,-3,0,0,0,-18,-115,17,None
0,-3,1,4,13,-17,-8,-9,-1,0,0,0,-18,-115,17,None
0,2,5,1,-12,-42,-15,-7,-3,0,0,0,-18,-115,17,None
0,-3,2,10,105,47,10,1,-5,0,0,0,-18,-115,17,None
0,-3,2,10,105,47,10,1,-5,0,0,0,-18,-115,17,None
0,-3,2,10,105,47,10,1,-5,0,0,0,-22,-113,16,None
0,-1,-2,-9,-96,-36,-9,-1,-2,0,0,0,-22,-113,16,None
0,-2,-1,-1,38,50,-3,-12,-3,0,0,0,-22,-113,16,None
0,0,-1,-6,-19,-4,24,7,4,0,0,0,-22,-113,16,None
0,-4,-4,-7,6,1,-6,-2,0,0,0,0,-22,-113,16,None
0,-4,-4,-7,6,1,-6,-2,0,0,0,0,-22,-113,16,None
0,-4,-4,-7,6,1,-6,-2,0,0,0,0,-26,-112,14,None
0,-1,1,1,57,-9,16,-2,-3,0,0,0,-26,-112,14,None
0,-2,1,-7,-19,-59,-18,2,-2,0,0,0,-26,-112,14,None
0,-2,-3,-8,-14,69,12,-1,-2,0,0,0,-26,-112,14,None
0,-2,1,3,-12,49,-10,-8,-3,0,0,0,-26,-112,14,None
0,-2,1,3,-12,49,-10,-8,-3,0,0,0,-26,-112,14,None
0,-2,1,3,-12,49,-10,-8,-3,0,0,0,-29,-104,17,None
0,0,2,3,111,-20,0,3,0,0,0,0,-29,-104,17,None
0,-2,-3,-16,-86,-89,-3,2,-3,0,0,0,-29,-104,17,None
0,0,3,7,16,13,2,-4,-1,0,0,0,-29,-104,17,None
0,-2,1,-2,2,-18,-11,-3,-1,0,0,0,-29,-104,17,None
0,-2,1,-2,2,-18,-11,-3,-1,0,0,0,-29,-104,17,None
0,-2,1,-2,2,-18,-11,-3,-1,0,0,0,-33,-86,23,None
0,1,1,4,59,39,18,1,1,0,0,0,-33,-86,23,None
0,-1,-3,-1,-29,-46,-4,-2,0,0,0,0,-33,-86,23,None
0,0,0,-3,-30,31,16,3,1,0,0,0,-33,-86,23,None
0,0,2,-1,1,-50,-16,-4,-3,0,0,0,-33,-86,23,None
0,0,2,-1,1,-50,-16,-4,-3,0,0,0,-33,-86,23,None
0,0,2,-1,1,-50,-16,-4,-3,0,0,0,-43,-73,21,None
0,0,3,2,-14,23,10,4,-1,0,0,0,-43,-73,21,None
0,-1,0,-9,10,-20,-12,-5,-5,0,0,0,-43,-73,21,None
0,-2,0,3,9,-4,3,-5,-5,0,0,0,-43,-73,21,None
0,0,-1,-5,21,-6,0,3,1,0,0,0,-43,-73,21,None
0,0,-1,-5,21,-6,0,3,1,0,0,0,-43,-73,21,None
0,0,-1,-5,21,-6,0,3,1,0,0,0,-42,-72,18,None
0,0,0,-5,33,60,2,0,0,0,0,0,-42,-72,18,None
0,-2,2,0,3,14,3,0,0,0,0,0,-42,-72,18,None
0,3,-3,-6,30,-28,3,-1,1,0,0,0,-42,-72,18,None
0,2,5,3,-15,40,-5,-3,-1,0,0,0,-42,-72,18,None
0,2,5,3,-15,40,-5,-3,-1,0,0,0,-42,-72,18,None
0,2,5,3,-15,40,-5,-3,-1,0,0,0,-42,-77,13,None
0,-7,7,-7,-60,-17,-2,-4,-4,0,0,0,-42,-77,13,None
0,0,2,2,26,15,1,2,2,0,0,0,-42,-77,13,None
0,-3,-1,-6,22,-27,2,2,-1,0,0,0,-42,-77,13,None
0,0,15,1,-6,20,2,-2,-1,0,0,0,-42,-77,13,None
0,0,15,1,-6,20,2,-2,-1,0,0,0,-42,-77,13,None
0,0,15,1,-6,20,2,-2,-1,0,0,0,-50,-72,11,None
0,2,-32,-5,-85,-78,-3,1,-1,0,0,0,-50,-72,11,None
0,-2,-2,5,16,46,1,-1,-1,0,0,0,-50,-72,11,None
0,1,7,2,19,8,0,2,2,0,0,0,-50,-72,11,None
0,-6,-13,-4,-23,-53,-13,-10,-7,0,0,0,-50,-72,11,None
0,-6,-13,-4,-23,-53,-13,-10,-7,0,0,0,-50,-72,11,None
0,-6,-13,-4,-23,-53,-13,-10,-7,0,0,0,-58,-61,7,None
0,1,12,17,18,21,12,8,4,0,0,0,-58,-61,7,None
0,-1,0,-10,-26,9,-5,-6,-3,0,0,0,-58,-61,7,None
0,-3,-6,1,12,-9,3,3,0,0,0,0,-58,-61,7,None
0,1,6,-2,24,-8,1,-2,1,0,0,0,-58,-61,7,None
0,1,6,-2,24,-8,1,-2,1,0,0,0,-58,-61,7,None
0,1,6,-2,24,-8,1,-2,1,0,0,0,-64,-59,3,None
0,-1,5,-10,-67,-5,-6,-3,-3,0,0,0,-64,-59,3,None
0,1,0,8,31,-4,9,4,2,0,0,0,-64,-59,3,None
0,-3,3,-7,-10,55,-4,-7,-3,0,0,0,-64,-59,3,None
0,0,-3,2,1,-32,1,2,-1,0,0,0,-64,-59,3,None
0,0,-3,2,1,-32,1,2,-1,0,0,0,-64,-59,3,None
0,0,-3,2,1,-32,1,2,-1,0,0,0,-63,-61,4,None
0,2,6,-3,-29,57,10,5,2,0,0,0,-63,-61,4,None
0,-2,-2,-8,-50,-35,-7,-4,-1,0,0,0,-63,-61,4,None
0,-4,-4,-6,-23,-54,-10,-3,-4,0,0,0,-63,-61,4,None
0,-2,-2,-7,-6,-40,-5,-2,-2,0,0,0,-63,-61,4,None
0,-2,-2,-7,-6,-40,-5,-2,-2,0,0,0,-63,-61,4,None
0,-2,-2,-7,-6,-40,-5,-2,-2,0,0,0,-62,-59,5,None
0,-1,0,1,-17,26,6,-1,0,0,0,0,-62,-59,5,None
0,3,20,8,14,70,7,-2,0,0,0,0,-62,-59,5,None
0,-11,-23,-2,48,50,0,-5,-7,0,0,0,-62,-59,5,None
0,2,0,2,-19,-28,-4,-1,1,0,0,0,-62,-59,5,None
0,2,0,2,-19,-28,-4,-1,1,0,0,0,-62,-59,5,None
0,2,0,2,-19,-28,-4,-1,1,0,0,0,-64,-50,7,None
0,-3,1,-2,-54,-28,1,-1,-4,0,0,0,-64,-50,7,None
0,1,5,5,17,-29,0,0,-2,0,0,0,-64,-50,7,None
0,2,21,7,22,15,-3,-3,0,0,0,0,-64,-50,7,None
0,-4,-8,-6,-42,11,4,-3,-2,0,0,0,-64,-50,7,None
0,-4,-8,-6,-42,11,4,-3,-2,0,0,0,-64,-50,7,None
0,-4,-8,-6,-42,11,4,-3,-2,0,0,0,-61,-43,9,None
0,-6,-34,3,81,-25,0,0,0,0,0,0,-61,-43,9,None
0,-3,-14,-16,-16,38,-4,-3,-3,0,0,0,-61,-43,9,None
0,1,4,-3,-27,-43,-1,-2,-1,0,0,0,-61,-43,9,None
0,-4,-7,-10,-54,0,-4,-1,-3,0,0,0,-61,-43,9,None
0,-4,-7,-10,-54,0,-4,-1,-3,0,0,0,-61,-43,9,None
0,-4,-7,-10,-54,0,-4,-1,-3,0,0,0,-64,-47,7,None
0,3,19,3,41,13,-3,-2,1,0,0,0,-64,-47,7,None
0,0,32,-1,-28,-13,-25,-5,-4,0,0,0,-64,-47,7,None
0,-5,-44,-11,-22,-20,15,3,-2,0,0,0,-64,-47,7,None
0,0,12,-23,-6,23,-44,-19,-6,0,0,0,-64,-47,7,None
0,0,12,-23,-6,23,-44,-19,-6,0,0,0,-64,-47,7,None
0,0,12,-23,-6,23,-44,-19,-6,0,0,0,-68,-49,8,None
0,19,1,38,28,30,-14,1,10,0,0,0,-68,-49,8,None
0,60,13,32,49,18,-1,-1,83,0,0,0,-68,-49,8,None
0,-12,62,-1,-8,-7,40,29,54,0,0,0,-68,-49,8,None
0,-33,27,18,-32,-14,98,67,115,0,0,0,-68,-49,8,None
0,-33,27,18,-32,-14,98,67,115,0,0,0,-68,-49,8,None
0,-33,27,18,-32,-14,98,67,115,0,0,0,-69,-42,15,None
0,-84,-66,-23,-5,-19,-58,-38,-99,0,0,0,-69,-42,15,None
0,71,-67,-84,-19,13,127,73,-8,0,0,0,-69,-42,15,None
0,-79,-65,61,-8,-22,-128,-109,-118,0,0,0,-69,-42,15,None
0,116,-34,9,-34,-2,121,57,92,0,0,0,-69,-42,15,None
0,116,-34,9,-34,-2,121,57,92,0,0,0,-69,-42,15,None
0,116,-34,9,-34,-2,121,57,92,0,0,0,-89,-6,6,None
0,-105,5,-101,-52,-124,-90,-76,-89,0,0,0,-89,-6,6,None
0,73,27,41,36,127,-107,-32,78,0,0,0,-89,-6,6,None
0,-91,77,-45,13,-112,-35,-17,-4,0,0,0,-89,-6,6,None
0,-109,-71,-12,43,79,-49,-18,-52,0,0,0,-89,-6,6,None
0,-109,-71,-12,43,79,-49,-18,-52,0,0,0,-89,-6,6,None
0,-109,-71,-12,43,79,-49,-18,-52,0,0,0,-93,-37,10,None
0,17,82,121,37,-4,24,80,127,0,0,0,-93,-37,10,None
0,53,-54,-45,-73,-6,43,-55,-128,0,0,0,-93,-37,10,None
0,77,-94,-68,47,23,-121,-35,-16,0,0,0,-93,-37,10,None
0,-33,42,102,-1,-92,-122,-16,18,0,0,0,-93,-37,10,None
0,-33,42,102,-1,-92,-122,-16,18,0,0,0,-93,-37,10,None
0,-33,42,102,-1,-92,-122,-16,18,0,0,0,-75,-37,2,None
0,56,-24,-101,42,127,-54,-11,-23,0,0,0,-75,-37,2,None
0,-128,15,49,25,-51,-49,18,45,0,0,0,-75,-37,2,None
0,-45,34,7,-32,7,8,37,47,0,0,0,-75,-37,2,None
0,39,-12,-27,53,6,-29,-70,-112,0,0,0,-75,-37,2,None
0,39,-12,-27,53,6,-29,-70,-112,0,0,0,-75,-37,2,None
0,39,-12,-27,53,6,-29,-70,-112,0,0,0,-3,-70,-31,None
0,16,10,21,19,-4,36,11,37,0,0,0,-3,-70,-31,None
0,-44,47,-12,19,-18,-12,3,-12,0,0,0,-3,-70,-31,None
0,59,-11,2,-14,18,33,9,31,0,0,0,-3,-70,-31,None
0,-22,-17,-32,0,4,-3,4,-11,0,0,0,-3,-70,-31,None
0,-22,-17,-32,0,4,-3,4,-11,0,0,0,-3,-70,-31,None
0,-22,-17,-32,0,4,-3,4,-11,0,0,0,-49,-25,9,None
0,12,43,30,32,32,45,16,-3,0,0,0,-49,-25,9,None
0,-17,74,7,7,-51,-18,-18,-11,0,0,0,-49,-25,9,None
0,-1,1,29,71,67,83,31,9,0,0,0,-49,-25,9,None
0,22,-15,-47,-45,-36,-35,-27,-56,0,0,0,-49,-25,9,None
0,22,-15,-47,-45,-36,-35,-27,-56,0,0,0,-49,-25,9,None
0,22,-15,-47,-45,-36,-35,-27,-56,0,0,0,-127,-63,7,None
0,-3,93,41,82,112,79,-22,2,0,0,0,-127,-63,7,None
0,-82,-109,-19,-21,-126,-48,27,-34,0,0,0,-127,-63,7,None
0,99,109,10,-105,4,28,9,47,0,0,0,-127,-63,7,None
0,-50,58,6,52,101,8,34,51,0,0,0,-127,-63,7,None
0,-50,58,6,52,101,8,34,51,0,0,0,-127,-63,7,None
0,-50,58,6,52,101,8,34,51,0,0,0,-78,-37,18,None
0,124,-88,-11,-25,52,-14,-11,-71,0,0,0,-78,-37,18,None
0,-97,90,26,77,-52,3,-7,-18,0,0,0,-78,-37,18,None
0,116,-38,-10,-11,-43,-5,-57,-58,0,0,0,-78,-37,18,None
0,47,-55,27,87,-30,12,8,54,0,0,0,-78,-37,18,None
0,47,-55,27,87,-30,12,8,54,0,0,0,-78,-37,18,None
0,47,-55,27,87,-30,12,8,54,0,0,0,-89,-11,18,None
0,15,-61,-13,-14,35,16,53,29,0,0,0,-89,-11,18,None
0,55,-26,-2,-68,37,21,7,57,0,0,0,-89,-11,18,None
0,-16,-15,-12,70,45,7,13,-49,0,0,0,-89,-11,18,None
0,31,5,-19,-76,-103,-8,-21,-13,0,0,0,-89,-11,18,None
0,31,5,-19,-76,-103,-8,-21,-13,0,0,0,-89,-11,18,None
0,31,5,-19,-76,-103,-8,-21,-13,0,0,0,-80,-16,20,None
0,-55,29,-8,16,8,-2,-7,12,0,0,0,-80,-16,20,None
0,5,-28,-3,7,40,-6,-4,-36,0,0,0,-80,-16,20,None
0,-33,-6,-3,-27,39,7,16,33,0,0,0,-80,-16,20,None
0,-21,32,-7,-54,-3,-11,-11,-28,0,0,0,-80,-16,20,None
0,-21,32,-7,-54,-3,-11,-11,-28,0,0,0,-80,-16,20,None
0,-21,32,-7,-54,-3,-11,-11,-28,0,0,0,-91,-21,21,None
0,-21,24,3,-18,13,-6,3,20,0,0,0,-91,-21,21,None
0,-3,-18,0,108,98,13,-10,-2,0,0,0,-91,-21,21,None
0,-20,17,10,20,-89,-21,4,3,0,0,0,-91,-21,21,None
0,-13,11,9,111,112,4,6,1,0,0,0,-91,-21,21,None
0,-13,11,9,111,112,4,6,1,0,0,0,-91,-21,21,None
0,-13,11,9,111,112,4,6,1,0,0,0,-106,-25,22,None
0,-1,-23,-11,-46,-69,-19,-7,-11,0,0,0,-106,-25,22,None
0,22,12,10,16,-34,-4,-5,7,0,0,0,-106,-25,22,None
0,-25,-23,-1,18,74,19,15,5,0,0,0,-106,-25,22,None
0,-6,0,-6,9,10,2,-4,-24,0,0,0,-106,-25,22,None
0,-6,0,-6,9,10,2,-4,-24,0,0,0,-106,-25,22,None
0,-6,0,-6,9,10,2,-4,-24,0,0,0,-107,-4,28,None
0,-10,2,3,20,-38,-56,-18,11,0,0,0,-107,-4,28,None
0,2,9,-3,39,-51,92,21,1,0,0,0,-107,-4,28,None
0,-15,8,-12,-124,-16,6,10,7,0,0,0,-107,-4,28,None
0,-4,5,-9,-37,-30,-18,-5,-5,0,0,0,-107,-4,28,None
0,-4,5,-9,-37,-30,-18,-5,-5,0,0,0,-107,-4,28,None
0,-4,5,-9,-37,-30,-18,-5,-5,0,0,0,-114,-16,15,None
0,12,6,3,11,-28,-18,-18,5,0,0,0,-114,-16,15,None
0,26,-6,38,-18,84,-116,1,77,0,0,0,-114,-16,15,None
0,3,-16,-21,7,-74,31,48,69,0,0,0,-114,-16,15,None
0,11,68,25,-2,121,76,76,127,0,0,0,-114,-16,15,None
0,11,68,25,-2,121,76,76,127,0,0,0,-114,-16,15,None
0,11,68,25,-2,121,76,76,127,0,0,0,-105,-33,26,None
0,0,50,-73,-90,-120,114,30,-85,0,0,0,-105,-33,26,None
0,102,-114,58,36,98,-124,-76,-56,0,0,0,-105,-33,26,None
0,-82,-62,-30,19,-41,11,43,93,0,0,0,-105,-33,26,None
0,-46,77,-80,-51,19,-94,-72,-112,0,0,0,-105,-33,26,None
0,-46,77,-80,-51,19,-94,-72,-112,0,0,0,-105,-33,26,None
0,-46,77,-80,-51,19,-94,-72,-112,0,0,0,-137,7,5,None
0,-28,-61,52,73,61,5,-62,-8,0,0,0,-137,7,5,None
0,19,127,-31,-16,-75,56,17,80,0,0,0,-137,7,5,None
0,127,-93,-44,6,127,-33,-47,-89,0,0,0,-137,7,5,None
0,-85,36,49,9,-128,63,86,99,0,0,0,-137,7,5,None
0,-85,36,49,9,-128,63,86,99,0,0,0,-137,7,5,None
0,-85,36,49,9,-128,63,86,99,0,0,0,-119,-15,-6,None
0,-116,-15,-73,-6,27,23,31,127,0,0,0,-119,-15,-6,None
0,78,-95,-51,-32,-6,127,-40,-63,0,0,0,-119,-15,-6,None
0,-89,69,123,-33,54,-82,0,127,0,0,0,-119,-15,-6,None
0,78,-110,-39,-45,-50,-53,-92,-109,0,0,0,-119,-15,-6,None
0,78,-110,-39,-45,-50,-53,-92,-109,0,0,0,-119,-15,-6,None
0,78,-110,-39,-45,-50,-53,-92,-109,0,0,0,-61,-45,38,None
0,-50,59,-49,-50,33,-36,27,5,0,0,0,-61,-45,38,None
0,-128,106,117,-5,-52,21,36,65,0,0,0,-61,-45,38,None
0,13,-52,-128,-19,-45,63,22,77,0,0,0,-61,-45,38,None
0,-25,-6,-22,96,0,-78,-71,-96,0,0,0,-61,-45,38,None
0,-25,-6,-22,96,0,-78,-71,-96,0,0,0,-61,-45,38,None
0,-25,-6,-22,96,0,-78,-71,-96,0,0,0,-44,-36,47,None
0,-35,58,54,-87,-110,-14,30,116,0,0,0,-44,-36,47,None
0,38,-18,-100,-80,57,-115,-37,-80,0,0,0,-44,-36,47,None
0,-106,37,54,30,58,-5,43,32,0,0,0,-44,-36,47,None
0,-56,-6,37,87,88,-97,-52,-10,0,0,0,-44,-36,47,None
0,-56,-6,37,87,88,-97,-52,-10,0,0,0,-44,-36,47,None
0,-56,-6,37,87,88,-97,-52,-10,0,0,0,-125,-11,16,None
0,127,-40,-19,31,-34,99,57,19,0,0,0,-125,-11,16,None
0,54,39,12,76,42,-73,0,20,0,0,0,-125,-11,16,None
0,-16,16,23,85,43,-51,7,-18,0,0,0,-125,-11,16,None
0,36,-36,51,33,6,-34,18,54,0,0,0,-125,-11,16,None
0,36,-36,51,33,6,-34,18,54,0,0,0,-125,-11,16,None
0,36,-36,51,33,6,-34,18,54,0,0,0,-105,-54,18,None
0,-56,3,61,38,-4,-97,-45,-40,0,0,0,-105,-54,18,None
0,-97,-47,43,-38,-57,0,12,-15,0,0,0,-105,-54,18,None
0,51,27,21,4,-19,-71,-48,-84,0,0,0,-105,-54,18,None
0,-29,-10,-23,-66,-5,9,29,25,0,0,0,-105,-54,18,None
0,-29,-10,-23,-66,-5,9,29,25,0,0,0,-105,-54,18,None
0,-29,-10,-23,-66,-5,9,29,25,0,0,0,-62,-6,13,None
0,22,-11,-12,12,-8,-54,-38,-51,0,0,0,-62,-6,13,None
0,-26,0,-27,-2,-13,27,16,-2,0,0,0,-62,-6,13,None
0,1,20,7,64,1,22,-8,-27,0,0,0,-62,-6,13,None
0,37,5,-3,-56,-30,65,10,-1,0,0,0,-62,-6,13,None
0,37,5,-3,-56,-30,65,10,-1,0,0,0,-62,-6,13,None
0,37,5,-3,-56,-30,65,10,-1,0,0,0,-96,-21,12,None
0,-31,-29,-26,-97,18,5,-15,-11,0,0,0,-96,-21,12,None
0,-8,-34,-10,-62,-65,0,-11,-8,0,0,0,-96,-21,12,None
0,17,60,-2,-9,62,49,10,-22,0,0,0,-96,-21,12,None
0,48,-75,-18,-19,-89,20,-9,-6,0,0,0,-96,-21,12,None
0,48,-75,-18,-19,-89,20,-9,-6,0,0,0,-96,-21,12,None
0,48,-75,-18,-19,-89,20,-9,-6,0,0,0,-87,-20,9,None
0,30,63,31,87,19,-5,25,26,0,0,0,-87,-20,9,None
0,-93,-17,-29,-64,-3,13,-18,68,0,0,0,-87,-20,9,None
0,-49,-63,27,14,46,-2,-3,-11,0,0,0,-87,-20,9,None
0,51,-47,-6,-29,127,46,21,42,0,0,0,-87,-20,9,None
0,51,-47,-6,-29,127,46,21,42,0,0,0,-87,-20,9,None
0,51,-47,-6,-29,127,46,21,42,0,0,0,-78,-27,-2,None
0,29,20,-2,-66,-115,-53,-15,21,0,0,0,-78,-27,-2,None
0,-15,-83,-5,42,100,50,-20,-48,0,0,0,-78,-27,-2,None
0,81,26,-3,37,-127,-21,-1,7,0,0,0,-78,-27,-2,None
0,-70,2,8,70,99,20,22,36,0,0,0,-78,-27,-2,None
0,-70,2,8,70,99,20,22,36,0,0,0,-78,-27,-2,None
0,-70,2,8,70,99,20,22,36,0,0,0,-64,-34,16,None
0,30,58,22,10,83,12,-4,-11,0,0,0,-64,-34,16,None
0,52,-34,-6,-3,127,10,18,7,0,0,0,-64,-34,16,None
0,-72,17,-9,-110,-128,7,-9,-26,0,0,0,-64,-34,16,None
0,-40,-36,5,34,-7,16,-1,-53,0,0,0,-64,-34,16,None
0,-40,-36,5,34,-7,16,-1,-53,0,0,0,-64,-34,16,None
0,-40,-36,5,34,-7,16,-1,-53,0,0,0,-66,-27,21,None
0,40,-22,-1,41,23,-12,-10,-6,0,0,0,-66,-27,21,None
0,-34,-17,-1,43,-45,2,2,29,0,0,0,-66,-27,21,None
0,15,-13,-8,-3,54,12,-8,-5,0,0,0,-66,-27,21,None
0,22,68,-6,-40,-128,-6,4,21,0,0,0,-66,-27,21,None
0,22,68,-6,-40,-128,-6,4,21,0,0,0,-66,-27,21,None
0,22,68,-6,-40,-128,-6,4,21,0,0,0,-64,-19,14,None
0,-28,-43,-3,-48,-3,7,-3,-25,0,0,0,-64,-19,14,None
0,46,36,-5,29,0,-8,8,11,0,0,0,-64,-19,14,None
0,-15,16,-12,-17,-18,7,-25,-12,0,0,0,-64,-19,14,None
0,-5,7,-1,-13,14,4,3,7,0,0,0,-64,-19,14,None
0,-5,7,-1,-13,14,4,3,7,0,0,0,-64,-19,14,None
0,-5,7,-1,-13,14,4,3,7,0,0,0,-57,-29,13,None
0,10,-9,-7,28,6,-1,-1,-4,0,0,0,-57,-29,13,None
0,-18,24,-15,-31,-64,-8,22,-11,0,0,0,-57,-29,13,None
0,10,-2,0,3,1,-2,-11,-23,0,0,0,-57,-29,13,None
0,11,36,5,-15,10,7,-12,23,0,0,0,-57,-29,13,None
0,11,36,5,-15,10,7,-12,23,0,0,0,-57,-29,13,None
0,11,36,5,-15,10,7,-12,23,0,0,0,-67,-28,14,None
0,-8,-41,-2,1,3,1,9,-5,0,0,0,-67,-28,14,None
0,-5,32,-1,1,-16,-11,4,-8,0,0,0,-67,-28,14,None
0,-11,-9,2,-13,2,11,1,12,0,0,0,-67,-28,14,None
0,13,8,-5,-6,4,-4,-6,-6,0,0,0,-67,-28,14,None
0,13,8,-5,-6,4,-4,-6,-6,0,0,0,-67,-28,14,None
0,13,8,-5,-6,4,-4,-6,-6,0,0,0,-69,-32,11,None
0,-20,-13,-6,1,-5,-2,-6,-12,0,0,0,-69,-32,11,None
0,-12,7,-5,11,-2,2,10,12,0,0,0,-69,-32,11,None
0,10,9,2,0,15,6,-7,-13,0,0,0,-69,-32,11,None
0,-2,8,-9,-8,-6,0,8,-6,0,0,0,-69,-32,11,None
0,-2,8,-9,-8,-6,0,8,-6,0,0,0,-69,-32,11,None
0,-2,8,-9,-8,-6,0,8,-6,0,0,0,-61,-36,5,None
0,1,-4,1,0,-2,-6,-9,0,0,0,0,-61,-36,5,None
0,-1,16,-3,-3,-10,-5,2,-10,0,0,0,-61,-36,5,None
0,3,-4,-6,-8,-2,1,-1,-10,0,0,0,-61,-36,5,None
0,4,23,1,-2,6,0,3,1,0,0,0,-61,-36,5,None
0,4,23,1,-2,6,0,3,1,0,0,0,-61,-36,5,None
0,4,23,1,-2,6,0,3,1,0,0,0,-57,-40,9,None
0,-4,12,2,1,3,7,1,9,0,0,0,-57,-40,9,None
0,-3,-25,-2,2,-6,-5,-4,-8,0,0,0,-57,-40,9,None
0,-5,2,0,-3,4,3,-1,-6,0,0,0,-57,-40,9,None
0,-5,-3,-1,-2,2,-4,1,6,0,0,0,-57,-40,9,None
0,-5,-3,-1,-2,2,-4,1,6,0,0,0,-57,-40,9,None
0,-5,-3,-1,-2,2,-4,1,6,0,0,0,-63,-44,22,None
0,1,0,1,4,1,-3,-8,-5,0,0,0,-63,-44,22,None
0,-5,12,-4,-2,-5,-1,4,-7,0,0,0,-63,-44,22,None
0,2,0,-1,-2,3,0,-2,-1,0,0,0,-63,-44,22,None
0,3,1,-5,-6,-3,-4,-1,-4,0,0,0,-63,-44,22,None
0,3,1,-5,-6,-3,-4,-1,-4,0,0,0,-63,-44,22,None
0,3,1,-5,-6,-3,-4,-1,-4,0,0,0,-57,-59,20,None
0,-3,-13,-1,-3,-1,-1,-3,-5,0,0,0,-57,-59,20,None
0,0,12,-8,-4,1,2,4,0,0,0,0,-57,-59,20,None
0,-4,-6,5,-2,1,2,-2,2,0,0,0,-57,-59,20,None
0,3,3,-5,8,3,1,-2,-2,0,0,0,-57,-59,20,None
0,3,3,-5,8,3,1,-2,-2,0,0,0,-57,-59,20,None
0,3,3,-5,8,3,1,-2,-2,0,0,0,-48,-75,13,None
0,-6,-5,-2,-2,-4,-5,-3,-2,0,0,0,-48,-75,13,None
0,-3,5,-1,0,-2,-2,-1,-1,0,0,0,-48,-75,13,None
0,3,4,0,14,6,1,-1,-1,0,0,0,-48,-75,13,None
0,-5,-1,-2,-23,-1,-3,-2,-4,0,0,0,-48,-75,13,None
0,-5,-1,-2,-23,-1,-3,-2,-4,0,0,0,-48,-75,13,None
0,-5,-1,-2,-23,-1,-3,-2,-4,0,0,0,-45,-86,15,None
0,-1,-5,-3,1,1,-2,-3,0,0,0,0,-45,-86,15,None
0,0,6,-2,-3,-3,-2,-1,-3,0,0,0,-45,-86,15,None
0,-2,-4,-4,-6,4,-2,-2,-4,0,0,0,-45,-86,15,None
0,1,4,-2,3,1,5,-1,0,0,0,0,-45,-86,15,None
0,1,4,-2,3,1,5,-1,0,0,0,0,-45,-86,15,None
0,1,4,-2,3,1,5,-1,0,0,0,0,-47,-92,27,None
0,-3,-7,7,27,3,2,-1,1,0,0,0,-47,-92,27,None
0,-1,4,-6,-18,-3,-6,-3,-3,0,0,0,-47,-92,27,None
0,-2,-1,0,1,-5,-1,-2,-2,0,0,0,-47,-92,27,None
0,-2,-1,1,1,8,-1,0,0,0,0,0,-47,-92,27,None
0,-2,-1,1,1,8,-1,0,0,0,0,0,-47,-92,27,None
0,-2,-1,1,1,8,-1,0,0,0,0,0,-51,-89,19,None
0,1,0,-1,-7,0,-4,-5,-3,0,0,0,-51,-89,19,None
0,0,2,1,43,-23,4,7,2,0,0,0,-51,-89,19,None
0,1,-1,-3,-45,-6,18,-2,-1,0,0,0,-51,-89,19,None
0,1,0,-2,6,3,-2,2,-1,0,0,0,-51,-89,19,None
0,1,0,-2,6,3,-2,2,-1,0,0,0,-51,-89,19,None
0,1,0,-2,6,3,-2,2,-1,0,0,0,-43,-81,11,None
0,-4,-2,-4,39,10,1,-2,-3,0,0,0,-43,-81,11,None
