0,-2,-1,1,4,15,-13,-46,-6,0,0,0,80,-113,-7,None
0,0,0,-4,-18,-6,27,22,2,0,0,0,80,-113,-7,None
0,-3,-1,-1,-2,-9,38,0,-4,0,0,0,80,-113,-7,None
0,-3,-1,-1,-2,-9,38,0,-4,0,0,0,80,-113,-7,None
0,-3,-1,-1,-2,-9,38,0,-4,0,0,0,73,-126,-7,None
0,-2,0,-5,-7,4,-44,-9,-1,0,0,0,73,-126,-7,None
0,-2,0,-2,2,9,-10,0,-2,0,0,0,73,-126,-7,None
0,-4,-2,-3,-8,-8,-9,-34,-6,0,0,0,73,-126,-7,None
0,-1,2,-7,1,27,-11,18,0,0,0,0,73,-126,-7,None
0,-1,2,-7,1,27,-11,18,0,0,0,0,73,-126,-7,None
0,-1,2,-7,1,27,-11,18,0,0,0,0,57,-139,-8,None
0,1,0,1,2,-2,71,8,1,0,0,0,57,-139,-8,None
0,-1,1,-5,-3,7,-14,-19,0,0,0,0,57,-139,-8,None
0,-1,1,-5,5,-5,-11,33,1,0,0,0,57,-139,-8,None
0,-1,2,-3,0,-21,-38,-19,3,0,0,0,57,-139,-8,None
0,-1,2,-3,0,-21,-38,-19,3,0,0,0,57,-139,-8,None
0,-1,2,-3,0,-21,-38,-19,3,0,0,0,44,-139,-6,None
0,1,2,0,-2,25,13,12,-4,0,0,0,44,-139,-6,None
0,-4,-2,0,18,-13,-24,-18,-7,0,0,0,44,-139,-6,None
0,-1,-1,-7,-11,-20,-16,-20,-1,0,0,0,44,-139,-6,None
0,-1,0,0,37,10,13,1,-1,0,0,0,44,-139,-6,None
0,-1,0,0,37,10,13,1,-1,0,0,0,44,-139,-6,None
0,-1,0,0,37,10,13,1,-1,0,0,0,19,-138,-8,None
0,-1,-3,-10,-28,-26,20,27,3,0,0,0,19,-138,-8,None
0,-3,1,4,0,4,-23,-12,-4,0,0,0,19,-138,-8,None
0,0,0,1,1,-3,-1,-5,-1,0,0,0,19,-138,-8,None
0,-1,0,1,-7,-3,-18,0,-3,0,0,0,19,-138,-8,None
0,-1,0,1,-7,-3,-18,0,-3,0,0,0,19,-138,-8,None
0,-1,0,1,-7,-3,-18,0,-3,0,0,0,2,-129,-1,None
0,-4,0,1,14,22,28,-6,-3,0,0,0,2,-129,-1,None
0,2,2,3,0,-10,-5,-9,5,0,0,0,2,-129,-1,None
0,-2,-1,3,0,-1,-8,17,-3,0,0,0,2,-129,-1,None
0,1,0,-4,-12,9,37,5,3,0,0,0,2,-129,-1,None
0,1,0,-4,-12,9,37,5,3,0,0,0,2,-129,-1,None
0,1,0,-4,-12,9,37,5,3,0,0,0,-2,-124,0,None
0,-3,0,1,19,-9,-15,-7,-7,0,0,0,-2,-124,0,None
0,-2,0,-1,-18,-23,-17,-13,-6,0,0,0,-2,-124,0,None
0,-3,-1,-1,-7,31,-5,-2,0,0,0,0,-2,-124,0,None
0,0,-1,1,-11,9,8,1,-1,0,0,0,-2,-124,0,None
0,0,-1,1,-11,9,8,1,-1,0,0,0,-2,-124,0,None
0,0,-1,1,-11,9,8,1,-1,0,0,0,-16,-121,5,None
0,-1,1,0,13,1,-11,-10,-3,0,0,0,-16,-121,5,None
0,2,0,-6,-25,-11,29,22,5,0,0,0,-16,-121,5,None
0,0,0,-2,7,12,4,-4,-3,0,0,0,-16,-121,5,None
0,-4,-1,0,17,-39,-34,-10,-5,0,0,0,-16,-121,5,None
0,-4,-1,0,17,-39,-34,-10,-5,0,0,0,-16,-121,5,None
0,-4,-1,0,17,-39,-34,-10,-5,0,0,0,-23,-111,10,None
0,-3,1,0,-20,-6,-5,-6,-6,0,0,0,-23,-111,10,None
0,3,3,-1,22,31,23,5,3,0,0,0,-23,-111,10,None
0,-1,3,-2,-16,16,-33,-8,-2,0,0,0,-23,-111,10,None
0,-1,1,-4,-17,-37,-7,-7,-4,0,0,0,-23,-111,10,None
0,-1,1,-4,-17,-37,-7,-7,-4,0,0,0,-23,-111,10,None
0,-1,1,-4,-17,-37,-7,-7,-4,0,0,0,-28,-103,14,None
0,1,2,3,47,33,5,11,5,0,0,0,-28,-103,14,None
0,-2,-2,-5,19,7,12,3,-3,0,0,0,-28,-103,14,None
0,-2,-2,-2,-37,-29,-6,-6,1,0,0,0,-28,-103,14,None
0,0,3,6,6,-6,-1,4,3,0,0,0,-28,-103,14,None
0,0,3,6,6,-6,-1,4,3,0,0,0,-28,-103,14,None
0,0,3,6,6,-6,-1,4,3,0,0,0,-29,-98,19,None
0,-1,-1,-1,32,-22,2,-6,-4,0,0,0,-29,-98,19,None
0,0,1,2,-3,33,3,3,3,0,0,0,-29,-98,19,None
0,0,2,1,36,16,1,-4,-1,0,0,0,-29,-98,19,None
0,-3,-1,-5,-54,-34,4,1,-5,0,0,0,-29,-98,19,None
0,-3,-1,-5,-54,-34,4,1,-5,0,0,0,-29,-98,19,None
0,-3,-1,-5,-54,-34,4,1,-5,0,0,0,-36,-93,18,None
0,-1,0,0,-6,44,5,3,2,0,0,0,-36,-93,18,None
0,-2,2,5,71,-16,-25,-9,-4,0,0,0,-36,-93,18,None
0,-1,-1,-8,-4,2,12,5,-1,0,0,0,-36,-93,18,None
0,-1,0,-6,23,-13,5,-2,-1,0,0,0,-36,-93,18,None
0,-1,0,-6,23,-13,5,-2,-1,0,0,0,-36,-93,18,None
0,-1,0,-6,23,-13,5,-2,-1,0,0,0,-43,-89,13,None
0,-1,-2,-8,-70,40,1,-4,-2,0,0,0,-43,-89,13,None
0,-3,-2,-8,-4,1,-8,-2,-3,0,0,0,-43,-89,13,None
0,0,3,-2,-28,-48,-1,-4,-2,0,0,0,-43,-89,13,None
0,-1,0,3,29,51,0,0,-1,0,0,0,-43,-89,13,None
0,-1,0,3,29,51,0,0,-1,0,0,0,-43,-89,13,None
0,-1,0,3,29,51,0,0,-1,0,0,0,-47,-78,16,None
0,-3,-1,-1,21,-2,1,-5,-3,0,0,0,-47,-78,16,None
0,-1,0,-8,-21,-25,9,6,2,0,0,0,-47,-78,16,None
0,0,0,2,17,8,-6,-3,-2,0,0,0,-47,-78,16,None
0,0,2,-5,-117,-27,0,0,0,0,0,0,-47,-78,16,None
0,0,2,-5,-117,-27,0,0,0,0,0,0,-47,-78,16,None
0,0,2,-5,-117,-27,0,0,0,0,0,0,-52,-70,14,None
0,-2,-3,-8,1,-44,-5,-1,0,0,0,0,-52,-70,14,None
0,-2,1,4,41,0,-4,-5,-6,0,0,0,-52,-70,14,None
0,-4,-1,-1,9,6,8,-5,-2,0,0,0,-52,-70,14,None
0,0,2,7,80,26,4,3,1,0,0,0,-52,-70,14,None
0,0,2,7,80,26,4,3,1,0,0,0,-52,-70,14,None
0,0,2,7,80,26,4,3,1,0,0,0,-55,-68,10,None
0,-1,-2,-11,10,-11,-1,-3,-2,0,0,0,-55,-68,10,None
0,-1,-1,0,-34,-47,-7,-2,-2,0,0,0,-55,-68,10,None
0,0,1,0,-11,18,2,2,1,0,0,0,-55,-68,10,None
0,1,1,-4,43,24,-3,-4,-1,0,0,0,-55,-68,10,None
0,1,1,-4,43,24,-3,-4,-1,0,0,0,-55,-68,10,None
0,1,1,-4,43,24,-3,-4,-1,0,0,0,-56,-65,9,None
0,-3,2,2,-15,5,1,-1,-2,0,0,0,-56,-65,9,None
0,-2,0,-5,-28,15,-5,-3,-1,0,0,0,-56,-65,9,None
0,-2,0,2,32,11,6,-1,-2,0,0,0,-56,-65,9,None
0,1,3,2,-15,2,-2,-1,6,0,0,0,-56,-65,9,None
0,1,3,2,-15,2,-2,-1,6,0,0,0,-56,-65,9,None
0,1,3,2,-15,2,-2,-1,6,0,0,0,-60,-59,11,None
0,-1,17,-11,-48,-12,-3,-4,-21,0,0,0,-60,-59,11,None
0,3,12,2,-10,0,0,0,11,0,0,0,-60,-59,11,None
0,-7,-27,-3,-41,-26,-3,-2,-5,0,0,0,-60,-59,11,None
0,-3,1,-3,-26,73,-9,-2,-3,0,0,0,-60,-59,11,None
0,-3,1,-3,-26,73,-9,-2,-3,0,0,0,-60,-59,11,None
0,-3,1,-3,-26,73,-9,-2,-3,0,0,0,-64,-54,9,None
0,-3,-10,5,-23,-42,3,2,-3,0,0,0,-64,-54,9,None
0,2,7,-4,-54,-15,-3,0,6,0,0,0,-64,-54,9,None
0,-3,6,1,56,-23,6,-1,-9,0,0,0,-64,-54,9,None
0,1,-3,-5,10,17,0,-3,-4,0,0,0,-64,-54,9,None
0,1,-3,-5,10,17,0,-3,-4,0,0,0,-64,-54,9,None
0,1,-3,-5,10,17,0,-3,-4,0,0,0,-59,-54,9,None
0,4,0,1,10,19,0,4,10,0,0,0,-59,-54,9,None
0,-3,0,4,70,14,-3,-1,-4,0,0,0,-59,-54,9,None
0,-2,0,-11,-57,-2,-6,1,3,0,0,0,-59,-54,9,None
0,-2,3,-9,4,-24,3,-2,-4,0,0,0,-59,-54,9,None
0,-2,3,-9,4,-24,3,-2,-4,0,0,0,-59,-54,9,None
0,-2,3,-9,4,-24,3,-2,-4,0,0,0,-57,-52,8,None
0,2,10,10,32,39,11,1,2,0,0,0,-57,-52,8,None
0,-5,-15,-5,-16,31,-9,-6,-6,0,0,0,-57,-52,8,None
0,4,12,1,0,-2,-9,-3,-2,0,0,0,-57,-52,8,None
0,-1,8,1,19,-4,-1,-2,-5,0,0,0,-57,-52,8,None
0,-1,8,1,19,-4,-1,-2,-5,0,0,0,-57,-52,8,None
0,-1,8,1,19,-4,-1,-2,-5,0,0,0,-58,-43,8,None
0,-6,-30,-3,4,2,-1,1,5,0,0,0,-58,-43,8,None
0,1,5,0,1,0,2,-1,-3,0,0,0,-58,-43,8,None
0,-1,2,3,25,32,2,-1,0,0,0,0,-58,-43,8,None
0,-2,-7,2,-35,1,-2,1,0,0,0,0,-58,-43,8,None
0,-2,-7,2,-35,1,-2,1,0,0,0,0,-58,-43,8,None
0,-2,-7,2,-35,1,-2,1,0,0,0,0,-61,-36,6,None
0,0,5,2,25,-26,-2,-3,1,0,0,0,-61,-36,6,None
0,-3,-1,-6,-48,30,3,0,-4,0,0,0,-61,-36,6,None
0,-3,1,-3,25,-6,-1,-1,0,0,0,0,-61,-36,6,None
0,-4,1,-7,-15,-34,-12,-4,-2,0,0,0,-61,-36,6,None
0,-4,1,-7,-15,-34,-12,-4,-2,0,0,0,-61,-36,6,None
0,-4,1,-7,-15,-34,-12,-4,-2,0,0,0,-64,-35,7,None
0,1,6,-4,-5,13,15,6,2,0,0,0,-64,-35,7,None
0,-3,-1,-12,22,1,-20,-8,-7,0,0,0,-64,-35,7,None
0,3,4,4,11,16,22,3,3,0,0,0,-64,-35,7,None
0,-3,-6,-10,5,-6,-3,0,0,0,0,0,-64,-35,7,None
0,-3,-6,-10,5,-6,-3,0,0,0,0,0,-64,-35,7,None
0,-3,-6,-10,5,-6,-3,0,0,0,0,0,-63,-35,10,None
0,23,3,18,31,24,-62,-24,6,0,0,0,-63,-35,10,None
0,38,3,-7,-22,2,-46,-5,29,0,0,0,-63,-35,10,None
0,25,17,1,4,8,67,24,53,0,0,0,-63,-35,10,None
0,45,-19,10,-23,-93,109,48,15,0,0,0,-63,-35,10,None
0,45,-19,10,-23,-93,109,48,15,0,0,0,-63,-35,10,None
0,45,-19,10,-23,-93,109,48,15,0,0,0,-66,-31,15,None
0,-62,1,-27,-86,36,-105,-47,43,0,0,0,-66,-31,15,None
0,-31,0,31,-22,-29,116,76,-4,0,0,0,-66,-31,15,None
0,-58,22,-28,19,-31,-121,-14,-73,0,0,0,-66,-31,15,None
0,-45,-41,9,28,127,-35,-42,-115,0,0,0,-66,-31,15,None
0,-45,-41,9,28,127,-35,-42,-115,0,0,0,-66,-31,15,None
0,-45,-41,9,28,127,-35,-42,-115,0,0,0,-77,-18,8,None
0,92,-36,-101,-66,-40,99,-9,-5,0,0,0,-77,-18,8,None
0,-95,16,65,73,114,46,-5,27,0,0,0,-77,-18,8,None
0,127,14,-18,-39,-81,120,14,11,0,0,0,-77,-18,8,None
0,-109,0,29,21,50,69,5,-60,0,0,0,-77,-18,8,None
0,-109,0,29,21,50,69,5,-60,0,0,0,-77,-18,8,None
0,-109,0,29,21,50,69,5,-60,0,0,0,-93,-13,9,None
0,-5,-6,-37,-1,-37,-34,-3,-42,0,0,0,-93,-13,9,None
0,86,-12,-50,-1,-4,-64,-17,52,0,0,0,-93,-13,9,None
0,23,4,16,18,-6,-53,19,94,0,0,0,-93,-13,9,None
0,8,23,6,-3,10,-39,7,72,0,0,0,-93,-13,9,None
0,8,23,6,-3,10,-39,7,72,0,0,0,-93,-13,9,None
0,8,23,6,-3,10,-39,7,72,0,0,0,-78,-39,-4,None
0,10,11,49,40,-6,9,14,16,0,0,0,-78,-39,-4,None
0,-6,-6,-12,-6,-52,-15,-9,-21,0,0,0,-78,-39,-4,None
0,-66,-6,6,-37,32,-34,-20,-34,0,0,0,-78,-39,-4,None
0,31,6,-17,-23,-48,-11,-1,18,0,0,0,-78,-39,-4,None
0,31,6,-17,-23,-48,-11,-1,18,0,0,0,-78,-39,-4,None
0,31,6,-17,-23,-48,-11,-1,18,0,0,0,-56,-30,5,None
0,-32,-1,4,15,15,10,7,-11,0,0,0,-56,-30,5,None
0,-1,7,-6,16,-2,-9,-9,-30,0,0,0,-56,-30,5,None
0,-18,7,7,29,43,18,-6,-20,0,0,0,-56,-30,5,None
0,17,-27,-19,64,37,-26,-28,12,0,0,0,-56,-30,5,None
0,17,-27,-19,64,37,-26,-28,12,0,0,0,-56,-30,5,None
0,17,-27,-19,64,37,-26,-28,12,0,0,0,-34,-42,-5,None
0,3,-10,-1,-80,-101,6,16,13,0,0,0,-34,-42,-5,None
0,-33,18,11,75,40,3,54,5,0,0,0,-34,-42,-5,None
0,-8,-46,-15,-73,-65,-8,-21,-15,0,0,0,-34,-42,-5,None
0,38,15,1,64,-29,-20,12,41,0,0,0,-34,-42,-5,None
0,38,15,1,64,-29,-20,12,41,0,0,0,-34,-42,-5,None
0,38,15,1,64,-29,-20,12,41,0,0,0,-85,-30,9,None
0,-21,-19,31,127,125,44,-1,-32,0,0,0,-85,-30,9,None
0,30,-44,-20,40,-70,-59,-44,-69,0,0,0,-85,-30,9,None
0,-49,10,-16,-96,-27,-14,19,34,0,0,0,-85,-30,9,None
0,46,82,-3,-33,-21,-13,1,-3,0,0,0,-85,-30,9,None
0,46,82,-3,-33,-21,-13,1,-3,0,0,0,-85,-30,9,None
0,46,82,-3,-33,-21,-13,1,-3,0,0,0,-107,-37,22,None
0,-99,-73,2,91,41,19,18,-6,0,0,0,-107,-37,22,None
0,71,28,-9,-80,1,4,-26,0,0,0,0,-107,-37,22,None
0,-15,-14,6,114,81,3,-9,-7,0,0,0,-107,-37,22,None
0,-5,1,-8,-96,81,-12,-16,-16,0,0,0,-107,-37,22,None
0,-5,1,-8,-96,81,-12,-16,-16,0,0,0,-107,-37,22,None
0,-5,1,-8,-96,81,-12,-16,-16,0,0,0,-75,-28,18,None
0,25,31,9,-51,-99,-14,6,15,0,0,0,-75,-28,18,None
0,-10,-11,-8,-40,-8,3,-9,-3,0,0,0,-75,-28,18,None
0,-4,-4,2,-55,31,-2,-9,-16,0,0,0,-75,-28,18,None
0,-8,-17,-3,-3,78,-10,6,20,0,0,0,-75,-28,18,None
0,-8,-17,-3,-3,78,-10,6,20,0,0,0,-75,-28,18,None
0,-8,-17,-3,-3,78,-10,6,20,0,0,0,-86,-3,16,None
0,18,30,5,24,3,9,-1,-3,0,0,0,-86,-3,16,None
0,-21,-15,-1,23,46,8,-7,4,0,0,0,-86,-3,16,None
0,14,6,3,17,0,-1,-6,-16,0,0,0,-86,-3,16,None
0,-2,15,-1,-24,-52,-8,-4,3,0,0,0,-86,-3,16,None
0,-2,15,-1,-24,-52,-8,-4,3,0,0,0,-86,-3,16,None
0,-2,15,-1,-24,-52,-8,-4,3,0,0,0,-106,-7,16,None
0,13,14,5,-55,-24,-31,-8,-2,0,0,0,-106,-7,16,None
0,25,14,4,-2,24,22,1,7,0,0,0,-106,-7,16,None
0,17,0,-14,23,-26,-80,1,105,0,0,0,-106,-7,16,None
0,-86,-23,6,20,2,89,23,9,0,0,0,-106,-7,16,None
0,-86,-23,6,20,2,89,23,9,0,0,0,-106,-7,16,None
0,-86,-23,6,20,2,89,23,9,0,0,0,-107,-18,25,None
0,-40,7,-19,-10,-26,61,17,-2,0,0,0,-107,-18,25,None
0,42,24,68,60,38,-98,-71,92,0,0,0,-107,-18,25,None
0,27,4,23,13,54,68,13,-34,0,0,0,-107,-18,25,None
0,-101,-26,25,32,-109,8,-31,-54,0,0,0,-107,-18,25,None
0,-101,-26,25,32,-109,8,-31,-54,0,0,0,-107,-18,25,None
0,-101,-26,25,32,-109,8,-31,-54,0,0,0,-128,-25,27,None
0,66,54,-9,13,32,13,5,-35,0,0,0,-128,-25,27,None
0,64,-17,12,39,-10,-67,-45,-128,0,0,0,-128,-25,27,None
0,-33,37,-32,4,38,-35,17,120,0,0,0,-128,-25,27,None
0,26,-92,-27,15,15,-14,-45,-73,0,0,0,-128,-25,27,None
0,26,-92,-27,15,15,-14,-45,-73,0,0,0,-128,-25,27,None
0,26,-92,-27,15,15,-14,-45,-73,0,0,0,-116,1,16,None
0,1,27,-15,15,51,-100,-12,99,0,0,0,-116,1,16,None
0,9,16,7,6,-81,25,62,81,0,0,0,-116,1,16,None
0,27,-16,-4,25,23,-99,-11,2,0,0,0,-116,1,16,None
0,-27,-7,-42,-75,-40,8,36,22,0,0,0,-116,1,16,None
0,-27,-7,-42,-75,-40,8,36,22,0,0,0,-116,1,16,None
0,-27,-7,-42,-75,-40,8,36,22,0,0,0,-100,-22,3,None
0,-42,8,32,-2,15,83,13,-12,0,0,0,-100,-22,3,None
0,-76,-8,-39,-77,36,53,-2,-8,0,0,0,-100,-22,3,None
0,-14,5,-6,-4,-26,4,-14,-18,0,0,0,-100,-22,3,None
0,16,44,9,26,2,-26,-6,29,0,0,0,-100,-22,3,None
0,16,44,9,26,2,-26,-6,29,0,0,0,-100,-22,3,None
0,16,44,9,26,2,-26,-6,29,0,0,0,-41,-43,-3,None
0,9,-9,-4,-8,0,10,-6,-12,0,0,0,-41,-43,-3,None
0,-68,5,-13,-12,-29,18,25,32,0,0,0,-41,-43,-3,None
0,-35,-15,14,10,-14,48,-7,-58,0,0,0,-41,-43,-3,None
0,24,23,8,11,-1,-22,2,-1,0,0,0,-41,-43,-3,None
0,24,23,8,11,-1,-22,2,-1,0,0,0,-41,-43,-3,None
0,24,23,8,11,-1,-22,2,-1,0,0,0,-69,-21,16,None
0,27,-3,14,1,11,-16,2,17,0,0,0,-69,-21,16,None
0,-7,-12,-22,-41,-19,17,0,-40,0,0,0,-69,-21,16,None
0,2,-3,7,10,-17,-2,-15,-50,0,0,0,-69,-21,16,None
0,68,5,-8,-4,8,-24,0,31,0,0,0,-69,-21,16,None
0,68,5,-8,-4,8,-24,0,31,0,0,0,-69,-21,16,None
0,68,5,-8,-4,8,-24,0,31,0,0,0,-131,-29,6,None
0,-3,-2,-3,-11,7,-24,-7,-9,0,0,0,-131,-29,6,None
0,-11,-2,-14,4,10,8,-8,-4,0,0,0,-131,-29,6,None
0,20,-7,-2,-6,-8,31,2,-20,0,0,0,-131,-29,6,None
0,4,20,3,-5,-8,-15,10,30,0,0,0,-131,-29,6,None
0,4,20,3,-5,-8,-15,10,30,0,0,0,-131,-29,6,None
0,4,20,3,-5,-8,-15,10,30,0,0,0,-73,-32,5,None
0,-4,10,-1,45,3,1,-7,-11,0,0,0,-73,-32,5,None
0,-13,-17,-4,-82,-8,3,-1,-12,0,0,0,-73,-32,5,None
0,-8,6,12,31,16,5,-4,10,0,0,0,-73,-32,5,None
0,43,-5,-9,-42,-89,-11,-3,0,0,0,0,-73,-32,5,None
0,43,-5,-9,-42,-89,-11,-3,0,0,0,0,-73,-32,5,None
0,43,-5,-9,-42,-89,-11,-3,0,0,0,0,-78,-13,12,None
0,-64,1,-6,-14,13,-18,-4,-12,0,0,0,-78,-13,12,None
0,44,11,0,29,30,-13,-26,44,0,0,0,-78,-13,12,None
0,10,8,-1,31,4,6,36,-21,0,0,0,-78,-13,12,None
0,-2,21,-6,-62,-3,1,9,15,0,0,0,-78,-13,12,None
0,-2,21,-6,-62,-3,1,9,15,0,0,0,-78,-13,12,None
0,-2,21,-6,-62,-3,1,9,15,0,0,0,-83,-8,14,None
0,12,-32,-1,-22,21,1,-11,-8,0,0,0,-83,-8,14,None
0,-37,2,-3,32,-74,2,26,20,0,0,0,-83,-8,14,None
0,16,-30,-1,-27,29,1,-21,0,0,0,0,-83,-8,14,None
0,12,10,2,62,44,-3,0,4,0,0,0,-83,-8,14,None
0,12,10,2,62,44,-3,0,4,0,0,0,-83,-8,14,None
0,12,10,2,62,44,-3,0,4,0,0,0,-68,-28,13,None
0,18,11,2,-22,-18,-3,-5,14,0,0,0,-68,-28,13,None
0,-18,-10,-11,-9,36,1,-5,-28,0,0,0,-68,-28,13,None
0,-5,2,-9,-22,-65,-10,-14,-17,0,0,0,-68,-28,13,None
0,-1,-8,-1,32,6,-15,-5,0,0,0,0,-68,-28,13,None
0,-1,-8,-1,32,6,-15,-5,0,0,0,0,-68,-28,13,None
0,-1,-8,-1,32,6,-15,-5,0,0,0,0,-58,-40,12,None
0,25,3,-2,-49,8,-7,-10,-5,0,0,0,-58,-40,12,None
0,-9,-19,-8,-10,-17,7,1,-16,0,0,0,-58,-40,12,None
0,-1,12,-2,-34,-30,3,2,-5,0,0,0,-58,-40,12,None
0,2,-2,-2,20,43,-1,-4,10,0,0,0,-58,-40,12,None
0,2,-2,-2,20,43,-1,-4,10,0,0,0,-58,-40,12,None
0,2,-2,-2,20,43,-1,-4,10,0,0,0,-69,-26,12,None
0,-6,-13,4,36,55,-1,0,-7,0,0,0,-69,-26,12,None
0,10,19,-4,-19,-62,6,7,-4,0,0,0,-69,-26,12,None
0,-1,-2,-2,1,-20,-4,7,13,0,0,0,-69,-26,12,None
0,-11,-8,-2,8,49,3,-1,24,0,0,0,-69,-26,12,None
0,-11,-8,-2,8,49,3,-1,24,0,0,0,-69,-26,12,None
0,-11,-8,-2,8,49,3,-1,24,0,0,0,-75,-18,14,None
0,3,8,0,-2,-7,-8,-5,-24,0,0,0,-75,-18,14,None
0,5,4,-4,-4,7,-2,3,-9,0,0,0,-75,-18,14,None
0,-9,-2,-5,-20,-13,6,-9,-6,0,0,0,-75,-18,14,None
0,10,33,6,27,44,1,-1,22,0,0,0,-75,-18,14,None
0,10,33,6,27,44,1,-1,22,0,0,0,-75,-18,14,None
0,10,33,6,27,44,1,-1,22,0,0,0,-69,-28,14,None
0,-4,-60,-6,-23,-67,-2,4,-5,0,0,0,-69,-28,14,None
0,3,48,2,15,53,-3,-8,-3,0,0,0,-69,-28,14,None
0,-12,-28,1,11,-5,4,0,-16,0,0,0,-69,-28,14,None
0,0,-17,-3,-10,-4,-3,3,0,0,0,0,-69,-28,14,None
0,0,-17,-3,-10,-4,-3,3,0,0,0,0,-69,-28,14,None
0,0,-17,-3,-10,-4,-3,3,0,0,0,0,-66,-40,11,None
0,7,15,-2,-2,-11,1,2,9,0,0,0,-66,-40,11,None
0,-7,0,-2,-13,8,1,2,-8,0,0,0,-66,-40,11,None
0,0,8,1,32,22,-4,-7,1,0,0,0,-66,-40,11,None
0,-3,3,-2,-32,-29,-1,0,-17,0,0,0,-66,-40,11,None
0,-3,3,-2,-32,-29,-1,0,-17,0,0,0,-66,-40,11,None
0,-3,3,-2,-32,-29,-1,0,-17,0,0,0,-66,-43,14,None
0,1,6,-3,9,-5,-5,-3,-6,0,0,0,-66,-43,14,None
0,-2,-17,-4,16,9,-1,0,3,0,0,0,-66,-43,14,None
0,0,15,-1,-3,16,10,2,2,0,0,0,-66,-43,14,None
0,-3,-8,-5,-4,-16,-5,-4,-8,0,0,0,-66,-43,14,None
0,-3,-8,-5,-4,-16,-5,-4,-8,0,0,0,-66,-43,14,None
0,-3,-8,-5,-4,-16,-5,-4,-8,0,0,0,-75,-43,21,None
0,0,7,-1,8,-7,-4,-1,2,0,0,0,-75,-43,21,None
0,2,2,4,9,23,1,1,6,0,0,0,-75,-43,21,None
0,-3,4,-2,-4,9,-2,-7,-7,0,0,0,-75,-43,21,None
0,-4,5,0,-3,-16,-2,-1,-7,0,0,0,-75,-43,21,None
0,-4,5,0,-3,-16,-2,-1,-7,0,0,0,-75,-43,21,None
0,-4,5,0,-3,-16,-2,-1,-7,0,0,0,-73,-48,23,None
0,4,6,1,-19,-5,1,0,-2,0,0,0,-73,-48,23,None
0,-4,-7,-2,32,17,-4,-3,-2,0,0,0,-73,-48,23,None
0,-3,-1,-1,-8,5,-7,-5,-8,0,0,0,-73,-48,23,None
0,-2,-5,2,-23,-6,3,-3,-2,0,0,0,-73,-48,23,None
0,-2,-5,2,-23,-6,3,-3,-2,0,0,0,-73,-48,23,None
0,-2,-5,2,-23,-6,3,-3,-2,0,0,0,-61,-61,19,None
0,3,11,-3,5,8,1,2,4,0,0,0,-61,-61,19,None
0,1,-6,-3,-11,-7,6,2,0,0,0,0,-61,-61,19,None
0,-3,-1,-7,6,-4,-3,-4,-4,0,0,0,-61,-61,19,None
0,-1,5,4,16,1,-6,-2,-6,0,0,0,-61,-61,19,None
0,-1,5,4,16,1,-6,-2,-6,0,0,0,-61,-61,19,None
0,-1,5,4,16,1,-6,-2,-6,0,0,0,-55,-72,15,None
0,0,2,-6,-4,-6,-4,-3,2,0,0,0,-55,-72,15,None
0,-2,-2,-4,-12,1,2,0,-3,0,0,0,-55,-72,15,None
0,0,2,0,-6,-1,3,2,1,0,0,0,-55,-72,15,None
0,-3,-2,-4,13,2,-2,-4,-6,0,0,0,-55,-72,15,None
0,-3,-2,-4,13,2,-2,-4,-6,0,0,0,-55,-72,15,None
0,-3,-2,-4,13,2,-2,-4,-6,0,0,0,-57,-71,27,None
0,-1,0,-1,7,3,0,-3,-1,0,0,0,-57,-71,27,None
0,0,-2,0,2,2,-4,-3,-2,0,0,0,-57,-71,27,None
0,-2,4,-1,-5,-1,-2,-1,-1,0,0,0,-57,-71,27,None
0,2,-3,-7,-3,-7,-2,-4,-4,0,0,0,-57,-71,27,None
0,2,-3,-7,-3,-7,-2,-4,-4,0,0,0,-57,-71,27,None
0,2,-3,-7,-3,-7,-2,-4,-4,0,0,0,-54,-76,30,None
0,0,4,1,5,-2,1,1,2,0,0,0,-54,-76,30,None
0,0,0,-3,-5,-2,-3,-2,0,0,0,0,-54,-76,30,None
0,-1,-1,-2,6,4,-1,-1,0,0,0,0,-54,-76,30,None
0,-5,0,-1,1,-3,-3,0,-5,0,0,0,-54,-76,30,None
0,-5,0,-1,1,-3,-3,0,-5,0,0,0,-54,-76,30,None
0,-5,0,-1,1,-3,-3,0,-5,0,0,0,-43,-86,25,None
0,1,3,0,5,6,-1,-1,-1,0,0,0,-43,-86,25,None
0,-2,-1,-2,-12,-7,-3,-3,-2,0,0,0,-43,-86,25,None
0,-1,1,-5,-8,0,0,-1,-1,0,0,0,-43,-86,25,None
0,-3,-1,-1,2,-5,-1,-1,-3,0,0,0,-43,-86,25,None
0,-3,-1,-1,2,-5,-1,-1,-3,0,0,0,-43,-86,25,None
0,-3,-1,-1,2,-5,-1,-1,-3,0,0,0,-38,-93,21,None
0,0,2,0,2,12,-3,-1,0,0,0,0,-38,-93,21,None
0,-1,-1,-1,4,-2,-1,1,-1,0,0,0,-38,-93,21,None
0,-1,1,-1,12,4,-3,-2,-1,0,0,0,-38,-93,21,None
0,-1,1,-4,-10,-8,-2,-3,-1,0,0,0,-38,-93,21,None
0,-1,1,-4,-10,-8,-2,-3,-1,0,0,0,-38,-93,21,None
0,-1,1,-4,-10,-8,-2,-3,-1,0,0,0,-38,-97,31,None
0,-3,-1,0,14,9,-1,-1,0,0,0,0,-38,-97,31,None
0,-1,-2,-2,5,1,3,-1,-3,0,0,0,-38,-97,31,None
0,-1,0,0,17,5,-3,-4,-2,0,0,0,-38,-97,31,None
0,-1,-1,-4,-19,-3,4,4,0,0,0,0,-38,-97,31,None
0,-1,-1,-4,-19,-3,4,4,0,0,0,0,-38,-97,31,None
0,-1,-1,-4,-19,-3,4,4,0,0,0,0,-36,-101,30,None
0,0,-1,-3,4,-1,2,1,0,0,0,0,-36,-101,30,None
0,-1,0,-1,-4,-5,-6,-2,-1,0,0,0,-36,-101,30,None
0,-1,1,2,17,10,6,-3,0,0,0,0,-36,-101,30,None
0,0,2,-3,-8,-9,-6,0,0,0,0,0,-36,-101,30,None
0,0,2,-3,-8,-9,-6,0,0,0,0,0,-36,-101,30,None
0,0,2,-3,-8,-9,-6,0,0,0,0,0,-32,-102,18,None
0,-1,0,-4,-25,-11,2,0,-1,0,0,0,-32,-102,18,None
0,-1,1,0,-11,3,-8,-2,-2,0,0,0,-32,-102,18,None
0,-1,0,-2,-9,0,4,1,-1,0,0,0,-32,-102,18,None
0,0,3,6,79,12,2,0,-1,0,0,0,-32,-102,18,None
0,0,3,6,79,12,2,0,-1,0,0,0,-32,-102,18,None
0,0,3,6,79,12,2,0,-1,0,0,0,-23,-101,17,None
0,-1,0,-6,-58,-14,-1,-1,0,0,0,0,-23,-101,17,None
0,-1,0,-5,18,-3,-2,-2,-2,0,0,0,-23,-101,17,None
0,-1,0,6,-5,20,-2,-2,-3,0,0,0,-23,-101,17,None
0,-3,-2,-10,35,-6,-8,-5,-4,0,0,0,-23,-101,17,None
0,-3,-2,-10,35,-6,-8,-5,-4,0,0,0,-23,-101,17,None
0,-3,-2,-10,35,-6,-8,-5,-4,0,0,0,-11,-107,20,None
0,0,0,-1,5,-7,-2,-3,-2,0,0,0,-11,-107,20,None
0,0,-1,-5,-10,-6,0,-2,-1,0,0,0,-11,-107,20,None
0,-2,2,2,51,-7,2,3,0,0,0,0,-11,-107,20,None
0,-1,0,-4,-73,-15,0,-2,-2,0,0,0,-11,-107,20,None
0,-1,0,-4,-73,-15,0,-2,-2,0,0,0,-11,-107,20,None
0,-1,0,-4,-73,-15,0,-2,-2,0,0,0,-7,-103,18,None
0,-2,-2,-3,-7,26,-5,-4,-1,0,0,0,-7,-103,18,None
0,-2,0,-5,-22,6,-2,-4,-1,0,0,0,-7,-103,18,None
0,0,3,3,9,-8,6,4,0,0,0,0,-7,-103,18,None
0,0,0,-3,8,14,-3,-3,-2,0,0,0,-7,-103,18,None
0,0,0,-3,8,14,-3,-3,-2,0,0,0,-7,-103,18,None
0,0,0,-3,8,14,-3,-3,-2,0,0,0,-4,-101,8,None
0,-2,1,1,75,30,2,1,0,0,0,0,-4,-101,8,None
0,0,2,9,-11,1,7,1,-1,0,0,0,-4,-101,8,None
0,-3,-3,-14,-75,-11,-11,-5,-3,0,0,0,-4,-101,8,None
0,-1,-1,1,-71,-22,0,1,-1,0,0,0,-4,-101,8,None
0,-1,-1,1,-71,-22,0,1,-1,0,0,0,-4,-101,8,None
0,-1,-1,1,-71,-22,0,1,-1,0,0,0,8,-108,10,None
0,1,6,12,28,31,-4,-1,-1,0,0,0,8,-108,10,None
0,-3,1,-3,46,2,3,3,1,0,0,0,8,-108,10,None
0,0,0,-8,-73,-9,4,0,0,0,0,0,8,-108,10,None
0,-4,-4,-1,11,18,-8,-7,-4,0,0,0,8,-108,10,None
0,-4,-4,-1,11,18,-8,-7,-4,0,0,0,8,-108,10,None
0,-4,-4,-1,11,18,-8,-7,-4,0,0,0,16,-116,15,None
0,0,3,-12,98,-12,3,-1,0,0,0,0,16,-116,15,None
0,0,-1,-12,-54,-14,-9,-3,-1,0,0,0,16,-116,15,None
0,0,1,1,49,-18,3,0,-1,0,0,0,16,-116,15,None
0,-1,-2,-10,67,15,5,-4,-1,0,0,0,16,-116,15,None
0,-1,-2,-10,67,15,5,-4,-1,0,0,0,16,-116,15,None
0,-1,-2,-10,67,15,5,-4,-1,0,0,0,17,-110,7,None
0,-4,-5,-12,-89,-18,-5,3,-2,0,0,0,17,-110,7,None
0,-1,2,3,-34,-18,-6,-1,-3,0,0,0,17,-110,7,None
0,0,2,3,-12,52,3,-3,-3,0,0,0,17,-110,7,None
0,0,2,5,81,21,2,1,1,0,0,0,17,-110,7,None
0,0,2,5,81,21,2,1,1,0,0,0,17,-110,7,None
0,0,2,5,81,21,2,1,1,0,0,0,22,-113,4,None
0,-3,-2,0,-85,-97,-2,-3,-1,0,0,0,22,-113,4,None
0,-2,2,-4,92,89,11,3,1,0,0,0,22,-113,4,None
0,-5,-8,-15,-82,-39,-20,-9,-6,0,0,0,22,-113,4,None
0,-1,1,-11,-14,-34,6,-1,-3,0,0,0,22,-113,4,None
0,-1,1,-11,-14,-34,6,-1,-3,0,0,0,22,-113,4,None
0,-1,1,-11,-14,-34,6,-1,-3,0,0,0,32,-121,0,None
0,0,1,3,-2,20,0,0,-1,0,0,0,32,-121,0,None
0,-2,-3,2,40,31,-3,-2,-2,0,0,0,32,-121,0,None
0,-2,-1,-10,-40,-26,-6,-7,-2,0,0,0,32,-121,0,None
0,-1,4,3,-90,0,1,3,-3,0,0,0,32,-121,0,None
0,-1,4,3,-90,0,1,3,-3,0,0,0,32,-121,0,None
0,-1,4,3,-90,0,1,3,-3,0,0,0,38,-116,1,None
0,-3,-5,-6,2,-69,-11,-4,-4,0,0,0,38,-116,1,None
0,-5,-7,-10,-85,-29,3,-2,-5,0,0,0,38,-116,1,None
0,0,2,4,88,12,-5,-2,0,0,0,0,38,-116,1,None
0,4,8,12,-75,-3,14,6,2,0,0,0,38,-116,1,None
0,4,8,12,-75,-3,14,6,2,0,0,0,38,-116,1,None
0,4,8,12,-75,-3,14,6,2,0,0,0,39,-102,1,None
0,-2,-1,-14,41,-37,-17,0,-3,0,0,0,39,-102,1,None
0,1,6,20,86,101,11,-2,0,0,0,0,39,-102,1,None
0,-1,-3,-11,-43,-35,-2,1,-4,0,0,0,39,-102,1,None
0,0,2,25,127,9,4,3,2,0,0,0,39,-102,1,None
0,0,2,25,127,9,4,3,2,0,0,0,39,-102,1,None
0,0,2,25,127,9,4,3,2,0,0,0,45,-102,0,None
0,3,8,-13,9,-34,6,1,2,0,0,0,45,-102,0,None
0,-3,-5,-4,-5,-16,-6,-5,-4,0,0,0,45,-102,0,None
0,-1,-1,0,-27,84,7,1,1,0,0,0,45,-102,0,None
0,-1,0,-5,18,12,-6,-5,-2,0,0,0,45,-102,0,None
0,-1,0,-5,18,12,-6,-5,-2,0,0,0,45,-102,0,None
0,-1,0,-5,18,12,-6,-5,-2,0,0,0,50,-105,-1,None
0,0,2,9,26,49,-5,-3,-2,0,0,0,50,-105,-1,None
0,-8,-8,-19,-122,-105,-10,-11,-7,0,0,0,50,-105,-1,None
0,-2,0,-12,29,-66,-8,-2,-1,0,0,0,50,-105,-1,None
0,-2,-1,-5,-9,37,-3,-1,-3,0,0,0,50,-105,-1,None
0,-2,-1,-5,-9,37,-3,-1,-3,0,0,0,50,-105,-1,None
0,-2,-1,-5,-9,37,-3,-1,-3,0,0,0,57,-100,-1,None
0,-2,1,9,69,69,12,-1,-3,0,0,0,57,-100,-1,None
0,0,0,-7,-62,-118,-18,-3,-3,0,0,0,57,-100,-1,None
0,-2,1,11,49,56,3,-1,-2,0,0,0,57,-100,-1,None
0,-3,-4,-11,-40,-24,-9,-4,-4,0,0,0,57,-100,-1,None
0,-3,-4,-11,-40,-24,-9,-4,-4,0,0,0,57,-100,-1,None
0,-3,-4,-11,-40,-24,-9,-4,-4,0,0,0,60,-95,-2,None
0,-3,3,7,66,41,8,1,0,0,0,0,60,-95,-2,None
0,1,3,8,76,26,5,2,0,0,0,0,60,-95,-2,None
0,2,7,19,86,80,10,3,3,0,0,0,60,-95,-2,None
0,-5,10,-31,-71,-51,-12,-6,-5,0,0,0,60,-95,-2,None
0,-5,10,-31,-71,-51,-12,-6,-5,0,0,0,60,-95,-2,None
0,-5,10,-31,-71,-51,-12,-6,-5,0,0,0,55,-104,-2,None
0,-2,-6,-1,-14,10,-2,-3,-2,0,0,0,55,-104,-2,None
0,2,21,3,20,43,5,3,0,0,0,0,55,-104,-2,None
0,1,8,10,-2,-25,-6,-2,0,0,0,0,55,-104,-2,None
0,5,5,4,29,36,3,-1,1,0,0,0,55,-104,-2,None
0,5,5,4,29,36,3,-1,1,0,0,0,55,-104,-2,None
0,5,5,4,29,36,3,-1,1,0,0,0,60,-96,-3,None
0,-4,0,-1,-42,-4,1,-2,-2,0,0,0,60,-96,-3,None
0,-1,-24,-1,1,-20,-2,1,1,0,0,0,60,-96,-3,None
0,5,14,-1,-1,-28,-1,-1,-1,0,0,0,60,-96,-3,None
0,-1,-3,-22,0,-4,-3,-2,0,0,0,0,60,-96,-3,None
0,-1,-3,-22,0,-4,-3,-2,0,0,0,0,60,-96,-3,None
0,-1,-3,-22,0,-4,-3,-2,0,0,0,0,57,-89,-5,None
0,-1,-3,-3,-31,-7,0,-3,-3,0,0,0,57,-89,-5,None
0,-3,2,-4,12,34,0,-2,-1,0,0,0,57,-89,-5,None
0,1,13,-3,-1,-12,-3,-5,-2,0,0,0,57,-89,-5,None
0,-6,-38,-1,-27,-23,-3,-1,-1,0,0,0,57,-89,-5,None
0,-6,-38,-1,-27,-23,-3,-1,-1,0,0,0,57,-89,-5,None
0,-6,-38,-1,-27,-23,-3,-1,-1,0,0,0,58,-90,-6,None
0,1,2,4,32,36,1,-1,1,0,0,0,58,-90,-6,None
0,1,2,-15,7,-7,0,1,0,0,0,0,58,-90,-6,None
0,-2,-4,4,28,7,-3,-3,-2,0,0,0,58,-90,-6,None
0,-1,9,3,9,-8,-3,-2,-2,0,0,0,58,-90,-6,None
0,-1,9,3,9,-8,-3,-2,-2,0,0,0,58,-90,-6,None
0,-1,9,3,9,-8,-3,-2,-2,0,0,0,57,-92,-3,None
0,0,8,-3,-16,18,2,0,0,0,0,0,57,-92,-3,None
0,1,2,8,7,5,-2,1,-1,0,0,0,57,-92,-3,None
0,-4,-11,-10,-21,-22,-1,-1,-1,0,0,0,57,-92,-3,None
0,0,4,-2,23,2,-3,-1,0,0,0,0,57,-92,-3,None
0,0,4,-2,23,2,-3,-1,0,0,0,0,57,-92,-3,None
0,0,4,-2,23,2,-3,-1,0,0,0,0,55,-85,-2,None
0,0,-5,-3,-71,-6,-2,-2,-1,0,0,0,55,-85,-2,None
0,0,2,-2,30,6,1,-1,-1,0,0,0,55,-85,-2,None
0,-4,-4,-5,-21,18,0,-1,-3,0,0,0,55,-85,-2,None
0,-1,8,2,-14,-19,-2,0,0,0,0,0,55,-85,-2,None
0,-1,8,2,-14,-19,-2,0,0,0,0,0,55,-85,-2,None
0,-1,8,2,-14,-19,-2,0,0,0,0,0,54,-80,-1,None
0,-1,-24,-1,11,8,2,-2,-1,0,0,0,54,-80,-1,None
0,-2,3,-2,6,-3,-1,-1,-1,0,0,0,54,-80,-1,None
0,-2,0,-5,10,-7,-2,0,-1,0,0,0,54,-80,-1,None
0,-3,1,6,-6,14,-1,-3,-2,0,0,0,54,-80,-1,None
0,-3,1,6,-6,14,-1,-3,-2,0,0,0,54,-80,-1,None
0,-3,1,6,-6,14,-1,-3,-2,0,0,0,59,-82,-1,None
0,-5,-13,-6,14,-7,-1,-3,-2,0,0,0,59,-82,-1,None
0,3,14,-2,-28,-20,-1,-1,-1,0,0,0,59,-82,-1,None
0,-7,-45,-3,-1,0,-2,-2,-2,0,0,0,59,-82,-1,None
0,-1,1,-3,17,13,1,-1,-1,0,0,0,59,-82,-1,None
0,-1,1,-3,17,13,1,-1,-1,0,0,0,59,-82,-1,None
0,-1,1,-3,17,13,1,-1,-1,0,0,0,61,-84,-1,None
0,2,12,3,-15,-1,-1,-2,-1,0,0,0,61,-84,-1,None
0,-1,0,0,6,-21,-2,-2,1,0,0,0,61,-84,-1,None
0,0,7,-7,-28,-9,-2,-2,-2,0,0,0,61,-84,-1,None
0,-1,7,5,8,-29,0,-1,-1,0,0,0,61,-84,-1,None
0,-1,7,5,8,-29,0,-1,-1,0,0,0,61,-84,-1,None
0,-1,7,5,8,-29,0,-1,-1,0,0,0,60,-83,-2,None
0,-3,0,-4,-44,22,2,-1,0,0,0,0,60,-83,-2,None
0,-3,1,1,7,3,0,0,-2,0,0,0,60,-83,-2,None
0,0,6,0,2,-7,0,-2,-2,0,0,0,60,-83,-2,None
0,-2,-4,-3,7,-3,0,-1,-2,0,0,0,60,-83,-2,None
0,-2,-4,-3,7,-3,0,-1,-2,0,0,0,60,-83,-2,None
0,-2,-4,-3,7,-3,0,-1,-2,0,0,0,60,-82,-1,None
0,2,8,0,14,-13,-3,-2,0,0,0,0,60,-82,-1,None
0,-1,-6,0,6,-5,-1,0,0,0,0,0,60,-82,-1,None
0,-1,4,-13,-35,-3,-3,-2,-2,0,0,0,60,-82,-1,None
0,-1,-3,-3,10,27,0,-2,-2,0,0,0,60,-82,-1,None
0,-1,-3,-3,10,27,0,-2,-2,0,0,0,60,-82,-1,None
0,-1,-3,-3,10,27,0,-2,-2,0,0,0,59,-82,-2,None
0,0,6,2,4,-16,-2,-1,-3,0,0,0,59,-82,-2,None
0,5,33,1,1,-7,-2,-1,-1,0,0,0,59,-82,-2,None
0,-4,-49,0,47,23,2,-1,-2,0,0,0,59,-82,-2,None
0,-4,-7,-8,-56,-48,-5,-3,-3,0,0,0,59,-82,-2,None
0,-4,-7,-8,-56,-48,-5,-3,-3,0,0,0,59,-82,-2,None
0,-4,-7,-8,-56,-48,-5,-3,-3,0,0,0,57,-83,-2,None
0,-2,1,-4,0,20,2,-1,-2,0,0,0,57,-83,-2,None
0,-4,2,4,-12,2,0,-1,-1,0,0,0,57,-83,-2,None
0,1,18,0,3,-6,-2,-1,-1,0,0,0,57,-83,-2,None
0,1,2,-3,7,22,0,1,-1,0,0,0,57,-83,-2,None
0,1,2,-3,7,22,0,1,-1,0,0,0,57,-83,-2,None
0,1,2,-3,7,22,0,1,-1,0,0,0,57,-85,-2,None
0,-2,-1,-3,10,-12,-3,-1,-1,0,0,0,57,-85,-2,None
0,-1,-7,-6,-39,-10,-1,-2,-2,0,0,0,57,-85,-2,None
0,-2,11,-1,5,3,0,-2,-2,0,0,0,57,-85,-2,None
0,1,2,0,4,9,-1,-2,0,0,0,0,57,-85,-2,None
0,1,2,0,4,9,-1,-2,0,0,0,0,57,-85,-2,None
0,1,2,0,4,9,-1,-2,0,0,0,0,57,-84,-3,None
0,-2,10,-1,-14,-12,-2,-2,-2,0,0,0,57,-84,-3,None
0,-2,-8,-3,13,16,1,-3,-2,0,0,0,57,-84,-3,None
0,-2,1,-3,-8,-7,-1,-1,-2,0,0,0,57,-84,-3,None
0,-1,8,-1,-3,4,0,-1,0,0,0,0,57,-84,-3,None
0,-1,8,-1,-3,4,0,-1,0,0,0,0,57,-84,-3,None
0,-1,8,-1,-3,4,0,-1,0,0,0,0,56,-83,-4,None
0,0,1,-2,3,-1,0,-3,-1,0,0,0,56,-83,-4,None
0,-2,-9,-3,4,2,0,0,-1,0,0,0,56,-83,-4,None
0,1,13,-1,-21,-17,-3,-1,-2,0,0,0,56,-83,-4,None
0,10,25,2,26,10,-2,-3,1,0,0,0,56,-83,-4,None
0,10,25,2,26,10,-2,-3,1,0,0,0,56,-83,-4,None
0,10,25,2,26,10,-2,-3,1,0,0,0,57,-82,-5,None
0,-7,-8,-14,-1,5,-1,-2,-3,0,0,0,57,-82,-5,None
0,-3,-6,-2,7,1,-3,-3,-3,0,0,0,57,-82,-5,None
0,-1,1,0,0,-1,-1,0,0,0,0,0,57,-82,-5,None
0,-2,6,1,-1,2,-1,-1,-1,0,0,0,57,-82,-5,None
0,-2,6,1,-1,2,-1,-1,-1,0,0,0,57,-82,-5,None
0,-2,6,1,-1,2,-1,-1,-1,0,0,0,57,-83,-5,None
0,0,0,-1,0,-4,-3,-2,-1,0,0,0,57,-83,-5,None
0,-2,-2,-4,6,0,-2,-1,0,0,0,0,57,-83,-5,None
0,0,11,-2,1,-4,-1,0,-2,0,0,0,57,-83,-5,None
0,-4,-11,-2,-1,11,-1,0,-3,0,0,0,57,-83,-5,None
0,-4,-11,-2,-1,11,-1,0,-3,0,0,0,57,-83,-5,None
0,-4,-11,-2,-1,11,-1,0,-3,0,0,0,58,-82,-6,None
0,1,4,0,5,-5,-1,-1,-1,0,0,0,58,-82,-6,None
0,-7,-7,-1,-5,-8,-1,0,-3,0,0,0,58,-82,-6,None
0,3,10,-2,21,11,-6,-4,-3,0,0,0,58,-82,-6,None
0,-6,-10,4,-8,16,2,-1,-4,0,0,0,58,-82,-6,None
0,-6,-10,4,-8,16,2,-1,-4,0,0,0,58,-82,-6,None
0,-6,-10,4,-8,16,2,-1,-4,0,0,0,57,-80,-7,None
0,-2,-1,0,-3,-3,-2,0,-1,0,0,0,57,-80,-7,None
0,0,3,-1,2,-1,0,-1,-2,0,0,0,57,-80,-7,None
0,-2,2,-2,-11,-9,-2,-1,0,0,0,0,57,-80,-7,None
0,-2,-4,-4,-1,-10,-3,-3,0,0,0,0,57,-80,-7,None
0,-2,-4,-4,-1,-10,-3,-3,0,0,0,0,57,-80,-7,None
0,-2,-4,-4,-1,-10,-3,-3,0,0,0,0,57,-81,-7,None
0,1,3,-1,4,1,-2,-2,-2,0,0,0,57,-81,-7,None
0,0,1,0,-4,13,0,-2,-2,0,0,0,57,-81,-7,None
0,-3,0,-1,1,-6,-1,-1,0,0,0,0,57,-81,-7,None
0,-3,-5,-3,0,4,-3,-2,-2,0,0,0,57,-81,-7,None
0,-3,-5,-3,0,4,-3,-2,-2,0,0,0,57,-81,-7,None
0,-3,-5,-3,0,4,-3,-2,-2,0,0,0,57,-80,-7,None
0,-2,0,1,-3,0,1,-2,0,0,0,0,57,-80,-7,None
0,-1,-3,-3,4,3,-1,-3,-1,0,0,0,57,-80,-7,None
0,0,-1,0,5,-8,0,1,-2,0,0,0,57,-80,-7,None
0,3,14,-3,8,23,-2,-3,-2,0,0,0,57,-80,-7,None
0,3,14,-3,8,23,-2,-3,-2,0,0,0,57,-80,-7,None
0,3,14,-3,8,23,-2,-3,-2,0,0,0,57,-80,-7,None
0,-4,-28,-5,-5,3,0,0,-1,0,0,0,57,-80,-7,None
0,0,-1,-1,2,3,-2,-1,-2,0,0,0,57,-80,-7,None
0,0,-1,0,2,-6,0,-2,-2,0,0,0,57,-80,-7,None
0,-1,0,-4,-4,-7,-1,0,0,0,0,0,57,-80,-7,None
0,-1,0,-4,-4,-7,-1,0,0,0,0,0,57,-80,-7,None
0,-1,0,-4,-4,-7,-1,0,0,0,0,0,58,-81,-7,None
0,1,10,0,4,-4,-2,0,-2,0,0,0,58,-81,-7,None
0,-1,-2,-3,0,7,-1,0,-1,0,0,0,58,-81,-7,None
0,-2,-3,-1,-7,0,0,-1,-1,0,0,0,58,-81,-7,None
0,-4,-8,0,21,1,-1,-1,-1,0,0,0,58,-81,-7,None
0,-4,-8,0,21,1,-1,-1,-1,0,0,0,58,-81,-7,None
0,-4,-8,0,21,1,-1,-1,-1,0,0,0,58,-80,-7,None
0,-2,21,-3,15,-10,0,-2,-2,0,0,0,58,-80,-7,None
0,-5,-13,-5,-12,16,-1,-2,-3,0,0,0,58,-80,-7,None
0,-1,5,3,-5,-6,-1,-2,-1,0,0,0,58,-80,-7,None
0,-3,-7,-3,-1,0,1,-2,-2,0,0,0,58,-80,-7,None
0,-3,-7,-3,-1,0,1,-2,-2,0,0,0,58,-80,-7,None
0,-3,-7,-3,-1,0,1,-2,-2,0,0,0,57,-81,-7,None
0,1,6,-5,4,4,-1,0,0,0,0,0,57,-81,-7,None
0,1,8,-5,3,-1,-1,0,0,0,0,0,57,-81,-7,None
0,-2,-1,-2,4,-1,0,-2,-2,0,0,0,57,-81,-7,None
0,-2,-3,-3,-13,0,-1,0,-1,0,0,0,57,-81,-7,None
0,-2,-3,-3,-13,0,-1,0,-1,0,0,0,57,-81,-7,None
0,-2,-3,-3,-13,0,-1,0,-1,0,0,0,58,-82,-7,None
0,1,7,2,-8,-2,-1,-1,-1,0,0,0,58,-82,-7,None
0,-7,-32,1,-10,-8,-2,-1,-1,0,0,0,58,-82,-7,None
0,-3,-6,-15,-6,3,-3,-3,-2,0,0,0,58,-82,-7,None
0,-3,-1,0,6,6,-2,-3,-4,0,0,0,58,-82,-7,None
0,-3,-1,0,6,6,-2,-3,-4,0,0,0,58,-82,-7,None
0,-3,-1,0,6,6,-2,-3,-4,0,0,0,58,-81,-6,None
0,-1,-2,-1,-6,3,-1,-2,-1,0,0,0,58,-81,-6,None
0,1,8,0,8,-2,-1,-2,-1,0,0,0,58,-81,-6,None
0,0,4,0,-4,-5,-2,-1,0,0,0,0,58,-81,-6,None
0,-1,-1,-4,-6,-4,-1,-1,-1,0,0,0,58,-81,-6,None
0,-1,-1,-4,-6,-4,-1,-1,-1,0,0,0,58,-81,-6,None
0,-1,-1,-4,-6,-4,-1,-1,-1,0,0,0,57,-81,-5,None
0,-1,2,-1,7,-2,-2,-1,-1,0,0,0,57,-81,-5,None
0,7,43,-4,-3,13,0,0,0,0,0,0,57,-81,-5,None
0,-14,-67,-8,-24,-6,-1,-3,-3,0,0,0,57,-81,-5,None
0,0,5,0,-3,4,0,-1,-2,0,0,0,57,-81,-5,None
0,0,5,0,-3,4,0,-1,-2,0,0,0,57,-81,-5,None
0,0,5,0,-3,4,0,-1,-2,0,0,0,58,-81,-6,None
0,-1,-4,-1,-2,11,-1,0,-2,0,0,0,58,-81,-6,None
0,-3,-3,-3,2,-7,0,0,0,0,0,0,58,-81,-6,None
0,3,23,1,3,3,-2,0,0,0,0,0,58,-81,-6,None
0,-1,0,-4,-11,-8,-2,-1,-1,0,0,0,58,-81,-6,None
0,-1,0,-4,-11,-8,-2,-1,-1,0,0,0,58,-81,-6,None
0,-1,0,-4,-11,-8,-2,-1,-1,0,0,0,58,-82,-6,None
0,-5,-9,-2,-5,-3,0,-2,-2,0,0,0,58,-82,-6,None
0,-2,8,-3,3,2,-2,-1,-2,0,0,0,58,-82,-6,None
0,-1,12,-1,23,6,0,-1,-2,0,0,0,58,-82,-6,None
0,4,10,-3,-36,-20,-4,-1,-1,0,0,0,58,-82,-6,None
0,4,10,-3,-36,-20,-4,-1,-1,0,0,0,58,-82,-6,None
0,4,10,-3,-36,-20,-4,-1,-1,0,0,0,58,-81,-6,None
0,-3,-21,4,14,14,-3,-2,-2,0,0,0,58,-81,-6,None
0,0,-4,-4,-7,0,0,-3,-3,0,0,0,58,-81,-6,None
0,1,5,5,0,0,-1,0,-1,0,0,0,58,-81,-6,None
0,-1,2,-3,3,-4,1,-1,0,0,0,0,58,-81,-6,None
0,-1,2,-3,3,-4,1,-1,0,0,0,0,58,-81,-6,None
0,-1,2,-3,3,-4,1,-1,0,0,0,0,56,-81,-6,None
0,2,8,-4,-8,-9,-2,-1,-1,0,0,0,56,-81,-6,None
0,-1,-3,2,0,-3,-3,-3,-2,0,0,0,56,-81,-6,None
0,-1,-1,-3,2,9,0,-1,-1,0,0,0,56,-81,-6,None
0,-3,1,-1,6,2,-1,-2,-2,0,0,0,56,-81,-6,None
0,-3,1,-1,6,2,-1,-2,-2,0,0,0,56,-81,-6,None
0,-3,1,-1,6,2,-1,-2,-2,0,0,0,57,-81,-6,None
0,-2,1,-3,-4,-4,-1,-2,0,0,0,0,57,-81,-6,None
0,-4,-5,-1,-2,-1,1,-1,0,0,0,0,57,-81,-6,None
0,0,14,2,7,20,0,-3,-1,0,0,0,57,-81,-6,None
0,-3,-3,-1,3,7,2,-1,-1,0,0,0,57,-81,-6,None
0,-3,-3,-1,3,7,2,-1,-1,0,0,0,57,-81,-6,None
0,-3,-3,-1,3,7,2,-1,-1,0,0,0,57,-81,-6,None
0,-3,2,-1,-10,-5,-2,-2,-2,0,0,0,57,-81,-6,None
0,2,0,-1,-1,-7,-1,1,0,0,0,0,57,-81,-6,None
0,0,4,-3,-7,-6,-2,0,-1,0,0,0,57,-81,-6,None
0,-3,-6,-2,8,2,-2,-2,-1,0,0,0,57,-81,-6,None
0,-3,-6,-2,8,2,-2,-2,-1,0,0,0,57,-81,-6,None
0,-3,-6,-2,8,2,-2,-2,-1,0,0,0,57,-81,-6,None
0,-2,2,-2,2,2,-3,-3,-3,0,0,0,57,-81,-6,None
0,0,3,-2,-8,1,-1,-3,-2,0,0,0,57,-81,-6,None
0,0,4,-2,-5,-2,-2,-1,-1,0,0,0,57,-81,-6,None
0,5,4,-1,-2,-2,-2,-1,-2,0,0,0,57,-81,-6,None
0,5,4,-1,-2,-2,-2,-1,-2,0,0,0,57,-81,-6,None
0,5,4,-1,-2,-2,-2,-1,-2,0,0,0,58,-81,-6,None
0,-6,-17,4,5,8,1,-1,-2,0,0,0,58,-81,-6,None
0,-3,-2,0,1,-4,-2,-4,-2,0,0,0,58,-81,-6,None
0,1,3,-1,0,1,0,-3,-2,0,0,0,58,-81,-6,None
0,-2,-2,1,-3,-3,0,-2,0,0,0,0,58,-81,-6,None
0,-2,-2,1,-3,-3,0,-2,0,0,0,0,58,-81,-6,None
0,-2,-2,1,-3,-3,0,-2,0,0,0,0,57,-81,-5,None
0,3,13,-6,-5,-4,-2,-1,0,0,0,0,57,-81,-5,None
0,-1,0,-1,2,-1,0,0,-1,0,0,0,57,-81,-5,None
0,-6,-7,1,2,0,-1,-1,-1,0,0,0,57,-81,-5,None
0,-1,1,-8,16,4,-1,0,1,0,0,0,57,-81,-5,None
0,-1,1,-8,16,4,-1,0,1,0,0,0,57,-81,-5,None
0,-1,1,-8,16,4,-1,0,1,0,0,0,58,-80,-6,None
0,2,24,6,-16,-24,-4,0,-1,0,0,0,58,-80,-6,None
0,-7,-18,1,22,42,5,-4,-4,0,0,0,58,-80,-6,None
0,1,8,-2,-7,-4,-1,-2,1,0,0,0,58,-80,-6,None
0,-2,-7,-2,-1,0,-1,-2,-1,0,0,0,58,-80,-6,None
0,-2,-7,-2,-1,0,-1,-2,-1,0,0,0,58,-80,-6,None
0,-2,-7,-2,-1,0,-1,-2,-1,0,0,0,57,-81,-6,None
0,1,3,-5,2,-3,-1,0,1,0,0,0,57,-81,-6,None
0,2,6,-2,-6,-13,-3,1,-1,0,0,0,57,-81,-6,None
0,0,0,-1,-2,-2,-2,0,-2,0,0,0,57,-81,-6,None
0,-3,-1,-3,3,5,1,-1,-1,0,0,0,57,-81,-6,None
0,-3,-1,-3,3,5,1,-1,-1,0,0,0,57,-81,-6,None
0,-3,-1,-3,3,5,1,-1,-1,0,0,0,58,-81,-6,None
0,-4,2,0,4,5,0,0,-1,0,0,0,58,-81,-6,None
0,1,-22,-15,-3,-11,-3,-2,-2,0,0,0,58,-81,-6,None
0,0,1,-1,-10,12,1,-1,-2,0,0,0,58,-81,-6,None
0,-3,1,0,-6,-7,-2,-4,-2,0,0,0,58,-81,-6,None
0,-3,1,0,-6,-7,-2,-4,-2,0,0,0,58,-81,-6,None
0,-3,1,0,-6,-7,-2,-4,-2,0,0,0,58,-81,-6,None
0,-2,-2,-4,1,9,0,-1,-2,0,0,0,58,-81,-6,None
0,-1,6,1,3,0,0,-1,0,0,0,0,58,-81,-6,None
0,-1,4,-2,-2,-9,-2,-1,-1,0,0,0,58,-81,-6,None
0,-2,-3,-3,-9,-10,-3,0,0,0,0,0,58,-81,-6,None
0,-2,-3,-3,-9,-10,-3,0,0,0,0,0,58,-81,-6,None
0,-2,-3,-3,-9,-10,-3,0,0,0,0,0,58,-81,-6,None
0,-1,2,-2,4,8,-1,0,-1,0,0,0,58,-81,-6,None
0,-7,5,1,5,6,-1,-1,-1,0,0,0,58,-81,-6,None
0,1,10,-5,-2,3,-1,-1,0,0,0,0,58,-81,-6,None
0,-2,-18,5,2,-7,-2,-2,-3,0,0,0,58,-81,-6,None
0,-2,-18,5,2,-7,-2,-2,-3,0,0,0,58,-81,-6,None
0,-2,-18,5,2,-7,-2,-2,-3,0,0,0,58,-81,-6,None
0,-1,-4,-4,-1,-2,-1,-2,-3,0,0,0,58,-81,-6,None
0,0,6,0,-2,-5,-2,-2,-1,0,0,0,58,-81,-6,None
0,-3,1,-3,1,-1,-1,-2,-1,0,0,0,58,-81,-6,None
0,-2,5,-4,3,8,0,-2,-2,0,0,0,58,-81,-6,None
0,-2,5,-4,3,8,0,-2,-2,0,0,0,58,-81,-6,None
0,-2,5,-4,3,8,0,-2,-2,0,0,0,57,-81,-6,None
0,2,1,-4,-7,-5,0,-3,-1,0,0,0,57,-81,-6,None
0,0,-2,5,-4,-3,-1,0,-1,0,0,0,57,-81,-6,None
0,5,16,-1,12,12,-1,-1,-1,0,0,0,57,-81,-6,None
0,-2,-9,1,-5,-2,-1,-1,-3,0,0,0,57,-81,-6,None
0,-2,-9,1,-5,-2,-1,-1,-3,0,0,0,57,-81,-6,None
0,-2,-9,1,-5,-2,-1,-1,-3,0,0,0,58,-81,-6,None
0,-1,-5,-3,5,8,0,-3,-3,0,0,0,58,-81,-6,None
0,-1,12,2,-6,-6,-2,-2,0,0,0,0,58,-81,-6,None
0,-3,-3,-3,5,-4,-1,-1,-1,0,0,0,58,-81,-6,None
0,-1,6,-5,1,4,-2,-1,0,0,0,0,58,-81,-6,None
0,-1,6,-5,1,4,-2,-1,0,0,0,0,58,-81,-6,None
0,-1,6,-5,1,4,-2,-1,0,0,0,0,57,-82,-6,None
0,-1,2,0,-5,-3,0,-2,-1,0,0,0,57,-82,-6,None
