0,-1,1,-2,10,37,27,-3,0,0,0,0,88,-101,-4,None
0,0,0,-4,1,-33,-108,-49,-1,0,0,0,88,-101,-4,None
0,-1,0,-2,3,10,75,64,4,0,0,0,88,-101,-4,None
0,-1,0,-2,3,10,75,64,4,0,0,0,88,-101,-4,None
0,-1,0,-2,3,10,75,64,4,0,0,0,71,-113,-3,None
0,-5,0,4,7,4,22,-6,-4,0,0,0,71,-113,-3,None
0,2,1,-6,2,-3,-1,10,5,0,0,0,71,-113,-3,None
0,-1,2,-3,-16,2,5,-19,-4,0,0,0,71,-113,-3,None
0,-2,-1,-4,1,-22,-20,-4,-1,0,0,0,71,-113,-3,None
0,-2,-1,-4,1,-22,-20,-4,-1,0,0,0,71,-113,-3,None
0,-2,-1,-4,1,-22,-20,-4,-1,0,0,0,63,-120,-1,None
0,0,1,-3,10,41,9,-4,0,0,0,0,63,-120,-1,None
0,-5,-4,-4,-8,-40,4,5,-5,0,0,0,63,-120,-1,None
0,-3,-1,-3,14,23,2,-7,-2,0,0,0,63,-120,-1,None
0,-2,1,-4,-20,-23,-13,0,-4,0,0,0,63,-120,-1,None
0,-2,1,-4,-20,-23,-13,0,-4,0,0,0,63,-120,-1,None
0,-2,1,-4,-20,-23,-13,0,-4,0,0,0,51,-120,-4,None
0,-1,0,-3,12,10,-45,-34,-3,0,0,0,51,-120,-4,None
0,-1,2,5,10,-2,17,39,3,0,0,0,51,-120,-4,None
0,-1,0,0,6,2,8,-25,-1,0,0,0,51,-120,-4,None
0,2,1,-1,-15,4,8,26,1,0,0,0,51,-120,-4,None
0,2,1,-1,-15,4,8,26,1,0,0,0,51,-120,-4,None
0,2,1,-1,-15,4,8,26,1,0,0,0,36,-124,-1,None
0,-2,-3,-4,-26,-7,-2,-11,0,0,0,0,36,-124,-1,None
0,-1,-1,-2,2,-16,-22,-9,-5,0,0,0,36,-124,-1,None
0,-3,0,3,35,27,26,8,-2,0,0,0,36,-124,-1,None
0,-3,-3,-8,-48,10,-19,-7,0,0,0,0,36,-124,-1,None
0,-3,-3,-8,-48,10,-19,-7,0,0,0,0,36,-124,-1,None
0,-3,-3,-8,-48,10,-19,-7,0,0,0,0,27,-127,0,None
0,-1,1,-1,19,-21,14,3,-4,0,0,0,27,-127,0,None
0,-1,1,1,10,37,-44,-30,-1,0,0,0,27,-127,0,None
0,1,2,-3,-23,-7,53,32,2,0,0,0,27,-127,0,None
0,-1,2,-2,30,-12,-22,-33,-4,0,0,0,27,-127,0,None
0,-1,2,-2,30,-12,-22,-33,-4,0,0,0,27,-127,0,None
0,-1,2,-2,30,-12,-22,-33,-4,0,0,0,16,-131,6,None
0,-1,0,-6,-11,-3,7,23,0,0,0,0,16,-131,6,None
0,-2,1,2,24,4,-4,-5,-5,0,0,0,16,-131,6,None
0,-2,-1,0,-8,4,-30,-11,-4,0,0,0,16,-131,6,None
0,2,2,-4,49,18,26,9,2,0,0,0,16,-131,6,None
0,2,2,-4,49,18,26,9,2,0,0,0,16,-131,6,None
0,2,2,-4,49,18,26,9,2,0,0,0,2,-116,8,None
0,-3,-1,4,-8,-12,-14,-13,-6,0,0,0,2,-116,8,None
0,-1,-1,-1,9,17,27,10,1,0,0,0,2,-116,8,None
0,-1,0,-5,-23,0,3,-3,-1,0,0,0,2,-116,8,None
0,0,1,5,21,18,-7,-4,-1,0,0,0,2,-116,8,None
0,0,1,5,21,18,-7,-4,-1,0,0,0,2,-116,8,None
0,0,1,5,21,18,-7,-4,-1,0,0,0,-9,-108,14,None
0,0,2,-2,-9,-8,-5,-5,-1,0,0,0,-9,-108,14,None
0,0,2,-2,-16,-17,13,14,3,0,0,0,-9,-108,14,None
0,-1,1,5,33,23,-2,-5,0,0,0,0,-9,-108,14,None
0,0,0,0,-39,15,5,7,0,0,0,0,-9,-108,14,None
0,0,0,0,-39,15,5,7,0,0,0,0,-9,-108,14,None
0,0,0,0,-39,15,5,7,0,0,0,0,-17,-98,16,None
0,-3,-3,-16,-55,-69,-10,-6,-4,0,0,0,-17,-98,16,None
0,0,0,1,2,-15,-17,-8,-3,0,0,0,-17,-98,16,None
0,0,1,-4,-8,-20,-2,7,3,0,0,0,-17,-98,16,None
0,-3,-1,-2,14,2,1,-3,-3,0,0,0,-17,-98,16,None
0,-3,-1,-2,14,2,1,-3,-3,0,0,0,-17,-98,16,None
0,-3,-1,-2,14,2,1,-3,-3,0,0,0,-23,-100,17,None
0,-1,0,2,17,33,0,2,0,0,0,0,-23,-100,17,None
0,-4,-1,1,7,14,3,-3,-4,0,0,0,-23,-100,17,None
0,-2,0,-3,64,-6,-1,-4,-6,0,0,0,-23,-100,17,None
0,0,0,-6,-50,-21,-9,-4,-1,0,0,0,-23,-100,17,None
0,0,0,-6,-50,-21,-9,-4,-1,0,0,0,-23,-100,17,None
0,0,0,-6,-50,-21,-9,-4,-1,0,0,0,-26,-98,18,None
0,2,3,-3,-33,-70,13,4,5,0,0,0,-26,-98,18,None
0,-3,-1,-2,-29,58,-3,-3,-4,0,0,0,-26,-98,18,None
0,-3,-2,-4,24,-14,-7,-7,-3,0,0,0,-26,-98,18,None
0,-2,-1,1,23,0,-11,0,-1,0,0,0,-26,-98,18,None
0,-2,-1,1,23,0,-11,0,-1,0,0,0,-26,-98,18,None
0,-2,-1,1,23,0,-11,0,-1,0,0,0,-30,-91,17,None
0,3,6,8,85,9,16,0,1,0,0,0,-30,-91,17,None
0,-6,-7,-5,58,-14,-18,-6,-5,0,0,0,-30,-91,17,None
0,-2,-1,-15,-120,-64,-11,-3,-1,0,0,0,-30,-91,17,None
0,-1,1,1,-4,36,-3,-5,-4,0,0,0,-30,-91,17,None
0,-1,1,1,-4,36,-3,-5,-4,0,0,0,-30,-91,17,None
0,-1,1,1,-4,36,-3,-5,-4,0,0,0,-38,-79,14,None
0,-1,-3,1,61,68,8,2,2,0,0,0,-38,-79,14,None
0,0,1,0,-36,-54,-4,-2,-2,0,0,0,-38,-79,14,None
0,-2,-1,-5,-67,8,-9,-6,-4,0,0,0,-38,-79,14,None
0,-1,0,-3,11,-30,3,0,1,0,0,0,-38,-79,14,None
0,-1,0,-3,11,-30,3,0,1,0,0,0,-38,-79,14,None
0,-1,0,-3,11,-30,3,0,1,0,0,0,-44,-71,13,None
0,-1,3,-2,-29,6,-1,-4,-4,0,0,0,-44,-71,13,None
0,2,6,1,-12,18,4,3,1,0,0,0,-44,-71,13,None
0,-1,-2,1,27,5,5,-3,-1,0,0,0,-44,-71,13,None
0,-1,1,-5,-34,-10,-8,-3,-2,0,0,0,-44,-71,13,None
0,-1,1,-5,-34,-10,-8,-3,-2,0,0,0,-44,-71,13,None
0,-1,1,-5,-34,-10,-8,-3,-2,0,0,0,-52,-67,11,None
0,0,1,-2,-39,-60,3,2,-1,0,0,0,-52,-67,11,None
0,-2,1,-6,-65,36,2,0,-1,0,0,0,-52,-67,11,None
0,-1,1,0,15,-67,-6,-2,-2,0,0,0,-52,-67,11,None
0,-2,0,-3,46,78,3,0,0,0,0,0,-52,-67,11,None
0,-2,0,-3,46,78,3,0,0,0,0,0,-52,-67,11,None
0,-2,0,-3,46,78,3,0,0,0,0,0,-56,-69,10,None
0,-2,-5,-4,-13,-39,-3,-2,-3,0,0,0,-56,-69,10,None
0,-1,1,0,13,-18,-3,-2,-1,0,0,0,-56,-69,10,None
0,1,3,0,41,13,-2,2,0,0,0,0,-56,-69,10,None
0,-2,1,-5,-52,-102,-13,-6,-5,0,0,0,-56,-69,10,None
0,-2,1,-5,-52,-102,-13,-6,-5,0,0,0,-56,-69,10,None
0,-2,1,-5,-52,-102,-13,-6,-5,0,0,0,-57,-64,11,None
0,-6,-3,2,43,112,3,-6,-4,0,0,0,-57,-64,11,None
0,3,2,-4,-23,-26,-2,-2,1,0,0,0,-57,-64,11,None
0,-4,5,1,-68,2,10,2,-2,0,0,0,-57,-64,11,None
0,-1,-1,-6,32,-9,-9,-1,-2,0,0,0,-57,-64,11,None
0,-1,-1,-6,32,-9,-9,-1,-2,0,0,0,-57,-64,11,None
0,-1,-1,-6,32,-9,-9,-1,-2,0,0,0,-64,-58,6,None
0,2,6,2,-66,-62,-9,-1,-1,0,0,0,-64,-58,6,None
0,-5,-3,3,79,19,2,-2,-2,0,0,0,-64,-58,6,None
0,-1,1,-1,13,52,-3,-2,-2,0,0,0,-64,-58,6,None
0,-1,0,-1,-19,-21,3,0,-3,0,0,0,-64,-58,6,None
0,-1,0,-1,-19,-21,3,0,-3,0,0,0,-64,-58,6,None
0,-1,0,-1,-19,-21,3,0,-3,0,0,0,-67,-55,10,None
0,1,4,2,-34,-13,0,6,3,0,0,0,-67,-55,10,None
0,-3,3,-4,31,64,0,-6,-5,0,0,0,-67,-55,10,None
0,4,14,4,54,2,-1,1,2,0,0,0,-67,-55,10,None
0,-10,-31,-8,-63,-37,-3,-3,-2,0,0,0,-67,-55,10,None
0,-10,-31,-8,-63,-37,-3,-3,-2,0,0,0,-67,-55,10,None
0,-10,-31,-8,-63,-37,-3,-3,-2,0,0,0,-66,-54,9,None
0,0,2,0,36,102,3,-1,-1,0,0,0,-66,-54,9,None
0,1,1,1,-23,-56,2,1,1,0,0,0,-66,-54,9,None
0,-4,-11,-8,-7,41,1,-3,-4,0,0,0,-66,-54,9,None
0,4,22,3,12,-8,-1,-4,-3,0,0,0,-66,-54,9,None
0,4,22,3,12,-8,-1,-4,-3,0,0,0,-66,-54,9,None
0,4,22,3,12,-8,-1,-4,-3,0,0,0,-68,-51,11,None
0,-6,-25,-4,49,58,1,0,-2,0,0,0,-68,-51,11,None
0,-1,-3,4,25,-10,-1,-2,0,0,0,0,-68,-51,11,None
0,0,-1,-3,-32,-16,-2,-1,-1,0,0,0,-68,-51,11,None
0,5,30,3,40,24,2,0,-1,0,0,0,-68,-51,11,None
0,5,30,3,40,24,2,0,-1,0,0,0,-68,-51,11,None
0,5,30,3,40,24,2,0,-1,0,0,0,-70,-48,11,None
0,-8,-26,-7,-36,-15,-8,-5,-5,0,0,0,-70,-48,11,None
0,7,8,13,26,18,1,2,-1,0,0,0,-70,-48,11,None
0,-1,-5,4,59,20,-2,0,0,0,0,0,-70,-48,11,None
0,-1,2,-2,-19,-21,0,0,0,0,0,0,-70,-48,11,None
0,-1,2,-2,-19,-21,0,0,0,0,0,0,-70,-48,11,None
0,-1,2,-2,-19,-21,0,0,0,0,0,0,-70,-45,11,None
0,1,10,-4,16,19,-1,-3,-2,0,0,0,-70,-45,11,None
0,-4,-5,-8,1,-19,-1,1,-1,0,0,0,-70,-45,11,None
0,-2,2,-2,3,6,0,-1,-1,0,0,0,-70,-45,11,None
0,-2,-6,-6,11,36,-2,-3,-1,0,0,0,-70,-45,11,None
0,-2,-6,-6,11,36,-2,-3,-1,0,0,0,-70,-45,11,None
0,-2,-6,-6,11,36,-2,-3,-1,0,0,0,-70,-45,12,None
0,8,29,8,85,10,7,2,2,0,0,0,-70,-45,12,None
0,-9,-37,-14,-36,14,-7,-3,-3,0,0,0,-70,-45,12,None
0,4,26,-1,9,12,2,-1,-1,0,0,0,-70,-45,12,None
0,-7,-31,-1,0,-45,0,-1,-3,0,0,0,-70,-45,12,None
0,-7,-31,-1,0,-45,0,-1,-3,0,0,0,-70,-45,12,None
0,-7,-31,-1,0,-45,0,-1,-3,0,0,0,-70,-43,12,None
0,1,7,2,-37,-14,-2,-1,1,0,0,0,-70,-43,12,None
0,-1,9,-4,8,-18,-8,-4,-2,0,0,0,-70,-43,12,None
0,-1,-3,-1,1,1,-2,0,-3,0,0,0,-70,-43,12,None
0,-1,3,2,-12,25,6,3,0,0,0,0,-70,-43,12,None
0,-1,3,2,-12,25,6,3,0,0,0,0,-70,-43,12,None
0,-1,3,2,-12,25,6,3,0,0,0,0,-71,-38,12,None
0,-5,4,-5,-19,-17,-52,-19,-7,0,0,0,-71,-38,12,None
0,2,4,-2,-18,26,48,13,5,0,0,0,-71,-38,12,None
0,0,-5,4,-5,-26,43,6,1,0,0,0,-71,-38,12,None
0,0,6,-9,9,12,-9,-8,-2,0,0,0,-71,-38,12,None
0,0,6,-9,9,12,-9,-8,-2,0,0,0,-71,-38,12,None
0,0,6,-9,9,12,-9,-8,-2,0,0,0,-70,-38,12,None
0,38,0,-8,13,-19,17,11,19,0,0,0,-70,-38,12,None
0,84,29,63,-2,33,-71,-4,81,0,0,0,-70,-38,12,None
0,-95,-30,5,9,15,-48,-8,3,0,0,0,-70,-38,12,None
0,77,11,-21,-42,-45,45,32,6,0,0,0,-70,-38,12,None
0,77,11,-21,-42,-45,45,32,6,0,0,0,-70,-38,12,None
0,77,11,-21,-42,-45,45,32,6,0,0,0,-71,-35,18,None
0,-18,44,17,-1,22,28,20,75,0,0,0,-71,-35,18,None
0,103,-38,10,12,34,-19,4,68,0,0,0,-71,-35,18,None
0,-58,-20,-86,-8,-46,-98,-45,-73,0,0,0,-71,-35,18,None
0,-52,23,-26,9,-14,-17,-3,24,0,0,0,-71,-35,18,None
0,-52,23,-26,9,-14,-17,-3,24,0,0,0,-71,-35,18,None
0,-52,23,-26,9,-14,-17,-3,24,0,0,0,-81,-33,14,None
0,-13,-87,-103,-60,-57,16,-62,-128,0,0,0,-81,-33,14,None
0,98,57,2,-17,-50,-31,38,93,0,0,0,-81,-33,14,None
0,-112,23,30,-23,-37,55,-2,-42,0,0,0,-81,-33,14,None
0,125,-51,-55,17,110,-101,-59,18,0,0,0,-81,-33,14,None
0,125,-51,-55,17,110,-101,-59,18,0,0,0,-81,-33,14,None
0,125,-51,-55,17,110,-101,-59,18,0,0,0,-92,-4,10,None
0,-54,44,71,35,-35,-5,86,127,0,0,0,-92,-4,10,None
0,-128,-23,-29,-12,-31,-83,-32,-128,0,0,0,-92,-4,10,None
0,56,6,-3,-9,7,28,33,24,0,0,0,-92,-4,10,None
0,66,13,47,25,79,1,-19,-81,0,0,0,-92,-4,10,None
0,66,13,47,25,79,1,-19,-81,0,0,0,-92,-4,10,None
0,66,13,47,25,79,1,-19,-81,0,0,0,-85,-38,-8,None
0,69,-2,6,-9,-6,-11,-15,35,0,0,0,-85,-38,-8,None
0,-47,-8,-4,13,1,20,5,26,0,0,0,-85,-38,-8,None
0,23,-5,12,-11,-2,4,8,38,0,0,0,-85,-38,-8,None
0,-67,1,6,10,1,25,11,-6,0,0,0,-85,-38,-8,None
0,-67,1,6,10,1,25,11,-6,0,0,0,-85,-38,-8,None
0,-67,1,6,10,1,25,11,-6,0,0,0,-63,-40,7,None
0,-20,2,3,42,49,-40,-16,-17,0,0,0,-63,-40,7,None
0,-16,3,-24,38,16,54,2,-34,0,0,0,-63,-40,7,None
0,37,-1,-3,-15,35,-7,-5,-13,0,0,0,-63,-40,7,None
0,-35,20,11,25,-64,-9,1,7,0,0,0,-63,-40,7,None
0,-35,20,11,25,-64,-9,1,7,0,0,0,-63,-40,7,None
0,-35,20,11,25,-64,-9,1,7,0,0,0,-18,-52,1,None
0,-2,-25,-2,-16,-15,18,2,-24,0,0,0,-18,-52,1,None
0,-4,18,1,59,79,15,-21,-17,0,0,0,-18,-52,1,None
0,21,-11,2,-63,-68,-15,-16,14,0,0,0,-18,-52,1,None
0,-46,-25,8,37,76,-8,21,-28,0,0,0,-18,-52,1,None
0,-46,-25,8,37,76,-8,21,-28,0,0,0,-18,-52,1,None
0,-46,-25,8,37,76,-8,21,-28,0,0,0,-71,-27,13,None
0,29,16,-6,-79,-84,0,-7,-3,0,0,0,-71,-27,13,None
0,-28,65,5,97,96,20,6,-10,0,0,0,-71,-27,13,None
0,-10,-73,-11,-14,42,-14,-24,20,0,0,0,-71,-27,13,None
0,-24,5,1,-51,-103,19,26,-15,0,0,0,-71,-27,13,None
0,-24,5,1,-51,-103,19,26,-15,0,0,0,-71,-27,13,None
0,-24,5,1,-51,-103,19,26,-15,0,0,0,-127,-26,16,None
0,28,3,-25,86,17,-29,-7,13,0,0,0,-127,-26,16,None
0,-24,16,13,55,52,32,-23,-12,0,0,0,-127,-26,16,None
0,-11,61,-13,57,65,10,6,-49,0,0,0,-127,-26,16,None
0,0,2,17,98,-42,-7,-3,43,0,0,0,-127,-26,16,None
0,0,2,17,98,-42,-7,-3,43,0,0,0,-127,-26,16,None
0,0,2,17,98,-42,-7,-3,43,0,0,0,-78,-43,23,None
0,7,-28,-16,22,-30,-3,12,-14,0,0,0,-78,-43,23,None
0,2,-31,-9,9,-81,-1,-5,-2,0,0,0,-78,-43,23,None
0,36,-9,17,99,4,-9,-17,10,0,0,0,-78,-43,23,None
0,-15,-7,-20,-32,2,15,-7,-7,0,0,0,-78,-43,23,None
0,-15,-7,-20,-32,2,15,-7,-7,0,0,0,-78,-43,23,None
0,-15,-7,-20,-32,2,15,-7,-7,0,0,0,-71,-28,25,None
0,-16,31,2,-60,-29,-22,-5,-19,0,0,0,-71,-28,25,None
0,2,-26,-14,-39,-87,-5,-6,-8,0,0,0,-71,-28,25,None
0,29,41,7,-33,-11,3,10,5,0,0,0,-71,-28,25,None
0,-9,-15,8,-2,-12,3,6,9,0,0,0,-71,-28,25,None
0,-9,-15,8,-2,-12,3,6,9,0,0,0,-71,-28,25,None
0,-9,-15,8,-2,-12,3,6,9,0,0,0,-94,-15,21,None
0,-10,2,8,81,70,12,-5,3,0,0,0,-94,-15,21,None
0,-17,-10,-22,-126,-52,-13,-6,-29,0,0,0,-94,-15,21,None
0,24,-7,13,57,38,16,8,13,0,0,0,-94,-15,21,None
0,0,28,11,33,-20,-16,-3,16,0,0,0,-94,-15,21,None
0,0,28,11,33,-20,-16,-3,16,0,0,0,-94,-15,21,None
0,0,28,11,33,-20,-16,-3,16,0,0,0,-111,-25,24,None
0,-2,-12,1,-26,64,-20,-19,-18,0,0,0,-111,-25,24,None
0,10,-9,1,5,38,-16,12,57,0,0,0,-111,-25,24,None
0,-39,11,-9,-15,-52,-51,16,-16,0,0,0,-111,-25,24,None
0,99,-4,32,-4,38,101,32,122,0,0,0,-111,-25,24,None
0,99,-4,32,-4,38,101,32,122,0,0,0,-111,-25,24,None
0,99,-4,32,-4,38,101,32,122,0,0,0,-108,-30,31,None
0,28,22,19,25,-61,64,-4,-36,0,0,0,-108,-30,31,None
0,-86,-52,36,-18,53,-11,6,82,0,0,0,-108,-30,31,None
0,126,18,-90,-90,-52,66,-7,12,0,0,0,-108,-30,31,None
0,-128,39,2,-28,-22,39,1,-75,0,0,0,-108,-30,31,None
0,-128,39,2,-28,-22,39,1,-75,0,0,0,-108,-30,31,None
0,-128,39,2,-28,-22,39,1,-75,0,0,0,-122,-19,25,None
0,10,26,53,47,-19,45,-22,72,0,0,0,-122,-19,25,None
0,110,-6,-47,-89,-59,-4,-64,-66,0,0,0,-122,-19,25,None
0,101,44,-18,23,-47,109,63,100,0,0,0,-122,-19,25,None
0,-127,-78,-54,-36,-42,57,19,-85,0,0,0,-122,-19,25,None
0,-127,-78,-54,-36,-42,57,19,-85,0,0,0,-122,-19,25,None
0,-127,-78,-54,-36,-42,57,19,-85,0,0,0,-130,-5,28,None
0,127,4,-2,-16,75,-73,30,102,0,0,0,-130,-5,28,None
0,-128,6,38,32,18,-87,35,44,0,0,0,-130,-5,28,None
0,110,1,71,34,50,-128,-11,20,0,0,0,-130,-5,28,None
0,106,19,-15,-32,-46,48,9,-12,0,0,0,-130,-5,28,None
0,106,19,-15,-32,-46,48,9,-12,0,0,0,-130,-5,28,None
0,106,19,-15,-32,-46,48,9,-12,0,0,0,-114,-49,4,None
0,-85,-20,-19,-16,67,-75,-62,-128,0,0,0,-114,-49,4,None
0,57,6,-42,14,-89,105,46,21,0,0,0,-114,-49,4,None
0,57,6,-42,14,-89,105,46,21,0,0,0,-114,-49,4,None
0,57,6,-42,14,-89,105,46,21,0,0,0,-48,-66,36,None
0,-58,-35,1,23,34,-105,-39,-28,0,0,0,-48,-66,36,None
0,-63,14,23,15,33,-83,-6,76,0,0,0,-48,-66,36,None
0,-29,-12,-10,-17,-32,-79,-2,-13,0,0,0,-48,-66,36,None
0,14,12,-5,-22,7,58,26,-44,0,0,0,-48,-66,36,None
0,14,12,-5,-22,7,58,26,-44,0,0,0,-48,-66,36,None
0,14,12,-5,-22,7,58,26,-44,0,0,0,-28,-52,22,None
0,-93,-9,3,12,-11,-19,-8,-22,0,0,0,-28,-52,22,None
0,-4,-3,1,9,10,-66,-29,-43,0,0,0,-28,-52,22,None
0,-27,6,1,-8,-36,11,8,-1,0,0,0,-28,-52,22,None
0,24,7,2,15,27,-26,-18,-27,0,0,0,-28,-52,22,None
0,24,7,2,15,27,-26,-18,-27,0,0,0,-28,-52,22,None
0,24,7,2,15,27,-26,-18,-27,0,0,0,-143,-34,-2,None
0,-48,-7,7,10,18,42,8,-4,0,0,0,-143,-34,-2,None
0,25,-2,-7,-8,58,-4,-5,17,0,0,0,-143,-34,-2,None
0,-8,-10,-16,-4,58,-23,-5,-13,0,0,0,-143,-34,-2,None
0,10,6,4,13,-9,8,2,0,0,0,0,-143,-34,-2,None
0,10,6,4,13,-9,8,2,0,0,0,0,-143,-34,-2,None
0,10,6,4,13,-9,8,2,0,0,0,0,-91,-53,10,None
0,-28,-16,-10,-54,-2,9,-4,-10,0,0,0,-91,-53,10,None
0,15,5,6,-16,19,-51,-17,4,0,0,0,-91,-53,10,None
0,-2,1,-3,-6,32,5,11,16,0,0,0,-91,-53,10,None
0,-10,-3,-3,-36,-81,-15,-12,-25,0,0,0,-91,-53,10,None
0,-10,-3,-3,-36,-81,-15,-12,-25,0,0,0,-91,-53,10,None
0,-10,-3,-3,-36,-81,-15,-12,-25,0,0,0,-62,-32,11,None
0,-11,-1,10,41,50,-9,-8,2,0,0,0,-62,-32,11,None
0,24,-1,3,25,24,-27,-14,7,0,0,0,-62,-32,11,None
0,-23,9,8,81,11,42,11,5,0,0,0,-62,-32,11,None
0,11,24,-24,-84,9,-14,-4,-10,0,0,0,-62,-32,11,None
0,11,24,-24,-84,9,-14,-4,-10,0,0,0,-62,-32,11,None
0,11,24,-24,-84,9,-14,-4,-10,0,0,0,-87,-21,8,None
0,-10,-65,0,-21,-97,2,-38,10,0,0,0,-87,-21,8,None
0,23,72,5,85,60,-2,49,36,0,0,0,-87,-21,8,None
0,-17,-87,-13,-9,25,28,-5,-21,0,0,0,-87,-21,8,None
0,2,38,7,22,-12,-32,-28,-56,0,0,0,-87,-21,8,None
0,2,38,7,22,-12,-32,-28,-56,0,0,0,-87,-21,8,None
0,2,38,7,22,-12,-32,-28,-56,0,0,0,-77,-35,11,None
0,-2,-3,5,25,36,6,45,51,0,0,0,-77,-35,11,None
0,4,-24,1,-40,13,-12,-11,12,0,0,0,-77,-35,11,None
0,-12,24,-5,-36,-63,5,4,-16,0,0,0,-77,-35,11,None
0,9,0,-9,4,17,-8,-1,-6,0,0,0,-77,-35,11,None
0,9,0,-9,4,17,-8,-1,-6,0,0,0,-77,-35,11,None
0,9,0,-9,4,17,-8,-1,-6,0,0,0,-63,-49,10,None
0,-14,-14,3,-12,-26,3,-21,-17,0,0,0,-63,-49,10,None
0,-2,-12,-6,-23,16,-8,-16,-12,0,0,0,-63,-49,10,None
0,5,18,-5,12,4,3,0,-12,0,0,0,-63,-49,10,None
0,-7,-32,0,14,-31,-6,-10,-2,0,0,0,-63,-49,10,None
0,-7,-32,0,14,-31,-6,-10,-2,0,0,0,-63,-49,10,None
0,-7,-32,0,14,-31,-6,-10,-2,0,0,0,-73,-38,21,None
0,-2,35,2,25,108,17,6,-11,0,0,0,-73,-38,21,None
0,4,1,1,22,-81,-21,-8,9,0,0,0,-73,-38,21,None
0,-2,14,-1,-12,8,2,-5,30,0,0,0,-73,-38,21,None
0,-7,2,5,9,78,-2,-26,-30,0,0,0,-73,-38,21,None
0,-7,2,5,9,78,-2,-26,-30,0,0,0,-73,-38,21,None
0,-7,2,5,9,78,-2,-26,-30,0,0,0,-87,-22,20,None
0,4,15,0,-36,-97,-4,46,59,0,0,0,-87,-22,20,None
0,5,-7,-2,34,99,2,-11,-24,0,0,0,-87,-22,20,None
0,-10,1,-8,-16,-25,-1,-18,-26,0,0,0,-87,-22,20,None
0,2,-11,-2,4,-16,3,28,17,0,0,0,-87,-22,20,None
0,2,-11,-2,4,-16,3,28,17,0,0,0,-87,-22,20,None
0,2,-11,-2,4,-16,3,28,17,0,0,0,-78,-28,16,None
0,11,16,1,-13,14,4,0,-5,0,0,0,-78,-28,16,None
0,-1,-7,-2,-30,-22,5,-4,1,0,0,0,-78,-28,16,None
0,-1,17,3,12,16,4,-2,15,0,0,0,-78,-28,16,None
0,-1,-5,-4,-45,2,-1,-5,-8,0,0,0,-78,-28,16,None
0,-1,-5,-4,-45,2,-1,-5,-8,0,0,0,-78,-28,16,None
0,-1,-5,-4,-45,2,-1,-5,-8,0,0,0,-70,-44,17,None
0,-9,14,2,89,41,-17,-17,-24,0,0,0,-70,-44,17,None
0,-7,-32,-8,-73,-3,0,-9,-11,0,0,0,-70,-44,17,None
0,-3,9,-3,-13,-84,-7,8,6,0,0,0,-70,-44,17,None
0,2,-5,-2,10,-15,-4,1,14,0,0,0,-70,-44,17,None
0,2,-5,-2,10,-15,-4,1,14,0,0,0,-70,-44,17,None
0,2,-5,-2,10,-15,-4,1,14,0,0,0,-75,-45,21,None
0,1,4,-8,2,11,2,-1,-13,0,0,0,-75,-45,21,None
0,0,12,0,-23,-4,-4,-8,-9,0,0,0,-75,-45,21,None
0,1,-7,-3,1,42,12,8,14,0,0,0,-75,-45,21,None
0,-6,-5,-4,20,-17,-7,-1,-12,0,0,0,-75,-45,21,None
0,-6,-5,-4,20,-17,-7,-1,-12,0,0,0,-75,-45,21,None
0,-6,-5,-4,20,-17,-7,-1,-12,0,0,0,-77,-37,22,None
0,-3,4,1,-8,-17,3,-2,-15,0,0,0,-77,-37,22,None
0,1,3,0,25,23,2,-5,8,0,0,0,-77,-37,22,None
0,-2,-4,-6,-9,-68,-8,1,-3,0,0,0,-77,-37,22,None
0,-2,4,-2,28,-5,0,0,16,0,0,0,-77,-37,22,None
0,-2,4,-2,28,-5,0,0,16,0,0,0,-77,-37,22,None
0,-2,4,-2,28,-5,0,0,16,0,0,0,-74,-41,20,None
0,2,2,0,-15,52,2,-8,-36,0,0,0,-74,-41,20,None
0,-1,-1,-5,0,-69,-10,-5,35,0,0,0,-74,-41,20,None
0,-1,0,2,-10,32,13,25,6,0,0,0,-74,-41,20,None
0,-1,1,2,-1,26,-5,-6,7,0,0,0,-74,-41,20,None
0,-1,1,2,-1,26,-5,-6,7,0,0,0,-74,-41,20,None
0,-1,1,2,-1,26,-5,-6,7,0,0,0,-65,-50,15,None
0,-1,-1,-7,4,-18,4,-6,-11,0,0,0,-65,-50,15,None
0,0,0,-6,-3,-23,-6,-7,-2,0,0,0,-65,-50,15,None
0,-4,2,-1,-3,6,5,6,-19,0,0,0,-65,-50,15,None
0,-2,-3,-1,16,-7,-3,-1,12,0,0,0,-65,-50,15,None
0,-2,-3,-1,16,-7,-3,-1,12,0,0,0,-65,-50,15,None
0,-2,-3,-1,16,-7,-3,-1,12,0,0,0,-64,-50,18,None
0,1,-1,2,-20,6,1,-1,6,0,0,0,-64,-50,18,None
0,0,4,-5,-8,4,-3,0,-13,0,0,0,-64,-50,18,None
0,-3,2,0,17,19,-6,-9,7,0,0,0,-64,-50,18,None
0,-1,-2,-3,4,9,0,2,-13,0,0,0,-64,-50,18,None
0,-1,-2,-3,4,9,0,2,-13,0,0,0,-64,-50,18,None
0,-1,-2,-3,4,9,0,2,-13,0,0,0,-63,-45,21,None
0,-2,2,1,-23,-6,0,-2,0,0,0,0,-63,-45,21,None
0,1,3,-3,-29,-13,-6,0,-6,0,0,0,-63,-45,21,None
0,0,0,-2,-5,-12,-10,-3,-2,0,0,0,-63,-45,21,None
0,1,1,3,20,21,10,5,5,0,0,0,-63,-45,21,None
0,1,1,3,20,21,10,5,5,0,0,0,-63,-45,21,None
0,1,1,3,20,21,10,5,5,0,0,0,-54,-53,18,None
0,-5,-2,-6,-80,-2,2,-6,0,0,0,0,-54,-53,18,None
0,-1,1,0,19,3,6,4,-1,0,0,0,-54,-53,18,None
0,-1,-1,0,3,7,1,-3,3,0,0,0,-54,-53,18,None
0,-1,1,-2,13,-4,-10,-4,4,0,0,0,-54,-53,18,None
0,-1,1,-2,13,-4,-10,-4,4,0,0,0,-54,-53,18,None
0,-1,1,-2,13,-4,-10,-4,4,0,0,0,-42,-67,12,None
0,-1,2,0,11,-6,-5,-3,-1,0,0,0,-42,-67,12,None
0,-2,0,0,15,3,0,1,-8,0,0,0,-42,-67,12,None
0,-2,-1,-2,2,17,1,-2,1,0,0,0,-42,-67,12,None
0,0,0,-3,-30,9,-1,1,2,0,0,0,-42,-67,12,None
0,0,0,-3,-30,9,-1,1,2,0,0,0,-42,-67,12,None
0,0,0,-3,-30,9,-1,1,2,0,0,0,-32,-75,10,None
0,-1,0,-3,11,-19,-6,-3,-3,0,0,0,-32,-75,10,None
0,-2,3,-2,4,-11,-5,-4,-4,0,0,0,-32,-75,10,None
0,-2,1,0,9,18,1,-3,-1,0,0,0,-32,-75,10,None
0,-2,0,-2,3,-3,0,-3,1,0,0,0,-32,-75,10,None
0,-2,0,-2,3,-3,0,-3,1,0,0,0,-32,-75,10,None
0,-2,0,-2,3,-3,0,-3,1,0,0,0,-24,-77,17,None
0,-1,-1,-5,5,-15,-2,0,0,0,0,0,-24,-77,17,None
0,-2,1,1,-14,48,4,0,-2,0,0,0,-24,-77,17,None
0,1,2,0,13,-12,-3,-2,-1,0,0,0,-24,-77,17,None
0,-2,-2,-8,-40,-38,0,0,0,0,0,0,-24,-77,17,None
0,-2,-2,-8,-40,-38,0,0,0,0,0,0,-24,-77,17,None
0,-2,-2,-8,-40,-38,0,0,0,0,0,0,-23,-80,18,None
0,-2,0,-3,8,30,-4,-5,-2,0,0,0,-23,-80,18,None
0,-2,1,2,29,-22,-7,-2,-2,0,0,0,-23,-80,18,None
0,0,0,-1,3,22,14,3,2,0,0,0,-23,-80,18,None
0,-1,0,-3,10,-8,-5,-3,-2,0,0,0,-23,-80,18,None
0,-1,0,-3,10,-8,-5,-3,-2,0,0,0,-23,-80,18,None
0,-1,0,-3,10,-8,-5,-3,-2,0,0,0,-26,-86,15,None
0,-5,-5,-6,0,3,-13,-6,-6,0,0,0,-26,-86,15,None
0,1,2,1,2,2,10,2,2,0,0,0,-26,-86,15,None
0,-3,0,-2,4,10,-7,-4,-1,0,0,0,-26,-86,15,None
0,0,0,-3,6,-8,0,-1,1,0,0,0,-26,-86,15,None
0,0,0,-3,6,-8,0,-1,1,0,0,0,-26,-86,15,None
0,0,0,-3,6,-8,0,-1,1,0,0,0,-25,-96,18,None
0,-2,0,0,1,15,2,-4,-1,0,0,0,-25,-96,18,None
0,-3,-1,-2,12,-2,-7,-1,-6,0,0,0,-25,-96,18,None
0,0,-1,-1,-3,-10,0,-2,-1,0,0,0,-25,-96,18,None
0,-3,-1,-5,-29,20,-2,-1,-3,0,0,0,-25,-96,18,None
0,-3,-1,-5,-29,20,-2,-1,-3,0,0,0,-25,-96,18,None
0,-3,-1,-5,-29,20,-2,-1,-3,0,0,0,-13,-105,22,None
0,-1,-1,4,13,1,3,-2,-1,0,0,0,-13,-105,22,None
0,-1,-1,-8,-5,-22,-5,-3,-3,0,0,0,-13,-105,22,None
0,-1,1,0,-29,-3,7,3,2,0,0,0,-13,-105,22,None
0,-2,0,-1,46,16,-3,-1,-2,0,0,0,-13,-105,22,None
0,-2,0,-1,46,16,-3,-1,-2,0,0,0,-13,-105,22,None
0,-2,0,-1,46,16,-3,-1,-2,0,0,0,-6,-116,25,None
0,-2,-2,-2,6,8,-9,-4,-1,0,0,0,-6,-116,25,None
0,0,1,0,24,4,1,-1,0,0,0,0,-6,-116,25,None
0,-2,1,-6,-91,-15,-2,0,-3,0,0,0,-6,-116,25,None
0,-2,-4,-2,15,8,-2,-4,-2,0,0,0,-6,-116,25,None
0,-2,-4,-2,15,8,-2,-4,-2,0,0,0,-6,-116,25,None
0,-2,-4,-2,15,8,-2,-4,-2,0,0,0,-8,-121,20,None
0,-1,1,-1,8,-7,4,2,0,0,0,0,-8,-121,20,None
0,0,3,2,17,-5,-7,0,-1,0,0,0,-8,-121,20,None
0,-4,-2,-6,10,4,-8,-2,-3,0,0,0,-8,-121,20,None
0,1,5,11,-14,71,14,0,0,0,0,0,-8,-121,20,None
0,1,5,11,-14,71,14,0,0,0,0,0,-8,-121,20,None
0,1,5,11,-14,71,14,0,0,0,0,0,-5,-121,23,None
0,-3,-2,-9,13,-26,-9,-5,-3,0,0,0,-5,-121,23,None
0,-2,1,1,41,11,5,3,1,0,0,0,-5,-121,23,None
0,-1,-1,-5,-6,-63,-10,-4,-3,0,0,0,-5,-121,23,None
0,-1,2,5,13,-27,-2,-1,0,0,0,0,-5,-121,23,None
0,-1,2,5,13,-27,-2,-1,0,0,0,0,-5,-121,23,None
0,-1,2,5,13,-27,-2,-1,0,0,0,0,4,-114,22,None
0,-1,1,-3,47,40,7,1,-2,0,0,0,4,-114,22,None
0,-1,0,-5,-44,-30,-2,-4,-3,0,0,0,4,-114,22,None
0,-3,-1,-1,9,-6,-2,-4,-2,0,0,0,4,-114,22,None
0,2,1,-9,-17,4,-1,0,2,0,0,0,4,-114,22,None
0,2,1,-9,-17,4,-1,0,2,0,0,0,4,-114,22,None
0,2,1,-9,-17,4,-1,0,2,0,0,0,12,-119,17,None
0,-2,-2,3,-39,1,-4,-3,-3,0,0,0,12,-119,17,None
0,-2,-2,-8,57,-33,0,-1,-1,0,0,0,12,-119,17,None
0,1,1,5,55,89,9,2,0,0,0,0,12,-119,17,None
0,-5,-5,-15,-32,-35,-9,-6,-5,0,0,0,12,-119,17,None
0,-5,-5,-15,-32,-35,-9,-6,-5,0,0,0,12,-119,17,None
0,-5,-5,-15,-32,-35,-9,-6,-5,0,0,0,16,-126,11,None
0,0,2,3,30,-2,2,3,1,0,0,0,16,-126,11,None
0,-1,-1,4,-33,-45,-3,-1,-1,0,0,0,16,-126,11,None
0,0,2,1,64,-39,4,-1,-2,0,0,0,16,-126,11,None
0,-2,-1,-6,-10,-18,-7,-5,-4,0,0,0,16,-126,11,None
0,-2,-1,-6,-10,-18,-7,-5,-4,0,0,0,16,-126,11,None
0,-2,-1,-6,-10,-18,-7,-5,-4,0,0,0,25,-132,8,None
0,-1,2,2,17,28,4,0,-2,0,0,0,25,-132,8,None
0,-1,0,4,-62,-9,-6,-4,-2,0,0,0,25,-132,8,None
0,-1,1,-11,7,19,1,0,-2,0,0,0,25,-132,8,None
0,2,1,0,19,-13,-5,0,1,0,0,0,25,-132,8,None
0,2,1,0,19,-13,-5,0,1,0,0,0,25,-132,8,None
0,2,1,0,19,-13,-5,0,1,0,0,0,26,-123,7,None
0,-1,1,2,-73,-20,2,-1,-2,0,0,0,26,-123,7,None
0,-2,0,2,22,56,-3,-3,-3,0,0,0,26,-123,7,None
0,-3,0,4,79,8,-7,-5,-1,0,0,0,26,-123,7,None
0,-4,-2,-3,21,33,10,0,-2,0,0,0,26,-123,7,None
0,-4,-2,-3,21,33,10,0,-2,0,0,0,26,-123,7,None
0,-4,-2,-3,21,33,10,0,-2,0,0,0,28,-108,5,None
0,-2,0,8,56,43,-8,-7,-7,0,0,0,28,-108,5,None
0,1,2,-5,74,23,0,0,1,0,0,0,28,-108,5,None
0,-2,-3,-15,-72,-11,-3,0,-1,0,0,0,28,-108,5,None
0,-2,1,28,114,34,-1,-1,-3,0,0,0,28,-108,5,None
0,-2,1,28,114,34,-1,-1,-3,0,0,0,28,-108,5,None
0,-2,1,28,114,34,-1,-1,-3,0,0,0,33,-110,0,None
0,-2,-2,-29,-44,-46,-1,-2,-1,0,0,0,33,-110,0,None
0,-2,0,-2,-44,39,-4,-3,2,0,0,0,33,-110,0,None
0,2,4,19,23,21,4,2,-2,0,0,0,33,-110,0,None
0,-3,-2,-7,-9,-46,-12,-4,-2,0,0,0,33,-110,0,None
0,-3,-2,-7,-9,-46,-12,-4,-2,0,0,0,33,-110,0,None
0,-3,-2,-7,-9,-46,-12,-4,-2,0,0,0,40,-116,0,None
0,-1,1,-5,33,45,1,-2,-1,0,0,0,40,-116,0,None
0,-2,2,-3,-14,23,4,0,-3,0,0,0,40,-116,0,None
0,-1,1,-4,-9,-56,-5,-3,-2,0,0,0,40,-116,0,None
0,-2,-1,-4,-48,-47,-5,-1,-3,0,0,0,40,-116,0,None
0,-2,-1,-4,-48,-47,-5,-1,-3,0,0,0,40,-116,0,None
0,-2,-1,-4,-48,-47,-5,-1,-3,0,0,0,46,-109,0,None
0,2,4,8,6,-37,6,4,1,0,0,0,46,-109,0,None
0,-2,0,-6,66,95,-5,-2,-4,0,0,0,46,-109,0,None
0,-2,-1,-10,-118,-26,-2,-2,-3,0,0,0,46,-109,0,None
0,2,4,-9,-41,-42,-2,1,1,0,0,0,46,-109,0,None
0,2,4,-9,-41,-42,-2,1,1,0,0,0,46,-109,0,None
0,2,4,-9,-41,-42,-2,1,1,0,0,0,46,-91,-2,None
0,-3,0,15,-6,44,11,4,0,0,0,0,46,-91,-2,None
0,-4,-2,5,-69,-98,-18,-13,-4,0,0,0,46,-91,-2,None
0,1,-1,-17,-2,30,6,5,3,0,0,0,46,-91,-2,None
0,0,2,12,30,7,-11,0,-2,0,0,0,46,-91,-2,None
0,0,2,12,30,7,-11,0,-2,0,0,0,46,-91,-2,None
0,0,2,12,30,7,-11,0,-2,0,0,0,46,-87,-3,None
0,4,2,-22,19,6,7,-1,7,0,0,0,46,-87,-3,None
0,-1,5,2,-10,-98,7,6,-3,0,0,0,46,-87,-3,None
0,5,15,-4,-5,90,-6,-7,-3,0,0,0,46,-87,-3,None
0,-3,-16,-10,-6,12,-1,-7,-3,0,0,0,46,-87,-3,None
0,-3,-16,-10,-6,12,-1,-7,-3,0,0,0,46,-87,-3,None
0,-3,-16,-10,-6,12,-1,-7,-3,0,0,0,54,-92,-7,None
0,1,1,3,25,-41,-13,0,0,0,0,0,54,-92,-7,None
0,-2,-9,0,-11,-47,2,3,-5,0,0,0,54,-92,-7,None
0,-1,10,-1,24,-6,8,0,0,0,0,0,54,-92,-7,None
0,-1,6,-8,6,24,4,2,0,0,0,0,54,-92,-7,None
0,-1,6,-8,6,24,4,2,0,0,0,0,54,-92,-7,None
0,-1,6,-8,6,24,4,2,0,0,0,0,60,-90,-8,None
0,1,19,2,34,13,-1,-1,-5,0,0,0,60,-90,-8,None
0,2,8,-6,-59,-22,-4,0,3,0,0,0,60,-90,-8,None
0,-6,-10,4,42,23,-6,-4,-3,0,0,0,60,-90,-8,None
0,-2,-3,-13,-41,-38,-1,-3,0,0,0,0,60,-90,-8,None
0,-2,-3,-13,-41,-38,-1,-3,0,0,0,0,60,-90,-8,None
0,-2,-3,-13,-41,-38,-1,-3,0,0,0,0,59,-82,-8,None
0,-3,0,2,-1,24,0,-2,-3,0,0,0,59,-82,-8,None
0,-4,-9,-8,60,50,-3,-3,-4,0,0,0,59,-82,-8,None
0,1,2,1,-14,8,5,-4,3,0,0,0,59,-82,-8,None
0,0,1,3,53,45,9,1,0,0,0,0,59,-82,-8,None
0,0,1,3,53,45,9,1,0,0,0,0,59,-82,-8,None
0,0,1,3,53,45,9,1,0,0,0,0,61,-79,-5,None
0,-4,-6,-14,28,-42,-10,-5,-4,0,0,0,61,-79,-5,None
0,4,12,8,48,24,8,4,1,0,0,0,61,-79,-5,None
0,-2,12,6,-26,-98,-8,-3,-4,0,0,0,61,-79,-5,None
0,0,14,12,-10,35,5,4,-2,0,0,0,61,-79,-5,None
0,0,14,12,-10,35,5,4,-2,0,0,0,61,-79,-5,None
0,0,14,12,-10,35,5,4,-2,0,0,0,58,-74,-7,None
0,-1,-26,-7,-60,-39,0,0,0,0,0,0,58,-74,-7,None
0,-3,-3,-10,-5,18,-4,-2,0,0,0,0,58,-74,-7,None
0,-6,-24,-1,16,-2,-1,0,-1,0,0,0,58,-74,-7,None
0,-1,-1,2,9,-18,-4,-3,0,0,0,0,58,-74,-7,None
0,-1,-1,2,9,-18,-4,-3,0,0,0,0,58,-74,-7,None
0,-1,-1,2,9,-18,-4,-3,0,0,0,0,60,-75,-6,None
0,1,7,-2,-73,-20,-3,-1,1,0,0,0,60,-75,-6,None
0,1,0,-3,-18,-8,0,-2,-3,0,0,0,60,-75,-6,None
0,-1,-4,-4,-18,-11,-5,-3,-3,0,0,0,60,-75,-6,None
0,-2,5,-9,-21,-2,1,0,0,0,0,0,60,-75,-6,None
0,-2,5,-9,-21,-2,1,0,0,0,0,0,60,-75,-6,None
0,-2,5,-9,-21,-2,1,0,0,0,0,0,71,-85,-9,None
0,-1,13,0,-3,-5,-6,-2,-1,0,0,0,71,-85,-9,None
0,1,4,-6,-2,10,2,-1,-1,0,0,0,71,-85,-9,None
0,0,26,0,0,19,1,-2,0,0,0,0,71,-85,-9,None
0,-14,-34,-4,44,5,1,-2,-1,0,0,0,71,-85,-9,None
0,-14,-34,-4,44,5,1,-2,-1,0,0,0,71,-85,-9,None
0,-14,-34,-4,44,5,1,-2,-1,0,0,0,78,-111,-6,None
0,5,13,-5,-3,11,-1,-3,-2,0,0,0,78,-111,-6,None
0,-8,-14,2,-38,1,-2,-2,-4,0,0,0,78,-111,-6,None
0,-1,19,1,26,9,1,-1,-2,0,0,0,78,-111,-6,None
0,1,3,-2,28,15,0,-2,-3,0,0,0,78,-111,-6,None
0,1,3,-2,28,15,0,-2,-3,0,0,0,78,-111,-6,None
0,1,3,-2,28,15,0,-2,-3,0,0,0,75,-94,-3,None
0,-2,-5,2,-6,-16,-3,-2,0,0,0,0,75,-94,-3,None
0,0,10,-4,14,-4,1,0,0,0,0,0,75,-94,-3,None
0,-2,-26,-3,-4,8,-2,0,-3,0,0,0,75,-94,-3,None
0,3,12,-4,-18,0,-1,-2,-1,0,0,0,75,-94,-3,None
0,3,12,-4,-18,0,-1,-2,-1,0,0,0,75,-94,-3,None
0,3,12,-4,-18,0,-1,-2,-1,0,0,0,51,-69,-1,None
0,-3,-7,2,3,-7,-1,-1,-3,0,0,0,51,-69,-1,None
0,1,-3,-3,17,31,1,-2,0,0,0,0,51,-69,-1,None
0,-3,-1,-8,-19,-21,-5,-2,-2,0,0,0,51,-69,-1,None
0,1,2,-3,-14,-22,-2,-1,1,0,0,0,51,-69,-1,None
0,1,2,-3,-14,-22,-2,-1,1,0,0,0,51,-69,-1,None
0,1,2,-3,-14,-22,-2,-1,1,0,0,0,51,-81,3,None
0,-1,4,1,1,29,1,-3,-2,0,0,0,51,-81,3,None
0,0,-1,2,27,1,2,1,0,0,0,0,51,-81,3,None
0,-8,-10,-6,-14,-3,-3,-2,-2,0,0,0,51,-81,3,None
0,1,9,-2,-17,-7,0,1,0,0,0,0,51,-81,3,None
0,1,9,-2,-17,-7,0,1,0,0,0,0,51,-81,3,None
0,1,9,-2,-17,-7,0,1,0,0,0,0,59,-89,4,None
0,-2,1,-7,-57,-59,-6,-3,-2,0,0,0,59,-89,4,None
0,-4,-27,-3,-14,19,-1,0,-2,0,0,0,59,-89,4,None
0,-5,-41,-4,1,5,-4,-3,-3,0,0,0,59,-89,4,None
0,0,3,-3,-11,4,-2,-4,-2,0,0,0,59,-89,4,None
0,0,3,-3,-11,4,-2,-4,-2,0,0,0,59,-89,4,None
0,0,3,-3,-11,4,-2,-4,-2,0,0,0,60,-88,0,None
0,-2,-3,1,22,5,0,2,0,0,0,0,60,-88,0,None
0,1,13,-1,-4,7,0,-2,-1,0,0,0,60,-88,0,None
0,2,12,0,8,-5,-2,0,-1,0,0,0,60,-88,0,None
0,2,-4,-4,-8,-38,-5,-2,0,0,0,0,60,-88,0,None
0,2,-4,-4,-8,-38,-5,-2,0,0,0,0,60,-88,0,None
0,2,-4,-4,-8,-38,-5,-2,0,0,0,0,58,-83,-3,None
0,-4,3,-1,58,63,5,1,-2,0,0,0,58,-83,-3,None
0,-1,4,-2,-29,-11,1,-2,-1,0,0,0,58,-83,-3,None
0,-1,1,-1,0,6,-2,-3,-1,0,0,0,58,-83,-3,None
0,1,2,-1,1,-8,-2,-1,-3,0,0,0,58,-83,-3,None
0,1,2,-1,1,-8,-2,-1,-3,0,0,0,58,-83,-3,None
0,1,2,-1,1,-8,-2,-1,-3,0,0,0,58,-78,-5,None
0,1,7,1,-12,-16,-4,-3,-1,0,0,0,58,-78,-5,None
0,-1,1,-2,2,0,-2,-1,-2,0,0,0,58,-78,-5,None
0,0,5,0,13,7,0,0,-1,0,0,0,58,-78,-5,None
0,0,18,1,-4,20,-1,-2,-2,0,0,0,58,-78,-5,None
0,0,18,1,-4,20,-1,-2,-2,0,0,0,58,-78,-5,None
0,0,18,1,-4,20,-1,-2,-2,0,0,0,59,-77,-7,None
0,-2,-48,-4,-12,-16,-4,0,2,0,0,0,59,-77,-7,None
0,-4,2,1,32,6,2,-3,-5,0,0,0,59,-77,-7,None
0,-1,3,-1,-15,-10,4,-1,-1,0,0,0,59,-77,-7,None
0,-3,-8,-1,9,30,-2,-1,-1,0,0,0,59,-77,-7,None
0,-3,-8,-1,9,30,-2,-1,-1,0,0,0,59,-77,-7,None
0,-3,-8,-1,9,30,-2,-1,-1,0,0,0,60,-80,-8,None
0,-1,7,-1,-4,0,-1,-1,-1,0,0,0,60,-80,-8,None
0,2,4,-2,-8,-20,-2,-1,1,0,0,0,60,-80,-8,None
0,0,3,-1,6,-6,-2,-1,0,0,0,0,60,-80,-8,None
0,-1,8,-3,1,9,1,-2,-2,0,0,0,60,-80,-8,None
0,-1,8,-3,1,9,1,-2,-2,0,0,0,60,-80,-8,None
0,-1,8,-3,1,9,1,-2,-2,0,0,0,59,-81,-8,None
0,-1,4,-2,2,-1,-1,-2,-1,0,0,0,59,-81,-8,None
0,-1,0,-4,-7,-1,-2,-2,-1,0,0,0,59,-81,-8,None
0,-1,9,2,17,17,1,-1,-1,0,0,0,59,-81,-8,None
0,8,15,-7,-14,4,-3,-2,0,0,0,0,59,-81,-8,None
0,8,15,-7,-14,4,-3,-2,0,0,0,0,59,-81,-8,None
0,8,15,-7,-14,4,-3,-2,0,0,0,0,58,-79,-9,None
0,-12,-25,1,25,11,-2,-4,-6,0,0,0,58,-79,-9,None
0,-2,-5,-4,-14,21,2,0,0,0,0,0,58,-79,-9,None
0,2,-4,0,9,7,0,0,0,0,0,0,58,-79,-9,None
0,-3,-6,-1,-5,-5,0,-1,-1,0,0,0,58,-79,-9,None
0,-3,-6,-1,-5,-5,0,-1,-1,0,0,0,58,-79,-9,None
0,-3,-6,-1,-5,-5,0,-1,-1,0,0,0,56,-80,-10,None
0,2,11,-1,-3,-13,-2,1,0,0,0,0,56,-80,-10,None
0,1,9,-2,11,2,-2,-2,-2,0,0,0,56,-80,-10,None
0,-2,2,-4,-4,0,-2,-2,-1,0,0,0,56,-80,-10,None
0,-3,-1,-2,-1,-1,-2,-2,-1,0,0,0,56,-80,-10,None
0,-3,-1,-2,-1,-1,-2,-2,-1,0,0,0,56,-80,-10,None
0,-3,-1,-2,-1,-1,-2,-2,-1,0,0,0,58,-78,-9,None
0,0,10,-3,-2,3,-2,-2,-3,0,0,0,58,-78,-9,None
0,-3,-6,-3,0,1,-2,-2,-1,0,0,0,58,-78,-9,None
0,1,4,-3,-8,0,-2,-1,-1,0,0,0,58,-78,-9,None
0,-3,-7,-1,-2,-2,-1,0,-3,0,0,0,58,-78,-9,None
0,-3,-7,-1,-2,-2,-1,0,-3,0,0,0,58,-78,-9,None
0,-3,-7,-1,-2,-2,-1,0,-3,0,0,0,56,-79,-9,None
0,0,2,-1,1,7,0,0,0,0,0,0,56,-79,-9,None
0,0,0,0,9,-4,-2,-1,-2,0,0,0,56,-79,-9,None
0,0,7,-7,-54,0,-2,-1,-2,0,0,0,56,-79,-9,None
0,-3,-5,-1,30,23,-2,-5,-6,0,0,0,56,-79,-9,None
0,-3,-5,-1,30,23,-2,-5,-6,0,0,0,56,-79,-9,None
0,-3,-5,-1,30,23,-2,-5,-6,0,0,0,59,-79,-8,None
0,-1,6,0,-4,-6,0,-1,-2,0,0,0,59,-79,-8,None
0,-2,-1,-3,-1,0,-2,-3,-1,0,0,0,59,-79,-8,None
0,0,7,-1,13,1,0,-2,-2,0,0,0,59,-79,-8,None
0,-2,-3,-3,-7,-1,-2,0,0,0,0,0,59,-79,-8,None
0,-2,-3,-3,-7,-1,-2,0,0,0,0,0,59,-79,-8,None
0,-2,-3,-3,-7,-1,-2,0,0,0,0,0,60,-79,-7,None
0,0,3,-1,-12,-5,-2,-2,0,0,0,0,60,-79,-7,None
0,0,7,-2,3,-1,-1,-1,-1,0,0,0,60,-79,-7,None
0,-4,-7,-2,11,0,-3,-2,-2,0,0,0,60,-79,-7,None
0,-4,1,-5,-20,-9,-1,0,1,0,0,0,60,-79,-7,None
0,-4,1,-5,-20,-9,-1,0,1,0,0,0,60,-79,-7,None
0,-4,1,-5,-20,-9,-1,0,1,0,0,0,59,-78,-6,None
0,2,6,7,19,8,-1,-2,-1,0,0,0,59,-78,-6,None
0,-2,-2,-3,3,1,3,1,-2,0,0,0,59,-78,-6,None
0,-2,-3,-3,4,6,-1,-1,-2,0,0,0,59,-78,-6,None
0,-4,-9,-1,1,-7,-2,-1,0,0,0,0,59,-78,-6,None
0,-4,-9,-1,1,-7,-2,-1,0,0,0,0,59,-78,-6,None
0,-4,-9,-1,1,-7,-2,-1,0,0,0,0,58,-80,-5,None
0,1,7,-2,-1,-5,-2,1,0,0,0,0,58,-80,-5,None
0,-1,1,-2,-1,-10,-3,-2,-1,0,0,0,58,-80,-5,None
0,0,-2,-2,-1,1,-2,0,0,0,0,0,58,-80,-5,None
0,1,10,-2,5,2,-1,-2,-2,0,0,0,58,-80,-5,None
0,1,10,-2,5,2,-1,-2,-2,0,0,0,58,-80,-5,None
0,1,10,-2,5,2,-1,-2,-2,0,0,0,59,-81,-5,None
0,-6,-12,-7,-4,-1,-3,0,-2,0,0,0,59,-81,-5,None
0,-2,19,0,-4,2,-4,-2,-3,0,0,0,59,-81,-5,None
0,-4,-16,-1,9,-7,0,0,-2,0,0,0,59,-81,-5,None
0,-1,-8,-2,0,-22,-3,-1,-2,0,0,0,59,-81,-5,None
0,-1,-8,-2,0,-22,-3,-1,-2,0,0,0,59,-81,-5,None
0,-1,-8,-2,0,-22,-3,-1,-2,0,0,0,58,-81,-5,None
0,-2,3,-4,11,37,4,-2,-1,0,0,0,58,-81,-5,None
0,-3,-7,-3,-13,8,-2,-4,-1,0,0,0,58,-81,-5,None
0,1,5,-1,-8,-30,-1,0,0,0,0,0,58,-81,-5,None
0,-1,7,0,3,8,-6,-3,-1,0,0,0,58,-81,-5,None
0,-1,7,0,3,8,-6,-3,-1,0,0,0,58,-81,-5,None
0,-1,7,0,3,8,-6,-3,-1,0,0,0,59,-80,-5,None
0,0,-4,-3,-12,-1,0,0,0,0,0,0,59,-80,-5,None
0,1,-1,-1,3,0,-1,-2,-1,0,0,0,59,-80,-5,None
0,1,5,-2,2,-2,-1,-1,-1,0,0,0,59,-80,-5,None
0,-1,-6,-3,-10,-13,0,-1,-1,0,0,0,59,-80,-5,None
0,-1,-6,-3,-10,-13,0,-1,-1,0,0,0,59,-80,-5,None
0,-1,-6,-3,-10,-13,0,-1,-1,0,0,0,60,-80,-5,None
0,-1,4,-3,1,7,0,-3,-3,0,0,0,60,-80,-5,None
0,-1,-5,-4,5,4,-2,0,1,0,0,0,60,-80,-5,None
0,-2,0,-1,-8,-12,-2,-3,-2,0,0,0,60,-80,-5,None
0,-2,-2,0,7,20,3,-2,-1,0,0,0,60,-80,-5,None
0,-2,-2,0,7,20,3,-2,-1,0,0,0,60,-80,-5,None
0,-2,-2,0,7,20,3,-2,-1,0,0,0,59,-80,-6,None
0,0,1,-2,-4,-14,-2,-2,-1,0,0,0,59,-80,-6,None
0,-1,2,-2,-4,-4,0,0,-2,0,0,0,59,-80,-6,None
0,-2,-3,1,10,14,-1,-1,-1,0,0,0,59,-80,-6,None
0,-1,23,-1,-4,8,2,1,-1,0,0,0,59,-80,-6,None
0,-1,23,-1,-4,8,2,1,-1,0,0,0,59,-80,-6,None
0,-1,23,-1,-4,8,2,1,-1,0,0,0,59,-80,-5,None
0,3,-3,1,34,-7,-1,-2,-2,0,0,0,59,-80,-5,None
0,-2,-24,-5,-33,-2,-5,-2,-1,0,0,0,59,-80,-5,None
0,-1,1,0,2,-5,0,-1,-1,0,0,0,59,-80,-5,None
0,-1,1,-1,5,22,-2,-4,-3,0,0,0,59,-80,-5,None
0,-1,1,-1,5,22,-2,-4,-3,0,0,0,59,-80,-5,None
0,-1,1,-1,5,22,-2,-4,-3,0,0,0,57,-81,-6,None
0,-1,6,-1,-6,-8,-2,-2,0,0,0,0,57,-81,-6,None
0,-3,1,-3,7,3,2,-1,-1,0,0,0,57,-81,-6,None
0,0,2,-2,2,2,-1,-1,-1,0,0,0,57,-81,-6,None
0,-2,0,-3,-7,-9,-1,-1,0,0,0,0,57,-81,-6,None
0,-2,0,-3,-7,-9,-1,-1,0,0,0,0,57,-81,-6,None
0,-2,0,-3,-7,-9,-1,-1,0,0,0,0,58,-81,-6,None
0,-7,-29,-2,-9,-3,-4,-1,-2,0,0,0,58,-81,-6,None
0,1,18,-1,-2,-10,0,-1,0,0,0,0,58,-81,-6,None
0,-1,-2,1,33,22,0,-3,-3,0,0,0,58,-81,-6,None
0,-4,-8,-2,23,33,-2,-4,-3,0,0,0,58,-81,-6,None
0,-4,-8,-2,23,33,-2,-4,-3,0,0,0,58,-81,-6,None
0,-4,-8,-2,23,33,-2,-4,-3,0,0,0,57,-81,-7,None
0,4,5,-3,-12,-3,-2,-1,-1,0,0,0,57,-81,-7,None
0,-1,10,-1,-3,-12,-3,-1,-1,0,0,0,57,-81,-7,None
0,-2,3,1,3,11,-2,0,0,0,0,0,57,-81,-7,None
0,2,0,-1,-8,-15,-2,0,-1,0,0,0,57,-81,-7,None
0,2,0,-1,-8,-15,-2,0,-1,0,0,0,57,-81,-7,None
0,2,0,-1,-8,-15,-2,0,-1,0,0,0,58,-80,-7,None
0,-1,0,-3,-5,-3,-1,-1,-1,0,0,0,58,-80,-7,None
0,-3,-2,-2,11,5,-1,-3,-2,0,0,0,58,-80,-7,None
0,0,4,-5,-11,-5,-2,-1,-1,0,0,0,58,-80,-7,None
0,-6,-11,-4,-8,-22,-2,1,0,0,0,0,58,-80,-7,None
0,-6,-11,-4,-8,-22,-2,1,0,0,0,0,58,-80,-7,None
0,-6,-11,-4,-8,-22,-2,1,0,0,0,0,58,-79,-6,None
0,0,15,2,-9,8,-1,-1,-2,0,0,0,58,-79,-6,None
0,1,10,-1,0,20,2,0,0,0,0,0,58,-79,-6,None
0,-3,-24,1,18,-5,0,-3,-2,0,0,0,58,-79,-6,None
0,-1,0,-2,-21,-3,0,-2,-1,0,0,0,58,-79,-6,None
0,-1,0,-2,-21,-3,0,-2,-1,0,0,0,58,-79,-6,None
0,-1,0,-2,-21,-3,0,-2,-1,0,0,0,59,-79,-7,None
0,-2,1,-1,12,3,0,0,-1,0,0,0,59,-79,-7,None
0,1,0,-2,-14,-9,-2,-1,0,0,0,0,59,-79,-7,None
0,-1,4,-3,-8,-4,-2,-3,-1,0,0,0,59,-79,-7,None
0,0,-3,-2,3,2,-1,-1,-1,0,0,0,59,-79,-7,None
0,0,-3,-2,3,2,-1,-1,-1,0,0,0,59,-79,-7,None
0,0,-3,-2,3,2,-1,-1,-1,0,0,0,60,-79,-6,None
0,-1,1,-3,0,0,0,0,0,0,0,0,60,-79,-6,None
0,-1,-7,-1,8,0,-1,-3,-2,0,0,0,60,-79,-6,None
0,-1,8,-3,-10,3,-2,0,-2,0,0,0,60,-79,-6,None
0,3,-5,2,-4,-8,1,1,0,0,0,0,60,-79,-6,None
0,3,-5,2,-4,-8,1,1,0,0,0,0,60,-79,-6,None
0,3,-5,2,-4,-8,1,1,0,0,0,0,59,-79,-6,None
0,4,16,-7,-20,-13,-1,-1,-2,0,0,0,59,-79,-6,None
0,-10,-39,-2,16,54,2,-3,-6,0,0,0,59,-79,-6,None
0,0,4,-4,-5,16,-1,-1,-2,0,0,0,59,-79,-6,None
0,1,3,2,0,6,2,-1,-2,0,0,0,59,-79,-6,None
0,1,3,2,0,6,2,-1,-2,0,0,0,59,-79,-6,None
0,1,3,2,0,6,2,-1,-2,0,0,0,59,-80,-6,None
0,-1,-2,-2,4,-16,-2,-1,0,0,0,0,59,-80,-6,None
0,-1,4,-1,-5,-23,-1,0,1,0,0,0,59,-80,-6,None
0,0,5,-1,-8,12,1,-1,-1,0,0,0,59,-80,-6,None
0,0,-6,-5,1,-15,-2,-1,-2,0,0,0,59,-80,-6,None
0,0,-6,-5,1,-15,-2,-1,-2,0,0,0,59,-80,-6,None
0,0,-6,-5,1,-15,-2,-1,-2,0,0,0,59,-80,-6,None
0,-2,1,-5,-8,10,-2,-1,0,0,0,0,59,-80,-6,None
0,-1,3,0,16,19,2,-2,-2,0,0,0,59,-80,-6,None
0,-3,1,0,-9,-8,3,0,-2,0,0,0,59,-80,-6,None
0,-2,5,-4,3,5,-5,-3,-2,0,0,0,59,-80,-6,None
0,-2,5,-4,3,5,-5,-3,-2,0,0,0,59,-80,-6,None
0,-2,5,-4,3,5,-5,-3,-2,0,0,0,59,-80,-6,None
0,-4,-4,-2,-10,-13,1,-2,-1,0,0,0,59,-80,-6,None
0,2,7,-1,-3,-8,-6,-2,-1,0,0,0,59,-80,-6,None
0,6,-3,-2,-1,-10,-2,1,0,0,0,0,59,-80,-6,None
0,-1,33,0,-1,0,0,-1,-2,0,0,0,59,-80,-6,None
0,-1,33,0,-1,0,0,-1,-2,0,0,0,59,-80,-6,None
0,-1,33,0,-1,0,0,-1,-2,0,0,0,59,-79,-6,None
0,-3,-37,-3,-3,11,-1,-2,-1,0,0,0,59,-79,-6,None
0,-1,1,-2,-3,-7,0,-1,-2,0,0,0,59,-79,-6,None
0,-4,0,-2,0,-3,-2,-3,-2,0,0,0,59,-79,-6,None
0,-2,1,-2,-7,-13,-1,-3,-2,0,0,0,59,-79,-6,None
0,-2,1,-2,-7,-13,-1,-3,-2,0,0,0,59,-79,-6,None
0,-2,1,-2,-7,-13,-1,-3,-2,0,0,0,59,-80,-6,None
0,0,10,2,1,39,1,0,-2,0,0,0,59,-80,-6,None
0,0,6,-2,6,-17,-1,-1,0,0,0,0,59,-80,-6,None
0,-3,-8,-5,-20,-10,-4,-4,-1,0,0,0,59,-80,-6,None
0,0,-3,-2,3,6,0,0,0,0,0,0,59,-80,-6,None
0,0,-3,-2,3,6,0,0,0,0,0,0,59,-80,-6,None
0,0,-3,-2,3,6,0,0,0,0,0,0,59,-80,-7,None
0,-1,9,-1,-6,-16,-1,-2,-2,0,0,0,59,-80,-7,None
0,-3,-16,-4,-3,-3,-2,-1,0,0,0,0,59,-80,-7,None
0,-1,7,-1,5,4,-3,-1,-3,0,0,0,59,-80,-7,None
0,1,-11,-2,-1,-27,0,-3,-2,0,0,0,59,-80,-7,None
0,1,-11,-2,-1,-27,0,-3,-2,0,0,0,59,-80,-7,None
0,1,-11,-2,-1,-27,0,-3,-2,0,0,0,59,-80,-6,None
0,-3,-3,-1,9,33,-2,-1,-2,0,0,0,59,-80,-6,None
0,1,12,-1,-1,2,0,-2,0,0,0,0,59,-80,-6,None
0,-2,0,-3,2,-1,-2,-1,-2,0,0,0,59,-80,-6,None
0,-4,-7,-4,3,1,-2,-2,-2,0,0,0,59,-80,-6,None
0,-4,-7,-4,3,1,-2,-2,-2,0,0,0,59,-80,-6,None
0,-4,-7,-4,3,1,-2,-2,-2,0,0,0,58,-80,-7,None
0,3,10,-3,-4,-21,0,1,-2,0,0,0,58,-80,-7,None
0,-3,4,-2,-12,24,-1,-2,-3,0,0,0,58,-80,-7,None
0,0,2,0,9,5,-1,-1,-1,0,0,0,58,-80,-7,None
0,-2,-5,-2,-5,-11,-2,0,0,0,0,0,58,-80,-7,None
0,-2,-5,-2,-5,-11,-2,0,0,0,0,0,58,-80,-7,None
0,-2,-5,-2,-5,-11,-2,0,0,0,0,0,58,-80,-7,None
0,-1,2,-1,10,18,0,-3,-2,0,0,0,58,-80,-7,None
0,-2,1,-2,1,-7,0,-1,-2,0,0,0,58,-80,-7,None
0,-1,0,-3,-3,5,-2,-1,-1,0,0,0,58,-80,-7,None
0,-1,-1,-1,-1,15,0,0,-2,0,0,0,58,-80,-7,None
0,-1,-1,-1,-1,15,0,0,-2,0,0,0,58,-80,-7,None
0,-1,-1,-1,-1,15,0,0,-2,0,0,0,59,-80,-7,None
0,1,5,-5,-6,-21,-4,-3,0,0,0,0,59,-80,-7,None
0,4,28,6,8,-19,0,-1,0,0,0,0,59,-80,-7,None
0,-6,-31,-4,-3,27,-1,-1,-3,0,0,0,59,-80,-7,None
0,0,-3,-4,1,11,-2,-2,-2,0,0,0,59,-80,-7,None
0,0,-3,-4,1,11,-2,-2,-2,0,0,0,59,-80,-7,None
0,0,-3,-4,1,11,-2,-2,-2,0,0,0,58,-80,-6,None
0,-6,-6,0,16,14,1,-3,-3,0,0,0,58,-80,-6,None
0,1,4,-1,-22,-14,-1,-1,-2,0,0,0,58,-80,-6,None
0,2,13,0,3,-13,1,1,0,0,0,0,58,-80,-6,None
0,-4,-2,-4,-4,10,-1,-1,-1,0,0,0,58,-80,-6,None
0,-4,-2,-4,-4,10,-1,-1,-1,0,0,0,58,-80,-6,None
0,-4,-2,-4,-4,10,-1,-1,-1,0,0,0,59,-80,-6,None
0,0,-2,-1,0,-7,-1,-1,-1,0,0,0,59,-80,-6,None
0,-1,-7,-4,6,-2,-2,-1,-1,0,0,0,59,-80,-6,None
0,-1,6,0,-2,0,-1,-2,-1,0,0,0,59,-80,-6,None
0,-2,-4,-1,0,5,-1,-1,-2,0,0,0,59,-80,-6,None
0,-2,-4,-1,0,5,-1,-1,-2,0,0,0,59,-80,-6,None
0,-2,-4,-1,0,5,-1,-1,-2,0,0,0,59,-79,-6,None
0,-7,6,-1,-1,-10,-2,-2,-1,0,0,0,59,-79,-6,None
0,-1,-5,-3,-9,-3,0,-2,-2,0,0,0,59,-79,-6,None
0,-2,1,-3,-6,-22,-2,-1,-1,0,0,0,59,-79,-6,None
0,-1,3,1,10,27,1,-2,-2,0,0,0,59,-79,-6,None
0,-1,3,1,10,27,1,-2,-2,0,0,0,59,-79,-6,None
0,-1,3,1,10,27,1,-2,-2,0,0,0,59,-79,-6,None
0,1,0,-1,0,-19,2,0,-1,0,0,0,59,-79,-6,None
0,-3,-6,-4,-3,12,-3,-1,-2,0,0,0,59,-79,-6,None
0,-1,4,-1,1,-5,-1,-1,0,0,0,0,59,-79,-6,None
0,0,1,-2,-6,-10,-2,0,0,0,0,0,59,-79,-6,None
0,0,1,-2,-6,-10,-2,0,0,0,0,0,59,-79,-6,None
0,0,1,-2,-6,-10,-2,0,0,0,0,0,60,-80,-6,None
0,0,-1,-1,-5,-2,-3,-1,-2,0,0,0,60,-80,-6,None
