0,0,-2,-10,-1,0,-3,1,1,0,0,0,39,-104,2,None
0,-3,-1,-4,9,1,-11,-4,-3,0,0,0,39,-104,2,None
0,-1,2,-2,-4,4,6,0,1,0,0,0,39,-104,2,None
0,-1,2,-2,-4,4,6,0,1,0,0,0,39,-104,2,None
0,-1,2,-2,-4,4,6,0,1,0,0,0,32,-108,3,None
0,-1,2,4,1,0,-4,0,-1,0,0,0,32,-108,3,None
0,-3,0,2,4,11,0,3,-2,0,0,0,32,-108,3,None
0,-3,0,0,-11,-7,-11,-10,-6,0,0,0,32,-108,3,None
0,2,2,-2,5,-10,11,4,1,0,0,0,32,-108,3,None
0,2,2,-2,5,-10,11,4,1,0,0,0,32,-108,3,None
0,2,2,-2,5,-10,11,4,1,0,0,0,23,-115,4,None
0,-5,-2,-3,-1,-5,-5,-6,-7,0,0,0,23,-115,4,None
0,2,2,2,-5,11,2,-2,2,0,0,0,23,-115,4,None
0,-2,0,0,-3,3,-4,-4,0,0,0,0,23,-115,4,None
0,0,-2,-8,-5,-3,-6,-1,0,0,0,0,23,-115,4,None
0,0,-2,-8,-5,-3,-6,-1,0,0,0,0,23,-115,4,None
0,0,-2,-8,-5,-3,-6,-1,0,0,0,0,14,-117,4,None
0,-1,1,-1,2,8,10,8,-1,0,0,0,14,-117,4,None
0,-1,1,2,-2,-6,-22,-19,-3,0,0,0,14,-117,4,None
0,-3,1,8,-5,8,14,9,0,0,0,0,14,-117,4,None
0,0,2,5,-4,-13,-8,-3,-1,0,0,0,14,-117,4,None
0,0,2,5,-4,-13,-8,-3,-1,0,0,0,14,-117,4,None
0,0,2,5,-4,-13,-8,-3,-1,0,0,0,4,-118,4,None
0,-1,-1,-14,1,6,-3,-3,-3,0,0,0,4,-118,4,None
0,-2,-1,0,-1,-12,1,1,-1,0,0,0,4,-118,4,None
0,0,-3,-5,-8,-3,-6,-6,-4,0,0,0,4,-118,4,None
0,-3,-1,3,-5,1,1,-1,-3,0,0,0,4,-118,4,None
0,-3,-1,3,-5,1,1,-1,-3,0,0,0,4,-118,4,None
0,-3,-1,3,-5,1,1,-1,-3,0,0,0,-2,-114,5,None
0,-5,-2,1,-1,2,-1,-1,-4,0,0,0,-2,-114,5,None
0,2,2,-9,1,10,4,3,0,0,0,0,-2,-114,5,None
0,-1,0,-7,-6,-7,-6,-4,1,0,0,0,-2,-114,5,None
0,-2,0,5,5,-10,3,-5,-4,0,0,0,-2,-114,5,None
0,-2,0,5,5,-10,3,-5,-4,0,0,0,-2,-114,5,None
0,-2,0,5,5,-10,3,-5,-4,0,0,0,-10,-107,5,None
0,0,1,4,-4,8,-7,1,1,0,0,0,-10,-107,5,None
0,-3,0,2,25,8,14,4,-4,0,0,0,-10,-107,5,None
0,-1,0,-7,-14,-10,0,4,0,0,0,0,-10,-107,5,None
0,-1,-1,-1,16,8,-17,-10,-5,0,0,0,-10,-107,5,None
0,-1,-1,-1,16,8,-17,-10,-5,0,0,0,-10,-107,5,None
0,-1,-1,-1,16,8,-17,-10,-5,0,0,0,-16,-104,6,None
0,2,2,-1,20,13,5,3,4,0,0,0,-16,-104,6,None
0,-2,-1,-2,-36,3,4,6,-1,0,0,0,-16,-104,6,None
0,0,0,-3,4,5,0,0,0,0,0,0,-16,-104,6,None
0,-1,-1,1,-14,-19,3,-3,-2,0,0,0,-16,-104,6,None
0,-1,-1,1,-14,-19,3,-3,-2,0,0,0,-16,-104,6,None
0,-1,-1,1,-14,-19,3,-3,-2,0,0,0,-26,-102,5,None
0,-3,0,-4,20,7,-9,-5,-6,0,0,0,-26,-102,5,None
0,1,2,3,-15,13,0,3,1,0,0,0,-26,-102,5,None
0,0,4,-1,2,-47,9,3,2,0,0,0,-26,-102,5,None
0,-3,-3,-4,19,30,3,4,-2,0,0,0,-26,-102,5,None
0,-3,-3,-4,19,30,3,4,-2,0,0,0,-26,-102,5,None
0,-3,-3,-4,19,30,3,4,-2,0,0,0,-35,-95,3,None
0,0,1,-1,-1,-17,-3,-7,-5,0,0,0,-35,-95,3,None
0,-4,1,1,-9,-1,-2,-9,-5,0,0,0,-35,-95,3,None
0,-1,-1,-5,3,-10,-14,-3,-1,0,0,0,-35,-95,3,None
0,1,2,-3,-19,9,10,1,0,0,0,0,-35,-95,3,None
0,1,2,-3,-19,9,10,1,0,0,0,0,-35,-95,3,None
0,1,2,-3,-19,9,10,1,0,0,0,0,-42,-87,0,None
0,-4,-4,-1,13,-11,-10,-8,-3,0,0,0,-42,-87,0,None
0,1,0,-2,8,16,0,1,-2,0,0,0,-42,-87,0,None
0,0,2,2,-35,35,5,-3,0,0,0,0,-42,-87,0,None
0,2,4,2,2,-36,-9,-3,0,0,0,0,-42,-87,0,None
0,2,4,2,2,-36,-9,-3,0,0,0,0,-42,-87,0,None
0,2,4,2,2,-36,-9,-3,0,0,0,0,-50,-79,2,None
0,-1,-3,-7,3,-22,0,5,1,0,0,0,-50,-79,2,None
0,-3,-4,0,33,20,-8,-8,-3,0,0,0,-50,-79,2,None
0,0,0,-1,-60,-37,-4,-2,-3,0,0,0,-50,-79,2,None
0,2,3,-7,-48,24,9,3,1,0,0,0,-50,-79,2,None
0,2,3,-7,-48,24,9,3,1,0,0,0,-50,-79,2,None
0,2,3,-7,-48,24,9,3,1,0,0,0,-59,-73,4,None
0,-2,1,15,49,19,-10,-5,-4,0,0,0,-59,-73,4,None
0,0,1,-13,-20,-1,5,5,2,0,0,0,-59,-73,4,None
0,-2,-2,-7,-13,-34,5,-1,-1,0,0,0,-59,-73,4,None
0,0,3,2,18,15,-3,-2,-1,0,0,0,-59,-73,4,None
0,0,3,2,18,15,-3,-2,-1,0,0,0,-59,-73,4,None
0,0,3,2,18,15,-3,-2,-1,0,0,0,-61,-71,5,None
0,0,3,-6,-16,5,4,2,2,0,0,0,-61,-71,5,None
0,0,2,4,16,1,-5,-1,-1,0,0,0,-61,-71,5,None
0,-3,-5,-10,13,-10,-7,-5,-5,0,0,0,-61,-71,5,None
0,-5,-4,-4,-10,40,5,-1,-1,0,0,0,-61,-71,5,None
0,-5,-4,-4,-10,40,5,-1,-1,0,0,0,-61,-71,5,None
0,-5,-4,-4,-10,40,5,-1,-1,0,0,0,-60,-65,3,None
0,0,0,-6,5,-73,-2,-1,0,0,0,0,-60,-65,3,None
0,-2,0,1,-7,-20,-6,-4,-3,0,0,0,-60,-65,3,None
0,-1,1,2,32,90,4,2,-1,0,0,0,-60,-65,3,None
0,-2,1,1,-45,-85,-4,-4,-2,0,0,0,-60,-65,3,None
0,-2,1,1,-45,-85,-4,-4,-2,0,0,0,-60,-65,3,None
0,-2,1,1,-45,-85,-4,-4,-2,0,0,0,-64,-58,8,None
0,-1,-1,-3,40,22,1,0,-1,0,0,0,-64,-58,8,None
0,-2,-2,-4,0,61,-3,-1,-1,0,0,0,-64,-58,8,None
0,-3,-1,2,-14,-9,-4,-4,-5,0,0,0,-64,-58,8,None
0,-3,0,-6,-12,14,1,-4,-3,0,0,0,-64,-58,8,None
0,-3,0,-6,-12,14,1,-4,-3,0,0,0,-64,-58,8,None
0,-3,0,-6,-12,14,1,-4,-3,0,0,0,-66,-53,10,None
0,2,5,-3,-17,42,2,3,2,0,0,0,-66,-53,10,None
0,-2,-3,-5,-22,-92,-9,-3,-4,0,0,0,-66,-53,10,None
0,0,1,-2,35,39,8,-1,0,0,0,0,-66,-53,10,None
0,0,-1,3,88,36,3,-1,-1,0,0,0,-66,-53,10,None
0,0,-1,3,88,36,3,-1,-1,0,0,0,-66,-53,10,None
0,0,-1,3,88,36,3,-1,-1,0,0,0,-65,-51,8,None
0,0,1,0,15,-3,-8,-3,-1,0,0,0,-65,-51,8,None
0,-2,-3,-11,-52,-13,-3,-2,-3,0,0,0,-65,-51,8,None
0,-2,1,-1,-20,-4,-10,-4,-1,0,0,0,-65,-51,8,None
0,-1,-2,-4,20,-20,9,2,1,0,0,0,-65,-51,8,None
0,-1,-2,-4,20,-20,9,2,1,0,0,0,-65,-51,8,None
0,-1,-2,-4,20,-20,9,2,1,0,0,0,-65,-50,9,None
0,-3,-1,0,-8,10,-4,-3,-3,0,0,0,-65,-50,9,None
0,-1,4,6,22,-2,5,-1,-1,0,0,0,-65,-50,9,None
0,-2,0,-1,13,23,-79,-15,-6,0,0,0,-65,-50,9,None
0,2,2,-14,-28,-16,79,8,6,0,0,0,-65,-50,9,None
0,2,2,-14,-28,-16,79,8,6,0,0,0,-65,-50,9,None
0,2,2,-14,-28,-16,79,8,6,0,0,0,-67,-49,11,None
0,21,4,11,-31,31,21,17,25,0,0,0,-67,-49,11,None
0,6,1,6,-14,75,-105,-28,28,0,0,0,-67,-49,11,None
0,68,13,24,-27,-109,118,80,116,0,0,0,-67,-49,11,None
0,-83,-24,-61,47,121,-128,-60,-51,0,0,0,-67,-49,11,None
0,-83,-24,-61,47,121,-128,-60,-51,0,0,0,-67,-49,11,None
0,-83,-24,-61,47,121,-128,-60,-51,0,0,0,-69,-43,13,None
0,111,8,-14,-113,-122,110,49,115,0,0,0,-69,-43,13,None
0,-75,-16,4,22,56,-76,-27,-108,0,0,0,-69,-43,13,None
0,-85,32,54,85,115,-74,-29,-128,0,0,0,-69,-43,13,None
0,-71,-27,-17,-25,-6,80,-42,-78,0,0,0,-69,-43,13,None
0,-71,-27,-17,-25,-6,80,-42,-78,0,0,0,-69,-43,13,None
0,-71,-27,-17,-25,-6,80,-42,-78,0,0,0,-83,-41,-1,None
0,13,-70,4,-4,77,-72,-67,-103,0,0,0,-83,-41,-1,None
0,51,34,-63,36,-26,21,40,120,0,0,0,-83,-41,-1,None
0,-53,39,16,-11,-33,87,16,-96,0,0,0,-83,-41,-1,None
0,10,-32,-14,-44,42,-32,18,127,0,0,0,-83,-41,-1,None
0,10,-32,-14,-44,42,-32,18,127,0,0,0,-83,-41,-1,None
0,10,-32,-14,-44,42,-32,18,127,0,0,0,-101,-19,16,None
0,18,36,-55,-13,41,-112,-62,-122,0,0,0,-101,-19,16,None
0,127,-40,0,36,-18,-33,-39,-10,0,0,0,-101,-19,16,None
0,16,-15,2,81,74,21,33,116,0,0,0,-101,-19,16,None
0,-75,10,22,-76,-90,-80,5,-98,0,0,0,-101,-19,16,None
0,-75,10,22,-76,-90,-80,5,-98,0,0,0,-101,-19,16,None
0,-75,10,22,-76,-90,-80,5,-98,0,0,0,-71,-50,-18,None
0,36,-18,24,38,-12,-14,26,15,0,0,0,-71,-50,-18,None
0,-10,18,41,-6,6,0,12,14,0,0,0,-71,-50,-18,None
0,35,-20,-19,2,-6,-52,-41,14,0,0,0,-71,-50,-18,None
0,-12,2,27,29,3,24,31,38,0,0,0,-71,-50,-18,None
0,-12,2,27,29,3,24,31,38,0,0,0,-71,-50,-18,None
0,-12,2,27,29,3,24,31,38,0,0,0,1,-87,-21,None
0,-63,18,5,3,14,4,2,4,0,0,0,1,-87,-21,None
0,-33,10,-22,-32,-58,28,-5,-53,0,0,0,1,-87,-21,None
0,-27,-9,15,-3,11,-1,-2,4,0,0,0,1,-87,-21,None
0,65,48,15,54,-11,15,9,6,0,0,0,1,-87,-21,None
0,65,48,15,54,-11,15,9,6,0,0,0,1,-87,-21,None
0,65,48,15,54,-11,15,9,6,0,0,0,-21,-43,9,None
0,-39,25,-13,12,-13,10,2,-14,0,0,0,-21,-43,9,None
0,24,11,20,16,33,45,2,-5,0,0,0,-21,-43,9,None
0,-46,-84,-42,36,-70,-2,-8,12,0,0,0,-21,-43,9,None
0,78,57,11,-32,6,-4,-54,-48,0,0,0,-21,-43,9,None
0,78,57,11,-32,6,-4,-54,-48,0,0,0,-21,-43,9,None
0,78,57,11,-32,6,-4,-54,-48,0,0,0,-97,-23,0,None
0,-30,63,-16,-78,-20,11,98,95,0,0,0,-97,-23,0,None
0,-41,-61,23,60,36,15,14,15,0,0,0,-97,-23,0,None
0,-20,22,-36,-89,-3,-19,-41,-75,0,0,0,-97,-23,0,None
0,35,13,-6,-17,-10,1,68,88,0,0,0,-97,-23,0,None
0,35,13,-6,-17,-10,1,68,88,0,0,0,-97,-23,0,None
0,35,13,-6,-17,-10,1,68,88,0,0,0,-109,-78,11,None
0,29,1,27,115,-84,-2,-30,-13,0,0,0,-109,-78,11,None
0,-92,14,-10,-116,-34,2,-5,-37,0,0,0,-109,-78,11,None
0,15,55,2,86,46,15,11,-42,0,0,0,-109,-78,11,None
0,8,79,14,-53,-2,7,-20,-9,0,0,0,-109,-78,11,None
0,8,79,14,-53,-2,7,-20,-9,0,0,0,-109,-78,11,None
0,8,79,14,-53,-2,7,-20,-9,0,0,0,-47,-21,14,None
0,40,-70,-10,-83,-41,4,21,10,0,0,0,-47,-21,14,None
0,19,53,0,34,96,28,9,15,0,0,0,-47,-21,14,None
0,44,-16,-16,45,-93,-25,-31,-6,0,0,0,-47,-21,14,None
0,2,9,15,63,26,-11,6,-10,0,0,0,-47,-21,14,None
0,2,9,15,63,26,-11,6,-10,0,0,0,-47,-21,14,None
0,2,9,15,63,26,-11,6,-10,0,0,0,-74,-2,21,None
0,-41,-39,-4,-38,7,-3,-15,-12,0,0,0,-74,-2,21,None
0,10,2,-10,-31,-73,-6,-23,-23,0,0,0,-74,-2,21,None
0,-1,-2,7,10,24,-3,15,32,0,0,0,-74,-2,21,None
0,6,-25,-18,-43,9,11,10,-1,0,0,0,-74,-2,21,None
0,6,-25,-18,-43,9,11,10,-1,0,0,0,-74,-2,21,None
0,6,-25,-18,-43,9,11,10,-1,0,0,0,-92,-13,22,None
0,-22,23,18,127,76,-7,-25,-7,0,0,0,-92,-13,22,None
0,-11,-30,-6,-8,-35,9,6,7,0,0,0,-92,-13,22,None
0,16,-6,-21,-128,62,5,0,8,0,0,0,-92,-13,22,None
0,10,-39,7,14,-104,-11,-3,-1,0,0,0,-92,-13,22,None
0,10,-39,7,14,-104,-11,-3,-1,0,0,0,-92,-13,22,None
0,10,-39,7,14,-104,-11,-3,-1,0,0,0,-92,-28,25,None
0,-10,14,7,72,52,-7,-9,-6,0,0,0,-92,-28,25,None
0,-4,22,2,28,36,18,8,-1,0,0,0,-92,-28,25,None
0,9,-46,-10,-62,112,0,5,8,0,0,0,-92,-28,25,None
0,10,-21,2,50,-67,-11,-11,-10,0,0,0,-92,-28,25,None
0,10,-21,2,50,-67,-11,-11,-10,0,0,0,-92,-28,25,None
0,10,-21,2,50,-67,-11,-11,-10,0,0,0,-91,-28,27,None
0,-33,-37,-1,-20,43,5,-7,2,0,0,0,-91,-28,27,None
0,6,14,-3,6,-55,-5,4,1,0,0,0,-91,-28,27,None
0,11,28,8,10,-16,-9,-9,4,0,0,0,-91,-28,27,None
0,0,-21,-5,-33,40,0,2,2,0,0,0,-91,-28,27,None
0,0,-21,-5,-33,40,0,2,2,0,0,0,-91,-28,27,None
0,0,-21,-5,-33,40,0,2,2,0,0,0,-95,-16,30,None
0,-9,16,-1,5,-33,1,-5,-7,0,0,0,-95,-16,30,None
0,2,-9,3,39,-4,8,6,2,0,0,0,-95,-16,30,None
0,4,-5,-4,14,-40,-14,-10,-6,0,0,0,-95,-16,30,None
0,0,-2,1,9,13,0,6,1,0,0,0,-95,-16,30,None
0,0,-2,1,9,13,0,6,1,0,0,0,-95,-16,30,None
0,0,-2,1,9,13,0,6,1,0,0,0,-102,-21,25,None
0,-6,7,-5,-15,8,6,-2,-3,0,0,0,-102,-21,25,None
0,0,-4,-3,-9,-6,-13,-7,-2,0,0,0,-102,-21,25,None
0,-2,6,4,41,-8,-20,-6,2,0,0,0,-102,-21,25,None
0,5,0,-14,-49,2,-7,2,-2,0,0,0,-102,-21,25,None
0,5,0,-14,-49,2,-7,2,-2,0,0,0,-102,-21,25,None
0,5,0,-14,-49,2,-7,2,-2,0,0,0,-101,-24,27,None
0,-8,10,2,-13,-1,50,3,-2,0,0,0,-101,-24,27,None
0,64,-5,-2,-50,23,-22,-4,35,0,0,0,-101,-24,27,None
0,-58,13,12,-8,-18,-68,-8,54,0,0,0,-101,-24,27,None
0,11,-18,-18,30,-26,114,30,-71,0,0,0,-101,-24,27,None
0,11,-18,-18,30,-26,114,30,-71,0,0,0,-101,-24,27,None
0,11,-18,-18,30,-26,114,30,-71,0,0,0,-97,-39,27,None
0,93,4,-3,-21,20,-38,-17,76,0,0,0,-97,-39,27,None
0,-120,10,1,0,-62,65,60,53,0,0,0,-97,-39,27,None
0,70,4,-23,85,31,-96,-72,-83,0,0,0,-97,-39,27,None
0,36,-16,-26,10,81,-125,-32,110,0,0,0,-97,-39,27,None
0,36,-16,-26,10,81,-125,-32,110,0,0,0,-97,-39,27,None
0,36,-16,-26,10,81,-125,-32,110,0,0,0,-98,-22,21,None
0,-128,17,59,-22,67,65,63,-22,0,0,0,-98,-22,21,None
0,85,-11,-40,22,-51,-62,-106,-82,0,0,0,-98,-22,21,None
0,61,-27,-11,25,40,-17,29,118,0,0,0,-98,-22,21,None
0,38,6,-69,33,9,34,33,71,0,0,0,-98,-22,21,None
0,38,6,-69,33,9,34,33,71,0,0,0,-98,-22,21,None
0,38,6,-69,33,9,34,33,71,0,0,0,-119,-1,14,None
0,-23,12,47,-27,-50,-65,0,41,0,0,0,-119,-1,14,None
0,47,-5,-62,38,84,35,36,101,0,0,0,-119,-1,14,None
0,-39,14,79,-24,-79,23,-36,-128,0,0,0,-119,-1,14,None
0,43,3,15,9,-1,-4,10,83,0,0,0,-119,-1,14,None
0,43,3,15,9,-1,-4,10,83,0,0,0,-119,-1,14,None
0,43,3,15,9,-1,-4,10,83,0,0,0,-93,-33,10,None
0,118,6,15,-3,49,-16,-22,-74,0,0,0,-93,-33,10,None
0,-108,7,22,25,68,-128,1,71,0,0,0,-93,-33,10,None
0,97,-6,-38,-38,-109,70,1,-60,0,0,0,-93,-33,10,None
0,-114,8,13,11,-7,-47,7,42,0,0,0,-93,-33,10,None
0,-114,8,13,11,-7,-47,7,42,0,0,0,-93,-33,10,None
0,-114,8,13,11,-7,-47,7,42,0,0,0,-58,-36,14,None
0,-30,7,7,19,-19,-20,-44,-104,0,0,0,-58,-36,14,None
0,-27,-11,13,-3,-4,-3,3,-42,0,0,0,-58,-36,14,None
0,38,11,2,-5,36,-14,-14,-7,0,0,0,-58,-36,14,None
0,-55,-12,32,0,5,26,10,-23,0,0,0,-58,-36,14,None
0,-55,-12,32,0,5,26,10,-23,0,0,0,-58,-36,14,None
0,-55,-12,32,0,5,26,10,-23,0,0,0,-47,-55,14,None
0,-11,-11,-43,-11,-23,-29,-8,22,0,0,0,-47,-55,14,None
0,24,-1,-4,-1,-31,36,-7,-72,0,0,0,-47,-55,14,None
0,-55,7,-14,-21,12,20,45,80,0,0,0,-47,-55,14,None
0,17,4,10,15,1,-3,-20,-68,0,0,0,-47,-55,14,None
0,17,4,10,15,1,-3,-20,-68,0,0,0,-47,-55,14,None
0,17,4,10,15,1,-3,-20,-68,0,0,0,-66,-33,9,None
0,-16,-10,-38,-12,-26,7,-7,3,0,0,0,-66,-33,9,None
0,25,2,16,-6,-8,7,10,13,0,0,0,-66,-33,9,None
0,-36,2,13,-7,10,23,15,16,0,0,0,-66,-33,9,None
0,14,-1,-1,14,9,-14,-21,-44,0,0,0,-66,-33,9,None
0,14,-1,-1,14,9,-14,-21,-44,0,0,0,-66,-33,9,None
0,14,-1,-1,14,9,-14,-21,-44,0,0,0,-92,-55,17,None
0,22,0,-9,-11,-1,4,-1,12,0,0,0,-92,-55,17,None
0,-12,-2,14,-1,5,15,9,-3,0,0,0,-92,-55,17,None
0,-8,2,-21,-12,7,-1,4,3,0,0,0,-92,-55,17,None
0,8,2,7,3,12,0,-13,-38,0,0,0,-92,-55,17,None
0,8,2,7,3,12,0,-13,-38,0,0,0,-92,-55,17,None
0,8,2,7,3,12,0,-13,-38,0,0,0,-74,-52,14,None
0,-15,-3,-17,-16,-18,-1,10,38,0,0,0,-74,-52,14,None
0,8,1,8,10,4,12,-5,-19,0,0,0,-74,-52,14,None
0,-18,-1,-11,-2,-1,14,7,9,0,0,0,-74,-52,14,None
0,10,2,8,4,-2,-10,-4,-3,0,0,0,-74,-52,14,None
0,10,2,8,4,-2,-10,-4,-3,0,0,0,-74,-52,14,None
0,10,2,8,4,-2,-10,-4,-3,0,0,0,-76,-24,17,None
0,-12,-3,-5,15,33,-4,-4,3,0,0,0,-76,-24,17,None
0,5,0,1,17,-27,-4,-6,-14,0,0,0,-76,-24,17,None
0,1,-1,3,6,9,13,4,4,0,0,0,-76,-24,17,None
0,-3,4,4,-9,11,2,-3,0,0,0,0,-76,-24,17,None
0,-3,4,4,-9,11,2,-3,0,0,0,0,-76,-24,17,None
0,-3,4,4,-9,11,2,-3,0,0,0,0,-87,-20,16,None
0,4,14,-19,-24,-1,-4,-4,0,0,0,0,-87,-20,16,None
0,0,-22,3,0,-32,4,-11,-17,0,0,0,-87,-20,16,None
0,-4,28,-1,8,60,-1,3,3,0,0,0,-87,-20,16,None
0,-9,-36,-3,9,-38,1,5,-18,0,0,0,-87,-20,16,None
0,-9,-36,-3,9,-38,1,5,-18,0,0,0,-87,-20,16,None
0,-9,-36,-3,9,-38,1,5,-18,0,0,0,-75,-32,19,None
0,-3,-9,-8,3,-10,2,6,7,0,0,0,-75,-32,19,None
0,5,9,-1,-23,-13,2,5,10,0,0,0,-75,-32,19,None
0,-5,4,2,38,3,1,-5,1,0,0,0,-75,-32,19,None
0,5,6,-8,-94,-24,-8,-13,-12,0,0,0,-75,-32,19,None
0,5,6,-8,-94,-24,-8,-13,-12,0,0,0,-75,-32,19,None
0,5,6,-8,-94,-24,-8,-13,-12,0,0,0,-63,-48,20,None
0,-1,2,2,83,31,-9,-6,-1,0,0,0,-63,-48,20,None
0,-4,0,0,-54,21,4,1,-4,0,0,0,-63,-48,20,None
0,-7,-9,-7,6,-13,5,3,7,0,0,0,-63,-48,20,None
0,2,13,3,-11,17,6,-2,-7,0,0,0,-63,-48,20,None
0,2,13,3,-11,17,6,-2,-7,0,0,0,-63,-48,20,None
0,2,13,3,-11,17,6,-2,-7,0,0,0,-63,-51,19,None
0,-3,-4,-4,15,-6,4,1,11,0,0,0,-63,-51,19,None
0,2,8,-5,-63,-91,-7,-2,-4,0,0,0,-63,-51,19,None
0,-9,-8,0,45,60,9,3,3,0,0,0,-63,-51,19,None
0,-1,2,2,35,-1,-18,-3,-3,0,0,0,-63,-51,19,None
0,-1,2,2,35,-1,-18,-3,-3,0,0,0,-63,-51,19,None
0,-1,2,2,35,-1,-18,-3,-3,0,0,0,-68,-47,18,None
0,-3,-1,-6,-37,-13,-1,-3,-4,0,0,0,-68,-47,18,None
0,3,-1,1,37,44,12,1,-2,0,0,0,-68,-47,18,None
0,0,4,-4,-53,-42,0,5,9,0,0,0,-68,-47,18,None
0,0,2,1,12,-2,-4,-3,-4,0,0,0,-68,-47,18,None
0,0,2,1,12,-2,-4,-3,-4,0,0,0,-68,-47,18,None
0,0,2,1,12,-2,-4,-3,-4,0,0,0,-66,-44,17,None
0,-1,-3,-7,-12,-15,-8,-5,-4,0,0,0,-66,-44,17,None
0,2,5,2,7,34,3,-1,-1,0,0,0,-66,-44,17,None
0,-3,-3,-6,-21,-30,2,2,3,0,0,0,-66,-44,17,None
0,0,3,1,23,20,-1,-4,-6,0,0,0,-66,-44,17,None
0,0,3,1,23,20,-1,-4,-6,0,0,0,-66,-44,17,None
0,0,3,1,23,20,-1,-4,-6,0,0,0,-64,-52,19,None
0,-1,-1,-4,-12,-3,-1,-10,2,0,0,0,-64,-52,19,None
0,2,4,2,8,11,2,20,7,0,0,0,-64,-52,19,None
0,-5,-4,-7,-9,-5,1,-6,3,0,0,0,-64,-52,19,None
0,1,3,2,15,4,-3,3,-1,0,0,0,-64,-52,19,None
0,1,3,2,15,4,-3,3,-1,0,0,0,-64,-52,19,None
0,1,3,2,15,4,-3,3,-1,0,0,0,-64,-58,19,None
0,5,8,-2,-18,-6,3,1,-2,0,0,0,-64,-58,19,None
0,-6,-22,-3,11,10,-1,-5,-15,0,0,0,-64,-58,19,None
0,-3,1,-1,-7,-4,-8,-7,6,0,0,0,-64,-58,19,None
0,2,6,-1,2,-1,6,11,8,0,0,0,-64,-58,19,None
0,2,6,-1,2,-1,6,11,8,0,0,0,-64,-58,19,None
0,2,6,-1,2,-1,6,11,8,0,0,0,-60,-64,17,None
0,0,3,-6,-11,-6,-1,-1,-12,0,0,0,-60,-64,17,None
0,0,23,1,13,10,-3,0,1,0,0,0,-60,-64,17,None
0,-5,-25,-3,-8,-6,-3,-2,-6,0,0,0,-60,-64,17,None
0,-2,-4,-3,3,5,1,-5,-2,0,0,0,-60,-64,17,None
0,-2,-4,-3,3,5,1,-5,-2,0,0,0,-60,-64,17,None
0,-2,-4,-3,3,5,1,-5,-2,0,0,0,-53,-68,18,None
0,-2,4,1,-6,-5,-2,-3,-1,0,0,0,-53,-68,18,None
0,-1,-2,-6,14,8,-1,-5,1,0,0,0,-53,-68,18,None
0,0,6,-2,-9,-2,-1,6,-4,0,0,0,-53,-68,18,None
0,3,10,1,3,2,0,-3,3,0,0,0,-53,-68,18,None
0,3,10,1,3,2,0,-3,3,0,0,0,-53,-68,18,None
0,3,10,1,3,2,0,-3,3,0,0,0,-49,-72,18,None
0,-3,-10,-1,-4,0,1,3,4,0,0,0,-49,-72,18,None
0,0,3,0,-1,5,-1,-6,-6,0,0,0,-49,-72,18,None
0,-3,1,-1,-7,-5,-3,1,3,0,0,0,-49,-72,18,None
0,-2,-4,0,6,2,-3,-3,-4,0,0,0,-49,-72,18,None
0,-2,-4,0,6,2,-3,-3,-4,0,0,0,-49,-72,18,None
0,-2,-4,0,6,2,-3,-3,-4,0,0,0,-50,-79,16,None
0,-2,-1,-3,-3,2,4,4,3,0,0,0,-50,-79,16,None
0,-4,-3,1,-1,1,-1,-3,-1,0,0,0,-50,-79,16,None
0,0,7,-1,-1,-3,-2,-1,-3,0,0,0,-50,-79,16,None
0,-2,-2,-2,2,-2,-4,-4,-3,0,0,0,-50,-79,16,None
0,-2,-2,-2,2,-2,-4,-4,-3,0,0,0,-50,-79,16,None
0,-2,-2,-2,2,-2,-4,-4,-3,0,0,0,-48,-84,14,None
0,-1,-3,-1,-3,0,-1,-3,-2,0,0,0,-48,-84,14,None
0,0,3,-4,2,3,0,-1,-1,0,0,0,-48,-84,14,None
0,0,0,-2,0,0,-1,1,1,0,0,0,-48,-84,14,None
0,-3,2,-2,1,2,-1,-3,-5,0,0,0,-48,-84,14,None
0,-3,2,-2,1,2,-1,-3,-5,0,0,0,-48,-84,14,None
0,-3,2,-2,1,2,-1,-3,-5,0,0,0,-43,-87,17,None
0,-3,-5,-1,-2,-3,-3,-3,2,0,0,0,-43,-87,17,None
0,-2,-3,0,2,0,-3,-3,-1,0,0,0,-43,-87,17,None
0,-1,4,0,-1,-1,-1,-1,-3,0,0,0,-43,-87,17,None
0,-1,-1,-1,3,3,1,-1,-2,0,0,0,-43,-87,17,None
0,-1,-1,-1,3,3,1,-1,-2,0,0,0,-43,-87,17,None
0,-1,-1,-1,3,3,1,-1,-2,0,0,0,-39,-90,18,None
0,-1,1,-3,1,1,-1,-2,-1,0,0,0,-39,-90,18,None
0,-1,-1,-1,-2,1,-2,-2,-1,0,0,0,-39,-90,18,None
0,-1,-1,-2,-8,-2,-1,1,-2,0,0,0,-39,-90,18,None
0,-1,3,-2,-8,-3,-4,-3,-2,0,0,0,-39,-90,18,None
0,-1,3,-2,-8,-3,-4,-3,-2,0,0,0,-39,-90,18,None
0,-1,3,-2,-8,-3,-4,-3,-2,0,0,0,-42,-87,14,None
0,-3,-3,-2,9,7,4,1,-1,0,0,0,-42,-87,14,None
0,0,0,-2,9,2,-2,-2,-3,0,0,0,-42,-87,14,None
0,0,2,-1,6,-3,-1,0,0,0,0,0,-42,-87,14,None
0,-1,0,-3,-19,-3,-1,-4,-1,0,0,0,-42,-87,14,None
0,-1,0,-3,-19,-3,-1,-4,-1,0,0,0,-42,-87,14,None
0,-1,0,-3,-19,-3,-1,-4,-1,0,0,0,-42,-88,18,None
0,-2,-1,-3,-4,-4,-8,-4,-3,0,0,0,-42,-88,18,None
0,-2,0,-2,-41,6,2,0,-1,0,0,0,-42,-88,18,None
0,-3,1,0,25,3,6,-4,-3,0,0,0,-42,-88,18,None
0,1,0,-1,28,8,1,0,-1,0,0,0,-42,-88,18,None
0,1,0,-1,28,8,1,0,-1,0,0,0,-42,-88,18,None
0,1,0,-1,28,8,1,0,-1,0,0,0,-36,-100,17,None
0,-1,-1,-2,-3,-5,-2,-2,-2,0,0,0,-36,-100,17,None
0,-1,1,-2,19,-2,-4,-2,-3,0,0,0,-36,-100,17,None
0,0,1,0,-18,-3,-3,-3,-2,0,0,0,-36,-100,17,None
0,-1,-1,-4,16,3,-1,-2,-1,0,0,0,-36,-100,17,None
0,-1,-1,-4,16,3,-1,-2,-1,0,0,0,-36,-100,17,None
0,-1,-1,-4,16,3,-1,-2,-1,0,0,0,-30,-105,13,None
0,-3,-2,-1,22,0,-4,-3,-2,0,0,0,-30,-105,13,None
0,1,1,-3,-43,-19,-1,0,1,0,0,0,-30,-105,13,None
0,-2,-2,-7,-63,-1,-3,-2,-2,0,0,0,-30,-105,13,None
0,-4,-4,0,42,6,14,-2,-2,0,0,0,-30,-105,13,None
0,-4,-4,0,42,6,14,-2,-2,0,0,0,-30,-105,13,None
0,-4,-4,0,42,6,14,-2,-2,0,0,0,-20,-104,12,None
0,-1,-1,-3,20,-4,-7,-2,-1,0,0,0,-20,-104,12,None
0,-2,2,2,25,1,-8,-8,-5,0,0,0,-20,-104,12,None
0,3,5,4,71,28,21,13,6,0,0,0,-20,-104,12,None
0,1,2,-7,-94,-28,-19,-3,1,0,0,0,-20,-104,12,None
0,1,2,-7,-94,-28,-19,-3,1,0,0,0,-20,-104,12,None
0,1,2,-7,-94,-28,-19,-3,1,0,0,0,-6,-103,17,None
0,-2,-3,-6,30,59,13,0,-2,0,0,0,-6,-103,17,None
0,-3,-2,0,2,-39,0,3,1,0,0,0,-6,-103,17,None
0,-3,0,5,41,44,12,0,-2,0,0,0,-6,-103,17,None
0,1,2,3,19,8,-8,-1,-1,0,0,0,-6,-103,17,None
0,1,2,3,19,8,-8,-1,-1,0,0,0,-6,-103,17,None
0,1,2,3,19,8,-8,-1,-1,0,0,0,3,-99,14,None
0,2,5,6,1,9,-11,-2,2,0,0,0,3,-99,14,None
0,-1,0,-13,-52,-13,2,-3,-3,0,0,0,3,-99,14,None
0,-3,2,-5,-1,-15,-10,-8,-2,0,0,0,3,-99,14,None
0,-4,-2,4,34,26,10,0,-3,0,0,0,3,-99,14,None
0,-4,-2,4,34,26,10,0,-3,0,0,0,3,-99,14,None
0,-4,-2,4,34,26,10,0,-3,0,0,0,12,-102,8,None
0,1,4,-1,29,-24,-2,1,3,0,0,0,12,-102,8,None
0,0,-2,-24,-9,-24,-7,-7,-4,0,0,0,12,-102,8,None
0,-2,-2,3,-68,-15,-14,-8,-2,0,0,0,12,-102,8,None
0,1,2,3,2,-37,4,1,0,0,0,0,12,-102,8,None
0,1,2,3,2,-37,4,1,0,0,0,0,12,-102,8,None
0,1,2,3,2,-37,4,1,0,0,0,0,12,-107,6,None
0,-2,-1,-3,0,62,-1,-4,-2,0,0,0,12,-107,6,None
0,-2,2,17,109,12,-2,1,0,0,0,0,12,-107,6,None
0,1,-2,-15,-74,-22,-8,-2,-1,0,0,0,12,-107,6,None
0,-2,1,-2,84,8,4,-3,-4,0,0,0,12,-107,6,None
0,-2,1,-2,84,8,4,-3,-4,0,0,0,12,-107,6,None
0,-2,1,-2,84,8,4,-3,-4,0,0,0,12,-112,3,None
0,-1,4,23,14,1,1,-1,0,0,0,0,12,-112,3,None
0,-2,-3,-8,-18,-38,-2,-3,1,0,0,0,12,-112,3,None
0,0,1,9,94,50,-7,-2,-2,0,0,0,12,-112,3,None
0,-3,-3,-16,-111,-28,-16,-2,-1,0,0,0,12,-112,3,None
0,-3,-3,-16,-111,-28,-16,-2,-1,0,0,0,12,-112,3,None
0,-3,-3,-16,-111,-28,-16,-2,-1,0,0,0,12,-111,-1,None
0,-1,0,-3,35,36,25,8,0,0,0,0,12,-111,-1,None
0,1,3,-1,-76,-15,0,-1,2,0,0,0,12,-111,-1,None
0,-1,2,6,53,-26,3,-3,-3,0,0,0,12,-111,-1,None
0,-1,-2,-46,-82,8,-5,6,-1,0,0,0,12,-111,-1,None
0,-1,-2,-46,-82,8,-5,6,-1,0,0,0,12,-111,-1,None
0,-1,-2,-46,-82,8,-5,6,-1,0,0,0,21,-122,-3,None
0,-7,-8,-16,-71,-40,-7,-8,-7,0,0,0,21,-122,-3,None
0,0,2,7,48,56,4,0,-1,0,0,0,21,-122,-3,None
0,0,2,4,-17,-3,5,3,0,0,0,0,21,-122,-3,None
0,-1,3,6,58,32,-1,-3,-3,0,0,0,21,-122,-3,None
0,-1,3,6,58,32,-1,-3,-3,0,0,0,21,-122,-3,None
0,-1,3,6,58,32,-1,-3,-3,0,0,0,31,-121,-2,None
0,2,0,-41,-49,-55,3,3,0,0,0,0,31,-121,-2,None
0,-1,1,13,44,45,-7,0,1,0,0,0,31,-121,-2,None
0,-5,-1,26,63,13,2,-2,-3,0,0,0,31,-121,-2,None
0,-1,0,-1,32,-28,6,-1,-3,0,0,0,31,-121,-2,None
0,-1,0,-1,32,-28,6,-1,-3,0,0,0,31,-121,-2,None
0,-1,0,-1,32,-28,6,-1,-3,0,0,0,34,-108,-2,None
0,1,6,11,-15,-22,-4,2,1,0,0,0,34,-108,-2,None
0,0,-1,4,5,3,-6,-2,-3,0,0,0,34,-108,-2,None
0,0,3,-2,-13,-36,-1,0,-1,0,0,0,34,-108,-2,None
0,1,2,19,28,59,1,-3,1,0,0,0,34,-108,-2,None
0,1,2,19,28,59,1,-3,1,0,0,0,34,-108,-2,None
0,1,2,19,28,59,1,-3,1,0,0,0,39,-94,0,None
0,-2,0,9,39,-5,5,1,-1,0,0,0,39,-94,0,None
0,0,1,4,-6,-65,-4,0,-2,0,0,0,39,-94,0,None
0,-2,-1,-12,-64,28,-7,-4,-2,0,0,0,39,-94,0,None
0,-1,2,-2,36,-17,-1,-2,-1,0,0,0,39,-94,0,None
0,-1,2,-2,36,-17,-1,-2,-1,0,0,0,39,-94,0,None
0,-1,2,-2,36,-17,-1,-2,-1,0,0,0,48,-100,0,None
0,-2,0,1,14,60,-5,-5,-3,0,0,0,48,-100,0,None
0,-5,-6,-32,-7,-1,3,2,-2,0,0,0,48,-100,0,None
0,-2,-1,-15,-13,-44,2,-1,-2,0,0,0,48,-100,0,None
0,-4,-5,-6,-32,8,-3,-4,-3,0,0,0,48,-100,0,None
0,-4,-5,-6,-32,8,-3,-4,-3,0,0,0,48,-100,0,None
0,-4,-5,-6,-32,8,-3,-4,-3,0,0,0,52,-108,-3,None
0,2,2,29,27,-7,-5,-2,-1,0,0,0,52,-108,-3,None
0,-2,-1,-19,-68,-1,-5,-4,-5,0,0,0,52,-108,-3,None
0,-1,1,6,16,13,-3,-2,-1,0,0,0,52,-108,-3,None
0,-1,-2,-51,-8,-34,-4,-1,-1,0,0,0,52,-108,-3,None
0,-1,-2,-51,-8,-34,-4,-1,-1,0,0,0,52,-108,-3,None
0,-1,-2,-51,-8,-34,-4,-1,-1,0,0,0,54,-101,-4,None
0,-3,-3,-5,-26,0,-4,-3,-4,0,0,0,54,-101,-4,None
0,-1,1,5,-21,-28,7,-1,-1,0,0,0,54,-101,-4,None
0,1,6,-20,-16,48,-5,-1,-1,0,0,0,54,-101,-4,None
0,-1,-16,20,0,-16,0,0,-1,0,0,0,54,-101,-4,None
0,-1,-16,20,0,-16,0,0,-1,0,0,0,54,-101,-4,None
0,-1,-16,20,0,-16,0,0,-1,0,0,0,51,-98,-7,None
0,-1,27,-6,4,-26,-1,0,-1,0,0,0,51,-98,-7,None
0,-5,-52,-1,-28,10,-2,0,-2,0,0,0,51,-98,-7,None
0,-4,-8,-3,-34,-10,1,-1,0,0,0,0,51,-98,-7,None
0,1,9,17,-5,17,2,-2,-2,0,0,0,51,-98,-7,None
0,1,9,17,-5,17,2,-2,-2,0,0,0,51,-98,-7,None
0,1,9,17,-5,17,2,-2,-2,0,0,0,56,-96,-5,None
0,0,-4,-9,-7,0,-4,-1,0,0,0,0,56,-96,-5,None
0,-4,19,7,18,15,1,1,-1,0,0,0,56,-96,-5,None
0,-1,0,-2,5,-28,-3,-2,-1,0,0,0,56,-96,-5,None
0,2,18,4,-4,32,-1,-1,-1,0,0,0,56,-96,-5,None
0,2,18,4,-4,32,-1,-1,-1,0,0,0,56,-96,-5,None
0,2,18,4,-4,32,-1,-1,-1,0,0,0,61,-97,-6,None
0,-4,-20,-9,-14,1,-3,-3,-3,0,0,0,61,-97,-6,None
0,2,12,4,30,15,4,-1,-2,0,0,0,61,-97,-6,None
0,0,-7,-7,3,-4,-4,-2,-1,0,0,0,61,-97,-6,None
0,2,31,-1,-4,-3,0,-2,-2,0,0,0,61,-97,-6,None
0,2,31,-1,-4,-3,0,-2,-2,0,0,0,61,-97,-6,None
0,2,31,-1,-4,-3,0,-2,-2,0,0,0,62,-97,-5,None
0,1,-1,8,3,-24,-2,-2,-1,0,0,0,62,-97,-5,None
0,2,9,1,15,41,1,0,0,0,0,0,62,-97,-5,None
0,-4,-8,-10,4,15,-1,-2,-4,0,0,0,62,-97,-5,None
0,-2,-4,4,-24,-17,-3,-2,-3,0,0,0,62,-97,-5,None
0,-2,-4,4,-24,-17,-3,-2,-3,0,0,0,62,-97,-5,None
0,-2,-4,4,-24,-17,-3,-2,-3,0,0,0,64,-95,-4,None
0,-2,3,-2,-19,-23,-4,-1,-2,0,0,0,64,-95,-4,None
0,-2,-1,-2,20,23,1,0,-1,0,0,0,64,-95,-4,None
0,5,13,-5,-6,-15,0,1,0,0,0,0,64,-95,-4,None
0,-3,-5,13,11,3,2,1,0,0,0,0,64,-95,-4,None
0,-3,-5,13,11,3,2,1,0,0,0,0,64,-95,-4,None
0,-3,-5,13,11,3,2,1,0,0,0,0,66,-93,-3,None
0,-2,-6,-11,-1,-6,-4,-4,-2,0,0,0,66,-93,-3,None
0,1,7,-4,8,-6,-2,-4,-2,0,0,0,66,-93,-3,None
0,-3,-3,0,-18,22,1,-1,-2,0,0,0,66,-93,-3,None
0,-3,-8,2,12,-8,-2,-2,-2,0,0,0,66,-93,-3,None
0,-3,-8,2,12,-8,-2,-2,-2,0,0,0,66,-93,-3,None
0,-3,-8,2,12,-8,-2,-2,-2,0,0,0,62,-85,-3,None
0,1,10,-6,-2,8,0,-2,-2,0,0,0,62,-85,-3,None
0,-1,7,-2,-2,-5,-2,-2,-2,0,0,0,62,-85,-3,None
0,0,2,5,16,-3,0,1,1,0,0,0,62,-85,-3,None
0,-5,-14,-20,-17,7,-1,-3,-4,0,0,0,62,-85,-3,None
0,-5,-14,-20,-17,7,-1,-3,-4,0,0,0,62,-85,-3,None
0,-5,-14,-20,-17,7,-1,-3,-4,0,0,0,57,-79,-3,None
0,0,8,-1,-15,5,-2,0,0,0,0,0,57,-79,-3,None
0,0,3,4,9,14,0,-1,-2,0,0,0,57,-79,-3,None
0,-3,0,-2,10,-5,-1,-1,-1,0,0,0,57,-79,-3,None
0,0,5,2,3,-1,0,-1,0,0,0,0,57,-79,-3,None
0,0,5,2,3,-1,0,-1,0,0,0,0,57,-79,-3,None
0,0,5,2,3,-1,0,-1,0,0,0,0,58,-79,-5,None
0,-2,-4,-4,-15,-5,-1,-1,-1,0,0,0,58,-79,-5,None
0,2,21,-4,17,5,0,-1,-2,0,0,0,58,-79,-5,None
0,-1,-6,1,8,1,-2,-2,-2,0,0,0,58,-79,-5,None
0,-3,-20,-3,-23,-2,-1,0,-1,0,0,0,58,-79,-5,None
0,-3,-20,-3,-23,-2,-1,0,-1,0,0,0,58,-79,-5,None
0,-3,-20,-3,-23,-2,-1,0,-1,0,0,0,60,-80,-7,None
0,-4,-3,-4,-8,-29,-3,-3,-2,0,0,0,60,-80,-7,None
0,-2,-1,2,14,32,0,-2,-1,0,0,0,60,-80,-7,None
0,-3,5,-5,-13,-12,-3,-2,-2,0,0,0,60,-80,-7,None
0,1,4,0,0,1,0,-1,-2,0,0,0,60,-80,-7,None
0,1,4,0,0,1,0,-1,-2,0,0,0,60,-80,-7,None
0,1,4,0,0,1,0,-1,-2,0,0,0,61,-80,-9,None
0,-2,0,-1,0,3,2,0,0,0,0,0,61,-80,-9,None
0,-5,-5,-3,-5,-13,-1,-2,-1,0,0,0,61,-80,-9,None
0,-2,3,1,5,1,-4,-2,-2,0,0,0,61,-80,-9,None
0,1,-5,-2,-2,1,0,0,1,0,0,0,61,-80,-9,None
0,1,-5,-2,-2,1,0,0,1,0,0,0,61,-80,-9,None
0,1,-5,-2,-2,1,0,0,1,0,0,0,61,-78,-10,None
0,1,-9,-10,16,8,-4,-2,-2,0,0,0,61,-78,-10,None
0,-3,-2,-3,-18,-34,-2,-1,-3,0,0,0,61,-78,-10,None
0,-2,-2,-3,11,61,-3,-3,-4,0,0,0,61,-78,-10,None
0,0,4,4,3,-15,-2,-2,-1,0,0,0,61,-78,-10,None
0,0,4,4,3,-15,-2,-2,-1,0,0,0,61,-78,-10,None
0,0,4,4,3,-15,-2,-2,-1,0,0,0,58,-80,-11,None
0,0,1,1,-6,3,0,0,-1,0,0,0,58,-80,-11,None
0,-2,-4,0,2,1,0,-1,1,0,0,0,58,-80,-11,None
0,0,-1,-7,-5,-23,-3,-4,-2,0,0,0,58,-80,-11,None
0,-3,2,-1,-1,4,0,-2,-2,0,0,0,58,-80,-11,None
0,-3,2,-1,-1,4,0,-2,-2,0,0,0,58,-80,-11,None
0,-3,2,-1,-1,4,0,-2,-2,0,0,0,52,-81,-10,None
0,2,40,-9,3,10,-1,-1,1,0,0,0,52,-81,-10,None
0,-1,-3,15,15,6,2,-1,-2,0,0,0,52,-81,-10,None
0,-2,-1,-9,-55,-31,-2,-1,-1,0,0,0,52,-81,-10,None
0,-2,11,1,17,10,-2,-3,-3,0,0,0,52,-81,-10,None
0,-2,11,1,17,10,-2,-3,-3,0,0,0,52,-81,-10,None
0,-2,11,1,17,10,-2,-3,-3,0,0,0,51,-82,-11,None
0,-2,-14,-1,-2,-3,0,-2,-2,0,0,0,51,-82,-11,None
0,-1,2,-5,10,10,0,-2,-2,0,0,0,51,-82,-11,None
0,1,2,-2,9,-7,1,0,-1,0,0,0,51,-82,-11,None
0,-2,10,-1,-3,0,-1,0,-3,0,0,0,51,-82,-11,None
0,-2,10,-1,-3,0,-1,0,-3,0,0,0,51,-82,-11,None
0,-2,10,-1,-3,0,-1,0,-3,0,0,0,51,-82,-10,None
0,-2,-7,0,3,4,0,-1,0,0,0,0,51,-82,-10,None
0,0,-2,-4,-5,1,-3,-1,-1,0,0,0,51,-82,-10,None
0,-1,-5,-3,4,-3,0,0,-1,0,0,0,51,-82,-10,None
0,1,-5,-2,-3,-4,-3,-2,0,0,0,0,51,-82,-10,None
0,1,-5,-2,-3,-4,-3,-2,0,0,0,0,51,-82,-10,None
0,1,-5,-2,-3,-4,-3,-2,0,0,0,0,52,-81,-10,None
0,-3,-5,3,0,-5,-2,-2,-2,0,0,0,52,-81,-10,None
0,0,-4,-3,-4,12,0,-2,0,0,0,0,52,-81,-10,None
0,-3,8,-3,11,22,-1,0,-1,0,0,0,52,-81,-10,None
0,-2,-3,1,9,8,1,0,-2,0,0,0,52,-81,-10,None
0,-2,-3,1,9,8,1,0,-2,0,0,0,52,-81,-10,None
0,-2,-3,1,9,8,1,0,-2,0,0,0,53,-81,-11,None
0,0,-5,2,2,-1,-2,-1,-2,0,0,0,53,-81,-11,None
0,-1,5,-3,-8,-7,-3,-2,0,0,0,0,53,-81,-11,None
0,-3,-3,-2,8,-14,0,-1,1,0,0,0,53,-81,-11,None
0,1,0,2,-12,1,-2,-1,-1,0,0,0,53,-81,-11,None
0,1,0,2,-12,1,-2,-1,-1,0,0,0,53,-81,-11,None
0,1,0,2,-12,1,-2,-1,-1,0,0,0,53,-81,-10,None
0,-3,4,-2,-9,-13,0,0,-3,0,0,0,53,-81,-10,None
0,-2,0,-3,22,21,-1,-2,-3,0,0,0,53,-81,-10,None
0,0,-1,-2,8,-4,-2,-2,-1,0,0,0,53,-81,-10,None
0,-4,-7,-5,-10,-4,0,-2,-1,0,0,0,53,-81,-10,None
0,-4,-7,-5,-10,-4,0,-2,-1,0,0,0,53,-81,-10,None
0,-4,-7,-5,-10,-4,0,-2,-1,0,0,0,53,-82,-10,None
0,-2,8,1,-6,1,2,-1,-1,0,0,0,53,-82,-10,None
0,-1,-1,-1,-2,-3,0,0,-2,0,0,0,53,-82,-10,None
0,-1,-1,-3,-3,-6,-2,-1,-1,0,0,0,53,-82,-10,None
0,0,8,-1,3,-1,-3,-2,-2,0,0,0,53,-82,-10,None
0,0,8,-1,3,-1,-3,-2,-2,0,0,0,53,-82,-10,None
0,0,8,-1,3,-1,-3,-2,-2,0,0,0,53,-83,-9,None
0,2,10,-1,4,4,-2,0,-1,0,0,0,53,-83,-9,None
0,-4,-22,-4,-10,-9,-3,-4,-1,0,0,0,53,-83,-9,None
0,1,-1,4,14,15,-2,-2,-3,0,0,0,53,-83,-9,None
0,-2,-2,-5,0,-8,-2,-3,-2,0,0,0,53,-83,-9,None
0,-2,-2,-5,0,-8,-2,-3,-2,0,0,0,53,-83,-9,None
0,-2,-2,-5,0,-8,-2,-3,-2,0,0,0,54,-84,-9,None
0,-1,-1,0,0,6,-1,-1,0,0,0,0,54,-84,-9,None
0,-2,3,-5,-6,-2,-3,-1,0,0,0,0,54,-84,-9,None
0,-1,6,-2,0,-9,-1,-2,-2,0,0,0,54,-84,-9,None
0,0,-2,-3,3,5,0,1,0,0,0,0,54,-84,-9,None
0,0,-2,-3,3,5,0,1,0,0,0,0,54,-84,-9,None
0,0,-2,-3,3,5,0,1,0,0,0,0,54,-84,-9,None
0,-6,-11,-5,-7,-4,-4,-4,-2,0,0,0,54,-84,-9,None
0,0,13,5,-9,12,4,0,-1,0,0,0,54,-84,-9,None
0,1,7,-3,-19,-5,-2,-3,-2,0,0,0,54,-84,-9,None
0,-7,-32,-1,11,15,-2,-2,-2,0,0,0,54,-84,-9,None
0,-7,-32,-1,11,15,-2,-2,-2,0,0,0,54,-84,-9,None
0,-7,-32,-1,11,15,-2,-2,-2,0,0,0,55,-85,-10,None
0,-1,-6,-5,-3,0,-1,0,-1,0,0,0,55,-85,-10,None
0,0,0,-5,-2,-11,-2,-2,-1,0,0,0,55,-85,-10,None
0,-1,2,2,2,0,-1,-1,-1,0,0,0,55,-85,-10,None
0,0,9,4,-3,-10,-1,-1,-1,0,0,0,55,-85,-10,None
0,0,9,4,-3,-10,-1,-1,-1,0,0,0,55,-85,-10,None
0,0,9,4,-3,-10,-1,-1,-1,0,0,0,56,-84,-9,None
0,2,-1,-9,1,4,0,-1,0,0,0,0,56,-84,-9,None
0,-3,-9,3,8,5,-2,-2,-3,0,0,0,56,-84,-9,None
0,-2,3,-3,7,-7,-2,-2,-3,0,0,0,56,-84,-9,None
0,-2,-18,-3,-7,3,-3,-1,-1,0,0,0,56,-84,-9,None
0,-2,-18,-3,-7,3,-3,-1,-1,0,0,0,56,-84,-9,None
0,-2,-18,-3,-7,3,-3,-1,-1,0,0,0,55,-83,-9,None
0,-3,-4,1,-2,2,0,-1,-1,0,0,0,55,-83,-9,None
0,1,7,-2,-3,8,-2,0,0,0,0,0,55,-83,-9,None
0,-2,-6,-3,0,-5,2,-2,-1,0,0,0,55,-83,-9,None
0,2,10,-3,1,-4,-2,-2,-2,0,0,0,55,-83,-9,None
0,2,10,-3,1,-4,-2,-2,-2,0,0,0,55,-83,-9,None
0,2,10,-3,1,-4,-2,-2,-2,0,0,0,55,-82,-9,None
0,0,1,1,-3,6,-1,-2,-2,0,0,0,55,-82,-9,None
0,-3,9,-7,-8,-10,-1,-1,-2,0,0,0,55,-82,-9,None
0,1,-19,-2,4,-29,-1,0,1,0,0,0,55,-82,-9,None
0,-3,3,3,21,54,2,-2,-2,0,0,0,55,-82,-9,None
0,-3,3,3,21,54,2,-2,-2,0,0,0,55,-82,-9,None
0,-3,3,3,21,54,2,-2,-2,0,0,0,56,-82,-10,None
0,0,6,1,-1,11,-5,-1,-3,0,0,0,56,-82,-10,None
0,1,7,-3,-2,-4,0,-1,-1,0,0,0,56,-82,-10,None
0,-1,4,-2,-2,-8,-3,-3,-1,0,0,0,56,-82,-10,None
0,1,8,-3,-6,-19,-2,-2,-1,0,0,0,56,-82,-10,None
0,1,8,-3,-6,-19,-2,-2,-1,0,0,0,56,-82,-10,None
0,1,8,-3,-6,-19,-2,-2,-1,0,0,0,54,-82,-10,None
0,-2,-6,1,1,0,-1,-1,1,0,0,0,54,-82,-10,None
0,0,-2,-10,4,2,2,1,-1,0,0,0,54,-82,-10,None
0,-1,8,-12,7,4,-2,0,-2,0,0,0,54,-82,-10,None
0,1,5,6,0,-4,-3,-1,-2,0,0,0,54,-82,-10,None
0,1,5,6,0,-4,-3,-1,-2,0,0,0,54,-82,-10,None
0,1,5,6,0,-4,-3,-1,-2,0,0,0,54,-81,-10,None
0,-1,4,-3,-17,5,1,-3,-1,0,0,0,54,-81,-10,None
0,-3,-8,0,7,4,-3,-4,-2,0,0,0,54,-81,-10,None
0,-1,1,-2,-3,7,2,-1,-1,0,0,0,54,-81,-10,None
0,1,7,-6,-8,-7,0,0,0,0,0,0,54,-81,-10,None
0,1,7,-6,-8,-7,0,0,0,0,0,0,54,-81,-10,None
0,1,7,-6,-8,-7,0,0,0,0,0,0,53,-83,-11,None
0,0,-2,2,9,-14,-2,0,-1,0,0,0,53,-83,-11,None
0,-2,19,-5,-6,15,-1,-1,-1,0,0,0,53,-83,-11,None
0,-1,2,4,-8,2,-1,0,-2,0,0,0,53,-83,-11,None
0,-2,1,0,1,1,-1,-1,-1,0,0,0,53,-83,-11,None
0,-2,1,0,1,1,-1,-1,-1,0,0,0,53,-83,-11,None
0,-2,1,0,1,1,-1,-1,-1,0,0,0,53,-82,-11,None
0,-1,-3,2,-17,-5,-1,-2,-2,0,0,0,53,-82,-11,None
0,-3,-4,-11,1,-11,-3,-1,-2,0,0,0,53,-82,-11,None
0,-3,2,8,4,8,-2,-2,-2,0,0,0,53,-82,-11,None
0,-1,4,-5,-9,-3,0,-1,-1,0,0,0,53,-82,-11,None
0,-1,4,-5,-9,-3,0,-1,-1,0,0,0,53,-82,-11,None
0,-1,4,-5,-9,-3,0,-1,-1,0,0,0,52,-83,-11,None
0,-2,-13,-5,5,-2,0,-2,-1,0,0,0,52,-83,-11,None
0,2,2,1,2,4,-2,-3,-2,0,0,0,52,-83,-11,None
0,-4,0,-1,2,0,0,0,-2,0,0,0,52,-83,-11,None
0,-1,-3,-8,-4,-3,-2,-3,-4,0,0,0,52,-83,-11,None
0,-1,-3,-8,-4,-3,-2,-3,-4,0,0,0,52,-83,-11,None
0,-1,-3,-8,-4,-3,-2,-3,-4,0,0,0,53,-83,-12,None
0,-2,2,-2,3,6,-2,-1,-3,0,0,0,53,-83,-12,None
0,-1,-7,2,-3,-3,-1,-1,-2,0,0,0,53,-83,-12,None
0,1,-1,-2,-18,0,-2,-2,-2,0,0,0,53,-83,-12,None
0,-3,7,-2,-1,-6,-1,-1,2,0,0,0,53,-83,-12,None
0,-3,7,-2,-1,-6,-1,-1,2,0,0,0,53,-83,-12,None
0,-3,7,-2,-1,-6,-1,-1,2,0,0,0,52,-84,-11,None
0,-2,2,-5,8,4,1,0,-2,0,0,0,52,-84,-11,None
0,0,0,-2,-20,-10,-2,-1,-1,0,0,0,52,-84,-11,None
0,1,3,9,29,1,2,1,-1,0,0,0,52,-84,-11,None
0,2,-1,-6,-8,3,-6,-3,-3,0,0,0,52,-84,-11,None
0,2,-1,-6,-8,3,-6,-3,-3,0,0,0,52,-84,-11,None
0,2,-1,-6,-8,3,-6,-3,-3,0,0,0,52,-84,-11,None
0,0,-1,-1,-2,2,-2,-2,-2,0,0,0,52,-84,-11,None
0,1,-3,-1,-4,-5,-1,-2,-2,0,0,0,52,-84,-11,None
0,-1,-3,-3,-1,-2,-1,-1,-2,0,0,0,52,-84,-11,None
0,-2,-2,-2,-2,-5,0,0,-1,0,0,0,52,-84,-11,None
0,-2,-2,-2,-2,-5,0,0,-1,0,0,0,52,-84,-11,None
0,-2,-2,-2,-2,-5,0,0,-1,0,0,0,52,-86,-11,None
0,-2,0,-3,5,-1,-2,-3,-1,0,0,0,52,-86,-11,None
0,2,-6,-6,5,-3,-2,-2,-2,0,0,0,52,-86,-11,None
0,-3,17,1,-13,5,0,-2,-3,0,0,0,52,-86,-11,None
0,4,20,8,26,5,0,0,0,0,0,0,52,-86,-11,None
0,4,20,8,26,5,0,0,0,0,0,0,52,-86,-11,None
0,4,20,8,26,5,0,0,0,0,0,0,53,-85,-10,None
0,1,-2,-5,-17,-23,-2,1,0,0,0,0,53,-85,-10,None
0,-5,-5,0,-7,49,5,-3,-4,0,0,0,53,-85,-10,None
0,0,0,-6,-5,-7,-4,-3,-1,0,0,0,53,-85,-10,None
0,-1,5,-3,-2,-6,-1,-1,-1,0,0,0,53,-85,-10,None
0,-1,5,-3,-2,-6,-1,-1,-1,0,0,0,53,-85,-10,None
0,-1,5,-3,-2,-6,-1,-1,-1,0,0,0,53,-84,-11,None
0,0,6,2,6,-3,0,-2,0,0,0,0,53,-84,-11,None
0,0,4,4,0,-9,-2,-1,0,0,0,0,53,-84,-11,None
0,-1,-2,-5,-2,8,-1,-1,-1,0,0,0,53,-84,-11,None
0,-2,-4,1,-19,-4,2,0,0,0,0,0,53,-84,-11,None
0,-2,-4,1,-19,-4,2,0,0,0,0,0,53,-84,-11,None
0,-2,-4,1,-19,-4,2,0,0,0,0,0,54,-84,-11,None
0,-2,-1,-14,-34,-5,-3,-2,-2,0,0,0,54,-84,-11,None
0,-4,-6,4,24,8,-2,-2,-3,0,0,0,54,-84,-11,None
0,-4,-2,-4,-3,12,0,-2,-2,0,0,0,54,-84,-11,None
0,-1,-5,-4,6,-6,0,-1,-2,0,0,0,54,-84,-11,None
0,-1,-5,-4,6,-6,0,-1,-2,0,0,0,54,-84,-11,None
0,-1,-5,-4,6,-6,0,-1,-2,0,0,0,55,-85,-11,None
0,-1,3,1,1,8,0,0,-1,0,0,0,55,-85,-11,None
0,-1,9,-3,-7,-10,-2,-2,-2,0,0,0,55,-85,-11,None
0,2,-4,-5,10,-2,-1,1,1,0,0,0,55,-85,-11,None
0,-4,-9,-1,-5,4,-2,-2,-2,0,0,0,55,-85,-11,None
0,-4,-9,-1,-5,4,-2,-2,-2,0,0,0,55,-85,-11,None
0,-4,-9,-1,-5,4,-2,-2,-2,0,0,0,55,-84,-11,None
0,0,6,7,10,2,1,0,-1,0,0,0,55,-84,-11,None
0,-1,2,-1,19,-7,-1,-1,0,0,0,0,55,-84,-11,None
0,-1,-6,-4,-9,1,-5,-4,-2,0,0,0,55,-84,-11,None
0,-4,-8,-5,-5,3,0,-3,-3,0,0,0,55,-84,-11,None
0,-4,-8,-5,-5,3,0,-3,-3,0,0,0,55,-84,-11,None
0,-4,-8,-5,-5,3,0,-3,-3,0,0,0,54,-83,-11,None
0,-1,2,-1,4,5,0,-1,-2,0,0,0,54,-83,-11,None
0,1,1,0,4,-9,-1,-1,-1,0,0,0,54,-83,-11,None
0,-1,0,-4,0,0,0,-1,0,0,0,0,54,-83,-11,None
0,2,11,-5,3,-2,-3,-1,0,0,0,0,54,-83,-11,None
0,2,11,-5,3,-2,-3,-1,0,0,0,0,54,-83,-11,None
0,2,11,-5,3,-2,-3,-1,0,0,0,0,53,-82,-11,None
0,-12,-26,3,0,8,-1,-3,-2,0,0,0,53,-82,-11,None
0,-2,-20,-3,-4,-11,-2,-1,-2,0,0,0,53,-82,-11,None
0,-4,-22,-7,-17,8,-2,-2,-1,0,0,0,53,-82,-11,None
0,-2,-2,-3,1,12,-2,-3,-2,0,0,0,53,-82,-11,None
0,-2,-2,-3,1,12,-2,-3,-2,0,0,0,53,-82,-11,None
0,-2,-2,-3,1,12,-2,-3,-2,0,0,0,53,-82,-13,None
0,1,8,-2,5,12,2,-1,-1,0,0,0,53,-82,-13,None
0,-2,1,-3,-10,-2,-2,-1,-1,0,0,0,53,-82,-13,None
0,-2,2,2,-7,-6,-1,-3,-2,0,0,0,53,-82,-13,None
0,0,-1,-3,-3,-8,0,0,0,0,0,0,53,-82,-13,None
0,0,-1,-3,-3,-8,0,0,0,0,0,0,53,-82,-13,None
0,0,-1,-3,-3,-8,0,0,0,0,0,0,54,-83,-13,None
0,-1,0,3,8,1,-2,-1,-2,0,0,0,54,-83,-13,None
0,-1,11,-3,-3,3,1,1,-1,0,0,0,54,-83,-13,None
0,2,7,4,8,-1,1,-1,-2,0,0,0,54,-83,-13,None
0,-3,1,-4,1,4,-2,-1,-1,0,0,0,54,-83,-13,None
0,-3,1,-4,1,4,-2,-1,-1,0,0,0,54,-83,-13,None
0,-3,1,-4,1,4,-2,-1,-1,0,0,0,53,-83,-13,None
0,-1,5,-1,-13,-3,-2,0,-2,0,0,0,53,-83,-13,None
0,-2,-1,-2,5,6,-2,-2,-3,0,0,0,53,-83,-13,None
0,-2,3,-4,-3,-1,-2,0,-1,0,0,0,53,-83,-13,None
0,-2,-4,-1,-2,-3,0,0,-1,0,0,0,53,-83,-13,None
0,-2,-4,-1,-2,-3,0,0,-1,0,0,0,53,-83,-13,None
0,-2,-4,-1,-2,-3,0,0,-1,0,0,0,52,-83,-13,None
0,-1,-2,4,7,-6,-1,-2,-1,0,0,0,52,-83,-13,None
0,-1,0,-1,-3,2,-3,-3,-1,0,0,0,52,-83,-13,None
0,3,20,-4,6,7,-2,-2,-2,0,0,0,52,-83,-13,None
0,-1,0,-3,-9,-2,-2,-2,-1,0,0,0,52,-83,-13,None
0,-1,0,-3,-9,-2,-2,-2,-1,0,0,0,52,-83,-13,None
0,-1,0,-3,-9,-2,-2,-2,-1,0,0,0,52,-84,-14,None
0,0,4,-4,6,8,0,-1,-1,0,0,0,52,-84,-14,None
0,0,4,1,9,-4,-2,-2,0,0,0,0,52,-84,-14,None
0,0,1,4,3,0,-1,-1,-3,0,0,0,52,-84,-14,None
0,-1,5,-12,-6,-7,-2,-3,-1,0,0,0,52,-84,-14,None
0,-1,5,-12,-6,-7,-2,-3,-1,0,0,0,52,-84,-14,None
0,-1,5,-12,-6,-7,-2,-3,-1,0,0,0,52,-84,-13,None
0,1,3,-5,10,-3,-2,-1,-1,0,0,0,52,-84,-13,None
0,-5,-22,-1,-4,5,-2,-5,-3,0,0,0,52,-84,-13,None
0,-3,-4,-5,-16,-1,-2,-2,-2,0,0,0,52,-84,-13,None
0,-1,-1,1,3,1,-1,-2,-2,0,0,0,52,-84,-13,None
0,-1,-1,1,3,1,-1,-2,-2,0,0,0,52,-84,-13,None
0,-1,-1,1,3,1,-1,-2,-2,0,0,0,52,-83,-13,None
0,-1,-5,-6,2,5,-1,0,1,0,0,0,52,-83,-13,None
0,0,7,-1,-10,-9,1,0,-1,0,0,0,52,-83,-13,None
0,-1,-2,-2,-2,-7,-2,-1,0,0,0,0,52,-83,-13,None
0,2,-6,6,17,8,0,-2,-2,0,0,0,52,-83,-13,None
0,2,-6,6,17,8,0,-2,-2,0,0,0,52,-83,-13,None
0,2,-6,6,17,8,0,-2,-2,0,0,0,52,-83,-12,None
0,-1,8,-1,-4,1,0,-1,-2,0,0,0,52,-83,-12,None
0,0,8,-3,2,11,1,0,-1,0,0,0,52,-83,-12,None
0,-3,-4,6,3,-3,-1,-1,-1,0,0,0,52,-83,-12,None
0,2,14,-1,1,-5,-1,0,-1,0,0,0,52,-83,-12,None
0,2,14,-1,1,-5,-1,0,-1,0,0,0,52,-83,-12,None
0,2,14,-1,1,-5,-1,0,-1,0,0,0,53,-83,-11,None
0,-9,-27,-4,1,-7,-4,-3,-3,0,0,0,53,-83,-11,None
0,-2,-23,-2,-3,0,1,1,-1,0,0,0,53,-83,-11,None
0,2,0,-5,3,-1,-2,-1,0,0,0,0,53,-83,-11,None
0,-5,-1,3,-14,3,-2,-1,-1,0,0,0,53,-83,-11,None
0,-5,-1,3,-14,3,-2,-1,-1,0,0,0,53,-83,-11,None
0,-5,-1,3,-14,3,-2,-1,-1,0,0,0,53,-83,-11,None
0,2,9,-1,15,6,-2,-1,1,0,0,0,53,-83,-11,None
