0,-3,1,-12,11,10,8,42,0,0,0,0,81,-126,-21,None
0,1,0,-6,-21,-3,37,13,5,0,0,0,81,-126,-21,None
0,-2,0,-7,0,35,-1,-22,-4,0,0,0,81,-126,-21,None
0,-2,0,-7,0,35,-1,-22,-4,0,0,0,81,-126,-21,None
0,-2,0,-7,0,35,-1,-22,-4,0,0,0,69,-128,-19,None
0,-1,1,9,2,24,-4,21,-2,0,0,0,69,-128,-19,None
0,-1,-3,-7,0,-4,29,-1,0,0,0,0,69,-128,-19,None
0,-3,-3,-12,-10,-80,-90,-44,-10,0,0,0,69,-128,-19,None
0,-3,-1,0,8,11,64,19,-2,0,0,0,69,-128,-19,None
0,-3,-1,0,8,11,64,19,-2,0,0,0,69,-128,-19,None
0,-3,-1,0,8,11,64,19,-2,0,0,0,50,-127,-14,None
0,1,1,-1,-1,-9,-25,-24,-3,0,0,0,50,-127,-14,None
0,-1,0,-7,-9,39,11,30,1,0,0,0,50,-127,-14,None
0,-1,0,6,11,23,8,-8,1,0,0,0,50,-127,-14,None
0,3,5,-7,-12,-18,-4,-14,0,0,0,0,50,-127,-14,None
0,3,5,-7,-12,-18,-4,-14,0,0,0,0,50,-127,-14,None
0,3,5,-7,-12,-18,-4,-14,0,0,0,0,34,-127,-6,None
0,-2,-1,-5,13,-1,39,33,-1,0,0,0,34,-127,-6,None
0,-1,0,-3,8,-4,-22,-30,-4,0,0,0,34,-127,-6,None
0,-2,0,8,-11,-9,-36,-16,-7,0,0,0,34,-127,-6,None
0,1,2,-1,-4,0,1,0,4,0,0,0,34,-127,-6,None
0,1,2,-1,-4,0,1,0,4,0,0,0,34,-127,-6,None
0,1,2,-1,-4,0,1,0,4,0,0,0,21,-131,-1,None
0,-1,1,1,2,-1,42,33,0,0,0,0,21,-131,-1,None
0,0,1,-2,15,-23,7,-18,1,0,0,0,21,-131,-1,None
0,-2,-1,-5,2,27,-15,9,-7,0,0,0,21,-131,-1,None
0,-2,0,-5,8,1,-20,-24,-6,0,0,0,21,-131,-1,None
0,-2,0,-5,8,1,-20,-24,-6,0,0,0,21,-131,-1,None
0,-2,0,-5,8,1,-20,-24,-6,0,0,0,5,-127,3,None
0,-1,-1,0,-15,-47,-22,1,0,0,0,0,5,-127,3,None
0,-2,-1,-6,18,12,27,12,1,0,0,0,5,-127,3,None
0,-3,0,-2,18,-25,-16,-20,-3,0,0,0,5,-127,3,None
0,-1,0,2,3,62,8,8,-3,0,0,0,5,-127,3,None
0,-1,0,2,3,62,8,8,-3,0,0,0,5,-127,3,None
0,-1,0,2,3,62,8,8,-3,0,0,0,-5,-117,8,None
0,1,3,0,13,-1,12,11,3,0,0,0,-5,-117,8,None
0,-3,-3,-7,-49,-25,-11,-17,-6,0,0,0,-5,-117,8,None
0,-3,0,-2,-17,-31,-5,-7,-3,0,0,0,-5,-117,8,None
0,0,1,0,25,19,24,12,3,0,0,0,-5,-117,8,None
0,0,1,0,25,19,24,12,3,0,0,0,-5,-117,8,None
0,0,1,0,25,19,24,12,3,0,0,0,-17,-108,11,None
0,3,4,2,-1,-9,18,11,2,0,0,0,-17,-108,11,None
0,-2,0,-1,44,38,-17,-17,0,0,0,0,-17,-108,11,None
0,-3,-2,-6,-24,-19,-25,-8,-8,0,0,0,-17,-108,11,None
0,0,1,-2,-24,20,23,12,4,0,0,0,-17,-108,11,None
0,0,1,-2,-24,20,23,12,4,0,0,0,-17,-108,11,None
0,0,1,-2,-24,20,23,12,4,0,0,0,-21,-101,12,None
0,-2,2,-2,4,34,-2,-9,-5,0,0,0,-21,-101,12,None
0,0,1,2,37,-15,-5,-5,-1,0,0,0,-21,-101,12,None
0,0,1,-2,-25,-29,8,4,1,0,0,0,-21,-101,12,None
0,0,1,0,4,19,-9,-5,-5,0,0,0,-21,-101,12,None
0,0,1,0,4,19,-9,-5,-5,0,0,0,-21,-101,12,None
0,0,1,0,4,19,-9,-5,-5,0,0,0,-24,-95,14,None
0,-2,0,-2,17,-48,9,6,3,0,0,0,-24,-95,14,None
0,-2,0,-4,19,26,-18,-16,-7,0,0,0,-24,-95,14,None
0,0,1,0,21,10,13,11,0,0,0,0,-24,-95,14,None
0,0,-1,-5,-34,-31,0,-2,-1,0,0,0,-24,-95,14,None
0,0,-1,-5,-34,-31,0,-2,-1,0,0,0,-24,-95,14,None
0,0,-1,-5,-34,-31,0,-2,-1,0,0,0,-27,-91,17,None
0,-4,-1,-5,-30,-69,-16,-8,-8,0,0,0,-27,-91,17,None
0,0,1,-2,37,48,-11,-9,-2,0,0,0,-27,-91,17,None
0,0,2,1,-30,56,13,-1,2,0,0,0,-27,-91,17,None
0,-7,-9,-10,2,16,-4,-2,-4,0,0,0,-27,-91,17,None
0,-7,-9,-10,2,16,-4,-2,-4,0,0,0,-27,-91,17,None
0,-7,-9,-10,2,16,-4,-2,-4,0,0,0,-32,-87,16,None
0,1,2,-1,3,-24,-1,0,0,0,0,0,-32,-87,16,None
0,-1,0,-1,-26,-33,-4,2,-1,0,0,0,-32,-87,16,None
0,3,5,9,56,17,-9,-2,-3,0,0,0,-32,-87,16,None
0,-4,-3,-1,18,-10,4,0,-3,0,0,0,-32,-87,16,None
0,-4,-3,-1,18,-10,4,0,-3,0,0,0,-32,-87,16,None
0,-4,-3,-1,18,-10,4,0,-3,0,0,0,-39,-80,16,None
0,-1,-4,-4,-17,22,10,1,-2,0,0,0,-39,-80,16,None
0,0,1,-5,-41,-18,1,-1,0,0,0,0,-39,-80,16,None
0,-2,-1,1,93,10,-1,-2,-1,0,0,0,-39,-80,16,None
0,0,4,-1,-22,-27,-4,-6,-3,0,0,0,-39,-80,16,None
0,0,4,-1,-22,-27,-4,-6,-3,0,0,0,-39,-80,16,None
0,0,4,-1,-22,-27,-4,-6,-3,0,0,0,-49,-78,11,None
0,-2,0,-4,-16,-9,-9,1,0,0,0,0,-49,-78,11,None
0,0,1,0,27,17,10,2,0,0,0,0,-49,-78,11,None
0,-4,-3,-6,-25,19,-7,-2,-2,0,0,0,-49,-78,11,None
0,3,7,12,69,11,6,3,5,0,0,0,-49,-78,11,None
0,3,7,12,69,11,6,3,5,0,0,0,-49,-78,11,None
0,3,7,12,69,11,6,3,5,0,0,0,-47,-77,7,None
0,-4,-5,-20,-66,-13,-20,-11,-7,0,0,0,-47,-77,7,None
0,-2,0,0,-10,-49,1,-2,-2,0,0,0,-47,-77,7,None
0,0,1,0,-26,-3,4,7,3,0,0,0,-47,-77,7,None
0,-1,1,-2,-29,-72,-2,-1,-4,0,0,0,-47,-77,7,None
0,-1,1,-2,-29,-72,-2,-1,-4,0,0,0,-47,-77,7,None
0,-1,1,-2,-29,-72,-2,-1,-4,0,0,0,-46,-72,6,None
0,-2,-1,5,47,73,-4,-1,2,0,0,0,-46,-72,6,None
0,4,17,2,-32,-90,-3,2,0,0,0,0,-46,-72,6,None
0,-13,-33,-12,-44,19,-9,-6,-5,0,0,0,-46,-72,6,None
0,3,22,-4,-18,20,13,6,4,0,0,0,-46,-72,6,None
0,3,22,-4,-18,20,13,6,4,0,0,0,-46,-72,6,None
0,3,22,-4,-18,20,13,6,4,0,0,0,-57,-64,4,None
0,-10,-59,-4,33,4,-7,-7,-5,0,0,0,-57,-64,4,None
0,1,-8,0,27,36,8,5,3,0,0,0,-57,-64,4,None
0,1,20,-1,-2,6,1,-2,-1,0,0,0,-57,-64,4,None
0,2,1,-9,-34,-36,-10,-7,-5,0,0,0,-57,-64,4,None
0,2,1,-9,-34,-36,-10,-7,-5,0,0,0,-57,-64,4,None
0,2,1,-9,-34,-36,-10,-7,-5,0,0,0,-60,-60,2,None
0,2,13,10,33,92,8,5,3,0,0,0,-60,-60,2,None
0,-9,-24,-7,12,28,-1,-3,-2,0,0,0,-60,-60,2,None
0,-2,-4,0,0,-15,-5,0,-2,0,0,0,-60,-60,2,None
0,-1,2,4,18,-8,1,-1,-1,0,0,0,-60,-60,2,None
0,-1,2,4,18,-8,1,-1,-1,0,0,0,-60,-60,2,None
0,-1,2,4,18,-8,1,-1,-1,0,0,0,-59,-58,4,None
0,3,23,1,-10,-41,-3,-3,-2,0,0,0,-59,-58,4,None
0,1,9,-10,-45,12,-12,-4,-3,0,0,0,-59,-58,4,None
0,2,9,4,3,25,4,2,1,0,0,0,-59,-58,4,None
0,-8,-40,-3,-17,-35,-3,1,-1,0,0,0,-59,-58,4,None
0,-8,-40,-3,-17,-35,-3,1,-1,0,0,0,-59,-58,4,None
0,-8,-40,-3,-17,-35,-3,1,-1,0,0,0,-62,-55,3,None
0,3,10,5,-6,12,-3,0,-1,0,0,0,-62,-55,3,None
0,-3,-5,-3,-12,-12,-4,-6,-2,0,0,0,-62,-55,3,None
0,2,3,-2,25,-13,6,6,3,0,0,0,-62,-55,3,None
0,-2,11,4,65,96,-4,-6,-4,0,0,0,-62,-55,3,None
0,-2,11,4,65,96,-4,-6,-4,0,0,0,-62,-55,3,None
0,-2,11,4,65,96,-4,-6,-4,0,0,0,-63,-52,4,None
0,0,-2,-13,-63,-23,-1,-2,0,0,0,0,-63,-52,4,None
0,-1,5,-5,-14,-22,-8,-3,-5,0,0,0,-63,-52,4,None
0,-2,7,3,55,20,-2,-6,-4,0,0,0,-63,-52,4,None
0,-1,-2,0,26,18,3,1,0,0,0,0,-63,-52,4,None
0,-1,-2,0,26,18,3,1,0,0,0,0,-63,-52,4,None
0,-1,-2,0,26,18,3,1,0,0,0,0,-64,-46,5,None
0,2,25,-1,-21,-10,-1,1,0,0,0,0,-64,-46,5,None
0,-2,-18,1,-38,15,-2,-3,-3,0,0,0,-64,-46,5,None
0,0,0,1,-17,7,-1,0,0,0,0,0,-64,-46,5,None
0,-2,-5,-2,18,-9,5,-2,0,0,0,0,-64,-46,5,None
0,-2,-5,-2,18,-9,5,-2,0,0,0,0,-64,-46,5,None
0,-2,-5,-2,18,-9,5,-2,0,0,0,0,-64,-43,5,None
0,0,3,-3,7,14,-3,-6,-3,0,0,0,-64,-43,5,None
0,-2,10,2,9,-9,1,0,-1,0,0,0,-64,-43,5,None
0,-1,-1,-1,-11,-10,-11,-8,-2,0,0,0,-64,-43,5,None
0,-4,3,-3,-16,-23,-22,-2,-5,0,0,0,-64,-43,5,None
0,-4,3,-3,-16,-23,-22,-2,-5,0,0,0,-64,-43,5,None
0,-4,3,-3,-16,-23,-22,-2,-5,0,0,0,-66,-41,10,None
0,2,4,0,11,5,17,5,6,0,0,0,-66,-41,10,None
0,-3,0,-4,11,32,-66,-17,-6,0,0,0,-66,-41,10,None
0,0,0,-12,10,-43,63,14,5,0,0,0,-66,-41,10,None
0,52,8,-4,-64,34,-102,-29,21,0,0,0,-66,-41,10,None
0,52,8,-4,-64,34,-102,-29,21,0,0,0,-66,-41,10,None
0,52,8,-4,-64,34,-102,-29,21,0,0,0,-66,-39,14,None
0,8,6,17,60,16,-70,8,41,0,0,0,-66,-39,14,None
0,-60,4,5,10,1,89,27,21,0,0,0,-66,-39,14,None
0,73,8,58,4,40,-106,-39,-8,0,0,0,-66,-39,14,None
0,19,7,-15,-35,-60,83,61,70,0,0,0,-66,-39,14,None
0,19,7,-15,-35,-60,83,61,70,0,0,0,-66,-39,14,None
0,19,7,-15,-35,-60,83,61,70,0,0,0,-69,-41,17,None
0,58,-28,45,87,-89,-111,-62,-71,0,0,0,-69,-41,17,None
0,-13,30,17,-33,42,100,32,-10,0,0,0,-69,-41,17,None
0,-4,-45,-47,12,-78,-67,-56,-124,0,0,0,-69,-41,17,None
0,37,13,-3,5,99,61,-21,67,0,0,0,-69,-41,17,None
0,37,13,-3,5,99,61,-21,67,0,0,0,-69,-41,17,None
0,37,13,-3,5,99,61,-21,67,0,0,0,-87,-31,13,None
0,86,15,-4,-1,8,59,45,27,0,0,0,-87,-31,13,None
0,-56,-7,-50,-28,87,47,-15,-10,0,0,0,-87,-31,13,None
0,-16,11,25,-17,-1,-86,-4,124,0,0,0,-87,-31,13,None
0,-6,3,-18,-68,-23,48,5,-65,0,0,0,-87,-31,13,None
0,-6,3,-18,-68,-23,48,5,-65,0,0,0,-87,-31,13,None
0,-6,3,-18,-68,-23,48,5,-65,0,0,0,-80,-23,13,None
0,10,-3,-6,24,21,-64,-11,19,0,0,0,-80,-23,13,None
0,-62,-3,21,8,-95,-25,5,36,0,0,0,-80,-23,13,None
0,43,0,-38,-47,-4,84,19,-61,0,0,0,-80,-23,13,None
0,-123,-15,-1,29,38,-68,-17,-46,0,0,0,-80,-23,13,None
0,-123,-15,-1,29,38,-68,-17,-46,0,0,0,-80,-23,13,None
0,-123,-15,-1,29,38,-68,-17,-46,0,0,0,-68,-20,1,None
0,27,13,-10,-22,31,22,-3,-32,0,0,0,-68,-20,1,None
0,76,-2,3,33,-12,-13,6,2,0,0,0,-68,-20,1,None
0,-20,-4,2,-36,-29,-24,12,38,0,0,0,-68,-20,1,None
0,-7,-1,14,17,-37,29,10,8,0,0,0,-68,-20,1,None
0,-7,-1,14,17,-37,29,10,8,0,0,0,-68,-20,1,None
0,-7,-1,14,17,-37,29,10,8,0,0,0,-47,-44,18,None
0,-46,-5,-20,-22,-25,40,-5,-22,0,0,0,-47,-44,18,None
0,-10,-2,9,16,-2,-44,-8,9,0,0,0,-47,-44,18,None
0,-4,5,-13,-4,33,41,14,20,0,0,0,-47,-44,18,None
0,2,0,2,18,21,-31,-11,-30,0,0,0,-47,-44,18,None
0,2,0,2,18,21,-31,-11,-30,0,0,0,-47,-44,18,None
0,2,0,2,18,21,-31,-11,-30,0,0,0,-69,-41,23,None
0,-58,0,-13,-33,-7,15,6,15,0,0,0,-69,-41,23,None
0,55,-3,-7,23,-5,-29,-14,-8,0,0,0,-69,-41,23,None
0,-28,12,10,45,39,-1,6,-3,0,0,0,-69,-41,23,None
0,14,1,-12,-2,-16,-2,-3,-19,0,0,0,-69,-41,23,None
0,14,1,-12,-2,-16,-2,-3,-19,0,0,0,-69,-41,23,None
0,14,1,-12,-2,-16,-2,-3,-19,0,0,0,-90,-49,9,None
0,-14,24,3,-38,-59,21,1,6,0,0,0,-90,-49,9,None
0,9,-21,17,85,64,-9,2,1,0,0,0,-90,-49,9,None
0,-6,-15,-10,30,-98,-3,-6,-14,0,0,0,-90,-49,9,None
0,9,2,-2,-16,32,-5,-1,13,0,0,0,-90,-49,9,None
0,9,2,-2,-16,32,-5,-1,13,0,0,0,-90,-49,9,None
0,9,2,-2,-16,32,-5,-1,13,0,0,0,-87,-49,10,None
0,-22,0,-13,-42,-81,20,17,8,0,0,0,-87,-49,10,None
0,36,44,-1,32,79,-26,-11,-11,0,0,0,-87,-49,10,None
0,-31,14,4,-37,41,11,-31,76,0,0,0,-87,-49,10,None
0,9,37,30,111,-15,-9,38,-30,0,0,0,-87,-49,10,None
0,9,37,30,111,-15,-9,38,-30,0,0,0,-87,-49,10,None
0,9,37,30,111,-15,-9,38,-30,0,0,0,-95,-32,31,None
0,-18,17,3,-89,-46,-6,-8,-7,0,0,0,-95,-32,31,None
0,61,-18,1,-48,-93,2,4,-7,0,0,0,-95,-32,31,None
0,-3,-8,-10,-16,127,15,-2,-17,0,0,0,-95,-32,31,None
0,-59,-48,-12,35,67,3,-1,30,0,0,0,-95,-32,31,None
0,-59,-48,-12,35,67,3,-1,30,0,0,0,-95,-32,31,None
0,-59,-48,-12,35,67,3,-1,30,0,0,0,-89,-30,23,None
0,0,35,0,47,10,1,9,11,0,0,0,-89,-30,23,None
0,-13,32,-8,-21,-72,-16,0,0,0,0,0,-89,-30,23,None
0,11,-10,-12,56,102,29,2,-18,0,0,0,-89,-30,23,None
0,11,-8,-4,-39,-128,-22,-15,-7,0,0,0,-89,-30,23,None
0,11,-8,-4,-39,-128,-22,-15,-7,0,0,0,-89,-30,23,None
0,11,-8,-4,-39,-128,-22,-15,-7,0,0,0,-82,-41,27,None
0,-14,-45,-7,91,24,4,-5,-13,0,0,0,-82,-41,27,None
0,-9,19,-13,-16,71,-8,-12,0,0,0,0,-82,-41,27,None
0,-20,-9,-2,24,-31,-7,13,-5,0,0,0,-82,-41,27,None
0,18,15,-9,-24,6,1,-2,-2,0,0,0,-82,-41,27,None
0,18,15,-9,-24,6,1,-2,-2,0,0,0,-82,-41,27,None
0,18,15,-9,-24,6,1,-2,-2,0,0,0,-99,-51,28,None
0,-8,-3,7,84,18,7,-4,8,0,0,0,-99,-51,28,None
0,3,7,-8,-84,8,-20,-13,-11,0,0,0,-99,-51,28,None
0,-5,-4,8,62,-34,5,11,-3,0,0,0,-99,-51,28,None
0,2,2,-1,-21,13,4,-2,0,0,0,0,-99,-51,28,None
0,2,2,-1,-21,13,4,-2,0,0,0,0,-99,-51,28,None
0,2,2,-1,-21,13,4,-2,0,0,0,0,-103,-42,27,None
0,6,-9,-8,-40,6,1,-8,-2,0,0,0,-103,-42,27,None
0,-8,-18,-5,-27,-40,-11,-1,-2,0,0,0,-103,-42,27,None
0,-1,18,2,-6,-68,-3,9,-8,0,0,0,-103,-42,27,None
0,8,-1,-5,-66,23,6,-11,0,0,0,0,-103,-42,27,None
0,8,-1,-5,-66,23,6,-11,0,0,0,0,-103,-42,27,None
0,8,-1,-5,-66,23,6,-11,0,0,0,0,-99,-36,28,None
0,-17,-18,-6,1,65,13,0,-1,0,0,0,-99,-36,28,None
0,-3,10,-1,21,-11,-21,-7,-4,0,0,0,-99,-36,28,None
0,-7,10,2,-50,41,-71,-7,-1,0,0,0,-99,-36,28,None
0,47,-2,4,5,-34,-7,-3,22,0,0,0,-99,-36,28,None
0,47,-2,4,5,-34,-7,-3,22,0,0,0,-99,-36,28,None
0,47,-2,4,5,-34,-7,-3,22,0,0,0,-102,-46,24,None
0,-6,15,4,10,-13,63,38,89,0,0,0,-102,-46,24,None
0,-3,-20,-14,-40,-3,45,16,1,0,0,0,-102,-46,24,None
0,-21,4,13,-24,25,-47,-24,-11,0,0,0,-102,-46,24,None
0,3,-7,24,31,94,-95,-33,79,0,0,0,-102,-46,24,None
0,3,-7,24,31,94,-95,-33,79,0,0,0,-102,-46,24,None
0,3,-7,24,31,94,-95,-33,79,0,0,0,-100,-44,29,None
0,-15,-20,-47,-43,61,-10,-13,-124,0,0,0,-100,-44,29,None
0,-23,11,-62,67,-11,-44,30,102,0,0,0,-100,-44,29,None
0,-64,-49,-6,-51,-45,73,-72,-95,0,0,0,-100,-44,29,None
0,127,7,-2,-4,-25,-97,-80,93,0,0,0,-100,-44,29,None
0,127,7,-2,-4,-25,-97,-80,93,0,0,0,-100,-44,29,None
0,127,7,-2,-4,-25,-97,-80,93,0,0,0,-119,-29,19,None
0,87,3,38,-16,7,94,77,120,0,0,0,-119,-29,19,None
0,84,7,-36,13,-23,-121,-21,13,0,0,0,-119,-29,19,None
0,15,12,-22,-12,58,41,106,124,0,0,0,-119,-29,19,None
0,-5,-19,-3,-22,68,-10,-47,-128,0,0,0,-119,-29,19,None
0,-5,-19,-3,-22,68,-10,-47,-128,0,0,0,-119,-29,19,None
0,-5,-19,-3,-22,68,-10,-47,-128,0,0,0,-92,-28,0,None
0,84,8,14,26,-62,-80,-42,127,0,0,0,-92,-28,0,None
0,69,-35,26,11,-39,-21,-19,-123,0,0,0,-92,-28,0,None
0,-31,19,16,10,-47,3,24,127,0,0,0,-92,-28,0,None
0,45,10,-13,-46,-91,124,98,63,0,0,0,-92,-28,0,None
0,45,10,-13,-46,-91,124,98,63,0,0,0,-92,-28,0,None
0,45,10,-13,-46,-91,124,98,63,0,0,0,-67,-38,11,None
0,67,-11,-33,-8,-32,-47,-56,-128,0,0,0,-67,-38,11,None
0,28,4,15,20,42,20,-24,-51,0,0,0,-67,-38,11,None
0,42,4,-16,-19,-61,46,-7,-22,0,0,0,-67,-38,11,None
0,-26,7,0,31,5,34,-6,-62,0,0,0,-67,-38,11,None
0,-26,7,0,31,5,34,-6,-62,0,0,0,-67,-38,11,None
0,-26,7,0,31,5,34,-6,-62,0,0,0,-55,-78,7,None
0,-80,-2,8,-38,-16,-22,9,0,0,0,0,-55,-78,7,None
0,-54,-8,3,-17,-6,65,5,12,0,0,0,-55,-78,7,None
0,38,11,12,-4,-2,-38,-10,-37,0,0,0,-55,-78,7,None
0,-61,3,-8,20,-32,17,23,-14,0,0,0,-55,-78,7,None
0,-61,3,-8,20,-32,17,23,-14,0,0,0,-55,-78,7,None
0,-61,3,-8,20,-32,17,23,-14,0,0,0,-83,-42,19,None
0,-9,9,0,11,67,8,0,-21,0,0,0,-83,-42,19,None
0,-70,-7,15,-11,-18,44,-4,8,0,0,0,-83,-42,19,None
0,-8,2,2,9,0,-8,7,-31,0,0,0,-83,-42,19,None
0,9,4,-31,18,46,-20,-5,-11,0,0,0,-83,-42,19,None
0,9,4,-31,18,46,-20,-5,-11,0,0,0,-83,-42,19,None
0,9,4,-31,18,46,-20,-5,-11,0,0,0,-100,-47,8,None
0,-35,-8,-27,-21,11,-25,-14,-6,0,0,0,-100,-47,8,None
0,-11,0,19,12,-20,-28,3,24,0,0,0,-100,-47,8,None
0,27,8,-9,4,3,-1,-3,-9,0,0,0,-100,-47,8,None
0,-5,3,0,15,1,10,10,-2,0,0,0,-100,-47,8,None
0,-5,3,0,15,1,10,10,-2,0,0,0,-100,-47,8,None
0,-5,3,0,15,1,10,10,-2,0,0,0,-74,-39,17,None
0,-33,1,11,-5,13,-12,-10,-11,0,0,0,-74,-39,17,None
0,-8,-2,-4,-1,9,11,7,18,0,0,0,-74,-39,17,None
0,30,6,-3,-12,4,-5,-3,-7,0,0,0,-74,-39,17,None
0,-52,-4,5,14,3,-23,-8,-18,0,0,0,-74,-39,17,None
0,-52,-4,5,14,3,-23,-8,-18,0,0,0,-74,-39,17,None
0,-52,-4,5,14,3,-23,-8,-18,0,0,0,-86,-27,19,None
0,-14,2,-5,10,16,-5,4,1,0,0,0,-86,-27,19,None
0,9,2,10,-15,3,-25,-7,3,0,0,0,-86,-27,19,None
0,2,1,-1,9,-14,-22,-9,-7,0,0,0,-86,-27,19,None
0,-9,0,4,-21,-33,-6,6,6,0,0,0,-86,-27,19,None
0,-9,0,4,-21,-33,-6,6,6,0,0,0,-86,-27,19,None
0,-9,0,4,-21,-33,-6,6,6,0,0,0,-89,-33,17,None
0,-3,3,-3,2,53,1,0,-4,0,0,0,-89,-33,17,None
0,4,1,1,16,-30,6,2,8,0,0,0,-89,-33,17,None
0,-3,1,-5,-31,0,-16,-9,-5,0,0,0,-89,-33,17,None
0,-11,4,2,47,4,7,6,-2,0,0,0,-89,-33,17,None
0,-11,4,2,47,4,7,6,-2,0,0,0,-89,-33,17,None
0,-11,4,2,47,4,7,6,-2,0,0,0,-84,-40,19,None
0,2,-5,3,3,21,0,-2,-4,0,0,0,-84,-40,19,None
0,-7,12,-1,-28,14,-8,-3,1,0,0,0,-84,-40,19,None
0,5,-10,-4,21,3,3,5,5,0,0,0,-84,-40,19,None
0,-1,-2,6,-5,30,-7,-2,-1,0,0,0,-84,-40,19,None
0,-1,-2,6,-5,30,-7,-2,-1,0,0,0,-84,-40,19,None
0,-1,-2,6,-5,30,-7,-2,-1,0,0,0,-86,-46,19,None
0,-12,-8,-2,-12,-57,-7,8,5,0,0,0,-86,-46,19,None
0,3,6,2,20,50,-2,-6,-5,0,0,0,-86,-46,19,None
0,1,3,-7,-50,-27,-8,-6,3,0,0,0,-86,-46,19,None
0,7,17,3,-7,28,3,2,-2,0,0,0,-86,-46,19,None
0,7,17,3,-7,28,3,2,-2,0,0,0,-86,-46,19,None
0,7,17,3,-7,28,3,2,-2,0,0,0,-85,-45,22,None
0,-1,2,7,22,-12,-1,-6,30,0,0,0,-85,-45,22,None
0,-2,-2,-8,-18,-29,1,9,13,0,0,0,-85,-45,22,None
0,21,28,2,-1,23,0,-11,-23,0,0,0,-85,-45,22,None
0,-10,-2,-3,11,-10,-5,6,-22,0,0,0,-85,-45,22,None
0,-10,-2,-3,11,-10,-5,6,-22,0,0,0,-85,-45,22,None
0,-10,-2,-3,11,-10,-5,6,-22,0,0,0,-80,-41,21,None
0,-38,-60,-7,-31,-15,-5,23,18,0,0,0,-80,-41,21,None
0,7,25,5,33,10,1,12,17,0,0,0,-80,-41,21,None
0,18,-26,5,42,27,-4,-7,4,0,0,0,-80,-41,21,None
0,11,13,-13,26,-37,-14,-27,4,0,0,0,-80,-41,21,None
0,11,13,-13,26,-37,-14,-27,4,0,0,0,-80,-41,21,None
0,11,13,-13,26,-37,-14,-27,4,0,0,0,-75,-49,14,None
0,3,19,-9,-46,19,0,-4,-57,0,0,0,-75,-49,14,None
0,-5,-29,0,-8,-5,1,6,32,0,0,0,-75,-49,14,None
0,-20,-15,-2,16,12,-4,-3,-29,0,0,0,-75,-49,14,None
0,7,-36,0,13,-97,-2,-5,9,0,0,0,-75,-49,14,None
0,7,-36,0,13,-97,-2,-5,9,0,0,0,-75,-49,14,None
0,7,-36,0,13,-97,-2,-5,9,0,0,0,-74,-52,16,None
0,-16,24,-1,11,55,6,17,-1,0,0,0,-74,-52,16,None
0,2,-8,1,-10,-13,-4,-21,-27,0,0,0,-74,-52,16,None
0,-27,30,-6,12,6,-7,4,34,0,0,0,-74,-52,16,None
0,-28,-5,-4,-36,20,0,-16,-17,0,0,0,-74,-52,16,None
0,-28,-5,-4,-36,20,0,-16,-17,0,0,0,-74,-52,16,None
0,-28,-5,-4,-36,20,0,-16,-17,0,0,0,-75,-49,15,None
0,28,8,-4,21,-39,-5,-3,-12,0,0,0,-75,-49,15,None
0,-15,14,2,-7,4,2,6,-14,0,0,0,-75,-49,15,None
0,-4,8,-4,-7,-4,-3,0,-6,0,0,0,-75,-49,15,None
0,0,12,-4,-15,8,0,4,-1,0,0,0,-75,-49,15,None
0,0,12,-4,-15,8,0,4,-1,0,0,0,-75,-49,15,None
0,0,12,-4,-15,8,0,4,-1,0,0,0,-73,-48,14,None
0,-5,2,2,13,-8,-7,-15,7,0,0,0,-73,-48,14,None
0,5,-3,-4,8,11,-2,-8,-15,0,0,0,-73,-48,14,None
0,10,-8,-1,-15,-9,-1,3,-1,0,0,0,-73,-48,14,None
0,-7,0,-2,9,12,0,5,-4,0,0,0,-73,-48,14,None
0,-7,0,-2,9,12,0,5,-4,0,0,0,-73,-48,14,None
0,-7,0,-2,9,12,0,5,-4,0,0,0,-68,-47,18,None
0,7,7,0,-1,14,-3,-10,0,0,0,0,-68,-47,18,None
0,-5,-8,-3,-4,-4,-6,-7,1,0,0,0,-68,-47,18,None
0,-2,5,-2,-2,3,0,3,-6,0,0,0,-68,-47,18,None
0,-2,-5,2,1,-32,-2,9,11,0,0,0,-68,-47,18,None
0,-2,-5,2,1,-32,-2,9,11,0,0,0,-68,-47,18,None
0,-2,-5,2,1,-32,-2,9,11,0,0,0,-69,-48,16,None
0,-2,5,-2,6,-12,-5,-12,-3,0,0,0,-69,-48,16,None
0,-2,4,-4,0,24,-3,2,-1,0,0,0,-69,-48,16,None
0,-2,-4,0,15,-19,-2,0,1,0,0,0,-69,-48,16,None
0,3,4,-4,-7,6,-2,2,0,0,0,0,-69,-48,16,None
0,3,4,-4,-7,6,-2,2,0,0,0,0,-69,-48,16,None
0,3,4,-4,-7,6,-2,2,0,0,0,0,-64,-51,12,None
0,0,1,-2,-1,0,-3,-6,-3,0,0,0,-64,-51,12,None
0,-5,-1,-1,7,-6,-2,-5,-7,0,0,0,-64,-51,12,None
0,4,-1,-4,-18,10,7,2,1,0,0,0,-64,-51,12,None
0,-1,0,0,-11,2,-1,0,2,0,0,0,-64,-51,12,None
0,-1,0,0,-11,2,-1,0,2,0,0,0,-64,-51,12,None
0,-1,0,0,-11,2,-1,0,2,0,0,0,-63,-52,14,None
0,-4,6,0,17,47,3,-4,-4,0,0,0,-63,-52,14,None
0,-2,-4,-3,-6,-33,-4,-1,4,0,0,0,-63,-52,14,None
0,-1,0,-2,0,2,-6,-3,-2,0,0,0,-63,-52,14,None
0,0,4,-2,-6,-3,0,1,0,0,0,0,-63,-52,14,None
0,0,4,-2,-6,-3,0,1,0,0,0,0,-63,-52,14,None
0,0,4,-2,-6,-3,0,1,0,0,0,0,-62,-55,18,None
0,-2,1,-1,-1,2,1,-1,-2,0,0,0,-62,-55,18,None
0,1,0,-4,0,8,5,2,1,0,0,0,-62,-55,18,None
0,1,-3,-4,-7,9,0,1,-1,0,0,0,-62,-55,18,None
0,-4,-1,-2,12,11,-3,-3,-2,0,0,0,-62,-55,18,None
0,-4,-1,-2,12,11,-3,-3,-2,0,0,0,-62,-55,18,None
0,-4,-1,-2,12,11,-3,-3,-2,0,0,0,-54,-62,23,None
0,1,2,-3,-11,6,-1,-2,-1,0,0,0,-54,-62,23,None
0,-1,-1,0,12,4,0,-1,1,0,0,0,-54,-62,23,None
0,0,2,-2,-10,-11,-3,0,-5,0,0,0,-54,-62,23,None
0,-1,-1,-1,-11,13,1,1,3,0,0,0,-54,-62,23,None
0,-1,-1,-1,-11,13,1,1,3,0,0,0,-54,-62,23,None
0,-1,-1,-1,-11,13,1,1,3,0,0,0,-49,-70,22,None
0,-1,0,-4,4,-31,-5,-5,-2,0,0,0,-49,-70,22,None
0,-1,1,-1,-3,41,-1,-1,-3,0,0,0,-49,-70,22,None
0,-5,-3,-1,7,4,-2,-1,-3,0,0,0,-49,-70,22,None
0,0,1,-2,-4,3,1,0,-1,0,0,0,-49,-70,22,None
0,0,1,-2,-4,3,1,0,-1,0,0,0,-49,-70,22,None
0,0,1,-2,-4,3,1,0,-1,0,0,0,-47,-75,22,None
0,1,1,-2,0,-14,-1,-3,1,0,0,0,-47,-75,22,None
0,0,0,-2,-2,-13,1,-1,0,0,0,0,-47,-75,22,None
0,0,1,-2,-7,-8,-4,-1,0,0,0,0,-47,-75,22,None
0,-3,0,-1,5,22,-1,0,-2,0,0,0,-47,-75,22,None
0,-3,0,-1,5,22,-1,0,-2,0,0,0,-47,-75,22,None
0,-3,0,-1,5,22,-1,0,-2,0,0,0,-44,-77,26,None
0,-4,1,0,2,11,0,-2,-3,0,0,0,-44,-77,26,None
0,-1,-2,-2,14,-3,-3,0,1,0,0,0,-44,-77,26,None
0,-1,1,-2,-8,3,-1,-4,-3,0,0,0,-44,-77,26,None
0,-1,1,-1,1,-9,0,1,1,0,0,0,-44,-77,26,None
0,-1,1,-1,1,-9,0,1,1,0,0,0,-44,-77,26,None
0,-1,1,-1,1,-9,0,1,1,0,0,0,-35,-83,25,None
0,0,3,-2,-8,-5,-5,-5,-2,0,0,0,-35,-83,25,None
0,-2,-2,-3,-5,-5,-4,-3,-4,0,0,0,-35,-83,25,None
0,1,0,-2,0,-1,3,1,3,0,0,0,-35,-83,25,None
0,-1,-1,-1,-7,-14,-2,0,-2,0,0,0,-35,-83,25,None
0,-1,-1,-1,-7,-14,-2,0,-2,0,0,0,-35,-83,25,None
0,-1,-1,-1,-7,-14,-2,0,-2,0,0,0,-31,-93,21,None
0,0,1,0,5,15,-8,-4,-2,0,0,0,-31,-93,21,None
0,-2,0,0,-1,-23,6,-2,-2,0,0,0,-31,-93,21,None
0,-1,0,0,9,31,7,2,0,0,0,0,-31,-93,21,None
0,-1,-1,-2,-1,2,1,-1,1,0,0,0,-31,-93,21,None
0,-1,-1,-2,-1,2,1,-1,1,0,0,0,-31,-93,21,None
0,-1,-1,-2,-1,2,1,-1,1,0,0,0,-29,-94,19,None
0,0,0,-1,-10,6,-2,-1,0,0,0,0,-29,-94,19,None
0,-2,0,-3,8,-19,-7,-5,-4,0,0,0,-29,-94,19,None
0,-1,0,-1,5,-3,-3,-2,-3,0,0,0,-29,-94,19,None
0,-1,1,-2,10,6,-1,-1,-1,0,0,0,-29,-94,19,None
0,-1,1,-2,10,6,-1,-1,-1,0,0,0,-29,-94,19,None
0,-1,1,-2,10,6,-1,-1,-1,0,0,0,-24,-90,22,None
0,-2,0,-4,-12,-6,0,-2,-2,0,0,0,-24,-90,22,None
0,0,1,-3,-28,3,0,1,-1,0,0,0,-24,-90,22,None
0,-1,0,-3,-9,-17,-2,-2,-3,0,0,0,-24,-90,22,None
0,-2,-2,1,30,24,0,2,-2,0,0,0,-24,-90,22,None
0,-2,-2,1,30,24,0,2,-2,0,0,0,-24,-90,22,None
0,-2,-2,1,30,24,0,2,-2,0,0,0,-17,-90,19,None
0,-2,1,-1,5,-4,-1,-1,-1,0,0,0,-17,-90,19,None
0,0,1,1,-9,3,0,-1,-2,0,0,0,-17,-90,19,None
0,0,-1,-3,24,1,-3,-4,0,0,0,0,-17,-90,19,None
0,0,-1,-4,-36,-29,-1,2,2,0,0,0,-17,-90,19,None
0,0,-1,-4,-36,-29,-1,2,2,0,0,0,-17,-90,19,None
0,0,-1,-4,-36,-29,-1,2,2,0,0,0,-11,-94,14,None
0,-3,-3,-7,-40,-2,-2,-2,-4,0,0,0,-11,-94,14,None
0,0,0,1,23,12,-1,-1,1,0,0,0,-11,-94,14,None
0,-1,2,-1,-10,-18,2,2,-2,0,0,0,-11,-94,14,None
0,-4,1,0,18,13,0,-5,-5,0,0,0,-11,-94,14,None
0,-4,1,0,18,13,0,-5,-5,0,0,0,-11,-94,14,None
0,-4,1,0,18,13,0,-5,-5,0,0,0,-4,-101,15,None
0,0,-1,0,70,-2,0,1,0,0,0,0,-4,-101,15,None
0,-1,2,-11,-62,-1,-5,-4,0,0,0,0,-4,-101,15,None
0,-3,-2,0,17,12,-2,-5,-4,0,0,0,-4,-101,15,None
0,0,0,0,-27,7,3,0,1,0,0,0,-4,-101,15,None
0,0,0,0,-27,7,3,0,1,0,0,0,-4,-101,15,None
0,0,0,0,-27,7,3,0,1,0,0,0,0,-104,23,None
0,-3,-1,-2,2,-6,-5,0,-2,0,0,0,0,-104,23,None
0,-1,2,0,1,-28,-5,-1,-5,0,0,0,0,-104,23,None
0,-1,-2,1,59,50,4,-1,1,0,0,0,0,-104,23,None
0,2,2,5,80,27,3,-1,2,0,0,0,0,-104,23,None
0,2,2,5,80,27,3,-1,2,0,0,0,0,-104,23,None
0,2,2,5,80,27,3,-1,2,0,0,0,0,-107,18,None
0,0,-2,-5,-62,-60,1,0,0,0,0,0,0,-107,18,None
0,1,3,6,13,28,-1,-2,0,0,0,0,0,-107,18,None
0,-2,0,-6,-50,-27,-5,-1,-3,0,0,0,0,-107,18,None
0,-3,0,0,5,19,1,-4,-3,0,0,0,0,-107,18,None
0,-3,0,0,5,19,1,-4,-3,0,0,0,0,-107,18,None
0,-3,0,0,5,19,1,-4,-3,0,0,0,2,-115,12,None
0,-2,0,-1,50,21,0,-1,0,0,0,0,2,-115,12,None
0,-2,0,-6,-18,-22,-2,0,-1,0,0,0,2,-115,12,None
0,-2,1,6,20,10,-6,-2,-2,0,0,0,2,-115,12,None
0,0,0,-15,-26,-5,-10,-2,-1,0,0,0,2,-115,12,None
0,0,0,-15,-26,-5,-10,-2,-1,0,0,0,2,-115,12,None
0,0,0,-15,-26,-5,-10,-2,-1,0,0,0,13,-119,16,None
0,-2,0,20,0,-30,9,-1,-1,0,0,0,13,-119,16,None
0,-2,-5,-27,-16,13,-4,-3,-3,0,0,0,13,-119,16,None
0,-3,0,-4,-3,-7,6,3,-3,0,0,0,13,-119,16,None
0,3,2,3,2,-16,0,-3,-1,0,0,0,13,-119,16,None
0,3,2,3,2,-16,0,-3,-1,0,0,0,13,-119,16,None
0,3,2,3,2,-16,0,-3,-1,0,0,0,20,-116,15,None
0,-3,2,3,48,7,-4,-3,-1,0,0,0,20,-116,15,None
0,-1,0,15,28,62,2,1,0,0,0,0,20,-116,15,None
0,2,2,-7,-126,-46,7,0,1,0,0,0,20,-116,15,None
0,-3,-3,3,67,12,1,0,-4,0,0,0,20,-116,15,None
0,-3,-3,3,67,12,1,0,-4,0,0,0,20,-116,15,None
0,-3,-3,3,67,12,1,0,-4,0,0,0,22,-103,11,None
0,1,2,0,48,33,3,0,3,0,0,0,22,-103,11,None
0,-2,-2,-2,-68,-35,-1,0,-5,0,0,0,22,-103,11,None
0,-1,1,4,-36,-20,-9,-3,-1,0,0,0,22,-103,11,None
0,0,5,0,11,20,-1,-1,0,0,0,0,22,-103,11,None
0,0,5,0,11,20,-1,-1,0,0,0,0,22,-103,11,None
0,0,5,0,11,20,-1,-1,0,0,0,0,32,-104,8,None
0,0,2,7,-51,-26,-5,-2,-4,0,0,0,32,-104,8,None
0,-3,-2,-3,64,-16,1,-1,1,0,0,0,32,-104,8,None
0,1,2,6,37,17,2,3,1,0,0,0,32,-104,8,None
0,-5,-6,-14,-32,34,-2,-3,-3,0,0,0,32,-104,8,None
0,-5,-6,-14,-32,34,-2,-3,-3,0,0,0,32,-104,8,None
0,-5,-6,-14,-32,34,-2,-3,-3,0,0,0,36,-108,5,None
0,0,2,-4,12,25,-1,0,-3,0,0,0,36,-108,5,None
0,-1,2,7,40,33,3,2,0,0,0,0,36,-108,5,None
0,-2,-2,-10,-76,-85,-6,-3,-2,0,0,0,36,-108,5,None
0,-3,0,-6,-20,-23,-6,-4,-3,0,0,0,36,-108,5,None
0,-3,0,-6,-20,-23,-6,-4,-3,0,0,0,36,-108,5,None
0,-3,0,-6,-20,-23,-6,-4,-3,0,0,0,33,-103,7,None
0,-1,2,-2,31,34,-1,1,-2,0,0,0,33,-103,7,None
0,-4,-3,-1,-7,-13,-1,-5,-3,0,0,0,33,-103,7,None
0,2,2,-15,48,-9,0,-1,1,0,0,0,33,-103,7,None
0,0,-3,0,-44,38,1,0,1,0,0,0,33,-103,7,None
0,0,-3,0,-44,38,1,0,1,0,0,0,33,-103,7,None
0,0,-3,0,-44,38,1,0,1,0,0,0,32,-104,6,None
0,2,1,-9,-81,-4,-8,-2,5,0,0,0,32,-104,6,None
0,1,5,9,64,51,11,2,-1,0,0,0,32,-104,6,None
0,-5,-4,9,-28,12,-7,-6,-3,0,0,0,32,-104,6,None
0,1,4,-4,-3,-18,-1,2,1,0,0,0,32,-104,6,None
0,1,4,-4,-3,-18,-1,2,1,0,0,0,32,-104,6,None
0,1,4,-4,-3,-18,-1,2,1,0,0,0,39,-107,5,None
0,-3,-5,-2,-15,-53,-3,-4,-4,0,0,0,39,-107,5,None
0,0,2,13,69,38,-4,-1,0,0,0,0,39,-107,5,None
0,-2,-1,-11,3,-3,-4,-2,-3,0,0,0,39,-107,5,None
0,0,3,7,-7,-40,0,0,0,0,0,0,39,-107,5,None
0,0,3,7,-7,-40,0,0,0,0,0,0,39,-107,5,None
0,0,3,7,-7,-40,0,0,0,0,0,0,43,-102,3,None
0,-4,-3,-5,-28,60,0,-2,-4,0,0,0,43,-102,3,None
0,-2,1,-7,5,-42,-1,-1,-1,0,0,0,43,-102,3,None
0,-1,0,10,22,25,-3,-2,-3,0,0,0,43,-102,3,None
0,-2,0,10,-37,-57,-5,-1,-2,0,0,0,43,-102,3,None
0,-2,0,10,-37,-57,-5,-1,-2,0,0,0,43,-102,3,None
0,-2,0,10,-37,-57,-5,-1,-2,0,0,0,43,-93,2,None
0,-2,1,2,-39,-5,1,-3,-3,0,0,0,43,-93,2,None
0,1,-1,-2,-24,-14,-5,-4,0,0,0,0,43,-93,2,None
0,-2,-1,-5,41,4,-3,-3,-3,0,0,0,43,-93,2,None
0,-4,0,-8,38,2,3,1,1,0,0,0,43,-93,2,None
0,-4,0,-8,38,2,3,1,1,0,0,0,43,-93,2,None
0,-4,0,-8,38,2,3,1,1,0,0,0,47,-88,2,None
0,2,-1,-18,18,28,6,-1,0,0,0,0,47,-88,2,None
0,-1,1,-17,-29,28,0,3,-1,0,0,0,47,-88,2,None
0,3,19,0,9,8,-2,-3,-1,0,0,0,47,-88,2,None
0,-7,-39,-14,-3,35,3,-2,-2,0,0,0,47,-88,2,None
0,-7,-39,-14,-3,35,3,-2,-2,0,0,0,47,-88,2,None
0,-7,-39,-14,-3,35,3,-2,-2,0,0,0,49,-87,1,None
0,-1,1,-6,42,-12,-3,0,0,0,0,0,49,-87,1,None
0,-2,-4,-5,-52,-80,-6,-5,-4,0,0,0,49,-87,1,None
0,0,-2,-10,48,57,2,0,1,0,0,0,49,-87,1,None
0,1,11,-10,-67,-75,-1,0,-3,0,0,0,49,-87,1,None
0,1,11,-10,-67,-75,-1,0,-3,0,0,0,49,-87,1,None
0,1,11,-10,-67,-75,-1,0,-3,0,0,0,55,-87,-2,None
0,0,0,-1,7,16,-1,1,-1,0,0,0,55,-87,-2,None
0,-2,6,-1,-6,-38,-1,-2,-1,0,0,0,55,-87,-2,None
0,-2,-28,-11,-54,-17,-5,-2,-1,0,0,0,55,-87,-2,None
0,-6,-29,5,4,-3,-1,-4,-3,0,0,0,55,-87,-2,None
0,-6,-29,5,4,-3,-1,-4,-3,0,0,0,55,-87,-2,None
0,-6,-29,5,4,-3,-1,-4,-3,0,0,0,58,-85,-2,None
0,-1,4,-2,-3,-49,-1,-1,-2,0,0,0,58,-85,-2,None
0,-2,2,-5,62,61,-5,-4,-3,0,0,0,58,-85,-2,None
0,-6,-3,-1,-9,-7,-1,-1,-3,0,0,0,58,-85,-2,None
0,4,16,-3,3,9,-1,1,-2,0,0,0,58,-85,-2,None
0,4,16,-3,3,9,-1,1,-2,0,0,0,58,-85,-2,None
0,4,16,-3,3,9,-1,1,-2,0,0,0,61,-87,-1,None
0,-5,0,-1,-17,25,1,-2,-2,0,0,0,61,-87,-1,None
0,-4,-10,0,-1,-17,0,0,0,0,0,0,61,-87,-1,None
0,-1,14,4,14,25,-1,-2,-1,0,0,0,61,-87,-1,None
0,0,-1,1,22,2,-3,-2,-1,0,0,0,61,-87,-1,None
0,0,-1,1,22,2,-3,-2,-1,0,0,0,61,-87,-1,None
0,0,-1,1,22,2,-3,-2,-1,0,0,0,67,-81,-1,None
0,-1,8,-4,-5,12,0,-2,-2,0,0,0,67,-81,-1,None
0,0,11,2,-37,-17,-3,-1,-1,0,0,0,67,-81,-1,None
0,1,-1,-1,7,-4,0,1,0,0,0,0,67,-81,-1,None
0,-1,13,-3,-30,-10,0,-3,-2,0,0,0,67,-81,-1,None
0,-1,13,-3,-30,-10,0,-3,-2,0,0,0,67,-81,-1,None
0,-1,13,-3,-30,-10,0,-3,-2,0,0,0,65,-76,-5,None
0,2,-6,1,29,4,-4,-3,-1,0,0,0,65,-76,-5,None
0,4,3,-2,-15,10,0,-1,-1,0,0,0,65,-76,-5,None
0,-6,-27,-7,10,6,-3,-4,-5,0,0,0,65,-76,-5,None
0,-2,4,0,49,29,0,-2,-1,0,0,0,65,-76,-5,None
0,-2,4,0,49,29,0,-2,-1,0,0,0,65,-76,-5,None
0,-2,4,0,49,29,0,-2,-1,0,0,0,70,-79,-4,None
0,1,4,0,-3,18,-1,-1,-2,0,0,0,70,-79,-4,None
0,-1,-10,-3,0,4,0,-1,-2,0,0,0,70,-79,-4,None
0,2,11,1,11,-5,1,1,0,0,0,0,70,-79,-4,None
0,1,11,1,-4,2,-2,-1,-1,0,0,0,70,-79,-4,None
0,1,11,1,-4,2,-2,-1,-1,0,0,0,70,-79,-4,None
0,1,11,1,-4,2,-2,-1,-1,0,0,0,75,-90,-2,None
0,1,5,0,4,-4,-2,-2,-1,0,0,0,75,-90,-2,None
0,-5,-24,-4,-18,0,-2,-2,-2,0,0,0,75,-90,-2,None
0,-5,8,2,6,-1,-1,-2,0,0,0,0,75,-90,-2,None
0,0,-11,-1,23,13,-1,-3,-2,0,0,0,75,-90,-2,None
0,0,-11,-1,23,13,-1,-3,-2,0,0,0,75,-90,-2,None
0,0,-11,-1,23,13,-1,-3,-2,0,0,0,72,-89,0,None
0,0,-9,-4,-10,-8,-2,-1,-3,0,0,0,72,-89,0,None
0,1,10,-1,-7,0,1,1,0,0,0,0,72,-89,0,None
0,0,11,0,11,-7,-1,-1,-1,0,0,0,72,-89,0,None
0,-4,-1,-4,-25,-19,-5,-3,-2,0,0,0,72,-89,0,None
0,-4,-1,-4,-25,-19,-5,-3,-2,0,0,0,72,-89,0,None
0,-4,-1,-4,-25,-19,-5,-3,-2,0,0,0,64,-83,2,None
0,-1,2,-3,-8,1,0,2,-2,0,0,0,64,-83,2,None
0,-1,5,1,-6,-7,-2,-3,-1,0,0,0,64,-83,2,None
0,0,-3,1,12,11,1,-1,-2,0,0,0,64,-83,2,None
0,1,10,-1,-10,1,-1,-1,-1,0,0,0,64,-83,2,None
0,1,10,-1,-10,1,-1,-1,-1,0,0,0,64,-83,2,None
0,1,10,-1,-10,1,-1,-1,-1,0,0,0,57,-80,4,None
0,2,-6,-3,9,-1,0,-1,0,0,0,0,57,-80,4,None
0,-3,4,-3,1,4,0,-1,-2,0,0,0,57,-80,4,None
0,0,1,-2,-7,-3,0,-1,1,0,0,0,57,-80,4,None
0,-1,2,-1,-4,2,-1,-1,-1,0,0,0,57,-80,4,None
0,-1,2,-1,-4,2,-1,-1,-1,0,0,0,57,-80,4,None
0,-1,2,-1,-4,2,-1,-1,-1,0,0,0,54,-82,3,None
0,-5,2,-3,2,-5,-4,-2,-2,0,0,0,54,-82,3,None
0,-1,-2,-2,1,5,1,-2,-2,0,0,0,54,-82,3,None
0,-1,2,-1,-3,-6,-1,-2,-2,0,0,0,54,-82,3,None
0,4,21,-1,-3,1,0,0,-2,0,0,0,54,-82,3,None
0,4,21,-1,-3,1,0,0,-2,0,0,0,54,-82,3,None
0,4,21,-1,-3,1,0,0,-2,0,0,0,56,-86,2,None
0,-2,11,-2,3,-4,-1,0,-3,0,0,0,56,-86,2,None
0,-7,-9,-5,0,-7,-3,-3,-1,0,0,0,56,-86,2,None
0,2,-10,-1,-3,24,1,-1,-3,0,0,0,56,-86,2,None
0,0,5,-2,-2,2,-2,-1,-2,0,0,0,56,-86,2,None
0,0,5,-2,-2,2,-2,-1,-2,0,0,0,56,-86,2,None
0,0,5,-2,-2,2,-2,-1,-2,0,0,0,56,-87,0,None
0,-1,4,-2,-3,-6,-1,-2,0,0,0,0,56,-87,0,None
0,1,12,-2,4,0,-3,-1,-1,0,0,0,56,-87,0,None
0,-3,3,-2,-3,-9,-1,-1,-1,0,0,0,56,-87,0,None
0,3,6,-1,-1,8,-2,-3,-1,0,0,0,56,-87,0,None
0,3,6,-1,-1,8,-2,-3,-1,0,0,0,56,-87,0,None
0,3,6,-1,-1,8,-2,-3,-1,0,0,0,56,-85,-1,None
0,-1,-9,1,4,4,2,0,1,0,0,0,56,-85,-1,None
0,-1,-4,-1,8,-13,-1,-3,-3,0,0,0,56,-85,-1,None
0,-2,-3,-1,-6,-1,-1,-2,-1,0,0,0,56,-85,-1,None
0,-3,1,-4,-5,3,-2,-1,0,0,0,0,56,-85,-1,None
0,-3,1,-4,-5,3,-2,-1,0,0,0,0,56,-85,-1,None
0,-3,1,-4,-5,3,-2,-1,0,0,0,0,57,-84,-2,None
0,-3,-4,-1,6,-1,-1,-2,-3,0,0,0,57,-84,-2,None
0,1,6,-2,-3,6,0,0,-1,0,0,0,57,-84,-2,None
0,-1,7,0,1,-4,0,-1,-1,0,0,0,57,-84,-2,None
0,-3,-7,-2,9,1,-1,-1,-1,0,0,0,57,-84,-2,None
0,-3,-7,-2,9,1,-1,-1,-1,0,0,0,57,-84,-2,None
0,-3,-7,-2,9,1,-1,-1,-1,0,0,0,58,-83,-3,None
0,-1,-1,-3,-9,-2,-1,-1,-2,0,0,0,58,-83,-3,None
0,1,8,-1,-4,6,1,0,-1,0,0,0,58,-83,-3,None
0,-2,-24,-4,-13,-7,-1,-3,0,0,0,0,58,-83,-3,None
0,-4,-3,-2,-6,1,0,-1,-4,0,0,0,58,-83,-3,None
0,-4,-3,-2,-6,1,0,-1,-4,0,0,0,58,-83,-3,None
0,-4,-3,-2,-6,1,0,-1,-4,0,0,0,57,-82,-4,None
0,-2,-4,-2,19,14,-2,-3,-3,0,0,0,57,-82,-4,None
0,0,4,-1,-12,4,1,-1,-2,0,0,0,57,-82,-4,None
0,0,9,-2,3,-2,0,1,-1,0,0,0,57,-82,-4,None
0,-1,-1,-1,-5,-1,0,-1,-1,0,0,0,57,-82,-4,None
0,-1,-1,-1,-5,-1,0,-1,-1,0,0,0,57,-82,-4,None
0,-1,-1,-1,-5,-1,0,-1,-1,0,0,0,56,-81,-4,None
0,-3,-4,-3,-7,-9,-4,-1,-1,0,0,0,56,-81,-4,None
0,-1,1,-2,6,2,-3,-2,-1,0,0,0,56,-81,-4,None
0,1,6,-1,3,4,-2,-1,-3,0,0,0,56,-81,-4,None
0,-1,-10,-2,2,2,-1,-1,-1,0,0,0,56,-81,-4,None
0,-1,-10,-2,2,2,-1,-1,-1,0,0,0,56,-81,-4,None
0,-1,-10,-2,2,2,-1,-1,-1,0,0,0,56,-81,-6,None
0,-1,5,-3,-3,-3,-2,-3,-2,0,0,0,56,-81,-6,None
0,-2,-3,-2,-3,0,0,-2,-1,0,0,0,56,-81,-6,None
0,-2,3,-2,1,1,-1,0,-2,0,0,0,56,-81,-6,None
0,-3,0,-4,-1,0,-1,-3,-1,0,0,0,56,-81,-6,None
0,-3,0,-4,-1,0,-1,-3,-1,0,0,0,56,-81,-6,None
0,-3,0,-4,-1,0,-1,-3,-1,0,0,0,57,-82,-7,None
0,1,-3,0,9,-2,-2,-3,-2,0,0,0,57,-82,-7,None
0,2,5,-4,-32,-5,-1,-2,-1,0,0,0,57,-82,-7,None
0,-3,-1,-2,11,3,-3,-4,-3,0,0,0,57,-82,-7,None
0,-2,-1,-2,6,4,-1,0,-1,0,0,0,57,-82,-7,None
0,-2,-1,-2,6,4,-1,0,-1,0,0,0,57,-82,-7,None
0,-2,-1,-2,6,4,-1,0,-1,0,0,0,57,-82,-7,None
0,-2,-1,-2,-5,1,1,-1,0,0,0,0,57,-82,-7,None
0,-1,-4,-2,7,1,-2,0,-2,0,0,0,57,-82,-7,None
0,0,4,-2,-2,-2,-2,-1,-1,0,0,0,57,-82,-7,None
0,-2,-2,-2,-4,-1,-2,-2,-1,0,0,0,57,-82,-7,None
0,-2,-2,-2,-4,-1,-2,-2,-1,0,0,0,57,-82,-7,None
0,-2,-2,-2,-4,-1,-2,-2,-1,0,0,0,57,-81,-7,None
0,-2,1,-3,-4,-1,-1,-2,-1,0,0,0,57,-81,-7,None
0,-1,0,-3,1,-1,0,-2,-1,0,0,0,57,-81,-7,None
0,0,3,-3,-3,0,-1,1,-1,0,0,0,57,-81,-7,None
0,6,4,0,12,1,-1,-3,-3,0,0,0,57,-81,-7,None
0,6,4,0,12,1,-1,-3,-3,0,0,0,57,-81,-7,None
0,6,4,0,12,1,-1,-3,-3,0,0,0,58,-80,-6,None
0,-8,-6,-5,-15,3,-3,-2,-3,0,0,0,58,-80,-6,None
0,-1,-17,0,10,14,0,-1,-1,0,0,0,58,-80,-6,None
0,-1,-1,-1,3,1,-1,-1,-2,0,0,0,58,-80,-6,None
0,-2,-3,0,-3,-1,0,0,-2,0,0,0,58,-80,-6,None
0,-2,-3,0,-3,-1,0,0,-2,0,0,0,58,-80,-6,None
0,-2,-3,0,-3,-1,0,0,-2,0,0,0,57,-80,-6,None
0,2,10,0,-2,-5,0,-1,0,0,0,0,57,-80,-6,None
0,-2,2,-2,-1,-4,-2,-2,-1,0,0,0,57,-80,-6,None
0,-2,1,0,-3,2,0,-2,-1,0,0,0,57,-80,-6,None
0,-2,3,-3,-2,-2,-2,0,-1,0,0,0,57,-80,-6,None
0,-2,3,-3,-2,-2,-2,0,-1,0,0,0,57,-80,-6,None
0,-2,3,-3,-2,-2,-2,0,-1,0,0,0,59,-80,-4,None
0,-1,-2,-2,0,0,0,-1,1,0,0,0,59,-80,-4,None
0,-2,2,-1,1,-1,-2,-2,-2,0,0,0,59,-80,-4,None
0,-3,-1,-3,-1,-1,0,0,-2,0,0,0,59,-80,-4,None
0,0,2,0,-1,1,0,-2,-1,0,0,0,59,-80,-4,None
0,0,2,0,-1,1,0,-2,-1,0,0,0,59,-80,-4,None
0,0,2,0,-1,1,0,-2,-1,0,0,0,58,-79,-5,None
0,-2,-1,-1,-7,-3,-2,-1,-3,0,0,0,58,-79,-5,None
0,-2,0,0,14,11,0,-2,-2,0,0,0,58,-79,-5,None
0,-1,4,0,-2,-5,0,-2,-2,0,0,0,58,-79,-5,None
0,-3,-2,-4,-4,0,-2,-1,-3,0,0,0,58,-79,-5,None
0,-3,-2,-4,-4,0,-2,-1,-3,0,0,0,58,-79,-5,None
0,-3,-2,-4,-4,0,-2,-1,-3,0,0,0,58,-81,-4,None
0,0,0,-2,0,0,0,-1,1,0,0,0,58,-81,-4,None
0,-1,2,-1,-4,-9,-1,0,-1,0,0,0,58,-81,-4,None
0,2,-2,-3,4,4,-2,-1,0,0,0,0,58,-81,-4,None
0,2,31,2,2,6,0,-1,-2,0,0,0,58,-81,-4,None
0,2,31,2,2,6,0,-1,-2,0,0,0,58,-81,-4,None
0,2,31,2,2,6,0,-1,-2,0,0,0,58,-81,-5,None
0,-3,-51,-4,1,-3,0,-2,-2,0,0,0,58,-81,-5,None
0,-2,3,-4,-3,-3,-1,-2,-2,0,0,0,58,-81,-5,None
0,0,0,-1,-1,1,-1,-2,-1,0,0,0,58,-81,-5,None
0,-1,-2,-1,-1,3,-2,-1,-1,0,0,0,58,-81,-5,None
0,-1,-2,-1,-1,3,-2,-1,-1,0,0,0,58,-81,-5,None
0,-1,-2,-1,-1,3,-2,-1,-1,0,0,0,58,-81,-6,None
0,-3,16,-1,1,2,-1,-1,0,0,0,0,58,-81,-6,None
0,-1,-2,-2,-2,-2,-1,-1,-1,0,0,0,58,-81,-6,None
0,1,-1,-1,-1,-4,0,-2,-2,0,0,0,58,-81,-6,None
0,-6,-4,-5,2,6,-2,-2,-1,0,0,0,58,-81,-6,None
0,-6,-4,-5,2,6,-2,-2,-1,0,0,0,58,-81,-6,None
0,-6,-4,-5,2,6,-2,-2,-1,0,0,0,58,-81,-5,None
0,0,10,-5,-31,-4,-2,-1,-2,0,0,0,58,-81,-5,None
0,-2,-5,-2,4,-1,-1,-1,-1,0,0,0,58,-81,-5,None
0,-1,7,0,-1,4,-1,-1,-2,0,0,0,58,-81,-5,None
0,-2,-9,-2,-1,0,-1,-1,0,0,0,0,58,-81,-5,None
0,-2,-9,-2,-1,0,-1,-1,0,0,0,0,58,-81,-5,None
0,-2,-9,-2,-1,0,-1,-1,0,0,0,0,57,-82,-6,None
0,1,10,-2,8,4,0,-1,-1,0,0,0,57,-82,-6,None
0,1,-1,-3,-2,-2,-2,-1,0,0,0,0,57,-82,-6,None
0,-4,-1,0,-5,-5,0,0,-2,0,0,0,57,-82,-6,None
0,-1,21,-1,-2,-1,0,-3,-1,0,0,0,57,-82,-6,None
0,-1,21,-1,-2,-1,0,-3,-1,0,0,0,57,-82,-6,None
0,-1,21,-1,-2,-1,0,-3,-1,0,0,0,57,-81,-5,None
0,-1,5,-1,4,-2,0,0,-1,0,0,0,57,-81,-5,None
0,-2,18,1,-2,0,1,0,-2,0,0,0,57,-81,-5,None
0,-3,-13,-2,4,7,0,-1,0,0,0,0,57,-81,-5,None
0,-2,-10,-2,0,1,0,-3,-1,0,0,0,57,-81,-5,None
0,-2,-10,-2,0,1,0,-3,-1,0,0,0,57,-81,-5,None
0,-2,-10,-2,0,1,0,-3,-1,0,0,0,56,-81,-5,None
0,0,11,-1,6,0,0,-3,-2,0,0,0,56,-81,-5,None
0,0,-7,-3,-3,1,0,0,-1,0,0,0,56,-81,-5,None
0,-1,8,-1,-3,0,-2,-1,0,0,0,0,56,-81,-5,None
0,-2,0,-3,-2,-3,-3,-1,-1,0,0,0,56,-81,-5,None
0,-2,0,-3,-2,-3,-3,-1,-1,0,0,0,56,-81,-5,None
0,-2,0,-3,-2,-3,-3,-1,-1,0,0,0,57,-80,-5,None
0,4,1,-2,0,1,-2,-2,-2,0,0,0,57,-80,-5,None
0,2,6,0,0,-1,-3,-1,-1,0,0,0,57,-80,-5,None
0,-2,-3,-4,-2,-1,-3,-2,-3,0,0,0,57,-80,-5,None
0,-1,-12,-2,-2,-2,-1,-1,-1,0,0,0,57,-80,-5,None
0,-1,-12,-2,-2,-2,-1,-1,-1,0,0,0,57,-80,-5,None
0,-1,-12,-2,-2,-2,-1,-1,-1,0,0,0,57,-80,-5,None
0,-3,-1,0,8,0,0,-1,0,0,0,0,57,-80,-5,None
0,-2,-2,-2,-5,4,-1,-1,-2,0,0,0,57,-80,-5,None
0,0,5,-2,-2,-2,-2,-3,-2,0,0,0,57,-80,-5,None
0,-2,-8,-2,0,-1,-1,-3,-2,0,0,0,57,-80,-5,None
0,-2,-8,-2,0,-1,-1,-3,-2,0,0,0,57,-80,-5,None
0,-2,-8,-2,0,-1,-1,-3,-2,0,0,0,58,-81,-5,None
0,-1,1,0,0,-2,-1,-1,-3,0,0,0,58,-81,-5,None
0,-1,2,-3,-1,0,-1,0,-1,0,0,0,58,-81,-5,None
0,-4,10,0,-2,-3,-3,-3,-2,0,0,0,58,-81,-5,None
0,-1,-3,-3,2,9,0,-1,-3,0,0,0,58,-81,-5,None
0,-1,-3,-3,2,9,0,-1,-3,0,0,0,58,-81,-5,None
0,-1,-3,-3,2,9,0,-1,-3,0,0,0,56,-82,-6,None
0,-1,0,-1,-3,1,0,-1,-1,0,0,0,56,-82,-6,None
0,-4,-7,-2,4,1,-1,-2,0,0,0,0,56,-82,-6,None
0,0,-1,-4,-3,-8,0,0,1,0,0,0,56,-82,-6,None
0,1,-2,-2,-2,-3,-1,-1,-1,0,0,0,56,-82,-6,None
0,1,-2,-2,-2,-3,-1,-1,-1,0,0,0,56,-82,-6,None
0,1,-2,-2,-2,-3,-1,-1,-1,0,0,0,56,-83,-6,None
0,-2,-1,-3,0,3,-2,-2,-1,0,0,0,56,-83,-6,None
0,0,7,-4,-3,-3,-1,-3,-2,0,0,0,56,-83,-6,None
0,0,7,-2,0,4,1,-2,-1,0,0,0,56,-83,-6,None
0,-4,-34,-3,3,-1,-2,-1,-1,0,0,0,56,-83,-6,None
0,-4,-34,-3,3,-1,-2,-1,-1,0,0,0,56,-83,-6,None
0,-4,-34,-3,3,-1,-2,-1,-1,0,0,0,58,-81,-6,None
0,-3,-2,-1,-2,7,0,-1,-2,0,0,0,58,-81,-6,None
0,-3,-2,-1,-5,5,-1,-2,-2,0,0,0,58,-81,-6,None
0,-3,-9,-2,5,-2,-1,-3,-2,0,0,0,58,-81,-6,None
0,1,10,-1,-6,-1,-1,0,-1,0,0,0,58,-81,-6,None
0,1,10,-1,-6,-1,-1,0,-1,0,0,0,58,-81,-6,None
0,1,10,-1,-6,-1,-1,0,-1,0,0,0,58,-79,-6,None
0,0,2,-3,5,-1,-3,-1,-1,0,0,0,58,-79,-6,None
0,-1,-6,-1,0,0,-1,-1,0,0,0,0,58,-79,-6,None
0,-2,5,-2,-5,5,-1,-1,-1,0,0,0,58,-79,-6,None
0,0,5,-2,-1,-2,-1,-1,-1,0,0,0,58,-79,-6,None
0,0,5,-2,-1,-2,-1,-1,-1,0,0,0,58,-79,-6,None
0,0,5,-2,-1,-2,-1,-1,-1,0,0,0,58,-79,-6,None
0,-2,-2,-3,1,-1,-1,-2,-3,0,0,0,58,-79,-6,None
0,-2,5,-1,3,0,0,-2,-2,0,0,0,58,-79,-6,None
0,-4,-3,-2,-3,1,-1,-1,0,0,0,0,58,-79,-6,None
0,1,4,0,-3,-4,-1,-1,-2,0,0,0,58,-79,-6,None
0,1,4,0,-3,-4,-1,-1,-2,0,0,0,58,-79,-6,None
0,1,4,0,-3,-4,-1,-1,-2,0,0,0,57,-81,-6,None
0,3,16,-2,-2,0,-2,-1,0,0,0,0,57,-81,-6,None
0,0,-7,-3,-2,-4,0,-3,-3,0,0,0,57,-81,-6,None
0,-2,1,-2,4,4,-2,-1,0,0,0,0,57,-81,-6,None
0,-2,-3,-2,-1,0,0,-1,-1,0,0,0,57,-81,-6,None
0,-2,-3,-2,-1,0,0,-1,-1,0,0,0,57,-81,-6,None
0,-2,-3,-2,-1,0,0,-1,-1,0,0,0,57,-82,-6,None
0,0,7,-1,-2,0,0,-1,-1,0,0,0,57,-82,-6,None
0,-1,1,-3,1,0,-2,-1,0,0,0,0,57,-82,-6,None
0,1,-2,-1,3,-2,-2,0,-2,0,0,0,57,-82,-6,None
0,1,7,-1,1,-1,-2,-1,-1,0,0,0,57,-82,-6,None
0,1,7,-1,1,-1,-2,-1,-1,0,0,0,57,-82,-6,None
0,1,7,-1,1,-1,-2,-1,-1,0,0,0,57,-82,-6,None
0,-2,16,-1,-14,-2,-2,-2,-1,0,0,0,57,-82,-6,None
0,-2,0,-2,8,6,-1,-2,-2,0,0,0,57,-82,-6,None
0,3,14,-1,0,1,-1,-2,0,0,0,0,57,-82,-6,None
0,-5,-27,-3,-3,-2,0,0,0,0,0,0,57,-82,-6,None
0,-5,-27,-3,-3,-2,0,0,0,0,0,0,57,-82,-6,None
0,-5,-27,-3,-3,-2,0,0,0,0,0,0,57,-81,-5,None
0,-3,7,-2,6,0,-3,-2,-2,0,0,0,57,-81,-5,None
0,0,-4,-1,-4,0,-2,0,-1,0,0,0,57,-81,-5,None
0,-1,12,-2,-6,1,-1,-2,-2,0,0,0,57,-81,-5,None
0,-1,13,-2,0,0,0,-1,-1,0,0,0,57,-81,-5,None
0,-1,13,-2,0,0,0,-1,-1,0,0,0,57,-81,-5,None
0,-1,13,-2,0,0,0,-1,-1,0,0,0,58,-80,-6,None
0,-1,-13,-2,-1,0,0,-2,1,0,0,0,58,-80,-6,None
0,1,4,-3,-5,3,-1,-1,-1,0,0,0,58,-80,-6,None
0,2,-11,-1,9,-10,0,0,-2,0,0,0,58,-80,-6,None
0,-3,0,-4,-31,-8,-3,-3,-2,0,0,0,58,-80,-6,None
0,-3,0,-4,-31,-8,-3,-3,-2,0,0,0,58,-80,-6,None
0,-3,0,-4,-31,-8,-3,-3,-2,0,0,0,57,-81,-5,None
0,-4,-14,-2,14,12,0,-1,-4,0,0,0,57,-81,-5,None
0,-1,3,-1,2,-1,-1,-1,0,0,0,0,57,-81,-5,None
0,0,-6,-2,-6,0,-1,-2,1,0,0,0,57,-81,-5,None
0,-1,4,-1,4,-1,-1,-1,0,0,0,0,57,-81,-5,None
0,-1,4,-1,4,-1,-1,-1,0,0,0,0,57,-81,-5,None
0,-1,4,-1,4,-1,-1,-1,0,0,0,0,57,-81,-6,None
0,-2,5,0,-5,-4,-1,-1,-1,0,0,0,57,-81,-6,None
0,-1,1,-3,-6,-1,0,-1,-1,0,0,0,57,-81,-6,None
0,-3,-5,-3,0,5,0,-2,-2,0,0,0,57,-81,-6,None
0,-1,4,-1,5,4,0,0,-2,0,0,0,57,-81,-6,None
0,-1,4,-1,5,4,0,0,-2,0,0,0,57,-81,-6,None
0,-1,4,-1,5,4,0,0,-2,0,0,0,58,-81,-6,None
0,1,-6,-4,-1,0,-1,-1,-1,0,0,0,58,-81,-6,None
0,0,1,0,3,-1,0,-2,-2,0,0,0,58,-81,-6,None
0,-4,-4,0,-3,1,0,0,-1,0,0,0,58,-81,-6,None
0,2,25,-3,4,2,-2,-2,-3,0,0,0,58,-81,-6,None
0,2,25,-3,4,2,-2,-2,-3,0,0,0,58,-81,-6,None
0,2,25,-3,4,2,-2,-2,-3,0,0,0,57,-81,-6,None
0,1,-18,0,0,-2,0,-2,-1,0,0,0,57,-81,-6,None
