0,1,-2,1,15,13,-3,13,1,0,0,0,71,-111,3,None
0,-3,1,-2,0,3,-1,-27,-5,0,0,0,71,-111,3,None
0,-3,2,9,-4,3,-6,17,1,0,0,0,71,-111,3,None
0,-3,2,9,-4,3,-6,17,1,0,0,0,71,-111,3,None
0,-3,2,9,-4,3,-6,17,1,0,0,0,58,-113,4,None
0,2,-3,-6,-10,-2,-2,-10,0,0,0,0,58,-113,4,None
0,-2,-3,-11,-3,-2,-6,4,-2,0,0,0,58,-113,4,None
0,-3,2,-3,0,3,9,1,-2,0,0,0,58,-113,4,None
0,-3,-1,0,-4,2,-5,-11,-1,0,0,0,58,-113,4,None
0,-3,-1,0,-4,2,-5,-11,-1,0,0,0,58,-113,4,None
0,-3,-1,0,-4,2,-5,-11,-1,0,0,0,47,-136,11,None
0,0,1,-1,-1,-1,-8,-1,-1,0,0,0,47,-136,11,None
0,-4,-1,8,-10,-3,-15,-5,-5,0,0,0,47,-136,11,None
0,1,1,0,4,10,9,2,-1,0,0,0,47,-136,11,None
0,1,2,3,9,-13,-2,-2,2,0,0,0,47,-136,11,None
0,1,2,3,9,-13,-2,-2,2,0,0,0,47,-136,11,None
0,1,2,3,9,-13,-2,-2,2,0,0,0,38,-145,10,None
0,0,-2,-10,-2,7,-1,-5,-2,0,0,0,38,-145,10,None
0,-1,-1,-8,-1,1,-7,7,-1,0,0,0,38,-145,10,None
0,1,2,3,-1,-2,18,4,4,0,0,0,38,-145,10,None
0,-3,-2,-3,7,-6,-16,-13,-6,0,0,0,38,-145,10,None
0,-3,-2,-3,7,-6,-16,-13,-6,0,0,0,38,-145,10,None
0,-3,-2,-3,7,-6,-16,-13,-6,0,0,0,29,-126,9,None
0,-2,-3,-3,-5,2,-16,-7,-6,0,0,0,29,-126,9,None
0,1,1,-2,-4,4,8,3,-1,0,0,0,29,-126,9,None
0,-4,-2,4,6,-5,1,-3,-4,0,0,0,29,-126,9,None
0,0,2,-1,-2,7,-8,-6,-1,0,0,0,29,-126,9,None
0,0,2,-1,-2,7,-8,-6,-1,0,0,0,29,-126,9,None
0,0,2,-1,-2,7,-8,-6,-1,0,0,0,19,-116,7,None
0,-2,3,15,-2,8,-11,-3,-2,0,0,0,19,-116,7,None
0,2,0,0,-4,1,17,10,4,0,0,0,19,-116,7,None
0,0,-1,-7,3,4,-10,0,1,0,0,0,19,-116,7,None
0,-5,-2,-3,-9,4,7,-5,-3,0,0,0,19,-116,7,None
0,-5,-2,-3,-9,4,7,-5,-3,0,0,0,19,-116,7,None
0,-5,-2,-3,-9,4,7,-5,-3,0,0,0,10,-112,7,None
0,-1,1,0,0,4,-8,-9,-5,0,0,0,10,-112,7,None
0,1,3,-4,0,-3,-8,2,-1,0,0,0,10,-112,7,None
0,-4,-4,-12,1,-5,16,-1,-2,0,0,0,10,-112,7,None
0,-1,0,1,2,9,-5,-2,0,0,0,0,10,-112,7,None
0,-1,0,1,2,9,-5,-2,0,0,0,0,10,-112,7,None
0,-1,0,1,2,9,-5,-2,0,0,0,0,4,-117,6,None
0,-4,-2,-4,2,-8,-15,0,-3,0,0,0,4,-117,6,None
0,0,1,-3,4,-3,-2,-6,-1,0,0,0,4,-117,6,None
0,-2,3,2,1,-3,-7,-3,-4,0,0,0,4,-117,6,None
0,0,-1,-10,7,5,20,-1,-3,0,0,0,4,-117,6,None
0,0,-1,-10,7,5,20,-1,-3,0,0,0,4,-117,6,None
0,0,-1,-10,7,5,20,-1,-3,0,0,0,0,-120,5,None
0,-2,-1,-7,8,9,-4,-1,-1,0,0,0,0,-120,5,None
0,-1,0,1,-3,-10,-8,-1,0,0,0,0,0,-120,5,None
0,-1,1,5,-3,17,-2,-6,-6,0,0,0,0,-120,5,None
0,0,1,4,10,-9,-15,-1,4,0,0,0,0,-120,5,None
0,0,1,4,10,-9,-15,-1,4,0,0,0,0,-120,5,None
0,0,1,4,10,-9,-15,-1,4,0,0,0,-6,-115,2,None
0,2,3,0,-7,1,22,6,-1,0,0,0,-6,-115,2,None
0,-2,0,-4,4,1,-24,-6,-2,0,0,0,-6,-115,2,None
0,-1,1,1,6,-14,13,-4,-3,0,0,0,-6,-115,2,None
0,0,0,0,-6,18,-4,4,0,0,0,0,-6,-115,2,None
0,0,0,0,-6,18,-4,4,0,0,0,0,-6,-115,2,None
0,0,0,0,-6,18,-4,4,0,0,0,0,-15,-111,3,None
0,0,0,1,-9,8,15,-4,0,0,0,0,-15,-111,3,None
0,-4,-2,-2,7,-5,-7,3,-2,0,0,0,-15,-111,3,None
0,-1,1,4,1,2,4,1,-2,0,0,0,-15,-111,3,None
0,-1,2,-2,-5,-3,-12,-8,-5,0,0,0,-15,-111,3,None
0,-1,2,-2,-5,-3,-12,-8,-5,0,0,0,-15,-111,3,None
0,-1,2,-2,-5,-3,-12,-8,-5,0,0,0,-24,-104,5,None
0,1,1,-2,7,14,-1,3,2,0,0,0,-24,-104,5,None
0,1,1,2,-15,3,17,4,0,0,0,0,-24,-104,5,None
0,0,1,-6,-16,-26,-11,-1,0,0,0,0,-24,-104,5,None
0,-3,-1,-2,27,-6,-23,-6,-5,0,0,0,-24,-104,5,None
0,-3,-1,-2,27,-6,-23,-6,-5,0,0,0,-24,-104,5,None
0,-3,-1,-2,27,-6,-23,-6,-5,0,0,0,-32,-93,4,None
0,-3,-2,-2,4,43,4,-4,-3,0,0,0,-32,-93,4,None
0,1,1,-5,-29,-61,18,8,3,0,0,0,-32,-93,4,None
0,0,2,1,-2,20,3,0,0,0,0,0,-32,-93,4,None
0,-3,-4,-5,-49,2,-4,-6,-6,0,0,0,-32,-93,4,None
0,-3,-4,-5,-49,2,-4,-6,-6,0,0,0,-32,-93,4,None
0,-3,-4,-5,-49,2,-4,-6,-6,0,0,0,-38,-83,2,None
0,-1,1,-7,1,-4,-20,1,-1,0,0,0,-38,-83,2,None
0,-1,2,-3,11,13,-9,-7,-3,0,0,0,-38,-83,2,None
0,1,3,-2,1,-4,10,2,2,0,0,0,-38,-83,2,None
0,-4,-5,-5,-19,-9,-5,-5,-4,0,0,0,-38,-83,2,None
0,-4,-5,-5,-19,-9,-5,-5,-4,0,0,0,-38,-83,2,None
0,-4,-5,-5,-19,-9,-5,-5,-4,0,0,0,-44,-73,0,None
0,-1,1,-4,-54,43,-2,-1,-3,0,0,0,-44,-73,0,None
0,0,-1,-6,-21,-35,0,3,1,0,0,0,-44,-73,0,None
0,-3,-1,-1,58,31,-17,-7,-5,0,0,0,-44,-73,0,None
0,-1,4,8,6,24,4,0,1,0,0,0,-44,-73,0,None
0,-1,4,8,6,24,4,0,1,0,0,0,-44,-73,0,None
0,-1,4,8,6,24,4,0,1,0,0,0,-49,-65,0,None
0,-4,-6,-17,-40,-59,3,-2,-2,0,0,0,-49,-65,0,None
0,0,1,2,31,21,-6,0,-1,0,0,0,-49,-65,0,None
0,3,2,-4,-6,48,16,6,4,0,0,0,-49,-65,0,None
0,-1,2,3,36,-10,8,-3,-3,0,0,0,-49,-65,0,None
0,-1,2,3,36,-10,8,-3,-3,0,0,0,-49,-65,0,None
0,-1,2,3,36,-10,8,-3,-3,0,0,0,-53,-58,1,None
0,0,1,1,-12,-7,0,-1,-1,0,0,0,-53,-58,1,None
0,-3,0,-2,20,-1,-25,-6,-4,0,0,0,-53,-58,1,None
0,-3,0,0,-41,-19,11,1,-2,0,0,0,-53,-58,1,None
0,-1,2,-7,15,65,8,4,1,0,0,0,-53,-58,1,None
0,-1,2,-7,15,65,8,4,1,0,0,0,-53,-58,1,None
0,-1,2,-7,15,65,8,4,1,0,0,0,-58,-57,5,None
0,-1,2,4,2,-57,-13,-1,0,0,0,0,-58,-57,5,None
0,-4,-2,0,11,40,6,-6,-5,0,0,0,-58,-57,5,None
0,-3,-5,-12,37,-87,-13,-5,-1,0,0,0,-58,-57,5,None
0,-1,-1,-1,17,15,8,4,1,0,0,0,-58,-57,5,None
0,-1,-1,-1,17,15,8,4,1,0,0,0,-58,-57,5,None
0,-1,-1,-1,17,15,8,4,1,0,0,0,-59,-52,9,None
0,0,2,-2,1,22,3,1,0,0,0,0,-59,-52,9,None
0,0,4,7,55,60,12,0,-1,0,0,0,-59,-52,9,None
0,-4,-3,-7,-42,32,-7,-7,-4,0,0,0,-59,-52,9,None
0,2,1,4,24,-51,6,2,2,0,0,0,-59,-52,9,None
0,2,1,4,24,-51,6,2,2,0,0,0,-59,-52,9,None
0,2,1,4,24,-51,6,2,2,0,0,0,-58,-46,13,None
0,2,4,3,47,27,1,2,3,0,0,0,-58,-46,13,None
0,2,6,25,61,41,3,2,-1,0,0,0,-58,-46,13,None
0,-3,-10,-34,-53,-120,-32,-5,-3,0,0,0,-58,-46,13,None
0,-3,-2,10,59,100,10,-3,-3,0,0,0,-58,-46,13,None
0,-3,-2,10,59,100,10,-3,-3,0,0,0,-58,-46,13,None
0,-3,-2,10,59,100,10,-3,-3,0,0,0,-57,-46,12,None
0,-1,0,-4,25,-12,2,1,0,0,0,0,-57,-46,12,None
0,-1,0,-2,12,104,3,-4,0,0,0,0,-57,-46,12,None
0,2,6,4,-29,-54,-9,1,0,0,0,0,-57,-46,12,None
0,0,1,-7,-14,-44,3,0,-1,0,0,0,-57,-46,12,None
0,0,1,-7,-14,-44,3,0,-1,0,0,0,-57,-46,12,None
0,0,1,-7,-14,-44,3,0,-1,0,0,0,-54,-41,15,None
0,6,54,9,96,78,-9,-7,-4,0,0,0,-54,-41,15,None
0,-10,-39,-8,1,-91,2,-1,-2,0,0,0,-54,-41,15,None
0,-6,-6,-1,-13,24,6,-3,-5,0,0,0,-54,-41,15,None
0,0,-6,-15,-77,24,2,2,1,0,0,0,-54,-41,15,None
0,0,-6,-15,-77,24,2,2,1,0,0,0,-54,-41,15,None
0,0,-6,-15,-77,24,2,2,1,0,0,0,-60,-45,15,None
0,-1,3,4,-41,-57,-4,-4,-1,0,0,0,-60,-45,15,None
0,2,5,-16,-13,-94,-8,-4,-4,0,0,0,-60,-45,15,None
0,2,26,10,-2,111,7,0,-1,0,0,0,-60,-45,15,None
0,-2,-7,4,33,-82,-18,-5,-3,0,0,0,-60,-45,15,None
0,-2,-7,4,33,-82,-18,-5,-3,0,0,0,-60,-45,15,None
0,-2,-7,4,33,-82,-18,-5,-3,0,0,0,-63,-43,13,None
0,-2,-16,-4,-38,-1,2,1,-1,0,0,0,-63,-43,13,None
0,0,1,-2,-60,-65,4,2,1,0,0,0,-63,-43,13,None
0,-3,-4,-1,19,49,8,0,-1,0,0,0,-63,-43,13,None
0,0,10,-3,-6,-9,-1,0,-1,0,0,0,-63,-43,13,None
0,0,10,-3,-6,-9,-1,0,-1,0,0,0,-63,-43,13,None
0,0,10,-3,-6,-9,-1,0,-1,0,0,0,-64,-42,13,None
0,-2,-13,-1,3,-3,1,0,-1,0,0,0,-64,-42,13,None
0,1,6,-12,-56,-31,-8,-1,-3,0,0,0,-64,-42,13,None
0,2,4,5,23,33,-2,2,-1,0,0,0,-64,-42,13,None
0,1,14,0,-17,23,-1,-5,-1,0,0,0,-64,-42,13,None
0,1,14,0,-17,23,-1,-5,-1,0,0,0,-64,-42,13,None
0,1,14,0,-17,23,-1,-5,-1,0,0,0,-66,-38,15,None
0,-9,-45,-4,26,-44,3,0,-1,0,0,0,-66,-38,15,None
0,-1,7,-2,-2,47,0,-2,-1,0,0,0,-66,-38,15,None
0,-2,-10,12,77,11,6,-1,0,0,0,0,-66,-38,15,None
0,-3,-5,-14,-68,4,0,2,-2,0,0,0,-66,-38,15,None
0,-3,-5,-14,-68,4,0,2,-2,0,0,0,-66,-38,15,None
0,-3,-5,-14,-68,4,0,2,-2,0,0,0,-67,-35,17,None
0,-3,2,-3,-14,29,-7,-5,-4,0,0,0,-67,-35,17,None
0,-2,4,-7,-6,37,-5,-4,-4,0,0,0,-67,-35,17,None
0,1,-3,8,9,-21,-20,-5,-2,0,0,0,-67,-35,17,None
0,2,3,-3,4,-2,25,8,2,0,0,0,-67,-35,17,None
0,2,3,-3,4,-2,25,8,2,0,0,0,-67,-35,17,None
0,2,3,-3,4,-2,25,8,2,0,0,0,-70,-32,19,None
0,1,7,-7,25,-29,-15,-5,0,0,0,0,-70,-32,19,None
0,-2,2,18,2,85,-20,-10,-5,0,0,0,-70,-32,19,None
0,1,3,-1,-1,9,29,12,5,0,0,0,-70,-32,19,None
0,-2,-1,11,31,-27,-53,-17,-6,0,0,0,-70,-32,19,None
0,-2,-1,11,31,-27,-53,-17,-6,0,0,0,-70,-32,19,None
0,-2,-1,11,31,-27,-53,-17,-6,0,0,0,-75,-25,18,None
0,0,4,11,-43,12,4,2,-2,0,0,0,-75,-25,18,None
0,-1,-1,-35,-8,-9,-23,-1,0,0,0,0,-75,-25,18,None
0,102,10,-8,4,17,-53,6,45,0,0,0,-75,-25,18,None
0,-77,-4,-29,-36,-5,60,-3,3,0,0,0,-75,-25,18,None
0,-77,-4,-29,-36,-5,60,-3,3,0,0,0,-75,-25,18,None
0,-77,-4,-29,-36,-5,60,-3,3,0,0,0,-80,-24,22,None
0,6,41,78,8,-11,71,34,-28,0,0,0,-80,-24,22,None
0,95,3,17,-15,-78,97,21,87,0,0,0,-80,-24,22,None
0,-122,-32,-19,-49,117,-83,4,63,0,0,0,-80,-24,22,None
0,127,87,107,-35,-30,45,21,-15,0,0,0,-80,-24,22,None
0,127,87,107,-35,-30,45,21,-15,0,0,0,-80,-24,22,None
0,127,87,107,-35,-30,45,21,-15,0,0,0,-89,-17,23,None
0,-117,-117,-82,33,49,-15,8,-85,0,0,0,-89,-17,23,None
0,77,-67,-106,30,32,-4,-66,-128,0,0,0,-89,-17,23,None
0,-88,-60,81,82,-71,127,47,31,0,0,0,-89,-17,23,None
0,-7,81,-97,34,-45,-81,-32,-90,0,0,0,-89,-17,23,None
0,-7,81,-97,34,-45,-81,-32,-90,0,0,0,-89,-17,23,None
0,-7,81,-97,34,-45,-81,-32,-90,0,0,0,-118,-3,6,None
0,78,-86,-1,-98,-14,-99,-22,125,0,0,0,-118,-3,6,None
0,-95,-17,121,-43,-40,-37,-2,-111,0,0,0,-118,-3,6,None
0,127,-76,29,105,81,30,43,78,0,0,0,-118,-3,6,None
0,59,25,-112,-49,61,-90,42,110,0,0,0,-118,-3,6,None
0,59,25,-112,-49,61,-90,42,110,0,0,0,-118,-3,6,None
0,59,25,-112,-49,61,-90,42,110,0,0,0,-98,-37,11,None
0,-57,63,28,-27,-78,41,-45,-109,0,0,0,-98,-37,11,None
0,54,3,-31,40,-2,-98,2,30,0,0,0,-98,-37,11,None
0,-43,44,-6,-31,-26,-2,-32,-48,0,0,0,-98,-37,11,None
0,48,-56,91,63,-5,24,14,60,0,0,0,-98,-37,11,None
0,48,-56,91,63,-5,24,14,60,0,0,0,-98,-37,11,None
0,48,-56,91,63,-5,24,14,60,0,0,0,-70,-26,5,None
0,52,15,-49,22,27,-10,14,87,0,0,0,-70,-26,5,None
0,-49,5,-9,-45,8,4,-1,49,0,0,0,-70,-26,5,None
0,-58,28,5,36,-23,2,-18,-64,0,0,0,-70,-26,5,None
0,11,17,3,-67,56,40,3,-7,0,0,0,-70,-26,5,None
0,11,17,3,-67,56,40,3,-7,0,0,0,-70,-26,5,None
0,11,17,3,-67,56,40,3,-7,0,0,0,-42,-40,25,None
0,-43,-62,-50,28,-17,-45,-38,-30,0,0,0,-42,-40,25,None
0,-36,85,20,86,53,32,15,-59,0,0,0,-42,-40,25,None
0,20,-37,-7,-110,-65,-5,-17,-15,0,0,0,-42,-40,25,None
0,-45,76,-12,-4,-62,-32,65,82,0,0,0,-42,-40,25,None
0,-45,76,-12,-4,-62,-32,65,82,0,0,0,-42,-40,25,None
0,-45,76,-12,-4,-62,-32,65,82,0,0,0,-81,-36,-5,None
0,12,-26,16,117,4,0,-22,4,0,0,0,-81,-36,-5,None
0,-48,-62,24,15,31,12,-41,-50,0,0,0,-81,-36,-5,None
0,-67,-97,-46,43,127,16,39,-49,0,0,0,-81,-36,-5,None
0,50,23,10,-6,-76,-64,27,-128,0,0,0,-81,-36,-5,None
0,50,23,10,-6,-76,-64,27,-128,0,0,0,-81,-36,-5,None
0,50,23,10,-6,-76,-64,27,-128,0,0,0,-129,-34,33,None
0,-124,54,15,-76,68,19,50,38,0,0,0,-129,-34,33,None
0,34,-5,-4,10,127,46,63,127,0,0,0,-129,-34,33,None
0,34,15,-19,-54,-105,-71,-81,40,0,0,0,-129,-34,33,None
0,-54,-81,-7,-90,88,22,-98,-1,0,0,0,-129,-34,33,None
0,-54,-81,-7,-90,88,22,-98,-1,0,0,0,-129,-34,33,None
0,-54,-81,-7,-90,88,22,-98,-1,0,0,0,-89,-19,14,None
0,119,87,14,92,124,23,-8,-47,0,0,0,-89,-19,14,None
0,-1,4,-37,-128,-101,-41,-10,-34,0,0,0,-89,-19,14,None
0,-25,26,-15,-70,-64,-17,-20,-63,0,0,0,-89,-19,14,None
0,-12,-46,15,112,-17,19,2,27,0,0,0,-89,-19,14,None
0,-12,-46,15,112,-17,19,2,27,0,0,0,-89,-19,14,None
0,-12,-46,15,112,-17,19,2,27,0,0,0,-68,6,22,None
0,32,11,-7,-108,-59,-11,-6,6,0,0,0,-68,6,22,None
0,-14,17,17,60,-16,7,7,19,0,0,0,-68,6,22,None
0,24,54,11,61,-6,1,6,4,0,0,0,-68,6,22,None
0,-18,-25,-7,16,-81,-1,-27,-26,0,0,0,-68,6,22,None
0,-18,-25,-7,16,-81,-1,-27,-26,0,0,0,-68,6,22,None
0,-18,-25,-7,16,-81,-1,-27,-26,0,0,0,-120,-2,18,None
0,-13,24,3,-7,26,-6,6,6,0,0,0,-120,-2,18,None
0,-35,10,9,5,7,-14,-15,-7,0,0,0,-120,-2,18,None
0,38,23,-13,25,-44,55,23,-6,0,0,0,-120,-2,18,None
0,-17,-17,-22,32,97,-61,-21,-9,0,0,0,-120,-2,18,None
0,-17,-17,-22,32,97,-61,-21,-9,0,0,0,-120,-2,18,None
0,-17,-17,-22,32,97,-61,-21,-9,0,0,0,-102,-15,26,None
0,4,36,75,15,-3,-60,-9,29,0,0,0,-102,-15,26,None
0,-24,-22,70,-9,22,-83,0,127,0,0,0,-102,-15,26,None
0,-66,114,-4,9,65,49,43,-47,0,0,0,-102,-15,26,None
0,-56,-29,14,55,20,127,29,-5,0,0,0,-102,-15,26,None
0,-56,-29,14,55,20,127,29,-5,0,0,0,-102,-15,26,None
0,-56,-29,14,55,20,127,29,-5,0,0,0,-129,-4,26,None
0,90,-128,-105,-36,-73,61,-16,28,0,0,0,-129,-4,26,None
0,-92,109,29,56,78,-102,-79,-115,0,0,0,-129,-4,26,None
0,127,-30,-10,106,116,-15,-57,16,0,0,0,-129,-4,26,None
0,-46,82,-50,49,-96,29,3,-1,0,0,0,-129,-4,26,None
0,-46,82,-50,49,-96,29,3,-1,0,0,0,-129,-4,26,None
0,-46,82,-50,49,-96,29,3,-1,0,0,0,-139,0,2,None
0,4,127,94,-62,31,67,-10,-35,0,0,0,-139,0,2,None
0,19,-78,37,-110,-53,-31,40,67,0,0,0,-139,0,2,None
0,-15,88,-11,-5,13,-19,-20,-50,0,0,0,-139,0,2,None
0,127,-54,-55,-128,-49,-24,11,107,0,0,0,-139,0,2,None
0,127,-54,-55,-128,-49,-24,11,107,0,0,0,-139,0,2,None
0,127,-54,-55,-128,-49,-24,11,107,0,0,0,-96,-41,11,None
0,-31,81,0,-46,-65,-122,-13,107,0,0,0,-96,-41,11,None
0,77,7,-49,-35,57,119,50,1,0,0,0,-96,-41,11,None
0,-79,-14,79,-79,9,-96,0,-3,0,0,0,-96,-41,11,None
0,18,-46,10,13,25,-57,-22,-51,0,0,0,-96,-41,11,None
0,18,-46,10,13,25,-57,-22,-51,0,0,0,-96,-41,11,None
0,18,-46,10,13,25,-57,-22,-51,0,0,0,-54,-16,27,None
0,9,20,4,25,-20,-20,33,108,0,0,0,-54,-16,27,None
0,-37,-29,-21,89,-95,79,-1,-99,0,0,0,-54,-16,27,None
0,-28,-42,-34,38,-23,88,38,33,0,0,0,-54,-16,27,None
0,-42,8,20,60,36,15,-4,-11,0,0,0,-54,-16,27,None
0,-42,8,20,60,36,15,-4,-11,0,0,0,-54,-16,27,None
0,-42,8,20,60,36,15,-4,-11,0,0,0,-65,-59,18,None
0,-38,-61,-8,56,-17,-11,-9,-58,0,0,0,-65,-59,18,None
0,0,7,-33,22,-19,27,6,17,0,0,0,-65,-59,18,None
0,40,-7,-27,-27,-33,-19,-10,0,0,0,0,-65,-59,18,None
0,-15,-2,42,-13,-8,-39,-19,-4,0,0,0,-65,-59,18,None
0,-15,-2,42,-13,-8,-39,-19,-4,0,0,0,-65,-59,18,None
0,-15,-2,42,-13,-8,-39,-19,-4,0,0,0,-118,-32,17,None
0,11,-18,-5,17,25,1,-6,-46,0,0,0,-118,-32,17,None
0,29,5,-10,-13,-4,11,-4,4,0,0,0,-118,-32,17,None
0,11,20,1,-58,-29,-21,0,20,0,0,0,-118,-32,17,None
0,-31,-20,28,8,35,-10,-13,-23,0,0,0,-118,-32,17,None
0,-31,-20,28,8,35,-10,-13,-23,0,0,0,-118,-32,17,None
0,-31,-20,28,8,35,-10,-13,-23,0,0,0,-105,-34,10,None
0,-10,-21,-14,62,56,22,13,-26,0,0,0,-105,-34,10,None
0,13,23,-11,25,-66,3,7,23,0,0,0,-105,-34,10,None
0,15,-12,10,23,-46,-35,-15,6,0,0,0,-105,-34,10,None
0,-11,10,-28,-86,28,-3,-8,0,0,0,0,-105,-34,10,None
0,-11,10,-28,-86,28,-3,-8,0,0,0,0,-105,-34,10,None
0,-11,10,-28,-86,28,-3,-8,0,0,0,0,-70,-7,8,None
0,23,-58,21,115,-29,17,-27,28,0,0,0,-70,-7,8,None
0,24,63,-6,-2,43,-16,27,-89,0,0,0,-70,-7,8,None
0,-14,-65,5,0,15,-17,-59,29,0,0,0,-70,-7,8,None
0,92,55,22,55,108,9,57,99,0,0,0,-70,-7,8,None
0,92,55,22,55,108,9,57,99,0,0,0,-70,-7,8,None
0,92,55,22,55,108,9,57,99,0,0,0,-97,-14,14,None
0,-67,103,9,4,-61,-4,18,-76,0,0,0,-97,-14,14,None
0,7,-57,-12,-9,-34,-28,-4,93,0,0,0,-97,-14,14,None
0,-5,109,11,-14,-34,2,8,41,0,0,0,-97,-14,14,None
0,-8,-24,5,1,4,11,-21,-108,0,0,0,-97,-14,14,None
0,-8,-24,5,1,4,11,-21,-108,0,0,0,-97,-14,14,None
0,-8,-24,5,1,4,11,-21,-108,0,0,0,-79,-43,23,None
0,-40,-100,-6,43,91,29,37,39,0,0,0,-79,-43,23,None
0,100,-23,9,15,-65,-35,-26,104,0,0,0,-79,-43,23,None
0,-5,45,-30,-82,-95,-26,6,-55,0,0,0,-79,-43,23,None
0,-120,-66,5,12,-14,-7,-25,2,0,0,0,-79,-43,23,None
0,-120,-66,5,12,-14,-7,-25,2,0,0,0,-79,-43,23,None
0,-120,-66,5,12,-14,-7,-25,2,0,0,0,-55,-49,16,None
0,30,5,-5,-17,80,1,-19,-48,0,0,0,-55,-49,16,None
0,-3,44,4,-25,-26,9,-10,-31,0,0,0,-55,-49,16,None
0,12,-51,-3,13,63,-4,9,6,0,0,0,-55,-49,16,None
0,-4,-5,10,10,-78,-3,-8,-36,0,0,0,-55,-49,16,None
0,-4,-5,10,10,-78,-3,-8,-36,0,0,0,-55,-49,16,None
0,-4,-5,10,10,-78,-3,-8,-36,0,0,0,-69,-13,15,None
0,8,-7,-10,-41,-77,5,-4,-9,0,0,0,-69,-13,15,None
0,-30,7,-4,-16,-19,11,6,8,0,0,0,-69,-13,15,None
0,16,-11,2,-6,-22,-7,7,-10,0,0,0,-69,-13,15,None
0,-11,1,6,5,7,7,-5,7,0,0,0,-69,-13,15,None
0,-11,1,6,5,7,7,-5,7,0,0,0,-69,-13,15,None
0,-11,1,6,5,7,7,-5,7,0,0,0,-86,-12,10,None
0,12,22,-3,-5,-28,-3,4,11,0,0,0,-86,-12,10,None
0,-13,-2,-5,2,54,7,2,-13,0,0,0,-86,-12,10,None
0,2,-3,0,3,24,3,2,-16,0,0,0,-86,-12,10,None
0,6,-3,6,19,-44,-7,-4,9,0,0,0,-86,-12,10,None
0,6,-3,6,19,-44,-7,-4,9,0,0,0,-86,-12,10,None
0,6,-3,6,19,-44,-7,-4,9,0,0,0,-70,-23,10,None
0,8,-6,-11,-43,-3,-7,2,5,0,0,0,-70,-23,10,None
0,-17,0,-3,7,26,-2,-6,-31,0,0,0,-70,-23,10,None
0,1,-14,-4,-10,-2,-1,-2,1,0,0,0,-70,-23,10,None
0,0,18,1,1,40,0,1,19,0,0,0,-70,-23,10,None
0,0,18,1,1,40,0,1,19,0,0,0,-70,-23,10,None
0,0,18,1,1,40,0,1,19,0,0,0,-68,-35,9,None
0,5,-33,-8,0,-1,-7,-5,-9,0,0,0,-68,-35,9,None
0,-13,2,-4,-5,5,0,-4,-7,0,0,0,-68,-35,9,None
0,5,1,0,20,34,-4,2,6,0,0,0,-68,-35,9,None
0,0,-6,1,2,-6,-9,-3,-1,0,0,0,-68,-35,9,None
0,0,-6,1,2,-6,-9,-3,-1,0,0,0,-68,-35,9,None
0,0,-6,1,2,-6,-9,-3,-1,0,0,0,-64,-35,12,None
0,6,22,-3,-11,-4,-1,-5,-11,0,0,0,-64,-35,12,None
0,-4,2,0,4,20,4,-4,-3,0,0,0,-64,-35,12,None
0,3,2,-2,-7,6,-3,3,3,0,0,0,-64,-35,12,None
0,0,4,0,10,5,-1,-2,-6,0,0,0,-64,-35,12,None
0,0,4,0,10,5,-1,-2,-6,0,0,0,-64,-35,12,None
0,0,4,0,10,5,-1,-2,-6,0,0,0,-66,-34,12,None
0,4,3,-4,-24,-16,-3,-1,-1,0,0,0,-66,-34,12,None
0,-10,-4,2,11,38,-2,-4,-2,0,0,0,-66,-34,12,None
0,3,1,-2,8,3,-3,-3,-4,0,0,0,-66,-34,12,None
0,-2,5,1,-5,-8,-1,-2,0,0,0,0,-66,-34,12,None
0,-2,5,1,-5,-8,-1,-2,0,0,0,0,-66,-34,12,None
0,-2,5,1,-5,-8,-1,-2,0,0,0,0,-64,-38,6,None
0,5,9,-2,4,5,0,2,5,0,0,0,-64,-38,6,None
0,0,1,-8,-1,-1,-4,-1,-2,0,0,0,-64,-38,6,None
0,-2,-7,-2,0,-6,-2,-2,-5,0,0,0,-64,-38,6,None
0,-1,-9,-6,1,7,-3,-1,0,0,0,0,-64,-38,6,None
0,-1,-9,-6,1,7,-3,-1,0,0,0,0,-64,-38,6,None
0,-1,-9,-6,1,7,-3,-1,0,0,0,0,-55,-44,11,None
0,1,-1,-1,-8,2,3,1,0,0,0,0,-55,-44,11,None
0,-6,-4,1,-1,2,1,-3,-8,0,0,0,-55,-44,11,None
0,-1,-2,-1,-5,1,2,2,0,0,0,0,-55,-44,11,None
0,-1,-3,1,-8,7,1,1,3,0,0,0,-55,-44,11,None
0,-1,-3,1,-8,7,1,1,3,0,0,0,-55,-44,11,None
0,-1,-3,1,-8,7,1,1,3,0,0,0,-57,-47,17,None
0,2,10,0,3,3,-4,-4,-3,0,0,0,-57,-47,17,None
0,-3,5,-3,-3,-1,-2,0,-4,0,0,0,-57,-47,17,None
0,-1,-3,-2,3,9,1,0,0,0,0,0,-57,-47,17,None
0,0,-2,1,4,0,-2,-4,1,0,0,0,-57,-47,17,None
0,0,-2,1,4,0,-2,-4,1,0,0,0,-57,-47,17,None
0,0,-2,1,4,0,-2,-4,1,0,0,0,-56,-50,14,None
0,1,1,-2,1,0,-2,-1,-3,0,0,0,-56,-50,14,None
0,-4,-2,-1,-7,2,-1,-3,-3,0,0,0,-56,-50,14,None
0,-2,-5,-4,-2,-2,-4,-1,-1,0,0,0,-56,-50,14,None
0,-3,-3,-1,3,1,0,0,-2,0,0,0,-56,-50,14,None
0,-3,-3,-1,3,1,0,0,-2,0,0,0,-56,-50,14,None
0,-3,-3,-1,3,1,0,0,-2,0,0,0,-54,-56,18,None
0,0,4,-1,-8,-2,-1,-4,-1,0,0,0,-54,-56,18,None
0,-2,1,-3,-6,5,2,-3,0,0,0,0,-54,-56,18,None
0,0,0,-1,3,2,-1,-2,-1,0,0,0,-54,-56,18,None
0,-1,3,0,-4,0,-3,-7,-2,0,0,0,-54,-56,18,None
0,-1,3,0,-4,0,-3,-7,-2,0,0,0,-54,-56,18,None
0,-1,3,0,-4,0,-3,-7,-2,0,0,0,-54,-63,23,None
0,0,2,-1,-2,7,1,-2,0,0,0,0,-54,-63,23,None
0,-2,-1,-4,9,2,1,-1,-2,0,0,0,-54,-63,23,None
0,-1,-3,-8,-16,-11,-3,-2,-2,0,0,0,-54,-63,23,None
0,-2,-1,8,9,3,-2,-2,-2,0,0,0,-54,-63,23,None
0,-2,-1,8,9,3,-2,-2,-2,0,0,0,-54,-63,23,None
0,-2,-1,8,9,3,-2,-2,-2,0,0,0,-50,-73,22,None
0,0,-2,-4,19,10,4,4,0,0,0,0,-50,-73,22,None
0,-2,-3,-4,-37,-12,-4,-1,-4,0,0,0,-50,-73,22,None
0,0,1,1,9,6,1,-2,-1,0,0,0,-50,-73,22,None
0,0,1,-1,-8,9,0,2,-1,0,0,0,-50,-73,22,None
0,0,1,-1,-8,9,0,2,-1,0,0,0,-50,-73,22,None
0,0,1,-1,-8,9,0,2,-1,0,0,0,-49,-84,21,None
0,-2,1,-1,6,-8,-6,-2,-2,0,0,0,-49,-84,21,None
0,-1,0,-2,1,1,2,4,-1,0,0,0,-49,-84,21,None
0,1,0,1,-11,4,2,-1,-2,0,0,0,-49,-84,21,None
0,-2,0,-4,-7,-5,0,0,-2,0,0,0,-49,-84,21,None
0,-2,0,-4,-7,-5,0,0,-2,0,0,0,-49,-84,21,None
0,-2,0,-4,-7,-5,0,0,-2,0,0,0,-47,-84,21,None
0,-1,0,-1,-3,6,1,-2,-1,0,0,0,-47,-84,21,None
0,-1,0,0,13,4,-3,-2,-3,0,0,0,-47,-84,21,None
0,-3,-2,-1,-2,20,-6,-2,-2,0,0,0,-47,-84,21,None
0,1,-2,-3,15,-16,5,3,1,0,0,0,-47,-84,21,None
0,1,-2,-3,15,-16,5,3,1,0,0,0,-47,-84,21,None
0,1,-2,-3,15,-16,5,3,1,0,0,0,-41,-88,29,None
0,-1,1,-4,-13,-2,-1,-3,-1,0,0,0,-41,-88,29,None
0,-3,-2,-1,2,-5,-6,-5,-2,0,0,0,-41,-88,29,None
0,-2,0,-5,11,4,-7,-3,-2,0,0,0,-41,-88,29,None
0,-1,-1,0,-5,8,1,0,0,0,0,0,-41,-88,29,None
0,-1,-1,0,-5,8,1,0,0,0,0,0,-41,-88,29,None
0,-1,-1,0,-5,8,1,0,0,0,0,0,-39,-97,31,None
0,-2,1,-2,-5,-6,-4,1,-1,0,0,0,-39,-97,31,None
0,-1,-1,-4,3,7,0,-1,-1,0,0,0,-39,-97,31,None
0,1,0,0,13,-7,-2,-2,-1,0,0,0,-39,-97,31,None
0,-2,-1,-6,-19,3,-1,-3,-2,0,0,0,-39,-97,31,None
0,-2,-1,-6,-19,3,-1,-3,-2,0,0,0,-39,-97,31,None
0,-2,-1,-6,-19,3,-1,-3,-2,0,0,0,-33,-103,24,None
0,-1,-2,-2,17,-8,-2,-3,-3,0,0,0,-33,-103,24,None
0,-2,-1,-1,-9,12,0,-4,-1,0,0,0,-33,-103,24,None
0,-1,1,1,5,-2,0,-1,0,0,0,0,-33,-103,24,None
0,-1,0,-2,31,-17,-9,-2,-1,0,0,0,-33,-103,24,None
0,-1,0,-2,31,-17,-9,-2,-1,0,0,0,-33,-103,24,None
0,-1,0,-2,31,-17,-9,-2,-1,0,0,0,-22,-105,22,None
0,-2,-1,-7,-50,3,4,-1,-1,0,0,0,-22,-105,22,None
0,-1,3,-4,-35,-15,-10,-3,-2,0,0,0,-22,-105,22,None
0,-2,0,-2,5,-22,4,-5,-4,0,0,0,-22,-105,22,None
0,-3,-3,-3,30,24,-4,1,-1,0,0,0,-22,-105,22,None
0,-3,-3,-3,30,24,-4,1,-1,0,0,0,-22,-105,22,None
0,-3,-3,-3,30,24,-4,1,-1,0,0,0,-12,-114,28,None
0,0,2,11,15,25,-1,-3,0,0,0,0,-12,-114,28,None
0,-1,-1,-8,-19,-18,0,0,-2,0,0,0,-12,-114,28,None
0,-1,-3,-3,-35,-17,-10,-2,0,0,0,0,-12,-114,28,None
0,0,0,3,18,-2,-7,-3,-4,0,0,0,-12,-114,28,None
0,0,0,3,18,-2,-7,-3,-4,0,0,0,-12,-114,28,None
0,0,0,3,18,-2,-7,-3,-4,0,0,0,-7,-110,25,None
0,1,3,3,-29,-13,2,1,0,0,0,0,-7,-110,25,None
0,-2,-1,-15,62,-9,-5,-1,-2,0,0,0,-7,-110,25,None
0,-1,1,0,-12,36,4,-1,-1,0,0,0,-7,-110,25,None
0,-2,0,-1,-28,12,10,1,-1,0,0,0,-7,-110,25,None
0,-2,0,-1,-28,12,10,1,-1,0,0,0,-7,-110,25,None
0,-2,0,-1,-28,12,10,1,-1,0,0,0,-4,-97,14,None
0,-2,1,-3,-6,-15,-4,-1,-2,0,0,0,-4,-97,14,None
0,1,3,3,3,11,3,-2,-1,0,0,0,-4,-97,14,None
0,-1,2,5,73,16,3,3,1,0,0,0,-4,-97,14,None
0,1,4,18,11,-39,-1,-1,1,0,0,0,-4,-97,14,None
0,1,4,18,11,-39,-1,-1,1,0,0,0,-4,-97,14,None
0,1,4,18,11,-39,-1,-1,1,0,0,0,3,-105,7,None
0,-6,-9,-57,40,0,-2,-3,-3,0,0,0,3,-105,7,None
0,-5,-6,-2,-118,13,-4,-5,-5,0,0,0,3,-105,7,None
0,0,1,10,97,-16,-5,-4,-1,0,0,0,3,-105,7,None
0,-4,-2,28,32,66,-2,-3,-5,0,0,0,3,-105,7,None
0,-4,-2,28,32,66,-2,-3,-5,0,0,0,3,-105,7,None
0,-4,-2,28,32,66,-2,-3,-5,0,0,0,14,-123,12,None
0,0,-2,-5,-84,-97,5,1,-2,0,0,0,14,-123,12,None
0,0,3,9,69,41,10,4,2,0,0,0,14,-123,12,None
0,3,6,-9,-83,-27,6,8,4,0,0,0,14,-123,12,None
0,-5,-9,-32,12,-4,-18,-16,-8,0,0,0,14,-123,12,None
0,-5,-9,-32,12,-4,-18,-16,-8,0,0,0,14,-123,12,None
0,-5,-9,-32,12,-4,-18,-16,-8,0,0,0,16,-124,5,None
0,2,6,19,51,113,3,3,1,0,0,0,16,-124,5,None
0,-1,2,8,29,-29,4,-1,0,0,0,0,16,-124,5,None
0,-3,-3,-17,-50,35,-3,-3,-4,0,0,0,16,-124,5,None
0,1,1,-8,3,-29,-4,1,3,0,0,0,16,-124,5,None
0,1,1,-8,3,-29,-4,1,3,0,0,0,16,-124,5,None
0,1,1,-8,3,-29,-4,1,3,0,0,0,16,-121,-2,None
0,-7,-8,13,-47,29,-4,-7,-8,0,0,0,16,-121,-2,None
0,3,4,9,54,-3,-3,3,0,0,0,0,16,-121,-2,None
0,-3,-3,17,-110,43,11,1,-2,0,0,0,16,-121,-2,None
0,-3,-1,-8,-31,-76,-2,-2,-1,0,0,0,16,-121,-2,None
0,-3,-1,-8,-31,-76,-2,-2,-1,0,0,0,16,-121,-2,None
0,-3,-1,-8,-31,-76,-2,-2,-1,0,0,0,27,-120,-3,None
0,4,8,17,127,21,13,6,4,0,0,0,27,-120,-3,None
0,-9,-15,-64,-82,-90,-10,-11,-7,0,0,0,27,-120,-3,None
0,-8,-7,-16,-35,79,-15,-8,-11,0,0,0,27,-120,-3,None
0,0,2,18,82,105,6,0,0,0,0,0,27,-120,-3,None
0,0,2,18,82,105,6,0,0,0,0,0,27,-120,-3,None
0,0,2,18,82,105,6,0,0,0,0,0,35,-112,3,None
0,-1,-2,-12,-90,-29,-9,-6,-2,0,0,0,35,-112,3,None
0,1,6,16,103,71,9,4,1,0,0,0,35,-112,3,None
0,-3,2,-18,9,-128,-14,-2,1,0,0,0,35,-112,3,None
0,-9,-14,-25,-2,113,-6,-13,-13,0,0,0,35,-112,3,None
0,-9,-14,-25,-2,113,-6,-13,-13,0,0,0,35,-112,3,None
0,-9,-14,-25,-2,113,-6,-13,-13,0,0,0,37,-102,2,None
0,2,5,29,63,47,-4,1,2,0,0,0,37,-102,2,None
0,-3,-6,-39,-52,-55,-4,-3,-3,0,0,0,37,-102,2,None
0,5,5,6,61,-45,9,6,4,0,0,0,37,-102,2,None
0,2,8,8,-16,-14,8,5,2,0,0,0,37,-102,2,None
0,2,8,8,-16,-14,8,5,2,0,0,0,37,-102,2,None
0,2,8,8,-16,-14,8,5,2,0,0,0,41,-106,3,None
0,1,2,11,3,-17,1,0,0,0,0,0,41,-106,3,None
0,-3,-1,2,-97,-73,-8,-9,-2,0,0,0,41,-106,3,None
0,6,11,12,127,34,4,1,6,0,0,0,41,-106,3,None
0,0,0,-24,-52,-30,17,4,1,0,0,0,41,-106,3,None
0,0,0,-24,-52,-30,17,4,1,0,0,0,41,-106,3,None
0,0,0,-24,-52,-30,17,4,1,0,0,0,52,-108,3,None
0,-3,-4,-3,19,-77,-23,-10,-5,0,0,0,52,-108,3,None
0,0,1,45,-8,41,-10,-1,0,0,0,0,52,-108,3,None
0,0,-4,-23,1,-34,4,2,-1,0,0,0,52,-108,3,None
0,0,-4,-10,-28,-23,1,6,0,0,0,0,52,-108,3,None
0,0,-4,-10,-28,-23,1,6,0,0,0,0,52,-108,3,None
0,0,-4,-10,-28,-23,1,6,0,0,0,0,49,-99,1,None
0,-4,-5,-60,-40,79,9,-1,-3,0,0,0,49,-99,1,None
0,4,6,31,24,83,5,6,3,0,0,0,49,-99,1,None
0,1,5,24,6,-57,-2,-2,-1,0,0,0,49,-99,1,None
0,0,4,5,-95,-47,0,1,0,0,0,0,49,-99,1,None
0,0,4,5,-95,-47,0,1,0,0,0,0,49,-99,1,None
0,0,4,5,-95,-47,0,1,0,0,0,0,48,-97,-6,None
0,1,-1,-12,-18,-55,-8,-1,0,0,0,0,48,-97,-6,None
0,-2,3,-9,38,3,4,3,-1,0,0,0,48,-97,-6,None
0,-4,-1,-3,-29,73,3,-3,-4,0,0,0,48,-97,-6,None
0,7,26,2,98,-21,-1,1,2,0,0,0,48,-97,-6,None
0,7,26,2,98,-21,-1,1,2,0,0,0,48,-97,-6,None
0,7,26,2,98,-21,-1,1,2,0,0,0,57,-113,-1,None
0,-11,-39,13,20,31,-4,-7,-3,0,0,0,57,-113,-1,None
0,1,-15,11,85,51,5,1,0,0,0,0,57,-113,-1,None
0,0,-4,29,12,44,2,-2,-1,0,0,0,57,-113,-1,None
0,-3,-10,-57,-49,32,-16,-9,-5,0,0,0,57,-113,-1,None
0,-3,-10,-57,-49,32,-16,-9,-5,0,0,0,57,-113,-1,None
0,-3,-10,-57,-49,32,-16,-9,-5,0,0,0,70,-120,0,None
0,3,22,5,-16,-53,0,-5,-6,0,0,0,70,-120,0,None
0,2,-11,2,-64,16,6,2,0,0,0,0,70,-120,0,None
0,4,24,-16,-6,30,-4,0,-1,0,0,0,70,-120,0,None
0,-2,-36,13,-3,6,1,-4,0,0,0,0,70,-120,0,None
0,-2,-36,13,-3,6,1,-4,0,0,0,0,70,-120,0,None
0,-2,-36,13,-3,6,1,-4,0,0,0,0,70,-99,-1,None
0,1,28,20,31,-5,5,4,0,0,0,0,70,-99,-1,None
0,-5,-6,-22,10,-9,-6,-4,-1,0,0,0,70,-99,-1,None
0,3,34,-22,33,16,0,-3,-2,0,0,0,70,-99,-1,None
0,1,11,21,18,-27,2,1,1,0,0,0,70,-99,-1,None
0,1,11,21,18,-27,2,1,1,0,0,0,70,-99,-1,None
0,1,11,21,18,-27,2,1,1,0,0,0,69,-78,-3,None
0,-1,4,-14,11,-1,0,0,0,0,0,0,69,-78,-3,None
0,-1,6,7,10,-38,0,0,-1,0,0,0,69,-78,-3,None
0,-5,-21,-8,-22,38,-7,-5,-4,0,0,0,69,-78,-3,None
0,-2,13,4,16,8,1,0,0,0,0,0,69,-78,-3,None
0,-2,13,4,16,8,1,0,0,0,0,0,69,-78,-3,None
0,-2,13,4,16,8,1,0,0,0,0,0,62,-79,-1,None
0,-5,-15,-3,8,37,1,-2,-1,0,0,0,62,-79,-1,None
0,4,23,-1,34,94,7,2,2,0,0,0,62,-79,-1,None
0,-8,-11,-2,26,4,-3,-6,-5,0,0,0,62,-79,-1,None
0,2,0,-1,39,27,-2,1,-1,0,0,0,62,-79,-1,None
0,2,0,-1,39,27,-2,1,-1,0,0,0,62,-79,-1,None
0,2,0,-1,39,27,-2,1,-1,0,0,0,63,-83,0,None
0,1,7,-44,-37,-6,-8,-4,-1,0,0,0,63,-83,0,None
0,3,16,6,51,-45,-8,-1,-1,0,0,0,63,-83,0,None
0,-14,-44,16,22,23,3,-1,0,0,0,0,63,-83,0,None
0,22,14,-2,5,-17,-1,-1,-3,0,0,0,63,-83,0,None
0,22,14,-2,5,-17,-1,-1,-3,0,0,0,63,-83,0,None
0,22,14,-2,5,-17,-1,-1,-3,0,0,0,62,-80,0,None
0,-3,11,9,32,41,2,1,0,0,0,0,62,-80,0,None
0,7,49,23,-9,-23,3,-3,-3,0,0,0,62,-80,0,None
0,-2,-21,-20,-40,-46,-6,-1,-3,0,0,0,62,-80,0,None
0,5,4,11,-53,-29,-3,-2,1,0,0,0,62,-80,0,None
0,5,4,11,-53,-29,-3,-2,1,0,0,0,62,-80,0,None
0,5,4,11,-53,-29,-3,-2,1,0,0,0,61,-76,-4,None
0,-25,-1,-1,8,8,1,2,-3,0,0,0,61,-76,-4,None
0,-2,-4,-10,-8,52,-2,-4,-2,0,0,0,61,-76,-4,None
0,4,33,4,-16,-43,-4,0,0,0,0,0,61,-76,-4,None
0,-13,-16,5,13,48,4,0,0,0,0,0,61,-76,-4,None
0,-13,-16,5,13,48,4,0,0,0,0,0,61,-76,-4,None
0,-13,-16,5,13,48,4,0,0,0,0,0,64,-73,-6,None
0,14,1,11,-19,-14,-1,0,0,0,0,0,64,-73,-6,None
0,-12,-21,-10,-21,-15,-5,-2,-3,0,0,0,64,-73,-6,None
0,0,11,-3,-17,4,1,-2,-2,0,0,0,64,-73,-6,None
0,-9,-33,-7,48,16,3,0,-1,0,0,0,64,-73,-6,None
0,-9,-33,-7,48,16,3,0,-1,0,0,0,64,-73,-6,None
0,-9,-33,-7,48,16,3,0,-1,0,0,0,66,-74,-9,None
0,7,-13,-39,-28,-29,-11,-6,-3,0,0,0,66,-74,-9,None
0,-3,-6,-8,-32,-6,-5,-4,-2,0,0,0,66,-74,-9,None
0,5,-5,-2,11,1,1,0,0,0,0,0,66,-74,-9,None
0,-6,13,15,-27,-33,-1,-1,-2,0,0,0,66,-74,-9,None
0,-6,13,15,-27,-33,-1,-1,-2,0,0,0,66,-74,-9,None
0,-6,13,15,-27,-33,-1,-1,-2,0,0,0,66,-75,-9,None
0,4,28,-7,41,-29,-1,2,2,0,0,0,66,-75,-9,None
0,-7,-34,-11,-64,7,2,-2,-3,0,0,0,66,-75,-9,None
0,-2,0,-3,5,10,0,-3,-3,0,0,0,66,-75,-9,None
0,-5,3,-8,-29,-4,-1,-2,-1,0,0,0,66,-75,-9,None
0,-5,3,-8,-29,-4,-1,-2,-1,0,0,0,66,-75,-9,None
0,-5,3,-8,-29,-4,-1,-2,-1,0,0,0,64,-75,-10,None
0,-1,2,13,-7,8,2,1,-1,0,0,0,64,-75,-10,None
0,6,6,-3,24,13,0,0,1,0,0,0,64,-75,-10,None
0,1,-7,-19,0,-27,-2,0,0,0,0,0,64,-75,-10,None
0,-4,11,17,-33,0,-2,-2,-1,0,0,0,64,-75,-10,None
0,-4,11,17,-33,0,-2,-2,-1,0,0,0,64,-75,-10,None
0,-4,11,17,-33,0,-2,-2,-1,0,0,0,59,-80,-10,None
0,3,-8,11,22,26,2,0,0,0,0,0,59,-80,-10,None
0,-4,3,-8,21,-14,-1,-1,-2,0,0,0,59,-80,-10,None
0,0,-3,7,-5,2,-2,0,-1,0,0,0,59,-80,-10,None
0,-1,11,-5,16,-6,-1,-1,-1,0,0,0,59,-80,-10,None
0,-1,11,-5,16,-6,-1,-1,-1,0,0,0,59,-80,-10,None
0,-1,11,-5,16,-6,-1,-1,-1,0,0,0,55,-82,-10,None
0,-2,-5,4,-19,1,0,-1,-2,0,0,0,55,-82,-10,None
0,-3,-3,1,2,-13,-1,-2,-2,0,0,0,55,-82,-10,None
0,1,21,-5,-9,1,-1,1,0,0,0,0,55,-82,-10,None
0,-9,-33,-10,-11,-12,-4,-3,-2,0,0,0,55,-82,-10,None
0,-9,-33,-10,-11,-12,-4,-3,-2,0,0,0,55,-82,-10,None
0,-9,-33,-10,-11,-12,-4,-3,-2,0,0,0,53,-82,-11,None
0,-9,14,17,-35,-33,-2,-3,-3,0,0,0,53,-82,-11,None
0,0,14,-16,8,39,4,-2,-1,0,0,0,53,-82,-11,None
0,-3,-16,12,-10,1,0,-1,-1,0,0,0,53,-82,-11,None
0,5,20,-2,9,2,-3,-1,-1,0,0,0,53,-82,-11,None
0,5,20,-2,9,2,-3,-1,-1,0,0,0,53,-82,-11,None
0,5,20,-2,9,2,-3,-1,-1,0,0,0,52,-86,-12,None
0,-4,-6,4,-7,-11,-2,-1,0,0,0,0,52,-86,-12,None
0,-2,-7,-3,11,-24,-2,-3,-2,0,0,0,52,-86,-12,None
0,1,14,-4,-8,6,0,-1,-4,0,0,0,52,-86,-12,None
0,-3,3,-7,-1,-3,-1,-1,-1,0,0,0,52,-86,-12,None
0,-3,3,-7,-1,-3,-1,-1,-1,0,0,0,52,-86,-12,None
0,-3,3,-7,-1,-3,-1,-1,-1,0,0,0,53,-85,-11,None
0,4,11,0,-5,12,-1,-1,-2,0,0,0,53,-85,-11,None
0,-2,-10,1,0,-15,-3,-1,-2,0,0,0,53,-85,-11,None
0,1,-7,7,-12,2,1,0,-1,0,0,0,53,-85,-11,None
0,-5,-1,-5,33,17,-2,-3,-4,0,0,0,53,-85,-11,None
0,-5,-1,-5,33,17,-2,-3,-4,0,0,0,53,-85,-11,None
0,-5,-1,-5,33,17,-2,-3,-4,0,0,0,54,-84,-11,None
0,-3,-16,-32,-14,11,-5,-6,-3,0,0,0,54,-84,-11,None
0,1,12,2,1,-5,-2,-1,-1,0,0,0,54,-84,-11,None
0,-4,-1,-5,-2,-13,-2,-1,0,0,0,0,54,-84,-11,None
0,0,0,-8,-5,-9,-3,-1,0,0,0,0,54,-84,-11,None
0,0,0,-8,-5,-9,-3,-1,0,0,0,0,54,-84,-11,None
0,0,0,-8,-5,-9,-3,-1,0,0,0,0,55,-84,-10,None
0,2,3,2,3,8,1,1,-1,0,0,0,55,-84,-10,None
0,-2,-4,-1,8,-5,-2,-1,-1,0,0,0,55,-84,-10,None
0,-2,-3,-4,-5,4,-2,-2,-2,0,0,0,55,-84,-10,None
0,2,9,-5,-3,3,1,0,0,0,0,0,55,-84,-10,None
0,2,9,-5,-3,3,1,0,0,0,0,0,55,-84,-10,None
0,2,9,-5,-3,3,1,0,0,0,0,0,57,-82,-9,None
0,-1,-3,4,1,-1,1,0,-1,0,0,0,57,-82,-9,None
0,2,-29,-3,7,-17,-6,-2,-2,0,0,0,57,-82,-9,None
0,4,4,9,6,20,1,1,-1,0,0,0,57,-82,-9,None
0,-1,31,7,-2,-17,-2,-4,-3,0,0,0,57,-82,-9,None
0,-1,31,7,-2,-17,-2,-4,-3,0,0,0,57,-82,-9,None
0,-1,31,7,-2,-17,-2,-4,-3,0,0,0,56,-81,-7,None
0,1,-8,3,3,17,1,1,-1,0,0,0,56,-81,-7,None
0,-4,3,-1,1,-8,1,-1,-1,0,0,0,56,-81,-7,None
0,-3,-7,-5,5,-8,-2,-2,-1,0,0,0,56,-81,-7,None
0,1,4,4,0,-6,-2,0,0,0,0,0,56,-81,-7,None
0,1,4,4,0,-6,-2,0,0,0,0,0,56,-81,-7,None
0,1,4,4,0,-6,-2,0,0,0,0,0,57,-81,-8,None
0,-1,-1,1,-7,0,-2,-2,-2,0,0,0,57,-81,-8,None
0,1,8,-2,2,1,-2,-2,-3,0,0,0,57,-81,-8,None
0,-2,7,-5,-1,8,-2,-2,-1,0,0,0,57,-81,-8,None
0,-1,-4,-10,-3,4,0,-1,-2,0,0,0,57,-81,-8,None
0,-1,-4,-10,-3,4,0,-1,-2,0,0,0,57,-81,-8,None
0,-1,-4,-10,-3,4,0,-1,-2,0,0,0,56,-81,-8,None
0,-1,1,4,14,0,1,-1,0,0,0,0,56,-81,-8,None
0,1,4,16,5,6,-2,-2,-1,0,0,0,56,-81,-8,None
0,-2,-4,8,-35,-9,-5,-5,-6,0,0,0,56,-81,-8,None
0,-3,-12,-11,-23,-19,-2,-2,-2,0,0,0,56,-81,-8,None
0,-3,-12,-11,-23,-19,-2,-2,-2,0,0,0,56,-81,-8,None
0,-3,-12,-11,-23,-19,-2,-2,-2,0,0,0,56,-83,-9,None
0,1,-4,3,8,-3,-1,0,0,0,0,0,56,-83,-9,None
0,1,8,-3,7,2,1,-2,-1,0,0,0,56,-83,-9,None
0,-2,1,-3,9,-5,-1,1,0,0,0,0,56,-83,-9,None
0,0,-2,-2,5,6,0,-1,-1,0,0,0,56,-83,-9,None
0,0,-2,-2,5,6,0,-1,-1,0,0,0,56,-83,-9,None
0,0,-2,-2,5,6,0,-1,-1,0,0,0,55,-83,-9,None
0,0,2,-2,-11,4,-3,-1,-1,0,0,0,55,-83,-9,None
0,-4,6,-4,-13,-8,-1,0,-1,0,0,0,55,-83,-9,None
0,-8,0,-7,-1,2,-1,-2,-3,0,0,0,55,-83,-9,None
0,19,5,-3,7,12,-1,1,-1,0,0,0,55,-83,-9,None
0,19,5,-3,7,12,-1,1,-1,0,0,0,55,-83,-9,None
0,19,5,-3,7,12,-1,1,-1,0,0,0,55,-82,-10,None
0,1,-1,10,-8,-3,1,-1,-1,0,0,0,55,-82,-10,None
0,-4,16,1,9,2,-4,-3,-3,0,0,0,55,-82,-10,None
0,4,-13,3,11,13,1,-1,2,0,0,0,55,-82,-10,None
0,-8,5,-2,-7,1,0,-2,-2,0,0,0,55,-82,-10,None
0,-8,5,-2,-7,1,0,-2,-2,0,0,0,55,-82,-10,None
0,-8,5,-2,-7,1,0,-2,-2,0,0,0,55,-83,-10,None
0,-2,-3,2,-1,1,0,0,-2,0,0,0,55,-83,-10,None
0,3,2,-6,-2,-3,-1,-1,-1,0,0,0,55,-83,-10,None
0,-4,12,-6,1,-3,-1,-1,-1,0,0,0,55,-83,-10,None
0,-3,-6,1,-1,-1,-1,0,-1,0,0,0,55,-83,-10,None
0,-3,-6,1,-1,-1,-1,0,-1,0,0,0,55,-83,-10,None
0,-3,-6,1,-1,-1,-1,0,-1,0,0,0,56,-82,-11,None
0,-2,0,-6,-7,0,-3,-1,-3,0,0,0,56,-82,-11,None
0,-4,-6,-7,-7,3,-1,-1,-2,0,0,0,56,-82,-11,None
0,0,-3,-20,-5,-4,-3,-2,0,0,0,0,56,-82,-11,None
0,-2,8,-8,-3,2,0,0,-2,0,0,0,56,-82,-11,None
0,-2,8,-8,-3,2,0,0,-2,0,0,0,56,-82,-11,None
0,-2,8,-8,-3,2,0,0,-2,0,0,0,56,-81,-11,None
0,1,-2,12,-1,7,-2,-2,-1,0,0,0,56,-81,-11,None
0,-3,-1,-5,-13,0,-1,-3,-3,0,0,0,56,-81,-11,None
0,-2,-3,0,2,5,2,-1,-2,0,0,0,56,-81,-11,None
0,0,4,-3,3,5,0,-2,-1,0,0,0,56,-81,-11,None
0,0,4,-3,3,5,0,-2,-1,0,0,0,56,-81,-11,None
0,0,4,-3,3,5,0,-2,-1,0,0,0,56,-82,-13,None
0,-4,5,-7,3,-6,-2,-1,0,0,0,0,56,-82,-13,None
0,-1,-5,-2,-1,0,-1,0,0,0,0,0,56,-82,-13,None
0,1,5,4,-1,-3,-1,-1,-2,0,0,0,56,-82,-13,None
0,-5,-8,-4,-1,0,-1,-1,-2,0,0,0,56,-82,-13,None
0,-5,-8,-4,-1,0,-1,-1,-2,0,0,0,56,-82,-13,None
0,-5,-8,-4,-1,0,-1,-1,-2,0,0,0,56,-81,-12,None
0,-2,-2,0,15,4,0,0,0,0,0,0,56,-81,-12,None
0,-1,6,-16,-18,0,1,0,-1,0,0,0,56,-81,-12,None
0,-3,-21,14,-20,-4,-4,-2,-3,0,0,0,56,-81,-12,None
0,-4,4,-2,-5,0,-1,-3,-2,0,0,0,56,-81,-12,None
0,-4,4,-2,-5,0,-1,-3,-2,0,0,0,56,-81,-12,None
0,-4,4,-2,-5,0,-1,-3,-2,0,0,0,56,-81,-13,None
0,-4,-27,-4,1,1,0,-3,-2,0,0,0,56,-81,-13,None
0,0,6,-4,3,9,1,-2,-1,0,0,0,56,-81,-13,None
0,-1,7,-4,10,-2,1,-1,-1,0,0,0,56,-81,-13,None
0,5,-8,-1,-6,-3,-3,-2,0,0,0,0,56,-81,-13,None
0,5,-8,-1,-6,-3,-3,-2,0,0,0,0,56,-81,-13,None
0,5,-8,-1,-6,-3,-3,-2,0,0,0,0,55,-81,-13,None
0,-1,7,-1,-9,0,-1,-1,-3,0,0,0,55,-81,-13,None
0,-1,-5,-11,-5,-1,0,-1,0,0,0,0,55,-81,-13,None
0,1,19,0,11,0,0,0,-2,0,0,0,55,-81,-13,None
0,-4,-7,9,-11,2,0,-2,-1,0,0,0,55,-81,-13,None
0,-4,-7,9,-11,2,0,-2,-1,0,0,0,55,-81,-13,None
0,-4,-7,9,-11,2,0,-2,-1,0,0,0,56,-81,-12,None
0,-2,5,-9,-6,-2,-1,0,-1,0,0,0,56,-81,-12,None
0,-1,-5,0,11,4,-2,-3,-2,0,0,0,56,-81,-12,None
0,0,5,-2,7,-1,-1,-1,-1,0,0,0,56,-81,-12,None
0,-1,1,-6,4,-1,-3,-1,-1,0,0,0,56,-81,-12,None
0,-1,1,-6,4,-1,-3,-1,-1,0,0,0,56,-81,-12,None
0,-1,1,-6,4,-1,-3,-1,-1,0,0,0,56,-81,-12,None
0,1,4,3,-6,-3,0,0,-1,0,0,0,56,-81,-12,None
0,-4,1,9,-2,-1,-2,-2,-2,0,0,0,56,-81,-12,None
0,-4,-13,-7,-5,3,0,-2,-2,0,0,0,56,-81,-12,None
0,-3,10,2,22,5,-1,0,0,0,0,0,56,-81,-12,None
0,-3,10,2,22,5,-1,0,0,0,0,0,56,-81,-12,None
0,-3,10,2,22,5,-1,0,0,0,0,0,56,-81,-12,None
0,-1,-1,-3,6,2,-2,-4,-3,0,0,0,56,-81,-12,None
0,-1,-4,-1,-6,-1,-1,-2,-1,0,0,0,56,-81,-12,None
0,0,-2,-11,-4,0,-1,-1,-2,0,0,0,56,-81,-12,None
0,-2,3,3,-8,-2,-2,-1,-3,0,0,0,56,-81,-12,None
0,-2,3,3,-8,-2,-2,-1,-3,0,0,0,56,-81,-12,None
0,-2,3,3,-8,-2,-2,-1,-3,0,0,0,56,-81,-12,None
0,-6,2,-7,-5,-4,-1,-1,0,0,0,0,56,-81,-12,None
0,5,3,1,-2,4,0,-1,-3,0,0,0,56,-81,-12,None
0,-3,3,-3,6,-2,-1,-1,-1,0,0,0,56,-81,-12,None
0,2,11,2,-1,0,0,0,0,0,0,0,56,-81,-12,None
0,2,11,2,-1,0,0,0,0,0,0,0,56,-81,-12,None
0,2,11,2,-1,0,0,0,0,0,0,0,56,-81,-11,None
0,1,0,-2,0,2,-2,-1,-1,0,0,0,56,-81,-11,None
0,0,-4,-15,-4,-2,-2,-2,0,0,0,0,56,-81,-11,None
0,-2,-2,4,-4,1,-1,-1,0,0,0,0,56,-81,-11,None
0,1,-1,-5,9,-3,0,-1,-1,0,0,0,56,-81,-11,None
0,1,-1,-5,9,-3,0,-1,-1,0,0,0,56,-81,-11,None
0,1,-1,-5,9,-3,0,-1,-1,0,0,0,56,-82,-11,None
0,-1,1,-1,-5,10,-1,-2,-2,0,0,0,56,-82,-11,None
0,-2,-1,1,-4,-5,0,0,1,0,0,0,56,-82,-11,None
0,1,7,-2,3,2,-2,-2,-3,0,0,0,56,-82,-11,None
0,-3,-5,-10,-6,-2,0,0,-1,0,0,0,56,-82,-11,None
0,-3,-5,-10,-6,-2,0,0,-1,0,0,0,56,-82,-11,None
0,-3,-5,-10,-6,-2,0,0,-1,0,0,0,56,-82,-11,None
0,-2,-4,0,-26,-9,-4,-3,-2,0,0,0,56,-82,-11,None
0,-4,-7,-2,-5,1,0,0,-2,0,0,0,56,-82,-11,None
0,3,7,5,8,1,0,-1,-1,0,0,0,56,-82,-11,None
0,-4,-6,-1,-4,1,-1,-3,-2,0,0,0,56,-82,-11,None
0,-4,-6,-1,-4,1,-1,-3,-2,0,0,0,56,-82,-11,None
0,-4,-6,-1,-4,1,-1,-3,-2,0,0,0,56,-82,-11,None
0,1,0,-6,11,-6,-2,-1,-1,0,0,0,56,-82,-11,None
0,-1,2,0,1,2,-1,-3,-1,0,0,0,56,-82,-11,None
0,-3,-3,-5,-1,-2,-1,-1,0,0,0,0,56,-82,-11,None
0,-2,-5,-4,0,-3,-1,-2,-2,0,0,0,56,-82,-11,None
0,-2,-5,-4,0,-3,-1,-2,-2,0,0,0,56,-82,-11,None
0,-2,-5,-4,0,-3,-1,-2,-2,0,0,0,56,-82,-11,None
0,2,4,0,2,3,-1,1,-1,0,0,0,56,-82,-11,None
0,-2,2,3,-6,-1,-1,-1,-1,0,0,0,56,-82,-11,None
0,-2,-1,-7,1,2,-2,-3,-2,0,0,0,56,-82,-11,None
0,2,26,2,0,5,-1,-1,0,0,0,0,56,-82,-11,None
0,2,26,2,0,5,-1,-1,0,0,0,0,56,-82,-11,None
0,2,26,2,0,5,-1,-1,0,0,0,0,56,-81,-11,None
0,-3,-23,-1,1,-12,-2,-3,0,0,0,0,56,-81,-11,None
0,-1,-1,-1,9,11,-1,-1,-2,0,0,0,56,-81,-11,None
0,-4,-7,-3,-7,-5,-2,-1,-3,0,0,0,56,-81,-11,None
0,-2,2,-3,2,3,-1,-2,-2,0,0,0,56,-81,-11,None
0,-2,2,-3,2,3,-1,-2,-2,0,0,0,56,-81,-11,None
0,-2,2,-3,2,3,-1,-2,-2,0,0,0,55,-81,-10,None
0,4,6,-5,-4,-5,-2,-1,-2,0,0,0,55,-81,-10,None
0,-2,0,-2,13,-1,-3,-1,-1,0,0,0,55,-81,-10,None
0,-1,7,2,-2,3,0,-1,-2,0,0,0,55,-81,-10,None
0,0,-9,-3,1,-3,1,-2,-1,0,0,0,55,-81,-10,None
0,0,-9,-3,1,-3,1,-2,-1,0,0,0,55,-81,-10,None
0,0,-9,-3,1,-3,1,-2,-1,0,0,0,57,-81,-11,None
0,0,4,-1,7,7,-1,-1,-1,0,0,0,57,-81,-11,None
0,-2,-4,0,2,-4,0,-2,-1,0,0,0,57,-81,-11,None
0,-1,1,-2,-9,6,-1,-2,-2,0,0,0,57,-81,-11,None
0,3,8,-4,22,3,-2,-1,-1,0,0,0,57,-81,-11,None
0,3,8,-4,22,3,-2,-1,-1,0,0,0,57,-81,-11,None
0,3,8,-4,22,3,-2,-1,-1,0,0,0,57,-82,-11,None
0,-14,-56,-6,-19,1,-2,0,-2,0,0,0,57,-82,-11,None
0,2,8,7,-5,1,0,0,-1,0,0,0,57,-82,-11,None
0,-2,1,3,8,-5,-1,-2,0,0,0,0,57,-82,-11,None
0,-3,-14,-5,7,2,-1,-2,-3,0,0,0,57,-82,-11,None
0,-3,-14,-5,7,2,-1,-2,-3,0,0,0,57,-82,-11,None
0,-3,-14,-5,7,2,-1,-2,-3,0,0,0,56,-82,-11,None
0,2,19,-5,2,7,1,-1,0,0,0,0,56,-82,-11,None
0,-1,2,1,-1,-3,0,0,0,0,0,0,56,-82,-11,None
0,-4,-9,-8,7,0,-2,-2,-2,0,0,0,56,-82,-11,None
0,-5,-1,2,-7,3,-3,1,0,0,0,0,56,-82,-11,None
0,-5,-1,2,-7,3,-3,1,0,0,0,0,56,-82,-11,None
0,-5,-1,2,-7,3,-3,1,0,0,0,0,55,-82,-11,None
0,8,21,0,-11,-1,1,1,-2,0,0,0,55,-82,-11,None
0,-3,-8,-8,12,10,0,-2,-2,0,0,0,55,-82,-11,None
0,0,7,-4,5,1,-1,-2,-1,0,0,0,55,-82,-11,None
0,-3,-5,-2,-13,-1,-2,-2,-3,0,0,0,55,-82,-11,None
0,-3,-5,-2,-13,-1,-2,-2,-3,0,0,0,55,-82,-11,None
0,-3,-5,-2,-13,-1,-2,-2,-3,0,0,0,55,-82,-11,None
0,-1,9,-3,12,2,0,-3,-2,0,0,0,55,-82,-11,None
0,-2,-2,-3,-7,-7,-1,-1,-1,0,0,0,55,-82,-11,None
0,-1,1,-4,-10,-2,1,-1,-3,0,0,0,55,-82,-11,None
0,-1,-4,-2,-2,2,1,0,-1,0,0,0,55,-82,-11,None
0,-1,-4,-2,-2,2,1,0,-1,0,0,0,55,-82,-11,None
0,-1,-4,-2,-2,2,1,0,-1,0,0,0,55,-81,-11,None
0,-2,4,5,-4,0,-1,-2,0,0,0,0,55,-81,-11,None
0,3,8,11,11,4,-1,-1,-3,0,0,0,55,-81,-11,None
0,-9,-11,-8,-4,-9,-4,-2,-2,0,0,0,55,-81,-11,None
0,-3,-8,-2,-12,8,-2,-2,-2,0,0,0,55,-81,-11,None
0,-3,-8,-2,-12,8,-2,-2,-2,0,0,0,55,-81,-11,None
0,-3,-8,-2,-12,8,-2,-2,-2,0,0,0,56,-81,-11,None
0,0,8,-2,2,2,2,-2,-1,0,0,0,56,-81,-11,None
0,-2,-4,-6,-1,-2,-5,-1,-2,0,0,0,56,-81,-11,None
0,3,7,0,-2,-7,0,1,1,0,0,0,56,-81,-11,None
0,-1,-1,-3,2,-1,-1,-1,-1,0,0,0,56,-81,-11,None
0,-1,-1,-3,2,-1,-1,-1,-1,0,0,0,56,-81,-11,None
0,-1,-1,-3,2,-1,-1,-1,-1,0,0,0,56,-81,-12,None
0,-3,-1,-5,2,-2,-1,0,-1,0,0,0,56,-81,-12,None
0,1,4,-3,-5,-2,0,-2,0,0,0,0,56,-81,-12,None
0,0,-1,0,-1,4,1,0,0,0,0,0,56,-81,-12,None
0,-3,-3,-18,2,-3,-1,-2,-2,0,0,0,56,-81,-12,None
0,-3,-3,-18,2,-3,-1,-2,-2,0,0,0,56,-81,-12,None
0,-3,-3,-18,2,-3,-1,-2,-2,0,0,0,57,-80,-12,None
0,1,17,20,-15,0,-2,-2,-2,0,0,0,57,-80,-12,None
