0,0,0,-6,-11,-7,-3,-6,-2,0,0,0,43,-122,5,None
0,-3,-2,0,8,5,-13,-9,-5,0,0,0,43,-122,5,None
0,-3,0,1,5,9,-23,-6,-1,0,0,0,43,-122,5,None
0,-3,0,1,5,9,-23,-6,-1,0,0,0,43,-122,5,None
0,-3,0,1,5,9,-23,-6,-1,0,0,0,28,-125,1,None
0,-2,-2,-6,15,-4,-6,3,0,0,0,0,28,-125,1,None
0,1,2,8,3,-8,40,7,1,0,0,0,28,-125,1,None
0,2,0,-5,-8,9,-6,-2,1,0,0,0,28,-125,1,None
0,-1,-1,-4,-7,-16,-2,-2,-4,0,0,0,28,-125,1,None
0,-1,-1,-4,-7,-16,-2,-2,-4,0,0,0,28,-125,1,None
0,-1,-1,-4,-7,-16,-2,-2,-4,0,0,0,16,-125,5,None
0,-3,-1,5,11,10,-11,-8,-5,0,0,0,16,-125,5,None
0,-4,0,-4,19,2,-3,-5,-3,0,0,0,16,-125,5,None
0,2,0,-1,1,2,2,8,4,0,0,0,16,-125,5,None
0,-1,0,-2,-3,-15,1,-7,-1,0,0,0,16,-125,5,None
0,-1,0,-2,-3,-15,1,-7,-1,0,0,0,16,-125,5,None
0,-1,0,-2,-3,-15,1,-7,-1,0,0,0,6,-119,3,None
0,1,1,-1,11,7,5,4,0,0,0,0,6,-119,3,None
0,-1,-2,-2,10,-2,-12,-2,0,0,0,0,6,-119,3,None
0,-3,-1,-1,-2,4,-2,-3,-4,0,0,0,6,-119,3,None
0,-1,-1,-3,-31,0,10,2,-1,0,0,0,6,-119,3,None
0,-1,-1,-3,-31,0,10,2,-1,0,0,0,6,-119,3,None
0,-1,-1,-3,-31,0,10,2,-1,0,0,0,-1,-109,2,None
0,-1,-1,-1,14,15,2,2,0,0,0,0,-1,-109,2,None
0,-1,0,-4,-1,-6,-13,-3,-3,0,0,0,-1,-109,2,None
0,1,2,3,12,-10,-23,-9,-1,0,0,0,-1,-109,2,None
0,1,2,-6,-34,2,28,12,4,0,0,0,-1,-109,2,None
0,1,2,-6,-34,2,28,12,4,0,0,0,-1,-109,2,None
0,1,2,-6,-34,2,28,12,4,0,0,0,-8,-104,3,None
0,-2,0,0,8,7,0,-1,-8,0,0,0,-8,-104,3,None
0,0,1,-2,14,3,-8,-5,-1,0,0,0,-8,-104,3,None
0,0,0,-6,-23,45,-5,0,1,0,0,0,-8,-104,3,None
0,2,2,0,9,-59,-17,-2,-1,0,0,0,-8,-104,3,None
0,2,2,0,9,-59,-17,-2,-1,0,0,0,-8,-104,3,None
0,2,2,0,9,-59,-17,-2,-1,0,0,0,-13,-100,2,None
0,-1,-1,-2,31,-9,0,-1,0,0,0,0,-13,-100,2,None
0,-1,0,-7,-18,20,-3,3,-1,0,0,0,-13,-100,2,None
0,-1,2,-1,-2,25,-5,-5,-3,0,0,0,-13,-100,2,None
0,-2,0,0,20,-23,4,2,0,0,0,0,-13,-100,2,None
0,-2,0,0,20,-23,4,2,0,0,0,0,-13,-100,2,None
0,-2,0,0,20,-23,4,2,0,0,0,0,-20,-93,3,None
0,-1,1,0,-7,12,1,4,2,0,0,0,-20,-93,3,None
0,-4,-4,0,0,-12,-9,-7,-5,0,0,0,-20,-93,3,None
0,-2,0,-1,-4,-24,1,-4,-4,0,0,0,-20,-93,3,None
0,0,-1,-1,6,64,8,-1,-1,0,0,0,-20,-93,3,None
0,0,-1,-1,6,64,8,-1,-1,0,0,0,-20,-93,3,None
0,0,-1,-1,6,64,8,-1,-1,0,0,0,-27,-87,4,None
0,-1,4,6,5,-30,-9,-4,-2,0,0,0,-27,-87,4,None
0,-2,1,-2,13,2,0,1,0,0,0,0,-27,-87,4,None
0,-2,0,-3,-13,-11,-1,0,-3,0,0,0,-27,-87,4,None
0,-2,-1,0,14,10,2,-1,-1,0,0,0,-27,-87,4,None
0,-2,-1,0,14,10,2,-1,-1,0,0,0,-27,-87,4,None
0,-2,-1,0,14,10,2,-1,-1,0,0,0,-32,-82,5,None
0,-1,-1,-5,9,5,2,-1,0,0,0,0,-32,-82,5,None
0,-2,-2,-4,-26,-2,-4,-1,-2,0,0,0,-32,-82,5,None
0,-2,3,0,8,-11,-6,-3,-1,0,0,0,-32,-82,5,None
0,-2,2,0,87,12,-10,-1,-1,0,0,0,-32,-82,5,None
0,-2,2,0,87,12,-10,-1,-1,0,0,0,-32,-82,5,None
0,-2,2,0,87,12,-10,-1,-1,0,0,0,-37,-73,8,None
0,-3,-2,-6,-64,33,15,-2,-1,0,0,0,-37,-73,8,None
0,-2,1,-9,5,-14,-6,0,-2,0,0,0,-37,-73,8,None
0,-3,-2,-2,12,-27,1,-3,-2,0,0,0,-37,-73,8,None
0,-1,-3,-3,-9,20,-8,-3,-5,0,0,0,-37,-73,8,None
0,-1,-3,-3,-9,20,-8,-3,-5,0,0,0,-37,-73,8,None
0,-1,-3,-3,-9,20,-8,-3,-5,0,0,0,-44,-64,10,None
0,1,-1,-2,47,-1,-2,-1,0,0,0,0,-44,-64,10,None
0,0,2,1,-50,-27,3,-1,-1,0,0,0,-44,-64,10,None
0,-1,0,-2,35,53,3,-1,-1,0,0,0,-44,-64,10,None
0,-3,-1,-6,-70,-74,-2,0,-3,0,0,0,-44,-64,10,None
0,-3,-1,-6,-70,-74,-2,0,-3,0,0,0,-44,-64,10,None
0,-3,-1,-6,-70,-74,-2,0,-3,0,0,0,-49,-65,9,None
0,-1,1,-2,-28,-15,0,-1,-2,0,0,0,-49,-65,9,None
0,-1,0,2,43,7,7,0,-1,0,0,0,-49,-65,9,None
0,-3,-1,-9,-32,42,-7,0,-1,0,0,0,-49,-65,9,None
0,-4,-3,-8,-71,-26,-3,-3,-2,0,0,0,-49,-65,9,None
0,-4,-3,-8,-71,-26,-3,-3,-2,0,0,0,-49,-65,9,None
0,-4,-3,-8,-71,-26,-3,-3,-2,0,0,0,-53,-66,11,None
0,0,4,2,55,28,-1,-1,-1,0,0,0,-53,-66,11,None
0,-3,-2,-7,-76,-70,-15,-4,-1,0,0,0,-53,-66,11,None
0,2,5,7,16,-35,10,5,2,0,0,0,-53,-66,11,None
0,-2,-1,0,15,73,1,-3,-2,0,0,0,-53,-66,11,None
0,-2,-1,0,15,73,1,-3,-2,0,0,0,-53,-66,11,None
0,-2,-1,0,15,73,1,-3,-2,0,0,0,-57,-61,15,None
0,-1,0,-4,-15,21,2,-2,-1,0,0,0,-57,-61,15,None
0,0,1,-2,15,2,0,0,0,0,0,0,-57,-61,15,None
0,-2,0,1,62,-20,0,-2,-1,0,0,0,-57,-61,15,None
0,-2,2,3,41,50,2,-2,-1,0,0,0,-57,-61,15,None
0,-2,2,3,41,50,2,-2,-1,0,0,0,-57,-61,15,None
0,-2,2,3,41,50,2,-2,-1,0,0,0,-62,-55,17,None
0,-2,-2,-1,23,-27,-5,-3,-3,0,0,0,-62,-55,17,None
0,-3,-2,-14,-59,-31,-6,-3,-3,0,0,0,-62,-55,17,None
0,0,-1,-1,18,12,0,-2,-2,0,0,0,-62,-55,17,None
0,0,1,-7,8,-25,-7,-4,-3,0,0,0,-62,-55,17,None
0,0,1,-7,8,-25,-7,-4,-3,0,0,0,-62,-55,17,None
0,0,1,-7,8,-25,-7,-4,-3,0,0,0,-65,-52,18,None
0,0,0,5,-23,31,11,2,1,0,0,0,-65,-52,18,None
0,3,5,5,51,21,5,1,1,0,0,0,-65,-52,18,None
0,-3,-3,-9,-34,-43,-2,0,-4,0,0,0,-65,-52,18,None
0,0,0,-8,-64,-33,0,-4,-3,0,0,0,-65,-52,18,None
0,0,0,-8,-64,-33,0,-4,-3,0,0,0,-65,-52,18,None
0,0,0,-8,-64,-33,0,-4,-3,0,0,0,-71,-48,20,None
0,0,2,-3,-28,-34,-7,1,-1,0,0,0,-71,-48,20,None
0,-3,-2,-1,13,63,1,-4,-5,0,0,0,-71,-48,20,None
0,3,-2,-7,-55,-3,-4,0,0,0,0,0,-71,-48,20,None
0,1,8,16,127,-35,11,5,2,0,0,0,-71,-48,20,None
0,1,8,16,127,-35,11,5,2,0,0,0,-71,-48,20,None
0,1,8,16,127,-35,11,5,2,0,0,0,-73,-47,21,None
0,-5,-6,-20,-108,45,-5,-6,-6,0,0,0,-73,-47,21,None
0,-1,1,9,63,13,-4,0,-1,0,0,0,-73,-47,21,None
0,4,28,1,0,-30,3,1,0,0,0,0,-73,-47,21,None
0,-14,-56,-21,-92,-49,-7,-3,-1,0,0,0,-73,-47,21,None
0,-14,-56,-21,-92,-49,-7,-3,-1,0,0,0,-73,-47,21,None
0,-14,-56,-21,-92,-49,-7,-3,-1,0,0,0,-73,-49,22,None
0,3,19,-2,75,5,-3,0,1,0,0,0,-73,-49,22,None
0,-1,-11,9,-7,40,-1,-1,-4,0,0,0,-73,-49,22,None
0,-4,-11,-1,-1,-10,0,-1,2,0,0,0,-73,-49,22,None
0,2,12,2,15,55,3,-3,1,0,0,0,-73,-49,22,None
0,2,12,2,15,55,3,-3,1,0,0,0,-73,-49,22,None
0,2,12,2,15,55,3,-3,1,0,0,0,-73,-46,23,None
0,0,3,-2,-17,21,3,-1,-7,0,0,0,-73,-46,23,None
0,-1,-2,-8,-34,-19,-6,3,12,0,0,0,-73,-46,23,None
0,-2,3,3,-10,-3,0,0,0,0,0,0,-73,-46,23,None
0,2,11,2,2,39,-4,-1,-2,0,0,0,-73,-46,23,None
0,2,11,2,2,39,-4,-1,-2,0,0,0,-73,-46,23,None
0,2,11,2,2,39,-4,-1,-2,0,0,0,-73,-43,23,None
0,0,-8,1,14,-66,-4,-1,0,0,0,0,-73,-43,23,None
0,1,11,2,27,-2,9,2,-2,0,0,0,-73,-43,23,None
0,-3,-9,-7,-1,39,2,-4,-5,0,0,0,-73,-43,23,None
0,1,8,1,23,1,-1,-1,4,0,0,0,-73,-43,23,None
0,1,8,1,23,1,-1,-1,4,0,0,0,-73,-43,23,None
0,1,8,1,23,1,-1,-1,4,0,0,0,-71,-42,23,None
0,-2,-3,-1,-49,-27,0,-2,-2,0,0,0,-71,-42,23,None
0,0,3,4,50,25,2,-1,-3,0,0,0,-71,-42,23,None
0,-1,7,-10,-78,-13,-5,-2,-1,0,0,0,-71,-42,23,None
0,0,3,3,-9,25,0,-1,-3,0,0,0,-71,-42,23,None
0,0,3,3,-9,25,0,-1,-3,0,0,0,-71,-42,23,None
0,0,3,3,-9,25,0,-1,-3,0,0,0,-73,-39,21,None
0,-2,0,4,32,-27,-1,0,0,0,0,0,-73,-39,21,None
0,-1,-2,0,44,18,1,-2,-1,0,0,0,-73,-39,21,None
0,-2,-2,-3,-4,7,-2,-1,-2,0,0,0,-73,-39,21,None
0,3,11,5,70,-35,4,2,0,0,0,0,-73,-39,21,None
0,3,11,5,70,-35,4,2,0,0,0,0,-73,-39,21,None
0,3,11,5,70,-35,4,2,0,0,0,0,-76,-35,20,None
0,-4,-3,-6,-4,22,-2,0,-3,0,0,0,-76,-35,20,None
0,-1,13,-5,-7,-4,-4,-4,-3,0,0,0,-76,-35,20,None
0,-3,-10,4,29,2,-2,-2,-4,0,0,0,-76,-35,20,None
0,0,3,1,0,-14,-1,0,-2,0,0,0,-76,-35,20,None
0,0,3,1,0,-14,-1,0,-2,0,0,0,-76,-35,20,None
0,0,3,1,0,-14,-1,0,-2,0,0,0,-79,-31,19,None
0,-1,-5,4,30,-11,-9,0,2,0,0,0,-79,-31,19,None
0,-3,5,-12,-12,-8,4,-5,-3,0,0,0,-79,-31,19,None
0,-2,18,-4,-32,-20,-3,-4,-3,0,0,0,-79,-31,19,None
0,-5,-39,-5,-37,27,2,-2,-2,0,0,0,-79,-31,19,None
0,-5,-39,-5,-37,27,2,-2,-2,0,0,0,-79,-31,19,None
0,-5,-39,-5,-37,27,2,-2,-2,0,0,0,-79,-32,19,None
0,1,7,-6,-40,-2,-4,-2,-3,0,0,0,-79,-32,19,None
0,0,1,-2,7,-31,-2,-1,-1,0,0,0,-79,-32,19,None
0,-3,12,5,75,32,0,2,0,0,0,0,-79,-32,19,None
0,-1,9,-13,-61,-15,-4,-3,-2,0,0,0,-79,-32,19,None
0,-1,9,-13,-61,-15,-4,-3,-2,0,0,0,-79,-32,19,None
0,-1,9,-13,-61,-15,-4,-3,-2,0,0,0,-78,-31,17,None
0,-2,0,8,56,19,-1,-2,-1,0,0,0,-78,-31,17,None
0,-8,-22,-9,-55,-55,-5,-6,-6,0,0,0,-78,-31,17,None
0,-4,-8,-4,25,7,0,-2,-3,0,0,0,-78,-31,17,None
0,1,13,-5,-23,-29,-2,2,0,0,0,0,-78,-31,17,None
0,1,13,-5,-23,-29,-2,2,0,0,0,0,-78,-31,17,None
0,1,13,-5,-23,-29,-2,2,0,0,0,0,-81,-28,17,None
0,0,5,-7,12,38,-2,-3,-1,0,0,0,-81,-28,17,None
0,-3,-23,2,-4,-19,-4,-1,-2,0,0,0,-81,-28,17,None
0,5,22,4,-27,-24,-3,3,1,0,0,0,-81,-28,17,None
0,-6,-15,-12,-41,-14,-2,-7,-6,0,0,0,-81,-28,17,None
0,-6,-15,-12,-41,-14,-2,-7,-6,0,0,0,-81,-28,17,None
0,-6,-15,-12,-41,-14,-2,-7,-6,0,0,0,-83,-25,16,None
0,0,3,3,-37,-28,1,0,0,0,0,0,-83,-25,16,None
0,0,7,-2,-16,17,0,0,-1,0,0,0,-83,-25,16,None
0,-2,-3,-4,-9,3,-12,-6,-3,0,0,0,-83,-25,16,None
0,0,6,8,40,14,-6,1,0,0,0,0,-83,-25,16,None
0,0,6,8,40,14,-6,1,0,0,0,0,-83,-25,16,None
0,0,6,8,40,14,-6,1,0,0,0,0,-85,-24,17,None
0,-3,-2,4,37,14,-56,-10,-3,0,0,0,-85,-24,17,None
0,21,4,-30,-24,22,48,15,17,0,0,0,-85,-24,17,None
0,71,1,85,73,18,4,12,41,0,0,0,-85,-24,17,None
0,-26,12,-21,67,90,14,18,43,0,0,0,-85,-24,17,None
0,-26,12,-21,67,90,14,18,43,0,0,0,-85,-24,17,None
0,-26,12,-21,67,90,14,18,43,0,0,0,-85,-22,22,None
0,-85,0,-14,-70,-54,28,-9,-62,0,0,0,-85,-22,22,None
0,88,53,26,28,88,-45,19,96,0,0,0,-85,-22,22,None
0,-108,-48,-16,-15,-29,-23,5,16,0,0,0,-85,-22,22,None
0,-77,0,86,79,98,-91,-70,-98,0,0,0,-85,-22,22,None
0,-77,0,86,79,98,-91,-70,-98,0,0,0,-85,-22,22,None
0,-77,0,86,79,98,-91,-70,-98,0,0,0,-91,-21,16,None
0,91,-42,-61,-62,36,-41,-19,-34,0,0,0,-91,-21,16,None
0,-128,97,22,4,31,109,33,-53,0,0,0,-91,-21,16,None
0,127,-1,-40,39,71,-115,-64,-64,0,0,0,-91,-21,16,None
0,-14,-104,16,-31,-91,93,64,72,0,0,0,-91,-21,16,None
0,-14,-104,16,-31,-91,93,64,72,0,0,0,-91,-21,16,None
0,-14,-104,16,-31,-91,93,64,72,0,0,0,-98,-7,22,None
0,-16,41,89,64,89,-110,-23,40,0,0,0,-98,-7,22,None
0,47,9,11,-25,70,-109,-58,-83,0,0,0,-98,-7,22,None
0,58,92,19,6,-81,124,53,107,0,0,0,-98,-7,22,None
0,-7,14,-37,-51,-10,-25,-22,-50,0,0,0,-98,-7,22,None
0,-7,14,-37,-51,-10,-25,-22,-50,0,0,0,-98,-7,22,None
0,-7,14,-37,-51,-10,-25,-22,-50,0,0,0,-90,-28,0,None
0,72,3,25,17,-12,11,24,82,0,0,0,-90,-28,0,None
0,-39,-62,-34,-44,-53,-18,3,26,0,0,0,-90,-28,0,None
0,-96,-13,15,108,34,13,-1,-31,0,0,0,-90,-28,0,None
0,58,13,-40,-95,-36,-15,-10,-9,0,0,0,-90,-28,0,None
0,58,13,-40,-95,-36,-15,-10,-9,0,0,0,-90,-28,0,None
0,58,13,-40,-95,-36,-15,-10,-9,0,0,0,-86,-34,12,None
0,-31,25,-11,3,-25,55,19,9,0,0,0,-86,-34,12,None
0,-10,-56,-11,30,11,-4,-9,1,0,0,0,-86,-34,12,None
0,-28,-25,-10,60,6,-5,-13,-50,0,0,0,-86,-34,12,None
0,6,32,2,-38,-44,12,11,31,0,0,0,-86,-34,12,None
0,6,32,2,-38,-44,12,11,31,0,0,0,-86,-34,12,None
0,6,32,2,-38,-44,12,11,31,0,0,0,-39,-44,0,None
0,26,28,-20,-21,-13,3,-32,14,0,0,0,-39,-44,0,None
0,-50,12,16,107,68,20,33,-38,0,0,0,-39,-44,0,None
0,9,27,7,-128,-96,-18,-6,-2,0,0,0,-39,-44,0,None
0,-3,-58,-26,127,115,-7,-13,-14,0,0,0,-39,-44,0,None
0,-3,-58,-26,127,115,-7,-13,-14,0,0,0,-39,-44,0,None
0,-3,-58,-26,127,115,-7,-13,-14,0,0,0,-66,-39,1,None
0,-54,-41,-23,-81,-76,5,15,44,0,0,0,-66,-39,1,None
0,71,50,8,122,21,5,16,-3,0,0,0,-66,-39,1,None
0,-41,7,-14,2,105,29,-1,21,0,0,0,-66,-39,1,None
0,32,-21,2,94,-69,-16,3,-29,0,0,0,-66,-39,1,None
0,32,-21,2,94,-69,-16,3,-29,0,0,0,-66,-39,1,None
0,32,-21,2,94,-69,-16,3,-29,0,0,0,-134,-50,24,None
0,8,-14,-38,-29,-19,13,-21,-4,0,0,0,-134,-50,24,None
0,2,38,7,80,-92,3,16,47,0,0,0,-134,-50,24,None
0,15,-40,-30,-82,29,-11,12,4,0,0,0,-134,-50,24,None
0,-5,8,14,46,37,18,-13,-1,0,0,0,-134,-50,24,None
0,-5,8,14,46,37,18,-13,-1,0,0,0,-134,-50,24,None
0,-5,8,14,46,37,18,-13,-1,0,0,0,-79,-28,16,None
0,20,12,9,28,-5,6,3,-13,0,0,0,-79,-28,16,None
0,5,-37,-7,-124,-24,0,-15,2,0,0,0,-79,-28,16,None
0,-4,45,-3,72,-11,-7,-11,-27,0,0,0,-79,-28,16,None
0,20,-33,-27,-72,60,-10,-12,10,0,0,0,-79,-28,16,None
0,20,-33,-27,-72,60,-10,-12,10,0,0,0,-79,-28,16,None
0,20,-33,-27,-72,60,-10,-12,10,0,0,0,-87,6,19,None
0,-14,2,18,107,27,16,22,-9,0,0,0,-87,6,19,None
0,-4,4,-10,10,-39,-12,-20,4,0,0,0,-87,6,19,None
0,-1,-18,2,40,-10,11,3,-7,0,0,0,-87,6,19,None
0,-9,35,-8,-96,34,3,8,7,0,0,0,-87,6,19,None
0,-9,35,-8,-96,34,3,8,7,0,0,0,-87,6,19,None
0,-9,35,-8,-96,34,3,8,7,0,0,0,-112,-6,17,None
0,-6,-1,5,35,-36,10,6,-10,0,0,0,-112,-6,17,None
0,0,-30,-3,-1,-4,-13,-16,-9,0,0,0,-112,-6,17,None
0,18,-16,-5,-5,52,-72,-16,18,0,0,0,-112,-6,17,None
0,-34,35,29,-7,-70,42,36,39,0,0,0,-112,-6,17,None
0,-34,35,29,-7,-70,42,36,39,0,0,0,-112,-6,17,None
0,-34,35,29,-7,-70,42,36,39,0,0,0,-103,-26,28,None
0,16,4,24,-6,27,-91,-10,32,0,0,0,-103,-26,28,None
0,118,18,39,-19,17,14,20,125,0,0,0,-103,-26,28,None
0,-97,-25,46,-13,-69,-109,-7,-73,0,0,0,-103,-26,28,None
0,94,40,63,12,52,-67,-27,-80,0,0,0,-103,-26,28,None
0,94,40,63,12,52,-67,-27,-80,0,0,0,-103,-26,28,None
0,94,40,63,12,52,-67,-27,-80,0,0,0,-117,-27,30,None
0,-121,84,81,108,-27,-62,-81,-128,0,0,0,-117,-27,30,None
0,59,-104,-92,-87,-125,-1,8,-49,0,0,0,-117,-27,30,None
0,1,101,-1,88,126,5,-10,36,0,0,0,-117,-27,30,None
0,101,20,19,-26,-118,97,54,125,0,0,0,-117,-27,30,None
0,101,20,19,-26,-118,97,54,125,0,0,0,-117,-27,30,None
0,101,20,19,-26,-118,97,54,125,0,0,0,-138,21,21,None
0,-118,-38,-8,36,120,9,-17,-101,0,0,0,-138,21,21,None
0,110,-13,-32,31,5,-48,-28,1,0,0,0,-138,21,21,None
0,-62,-22,29,-19,29,-17,40,65,0,0,0,-138,21,21,None
0,-44,-1,-59,13,-63,-2,19,86,0,0,0,-138,21,21,None
0,-44,-1,-59,13,-63,-2,19,86,0,0,0,-138,21,21,None
0,-44,-1,-59,13,-63,-2,19,86,0,0,0,-108,-55,7,None
0,1,-9,-21,-54,8,8,41,30,0,0,0,-108,-55,7,None
0,-95,-4,24,8,76,-35,-26,-80,0,0,0,-108,-55,7,None
0,70,-33,-39,-28,-71,14,-1,-27,0,0,0,-108,-55,7,None
0,-53,22,-2,27,44,-69,-23,-25,0,0,0,-108,-55,7,None
0,-53,22,-2,27,44,-69,-23,-25,0,0,0,-108,-55,7,None
0,-53,22,-2,27,44,-69,-23,-25,0,0,0,-24,-55,1,None
0,3,-31,-18,-13,6,21,15,38,0,0,0,-24,-55,1,None
0,-51,15,-3,10,34,-23,-10,1,0,0,0,-24,-55,1,None
0,-19,-16,-11,-40,-19,37,-17,-40,0,0,0,-24,-55,1,None
0,-16,4,0,35,1,-36,-7,-11,0,0,0,-24,-55,1,None
0,-16,4,0,35,1,-36,-7,-11,0,0,0,-24,-55,1,None
0,-16,4,0,35,1,-36,-7,-11,0,0,0,-41,-26,23,None
0,56,-1,-22,-14,-47,46,13,3,0,0,0,-41,-26,23,None
0,-31,9,22,49,-24,19,-4,-28,0,0,0,-41,-26,23,None
0,32,-1,-21,-30,-10,27,7,25,0,0,0,-41,-26,23,None
0,-27,-1,-10,-57,-22,15,-10,-36,0,0,0,-41,-26,23,None
0,-27,-1,-10,-57,-22,15,-10,-36,0,0,0,-41,-26,23,None
0,-27,-1,-10,-57,-22,15,-10,-36,0,0,0,-149,-33,2,None
0,43,-9,-17,5,20,-9,7,14,0,0,0,-149,-33,2,None
0,-24,14,6,44,6,17,-4,-2,0,0,0,-149,-33,2,None
0,-8,-18,5,38,40,13,-5,-9,0,0,0,-149,-33,2,None
0,2,-1,-24,7,-1,-29,-14,-19,0,0,0,-149,-33,2,None
0,2,-1,-24,7,-1,-29,-14,-19,0,0,0,-149,-33,2,None
0,2,-1,-24,7,-1,-29,-14,-19,0,0,0,-86,-38,10,None
0,14,-10,-9,30,-6,14,0,4,0,0,0,-86,-38,10,None
0,-21,0,1,-66,-16,-9,3,17,0,0,0,-86,-38,10,None
0,13,-4,-8,-10,-52,20,1,-8,0,0,0,-86,-38,10,None
0,-8,0,2,45,51,0,-9,-26,0,0,0,-86,-38,10,None
0,-8,0,2,45,51,0,-9,-26,0,0,0,-86,-38,10,None
0,-8,0,2,45,51,0,-9,-26,0,0,0,-73,-10,18,None
0,36,9,-16,-36,-24,6,9,30,0,0,0,-73,-10,18,None
0,-36,15,5,15,9,12,-16,-2,0,0,0,-73,-10,18,None
0,-9,-27,-14,-50,-57,-3,2,-14,0,0,0,-73,-10,18,None
0,12,29,8,36,43,12,7,-21,0,0,0,-73,-10,18,None
0,12,29,8,36,43,12,7,-21,0,0,0,-73,-10,18,None
0,12,29,8,36,43,12,7,-21,0,0,0,-95,-8,16,None
0,-14,-4,-13,-84,-4,-7,1,8,0,0,0,-95,-8,16,None
0,6,18,2,29,52,2,-6,-26,0,0,0,-95,-8,16,None
0,-7,6,-12,-11,20,-2,14,28,0,0,0,-95,-8,16,None
0,0,7,-1,-7,-72,-16,-7,21,0,0,0,-95,-8,16,None
0,0,7,-1,-7,-72,-16,-7,21,0,0,0,-95,-8,16,None
0,0,7,-1,-7,-72,-16,-7,21,0,0,0,-83,-26,14,None
0,19,23,-3,22,-14,13,3,0,0,0,0,-83,-26,14,None
0,-12,-31,-6,-80,-65,-3,-16,-7,0,0,0,-83,-26,14,None
0,4,10,-4,27,63,5,3,-7,0,0,0,-83,-26,14,None
0,0,-8,-1,30,1,3,-1,-8,0,0,0,-83,-26,14,None
0,0,-8,-1,30,1,3,-1,-8,0,0,0,-83,-26,14,None
0,0,-8,-1,30,1,3,-1,-8,0,0,0,-69,-41,14,None
0,7,-19,0,48,37,6,2,9,0,0,0,-69,-41,14,None
0,-5,17,-2,-38,19,2,1,4,0,0,0,-69,-41,14,None
0,3,-16,-3,-7,-60,0,-10,-11,0,0,0,-69,-41,14,None
0,-14,5,-3,-14,15,-8,0,-11,0,0,0,-69,-41,14,None
0,-14,5,-3,-14,15,-8,0,-11,0,0,0,-69,-41,14,None
0,-14,5,-3,-14,15,-8,0,-11,0,0,0,-73,-28,14,None
0,5,-1,0,9,12,5,-4,-17,0,0,0,-73,-28,14,None
0,-5,-10,0,-14,5,-1,8,18,0,0,0,-73,-28,14,None
0,-2,10,-6,4,15,3,-5,-19,0,0,0,-73,-28,14,None
0,-2,-4,0,-18,-11,-1,-1,40,0,0,0,-73,-28,14,None
0,-2,-4,0,-18,-11,-1,-1,40,0,0,0,-73,-28,14,None
0,-2,-4,0,-18,-11,-1,-1,40,0,0,0,-81,-17,11,None
0,-3,-8,-4,15,19,-5,-10,-45,0,0,0,-81,-17,11,None
0,10,19,4,15,-7,8,12,10,0,0,0,-81,-17,11,None
0,-11,4,-5,-18,-22,5,9,9,0,0,0,-81,-17,11,None
0,-2,21,1,26,33,5,-1,-4,0,0,0,-81,-17,11,None
0,-2,21,1,26,33,5,-1,-4,0,0,0,-81,-17,11,None
0,-2,21,1,26,33,5,-1,-4,0,0,0,-74,-24,9,None
0,39,-2,-4,-12,-5,0,-3,-2,0,0,0,-74,-24,9,None
0,-41,-20,1,17,12,-6,0,6,0,0,0,-74,-24,9,None
0,9,15,-4,-16,-9,1,-16,-3,0,0,0,-74,-24,9,None
0,-10,-3,0,-1,-3,3,-2,-13,0,0,0,-74,-24,9,None
0,-10,-3,0,-1,-3,3,-2,-13,0,0,0,-74,-24,9,None
0,-10,-3,0,-1,-3,3,-2,-13,0,0,0,-67,-39,16,None
0,13,2,-3,-11,-23,1,6,19,0,0,0,-67,-39,16,None
0,15,28,-1,2,8,0,0,-11,0,0,0,-67,-39,16,None
0,-3,1,1,-20,-3,1,0,8,0,0,0,-67,-39,16,None
0,4,-5,-5,8,20,-4,-2,-6,0,0,0,-67,-39,16,None
0,4,-5,-5,8,20,-4,-2,-6,0,0,0,-67,-39,16,None
0,4,-5,-5,8,20,-4,-2,-6,0,0,0,-75,-36,16,None
0,-8,-3,-2,-3,0,0,-5,6,0,0,0,-75,-36,16,None
0,-6,12,-2,1,-19,-3,-3,-8,0,0,0,-75,-36,16,None
0,-4,-28,-2,1,7,-2,0,0,0,0,0,-75,-36,16,None
0,-3,-6,-5,-26,-13,0,-3,-9,0,0,0,-75,-36,16,None
0,-3,-6,-5,-26,-13,0,-3,-9,0,0,0,-75,-36,16,None
0,-3,-6,-5,-26,-13,0,-3,-9,0,0,0,-78,-34,14,None
0,-1,18,-1,-7,-5,3,1,22,0,0,0,-78,-34,14,None
0,-2,-6,2,-10,1,-3,2,-7,0,0,0,-78,-34,14,None
0,0,-2,-1,15,-3,-1,-5,-4,0,0,0,-78,-34,14,None
0,-1,1,-1,-12,-16,-4,-7,-11,0,0,0,-78,-34,14,None
0,-1,1,-1,-12,-16,-4,-7,-11,0,0,0,-78,-34,14,None
0,-1,1,-1,-12,-16,-4,-7,-11,0,0,0,-72,-38,14,None
0,-5,9,3,8,27,7,10,16,0,0,0,-72,-38,14,None
0,3,4,-1,2,8,1,3,-1,0,0,0,-72,-38,14,None
0,5,2,-4,0,2,-4,-6,-9,0,0,0,-72,-38,14,None
0,-4,-11,-7,6,0,-4,-2,-1,0,0,0,-72,-38,14,None
0,-4,-11,-7,6,0,-4,-2,-1,0,0,0,-72,-38,14,None
0,-4,-11,-7,6,0,-4,-2,-1,0,0,0,-71,-41,14,None
0,-7,0,-5,-14,-18,-2,0,-3,0,0,0,-71,-41,14,None
0,-4,-6,-1,7,-1,-7,-3,0,0,0,0,-71,-41,14,None
0,2,0,-2,6,19,3,-3,0,0,0,0,-71,-41,14,None
0,-5,5,-2,-2,14,-4,-5,-9,0,0,0,-71,-41,14,None
0,-5,5,-2,-2,14,-4,-5,-9,0,0,0,-71,-41,14,None
0,-5,5,-2,-2,14,-4,-5,-9,0,0,0,-71,-44,21,None
0,-4,-7,-2,-3,-10,-1,0,-2,0,0,0,-71,-44,21,None
0,-2,-5,-3,2,4,-2,-3,4,0,0,0,-71,-44,21,None
0,1,-1,-2,-4,-2,1,0,1,0,0,0,-71,-44,21,None
0,0,2,-3,-3,0,-1,0,-6,0,0,0,-71,-44,21,None
0,0,2,-3,-3,0,-1,0,-6,0,0,0,-71,-44,21,None
0,0,2,-3,-3,0,-1,0,-6,0,0,0,-69,-47,22,None
0,-4,-4,-2,-7,-12,-1,0,-2,0,0,0,-69,-47,22,None
0,-3,-9,-1,2,0,-3,-3,-1,0,0,0,-69,-47,22,None
0,0,5,0,3,9,-1,-3,-3,0,0,0,-69,-47,22,None
0,-1,-2,-1,4,0,-1,-3,-5,0,0,0,-69,-47,22,None
0,-1,-2,-1,4,0,-1,-3,-5,0,0,0,-69,-47,22,None
0,-1,-2,-1,4,0,-1,-3,-5,0,0,0,-62,-53,22,None
0,-3,-3,-2,-14,-9,3,3,2,0,0,0,-62,-53,22,None
0,0,2,-3,13,0,-1,-2,0,0,0,0,-62,-53,22,None
0,1,0,-2,-17,-9,-3,-5,-4,0,0,0,-62,-53,22,None
0,-2,-1,-1,0,1,0,1,-4,0,0,0,-62,-53,22,None
0,-2,-1,-1,0,1,0,1,-4,0,0,0,-62,-53,22,None
0,-2,-1,-1,0,1,0,1,-4,0,0,0,-55,-62,26,None
0,-1,-3,-1,7,4,3,0,1,0,0,0,-55,-62,26,None
0,1,0,-3,-3,15,8,1,1,0,0,0,-55,-62,26,None
0,0,0,1,2,-3,-3,-3,-3,0,0,0,-55,-62,26,None
0,-2,0,2,5,1,-5,-4,-4,0,0,0,-55,-62,26,None
0,-2,0,2,5,1,-5,-4,-4,0,0,0,-55,-62,26,None
0,-2,0,2,5,1,-5,-4,-4,0,0,0,-52,-73,28,None
0,-1,-2,-3,-2,-1,1,1,1,0,0,0,-52,-73,28,None
0,-1,-2,-5,0,-2,-4,0,1,0,0,0,-52,-73,28,None
0,-1,0,-2,4,-4,-1,-2,-1,0,0,0,-52,-73,28,None
0,1,2,-1,-8,1,1,-2,-2,0,0,0,-52,-73,28,None
0,1,2,-1,-8,1,1,-2,-2,0,0,0,-52,-73,28,None
0,1,2,-1,-8,1,1,-2,-2,0,0,0,-46,-77,23,None
0,-3,-3,-1,20,17,-5,-4,-3,0,0,0,-46,-77,23,None
0,-1,-1,1,1,-15,2,0,-2,0,0,0,-46,-77,23,None
0,0,0,-6,-23,-20,-4,-1,-1,0,0,0,-46,-77,23,None
0,-2,-2,-1,2,49,5,-2,-2,0,0,0,-46,-77,23,None
0,-2,-2,-1,2,49,5,-2,-2,0,0,0,-46,-77,23,None
0,-2,-2,-1,2,49,5,-2,-2,0,0,0,-39,-79,26,None
0,-3,-1,0,9,-26,-4,-1,-4,0,0,0,-39,-79,26,None
0,-3,-2,-1,-6,8,-4,-3,-3,0,0,0,-39,-79,26,None
0,-1,1,-2,20,8,-1,-5,-3,0,0,0,-39,-79,26,None
0,1,1,-5,-23,-27,3,5,4,0,0,0,-39,-79,26,None
0,1,1,-5,-23,-27,3,5,4,0,0,0,-39,-79,26,None
0,1,1,-5,-23,-27,3,5,4,0,0,0,-35,-85,36,None
0,-1,-2,-6,-8,-6,-1,-3,-2,0,0,0,-35,-85,36,None
0,-4,-1,-2,16,12,-3,-1,-2,0,0,0,-35,-85,36,None
0,0,0,1,12,-5,-3,-2,1,0,0,0,-35,-85,36,None
0,-2,0,-2,28,7,-5,-4,-5,0,0,0,-35,-85,36,None
0,-2,0,-2,28,7,-5,-4,-5,0,0,0,-35,-85,36,None
0,-2,0,-2,28,7,-5,-4,-5,0,0,0,-32,-101,36,None
0,-2,1,0,-7,2,1,2,-1,0,0,0,-32,-101,36,None
0,0,1,3,-3,-10,-4,0,1,0,0,0,-32,-101,36,None
0,-1,-2,-2,32,31,2,-1,-3,0,0,0,-32,-101,36,None
0,-2,-2,-5,-43,-25,-6,-2,-1,0,0,0,-32,-101,36,None
0,-2,-2,-5,-43,-25,-6,-2,-1,0,0,0,-32,-101,36,None
0,-2,-2,-5,-43,-25,-6,-2,-1,0,0,0,-28,-105,29,None
0,-3,-1,-5,1,-2,-4,-3,-5,0,0,0,-28,-105,29,None
0,0,1,0,51,11,0,-2,-2,0,0,0,-28,-105,29,None
0,-1,-1,-2,-14,5,4,1,1,0,0,0,-28,-105,29,None
0,-2,0,-3,16,-21,0,-1,0,0,0,0,-28,-105,29,None
0,-2,0,-3,16,-21,0,-1,0,0,0,0,-28,-105,29,None
0,-2,0,-3,16,-21,0,-1,0,0,0,0,-21,-96,23,None
0,-1,0,-1,-19,0,1,-1,-2,0,0,0,-21,-96,23,None
0,1,3,1,-30,31,2,-1,-2,0,0,0,-21,-96,23,None
0,-1,0,-7,29,-20,-6,-3,-2,0,0,0,-21,-96,23,None
0,-1,0,-5,-29,-18,2,-1,-2,0,0,0,-21,-96,23,None
0,-1,0,-5,-29,-18,2,-1,-2,0,0,0,-21,-96,23,None
0,-1,0,-5,-29,-18,2,-1,-2,0,0,0,-15,-92,35,None
0,-1,-3,-1,2,48,-1,-2,0,0,0,0,-15,-92,35,None
0,-1,0,-2,-30,-42,-5,-2,-4,0,0,0,-15,-92,35,None
0,1,2,6,-17,11,1,0,1,0,0,0,-15,-92,35,None
0,-1,-1,-7,-15,-17,-2,-1,-2,0,0,0,-15,-92,35,None
0,-1,-1,-7,-15,-17,-2,-1,-2,0,0,0,-15,-92,35,None
0,-1,-1,-7,-15,-17,-2,-1,-2,0,0,0,-6,-100,32,None
0,-1,0,-4,-35,-5,-2,-3,-2,0,0,0,-6,-100,32,None
0,-1,-1,-2,-18,-13,-4,-1,-1,0,0,0,-6,-100,32,None
0,-1,1,-1,12,-8,-4,-3,-2,0,0,0,-6,-100,32,None
0,-2,1,0,7,14,-1,-5,-3,0,0,0,-6,-100,32,None
0,-2,1,0,7,14,-1,-5,-3,0,0,0,-6,-100,32,None
0,-2,1,0,7,14,-1,-5,-3,0,0,0,1,-113,27,None
0,1,1,0,1,-28,2,0,0,0,0,0,1,-113,27,None
0,-2,1,1,51,55,4,0,0,0,0,0,1,-113,27,None
0,0,0,-3,-18,-3,7,0,0,0,0,0,1,-113,27,None
0,-1,3,12,89,46,2,-1,-1,0,0,0,1,-113,27,None
0,-1,3,12,89,46,2,-1,-1,0,0,0,1,-113,27,None
0,-1,3,12,89,46,2,-1,-1,0,0,0,4,-120,19,None
0,-2,-3,-35,-107,-59,-8,-2,-3,0,0,0,4,-120,19,None
0,-3,-4,-4,-33,-33,-10,-5,-2,0,0,0,4,-120,19,None
0,-3,-2,-2,-15,-9,1,2,-2,0,0,0,4,-120,19,None
0,0,0,0,0,15,0,1,-1,0,0,0,4,-120,19,None
0,0,0,0,0,15,0,1,-1,0,0,0,4,-120,19,None
0,0,0,0,0,15,0,1,-1,0,0,0,10,-114,18,None
0,-1,3,8,40,30,-6,-5,1,0,0,0,10,-114,18,None
0,1,2,-2,-27,4,10,3,1,0,0,0,10,-114,18,None
0,1,3,3,-17,37,8,2,1,0,0,0,10,-114,18,None
0,-5,-6,-5,5,-22,-9,-4,-8,0,0,0,10,-114,18,None
0,-5,-6,-5,5,-22,-9,-4,-8,0,0,0,10,-114,18,None
0,-5,-6,-5,5,-22,-9,-4,-8,0,0,0,15,-105,17,None
0,-1,2,18,63,43,-3,-3,-3,0,0,0,15,-105,17,None
0,0,-1,-50,-46,-28,0,-2,-1,0,0,0,15,-105,17,None
0,-1,0,6,11,-2,-2,-3,-2,0,0,0,15,-105,17,None
0,-3,-1,-21,-2,-12,-4,-3,-3,0,0,0,15,-105,17,None
0,-3,-1,-21,-2,-12,-4,-3,-3,0,0,0,15,-105,17,None
0,-3,-1,-21,-2,-12,-4,-3,-3,0,0,0,23,-112,12,None
0,-2,1,0,11,-1,-1,1,-5,0,0,0,23,-112,12,None
0,-1,2,16,50,49,-2,-2,-2,0,0,0,23,-112,12,None
0,-2,1,-2,41,-5,6,0,-3,0,0,0,23,-112,12,None
0,0,2,-3,-106,-73,-6,-2,0,0,0,0,23,-112,12,None
0,0,2,-3,-106,-73,-6,-2,0,0,0,0,23,-112,12,None
0,0,2,-3,-106,-73,-6,-2,0,0,0,0,33,-120,9,None
0,-3,-2,-4,-71,7,-3,-4,-2,0,0,0,33,-120,9,None
0,-2,3,9,53,-40,-2,-4,-1,0,0,0,33,-120,9,None
0,-1,0,-23,-62,32,-3,2,0,0,0,0,33,-120,9,None
0,-1,-3,9,26,25,-5,-3,-3,0,0,0,33,-120,9,None
0,-1,-3,9,26,25,-5,-3,-3,0,0,0,33,-120,9,None
0,-1,-3,9,26,25,-5,-3,-3,0,0,0,34,-116,7,None
0,2,3,29,89,3,14,4,1,0,0,0,34,-116,7,None
0,-1,-3,-2,57,-45,-2,-3,0,0,0,0,34,-116,7,None
0,0,6,26,-8,-72,-5,0,-1,0,0,0,34,-116,7,None
0,-7,-13,-75,73,55,-3,-7,-4,0,0,0,34,-116,7,None
0,-7,-13,-75,73,55,-3,-7,-4,0,0,0,34,-116,7,None
0,-7,-13,-75,73,55,-3,-7,-4,0,0,0,38,-97,5,None
0,-1,0,28,88,36,-8,-5,-3,0,0,0,38,-97,5,None
0,-7,-13,-36,-91,-68,-16,-8,-7,0,0,0,38,-97,5,None
0,0,2,2,-4,32,0,0,-1,0,0,0,38,-97,5,None
0,2,6,3,-14,-19,3,2,1,0,0,0,38,-97,5,None
0,2,6,3,-14,-19,3,2,1,0,0,0,38,-97,5,None
0,2,6,3,-14,-19,3,2,1,0,0,0,46,-96,4,None
0,1,2,5,74,39,6,1,2,0,0,0,46,-96,4,None
0,1,5,-2,54,11,4,1,0,0,0,0,46,-96,4,None
0,-5,-5,-18,-38,-44,-11,-7,-6,0,0,0,46,-96,4,None
0,-1,4,25,40,54,6,2,0,0,0,0,46,-96,4,None
0,-1,4,25,40,54,6,2,0,0,0,0,46,-96,4,None
0,-1,4,25,40,54,6,2,0,0,0,0,50,-98,3,None
0,5,9,-10,-41,-4,10,5,4,0,0,0,50,-98,3,None
0,-6,-14,-42,-73,-51,-8,-4,-5,0,0,0,50,-98,3,None
0,-1,-1,4,28,14,-1,-2,0,0,0,0,50,-98,3,None
0,-1,4,30,-14,29,-1,-2,-2,0,0,0,50,-98,3,None
0,-1,4,30,-14,29,-1,-2,-2,0,0,0,50,-98,3,None
0,-1,4,30,-14,29,-1,-2,-2,0,0,0,53,-100,1,None
0,-3,-1,-13,4,-39,2,-2,0,0,0,0,53,-100,1,None
0,1,3,-22,48,66,3,3,-1,0,0,0,53,-100,1,None
0,-1,-2,0,28,-4,-5,-8,-1,0,0,0,53,-100,1,None
0,-1,0,-17,-60,-114,-7,3,-1,0,0,0,53,-100,1,None
0,-1,0,-17,-60,-114,-7,3,-1,0,0,0,53,-100,1,None
0,-1,0,-17,-60,-114,-7,3,-1,0,0,0,56,-92,4,None
0,-2,3,-11,62,93,3,-1,-1,0,0,0,56,-92,4,None
0,-2,-2,2,-70,0,-1,0,-3,0,0,0,56,-92,4,None
0,-1,0,-6,78,72,-3,-2,-2,0,0,0,56,-92,4,None
0,-1,0,8,26,-12,8,0,1,0,0,0,56,-92,4,None
0,-1,0,8,26,-12,8,0,1,0,0,0,56,-92,4,None
0,-1,0,8,26,-12,8,0,1,0,0,0,56,-89,4,None
0,0,3,2,-14,-28,-5,-1,-1,0,0,0,56,-89,4,None
0,-4,-13,34,67,73,4,1,0,0,0,0,56,-89,4,None
0,2,2,-3,4,-38,-8,-5,-4,0,0,0,56,-89,4,None
0,-1,13,10,-18,-51,2,1,0,0,0,0,56,-89,4,None
0,-1,13,10,-18,-51,2,1,0,0,0,0,56,-89,4,None
0,-1,13,10,-18,-51,2,1,0,0,0,0,59,-83,2,None
0,-5,-12,-8,-1,-46,-3,-3,-2,0,0,0,59,-83,2,None
0,2,10,27,-36,4,1,0,0,0,0,0,59,-83,2,None
0,-3,-25,-18,-3,0,4,3,2,0,0,0,59,-83,2,None
0,1,1,0,-32,27,-4,-1,-1,0,0,0,59,-83,2,None
0,1,1,0,-32,27,-4,-1,-1,0,0,0,59,-83,2,None
0,1,1,0,-32,27,-4,-1,-1,0,0,0,61,-88,1,None
0,-2,-2,-19,-57,-83,-10,-4,-2,0,0,0,61,-88,1,None
0,9,7,27,-38,38,-1,0,2,0,0,0,61,-88,1,None
0,-2,13,22,-18,-63,-2,-2,-3,0,0,0,61,-88,1,None
0,0,7,3,89,101,1,-2,-1,0,0,0,61,-88,1,None
0,0,7,3,89,101,1,-2,-1,0,0,0,61,-88,1,None
0,0,7,3,89,101,1,-2,-1,0,0,0,64,-95,3,None
0,-4,-30,2,-3,7,2,0,0,0,0,0,64,-95,3,None
0,-2,14,-2,8,-7,-2,-2,-3,0,0,0,64,-95,3,None
0,0,13,4,16,-5,1,0,-2,0,0,0,64,-95,3,None
0,1,-21,-6,7,-12,0,-2,-1,0,0,0,64,-95,3,None
0,1,-21,-6,7,-12,0,-2,-1,0,0,0,64,-95,3,None
0,1,-21,-6,7,-12,0,-2,-1,0,0,0,63,-89,-1,None
0,0,8,-8,-87,-76,-8,-1,-1,0,0,0,63,-89,-1,None
0,-8,10,2,14,-14,4,1,0,0,0,0,63,-89,-1,None
0,25,8,-9,-28,-27,-1,-1,-2,0,0,0,63,-89,-1,None
0,-2,4,3,-5,43,0,-2,0,0,0,0,63,-89,-1,None
0,-2,4,3,-5,43,0,-2,0,0,0,0,63,-89,-1,None
0,-2,4,3,-5,43,0,-2,0,0,0,0,59,-85,-3,None
0,-2,4,-3,2,29,-1,-2,-4,0,0,0,59,-85,-3,None
0,1,2,0,-8,-19,-1,1,-3,0,0,0,59,-85,-3,None
0,-10,4,-8,-19,18,1,-1,-1,0,0,0,59,-85,-3,None
0,-3,-16,-2,-20,16,0,0,0,0,0,0,59,-85,-3,None
0,-3,-16,-2,-20,16,0,0,0,0,0,0,59,-85,-3,None
0,-3,-16,-2,-20,16,0,0,0,0,0,0,66,-90,-2,None
0,2,1,2,18,12,-3,-3,-2,0,0,0,66,-90,-2,None
0,-4,-7,-3,9,7,-1,-1,-1,0,0,0,66,-90,-2,None
0,-9,-1,0,0,11,0,-1,-2,0,0,0,66,-90,-2,None
0,1,5,-2,-31,-75,-2,-2,-1,0,0,0,66,-90,-2,None
0,1,5,-2,-31,-75,-2,-2,-1,0,0,0,66,-90,-2,None
0,1,5,-2,-31,-75,-2,-2,-1,0,0,0,69,-95,-1,None
0,-7,4,-2,44,84,3,-2,-4,0,0,0,69,-95,-1,None
0,0,-3,-1,-4,-12,0,-3,-1,0,0,0,69,-95,-1,None
0,-4,-2,-7,-10,17,-1,0,-1,0,0,0,69,-95,-1,None
0,-2,5,2,26,-23,-3,-1,-2,0,0,0,69,-95,-1,None
0,-2,5,2,26,-23,-3,-1,-2,0,0,0,69,-95,-1,None
0,-2,5,2,26,-23,-3,-1,-2,0,0,0,65,-88,0,None
0,6,48,-3,-8,-23,-1,-2,-1,0,0,0,65,-88,0,None
0,-2,-25,-4,-31,-19,-3,-2,-3,0,0,0,65,-88,0,None
0,-3,-4,-2,5,15,1,0,0,0,0,0,65,-88,0,None
0,-3,-3,-3,26,21,-3,-1,-1,0,0,0,65,-88,0,None
0,-3,-3,-3,26,21,-3,-1,-1,0,0,0,65,-88,0,None
0,-3,-3,-3,26,21,-3,-1,-1,0,0,0,60,-80,0,None
0,-1,7,-5,-8,1,-5,-2,-1,0,0,0,60,-80,0,None
0,-2,7,5,19,37,5,0,-1,0,0,0,60,-80,0,None
0,-4,18,0,5,22,2,-1,0,0,0,0,60,-80,0,None
0,1,0,-2,-10,4,-1,-1,-2,0,0,0,60,-80,0,None
0,1,0,-2,-10,4,-1,-1,-2,0,0,0,60,-80,0,None
0,1,0,-2,-10,4,-1,-1,-2,0,0,0,57,-82,0,None
0,-1,-12,2,-2,6,0,0,-1,0,0,0,57,-82,0,None
0,1,4,-5,7,-11,-3,-1,-1,0,0,0,57,-82,0,None
0,-4,-6,-3,-6,10,-2,-2,-2,0,0,0,57,-82,0,None
0,-3,5,-1,-5,16,0,-2,-3,0,0,0,57,-82,0,None
0,-3,5,-1,-5,16,0,-2,-3,0,0,0,57,-82,0,None
0,-3,5,-1,-5,16,0,-2,-3,0,0,0,55,-86,0,None
0,-2,-9,-4,-17,-17,-1,-2,0,0,0,0,55,-86,0,None
0,1,20,0,26,-13,-2,-2,-1,0,0,0,55,-86,0,None
0,-7,-68,-2,18,30,0,-1,-2,0,0,0,55,-86,0,None
0,-4,7,0,2,16,2,-2,-3,0,0,0,55,-86,0,None
0,-4,7,0,2,16,2,-2,-3,0,0,0,55,-86,0,None
0,-4,7,0,2,16,2,-2,-3,0,0,0,55,-87,-1,None
0,-3,-11,-3,-2,-16,0,-1,-1,0,0,0,55,-87,-1,None
0,-1,-1,-5,-43,-15,-2,-1,-1,0,0,0,55,-87,-1,None
0,0,15,-4,-8,-6,-3,-2,-2,0,0,0,55,-87,-1,None
0,1,-1,-1,-1,-10,-2,-2,-1,0,0,0,55,-87,-1,None
0,1,-1,-1,-1,-10,-2,-2,-1,0,0,0,55,-87,-1,None
0,1,-1,-1,-1,-10,-2,-2,-1,0,0,0,55,-87,-2,None
0,1,2,1,44,7,-1,2,0,0,0,0,55,-87,-2,None
0,-8,-40,-10,4,-4,-8,-6,-5,0,0,0,55,-87,-2,None
0,2,24,-10,3,0,-1,-2,-1,0,0,0,55,-87,-2,None
0,1,-5,1,-10,-1,0,-1,-1,0,0,0,55,-87,-2,None
0,1,-5,1,-10,-1,0,-1,-1,0,0,0,55,-87,-2,None
0,1,-5,1,-10,-1,0,-1,-1,0,0,0,55,-84,-3,None
0,-1,7,-1,4,-16,0,-1,0,0,0,0,55,-84,-3,None
0,0,8,-3,13,5,-2,-1,0,0,0,0,55,-84,-3,None
0,-2,5,-2,-11,-4,-3,-1,-2,0,0,0,55,-84,-3,None
0,-2,-4,-4,8,-8,-2,-1,-2,0,0,0,55,-84,-3,None
0,-2,-4,-4,8,-8,-2,-1,-2,0,0,0,55,-84,-3,None
0,-2,-4,-4,8,-8,-2,-1,-2,0,0,0,56,-82,-4,None
0,-1,-2,-5,-13,5,-3,-1,-3,0,0,0,56,-82,-4,None
0,0,5,3,-2,1,0,0,-1,0,0,0,56,-82,-4,None
0,-2,-5,-3,-10,0,-1,-2,-2,0,0,0,56,-82,-4,None
0,0,18,-2,-14,-7,0,0,2,0,0,0,56,-82,-4,None
0,0,18,-2,-14,-7,0,0,2,0,0,0,56,-82,-4,None
0,0,18,-2,-14,-7,0,0,2,0,0,0,58,-82,-5,None
0,-18,-59,-3,19,13,-6,-7,-8,0,0,0,58,-82,-5,None
0,-2,3,-8,36,25,2,-2,-3,0,0,0,58,-82,-5,None
0,1,7,2,-10,-4,0,0,0,0,0,0,58,-82,-5,None
0,-6,-8,-5,2,2,-3,0,-1,0,0,0,58,-82,-5,None
0,-6,-8,-5,2,2,-3,0,-1,0,0,0,58,-82,-5,None
0,-6,-8,-5,2,2,-3,0,-1,0,0,0,57,-83,-5,None
0,5,11,-3,-18,-13,-2,0,2,0,0,0,57,-83,-5,None
0,1,3,2,9,-1,-1,-2,0,0,0,0,57,-83,-5,None
0,-5,-2,-2,10,5,-2,-2,-2,0,0,0,57,-83,-5,None
0,5,4,-2,5,-2,0,-2,-1,0,0,0,57,-83,-5,None
0,5,4,-2,5,-2,0,-2,-1,0,0,0,57,-83,-5,None
0,5,4,-2,5,-2,0,-2,-1,0,0,0,57,-81,-6,None
0,1,2,-3,-14,3,0,-1,-1,0,0,0,57,-81,-6,None
0,-1,7,0,-3,5,-1,-1,0,0,0,0,57,-81,-6,None
0,1,5,0,-7,-8,1,0,-2,0,0,0,57,-81,-6,None
0,-2,-3,-1,-7,6,-2,-2,-2,0,0,0,57,-81,-6,None
0,-2,-3,-1,-7,6,-2,-2,-2,0,0,0,57,-81,-6,None
0,-2,-3,-1,-7,6,-2,-2,-2,0,0,0,57,-79,-7,None
0,-1,9,-1,-13,-7,0,-1,0,0,0,0,57,-79,-7,None
0,-3,-5,-10,-34,-19,-1,0,-1,0,0,0,57,-79,-7,None
0,-1,1,11,17,14,-3,-4,-3,0,0,0,57,-79,-7,None
0,-3,-4,-4,14,15,1,-1,-1,0,0,0,57,-79,-7,None
0,-3,-4,-4,14,15,1,-1,-1,0,0,0,57,-79,-7,None
0,-3,-4,-4,14,15,1,-1,-1,0,0,0,57,-80,-8,None
0,-2,2,-4,-13,-5,-1,-1,-2,0,0,0,57,-80,-8,None
0,3,6,3,-2,-1,1,0,2,0,0,0,57,-80,-8,None
0,-2,-2,-6,-8,-16,-3,-1,-1,0,0,0,57,-80,-8,None
0,-1,1,-3,-1,1,-1,-3,-3,0,0,0,57,-80,-8,None
0,-1,1,-3,-1,1,-1,-3,-3,0,0,0,57,-80,-8,None
0,-1,1,-3,-1,1,-1,-3,-3,0,0,0,57,-79,-8,None
0,1,6,0,1,8,1,0,-2,0,0,0,57,-79,-8,None
0,-2,1,0,-3,-2,-2,-2,-2,0,0,0,57,-79,-8,None
0,-2,1,-5,2,-1,-2,-2,-1,0,0,0,57,-79,-8,None
0,-3,-3,-1,1,4,-1,-2,-3,0,0,0,57,-79,-8,None
0,-3,-3,-1,1,4,-1,-2,-3,0,0,0,57,-79,-8,None
0,-3,-3,-1,1,4,-1,-2,-3,0,0,0,58,-79,-8,None
0,-1,3,-4,-7,-2,-1,0,-2,0,0,0,58,-79,-8,None
0,-2,31,1,7,-3,-2,-2,-3,0,0,0,58,-79,-8,None
0,0,-6,-5,18,14,-1,-1,0,0,0,0,58,-79,-8,None
0,-1,-2,-3,-29,-17,-1,-3,-2,0,0,0,58,-79,-8,None
0,-1,-2,-3,-29,-17,-1,-3,-2,0,0,0,58,-79,-8,None
0,-1,-2,-3,-29,-17,-1,-3,-2,0,0,0,58,-79,-7,None
0,-1,-2,0,6,11,0,-1,-1,0,0,0,58,-79,-7,None
0,-2,2,0,-3,1,-1,-2,-3,0,0,0,58,-79,-7,None
0,1,8,-3,0,6,0,-1,0,0,0,0,58,-79,-7,None
0,-1,1,-1,-1,-4,-1,-1,0,0,0,0,58,-79,-7,None
0,-1,1,-1,-1,-4,-1,-1,0,0,0,0,58,-79,-7,None
0,-1,1,-1,-1,-4,-1,-1,0,0,0,0,57,-80,-8,None
0,1,5,-2,1,-6,-1,-2,1,0,0,0,57,-80,-8,None
0,-1,-2,-2,-2,5,-2,0,-2,0,0,0,57,-80,-8,None
0,-2,1,-3,-7,-6,0,-1,-1,0,0,0,57,-80,-8,None
0,-1,-5,-2,6,2,-2,-3,-2,0,0,0,57,-80,-8,None
0,-1,-5,-2,6,2,-2,-3,-2,0,0,0,57,-80,-8,None
0,-1,-5,-2,6,2,-2,-3,-2,0,0,0,58,-79,-7,None
0,-1,-2,-3,-9,-1,-1,-1,-1,0,0,0,58,-79,-7,None
0,1,-8,0,5,8,1,0,-1,0,0,0,58,-79,-7,None
0,-1,-2,-2,-8,-6,-2,-2,-2,0,0,0,58,-79,-7,None
0,-1,7,-1,5,5,-1,-1,0,0,0,0,58,-79,-7,None
0,-1,7,-1,5,5,-1,-1,0,0,0,0,58,-79,-7,None
0,-1,7,-1,5,5,-1,-1,0,0,0,0,58,-80,-7,None
0,0,2,-1,-1,-8,-2,-1,0,0,0,0,58,-80,-7,None
0,-1,-7,-2,-6,4,-2,-2,-2,0,0,0,58,-80,-7,None
0,-3,0,-1,1,-4,0,-2,-2,0,0,0,58,-80,-7,None
0,0,0,0,8,6,-2,-1,-1,0,0,0,58,-80,-7,None
0,0,0,0,8,6,-2,-1,-1,0,0,0,58,-80,-7,None
0,0,0,0,8,6,-2,-1,-1,0,0,0,58,-81,-6,None
0,11,38,-2,-4,2,-1,-1,1,0,0,0,58,-81,-6,None
0,-9,-53,-2,1,-7,-1,-1,-3,0,0,0,58,-81,-6,None
0,-4,19,-2,4,1,-1,0,-2,0,0,0,58,-81,-6,None
0,5,-2,-3,-14,-5,-2,0,0,0,0,0,58,-81,-6,None
0,5,-2,-3,-14,-5,-2,0,0,0,0,0,58,-81,-6,None
0,5,-2,-3,-14,-5,-2,0,0,0,0,0,58,-82,-5,None
0,-2,-1,2,-16,13,0,-1,-1,0,0,0,58,-82,-5,None
0,1,14,0,13,19,1,-3,0,0,0,0,58,-82,-5,None
0,0,1,-1,-6,-15,1,-1,-2,0,0,0,58,-82,-5,None
0,-3,-3,-2,5,-10,-1,-2,-3,0,0,0,58,-82,-5,None
0,-3,-3,-2,5,-10,-1,-2,-3,0,0,0,58,-82,-5,None
0,-3,-3,-2,5,-10,-1,-2,-3,0,0,0,57,-83,-6,None
0,-4,-7,-3,4,-4,-3,-3,-3,0,0,0,57,-83,-6,None
0,2,10,-2,0,3,0,0,0,0,0,0,57,-83,-6,None
0,-6,-17,-3,-15,-11,-3,-1,-1,0,0,0,57,-83,-6,None
0,2,29,-1,-2,0,0,-1,-2,0,0,0,57,-83,-6,None
0,2,29,-1,-2,0,0,-1,-2,0,0,0,57,-83,-6,None
0,2,29,-1,-2,0,0,-1,-2,0,0,0,57,-82,-5,None
0,-4,-14,-3,9,10,0,-3,-4,0,0,0,57,-82,-5,None
0,-4,5,-1,-3,1,-1,-1,-2,0,0,0,57,-82,-5,None
0,12,19,-5,-1,6,-2,-2,-1,0,0,0,57,-82,-5,None
0,-6,-5,2,-10,-12,-1,-1,-2,0,0,0,57,-82,-5,None
0,-6,-5,2,-10,-12,-1,-1,-2,0,0,0,57,-82,-5,None
0,-6,-5,2,-10,-12,-1,-1,-2,0,0,0,57,-82,-5,None
0,-2,-3,-3,-7,4,-2,-1,-2,0,0,0,57,-82,-5,None
0,-1,1,1,1,-4,-2,0,0,0,0,0,57,-82,-5,None
0,1,9,-3,2,-7,-1,0,-1,0,0,0,57,-82,-5,None
0,-1,-3,-1,18,19,-3,1,0,0,0,0,57,-82,-5,None
0,-1,-3,-1,18,19,-3,1,0,0,0,0,57,-82,-5,None
0,-1,-3,-1,18,19,-3,1,0,0,0,0,58,-82,-6,None
0,-2,-5,-2,-2,-5,-1,0,-2,0,0,0,58,-82,-6,None
0,-2,4,-2,44,20,-1,-3,-2,0,0,0,58,-82,-6,None
0,-2,-7,-2,-38,-18,-2,-2,-1,0,0,0,58,-82,-6,None
0,-3,-7,-4,14,20,0,-4,-2,0,0,0,58,-82,-6,None
0,-3,-7,-4,14,20,0,-4,-2,0,0,0,58,-82,-6,None
0,-3,-7,-4,14,20,0,-4,-2,0,0,0,58,-82,-6,None
0,-3,9,0,-5,-11,-2,-1,-1,0,0,0,58,-82,-6,None
0,0,1,-2,-5,-2,-1,0,-3,0,0,0,58,-82,-6,None
0,2,-2,-2,5,8,-1,-2,-2,0,0,0,58,-82,-6,None
0,-6,-26,-2,15,2,-1,-1,-2,0,0,0,58,-82,-6,None
0,-6,-26,-2,15,2,-1,-1,-2,0,0,0,58,-82,-6,None
0,-6,-26,-2,15,2,-1,-1,-2,0,0,0,57,-80,-6,None
0,1,11,-2,4,3,0,0,-1,0,0,0,57,-80,-6,None
0,-4,-1,-6,-24,-10,-2,-4,-1,0,0,0,57,-80,-6,None
0,-4,-8,1,4,12,-1,-1,-2,0,0,0,57,-80,-6,None
0,0,7,-4,-14,-1,-1,-1,-1,0,0,0,57,-80,-6,None
0,0,7,-4,-14,-1,-1,-1,-1,0,0,0,57,-80,-6,None
0,0,7,-4,-14,-1,-1,-1,-1,0,0,0,58,-81,-6,None
0,-2,10,0,9,1,-3,-4,-3,0,0,0,58,-81,-6,None
0,1,-1,-3,2,-2,-3,-1,-2,0,0,0,58,-81,-6,None
0,-5,-3,-1,2,8,1,-1,0,0,0,0,58,-81,-6,None
0,-3,1,-2,0,-1,-1,-1,1,0,0,0,58,-81,-6,None
0,-3,1,-2,0,-1,-1,-1,1,0,0,0,58,-81,-6,None
0,-3,1,-2,0,-1,-1,-1,1,0,0,0,57,-80,-5,None
0,-2,-2,-3,-16,-15,0,0,-1,0,0,0,57,-80,-5,None
0,-2,0,-4,-3,13,-1,-3,-3,0,0,0,57,-80,-5,None
0,7,22,2,1,15,1,0,0,0,0,0,57,-80,-5,None
0,1,-9,-1,-11,-6,-2,-2,-3,0,0,0,57,-80,-5,None
0,1,-9,-1,-11,-6,-2,-2,-3,0,0,0,57,-80,-5,None
0,1,-9,-1,-11,-6,-2,-2,-3,0,0,0,58,-80,-6,None
0,0,-6,-5,16,8,-2,-3,-3,0,0,0,58,-80,-6,None
0,-2,3,-1,-13,-15,-1,1,-1,0,0,0,58,-80,-6,None
0,-2,-4,-2,12,0,-1,-2,-2,0,0,0,58,-80,-6,None
0,0,0,-3,3,1,0,-1,-1,0,0,0,58,-80,-6,None
0,0,0,-3,3,1,0,-1,-1,0,0,0,58,-80,-6,None
0,0,0,-3,3,1,0,-1,-1,0,0,0,57,-81,-6,None
0,-3,-8,-2,-11,-7,-3,0,-1,0,0,0,57,-81,-6,None
0,-2,2,-2,-1,-1,0,-2,0,0,0,0,57,-81,-6,None
0,3,39,-4,7,4,0,0,-2,0,0,0,57,-81,-6,None
0,-3,-19,0,-10,-18,-1,1,-1,0,0,0,57,-81,-6,None
0,-3,-19,0,-10,-18,-1,1,-1,0,0,0,57,-81,-6,None
0,-3,-19,0,-10,-18,-1,1,-1,0,0,0,58,-80,-6,None
0,-3,-8,-3,-22,12,0,-3,-3,0,0,0,58,-80,-6,None
0,-1,6,-1,-14,-10,-3,-3,-3,0,0,0,58,-80,-6,None
0,-2,-6,-1,19,7,-2,-2,-2,0,0,0,58,-80,-6,None
0,-1,10,-6,-3,-4,-2,-1,-2,0,0,0,58,-80,-6,None
0,-1,10,-6,-3,-4,-2,-1,-2,0,0,0,58,-80,-6,None
0,-1,10,-6,-3,-4,-2,-1,-2,0,0,0,57,-81,-6,None
0,2,1,-1,2,-9,2,0,0,0,0,0,57,-81,-6,None
0,1,-6,-2,-2,0,-1,-1,-1,0,0,0,57,-81,-6,None
0,-5,-17,-2,-3,-3,-2,-2,-2,0,0,0,57,-81,-6,None
0,-2,7,-1,1,0,-2,-2,-1,0,0,0,57,-81,-6,None
0,-2,7,-1,1,0,-2,-2,-1,0,0,0,57,-81,-6,None
0,-2,7,-1,1,0,-2,-2,-1,0,0,0,58,-80,-6,None
0,-5,-14,-1,7,5,0,-2,0,0,0,0,58,-80,-6,None
0,8,23,0,2,2,1,0,-2,0,0,0,58,-80,-6,None
0,-5,-21,-3,-5,-8,-2,-2,0,0,0,0,58,-80,-6,None
0,-2,8,-2,4,8,-1,-2,0,0,0,0,58,-80,-6,None
0,-2,8,-2,4,8,-1,-2,0,0,0,0,58,-80,-6,None
0,-2,8,-2,4,8,-1,-2,0,0,0,0,58,-80,-6,None
0,-1,1,-2,-2,2,0,-2,-3,0,0,0,58,-80,-6,None
0,-2,1,0,2,-5,0,-1,-1,0,0,0,58,-80,-6,None
0,-3,-3,-2,-10,-4,-1,-2,0,0,0,0,58,-80,-6,None
0,2,1,-1,-8,0,1,-2,-1,0,0,0,58,-80,-6,None
0,2,1,-1,-8,0,1,-2,-1,0,0,0,58,-80,-6,None
0,2,1,-1,-8,0,1,-2,-1,0,0,0,58,-81,-6,None
0,1,-3,-1,-1,-10,-2,0,-1,0,0,0,58,-81,-6,None
0,-5,9,-3,10,6,-2,-4,-2,0,0,0,58,-81,-6,None
0,-9,-36,0,3,4,-2,-2,-2,0,0,0,58,-81,-6,None
0,-3,8,0,5,3,1,-1,-2,0,0,0,58,-81,-6,None
0,-3,8,0,5,3,1,-1,-2,0,0,0,58,-81,-6,None
0,-3,8,0,5,3,1,-1,-2,0,0,0,58,-80,-6,None
0,-1,3,-1,5,0,-2,0,-1,0,0,0,58,-80,-6,None
0,0,-10,-2,-6,-4,-1,-1,-1,0,0,0,58,-80,-6,None
0,-2,6,-3,-3,-2,-1,-3,-2,0,0,0,58,-80,-6,None
0,-8,6,-3,-7,-9,-2,-1,-2,0,0,0,58,-80,-6,None
0,-8,6,-3,-7,-9,-2,-1,-2,0,0,0,58,-80,-6,None
0,-8,6,-3,-7,-9,-2,-1,-2,0,0,0,58,-81,-6,None
0,4,-7,-5,-7,14,-2,-2,-2,0,0,0,58,-81,-6,None
0,0,2,0,-5,1,0,-1,-2,0,0,0,58,-81,-6,None
0,0,19,-2,1,-1,0,0,0,0,0,0,58,-81,-6,None
0,-2,-5,-1,-4,-5,-2,-1,-2,0,0,0,58,-81,-6,None
0,-2,-5,-1,-4,-5,-2,-1,-2,0,0,0,58,-81,-6,None
0,-2,-5,-1,-4,-5,-2,-1,-2,0,0,0,58,-80,-6,None
0,-1,5,-3,2,-5,0,0,-1,0,0,0,58,-80,-6,None
0,-1,-7,-3,-4,-1,-2,0,0,0,0,0,58,-80,-6,None
0,1,5,-2,-2,1,-3,-2,-2,0,0,0,58,-80,-6,None
0,0,0,-2,5,6,0,0,0,0,0,0,58,-80,-6,None
0,0,0,-2,5,6,0,0,0,0,0,0,58,-80,-6,None
0,0,0,-2,5,6,0,0,0,0,0,0,58,-80,-6,None
0,-2,2,-1,-1,-1,-2,-1,-1,0,0,0,58,-80,-6,None
0,-2,1,-2,8,5,-1,-1,1,0,0,0,58,-80,-6,None
0,-2,-17,-4,-13,-13,-3,-2,-2,0,0,0,58,-80,-6,None
0,3,13,1,9,8,-1,0,0,0,0,0,58,-80,-6,None
0,3,13,1,9,8,-1,0,0,0,0,0,58,-80,-6,None
0,3,13,1,9,8,-1,0,0,0,0,0,58,-80,-6,None
0,-6,7,-3,17,10,-3,-3,-5,0,0,0,58,-80,-6,None
0,-4,-4,-3,-21,-6,0,-2,-2,0,0,0,58,-80,-6,None
0,-1,-4,-1,9,7,-1,-2,0,0,0,0,58,-80,-6,None
0,0,4,-3,-8,-4,-1,-1,-1,0,0,0,58,-80,-6,None
0,0,4,-3,-8,-4,-1,-1,-1,0,0,0,58,-80,-6,None
0,0,4,-3,-8,-4,-1,-1,-1,0,0,0,58,-80,-6,None
0,1,0,-2,1,-2,-2,-1,0,0,0,0,58,-80,-6,None
