0,-1,0,-3,14,14,39,12,1,0,0,0,89,-84,-5,None
0,-3,-2,-6,-14,-18,-2,-5,-3,0,0,0,89,-84,-5,None
0,-1,2,4,7,-3,4,4,1,0,0,0,89,-84,-5,None
0,-1,2,4,7,-3,4,4,1,0,0,0,89,-84,-5,None
0,-1,2,4,7,-3,4,4,1,0,0,0,78,-97,-3,None
0,1,0,-4,12,7,-12,-3,-1,0,0,0,78,-97,-3,None
0,-1,-1,-3,-23,-9,-11,-6,-2,0,0,0,78,-97,-3,None
0,-3,-1,-4,2,0,-4,-2,-3,0,0,0,78,-97,-3,None
0,0,0,-2,2,-1,-20,-4,-2,0,0,0,78,-97,-3,None
0,0,0,-2,2,-1,-20,-4,-2,0,0,0,78,-97,-3,None
0,0,0,-2,2,-1,-20,-4,-2,0,0,0,70,-101,-2,None
0,0,-2,-5,-19,12,10,-1,-2,0,0,0,70,-101,-2,None
0,1,3,-7,-8,-17,3,-4,0,0,0,0,70,-101,-2,None
0,-1,1,7,-4,10,17,1,1,0,0,0,70,-101,-2,None
0,-3,0,-2,-13,-13,-22,-6,-3,0,0,0,70,-101,-2,None
0,-3,0,-2,-13,-13,-22,-6,-3,0,0,0,70,-101,-2,None
0,-3,0,-2,-13,-13,-22,-6,-3,0,0,0,61,-103,3,None
0,1,2,-4,7,7,36,11,4,0,0,0,61,-103,3,None
0,-2,-1,2,30,3,-7,-7,-2,0,0,0,61,-103,3,None
0,-3,-3,-5,-35,-10,-13,1,-3,0,0,0,61,-103,3,None
0,0,0,-4,-2,1,8,0,-1,0,0,0,61,-103,3,None
0,0,0,-4,-2,1,8,0,-1,0,0,0,61,-103,3,None
0,0,0,-4,-2,1,8,0,-1,0,0,0,59,-106,5,None
0,-2,-4,-4,-15,-6,-16,-8,-4,0,0,0,59,-106,5,None
0,-1,1,1,-6,3,-1,0,-2,0,0,0,59,-106,5,None
0,2,2,-3,-5,-4,-5,4,3,0,0,0,59,-106,5,None
0,0,1,0,-22,-10,-2,-7,-4,0,0,0,59,-106,5,None
0,0,1,0,-22,-10,-2,-7,-4,0,0,0,59,-106,5,None
0,0,1,0,-22,-10,-2,-7,-4,0,0,0,58,-111,9,None
0,-6,-2,-3,26,30,-15,-1,-4,0,0,0,58,-111,9,None
0,0,1,-4,-12,-40,42,2,1,0,0,0,58,-111,9,None
0,-4,0,-1,-1,7,-25,-9,-5,0,0,0,58,-111,9,None
0,2,2,1,19,1,39,10,3,0,0,0,58,-111,9,None
0,2,2,1,19,1,39,10,3,0,0,0,58,-111,9,None
0,2,2,1,19,1,39,10,3,0,0,0,49,-118,15,None
0,1,3,0,-7,-14,-25,-5,-3,0,0,0,49,-118,15,None
0,-2,0,6,3,12,-18,-18,-5,0,0,0,49,-118,15,None
0,0,1,-1,28,-9,11,12,1,0,0,0,49,-118,15,None
0,-1,1,-2,-33,-2,-8,-5,-2,0,0,0,49,-118,15,None
0,-1,1,-2,-33,-2,-8,-5,-2,0,0,0,49,-118,15,None
0,-1,1,-2,-33,-2,-8,-5,-2,0,0,0,39,-114,18,None
0,-2,1,3,2,-18,-2,3,-1,0,0,0,39,-114,18,None
0,-3,-2,-13,8,18,1,-3,-3,0,0,0,39,-114,18,None
0,0,1,4,11,6,11,-1,0,0,0,0,39,-114,18,None
0,-3,1,0,3,5,-12,-6,-3,0,0,0,39,-114,18,None
0,-3,1,0,3,5,-12,-6,-3,0,0,0,39,-114,18,None
0,-3,1,0,3,5,-12,-6,-3,0,0,0,30,-114,18,None
0,-1,1,-2,-16,-7,11,-2,-2,0,0,0,30,-114,18,None
0,-3,0,-2,-28,-17,-21,3,2,0,0,0,30,-114,18,None
0,0,-1,-4,-8,8,14,-2,0,0,0,0,30,-114,18,None
0,0,0,1,21,17,1,1,-2,0,0,0,30,-114,18,None
0,0,0,1,21,17,1,1,-2,0,0,0,30,-114,18,None
0,0,0,1,21,17,1,1,-2,0,0,0,24,-118,20,None
0,-2,-1,-4,17,-15,-6,-4,-1,0,0,0,24,-118,20,None
0,0,1,1,12,30,-1,-1,-4,0,0,0,24,-118,20,None
0,-2,-1,-6,-21,-17,-11,-2,-1,0,0,0,24,-118,20,None
0,-2,-1,-1,-6,11,-1,-3,-2,0,0,0,24,-118,20,None
0,-2,-1,-1,-6,11,-1,-3,-2,0,0,0,24,-118,20,None
0,-2,-1,-1,-6,11,-1,-3,-2,0,0,0,16,-118,22,None
0,-1,2,-1,2,13,29,10,2,0,0,0,16,-118,22,None
0,-2,0,-2,18,-9,-22,-3,-4,0,0,0,16,-118,22,None
0,-1,1,-3,-23,-8,-2,-4,-4,0,0,0,16,-118,22,None
0,-1,-2,-3,19,20,-3,-1,0,0,0,0,16,-118,22,None
0,-1,-2,-3,19,20,-3,-1,0,0,0,0,16,-118,22,None
0,-1,-2,-3,19,20,-3,-1,0,0,0,0,5,-119,22,None
0,-2,0,-6,-12,-14,1,-8,-4,0,0,0,5,-119,22,None
0,1,1,2,16,-7,8,7,1,0,0,0,5,-119,22,None
0,-2,-1,-5,-21,16,-13,2,-1,0,0,0,5,-119,22,None
0,1,1,-4,-27,-31,14,-4,-1,0,0,0,5,-119,22,None
0,1,1,-4,-27,-31,14,-4,-1,0,0,0,5,-119,22,None
0,1,1,-4,-27,-31,14,-4,-1,0,0,0,-4,-117,20,None
0,-2,-1,0,-12,14,-1,1,-2,0,0,0,-4,-117,20,None
0,-2,-1,1,8,-11,-27,-9,-5,0,0,0,-4,-117,20,None
0,0,0,-1,0,-29,9,-7,-3,0,0,0,-4,-117,20,None
0,-1,1,2,12,32,12,10,2,0,0,0,-4,-117,20,None
0,-1,1,2,12,32,12,10,2,0,0,0,-4,-117,20,None
0,-1,1,2,12,32,12,10,2,0,0,0,-11,-109,18,None
0,-1,-3,-4,30,19,3,-4,-1,0,0,0,-11,-109,18,None
0,-1,0,-4,-21,5,1,2,0,0,0,0,-11,-109,18,None
0,0,1,-4,-7,3,-6,-6,-4,0,0,0,-11,-109,18,None
0,-2,-2,2,11,-5,-7,-1,-2,0,0,0,-11,-109,18,None
0,-2,-2,2,11,-5,-7,-1,-2,0,0,0,-11,-109,18,None
0,-2,-2,2,11,-5,-7,-1,-2,0,0,0,-20,-101,17,None
0,0,2,-3,-6,-18,4,-1,0,0,0,0,-20,-101,17,None
0,-3,-2,-2,-1,56,2,-1,0,0,0,0,-20,-101,17,None
0,-2,1,-1,6,-26,-5,0,-2,0,0,0,-20,-101,17,None
0,1,2,1,7,-18,-5,-3,-1,0,0,0,-20,-101,17,None
0,1,2,1,7,-18,-5,-3,-1,0,0,0,-20,-101,17,None
0,1,2,1,7,-18,-5,-3,-1,0,0,0,-31,-95,19,None
0,0,1,2,68,54,-6,-2,-1,0,0,0,-31,-95,19,None
0,2,1,1,-1,18,7,2,0,0,0,0,-31,-95,19,None
0,-3,-3,-13,-58,-16,-7,-7,-2,0,0,0,-31,-95,19,None
0,-1,1,3,31,12,-11,-3,-3,0,0,0,-31,-95,19,None
0,-1,1,3,31,12,-11,-3,-3,0,0,0,-31,-95,19,None
0,-1,1,3,31,12,-11,-3,-3,0,0,0,-40,-93,16,None
0,0,2,-2,-35,-71,10,8,5,0,0,0,-40,-93,16,None
0,-1,-1,5,73,30,0,-1,-1,0,0,0,-40,-93,16,None
0,1,1,-5,-29,-8,4,0,0,0,0,0,-40,-93,16,None
0,-2,-3,-7,-25,-21,-11,-2,-3,0,0,0,-40,-93,16,None
0,-2,-3,-7,-25,-21,-11,-2,-3,0,0,0,-40,-93,16,None
0,-2,-3,-7,-25,-21,-11,-2,-3,0,0,0,-42,-89,11,None
0,-1,1,3,-12,-1,-4,-3,-3,0,0,0,-42,-89,11,None
0,-1,0,-7,-47,-8,-4,-3,-2,0,0,0,-42,-89,11,None
0,0,1,1,55,-20,-1,-2,-1,0,0,0,-42,-89,11,None
0,-2,0,-2,5,36,-2,-1,-1,0,0,0,-42,-89,11,None
0,-2,0,-2,5,36,-2,-1,-1,0,0,0,-42,-89,11,None
0,-2,0,-2,5,36,-2,-1,-1,0,0,0,-45,-80,10,None
0,0,1,-3,-22,-9,-6,-3,-2,0,0,0,-45,-80,10,None
0,-1,0,-1,18,0,3,0,0,0,0,0,-45,-80,10,None
0,-1,-1,-3,-80,-15,-1,-2,-2,0,0,0,-45,-80,10,None
0,0,1,-1,3,36,0,-2,-1,0,0,0,-45,-80,10,None
0,0,1,-1,3,36,0,-2,-1,0,0,0,-45,-80,10,None
0,0,1,-1,3,36,0,-2,-1,0,0,0,-52,-68,10,None
0,-4,-2,-4,9,-3,0,-3,-2,0,0,0,-52,-68,10,None
0,-2,2,0,-26,-33,0,-1,-1,0,0,0,-52,-68,10,None
0,0,2,3,13,-2,1,1,0,0,0,0,-52,-68,10,None
0,-2,-2,-6,-43,-39,-3,-1,-2,0,0,0,-52,-68,10,None
0,-2,-2,-6,-43,-39,-3,-1,-2,0,0,0,-52,-68,10,None
0,-2,-2,-6,-43,-39,-3,-1,-2,0,0,0,-55,-57,12,None
0,-1,1,-3,-71,-3,-5,-1,-2,0,0,0,-55,-57,12,None
0,-1,0,1,-21,-26,-1,-2,-3,0,0,0,-55,-57,12,None
0,-1,1,5,46,57,4,1,-1,0,0,0,-55,-57,12,None
0,-1,3,-1,-44,-63,-6,-2,0,0,0,0,-55,-57,12,None
0,-1,3,-1,-44,-63,-6,-2,0,0,0,0,-55,-57,12,None
0,-1,3,-1,-44,-63,-6,-2,0,0,0,0,-60,-51,11,None
0,-3,-5,-6,18,19,-4,-6,-5,0,0,0,-60,-51,11,None
0,0,2,1,-12,-56,-6,0,0,0,0,0,-60,-51,11,None
0,-1,1,0,4,9,-1,-3,-3,0,0,0,-60,-51,11,None
0,-2,6,14,93,104,16,4,2,0,0,0,-60,-51,11,None
0,-2,6,14,93,104,16,4,2,0,0,0,-60,-51,11,None
0,-2,6,14,93,104,16,4,2,0,0,0,-64,-51,12,None
0,3,5,0,-36,29,-2,-3,-2,0,0,0,-64,-51,12,None
0,-2,-3,-4,25,-13,-5,-3,-1,0,0,0,-64,-51,12,None
0,-4,-5,-10,-53,-17,1,-2,-1,0,0,0,-64,-51,12,None
0,3,16,-3,4,-52,-4,-1,-1,0,0,0,-64,-51,12,None
0,3,16,-3,4,-52,-4,-1,-1,0,0,0,-64,-51,12,None
0,3,16,-3,4,-52,-4,-1,-1,0,0,0,-64,-53,12,None
0,-4,-4,-14,-35,-4,-8,-4,-2,0,0,0,-64,-53,12,None
0,-1,0,-7,-4,16,-2,-2,-2,0,0,0,-64,-53,12,None
0,-2,-3,-1,26,12,2,0,0,0,0,0,-64,-53,12,None
0,2,9,-5,6,5,-4,-3,-2,0,0,0,-64,-53,12,None
0,2,9,-5,6,5,-4,-3,-2,0,0,0,-64,-53,12,None
0,2,9,-5,6,5,-4,-3,-2,0,0,0,-63,-50,13,None
0,0,2,3,3,-9,2,-1,-1,0,0,0,-63,-50,13,None
0,-1,1,-5,-7,12,-2,-1,1,0,0,0,-63,-50,13,None
0,5,31,1,2,-24,-3,0,-4,0,0,0,-63,-50,13,None
0,-14,-38,-2,41,49,-3,-9,-11,0,0,0,-63,-50,13,None
0,-14,-38,-2,41,49,-3,-9,-11,0,0,0,-63,-50,13,None
0,-14,-38,-2,41,49,-3,-9,-11,0,0,0,-62,-46,14,None
0,-4,-34,-2,-23,9,3,6,4,0,0,0,-62,-46,14,None
0,-3,-5,0,8,-7,-1,-2,4,0,0,0,-62,-46,14,None
0,0,-2,-1,41,14,2,3,0,0,0,0,-62,-46,14,None
0,1,7,-13,-119,-42,-7,-5,-4,0,0,0,-62,-46,14,None
0,1,7,-13,-119,-42,-7,-5,-4,0,0,0,-62,-46,14,None
0,1,7,-13,-119,-42,-7,-5,-4,0,0,0,-61,-41,14,None
0,2,9,1,26,9,1,-2,-5,0,0,0,-61,-41,14,None
0,-1,-1,-4,-5,16,-3,-3,-2,0,0,0,-61,-41,14,None
0,-1,-2,-2,11,18,-1,-2,2,0,0,0,-61,-41,14,None
0,3,10,9,-31,-29,1,2,1,0,0,0,-61,-41,14,None
0,3,10,9,-31,-29,1,2,1,0,0,0,-61,-41,14,None
0,3,10,9,-31,-29,1,2,1,0,0,0,-63,-39,16,None
0,-3,5,-5,45,20,-1,-4,-3,0,0,0,-63,-39,16,None
0,-1,-1,-3,-12,8,-1,-1,-3,0,0,0,-63,-39,16,None
0,-1,-2,0,7,8,-2,-3,0,0,0,0,-63,-39,16,None
0,1,-1,1,30,-4,-23,-3,0,0,0,0,-63,-39,16,None
0,1,-1,1,30,-4,-23,-3,0,0,0,0,-63,-39,16,None
0,1,-1,1,30,-4,-23,-3,0,0,0,0,-68,-37,16,None
0,2,7,1,-41,-30,23,2,2,0,0,0,-68,-37,16,None
0,6,4,-11,-14,-3,-25,-8,4,0,0,0,-68,-37,16,None
0,96,2,14,33,47,27,7,39,0,0,0,-68,-37,16,None
0,-22,1,32,7,-24,-18,16,82,0,0,0,-68,-37,16,None
0,-22,1,32,7,-24,-18,16,82,0,0,0,-68,-37,16,None
0,-22,1,32,7,-24,-18,16,82,0,0,0,-68,-32,16,None
0,-96,16,-19,59,-2,-29,1,-7,0,0,0,-68,-32,16,None
0,108,-28,-15,56,84,-62,-19,118,0,0,0,-68,-32,16,None
0,-128,45,-18,-90,-83,73,63,-34,0,0,0,-68,-32,16,None
0,3,-30,33,-22,46,107,15,-78,0,0,0,-68,-32,16,None
0,3,-30,33,-22,46,107,15,-78,0,0,0,-68,-32,16,None
0,3,-30,33,-22,46,107,15,-78,0,0,0,-75,-39,24,None
0,-109,-79,15,3,-48,-120,-57,-109,0,0,0,-75,-39,24,None
0,67,92,-13,-36,3,104,-18,-42,0,0,0,-75,-39,24,None
0,122,-122,15,74,91,-88,-45,104,0,0,0,-75,-39,24,None
0,-82,82,-13,8,1,47,38,14,0,0,0,-75,-39,24,None
0,-82,82,-13,8,1,47,38,14,0,0,0,-75,-39,24,None
0,-82,82,-13,8,1,47,38,14,0,0,0,-93,12,21,None
0,78,69,-1,-1,42,-89,-5,68,0,0,0,-93,12,21,None
0,32,20,13,49,37,-94,32,84,0,0,0,-93,12,21,None
0,-38,18,5,-4,58,-25,14,-86,0,0,0,-93,12,21,None
0,82,-35,-31,19,11,-51,-25,-32,0,0,0,-93,12,21,None
0,82,-35,-31,19,11,-51,-25,-32,0,0,0,-93,12,21,None
0,82,-35,-31,19,11,-51,-25,-32,0,0,0,-90,-32,-9,None
0,60,-32,-1,5,-50,44,7,25,0,0,0,-90,-32,-9,None
0,-56,3,16,-25,-22,-4,-4,-41,0,0,0,-90,-32,-9,None
0,-9,17,8,22,20,-44,0,65,0,0,0,-90,-32,-9,None
0,-39,-27,3,-3,-7,-38,-12,-11,0,0,0,-90,-32,-9,None
0,-39,-27,3,-3,-7,-38,-12,-11,0,0,0,-90,-32,-9,None
0,-39,-27,3,-3,-7,-38,-12,-11,0,0,0,-61,-52,27,None
0,-1,31,-9,17,33,48,9,-11,0,0,0,-61,-52,27,None
0,-22,-10,-5,-1,-17,-12,-5,-8,0,0,0,-61,-52,27,None
0,-44,-23,-3,73,-18,15,-8,-33,0,0,0,-61,-52,27,None
0,17,-17,-38,-91,-42,6,-19,-16,0,0,0,-61,-52,27,None
0,17,-17,-38,-91,-42,6,-19,-16,0,0,0,-61,-52,27,None
0,17,-17,-38,-91,-42,6,-19,-16,0,0,0,-32,-59,37,None
0,-35,7,5,53,4,25,31,15,0,0,0,-32,-59,37,None
0,-43,28,16,7,-45,17,5,-16,0,0,0,-32,-59,37,None
0,-46,-42,-10,-16,-23,3,-15,-38,0,0,0,-32,-59,37,None
0,105,111,25,127,90,-8,-61,10,0,0,0,-32,-59,37,None
0,105,111,25,127,90,-8,-61,10,0,0,0,-32,-59,37,None
0,105,111,25,127,90,-8,-61,10,0,0,0,-65,-29,12,None
0,5,-94,-57,-112,-42,-18,53,-1,0,0,0,-65,-29,12,None
0,-30,29,34,88,93,22,-44,-29,0,0,0,-65,-29,12,None
0,-31,14,-27,-33,-44,-19,46,-44,0,0,0,-65,-29,12,None
0,21,-36,-11,-51,52,-20,-2,41,0,0,0,-65,-29,12,None
0,21,-36,-11,-51,52,-20,-2,41,0,0,0,-65,-29,12,None
0,21,-36,-11,-51,52,-20,-2,41,0,0,0,-126,-48,21,None
0,34,44,14,50,75,36,31,59,0,0,0,-126,-48,21,None
0,64,20,-28,-70,-2,6,-1,-50,0,0,0,-126,-48,21,None
0,-70,-83,-20,4,20,-6,-34,-52,0,0,0,-126,-48,21,None
0,8,33,8,-15,48,-10,4,30,0,0,0,-126,-48,21,None
0,8,33,8,-15,48,-10,4,30,0,0,0,-126,-48,21,None
0,8,33,8,-15,48,-10,4,30,0,0,0,-72,-34,25,None
0,37,34,-9,-28,49,-5,-25,-7,0,0,0,-72,-34,25,None
0,-70,-9,18,-56,-75,13,14,-5,0,0,0,-72,-34,25,None
0,44,44,1,24,58,-2,-29,14,0,0,0,-72,-34,25,None
0,-19,-38,-13,63,-128,-34,13,-4,0,0,0,-72,-34,25,None
0,-19,-38,-13,63,-128,-34,13,-4,0,0,0,-72,-34,25,None
0,-19,-38,-13,63,-128,-34,13,-4,0,0,0,-74,1,22,None
0,-2,30,3,-62,10,15,-25,-19,0,0,0,-74,1,22,None
0,-10,-25,-6,-29,-6,-13,10,16,0,0,0,-74,1,22,None
0,24,7,-2,-43,-18,4,-7,6,0,0,0,-74,1,22,None
0,-42,-7,-8,15,19,-4,8,-5,0,0,0,-74,1,22,None
0,-42,-7,-8,15,19,-4,8,-5,0,0,0,-74,1,22,None
0,-42,-7,-8,15,19,-4,8,-5,0,0,0,-101,2,21,None
0,10,14,20,-39,-92,14,-3,19,0,0,0,-101,2,21,None
0,-8,-35,-4,60,42,-3,1,-36,0,0,0,-101,2,21,None
0,-3,-24,-10,-51,-19,3,-2,19,0,0,0,-101,2,21,None
0,-15,-1,-2,-34,-14,-4,8,-6,0,0,0,-101,2,21,None
0,-15,-1,-2,-34,-14,-4,8,-6,0,0,0,-101,2,21,None
0,-15,-1,-2,-34,-14,-4,8,-6,0,0,0,-100,-25,25,None
0,3,0,4,4,-27,3,-18,-6,0,0,0,-100,-25,25,None
0,-19,-23,-17,-68,-15,-19,0,-4,0,0,0,-100,-25,25,None
0,12,48,10,32,-7,35,6,8,0,0,0,-100,-25,25,None
0,-4,-8,-1,35,11,-9,-1,0,0,0,0,-100,-25,25,None
0,-4,-8,-1,35,11,-9,-1,0,0,0,0,-100,-25,25,None
0,-4,-8,-1,35,11,-9,-1,0,0,0,0,-101,-17,32,None
0,3,-4,4,-2,49,-67,-22,-7,0,0,0,-101,-17,32,None
0,45,9,35,84,77,-84,-11,71,0,0,0,-101,-17,32,None
0,-87,9,-41,-48,-99,39,56,70,0,0,0,-101,-17,32,None
0,105,34,30,19,58,-105,-3,94,0,0,0,-101,-17,32,None
0,105,34,30,19,58,-105,-3,94,0,0,0,-101,-17,32,None
0,105,34,30,19,58,-105,-3,94,0,0,0,-111,-21,38,None
0,-119,-6,30,40,79,104,69,12,0,0,0,-111,-21,38,None
0,98,-12,45,99,-32,-111,-53,-43,0,0,0,-111,-21,38,None
0,-90,7,-40,-56,-93,74,-43,-69,0,0,0,-111,-21,38,None
0,51,24,-14,-51,21,-54,-63,-38,0,0,0,-111,-21,38,None
0,51,24,-14,-51,21,-54,-63,-38,0,0,0,-111,-21,38,None
0,51,24,-14,-51,21,-54,-63,-38,0,0,0,-136,23,25,None
0,-80,-13,9,38,70,-81,4,-2,0,0,0,-136,23,25,None
0,20,-9,-5,-30,11,-54,1,64,0,0,0,-136,23,25,None
0,-60,15,-10,31,122,-123,-38,-9,0,0,0,-136,23,25,None
0,51,33,-5,31,64,5,-30,-85,0,0,0,-136,23,25,None
0,51,33,-5,31,64,5,-30,-85,0,0,0,-136,23,25,None
0,51,33,-5,31,64,5,-30,-85,0,0,0,-136,-35,26,None
0,-49,1,-28,-51,-14,-123,-35,-12,0,0,0,-136,-35,26,None
0,1,-32,-1,-14,-66,74,81,101,0,0,0,-136,-35,26,None
0,50,11,43,-30,-29,-60,-23,-52,0,0,0,-136,-35,26,None
0,55,-5,29,17,-18,-22,2,66,0,0,0,-136,-35,26,None
0,55,-5,29,17,-18,-22,2,66,0,0,0,-136,-35,26,None
0,55,-5,29,17,-18,-22,2,66,0,0,0,-78,-24,1,None
0,9,21,24,28,-106,-26,21,-90,0,0,0,-78,-24,1,None
0,-128,-46,-47,-44,51,53,28,45,0,0,0,-78,-24,1,None
0,127,60,38,60,67,-26,-5,-30,0,0,0,-78,-24,1,None
0,-10,-53,-16,-19,-125,-79,12,-8,0,0,0,-78,-24,1,None
0,-10,-53,-16,-19,-125,-79,12,-8,0,0,0,-78,-24,1,None
0,-10,-53,-16,-19,-125,-79,12,-8,0,0,0,-28,-43,11,None
0,127,1,-28,-1,-1,51,-18,-46,0,0,0,-28,-43,11,None
0,-115,7,-1,12,-8,94,23,-2,0,0,0,-28,-43,11,None
0,42,3,0,3,24,4,11,45,0,0,0,-28,-43,11,None
0,-102,-22,-10,-41,-11,41,17,-18,0,0,0,-28,-43,11,None
0,-102,-22,-10,-41,-11,41,17,-18,0,0,0,-28,-43,11,None
0,-102,-22,-10,-41,-11,41,17,-18,0,0,0,-72,-35,28,None
0,-4,6,13,80,97,-45,-32,28,0,0,0,-72,-35,28,None
0,7,18,1,-33,65,0,-17,-81,0,0,0,-72,-35,28,None
0,-3,4,25,10,-56,21,17,31,0,0,0,-72,-35,28,None
0,-33,-6,-23,-14,23,34,6,-31,0,0,0,-72,-35,28,None
0,-33,-6,-23,-14,23,34,6,-31,0,0,0,-72,-35,28,None
0,-33,-6,-23,-14,23,34,6,-31,0,0,0,-145,-31,11,None
0,-5,-17,8,-31,1,1,-14,12,0,0,0,-145,-31,11,None
0,4,14,-3,-1,-5,-43,-16,-30,0,0,0,-145,-31,11,None
0,25,-4,-6,3,9,-2,0,3,0,0,0,-145,-31,11,None
0,-71,-8,-2,5,-25,19,20,12,0,0,0,-145,-31,11,None
0,-71,-8,-2,5,-25,19,20,12,0,0,0,-145,-31,11,None
0,-71,-8,-2,5,-25,19,20,12,0,0,0,-76,-28,12,None
0,44,3,6,12,-9,20,-3,19,0,0,0,-76,-28,12,None
0,-2,6,-15,-31,-33,7,-7,-32,0,0,0,-76,-28,12,None
0,5,10,1,32,-10,0,3,20,0,0,0,-76,-28,12,None
0,4,32,-2,23,36,22,-13,-17,0,0,0,-76,-28,12,None
0,4,32,-2,23,36,22,-13,-17,0,0,0,-76,-28,12,None
0,4,32,-2,23,36,22,-13,-17,0,0,0,-86,-10,14,None
0,-47,-75,-14,-14,-66,6,32,16,0,0,0,-86,-10,14,None
0,48,40,-9,70,5,17,-14,1,0,0,0,-86,-10,14,None
0,-60,-94,-9,-97,13,-25,-12,-29,0,0,0,-86,-10,14,None
0,-19,31,8,39,18,15,27,17,0,0,0,-86,-10,14,None
0,-19,31,8,39,18,15,27,17,0,0,0,-86,-10,14,None
0,-19,31,8,39,18,15,27,17,0,0,0,-89,-15,15,None
0,36,37,-5,-45,-39,27,-26,9,0,0,0,-89,-15,15,None
0,16,-15,-7,-8,-18,-21,-31,-49,0,0,0,-89,-15,15,None
0,23,-64,7,55,29,12,72,32,0,0,0,-89,-15,15,None
0,-15,12,-2,-60,12,2,-13,-16,0,0,0,-89,-15,15,None
0,-15,12,-2,-60,12,2,-13,-16,0,0,0,-89,-15,15,None
0,-15,12,-2,-60,12,2,-13,-16,0,0,0,-82,-28,18,None
0,-14,28,-3,58,-22,14,-25,-2,0,0,0,-82,-28,18,None
0,-10,22,-4,-20,1,1,-4,10,0,0,0,-82,-28,18,None
0,26,34,2,47,42,-10,-36,-6,0,0,0,-82,-28,18,None
0,-60,-38,-19,-34,3,6,10,-34,0,0,0,-82,-28,18,None
0,-60,-38,-19,-34,3,6,10,-34,0,0,0,-82,-28,18,None
0,-60,-38,-19,-34,3,6,10,-34,0,0,0,-69,-32,27,None
0,26,22,-5,5,53,13,0,42,0,0,0,-69,-32,27,None
0,-2,16,-2,-2,-44,-21,-6,-32,0,0,0,-69,-32,27,None
0,-23,18,3,1,-12,-2,-14,-12,0,0,0,-69,-32,27,None
0,1,34,-5,-18,-35,2,12,12,0,0,0,-69,-32,27,None
0,1,34,-5,-18,-35,2,12,12,0,0,0,-69,-32,27,None
0,1,34,-5,-18,-35,2,12,12,0,0,0,-73,-15,23,None
0,-4,-8,-5,-10,21,5,-10,4,0,0,0,-73,-15,23,None
0,4,29,6,15,-36,1,4,-8,0,0,0,-73,-15,23,None
0,47,-12,-6,-32,9,0,16,35,0,0,0,-73,-15,23,None
0,-8,-23,-2,57,-27,0,-32,-41,0,0,0,-73,-15,23,None
0,-8,-23,-2,57,-27,0,-32,-41,0,0,0,-73,-15,23,None
0,-8,-23,-2,57,-27,0,-32,-41,0,0,0,-87,-2,18,None
0,20,36,4,-19,55,0,15,12,0,0,0,-87,-2,18,None
0,-24,-41,-8,-30,-53,6,18,-11,0,0,0,-87,-2,18,None
0,25,36,-2,-19,-14,2,-11,19,0,0,0,-87,-2,18,None
0,-2,-31,-4,-25,11,-1,-1,16,0,0,0,-87,-2,18,None
0,-2,-31,-4,-25,11,-1,-1,16,0,0,0,-87,-2,18,None
0,-2,-31,-4,-25,11,-1,-1,16,0,0,0,-68,-25,17,None
0,5,15,-4,8,-20,-3,-6,-18,0,0,0,-68,-25,17,None
0,-2,-17,-1,-9,26,6,3,-4,0,0,0,-68,-25,17,None
0,0,13,-1,8,-3,-6,-13,11,0,0,0,-68,-25,17,None
0,-13,10,-6,6,-14,-3,2,-23,0,0,0,-68,-25,17,None
0,-13,10,-6,6,-14,-3,2,-23,0,0,0,-68,-25,17,None
0,-13,10,-6,6,-14,-3,2,-23,0,0,0,-63,-39,20,None
0,-2,-34,-3,-9,24,6,8,3,0,0,0,-63,-39,20,None
0,-14,-26,-2,-9,20,-2,-6,11,0,0,0,-63,-39,20,None
0,-14,2,-5,24,3,-6,-9,-10,0,0,0,-63,-39,20,None
0,-5,-3,-3,-10,24,10,8,2,0,0,0,-63,-39,20,None
0,-5,-3,-3,-10,24,10,8,2,0,0,0,-63,-39,20,None
0,-5,-3,-3,-10,24,10,8,2,0,0,0,-73,-29,17,None
0,7,8,1,-9,-45,2,-2,6,0,0,0,-73,-29,17,None
0,-5,-6,-6,-12,5,-3,-8,-8,0,0,0,-73,-29,17,None
0,-6,34,-3,-1,0,-4,3,-6,0,0,0,-73,-29,17,None
0,3,-27,-2,-1,-10,-2,8,20,0,0,0,-73,-29,17,None
0,3,-27,-2,-1,-10,-2,8,20,0,0,0,-73,-29,17,None
0,3,-27,-2,-1,-10,-2,8,20,0,0,0,-74,-26,16,None
0,1,-6,0,14,-8,-2,-10,-6,0,0,0,-74,-26,16,None
0,-10,5,-5,-7,54,4,-1,2,0,0,0,-74,-26,16,None
0,-6,8,3,0,-28,-8,-4,-14,0,0,0,-74,-26,16,None
0,-1,2,-4,-6,-19,-1,-2,13,0,0,0,-74,-26,16,None
0,-1,2,-4,-6,-19,-1,-2,13,0,0,0,-74,-26,16,None
0,-1,2,-4,-6,-19,-1,-2,13,0,0,0,-70,-32,21,None
0,-6,-8,-4,3,2,2,0,-5,0,0,0,-70,-32,21,None
0,-7,0,-1,-3,18,3,0,-8,0,0,0,-70,-32,21,None
0,-1,7,-2,-2,6,-2,-4,-1,0,0,0,-70,-32,21,None
0,-2,-4,1,-1,2,-4,-3,2,0,0,0,-70,-32,21,None
0,-2,-4,1,-1,2,-4,-3,2,0,0,0,-70,-32,21,None
0,-2,-4,1,-1,2,-4,-3,2,0,0,0,-74,-38,24,None
0,-4,3,-6,-7,-7,-1,1,-5,0,0,0,-74,-38,24,None
0,0,4,-3,10,-10,-1,0,1,0,0,0,-74,-38,24,None
0,-3,0,0,-21,-3,-3,-9,-2,0,0,0,-74,-38,24,None
0,-3,1,0,4,-3,1,-1,4,0,0,0,-74,-38,24,None
0,-3,1,0,4,-3,1,-1,4,0,0,0,-74,-38,24,None
0,-3,1,0,4,-3,1,-1,4,0,0,0,-70,-40,18,None
0,-3,-1,-3,2,-7,-7,0,-6,0,0,0,-70,-40,18,None
0,-3,1,-2,-13,-21,7,1,1,0,0,0,-70,-40,18,None
0,-3,0,-2,-6,-3,-2,-2,-2,0,0,0,-70,-40,18,None
0,-4,-1,-4,0,-1,-4,-1,-2,0,0,0,-70,-40,18,None
0,-4,-1,-4,0,-1,-4,-1,-2,0,0,0,-70,-40,18,None
0,-4,-1,-4,0,-1,-4,-1,-2,0,0,0,-62,-43,23,None
0,-1,-1,-1,-3,5,1,-3,-1,0,0,0,-62,-43,23,None
0,-2,-2,-4,1,-7,-2,-2,-2,0,0,0,-62,-43,23,None
0,-3,3,1,5,14,-2,-2,-2,0,0,0,-62,-43,23,None
0,-1,0,-4,-5,7,-1,0,3,0,0,0,-62,-43,23,None
0,-1,0,-4,-5,7,-1,0,3,0,0,0,-62,-43,23,None
0,-1,0,-4,-5,7,-1,0,3,0,0,0,-60,-48,27,None
0,0,0,-4,5,-3,0,-5,-3,0,0,0,-60,-48,27,None
0,-2,3,1,7,-13,-2,1,1,0,0,0,-60,-48,27,None
0,-3,1,4,6,2,-4,-2,-6,0,0,0,-60,-48,27,None
0,-2,-1,-3,-11,-2,-3,-1,0,0,0,0,-60,-48,27,None
0,-2,-1,-3,-11,-2,-3,-1,0,0,0,0,-60,-48,27,None
0,-2,-1,-3,-11,-2,-3,-1,0,0,0,0,-60,-54,23,None
0,0,0,2,4,4,6,-1,3,0,0,0,-60,-54,23,None
0,-2,1,-5,-27,-10,-4,-2,-3,0,0,0,-60,-54,23,None
0,-2,1,-5,-27,-10,-4,-2,-3,0,0,0,-60,-54,23,None
0,-2,1,-5,-27,-10,-4,-2,-3,0,0,0,-55,-61,25,None
0,-1,0,-3,14,3,-4,-3,-2,0,0,0,-55,-61,25,None
0,1,1,0,1,-2,1,3,3,0,0,0,-55,-61,25,None
0,-2,0,1,-1,-2,-2,-2,-4,0,0,0,-55,-61,25,None
0,-1,1,-5,-16,2,-3,-1,-1,0,0,0,-55,-61,25,None
0,-1,1,-5,-16,2,-3,-1,-1,0,0,0,-55,-61,25,None
0,-1,1,-5,-16,2,-3,-1,-1,0,0,0,-48,-71,33,None
0,-1,1,-2,20,0,-1,-1,-2,0,0,0,-48,-71,33,None
0,-2,1,0,11,14,-5,-3,-3,0,0,0,-48,-71,33,None
0,-1,-1,-6,-6,7,3,0,0,0,0,0,-48,-71,33,None
0,-1,0,-2,-2,-10,-4,-3,0,0,0,0,-48,-71,33,None
0,-1,0,-2,-2,-10,-4,-3,0,0,0,0,-48,-71,33,None
0,-1,0,-2,-2,-10,-4,-3,0,0,0,0,-36,-86,37,None
0,-1,-1,-4,-11,-2,-2,-3,-2,0,0,0,-36,-86,37,None
0,0,0,-1,-4,1,3,3,2,0,0,0,-36,-86,37,None
0,-2,1,2,11,-4,-4,-1,-4,0,0,0,-36,-86,37,None
0,0,1,-4,16,2,9,3,1,0,0,0,-36,-86,37,None
0,0,1,-4,16,2,9,3,1,0,0,0,-36,-86,37,None
0,0,1,-4,16,2,9,3,1,0,0,0,-33,-100,28,None
0,-3,-2,-6,-55,-14,-8,-6,-2,0,0,0,-33,-100,28,None
0,-1,1,2,13,12,-1,-5,-2,0,0,0,-33,-100,28,None
0,-1,1,-3,-4,-4,-3,-3,-2,0,0,0,-33,-100,28,None
0,-1,2,2,5,-3,-1,1,-2,0,0,0,-33,-100,28,None
0,-1,2,2,5,-3,-1,1,-2,0,0,0,-33,-100,28,None
0,-1,2,2,5,-3,-1,1,-2,0,0,0,-31,-98,27,None
0,-1,1,-1,10,6,2,1,-2,0,0,0,-31,-98,27,None
0,-2,0,-1,-21,-5,1,1,0,0,0,0,-31,-98,27,None
0,-2,-2,-3,-1,-6,-7,-4,-4,0,0,0,-31,-98,27,None
0,-3,-1,-3,7,8,1,-2,-4,0,0,0,-31,-98,27,None
0,-3,-1,-3,7,8,1,-2,-4,0,0,0,-31,-98,27,None
0,-3,-1,-3,7,8,1,-2,-4,0,0,0,-27,-95,41,None
0,0,2,-3,4,5,5,3,3,0,0,0,-27,-95,41,None
0,-2,1,-2,-3,-3,2,0,-1,0,0,0,-27,-95,41,None
0,-1,0,-2,4,-1,0,0,-2,0,0,0,-27,-95,41,None
0,-2,-2,-2,-7,-5,-7,-5,-3,0,0,0,-27,-95,41,None
0,-2,-2,-2,-7,-5,-7,-5,-3,0,0,0,-27,-95,41,None
0,-2,-2,-2,-7,-5,-7,-5,-3,0,0,0,-20,-100,39,None
0,-2,0,0,13,6,1,-2,-3,0,0,0,-20,-100,39,None
0,0,2,-2,13,4,0,-1,1,0,0,0,-20,-100,39,None
0,-1,-2,-6,-6,-37,-5,-1,-3,0,0,0,-20,-100,39,None
0,-2,-1,2,19,47,3,-3,-2,0,0,0,-20,-100,39,None
0,-2,-1,2,19,47,3,-3,-2,0,0,0,-20,-100,39,None
0,-2,-1,2,19,47,3,-3,-2,0,0,0,-12,-111,29,None
0,-1,0,-4,2,-6,-4,-1,-1,0,0,0,-12,-111,29,None
0,-2,-2,-6,-29,-5,-5,-5,-3,0,0,0,-12,-111,29,None
0,0,2,0,13,1,-1,0,1,0,0,0,-12,-111,29,None
0,1,2,2,-20,-4,7,2,1,0,0,0,-12,-111,29,None
0,1,2,2,-20,-4,7,2,1,0,0,0,-12,-111,29,None
0,1,2,2,-20,-4,7,2,1,0,0,0,-9,-116,24,None
0,-1,1,-3,28,-1,-3,0,0,0,0,0,-9,-116,24,None
0,-1,0,-2,-7,-7,-4,-3,-3,0,0,0,-9,-116,24,None
0,-2,1,1,-8,0,-2,-2,-3,0,0,0,-9,-116,24,None
0,-1,1,-3,9,-17,0,2,1,0,0,0,-9,-116,24,None
0,-1,1,-3,9,-17,0,2,1,0,0,0,-9,-116,24,None
0,-1,1,-3,9,-17,0,2,1,0,0,0,-3,-106,31,None
0,0,2,2,16,29,5,0,1,0,0,0,-3,-106,31,None
0,-1,-1,-2,45,0,2,-1,0,0,0,0,-3,-106,31,None
0,-3,-3,-9,-36,-4,-7,-6,-4,0,0,0,-3,-106,31,None
0,-2,0,0,-11,6,-4,-3,-1,0,0,0,-3,-106,31,None
0,-2,0,0,-11,6,-4,-3,-1,0,0,0,-3,-106,31,None
0,-2,0,0,-11,6,-4,-3,-1,0,0,0,3,-102,30,None
0,-2,-1,-14,-38,-22,-2,-2,0,0,0,0,3,-102,30,None
0,-3,-3,-10,-57,-39,-5,-3,-2,0,0,0,3,-102,30,None
0,-2,0,3,50,27,2,-2,-2,0,0,0,3,-102,30,None
0,1,1,3,69,10,-2,-1,-1,0,0,0,3,-102,30,None
0,1,1,3,69,10,-2,-1,-1,0,0,0,3,-102,30,None
0,1,1,3,69,10,-2,-1,-1,0,0,0,6,-104,22,None
0,-2,-2,-6,-50,-53,0,0,-2,0,0,0,6,-104,22,None
0,-1,-1,-2,-35,33,-1,-2,-2,0,0,0,6,-104,22,None
0,1,4,4,72,-24,3,0,2,0,0,0,6,-104,22,None
0,-1,1,-12,-80,-16,-3,-1,-3,0,0,0,6,-104,22,None
0,-1,1,-12,-80,-16,-3,-1,-3,0,0,0,6,-104,22,None
0,-1,1,-12,-80,-16,-3,-1,-3,0,0,0,12,-106,19,None
0,-1,4,3,82,35,-4,-3,-2,0,0,0,12,-106,19,None
0,-1,0,6,28,47,7,2,-1,0,0,0,12,-106,19,None
0,0,0,-7,-32,-12,8,1,1,0,0,0,12,-106,19,None
0,-4,-5,-17,-66,-21,-14,-6,-1,0,0,0,12,-106,19,None
0,-4,-5,-17,-66,-21,-14,-6,-1,0,0,0,12,-106,19,None
0,-4,-5,-17,-66,-21,-14,-6,-1,0,0,0,19,-111,16,None
0,-1,-1,9,73,10,-3,-3,-3,0,0,0,19,-111,16,None
0,-2,0,-22,39,5,-4,-1,-2,0,0,0,19,-111,16,None
0,-1,1,10,-56,-48,-3,-1,0,0,0,0,19,-111,16,None
0,0,1,-13,66,44,7,1,0,0,0,0,19,-111,16,None
0,0,1,-13,66,44,7,1,0,0,0,0,19,-111,16,None
0,0,1,-13,66,44,7,1,0,0,0,0,27,-113,12,None
0,-3,-4,-30,-128,-9,-1,-1,-1,0,0,0,27,-113,12,None
0,-2,2,33,61,-26,-8,-5,-2,0,0,0,27,-113,12,None
0,-1,3,-10,61,33,8,3,0,0,0,0,27,-113,12,None
0,-6,-7,-47,-80,-21,-15,-8,-6,0,0,0,27,-113,12,None
0,-6,-7,-47,-80,-21,-15,-8,-6,0,0,0,27,-113,12,None
0,-6,-7,-47,-80,-21,-15,-8,-6,0,0,0,29,-105,9,None
0,1,2,-4,18,2,5,0,0,0,0,0,29,-105,9,None
0,0,5,31,-18,28,7,7,2,0,0,0,29,-105,9,None
0,-4,-6,-15,-57,23,3,-5,-4,0,0,0,29,-105,9,None
0,0,5,17,112,44,-1,-1,-2,0,0,0,29,-105,9,None
0,0,5,17,112,44,-1,-1,-2,0,0,0,29,-105,9,None
0,0,5,17,112,44,-1,-1,-2,0,0,0,36,-102,9,None
0,-2,0,5,-91,-60,-16,-5,-4,0,0,0,36,-102,9,None
0,-3,-7,-59,41,49,-3,-8,-3,0,0,0,36,-102,9,None
0,0,-2,9,-23,-39,-3,1,1,0,0,0,36,-102,9,None
0,-1,5,13,22,13,1,2,1,0,0,0,36,-102,9,None
0,-2,0,-4,-42,-55,0,-3,-3,0,0,0,36,-102,9,None
0,-1,1,7,-26,36,-5,-3,-2,0,0,0,36,-102,9,None
0,-1,1,7,-26,36,-5,-3,-2,0,0,0,36,-102,9,None
0,-1,1,7,-26,36,-5,-3,-2,0,0,0,45,-106,7,None
0,-4,-1,-7,-84,-27,-7,-6,-2,0,0,0,45,-106,7,None
0,0,2,1,24,36,1,0,-1,0,0,0,45,-106,7,None
0,1,2,8,55,18,-8,0,1,0,0,0,45,-106,7,None
0,-3,-1,-3,-13,-37,3,-5,-4,0,0,0,45,-106,7,None
0,-3,-1,-3,-13,-37,3,-5,-4,0,0,0,45,-106,7,None
0,-3,-1,-3,-13,-37,3,-5,-4,0,0,0,49,-104,8,None
0,-2,2,1,100,61,3,1,-2,0,0,0,49,-104,8,None
0,1,0,7,-98,-104,-6,-1,0,0,0,0,49,-104,8,None
0,-3,1,8,65,91,7,-1,-2,0,0,0,49,-104,8,None
0,2,3,1,-34,-43,-1,1,1,0,0,0,49,-104,8,None
0,2,3,1,-34,-43,-1,1,1,0,0,0,49,-104,8,None
0,2,3,1,-34,-43,-1,1,1,0,0,0,51,-93,6,None
0,1,1,0,33,43,-1,-3,-2,0,0,0,51,-93,6,None
0,-1,-1,6,83,-10,-6,-2,-1,0,0,0,51,-93,6,None
0,1,0,2,32,51,6,0,-1,0,0,0,51,-93,6,None
0,0,0,-5,5,-67,-4,1,0,0,0,0,51,-93,6,None
0,0,0,-5,5,-67,-4,1,0,0,0,0,51,-93,6,None
0,0,0,-5,5,-67,-4,1,0,0,0,0,52,-91,6,None
0,2,0,-7,-16,39,2,-2,0,0,0,0,52,-91,6,None
0,-2,-1,-2,-73,-98,-6,-2,0,0,0,0,52,-91,6,None
0,-2,3,4,79,56,7,-2,-1,0,0,0,52,-91,6,None
0,-4,0,0,-42,1,-4,-3,-1,0,0,0,52,-91,6,None
0,-4,0,0,-42,1,-4,-3,-1,0,0,0,52,-91,6,None
0,-4,0,0,-42,1,-4,-3,-1,0,0,0,65,-92,7,None
0,1,23,-1,-18,-30,-6,-3,-3,0,0,0,65,-92,7,None
0,-4,-21,4,0,19,1,-1,-3,0,0,0,65,-92,7,None
0,2,-15,-1,17,-16,0,1,-1,0,0,0,65,-92,7,None
0,-2,1,2,-7,9,0,0,-1,0,0,0,65,-92,7,None
0,-2,1,2,-7,9,0,0,-1,0,0,0,65,-92,7,None
0,-2,1,2,-7,9,0,0,-1,0,0,0,66,-101,0,None
0,0,23,3,0,-22,-4,-1,-3,0,0,0,66,-101,0,None
0,-19,-2,-3,5,31,4,0,0,0,0,0,66,-101,0,None
0,16,45,4,-16,2,-3,-3,-2,0,0,0,66,-101,0,None
0,-6,-63,-16,36,37,0,0,-2,0,0,0,66,-101,0,None
0,-6,-63,-16,36,37,0,0,-2,0,0,0,66,-101,0,None
0,-6,-63,-16,36,37,0,0,-2,0,0,0,65,-103,0,None
0,1,-6,2,-29,-36,-3,0,-1,0,0,0,65,-103,0,None
0,-3,8,4,-14,16,0,-3,-2,0,0,0,65,-103,0,None
0,-6,1,0,-4,-2,0,-1,0,0,0,0,65,-103,0,None
0,3,23,2,11,0,0,0,0,0,0,0,65,-103,0,None
0,3,23,2,11,0,0,0,0,0,0,0,65,-103,0,None
0,3,23,2,11,0,0,0,0,0,0,0,63,-92,-1,None
0,-2,-7,-2,-16,-11,0,-1,-1,0,0,0,63,-92,-1,None
0,2,-7,-6,-29,30,-3,-4,-4,0,0,0,63,-92,-1,None
0,-3,-11,-4,-18,1,-2,0,-1,0,0,0,63,-92,-1,None
0,5,11,1,3,-1,0,-2,-2,0,0,0,63,-92,-1,None
0,5,11,1,3,-1,0,-2,-2,0,0,0,63,-92,-1,None
0,5,11,1,3,-1,0,-2,-2,0,0,0,64,-88,-3,None
0,-4,-13,-6,-16,9,-1,-1,-3,0,0,0,64,-88,-3,None
0,5,22,2,1,-26,-2,0,-1,0,0,0,64,-88,-3,None
0,-7,-25,-11,-50,-38,-3,-2,-4,0,0,0,64,-88,-3,None
0,-3,7,0,-4,13,-1,-2,-2,0,0,0,64,-88,-3,None
0,-3,7,0,-4,13,-1,-2,-2,0,0,0,64,-88,-3,None
0,-3,7,0,-4,13,-1,-2,-2,0,0,0,59,-87,0,None
0,-1,-1,0,32,27,-2,-2,-1,0,0,0,59,-87,0,None
0,1,8,3,13,1,3,-2,-2,0,0,0,59,-87,0,None
0,2,3,-4,-2,-4,0,0,-1,0,0,0,59,-87,0,None
0,-2,2,-1,4,-15,0,0,0,0,0,0,59,-87,0,None
0,-2,2,-1,4,-15,0,0,0,0,0,0,59,-87,0,None
0,-2,2,-1,4,-15,0,0,0,0,0,0,61,-85,-1,None
0,-1,-11,-4,18,7,-5,-3,-3,0,0,0,61,-85,-1,None
0,7,34,0,6,0,0,-1,-1,0,0,0,61,-85,-1,None
0,-13,-74,-5,-31,-19,-3,-2,-3,0,0,0,61,-85,-1,None
0,0,5,0,16,14,-2,-4,-2,0,0,0,61,-85,-1,None
0,0,5,0,16,14,-2,-4,-2,0,0,0,61,-85,-1,None
0,0,5,0,16,14,-2,-4,-2,0,0,0,61,-81,-1,None
0,2,8,1,11,3,0,0,-1,0,0,0,61,-81,-1,None
0,-1,-5,-3,-4,-2,-1,-1,-1,0,0,0,61,-81,-1,None
0,-2,21,1,13,4,-1,-1,-1,0,0,0,61,-81,-1,None
0,0,16,0,-27,-13,-1,-1,0,0,0,0,61,-81,-1,None
0,0,16,0,-27,-13,-1,-1,0,0,0,0,61,-81,-1,None
0,0,16,0,-27,-13,-1,-1,0,0,0,0,63,-79,0,None
0,-5,-17,-4,6,7,-4,-2,-2,0,0,0,63,-79,0,None
0,0,-5,-1,6,11,3,-1,0,0,0,0,63,-79,0,None
0,0,12,-1,5,11,-1,-1,-1,0,0,0,63,-79,0,None
0,0,-2,1,7,-2,-1,-2,1,0,0,0,63,-79,0,None
0,0,-2,1,7,-2,-1,-2,1,0,0,0,63,-79,0,None
0,0,-2,1,7,-2,-1,-2,1,0,0,0,67,-80,0,None
0,0,7,-3,-11,4,-3,0,0,0,0,0,67,-80,0,None
0,-1,-9,-1,-1,11,1,-2,0,0,0,0,67,-80,0,None
0,-1,12,-1,-14,-17,-2,-2,-1,0,0,0,67,-80,0,None
0,-1,3,-1,-4,-6,-2,-2,-2,0,0,0,67,-80,0,None
0,-1,3,-1,-4,-6,-2,-2,-2,0,0,0,67,-80,0,None
0,-1,3,-1,-4,-6,-2,-2,-2,0,0,0,67,-83,0,None
0,-4,-4,0,12,9,-1,-2,-3,0,0,0,67,-83,0,None
0,3,-6,-3,9,2,-3,-1,-1,0,0,0,67,-83,0,None
0,0,4,0,-2,1,1,-2,-1,0,0,0,67,-83,0,None
0,-1,1,-4,-3,-3,-2,0,-1,0,0,0,67,-83,0,None
0,-1,1,-4,-3,-3,-2,0,-1,0,0,0,67,-83,0,None
0,-1,1,-4,-3,-3,-2,0,-1,0,0,0,61,-85,1,None
0,1,0,-1,0,-1,0,-1,0,0,0,0,61,-85,1,None
0,1,6,3,29,19,1,2,-2,0,0,0,61,-85,1,None
0,-8,7,-6,-20,7,-5,-4,-3,0,0,0,61,-85,1,None
0,-2,-9,-3,23,15,1,-2,-4,0,0,0,61,-85,1,None
0,-2,-9,-3,23,15,1,-2,-4,0,0,0,61,-85,1,None
0,-2,-9,-3,23,15,1,-2,-4,0,0,0,57,-85,1,None
0,0,-5,0,6,11,-1,-2,0,0,0,0,57,-85,1,None
0,-3,-12,-2,11,2,-1,-1,-2,0,0,0,57,-85,1,None
0,2,19,0,-3,-13,-1,0,0,0,0,0,57,-85,1,None
0,-1,5,-2,-4,-6,-2,-1,-1,0,0,0,57,-85,1,None
0,-1,5,-2,-4,-6,-2,-1,-1,0,0,0,57,-85,1,None
0,-1,5,-2,-4,-6,-2,-1,-1,0,0,0,55,-86,0,None
0,-1,-7,-3,-6,4,-2,-2,-1,0,0,0,55,-86,0,None
0,-1,9,-3,-11,-9,-4,0,-1,0,0,0,55,-86,0,None
0,0,-2,-3,12,3,-1,-2,-1,0,0,0,55,-86,0,None
0,-1,-3,-1,-10,-6,-1,-2,-1,0,0,0,55,-86,0,None
0,-1,-3,-1,-10,-6,-1,-2,-1,0,0,0,55,-86,0,None
0,-1,-3,-1,-10,-6,-1,-2,-1,0,0,0,55,-89,-2,None
0,-5,2,-2,7,4,0,-1,1,0,0,0,55,-89,-2,None
0,2,-5,-3,-21,-9,-2,0,0,0,0,0,55,-89,-2,None
0,-6,-1,-2,12,17,2,-3,-3,0,0,0,55,-89,-2,None
0,-2,-7,-2,5,1,-4,-2,-3,0,0,0,55,-89,-2,None
0,-2,-7,-2,5,1,-4,-2,-3,0,0,0,55,-89,-2,None
0,-2,-7,-2,5,1,-4,-2,-3,0,0,0,57,-90,-4,None
0,-1,5,-4,-42,-8,-2,-1,-1,0,0,0,57,-90,-4,None
0,-3,-2,-2,6,3,-2,-2,-2,0,0,0,57,-90,-4,None
0,2,-2,0,2,2,0,1,-1,0,0,0,57,-90,-4,None
0,-1,10,-2,-3,-8,0,-2,-2,0,0,0,57,-90,-4,None
0,-1,10,-2,-3,-8,0,-2,-2,0,0,0,57,-90,-4,None
0,-1,10,-2,-3,-8,0,-2,-2,0,0,0,57,-85,-4,None
0,0,0,-2,11,5,-1,-2,-2,0,0,0,57,-85,-4,None
0,-3,-4,-2,-7,-4,-2,-2,-1,0,0,0,57,-85,-4,None
0,2,3,-2,1,-1,-1,-2,-2,0,0,0,57,-85,-4,None
0,-3,1,-3,3,-1,-1,-2,-1,0,0,0,57,-85,-4,None
0,-3,1,-3,3,-1,-1,-2,-1,0,0,0,57,-85,-4,None
0,-3,1,-3,3,-1,-1,-2,-1,0,0,0,58,-79,-6,None
0,-1,1,-2,-1,-2,-1,-3,-1,0,0,0,58,-79,-6,None
0,2,-2,-2,4,2,1,-3,-1,0,0,0,58,-79,-6,None
0,-3,-3,-1,5,5,-1,-2,0,0,0,0,58,-79,-6,None
0,-5,-25,-4,-13,-12,-2,-1,-2,0,0,0,58,-79,-6,None
0,-5,-25,-4,-13,-12,-2,-1,-2,0,0,0,58,-79,-6,None
0,-5,-25,-4,-13,-12,-2,-1,-2,0,0,0,60,-78,-6,None
0,-4,12,-2,9,14,0,-3,-4,0,0,0,60,-78,-6,None
0,-2,-6,-2,-7,-5,-2,-2,-1,0,0,0,60,-78,-6,None
0,1,5,-1,8,6,-1,-1,-2,0,0,0,60,-78,-6,None
0,3,9,1,-6,-3,1,0,-1,0,0,0,60,-78,-6,None
0,3,9,1,-6,-3,1,0,-1,0,0,0,60,-78,-6,None
0,3,9,1,-6,-3,1,0,-1,0,0,0,61,-79,-8,None
0,0,-4,-2,-5,-7,-3,0,-3,0,0,0,61,-79,-8,None
0,-3,1,-3,1,0,-1,-1,-2,0,0,0,61,-79,-8,None
0,-1,1,0,-6,-6,-1,-1,0,0,0,0,61,-79,-8,None
0,0,3,-2,0,2,-1,-1,0,0,0,0,61,-79,-8,None
0,0,3,-2,0,2,-1,-1,0,0,0,0,61,-79,-8,None
0,0,3,-2,0,2,-1,-1,0,0,0,0,58,-78,-8,None
0,0,-2,-2,3,-1,0,-3,-1,0,0,0,58,-78,-8,None
0,-2,1,-2,2,4,1,-2,-2,0,0,0,58,-78,-8,None
0,0,0,-5,-3,-5,-2,-2,-3,0,0,0,58,-78,-8,None
0,-4,1,0,8,2,1,1,0,0,0,0,58,-78,-8,None
0,-4,1,0,8,2,1,1,0,0,0,0,58,-78,-8,None
0,-4,1,0,8,2,1,1,0,0,0,0,55,-75,-8,None
0,2,14,0,-6,-3,-1,-1,-1,0,0,0,55,-75,-8,None
0,-2,-13,-4,6,9,-2,-4,-2,0,0,0,55,-75,-8,None
0,-2,-1,-1,-3,-1,0,1,-1,0,0,0,55,-75,-8,None
0,-1,5,-3,1,-1,-1,-1,-1,0,0,0,55,-75,-8,None
0,-1,5,-3,1,-1,-1,-1,-1,0,0,0,55,-75,-8,None
0,-1,5,-3,1,-1,-1,-1,-1,0,0,0,55,-77,-9,None
0,1,5,-1,0,-1,0,0,-1,0,0,0,55,-77,-9,None
0,-3,0,0,-3,-2,-2,0,0,0,0,0,55,-77,-9,None
0,-1,1,-2,0,-3,-2,-1,-1,0,0,0,55,-77,-9,None
0,1,3,-2,4,5,0,-1,0,0,0,0,55,-77,-9,None
0,1,3,-2,4,5,0,-1,0,0,0,0,55,-77,-9,None
0,1,3,-2,4,5,0,-1,0,0,0,0,58,-80,-9,None
0,-1,-8,-1,-1,-1,1,1,0,0,0,0,58,-80,-9,None
0,0,2,-2,-2,-1,-1,-1,-1,0,0,0,58,-80,-9,None
0,-1,-3,-2,4,0,-1,-2,-2,0,0,0,58,-80,-9,None
0,1,7,-1,-3,-2,-1,-2,-2,0,0,0,58,-80,-9,None
0,1,7,-1,-3,-2,-1,-2,-2,0,0,0,58,-80,-9,None
0,1,7,-1,-3,-2,-1,-2,-2,0,0,0,59,-81,-8,None
0,-4,-3,-4,-4,-1,-2,-2,-2,0,0,0,59,-81,-8,None
0,-3,-17,-4,-10,3,-1,-2,-1,0,0,0,59,-81,-8,None
0,-2,4,0,3,0,1,-1,-2,0,0,0,59,-81,-8,None
0,-3,-2,-2,-1,0,1,0,-1,0,0,0,59,-81,-8,None
0,-3,-2,-2,-1,0,1,0,-1,0,0,0,59,-81,-8,None
0,-3,-2,-2,-1,0,1,0,-1,0,0,0,58,-80,-7,None
0,0,-4,-3,-1,0,-1,0,-1,0,0,0,58,-80,-7,None
0,-1,7,-1,2,0,-1,-1,-2,0,0,0,58,-80,-7,None
0,0,-1,-1,-3,-1,-3,-2,0,0,0,0,58,-80,-7,None
0,1,-4,-4,-4,1,-1,-2,0,0,0,0,58,-80,-7,None
0,1,-4,-4,-4,1,-1,-2,0,0,0,0,58,-80,-7,None
0,1,-4,-4,-4,1,-1,-2,0,0,0,0,58,-80,-6,None
0,-1,0,-3,4,0,-1,-2,-2,0,0,0,58,-80,-6,None
0,-1,7,0,-2,-2,-1,-1,-1,0,0,0,58,-80,-6,None
0,0,-1,-2,-2,-1,-1,-1,-1,0,0,0,58,-80,-6,None
0,-1,4,0,4,2,-2,-1,-3,0,0,0,58,-80,-6,None
0,-1,4,0,4,2,-2,-1,-3,0,0,0,58,-80,-6,None
0,-1,4,0,4,2,-2,-1,-3,0,0,0,59,-81,-5,None
0,1,0,-1,-7,-2,-1,0,0,0,0,0,59,-81,-5,None
0,-1,0,-2,1,0,-1,-2,-2,0,0,0,59,-81,-5,None
0,0,-1,0,-1,-1,0,0,-1,0,0,0,59,-81,-5,None
0,0,1,-1,0,1,-2,-2,-4,0,0,0,59,-81,-5,None
0,0,1,-1,0,1,-2,-2,-4,0,0,0,59,-81,-5,None
0,0,1,-1,0,1,-2,-2,-4,0,0,0,59,-80,-4,None
0,-1,-1,-2,1,1,0,-1,-1,0,0,0,59,-80,-4,None
0,-3,3,-1,0,-1,-1,0,-1,0,0,0,59,-80,-4,None
0,-3,0,-4,0,0,-2,-1,-2,0,0,0,59,-80,-4,None
0,-2,0,-2,-3,-1,0,-2,-1,0,0,0,59,-80,-4,None
0,-2,0,-2,-3,-1,0,-2,-1,0,0,0,59,-80,-4,None
0,-2,0,-2,-3,-1,0,-2,-1,0,0,0,59,-80,-4,None
0,-1,-2,1,3,1,-1,-3,-2,0,0,0,59,-80,-4,None
0,-1,3,-2,0,-1,0,0,-1,0,0,0,59,-80,-4,None
0,-1,7,-1,-1,1,-1,-1,-1,0,0,0,59,-80,-4,None
0,3,-9,-3,2,1,0,0,1,0,0,0,59,-80,-4,None
0,3,-9,-3,2,1,0,0,1,0,0,0,59,-80,-4,None
0,3,-9,-3,2,1,0,0,1,0,0,0,60,-79,-4,None
0,-1,21,1,-6,-3,-2,-3,-5,0,0,0,60,-79,-4,None
0,1,1,-2,-3,-6,-1,-2,-1,0,0,0,60,-79,-4,None
0,-3,2,0,4,5,1,-3,-2,0,0,0,60,-79,-4,None
0,-2,-2,-2,-7,1,-2,-1,-2,0,0,0,60,-79,-4,None
0,-2,-2,-2,-7,1,-2,-1,-2,0,0,0,60,-79,-4,None
0,-2,-2,-2,-7,1,-2,-1,-2,0,0,0,59,-80,-6,None
0,0,0,-3,6,1,0,0,0,0,0,0,59,-80,-6,None
0,-1,1,-2,-3,-2,-1,1,-2,0,0,0,59,-80,-6,None
0,-1,-2,-3,-5,-2,-2,-1,-1,0,0,0,59,-80,-6,None
0,-2,9,-1,6,1,-2,-2,-2,0,0,0,59,-80,-6,None
0,-2,9,-1,6,1,-2,-2,-2,0,0,0,59,-80,-6,None
0,-2,9,-1,6,1,-2,-2,-2,0,0,0,59,-80,-6,None
0,-1,-6,-3,-1,1,-1,-1,0,0,0,0,59,-80,-6,None
0,-1,2,0,1,0,-1,-1,-3,0,0,0,59,-80,-6,None
0,-2,-7,-4,-1,0,0,-1,0,0,0,0,59,-80,-6,None
0,0,7,-2,-2,0,-2,-2,-1,0,0,0,59,-80,-6,None
0,0,7,-2,-2,0,-2,-2,-1,0,0,0,59,-80,-6,None
0,0,7,-2,-2,0,-2,-2,-1,0,0,0,58,-81,-6,None
0,-2,-5,-2,-1,0,-2,-2,0,0,0,0,58,-81,-6,None
0,-1,-1,-2,-3,0,0,-2,-2,0,0,0,58,-81,-6,None
0,0,1,-1,0,0,-1,-1,0,0,0,0,58,-81,-6,None
0,-2,-1,-1,-3,0,-2,-2,-2,0,0,0,58,-81,-6,None
0,-2,-1,-1,-3,0,-2,-2,-2,0,0,0,58,-81,-6,None
0,-2,-1,-1,-3,0,-2,-2,-2,0,0,0,58,-80,-7,None
0,-1,-5,-3,0,-1,-1,-1,-1,0,0,0,58,-80,-7,None
0,0,5,-1,5,2,-1,0,-2,0,0,0,58,-80,-7,None
0,-1,0,-3,-3,-1,-1,-2,-3,0,0,0,58,-80,-7,None
0,0,1,-2,-2,-1,-2,-1,-1,0,0,0,58,-80,-7,None
0,0,1,-2,-2,-1,-2,-1,-1,0,0,0,58,-80,-7,None
0,0,1,-2,-2,-1,-2,-1,-1,0,0,0,58,-79,-7,None
0,-1,3,0,0,0,-1,-1,0,0,0,0,58,-79,-7,None
0,3,46,1,-2,1,-2,-2,-5,0,0,0,58,-79,-7,None
0,1,-34,-3,-1,0,-1,-1,0,0,0,0,58,-79,-7,None
0,-1,-5,-1,-2,-1,0,-1,-1,0,0,0,58,-79,-7,None
0,-1,-5,-1,-2,-1,0,-1,-1,0,0,0,58,-79,-7,None
0,-1,-5,-1,-2,-1,0,-1,-1,0,0,0,58,-80,-7,None
0,-1,2,-2,2,1,-1,-1,-1,0,0,0,58,-80,-7,None
0,-3,-2,-3,0,1,-1,-2,1,0,0,0,58,-80,-7,None
0,-3,7,-1,-3,-1,-2,-1,-2,0,0,0,58,-80,-7,None
0,-1,7,-1,1,2,1,-2,-2,0,0,0,58,-80,-7,None
0,-1,7,-1,1,2,1,-2,-2,0,0,0,58,-80,-7,None
0,-1,7,-1,1,2,1,-2,-2,0,0,0,58,-81,-7,None
0,-3,-7,-2,-3,1,-1,-2,-3,0,0,0,58,-81,-7,None
0,-3,-14,-3,-1,0,-2,0,0,0,0,0,58,-81,-7,None
0,-2,3,-3,1,0,0,-2,-2,0,0,0,58,-81,-7,None
0,-2,-4,-2,-1,0,-1,-1,1,0,0,0,58,-81,-7,None
0,-2,-4,-2,-1,0,-1,-1,1,0,0,0,58,-81,-7,None
0,-2,-4,-2,-1,0,-1,-1,1,0,0,0,58,-81,-6,None
0,-1,4,-2,-1,0,0,-1,-1,0,0,0,58,-81,-6,None
0,-1,-10,-3,0,1,-2,-1,-2,0,0,0,58,-81,-6,None
0,1,8,-1,4,2,0,0,-1,0,0,0,58,-81,-6,None
0,-2,4,-2,-3,-3,-2,-2,-1,0,0,0,58,-81,-6,None
0,-2,4,-2,-3,-3,-2,-2,-1,0,0,0,58,-81,-6,None
0,-2,4,-2,-3,-3,-2,-2,-1,0,0,0,58,-80,-6,None
0,-3,-4,-3,2,1,-1,0,-1,0,0,0,58,-80,-6,None
0,-3,-5,-3,3,0,-3,-2,-1,0,0,0,58,-80,-6,None
0,-3,-5,-3,3,0,-3,-2,-1,0,0,0,58,-80,-6,None
0,-3,-5,-3,3,0,-3,-2,-1,0,0,0,59,-80,-6,None
0,0,4,-2,0,1,1,0,0,0,0,0,59,-80,-6,None
0,-1,-2,-1,-2,0,0,0,-3,0,0,0,59,-80,-6,None
0,-1,-1,-2,-2,0,-2,-3,-1,0,0,0,59,-80,-6,None
0,-1,-9,-3,-2,1,0,0,1,0,0,0,59,-80,-6,None
0,-1,-9,-3,-2,1,0,0,1,0,0,0,59,-80,-6,None
0,-1,-9,-3,-2,1,0,0,1,0,0,0,59,-80,-5,None
0,-5,4,-1,-2,-1,-3,-2,-1,0,0,0,59,-80,-5,None
0,6,14,0,2,0,0,-2,-3,0,0,0,59,-80,-5,None
0,0,16,0,4,-3,0,0,-2,0,0,0,59,-80,-5,None
0,-9,-37,-4,-4,0,-1,-1,-2,0,0,0,59,-80,-5,None
0,-9,-37,-4,-4,0,-1,-1,-2,0,0,0,59,-80,-5,None
0,-9,-37,-4,-4,0,-1,-1,-2,0,0,0,58,-81,-6,None
0,0,0,-3,-11,-7,-1,-2,-2,0,0,0,58,-81,-6,None
0,-2,4,-1,-1,0,-1,-2,-1,0,0,0,58,-81,-6,None
0,0,-6,-2,3,1,-1,1,-1,0,0,0,58,-81,-6,None
0,0,8,-2,1,-2,0,-1,-1,0,0,0,58,-81,-6,None
0,0,8,-2,1,-2,0,-1,-1,0,0,0,58,-81,-6,None
0,0,8,-2,1,-2,0,-1,-1,0,0,0,59,-81,-6,None
0,0,6,-1,-1,1,-3,-1,-1,0,0,0,59,-81,-6,None
0,-4,-12,-3,1,-1,-1,0,-1,0,0,0,59,-81,-6,None
0,-2,-1,-3,-5,-1,-1,-2,-2,0,0,0,59,-81,-6,None
0,1,8,-2,-1,2,-1,-2,-1,0,0,0,59,-81,-6,None
0,1,8,-2,-1,2,-1,-2,-1,0,0,0,59,-81,-6,None
0,1,8,-2,-1,2,-1,-2,-1,0,0,0,58,-80,-7,None
0,1,0,-2,-2,1,-1,-1,-2,0,0,0,58,-80,-7,None
0,-1,5,-1,0,3,-1,-1,-2,0,0,0,58,-80,-7,None
0,-2,-6,-3,0,2,-3,-2,-1,0,0,0,58,-80,-7,None
0,-1,7,-1,-5,2,-1,-2,-1,0,0,0,58,-80,-7,None
0,-1,7,-1,-5,2,-1,-2,-1,0,0,0,58,-80,-7,None
0,-1,7,-1,-5,2,-1,-2,-1,0,0,0,59,-79,-7,None
0,-2,-1,-2,5,1,1,-2,-2,0,0,0,59,-79,-7,None
0,-3,-4,-3,-2,-2,-2,0,-1,0,0,0,59,-79,-7,None
0,0,-1,-3,-3,1,0,-1,-2,0,0,0,59,-79,-7,None
0,-1,0,-3,0,-3,0,-2,-2,0,0,0,59,-79,-7,None
0,-1,0,-3,0,-3,0,-2,-2,0,0,0,59,-79,-7,None
0,-1,0,-3,0,-3,0,-2,-2,0,0,0,59,-80,-7,None
0,5,3,-3,-1,1,-2,-1,1,0,0,0,59,-80,-7,None
0,-2,0,0,-2,1,-1,-1,-1,0,0,0,59,-80,-7,None
0,-1,-3,0,-1,0,0,-3,-1,0,0,0,59,-80,-7,None
0,0,4,0,4,5,-2,-1,-1,0,0,0,59,-80,-7,None
0,0,4,0,4,5,-2,-1,-1,0,0,0,59,-80,-7,None
0,0,4,0,4,5,-2,-1,-1,0,0,0,58,-80,-7,None
0,-3,0,-2,-3,-2,-1,-1,-1,0,0,0,58,-80,-7,None
0,-1,0,-3,0,0,-1,-1,0,0,0,0,58,-80,-7,None
0,-1,0,-1,-4,3,-1,-1,-2,0,0,0,58,-80,-7,None
0,-1,3,-1,1,-2,0,-1,0,0,0,0,58,-80,-7,None
0,-1,3,-1,1,-2,0,-1,0,0,0,0,58,-80,-7,None
0,-1,3,-1,1,-2,0,-1,0,0,0,0,58,-79,-7,None
0,-2,0,-2,0,0,-2,-1,-3,0,0,0,58,-79,-7,None
0,-1,-6,-3,-1,1,1,0,-2,0,0,0,58,-79,-7,None
0,-4,14,-2,-3,-1,-1,-2,-2,0,0,0,58,-79,-7,None
0,-1,0,-1,9,-1,0,-1,-1,0,0,0,58,-79,-7,None
0,-1,0,-1,9,-1,0,-1,-1,0,0,0,58,-79,-7,None
0,-1,0,-1,9,-1,0,-1,-1,0,0,0,58,-80,-7,None
0,-3,-2,-2,-16,3,-2,-2,-1,0,0,0,58,-80,-7,None
0,-2,-2,-1,4,2,-2,-1,-2,0,0,0,58,-80,-7,None
0,-3,-3,-2,0,-1,-2,-1,-1,0,0,0,58,-80,-7,None
0,0,0,-1,-3,0,1,-1,-1,0,0,0,58,-80,-7,None
0,0,0,-1,-3,0,1,-1,-1,0,0,0,58,-80,-7,None
0,0,0,-1,-3,0,1,-1,-1,0,0,0,59,-81,-7,None
0,-2,4,-1,1,0,-1,-1,-2,0,0,0,59,-81,-7,None
0,3,9,-2,0,-2,-3,-2,-1,0,0,0,59,-81,-7,None
0,0,-4,-4,-1,0,-2,-1,0,0,0,0,59,-81,-7,None
0,-2,4,1,-1,0,-2,-2,-2,0,0,0,59,-81,-7,None
0,-2,4,1,-1,0,-2,-2,-2,0,0,0,59,-81,-7,None
0,-2,4,1,-1,0,-2,-2,-2,0,0,0,58,-81,-6,None
0,-3,-2,-2,2,0,0,-1,-2,0,0,0,58,-81,-6,None
0,-2,-3,-3,-6,-1,-1,-2,-1,0,0,0,58,-81,-6,None
0,-1,-3,-2,4,-3,-2,-2,-2,0,0,0,58,-81,-6,None
0,0,-4,-2,-4,2,-1,-1,-2,0,0,0,58,-81,-6,None
0,0,-4,-2,-4,2,-1,-1,-2,0,0,0,58,-81,-6,None
0,0,-4,-2,-4,2,-1,-1,-2,0,0,0,58,-80,-6,None
0,-1,2,-2,2,-1,-1,-1,-2,0,0,0,58,-80,-6,None
0,-2,-1,-1,-1,0,-1,-3,0,0,0,0,58,-80,-6,None
0,-3,-6,0,-2,0,-2,-1,-1,0,0,0,58,-80,-6,None
0,1,9,-3,-5,-1,-2,0,-2,0,0,0,58,-80,-6,None
0,1,9,-3,-5,-1,-2,0,-2,0,0,0,58,-80,-6,None
0,1,9,-3,-5,-1,-2,0,-2,0,0,0,59,-80,-6,None
0,-3,1,-2,7,4,-1,-1,-2,0,0,0,59,-80,-6,None
0,-2,0,-2,1,1,-1,-1,-1,0,0,0,59,-80,-6,None
0,-1,-2,-1,-2,0,-1,0,-2,0,0,0,59,-80,-6,None
0,-2,-2,-2,-3,-2,-1,-2,0,0,0,0,59,-80,-6,None
0,-2,-2,-2,-3,-2,-1,-2,0,0,0,0,59,-80,-6,None
0,-2,-2,-2,-3,-2,-1,-2,0,0,0,0,58,-80,-6,None
0,-1,10,-1,-1,-2,0,0,-2,0,0,0,58,-80,-6,None
0,-2,-16,-2,-4,-1,-1,-2,-3,0,0,0,58,-80,-6,None
0,0,1,-3,9,2,0,-3,-2,0,0,0,58,-80,-6,None
0,-3,-3,-3,-6,1,-2,-2,-1,0,0,0,58,-80,-6,None
0,-3,-3,-3,-6,1,-2,-2,-1,0,0,0,58,-80,-6,None
0,-3,-3,-3,-6,1,-2,-2,-1,0,0,0,59,-80,-6,None
0,4,3,-2,-13,-4,-1,-2,0,0,0,0,59,-80,-6,None
0,-2,6,-4,7,2,-2,-2,-3,0,0,0,59,-80,-6,None
0,1,1,-1,-2,1,-1,-1,-2,0,0,0,59,-80,-6,None
0,-2,-3,-1,0,1,0,-2,-1,0,0,0,59,-80,-6,None
0,-2,-3,-1,0,1,0,-2,-1,0,0,0,59,-80,-6,None
0,-2,-3,-1,0,1,0,-2,-1,0,0,0,59,-80,-6,None
0,-2,-9,-2,3,0,0,-2,-1,0,0,0,59,-80,-6,None
0,1,7,-2,-13,-2,0,0,-1,0,0,0,59,-80,-6,None
0,-2,-3,-2,1,1,-1,0,-1,0,0,0,59,-80,-6,None
0,-2,2,-1,4,2,-1,-1,-2,0,0,0,59,-80,-6,None
0,-2,2,-1,4,2,-1,-1,-2,0,0,0,59,-80,-6,None
0,-2,2,-1,4,2,-1,-1,-2,0,0,0,59,-79,-6,None
0,-3,-3,-3,8,4,-2,-1,-2,0,0,0,59,-79,-6,None
