0,-2,-2,-3,7,3,3,2,-3,0,0,0,85,-111,3,None
0,-4,-3,-2,9,2,-41,-7,-6,0,0,0,85,-111,3,None
0,0,3,-5,-5,-8,27,-20,0,0,0,0,85,-111,3,None
0,0,3,-5,-5,-8,27,-20,0,0,0,0,85,-111,3,None
0,0,3,-5,-5,-8,27,-20,0,0,0,0,77,-120,2,None
0,-2,1,3,0,14,-2,25,-3,0,0,0,77,-120,2,None
0,-3,-3,-8,-7,-7,4,-13,-2,0,0,0,77,-120,2,None
0,-1,1,-2,-3,5,14,11,1,0,0,0,77,-120,2,None
0,-1,0,0,1,5,-27,-15,-2,0,0,0,77,-120,2,None
0,-1,0,0,1,5,-27,-15,-2,0,0,0,77,-120,2,None
0,-1,0,0,1,5,-27,-15,-2,0,0,0,64,-127,3,None
0,4,3,-6,-19,-31,15,14,5,0,0,0,64,-127,3,None
0,-4,-3,2,17,9,-1,-3,-4,0,0,0,64,-127,3,None
0,-2,0,-2,-1,10,-4,-7,-5,0,0,0,64,-127,3,None
0,-2,-2,-6,9,3,-10,2,0,0,0,0,64,-127,3,None
0,-2,-2,-6,9,3,-10,2,0,0,0,0,64,-127,3,None
0,-2,-2,-6,9,3,-10,2,0,0,0,0,51,-126,6,None
0,-5,-2,1,-7,-6,-30,-17,-3,0,0,0,51,-126,6,None
0,1,1,2,1,15,2,0,0,0,0,0,51,-126,6,None
0,-1,0,-9,1,-10,4,-1,-1,0,0,0,51,-126,6,None
0,0,1,-2,-4,-9,9,13,1,0,0,0,51,-126,6,None
0,0,1,-2,-4,-9,9,13,1,0,0,0,51,-126,6,None
0,0,1,-2,-4,-9,9,13,1,0,0,0,36,-127,5,None
0,-2,-5,-2,24,11,-16,-14,-3,0,0,0,36,-127,5,None
0,0,-1,-3,4,-23,4,4,1,0,0,0,36,-127,5,None
0,-2,-2,-5,-21,1,0,-4,-4,0,0,0,36,-127,5,None
0,0,0,6,-7,-8,8,0,-2,0,0,0,36,-127,5,None
0,0,0,6,-7,-8,8,0,-2,0,0,0,36,-127,5,None
0,0,0,6,-7,-8,8,0,-2,0,0,0,22,-121,2,None
0,-3,1,-2,4,-16,3,-4,-4,0,0,0,22,-121,2,None
0,0,-1,-2,2,24,7,-1,0,0,0,0,22,-121,2,None
0,-1,1,0,13,-3,7,2,2,0,0,0,22,-121,2,None
0,-2,0,-4,-8,-15,-12,-4,-4,0,0,0,22,-121,2,None
0,-2,0,-4,-8,-15,-12,-4,-4,0,0,0,22,-121,2,None
0,-2,0,-4,-8,-15,-12,-4,-4,0,0,0,16,-126,4,None
0,1,2,-1,-3,-8,2,0,1,0,0,0,16,-126,4,None
0,-4,0,0,0,11,-13,-11,-5,0,0,0,16,-126,4,None
0,0,1,1,20,6,8,8,2,0,0,0,16,-126,4,None
0,-2,-1,-11,-37,-14,1,-3,-3,0,0,0,16,-126,4,None
0,-2,-1,-11,-37,-14,1,-3,-3,0,0,0,16,-126,4,None
0,-2,-1,-11,-37,-14,1,-3,-3,0,0,0,10,-127,4,None
0,-2,-1,0,0,13,-2,-10,-3,0,0,0,10,-127,4,None
0,1,2,2,15,37,6,13,4,0,0,0,10,-127,4,None
0,-2,0,-3,-7,0,0,-2,-2,0,0,0,10,-127,4,None
0,1,3,8,36,-9,-5,-5,-2,0,0,0,10,-127,4,None
0,1,3,8,36,-9,-5,-5,-2,0,0,0,10,-127,4,None
0,1,3,8,36,-9,-5,-5,-2,0,0,0,1,-120,9,None
0,-1,0,-3,-21,-15,3,-5,-3,0,0,0,1,-120,9,None
0,-2,-1,-3,1,28,0,0,-2,0,0,0,1,-120,9,None
0,0,1,-5,-13,1,-1,2,1,0,0,0,1,-120,9,None
0,0,2,1,47,34,-1,-1,-3,0,0,0,1,-120,9,None
0,0,2,1,47,34,-1,-1,-3,0,0,0,1,-120,9,None
0,0,2,1,47,34,-1,-1,-3,0,0,0,-4,-109,13,None
0,-4,-1,0,7,-34,-3,1,-2,0,0,0,-4,-109,13,None
0,-1,0,-5,-1,-28,-14,-10,-4,0,0,0,-4,-109,13,None
0,-1,-1,-2,-15,2,-9,-3,-1,0,0,0,-4,-109,13,None
0,0,1,-1,26,33,28,8,2,0,0,0,-4,-109,13,None
0,0,1,-1,26,33,28,8,2,0,0,0,-4,-109,13,None
0,0,1,-1,26,33,28,8,2,0,0,0,-11,-100,14,None
0,0,2,-2,-11,-4,-2,-3,-3,0,0,0,-11,-100,14,None
0,-3,2,-4,10,1,-9,0,-3,0,0,0,-11,-100,14,None
0,-3,-1,-3,-14,-10,5,-5,-3,0,0,0,-11,-100,14,None
0,-2,0,-3,5,-46,-6,3,0,0,0,0,-11,-100,14,None
0,-2,0,-3,5,-46,-6,3,0,0,0,0,-11,-100,14,None
0,-2,0,-3,5,-46,-6,3,0,0,0,0,-16,-97,16,None
0,-2,-2,-4,-24,87,0,-12,-3,0,0,0,-16,-97,16,None
0,1,0,0,-12,-41,-5,7,2,0,0,0,-16,-97,16,None
0,1,2,-6,1,7,-2,-3,-3,0,0,0,-16,-97,16,None
0,-3,-3,0,16,-53,-9,-7,-4,0,0,0,-16,-97,16,None
0,-3,-3,0,16,-53,-9,-7,-4,0,0,0,-16,-97,16,None
0,-3,-3,0,16,-53,-9,-7,-4,0,0,0,-20,-96,14,None
0,2,2,4,47,8,21,3,4,0,0,0,-20,-96,14,None
0,-3,-2,-7,-87,30,-10,-6,-5,0,0,0,-20,-96,14,None
0,-1,0,-1,17,-45,5,5,0,0,0,0,-20,-96,14,None
0,1,2,-4,-31,49,-9,-2,0,0,0,0,-20,-96,14,None
0,1,2,-4,-31,49,-9,-2,0,0,0,0,-20,-96,14,None
0,1,2,-4,-31,49,-9,-2,0,0,0,0,-25,-90,14,None
0,-1,0,7,26,-63,-7,0,-1,0,0,0,-25,-90,14,None
0,-2,0,-2,50,39,5,-5,-4,0,0,0,-25,-90,14,None
0,-2,-1,-4,-78,-92,3,3,1,0,0,0,-25,-90,14,None
0,-1,0,-4,32,53,-4,-3,-3,0,0,0,-25,-90,14,None
0,-1,0,-4,32,53,-4,-3,-3,0,0,0,-25,-90,14,None
0,-1,0,-4,32,53,-4,-3,-3,0,0,0,-33,-79,15,None
0,0,3,-5,-54,-29,-10,-1,-1,0,0,0,-33,-79,15,None
0,-5,-3,-2,78,16,7,2,-3,0,0,0,-33,-79,15,None
0,-2,-2,-5,-37,39,7,-2,-1,0,0,0,-33,-79,15,None
0,0,1,2,9,35,-6,0,-2,0,0,0,-33,-79,15,None
0,0,1,2,9,35,-6,0,-2,0,0,0,-33,-79,15,None
0,0,1,2,9,35,-6,0,-2,0,0,0,-40,-73,12,None
0,0,3,1,12,17,3,1,1,0,0,0,-40,-73,12,None
0,3,5,-5,-30,-62,-4,-3,1,0,0,0,-40,-73,12,None
0,-5,-3,-1,61,6,-11,-8,-8,0,0,0,-40,-73,12,None
0,-1,-2,1,30,9,10,3,3,0,0,0,-40,-73,12,None
0,-1,-2,1,30,9,10,3,3,0,0,0,-40,-73,12,None
0,-1,-2,1,30,9,10,3,3,0,0,0,-45,-75,12,None
0,-3,0,-10,-40,56,-2,-5,-2,0,0,0,-45,-75,12,None
0,-1,3,5,38,40,3,4,1,0,0,0,-45,-75,12,None
0,1,1,-6,-81,33,-2,1,0,0,0,0,-45,-75,12,None
0,0,1,-1,-3,-48,-6,-2,-2,0,0,0,-45,-75,12,None
0,0,1,-1,-3,-48,-6,-2,-2,0,0,0,-45,-75,12,None
0,0,1,-1,-3,-48,-6,-2,-2,0,0,0,-47,-73,13,None
0,-2,0,10,77,37,6,-3,-3,0,0,0,-47,-73,13,None
0,-1,0,-14,-72,-52,-9,-3,0,0,0,0,-47,-73,13,None
0,-1,1,5,59,34,11,4,2,0,0,0,-47,-73,13,None
0,-3,-2,-4,14,-3,-9,-6,-4,0,0,0,-47,-73,13,None
0,-3,-2,-4,14,-3,-9,-6,-4,0,0,0,-47,-73,13,None
0,-3,-2,-4,14,-3,-9,-6,-4,0,0,0,-50,-64,12,None
0,-1,1,-4,-51,-71,1,0,0,0,0,0,-50,-64,12,None
0,1,1,1,-36,8,-1,-2,-1,0,0,0,-50,-64,12,None
0,4,3,3,28,-14,7,1,1,0,0,0,-50,-64,12,None
0,-1,0,-7,-57,-41,-6,-3,-3,0,0,0,-50,-64,12,None
0,-1,0,-7,-57,-41,-6,-3,-3,0,0,0,-50,-64,12,None
0,-1,0,-7,-57,-41,-6,-3,-3,0,0,0,-54,-57,11,None
0,1,6,-9,-48,-19,-1,1,-1,0,0,0,-54,-57,11,None
0,-6,5,-3,4,-8,-7,-3,-5,0,0,0,-54,-57,11,None
0,1,4,-4,-22,18,2,-1,-3,0,0,0,-54,-57,11,None
0,-1,-2,-5,-37,28,3,1,1,0,0,0,-54,-57,11,None
0,-1,-2,-5,-37,28,3,1,1,0,0,0,-54,-57,11,None
0,-1,-2,-5,-37,28,3,1,1,0,0,0,-56,-56,11,None
0,-3,-11,-1,26,15,1,0,0,0,0,0,-56,-56,11,None
0,1,5,-2,-21,-8,0,-1,1,0,0,0,-56,-56,11,None
0,-2,3,2,8,21,5,-1,0,0,0,0,-56,-56,11,None
0,-3,-2,1,-34,-29,-5,-1,-3,0,0,0,-56,-56,11,None
0,-3,-2,1,-34,-29,-5,-1,-3,0,0,0,-56,-56,11,None
0,-3,-2,1,-34,-29,-5,-1,-3,0,0,0,-59,-57,12,None
0,1,12,0,30,4,-5,-3,-3,0,0,0,-59,-57,12,None
0,0,-2,1,37,4,1,1,0,0,0,0,-59,-57,12,None
0,-2,-3,-1,67,-9,-1,-2,-2,0,0,0,-59,-57,12,None
0,-2,-2,-4,26,-6,-26,-8,-5,0,0,0,-59,-57,12,None
0,-2,-2,-4,26,-6,-26,-8,-5,0,0,0,-59,-57,12,None
0,-2,-2,-4,26,-6,-26,-8,-5,0,0,0,-59,-55,12,None
0,2,-1,-3,-15,12,7,2,1,0,0,0,-59,-55,12,None
0,30,3,6,11,15,-14,-4,17,0,0,0,-59,-55,12,None
0,-58,-5,3,30,10,-39,-6,-4,0,0,0,-59,-55,12,None
0,104,13,4,-17,-7,23,5,40,0,0,0,-59,-55,12,None
0,104,13,4,-17,-7,23,5,40,0,0,0,-59,-55,12,None
0,104,13,4,-17,-7,23,5,40,0,0,0,-60,-52,13,None
0,-52,1,21,8,48,0,25,73,0,0,0,-60,-52,13,None
0,58,-43,-34,-37,4,-39,-11,-95,0,0,0,-60,-52,13,None
0,14,41,-5,29,33,-69,-37,53,0,0,0,-60,-52,13,None
0,-90,11,-19,-36,86,15,0,36,0,0,0,-60,-52,13,None
0,-90,11,-19,-36,86,15,0,36,0,0,0,-60,-52,13,None
0,-90,11,-19,-36,86,15,0,36,0,0,0,-66,-46,18,None
0,63,-70,23,88,66,-67,-69,-90,0,0,0,-66,-46,18,None
0,54,10,-56,40,-83,56,-10,69,0,0,0,-66,-46,18,None
0,-2,2,-18,-49,-87,108,23,-71,0,0,0,-66,-46,18,None
0,7,1,55,28,80,-125,-42,39,0,0,0,-66,-46,18,None
0,7,1,55,28,80,-125,-42,39,0,0,0,-66,-46,18,None
0,7,1,55,28,80,-125,-42,39,0,0,0,-87,-20,5,None
0,35,54,-6,-33,46,33,20,83,0,0,0,-87,-20,5,None
0,18,-61,-29,-21,76,6,32,124,0,0,0,-87,-20,5,None
0,-32,53,-22,-35,-117,6,25,-76,0,0,0,-87,-20,5,None
0,-95,-11,-29,17,6,-54,-26,-23,0,0,0,-87,-20,5,None
0,-95,-11,-29,17,6,-54,-26,-23,0,0,0,-87,-20,5,None
0,-95,-11,-29,17,6,-54,-26,-23,0,0,0,-85,-41,14,None
0,-31,-4,-31,-22,-4,-18,-3,-128,0,0,0,-85,-41,14,None
0,75,19,50,42,-47,-66,-29,-13,0,0,0,-85,-41,14,None
0,127,-25,16,14,18,-36,13,127,0,0,0,-85,-41,14,None
0,22,-6,-5,-36,-36,73,36,-47,0,0,0,-85,-41,14,None
0,22,-6,-5,-36,-36,73,36,-47,0,0,0,-85,-41,14,None
0,22,-6,-5,-36,-36,73,36,-47,0,0,0,-61,-43,1,None
0,-14,-6,3,-2,-43,-4,-4,42,0,0,0,-61,-43,1,None
0,-28,17,-6,-16,6,34,25,4,0,0,0,-61,-43,1,None
0,1,-17,-2,3,36,0,-12,-18,0,0,0,-61,-43,1,None
0,-35,0,-1,-5,-27,14,-1,-16,0,0,0,-61,-43,1,None
0,-35,0,-1,-5,-27,14,-1,-16,0,0,0,-61,-43,1,None
0,-35,0,-1,-5,-27,14,-1,-16,0,0,0,-31,-45,16,None
0,14,4,-14,16,-16,6,4,11,0,0,0,-31,-45,16,None
0,-38,20,30,92,31,-1,-8,-40,0,0,0,-31,-45,16,None
0,-42,-15,-2,-97,18,5,-6,-9,0,0,0,-31,-45,16,None
0,37,-5,-19,51,-35,-16,-15,-21,0,0,0,-31,-45,16,None
0,37,-5,-19,51,-35,-16,-15,-21,0,0,0,-31,-45,16,None
0,37,-5,-19,51,-35,-16,-15,-21,0,0,0,-46,-46,14,None
0,-13,-32,19,84,40,13,-9,8,0,0,0,-46,-46,14,None
0,-55,19,-13,-95,-70,-13,-10,-26,0,0,0,-46,-46,14,None
0,-18,-18,28,125,111,-2,7,-45,0,0,0,-46,-46,14,None
0,41,75,-2,-27,-21,32,62,22,0,0,0,-46,-46,14,None
0,41,75,-2,-27,-21,32,62,22,0,0,0,-46,-46,14,None
0,41,75,-2,-27,-21,32,62,22,0,0,0,-91,-40,16,None
0,-19,-38,-13,48,-82,-15,-43,69,0,0,0,-91,-40,16,None
0,14,17,-23,5,81,-12,38,-43,0,0,0,-91,-40,16,None
0,-78,38,25,-1,-28,16,-1,30,0,0,0,-91,-40,16,None
0,-23,9,-9,3,-88,-17,8,-87,0,0,0,-91,-40,16,None
0,-23,9,-9,3,-88,-17,8,-87,0,0,0,-91,-40,16,None
0,-23,9,-9,3,-88,-17,8,-87,0,0,0,-84,-47,24,None
0,-17,-18,-9,19,60,30,2,13,0,0,0,-84,-47,24,None
0,-36,-6,6,8,-128,-19,-31,-7,0,0,0,-84,-47,24,None
0,21,-5,-15,-42,104,-8,-9,10,0,0,0,-84,-47,24,None
0,47,11,22,37,108,47,-3,-2,0,0,0,-84,-47,24,None
0,47,11,22,37,108,47,-3,-2,0,0,0,-84,-47,24,None
0,47,11,22,37,108,47,-3,-2,0,0,0,-72,-33,26,None
0,-66,10,3,33,-126,-35,-12,-30,0,0,0,-72,-33,26,None
0,-10,5,1,-20,49,-3,6,10,0,0,0,-72,-33,26,None
0,23,-41,-12,28,18,16,9,-10,0,0,0,-72,-33,26,None
0,11,-34,-5,-108,12,-12,-27,12,0,0,0,-72,-33,26,None
0,11,-34,-5,-108,12,-12,-27,12,0,0,0,-72,-33,26,None
0,11,-34,-5,-108,12,-12,-27,12,0,0,0,-83,-7,20,None
0,36,36,-4,-12,88,4,11,-13,0,0,0,-83,-7,20,None
0,-15,-45,9,-3,11,-2,-2,2,0,0,0,-83,-7,20,None
0,3,5,0,-8,-16,-6,-5,7,0,0,0,-83,-7,20,None
0,-14,-12,-10,74,-16,-6,-6,13,0,0,0,-83,-7,20,None
0,-14,-12,-10,74,-16,-6,-6,13,0,0,0,-83,-7,20,None
0,-14,-12,-10,74,-16,-6,-6,13,0,0,0,-95,-25,22,None
0,16,13,-9,-86,8,0,14,-1,0,0,0,-95,-25,22,None
0,-11,12,3,-69,-75,4,-2,-5,0,0,0,-95,-25,22,None
0,2,59,-4,-14,52,-22,-17,2,0,0,0,-95,-25,22,None
0,-5,-43,-5,91,-89,-6,-6,4,0,0,0,-95,-25,22,None
0,-5,-43,-5,91,-89,-6,-6,4,0,0,0,-95,-25,22,None
0,-5,-43,-5,91,-89,-6,-6,4,0,0,0,-90,-34,25,None
0,20,14,-3,-36,46,5,15,-12,0,0,0,-90,-34,25,None
0,-17,27,14,-19,44,0,-11,9,0,0,0,-90,-34,25,None
0,14,-34,-12,-45,-19,-14,-7,-7,0,0,0,-90,-34,25,None
0,2,-6,-1,8,-15,-4,-1,8,0,0,0,-90,-34,25,None
0,2,-6,-1,8,-15,-4,-1,8,0,0,0,-90,-34,25,None
0,2,-6,-1,8,-15,-4,-1,8,0,0,0,-98,-29,29,None
0,0,14,2,-21,-18,4,5,3,0,0,0,-98,-29,29,None
0,-5,13,2,42,47,2,-5,-2,0,0,0,-98,-29,29,None
0,5,-9,-2,38,-16,-11,-1,-3,0,0,0,-98,-29,29,None
0,0,9,9,36,30,7,1,5,0,0,0,-98,-29,29,None
0,0,9,9,36,30,7,1,5,0,0,0,-98,-29,29,None
0,0,9,9,36,30,7,1,5,0,0,0,-102,-30,20,None
0,2,-2,-25,-107,-32,-17,-4,-11,0,0,0,-102,-30,20,None
0,-7,-3,5,52,8,2,-1,-4,0,0,0,-102,-30,20,None
0,78,-3,-8,12,-48,-37,-2,17,0,0,0,-102,-30,20,None
0,-72,-5,13,-4,36,8,-5,22,0,0,0,-102,-30,20,None
0,-72,-5,13,-4,36,8,-5,22,0,0,0,-102,-30,20,None
0,-72,-5,13,-4,36,8,-5,22,0,0,0,-101,-33,26,None
0,35,10,-10,-23,-68,13,19,12,0,0,0,-101,-33,26,None
0,-5,-6,38,2,58,-76,-14,11,0,0,0,-101,-33,26,None
0,97,28,-14,-23,-65,-1,28,105,0,0,0,-101,-33,26,None
0,-91,-3,34,-111,-18,79,40,-33,0,0,0,-101,-33,26,None
0,-91,-3,34,-111,-18,79,40,-33,0,0,0,-101,-33,26,None
0,-91,-3,34,-111,-18,79,40,-33,0,0,0,-103,-33,28,None
0,104,-10,-73,113,-41,-37,-35,-42,0,0,0,-103,-33,28,None
0,-5,-11,52,88,115,-116,-37,75,0,0,0,-103,-33,28,None
0,-115,-17,16,-29,-101,118,15,-128,0,0,0,-103,-33,28,None
0,127,24,-3,26,56,-99,-42,106,0,0,0,-103,-33,28,None
0,127,24,-3,26,56,-99,-42,106,0,0,0,-103,-33,28,None
0,127,24,-3,26,56,-99,-42,106,0,0,0,-121,-14,5,None
0,-40,23,97,-6,74,-83,77,72,0,0,0,-121,-14,5,None
0,-56,-49,-93,-59,-43,44,-61,-119,0,0,0,-121,-14,5,None
0,38,11,27,-7,4,41,66,127,0,0,0,-121,-14,5,None
0,-4,0,-15,-15,18,-54,0,-97,0,0,0,-121,-14,5,None
0,-4,0,-15,-15,18,-54,0,-97,0,0,0,-121,-14,5,None
0,-4,0,-15,-15,18,-54,0,-97,0,0,0,-105,-36,20,None
0,49,27,9,-39,-57,-63,28,113,0,0,0,-105,-36,20,None
0,127,25,20,14,56,99,28,-56,0,0,0,-105,-36,20,None
0,-68,-25,9,45,63,-68,-9,76,0,0,0,-105,-36,20,None
0,66,-11,-22,2,69,-76,-46,-61,0,0,0,-105,-36,20,None
0,66,-11,-22,2,69,-76,-46,-61,0,0,0,-105,-36,20,None
0,66,-11,-22,2,69,-76,-46,-61,0,0,0,-75,-31,10,None
0,8,-4,35,46,-57,-69,-33,-56,0,0,0,-75,-31,10,None
0,-49,5,-36,-31,-62,82,33,45,0,0,0,-75,-31,10,None
0,-26,-7,-30,1,-47,-52,-28,-63,0,0,0,-75,-31,10,None
0,-41,-6,6,-2,13,39,26,105,0,0,0,-75,-31,10,None
0,-41,-6,6,-2,13,39,26,105,0,0,0,-75,-31,10,None
0,-41,-6,6,-2,13,39,26,105,0,0,0,-36,-57,9,None
0,-59,-13,-14,10,28,-17,-38,-80,0,0,0,-36,-57,9,None
0,-48,7,7,21,-55,-32,5,7,0,0,0,-36,-57,9,None
0,-14,-5,10,13,42,-31,-41,-63,0,0,0,-36,-57,9,None
0,-4,-8,-20,-10,-62,-17,14,34,0,0,0,-36,-57,9,None
0,-4,-8,-20,-10,-62,-17,14,34,0,0,0,-36,-57,9,None
0,-4,-8,-20,-10,-62,-17,14,34,0,0,0,-63,-39,19,None
0,-38,5,1,1,3,71,-3,-14,0,0,0,-63,-39,19,None
0,1,9,-7,-15,-23,-10,2,0,0,0,0,-63,-39,19,None
0,47,2,-1,13,8,-26,-2,-5,0,0,0,-63,-39,19,None
0,-13,7,-1,-9,-23,35,2,-19,0,0,0,-63,-39,19,None
0,-13,7,-1,-9,-23,35,2,-19,0,0,0,-63,-39,19,None
0,-13,7,-1,-9,-23,35,2,-19,0,0,0,-103,-42,17,None
0,-4,-1,-13,-4,-13,45,0,-11,0,0,0,-103,-42,17,None
0,26,7,4,-4,11,0,10,8,0,0,0,-103,-42,17,None
0,-11,-6,-16,-27,12,-46,-17,-14,0,0,0,-103,-42,17,None
0,-17,-1,-5,2,-31,15,-3,-12,0,0,0,-103,-42,17,None
0,-17,-1,-5,2,-31,15,-3,-12,0,0,0,-103,-42,17,None
0,-17,-1,-5,2,-31,15,-3,-12,0,0,0,-86,-58,18,None
0,-17,-4,-13,-12,33,17,-11,-2,0,0,0,-86,-58,18,None
0,-6,0,1,23,-27,-26,10,33,0,0,0,-86,-58,18,None
0,-11,0,2,-10,-4,11,-7,-21,0,0,0,-86,-58,18,None
0,-2,13,-7,16,0,-1,-8,-8,0,0,0,-86,-58,18,None
0,-2,13,-7,16,0,-1,-8,-8,0,0,0,-86,-58,18,None
0,-2,13,-7,16,0,-1,-8,-8,0,0,0,-84,-21,19,None
0,8,-2,-5,-19,-23,19,6,15,0,0,0,-84,-21,19,None
0,-13,3,6,-36,-10,-5,0,2,0,0,0,-84,-21,19,None
0,3,5,-5,42,7,5,-3,-13,0,0,0,-84,-21,19,None
0,9,-6,-5,18,5,6,0,-2,0,0,0,-84,-21,19,None
0,9,-6,-5,18,5,6,0,-2,0,0,0,-84,-21,19,None
0,9,-6,-5,18,5,6,0,-2,0,0,0,-98,-14,20,None
0,-18,7,-10,-52,55,-6,-5,6,0,0,0,-98,-14,20,None
0,-17,0,2,33,-22,-2,-11,-3,0,0,0,-98,-14,20,None
0,9,22,-10,18,-55,-2,-6,-12,0,0,0,-98,-14,20,None
0,27,-14,5,12,-7,-4,1,8,0,0,0,-98,-14,20,None
0,27,-14,5,12,-7,-4,1,8,0,0,0,-98,-14,20,None
0,27,-14,5,12,-7,-4,1,8,0,0,0,-93,-25,25,None
0,-50,-10,-5,-3,18,8,-10,20,0,0,0,-93,-25,25,None
0,-10,21,-3,15,-63,-10,26,-16,0,0,0,-93,-25,25,None
0,12,8,1,-64,52,14,-6,3,0,0,0,-93,-25,25,None
0,-10,16,-2,35,-1,-4,-5,-5,0,0,0,-93,-25,25,None
0,-10,16,-2,35,-1,-4,-5,-5,0,0,0,-93,-25,25,None
0,-10,16,-2,35,-1,-4,-5,-5,0,0,0,-82,-43,27,None
0,4,20,5,74,14,18,-11,19,0,0,0,-82,-43,27,None
0,7,-42,-13,-20,-40,-9,-22,-51,0,0,0,-82,-43,27,None
0,-22,-42,-6,-16,83,-11,22,34,0,0,0,-82,-43,27,None
0,4,2,-5,-55,73,3,-2,-5,0,0,0,-82,-43,27,None
0,4,2,-5,-55,73,3,-2,-5,0,0,0,-82,-43,27,None
0,4,2,-5,-55,73,3,-2,-5,0,0,0,-74,-47,25,None
0,23,-11,-2,31,-43,-16,-10,-8,0,0,0,-74,-47,25,None
0,-18,14,-6,-79,39,-1,17,36,0,0,0,-74,-47,25,None
0,-5,3,2,17,-14,11,-6,-9,0,0,0,-74,-47,25,None
0,5,0,-5,-56,-34,-2,-5,8,0,0,0,-74,-47,25,None
0,5,0,-5,-56,-34,-2,-5,8,0,0,0,-74,-47,25,None
0,5,0,-5,-56,-34,-2,-5,8,0,0,0,-77,-37,26,None
0,-13,-41,-11,2,-34,4,-4,-45,0,0,0,-77,-37,26,None
0,-19,37,5,72,96,2,-21,-46,0,0,0,-77,-37,26,None
0,-41,-30,-7,-34,-16,-12,27,6,0,0,0,-77,-37,26,None
0,9,8,-3,-6,-42,3,4,26,0,0,0,-77,-37,26,None
0,9,8,-3,-6,-42,3,4,26,0,0,0,-77,-37,26,None
0,9,8,-3,-6,-42,3,4,26,0,0,0,-81,-30,22,None
0,-13,35,-4,-56,-40,0,4,5,0,0,0,-81,-30,22,None
0,33,11,5,10,3,-6,1,18,0,0,0,-81,-30,22,None
0,3,5,-4,9,37,0,-25,-27,0,0,0,-81,-30,22,None
0,-14,5,0,28,-1,1,-5,-10,0,0,0,-81,-30,22,None
0,-14,5,0,28,-1,1,-5,-10,0,0,0,-81,-30,22,None
0,-14,5,0,28,-1,1,-5,-10,0,0,0,-72,-36,21,None
0,-4,5,1,-49,5,5,11,-4,0,0,0,-72,-36,21,None
0,-2,-3,-4,19,35,-3,-10,18,0,0,0,-72,-36,21,None
0,18,-9,0,29,-6,-6,-4,-4,0,0,0,-72,-36,21,None
0,-10,-4,-5,-38,-35,-8,3,-10,0,0,0,-72,-36,21,None
0,-10,-4,-5,-38,-35,-8,3,-10,0,0,0,-72,-36,21,None
0,-10,-4,-5,-38,-35,-8,3,-10,0,0,0,-71,-42,23,None
0,6,-5,-1,19,20,10,1,-6,0,0,0,-71,-42,23,None
0,4,-5,-2,-20,-26,2,2,23,0,0,0,-71,-42,23,None
0,3,4,-3,0,-38,-7,-5,-2,0,0,0,-71,-42,23,None
0,-17,-4,-2,19,22,-4,-1,-10,0,0,0,-71,-42,23,None
0,-17,-4,-2,19,22,-4,-1,-10,0,0,0,-71,-42,23,None
0,-17,-4,-2,19,22,-4,-1,-10,0,0,0,-78,-40,21,None
0,0,-6,-3,-17,6,-2,-2,-1,0,0,0,-78,-40,21,None
0,2,-3,-3,-13,-8,0,-4,1,0,0,0,-78,-40,21,None
0,-11,5,2,17,-5,0,1,-6,0,0,0,-78,-40,21,None
0,-7,-23,-5,-13,0,5,-8,-1,0,0,0,-78,-40,21,None
0,-7,-23,-5,-13,0,5,-8,-1,0,0,0,-78,-40,21,None
0,-7,-23,-5,-13,0,5,-8,-1,0,0,0,-71,-43,15,None
0,8,6,-3,8,-3,1,7,4,0,0,0,-71,-43,15,None
0,1,-9,0,2,-6,0,8,11,0,0,0,-71,-43,15,None
0,7,6,-2,5,4,-4,-14,-16,0,0,0,-71,-43,15,None
0,-5,13,0,-4,-13,-2,0,0,0,0,0,-71,-43,15,None
0,-5,13,0,-4,-13,-2,0,0,0,0,0,-71,-43,15,None
0,-5,13,0,-4,-13,-2,0,0,0,0,0,-62,-47,15,None
0,-2,-32,-5,8,10,0,1,7,0,0,0,-62,-47,15,None
0,0,14,-2,-3,-6,-1,1,-1,0,0,0,-62,-47,15,None
0,-2,5,-4,-6,-5,2,-6,-2,0,0,0,-62,-47,15,None
0,-2,5,0,2,-6,-3,1,1,0,0,0,-62,-47,15,None
0,-2,5,0,2,-6,-3,1,1,0,0,0,-62,-47,15,None
0,-2,5,0,2,-6,-3,1,1,0,0,0,-62,-47,19,None
0,-1,9,-2,9,7,-1,-3,-2,0,0,0,-62,-47,19,None
0,-3,-11,-1,-11,-1,-1,3,-1,0,0,0,-62,-47,19,None
0,6,12,-1,0,-6,-2,-6,-2,0,0,0,-62,-47,19,None
0,-1,0,-3,3,0,1,5,-1,0,0,0,-62,-47,19,None
0,-1,0,-3,3,0,1,5,-1,0,0,0,-62,-47,19,None
0,-1,0,-3,3,0,1,5,-1,0,0,0,-66,-49,17,None
0,-1,-2,-2,2,7,1,1,-3,0,0,0,-66,-49,17,None
0,-1,1,2,6,-2,3,0,3,0,0,0,-66,-49,17,None
0,2,2,-4,3,-4,-4,-4,0,0,0,0,-66,-49,17,None
0,-6,-3,-1,3,2,1,-2,-5,0,0,0,-66,-49,17,None
0,-6,-3,-1,3,2,1,-2,-5,0,0,0,-66,-49,17,None
0,-6,-3,-1,3,2,1,-2,-5,0,0,0,-59,-52,13,None
0,0,5,-4,-7,-2,-2,-4,-2,0,0,0,-59,-52,13,None
0,-1,-3,-2,-7,-8,-2,0,3,0,0,0,-59,-52,13,None
0,0,4,-2,4,1,1,-3,-3,0,0,0,-59,-52,13,None
0,-2,-3,-3,-7,-1,-1,0,-2,0,0,0,-59,-52,13,None
0,-2,-3,-3,-7,-1,-1,0,-2,0,0,0,-59,-52,13,None
0,-2,-3,-3,-7,-1,-1,0,-2,0,0,0,-55,-58,20,None
0,0,6,-1,2,1,-1,-1,2,0,0,0,-55,-58,20,None
0,-2,-4,-3,-5,-1,-3,0,-1,0,0,0,-55,-58,20,None
0,-1,-1,-2,-2,1,-1,-4,-5,0,0,0,-55,-58,20,None
0,-2,2,-2,-1,2,5,2,2,0,0,0,-55,-58,20,None
0,-2,2,-2,-1,2,5,2,2,0,0,0,-55,-58,20,None
0,-2,2,-2,-1,2,5,2,2,0,0,0,-53,-63,22,None
0,1,2,-1,-1,-5,-4,1,1,0,0,0,-53,-63,22,None
0,-3,-2,-2,1,3,1,-1,1,0,0,0,-53,-63,22,None
0,0,2,0,-1,-3,-4,-2,-2,0,0,0,-53,-63,22,None
0,-4,0,-1,-2,-4,-4,-1,-2,0,0,0,-53,-63,22,None
0,-4,0,-1,-2,-4,-4,-1,-2,0,0,0,-53,-63,22,None
0,-4,0,-1,-2,-4,-4,-1,-2,0,0,0,-53,-64,22,None
0,-1,3,-2,9,5,0,-1,-1,0,0,0,-53,-64,22,None
0,-2,-3,-2,-9,-1,-3,-2,-2,0,0,0,-53,-64,22,None
0,2,1,-2,5,-2,1,-3,0,0,0,0,-53,-64,22,None
0,-2,0,-2,2,0,-1,0,-2,0,0,0,-53,-64,22,None
0,-2,0,-2,2,0,-1,0,-2,0,0,0,-53,-64,22,None
0,-2,0,-2,2,0,-1,0,-2,0,0,0,-49,-71,16,None
0,-2,-1,-1,1,4,1,0,0,0,0,0,-49,-71,16,None
0,0,1,-2,-7,-3,-1,-2,-1,0,0,0,-49,-71,16,None
0,0,1,-1,-1,-3,-3,1,-2,0,0,0,-49,-71,16,None
0,-2,-1,-3,-2,2,-1,-3,-5,0,0,0,-49,-71,16,None
0,-2,-1,-3,-2,2,-1,-3,-5,0,0,0,-49,-71,16,None
0,-2,-1,-3,-2,2,-1,-3,-5,0,0,0,-49,-77,21,None
0,-1,0,-1,7,3,2,0,0,0,0,0,-49,-77,21,None
0,-1,-2,-3,-8,0,-2,-1,0,0,0,0,-49,-77,21,None
0,-1,-1,-1,2,1,0,-1,0,0,0,0,-49,-77,21,None
0,-2,0,-1,2,1,-6,-3,-4,0,0,0,-49,-77,21,None
0,-2,0,-1,2,1,-6,-3,-4,0,0,0,-49,-77,21,None
0,-2,0,-1,2,1,-6,-3,-4,0,0,0,-48,-87,30,None
0,-2,2,-2,-1,-6,-7,-3,-3,0,0,0,-48,-87,30,None
0,-1,-1,-3,3,4,2,2,1,0,0,0,-48,-87,30,None
0,1,0,0,-1,-5,1,-3,0,0,0,0,-48,-87,30,None
0,-1,-2,-3,8,3,-3,-1,-3,0,0,0,-48,-87,30,None
0,-1,-2,-3,8,3,-3,-1,-3,0,0,0,-48,-87,30,None
0,-1,-2,-3,8,3,-3,-1,-3,0,0,0,-47,-93,25,None
0,-2,1,-2,-6,-7,-2,-2,-2,0,0,0,-47,-93,25,None
0,-2,0,0,-4,3,-2,-2,-2,0,0,0,-47,-93,25,None
0,-1,1,-2,-8,-1,-2,0,-3,0,0,0,-47,-93,25,None
0,-1,0,-2,4,0,-1,0,-2,0,0,0,-47,-93,25,None
0,-1,0,-2,4,0,-1,0,-2,0,0,0,-47,-93,25,None
0,-1,0,-2,4,0,-1,0,-2,0,0,0,-41,-91,17,None
0,-2,1,-1,-7,4,1,-1,-2,0,0,0,-41,-91,17,None
0,0,1,0,24,2,0,-1,-1,0,0,0,-41,-91,17,None
0,-3,1,-3,-24,1,-1,-3,-2,0,0,0,-41,-91,17,None
0,-1,1,-3,1,-4,-2,-4,-1,0,0,0,-41,-91,17,None
0,-1,1,-3,1,-4,-2,-4,-1,0,0,0,-41,-91,17,None
0,-1,1,-3,1,-4,-2,-4,-1,0,0,0,-34,-88,23,None
0,-1,0,0,24,8,-4,-1,-1,0,0,0,-34,-88,23,None
0,-1,1,-4,-35,-9,6,-2,1,0,0,0,-34,-88,23,None
0,0,0,-4,36,0,-2,2,-1,0,0,0,-34,-88,23,None
0,0,-1,-3,-50,6,-4,-5,-3,0,0,0,-34,-88,23,None
0,0,-1,-3,-50,6,-4,-5,-3,0,0,0,-34,-88,23,None
0,0,-1,-3,-50,6,-4,-5,-3,0,0,0,-23,-98,25,None
0,-2,-1,-8,-29,-30,-3,-3,-3,0,0,0,-23,-98,25,None
0,-2,-1,3,43,31,-3,-3,-3,0,0,0,-23,-98,25,None
0,1,3,0,-3,5,3,-1,0,0,0,0,-23,-98,25,None
0,-2,2,0,4,-4,2,3,2,0,0,0,-23,-98,25,None
0,-2,2,0,4,-4,2,3,2,0,0,0,-23,-98,25,None
0,-2,2,0,4,-4,2,3,2,0,0,0,-17,-96,18,None
0,1,0,-1,18,2,2,0,-1,0,0,0,-17,-96,18,None
0,1,2,-3,-49,-11,-5,-1,-1,0,0,0,-17,-96,18,None
0,-2,2,9,32,0,-1,-2,-3,0,0,0,-17,-96,18,None
0,-4,-6,-18,-49,5,-6,-5,-5,0,0,0,-17,-96,18,None
0,-4,-6,-18,-49,5,-6,-5,-5,0,0,0,-17,-96,18,None
0,-4,-6,-18,-49,5,-6,-5,-5,0,0,0,-10,-94,13,None
0,-1,-1,1,13,7,0,-5,-3,0,0,0,-10,-94,13,None
0,1,2,0,-30,-15,-3,1,0,0,0,0,-10,-94,13,None
0,-1,2,-6,48,31,-8,2,-1,0,0,0,-10,-94,13,None
0,0,1,23,61,-9,9,-3,-1,0,0,0,-10,-94,13,None
0,0,1,23,61,-9,9,-3,-1,0,0,0,-10,-94,13,None
0,0,1,23,61,-9,9,-3,-1,0,0,0,-1,-104,22,None
0,-1,-1,-40,-75,-26,1,2,0,0,0,0,-1,-104,22,None
0,-3,-9,-14,40,66,-3,-6,-4,0,0,0,-1,-104,22,None
0,-2,-2,3,-15,-57,-5,-3,0,0,0,0,-1,-104,22,None
0,-1,1,3,75,4,-5,2,0,0,0,0,-1,-104,22,None
0,-1,1,3,75,4,-5,2,0,0,0,0,-1,-104,22,None
0,-1,1,3,75,4,-5,2,0,0,0,0,5,-110,18,None
0,-2,2,11,10,23,-1,-2,-4,0,0,0,5,-110,18,None
0,0,1,-25,-11,-5,-5,-4,-2,0,0,0,5,-110,18,None
0,-2,1,-2,1,-8,5,4,1,0,0,0,5,-110,18,None
0,2,3,-19,11,31,1,0,1,0,0,0,5,-110,18,None
0,2,3,-19,11,31,1,0,1,0,0,0,5,-110,18,None
0,2,3,-19,11,31,1,0,1,0,0,0,10,-108,11,None
0,-1,-2,10,-22,-56,1,-3,-1,0,0,0,10,-108,11,None
0,-1,2,-3,-81,-65,-7,-1,-2,0,0,0,10,-108,11,None
0,-1,0,31,60,51,6,-3,-1,0,0,0,10,-108,11,None
0,-1,-5,-58,-27,-2,-7,-3,-1,0,0,0,10,-108,11,None
0,-1,-5,-58,-27,-2,-7,-3,-1,0,0,0,10,-108,11,None
0,-1,-5,-58,-27,-2,-7,-3,-1,0,0,0,14,-112,6,None
0,3,4,12,-54,24,10,4,1,0,0,0,14,-112,6,None
0,0,3,1,76,40,-9,-1,1,0,0,0,14,-112,6,None
0,-7,-10,-21,40,-13,4,-6,-5,0,0,0,14,-112,6,None
0,3,4,24,-75,-99,-8,2,1,0,0,0,14,-112,6,None
0,3,4,24,-75,-99,-8,2,1,0,0,0,14,-112,6,None
0,3,4,24,-75,-99,-8,2,1,0,0,0,23,-119,7,None
0,-2,-1,-12,82,107,0,-3,1,0,0,0,23,-119,7,None
0,3,6,16,-2,85,14,4,2,0,0,0,23,-119,7,None
0,-2,-6,-29,-47,-69,-14,-5,-4,0,0,0,23,-119,7,None
0,-2,0,9,43,-20,-3,-3,-1,0,0,0,23,-119,7,None
0,-2,0,9,43,-20,-3,-3,-1,0,0,0,23,-119,7,None
0,-2,0,9,43,-20,-3,-3,-1,0,0,0,25,-113,5,None
0,-4,1,15,46,19,-3,-6,-5,0,0,0,25,-113,5,None
0,0,3,15,-64,-49,5,4,2,0,0,0,25,-113,5,None
0,4,6,-5,-58,-65,1,1,3,0,0,0,25,-113,5,None
0,-3,-2,2,53,73,-2,-1,-4,0,0,0,25,-113,5,None
0,-3,-2,2,53,73,-2,-1,-4,0,0,0,25,-113,5,None
0,-3,-2,2,53,73,-2,-1,-4,0,0,0,27,-110,0,None
0,2,3,14,13,-17,0,4,3,0,0,0,27,-110,0,None
0,-4,-6,-25,-8,-22,0,-7,-4,0,0,0,27,-110,0,None
0,-4,-1,0,25,24,-5,-3,-4,0,0,0,27,-110,0,None
0,0,0,-5,-68,-65,1,-2,0,0,0,0,27,-110,0,None
0,0,0,-5,-68,-65,1,-2,0,0,0,0,27,-110,0,None
0,0,0,-5,-68,-65,1,-2,0,0,0,0,41,-115,1,None
0,-2,2,-20,-49,-44,4,-3,-1,0,0,0,41,-115,1,None
0,-3,-3,6,47,-70,-10,-5,-5,0,0,0,41,-115,1,None
0,2,4,1,38,26,12,3,2,0,0,0,41,-115,1,None
0,-5,-4,-6,-64,80,0,-4,-6,0,0,0,41,-115,1,None
0,-5,-4,-6,-64,80,0,-4,-6,0,0,0,41,-115,1,None
0,-5,-4,-6,-64,80,0,-4,-6,0,0,0,49,-108,3,None
0,0,1,2,-29,-45,-17,-4,-1,0,0,0,49,-108,3,None
0,-4,0,-2,16,-20,1,-3,-3,0,0,0,49,-108,3,None
0,7,8,10,2,20,5,5,4,0,0,0,49,-108,3,None
0,-1,2,7,-8,28,1,-1,-1,0,0,0,49,-108,3,None
0,-1,2,7,-8,28,1,-1,-1,0,0,0,49,-108,3,None
0,-1,2,7,-8,28,1,-1,-1,0,0,0,55,-93,2,None
0,-1,-4,-11,35,-25,-4,-3,-4,0,0,0,55,-93,2,None
0,0,2,6,8,-12,-7,-5,-3,0,0,0,55,-93,2,None
0,-1,2,6,-46,-14,-2,2,0,0,0,0,55,-93,2,None
0,-1,4,12,-4,56,-1,-1,0,0,0,0,55,-93,2,None
0,-1,4,12,-4,56,-1,-1,0,0,0,0,55,-93,2,None
0,-1,4,12,-4,56,-1,-1,0,0,0,0,55,-91,1,None
0,1,-3,5,21,46,4,0,1,0,0,0,55,-91,1,None
0,-9,7,-76,-37,40,1,-3,-5,0,0,0,55,-91,1,None
0,0,22,7,-15,-26,-4,-4,-4,0,0,0,55,-91,1,None
0,-3,-23,-3,19,-32,-2,-2,0,0,0,0,55,-91,1,None
0,-3,-23,-3,19,-32,-2,-2,0,0,0,0,55,-91,1,None
0,-3,-23,-3,19,-32,-2,-2,0,0,0,0,60,-103,2,None
0,-1,7,0,9,-18,-5,-1,-3,0,0,0,60,-103,2,None
0,3,0,24,59,1,2,2,2,0,0,0,60,-103,2,None
0,-4,14,-12,-29,53,-2,-4,-2,0,0,0,60,-103,2,None
0,3,11,-10,9,-78,-5,-1,-2,0,0,0,60,-103,2,None
0,3,11,-10,9,-78,-5,-1,-2,0,0,0,60,-103,2,None
0,3,11,-10,9,-78,-5,-1,-2,0,0,0,60,-95,0,None
0,-2,1,5,32,-6,2,-1,-1,0,0,0,60,-95,0,None
0,0,-9,7,-13,-25,5,2,1,0,0,0,60,-95,0,None
0,-3,3,-12,-52,57,-10,-6,-4,0,0,0,60,-95,0,None
0,0,5,9,30,-24,-1,0,1,0,0,0,60,-95,0,None
0,0,5,9,30,-24,-1,0,1,0,0,0,60,-95,0,None
0,0,5,9,30,-24,-1,0,1,0,0,0,62,-91,-3,None
0,0,12,-7,3,-14,2,-1,-1,0,0,0,62,-91,-3,None
0,2,5,11,-6,15,0,-1,-1,0,0,0,62,-91,-3,None
0,-10,-39,-3,14,-35,-1,-2,-1,0,0,0,62,-91,-3,None
0,-2,2,-3,31,32,3,-2,-1,0,0,0,62,-91,-3,None
0,-2,2,-3,31,32,3,-2,-1,0,0,0,62,-91,-3,None
0,-2,2,-3,31,32,3,-2,-1,0,0,0,69,-87,-3,None
0,-1,-1,0,3,23,0,-1,-1,0,0,0,69,-87,-3,None
0,-1,4,-12,8,-9,-5,0,0,0,0,0,69,-87,-3,None
0,2,2,-6,-8,-3,0,-2,-1,0,0,0,69,-87,-3,None
0,-5,-3,0,23,29,0,-5,-5,0,0,0,69,-87,-3,None
0,-5,-3,0,23,29,0,-5,-5,0,0,0,69,-87,-3,None
0,-5,-3,0,23,29,0,-5,-5,0,0,0,73,-90,-2,None
0,-1,-5,-1,4,6,-1,-2,-2,0,0,0,73,-90,-2,None
0,1,4,9,-35,2,0,-3,-1,0,0,0,73,-90,-2,None
0,0,-6,3,57,52,3,-1,0,0,0,0,73,-90,-2,None
0,1,0,-8,21,-10,-2,-2,-1,0,0,0,73,-90,-2,None
0,1,0,-8,21,-10,-2,-2,-1,0,0,0,73,-90,-2,None
0,1,0,-8,21,-10,-2,-2,-1,0,0,0,75,-93,3,None
0,-4,6,-2,-11,-21,-3,-1,-1,0,0,0,75,-93,3,None
0,-2,-1,12,35,24,0,0,-1,0,0,0,75,-93,3,None
0,-2,-12,-7,11,14,-1,-1,-2,0,0,0,75,-93,3,None
0,-2,3,-4,1,2,-1,0,-1,0,0,0,75,-93,3,None
0,-2,3,-4,1,2,-1,0,-1,0,0,0,75,-93,3,None
0,-2,3,-4,1,2,-1,0,-1,0,0,0,69,-83,5,None
0,-1,-2,0,14,19,-2,-1,-3,0,0,0,69,-83,5,None
0,-4,-10,0,-15,-14,0,0,-1,0,0,0,69,-83,5,None
0,1,7,2,-2,-18,-1,-1,0,0,0,0,69,-83,5,None
0,1,7,-4,-16,-12,1,1,-1,0,0,0,69,-83,5,None
0,1,7,-4,-16,-12,1,1,-1,0,0,0,69,-83,5,None
0,1,7,-4,-16,-12,1,1,-1,0,0,0,60,-78,4,None
0,-2,-7,-4,-33,-26,-3,-1,0,0,0,0,60,-78,4,None
0,-1,7,2,9,33,0,-2,-4,0,0,0,60,-78,4,None
0,-1,2,-6,-13,-20,-3,-2,-4,0,0,0,60,-78,4,None
0,-1,-1,-2,-28,-4,2,0,-1,0,0,0,60,-78,4,None
0,-1,-1,-2,-28,-4,2,0,-1,0,0,0,60,-78,4,None
0,-1,-1,-2,-28,-4,2,0,-1,0,0,0,57,-83,4,None
0,-3,-4,-3,-4,21,-3,-2,-1,0,0,0,57,-83,4,None
0,-1,1,1,34,9,1,-1,0,0,0,0,57,-83,4,None
0,-2,0,1,-8,1,-3,-2,-2,0,0,0,57,-83,4,None
0,-2,2,-1,-2,-2,-1,-2,-2,0,0,0,57,-83,4,None
0,-2,2,-1,-2,-2,-1,-2,-2,0,0,0,57,-83,4,None
0,-2,2,-1,-2,-2,-1,-2,-2,0,0,0,56,-88,3,None
0,1,-10,0,-2,-6,1,1,0,0,0,0,56,-88,3,None
0,-4,-17,-4,29,29,-2,-4,-5,0,0,0,56,-88,3,None
0,-2,3,-7,-50,-17,-3,-2,-2,0,0,0,56,-88,3,None
0,-2,3,4,-1,-17,-2,-2,-1,0,0,0,56,-88,3,None
0,-2,3,4,-1,-17,-2,-2,-1,0,0,0,56,-88,3,None
0,-2,3,4,-1,-17,-2,-2,-1,0,0,0,55,-89,0,None
0,0,2,-1,2,15,1,-1,0,0,0,0,55,-89,0,None
0,0,1,1,8,-12,-1,0,-1,0,0,0,55,-89,0,None
0,-3,-4,-4,-1,-9,-3,-2,-1,0,0,0,55,-89,0,None
0,0,1,3,8,7,1,0,0,0,0,0,55,-89,0,None
0,0,1,3,8,7,1,0,0,0,0,0,55,-89,0,None
0,0,1,3,8,7,1,0,0,0,0,0,54,-87,0,None
0,1,11,-6,-6,2,-3,-2,-2,0,0,0,54,-87,0,None
0,1,-22,-4,-9,-63,-2,0,0,0,0,0,54,-87,0,None
0,0,23,8,17,78,-3,-5,-5,0,0,0,54,-87,0,None
0,-5,-11,2,10,12,2,-1,-1,0,0,0,54,-87,0,None
0,-5,-11,2,10,12,2,-1,-1,0,0,0,54,-87,0,None
0,-5,-11,2,10,12,2,-1,-1,0,0,0,54,-84,-3,None
0,-2,-5,-6,2,-6,-3,-1,-2,0,0,0,54,-84,-3,None
0,0,7,-1,-2,-13,-1,0,0,0,0,0,54,-84,-3,None
0,1,5,-3,-6,-45,-1,0,1,0,0,0,54,-84,-3,None
0,0,-1,-4,-5,3,-2,0,-2,0,0,0,54,-84,-3,None
0,0,-1,-4,-5,3,-2,0,-2,0,0,0,54,-84,-3,None
0,0,-1,-4,-5,3,-2,0,-2,0,0,0,55,-83,-5,None
0,-3,0,-3,0,9,-3,-2,-4,0,0,0,55,-83,-5,None
0,0,5,0,0,-10,-2,-1,-1,0,0,0,55,-83,-5,None
0,-1,-7,-1,2,-7,-1,-1,-2,0,0,0,55,-83,-5,None
0,1,4,-2,0,10,-1,-1,-2,0,0,0,55,-83,-5,None
0,1,4,-2,0,10,-1,-1,-2,0,0,0,55,-83,-5,None
0,1,4,-2,0,10,-1,-1,-2,0,0,0,57,-83,-6,None
0,-1,0,-4,0,-7,-1,-3,-1,0,0,0,57,-83,-6,None
0,0,17,7,7,5,0,0,0,0,0,0,57,-83,-6,None
0,-3,-7,-9,1,-11,-4,-1,-1,0,0,0,57,-83,-6,None
0,-4,-4,-4,-17,23,1,-3,-4,0,0,0,57,-83,-6,None
0,-4,-4,-4,-17,23,1,-3,-4,0,0,0,57,-83,-6,None
0,-4,-4,-4,-17,23,1,-3,-4,0,0,0,56,-82,-7,None
0,-1,3,0,-9,-2,0,-2,0,0,0,0,56,-82,-7,None
0,0,3,2,3,7,-2,0,-1,0,0,0,56,-82,-7,None
0,-2,-2,0,7,-6,0,2,0,0,0,0,56,-82,-7,None
0,1,3,-1,3,-20,-3,0,1,0,0,0,56,-82,-7,None
0,1,3,-1,3,-20,-3,0,1,0,0,0,56,-82,-7,None
0,1,3,-1,3,-20,-3,0,1,0,0,0,56,-81,-7,None
0,1,1,-3,0,2,-3,-2,-3,0,0,0,56,-81,-7,None
0,-2,-1,-2,-4,9,-1,-3,-2,0,0,0,56,-81,-7,None
0,-1,-4,-1,1,-3,0,-1,-2,0,0,0,56,-81,-7,None
0,0,2,-3,-4,-7,-1,-1,0,0,0,0,56,-81,-7,None
0,0,2,-3,-4,-7,-1,-1,0,0,0,0,56,-81,-7,None
0,0,2,-3,-4,-7,-1,-1,0,0,0,0,55,-80,-9,None
0,-2,-3,-2,0,4,-1,-2,-3,0,0,0,55,-80,-9,None
0,-4,-4,-2,-2,0,-2,-2,-1,0,0,0,55,-80,-9,None
0,3,5,-2,-11,-26,0,-1,0,0,0,0,55,-80,-9,None
0,-7,-3,-11,-17,10,-2,-3,-4,0,0,0,55,-80,-9,None
0,-7,-3,-11,-17,10,-2,-3,-4,0,0,0,55,-80,-9,None
0,-7,-3,-11,-17,10,-2,-3,-4,0,0,0,55,-79,-9,None
0,-3,1,1,11,28,2,-1,-3,0,0,0,55,-79,-9,None
0,-1,-1,-3,-9,-7,-2,-1,-2,0,0,0,55,-79,-9,None
0,-4,-7,-3,-5,-1,0,0,-2,0,0,0,55,-79,-9,None
0,1,6,0,1,-13,-1,0,0,0,0,0,55,-79,-9,None
0,1,6,0,1,-13,-1,0,0,0,0,0,55,-79,-9,None
0,1,6,0,1,-13,-1,0,0,0,0,0,55,-81,-10,None
0,0,1,-3,-2,-14,-2,0,0,0,0,0,55,-81,-10,None
0,-3,0,-3,-2,7,-1,-1,-2,0,0,0,55,-81,-10,None
0,0,4,-1,5,7,-2,-1,-1,0,0,0,55,-81,-10,None
0,1,2,0,7,-5,-2,-1,-1,0,0,0,55,-81,-10,None
0,1,2,0,7,-5,-2,-1,-1,0,0,0,55,-81,-10,None
0,1,2,0,7,-5,-2,-1,-1,0,0,0,56,-81,-9,None
0,0,13,-2,0,0,-1,-1,0,0,0,0,56,-81,-9,None
0,-4,-8,0,-1,-7,1,-2,-3,0,0,0,56,-81,-9,None
0,-5,-43,-3,-4,0,-2,-2,-4,0,0,0,56,-81,-9,None
0,-1,2,2,15,8,-1,-1,-2,0,0,0,56,-81,-9,None
0,-1,2,2,15,8,-1,-1,-2,0,0,0,56,-81,-9,None
0,-1,2,2,15,8,-1,-1,-2,0,0,0,56,-81,-9,None
0,-1,-1,-2,-5,-4,-3,-3,-3,0,0,0,56,-81,-9,None
0,-1,6,-2,0,3,-2,0,0,0,0,0,56,-81,-9,None
0,-1,11,-1,-1,-2,-1,-2,1,0,0,0,56,-81,-9,None
0,-6,-11,-5,-8,-12,-1,-1,-2,0,0,0,56,-81,-9,None
0,-6,-11,-5,-8,-12,-1,-1,-2,0,0,0,56,-81,-9,None
0,-6,-11,-5,-8,-12,-1,-1,-2,0,0,0,57,-81,-8,None
0,1,-1,-2,9,2,1,-1,0,0,0,0,57,-81,-8,None
0,0,4,-3,-22,34,-2,-1,0,0,0,0,57,-81,-8,None
0,-2,-2,-1,-2,11,-1,-3,-3,0,0,0,57,-81,-8,None
0,2,5,0,7,-3,-1,-1,0,0,0,0,57,-81,-8,None
0,2,5,0,7,-3,-1,-1,0,0,0,0,57,-81,-8,None
0,2,5,0,7,-3,-1,-1,0,0,0,0,57,-81,-8,None
0,-2,3,-3,-4,-11,-1,-1,-2,0,0,0,57,-81,-8,None
0,0,-3,-1,7,-9,-1,0,-1,0,0,0,57,-81,-8,None
0,3,11,3,1,4,0,0,1,0,0,0,57,-81,-8,None
0,1,28,-5,-14,1,-1,1,0,0,0,0,57,-81,-8,None
0,1,28,-5,-14,1,-1,1,0,0,0,0,57,-81,-8,None
0,1,28,-5,-14,1,-1,1,0,0,0,0,57,-81,-7,None
0,0,6,9,37,12,-6,-5,-4,0,0,0,57,-81,-7,None
0,-13,-71,-8,-8,-11,-2,-3,-3,0,0,0,57,-81,-7,None
0,-2,2,2,-3,12,2,-2,0,0,0,0,57,-81,-7,None
0,1,6,-3,4,-9,0,-1,0,0,0,0,57,-81,-7,None
0,1,6,-3,4,-9,0,-1,0,0,0,0,57,-81,-7,None
0,1,6,-3,4,-9,0,-1,0,0,0,0,56,-83,-7,None
0,1,-2,-4,-5,-2,0,1,-1,0,0,0,56,-83,-7,None
0,4,24,3,7,-7,-2,-2,0,0,0,0,56,-83,-7,None
0,-4,8,-6,5,-1,-2,-2,-2,0,0,0,56,-83,-7,None
0,-2,-19,1,5,3,-1,-2,-2,0,0,0,56,-83,-7,None
0,-2,-19,1,5,3,-1,-2,-2,0,0,0,56,-83,-7,None
0,-2,-19,1,5,3,-1,-2,-2,0,0,0,57,-82,-7,None
0,-3,1,-5,-14,-5,-1,0,-1,0,0,0,57,-82,-7,None
0,1,10,-1,0,3,-2,-2,-1,0,0,0,57,-82,-7,None
0,-1,-2,-3,-4,-4,0,-2,-1,0,0,0,57,-82,-7,None
0,3,9,3,-3,4,-1,-3,-2,0,0,0,57,-82,-7,None
0,3,9,3,-3,4,-1,-3,-2,0,0,0,57,-82,-7,None
0,3,9,3,-3,4,-1,-3,-2,0,0,0,55,-81,-7,None
0,-3,-4,0,3,-1,-2,-1,0,0,0,0,55,-81,-7,None
0,1,14,-5,-9,-10,-2,-2,-2,0,0,0,55,-81,-7,None
0,0,-1,-1,8,14,0,-2,-3,0,0,0,55,-81,-7,None
0,-2,-5,2,-7,-1,-1,0,-1,0,0,0,55,-81,-7,None
0,-2,-5,2,-7,-1,-1,0,-1,0,0,0,55,-81,-7,None
0,-2,-5,2,-7,-1,-1,0,-1,0,0,0,55,-82,-7,None
0,-1,-2,-7,3,3,-1,-1,-1,0,0,0,55,-82,-7,None
0,0,1,-1,3,-4,2,-1,0,0,0,0,55,-82,-7,None
0,1,5,0,-5,-7,-2,-1,-2,0,0,0,55,-82,-7,None
0,-2,-5,-5,3,4,-2,-1,-2,0,0,0,55,-82,-7,None
0,-2,-5,-5,3,4,-2,-1,-2,0,0,0,55,-82,-7,None
0,-2,-5,-5,3,4,-2,-1,-2,0,0,0,56,-82,-7,None
0,-2,-3,-2,-12,-5,2,0,-1,0,0,0,56,-82,-7,None
0,3,23,-4,1,4,-1,-1,-1,0,0,0,56,-82,-7,None
0,-2,-4,-1,1,-2,-3,-1,0,0,0,0,56,-82,-7,None
0,-3,2,-4,0,1,-1,0,-1,0,0,0,56,-82,-7,None
0,-3,2,-4,0,1,-1,0,-1,0,0,0,56,-82,-7,None
0,-3,2,-4,0,1,-1,0,-1,0,0,0,56,-82,-7,None
0,-1,-2,0,-12,-10,-3,-2,-1,0,0,0,56,-82,-7,None
0,-1,7,4,2,13,3,0,-1,0,0,0,56,-82,-7,None
0,-2,13,-3,14,1,-1,-3,-2,0,0,0,56,-82,-7,None
0,0,-6,-2,-11,-3,-1,-1,-1,0,0,0,56,-82,-7,None
0,0,-6,-2,-11,-3,-1,-1,-1,0,0,0,56,-82,-7,None
0,0,-6,-2,-11,-3,-1,-1,-1,0,0,0,56,-83,-8,None
0,-1,4,-4,-9,-4,-2,0,-1,0,0,0,56,-83,-8,None
0,-1,-5,-1,2,-3,-2,0,-2,0,0,0,56,-83,-8,None
0,0,3,-3,-2,-4,0,-1,-1,0,0,0,56,-83,-8,None
0,-3,1,-3,1,1,-1,-1,0,0,0,0,56,-83,-8,None
0,-3,1,-3,1,1,-1,-1,0,0,0,0,56,-83,-8,None
0,-3,1,-3,1,1,-1,-1,0,0,0,0,56,-82,-7,None
0,-3,-4,-4,-2,-2,-1,-2,-3,0,0,0,56,-82,-7,None
0,0,8,-3,1,1,-1,-1,0,0,0,0,56,-82,-7,None
0,0,-4,-2,1,0,0,0,-1,0,0,0,56,-82,-7,None
0,-1,2,3,5,0,0,-2,-2,0,0,0,56,-82,-7,None
0,-1,2,3,5,0,0,-2,-2,0,0,0,56,-82,-7,None
0,-1,2,3,5,0,0,-2,-2,0,0,0,57,-81,-8,None
0,0,-4,-4,-1,3,-2,-1,-2,0,0,0,57,-81,-8,None
0,-1,-2,0,2,3,-1,-2,-2,0,0,0,57,-81,-8,None
0,-2,-1,-2,-6,-4,-1,-1,-1,0,0,0,57,-81,-8,None
0,-3,-4,-3,0,1,0,-2,-1,0,0,0,57,-81,-8,None
0,-3,-4,-3,0,1,0,-2,-1,0,0,0,57,-81,-8,None
0,-3,-4,-3,0,1,0,-2,-1,0,0,0,56,-82,-8,None
0,0,-2,-2,4,-2,-1,-2,-1,0,0,0,56,-82,-8,None
0,0,20,-3,-18,-9,-4,-1,-1,0,0,0,56,-82,-8,None
0,-2,12,6,-8,5,-1,-3,-2,0,0,0,56,-82,-8,None
0,0,3,4,-1,1,-1,-2,-1,0,0,0,56,-82,-8,None
0,0,3,4,-1,1,-1,-2,-1,0,0,0,56,-82,-8,None
0,0,3,4,-1,1,-1,-2,-1,0,0,0,56,-82,-8,None
0,0,-3,-8,-1,0,0,-1,0,0,0,0,56,-82,-8,None
0,-2,-1,-2,6,-6,-2,-1,0,0,0,0,56,-82,-8,None
0,1,0,-6,-3,-6,-3,0,-1,0,0,0,56,-82,-8,None
0,-2,-1,0,1,3,-3,-2,-2,0,0,0,56,-82,-8,None
0,-2,-1,0,1,3,-3,-2,-2,0,0,0,56,-82,-8,None
0,-2,-1,0,1,3,-3,-2,-2,0,0,0,56,-81,-8,None
0,-3,5,2,-3,2,-1,-1,-2,0,0,0,56,-81,-8,None
0,3,11,-5,29,-3,0,0,-1,0,0,0,56,-81,-8,None
0,1,-19,13,-14,-2,0,-1,-1,0,0,0,56,-81,-8,None
0,-3,3,0,12,21,-3,-3,-3,0,0,0,56,-81,-8,None
0,-3,3,0,12,21,-3,-3,-3,0,0,0,56,-81,-8,None
0,-3,3,0,12,21,-3,-3,-3,0,0,0,56,-81,-8,None
0,-3,-2,-3,-7,-7,-1,-3,-2,0,0,0,56,-81,-8,None
0,-1,-1,0,8,2,-1,-2,-1,0,0,0,56,-81,-8,None
0,-1,-4,-6,3,-6,-1,0,0,0,0,0,56,-81,-8,None
0,0,0,-5,0,-10,-1,-1,-1,0,0,0,56,-81,-8,None
0,0,0,-5,0,-10,-1,-1,-1,0,0,0,56,-81,-8,None
0,0,0,-5,0,-10,-1,-1,-1,0,0,0,56,-82,-8,None
0,2,2,1,-1,4,-3,-2,0,0,0,0,56,-82,-8,None
0,-3,-9,-2,-8,2,-3,-3,-1,0,0,0,56,-82,-8,None
0,-2,5,-5,3,-2,-1,-2,-2,0,0,0,56,-82,-8,None
0,0,-2,-3,-8,-2,0,0,0,0,0,0,56,-82,-8,None
0,0,-2,-3,-8,-2,0,0,0,0,0,0,56,-82,-8,None
0,0,-2,-3,-8,-2,0,0,0,0,0,0,56,-81,-9,None
0,-5,6,-1,0,5,-1,-2,0,0,0,0,56,-81,-9,None
0,1,2,4,-8,-7,-1,-1,-3,0,0,0,56,-81,-9,None
0,2,15,-9,16,14,-1,-2,-1,0,0,0,56,-81,-9,None
0,-2,-22,-1,-6,-5,2,0,-1,0,0,0,56,-81,-9,None
0,-2,-22,-1,-6,-5,2,0,-1,0,0,0,56,-81,-9,None
0,-2,-22,-1,-6,-5,2,0,-1,0,0,0,56,-81,-8,None
0,-4,0,-1,-4,4,0,-1,-1,0,0,0,56,-81,-8,None
0,-2,-1,0,-13,0,-1,-2,-1,0,0,0,56,-81,-8,None
0,-1,3,-2,-3,-2,-1,-2,-1,0,0,0,56,-81,-8,None
0,1,4,-4,5,-3,-2,-1,-2,0,0,0,56,-81,-8,None
0,1,4,-4,5,-3,-2,-1,-2,0,0,0,56,-81,-8,None
0,1,4,-4,5,-3,-2,-1,-2,0,0,0,57,-82,-8,None
0,-1,3,-2,0,0,-2,-1,-2,0,0,0,57,-82,-8,None
0,-3,-11,-6,-5,3,-1,-2,-2,0,0,0,57,-82,-8,None
0,2,-7,-6,0,1,0,-2,-1,0,0,0,57,-82,-8,None
0,-5,11,6,3,-1,-1,-2,-1,0,0,0,57,-82,-8,None
0,-5,11,6,3,-1,-1,-2,-1,0,0,0,57,-82,-8,None
0,-5,11,6,3,-1,-1,-2,-1,0,0,0,56,-82,-8,None
0,0,3,-7,0,-1,-1,0,0,0,0,0,56,-82,-8,None
0,-4,-25,-6,-4,6,-3,-1,-1,0,0,0,56,-82,-8,None
0,-5,-7,1,16,-6,1,-2,-3,0,0,0,56,-82,-8,None
0,-1,4,-6,-16,1,-2,-2,-1,0,0,0,56,-82,-8,None
0,-1,4,-6,-16,1,-2,-2,-1,0,0,0,56,-82,-8,None
0,-1,4,-6,-16,1,-2,-2,-1,0,0,0,55,-82,-8,None
0,1,3,-1,2,-1,-1,-1,-2,0,0,0,55,-82,-8,None
0,-1,4,1,0,7,2,0,-1,0,0,0,55,-82,-8,None
0,-3,2,-3,1,-5,-2,-1,-1,0,0,0,55,-82,-8,None
0,2,10,-1,-15,-2,-3,-1,0,0,0,0,55,-82,-8,None
0,2,10,-1,-15,-2,-3,-1,0,0,0,0,55,-82,-8,None
0,2,10,-1,-15,-2,-3,-1,0,0,0,0,56,-81,-8,None
0,1,-2,-2,9,-2,0,-4,-3,0,0,0,56,-81,-8,None
0,-2,0,-4,-11,-16,-2,-2,-2,0,0,0,56,-81,-8,None
0,-2,-5,0,-6,4,-1,-2,-1,0,0,0,56,-81,-8,None
0,-2,9,-2,9,4,-1,-1,0,0,0,0,56,-81,-8,None
0,-2,9,-2,9,4,-1,-1,0,0,0,0,56,-81,-8,None
0,-2,9,-2,9,4,-1,-1,0,0,0,0,56,-81,-7,None
0,0,-3,0,-7,2,-2,0,-1,0,0,0,56,-81,-7,None
0,0,3,-1,5,2,0,-1,0,0,0,0,56,-81,-7,None
0,-2,5,-1,1,4,-1,-1,-2,0,0,0,56,-81,-7,None
0,-2,-21,-9,1,-6,-4,-3,-2,0,0,0,56,-81,-7,None
0,-2,-21,-9,1,-6,-4,-3,-2,0,0,0,56,-81,-7,None
0,-2,-21,-9,1,-6,-4,-3,-2,0,0,0,56,-81,-8,None
0,-1,3,0,-6,-2,-2,-2,-2,0,0,0,56,-81,-8,None
0,-1,-2,-2,-6,-9,-1,-2,-1,0,0,0,56,-81,-8,None
0,-1,-2,-2,-6,-9,-1,-2,-1,0,0,0,56,-81,-8,None
0,-1,-2,-2,-6,-9,-1,-2,-1,0,0,0,56,-82,-8,None
0,-1,-6,-5,-12,11,-1,0,-1,0,0,0,56,-82,-8,None
0,0,0,-1,9,10,1,-1,-1,0,0,0,56,-82,-8,None
0,-2,-5,-1,-10,1,-1,-1,-1,0,0,0,56,-82,-8,None
0,-3,4,-1,7,-2,-1,-2,-1,0,0,0,56,-82,-8,None
0,-3,4,-1,7,-2,-1,-2,-1,0,0,0,56,-82,-8,None
0,-3,4,-1,7,-2,-1,-2,-1,0,0,0,57,-82,-8,None
0,5,5,-1,-13,-5,-2,-1,0,0,0,0,57,-82,-8,None
0,-3,1,-4,5,-2,-2,-3,-2,0,0,0,57,-82,-8,None
0,2,1,0,2,7,0,-1,-1,0,0,0,57,-82,-8,None
0,-1,2,-2,-5,-6,-1,-2,-3,0,0,0,57,-82,-8,None
0,-1,2,-2,-5,-6,-1,-2,-3,0,0,0,57,-82,-8,None
0,-1,2,-2,-5,-6,-1,-2,-3,0,0,0,56,-81,-9,None
0,-3,-2,-2,13,4,-1,-2,0,0,0,0,56,-81,-9,None
