0,1,2,3,16,-31,12,10,0,0,0,0,95,-95,7,None
0,-5,-2,-13,-7,1,-46,-71,-9,0,0,0,95,-95,7,None
0,-2,-2,-7,-20,-9,-17,40,1,0,0,0,95,-95,7,None
0,-2,-2,-7,-20,-9,-17,40,1,0,0,0,95,-95,7,None
0,-2,-2,-7,-20,-9,-17,40,1,0,0,0,90,-107,3,None
0,-1,1,-7,4,18,37,-15,-1,0,0,0,90,-107,3,None
0,-2,-2,-2,4,-1,-8,26,0,0,0,0,90,-107,3,None
0,0,2,-7,21,2,-2,-13,-2,0,0,0,90,-107,3,None
0,-2,-2,-1,16,-9,-35,-8,-4,0,0,0,90,-107,3,None
0,-2,-2,-1,16,-9,-35,-8,-4,0,0,0,90,-107,3,None
0,-2,-2,-1,16,-9,-35,-8,-4,0,0,0,85,-126,4,None
0,-1,0,0,-4,3,26,10,0,0,0,0,85,-126,4,None
0,-1,2,-1,11,29,18,-2,-1,0,0,0,85,-126,4,None
0,-1,1,-9,2,-16,4,7,1,0,0,0,85,-126,4,None
0,-4,-2,3,15,9,10,-12,-3,0,0,0,85,-126,4,None
0,-4,-2,3,15,9,10,-12,-3,0,0,0,85,-126,4,None
0,-4,-2,3,15,9,10,-12,-3,0,0,0,70,-134,6,None
0,0,-1,-2,-19,-20,-25,8,0,0,0,0,70,-134,6,None
0,-2,0,0,15,-2,-12,1,-2,0,0,0,70,-134,6,None
0,-1,0,-8,-4,6,24,-1,-4,0,0,0,70,-134,6,None
0,0,0,-5,7,15,-10,-20,0,0,0,0,70,-134,6,None
0,0,0,-5,7,15,-10,-20,0,0,0,0,70,-134,6,None
0,0,0,-5,7,15,-10,-20,0,0,0,0,54,-137,9,None
0,-3,0,0,7,3,6,8,-4,0,0,0,54,-137,9,None
0,-2,-1,-3,0,-6,-21,-3,-4,0,0,0,54,-137,9,None
0,-3,-1,2,5,-6,-12,-19,-3,0,0,0,54,-137,9,None
0,-1,1,-4,-14,-6,2,11,0,0,0,0,54,-137,9,None
0,-1,1,-4,-14,-6,2,11,0,0,0,0,54,-137,9,None
0,-1,1,-4,-14,-6,2,11,0,0,0,0,39,-139,12,None
0,-2,-2,-10,5,24,-27,-4,-1,0,0,0,39,-139,12,None
0,-2,0,-5,1,-15,75,2,1,0,0,0,39,-139,12,None
0,-1,-1,-3,-4,14,-21,0,-1,0,0,0,39,-139,12,None
0,-1,1,-1,-5,-2,11,-5,-4,0,0,0,39,-139,12,None
0,-1,1,-1,-5,-2,11,-5,-4,0,0,0,39,-139,12,None
0,-1,1,-1,-5,-2,11,-5,-4,0,0,0,20,-142,16,None
0,-3,-1,-2,1,-25,-11,-12,-6,0,0,0,20,-142,16,None
0,1,2,0,10,34,-13,-2,2,0,0,0,20,-142,16,None
0,0,2,5,10,27,29,23,4,0,0,0,20,-142,16,None
0,-1,0,-4,-22,-6,13,8,-2,0,0,0,20,-142,16,None
0,-1,0,-4,-22,-6,13,8,-2,0,0,0,20,-142,16,None
0,-1,0,-4,-22,-6,13,8,-2,0,0,0,7,-136,17,None
0,-2,0,-7,-38,-36,-28,-22,-5,0,0,0,7,-136,17,None
0,-2,1,5,33,7,-14,-7,-5,0,0,0,7,-136,17,None
0,-1,2,-1,-10,-4,-3,-2,-3,0,0,0,7,-136,17,None
0,-1,0,-5,1,19,3,-6,-1,0,0,0,7,-136,17,None
0,-1,0,-5,1,19,3,-6,-1,0,0,0,7,-136,17,None
0,-1,0,-5,1,19,3,-6,-1,0,0,0,-4,-126,17,None
0,1,1,1,19,-3,-3,7,-1,0,0,0,-4,-126,17,None
0,-2,1,-4,-19,-23,-1,1,1,0,0,0,-4,-126,17,None
0,-4,-1,-1,17,32,-2,-5,-5,0,0,0,-4,-126,17,None
0,-2,-1,-1,21,-33,-2,-2,0,0,0,0,-4,-126,17,None
0,-2,-1,-1,21,-33,-2,-2,0,0,0,0,-4,-126,17,None
0,-2,-1,-1,21,-33,-2,-2,0,0,0,0,-12,-112,18,None
0,0,3,0,-2,-14,0,1,3,0,0,0,-12,-112,18,None
0,-2,-2,-3,25,3,2,3,-3,0,0,0,-12,-112,18,None
0,-5,-4,-5,-34,7,-22,-16,-4,0,0,0,-12,-112,18,None
0,0,1,0,31,-11,12,4,1,0,0,0,-12,-112,18,None
0,0,1,0,31,-11,12,4,1,0,0,0,-12,-112,18,None
0,0,1,0,31,-11,12,4,1,0,0,0,-22,-106,17,None
0,-1,-1,0,3,30,0,4,-2,0,0,0,-22,-106,17,None
0,-1,-3,-5,-12,-78,-8,-7,-3,0,0,0,-22,-106,17,None
0,0,2,-1,-22,-68,-11,1,0,0,0,0,-22,-106,17,None
0,-1,1,12,59,61,14,-3,-3,0,0,0,-22,-106,17,None
0,-1,1,12,59,61,14,-3,-3,0,0,0,-22,-106,17,None
0,-1,1,12,59,61,14,-3,-3,0,0,0,-25,-99,18,None
0,-3,-4,-18,-80,-17,-2,4,-1,0,0,0,-25,-99,18,None
0,-2,-1,0,-3,28,-12,-7,-3,0,0,0,-25,-99,18,None
0,-1,-3,-2,-11,0,2,-1,-3,0,0,0,-25,-99,18,None
0,-1,-2,-8,-38,-19,1,1,0,0,0,0,-25,-99,18,None
0,-1,-2,-8,-38,-19,1,1,0,0,0,0,-25,-99,18,None
0,-1,-2,-8,-38,-19,1,1,0,0,0,0,-32,-89,16,None
0,1,4,8,83,21,2,-4,0,0,0,0,-32,-89,16,None
0,0,1,-5,-56,-3,-2,1,-1,0,0,0,-32,-89,16,None
0,-3,2,7,76,-25,-2,0,-1,0,0,0,-32,-89,16,None
0,0,-1,-7,-69,34,-6,-6,-2,0,0,0,-32,-89,16,None
0,0,-1,-7,-69,34,-6,-6,-2,0,0,0,-32,-89,16,None
0,0,-1,-7,-69,34,-6,-6,-2,0,0,0,-36,-77,13,None
0,-7,-3,-8,-67,-28,-5,-2,-5,0,0,0,-36,-77,13,None
0,0,0,-5,60,-70,-4,-5,-3,0,0,0,-36,-77,13,None
0,-3,-2,-6,16,59,6,0,1,0,0,0,-36,-77,13,None
0,-2,-1,-6,9,-21,-4,-5,-1,0,0,0,-36,-77,13,None
0,-2,-1,-6,9,-21,-4,-5,-1,0,0,0,-36,-77,13,None
0,-2,-1,-6,9,-21,-4,-5,-1,0,0,0,-41,-70,9,None
0,-5,7,2,-10,-2,1,0,-1,0,0,0,-41,-70,9,None
0,-1,1,7,-35,-1,-2,0,-2,0,0,0,-41,-70,9,None
0,3,24,-2,22,36,6,-1,0,0,0,0,-41,-70,9,None
0,-1,-43,-2,-51,-40,-1,0,-1,0,0,0,-41,-70,9,None
0,-1,-43,-2,-51,-40,-1,0,-1,0,0,0,-41,-70,9,None
0,-1,-43,-2,-51,-40,-1,0,-1,0,0,0,-44,-64,11,None
0,6,29,5,44,-10,2,2,2,0,0,0,-44,-64,11,None
0,-2,-26,4,-42,17,-2,-3,-1,0,0,0,-44,-64,11,None
0,-2,-15,-2,-22,16,1,-1,-3,0,0,0,-44,-64,11,None
0,-4,23,4,44,26,7,2,0,0,0,0,-44,-64,11,None
0,-4,23,4,44,26,7,2,0,0,0,0,-44,-64,11,None
0,-4,23,4,44,26,7,2,0,0,0,0,-49,-57,7,None
0,1,-2,-1,-26,-24,3,-1,1,0,0,0,-49,-57,7,None
0,7,-20,1,25,16,-2,-1,2,0,0,0,-49,-57,7,None
0,-8,19,1,16,-19,-3,-3,-4,0,0,0,-49,-57,7,None
0,3,43,4,31,19,0,-2,-3,0,0,0,-49,-57,7,None
0,3,43,4,31,19,0,-2,-3,0,0,0,-49,-57,7,None
0,3,43,4,31,19,0,-2,-3,0,0,0,-54,-54,9,None
0,-3,-23,3,-22,16,3,-2,-2,0,0,0,-54,-54,9,None
0,-2,18,14,18,16,2,2,-1,0,0,0,-54,-54,9,None
0,3,-22,-9,-67,26,-7,-3,1,0,0,0,-54,-54,9,None
0,-1,11,-4,16,-94,-1,0,-1,0,0,0,-54,-54,9,None
0,-1,11,-4,16,-94,-1,0,-1,0,0,0,-54,-54,9,None
0,-1,11,-4,16,-94,-1,0,-1,0,0,0,-57,-55,9,None
0,1,8,-5,25,96,-4,-2,-1,0,0,0,-57,-55,9,None
0,-4,5,-9,-39,-9,-1,-1,0,0,0,0,-57,-55,9,None
0,4,11,6,46,-25,-1,-1,0,0,0,0,-57,-55,9,None
0,0,-25,-16,-82,-28,-2,0,0,0,0,0,-57,-55,9,None
0,0,-25,-16,-82,-28,-2,0,0,0,0,0,-57,-55,9,None
0,0,-25,-16,-82,-28,-2,0,0,0,0,0,-56,-47,8,None
0,-6,26,0,88,27,-1,-3,-3,0,0,0,-56,-47,8,None
0,-4,4,-9,-37,56,1,-3,-1,0,0,0,-56,-47,8,None
0,-4,-20,-3,7,-37,-3,0,-1,0,0,0,-56,-47,8,None
0,-1,-3,-6,-44,9,-2,-3,-3,0,0,0,-56,-47,8,None
0,-1,-3,-6,-44,9,-2,-3,-3,0,0,0,-56,-47,8,None
0,-1,-3,-6,-44,9,-2,-3,-3,0,0,0,-55,-42,10,None
0,2,2,-6,-51,-94,-5,-1,-1,0,0,0,-55,-42,10,None
0,-3,5,-1,86,65,-3,-2,-2,0,0,0,-55,-42,10,None
0,-2,11,-2,-1,1,0,-1,-1,0,0,0,-55,-42,10,None
0,0,2,-2,-3,25,0,0,0,0,0,0,-55,-42,10,None
0,0,2,-2,-3,25,0,0,0,0,0,0,-55,-42,10,None
0,0,2,-2,-3,25,0,0,0,0,0,0,-59,-39,12,None
0,-5,-36,-1,21,-15,-2,1,0,0,0,0,-59,-39,12,None
0,-1,17,-2,15,-5,0,-1,-2,0,0,0,-59,-39,12,None
0,1,-4,-10,-38,-11,0,-1,-1,0,0,0,-59,-39,12,None
0,-4,-8,-1,36,26,-35,-10,-4,0,0,0,-59,-39,12,None
0,-4,-8,-1,36,26,-35,-10,-4,0,0,0,-59,-39,12,None
0,-4,-8,-1,36,26,-35,-10,-4,0,0,0,-64,-38,14,None
0,1,1,-1,4,10,18,-1,-1,0,0,0,-64,-38,14,None
0,32,4,-3,12,2,13,9,18,0,0,0,-64,-38,14,None
0,8,0,17,1,25,-41,-9,17,0,0,0,-64,-38,14,None
0,28,1,-40,22,-12,-34,-3,15,0,0,0,-64,-38,14,None
0,28,1,-40,22,-12,-34,-3,15,0,0,0,-64,-38,14,None
0,28,1,-40,22,-12,-34,-3,15,0,0,0,-63,-38,16,None
0,82,42,21,19,-52,106,65,116,0,0,0,-63,-38,16,None
0,-62,-65,-60,-65,-14,-26,-23,-93,0,0,0,-63,-38,16,None
0,48,66,81,43,47,-39,16,34,0,0,0,-63,-38,16,None
0,-99,-77,33,-47,-107,127,17,-119,0,0,0,-63,-38,16,None
0,-99,-77,33,-47,-107,127,17,-119,0,0,0,-63,-38,16,None
0,-99,-77,33,-47,-107,127,17,-119,0,0,0,-63,-34,24,None
0,102,-15,37,38,-1,-128,-52,-14,0,0,0,-63,-34,24,None
0,-101,76,-4,-12,-39,106,38,-39,0,0,0,-63,-34,24,None
0,-57,-107,-92,-74,-31,-7,-40,-120,0,0,0,-63,-34,24,None
0,102,46,27,51,39,-104,-14,98,0,0,0,-63,-34,24,None
0,102,46,27,51,39,-104,-14,98,0,0,0,-63,-34,24,None
0,102,46,27,51,39,-104,-14,98,0,0,0,-92,5,8,None
0,-70,6,-31,-29,28,44,13,56,0,0,0,-92,5,8,None
0,127,24,-13,-16,-54,9,25,127,0,0,0,-92,5,8,None
0,-128,7,35,-6,-65,-48,14,75,0,0,0,-92,5,8,None
0,106,-5,-69,11,-14,94,-13,-88,0,0,0,-92,5,8,None
0,106,-5,-69,11,-14,94,-13,-88,0,0,0,-92,5,8,None
0,106,-5,-69,11,-14,94,-13,-88,0,0,0,-90,-38,15,None
0,-1,-6,3,12,51,-75,-11,-34,0,0,0,-90,-38,15,None
0,-2,-2,-10,3,-13,-35,-17,14,0,0,0,-90,-38,15,None
0,16,7,-22,-1,8,29,15,25,0,0,0,-90,-38,15,None
0,-44,-4,-1,3,23,-20,1,32,0,0,0,-90,-38,15,None
0,-44,-4,-1,3,23,-20,1,32,0,0,0,-90,-38,15,None
0,-44,-4,-1,3,23,-20,1,32,0,0,0,-68,-28,4,None
0,-31,2,16,-1,11,-17,-4,-31,0,0,0,-68,-28,4,None
0,-22,-2,21,45,24,4,-3,-32,0,0,0,-68,-28,4,None
0,13,13,5,16,7,7,-4,-11,0,0,0,-68,-28,4,None
0,-16,19,5,-104,-26,-29,9,14,0,0,0,-68,-28,4,None
0,-16,19,5,-104,-26,-29,9,14,0,0,0,-68,-28,4,None
0,-16,19,5,-104,-26,-29,9,14,0,0,0,-10,-68,2,None
0,-6,-36,-13,106,49,22,-21,-47,0,0,0,-10,-68,2,None
0,-48,-68,13,6,-1,-49,-54,6,0,0,0,-10,-68,2,None
0,35,19,-27,-67,-46,22,48,-17,0,0,0,-10,-68,2,None
0,4,111,34,107,127,2,-33,-57,0,0,0,-10,-68,2,None
0,4,111,34,107,127,2,-33,-57,0,0,0,-10,-68,2,None
0,4,111,34,107,127,2,-33,-57,0,0,0,-29,-26,0,None
0,-100,-81,-7,68,9,11,36,30,0,0,0,-29,-26,0,None
0,72,-49,5,-71,-61,-13,-5,-53,0,0,0,-29,-26,0,None
0,115,19,17,127,43,5,-1,42,0,0,0,-29,-26,0,None
0,53,-85,10,17,92,1,-6,-1,0,0,0,-29,-26,0,None
0,53,-85,10,17,92,1,-6,-1,0,0,0,-29,-26,0,None
0,53,-85,10,17,92,1,-6,-1,0,0,0,-119,-47,23,None
0,-79,32,0,-128,-9,-12,21,-9,0,0,0,-119,-47,23,None
0,-35,16,15,127,117,6,-10,-25,0,0,0,-119,-47,23,None
0,-12,51,-7,-34,7,1,-20,-3,0,0,0,-119,-47,23,None
0,-30,-26,18,100,9,-4,6,41,0,0,0,-119,-47,23,None
0,-30,-26,18,100,9,-4,6,41,0,0,0,-119,-47,23,None
0,-30,-26,18,100,9,-4,6,41,0,0,0,-85,-60,21,None
0,8,-27,-42,-104,-122,-21,-46,-49,0,0,0,-85,-60,21,None
0,12,-10,-8,-34,1,-7,0,2,0,0,0,-85,-60,21,None
0,19,-6,10,37,78,9,0,-2,0,0,0,-85,-60,21,None
0,-57,10,-13,42,31,-10,-3,2,0,0,0,-85,-60,21,None
0,-57,10,-13,42,31,-10,-3,2,0,0,0,-85,-60,21,None
0,-57,10,-13,42,31,-10,-3,2,0,0,0,-52,-2,23,None
0,-7,34,-2,-54,-8,1,-5,-10,0,0,0,-52,-2,23,None
0,-26,36,22,100,58,-5,7,37,0,0,0,-52,-2,23,None
0,-26,-36,-22,-56,-46,-12,-4,-42,0,0,0,-52,-2,23,None
0,-5,24,3,5,-23,-14,5,14,0,0,0,-52,-2,23,None
0,-5,24,3,5,-23,-14,5,14,0,0,0,-52,-2,23,None
0,-5,24,3,5,-23,-14,5,14,0,0,0,-104,11,14,None
0,43,-7,3,16,38,16,-3,1,0,0,0,-104,11,14,None
0,3,6,-14,-73,-42,-33,3,11,0,0,0,-104,11,14,None
0,-5,-21,7,25,33,24,-8,-2,0,0,0,-104,11,14,None
0,-13,-19,22,-43,11,-86,-16,1,0,0,0,-104,11,14,None
0,-13,-19,22,-43,11,-86,-16,1,0,0,0,-104,11,14,None
0,-13,-19,22,-43,11,-86,-16,1,0,0,0,-96,-13,27,None
0,50,21,-4,1,18,91,24,20,0,0,0,-96,-13,27,None
0,10,9,-14,-20,-12,-36,0,36,0,0,0,-96,-13,27,None
0,-105,-3,47,27,-31,7,16,49,0,0,0,-96,-13,27,None
0,88,20,-7,-74,22,48,38,70,0,0,0,-96,-13,27,None
0,88,20,-7,-74,22,48,38,70,0,0,0,-96,-13,27,None
0,88,20,-7,-74,22,48,38,70,0,0,0,-96,-10,33,None
0,-40,35,5,44,-30,-115,-56,46,0,0,0,-96,-10,33,None
0,-55,-38,4,-61,-69,116,12,-112,0,0,0,-96,-10,33,None
0,115,6,52,27,78,-69,-19,97,0,0,0,-96,-10,33,None
0,-128,-19,35,51,67,-9,-33,-113,0,0,0,-96,-10,33,None
0,-128,-19,35,51,67,-9,-33,-113,0,0,0,-96,-10,33,None
0,-128,-19,35,51,67,-9,-33,-113,0,0,0,-143,7,14,None
0,127,45,-34,6,-81,57,-6,86,0,0,0,-143,7,14,None
0,-1,12,49,13,0,74,50,-41,0,0,0,-143,7,14,None
0,4,-11,-86,-33,-116,101,2,23,0,0,0,-143,7,14,None
0,-1,-2,68,44,62,-31,39,74,0,0,0,-143,7,14,None
0,-1,-2,68,44,62,-31,39,74,0,0,0,-143,7,14,None
0,-1,-2,68,44,62,-31,39,74,0,0,0,-128,-14,20,None
0,-92,-48,-64,-25,109,-52,-6,-87,0,0,0,-128,-14,20,None
0,-86,0,-23,-40,-53,-28,24,89,0,0,0,-128,-14,20,None
0,36,57,12,32,22,-73,-2,-42,0,0,0,-128,-14,20,None
0,98,0,-75,-101,-128,97,49,121,0,0,0,-128,-14,20,None
0,98,0,-75,-101,-128,97,49,121,0,0,0,-128,-14,20,None
0,98,0,-75,-101,-128,97,49,121,0,0,0,-85,-31,9,None
0,-128,3,49,13,78,-33,-9,-87,0,0,0,-85,-31,9,None
0,-57,-5,-19,60,46,-28,30,105,0,0,0,-85,-31,9,None
0,-67,-6,28,45,58,-66,-47,-26,0,0,0,-85,-31,9,None
0,-14,24,-90,-39,-84,-24,-24,-44,0,0,0,-85,-31,9,None
0,-14,24,-90,-39,-84,-24,-24,-44,0,0,0,-85,-31,9,None
0,-14,24,-90,-39,-84,-24,-24,-44,0,0,0,-41,-37,2,None
0,2,5,13,13,-103,-28,0,48,0,0,0,-41,-37,2,None
0,-28,-20,-19,22,11,-41,4,56,0,0,0,-41,-37,2,None
0,-3,-1,14,3,-52,46,13,-1,0,0,0,-41,-37,2,None
0,-83,-11,3,-29,-29,-7,-11,-37,0,0,0,-41,-37,2,None
0,-83,-11,3,-29,-29,-7,-11,-37,0,0,0,-41,-37,2,None
0,-83,-11,3,-29,-29,-7,-11,-37,0,0,0,-55,-37,28,None
0,48,-15,6,-4,37,27,18,16,0,0,0,-55,-37,28,None
0,84,32,0,17,83,-36,-38,-48,0,0,0,-55,-37,28,None
0,-26,-12,-21,-45,-53,34,9,-24,0,0,0,-55,-37,28,None
0,20,-15,-8,22,0,-23,-17,-6,0,0,0,-55,-37,28,None
0,20,-15,-8,22,0,-23,-17,-6,0,0,0,-55,-37,28,None
0,20,-15,-8,22,0,-23,-17,-6,0,0,0,-142,-31,11,None
0,17,-2,1,-24,-9,8,0,-18,0,0,0,-142,-31,11,None
0,32,18,20,17,7,-16,-26,-19,0,0,0,-142,-31,11,None
0,10,-12,-19,-6,26,-11,-7,-30,0,0,0,-142,-31,11,None
0,-13,-2,11,11,-20,4,11,15,0,0,0,-142,-31,11,None
0,-13,-2,11,11,-20,4,11,15,0,0,0,-142,-31,11,None
0,-13,-2,11,11,-20,4,11,15,0,0,0,-75,-31,18,None
0,24,5,12,17,6,2,0,-3,0,0,0,-75,-31,18,None
0,13,18,-2,-23,-20,-16,-16,-22,0,0,0,-75,-31,18,None
0,4,-6,-21,-79,25,6,4,10,0,0,0,-75,-31,18,None
0,16,21,5,4,-8,-9,-14,-7,0,0,0,-75,-31,18,None
0,16,21,5,4,-8,-9,-14,-7,0,0,0,-75,-31,18,None
0,16,21,5,4,-8,-9,-14,-7,0,0,0,-81,-13,15,None
0,-29,36,-1,19,26,15,-21,-1,0,0,0,-81,-13,15,None
0,5,-29,-7,-50,-22,-21,31,21,0,0,0,-81,-13,15,None
0,0,-10,-3,36,-8,-10,-21,-27,0,0,0,-81,-13,15,None
0,-11,62,7,-50,-8,-10,-30,-59,0,0,0,-81,-13,15,None
0,-11,62,7,-50,-8,-10,-30,-59,0,0,0,-81,-13,15,None
0,-11,62,7,-50,-8,-10,-30,-59,0,0,0,-89,-6,15,None
0,32,-87,-3,69,-20,2,1,-5,0,0,0,-89,-6,15,None
0,-44,47,12,26,-37,-4,4,22,0,0,0,-89,-6,15,None
0,-42,-20,-12,-26,58,4,31,-30,0,0,0,-89,-6,15,None
0,18,-31,1,25,-10,-7,-16,-4,0,0,0,-89,-6,15,None
0,18,-31,1,25,-10,-7,-16,-4,0,0,0,-89,-6,15,None
0,18,-31,1,25,-10,-7,-16,-4,0,0,0,-78,-19,20,None
0,-38,-16,-4,-30,-3,-5,-13,-43,0,0,0,-78,-19,20,None
0,47,27,10,39,52,3,-16,-6,0,0,0,-78,-19,20,None
0,-24,-49,-16,-20,-93,-9,-11,-9,0,0,0,-78,-19,20,None
0,8,4,2,-4,42,1,-1,19,0,0,0,-78,-19,20,None
0,8,4,2,-4,42,1,-1,19,0,0,0,-78,-19,20,None
0,8,4,2,-4,42,1,-1,19,0,0,0,-62,-37,26,None
0,16,4,2,-21,-36,-4,2,19,0,0,0,-62,-37,26,None
0,-22,-13,3,58,1,-6,-5,-7,0,0,0,-62,-37,26,None
0,17,76,4,-10,57,2,-15,-12,0,0,0,-62,-37,26,None
0,-18,-48,-12,-48,-35,-1,13,8,0,0,0,-62,-37,26,None
0,-18,-48,-12,-48,-35,-1,13,8,0,0,0,-62,-37,26,None
0,-18,-48,-12,-48,-35,-1,13,8,0,0,0,-56,-26,21,None
0,9,38,5,14,7,5,15,0,0,0,0,-56,-26,21,None
0,22,-2,-6,-21,7,-2,-27,19,0,0,0,-56,-26,21,None
0,6,19,2,19,-5,0,4,-43,0,0,0,-56,-26,21,None
0,-1,-4,-2,-10,-32,-1,11,19,0,0,0,-56,-26,21,None
0,-1,-4,-2,-10,-32,-1,11,19,0,0,0,-56,-26,21,None
0,-1,-4,-2,-10,-32,-1,11,19,0,0,0,-75,-11,16,None
0,10,20,4,17,29,7,7,11,0,0,0,-75,-11,16,None
0,14,-15,-1,-8,-12,-9,-20,-23,0,0,0,-75,-11,16,None
0,11,1,2,-20,-4,-3,-7,22,0,0,0,-75,-11,16,None
0,-3,10,3,20,21,3,18,18,0,0,0,-75,-11,16,None
0,-3,10,3,20,21,3,18,18,0,0,0,-75,-11,16,None
0,-3,10,3,20,21,3,18,18,0,0,0,-67,-21,15,None
0,-2,18,-3,15,-12,2,6,0,0,0,0,-67,-21,15,None
0,13,-1,-6,-37,28,-4,-11,-28,0,0,0,-67,-21,15,None
0,4,-16,-1,6,-35,-3,-4,26,0,0,0,-67,-21,15,None
0,-6,28,4,16,8,-4,-6,-17,0,0,0,-67,-21,15,None
0,-6,28,4,16,8,-4,-6,-17,0,0,0,-67,-21,15,None
0,-6,28,4,16,8,-4,-6,-17,0,0,0,-61,-32,22,None
0,8,-5,-1,-12,-18,-1,5,17,0,0,0,-61,-32,22,None
0,6,4,-4,-6,24,6,-2,9,0,0,0,-61,-32,22,None
0,5,-4,-3,0,-7,3,7,-10,0,0,0,-61,-32,22,None
0,2,13,-3,12,4,-6,-7,8,0,0,0,-61,-32,22,None
0,2,13,-3,12,4,-6,-7,8,0,0,0,-61,-32,22,None
0,2,13,-3,12,4,-6,-7,8,0,0,0,-71,-31,18,None
0,0,-21,-3,-15,-13,-6,0,-1,0,0,0,-71,-31,18,None
0,7,16,0,-28,-13,-6,-2,-4,0,0,0,-71,-31,18,None
0,-2,-3,-1,3,21,1,-1,7,0,0,0,-71,-31,18,None
0,-1,-6,-1,8,-3,1,-6,-5,0,0,0,-71,-31,18,None
0,-1,-6,-1,8,-3,1,-6,-5,0,0,0,-71,-31,18,None
0,-1,-6,-1,8,-3,1,-6,-5,0,0,0,-71,-29,17,None
0,2,2,0,-15,6,1,-4,3,0,0,0,-71,-29,17,None
0,2,7,-3,1,-16,-3,-2,-12,0,0,0,-71,-29,17,None
0,3,-11,-5,2,6,0,2,12,0,0,0,-71,-29,17,None
0,-5,-12,-2,-4,12,1,-3,6,0,0,0,-71,-29,17,None
0,-5,-12,-2,-4,12,1,-3,6,0,0,0,-71,-29,17,None
0,-5,-12,-2,-4,12,1,-3,6,0,0,0,-65,-32,14,None
0,1,11,-1,7,8,-1,-1,1,0,0,0,-65,-32,14,None
0,2,-9,-1,2,4,2,0,-3,0,0,0,-65,-32,14,None
0,1,3,-3,-6,-16,-4,-1,4,0,0,0,-65,-32,14,None
0,-4,-11,-1,-4,2,-2,1,2,0,0,0,-65,-32,14,None
0,-4,-11,-1,-4,2,-2,1,2,0,0,0,-65,-32,14,None
0,-4,-11,-1,-4,2,-2,1,2,0,0,0,-65,-40,21,None
0,-2,4,-3,-3,11,-2,1,-4,0,0,0,-65,-40,21,None
0,3,-2,-4,2,-5,-1,-2,-6,0,0,0,-65,-40,21,None
0,0,-6,-5,5,2,8,2,8,0,0,0,-65,-40,21,None
0,-4,1,0,2,-22,-6,-4,-5,0,0,0,-65,-40,21,None
0,-4,1,0,2,-22,-6,-4,-5,0,0,0,-65,-40,21,None
0,-4,1,0,2,-22,-6,-4,-5,0,0,0,-63,-43,22,None
0,1,-2,-2,-10,-4,4,4,3,0,0,0,-63,-43,22,None
0,-1,-2,-1,3,13,-5,-4,-2,0,0,0,-63,-43,22,None
0,0,1,-3,-5,1,-1,-1,5,0,0,0,-63,-43,22,None
0,-2,-3,1,12,30,-2,-1,1,0,0,0,-63,-43,22,None
0,-2,-3,1,12,30,-2,-1,1,0,0,0,-63,-43,22,None
0,-2,-3,1,12,30,-2,-1,1,0,0,0,-52,-50,18,None
0,0,7,4,18,-15,-3,-2,-5,0,0,0,-52,-50,18,None
0,-2,-9,-2,-22,-27,-5,-2,-3,0,0,0,-52,-50,18,None
0,-1,-1,-11,-5,1,-2,-3,2,0,0,0,-52,-50,18,None
0,-2,-3,-3,-11,0,1,1,-3,0,0,0,-52,-50,18,None
0,-2,-3,-3,-11,0,1,1,-3,0,0,0,-52,-50,18,None
0,-2,-3,-3,-11,0,1,1,-3,0,0,0,-44,-60,18,None
0,-2,-2,-1,-12,7,0,-1,-1,0,0,0,-44,-60,18,None
0,1,5,1,9,7,0,-3,-5,0,0,0,-44,-60,18,None
0,2,-3,0,5,5,0,0,3,0,0,0,-44,-60,18,None
0,-2,-3,-2,6,-12,-3,-1,1,0,0,0,-44,-60,18,None
0,-2,-3,-2,6,-12,-3,-1,1,0,0,0,-44,-60,18,None
0,-2,-3,-2,6,-12,-3,-1,1,0,0,0,-41,-69,29,None
0,0,3,-2,-5,8,-1,1,0,0,0,0,-41,-69,29,None
0,-1,-3,-3,9,-3,-4,-4,-3,0,0,0,-41,-69,29,None
0,-1,1,1,3,7,1,-2,-1,0,0,0,-41,-69,29,None
0,1,-1,1,15,6,4,2,2,0,0,0,-41,-69,29,None
0,1,-1,1,15,6,4,2,2,0,0,0,-41,-69,29,None
0,1,-1,1,15,6,4,2,2,0,0,0,-38,-82,32,None
0,-3,-2,-5,-7,3,-7,-3,-2,0,0,0,-38,-82,32,None
0,-2,-4,-6,-13,-12,-1,-2,-4,0,0,0,-38,-82,32,None
0,-2,-2,-1,-10,-5,-11,-8,-2,0,0,0,-38,-82,32,None
0,-1,0,0,16,16,7,5,4,0,0,0,-38,-82,32,None
0,-1,0,0,16,16,7,5,4,0,0,0,-38,-82,32,None
0,-1,0,0,16,16,7,5,4,0,0,0,-33,-92,33,None
0,0,1,1,-12,6,4,-2,0,0,0,0,-33,-92,33,None
0,-2,0,-5,-25,1,-12,-3,-3,0,0,0,-33,-92,33,None
0,-2,2,6,40,4,8,2,1,0,0,0,-33,-92,33,None
0,-2,-3,-14,-80,-36,-3,0,-2,0,0,0,-33,-92,33,None
0,-2,-3,-14,-80,-36,-3,0,-2,0,0,0,-33,-92,33,None
0,-2,-3,-14,-80,-36,-3,0,-2,0,0,0,-30,-102,35,None
0,-2,-3,-5,49,48,0,-4,-4,0,0,0,-30,-102,35,None
0,-2,-1,-6,-65,-20,0,-1,1,0,0,0,-30,-102,35,None
0,0,1,0,-4,6,-5,-3,-1,0,0,0,-30,-102,35,None
0,0,2,10,63,-2,-4,0,1,0,0,0,-30,-102,35,None
0,0,2,10,63,-2,-4,0,1,0,0,0,-30,-102,35,None
0,0,2,10,63,-2,-4,0,1,0,0,0,-28,-110,37,None
0,-2,-4,-16,-49,-9,1,-3,-2,0,0,0,-28,-110,37,None
0,0,3,8,16,-26,-7,0,0,0,0,0,-28,-110,37,None
0,-3,-4,-10,60,33,2,-3,-4,0,0,0,-28,-110,37,None
0,-1,0,-5,-58,6,0,-2,0,0,0,0,-28,-110,37,None
0,-1,0,-5,-58,6,0,-2,0,0,0,0,-28,-110,37,None
0,-1,0,-5,-58,6,0,-2,0,0,0,0,-22,-109,36,None
0,-4,-3,-12,-72,-69,-10,-2,-4,0,0,0,-22,-109,36,None
0,0,-1,11,18,22,10,1,0,0,0,0,-22,-109,36,None
0,-1,2,-5,-21,-17,0,1,0,0,0,0,-22,-109,36,None
0,-1,1,7,24,-6,-8,-5,-4,0,0,0,-22,-109,36,None
0,-1,1,7,24,-6,-8,-5,-4,0,0,0,-22,-109,36,None
0,-1,1,7,24,-6,-8,-5,-4,0,0,0,-16,-99,31,None
0,1,3,12,33,54,5,4,0,0,0,0,-16,-99,31,None
0,0,1,-26,-22,19,0,0,0,0,0,0,-16,-99,31,None
0,-2,-4,4,-65,-25,18,4,-1,0,0,0,-16,-99,31,None
0,-3,-2,17,66,23,-2,-9,-4,0,0,0,-16,-99,31,None
0,-3,-2,17,66,23,-2,-9,-4,0,0,0,-16,-99,31,None
0,-3,-2,17,66,23,-2,-9,-4,0,0,0,-8,-106,35,None
0,0,0,-16,11,-53,-9,-6,-1,0,0,0,-8,-106,35,None
0,-3,-2,12,-20,31,-6,-5,-3,0,0,0,-8,-106,35,None
0,-1,0,1,36,8,-12,-4,-2,0,0,0,-8,-106,35,None
0,0,2,-8,-25,-20,0,-2,-1,0,0,0,-8,-106,35,None
0,0,2,-8,-25,-20,0,-2,-1,0,0,0,-8,-106,35,None
0,0,2,-8,-25,-20,0,-2,-1,0,0,0,0,-113,33,None
0,2,7,22,70,-23,3,2,2,0,0,0,0,-113,33,None
0,1,1,-9,61,44,7,-1,-3,0,0,0,0,-113,33,None
0,0,0,-6,-25,-19,-5,-6,1,0,0,0,0,-113,33,None
0,-3,1,3,-18,-37,7,3,-3,0,0,0,0,-113,33,None
0,-3,1,3,-18,-37,7,3,-3,0,0,0,0,-113,33,None
0,-3,1,3,-18,-37,7,3,-3,0,0,0,7,-123,21,None
0,-5,-3,-33,-46,16,-8,-4,-3,0,0,0,7,-123,21,None
0,-2,-1,3,47,58,9,5,0,0,0,0,7,-123,21,None
0,1,2,2,-17,-44,-8,-3,-1,0,0,0,7,-123,21,None
0,-1,0,1,2,-30,-4,-2,-1,0,0,0,7,-123,21,None
0,-1,0,1,2,-30,-4,-2,-1,0,0,0,7,-123,21,None
0,-1,0,1,2,-30,-4,-2,-1,0,0,0,9,-129,10,None
0,0,6,27,93,29,5,2,0,0,0,0,9,-129,10,None
0,1,1,2,-4,-53,-2,1,0,0,0,0,9,-129,10,None
0,-8,-11,-3,-103,-30,-2,-3,-6,0,0,0,9,-129,10,None
0,-1,0,7,93,18,5,2,2,0,0,0,9,-129,10,None
0,-1,0,7,93,18,5,2,2,0,0,0,9,-129,10,None
0,-1,0,7,93,18,5,2,2,0,0,0,18,-133,16,None
0,-3,-3,-8,-50,4,-9,-5,-3,0,0,0,18,-133,16,None
0,0,1,-4,-13,-37,-8,-4,-2,0,0,0,18,-133,16,None
0,1,5,19,78,75,0,-2,-2,0,0,0,18,-133,16,None
0,1,1,-18,-41,7,-3,4,0,0,0,0,18,-133,16,None
0,1,1,-18,-41,7,-3,4,0,0,0,0,18,-133,16,None
0,1,1,-18,-41,7,-3,4,0,0,0,0,23,-120,14,None
0,0,-1,19,-39,3,-3,-6,-2,0,0,0,23,-120,14,None
0,-1,1,-11,-33,-48,2,-1,-1,0,0,0,23,-120,14,None
0,0,3,23,104,18,-2,1,-1,0,0,0,23,-120,14,None
0,-3,-4,-39,-84,29,-1,-5,-3,0,0,0,23,-120,14,None
0,-3,-4,-39,-84,29,-1,-5,-3,0,0,0,23,-120,14,None
0,-3,-4,-39,-84,29,-1,-5,-3,0,0,0,27,-111,9,None
0,-1,4,19,77,50,1,2,-2,0,0,0,27,-111,9,None
0,-1,1,10,-44,-45,-4,0,-2,0,0,0,27,-111,9,None
0,0,1,6,44,5,-8,-1,1,0,0,0,27,-111,9,None
0,0,2,12,99,47,3,0,1,0,0,0,27,-111,9,None
0,0,2,12,99,47,3,0,1,0,0,0,27,-111,9,None
0,0,2,12,99,47,3,0,1,0,0,0,37,-118,8,None
0,-4,-6,-21,-3,31,5,-2,-3,0,0,0,37,-118,8,None
0,-1,0,-12,-5,-65,7,0,-3,0,0,0,37,-118,8,None
0,-3,-2,-18,-37,67,-1,-3,-3,0,0,0,37,-118,8,None
0,-1,0,-15,-16,-32,-3,-1,-2,0,0,0,37,-118,8,None
0,-1,0,-15,-16,-32,-3,-1,-2,0,0,0,37,-118,8,None
0,-1,0,-15,-16,-32,-3,-1,-2,0,0,0,42,-116,4,None
0,1,2,1,18,55,4,-3,0,0,0,0,42,-116,4,None
0,-1,-1,15,58,-8,4,7,1,0,0,0,42,-116,4,None
0,-3,-3,-41,-100,-30,-3,-1,-2,0,0,0,42,-116,4,None
0,3,-1,0,-14,-51,-9,-4,-3,0,0,0,42,-116,4,None
0,3,-1,0,-14,-51,-9,-4,-3,0,0,0,42,-116,4,None
0,3,-1,0,-14,-51,-9,-4,-3,0,0,0,44,-107,0,None
0,-3,0,6,-73,-44,4,-1,-2,0,0,0,44,-107,0,None
0,-2,0,7,39,55,-8,-11,-4,0,0,0,44,-107,0,None
0,0,5,10,-15,-41,5,7,1,0,0,0,44,-107,0,None
0,-1,2,11,101,92,3,-3,-2,0,0,0,44,-107,0,None
0,-1,2,11,101,92,3,-3,-2,0,0,0,44,-107,0,None
0,-1,2,11,101,92,3,-3,-2,0,0,0,49,-102,-1,None
0,0,1,-19,-110,-121,-9,-1,1,0,0,0,49,-102,-1,None
0,0,5,-9,25,34,-4,-4,-2,0,0,0,49,-102,-1,None
0,-1,-24,-15,-30,-37,-4,-2,0,0,0,0,49,-102,-1,None
0,-4,-1,-7,17,13,-1,-2,-4,0,0,0,49,-102,-1,None
0,-4,-1,-7,17,13,-1,-2,-4,0,0,0,49,-102,-1,None
0,-4,-1,-7,17,13,-1,-2,-4,0,0,0,55,-100,-1,None
0,1,1,3,36,5,8,2,3,0,0,0,55,-100,-1,None
0,-4,-8,-12,-52,20,-3,-1,-2,0,0,0,55,-100,-1,None
0,3,15,0,64,19,7,0,0,0,0,0,55,-100,-1,None
0,-12,-19,4,3,4,-17,-10,-6,0,0,0,55,-100,-1,None
0,-12,-19,4,3,4,-17,-10,-6,0,0,0,55,-100,-1,None
0,-12,-19,4,3,4,-17,-10,-6,0,0,0,58,-94,-2,None
0,-2,1,17,6,25,-3,-2,-2,0,0,0,58,-94,-2,None
0,3,16,-5,50,10,-3,-2,-2,0,0,0,58,-94,-2,None
0,-4,-28,-3,36,14,4,2,-1,0,0,0,58,-94,-2,None
0,3,8,1,-70,-19,0,0,3,0,0,0,58,-94,-2,None
0,3,8,1,-70,-19,0,0,3,0,0,0,58,-94,-2,None
0,3,8,1,-70,-19,0,0,3,0,0,0,57,-85,-4,None
0,0,6,-19,29,-8,3,3,-1,0,0,0,57,-85,-4,None
0,-3,-7,-1,70,25,6,-2,-2,0,0,0,57,-85,-4,None
0,2,20,-15,-98,3,-5,-6,-1,0,0,0,57,-85,-4,None
0,-3,-2,-3,-10,-12,-2,-3,-2,0,0,0,57,-85,-4,None
0,-3,-2,-3,-10,-12,-2,-3,-2,0,0,0,57,-85,-4,None
0,-3,-2,-3,-10,-12,-2,-3,-2,0,0,0,59,-84,-6,None
0,0,-4,-6,-16,3,0,3,-1,0,0,0,59,-84,-6,None
0,2,5,12,-1,-5,3,1,2,0,0,0,59,-84,-6,None
0,-1,41,4,5,-13,-5,-4,-2,0,0,0,59,-84,-6,None
0,4,-25,-8,-14,-6,2,-1,1,0,0,0,59,-84,-6,None
0,4,-25,-8,-14,-6,2,-1,1,0,0,0,59,-84,-6,None
0,4,-25,-8,-14,-6,2,-1,1,0,0,0,64,-84,-4,None
0,-1,44,1,-12,2,-2,-3,-5,0,0,0,64,-84,-4,None
0,-24,-27,-3,-39,-2,-3,-2,0,0,0,0,64,-84,-4,None
0,-2,5,-6,6,-16,-6,-4,-3,0,0,0,64,-84,-4,None
0,-3,1,2,-6,16,1,-1,-2,0,0,0,64,-84,-4,None
0,-3,1,2,-6,16,1,-1,-2,0,0,0,64,-84,-4,None
0,-3,1,2,-6,16,1,-1,-2,0,0,0,70,-84,-2,None
0,0,5,1,22,4,-1,-1,0,0,0,0,70,-84,-2,None
0,0,7,-8,-4,5,-3,-3,-2,0,0,0,70,-84,-2,None
0,1,7,4,12,-19,0,0,0,0,0,0,70,-84,-2,None
0,-3,-8,-2,-18,2,-1,-1,-3,0,0,0,70,-84,-2,None
0,-3,-8,-2,-18,2,-1,-1,-3,0,0,0,70,-84,-2,None
0,-3,-8,-2,-18,2,-1,-1,-3,0,0,0,74,-84,-3,None
0,-4,-21,0,52,21,-1,-3,-2,0,0,0,74,-84,-3,None
0,4,6,-10,-49,-47,-3,-3,-1,0,0,0,74,-84,-3,None
0,0,-10,2,14,10,2,2,-1,0,0,0,74,-84,-3,None
0,3,12,0,-9,1,-2,0,0,0,0,0,74,-84,-3,None
0,3,12,0,-9,1,-2,0,0,0,0,0,74,-84,-3,None
0,3,12,0,-9,1,-2,0,0,0,0,0,79,-90,-4,None
0,-1,-1,-7,10,-17,-1,-2,-1,0,0,0,79,-90,-4,None
0,4,-4,0,2,11,-2,-1,1,0,0,0,79,-90,-4,None
0,0,3,0,-5,9,-2,-2,-1,0,0,0,79,-90,-4,None
0,-3,6,-4,-6,-11,-3,0,0,0,0,0,79,-90,-4,None
0,-3,6,-4,-6,-11,-3,0,0,0,0,0,79,-90,-4,None
0,-3,6,-4,-6,-11,-3,0,0,0,0,0,79,-86,0,None
0,5,16,-1,2,-5,-1,-1,0,0,0,0,79,-86,0,None
0,-1,-14,-4,-21,4,1,-2,-2,0,0,0,79,-86,0,None
0,-3,-12,4,18,25,-1,-2,-1,0,0,0,79,-86,0,None
0,-1,7,-2,-21,-14,-2,-1,0,0,0,0,79,-86,0,None
0,-1,7,-2,-21,-14,-2,-1,0,0,0,0,79,-86,0,None
0,-1,7,-2,-21,-14,-2,-1,0,0,0,0,66,-78,3,None
0,0,-2,-5,-1,-7,-1,-1,0,0,0,0,66,-78,3,None
0,0,4,-1,-1,-1,1,0,-3,0,0,0,66,-78,3,None
0,2,26,4,53,22,-5,-4,-2,0,0,0,66,-78,3,None
0,-8,-56,-14,-73,-41,-6,-2,-4,0,0,0,66,-78,3,None
0,-8,-56,-14,-73,-41,-6,-2,-4,0,0,0,66,-78,3,None
0,-8,-56,-14,-73,-41,-6,-2,-4,0,0,0,56,-80,6,None
0,-3,-3,-3,6,1,0,-1,-1,0,0,0,56,-80,6,None
0,-3,6,-6,26,7,-1,-2,-4,0,0,0,56,-80,6,None
0,-2,-15,-1,22,-3,0,-1,-1,0,0,0,56,-80,6,None
0,2,22,3,23,8,-1,-1,-1,0,0,0,56,-80,6,None
0,2,22,3,23,8,-1,-1,-1,0,0,0,56,-80,6,None
0,2,22,3,23,8,-1,-1,-1,0,0,0,55,-85,3,None
0,-3,-8,0,-12,5,-2,-2,-1,0,0,0,55,-85,3,None
0,3,19,-4,-3,-9,-3,-1,0,0,0,0,55,-85,3,None
0,-1,-30,-4,-19,4,-1,-2,1,0,0,0,55,-85,3,None
0,-4,-18,-5,1,-21,-2,-3,-3,0,0,0,55,-85,3,None
0,-4,-18,-5,1,-21,-2,-3,-3,0,0,0,55,-85,3,None
0,-4,-18,-5,1,-21,-2,-3,-3,0,0,0,55,-88,1,None
0,-3,-8,-1,6,31,-2,-2,-3,0,0,0,55,-88,1,None
0,2,3,3,-1,5,0,-1,-1,0,0,0,55,-88,1,None
0,0,5,-2,-3,-2,-1,-2,-1,0,0,0,55,-88,1,None
0,1,19,0,6,4,-1,-2,0,0,0,0,55,-88,1,None
0,1,19,0,6,4,-1,-2,0,0,0,0,55,-88,1,None
0,1,19,0,6,4,-1,-2,0,0,0,0,52,-89,-1,None
0,-1,-11,-2,2,-11,-2,-1,0,0,0,0,52,-89,-1,None
0,0,1,-1,10,4,-2,-3,-2,0,0,0,52,-89,-1,None
0,0,6,-3,-7,-1,-3,0,-3,0,0,0,52,-89,-1,None
0,0,1,-3,5,-2,0,0,-1,0,0,0,52,-89,-1,None
0,0,1,-3,5,-2,0,0,-1,0,0,0,52,-89,-1,None
0,0,1,-3,5,-2,0,0,-1,0,0,0,54,-85,-4,None
0,0,3,-3,-5,0,-1,0,-1,0,0,0,54,-85,-4,None
0,-1,3,0,-3,8,-1,-1,-1,0,0,0,54,-85,-4,None
0,0,-2,6,34,-3,1,0,-1,0,0,0,54,-85,-4,None
0,1,10,-4,-33,-9,-3,-2,-2,0,0,0,54,-85,-4,None
0,1,10,-4,-33,-9,-3,-2,-2,0,0,0,54,-85,-4,None
0,1,10,-4,-33,-9,-3,-2,-2,0,0,0,55,-82,-5,None
0,-4,-5,-1,16,16,1,-5,-5,0,0,0,55,-82,-5,None
0,-1,-4,-3,-5,-4,-1,-1,-1,0,0,0,55,-82,-5,None
0,-3,-6,-1,-2,1,-1,-1,-1,0,0,0,55,-82,-5,None
0,0,11,2,13,3,-1,-1,-2,0,0,0,55,-82,-5,None
0,0,11,2,13,3,-1,-1,-2,0,0,0,55,-82,-5,None
0,0,11,2,13,3,-1,-1,-2,0,0,0,57,-82,-7,None
0,0,2,-4,-10,-7,-3,0,0,0,0,0,57,-82,-7,None
0,-1,-8,-1,2,-3,-2,-2,-2,0,0,0,57,-82,-7,None
0,-2,3,-5,-16,-7,-3,-2,-3,0,0,0,57,-82,-7,None
0,1,10,1,14,16,0,-2,-1,0,0,0,57,-82,-7,None
0,1,10,1,14,16,0,-2,-1,0,0,0,57,-82,-7,None
0,1,10,1,14,16,0,-2,-1,0,0,0,57,-81,-7,None
0,-2,-6,-6,-20,-10,-1,-2,-1,0,0,0,57,-81,-7,None
0,0,21,0,13,12,2,0,1,0,0,0,57,-81,-7,None
0,-3,-7,-10,-8,1,-2,0,-1,0,0,0,57,-81,-7,None
0,-1,23,6,-32,-19,-2,-1,-1,0,0,0,57,-81,-7,None
0,-1,23,6,-32,-19,-2,-1,-1,0,0,0,57,-81,-7,None
0,-1,23,6,-32,-19,-2,-1,-1,0,0,0,56,-81,-8,None
0,-3,-11,-1,18,23,-3,-2,-2,0,0,0,56,-81,-8,None
0,-1,-5,-2,-6,-16,-1,-3,-3,0,0,0,56,-81,-8,None
0,-1,3,-1,-9,6,-1,0,-1,0,0,0,56,-81,-8,None
0,-2,3,-2,17,6,1,0,-2,0,0,0,56,-81,-8,None
0,-2,3,-2,17,6,1,0,-2,0,0,0,56,-81,-8,None
0,-2,3,-2,17,6,1,0,-2,0,0,0,55,-81,-9,None
0,2,8,-2,-9,-13,-2,0,1,0,0,0,55,-81,-9,None
0,0,2,-2,-5,4,-3,-1,-1,0,0,0,55,-81,-9,None
0,0,2,-2,-5,4,-3,-1,-1,0,0,0,55,-81,-9,None
0,0,2,-2,-5,4,-3,-1,-1,0,0,0,56,-80,-10,None
0,-1,0,-5,-8,-4,-1,-1,0,0,0,0,56,-80,-10,None
0,0,-6,-1,18,12,-1,-2,0,0,0,0,56,-80,-10,None
0,-1,2,-1,-6,-5,-1,-1,-2,0,0,0,56,-80,-10,None
0,-2,-9,-3,5,7,-2,-2,-2,0,0,0,56,-80,-10,None
0,-2,-9,-3,5,7,-2,-2,-2,0,0,0,56,-80,-10,None
0,-2,-9,-3,5,7,-2,-2,-2,0,0,0,57,-80,-9,None
0,-4,-2,-1,0,-4,-2,-2,-2,0,0,0,57,-80,-9,None
0,4,5,-3,6,11,0,-2,-3,0,0,0,57,-80,-9,None
0,2,27,2,-8,9,3,2,2,0,0,0,57,-80,-9,None
0,-3,-15,-15,-17,-25,-6,-2,-2,0,0,0,57,-80,-9,None
0,-3,-15,-15,-17,-25,-6,-2,-2,0,0,0,57,-80,-9,None
0,-3,-15,-15,-17,-25,-6,-2,-2,0,0,0,57,-80,-9,None
0,1,2,0,-12,5,0,-2,0,0,0,0,57,-80,-9,None
0,-3,-1,0,4,16,0,-2,-1,0,0,0,57,-80,-9,None
0,-1,1,-4,3,-8,0,0,-2,0,0,0,57,-80,-9,None
0,1,3,2,3,0,0,-1,-1,0,0,0,57,-80,-9,None
0,1,3,2,3,0,0,-1,-1,0,0,0,57,-80,-9,None
0,1,3,2,3,0,0,-1,-1,0,0,0,58,-79,-9,None
0,0,1,-2,-2,-5,-2,-1,-2,0,0,0,58,-79,-9,None
0,-4,-2,-4,8,2,0,-1,-1,0,0,0,58,-79,-9,None
0,-2,-8,-1,-4,-4,-2,-1,-1,0,0,0,58,-79,-9,None
0,-2,-1,1,8,7,-2,-1,-1,0,0,0,58,-79,-9,None
0,-2,-1,1,8,7,-2,-1,-1,0,0,0,58,-79,-9,None
0,-2,-1,1,8,7,-2,-1,-1,0,0,0,58,-79,-8,None
0,-1,-3,-3,-3,-3,-2,-2,-2,0,0,0,58,-79,-8,None
0,-3,-17,-3,4,4,0,-1,0,0,0,0,58,-79,-8,None
0,1,-2,-1,9,-5,-1,-1,-3,0,0,0,58,-79,-8,None
0,1,5,-2,-18,5,-1,0,0,0,0,0,58,-79,-8,None
0,1,5,-2,-18,5,-1,0,0,0,0,0,58,-79,-8,None
0,1,5,-2,-18,5,-1,0,0,0,0,0,59,-80,-7,None
0,-5,1,-3,-3,-3,-3,-3,-3,0,0,0,59,-80,-7,None
0,-3,-1,-3,5,-1,-1,-1,-1,0,0,0,59,-80,-7,None
0,-3,-4,-2,-3,-1,-1,-2,-2,0,0,0,59,-80,-7,None
0,-1,-2,-1,7,6,0,-1,-1,0,0,0,59,-80,-7,None
0,-1,-2,-1,7,6,0,-1,-1,0,0,0,59,-80,-7,None
0,-1,-2,-1,7,6,0,-1,-1,0,0,0,60,-80,-7,None
0,2,3,-2,-1,-2,0,0,-1,0,0,0,60,-80,-7,None
0,4,28,-1,4,1,-2,-1,0,0,0,0,60,-80,-7,None
0,-4,-26,-2,-9,-4,-3,-3,-2,0,0,0,60,-80,-7,None
0,-2,2,1,19,3,-1,-2,-2,0,0,0,60,-80,-7,None
0,-2,2,1,19,3,-1,-2,-2,0,0,0,60,-80,-7,None
0,-2,2,1,19,3,-1,-2,-2,0,0,0,60,-80,-7,None
0,-3,1,-2,-9,-1,0,0,-1,0,0,0,60,-80,-7,None
0,0,4,-1,7,-3,-2,-3,-3,0,0,0,60,-80,-7,None
0,0,6,-3,-6,8,1,-1,-1,0,0,0,60,-80,-7,None
0,0,-2,0,3,-2,-1,-2,-1,0,0,0,60,-80,-7,None
0,0,-2,0,3,-2,-1,-2,-1,0,0,0,60,-80,-7,None
0,0,-2,0,3,-2,-1,-2,-1,0,0,0,59,-81,-7,None
0,0,-2,-1,-10,2,0,0,0,0,0,0,59,-81,-7,None
0,-4,-11,-9,-8,-9,-1,-1,-1,0,0,0,59,-81,-7,None
0,0,17,-2,15,9,-1,-1,-2,0,0,0,59,-81,-7,None
0,-6,-12,8,-21,-6,0,-2,-2,0,0,0,59,-81,-7,None
0,-6,-12,8,-21,-6,0,-2,-2,0,0,0,59,-81,-7,None
0,-6,-12,8,-21,-6,0,-2,-2,0,0,0,57,-81,-7,None
0,1,3,1,13,0,0,-1,-1,0,0,0,57,-81,-7,None
0,-2,-3,0,1,4,-1,0,0,0,0,0,57,-81,-7,None
0,1,-1,-6,-4,-4,-1,0,0,0,0,0,57,-81,-7,None
0,1,14,-5,3,5,0,-1,-2,0,0,0,57,-81,-7,None
0,1,14,-5,3,5,0,-1,-2,0,0,0,57,-81,-7,None
0,1,14,-5,3,5,0,-1,-2,0,0,0,57,-81,-7,None
0,-2,-3,-1,4,2,-2,-2,-2,0,0,0,57,-81,-7,None
0,-1,-4,0,-4,3,0,-2,-2,0,0,0,57,-81,-7,None
0,-1,0,1,-2,-4,-2,-3,-1,0,0,0,57,-81,-7,None
0,0,0,-3,3,5,-1,-1,-2,0,0,0,57,-81,-7,None
0,0,0,-3,3,5,-1,-1,-2,0,0,0,57,-81,-7,None
0,0,0,-3,3,5,-1,-1,-2,0,0,0,56,-82,-7,None
0,-1,-3,-3,-4,0,-1,-1,-2,0,0,0,56,-82,-7,None
0,1,2,-2,-5,-3,0,-1,-1,0,0,0,56,-82,-7,None
0,-3,9,-3,6,2,-3,-1,-2,0,0,0,56,-82,-7,None
0,-3,-4,-3,-12,16,-1,-1,-3,0,0,0,56,-82,-7,None
0,-3,-4,-3,-12,16,-1,-1,-3,0,0,0,56,-82,-7,None
0,-3,-4,-3,-12,16,-1,-1,-3,0,0,0,56,-82,-8,None
0,-1,2,-3,0,-3,1,-1,-2,0,0,0,56,-82,-8,None
0,-5,-2,1,7,11,0,-2,-3,0,0,0,56,-82,-8,None
0,-1,0,-1,-6,-10,-1,-1,0,0,0,0,56,-82,-8,None
0,0,1,-3,1,-8,-3,-1,0,0,0,0,56,-82,-8,None
0,0,1,-3,1,-8,-3,-1,0,0,0,0,56,-82,-8,None
0,0,1,-3,1,-8,-3,-1,0,0,0,0,56,-81,-8,None
0,-1,1,0,2,0,-2,-1,-2,0,0,0,56,-81,-8,None
0,1,8,1,-5,-2,-2,-1,0,0,0,0,56,-81,-8,None
0,-1,-4,-2,-5,-4,0,-2,-2,0,0,0,56,-81,-8,None
0,-2,-1,-3,4,0,-1,-1,-1,0,0,0,56,-81,-8,None
0,-2,-1,-3,4,0,-1,-1,-1,0,0,0,56,-81,-8,None
0,-2,-1,-3,4,0,-1,-1,-1,0,0,0,57,-81,-8,None
0,-2,1,-2,0,0,-1,-1,-1,0,0,0,57,-81,-8,None
0,4,4,-2,0,-1,-2,-1,-1,0,0,0,57,-81,-8,None
0,-6,-11,-1,1,4,-1,-1,0,0,0,0,57,-81,-8,None
0,2,2,-2,-13,-1,-2,-1,-2,0,0,0,57,-81,-8,None
0,2,2,-2,-13,-1,-2,-1,-2,0,0,0,57,-81,-8,None
0,2,2,-2,-13,-1,-2,-1,-2,0,0,0,57,-81,-7,None
0,-2,1,-1,12,13,0,-2,-2,0,0,0,57,-81,-7,None
0,1,19,-5,-1,-6,-4,-4,-3,0,0,0,57,-81,-7,None
0,-3,-27,-3,-5,-2,-1,-2,-1,0,0,0,57,-81,-7,None
0,-1,3,1,3,-1,-1,-1,1,0,0,0,57,-81,-7,None
0,-1,3,1,3,-1,-1,-1,1,0,0,0,57,-81,-7,None
0,-1,3,1,3,-1,-1,-1,1,0,0,0,58,-81,-6,None
0,1,-1,-1,1,-3,-3,-2,-1,0,0,0,58,-81,-6,None
0,0,0,-2,-5,0,-1,-2,-1,0,0,0,58,-81,-6,None
0,0,8,-1,0,0,-1,0,-3,0,0,0,58,-81,-6,None
0,-3,-1,-2,5,-2,-1,-2,-2,0,0,0,58,-81,-6,None
0,-3,-1,-2,5,-2,-1,-2,-2,0,0,0,58,-81,-6,None
0,-3,-1,-2,5,-2,-1,-2,-2,0,0,0,58,-80,-7,None
0,-2,-4,-3,-7,0,-1,-1,-2,0,0,0,58,-80,-7,None
0,-2,-8,-3,-1,2,-1,-2,-1,0,0,0,58,-80,-7,None
0,0,8,1,-6,-1,-1,-1,-2,0,0,0,58,-80,-7,None
0,-1,-4,0,14,1,-2,-3,-1,0,0,0,58,-80,-7,None
0,-1,-4,0,14,1,-2,-3,-1,0,0,0,58,-80,-7,None
0,-1,-4,0,14,1,-2,-3,-1,0,0,0,57,-81,-7,None
0,-2,3,-2,-3,5,-1,-2,-2,0,0,0,57,-81,-7,None
0,-3,-7,-3,0,4,-2,0,-2,0,0,0,57,-81,-7,None
0,-1,2,-3,-5,-2,-1,-2,0,0,0,0,57,-81,-7,None
0,1,4,-2,3,-2,-1,0,-1,0,0,0,57,-81,-7,None
0,1,4,-2,3,-2,-1,0,-1,0,0,0,57,-81,-7,None
0,1,4,-2,3,-2,-1,0,-1,0,0,0,58,-81,-7,None
0,-1,13,3,8,-2,-1,-1,-2,0,0,0,58,-81,-7,None
0,3,14,-24,-10,5,-1,-3,0,0,0,0,58,-81,-7,None
0,-9,-26,8,11,7,1,-2,-2,0,0,0,58,-81,-7,None
0,-3,-1,-1,2,0,-1,-2,-3,0,0,0,58,-81,-7,None
0,-3,-1,-1,2,0,-1,-2,-3,0,0,0,58,-81,-7,None
0,-3,-1,-1,2,0,-1,-2,-3,0,0,0,58,-81,-7,None
0,-1,0,-2,-1,-1,-2,-1,-2,0,0,0,58,-81,-7,None
0,-1,-4,2,-2,-2,0,0,0,0,0,0,58,-81,-7,None
0,3,17,-5,-4,-3,-2,-2,-1,0,0,0,58,-81,-7,None
0,0,2,-4,-2,2,-1,-1,-2,0,0,0,58,-81,-7,None
0,0,2,-4,-2,2,-1,-1,-2,0,0,0,58,-81,-7,None
0,0,2,-4,-2,2,-1,-1,-2,0,0,0,58,-81,-7,None
0,-7,-7,-3,-3,-2,-1,-1,-1,0,0,0,58,-81,-7,None
0,3,3,14,26,2,1,-1,-1,0,0,0,58,-81,-7,None
0,3,23,-12,-53,-7,-5,-3,-2,0,0,0,58,-81,-7,None
0,-2,-4,-1,-4,6,-1,-2,-2,0,0,0,58,-81,-7,None
0,-2,-4,-1,-4,6,-1,-2,-2,0,0,0,58,-81,-7,None
0,-2,-4,-1,-4,6,-1,-2,-2,0,0,0,58,-81,-7,None
0,0,3,-3,-17,-2,-2,-2,-1,0,0,0,58,-81,-7,None
0,-6,-13,2,0,0,-2,-2,-3,0,0,0,58,-81,-7,None
0,2,9,2,13,-1,1,-1,-2,0,0,0,58,-81,-7,None
0,-1,2,-4,-1,2,0,-2,-1,0,0,0,58,-81,-7,None
0,-1,2,-4,-1,2,0,-2,-1,0,0,0,58,-81,-7,None
0,-1,2,-4,-1,2,0,-2,-1,0,0,0,58,-80,-8,None
0,-1,-4,-3,-7,-4,-3,-2,-2,0,0,0,58,-80,-8,None
0,-2,3,-1,-4,-1,-2,1,-1,0,0,0,58,-80,-8,None
0,-1,-3,-2,7,-1,0,-2,-2,0,0,0,58,-80,-8,None
0,-2,2,-4,-2,-1,-2,-2,-2,0,0,0,58,-80,-8,None
0,-2,2,-4,-2,-1,-2,-2,-2,0,0,0,58,-80,-8,None
0,-2,2,-4,-2,-1,-2,-2,-2,0,0,0,58,-80,-8,None
0,5,8,-2,7,2,-1,-2,0,0,0,0,58,-80,-8,None
0,-4,-27,1,6,-3,-2,-1,-3,0,0,0,58,-80,-8,None
0,-5,4,-1,2,3,-1,0,-1,0,0,0,58,-80,-8,None
0,0,-5,1,6,-12,0,-2,-1,0,0,0,58,-80,-8,None
0,0,-5,1,6,-12,0,-2,-1,0,0,0,58,-80,-8,None
0,0,-5,1,6,-12,0,-2,-1,0,0,0,57,-81,-8,None
0,-3,14,-3,-13,1,-3,-2,-3,0,0,0,57,-81,-8,None
0,-2,5,-1,-2,3,0,-2,-1,0,0,0,57,-81,-8,None
0,0,-6,-5,5,1,0,0,0,0,0,0,57,-81,-8,None
0,-3,0,-2,-4,-1,0,-1,-2,0,0,0,57,-81,-8,None
0,-3,0,-2,-4,-1,0,-1,-2,0,0,0,57,-81,-8,None
0,-3,0,-2,-4,-1,0,-1,-2,0,0,0,57,-81,-8,None
0,-1,-7,-2,3,-2,0,0,0,0,0,0,57,-81,-8,None
0,-4,3,-3,-9,-1,-1,-1,-2,0,0,0,57,-81,-8,None
0,0,-1,-2,2,3,-1,-1,-1,0,0,0,57,-81,-8,None
0,-1,4,1,6,5,-1,-2,-1,0,0,0,57,-81,-8,None
0,-1,4,1,6,5,-1,-2,-1,0,0,0,57,-81,-8,None
0,-1,4,1,6,5,-1,-2,-1,0,0,0,57,-80,-8,None
0,2,4,5,-4,-5,-1,-1,-2,0,0,0,57,-80,-8,None
0,-9,-37,0,-19,0,-1,-3,-1,0,0,0,57,-80,-8,None
0,0,1,-2,-12,-10,-1,-2,-2,0,0,0,57,-80,-8,None
0,-2,-1,-3,-6,3,-4,-2,0,0,0,0,57,-80,-8,None
0,-2,-1,-3,-6,3,-4,-2,0,0,0,0,57,-80,-8,None
0,-2,-1,-3,-6,3,-4,-2,0,0,0,0,57,-80,-8,None
0,-3,-6,-4,8,1,-1,-1,-2,0,0,0,57,-80,-8,None
0,1,11,-2,-1,-3,0,0,-1,0,0,0,57,-80,-8,None
0,0,-1,0,-1,-2,-2,-1,-2,0,0,0,57,-80,-8,None
0,-3,-5,-3,5,3,-2,-1,0,0,0,0,57,-80,-8,None
0,-3,-5,-3,5,3,-2,-1,0,0,0,0,57,-80,-8,None
0,-3,-5,-3,5,3,-2,-1,0,0,0,0,57,-80,-8,None
0,-3,6,4,2,3,1,0,-1,0,0,0,57,-80,-8,None
0,2,8,-18,-11,1,-1,-2,-2,0,0,0,57,-80,-8,None
0,2,3,0,-7,-3,-2,-1,-2,0,0,0,57,-80,-8,None
0,-2,5,-1,-5,4,-1,-1,-2,0,0,0,57,-80,-8,None
0,-2,5,-1,-5,4,-1,-1,-2,0,0,0,57,-80,-8,None
0,-2,5,-1,-5,4,-1,-1,-2,0,0,0,57,-81,-8,None
0,-2,-11,-1,10,5,-2,-2,-2,0,0,0,57,-81,-8,None
0,0,10,2,2,4,-1,-1,0,0,0,0,57,-81,-8,None
0,-2,1,-3,5,3,0,-1,0,0,0,0,57,-81,-8,None
0,-1,-3,-5,-6,-4,-1,-1,0,0,0,0,57,-81,-8,None
0,-1,-3,-5,-6,-4,-1,-1,0,0,0,0,57,-81,-8,None
0,-1,-3,-5,-6,-4,-1,-1,0,0,0,0,58,-81,-7,None
0,0,7,-3,-7,-2,-2,-1,-1,0,0,0,58,-81,-7,None
0,-2,3,1,3,0,-2,-1,-2,0,0,0,58,-81,-7,None
0,-1,-8,-3,-1,5,-2,-2,-3,0,0,0,58,-81,-7,None
0,0,39,6,21,0,1,-1,-2,0,0,0,58,-81,-7,None
0,0,39,6,21,0,1,-1,-2,0,0,0,58,-81,-7,None
0,0,39,6,21,0,1,-1,-2,0,0,0,58,-80,-7,None
0,3,-15,-9,-19,-5,0,0,-1,0,0,0,58,-80,-7,None
0,-5,0,0,21,18,-5,-4,-3,0,0,0,58,-80,-7,None
0,-4,-8,-1,-7,1,-2,-2,-2,0,0,0,58,-80,-7,None
0,0,2,-2,-2,2,-1,0,-1,0,0,0,58,-80,-7,None
0,0,2,-2,-2,2,-1,0,-1,0,0,0,58,-80,-7,None
0,0,2,-2,-2,2,-1,0,-1,0,0,0,58,-81,-7,None
0,-2,2,-4,1,-4,0,-1,-2,0,0,0,58,-81,-7,None
0,0,2,-1,-3,-6,0,0,-1,0,0,0,58,-81,-7,None
0,1,7,-2,6,0,-2,-1,0,0,0,0,58,-81,-7,None
0,-2,-9,-4,-13,0,-2,-2,-1,0,0,0,58,-81,-7,None
0,-2,-9,-4,-13,0,-2,-2,-1,0,0,0,58,-81,-7,None
0,-2,-9,-4,-13,0,-2,-2,-1,0,0,0,58,-81,-8,None
0,0,3,-8,6,1,-1,0,-2,0,0,0,58,-81,-8,None
