0,-1,0,-7,-8,-3,-5,5,-2,0,0,0,36,-114,-7,None
0,-1,1,1,3,-7,0,-4,0,0,0,0,36,-114,-7,None
0,-1,-1,-3,8,34,-3,-2,-4,0,0,0,36,-114,-7,None
0,-1,-1,-3,8,34,-3,-2,-4,0,0,0,36,-114,-7,None
0,-1,-1,-3,8,34,-3,-2,-4,0,0,0,24,-120,-2,None
0,-2,-1,-2,-2,-34,-26,-5,-2,0,0,0,24,-120,-2,None
0,0,0,-4,1,34,17,3,-2,0,0,0,24,-120,-2,None
0,-1,1,0,-3,-15,-4,-13,-1,0,0,0,24,-120,-2,None
0,0,2,1,-2,-10,6,12,0,0,0,0,24,-120,-2,None
0,0,2,1,-2,-10,6,12,0,0,0,0,24,-120,-2,None
0,0,2,1,-2,-10,6,12,0,0,0,0,7,-123,1,None
0,-3,-1,-3,1,17,-11,-1,-2,0,0,0,7,-123,1,None
0,-1,1,-2,-2,4,4,-3,-2,0,0,0,7,-123,1,None
0,-2,0,3,13,7,-33,-10,-3,0,0,0,7,-123,1,None
0,1,2,-1,-14,-13,43,6,1,0,0,0,7,-123,1,None
0,1,2,-1,-14,-13,43,6,1,0,0,0,7,-123,1,None
0,1,2,-1,-14,-13,43,6,1,0,0,0,-7,-120,5,None
0,-3,-2,-1,-6,9,21,2,-3,0,0,0,-7,-120,5,None
0,-1,0,0,-4,1,-12,4,2,0,0,0,-7,-120,5,None
0,-1,0,-1,-5,19,15,-1,-2,0,0,0,-7,-120,5,None
0,-2,0,2,11,-60,-48,-15,-5,0,0,0,-7,-120,5,None
0,-2,0,2,11,-60,-48,-15,-5,0,0,0,-7,-120,5,None
0,-2,0,2,11,-60,-48,-15,-5,0,0,0,-11,-115,8,None
0,0,2,2,-7,18,27,10,1,0,0,0,-11,-115,8,None
0,-3,1,-2,-2,-21,-15,-7,-4,0,0,0,-11,-115,8,None
0,1,2,0,-7,-9,29,12,4,0,0,0,-11,-115,8,None
0,-2,0,1,1,9,-18,-7,-4,0,0,0,-11,-115,8,None
0,-2,0,1,1,9,-18,-7,-4,0,0,0,-11,-115,8,None
0,-2,0,1,1,9,-18,-7,-4,0,0,0,-18,-110,10,None
0,-3,-2,0,25,5,11,6,3,0,0,0,-18,-110,10,None
0,-1,-2,-7,-25,-23,-8,-3,-2,0,0,0,-18,-110,10,None
0,-1,-3,0,15,-21,-9,-6,-3,0,0,0,-18,-110,10,None
0,0,1,-7,-8,7,2,-3,-2,0,0,0,-18,-110,10,None
0,0,1,-7,-8,7,2,-3,-2,0,0,0,-18,-110,10,None
0,0,1,-7,-8,7,2,-3,-2,0,0,0,-26,-101,10,None
0,-1,-1,0,15,-5,-1,-7,-4,0,0,0,-26,-101,10,None
0,-1,1,1,5,18,-2,-2,0,0,0,0,-26,-101,10,None
0,0,2,-1,-26,-10,-4,-6,-3,0,0,0,-26,-101,10,None
0,-2,-1,-2,9,-10,2,3,1,0,0,0,-26,-101,10,None
0,-2,-1,-2,9,-10,2,3,1,0,0,0,-26,-101,10,None
0,-2,-1,-2,9,-10,2,3,1,0,0,0,-31,-96,13,None
0,0,2,-2,-13,5,-5,-5,-2,0,0,0,-31,-96,13,None
0,-3,1,2,-4,19,-2,-2,-3,0,0,0,-31,-96,13,None
0,-2,-1,-4,12,9,7,8,1,0,0,0,-31,-96,13,None
0,-1,-2,-4,-19,3,-3,-2,-3,0,0,0,-31,-96,13,None
0,-1,-2,-4,-19,3,-3,-2,-3,0,0,0,-31,-96,13,None
0,-1,-2,-4,-19,3,-3,-2,-3,0,0,0,-35,-94,10,None
0,-2,0,2,-2,52,2,-7,-4,0,0,0,-35,-94,10,None
0,-1,0,-3,10,-18,-6,-1,0,0,0,0,-35,-94,10,None
0,1,2,-4,3,23,9,5,1,0,0,0,-35,-94,10,None
0,-3,-1,0,-1,-9,-1,0,0,0,0,0,-35,-94,10,None
0,-3,-1,0,-1,-9,-1,0,0,0,0,0,-35,-94,10,None
0,-3,-1,0,-1,-9,-1,0,0,0,0,0,-33,-90,12,None
0,-1,0,-6,-24,-27,-16,-5,-5,0,0,0,-33,-90,12,None
0,-1,-1,-1,21,17,-4,-5,-5,0,0,0,-33,-90,12,None
0,0,2,0,-27,-14,-1,-1,1,0,0,0,-33,-90,12,None
0,0,-2,-4,24,45,15,6,4,0,0,0,-33,-90,12,None
0,0,-2,-4,24,45,15,6,4,0,0,0,-33,-90,12,None
0,0,-2,-4,24,45,15,6,4,0,0,0,-31,-80,9,None
0,-1,2,-3,-6,-31,-10,-5,-3,0,0,0,-31,-80,9,None
0,-3,-2,-2,20,9,1,-1,-1,0,0,0,-31,-80,9,None
0,-1,0,-1,-2,-4,-2,-3,-3,0,0,0,-31,-80,9,None
0,-1,4,-4,-16,3,-6,-5,-5,0,0,0,-31,-80,9,None
0,-1,4,-4,-16,3,-6,-5,-5,0,0,0,-31,-80,9,None
0,-1,4,-4,-16,3,-6,-5,-5,0,0,0,-35,-72,6,None
0,-2,-2,-3,11,26,10,-2,2,0,0,0,-35,-72,6,None
0,-3,-1,1,-7,0,-6,-6,-5,0,0,0,-35,-72,6,None
0,-2,-1,-3,18,23,2,1,1,0,0,0,-35,-72,6,None
0,-1,0,5,29,46,2,-3,-3,0,0,0,-35,-72,6,None
0,-1,0,5,29,46,2,-3,-3,0,0,0,-35,-72,6,None
0,-1,0,5,29,46,2,-3,-3,0,0,0,-39,-72,0,None
0,0,0,-6,-58,-31,-1,2,3,0,0,0,-39,-72,0,None
0,-1,2,-5,-2,-22,-7,-3,-4,0,0,0,-39,-72,0,None
0,-2,-3,-1,62,55,-5,-9,-5,0,0,0,-39,-72,0,None
0,-1,0,-2,-4,9,8,1,2,0,0,0,-39,-72,0,None
0,-1,0,-2,-4,9,8,1,2,0,0,0,-39,-72,0,None
0,-1,0,-2,-4,9,8,1,2,0,0,0,-44,-75,0,None
0,2,2,-1,7,-36,-1,3,3,0,0,0,-44,-75,0,None
0,-1,-1,-8,-57,46,2,2,0,0,0,0,-44,-75,0,None
0,-4,4,5,73,-32,-9,-7,-4,0,0,0,-44,-75,0,None
0,-3,-2,-3,-55,-5,-2,-2,-4,0,0,0,-44,-75,0,None
0,-3,-2,-3,-55,-5,-2,-2,-4,0,0,0,-44,-75,0,None
0,-3,-2,-3,-55,-5,-2,-2,-4,0,0,0,-47,-69,0,None
0,-4,-4,-6,73,52,7,0,-4,0,0,0,-47,-69,0,None
0,-1,-1,-7,-53,-65,-11,-2,-1,0,0,0,-47,-69,0,None
0,-4,-4,3,57,14,-8,-1,-4,0,0,0,-47,-69,0,None
0,-1,0,-4,-37,1,-6,-6,-2,0,0,0,-47,-69,0,None
0,-1,0,-4,-37,1,-6,-6,-2,0,0,0,-47,-69,0,None
0,-1,0,-4,-37,1,-6,-6,-2,0,0,0,-55,-62,2,None
0,3,4,8,56,-4,7,5,4,0,0,0,-55,-62,2,None
0,-4,-4,-10,13,21,-3,-5,-6,0,0,0,-55,-62,2,None
0,1,2,0,-10,-13,5,3,3,0,0,0,-55,-62,2,None
0,2,2,-4,34,-12,-6,-2,0,0,0,0,-55,-62,2,None
0,2,2,-4,34,-12,-6,-2,0,0,0,0,-55,-62,2,None
0,2,2,-4,34,-12,-6,-2,0,0,0,0,-62,-61,5,None
0,-3,-1,6,19,-18,2,-2,-4,0,0,0,-62,-61,5,None
0,-2,14,-6,-32,43,-7,-3,-2,0,0,0,-62,-61,5,None
0,-4,4,0,-52,-69,-4,-1,-5,0,0,0,-62,-61,5,None
0,4,18,-8,55,55,-2,-3,0,0,0,0,-62,-61,5,None
0,4,18,-8,55,55,-2,-3,0,0,0,0,-62,-61,5,None
0,4,18,-8,55,55,-2,-3,0,0,0,0,-69,-60,4,None
0,-8,-22,7,-57,-27,3,-1,-2,0,0,0,-69,-60,4,None
0,-1,4,4,-38,-16,-1,1,-1,0,0,0,-69,-60,4,None
0,3,-5,-6,-48,1,3,0,-1,0,0,0,-69,-60,4,None
0,-5,10,0,-12,-4,-3,0,-2,0,0,0,-69,-60,4,None
0,-5,10,0,-12,-4,-3,0,-2,0,0,0,-69,-60,4,None
0,-5,10,0,-12,-4,-3,0,-2,0,0,0,-71,-56,5,None
0,3,19,-3,6,12,-8,-1,0,0,0,0,-71,-56,5,None
0,2,5,4,72,-3,5,1,1,0,0,0,-71,-56,5,None
0,0,-1,-7,-58,3,-7,-2,-2,0,0,0,-71,-56,5,None
0,-3,-9,8,80,-11,4,-2,-2,0,0,0,-71,-56,5,None
0,-3,-9,8,80,-11,4,-2,-2,0,0,0,-71,-56,5,None
0,-3,-9,8,80,-11,4,-2,-2,0,0,0,-73,-50,6,None
0,-6,-4,-11,-54,16,-63,-13,-7,0,0,0,-73,-50,6,None
0,8,-4,2,30,15,-24,-4,2,0,0,0,-73,-50,6,None
0,2,1,1,-23,10,49,6,9,0,0,0,-73,-50,6,None
0,35,0,-2,-3,-30,91,40,27,0,0,0,-73,-50,6,None
0,35,0,-2,-3,-30,91,40,27,0,0,0,-73,-50,6,None
0,35,0,-2,-3,-30,91,40,27,0,0,0,-73,-46,7,None
0,19,11,25,36,30,-95,-21,105,0,0,0,-73,-46,7,None
0,106,17,-1,-9,76,-88,-39,108,0,0,0,-73,-46,7,None
0,-98,-10,0,-30,-51,-35,3,12,0,0,0,-73,-46,7,None
0,0,-65,29,-22,7,-104,-75,-95,0,0,0,-73,-46,7,None
0,0,-65,29,-22,7,-104,-75,-95,0,0,0,-73,-46,7,None
0,0,-65,29,-22,7,-104,-75,-95,0,0,0,-78,-46,12,None
0,44,-8,-12,-18,-31,127,65,-114,0,0,0,-78,-46,12,None
0,-53,26,-19,1,6,68,0,-2,0,0,0,-78,-46,12,None
0,102,-18,-57,-21,-27,111,-16,-25,0,0,0,-78,-46,12,None
0,-30,-30,10,13,57,-72,-82,26,0,0,0,-78,-46,12,None
0,-30,-30,10,13,57,-72,-82,26,0,0,0,-78,-46,12,None
0,-30,-30,10,13,57,-72,-82,26,0,0,0,-109,-9,-1,None
0,13,31,-34,3,81,-26,-20,-4,0,0,0,-109,-9,-1,None
0,-62,14,34,11,23,-73,20,116,0,0,0,-109,-9,-1,None
0,116,31,3,-18,87,-43,34,18,0,0,0,-109,-9,-1,None
0,-56,-5,17,-1,-58,-53,27,75,0,0,0,-109,-9,-1,None
0,-56,-5,17,-1,-58,-53,27,75,0,0,0,-109,-9,-1,None
0,-56,-5,17,-1,-58,-53,27,75,0,0,0,-86,-39,-2,None
0,17,-19,2,4,-19,24,19,56,0,0,0,-86,-39,-2,None
0,-47,-9,5,16,-67,33,9,-55,0,0,0,-86,-39,-2,None
0,-17,1,21,18,25,-40,-18,4,0,0,0,-86,-39,-2,None
0,15,-6,-32,-13,-31,30,6,-48,0,0,0,-86,-39,-2,None
0,15,-6,-32,-13,-31,30,6,-48,0,0,0,-86,-39,-2,None
0,15,-6,-32,-13,-31,30,6,-48,0,0,0,-51,-53,1,None
0,-66,25,19,16,-14,7,-10,-4,0,0,0,-51,-53,1,None
0,23,-9,-10,0,-28,31,10,-45,0,0,0,-51,-53,1,None
0,-27,-5,1,56,3,-31,-18,-30,0,0,0,-51,-53,1,None
0,16,6,-13,7,-1,27,23,11,0,0,0,-51,-53,1,None
0,16,6,-13,7,-1,27,23,11,0,0,0,-51,-53,1,None
0,16,6,-13,7,-1,27,23,11,0,0,0,-26,-58,-1,None
0,-2,41,-20,-76,-24,15,-1,-6,0,0,0,-26,-58,-1,None
0,-3,-28,-11,0,-31,-20,-22,-41,0,0,0,-26,-58,-1,None
0,0,48,19,48,16,13,1,-3,0,0,0,-26,-58,-1,None
0,-2,28,-9,14,6,10,6,47,0,0,0,-26,-58,-1,None
0,-2,28,-9,14,6,10,6,47,0,0,0,-26,-58,-1,None
0,-2,28,-9,14,6,10,6,47,0,0,0,-97,-44,-2,None
0,12,-5,13,53,65,-18,-37,-72,0,0,0,-97,-44,-2,None
0,27,17,3,-82,-101,17,21,-5,0,0,0,-97,-44,-2,None
0,-68,-61,8,55,75,-3,37,31,0,0,0,-97,-44,-2,None
0,38,67,23,49,-37,7,27,-4,0,0,0,-97,-44,-2,None
0,38,67,23,49,-37,7,27,-4,0,0,0,-97,-44,-2,None
0,38,67,23,49,-37,7,27,-4,0,0,0,-105,-43,12,None
0,-6,-15,-22,-125,-32,-20,-15,8,0,0,0,-105,-43,12,None
0,-15,-14,3,75,14,6,-13,-45,0,0,0,-105,-43,12,None
0,69,44,2,-45,76,4,-11,5,0,0,0,-105,-43,12,None
0,-45,-17,8,26,-28,2,10,11,0,0,0,-105,-43,12,None
0,-45,-17,8,26,-28,2,10,11,0,0,0,-105,-43,12,None
0,-45,-17,8,26,-28,2,10,11,0,0,0,-55,-24,18,None
0,14,-31,-12,-8,10,2,-5,0,0,0,0,-55,-24,18,None
0,-15,-8,0,66,-77,4,-7,-4,0,0,0,-55,-24,18,None
0,-9,-23,-30,-75,9,-15,-11,12,0,0,0,-55,-24,18,None
0,35,6,-26,-10,-52,0,-3,-17,0,0,0,-55,-24,18,None
0,35,6,-26,-10,-52,0,-3,-17,0,0,0,-55,-24,18,None
0,35,6,-26,-10,-52,0,-3,-17,0,0,0,-79,-26,10,None
0,-9,64,6,-5,-74,-10,-2,12,0,0,0,-79,-26,10,None
0,6,-61,-10,41,72,13,13,7,0,0,0,-79,-26,10,None
0,-20,-23,-16,-68,-98,-27,-11,-13,0,0,0,-79,-26,10,None
0,7,-20,-3,-2,-26,11,1,-3,0,0,0,-79,-26,10,None
0,7,-20,-3,-2,-26,11,1,-3,0,0,0,-79,-26,10,None
0,7,-20,-3,-2,-26,11,1,-3,0,0,0,-88,-35,13,None
0,-21,-7,-6,1,70,5,8,4,0,0,0,-88,-35,13,None
0,10,11,2,22,24,-4,-5,-5,0,0,0,-88,-35,13,None
0,-11,9,4,28,-65,-6,-2,-3,0,0,0,-88,-35,13,None
0,-12,6,-7,-46,39,6,0,-2,0,0,0,-88,-35,13,None
0,-12,6,-7,-46,39,6,0,-2,0,0,0,-88,-35,13,None
0,-12,6,-7,-46,39,6,0,-2,0,0,0,-94,-36,18,None
0,8,-32,12,91,-30,-19,2,14,0,0,0,-94,-36,18,None
0,19,2,-7,-32,24,-16,-10,-11,0,0,0,-94,-36,18,None
0,-33,7,9,23,0,3,-4,1,0,0,0,-94,-36,18,None
0,28,19,0,-37,9,-11,7,63,0,0,0,-94,-36,18,None
0,28,19,0,-37,9,-11,7,63,0,0,0,-94,-36,18,None
0,28,19,0,-37,9,-11,7,63,0,0,0,-100,-33,20,None
0,-77,-14,14,64,55,-92,1,114,0,0,0,-100,-33,20,None
0,-7,20,10,-34,14,23,41,120,0,0,0,-100,-33,20,None
0,-105,-1,14,19,15,-15,-59,-77,0,0,0,-100,-33,20,None
0,101,18,58,63,107,-84,-26,47,0,0,0,-100,-33,20,None
0,101,18,58,63,107,-84,-26,47,0,0,0,-100,-33,20,None
0,101,18,58,63,107,-84,-26,47,0,0,0,-102,-37,21,None
0,-94,-54,-75,-1,3,89,-26,-15,0,0,0,-102,-37,21,None
0,-93,11,8,-45,78,74,1,-88,0,0,0,-102,-37,21,None
0,109,34,-16,-15,48,-73,-63,-39,0,0,0,-102,-37,21,None
0,-128,-11,-3,10,54,-18,6,-41,0,0,0,-102,-37,21,None
0,-128,-11,-3,10,54,-18,6,-41,0,0,0,-102,-37,21,None
0,-128,-11,-3,10,54,-18,6,-41,0,0,0,-115,-8,8,None
0,127,0,5,6,-28,-101,-82,-128,0,0,0,-115,-8,8,None
0,-36,2,18,0,-77,41,26,118,0,0,0,-115,-8,8,None
0,-21,-21,-5,-2,-61,9,46,83,0,0,0,-115,-8,8,None
0,-90,-1,38,-12,90,55,39,94,0,0,0,-115,-8,8,None
0,-90,-1,38,-12,90,55,39,94,0,0,0,-115,-8,8,None
0,-90,-1,38,-12,90,55,39,94,0,0,0,-83,-37,-3,None
0,99,36,11,-20,-4,92,10,-69,0,0,0,-83,-37,-3,None
0,-104,-22,-19,-14,-24,15,7,55,0,0,0,-83,-37,-3,None
0,108,8,0,20,-37,-75,-21,10,0,0,0,-83,-37,-3,None
0,-110,-24,-46,-46,-47,11,19,71,0,0,0,-83,-37,-3,None
0,-110,-24,-46,-46,-47,11,19,71,0,0,0,-83,-37,-3,None
0,-110,-24,-46,-46,-47,11,19,71,0,0,0,-40,-63,-10,None
0,8,7,22,-1,-32,31,12,-19,0,0,0,-40,-63,-10,None
0,65,12,-10,29,2,-34,-20,-55,0,0,0,-40,-63,-10,None
0,-53,-7,4,10,9,36,26,20,0,0,0,-40,-63,-10,None
0,-2,-7,-26,-28,-34,-15,-10,-41,0,0,0,-40,-63,-10,None
0,-2,-7,-26,-28,-34,-15,-10,-41,0,0,0,-40,-63,-10,None
0,-2,-7,-26,-28,-34,-15,-10,-41,0,0,0,-53,-70,10,None
0,-20,1,-2,5,3,16,16,-3,0,0,0,-53,-70,10,None
0,27,6,-1,4,7,-59,-31,-51,0,0,0,-53,-70,10,None
0,-29,0,-5,-5,-12,14,22,33,0,0,0,-53,-70,10,None
0,54,8,-9,-18,-24,34,-7,-72,0,0,0,-53,-70,10,None
0,54,8,-9,-18,-24,34,-7,-72,0,0,0,-53,-70,10,None
0,54,8,-9,-18,-24,34,-7,-72,0,0,0,-116,-48,2,None
0,-31,-2,2,-6,-11,-28,12,38,0,0,0,-116,-48,2,None
0,34,2,-9,3,21,-17,-2,-4,0,0,0,-116,-48,2,None
0,-21,-5,7,-2,-15,30,14,0,0,0,0,-116,-48,2,None
0,43,-1,-15,-1,-21,4,-17,-48,0,0,0,-116,-48,2,None
0,43,-1,-15,-1,-21,4,-17,-48,0,0,0,-116,-48,2,None
0,43,-1,-15,-1,-21,4,-17,-48,0,0,0,-71,-40,14,None
0,-25,-5,5,-5,5,-11,7,28,0,0,0,-71,-40,14,None
0,3,0,-2,-4,-15,-26,0,0,0,0,0,-71,-40,14,None
0,-2,-1,-1,2,12,19,0,-16,0,0,0,-71,-40,14,None
0,16,-1,-2,21,-6,-17,-16,-20,0,0,0,-71,-40,14,None
0,16,-1,-2,21,-6,-17,-16,-20,0,0,0,-71,-40,14,None
0,16,-1,-2,21,-6,-17,-16,-20,0,0,0,-81,-26,12,None
0,-27,-2,2,-16,-10,-3,14,41,0,0,0,-81,-26,12,None
0,11,0,4,3,5,0,-7,-30,0,0,0,-81,-26,12,None
0,-7,11,-4,-29,0,3,2,4,0,0,0,-81,-26,12,None
0,17,-10,-11,6,-34,5,-3,0,0,0,0,-81,-26,12,None
0,17,-10,-11,6,-34,5,-3,0,0,0,0,-81,-26,12,None
0,17,-10,-11,6,-34,5,-3,0,0,0,0,-87,-24,8,None
0,-17,-10,-1,-22,-4,11,15,21,0,0,0,-87,-24,8,None
0,18,16,-7,45,29,-7,-11,-21,0,0,0,-87,-24,8,None
0,-13,-24,-4,7,-14,-2,3,3,0,0,0,-87,-24,8,None
0,7,33,-8,-8,25,1,0,-1,0,0,0,-87,-24,8,None
0,7,33,-8,-8,25,1,0,-1,0,0,0,-87,-24,8,None
0,7,33,-8,-8,25,1,0,-1,0,0,0,-80,-32,9,None
0,-9,-9,-7,-15,-42,-3,0,3,0,0,0,-80,-32,9,None
0,15,12,-6,-12,7,-11,-10,-16,0,0,0,-80,-32,9,None
0,-9,8,-3,10,1,0,6,19,0,0,0,-80,-32,9,None
0,14,-18,-11,-14,-8,7,-1,-17,0,0,0,-80,-32,9,None
0,14,-18,-11,-14,-8,7,-1,-17,0,0,0,-80,-32,9,None
0,14,-18,-11,-14,-8,7,-1,-17,0,0,0,-74,-45,13,None
0,-40,15,1,11,12,-3,4,9,0,0,0,-74,-45,13,None
0,5,-6,-4,9,-3,0,-1,-9,0,0,0,-74,-45,13,None
0,-15,6,2,-25,-9,-1,-1,1,0,0,0,-74,-45,13,None
0,9,6,-4,15,-24,1,-7,-10,0,0,0,-74,-45,13,None
0,9,6,-4,15,-24,1,-7,-10,0,0,0,-74,-45,13,None
0,9,6,-4,15,-24,1,-7,-10,0,0,0,-72,-50,10,None
0,0,6,3,13,14,-3,0,7,0,0,0,-72,-50,10,None
0,0,-9,-2,-5,5,2,2,5,0,0,0,-72,-50,10,None
0,-2,1,0,7,6,4,-2,-6,0,0,0,-72,-50,10,None
0,6,3,-5,-22,-7,-5,-2,-5,0,0,0,-72,-50,10,None
0,6,3,-5,-22,-7,-5,-2,-5,0,0,0,-72,-50,10,None
0,6,3,-5,-22,-7,-5,-2,-5,0,0,0,-67,-53,13,None
0,-1,0,-3,-1,-7,-1,1,7,0,0,0,-67,-53,13,None
0,-7,-10,-2,-3,-5,-1,-4,-6,0,0,0,-67,-53,13,None
0,7,16,-2,0,14,5,-1,-3,0,0,0,-67,-53,13,None
0,0,-18,-2,-11,-12,-5,-2,1,0,0,0,-67,-53,13,None
0,0,-18,-2,-11,-12,-5,-2,1,0,0,0,-67,-53,13,None
0,0,-18,-2,-11,-12,-5,-2,1,0,0,0,-65,-57,13,None
0,1,-10,1,17,6,2,1,2,0,0,0,-65,-57,13,None
0,2,3,-4,-9,-7,-4,-2,-4,0,0,0,-65,-57,13,None
0,-3,4,-3,-6,-12,-4,-5,-3,0,0,0,-65,-57,13,None
0,-3,-4,-3,1,17,-2,-3,-3,0,0,0,-65,-57,13,None
0,-3,-4,-3,1,17,-2,-3,-3,0,0,0,-65,-57,13,None
0,-3,-4,-3,1,17,-2,-3,-3,0,0,0,-64,-59,11,None
0,1,8,-3,1,-1,2,0,0,0,0,0,-64,-59,11,None
0,1,0,0,-5,-7,-4,-4,-1,0,0,0,-64,-59,11,None
0,-5,-6,-2,4,0,-3,-2,-2,0,0,0,-64,-59,11,None
0,2,8,-2,-4,-12,2,2,-3,0,0,0,-64,-59,11,None
0,2,8,-2,-4,-12,2,2,-3,0,0,0,-64,-59,11,None
0,2,8,-2,-4,-12,2,2,-3,0,0,0,-62,-62,13,None
0,4,-4,-3,-3,7,-4,-2,-1,0,0,0,-62,-62,13,None
0,0,4,-2,-6,0,-4,-3,0,0,0,0,-62,-62,13,None
0,-3,-9,-2,9,-1,-3,-2,-5,0,0,0,-62,-62,13,None
0,0,2,-2,-3,1,-4,-5,-6,0,0,0,-62,-62,13,None
0,0,2,-2,-3,1,-4,-5,-6,0,0,0,-62,-62,13,None
0,0,2,-2,-3,1,-4,-5,-6,0,0,0,-59,-66,15,None
0,-1,0,-1,-2,6,4,1,3,0,0,0,-59,-66,15,None
0,-1,-1,-3,4,-5,-3,-3,-1,0,0,0,-59,-66,15,None
0,-1,1,-1,-6,0,-1,-2,-3,0,0,0,-59,-66,15,None
0,-1,1,-2,1,5,-1,-1,-3,0,0,0,-59,-66,15,None
0,-1,1,-2,1,5,-1,-1,-3,0,0,0,-59,-66,15,None
0,-1,1,-2,1,5,-1,-1,-3,0,0,0,-60,-70,15,None
0,-2,-1,0,0,-7,-3,-1,-1,0,0,0,-60,-70,15,None
0,0,2,-1,-14,-26,-2,-1,-1,0,0,0,-60,-70,15,None
0,-1,-3,2,20,53,3,-2,-1,0,0,0,-60,-70,15,None
0,-1,5,-5,-13,-20,-2,1,1,0,0,0,-60,-70,15,None
0,-1,5,-5,-13,-20,-2,1,1,0,0,0,-60,-70,15,None
0,-1,5,-5,-13,-20,-2,1,1,0,0,0,-55,-72,12,None
0,-1,-1,-1,1,8,-2,-1,0,0,0,0,-55,-72,12,None
0,0,-1,-5,-1,2,0,0,-1,0,0,0,-55,-72,12,None
0,-1,-1,-4,-3,-15,-2,-1,-2,0,0,0,-55,-72,12,None
0,-1,-1,-2,-5,3,-2,-1,-2,0,0,0,-55,-72,12,None
0,-1,-1,-2,-5,3,-2,-1,-2,0,0,0,-55,-72,12,None
0,-1,-1,-2,-5,3,-2,-1,-2,0,0,0,-48,-79,12,None
0,0,2,-4,-8,-2,-5,-4,-4,0,0,0,-48,-79,12,None
0,-3,-2,-2,1,8,0,1,0,0,0,0,-48,-79,12,None
0,-3,-2,-2,-2,-1,-2,-5,-4,0,0,0,-48,-79,12,None
0,-1,1,0,14,6,3,-1,-2,0,0,0,-48,-79,12,None
0,-1,1,0,14,6,3,-1,-2,0,0,0,-48,-79,12,None
0,-1,1,0,14,6,3,-1,-2,0,0,0,-41,-86,13,None
0,-1,-1,-3,-13,-9,-3,-2,-1,0,0,0,-41,-86,13,None
0,0,0,-3,-11,0,-3,-3,-2,0,0,0,-41,-86,13,None
0,0,-1,1,0,-9,0,0,0,0,0,0,-41,-86,13,None
0,1,1,-3,-4,1,-2,-3,-2,0,0,0,-41,-86,13,None
0,1,1,-3,-4,1,-2,-3,-2,0,0,0,-41,-86,13,None
0,1,1,-3,-4,1,-2,-3,-2,0,0,0,-41,-90,10,None
0,0,2,2,0,16,1,-3,-3,0,0,0,-41,-90,10,None
0,-2,-1,-3,3,-9,-6,0,-1,0,0,0,-41,-90,10,None
0,-1,-1,-3,17,-2,3,-1,-2,0,0,0,-41,-90,10,None
0,-3,-1,2,-14,7,4,1,-1,0,0,0,-41,-90,10,None
0,-3,-1,2,-14,7,4,1,-1,0,0,0,-41,-90,10,None
0,-3,-1,2,-14,7,4,1,-1,0,0,0,-38,-85,8,None
0,-1,-1,-3,12,1,-2,-2,-1,0,0,0,-38,-85,8,None
0,0,2,0,-8,2,-1,-2,-3,0,0,0,-38,-85,8,None
0,0,2,-1,4,-2,0,-1,0,0,0,0,-38,-85,8,None
0,0,2,-1,0,-8,2,-1,0,0,0,0,-38,-85,8,None
0,0,2,-1,0,-8,2,-1,0,0,0,0,-38,-85,8,None
0,0,2,-1,0,-8,2,-1,0,0,0,0,-28,-82,12,None
0,-1,-1,-3,-10,2,0,1,-1,0,0,0,-28,-82,12,None
0,-1,1,-1,-10,-2,-3,-3,-3,0,0,0,-28,-82,12,None
0,-2,0,-2,12,5,1,0,-1,0,0,0,-28,-82,12,None
0,-2,-1,1,2,4,2,0,-1,0,0,0,-28,-82,12,None
0,-2,-1,1,2,4,2,0,-1,0,0,0,-28,-82,12,None
0,-2,-1,1,2,4,2,0,-1,0,0,0,-20,-89,14,None
0,0,1,-1,-2,2,-2,-2,-2,0,0,0,-20,-89,14,None
0,-1,0,-1,19,7,1,0,1,0,0,0,-20,-89,14,None
0,-1,-1,-3,-17,-2,-4,-2,-2,0,0,0,-20,-89,14,None
0,-1,0,0,-6,0,2,-1,-1,0,0,0,-20,-89,14,None
0,-1,0,0,-6,0,2,-1,-1,0,0,0,-20,-89,14,None
0,-1,0,0,-6,0,2,-1,-1,0,0,0,-18,-89,10,None
0,0,0,-1,1,-5,-1,-3,-3,0,0,0,-18,-89,10,None
0,-1,1,-2,4,4,-2,-1,-2,0,0,0,-18,-89,10,None
0,0,0,1,29,5,-2,-2,-2,0,0,0,-18,-89,10,None
0,-1,2,-4,-47,-19,-7,-5,-2,0,0,0,-18,-89,10,None
0,-1,2,-4,-47,-19,-7,-5,-2,0,0,0,-18,-89,10,None
0,-1,2,-4,-47,-19,-7,-5,-2,0,0,0,-15,-90,6,None
0,-2,-1,-4,22,7,3,2,0,0,0,0,-15,-90,6,None
0,-1,0,0,-4,6,4,0,-1,0,0,0,-15,-90,6,None
0,-1,-1,-5,-15,-9,-6,-2,-2,0,0,0,-15,-90,6,None
0,-2,1,-4,14,-13,-5,-2,-3,0,0,0,-15,-90,6,None
0,-2,1,-4,14,-13,-5,-2,-3,0,0,0,-15,-90,6,None
0,-2,1,-4,14,-13,-5,-2,-3,0,0,0,-6,-96,7,None
0,-2,3,6,27,37,0,-3,-3,0,0,0,-6,-96,7,None
0,0,1,-3,-6,7,3,2,0,0,0,0,-6,-96,7,None
0,0,-2,-7,-20,-8,7,5,0,0,0,0,-6,-96,7,None
0,-1,-2,-1,43,6,-10,-4,-2,0,0,0,-6,-96,7,None
0,-1,-2,-1,43,6,-10,-4,-2,0,0,0,-6,-96,7,None
0,-1,-2,-1,43,6,-10,-4,-2,0,0,0,0,-106,7,None
0,0,0,3,-17,-54,4,0,-1,0,0,0,0,-106,7,None
0,-2,-2,-5,-34,27,0,-6,-3,0,0,0,0,-106,7,None
0,-1,2,3,-16,-35,-11,-4,-3,0,0,0,0,-106,7,None
0,0,3,6,75,31,2,2,0,0,0,0,0,-106,7,None
0,0,3,6,75,31,2,2,0,0,0,0,0,-106,7,None
0,0,3,6,75,31,2,2,0,0,0,0,1,-109,0,None
0,-1,-1,3,-66,-19,-3,2,-1,0,0,0,1,-109,0,None
0,-2,-3,3,102,10,-9,-6,-4,0,0,0,1,-109,0,None
0,-2,-4,-11,-75,-17,0,-2,-1,0,0,0,1,-109,0,None
0,-2,1,-2,35,21,2,-3,-1,0,0,0,1,-109,0,None
0,-2,1,-2,35,21,2,-3,-1,0,0,0,1,-109,0,None
0,-2,1,-2,35,21,2,-3,-1,0,0,0,6,-106,-4,None
0,-1,1,-5,15,-1,-1,-2,-1,0,0,0,6,-106,-4,None
0,2,4,2,6,-38,10,4,4,0,0,0,6,-106,-4,None
0,-2,-3,-3,38,30,-13,-4,-1,0,0,0,6,-106,-4,None
0,0,1,1,78,22,8,-5,0,0,0,0,6,-106,-4,None
0,0,1,1,78,22,8,-5,0,0,0,0,6,-106,-4,None
0,0,1,1,78,22,8,-5,0,0,0,0,14,-111,-3,None
0,5,5,-3,-32,-24,-4,-3,1,0,0,0,14,-111,-3,None
0,-1,2,-19,-128,-43,2,2,-3,0,0,0,14,-111,-3,None
0,-2,0,-4,77,32,-4,0,-3,0,0,0,14,-111,-3,None
0,-1,-2,-2,-63,-9,0,-1,-1,0,0,0,14,-111,-3,None
0,-1,-2,-2,-63,-9,0,-1,-1,0,0,0,14,-111,-3,None
0,-1,-2,-2,-63,-9,0,-1,-1,0,0,0,18,-120,-5,None
0,-1,-1,2,49,41,6,0,-1,0,0,0,18,-120,-5,None
0,-1,2,5,-15,-27,-17,-5,-3,0,0,0,18,-120,-5,None
0,-4,-4,-5,-63,-29,4,-4,-3,0,0,0,18,-120,-5,None
0,0,3,6,24,28,-1,1,-1,0,0,0,18,-120,-5,None
0,0,3,6,24,28,-1,1,-1,0,0,0,18,-120,-5,None
0,0,3,6,24,28,-1,1,-1,0,0,0,22,-120,-8,None
0,-2,2,3,-94,-32,-4,-1,-1,0,0,0,22,-120,-8,None
0,-2,-2,-2,-8,20,1,-3,-2,0,0,0,22,-120,-8,None
0,-1,3,5,27,-16,7,1,-1,0,0,0,22,-120,-8,None
0,-3,-4,3,-91,22,-7,-4,-2,0,0,0,22,-120,-8,None
0,-3,-4,3,-91,22,-7,-4,-2,0,0,0,22,-120,-8,None
0,-3,-4,3,-91,22,-7,-4,-2,0,0,0,25,-115,-7,None
0,-2,0,-25,64,-29,-1,5,-2,0,0,0,25,-115,-7,None
0,-6,0,0,20,0,-4,-7,-5,0,0,0,25,-115,-7,None
0,0,-1,-7,-83,-63,-3,-2,-3,0,0,0,25,-115,-7,None
0,-2,2,3,23,34,10,0,-1,0,0,0,25,-115,-7,None
0,-2,2,3,23,34,10,0,-1,0,0,0,25,-115,-7,None
0,-2,2,3,23,34,10,0,-1,0,0,0,34,-108,0,None
0,-2,-1,-16,-14,35,-7,-2,-1,0,0,0,34,-108,0,None
0,-1,1,-2,-40,-57,1,1,-1,0,0,0,34,-108,0,None
0,1,8,5,107,73,3,2,1,0,0,0,34,-108,0,None
0,0,0,-58,-46,-50,5,-1,-3,0,0,0,34,-108,0,None
0,0,0,-58,-46,-50,5,-1,-3,0,0,0,34,-108,0,None
0,0,0,-58,-46,-50,5,-1,-3,0,0,0,39,-105,2,None
0,-4,-1,29,59,34,-2,-3,-3,0,0,0,39,-105,2,None
0,-2,-1,12,61,7,-1,0,0,0,0,0,39,-105,2,None
0,3,7,9,106,-8,1,2,2,0,0,0,39,-105,2,None
0,-6,-9,4,-22,-44,-13,-6,-7,0,0,0,39,-105,2,None
0,-6,-9,4,-22,-44,-13,-6,-7,0,0,0,39,-105,2,None
0,-6,-9,4,-22,-44,-13,-6,-7,0,0,0,47,-103,-1,None
0,-1,-1,-8,-7,-29,-8,-5,-1,0,0,0,47,-103,-1,None
0,1,1,-4,-2,63,1,-2,-1,0,0,0,47,-103,-1,None
0,3,6,12,20,-12,5,3,1,0,0,0,47,-103,-1,None
0,-1,2,11,-38,-104,-10,0,2,0,0,0,47,-103,-1,None
0,-1,2,11,-38,-104,-10,0,2,0,0,0,47,-103,-1,None
0,-1,2,11,-38,-104,-10,0,2,0,0,0,42,-113,-2,None
0,-9,-13,-47,-51,63,-3,-8,-7,0,0,0,42,-113,-2,None
0,-1,-2,5,-2,39,-1,-1,-3,0,0,0,42,-113,-2,None
0,2,18,0,-13,5,0,-1,-1,0,0,0,42,-113,-2,None
0,-4,-27,-9,31,6,2,2,0,0,0,0,42,-113,-2,None
0,-4,-27,-9,31,6,2,2,0,0,0,0,42,-113,-2,None
0,-4,-27,-9,31,6,2,2,0,0,0,0,50,-105,-2,None
0,4,-16,7,13,-2,-1,0,1,0,0,0,50,-105,-2,None
0,1,8,-8,-5,-39,-4,0,0,0,0,0,50,-105,-2,None
0,-11,-66,-18,-48,78,-1,-4,-4,0,0,0,50,-105,-2,None
0,4,8,8,-6,-16,1,0,-1,0,0,0,50,-105,-2,None
0,4,8,8,-6,-16,1,0,-1,0,0,0,50,-105,-2,None
0,4,8,8,-6,-16,1,0,-1,0,0,0,48,-95,-4,None
0,0,9,12,5,-70,0,-1,0,0,0,0,48,-95,-4,None
0,-2,-1,-1,34,86,5,-1,-1,0,0,0,48,-95,-4,None
0,1,14,2,16,13,3,0,0,0,0,0,48,-95,-4,None
0,-2,4,3,-7,37,-3,-3,-3,0,0,0,48,-95,-4,None
0,-2,4,3,-7,37,-3,-3,-3,0,0,0,48,-95,-4,None
0,-2,4,3,-7,37,-3,-3,-3,0,0,0,53,-95,-3,None
0,2,19,0,5,-36,-3,0,-1,0,0,0,53,-95,-3,None
0,1,-1,16,59,34,3,1,1,0,0,0,53,-95,-3,None
0,-3,7,-18,-64,-86,-14,-5,-4,0,0,0,53,-95,-3,None
0,1,4,-1,4,3,1,0,1,0,0,0,53,-95,-3,None
0,1,4,-1,4,3,1,0,1,0,0,0,53,-95,-3,None
0,1,4,-1,4,3,1,0,1,0,0,0,56,-94,-5,None
0,1,19,4,26,79,3,-2,-1,0,0,0,56,-94,-5,None
0,-1,4,-5,-40,-78,-3,0,-1,0,0,0,56,-94,-5,None
0,-1,-23,0,2,76,2,-1,1,0,0,0,56,-94,-5,None
0,-7,11,9,17,-24,-7,-4,-5,0,0,0,56,-94,-5,None
0,-7,11,9,17,-24,-7,-4,-5,0,0,0,56,-94,-5,None
0,-7,11,9,17,-24,-7,-4,-5,0,0,0,56,-90,-6,None
0,-1,-4,8,31,-10,1,1,0,0,0,0,56,-90,-6,None
0,-4,-9,-51,-53,35,-6,-4,-3,0,0,0,56,-90,-6,None
0,-1,-5,2,-17,-6,-1,-1,-2,0,0,0,56,-90,-6,None
0,0,8,-7,-25,-51,-3,-1,-1,0,0,0,56,-90,-6,None
0,0,8,-7,-25,-51,-3,-1,-1,0,0,0,56,-90,-6,None
0,0,8,-7,-25,-51,-3,-1,-1,0,0,0,59,-86,-6,None
0,-1,18,4,24,18,-1,-1,-1,0,0,0,59,-86,-6,None
0,-17,0,2,26,-19,-3,-1,-1,0,0,0,59,-86,-6,None
0,22,24,-9,-4,-25,-3,-3,-3,0,0,0,59,-86,-6,None
0,2,6,2,10,75,1,-1,-1,0,0,0,59,-86,-6,None
0,2,6,2,10,75,1,-1,-1,0,0,0,59,-86,-6,None
0,2,6,2,10,75,1,-1,-1,0,0,0,62,-86,-6,None
0,-10,-34,-6,-11,-9,-1,-2,-3,0,0,0,62,-86,-6,None
0,1,0,5,31,4,-1,-1,-1,0,0,0,62,-86,-6,None
0,-9,5,-2,-17,-47,-2,-2,-2,0,0,0,62,-86,-6,None
0,3,-8,-3,12,27,2,-1,-2,0,0,0,62,-86,-6,None
0,3,-8,-3,12,27,2,-1,-2,0,0,0,62,-86,-6,None
0,3,-8,-3,12,27,2,-1,-2,0,0,0,64,-84,-7,None
0,0,5,-7,-13,-9,-1,0,0,0,0,0,64,-84,-7,None
0,2,3,2,-8,-12,-2,-2,-2,0,0,0,64,-84,-7,None
0,-5,-4,1,8,17,1,-2,0,0,0,0,64,-84,-7,None
0,2,4,0,7,10,1,1,0,0,0,0,64,-84,-7,None
0,2,4,0,7,10,1,1,0,0,0,0,64,-84,-7,None
0,2,4,0,7,10,1,1,0,0,0,0,64,-80,-6,None
0,-4,6,-3,-9,-2,1,0,-1,0,0,0,64,-80,-6,None
0,0,-3,0,3,-20,-1,-2,-1,0,0,0,64,-80,-6,None
0,-2,19,2,9,14,-2,-2,-1,0,0,0,64,-80,-6,None
0,-6,8,-6,-5,-16,1,0,-2,0,0,0,64,-80,-6,None
0,-6,8,-6,-5,-16,1,0,-2,0,0,0,64,-80,-6,None
0,-6,8,-6,-5,-16,1,0,-2,0,0,0,64,-78,-6,None
0,0,-10,-5,1,-13,-2,-1,-1,0,0,0,64,-78,-6,None
0,0,0,7,9,59,1,-1,-2,0,0,0,64,-78,-6,None
0,-4,-11,2,9,-5,-2,-2,-3,0,0,0,64,-78,-6,None
0,0,5,0,1,16,0,-1,0,0,0,0,64,-78,-6,None
0,0,5,0,1,16,0,-1,0,0,0,0,64,-78,-6,None
0,0,5,0,1,16,0,-1,0,0,0,0,64,-78,-5,None
0,-1,-1,-12,-34,-21,-3,-3,-2,0,0,0,64,-78,-5,None
0,7,26,2,12,-10,-2,-1,-1,0,0,0,64,-78,-5,None
0,-4,5,1,-3,3,0,-1,-1,0,0,0,64,-78,-5,None
0,-4,-5,0,-13,-6,-3,-1,-2,0,0,0,64,-78,-5,None
0,-4,-5,0,-13,-6,-3,-1,-2,0,0,0,64,-78,-5,None
0,-4,-5,0,-13,-6,-3,-1,-2,0,0,0,63,-78,-5,None
0,-2,3,6,18,11,0,-1,-2,0,0,0,63,-78,-5,None
0,0,0,-7,-8,-20,-3,-3,1,0,0,0,63,-78,-5,None
0,-3,7,-3,-16,-4,-1,-1,-2,0,0,0,63,-78,-5,None
0,-3,-3,0,14,21,-1,-3,-3,0,0,0,63,-78,-5,None
0,-3,-3,0,14,21,-1,-3,-3,0,0,0,63,-78,-5,None
0,-3,-3,0,14,21,-1,-3,-3,0,0,0,64,-78,-7,None
0,0,-6,2,0,5,1,-1,-2,0,0,0,64,-78,-7,None
0,-1,-3,0,-1,-7,-1,0,-2,0,0,0,64,-78,-7,None
0,-2,-1,-1,6,-2,-1,-1,-1,0,0,0,64,-78,-7,None
0,2,-14,-7,-7,-5,-1,1,-1,0,0,0,64,-78,-7,None
0,2,-14,-7,-7,-5,-1,1,-1,0,0,0,64,-78,-7,None
0,2,-14,-7,-7,-5,-1,1,-1,0,0,0,61,-80,-8,None
0,4,52,-4,-3,14,1,-1,-1,0,0,0,61,-80,-8,None
0,-10,-41,0,0,-7,1,-1,-1,0,0,0,61,-80,-8,None
0,0,19,-1,7,12,0,-1,0,0,0,0,61,-80,-8,None
0,-2,-14,-4,-5,-7,-2,-1,-1,0,0,0,61,-80,-8,None
0,-2,-14,-4,-5,-7,-2,-1,-1,0,0,0,61,-80,-8,None
0,-2,-14,-4,-5,-7,-2,-1,-1,0,0,0,55,-82,-8,None
0,0,-5,-1,1,3,0,-2,-2,0,0,0,55,-82,-8,None
0,0,8,-1,4,-14,-2,-1,-2,0,0,0,55,-82,-8,None
0,-1,-1,2,-2,0,-1,-1,-1,0,0,0,55,-82,-8,None
0,1,7,-9,-12,-6,1,-1,0,0,0,0,55,-82,-8,None
0,1,7,-9,-12,-6,1,-1,0,0,0,0,55,-82,-8,None
0,1,7,-9,-12,-6,1,-1,0,0,0,0,53,-83,-9,None
0,-3,-6,-3,17,7,-4,-2,-1,0,0,0,53,-83,-9,None
0,-2,-1,0,2,24,0,-3,-4,0,0,0,53,-83,-9,None
0,-2,-8,-2,0,0,-1,-1,-2,0,0,0,53,-83,-9,None
0,0,10,0,3,4,-1,0,-1,0,0,0,53,-83,-9,None
0,0,10,0,3,4,-1,0,-1,0,0,0,53,-83,-9,None
0,0,10,0,3,4,-1,0,-1,0,0,0,53,-84,-9,None
0,-3,-12,-1,-4,-9,-2,-1,-1,0,0,0,53,-84,-9,None
0,3,2,-5,-7,-10,-4,-3,-1,0,0,0,53,-84,-9,None
0,0,2,-4,8,6,-1,-1,-1,0,0,0,53,-84,-9,None
0,-4,1,-1,-1,-4,-1,-1,-2,0,0,0,53,-84,-9,None
0,-4,1,-1,-1,-4,-1,-1,-2,0,0,0,53,-84,-9,None
0,-4,1,-1,-1,-4,-1,-1,-2,0,0,0,54,-84,-10,None
0,0,-8,-10,-1,0,-1,-2,-2,0,0,0,54,-84,-10,None
0,-5,0,14,-3,0,-2,-1,-2,0,0,0,54,-84,-10,None
0,0,-3,-5,-3,-21,-1,-2,0,0,0,0,54,-84,-10,None
0,-4,6,-1,15,10,-4,-4,-4,0,0,0,54,-84,-10,None
0,-4,6,-1,15,10,-4,-4,-4,0,0,0,54,-84,-10,None
0,-4,6,-1,15,10,-4,-4,-4,0,0,0,54,-84,-10,None
0,-4,-13,3,4,27,2,-2,0,0,0,0,54,-84,-10,None
0,2,7,-7,1,-2,1,-1,0,0,0,0,54,-84,-10,None
0,0,-1,-2,-4,-1,-3,0,-1,0,0,0,54,-84,-10,None
0,0,-1,-1,-9,-17,-3,-2,0,0,0,0,54,-84,-10,None
0,0,-1,-1,-9,-17,-3,-2,0,0,0,0,54,-84,-10,None
0,0,-1,-1,-9,-17,-3,-2,0,0,0,0,55,-84,-10,None
0,-1,6,0,4,-2,-1,-2,-2,0,0,0,55,-84,-10,None
0,1,3,-3,0,2,-1,0,-1,0,0,0,55,-84,-10,None
0,-2,-1,-1,-3,-2,-2,-2,-2,0,0,0,55,-84,-10,None
0,-1,-1,-2,0,3,-1,-1,0,0,0,0,55,-84,-10,None
0,-1,-1,-2,0,3,-1,-1,0,0,0,0,55,-84,-10,None
0,-1,-1,-2,0,3,-1,-1,0,0,0,0,55,-83,-10,None
0,4,15,0,-5,0,-1,-1,0,0,0,0,55,-83,-10,None
0,1,-25,-4,-2,-1,0,0,-3,0,0,0,55,-83,-10,None
0,-2,-3,-2,-4,1,-1,-2,-1,0,0,0,55,-83,-10,None
0,-2,1,0,3,9,2,-1,-1,0,0,0,55,-83,-10,None
0,-2,1,0,3,9,2,-1,-1,0,0,0,55,-83,-10,None
0,-2,1,0,3,9,2,-1,-1,0,0,0,55,-82,-10,None
0,-3,-3,-2,0,-2,-3,-2,-3,0,0,0,55,-82,-10,None
0,-1,6,-3,9,0,0,-1,-2,0,0,0,55,-82,-10,None
0,-1,3,-2,5,7,0,-2,-2,0,0,0,55,-82,-10,None
0,3,24,-2,-6,-2,-2,-1,-1,0,0,0,55,-82,-10,None
0,3,24,-2,-6,-2,-2,-1,-1,0,0,0,55,-82,-10,None
0,3,24,-2,-6,-2,-2,-1,-1,0,0,0,55,-82,-10,None
0,-2,-7,-1,-6,-7,-1,-1,-1,0,0,0,55,-82,-10,None
0,2,4,-5,-3,-1,-1,-2,-1,0,0,0,55,-82,-10,None
0,-4,-2,0,1,3,-2,-2,-3,0,0,0,55,-82,-10,None
0,-1,3,-2,-1,1,-1,-1,0,0,0,0,55,-82,-10,None
0,-1,3,-2,-1,1,-1,-1,0,0,0,0,55,-82,-10,None
0,-1,3,-2,-1,1,-1,-1,0,0,0,0,54,-83,-11,None
0,-2,-6,-1,0,-3,-2,-2,-2,0,0,0,54,-83,-11,None
0,-1,2,-3,-4,-5,-1,-2,-2,0,0,0,54,-83,-11,None
0,0,6,-2,1,8,-1,-2,-1,0,0,0,54,-83,-11,None
0,-1,-6,-3,-4,-4,-1,-2,-1,0,0,0,54,-83,-11,None
0,-1,-6,-3,-4,-4,-1,-2,-1,0,0,0,54,-83,-11,None
0,-1,-6,-3,-4,-4,-1,-2,-1,0,0,0,55,-83,-10,None
0,-1,-1,-1,-2,-3,-1,-1,-1,0,0,0,55,-83,-10,None
0,1,3,-2,-6,-2,-1,-2,1,0,0,0,55,-83,-10,None
0,-3,-1,-1,6,4,2,-1,0,0,0,0,55,-83,-10,None
0,-2,-4,0,-1,-5,-2,-3,-2,0,0,0,55,-83,-10,None
0,-2,-4,0,-1,-5,-2,-3,-2,0,0,0,55,-83,-10,None
0,-2,-4,0,-1,-5,-2,-3,-2,0,0,0,55,-81,-10,None
0,-3,-6,-2,-15,-3,-1,0,-1,0,0,0,55,-81,-10,None
0,-2,6,-2,0,2,-2,-3,-1,0,0,0,55,-81,-10,None
0,-2,-2,-2,-3,-3,-2,-2,0,0,0,0,55,-81,-10,None
0,0,-2,-2,-1,3,-1,0,-2,0,0,0,55,-81,-10,None
0,0,-2,-2,-1,3,-1,0,-2,0,0,0,55,-81,-10,None
0,0,-2,-2,-1,3,-1,0,-2,0,0,0,55,-80,-11,None
0,6,38,0,1,0,-2,-1,-2,0,0,0,55,-80,-11,None
0,-12,-77,-5,-3,-5,-2,-1,-2,0,0,0,55,-80,-11,None
0,-1,5,-1,-1,2,0,-2,-2,0,0,0,55,-80,-11,None
0,0,1,-3,0,3,-2,-1,0,0,0,0,55,-80,-11,None
0,0,1,-3,0,3,-2,-1,0,0,0,0,55,-80,-11,None
0,0,1,-3,0,3,-2,-1,0,0,0,0,56,-81,-11,None
0,-3,-9,-2,2,3,1,0,0,0,0,0,56,-81,-11,None
0,2,23,-1,-2,0,0,0,0,0,0,0,56,-81,-11,None
0,-2,0,-2,2,1,-1,0,-2,0,0,0,56,-81,-11,None
0,-1,-14,-2,1,-1,-2,-2,-2,0,0,0,56,-81,-11,None
0,-1,-14,-2,1,-1,-2,-2,-2,0,0,0,56,-81,-11,None
0,-1,-14,-2,1,-1,-2,-2,-2,0,0,0,56,-81,-10,None
0,-2,-4,0,-2,-1,-1,0,-3,0,0,0,56,-81,-10,None
0,0,15,-1,3,4,-2,-2,0,0,0,0,56,-81,-10,None
0,-1,-4,-1,-4,-2,0,-1,-1,0,0,0,56,-81,-10,None
0,-1,12,-1,-1,-1,-1,-1,0,0,0,0,56,-81,-10,None
0,-1,12,-1,-1,-1,-1,-1,0,0,0,0,56,-81,-10,None
0,-1,12,-1,-1,-1,-1,-1,0,0,0,0,56,-81,-10,None
0,1,15,-1,-7,5,0,-1,0,0,0,0,56,-81,-10,None
0,1,5,0,22,-3,0,-2,-2,0,0,0,56,-81,-10,None
0,-2,0,-2,-22,1,-4,-3,-2,0,0,0,56,-81,-10,None
0,0,-4,-2,-1,-7,-1,-1,-1,0,0,0,56,-81,-10,None
0,0,-4,-2,-1,-7,-1,-1,-1,0,0,0,56,-81,-10,None
0,0,-4,-2,-1,-7,-1,-1,-1,0,0,0,56,-82,-10,None
0,-2,-5,-2,1,3,0,-2,-1,0,0,0,56,-82,-10,None
0,-1,6,-3,-4,-1,-2,-1,0,0,0,0,56,-82,-10,None
0,1,3,-2,1,-2,0,0,-1,0,0,0,56,-82,-10,None
0,-1,3,-3,1,0,0,-1,-2,0,0,0,56,-82,-10,None
0,-1,3,-3,1,0,0,-1,-2,0,0,0,56,-82,-10,None
0,-1,3,-3,1,0,0,-1,-2,0,0,0,56,-83,-10,None
0,-4,-12,-2,-1,-3,-2,-2,-1,0,0,0,56,-83,-10,None
0,1,14,-1,-4,-1,0,-1,0,0,0,0,56,-83,-10,None
0,-3,-4,-1,3,0,-1,-2,-2,0,0,0,56,-83,-10,None
0,-2,-2,-2,-4,3,-1,0,-1,0,0,0,56,-83,-10,None
0,-2,-2,-2,-4,3,-1,0,-1,0,0,0,56,-83,-10,None
0,-2,-2,-2,-4,3,-1,0,-1,0,0,0,55,-83,-11,None
0,1,-7,-4,-1,-5,-2,-1,-2,0,0,0,55,-83,-11,None
0,-2,4,0,17,11,-2,-2,-2,0,0,0,55,-83,-11,None
0,0,18,-2,-10,-4,-1,0,-1,0,0,0,55,-83,-11,None
0,-2,-8,-2,2,6,-1,-3,-3,0,0,0,55,-83,-11,None
0,-2,-8,-2,2,6,-1,-3,-3,0,0,0,55,-83,-11,None
0,-2,-8,-2,2,6,-1,-3,-3,0,0,0,54,-83,-11,None
0,-3,-3,-2,-1,0,-1,-2,-2,0,0,0,54,-83,-11,None
0,0,3,-2,-6,-3,-1,1,0,0,0,0,54,-83,-11,None
0,0,1,-1,2,-1,0,-2,0,0,0,0,54,-83,-11,None
0,0,4,-1,1,-1,-1,-2,0,0,0,0,54,-83,-11,None
0,0,4,-1,1,-1,-1,-2,0,0,0,0,54,-83,-11,None
0,0,4,-1,1,-1,-1,-2,0,0,0,0,55,-83,-11,None
0,-2,-4,-2,1,-2,-1,-2,-1,0,0,0,55,-83,-11,None
0,-4,2,-2,-8,1,-1,-2,-2,0,0,0,55,-83,-11,None
0,3,-3,-3,5,2,-1,0,-1,0,0,0,55,-83,-11,None
0,-4,1,-3,-4,0,-1,-1,-3,0,0,0,55,-83,-11,None
0,-4,1,-3,-4,0,-1,-1,-3,0,0,0,55,-83,-11,None
0,-4,1,-3,-4,0,-1,-1,-3,0,0,0,55,-82,-11,None
0,-4,-2,-2,4,1,-2,-3,-1,0,0,0,55,-82,-11,None
0,0,3,-2,-1,0,0,-1,-2,0,0,0,55,-82,-11,None
0,-3,-2,-3,-5,-5,-1,-2,0,0,0,0,55,-82,-11,None
0,0,-5,-1,-1,2,-1,-1,0,0,0,0,55,-82,-11,None
0,0,-5,-1,-1,2,-1,-1,0,0,0,0,55,-82,-11,None
0,0,-5,-1,-1,2,-1,-1,0,0,0,0,55,-81,-11,None
0,-2,2,-2,4,0,-2,-1,-1,0,0,0,55,-81,-11,None
0,1,5,-1,-4,-2,-2,-2,-1,0,0,0,55,-81,-11,None
0,-1,-5,-3,2,3,-1,-1,-2,0,0,0,55,-81,-11,None
0,0,8,0,-2,-1,-1,-1,0,0,0,0,55,-81,-11,None
0,0,8,0,-2,-1,-1,-1,0,0,0,0,55,-81,-11,None
0,0,8,0,-2,-1,-1,-1,0,0,0,0,56,-81,-11,None
0,-4,-2,-2,0,0,-1,-2,-2,0,0,0,56,-81,-11,None
0,1,17,-3,-5,2,1,-2,0,0,0,0,56,-81,-11,None
0,-1,-3,-1,7,1,-2,-1,-1,0,0,0,56,-81,-11,None
0,-2,-3,-3,-2,-1,-1,-1,-3,0,0,0,56,-81,-11,None
0,-2,-3,-3,-2,-1,-1,-1,-3,0,0,0,56,-81,-11,None
0,-2,-3,-3,-2,-1,-1,-1,-3,0,0,0,56,-81,-12,None
0,-2,-4,-2,0,2,0,-1,-3,0,0,0,56,-81,-12,None
0,-2,-1,-3,-2,-3,-2,-1,-2,0,0,0,56,-81,-12,None
0,-2,0,-4,-4,0,0,-2,-2,0,0,0,56,-81,-12,None
0,3,1,-2,4,3,-1,-1,0,0,0,0,56,-81,-12,None
0,3,1,-2,4,3,-1,-1,0,0,0,0,56,-81,-12,None
0,3,1,-2,4,3,-1,-1,0,0,0,0,56,-83,-12,None
0,-7,-7,-2,0,-2,-2,0,0,0,0,0,56,-83,-12,None
0,-5,-18,-4,-9,-6,-2,-1,-1,0,0,0,56,-83,-12,None
0,-1,1,-1,2,6,0,-1,-2,0,0,0,56,-83,-12,None
0,-3,-6,-1,-5,-4,1,-1,0,0,0,0,56,-83,-12,None
0,-3,-6,-1,-5,-4,1,-1,0,0,0,0,56,-83,-12,None
0,-3,-6,-1,-5,-4,1,-1,0,0,0,0,56,-84,-11,None
0,4,1,-2,5,4,-2,-2,-2,0,0,0,56,-84,-11,None
0,-1,4,0,1,-1,-2,-1,0,0,0,0,56,-84,-11,None
0,-5,-7,-1,-9,-3,-1,-1,-2,0,0,0,56,-84,-11,None
0,-1,4,-4,4,-4,-3,-3,-1,0,0,0,56,-84,-11,None
0,-1,4,-4,4,-4,-3,-3,-1,0,0,0,56,-84,-11,None
0,-1,4,-4,4,-4,-3,-3,-1,0,0,0,56,-84,-10,None
0,1,5,0,-4,-2,-2,-2,0,0,0,0,56,-84,-10,None
0,-2,-2,-2,-1,2,0,-1,-1,0,0,0,56,-84,-10,None
0,0,2,0,2,1,-1,-1,0,0,0,0,56,-84,-10,None
0,-2,3,-2,-1,1,-2,-1,-2,0,0,0,56,-84,-10,None
0,-2,3,-2,-1,1,-2,-1,-2,0,0,0,56,-84,-10,None
0,-2,3,-2,-1,1,-2,-1,-2,0,0,0,55,-83,-10,None
0,-1,-1,-1,-1,0,-1,-1,-2,0,0,0,55,-83,-10,None
0,-2,-7,-3,-1,2,-2,-3,-1,0,0,0,55,-83,-10,None
0,-3,4,0,3,1,0,0,1,0,0,0,55,-83,-10,None
0,-2,-1,-2,-2,4,0,-2,-2,0,0,0,55,-83,-10,None
0,-2,-1,-2,-2,4,0,-2,-2,0,0,0,55,-83,-10,None
0,-2,-1,-2,-2,4,0,-2,-2,0,0,0,54,-80,-9,None
0,1,-3,-1,-2,-2,-1,-1,0,0,0,0,54,-80,-9,None
0,-1,3,-2,1,3,-1,-1,-3,0,0,0,54,-80,-9,None
0,2,17,-3,-5,-2,-3,-2,-2,0,0,0,54,-80,-9,None
0,-10,-35,-2,0,1,-1,-3,-2,0,0,0,54,-80,-9,None
0,-10,-35,-2,0,1,-1,-3,-2,0,0,0,54,-80,-9,None
0,-10,-35,-2,0,1,-1,-3,-2,0,0,0,54,-78,-10,None
0,-2,1,-1,-1,-1,0,1,-2,0,0,0,54,-78,-10,None
0,0,2,-3,0,0,-1,-2,-1,0,0,0,54,-78,-10,None
0,1,1,-2,2,1,-1,-2,-2,0,0,0,54,-78,-10,None
0,-2,5,-2,-2,1,0,0,-2,0,0,0,54,-78,-10,None
0,-2,5,-2,-2,1,0,0,-2,0,0,0,54,-78,-10,None
0,-2,5,-2,-2,1,0,0,-2,0,0,0,55,-78,-11,None
0,-1,-1,-3,-3,1,0,-2,-2,0,0,0,55,-78,-11,None
0,-1,0,-2,0,0,-2,-1,-1,0,0,0,55,-78,-11,None
0,-4,-13,-2,1,-1,-2,0,-1,0,0,0,55,-78,-11,None
0,2,12,-1,-2,1,-1,0,-1,0,0,0,55,-78,-11,None
0,2,12,-1,-2,1,-1,0,-1,0,0,0,55,-78,-11,None
0,2,12,-1,-2,1,-1,0,-1,0,0,0,56,-79,-11,None
0,-1,0,-2,1,0,-1,-2,-2,0,0,0,56,-79,-11,None
0,-1,5,-1,-2,0,0,-1,-2,0,0,0,56,-79,-11,None
0,0,5,-2,0,-1,-1,-1,-2,0,0,0,56,-79,-11,None
0,-1,3,-3,0,0,-2,-1,-3,0,0,0,56,-79,-11,None
0,-1,3,-3,0,0,-2,-1,-3,0,0,0,56,-79,-11,None
0,-1,3,-3,0,0,-2,-1,-3,0,0,0,56,-81,-12,None
0,8,11,-2,-2,0,-1,-1,0,0,0,0,56,-81,-12,None
0,-6,-37,1,-4,0,-2,-2,-1,0,0,0,56,-81,-12,None
0,1,-1,0,7,4,-2,0,-1,0,0,0,56,-81,-12,None
0,-2,-1,-1,0,3,-1,-2,-2,0,0,0,56,-81,-12,None
0,-2,-1,-1,0,3,-1,-2,-2,0,0,0,56,-81,-12,None
0,-2,-1,-1,0,3,-1,-2,-2,0,0,0,55,-82,-12,None
0,-4,-6,-2,-1,0,0,-1,-2,0,0,0,55,-82,-12,None
0,0,12,-1,-2,1,0,-2,0,0,0,0,55,-82,-12,None
0,0,-5,-4,-1,-1,-1,0,0,0,0,0,55,-82,-12,None
0,-2,1,-2,-1,-1,-2,-1,0,0,0,0,55,-82,-12,None
0,-2,1,-2,-1,-1,-2,-1,0,0,0,0,55,-82,-12,None
0,-2,1,-2,-1,-1,-2,-1,0,0,0,0,55,-83,-11,None
0,-2,5,-2,1,1,-2,-2,-2,0,0,0,55,-83,-11,None
0,0,5,-2,-1,-1,-2,-2,-2,0,0,0,55,-83,-11,None
0,-3,-4,-3,-1,-1,-1,-2,-2,0,0,0,55,-83,-11,None
0,5,25,1,0,1,-2,-2,0,0,0,0,55,-83,-11,None
0,5,25,1,0,1,-2,-2,0,0,0,0,55,-83,-11,None
0,5,25,1,0,1,-2,-2,0,0,0,0,55,-83,-11,None
0,-3,-4,-2,-1,-1,0,0,-1,0,0,0,55,-83,-11,None
0,0,4,-3,2,2,-1,-1,-1,0,0,0,55,-83,-11,None
0,-2,-5,-3,-4,-1,-1,-1,-2,0,0,0,55,-83,-11,None
0,-1,4,-2,3,1,-1,-1,0,0,0,0,55,-83,-11,None
0,-1,4,-2,3,1,-1,-1,0,0,0,0,55,-83,-11,None
0,-1,4,-2,3,1,-1,-1,0,0,0,0,55,-83,-9,None
0,-1,-3,-1,-1,2,0,-2,-1,0,0,0,55,-83,-9,None
0,-1,1,-1,2,1,-3,-2,-1,0,0,0,55,-83,-9,None
0,-3,8,-2,-1,-2,-1,-2,-1,0,0,0,55,-83,-9,None
0,6,17,-2,-2,2,1,0,-1,0,0,0,55,-83,-9,None
0,6,17,-2,-2,2,1,0,-1,0,0,0,55,-83,-9,None
0,6,17,-2,-2,2,1,0,-1,0,0,0,56,-83,-9,None
0,-5,-16,-2,-2,-4,-2,-2,-2,0,0,0,56,-83,-9,None
0,0,4,-3,-2,1,-1,-1,-2,0,0,0,56,-83,-9,None
0,-2,1,2,2,2,0,-2,-2,0,0,0,56,-83,-9,None
0,-3,-3,-2,-1,-2,-2,-1,-2,0,0,0,56,-83,-9,None
0,-3,-3,-2,-1,-2,-2,-1,-2,0,0,0,56,-83,-9,None
0,-3,-3,-2,-1,-2,-2,-1,-2,0,0,0,55,-83,-9,None
0,0,6,-2,-1,-1,-1,-2,-1,0,0,0,55,-83,-9,None
0,1,6,-2,-3,-2,-1,-2,-1,0,0,0,55,-83,-9,None
0,-2,-4,-3,-2,0,-1,-1,-3,0,0,0,55,-83,-9,None
0,-3,-5,-2,-2,-1,-2,-1,-1,0,0,0,55,-83,-9,None
0,-3,-5,-2,-2,-1,-2,-1,-1,0,0,0,55,-83,-9,None
0,-3,-5,-2,-2,-1,-2,-1,-1,0,0,0,56,-83,-10,None
0,-1,4,-3,0,1,0,-1,-2,0,0,0,56,-83,-10,None
