0,0,-1,-4,-6,2,-24,3,0,0,0,0,84,-112,4,None
0,0,0,-3,-3,12,13,-4,-1,0,0,0,84,-112,4,None
0,-3,-1,0,-4,6,-10,-3,-4,0,0,0,84,-112,4,None
0,-3,-1,0,-4,6,-10,-3,-4,0,0,0,84,-112,4,None
0,-3,-1,0,-4,6,-10,-3,-4,0,0,0,71,-118,7,None
0,-1,0,-3,-4,5,12,0,0,0,0,0,71,-118,7,None
0,0,1,1,-8,-5,13,1,-1,0,0,0,71,-118,7,None
0,-1,1,-3,-4,-1,-7,0,0,0,0,0,71,-118,7,None
0,0,-1,-6,4,30,-14,-5,-1,0,0,0,71,-118,7,None
0,0,-1,-6,4,30,-14,-5,-1,0,0,0,71,-118,7,None
0,0,-1,-6,4,30,-14,-5,-1,0,0,0,59,-122,6,None
0,-1,-2,-9,-2,-39,9,3,0,0,0,0,59,-122,6,None
0,-2,0,3,-14,1,6,3,-1,0,0,0,59,-122,6,None
0,0,1,-1,7,-4,-2,-5,-2,0,0,0,59,-122,6,None
0,-3,-1,1,-2,-8,-30,-7,-4,0,0,0,59,-122,6,None
0,-3,-1,1,-2,-8,-30,-7,-4,0,0,0,59,-122,6,None
0,-3,-1,1,-2,-8,-30,-7,-4,0,0,0,47,-121,4,None
0,-2,2,2,0,21,6,0,-1,0,0,0,47,-121,4,None
0,1,2,-4,-2,-1,8,4,0,0,0,0,47,-121,4,None
0,0,-1,-4,5,-3,-3,2,0,0,0,0,47,-121,4,None
0,0,1,-10,2,-5,5,4,1,0,0,0,47,-121,4,None
0,0,1,-10,2,-5,5,4,1,0,0,0,47,-121,4,None
0,0,1,-10,2,-5,5,4,1,0,0,0,41,-124,4,None
0,-2,0,3,-11,5,-4,0,-1,0,0,0,41,-124,4,None
0,-3,-4,-13,7,-7,-6,-6,-4,0,0,0,41,-124,4,None
0,-2,-2,-1,-2,7,-8,-7,-2,0,0,0,41,-124,4,None
0,-1,-1,-3,-2,-5,10,-3,-2,0,0,0,41,-124,4,None
0,-1,-1,-3,-2,-5,10,-3,-2,0,0,0,41,-124,4,None
0,-1,-1,-3,-2,-5,10,-3,-2,0,0,0,29,-127,6,None
0,-1,-1,-3,12,4,-8,-4,-1,0,0,0,29,-127,6,None
0,0,2,1,-4,0,5,2,0,0,0,0,29,-127,6,None
0,-2,-1,0,1,-2,-8,-6,-4,0,0,0,29,-127,6,None
0,-1,0,-3,-6,-4,9,2,-2,0,0,0,29,-127,6,None
0,-1,0,-3,-6,-4,9,2,-2,0,0,0,29,-127,6,None
0,-1,0,-3,-6,-4,9,2,-2,0,0,0,17,-128,7,None
0,1,1,-2,4,3,-4,4,3,0,0,0,17,-128,7,None
0,-1,0,-6,-1,-5,-8,-8,-4,0,0,0,17,-128,7,None
0,0,2,1,-8,6,10,4,0,0,0,0,17,-128,7,None
0,-2,1,6,-8,-15,-6,-7,-4,0,0,0,17,-128,7,None
0,-2,1,6,-8,-15,-6,-7,-4,0,0,0,17,-128,7,None
0,-2,1,6,-8,-15,-6,-7,-4,0,0,0,9,-126,8,None
0,-1,0,1,2,12,-5,-3,-3,0,0,0,9,-126,8,None
0,-4,0,7,-3,-4,-1,0,-2,0,0,0,9,-126,8,None
0,3,4,7,-3,-5,2,-1,1,0,0,0,9,-126,8,None
0,-3,-3,-7,9,8,5,1,-2,0,0,0,9,-126,8,None
0,-3,-3,-7,9,8,5,1,-2,0,0,0,9,-126,8,None
0,-3,-3,-7,9,8,5,1,-2,0,0,0,1,-125,11,None
0,-2,2,-3,-6,9,-9,-7,-5,0,0,0,1,-125,11,None
0,-3,-2,6,-6,-9,6,6,1,0,0,0,1,-125,11,None
0,-2,0,-3,8,-4,-7,-1,-2,0,0,0,1,-125,11,None
0,0,1,11,5,8,-11,-2,-1,0,0,0,1,-125,11,None
0,0,1,11,5,8,-11,-2,-1,0,0,0,1,-125,11,None
0,0,1,11,5,8,-11,-2,-1,0,0,0,-6,-121,10,None
0,-2,1,-4,-13,-12,4,-2,-3,0,0,0,-6,-121,10,None
0,0,-1,0,5,-4,15,0,1,0,0,0,-6,-121,10,None
0,-3,-3,-9,5,-2,-11,-3,-4,0,0,0,-6,-121,10,None
0,0,0,1,-1,4,-3,-2,-1,0,0,0,-6,-121,10,None
0,0,0,1,-1,4,-3,-2,-1,0,0,0,-6,-121,10,None
0,0,0,1,-1,4,-3,-2,-1,0,0,0,-10,-113,11,None
0,-3,-3,-6,2,2,-9,-4,-2,0,0,0,-10,-113,11,None
0,-3,-1,-4,6,-2,-11,-3,-3,0,0,0,-10,-113,11,None
0,-2,1,4,-8,-6,-5,-4,-2,0,0,0,-10,-113,11,None
0,0,1,-2,-3,4,14,1,3,0,0,0,-10,-113,11,None
0,0,1,-2,-3,4,14,1,3,0,0,0,-10,-113,11,None
0,0,1,-2,-3,4,14,1,3,0,0,0,-15,-108,9,None
0,0,0,0,5,1,5,1,0,0,0,0,-15,-108,9,None
0,-3,0,-2,-3,-4,-17,-6,-5,0,0,0,-15,-108,9,None
0,1,2,-11,0,-6,-15,-4,-3,0,0,0,-15,-108,9,None
0,-2,-1,-9,-29,-6,21,0,0,0,0,0,-15,-108,9,None
0,-2,-1,-9,-29,-6,21,0,0,0,0,0,-15,-108,9,None
0,-2,-1,-9,-29,-6,21,0,0,0,0,0,-21,-100,5,None
0,-1,-2,-4,9,-26,3,-4,-1,0,0,0,-21,-100,5,None
0,0,2,3,30,20,17,2,2,0,0,0,-21,-100,5,None
0,-3,-2,-12,-20,12,-25,-6,-4,0,0,0,-21,-100,5,None
0,0,2,5,45,-5,23,3,0,0,0,0,-21,-100,5,None
0,0,2,5,45,-5,23,3,0,0,0,0,-21,-100,5,None
0,0,2,5,45,-5,23,3,0,0,0,0,-28,-96,0,None
0,-1,-1,-5,-4,-6,-11,-2,-3,0,0,0,-28,-96,0,None
0,-3,-1,-13,-46,-25,-11,-6,-5,0,0,0,-28,-96,0,None
0,0,3,15,55,8,19,10,5,0,0,0,-28,-96,0,None
0,-5,-4,-10,-3,45,-12,-6,-4,0,0,0,-28,-96,0,None
0,-5,-4,-10,-3,45,-12,-6,-4,0,0,0,-28,-96,0,None
0,-5,-4,-10,-3,45,-12,-6,-4,0,0,0,-32,-88,-1,None
0,0,2,8,-38,-77,-12,0,0,0,0,0,-32,-88,-1,None
0,-1,4,1,25,104,9,1,-1,0,0,0,-32,-88,-1,None
0,-2,2,5,39,-78,1,2,1,0,0,0,-32,-88,-1,None
0,0,2,-3,21,83,-7,0,-2,0,0,0,-32,-88,-1,None
0,0,2,-3,21,83,-7,0,-2,0,0,0,-32,-88,-1,None
0,0,2,-3,21,83,-7,0,-2,0,0,0,-36,-75,-7,None
0,0,1,-9,-34,-76,26,6,4,0,0,0,-36,-75,-7,None
0,0,0,3,-26,102,-6,1,-1,0,0,0,-36,-75,-7,None
0,-6,-6,-4,-6,95,4,-5,-7,0,0,0,-36,-75,-7,None
0,5,7,5,16,33,-11,-1,2,0,0,0,-36,-75,-7,None
0,5,7,5,16,33,-11,-1,2,0,0,0,-36,-75,-7,None
0,5,7,5,16,33,-11,-1,2,0,0,0,-46,-61,-5,None
0,-5,-3,-3,68,-12,13,-3,-4,0,0,0,-46,-61,-5,None
0,-1,-2,-7,1,-10,12,0,-2,0,0,0,-46,-61,-5,None
0,1,1,-1,-78,-11,2,1,1,0,0,0,-46,-61,-5,None
0,-2,1,0,58,-46,-7,2,-2,0,0,0,-46,-61,-5,None
0,-2,1,0,58,-46,-7,2,-2,0,0,0,-46,-61,-5,None
0,-2,1,0,58,-46,-7,2,-2,0,0,0,-53,-56,-5,None
0,-2,0,-2,45,28,-12,-6,-5,0,0,0,-53,-56,-5,None
0,1,4,1,95,-45,3,1,5,0,0,0,-53,-56,-5,None
0,4,10,11,-1,37,18,4,4,0,0,0,-53,-56,-5,None
0,-7,-9,-7,40,-56,-24,-7,-5,0,0,0,-53,-56,-5,None
0,-7,-9,-7,40,-56,-24,-7,-5,0,0,0,-53,-56,-5,None
0,-7,-9,-7,40,-56,-24,-7,-5,0,0,0,-55,-52,2,None
0,0,0,-26,-128,97,-11,-2,-2,0,0,0,-55,-52,2,None
0,-6,-5,3,67,-128,-14,-8,-7,0,0,0,-55,-52,2,None
0,3,7,-11,7,119,19,1,2,0,0,0,-55,-52,2,None
0,5,5,8,-44,-94,-20,-1,0,0,0,0,-55,-52,2,None
0,5,5,8,-44,-94,-20,-1,0,0,0,0,-55,-52,2,None
0,5,5,8,-44,-94,-20,-1,0,0,0,0,-57,-43,10,None
0,3,6,10,14,95,5,2,1,0,0,0,-57,-43,10,None
0,-3,0,-8,-63,36,11,-1,-1,0,0,0,-57,-43,10,None
0,-4,-7,-12,-50,92,-14,-3,-3,0,0,0,-57,-43,10,None
0,-8,-5,-2,-59,-24,9,-5,-6,0,0,0,-57,-43,10,None
0,-8,-5,-2,-59,-24,9,-5,-6,0,0,0,-57,-43,10,None
0,-8,-5,-2,-59,-24,9,-5,-6,0,0,0,-61,-37,13,None
0,-1,0,2,-28,19,-5,-2,-1,0,0,0,-61,-37,13,None
0,2,1,-15,-84,82,0,1,-1,0,0,0,-61,-37,13,None
0,-2,-2,7,0,-128,-27,-8,-5,0,0,0,-61,-37,13,None
0,0,2,-9,19,-47,3,0,1,0,0,0,-61,-37,13,None
0,0,2,-9,19,-47,3,0,1,0,0,0,-61,-37,13,None
0,0,2,-9,19,-47,3,0,1,0,0,0,-55,-42,18,None
0,-2,-2,0,45,92,14,2,1,0,0,0,-55,-42,18,None
0,-4,-5,1,-2,17,-3,-6,-4,0,0,0,-55,-42,18,None
0,-2,1,-6,-17,-48,-1,-2,-2,0,0,0,-55,-42,18,None
0,-3,1,4,74,-6,0,-2,-4,0,0,0,-55,-42,18,None
0,-3,1,4,74,-6,0,-2,-4,0,0,0,-55,-42,18,None
0,-3,1,4,74,-6,0,-2,-4,0,0,0,-46,-49,22,None
0,-3,-1,-3,25,-102,-9,-3,-2,0,0,0,-46,-49,22,None
0,-3,-6,0,28,-53,1,1,-1,0,0,0,-46,-49,22,None
0,-2,-3,-3,29,-2,0,-5,-2,0,0,0,-46,-49,22,None
0,2,21,1,-50,-36,10,1,2,0,0,0,-46,-49,22,None
0,2,21,1,-50,-36,10,1,2,0,0,0,-46,-49,22,None
0,2,21,1,-50,-36,10,1,2,0,0,0,-56,-48,20,None
0,-4,-32,4,66,73,-1,2,0,0,0,0,-56,-48,20,None
0,-2,11,-6,-50,-54,-7,-2,-2,0,0,0,-56,-48,20,None
0,-1,0,3,9,-9,-3,0,-1,0,0,0,-56,-48,20,None
0,-1,-5,-11,-44,10,6,-1,0,0,0,0,-56,-48,20,None
0,-1,-5,-11,-44,10,6,-1,0,0,0,0,-56,-48,20,None
0,-1,-5,-11,-44,10,6,-1,0,0,0,0,-65,-43,17,None
0,-1,5,-3,-12,-20,-2,0,-1,0,0,0,-65,-43,17,None
0,1,6,5,-16,-7,-12,-2,0,0,0,0,-65,-43,17,None
0,-4,-5,-7,-21,-18,11,-2,-3,0,0,0,-65,-43,17,None
0,-1,-1,0,-15,39,1,-2,-1,0,0,0,-65,-43,17,None
0,-1,-1,0,-15,39,1,-2,-1,0,0,0,-65,-43,17,None
0,-1,-1,0,-15,39,1,-2,-1,0,0,0,-64,-42,17,None
0,1,12,-24,-4,-3,-12,-1,-3,0,0,0,-64,-42,17,None
0,1,-2,14,5,15,3,3,2,0,0,0,-64,-42,17,None
0,-1,4,-4,28,23,-5,-4,-3,0,0,0,-64,-42,17,None
0,-6,-9,3,-15,70,-59,-19,-9,0,0,0,-64,-42,17,None
0,-6,-9,3,-15,70,-59,-19,-9,0,0,0,-64,-42,17,None
0,-6,-9,3,-15,70,-59,-19,-9,0,0,0,-66,-38,19,None
0,19,9,20,6,-16,-9,-11,8,0,0,0,-66,-38,19,None
0,9,4,39,-14,49,-43,6,31,0,0,0,-66,-38,19,None
0,33,16,-11,-1,-65,-32,-31,5,0,0,0,-66,-38,19,None
0,-92,90,39,-38,-20,103,48,-46,0,0,0,-66,-38,19,None
0,-92,90,39,-38,-20,103,48,-46,0,0,0,-66,-38,19,None
0,-92,90,39,-38,-20,103,48,-46,0,0,0,-70,-33,25,None
0,85,-79,-32,-18,24,-23,11,95,0,0,0,-70,-33,25,None
0,-1,104,103,-18,94,-30,-33,45,0,0,0,-70,-33,25,None
0,-52,-103,-54,7,-60,13,-20,-83,0,0,0,-70,-33,25,None
0,87,93,-99,27,-28,-114,-24,48,0,0,0,-70,-33,25,None
0,87,93,-99,27,-28,-114,-24,48,0,0,0,-70,-33,25,None
0,87,93,-99,27,-28,-114,-24,48,0,0,0,-89,-17,19,None
0,81,0,-70,-25,-56,71,5,-64,0,0,0,-89,-17,19,None
0,-61,37,50,-28,-99,107,-39,-94,0,0,0,-89,-17,19,None
0,42,13,-52,24,114,-80,-34,-27,0,0,0,-89,-17,19,None
0,71,-128,20,-61,14,-3,-15,-2,0,0,0,-89,-17,19,None
0,71,-128,20,-61,14,-3,-15,-2,0,0,0,-89,-17,19,None
0,71,-128,20,-61,14,-3,-15,-2,0,0,0,-102,-17,21,None
0,30,87,-37,24,-4,-101,-62,-43,0,0,0,-102,-17,21,None
0,6,63,55,-32,24,48,70,127,0,0,0,-102,-17,21,None
0,-63,-21,83,-2,9,-44,-22,-96,0,0,0,-102,-17,21,None
0,62,-28,-2,-27,7,94,55,66,0,0,0,-102,-17,21,None
0,62,-28,-2,-27,7,94,55,66,0,0,0,-102,-17,21,None
0,62,-28,-2,-27,7,94,55,66,0,0,0,-77,-59,17,None
0,-31,-3,55,-7,-14,-19,9,-14,0,0,0,-77,-59,17,None
0,4,-59,-70,18,12,-53,-7,-18,0,0,0,-77,-59,17,None
0,-42,38,34,11,-5,39,32,41,0,0,0,-77,-59,17,None
0,-20,-32,-27,123,112,-21,-8,2,0,0,0,-77,-59,17,None
0,-20,-32,-27,123,112,-21,-8,2,0,0,0,-77,-59,17,None
0,-20,-32,-27,123,112,-21,-8,2,0,0,0,-53,-35,12,None
0,-46,-3,-21,-114,-81,-12,3,0,0,0,0,-53,-35,12,None
0,-23,-26,-39,40,0,10,2,-40,0,0,0,-53,-35,12,None
0,44,-6,-17,-5,-6,36,25,43,0,0,0,-53,-35,12,None
0,-3,77,32,72,91,-4,-41,-19,0,0,0,-53,-35,12,None
0,-3,77,32,72,91,-4,-41,-19,0,0,0,-53,-35,12,None
0,-3,77,32,72,91,-4,-41,-19,0,0,0,-37,-44,9,None
0,-50,-45,13,-33,-25,7,6,-84,0,0,0,-37,-44,9,None
0,15,16,-19,127,80,5,38,59,0,0,0,-37,-44,9,None
0,-43,67,6,107,105,26,-43,-37,0,0,0,-37,-44,9,None
0,-16,-3,35,17,-89,-47,33,33,0,0,0,-37,-44,9,None
0,-16,-3,35,17,-89,-47,33,33,0,0,0,-37,-44,9,None
0,-16,-3,35,17,-89,-47,33,33,0,0,0,-93,-22,20,None
0,69,32,-1,-45,92,20,-3,-10,0,0,0,-93,-22,20,None
0,-31,27,21,127,11,-8,4,11,0,0,0,-93,-22,20,None
0,-23,-42,-6,69,22,11,19,38,0,0,0,-93,-22,20,None
0,58,-21,-3,-85,-67,-21,-66,-33,0,0,0,-93,-22,20,None
0,58,-21,-3,-85,-67,-21,-66,-33,0,0,0,-93,-22,20,None
0,58,-21,-3,-85,-67,-21,-66,-33,0,0,0,-114,-48,24,None
0,-67,-22,9,46,108,2,15,88,0,0,0,-114,-48,24,None
0,65,-66,-59,-128,-98,-15,10,92,0,0,0,-114,-48,24,None
0,-49,48,0,20,127,43,-6,-63,0,0,0,-114,-48,24,None
0,-4,-12,-1,7,-119,-43,-28,-47,0,0,0,-114,-48,24,None
0,-4,-12,-1,7,-119,-43,-28,-47,0,0,0,-114,-48,24,None
0,-4,-12,-1,7,-119,-43,-28,-47,0,0,0,-54,-18,23,None
0,-9,-15,-7,-22,7,-17,-9,12,0,0,0,-54,-18,23,None
0,89,-47,-30,-5,69,-7,-19,-76,0,0,0,-54,-18,23,None
0,-44,14,17,47,-75,6,4,36,0,0,0,-54,-18,23,None
0,-14,-41,-14,14,103,18,13,0,0,0,0,-54,-18,23,None
0,-14,-41,-14,14,103,18,13,0,0,0,0,-54,-18,23,None
0,-14,-41,-14,14,103,18,13,0,0,0,0,-95,7,19,None
0,4,7,3,-50,-71,8,4,-9,0,0,0,-95,7,19,None
0,-63,35,6,100,72,6,-17,-40,0,0,0,-95,7,19,None
0,66,-86,-17,-78,-96,-18,18,30,0,0,0,-95,7,19,None
0,-33,10,3,43,28,9,12,6,0,0,0,-95,7,19,None
0,-33,10,3,43,28,9,12,6,0,0,0,-95,7,19,None
0,-33,10,3,43,28,9,12,6,0,0,0,-112,-19,23,None
0,-19,24,13,76,13,12,1,5,0,0,0,-112,-19,23,None
0,-1,-18,-12,-31,-61,-10,-12,-38,0,0,0,-112,-19,23,None
0,58,3,4,-24,-26,-17,5,38,0,0,0,-112,-19,23,None
0,36,-15,-7,-71,28,20,40,92,0,0,0,-112,-19,23,None
0,36,-15,-7,-71,28,20,40,92,0,0,0,-112,-19,23,None
0,36,-15,-7,-71,28,20,40,92,0,0,0,-106,-23,31,None
0,-82,-3,23,-20,-4,84,38,79,0,0,0,-106,-23,31,None
0,-4,-48,-42,13,24,-103,-31,-86,0,0,0,-106,-23,31,None
0,123,91,118,-30,28,61,12,60,0,0,0,-106,-23,31,None
0,-117,-85,-103,77,68,8,-57,-113,0,0,0,-106,-23,31,None
0,-117,-85,-103,77,68,8,-57,-113,0,0,0,-106,-23,31,None
0,-117,-85,-103,77,68,8,-57,-113,0,0,0,-127,-7,33,None
0,127,-81,-91,33,-79,49,-9,10,0,0,0,-127,-7,33,None
0,-88,59,78,-53,110,-62,-35,61,0,0,0,-127,-7,33,None
0,98,89,16,20,-57,-89,-13,-27,0,0,0,-127,-7,33,None
0,-13,-89,-48,4,5,32,-38,-86,0,0,0,-127,-7,33,None
0,-13,-89,-48,4,5,32,-38,-86,0,0,0,-127,-7,33,None
0,-13,-89,-48,4,5,32,-38,-86,0,0,0,-133,-30,10,None
0,79,-51,34,11,35,-113,-71,-100,0,0,0,-133,-30,10,None
0,97,55,14,-87,-19,-1,70,101,0,0,0,-133,-30,10,None
0,-71,102,78,-103,-57,-32,-13,-37,0,0,0,-133,-30,10,None
0,92,10,-66,-21,-53,-26,-12,-22,0,0,0,-133,-30,10,None
0,92,10,-66,-21,-53,-26,-12,-22,0,0,0,-133,-30,10,None
0,92,10,-66,-21,-53,-26,-12,-22,0,0,0,-81,0,4,None
0,-55,-57,-3,60,87,-90,20,82,0,0,0,-81,0,4,None
0,-16,5,-99,-52,-23,127,69,47,0,0,0,-81,0,4,None
0,-100,-21,-47,-6,68,67,28,16,0,0,0,-81,0,4,None
0,71,83,32,3,5,-40,25,43,0,0,0,-81,0,4,None
0,71,83,32,3,5,-40,25,43,0,0,0,-81,0,4,None
0,71,83,32,3,5,-40,25,43,0,0,0,-38,-20,-14,None
0,-104,38,102,85,-4,-36,-10,-5,0,0,0,-38,-20,-14,None
0,-30,-79,-40,-8,-68,-37,-4,31,0,0,0,-38,-20,-14,None
0,-81,-79,-51,-16,-6,10,14,1,0,0,0,-38,-20,-14,None
0,-35,9,45,19,-15,18,-2,-22,0,0,0,-38,-20,-14,None
0,-35,9,45,19,-15,18,-2,-22,0,0,0,-38,-20,-14,None
0,-35,9,45,19,-15,18,-2,-22,0,0,0,-83,-47,18,None
0,49,58,6,3,-17,47,17,2,0,0,0,-83,-47,18,None
0,-8,-2,3,-29,0,13,-14,-51,0,0,0,-83,-47,18,None
0,-16,-50,-43,10,-32,-5,-7,-24,0,0,0,-83,-47,18,None
0,13,7,17,-20,14,3,6,2,0,0,0,-83,-47,18,None
0,13,7,17,-20,14,3,6,2,0,0,0,-83,-47,18,None
0,13,7,17,-20,14,3,6,2,0,0,0,-109,-54,14,None
0,-18,63,10,-33,3,-8,8,11,0,0,0,-109,-54,14,None
0,1,-20,1,57,-8,5,-19,-61,0,0,0,-109,-54,14,None
0,42,-38,-37,20,52,-24,-11,-5,0,0,0,-109,-54,14,None
0,-6,40,40,-26,-59,-13,22,54,0,0,0,-109,-54,14,None
0,-6,40,40,-26,-59,-13,22,54,0,0,0,-109,-54,14,None
0,-6,40,40,-26,-59,-13,22,54,0,0,0,-85,-38,13,None
0,-20,15,-6,3,3,24,8,-25,0,0,0,-85,-38,13,None
0,7,-17,10,28,83,6,-22,-43,0,0,0,-85,-38,13,None
0,41,-13,-35,19,-80,-31,1,30,0,0,0,-85,-38,13,None
0,6,32,22,46,89,24,3,4,0,0,0,-85,-38,13,None
0,6,32,22,46,89,24,3,4,0,0,0,-85,-38,13,None
0,6,32,22,46,89,24,3,4,0,0,0,-85,1,16,None
0,-39,5,-8,-128,-56,-8,10,0,0,0,0,-85,1,16,None
0,58,-28,-9,-33,-91,-14,-20,36,0,0,0,-85,1,16,None
0,-20,0,18,13,90,-15,7,-73,0,0,0,-85,1,16,None
0,-21,39,22,61,19,-2,-5,10,0,0,0,-85,1,16,None
0,-21,39,22,61,19,-2,-5,10,0,0,0,-85,1,16,None
0,-21,39,22,61,19,-2,-5,10,0,0,0,-103,-9,20,None
0,-28,-41,-38,-5,53,-11,-28,-37,0,0,0,-103,-9,20,None
0,89,30,19,31,-128,-3,-16,46,0,0,0,-103,-9,20,None
0,-26,-55,-34,-128,18,2,48,34,0,0,0,-103,-9,20,None
0,-27,15,10,30,76,17,25,15,0,0,0,-103,-9,20,None
0,-27,15,10,30,76,17,25,15,0,0,0,-103,-9,20,None
0,-27,15,10,30,76,17,25,15,0,0,0,-82,-35,24,None
0,34,14,3,78,-29,17,4,-9,0,0,0,-82,-35,24,None
0,-64,10,2,17,29,-23,-21,-35,0,0,0,-82,-35,24,None
0,40,1,-3,1,-2,-2,-20,9,0,0,0,-82,-35,24,None
0,-2,-22,6,12,47,-5,-6,-17,0,0,0,-82,-35,24,None
0,-2,-22,6,12,47,-5,-6,-17,0,0,0,-82,-35,24,None
0,-2,-22,6,12,47,-5,-6,-17,0,0,0,-71,-41,24,None
0,-15,44,6,7,-55,-9,6,31,0,0,0,-71,-41,24,None
0,-12,-20,-11,33,-70,1,-3,-19,0,0,0,-71,-41,24,None
0,29,13,10,16,-11,-1,-9,13,0,0,0,-71,-41,24,None
0,-12,3,7,-36,70,-14,2,0,0,0,0,-71,-41,24,None
0,-12,3,7,-36,70,-14,2,0,0,0,0,-71,-41,24,None
0,-12,3,7,-36,70,-14,2,0,0,0,0,-81,-27,17,None
0,4,2,-8,-47,39,10,-7,-18,0,0,0,-81,-27,17,None
0,4,25,1,38,-57,8,-3,-7,0,0,0,-81,-27,17,None
0,5,-3,-6,-47,-1,-1,3,7,0,0,0,-81,-27,17,None
0,-7,-9,-2,-62,-64,7,8,33,0,0,0,-81,-27,17,None
0,-7,-9,-2,-62,-64,7,8,33,0,0,0,-81,-27,17,None
0,-7,-9,-2,-62,-64,7,8,33,0,0,0,-93,-24,14,None
0,-3,5,4,31,110,8,-5,-16,0,0,0,-93,-24,14,None
0,-5,-2,5,80,67,-14,-1,-28,0,0,0,-93,-24,14,None
0,19,8,-5,-25,14,-7,-12,43,0,0,0,-93,-24,14,None
0,-16,-15,-2,-19,-64,0,6,-14,0,0,0,-93,-24,14,None
0,-16,-15,-2,-19,-64,0,6,-14,0,0,0,-93,-24,14,None
0,-16,-15,-2,-19,-64,0,6,-14,0,0,0,-79,-28,17,None
0,0,-14,-3,23,32,6,-4,-6,0,0,0,-79,-28,17,None
0,2,4,0,-41,25,4,20,6,0,0,0,-79,-28,17,None
0,1,5,4,47,-35,1,-7,8,0,0,0,-79,-28,17,None
0,-1,-1,-3,-31,-23,-9,-7,-13,0,0,0,-79,-28,17,None
0,-1,-1,-3,-31,-23,-9,-7,-13,0,0,0,-79,-28,17,None
0,-1,-1,-3,-31,-23,-9,-7,-13,0,0,0,-78,-37,13,None
0,3,18,8,19,32,4,5,-3,0,0,0,-78,-37,13,None
0,-3,-15,-8,-37,-60,-2,0,-14,0,0,0,-78,-37,13,None
0,-3,-3,1,18,11,3,-4,-13,0,0,0,-78,-37,13,None
0,-5,7,1,-29,-17,-4,-4,4,0,0,0,-78,-37,13,None
0,-5,7,1,-29,-17,-4,-4,4,0,0,0,-78,-37,13,None
0,-5,7,1,-29,-17,-4,-4,4,0,0,0,-72,-41,9,None
0,1,4,0,-3,-18,-2,2,9,0,0,0,-72,-41,9,None
0,-7,-5,-7,-16,49,-3,-5,-17,0,0,0,-72,-41,9,None
0,5,6,-1,15,11,5,3,4,0,0,0,-72,-41,9,None
0,-7,1,3,5,2,-4,-3,0,0,0,0,-72,-41,9,None
0,-7,1,3,5,2,-4,-3,0,0,0,0,-72,-41,9,None
0,-7,1,3,5,2,-4,-3,0,0,0,0,-67,-39,8,None
0,-1,5,0,14,-31,-3,-6,1,0,0,0,-67,-39,8,None
0,1,0,-6,-21,-14,0,0,-20,0,0,0,-67,-39,8,None
0,3,6,0,12,-5,3,2,-1,0,0,0,-67,-39,8,None
0,-4,-4,-3,-12,-9,-3,1,4,0,0,0,-67,-39,8,None
0,-4,-4,-3,-12,-9,-3,1,4,0,0,0,-67,-39,8,None
0,-4,-4,-3,-12,-9,-3,1,4,0,0,0,-72,-37,10,None
0,-2,-3,-3,7,-16,2,2,-8,0,0,0,-72,-37,10,None
0,-1,-2,1,-20,34,2,-5,-7,0,0,0,-72,-37,10,None
0,7,12,-3,4,-8,1,-1,6,0,0,0,-72,-37,10,None
0,-9,-6,-4,-2,-7,-4,0,0,0,0,0,-72,-37,10,None
0,-9,-6,-4,-2,-7,-4,0,0,0,0,0,-72,-37,10,None
0,-9,-6,-4,-2,-7,-4,0,0,0,0,0,-73,-37,5,None
0,-6,-9,9,5,7,5,1,-9,0,0,0,-73,-37,5,None
0,3,4,-13,-12,18,-2,-1,2,0,0,0,-73,-37,5,None
0,-3,-26,-8,12,-13,-10,-4,-3,0,0,0,-73,-37,5,None
0,1,32,2,-8,6,0,-4,-3,0,0,0,-73,-37,5,None
0,1,32,2,-8,6,0,-4,-3,0,0,0,-73,-37,5,None
0,1,32,2,-8,6,0,-4,-3,0,0,0,-66,-39,9,None
0,7,16,-2,5,-10,6,5,4,0,0,0,-66,-39,9,None
0,-5,29,-2,-3,21,-2,-3,-8,0,0,0,-66,-39,9,None
0,-4,-2,18,7,1,0,-4,1,0,0,0,-66,-39,9,None
0,-3,45,-24,-14,-10,3,0,-1,0,0,0,-66,-39,9,None
0,-3,45,-24,-14,-10,3,0,-1,0,0,0,-66,-39,9,None
0,-3,45,-24,-14,-10,3,0,-1,0,0,0,-64,-44,11,None
0,3,2,-6,8,-8,-5,0,4,0,0,0,-64,-44,11,None
0,-21,-72,-3,-5,12,-4,-5,-9,0,0,0,-64,-44,11,None
0,4,-13,-6,1,11,3,3,3,0,0,0,-64,-44,11,None
0,-6,6,15,0,-2,-1,-2,-3,0,0,0,-64,-44,11,None
0,-6,6,15,0,-2,-1,-2,-3,0,0,0,-64,-44,11,None
0,-6,6,15,0,-2,-1,-2,-3,0,0,0,-65,-48,14,None
0,2,-4,-5,4,-8,-4,-4,1,0,0,0,-65,-48,14,None
0,4,34,-8,-11,14,0,-1,-5,0,0,0,-65,-48,14,None
0,-1,14,8,0,-4,-4,-2,-4,0,0,0,-65,-48,14,None
0,1,-27,-3,1,-1,0,2,2,0,0,0,-65,-48,14,None
0,1,-27,-3,1,-1,0,2,2,0,0,0,-65,-48,14,None
0,1,-27,-3,1,-1,0,2,2,0,0,0,-64,-44,18,None
0,-1,3,-3,-6,-1,-4,-4,-6,0,0,0,-64,-44,18,None
0,-3,-2,-2,-7,2,5,0,-1,0,0,0,-64,-44,18,None
0,-2,4,-3,7,9,-15,-8,-6,0,0,0,-64,-44,18,None
0,1,-9,-1,-3,-15,1,-1,-2,0,0,0,-64,-44,18,None
0,1,-9,-1,-3,-15,1,-1,-2,0,0,0,-64,-44,18,None
0,1,-9,-1,-3,-15,1,-1,-2,0,0,0,-71,-45,25,None
0,0,0,-3,-4,-1,-3,-3,-3,0,0,0,-71,-45,25,None
0,0,9,6,0,10,-14,-3,-2,0,0,0,-71,-45,25,None
0,-2,0,-5,2,2,1,-2,-2,0,0,0,-71,-45,25,None
0,-3,-17,-4,-3,2,-2,0,0,0,0,0,-71,-45,25,None
0,-3,-17,-4,-3,2,-2,0,0,0,0,0,-71,-45,25,None
0,-3,-17,-4,-3,2,-2,0,0,0,0,0,-68,-50,22,None
0,4,12,7,0,-5,2,2,0,0,0,0,-68,-50,22,None
0,2,-7,1,1,4,-7,-1,-4,0,0,0,-68,-50,22,None
0,1,20,-8,-1,-5,1,-1,-1,0,0,0,-68,-50,22,None
0,-5,-23,1,-11,0,-3,-3,0,0,0,0,-68,-50,22,None
0,-5,-23,1,-11,0,-3,-3,0,0,0,0,-68,-50,22,None
0,-5,-23,1,-11,0,-3,-3,0,0,0,0,-64,-60,19,None
0,-3,0,-4,11,1,-2,-2,-4,0,0,0,-64,-60,19,None
0,0,2,1,-9,4,3,-2,-1,0,0,0,-64,-60,19,None
0,-1,3,-1,-2,1,4,-1,0,0,0,0,-64,-60,19,None
0,-1,1,-3,-2,-3,1,-2,-2,0,0,0,-64,-60,19,None
0,-1,1,-3,-2,-3,1,-2,-2,0,0,0,-64,-60,19,None
0,-1,1,-3,-2,-3,1,-2,-2,0,0,0,-64,-68,18,None
0,-4,-2,-3,5,4,-4,-4,-3,0,0,0,-64,-68,18,None
0,2,-3,-3,-14,3,5,2,-1,0,0,0,-64,-68,18,None
0,-2,6,0,-1,-7,2,0,-1,0,0,0,-64,-68,18,None
0,-1,-4,-1,16,0,-10,-5,-3,0,0,0,-64,-68,18,None
0,-1,-4,-1,16,0,-10,-5,-3,0,0,0,-64,-68,18,None
0,-1,-4,-1,16,0,-10,-5,-3,0,0,0,-60,-75,28,None
0,-2,-3,-5,-4,-5,-3,-1,-2,0,0,0,-60,-75,28,None
0,0,0,-3,-3,2,5,3,1,0,0,0,-60,-75,28,None
0,-1,-7,-3,11,-1,-2,-3,-2,0,0,0,-60,-75,28,None
0,0,-1,1,3,8,-5,-3,0,0,0,0,-60,-75,28,None
0,0,-1,1,3,8,-5,-3,0,0,0,0,-60,-75,28,None
0,0,-1,1,3,8,-5,-3,0,0,0,0,-52,-81,22,None
0,-1,2,0,3,3,4,-2,-1,0,0,0,-52,-81,22,None
0,-2,3,0,2,-12,2,-1,-2,0,0,0,-52,-81,22,None
0,-1,-4,-5,12,3,-1,-1,-1,0,0,0,-52,-81,22,None
0,-1,0,0,-5,-10,-3,1,-1,0,0,0,-52,-81,22,None
0,-1,0,0,-5,-10,-3,1,-1,0,0,0,-52,-81,22,None
0,-1,0,0,-5,-10,-3,1,-1,0,0,0,-47,-82,14,None
0,-1,5,-1,-24,3,-1,0,-1,0,0,0,-47,-82,14,None
0,-1,-1,-4,-8,1,-4,-2,-2,0,0,0,-47,-82,14,None
0,-2,-2,-2,-18,-4,-4,-2,-1,0,0,0,-47,-82,14,None
0,0,1,-1,7,6,1,-1,-2,0,0,0,-47,-82,14,None
0,0,1,-1,7,6,1,-1,-2,0,0,0,-47,-82,14,None
0,0,1,-1,7,6,1,-1,-2,0,0,0,-34,-86,16,None
0,-2,0,0,12,6,3,0,0,0,0,0,-34,-86,16,None
0,1,2,-2,-15,4,1,-1,0,0,0,0,-34,-86,16,None
0,-2,-2,-3,33,2,-5,-4,-2,0,0,0,-34,-86,16,None
0,-1,1,-2,-32,-3,-2,-1,-2,0,0,0,-34,-86,16,None
0,-1,1,-2,-32,-3,-2,-1,-2,0,0,0,-34,-86,16,None
0,-1,1,-2,-32,-3,-2,-1,-2,0,0,0,-26,-101,23,None
0,-3,-2,-4,-20,-13,-9,-4,-6,0,0,0,-26,-101,23,None
0,-1,-2,1,25,16,9,4,2,0,0,0,-26,-101,23,None
0,0,3,0,1,-7,4,-1,1,0,0,0,-26,-101,23,None
0,-1,-1,-3,11,8,-3,-2,-1,0,0,0,-26,-101,23,None
0,-1,-1,-3,11,8,-3,-2,-1,0,0,0,-26,-101,23,None
0,-1,-1,-3,11,8,-3,-2,-1,0,0,0,-26,-101,20,None
0,0,0,2,0,-8,0,0,-1,0,0,0,-26,-101,20,None
0,-1,1,-1,30,11,-7,-5,-4,0,0,0,-26,-101,20,None
0,-3,-5,-5,-13,-2,0,-1,-5,0,0,0,-26,-101,20,None
0,1,0,-3,7,-10,2,-3,0,0,0,0,-26,-101,20,None
0,1,0,-3,7,-10,2,-3,0,0,0,0,-26,-101,20,None
0,1,0,-3,7,-10,2,-3,0,0,0,0,-19,-100,9,None
0,-1,1,-3,-4,1,-1,0,-1,0,0,0,-19,-100,9,None
0,0,-1,-2,7,4,0,-1,-2,0,0,0,-19,-100,9,None
0,-2,0,-5,-3,-10,-3,0,-1,0,0,0,-19,-100,9,None
0,-1,0,-1,-16,7,0,-5,-2,0,0,0,-19,-100,9,None
0,-1,0,-1,-16,7,0,-5,-2,0,0,0,-19,-100,9,None
0,-1,0,-1,-16,7,0,-5,-2,0,0,0,-7,-103,8,None
0,-1,-1,-2,34,-49,-6,-1,-2,0,0,0,-7,-103,8,None
0,-1,-1,-4,-40,34,5,1,0,0,0,0,-7,-103,8,None
0,-3,-2,-2,-16,40,0,-2,-3,0,0,0,-7,-103,8,None
0,1,0,-4,-11,-18,-1,-1,-2,0,0,0,-7,-103,8,None
0,1,0,-4,-11,-18,-1,-1,-2,0,0,0,-7,-103,8,None
0,1,0,-4,-11,-18,-1,-1,-2,0,0,0,4,-104,15,None
0,-3,-1,-2,45,6,0,2,1,0,0,0,4,-104,15,None
0,1,2,3,46,-6,-5,-4,0,0,0,0,4,-104,15,None
0,0,2,10,58,47,4,0,0,0,0,0,4,-104,15,None
0,-3,-4,-8,-39,-35,-9,-7,-2,0,0,0,4,-104,15,None
0,-3,-4,-8,-39,-35,-9,-7,-2,0,0,0,4,-104,15,None
0,-3,-4,-8,-39,-35,-9,-7,-2,0,0,0,1,-99,14,None
0,-2,-1,-18,-43,-15,3,1,-1,0,0,0,1,-99,14,None
0,-3,0,25,57,9,-8,-6,-6,0,0,0,1,-99,14,None
0,4,6,0,16,-32,23,10,5,0,0,0,1,-99,14,None
0,-1,-1,-47,0,54,8,2,1,0,0,0,1,-99,14,None
0,-1,-1,-47,0,54,8,2,1,0,0,0,1,-99,14,None
0,-1,-1,-47,0,54,8,2,1,0,0,0,6,-103,10,None
0,-2,-3,-4,-16,-52,-2,0,0,0,0,0,6,-103,10,None
0,1,4,-2,-17,0,-12,-5,-1,0,0,0,6,-103,10,None
0,-4,0,13,57,38,-31,-7,-6,0,0,0,6,-103,10,None
0,0,-1,-4,-17,9,22,1,1,0,0,0,6,-103,10,None
0,0,-1,-4,-17,9,22,1,1,0,0,0,6,-103,10,None
0,0,-1,-4,-17,9,22,1,1,0,0,0,17,-114,5,None
0,2,4,-7,-10,17,14,6,1,0,0,0,17,-114,5,None
0,-3,-1,-10,-60,-34,1,0,-1,0,0,0,17,-114,5,None
0,-2,-3,9,29,63,8,0,-1,0,0,0,17,-114,5,None
0,0,4,13,66,-21,-13,-4,-4,0,0,0,17,-114,5,None
0,0,4,13,66,-21,-13,-4,-4,0,0,0,17,-114,5,None
0,0,4,13,66,-21,-13,-4,-4,0,0,0,24,-121,4,None
0,-2,-1,-31,41,42,-9,-9,-4,0,0,0,24,-121,4,None
0,-5,-4,0,-74,22,4,1,-3,0,0,0,24,-121,4,None
0,5,8,-12,8,29,-3,-1,2,0,0,0,24,-121,4,None
0,-6,-1,59,-59,-35,-4,-3,-5,0,0,0,24,-121,4,None
0,-6,-1,59,-59,-35,-4,-3,-5,0,0,0,24,-121,4,None
0,-6,-1,59,-59,-35,-4,-3,-5,0,0,0,27,-121,1,None
0,4,6,35,30,105,3,-2,4,0,0,0,27,-121,1,None
0,-4,-6,28,2,-57,-8,-2,-3,0,0,0,27,-121,1,None
0,-1,5,-42,-42,-42,3,-3,-1,0,0,0,27,-121,1,None
0,2,4,42,-27,23,2,1,0,0,0,0,27,-121,1,None
0,2,4,42,-27,23,2,1,0,0,0,0,27,-121,1,None
0,2,4,42,-27,23,2,1,0,0,0,0,27,-121,-4,None
0,-2,-2,-1,-55,-112,-14,-3,-2,0,0,0,27,-121,-4,None
0,-2,-2,-61,18,44,8,-6,-3,0,0,0,27,-121,-4,None
0,-6,-5,19,54,53,-9,-2,-5,0,0,0,27,-121,-4,None
0,0,6,54,34,-99,3,1,1,0,0,0,27,-121,-4,None
0,0,6,54,34,-99,3,1,1,0,0,0,27,-121,-4,None
0,0,6,54,34,-99,3,1,1,0,0,0,32,-118,-6,None
0,-5,-4,-23,-34,93,0,-3,-4,0,0,0,32,-118,-6,None
0,3,9,17,76,-51,-1,0,1,0,0,0,32,-118,-6,None
0,-5,-9,-26,-79,-128,-11,-10,-5,0,0,0,32,-118,-6,None
0,0,0,-38,-22,-32,-6,3,0,0,0,0,32,-118,-6,None
0,0,0,-38,-22,-32,-6,3,0,0,0,0,32,-118,-6,None
0,0,0,-38,-22,-32,-6,3,0,0,0,0,42,-113,1,None
0,-3,-1,32,43,127,20,4,0,0,0,0,42,-113,1,None
0,-1,-1,-21,1,-51,-7,-1,-3,0,0,0,42,-113,1,None
0,3,0,14,-51,-44,-7,-2,-1,0,0,0,42,-113,1,None
0,-3,-1,-16,-68,47,-10,-3,-3,0,0,0,42,-113,1,None
0,-3,-1,-16,-68,47,-10,-3,-3,0,0,0,42,-113,1,None
0,-3,-1,-16,-68,47,-10,-3,-3,0,0,0,50,-102,4,None
0,0,4,26,-14,-92,2,1,-1,0,0,0,50,-102,4,None
0,-2,-7,-16,37,-27,-5,-3,-2,0,0,0,50,-102,4,None
0,-1,1,-10,59,48,14,4,0,0,0,0,50,-102,4,None
0,-3,-2,-20,-42,71,-10,-8,-1,0,0,0,50,-102,4,None
0,-3,-2,-20,-42,71,-10,-8,-1,0,0,0,50,-102,4,None
0,-3,-2,-20,-42,71,-10,-8,-1,0,0,0,48,-99,1,None
0,-2,1,-8,-4,4,-3,-3,-3,0,0,0,48,-99,1,None
0,2,24,-13,-76,56,-7,-3,-1,0,0,0,48,-99,1,None
0,-7,-47,12,-30,-17,1,-1,-4,0,0,0,48,-99,1,None
0,-3,-8,-40,63,-18,2,0,1,0,0,0,48,-99,1,None
0,-3,-8,-40,63,-18,2,0,1,0,0,0,48,-99,1,None
0,-3,-8,-40,63,-18,2,0,1,0,0,0,52,-98,-1,None
0,-2,0,-1,10,-22,-9,-7,-1,0,0,0,52,-98,-1,None
0,1,2,-2,-23,-49,5,2,1,0,0,0,52,-98,-1,None
0,5,8,1,-37,63,-1,-1,2,0,0,0,52,-98,-1,None
0,-2,12,-3,33,75,3,0,-5,0,0,0,52,-98,-1,None
0,-2,12,-3,33,75,3,0,-5,0,0,0,52,-98,-1,None
0,-2,12,-3,33,75,3,0,-5,0,0,0,59,-102,-1,None
0,-3,7,-8,31,33,0,-4,-3,0,0,0,59,-102,-1,None
0,-6,-50,24,-25,56,2,1,0,0,0,0,59,-102,-1,None
0,5,44,4,26,-35,-3,1,1,0,0,0,59,-102,-1,None
0,-4,-39,-8,-61,-28,2,1,3,0,0,0,59,-102,-1,None
0,-4,-39,-8,-61,-28,2,1,3,0,0,0,59,-102,-1,None
0,-4,-39,-8,-61,-28,2,1,3,0,0,0,59,-103,0,None
0,1,24,20,46,11,1,0,-1,0,0,0,59,-103,0,None
0,-4,-9,-2,9,40,6,1,0,0,0,0,59,-103,0,None
0,2,8,7,12,29,1,-3,-3,0,0,0,59,-103,0,None
0,-11,-36,-9,31,-22,-1,-1,-7,0,0,0,59,-103,0,None
0,-11,-36,-9,31,-22,-1,-1,-7,0,0,0,59,-103,0,None
0,-11,-36,-9,31,-22,-1,-1,-7,0,0,0,57,-93,-1,None
0,-1,-13,-6,-74,-63,-5,-3,-2,0,0,0,57,-93,-1,None
0,3,19,3,45,44,1,1,0,0,0,0,57,-93,-1,None
0,-10,-8,-15,-46,-28,-6,-4,-3,0,0,0,57,-93,-1,None
0,6,20,7,89,41,8,2,1,0,0,0,57,-93,-1,None
0,6,20,7,89,41,8,2,1,0,0,0,57,-93,-1,None
0,6,20,7,89,41,8,2,1,0,0,0,59,-85,-4,None
0,-1,-3,-20,5,13,-11,-5,-3,0,0,0,59,-85,-4,None
0,-1,8,-3,-9,-55,-5,-2,-2,0,0,0,59,-85,-4,None
0,5,4,3,-2,24,0,-1,1,0,0,0,59,-85,-4,None
0,1,8,-6,-27,-12,-3,-4,-2,0,0,0,59,-85,-4,None
0,1,8,-6,-27,-12,-3,-4,-2,0,0,0,59,-85,-4,None
0,1,8,-6,-27,-12,-3,-4,-2,0,0,0,63,-94,-4,None
0,-1,-3,6,87,30,4,1,1,0,0,0,63,-94,-4,None
0,3,17,-9,-104,9,-4,-2,-1,0,0,0,63,-94,-4,None
0,7,-33,-4,25,-5,-3,-3,-2,0,0,0,63,-94,-4,None
0,-24,-4,1,44,-1,-6,-3,-3,0,0,0,63,-94,-4,None
0,-24,-4,1,44,-1,-6,-3,-3,0,0,0,63,-94,-4,None
0,-24,-4,1,44,-1,-6,-3,-3,0,0,0,67,-99,-5,None
0,-7,9,-9,-41,-54,-3,-2,-2,0,0,0,67,-99,-5,None
0,-6,-30,14,14,-19,4,3,-1,0,0,0,67,-99,-5,None
0,-8,-12,-8,-7,19,-4,0,-2,0,0,0,67,-99,-5,None
0,28,12,-11,-20,19,1,-2,-3,0,0,0,67,-99,-5,None
0,28,12,-11,-20,19,1,-2,-3,0,0,0,67,-99,-5,None
0,28,12,-11,-20,19,1,-2,-3,0,0,0,68,-91,-5,None
0,6,-5,3,-39,2,-2,-2,-2,0,0,0,68,-91,-5,None
0,-4,4,-1,53,34,3,-1,-2,0,0,0,68,-91,-5,None
0,-1,13,-1,10,-18,-1,-1,0,0,0,0,68,-91,-5,None
0,-4,8,5,-23,8,0,-2,0,0,0,0,68,-91,-5,None
0,-4,8,5,-23,8,0,-2,0,0,0,0,68,-91,-5,None
0,-4,8,5,-23,8,0,-2,0,0,0,0,66,-82,-4,None
0,-4,5,-11,31,36,-1,-1,-3,0,0,0,66,-82,-4,None
0,4,3,-1,25,34,-2,-1,-3,0,0,0,66,-82,-4,None
0,-5,-4,-8,-8,-31,-4,-3,-4,0,0,0,66,-82,-4,None
0,3,17,2,-7,8,1,-1,1,0,0,0,66,-82,-4,None
0,3,17,2,-7,8,1,-1,1,0,0,0,66,-82,-4,None
0,3,17,2,-7,8,1,-1,1,0,0,0,59,-78,-4,None
0,4,8,-5,-18,-30,-1,-2,0,0,0,0,59,-78,-4,None
0,-5,-1,-5,9,2,-3,-2,-1,0,0,0,59,-78,-4,None
0,-1,15,4,14,-7,1,0,-1,0,0,0,59,-78,-4,None
0,-3,-4,-6,19,14,-4,-1,-2,0,0,0,59,-78,-4,None
0,-3,-4,-6,19,14,-4,-1,-2,0,0,0,59,-78,-4,None
0,-3,-4,-6,19,14,-4,-1,-2,0,0,0,57,-81,-4,None
0,-2,28,1,-50,-33,-4,-1,-1,0,0,0,57,-81,-4,None
0,-5,-31,-5,28,-13,0,-1,0,0,0,0,57,-81,-4,None
0,-5,-2,-3,-35,-13,-5,-2,-1,0,0,0,57,-81,-4,None
0,8,29,-8,15,-16,-4,-1,0,0,0,0,57,-81,-4,None
0,8,29,-8,15,-16,-4,-1,0,0,0,0,57,-81,-4,None
0,8,29,-8,15,-16,-4,-1,0,0,0,0,58,-83,-6,None
0,-7,-31,-2,-5,21,0,-3,-1,0,0,0,58,-83,-6,None
0,1,17,0,-11,-3,1,-1,-2,0,0,0,58,-83,-6,None
0,1,8,5,14,-2,2,1,0,0,0,0,58,-83,-6,None
0,-5,-1,3,9,-50,-2,-1,-1,0,0,0,58,-83,-6,None
0,-5,-1,3,9,-50,-2,-1,-1,0,0,0,58,-83,-6,None
0,-5,-1,3,9,-50,-2,-1,-1,0,0,0,54,-82,-9,None
0,1,5,-6,1,-3,-3,-2,-2,0,0,0,54,-82,-9,None
0,-5,-21,-1,-1,-4,-1,-2,-2,0,0,0,54,-82,-9,None
0,-11,-6,11,3,-2,0,-3,-2,0,0,0,54,-82,-9,None
0,0,1,-2,24,12,-1,-2,-1,0,0,0,54,-82,-9,None
0,0,1,-2,24,12,-1,-2,-1,0,0,0,54,-82,-9,None
0,0,1,-2,24,12,-1,-2,-1,0,0,0,55,-80,-11,None
0,-1,-6,1,-20,-14,1,-1,-1,0,0,0,55,-80,-11,None
0,1,14,-5,11,-16,-3,-1,-2,0,0,0,55,-80,-11,None
0,2,11,-8,-6,-4,0,-1,-2,0,0,0,55,-80,-11,None
0,3,37,11,16,4,-1,-1,0,0,0,0,55,-80,-11,None
0,3,37,11,16,4,-1,-1,0,0,0,0,55,-80,-11,None
0,3,37,11,16,4,-1,-1,0,0,0,0,55,-80,-11,None
0,-4,-24,3,11,-2,-1,0,-2,0,0,0,55,-80,-11,None
0,0,13,-3,-20,-4,-3,-3,-1,0,0,0,55,-80,-11,None
0,0,-2,-4,-4,-12,1,-1,-1,0,0,0,55,-80,-11,None
0,-1,5,-3,13,20,1,-1,-1,0,0,0,55,-80,-11,None
0,-1,5,-3,13,20,1,-1,-1,0,0,0,55,-80,-11,None
0,-1,5,-3,13,20,1,-1,-1,0,0,0,55,-82,-12,None
0,0,-2,-5,14,2,-3,-2,0,0,0,0,55,-82,-12,None
0,0,9,3,11,-2,1,0,-1,0,0,0,55,-82,-12,None
0,4,46,-13,-63,-62,-7,-3,0,0,0,0,55,-82,-12,None
0,-8,-29,1,22,35,-1,-4,-3,0,0,0,55,-82,-12,None
0,-8,-29,1,22,35,-1,-4,-3,0,0,0,55,-82,-12,None
0,-8,-29,1,22,35,-1,-4,-3,0,0,0,55,-83,-12,None
0,0,5,0,1,2,2,-1,-2,0,0,0,55,-83,-12,None
0,-6,-4,-26,2,15,2,-1,-1,0,0,0,55,-83,-12,None
0,5,8,0,-25,9,1,-1,-2,0,0,0,55,-83,-12,None
0,-3,-9,-9,-16,-12,-3,-1,-1,0,0,0,55,-83,-12,None
0,-3,-9,-9,-16,-12,-3,-1,-1,0,0,0,55,-83,-12,None
0,-3,-9,-9,-16,-12,-3,-1,-1,0,0,0,54,-81,-12,None
0,-3,1,-9,0,-3,-2,-2,0,0,0,0,54,-81,-12,None
0,3,18,8,20,5,-1,-1,-1,0,0,0,54,-81,-12,None
0,-6,-19,-5,22,16,-1,0,-1,0,0,0,54,-81,-12,None
0,-2,-4,-5,-1,-11,-2,-2,-1,0,0,0,54,-81,-12,None
0,-2,-4,-5,-1,-11,-2,-2,-1,0,0,0,54,-81,-12,None
0,-2,-4,-5,-1,-11,-2,-2,-1,0,0,0,53,-80,-12,None
0,-1,-7,3,6,-3,0,-2,-2,0,0,0,53,-80,-12,None
0,0,4,-4,27,18,0,0,-1,0,0,0,53,-80,-12,None
0,-7,-54,-1,-88,-80,-11,-7,-5,0,0,0,53,-80,-12,None
0,-9,0,-16,-18,-12,-5,-3,-5,0,0,0,53,-80,-12,None
0,-9,0,-16,-18,-12,-5,-3,-5,0,0,0,53,-80,-12,None
0,-9,0,-16,-18,-12,-5,-3,-5,0,0,0,54,-82,-12,None
0,2,18,-2,15,29,1,-1,-1,0,0,0,54,-82,-12,None
0,-5,-10,-3,-8,-29,-1,-2,0,0,0,0,54,-82,-12,None
0,5,12,6,4,40,1,0,-1,0,0,0,54,-82,-12,None
0,0,-11,-3,3,-10,-1,0,0,0,0,0,54,-82,-12,None
0,0,-11,-3,3,-10,-1,0,0,0,0,0,54,-82,-12,None
0,0,-11,-3,3,-10,-1,0,0,0,0,0,54,-83,-12,None
0,-4,-12,-5,32,-7,-4,-1,-2,0,0,0,54,-83,-12,None
0,3,19,5,-22,-6,-1,-1,-1,0,0,0,54,-83,-12,None
0,-3,17,-4,63,36,-2,0,-2,0,0,0,54,-83,-12,None
0,0,-4,1,-10,-23,-2,-2,-4,0,0,0,54,-83,-12,None
0,0,-4,1,-10,-23,-2,-2,-4,0,0,0,54,-83,-12,None
0,0,-4,1,-10,-23,-2,-2,-4,0,0,0,54,-83,-11,None
0,-3,7,-4,79,67,-1,0,0,0,0,0,54,-83,-11,None
0,27,1,5,-24,-35,5,-3,1,0,0,0,54,-83,-11,None
0,-7,4,2,28,56,1,4,3,0,0,0,54,-83,-11,None
0,1,1,-10,-17,-6,0,1,-2,0,0,0,54,-83,-11,None
0,1,1,-10,-17,-6,0,1,-2,0,0,0,54,-83,-11,None
0,1,1,-10,-17,-6,0,1,-2,0,0,0,54,-82,-9,None
0,-5,-4,0,-22,-21,1,0,-1,0,0,0,54,-82,-9,None
0,2,5,-1,0,-20,-4,-4,-2,0,0,0,54,-82,-9,None
0,-1,-9,-6,-11,-31,-2,-2,-1,0,0,0,54,-82,-9,None
0,1,5,-19,-4,16,-3,-2,-1,0,0,0,54,-82,-9,None
0,1,5,-19,-4,16,-3,-2,-1,0,0,0,54,-82,-9,None
0,1,5,-19,-4,16,-3,-2,-1,0,0,0,56,-81,-8,None
0,6,9,2,-35,-22,0,-1,-1,0,0,0,56,-81,-8,None
0,-16,-31,-5,-13,17,-4,-2,-4,0,0,0,56,-81,-8,None
0,5,7,3,27,32,6,-1,-2,0,0,0,56,-81,-8,None
0,-6,-2,0,5,22,0,0,0,0,0,0,56,-81,-8,None
0,-6,-2,0,5,22,0,0,0,0,0,0,56,-81,-8,None
0,-6,-2,0,5,22,0,0,0,0,0,0,57,-83,-7,None
0,2,8,10,23,-41,-2,0,-1,0,0,0,57,-83,-7,None
0,-7,0,-8,2,17,-2,-1,-2,0,0,0,57,-83,-7,None
0,-3,0,2,10,16,1,-1,-1,0,0,0,57,-83,-7,None
0,3,1,7,-4,-19,1,-2,0,0,0,0,57,-83,-7,None
0,3,1,7,-4,-19,1,-2,0,0,0,0,57,-83,-7,None
0,3,1,7,-4,-19,1,-2,0,0,0,0,57,-84,-8,None
0,0,-6,-6,-10,-3,-1,-2,-1,0,0,0,57,-84,-8,None
0,0,5,2,7,-19,-6,-2,-1,0,0,0,57,-84,-8,None
0,-9,-19,-14,-12,-11,-1,-3,-4,0,0,0,57,-84,-8,None
0,3,35,1,42,35,0,-2,-1,0,0,0,57,-84,-8,None
0,3,35,1,42,35,0,-2,-1,0,0,0,57,-84,-8,None
0,3,35,1,42,35,0,-2,-1,0,0,0,56,-83,-9,None
0,-10,-51,-13,-76,-47,-4,-1,-3,0,0,0,56,-83,-9,None
0,-4,-2,8,28,13,0,1,-3,0,0,0,56,-83,-9,None
0,1,3,-4,6,-4,0,-2,0,0,0,0,56,-83,-9,None
0,-2,-1,0,-23,-19,-3,0,1,0,0,0,56,-83,-9,None
0,-2,-1,0,-23,-19,-3,0,1,0,0,0,56,-83,-9,None
0,-2,-1,0,-23,-19,-3,0,1,0,0,0,55,-83,-9,None
0,-2,12,0,10,15,1,-1,-2,0,0,0,55,-83,-9,None
0,-1,8,-4,-4,2,-2,-3,0,0,0,0,55,-83,-9,None
0,-2,-6,-4,-15,-20,-2,-3,-1,0,0,0,55,-83,-9,None
0,-2,-4,7,48,-8,1,0,-1,0,0,0,55,-83,-9,None
0,-2,-4,7,48,-8,1,0,-1,0,0,0,55,-83,-9,None
0,-2,-4,7,48,-8,1,0,-1,0,0,0,55,-81,-9,None
0,4,21,4,30,11,-4,0,0,0,0,0,55,-81,-9,None
0,-6,10,-12,-4,-11,1,-2,-1,0,0,0,55,-81,-9,None
0,21,-27,-9,-12,-25,-2,-1,-1,0,0,0,55,-81,-9,None
0,-5,-6,11,19,2,-2,-2,-3,0,0,0,55,-81,-9,None
0,-5,-6,11,19,2,-2,-2,-3,0,0,0,55,-81,-9,None
0,-5,-6,11,19,2,-2,-2,-3,0,0,0,54,-83,-10,None
0,-1,7,-5,-11,-14,-1,-1,-1,0,0,0,54,-83,-10,None
0,0,2,-10,-63,-15,-2,-2,-2,0,0,0,54,-83,-10,None
0,-8,7,0,14,5,-2,0,0,0,0,0,54,-83,-10,None
0,1,0,-7,-17,-15,-3,-3,-1,0,0,0,54,-83,-10,None
0,1,0,-7,-17,-15,-3,-3,-1,0,0,0,54,-83,-10,None
0,1,0,-7,-17,-15,-3,-3,-1,0,0,0,54,-83,-11,None
0,2,-7,-3,-11,-4,-2,-2,0,0,0,0,54,-83,-11,None
0,-2,4,6,16,19,1,-1,-2,0,0,0,54,-83,-11,None
0,0,22,-2,-8,8,0,-1,-2,0,0,0,54,-83,-11,None
0,-2,-19,-5,-26,-1,0,-1,-2,0,0,0,54,-83,-11,None
0,-2,-19,-5,-26,-1,0,-1,-2,0,0,0,54,-83,-11,None
0,-2,-19,-5,-26,-1,0,-1,-2,0,0,0,55,-83,-10,None
0,-2,17,6,76,47,3,0,0,0,0,0,55,-83,-10,None
0,-10,-27,-33,-11,-55,-8,-1,-2,0,0,0,55,-83,-10,None
0,0,7,9,50,45,1,-1,-3,0,0,0,55,-83,-10,None
0,-3,-1,-6,-77,-33,-3,-4,-2,0,0,0,55,-83,-10,None
0,-3,-1,-6,-77,-33,-3,-4,-2,0,0,0,55,-83,-10,None
0,-3,-1,-6,-77,-33,-3,-4,-2,0,0,0,54,-82,-11,None
0,0,0,-6,25,6,-1,-2,-2,0,0,0,54,-82,-11,None
0,1,5,7,21,31,2,-1,0,0,0,0,54,-82,-11,None
0,-1,-2,-3,-4,-14,-2,0,1,0,0,0,54,-82,-11,None
0,-2,-2,-2,5,3,-2,-1,-2,0,0,0,54,-82,-11,None
0,-2,-2,-2,5,3,-2,-1,-2,0,0,0,54,-82,-11,None
0,-2,-2,-2,5,3,-2,-1,-2,0,0,0,54,-81,-11,None
0,-2,-5,0,-38,-2,0,0,-1,0,0,0,54,-81,-11,None
0,3,6,2,-1,1,-3,-3,-2,0,0,0,54,-81,-11,None
0,-6,16,2,7,18,1,-2,-2,0,0,0,54,-81,-11,None
0,3,38,2,0,6,-2,-1,-2,0,0,0,54,-81,-11,None
0,3,38,2,0,6,-2,-1,-2,0,0,0,54,-81,-11,None
0,3,38,2,0,6,-2,-1,-2,0,0,0,56,-82,-11,None
0,-11,-66,-18,-41,-36,-9,-4,-2,0,0,0,56,-82,-11,None
0,-3,18,-2,16,40,-4,-4,-3,0,0,0,56,-82,-11,None
0,-2,-6,-1,7,-1,3,-2,-1,0,0,0,56,-82,-11,None
0,1,4,1,15,2,0,0,0,0,0,0,56,-82,-11,None
0,1,4,1,15,2,0,0,0,0,0,0,56,-82,-11,None
0,1,4,1,15,2,0,0,0,0,0,0,55,-82,-10,None
0,2,18,1,0,2,0,0,-1,0,0,0,55,-82,-10,None
0,-1,-4,3,1,-6,-2,0,1,0,0,0,55,-82,-10,None
0,-3,-2,2,-26,-13,-3,-3,0,0,0,0,55,-82,-10,None
0,-1,-2,2,21,3,4,2,0,0,0,0,55,-82,-10,None
0,-1,-2,2,21,3,4,2,0,0,0,0,55,-82,-10,None
0,-1,-2,2,21,3,4,2,0,0,0,0,55,-81,-10,None
0,-2,10,11,0,8,0,-1,-2,0,0,0,55,-81,-10,None
0,0,-3,16,-8,-27,-1,-2,-2,0,0,0,55,-81,-10,None
0,1,5,1,27,11,-1,-2,-2,0,0,0,55,-81,-10,None
0,-2,-12,-5,8,3,0,-3,-1,0,0,0,55,-81,-10,None
0,-2,-12,-5,8,3,0,-3,-1,0,0,0,55,-81,-10,None
0,-2,-12,-5,8,3,0,-3,-1,0,0,0,54,-81,-10,None
0,0,7,-7,11,14,-2,-3,0,0,0,0,54,-81,-10,None
0,0,4,-2,10,-1,0,-1,-1,0,0,0,54,-81,-10,None
0,-4,-6,2,16,-1,-2,0,-2,0,0,0,54,-81,-10,None
0,-2,-7,-1,-1,3,-3,-1,-4,0,0,0,54,-81,-10,None
0,-2,-7,-1,-1,3,-3,-1,-4,0,0,0,54,-81,-10,None
0,-2,-7,-1,-1,3,-3,-1,-4,0,0,0,55,-81,-11,None
0,0,8,-4,-14,1,1,0,-2,0,0,0,55,-81,-11,None
0,-10,-6,-2,-18,18,-1,0,0,0,0,0,55,-81,-11,None
0,-4,1,-15,2,-37,-4,-4,-3,0,0,0,55,-81,-11,None
0,-3,-4,-25,-9,26,-6,-4,-3,0,0,0,55,-81,-11,None
0,-3,-4,-25,-9,26,-6,-4,-3,0,0,0,55,-81,-11,None
0,-3,-4,-25,-9,26,-6,-4,-3,0,0,0,56,-82,-10,None
0,-4,-17,10,-5,22,2,-3,-2,0,0,0,56,-82,-10,None
0,3,17,3,11,-2,1,0,0,0,0,0,56,-82,-10,None
0,-2,0,-3,-15,-8,-2,0,0,0,0,0,56,-82,-10,None
0,2,-7,0,-5,-12,-2,-1,-1,0,0,0,56,-82,-10,None
0,2,-7,0,-5,-12,-2,-1,-1,0,0,0,56,-82,-10,None
0,2,-7,0,-5,-12,-2,-1,-1,0,0,0,55,-83,-10,None
0,0,13,-5,6,2,-1,-2,-1,0,0,0,55,-83,-10,None
0,-1,4,0,6,5,-1,-2,-1,0,0,0,55,-83,-10,None
0,-3,-4,-2,-11,10,0,-2,-2,0,0,0,55,-83,-10,None
0,1,1,2,6,11,-1,0,-2,0,0,0,55,-83,-10,None
0,1,1,2,6,11,-1,0,-2,0,0,0,55,-83,-10,None
0,1,1,2,6,11,-1,0,-2,0,0,0,56,-82,-11,None
0,5,8,-3,-15,-2,1,1,0,0,0,0,56,-82,-11,None
0,9,7,8,6,11,1,2,0,0,0,0,56,-82,-11,None
0,-6,8,-30,-14,13,-5,-5,-5,0,0,0,56,-82,-11,None
0,-3,-7,15,-15,-3,3,1,-1,0,0,0,56,-82,-11,None
0,-3,-7,15,-15,-3,3,1,-1,0,0,0,56,-82,-11,None
0,-3,-7,15,-15,-3,3,1,-1,0,0,0,55,-82,-10,None
0,0,6,-2,-17,-13,-1,-1,-2,0,0,0,55,-82,-10,None
0,-3,-23,-7,10,-10,-1,-2,-1,0,0,0,55,-82,-10,None
0,2,0,6,8,28,-1,0,0,0,0,0,55,-82,-10,None
0,-2,4,-2,4,-6,-1,-1,0,0,0,0,55,-82,-10,None
0,-2,4,-2,4,-6,-1,-1,0,0,0,0,55,-82,-10,None
0,-2,4,-2,4,-6,-1,-1,0,0,0,0,55,-81,-10,None
0,0,4,-7,6,-4,-1,-2,-1,0,0,0,55,-81,-10,None
0,0,1,-1,-2,-12,-3,-2,-2,0,0,0,55,-81,-10,None
0,1,-3,0,-20,-20,-1,1,-2,0,0,0,55,-81,-10,None
0,-2,-5,6,13,16,1,1,-1,0,0,0,55,-81,-10,None
0,-2,-5,6,13,16,1,1,-1,0,0,0,55,-81,-10,None
0,-2,-5,6,13,16,1,1,-1,0,0,0,55,-82,-11,None
0,-3,3,-7,-18,-1,-2,-3,-3,0,0,0,55,-82,-11,None
0,-2,-4,-2,-15,34,0,-3,-2,0,0,0,55,-82,-11,None
0,-2,-7,2,4,-8,0,-2,-2,0,0,0,55,-82,-11,None
0,-1,3,-1,13,1,-2,-2,-1,0,0,0,55,-82,-11,None
0,-1,3,-1,13,1,-2,-2,-1,0,0,0,55,-82,-11,None
0,-1,3,-1,13,1,-2,-2,-1,0,0,0,54,-82,-10,None
0,0,3,-1,3,-24,-3,-1,-1,0,0,0,54,-82,-10,None
0,0,3,-2,2,0,0,0,-2,0,0,0,54,-82,-10,None
0,1,2,0,-7,1,-3,0,1,0,0,0,54,-82,-10,None
0,-4,-11,-6,-9,-17,-3,-1,0,0,0,0,54,-82,-10,None
0,-4,-11,-6,-9,-17,-3,-1,0,0,0,0,54,-82,-10,None
0,-4,-11,-6,-9,-17,-3,-1,0,0,0,0,56,-82,-10,None
0,3,39,-3,23,-17,2,0,-1,0,0,0,56,-82,-10,None
0,-3,-15,2,-44,5,-1,1,0,0,0,0,56,-82,-10,None
0,-3,-10,-1,1,0,3,0,-2,0,0,0,56,-82,-10,None
0,-1,-11,11,3,84,5,-3,-2,0,0,0,56,-82,-10,None
0,-1,-11,11,3,84,5,-3,-2,0,0,0,56,-82,-10,None
0,-1,-11,11,3,84,5,-3,-2,0,0,0,55,-83,-11,None
0,-1,1,-6,-1,39,-1,-4,-3,0,0,0,55,-83,-11,None
0,1,12,1,16,-48,-2,1,0,0,0,0,55,-83,-11,None
0,0,4,-3,4,-9,-1,0,0,0,0,0,55,-83,-11,None
0,1,0,-7,-6,-14,-2,-1,0,0,0,0,55,-83,-11,None
0,1,0,-7,-6,-14,-2,-1,0,0,0,0,55,-83,-11,None
0,1,0,-7,-6,-14,-2,-1,0,0,0,0,55,-82,-11,None
0,-1,-9,0,-5,-2,-1,-1,-1,0,0,0,55,-82,-11,None
0,-1,1,-5,13,25,-3,-4,-3,0,0,0,55,-82,-11,None
0,0,-5,-2,-9,-11,0,-1,1,0,0,0,55,-82,-11,None
0,0,8,-4,29,6,-4,-3,-3,0,0,0,55,-82,-11,None
0,0,8,-4,29,6,-4,-3,-3,0,0,0,55,-82,-11,None
0,0,8,-4,29,6,-4,-3,-3,0,0,0,55,-81,-11,None
0,-4,-3,12,-14,-3,-1,-2,-1,0,0,0,55,-81,-11,None
