0,-1,0,6,18,22,2,15,1,0,0,0,85,-97,1,None
0,1,-1,-8,18,25,20,30,-3,0,0,0,85,-97,1,None
0,-3,-1,-3,-15,11,-23,-80,-5,0,0,0,85,-97,1,None
0,-3,-1,-3,-15,11,-23,-80,-5,0,0,0,85,-97,1,None
0,-3,-1,-3,-15,11,-23,-80,-5,0,0,0,82,-100,-2,None
0,0,2,1,-3,0,-29,43,0,0,0,0,82,-100,-2,None
0,2,2,4,5,-11,12,11,6,0,0,0,82,-100,-2,None
0,-1,0,0,-11,26,2,-4,-2,0,0,0,82,-100,-2,None
0,0,1,-2,-12,-11,18,-17,2,0,0,0,82,-100,-2,None
0,0,1,-2,-12,-11,18,-17,2,0,0,0,82,-100,-2,None
0,0,1,-2,-12,-11,18,-17,2,0,0,0,77,-114,4,None
0,-2,0,-2,0,3,2,45,-3,0,0,0,77,-114,4,None
0,0,1,-2,9,-2,-1,-36,-1,0,0,0,77,-114,4,None
0,-4,0,-1,0,3,-34,-27,-4,0,0,0,77,-114,4,None
0,1,1,5,-22,25,95,47,6,0,0,0,77,-114,4,None
0,1,1,5,-22,25,95,47,6,0,0,0,77,-114,4,None
0,1,1,5,-22,25,95,47,6,0,0,0,67,-121,7,None
0,0,-1,-20,3,-18,3,-12,1,0,0,0,67,-121,7,None
0,-5,-5,3,31,23,-37,2,-5,0,0,0,67,-121,7,None
0,0,0,4,-41,-22,-7,-15,-2,0,0,0,67,-121,7,None
0,-4,-3,-9,2,-7,1,-11,-5,0,0,0,67,-121,7,None
0,-4,-3,-9,2,-7,1,-11,-5,0,0,0,67,-121,7,None
0,-4,-3,-9,2,-7,1,-11,-5,0,0,0,56,-120,8,None
0,-1,2,3,14,29,-38,2,0,0,0,0,56,-120,8,None
0,2,0,0,-8,-42,66,16,5,0,0,0,56,-120,8,None
0,0,1,-5,6,41,-34,-23,-2,0,0,0,56,-120,8,None
0,-2,0,4,-4,-28,-1,14,-5,0,0,0,56,-120,8,None
0,-2,0,4,-4,-28,-1,14,-5,0,0,0,56,-120,8,None
0,-2,0,4,-4,-28,-1,14,-5,0,0,0,43,-126,11,None
0,1,-1,-5,4,1,15,-1,1,0,0,0,43,-126,11,None
0,-2,3,2,-5,2,-40,1,-4,0,0,0,43,-126,11,None
0,-2,0,-1,2,1,-1,6,-1,0,0,0,43,-126,11,None
0,2,0,-4,-1,3,15,8,5,0,0,0,43,-126,11,None
0,2,0,-4,-1,3,15,8,5,0,0,0,43,-126,11,None
0,2,0,-4,-1,3,15,8,5,0,0,0,35,-134,13,None
0,-4,-2,-2,16,17,-1,-6,-5,0,0,0,35,-134,13,None
0,0,0,2,2,10,-21,-12,-2,0,0,0,35,-134,13,None
0,1,2,-2,1,12,11,-22,-1,0,0,0,35,-134,13,None
0,-1,1,-3,22,-16,-3,35,1,0,0,0,35,-134,13,None
0,-1,1,-3,22,-16,-3,35,1,0,0,0,35,-134,13,None
0,-1,1,-3,22,-16,-3,35,1,0,0,0,31,-132,14,None
0,-3,0,-1,-8,-3,-14,-17,-2,0,0,0,31,-132,14,None
0,0,2,-4,46,-16,23,1,1,0,0,0,31,-132,14,None
0,-2,-2,1,2,5,7,18,0,0,0,0,31,-132,14,None
0,-2,0,-5,12,14,-20,-22,-2,0,0,0,31,-132,14,None
0,-2,0,-5,12,14,-20,-22,-2,0,0,0,31,-132,14,None
0,-2,0,-5,12,14,-20,-22,-2,0,0,0,21,-128,16,None
0,-3,-2,-3,-31,27,17,7,-1,0,0,0,21,-128,16,None
0,-2,-1,-5,11,-57,-25,-5,-3,0,0,0,21,-128,16,None
0,0,2,3,-2,11,-7,-6,-2,0,0,0,21,-128,16,None
0,2,3,1,31,-5,22,4,2,0,0,0,21,-128,16,None
0,2,3,1,31,-5,22,4,2,0,0,0,21,-128,16,None
0,2,3,1,31,-5,22,4,2,0,0,0,8,-118,17,None
0,-3,-3,-3,-26,17,13,-3,-2,0,0,0,8,-118,17,None
0,-2,2,6,6,47,-2,5,-2,0,0,0,8,-118,17,None
0,0,0,-12,-44,-65,-2,0,-3,0,0,0,8,-118,17,None
0,-1,1,3,-2,38,-2,2,1,0,0,0,8,-118,17,None
0,-1,1,3,-2,38,-2,2,1,0,0,0,8,-118,17,None
0,-1,1,3,-2,38,-2,2,1,0,0,0,-3,-115,15,None
0,0,1,0,-19,-20,-3,1,-1,0,0,0,-3,-115,15,None
0,-2,0,-1,-45,6,5,-16,-3,0,0,0,-3,-115,15,None
0,-2,3,3,26,57,3,7,0,0,0,0,-3,-115,15,None
0,-1,2,-4,-22,-15,-18,1,-3,0,0,0,-3,-115,15,None
0,-1,2,-4,-22,-15,-18,1,-3,0,0,0,-3,-115,15,None
0,-1,2,-4,-22,-15,-18,1,-3,0,0,0,-7,-113,16,None
0,-3,0,2,12,-7,-5,-13,-4,0,0,0,-7,-113,16,None
0,0,0,-3,15,-8,2,-3,1,0,0,0,-7,-113,16,None
0,-4,-4,-6,10,-10,-9,7,-2,0,0,0,-7,-113,16,None
0,1,3,-5,-28,1,6,0,0,0,0,0,-7,-113,16,None
0,1,3,-5,-28,1,6,0,0,0,0,0,-7,-113,16,None
0,1,3,-5,-28,1,6,0,0,0,0,0,-16,-105,19,None
0,-3,-4,-1,29,-54,14,3,-2,0,0,0,-16,-105,19,None
0,1,0,-3,-13,-16,-14,-4,-1,0,0,0,-16,-105,19,None
0,-1,2,2,18,30,7,3,1,0,0,0,-16,-105,19,None
0,0,-1,0,-44,-13,-2,-7,-2,0,0,0,-16,-105,19,None
0,0,-1,0,-44,-13,-2,-7,-2,0,0,0,-16,-105,19,None
0,0,-1,0,-44,-13,-2,-7,-2,0,0,0,-24,-96,18,None
0,-1,2,2,61,21,-10,-3,-2,0,0,0,-24,-96,18,None
0,0,0,-4,-37,-31,1,-2,1,0,0,0,-24,-96,18,None
0,-3,-1,-1,-33,-20,8,-1,-1,0,0,0,-24,-96,18,None
0,-2,1,1,56,-35,-5,-2,-2,0,0,0,-24,-96,18,None
0,-2,1,1,56,-35,-5,-2,-2,0,0,0,-24,-96,18,None
0,-2,1,1,56,-35,-5,-2,-2,0,0,0,-32,-90,15,None
0,1,3,-2,10,45,-7,0,-1,0,0,0,-32,-90,15,None
0,-3,-3,0,16,-14,-4,-6,-3,0,0,0,-32,-90,15,None
0,1,2,0,-5,-24,6,4,0,0,0,0,-32,-90,15,None
0,-1,0,-2,5,102,4,3,-1,0,0,0,-32,-90,15,None
0,-1,0,-2,5,102,4,3,-1,0,0,0,-32,-90,15,None
0,-1,0,-2,5,102,4,3,-1,0,0,0,-37,-80,13,None
0,-3,-1,0,15,-68,-16,-9,-4,0,0,0,-37,-80,13,None
0,0,2,2,1,36,1,-3,-3,0,0,0,-37,-80,13,None
0,1,4,-3,-38,-7,-2,3,2,0,0,0,-37,-80,13,None
0,-3,-6,-17,-118,-6,-6,-5,-4,0,0,0,-37,-80,13,None
0,-3,-6,-17,-118,-6,-6,-5,-4,0,0,0,-37,-80,13,None
0,-3,-6,-17,-118,-6,-6,-5,-4,0,0,0,-44,-75,11,None
0,1,3,-3,3,-67,0,-1,3,0,0,0,-44,-75,11,None
0,-6,-4,-1,24,87,-3,-7,-6,0,0,0,-44,-75,11,None
0,-1,-1,7,65,77,-1,3,-3,0,0,0,-44,-75,11,None
0,-3,-1,-11,-47,-77,-11,-5,-3,0,0,0,-44,-75,11,None
0,-3,-1,-11,-47,-77,-11,-5,-3,0,0,0,-44,-75,11,None
0,-3,-1,-11,-47,-77,-11,-5,-3,0,0,0,-47,-68,12,None
0,0,0,3,-33,-53,3,-2,-1,0,0,0,-47,-68,12,None
0,0,0,-3,35,-1,2,1,0,0,0,0,-47,-68,12,None
0,-4,1,-8,-39,-20,-2,1,-1,0,0,0,-47,-68,12,None
0,1,5,15,110,39,4,-1,-1,0,0,0,-47,-68,12,None
0,1,5,15,110,39,4,-1,-1,0,0,0,-47,-68,12,None
0,1,5,15,110,39,4,-1,-1,0,0,0,-52,-62,12,None
0,-3,-2,-4,2,34,-3,-2,-3,0,0,0,-52,-62,12,None
0,2,7,2,31,-4,0,1,2,0,0,0,-52,-62,12,None
0,-4,-3,-6,5,-6,-6,-4,-5,0,0,0,-52,-62,12,None
0,-4,0,1,11,14,-1,-5,-4,0,0,0,-52,-62,12,None
0,-4,0,1,11,14,-1,-5,-4,0,0,0,-52,-62,12,None
0,-4,0,1,11,14,-1,-5,-4,0,0,0,-58,-53,9,None
0,1,14,-9,-16,61,-2,-2,1,0,0,0,-58,-53,9,None
0,-1,-29,0,-27,-39,4,0,-4,0,0,0,-58,-53,9,None
0,3,3,7,34,31,-1,2,2,0,0,0,-58,-53,9,None
0,-1,9,-6,-84,-69,-2,1,-2,0,0,0,-58,-53,9,None
0,-1,9,-6,-84,-69,-2,1,-2,0,0,0,-58,-53,9,None
0,-1,9,-6,-84,-69,-2,1,-2,0,0,0,-63,-50,10,None
0,1,-12,0,33,44,-1,-2,-2,0,0,0,-63,-50,10,None
0,-4,16,-10,-94,-21,-5,0,4,0,0,0,-63,-50,10,None
0,-1,-3,-8,21,-8,-2,0,-1,0,0,0,-63,-50,10,None
0,-4,-10,3,13,-71,5,0,-1,0,0,0,-63,-50,10,None
0,-4,-10,3,13,-71,5,0,-1,0,0,0,-63,-50,10,None
0,-4,-10,3,13,-71,5,0,-1,0,0,0,-61,-50,11,None
0,2,8,-1,-60,12,1,1,0,0,0,0,-61,-50,11,None
0,-1,3,6,79,53,2,-3,-1,0,0,0,-61,-50,11,None
0,0,-9,-2,47,6,2,0,1,0,0,0,-61,-50,11,None
0,-1,11,-9,-33,-32,-7,-3,-3,0,0,0,-61,-50,11,None
0,-1,11,-9,-33,-32,-7,-3,-3,0,0,0,-61,-50,11,None
0,-1,11,-9,-33,-32,-7,-3,-3,0,0,0,-59,-49,12,None
0,-2,2,-1,3,-17,-6,-2,-5,0,0,0,-59,-49,12,None
0,-4,-12,-1,2,12,2,-2,-2,0,0,0,-59,-49,12,None
0,-2,6,-6,-31,14,-2,-4,-2,0,0,0,-59,-49,12,None
0,1,0,3,15,20,2,-1,0,0,0,0,-59,-49,12,None
0,1,0,3,15,20,2,-1,0,0,0,0,-59,-49,12,None
0,1,0,3,15,20,2,-1,0,0,0,0,-64,-43,14,None
0,-4,-16,-4,-8,-7,0,0,0,0,0,0,-64,-43,14,None
0,6,40,11,26,67,-1,-3,-3,0,0,0,-64,-43,14,None
0,-11,-37,0,-7,-12,-2,-6,-7,0,0,0,-64,-43,14,None
0,0,-7,-1,-5,-3,3,0,2,0,0,0,-64,-43,14,None
0,0,-7,-1,-5,-3,3,0,2,0,0,0,-64,-43,14,None
0,0,-7,-1,-5,-3,3,0,2,0,0,0,-66,-37,13,None
0,0,4,2,21,-11,-2,0,1,0,0,0,-66,-37,13,None
0,0,12,-3,-26,-24,2,-2,-2,0,0,0,-66,-37,13,None
0,3,11,-2,-32,-34,1,3,2,0,0,0,-66,-37,13,None
0,-2,0,4,47,48,1,-1,-1,0,0,0,-66,-37,13,None
0,-2,0,4,47,48,1,-1,-1,0,0,0,-66,-37,13,None
0,-2,0,4,47,48,1,-1,-1,0,0,0,-67,-34,17,None
0,4,34,-1,100,-13,1,-6,-2,0,0,0,-67,-34,17,None
0,-8,-29,-8,-20,1,-2,-2,-2,0,0,0,-67,-34,17,None
0,0,7,-1,-41,-33,0,3,2,0,0,0,-67,-34,17,None
0,2,-8,3,30,0,4,3,4,0,0,0,-67,-34,17,None
0,2,-8,3,30,0,4,3,4,0,0,0,-67,-34,17,None
0,2,-8,3,30,0,4,3,4,0,0,0,-69,-34,17,None
0,0,0,-7,-1,12,-7,-6,-5,0,0,0,-69,-34,17,None
0,-2,5,1,41,-52,-5,-1,-1,0,0,0,-69,-34,17,None
0,-2,4,-10,-74,-3,2,1,-2,0,0,0,-69,-34,17,None
0,1,21,-8,1,98,0,-4,-3,0,0,0,-69,-34,17,None
0,1,21,-8,1,98,0,-4,-3,0,0,0,-69,-34,17,None
0,1,21,-8,1,98,0,-4,-3,0,0,0,-68,-30,18,None
0,-2,-13,6,-3,22,2,2,1,0,0,0,-68,-30,18,None
0,1,2,-5,-6,17,-1,-2,-3,0,0,0,-68,-30,18,None
0,-2,-16,6,75,-15,-4,-2,-1,0,0,0,-68,-30,18,None
0,6,21,-3,-7,-11,0,1,1,0,0,0,-68,-30,18,None
0,6,21,-3,-7,-11,0,1,1,0,0,0,-68,-30,18,None
0,6,21,-3,-7,-11,0,1,1,0,0,0,-72,-25,16,None
0,-11,-36,-14,-47,26,-7,-6,-6,0,0,0,-72,-25,16,None
0,-4,-13,-4,-6,4,-1,-1,-1,0,0,0,-72,-25,16,None
0,5,23,3,13,-16,-3,-1,0,0,0,0,-72,-25,16,None
0,-2,-10,-8,-59,-19,-2,-2,-2,0,0,0,-72,-25,16,None
0,-2,-10,-8,-59,-19,-2,-2,-2,0,0,0,-72,-25,16,None
0,-2,-10,-8,-59,-19,-2,-2,-2,0,0,0,-75,-24,17,None
0,-1,5,6,3,-54,-1,2,2,0,0,0,-75,-24,17,None
0,-3,3,-3,13,-4,2,-3,-4,0,0,0,-75,-24,17,None
0,-2,7,-5,-48,-22,-4,-2,-1,0,0,0,-75,-24,17,None
0,-4,-5,4,66,0,2,-1,-4,0,0,0,-75,-24,17,None
0,-4,-5,4,66,0,2,-1,-4,0,0,0,-75,-24,17,None
0,-4,-5,4,66,0,2,-1,-4,0,0,0,-76,-23,17,None
0,-1,2,0,-12,-4,1,-1,0,0,0,0,-76,-23,17,None
0,0,1,-2,7,6,-4,0,0,0,0,0,-76,-23,17,None
0,-3,5,-17,-35,-31,-5,-4,-4,0,0,0,-76,-23,17,None
0,-5,-15,-7,36,47,-6,-6,-4,0,0,0,-76,-23,17,None
0,-5,-15,-7,36,47,-6,-6,-4,0,0,0,-76,-23,17,None
0,-5,-15,-7,36,47,-6,-6,-4,0,0,0,-77,-22,17,None
0,1,8,1,13,8,1,0,-1,0,0,0,-77,-22,17,None
0,0,2,-7,-19,-9,-22,-6,-3,0,0,0,-77,-22,17,None
0,0,0,3,21,23,19,3,-1,0,0,0,-77,-22,17,None
0,-1,3,3,-5,-6,-50,-8,-2,0,0,0,-77,-22,17,None
0,-1,3,3,-5,-6,-50,-8,-2,0,0,0,-77,-22,17,None
0,-1,3,3,-5,-6,-50,-8,-2,0,0,0,-80,-23,17,None
0,0,-14,-23,-28,8,27,2,1,0,0,0,-80,-23,17,None
0,30,14,34,5,-40,57,13,17,0,0,0,-80,-23,17,None
0,81,18,3,39,105,-109,-13,55,0,0,0,-80,-23,17,None
0,-86,7,-19,-38,-105,51,6,-1,0,0,0,-80,-23,17,None
0,-86,7,-19,-38,-105,51,6,-1,0,0,0,-80,-23,17,None
0,-86,7,-19,-38,-105,51,6,-1,0,0,0,-85,-23,24,None
0,107,112,43,34,-21,85,95,57,0,0,0,-85,-23,24,None
0,41,102,89,-24,-2,-82,-13,61,0,0,0,-85,-23,24,None
0,-111,-85,-99,-22,69,25,35,-12,0,0,0,-85,-23,24,None
0,-17,-5,-65,-10,-72,111,-26,-88,0,0,0,-85,-23,24,None
0,-17,-5,-65,-10,-72,111,-26,-88,0,0,0,-85,-23,24,None
0,-17,-5,-65,-10,-72,111,-26,-88,0,0,0,-100,7,18,None
0,64,-56,-16,4,-61,-64,-32,48,0,0,0,-100,7,18,None
0,-67,78,-87,-2,32,105,-17,11,0,0,0,-100,7,18,None
0,-33,13,-50,2,-89,-36,-35,-76,0,0,0,-100,7,18,None
0,105,-25,58,25,9,20,-2,36,0,0,0,-100,7,18,None
0,105,-25,58,25,9,20,-2,36,0,0,0,-100,7,18,None
0,105,-25,58,25,9,20,-2,36,0,0,0,-101,-26,15,None
0,34,7,39,-33,22,-46,-24,3,0,0,0,-101,-26,15,None
0,75,-28,17,1,-10,-56,13,78,0,0,0,-101,-26,15,None
0,58,2,-45,62,34,-18,12,69,0,0,0,-101,-26,15,None
0,-18,-13,14,-22,35,-18,7,-4,0,0,0,-101,-26,15,None
0,-18,-13,14,-22,35,-18,7,-4,0,0,0,-101,-26,15,None
0,-18,-13,14,-22,35,-18,7,-4,0,0,0,-92,-43,9,None
0,-15,2,19,10,9,-10,-15,-11,0,0,0,-92,-43,9,None
0,-30,-25,9,-17,-20,-4,16,0,0,0,0,-92,-43,9,None
0,-46,32,56,40,38,43,-5,-32,0,0,0,-92,-43,9,None
0,-7,-21,16,99,38,-26,4,-4,0,0,0,-92,-43,9,None
0,-7,-21,16,99,38,-26,4,-4,0,0,0,-92,-43,9,None
0,-7,-21,16,99,38,-26,4,-4,0,0,0,-56,-29,22,None
0,-12,-4,-42,-79,-32,-1,1,-2,0,0,0,-56,-29,22,None
0,-24,-76,-25,87,53,-23,-15,-52,0,0,0,-56,-29,22,None
0,-39,-5,13,-73,-93,13,-18,-26,0,0,0,-56,-29,22,None
0,43,34,-19,98,103,-16,9,22,0,0,0,-56,-29,22,None
0,43,34,-19,98,103,-16,9,22,0,0,0,-56,-29,22,None
0,43,34,-19,98,103,-16,9,22,0,0,0,-56,-13,23,None
0,10,-24,-11,17,79,-36,-43,-5,0,0,0,-56,-13,23,None
0,-4,14,-16,-33,-117,12,47,29,0,0,0,-56,-13,23,None
0,-6,12,45,1,-87,8,-5,-46,0,0,0,-56,-13,23,None
0,-16,54,21,69,23,-13,38,62,0,0,0,-56,-13,23,None
0,-16,54,21,69,23,-13,38,62,0,0,0,-56,-13,23,None
0,-16,54,21,69,23,-13,38,62,0,0,0,-104,-31,29,None
0,-87,-86,-33,-43,112,-3,-25,-30,0,0,0,-104,-31,29,None
0,13,21,4,70,0,22,-8,-26,0,0,0,-104,-31,29,None
0,51,21,41,84,14,41,8,35,0,0,0,-104,-31,29,None
0,-10,-7,-37,-82,-128,-52,-24,-1,0,0,0,-104,-31,29,None
0,-10,-7,-37,-82,-128,-52,-24,-1,0,0,0,-104,-31,29,None
0,-10,-7,-37,-82,-128,-52,-24,-1,0,0,0,-110,-32,21,None
0,-32,9,-20,16,111,4,-5,-34,0,0,0,-110,-32,21,None
0,19,-13,11,-80,110,-2,-17,-15,0,0,0,-110,-32,21,None
0,0,27,-16,-74,-65,-7,0,6,0,0,0,-110,-32,21,None
0,-7,-42,18,94,-20,-3,-9,-9,0,0,0,-110,-32,21,None
0,-7,-42,18,94,-20,-3,-9,-9,0,0,0,-110,-32,21,None
0,-7,-42,18,94,-20,-3,-9,-9,0,0,0,-78,-2,19,None
0,3,110,13,7,23,29,9,-4,0,0,0,-78,-2,19,None
0,-8,-91,-7,-19,-43,-20,-8,-28,0,0,0,-78,-2,19,None
0,6,5,12,10,57,2,2,21,0,0,0,-78,-2,19,None
0,15,21,-7,-109,98,-7,-3,3,0,0,0,-78,-2,19,None
0,15,21,-7,-109,98,-7,-3,3,0,0,0,-78,-2,19,None
0,15,21,-7,-109,98,-7,-3,3,0,0,0,-108,6,17,None
0,-13,-7,5,84,-87,-8,3,12,0,0,0,-108,6,17,None
0,-22,14,-22,-53,-51,-9,-8,-23,0,0,0,-108,6,17,None
0,22,4,7,43,-14,-43,-13,7,0,0,0,-108,6,17,None
0,20,8,15,1,88,23,6,38,0,0,0,-108,6,17,None
0,20,8,15,1,88,23,6,38,0,0,0,-108,6,17,None
0,20,8,15,1,88,23,6,38,0,0,0,-112,-16,25,None
0,-22,-16,11,36,11,-69,-10,17,0,0,0,-112,-16,25,None
0,24,24,-23,-21,-19,32,39,93,0,0,0,-112,-16,25,None
0,58,53,88,85,14,9,-25,43,0,0,0,-112,-16,25,None
0,-86,-92,46,-57,-67,99,30,-46,0,0,0,-112,-16,25,None
0,-86,-92,46,-57,-67,99,30,-46,0,0,0,-112,-16,25,None
0,-86,-92,46,-57,-67,99,30,-46,0,0,0,-127,-17,22,None
0,59,71,-76,-59,-66,-72,-49,-50,0,0,0,-127,-17,22,None
0,-75,38,67,43,42,-63,-50,-127,0,0,0,-127,-17,22,None
0,-43,59,-99,-45,-7,1,-16,46,0,0,0,-127,-17,22,None
0,125,-24,35,26,-81,-99,-13,87,0,0,0,-127,-17,22,None
0,125,-24,35,26,-81,-99,-13,87,0,0,0,-127,-17,22,None
0,125,-24,35,26,-81,-99,-13,87,0,0,0,-129,6,16,None
0,-125,55,34,11,-100,127,52,-87,0,0,0,-129,6,16,None
0,58,-114,-37,47,80,-128,-40,48,0,0,0,-129,6,16,None
0,26,0,-4,-47,77,4,18,-42,0,0,0,-129,6,16,None
0,-17,80,30,-20,7,-105,-15,21,0,0,0,-129,6,16,None
0,-17,80,30,-20,7,-105,-15,21,0,0,0,-129,6,16,None
0,-17,80,30,-20,7,-105,-15,21,0,0,0,-98,-37,15,None
0,-87,-7,-5,0,61,67,60,127,0,0,0,-98,-37,15,None
0,105,12,11,-22,-17,17,33,45,0,0,0,-98,-37,15,None
0,64,-22,50,35,-3,42,0,-68,0,0,0,-98,-37,15,None
0,-26,-40,0,-45,1,70,12,51,0,0,0,-98,-37,15,None
0,-26,-40,0,-45,1,70,12,51,0,0,0,-98,-37,15,None
0,-26,-40,0,-45,1,70,12,51,0,0,0,-26,-43,-12,None
0,43,-35,-17,32,-30,15,-19,-14,0,0,0,-26,-43,-12,None
0,-128,1,-31,12,30,42,31,111,0,0,0,-26,-43,-12,None
0,63,-44,-63,-75,6,-8,3,16,0,0,0,-26,-43,-12,None
0,-62,34,-27,-40,6,-53,-29,-128,0,0,0,-26,-43,-12,None
0,-62,34,-27,-40,6,-53,-29,-128,0,0,0,-26,-43,-12,None
0,-62,34,-27,-40,6,-53,-29,-128,0,0,0,-68,-22,17,None
0,15,-12,15,-2,-33,-19,2,0,0,0,0,-68,-22,17,None
0,41,-12,-4,5,9,7,-21,-50,0,0,0,-68,-22,17,None
0,-14,13,-9,14,-35,-5,7,33,0,0,0,-68,-22,17,None
0,7,17,-20,15,37,8,0,-2,0,0,0,-68,-22,17,None
0,7,17,-20,15,37,8,0,-2,0,0,0,-68,-22,17,None
0,7,17,-20,15,37,8,0,-2,0,0,0,-125,-22,16,None
0,-32,-19,17,-8,84,0,-10,-15,0,0,0,-125,-22,16,None
0,12,22,-28,-15,-51,33,-3,-44,0,0,0,-125,-22,16,None
0,-5,-8,44,19,6,-38,-7,-21,0,0,0,-125,-22,16,None
0,-22,14,-21,-11,-4,23,3,4,0,0,0,-125,-22,16,None
0,-22,14,-21,-11,-4,23,3,4,0,0,0,-125,-22,16,None
0,-22,14,-21,-11,-4,23,3,4,0,0,0,-78,-39,22,None
0,3,-24,5,20,-4,-27,-8,-10,0,0,0,-78,-39,22,None
0,37,25,10,-7,-15,8,-8,-16,0,0,0,-78,-39,22,None
0,-41,-6,5,18,8,25,12,-1,0,0,0,-78,-39,22,None
0,-5,-4,-7,1,13,-32,-13,-2,0,0,0,-78,-39,22,None
0,-5,-4,-7,1,13,-32,-13,-2,0,0,0,-78,-39,22,None
0,-5,-4,-7,1,13,-32,-13,-2,0,0,0,-77,0,18,None
0,37,-3,-7,-3,-13,-26,-5,12,0,0,0,-77,0,18,None
0,2,19,0,19,6,17,-3,-24,0,0,0,-77,0,18,None
0,-43,-14,5,-30,-24,-20,0,13,0,0,0,-77,0,18,None
0,14,5,-18,37,9,8,-2,4,0,0,0,-77,0,18,None
0,14,5,-18,37,9,8,-2,4,0,0,0,-77,0,18,None
0,14,5,-18,37,9,8,-2,4,0,0,0,-92,-1,18,None
0,29,0,19,-5,-19,-27,-11,-10,0,0,0,-92,-1,18,None
0,-24,-3,6,35,-11,7,2,-8,0,0,0,-92,-1,18,None
0,-2,39,1,-4,-25,3,-17,-10,0,0,0,-92,-1,18,None
0,4,-6,-2,-92,38,-10,7,8,0,0,0,-92,-1,18,None
0,4,-6,-2,-92,38,-10,7,8,0,0,0,-92,-1,18,None
0,4,-6,-2,-92,38,-10,7,8,0,0,0,-83,-15,18,None
0,0,25,2,-14,-24,13,21,14,0,0,0,-83,-15,18,None
0,-34,-20,9,-2,40,-13,5,-4,0,0,0,-83,-15,18,None
0,7,22,-10,-25,-95,-5,7,9,0,0,0,-83,-15,18,None
0,-3,4,3,82,56,4,-20,-7,0,0,0,-83,-15,18,None
0,-3,4,3,82,56,4,-20,-7,0,0,0,-83,-15,18,None
0,-3,4,3,82,56,4,-20,-7,0,0,0,-68,-30,22,None
0,-12,2,0,-64,-22,-22,-11,-24,0,0,0,-68,-30,22,None
0,16,-16,-4,-23,50,11,-2,12,0,0,0,-68,-30,22,None
0,-3,-26,9,-11,-5,-11,15,27,0,0,0,-68,-30,22,None
0,15,38,0,24,-83,4,22,-17,0,0,0,-68,-30,22,None
0,15,38,0,24,-83,4,22,-17,0,0,0,-68,-30,22,None
0,15,38,0,24,-83,4,22,-17,0,0,0,-54,-41,18,None
0,5,-3,0,5,-4,-6,-18,-25,0,0,0,-54,-41,18,None
0,17,21,1,33,-30,7,2,11,0,0,0,-54,-41,18,None
0,-23,-4,-3,20,124,12,-6,-12,0,0,0,-54,-41,18,None
0,12,5,-1,81,-68,-16,-7,20,0,0,0,-54,-41,18,None
0,12,5,-1,81,-68,-16,-7,20,0,0,0,-54,-41,18,None
0,12,5,-1,81,-68,-16,-7,20,0,0,0,-64,-23,14,None
0,-1,6,-11,-2,-7,-10,-19,9,0,0,0,-64,-23,14,None
0,9,18,-3,-28,-18,-1,-4,-52,0,0,0,-64,-23,14,None
0,-44,-31,5,13,7,-4,46,56,0,0,0,-64,-23,14,None
0,2,3,-6,-10,20,5,-12,0,0,0,0,-64,-23,14,None
0,2,3,-6,-10,20,5,-12,0,0,0,0,-64,-23,14,None
0,2,3,-6,-10,20,5,-12,0,0,0,0,-61,-17,12,None
0,6,-18,3,22,-26,-8,9,1,0,0,0,-61,-17,12,None
0,-8,14,-2,-12,-15,-1,-21,-15,0,0,0,-61,-17,12,None
0,6,-3,1,13,15,2,7,13,0,0,0,-61,-17,12,None
0,17,2,-2,-7,7,1,-2,14,0,0,0,-61,-17,12,None
0,17,2,-2,-7,7,1,-2,14,0,0,0,-61,-17,12,None
0,17,2,-2,-7,7,1,-2,14,0,0,0,-62,-25,17,None
0,-33,9,-4,11,39,-4,-26,-53,0,0,0,-62,-25,17,None
0,-27,-2,-1,-52,-71,-5,15,17,0,0,0,-62,-25,17,None
0,2,-9,-3,38,-6,-8,-4,-16,0,0,0,-62,-25,17,None
0,-11,-4,-10,-34,0,1,-3,-5,0,0,0,-62,-25,17,None
0,-11,-4,-10,-34,0,1,-3,-5,0,0,0,-62,-25,17,None
0,-11,-4,-10,-34,0,1,-3,-5,0,0,0,-74,-33,16,None
0,13,-4,3,12,28,0,1,18,0,0,0,-74,-33,16,None
0,10,8,-2,-2,-18,-2,4,-17,0,0,0,-74,-33,16,None
0,8,11,3,0,8,-1,-13,-5,0,0,0,-74,-33,16,None
0,-8,-24,-3,-19,-14,-7,-3,7,0,0,0,-74,-33,16,None
0,-8,-24,-3,-19,-14,-7,-3,7,0,0,0,-74,-33,16,None
0,-8,-24,-3,-19,-14,-7,-3,7,0,0,0,-76,-30,15,None
0,14,30,-1,9,3,2,5,13,0,0,0,-76,-30,15,None
0,-7,-20,-2,13,18,0,-2,6,0,0,0,-76,-30,15,None
0,0,0,-1,3,-14,0,-10,-12,0,0,0,-76,-30,15,None
0,3,2,-4,-11,8,-6,-7,-5,0,0,0,-76,-30,15,None
0,3,2,-4,-11,8,-6,-7,-5,0,0,0,-76,-30,15,None
0,3,2,-4,-11,8,-6,-7,-5,0,0,0,-76,-34,15,None
0,6,-1,-1,10,-1,-3,6,2,0,0,0,-76,-34,15,None
0,5,14,-3,1,-13,3,-4,-2,0,0,0,-76,-34,15,None
0,-5,-29,-4,-8,12,-1,-11,-13,0,0,0,-76,-34,15,None
0,1,3,-1,-5,16,-4,1,-13,0,0,0,-76,-34,15,None
0,1,3,-1,-5,16,-4,1,-13,0,0,0,-76,-34,15,None
0,1,3,-1,-5,16,-4,1,-13,0,0,0,-76,-37,19,None
0,0,-20,1,20,-10,-4,3,9,0,0,0,-76,-37,19,None
0,-2,3,-2,-7,-1,2,0,3,0,0,0,-76,-37,19,None
0,-4,-6,-2,3,9,0,-11,-11,0,0,0,-76,-37,19,None
0,0,7,-10,-18,33,1,1,0,0,0,0,-76,-37,19,None
0,0,7,-10,-18,33,1,1,0,0,0,0,-76,-37,19,None
0,0,7,-10,-18,33,1,1,0,0,0,0,-79,-42,17,None
0,0,-17,-4,3,-39,-5,5,13,0,0,0,-79,-42,17,None
0,3,4,-2,2,15,-4,-8,-5,0,0,0,-79,-42,17,None
0,2,12,3,15,-7,1,-2,-11,0,0,0,-79,-42,17,None
0,1,0,0,-17,1,1,1,-1,0,0,0,-79,-42,17,None
0,1,0,0,-17,1,1,1,-1,0,0,0,-79,-42,17,None
0,1,0,0,-17,1,1,1,-1,0,0,0,-73,-47,20,None
0,0,-1,2,20,25,-2,-2,3,0,0,0,-73,-47,20,None
0,1,0,-3,4,-8,-4,-4,-3,0,0,0,-73,-47,20,None
0,0,1,0,2,6,3,-2,-2,0,0,0,-73,-47,20,None
0,-3,1,-2,-6,-6,0,0,-1,0,0,0,-73,-47,20,None
0,-3,1,-2,-6,-6,0,0,-1,0,0,0,-73,-47,20,None
0,-3,1,-2,-6,-6,0,0,-1,0,0,0,-69,-46,21,None
0,-1,-12,-5,-57,-14,-3,1,4,0,0,0,-69,-46,21,None
0,-3,3,-1,45,20,2,-5,-4,0,0,0,-69,-46,21,None
0,-3,-3,-8,-8,-8,-9,-1,-4,0,0,0,-69,-46,21,None
0,-4,-3,-2,14,10,-8,-5,-6,0,0,0,-69,-46,21,None
0,-4,-3,-2,14,10,-8,-5,-6,0,0,0,-69,-46,21,None
0,-4,-3,-2,14,10,-8,-5,-6,0,0,0,-63,-53,19,None
0,3,2,1,-13,-8,10,-2,4,0,0,0,-63,-53,19,None
0,1,0,-2,3,7,-1,-2,2,0,0,0,-63,-53,19,None
0,0,8,2,14,4,-2,-6,-5,0,0,0,-63,-53,19,None
0,-1,2,-1,15,-6,-2,1,-2,0,0,0,-63,-53,19,None
0,-1,2,-1,15,-6,-2,1,-2,0,0,0,-63,-53,19,None
0,-1,2,-1,15,-6,-2,1,-2,0,0,0,-53,-65,22,None
0,-1,-5,-4,-4,9,-1,-1,1,0,0,0,-53,-65,22,None
0,-6,1,-2,-9,-1,-2,-3,-7,0,0,0,-53,-65,22,None
0,4,-1,0,-1,-8,-2,-3,-2,0,0,0,-53,-65,22,None
0,-1,4,2,9,-7,-1,-1,-1,0,0,0,-53,-65,22,None
0,-1,4,2,9,-7,-1,-1,-1,0,0,0,-53,-65,22,None
0,-1,4,2,9,-7,-1,-1,-1,0,0,0,-43,-83,21,None
0,1,-2,-5,-8,18,-2,2,2,0,0,0,-43,-83,21,None
0,-2,-2,-3,13,2,-2,-7,-1,0,0,0,-43,-83,21,None
0,-2,1,-2,-18,-4,-3,0,-7,0,0,0,-43,-83,21,None
0,-1,0,2,12,-12,-1,-1,-2,0,0,0,-43,-83,21,None
0,-1,0,2,12,-12,-1,-1,-2,0,0,0,-43,-83,21,None
0,-1,0,2,12,-12,-1,-1,-2,0,0,0,-43,-96,29,None
0,-2,-1,0,46,23,7,1,0,0,0,0,-43,-96,29,None
0,-2,-1,-6,3,-11,-4,-4,-4,0,0,0,-43,-96,29,None
0,-3,0,-4,-2,1,-7,-9,-6,0,0,0,-43,-96,29,None
0,0,3,-2,38,-20,1,2,1,0,0,0,-43,-96,29,None
0,0,3,-2,38,-20,1,2,1,0,0,0,-43,-96,29,None
0,0,3,-2,38,-20,1,2,1,0,0,0,-45,-97,37,None
0,0,-2,-7,-48,-7,-7,2,0,0,0,0,-45,-97,37,None
0,0,1,-6,-8,16,14,-1,2,0,0,0,-45,-97,37,None
0,-1,-1,-5,-5,0,0,-1,1,0,0,0,-45,-97,37,None
0,-2,0,-4,-5,-9,-4,-6,-6,0,0,0,-45,-97,37,None
0,-2,0,-4,-5,-9,-4,-6,-6,0,0,0,-45,-97,37,None
0,-2,0,-4,-5,-9,-4,-6,-6,0,0,0,-34,-90,43,None
0,-1,1,-5,10,-8,-14,-9,-4,0,0,0,-34,-90,43,None
0,-2,-2,-1,-4,12,-3,1,-2,0,0,0,-34,-90,43,None
0,-1,2,-8,-14,-1,5,-1,-1,0,0,0,-34,-90,43,None
0,-2,-3,-1,-38,-19,-5,2,-3,0,0,0,-34,-90,43,None
0,1,3,11,104,16,2,3,6,0,0,0,-34,-90,43,None
0,1,-1,-8,-70,-13,-7,-5,0,0,0,0,-34,-90,43,None
0,1,-1,-8,-70,-13,-7,-5,0,0,0,0,-34,-90,43,None
0,1,-1,-8,-70,-13,-7,-5,0,0,0,0,-22,-88,35,None
0,-4,-2,2,11,4,-1,-2,-2,0,0,0,-22,-88,35,None
0,0,1,-6,-15,-4,2,-2,1,0,0,0,-22,-88,35,None
0,-2,0,2,2,0,-1,-2,-2,0,0,0,-22,-88,35,None
0,0,2,-1,60,7,3,2,-2,0,0,0,-22,-88,35,None
0,0,2,-1,60,7,3,2,-2,0,0,0,-22,-88,35,None
0,0,2,-1,60,7,3,2,-2,0,0,0,-12,-100,28,None
0,-1,2,5,-26,-29,-5,-1,0,0,0,0,-12,-100,28,None
0,-2,-1,-9,-11,36,-1,-2,-4,0,0,0,-12,-100,28,None
0,-1,2,11,33,-24,1,0,-1,0,0,0,-12,-100,28,None
0,-1,0,-4,-16,-4,-7,-2,-1,0,0,0,-12,-100,28,None
0,-1,0,-4,-16,-4,-7,-2,-1,0,0,0,-12,-100,28,None
0,-1,0,-4,-16,-4,-7,-2,-1,0,0,0,-9,-110,34,None
0,0,-2,-11,-72,-2,10,-1,-2,0,0,0,-9,-110,34,None
0,1,1,8,63,8,3,1,3,0,0,0,-9,-110,34,None
0,-2,-1,-7,-57,-19,-4,-2,-3,0,0,0,-9,-110,34,None
0,-1,0,-1,-35,-36,-11,-1,-2,0,0,0,-9,-110,34,None
0,-1,0,-1,-35,-36,-11,-1,-2,0,0,0,-9,-110,34,None
0,-1,0,-1,-35,-36,-11,-1,-2,0,0,0,-8,-112,27,None
0,-1,1,4,42,14,-5,-6,-5,0,0,0,-8,-112,27,None
0,-1,1,4,-18,0,6,-1,-1,0,0,0,-8,-112,27,None
0,-1,-1,-5,-34,-26,-1,-1,-3,0,0,0,-8,-112,27,None
0,1,2,-6,42,54,1,-1,-1,0,0,0,-8,-112,27,None
0,1,2,-6,42,54,1,-1,-1,0,0,0,-8,-112,27,None
0,1,2,-6,42,54,1,-1,-1,0,0,0,-3,-104,21,None
0,-5,-4,-8,18,-11,0,3,-1,0,0,0,-3,-104,21,None
0,1,6,46,38,-23,4,-2,-1,0,0,0,-3,-104,21,None
0,-6,-9,-31,-68,0,-8,-5,-5,0,0,0,-3,-104,21,None
0,0,4,-4,1,-1,5,0,-1,0,0,0,-3,-104,21,None
0,0,4,-4,1,-1,5,0,-1,0,0,0,-3,-104,21,None
0,0,4,-4,1,-1,5,0,-1,0,0,0,7,-112,16,None
0,1,1,-8,59,28,5,-3,1,0,0,0,7,-112,16,None
0,-1,1,3,42,6,-5,2,-5,0,0,0,7,-112,16,None
0,-7,-8,13,-80,-58,-7,-6,-7,0,0,0,7,-112,16,None
0,-1,1,3,24,-24,3,1,1,0,0,0,7,-112,16,None
0,-1,1,3,24,-24,3,1,1,0,0,0,7,-112,16,None
0,-1,1,3,24,-24,3,1,1,0,0,0,10,-117,18,None
0,-2,3,9,19,13,4,3,-1,0,0,0,10,-117,18,None
0,2,-1,-24,-75,-11,-12,-5,0,0,0,0,10,-117,18,None
0,1,0,4,124,111,7,-2,-3,0,0,0,10,-117,18,None
0,0,1,9,-2,-9,-27,-7,-1,0,0,0,10,-117,18,None
0,0,1,9,-2,-9,-27,-7,-1,0,0,0,10,-117,18,None
0,0,1,9,-2,-9,-27,-7,-1,0,0,0,10,-122,15,None
0,1,-3,-19,-43,-73,32,10,3,0,0,0,10,-122,15,None
0,-3,1,6,8,71,6,-1,-1,0,0,0,10,-122,15,None
0,-1,4,8,11,36,6,-4,-1,0,0,0,10,-122,15,None
0,0,1,8,10,-36,-6,-2,-1,0,0,0,10,-122,15,None
0,0,1,8,10,-36,-6,-2,-1,0,0,0,10,-122,15,None
0,0,1,8,10,-36,-6,-2,-1,0,0,0,21,-119,17,None
0,-3,0,0,-5,3,-26,-10,-6,0,0,0,21,-119,17,None
0,0,1,-42,25,26,9,5,3,0,0,0,21,-119,17,None
0,3,4,41,-28,-14,0,1,6,0,0,0,21,-119,17,None
0,-4,-3,7,37,-9,3,-4,-4,0,0,0,21,-119,17,None
0,-4,-3,7,37,-9,3,-4,-4,0,0,0,21,-119,17,None
0,-4,-3,7,37,-9,3,-4,-4,0,0,0,31,-108,9,None
0,-4,-6,-26,11,8,-11,-4,-3,0,0,0,31,-108,9,None
0,-5,-5,-42,-93,-46,-5,-6,-6,0,0,0,31,-108,9,None
0,1,3,-11,4,-22,2,-1,1,0,0,0,31,-108,9,None
0,2,2,10,-13,35,8,6,1,0,0,0,31,-108,9,None
0,2,2,10,-13,35,8,6,1,0,0,0,31,-108,9,None
0,2,2,10,-13,35,8,6,1,0,0,0,34,-113,6,None
0,3,4,11,33,-67,3,0,2,0,0,0,34,-113,6,None
0,1,5,34,127,86,0,-3,1,0,0,0,34,-113,6,None
0,-1,-2,-34,-29,-71,-1,0,-2,0,0,0,34,-113,6,None
0,-6,-3,-1,-15,8,-3,-1,-6,0,0,0,34,-113,6,None
0,-6,-3,-1,-15,8,-3,-1,-6,0,0,0,34,-113,6,None
0,-6,-3,-1,-15,8,-3,-1,-6,0,0,0,37,-117,4,None
0,4,2,-10,-54,-43,-6,-2,1,0,0,0,37,-117,4,None
0,-4,-3,-4,39,-11,5,0,-3,0,0,0,37,-117,4,None
0,2,6,18,66,97,6,2,1,0,0,0,37,-117,4,None
0,-1,0,-4,-19,-54,-7,-3,-1,0,0,0,37,-117,4,None
0,-1,0,-4,-19,-54,-7,-3,-1,0,0,0,37,-117,4,None
0,-1,0,-4,-19,-54,-7,-3,-1,0,0,0,41,-115,4,None
0,-2,3,20,13,22,1,-2,-2,0,0,0,41,-115,4,None
0,-2,-2,-4,-106,-47,-7,-3,-1,0,0,0,41,-115,4,None
0,-2,-5,-33,41,82,-1,3,-4,0,0,0,41,-115,4,None
0,4,7,34,80,40,8,3,1,0,0,0,41,-115,4,None
0,4,7,34,80,40,8,3,1,0,0,0,41,-115,4,None
0,4,7,34,80,40,8,3,1,0,0,0,45,-106,1,None
0,-1,-1,6,10,7,-11,-4,0,0,0,0,45,-106,1,None
0,-5,-6,-6,-80,14,0,-3,-7,0,0,0,45,-106,1,None
0,0,3,4,27,42,4,-2,2,0,0,0,45,-106,1,None
0,-2,-3,-21,-69,-10,-4,-1,-2,0,0,0,45,-106,1,None
0,-2,-3,-21,-69,-10,-4,-1,-2,0,0,0,45,-106,1,None
0,-2,-3,-21,-69,-10,-4,-1,-2,0,0,0,54,-101,0,None
0,1,2,-11,-59,18,-2,0,-1,0,0,0,54,-101,0,None
0,-2,-1,-9,9,-40,1,0,-1,0,0,0,54,-101,0,None
0,1,4,4,10,15,-3,-2,-2,0,0,0,54,-101,0,None
0,-3,-4,-22,-14,-3,-3,-6,-3,0,0,0,54,-101,0,None
0,-3,-4,-22,-14,-3,-3,-6,-3,0,0,0,54,-101,0,None
0,-3,-4,-22,-14,-3,-3,-6,-3,0,0,0,58,-102,0,None
0,-1,4,6,52,7,6,4,-2,0,0,0,58,-102,0,None
0,-2,-1,2,25,-39,-2,-3,-5,0,0,0,58,-102,0,None
0,-1,0,0,-74,-19,-12,-3,-1,0,0,0,58,-102,0,None
0,1,-3,-14,-40,32,5,-3,-1,0,0,0,58,-102,0,None
0,1,-3,-14,-40,32,5,-3,-1,0,0,0,58,-102,0,None
0,1,-3,-14,-40,32,5,-3,-1,0,0,0,59,-94,-1,None
0,-5,2,7,10,-20,-2,-3,-2,0,0,0,59,-94,-1,None
0,1,2,0,23,-19,-6,0,2,0,0,0,59,-94,-1,None
0,-3,0,-21,-38,-87,-2,0,-3,0,0,0,59,-94,-1,None
0,1,17,3,25,15,3,0,1,0,0,0,59,-94,-1,None
0,1,17,3,25,15,3,0,1,0,0,0,59,-94,-1,None
0,1,17,3,25,15,3,0,1,0,0,0,64,-87,-5,None
0,-7,-24,0,43,16,-4,-3,-5,0,0,0,64,-87,-5,None
0,-1,-1,-6,-62,15,1,1,-1,0,0,0,64,-87,-5,None
0,-1,-1,-6,-62,15,1,1,-1,0,0,0,64,-87,-5,None
0,-1,-1,-6,-62,15,1,1,-1,0,0,0,58,-98,-9,None
0,-3,0,3,30,19,-2,-3,-2,0,0,0,58,-98,-9,None
0,-21,-21,-19,-68,-51,-3,-2,-1,0,0,0,58,-98,-9,None
0,16,9,9,46,38,1,0,-1,0,0,0,58,-98,-9,None
0,-1,9,2,3,-25,-1,1,0,0,0,0,58,-98,-9,None
0,-1,9,2,3,-25,-1,1,0,0,0,0,58,-98,-9,None
0,-1,9,2,3,-25,-1,1,0,0,0,0,64,-96,-6,None
0,0,-9,5,37,-33,-5,0,-1,0,0,0,64,-96,-6,None
0,-1,2,-6,-8,34,3,1,0,0,0,0,64,-96,-6,None
0,-7,3,0,22,32,1,0,-2,0,0,0,64,-96,-6,None
0,-3,-11,-5,-8,-32,-9,-4,-1,0,0,0,64,-96,-6,None
0,-3,-11,-5,-8,-32,-9,-4,-1,0,0,0,64,-96,-6,None
0,-3,-11,-5,-8,-32,-9,-4,-1,0,0,0,64,-85,-8,None
0,2,14,1,17,32,1,-4,-3,0,0,0,64,-85,-8,None
0,4,1,3,50,6,4,2,-1,0,0,0,64,-85,-8,None
0,-3,0,-8,-84,-61,-5,-4,-1,0,0,0,64,-85,-8,None
0,3,4,2,33,46,-5,-4,-3,0,0,0,64,-85,-8,None
0,3,4,2,33,46,-5,-4,-3,0,0,0,64,-85,-8,None
0,3,4,2,33,46,-5,-4,-3,0,0,0,63,-81,-6,None
0,-3,-5,-4,8,-13,3,-1,0,0,0,0,63,-81,-6,None
0,2,23,4,13,4,1,0,-1,0,0,0,63,-81,-6,None
0,-3,-5,-4,1,18,3,-1,-1,0,0,0,63,-81,-6,None
0,-5,-2,-2,4,-9,-2,-1,-1,0,0,0,63,-81,-6,None
0,-5,-2,-2,4,-9,-2,-1,-1,0,0,0,63,-81,-6,None
0,-5,-2,-2,4,-9,-2,-1,-1,0,0,0,64,-81,-5,None
0,-1,-5,-5,-25,-28,-4,-6,-1,0,0,0,64,-81,-5,None
0,2,3,-3,2,6,-1,0,-1,0,0,0,64,-81,-5,None
0,-4,-16,-3,3,33,1,0,-2,0,0,0,64,-81,-5,None
0,1,-1,0,-8,-3,-1,-2,-1,0,0,0,64,-81,-5,None
0,1,-1,0,-8,-3,-1,-2,-1,0,0,0,64,-81,-5,None
0,1,-1,0,-8,-3,-1,-2,-1,0,0,0,65,-82,-3,None
0,1,4,-2,7,2,0,-1,-2,0,0,0,65,-82,-3,None
0,0,-5,1,2,-2,-2,-2,-1,0,0,0,65,-82,-3,None
0,-3,14,-2,3,16,-2,-2,-2,0,0,0,65,-82,-3,None
0,-4,-29,-8,-4,24,-1,-4,-1,0,0,0,65,-82,-3,None
0,-4,-29,-8,-4,24,-1,-4,-1,0,0,0,65,-82,-3,None
0,-4,-29,-8,-4,24,-1,-4,-1,0,0,0,62,-82,-2,None
0,-3,-4,-2,-8,-7,-1,2,-1,0,0,0,62,-82,-2,None
0,-3,-3,-5,-3,-6,0,-1,0,0,0,0,62,-82,-2,None
0,-2,3,2,21,1,-2,-1,-1,0,0,0,62,-82,-2,None
0,2,10,-1,-3,-6,-1,-1,0,0,0,0,62,-82,-2,None
0,2,10,-1,-3,-6,-1,-1,0,0,0,0,62,-82,-2,None
0,2,10,-1,-3,-6,-1,-1,0,0,0,0,59,-83,0,None
0,-12,-3,-9,-57,-26,-4,-2,-4,0,0,0,59,-83,0,None
0,0,-5,2,7,26,3,0,-2,0,0,0,59,-83,0,None
0,1,7,-2,20,8,-2,-3,-1,0,0,0,59,-83,0,None
0,-1,0,0,26,-3,1,-1,-1,0,0,0,59,-83,0,None
0,-1,0,0,26,-3,1,-1,-1,0,0,0,59,-83,0,None
0,-1,0,0,26,-3,1,-1,-1,0,0,0,54,-85,-2,None
0,-2,1,-1,8,5,4,2,0,0,0,0,54,-85,-2,None
0,1,1,-4,-1,-5,-3,-2,-1,0,0,0,54,-85,-2,None
0,-3,-3,-4,-15,7,-3,-3,-1,0,0,0,54,-85,-2,None
0,0,23,0,-12,-4,1,-1,-1,0,0,0,54,-85,-2,None
0,0,23,0,-12,-4,1,-1,-1,0,0,0,54,-85,-2,None
0,0,23,0,-12,-4,1,-1,-1,0,0,0,54,-85,-5,None
0,-4,-28,0,5,14,-2,-3,-3,0,0,0,54,-85,-5,None
0,-3,-37,-3,-5,-9,-2,1,-3,0,0,0,54,-85,-5,None
0,1,21,0,-20,-1,-1,-2,-1,0,0,0,54,-85,-5,None
0,-3,-7,-1,-2,10,0,-1,-2,0,0,0,54,-85,-5,None
0,-3,-7,-1,-2,10,0,-1,-2,0,0,0,54,-85,-5,None
0,-3,-7,-1,-2,10,0,-1,-2,0,0,0,55,-88,-6,None
0,4,14,-1,10,-5,-1,-1,2,0,0,0,55,-88,-6,None
0,1,2,2,6,-5,-1,-3,-1,0,0,0,55,-88,-6,None
0,-1,-4,-5,-10,-2,-1,-1,-2,0,0,0,55,-88,-6,None
0,-1,-1,-1,-1,-8,-1,-1,-2,0,0,0,55,-88,-6,None
0,-1,-1,-1,-1,-8,-1,-1,-2,0,0,0,55,-88,-6,None
0,-1,-1,-1,-1,-8,-1,-1,-2,0,0,0,55,-86,-7,None
0,0,3,-1,0,-2,-1,-1,-2,0,0,0,55,-86,-7,None
0,6,32,-1,-5,-5,-1,-2,-1,0,0,0,55,-86,-7,None
0,3,-36,-8,-3,-17,-3,-2,-3,0,0,0,55,-86,-7,None
0,-6,4,0,-9,-2,0,-2,-2,0,0,0,55,-86,-7,None
0,-6,4,0,-9,-2,0,-2,-2,0,0,0,55,-86,-7,None
0,-6,4,0,-9,-2,0,-2,-2,0,0,0,55,-84,-9,None
0,0,1,2,20,37,1,-1,-2,0,0,0,55,-84,-9,None
0,-1,5,-4,2,2,-2,-2,-2,0,0,0,55,-84,-9,None
0,0,6,1,0,-3,0,0,0,0,0,0,55,-84,-9,None
0,0,-2,-3,-1,-1,0,0,0,0,0,0,55,-84,-9,None
0,0,-2,-3,-1,-1,0,0,0,0,0,0,55,-84,-9,None
0,0,-2,-3,-1,-1,0,0,0,0,0,0,55,-81,-9,None
0,1,1,-5,0,-19,-1,-1,-2,0,0,0,55,-81,-9,None
0,-2,-4,-1,-2,-11,-1,-1,-2,0,0,0,55,-81,-9,None
0,-2,5,-1,-5,15,-2,-2,-2,0,0,0,55,-81,-9,None
0,-1,-1,-2,-2,-2,-1,-2,-2,0,0,0,55,-81,-9,None
0,-1,-1,-2,-2,-2,-1,-2,-2,0,0,0,55,-81,-9,None
0,-1,-1,-2,-2,-2,-1,-2,-2,0,0,0,57,-80,-10,None
0,-1,9,-4,-2,-2,-2,-2,-1,0,0,0,57,-80,-10,None
0,-2,0,-3,5,5,0,-2,-3,0,0,0,57,-80,-10,None
0,-2,2,-1,-2,6,0,0,-1,0,0,0,57,-80,-10,None
0,-2,-1,0,12,-2,-3,-4,-1,0,0,0,57,-80,-10,None
0,-2,-1,0,12,-2,-3,-4,-1,0,0,0,57,-80,-10,None
0,-2,-1,0,12,-2,-3,-4,-1,0,0,0,55,-82,-10,None
0,6,15,-1,-21,4,-2,0,1,0,0,0,55,-82,-10,None
0,-3,-5,-4,4,-1,-1,-3,-1,0,0,0,55,-82,-10,None
0,-3,0,-1,3,8,1,0,-3,0,0,0,55,-82,-10,None
0,-1,-1,-1,-4,-7,0,0,-2,0,0,0,55,-82,-10,None
0,-1,-1,-1,-4,-7,0,0,-2,0,0,0,55,-82,-10,None
0,-1,-1,-1,-4,-7,0,0,-2,0,0,0,56,-81,-10,None
0,-1,3,-2,2,-6,-1,-1,-1,0,0,0,56,-81,-10,None
0,-1,-2,-3,-6,-5,-4,-2,-1,0,0,0,56,-81,-10,None
0,0,5,-2,-7,4,-2,-1,-1,0,0,0,56,-81,-10,None
0,1,5,-1,6,10,-1,-1,-2,0,0,0,56,-81,-10,None
0,1,5,-1,6,10,-1,-1,-2,0,0,0,56,-81,-10,None
0,1,5,-1,6,10,-1,-1,-2,0,0,0,55,-80,-10,None
0,-2,-5,-1,2,-6,0,0,-2,0,0,0,55,-80,-10,None
0,-2,1,-2,-1,6,0,-2,-1,0,0,0,55,-80,-10,None
0,-2,-4,-2,3,-1,-1,-2,-1,0,0,0,55,-80,-10,None
0,-1,16,-1,-7,6,0,1,-2,0,0,0,55,-80,-10,None
0,-1,16,-1,-7,6,0,1,-2,0,0,0,55,-80,-10,None
0,-1,16,-1,-7,6,0,1,-2,0,0,0,56,-80,-9,None
0,-6,-11,-4,12,-8,-5,-2,-2,0,0,0,56,-80,-9,None
0,-3,-5,-1,-19,4,-1,-3,-3,0,0,0,56,-80,-9,None
0,-2,6,-2,-6,1,-1,-1,1,0,0,0,56,-80,-9,None
0,-1,-9,-2,-1,-1,-1,0,-1,0,0,0,56,-80,-9,None
0,-1,-9,-2,-1,-1,-1,0,-1,0,0,0,56,-80,-9,None
0,-1,-9,-2,-1,-1,-1,0,-1,0,0,0,56,-81,-9,None
0,1,8,-2,-4,-4,0,-1,-1,0,0,0,56,-81,-9,None
0,0,6,-2,6,-1,0,-1,-1,0,0,0,56,-81,-9,None
0,-1,-6,-4,-1,-5,-3,-1,-3,0,0,0,56,-81,-9,None
0,0,-2,1,-5,6,0,-1,-1,0,0,0,56,-81,-9,None
0,0,-2,1,-5,6,0,-1,-1,0,0,0,56,-81,-9,None
0,0,-2,1,-5,6,0,-1,-1,0,0,0,57,-82,-9,None
0,-1,-1,-1,3,-2,0,-3,-1,0,0,0,57,-82,-9,None
0,2,-4,-3,5,-1,0,-2,-1,0,0,0,57,-82,-9,None
0,0,0,-1,-4,-1,-2,-3,-2,0,0,0,57,-82,-9,None
0,-2,-2,-2,5,-2,-2,-1,-1,0,0,0,57,-82,-9,None
0,-2,-2,-2,5,-2,-2,-1,-1,0,0,0,57,-82,-9,None
0,-2,-2,-2,5,-2,-2,-1,-1,0,0,0,57,-82,-9,None
0,-1,2,0,1,2,-1,-1,-1,0,0,0,57,-82,-9,None
0,-2,7,0,-2,-9,-2,-1,-1,0,0,0,57,-82,-9,None
0,-5,-11,-5,19,26,0,0,-3,0,0,0,57,-82,-9,None
0,0,2,1,8,7,0,-2,-2,0,0,0,57,-82,-9,None
0,0,2,1,8,7,0,-2,-2,0,0,0,57,-82,-9,None
0,0,2,1,8,7,0,-2,-2,0,0,0,57,-81,-9,None
0,-3,-2,-1,3,-2,1,-2,-1,0,0,0,57,-81,-9,None
0,-1,2,-3,-1,-6,-2,-1,-1,0,0,0,57,-81,-9,None
0,1,9,1,-4,-3,0,-2,0,0,0,0,57,-81,-9,None
0,0,-2,-2,-3,2,-2,-2,-3,0,0,0,57,-81,-9,None
0,0,-2,-2,-3,2,-2,-2,-3,0,0,0,57,-81,-9,None
0,0,-2,-2,-3,2,-2,-2,-3,0,0,0,57,-81,-9,None
0,-2,-6,-4,-1,0,0,0,-2,0,0,0,57,-81,-9,None
0,1,4,-1,4,3,-1,-1,-3,0,0,0,57,-81,-9,None
0,0,3,-1,-6,-5,-1,-1,-1,0,0,0,57,-81,-9,None
0,-2,9,-3,1,3,-1,-2,0,0,0,0,57,-81,-9,None
0,-2,9,-3,1,3,-1,-2,0,0,0,0,57,-81,-9,None
0,-2,9,-3,1,3,-1,-2,0,0,0,0,57,-81,-9,None
0,2,-29,-4,-25,-8,0,-1,-2,0,0,0,57,-81,-9,None
0,1,11,-2,18,14,-3,-3,-1,0,0,0,57,-81,-9,None
0,-2,-24,-2,-4,-2,-1,-1,1,0,0,0,57,-81,-9,None
0,1,24,-1,-3,-3,1,-1,-3,0,0,0,57,-81,-9,None
0,1,24,-1,-3,-3,1,-1,-3,0,0,0,57,-81,-9,None
0,1,24,-1,-3,-3,1,-1,-3,0,0,0,57,-82,-9,None
0,-2,0,-1,9,5,-2,-2,-1,0,0,0,57,-82,-9,None
0,-4,-6,-2,-2,1,0,0,-2,0,0,0,57,-82,-9,None
0,0,1,-2,-5,-4,-1,-2,0,0,0,0,57,-82,-9,None
0,-1,-2,-1,2,1,0,-1,-1,0,0,0,57,-82,-9,None
0,-1,-2,-1,2,1,0,-1,-1,0,0,0,57,-82,-9,None
0,-1,-2,-1,2,1,0,-1,-1,0,0,0,56,-81,-9,None
0,13,3,-2,16,6,-1,-2,-1,0,0,0,56,-81,-9,None
0,2,33,3,-35,-24,-3,-2,-2,0,0,0,56,-81,-9,None
0,-4,16,-3,-11,0,-4,-2,-6,0,0,0,56,-81,-9,None
0,-5,-10,2,3,1,-1,-1,-1,0,0,0,56,-81,-9,None
0,-5,-10,2,3,1,-1,-1,-1,0,0,0,56,-81,-9,None
0,-5,-10,2,3,1,-1,-1,-1,0,0,0,55,-83,-8,None
0,-2,3,-1,2,-1,-1,0,-1,0,0,0,55,-83,-8,None
0,-1,-6,-2,6,2,0,-3,-2,0,0,0,55,-83,-8,None
0,2,4,-1,-3,-3,0,-2,-1,0,0,0,55,-83,-8,None
0,0,-4,-3,-6,-6,-2,0,-2,0,0,0,55,-83,-8,None
0,0,-4,-3,-6,-6,-2,0,-2,0,0,0,55,-83,-8,None
0,0,-4,-3,-6,-6,-2,0,-2,0,0,0,56,-82,-9,None
0,-4,6,-2,-3,1,-1,0,-2,0,0,0,56,-82,-9,None
0,-5,-8,-6,11,21,0,-2,-1,0,0,0,56,-82,-9,None
0,5,5,3,24,-2,0,-1,-1,0,0,0,56,-82,-9,None
0,-3,2,-4,14,10,-4,-4,-3,0,0,0,56,-82,-9,None
0,-3,2,-4,14,10,-4,-4,-3,0,0,0,56,-82,-9,None
0,-3,2,-4,14,10,-4,-4,-3,0,0,0,55,-81,-9,None
0,-7,-39,-3,-19,-9,-1,-1,-1,0,0,0,55,-81,-9,None
0,-2,-10,-3,2,-1,-1,1,0,0,0,0,55,-81,-9,None
0,-2,2,-1,5,2,-1,-1,0,0,0,0,55,-81,-9,None
0,1,2,-1,-4,-5,-3,-2,-3,0,0,0,55,-81,-9,None
0,1,2,-1,-4,-5,-3,-2,-3,0,0,0,55,-81,-9,None
0,1,2,-1,-4,-5,-3,-2,-3,0,0,0,56,-82,-9,None
0,1,38,-1,2,0,-2,-1,-1,0,0,0,56,-82,-9,None
0,-3,-25,-2,2,0,-1,-2,-1,0,0,0,56,-82,-9,None
0,2,-6,-2,-6,1,-1,-2,-2,0,0,0,56,-82,-9,None
0,-2,-1,-3,-9,-1,-1,-1,1,0,0,0,56,-82,-9,None
0,-2,-1,-3,-9,-1,-1,-1,1,0,0,0,56,-82,-9,None
0,-2,-1,-3,-9,-1,-1,-1,1,0,0,0,57,-81,-9,None
0,-2,13,-1,-3,1,-2,-2,0,0,0,0,57,-81,-9,None
0,0,-7,-3,-4,0,-1,-2,0,0,0,0,57,-81,-9,None
0,1,13,-1,-4,3,-1,-3,0,0,0,0,57,-81,-9,None
0,-2,-7,-2,-8,-3,-1,0,-2,0,0,0,57,-81,-9,None
0,-2,-7,-2,-8,-3,-1,0,-2,0,0,0,57,-81,-9,None
0,-2,-7,-2,-8,-3,-1,0,-2,0,0,0,56,-81,-8,None
0,-2,1,-2,6,3,-1,-2,0,0,0,0,56,-81,-8,None
0,-2,1,-3,0,-2,-2,-1,-3,0,0,0,56,-81,-8,None
0,-6,-8,-2,-3,-5,-1,-1,-1,0,0,0,56,-81,-8,None
0,4,15,-3,-5,-2,0,0,-2,0,0,0,56,-81,-8,None
0,4,15,-3,-5,-2,0,0,-2,0,0,0,56,-81,-8,None
0,4,15,-3,-5,-2,0,0,-2,0,0,0,56,-81,-9,None
0,-4,-3,0,6,8,-1,0,-1,0,0,0,56,-81,-9,None
0,-2,4,-4,-13,-5,-2,-1,0,0,0,0,56,-81,-9,None
0,-3,-4,-4,2,16,-3,-3,-3,0,0,0,56,-81,-9,None
0,-2,-7,-4,-10,-12,1,-1,-1,0,0,0,56,-81,-9,None
0,-2,-7,-4,-10,-12,1,-1,-1,0,0,0,56,-81,-9,None
0,-2,-7,-4,-10,-12,1,-1,-1,0,0,0,56,-82,-9,None
0,-2,7,0,-5,-4,-2,-2,-3,0,0,0,56,-82,-9,None
0,0,-1,-1,4,3,-1,1,-2,0,0,0,56,-82,-9,None
0,-1,5,-2,2,-4,-1,0,0,0,0,0,56,-82,-9,None
0,-2,-6,-2,1,2,-1,-1,0,0,0,0,56,-82,-9,None
0,-2,-6,-2,1,2,-1,-1,0,0,0,0,56,-82,-9,None
0,-2,-6,-2,1,2,-1,-1,0,0,0,0,56,-82,-9,None
0,-1,-1,-4,2,5,-2,-2,-2,0,0,0,56,-82,-9,None
0,-2,4,-1,3,0,0,0,-1,0,0,0,56,-82,-9,None
0,-2,0,-2,-6,0,-1,0,-2,0,0,0,56,-82,-9,None
0,6,8,-2,1,4,-2,0,0,0,0,0,56,-82,-9,None
0,6,8,-2,1,4,-2,0,0,0,0,0,56,-82,-9,None
0,6,8,-2,1,4,-2,0,0,0,0,0,56,-82,-8,None
0,-4,-22,-1,0,-4,1,0,0,0,0,0,56,-82,-8,None
0,-2,-1,-1,19,-5,-2,-4,-2,0,0,0,56,-82,-8,None
0,-5,0,-5,-10,4,-2,-3,-2,0,0,0,56,-82,-8,None
0,-1,-3,0,12,5,0,-2,-1,0,0,0,56,-82,-8,None
0,-1,-3,0,12,5,0,-2,-1,0,0,0,56,-82,-8,None
0,-1,-3,0,12,5,0,-2,-1,0,0,0,56,-82,-9,None
0,1,7,-2,-3,0,0,-2,-2,0,0,0,56,-82,-9,None
0,2,3,-2,-3,-3,-2,0,-1,0,0,0,56,-82,-9,None
0,-2,0,0,-2,-3,-1,0,0,0,0,0,56,-82,-9,None
0,-4,-3,-3,-4,-4,-2,-2,-1,0,0,0,56,-82,-9,None
0,-4,-3,-3,-4,-4,-2,-2,-1,0,0,0,56,-82,-9,None
0,-4,-3,-3,-4,-4,-2,-2,-1,0,0,0,57,-81,-9,None
0,-3,4,-2,-2,0,-3,-2,-2,0,0,0,57,-81,-9,None
0,-2,-2,-2,-1,5,1,0,-2,0,0,0,57,-81,-9,None
0,2,16,0,-2,-3,-1,-2,-1,0,0,0,57,-81,-9,None
0,-2,-41,-4,-6,5,-1,-1,-1,0,0,0,57,-81,-9,None
0,-2,-41,-4,-6,5,-1,-1,-1,0,0,0,57,-81,-9,None
0,-2,-41,-4,-6,5,-1,-1,-1,0,0,0,56,-81,-9,None
0,-2,8,-3,16,2,-1,-2,-1,0,0,0,56,-81,-9,None
0,-1,2,-2,-14,0,-1,-3,-2,0,0,0,56,-81,-9,None
0,4,14,0,4,-2,0,-2,-1,0,0,0,56,-81,-9,None
0,-3,-8,-2,-9,4,-1,-1,-1,0,0,0,56,-81,-9,None
0,-3,-8,-2,-9,4,-1,-1,-1,0,0,0,56,-81,-9,None
0,-3,-8,-2,-9,4,-1,-1,-1,0,0,0,57,-82,-9,None
0,-1,1,-1,-3,2,-1,-1,0,0,0,0,57,-82,-9,None
0,-2,-5,-2,5,3,0,-1,-1,0,0,0,57,-82,-9,None
0,-3,1,-3,0,-10,-3,-1,-2,0,0,0,57,-82,-9,None
0,-7,7,-2,12,2,-4,-1,-2,0,0,0,57,-82,-9,None
0,-7,7,-2,12,2,-4,-1,-2,0,0,0,57,-82,-9,None
0,-7,7,-2,12,2,-4,-1,-2,0,0,0,56,-82,-9,None
0,-3,-1,-3,-7,4,-2,-1,0,0,0,0,56,-82,-9,None
0,1,4,0,-2,4,1,-1,-2,0,0,0,56,-82,-9,None
0,-1,-7,-2,-3,-1,-1,-2,-2,0,0,0,56,-82,-9,None
0,0,7,-1,4,-6,-1,-2,0,0,0,0,56,-82,-9,None
0,0,7,-1,4,-6,-1,-2,0,0,0,0,56,-82,-9,None
0,0,7,-1,4,-6,-1,-2,0,0,0,0,56,-81,-9,None
0,-1,-2,-3,-2,-4,-2,-1,-1,0,0,0,56,-81,-9,None
0,-2,4,-2,1,0,-3,-2,0,0,0,0,56,-81,-9,None
0,-3,-6,-3,-4,3,0,0,-1,0,0,0,56,-81,-9,None
0,-1,1,-1,7,4,-1,-2,-2,0,0,0,56,-81,-9,None
0,-1,1,-1,7,4,-1,-2,-2,0,0,0,56,-81,-9,None
0,-1,1,-1,7,4,-1,-2,-2,0,0,0,56,-82,-9,None
0,4,32,3,21,6,0,-1,-2,0,0,0,56,-82,-9,None
0,-4,11,-6,-31,-7,-2,-2,-2,0,0,0,56,-82,-9,None
0,-1,-33,-1,4,0,1,-1,-1,0,0,0,56,-82,-9,None
0,-2,5,-1,0,2,0,-1,-1,0,0,0,56,-82,-9,None
0,-2,5,-1,0,2,0,-1,-1,0,0,0,56,-82,-9,None
0,-2,5,-1,0,2,0,-1,-1,0,0,0,56,-82,-8,None
0,-1,1,-1,0,-5,0,-2,-1,0,0,0,56,-82,-8,None
0,2,2,-1,10,4,-1,-2,-1,0,0,0,56,-82,-8,None
0,0,6,-4,-1,0,-2,-1,-1,0,0,0,56,-82,-8,None
0,-2,4,-3,-9,-3,0,1,-1,0,0,0,56,-82,-8,None
0,-2,4,-3,-9,-3,0,1,-1,0,0,0,56,-82,-8,None
0,-2,4,-3,-9,-3,0,1,-1,0,0,0,56,-82,-9,None
0,-1,-12,-2,-8,2,0,-1,-1,0,0,0,56,-82,-9,None
0,0,-4,-2,1,-5,-1,-1,-2,0,0,0,56,-82,-9,None
0,-3,2,-3,-17,0,-4,-1,-2,0,0,0,56,-82,-9,None
0,2,0,1,10,3,1,-1,-1,0,0,0,56,-82,-9,None
0,2,0,1,10,3,1,-1,-1,0,0,0,56,-82,-9,None
0,2,0,1,10,3,1,-1,-1,0,0,0,56,-82,-8,None
0,-4,-1,-4,7,25,0,-3,-2,0,0,0,56,-82,-8,None
0,-1,-3,-1,-13,-14,0,-2,-2,0,0,0,56,-82,-8,None
0,-1,6,-2,5,-1,-2,0,-1,0,0,0,56,-82,-8,None
0,0,5,-3,-8,-14,-4,-2,-1,0,0,0,56,-82,-8,None
0,0,5,-3,-8,-14,-4,-2,-1,0,0,0,56,-82,-8,None
0,0,5,-3,-8,-14,-4,-2,-1,0,0,0,57,-81,-8,None
0,-2,-4,-2,-3,-4,-2,-1,-1,0,0,0,57,-81,-8,None
0,-2,-2,-1,5,5,-1,0,-1,0,0,0,57,-81,-8,None
0,0,0,-1,1,-4,-1,-2,1,0,0,0,57,-81,-8,None
0,-6,-5,-6,-7,2,0,-1,-5,0,0,0,57,-81,-8,None
0,-6,-5,-6,-7,2,0,-1,-5,0,0,0,57,-81,-8,None
0,-6,-5,-6,-7,2,0,-1,-5,0,0,0,57,-81,-9,None
0,-4,-4,1,-9,-8,-3,0,-2,0,0,0,57,-81,-9,None
