0,0,-2,-2,3,-1,-2,-1,0,0,0,0,50,-82,-9,None
0,-2,2,-3,-1,6,0,-1,0,0,0,0,50,-82,-9,None
0,-3,-6,0,2,0,-1,-2,-2,0,0,0,50,-82,-9,None
0,-3,-6,0,2,0,-1,-2,-2,0,0,0,50,-82,-9,None
0,-3,-6,0,2,0,-1,-2,-2,0,0,0,49,-78,-10,None
0,-1,0,-2,2,1,-1,-1,-1,0,0,0,49,-78,-10,None
0,-2,5,-1,0,0,-1,-2,0,0,0,0,49,-78,-10,None
0,1,12,-1,-3,-1,0,-1,-1,0,0,0,49,-78,-10,None
0,-6,-47,-4,-1,-1,-2,-2,-1,0,0,0,49,-78,-10,None
0,-6,-47,-4,-1,-1,-2,-2,-1,0,0,0,49,-78,-10,None
0,-6,-47,-4,-1,-1,-2,-2,-1,0,0,0,59,-84,-9,None
0,-1,7,-1,5,-1,0,-1,-1,0,0,0,59,-84,-9,None
0,-1,0,0,0,0,-1,-1,-2,0,0,0,59,-84,-9,None
0,-1,-5,-3,-1,0,-1,-1,-1,0,0,0,59,-84,-9,None
0,0,7,-1,-2,0,-1,-2,0,0,0,0,59,-84,-9,None
0,0,7,-1,-2,0,-1,-2,0,0,0,0,59,-84,-9,None
0,0,7,-1,-2,0,-1,-2,0,0,0,0,69,-88,-10,None
0,-1,4,-3,-1,-2,-1,-1,-1,0,0,0,69,-88,-10,None
0,0,-6,-1,-1,-1,1,-1,0,0,0,0,69,-88,-10,None
0,-4,2,-1,-1,1,-2,-2,-1,0,0,0,69,-88,-10,None
0,-4,20,-1,0,0,-2,-1,-1,0,0,0,69,-88,-10,None
0,-4,20,-1,0,0,-2,-1,-1,0,0,0,69,-88,-10,None
0,-4,20,-1,0,0,-2,-1,-1,0,0,0,63,-78,-9,None
0,1,-2,0,2,-3,-1,-1,-1,0,0,0,63,-78,-9,None
0,0,10,-3,-7,3,-2,-2,-1,0,0,0,63,-78,-9,None
0,-2,-5,-2,3,-1,-2,-2,-2,0,0,0,63,-78,-9,None
0,-1,1,-1,2,2,0,-1,-2,0,0,0,63,-78,-9,None
0,-1,1,-1,2,2,0,-1,-2,0,0,0,63,-78,-9,None
0,-1,1,-1,2,2,0,-1,-2,0,0,0,55,-75,-10,None
0,-1,1,-3,-4,0,-1,-1,-1,0,0,0,55,-75,-10,None
0,-1,-1,-2,-1,-1,0,-1,0,0,0,0,55,-75,-10,None
0,0,3,-4,0,0,-1,0,-1,0,0,0,55,-75,-10,None
0,-3,1,-2,-2,-1,-1,-2,-1,0,0,0,55,-75,-10,None
0,-3,1,-2,-2,-1,-1,-2,-1,0,0,0,55,-75,-10,None
0,-3,1,-2,-2,-1,-1,-2,-1,0,0,0,53,-83,-10,None
0,-6,-7,-3,2,1,-2,-2,-1,0,0,0,53,-83,-10,None
0,-1,2,-1,-1,5,-1,-2,-2,0,0,0,53,-83,-10,None
0,-2,-3,-3,-6,-10,-3,-1,-1,0,0,0,53,-83,-10,None
0,-2,-1,0,6,3,-2,-2,-1,0,0,0,53,-83,-10,None
0,-2,-1,0,6,3,-2,-2,-1,0,0,0,53,-83,-10,None
0,-2,-1,0,6,3,-2,-2,-1,0,0,0,51,-88,-10,None
0,0,3,-1,-3,1,0,-2,-2,0,0,0,51,-88,-10,None
0,-1,0,-2,-1,-1,-1,0,-1,0,0,0,51,-88,-10,None
0,-1,-3,-2,-3,1,1,-2,-1,0,0,0,51,-88,-10,None
0,1,8,-2,-4,1,-1,-1,0,0,0,0,51,-88,-10,None
0,1,8,-2,-4,1,-1,-1,0,0,0,0,51,-88,-10,None
0,1,8,-2,-4,1,-1,-1,0,0,0,0,51,-82,-9,None
0,0,1,-2,-1,-1,-2,-1,-2,0,0,0,51,-82,-9,None
0,-1,-4,-3,1,-3,-1,-2,-1,0,0,0,51,-82,-9,None
0,0,2,-1,0,2,-1,-1,-1,0,0,0,51,-82,-9,None
0,-1,-2,-2,-1,-1,-2,-2,-1,0,0,0,51,-82,-9,None
0,-1,-2,-2,-1,-1,-2,-2,-1,0,0,0,51,-82,-9,None
0,-1,-2,-2,-1,-1,-2,-2,-1,0,0,0,55,-77,-8,None
0,-1,-1,-1,-2,4,-1,-1,-1,0,0,0,55,-77,-8,None
0,-1,-1,-3,0,-1,2,0,-1,0,0,0,55,-77,-8,None
0,2,-1,-1,0,1,-1,-1,-2,0,0,0,55,-77,-8,None
0,-1,-3,-3,-2,0,-1,-1,0,0,0,0,55,-77,-8,None
0,-1,-3,-3,-2,0,-1,-1,0,0,0,0,55,-77,-8,None
0,-1,-3,-3,-2,0,-1,-1,0,0,0,0,61,-78,-7,None
0,-2,5,-2,-1,-2,-3,-1,-2,0,0,0,61,-78,-7,None
0,0,4,-2,-1,0,-2,-2,-1,0,0,0,61,-78,-7,None
0,-1,-13,-2,2,-2,-1,0,-1,0,0,0,61,-78,-7,None
0,0,0,-3,2,5,-3,-1,-3,0,0,0,61,-78,-7,None
0,0,0,-3,2,5,-3,-1,-3,0,0,0,61,-78,-7,None
0,0,0,-3,2,5,-3,-1,-3,0,0,0,62,-81,-6,None
0,0,-3,-3,1,-5,0,-2,-2,0,0,0,62,-81,-6,None
0,-1,9,-2,0,2,-2,-2,-1,0,0,0,62,-81,-6,None
0,-1,4,-2,-2,2,0,0,-2,0,0,0,62,-81,-6,None
0,1,-5,1,-3,-2,0,-2,-1,0,0,0,62,-81,-6,None
0,1,-5,1,-3,-2,0,-2,-1,0,0,0,62,-81,-6,None
0,1,-5,1,-3,-2,0,-2,-1,0,0,0,59,-83,-7,None
0,-4,15,-1,-2,0,0,0,-2,0,0,0,59,-83,-7,None
0,-1,-5,-2,3,-1,-2,-2,-1,0,0,0,59,-83,-7,None
0,0,0,-1,-1,-1,-2,-2,0,0,0,0,59,-83,-7,None
0,-4,3,-2,-3,1,0,0,-3,0,0,0,59,-83,-7,None
0,-4,3,-2,-3,1,0,0,-3,0,0,0,59,-83,-7,None
0,-4,3,-2,-3,1,0,0,-3,0,0,0,54,-83,-9,None
0,-1,-2,-3,3,3,-2,-2,-1,0,0,0,54,-83,-9,None
0,0,-4,-1,-4,-4,0,0,-2,0,0,0,54,-83,-9,None
0,-2,1,-1,-2,2,-2,-2,-1,0,0,0,54,-83,-9,None
0,0,3,0,-3,-2,-2,-2,0,0,0,0,54,-83,-9,None
0,0,3,0,-3,-2,-2,-2,0,0,0,0,54,-83,-9,None
0,0,3,0,-3,-2,-2,-2,0,0,0,0,52,-83,-11,None
0,-2,-4,-3,-1,-3,-3,-2,0,0,0,0,52,-83,-11,None
0,-3,-3,-3,3,5,-3,-1,-3,0,0,0,52,-83,-11,None
0,1,11,-2,-5,1,0,0,-1,0,0,0,52,-83,-11,None
0,-8,-40,-4,-4,-1,-1,-2,-3,0,0,0,52,-83,-11,None
0,-8,-40,-4,-4,-1,-1,-2,-3,0,0,0,52,-83,-11,None
0,-8,-40,-4,-4,-1,-1,-2,-3,0,0,0,53,-84,-12,None
0,-2,0,-1,-1,2,0,-1,-1,0,0,0,53,-84,-12,None
0,-2,-3,0,-1,-1,0,0,-1,0,0,0,53,-84,-12,None
0,-1,2,-2,0,-1,-1,-1,-1,0,0,0,53,-84,-12,None
0,3,11,-1,2,-1,-1,-1,-2,0,0,0,53,-84,-12,None
0,3,11,-1,2,-1,-1,-1,-2,0,0,0,53,-84,-12,None
0,3,11,-1,2,-1,-1,-1,-2,0,0,0,55,-83,-12,None
0,-1,-1,-1,3,3,-1,-2,-1,0,0,0,55,-83,-12,None
0,-1,4,-3,-7,-3,0,-2,-1,0,0,0,55,-83,-12,None
0,0,6,0,1,1,0,-2,-1,0,0,0,55,-83,-12,None
0,-2,7,-2,8,0,0,0,-1,0,0,0,55,-83,-12,None
0,-2,7,-2,8,0,0,0,-1,0,0,0,55,-83,-12,None
0,-2,7,-2,8,0,0,0,-1,0,0,0,58,-80,-11,None
0,0,-6,-3,-13,1,-2,-1,-1,0,0,0,58,-80,-11,None
0,0,10,-2,2,1,-1,-1,0,0,0,0,58,-80,-11,None
0,-3,-2,-2,-3,-2,-2,-1,-3,0,0,0,58,-80,-11,None
0,-1,4,-1,-1,0,-2,-2,-1,0,0,0,58,-80,-11,None
0,-1,4,-1,-1,0,-2,-2,-1,0,0,0,58,-80,-11,None
0,-1,4,-1,-1,0,-2,-2,-1,0,0,0,59,-79,-9,None
0,0,2,-3,1,-2,0,0,-4,0,0,0,59,-79,-9,None
0,0,-5,-2,-3,-2,-2,-2,-1,0,0,0,59,-79,-9,None
0,1,21,-1,5,0,-1,-2,-1,0,0,0,59,-79,-9,None
0,-2,-19,-1,-3,0,-2,-2,-2,0,0,0,59,-79,-9,None
0,-2,-19,-1,-3,0,-2,-2,-2,0,0,0,59,-79,-9,None
0,-2,-19,-1,-3,0,-2,-2,-2,0,0,0,58,-80,-9,None
0,0,1,-2,0,0,-1,-2,0,0,0,0,58,-80,-9,None
0,-2,-3,0,-2,3,1,-2,-1,0,0,0,58,-80,-9,None
0,-1,0,-2,0,0,0,-1,-1,0,0,0,58,-80,-9,None
0,1,14,-2,-2,0,-1,-2,-1,0,0,0,58,-80,-9,None
0,1,14,-2,-2,0,-1,-2,-1,0,0,0,58,-80,-9,None
0,1,14,-2,-2,0,-1,-2,-1,0,0,0,56,-81,-9,None
0,-2,-1,-2,-1,-2,-2,-2,-2,0,0,0,56,-81,-9,None
0,4,-4,-1,-6,-2,-1,-1,-1,0,0,0,56,-81,-9,None
0,-4,8,0,3,2,-4,-3,-3,0,0,0,56,-81,-9,None
0,-1,4,-2,2,0,-1,-2,-2,0,0,0,56,-81,-9,None
0,-1,4,-2,2,0,-1,-2,-2,0,0,0,56,-81,-9,None
0,-1,4,-2,2,0,-1,-2,-2,0,0,0,55,-82,-9,None
0,-2,-3,-2,-1,3,1,0,-1,0,0,0,55,-82,-9,None
0,-2,3,-2,0,-1,-1,-2,-2,0,0,0,55,-82,-9,None
0,-1,-10,-3,-5,0,-1,-1,-1,0,0,0,55,-82,-9,None
0,1,3,-1,-2,0,0,0,0,0,0,0,55,-82,-9,None
0,1,3,-1,-2,0,0,0,0,0,0,0,55,-82,-9,None
0,1,3,-1,-2,0,0,0,0,0,0,0,55,-82,-10,None
0,-1,5,-1,2,-1,-1,-1,-1,0,0,0,55,-82,-10,None
0,-5,-3,-2,1,3,-1,-1,-1,0,0,0,55,-82,-10,None
0,3,8,-1,0,-3,0,-3,-3,0,0,0,55,-82,-10,None
0,2,24,-1,2,4,-1,-1,-1,0,0,0,55,-82,-10,None
0,2,24,-1,2,4,-1,-1,-1,0,0,0,55,-82,-10,None
0,2,24,-1,2,4,-1,-1,-1,0,0,0,56,-82,-10,None
0,0,-6,0,-1,-3,0,1,0,0,0,0,56,-82,-10,None
0,-3,0,-2,5,0,1,0,-1,0,0,0,56,-82,-10,None
0,-4,-6,-3,-15,-1,-1,-2,-1,0,0,0,56,-82,-10,None
0,0,7,-1,-5,-3,-1,0,-1,0,0,0,56,-82,-10,None
0,0,7,-1,-5,-3,-1,0,-1,0,0,0,56,-82,-10,None
0,0,7,-1,-5,-3,-1,0,-1,0,0,0,56,-81,-11,None
0,0,2,-1,1,0,-2,-1,-2,0,0,0,56,-81,-11,None
0,-1,3,-2,-1,1,-4,-2,-1,0,0,0,56,-81,-11,None
0,-3,-2,-1,2,1,1,-1,-1,0,0,0,56,-81,-11,None
0,2,-5,-3,-1,-3,-3,-1,-1,0,0,0,56,-81,-11,None
0,2,-5,-3,-1,-3,-3,-1,-1,0,0,0,56,-81,-11,None
0,2,-5,-3,-1,-3,-3,-1,-1,0,0,0,57,-80,-10,None
0,-1,-1,-1,-3,6,-3,-3,-1,0,0,0,57,-80,-10,None
0,-2,-4,-2,-1,-4,-2,-1,-2,0,0,0,57,-80,-10,None
0,-3,-6,-2,2,2,0,-1,-1,0,0,0,57,-80,-10,None
0,-3,-6,-1,1,1,1,-1,-2,0,0,0,57,-80,-10,None
0,-3,-6,-1,1,1,1,-1,-2,0,0,0,57,-80,-10,None
0,-3,-6,-1,1,1,1,-1,-2,0,0,0,56,-80,-10,None
0,-1,2,-3,3,2,-1,0,-1,0,0,0,56,-80,-10,None
0,0,6,-2,0,1,-1,-2,-2,0,0,0,56,-80,-10,None
0,-2,-6,-4,0,-1,-3,-1,-2,0,0,0,56,-80,-10,None
0,-5,-5,-2,-1,0,0,-1,-1,0,0,0,56,-80,-10,None
0,-5,-5,-2,-1,0,0,-1,-1,0,0,0,56,-80,-10,None
0,-5,-5,-2,-1,0,0,-1,-1,0,0,0,56,-81,-9,None
0,7,31,-2,-2,-2,-1,-2,0,0,0,0,56,-81,-9,None
0,-8,-18,-2,5,-1,-1,-1,-1,0,0,0,56,-81,-9,None
0,0,-4,-1,-3,-1,-1,0,-1,0,0,0,56,-81,-9,None
0,-2,-6,-2,-2,5,-2,0,-3,0,0,0,56,-81,-9,None
0,-2,-6,-2,-2,5,-2,0,-3,0,0,0,56,-81,-9,None
0,-2,-6,-2,-2,5,-2,0,-3,0,0,0,56,-82,-9,None
0,-1,-1,-3,1,0,0,-1,-2,0,0,0,56,-82,-9,None
0,0,5,-2,-3,0,0,-1,-1,0,0,0,56,-82,-9,None
0,-1,-2,-1,4,-1,-1,-1,-2,0,0,0,56,-82,-9,None
0,-1,5,-3,-2,-3,-2,-2,-1,0,0,0,56,-82,-9,None
0,-1,5,-3,-2,-3,-2,-2,-1,0,0,0,56,-82,-9,None
0,-1,5,-3,-2,-3,-2,-2,-1,0,0,0,56,-82,-9,None
0,-2,-7,-3,0,0,-1,-2,-2,0,0,0,56,-82,-9,None
0,0,3,-2,0,-1,-2,-1,-3,0,0,0,56,-82,-9,None
0,1,-7,-2,-2,-1,-1,0,0,0,0,0,56,-82,-9,None
0,1,3,-2,-1,-3,1,0,-1,0,0,0,56,-82,-9,None
0,1,3,-2,-1,-3,1,0,-1,0,0,0,56,-82,-9,None
0,1,3,-2,-1,-3,1,0,-1,0,0,0,56,-83,-8,None
0,0,-6,0,-1,2,-1,-2,-1,0,0,0,56,-83,-8,None
0,0,-2,-2,-2,3,-1,-1,-2,0,0,0,56,-83,-8,None
0,-1,2,-3,0,3,-1,-2,-1,0,0,0,56,-83,-8,None
0,-2,-2,-2,-2,1,-2,-2,-2,0,0,0,56,-83,-8,None
0,-2,-2,-2,-2,1,-2,-2,-2,0,0,0,56,-83,-8,None
0,-2,-2,-2,-2,1,-2,-2,-2,0,0,0,55,-83,-8,None
0,-3,-6,-1,0,-2,-1,0,-2,0,0,0,55,-83,-8,None
0,0,3,-3,-2,-1,-2,-2,-1,0,0,0,55,-83,-8,None
0,-1,0,-4,-3,1,0,-2,-2,0,0,0,55,-83,-8,None
0,-1,0,-1,-1,-3,-2,0,0,0,0,0,55,-83,-8,None
0,-1,0,-1,-1,-3,-2,0,0,0,0,0,55,-83,-8,None
0,-1,0,-1,-1,-3,-2,0,0,0,0,0,56,-83,-9,None
0,-4,-5,-3,1,-1,-2,-3,-2,0,0,0,56,-83,-9,None
0,0,3,-2,-1,3,-1,0,-1,0,0,0,56,-83,-9,None
0,-3,-1,-1,2,-1,-1,-2,-2,0,0,0,56,-83,-9,None
0,-2,-2,-2,-5,1,-1,-2,-2,0,0,0,56,-83,-9,None
0,-2,-2,-2,-5,1,-1,-2,-2,0,0,0,56,-83,-9,None
0,-2,-2,-2,-5,1,-1,-2,-2,0,0,0,56,-82,-9,None
0,-1,0,-2,2,1,0,0,-1,0,0,0,56,-82,-9,None
0,-1,0,-1,0,-1,-2,-3,-1,0,0,0,56,-82,-9,None
0,-2,0,-2,0,2,-1,-1,0,0,0,0,56,-82,-9,None
0,-1,2,0,4,0,0,-1,-1,0,0,0,56,-82,-9,None
0,-1,2,0,4,0,0,-1,-1,0,0,0,56,-82,-9,None
0,-1,2,0,4,0,0,-1,-1,0,0,0,56,-81,-9,None
0,-3,-3,-2,0,2,-1,-2,-3,0,0,0,56,-81,-9,None
0,0,1,-1,-1,0,-1,0,-1,0,0,0,56,-81,-9,None
0,-2,-1,-1,0,0,-2,-1,-2,0,0,0,56,-81,-9,None
0,-2,1,-3,-5,-1,0,-2,-2,0,0,0,56,-81,-9,None
0,-2,1,-3,-5,-1,0,-2,-2,0,0,0,56,-81,-9,None
0,-2,1,-3,-5,-1,0,-2,-2,0,0,0,56,-82,-10,None
0,3,37,0,0,0,-2,0,0,0,0,0,56,-82,-10,None
0,-1,-19,0,-1,0,-2,-2,0,0,0,0,56,-82,-10,None
0,0,4,-4,4,2,-4,-2,-1,0,0,0,56,-82,-10,None
0,-3,-3,-3,-4,0,1,0,0,0,0,0,56,-82,-10,None
0,-3,-3,-3,-4,0,1,0,0,0,0,0,56,-82,-10,None
0,-3,-3,-3,-4,0,1,0,0,0,0,0,56,-81,-9,None
0,-2,4,-2,-2,-2,-1,-1,-2,0,0,0,56,-81,-9,None
0,0,6,-3,1,-2,-1,-2,-1,0,0,0,56,-81,-9,None
0,-6,-1,-1,-1,4,-1,-1,-2,0,0,0,56,-81,-9,None
0,0,2,0,6,5,-2,-2,-2,0,0,0,56,-81,-9,None
0,0,2,0,6,5,-2,-2,-2,0,0,0,56,-81,-9,None
0,0,2,0,6,5,-2,-2,-2,0,0,0,56,-80,-10,None
0,-1,-13,-3,-5,-2,-2,-2,-1,0,0,0,56,-80,-10,None
0,0,2,-2,-1,0,-2,-2,-2,0,0,0,56,-80,-10,None
0,-1,-7,-1,2,-2,0,0,-1,0,0,0,56,-80,-10,None
0,-1,3,-2,-12,-4,-2,-3,-2,0,0,0,56,-80,-10,None
0,-1,3,-2,-12,-4,-2,-3,-2,0,0,0,56,-80,-10,None
0,-1,3,-2,-12,-4,-2,-3,-2,0,0,0,57,-80,-10,None
0,-2,-8,-3,-4,3,0,-1,-2,0,0,0,57,-80,-10,None
0,-4,-1,-2,3,5,-1,-1,-3,0,0,0,57,-80,-10,None
0,0,7,-1,-1,1,-1,1,-1,0,0,0,57,-80,-10,None
0,0,0,-1,3,0,0,-2,-2,0,0,0,57,-80,-10,None
0,0,0,-1,3,0,0,-2,-2,0,0,0,57,-80,-10,None
0,0,0,-1,3,0,0,-2,-2,0,0,0,57,-82,-10,None
0,-1,-7,-2,-4,-1,-1,-3,0,0,0,0,57,-82,-10,None
0,0,4,-2,-4,-2,0,-2,-1,0,0,0,57,-82,-10,None
0,-1,2,-3,-2,-1,-2,-3,-1,0,0,0,57,-82,-10,None
0,-8,-24,-2,3,0,-1,-1,-3,0,0,0,57,-82,-10,None
0,-8,-24,-2,3,0,-1,-1,-3,0,0,0,57,-82,-10,None
0,-8,-24,-2,3,0,-1,-1,-3,0,0,0,56,-82,-9,None
0,-2,-8,-2,5,2,-1,-1,-1,0,0,0,56,-82,-9,None
0,-1,5,-1,1,3,0,-1,-1,0,0,0,56,-82,-9,None
0,-2,-5,-1,-3,-1,-2,-2,-1,0,0,0,56,-82,-9,None
0,0,4,-2,1,2,-2,0,-2,0,0,0,56,-82,-9,None
0,0,4,-2,1,2,-2,0,-2,0,0,0,56,-82,-9,None
0,0,4,-2,1,2,-2,0,-2,0,0,0,56,-82,-10,None
0,0,1,-2,-2,-2,-1,-1,-1,0,0,0,56,-82,-10,None
0,-2,-1,-2,-2,-3,-2,-2,-1,0,0,0,56,-82,-10,None
0,-1,5,-2,-4,0,-1,0,-1,0,0,0,56,-82,-10,None
0,0,4,-1,-1,0,-1,-1,-1,0,0,0,56,-82,-10,None
0,0,4,-1,-1,0,-1,-1,-1,0,0,0,56,-82,-10,None
0,0,4,-1,-1,0,-1,-1,-1,0,0,0,56,-82,-9,None
0,-2,9,-2,12,1,0,-1,-1,0,0,0,56,-82,-9,None
0,1,-3,-2,-10,7,0,-2,-2,0,0,0,56,-82,-9,None
0,-1,-3,-1,-2,-1,-1,-1,-2,0,0,0,56,-82,-9,None
0,0,5,-3,-3,-6,0,-1,0,0,0,0,56,-82,-9,None
0,0,5,-3,-3,-6,0,-1,0,0,0,0,56,-82,-9,None
0,0,5,-3,-3,-6,0,-1,0,0,0,0,56,-82,-9,None
0,-1,-2,-1,-1,-2,-1,-1,-1,0,0,0,56,-82,-9,None
0,-2,1,-1,2,-1,-2,-2,-2,0,0,0,56,-82,-9,None
0,-1,1,-2,-2,1,-1,0,0,0,0,0,56,-82,-9,None
0,0,0,-2,-4,1,0,-2,-1,0,0,0,56,-82,-9,None
0,0,0,-2,-4,1,0,-2,-1,0,0,0,56,-82,-9,None
0,0,0,-2,-4,1,0,-2,-1,0,0,0,56,-81,-9,None
0,-3,-7,-2,-3,-3,-1,-2,-2,0,0,0,56,-81,-9,None
0,2,2,-4,2,1,0,-1,-2,0,0,0,56,-81,-9,None
0,1,1,-1,15,9,0,-2,-2,0,0,0,56,-81,-9,None
0,-8,-25,-3,-10,1,0,-2,-2,0,0,0,56,-81,-9,None
0,-8,-25,-3,-10,1,0,-2,-2,0,0,0,56,-81,-9,None
0,-8,-25,-3,-10,1,0,-2,-2,0,0,0,56,-81,-9,None
0,0,-3,0,-2,1,0,-1,-2,0,0,0,56,-81,-9,None
0,-3,1,-2,-1,-3,-1,-2,-3,0,0,0,56,-81,-9,None
0,0,-4,-2,-1,-2,-1,-3,-1,0,0,0,56,-81,-9,None
0,2,10,-3,5,2,-2,-2,-1,0,0,0,56,-81,-9,None
0,2,10,-3,5,2,-2,-2,-1,0,0,0,56,-81,-9,None
0,2,10,-3,5,2,-2,-2,-1,0,0,0,56,-81,-10,None
0,-1,0,-1,-2,0,0,0,-1,0,0,0,56,-81,-10,None
0,-2,-3,-1,-2,-2,0,0,0,0,0,0,56,-81,-10,None
0,-1,7,-3,-4,-2,-2,-1,-2,0,0,0,56,-81,-10,None
0,-2,0,1,-1,1,-1,-1,-1,0,0,0,56,-81,-10,None
0,-2,0,1,-1,1,-1,-1,-1,0,0,0,56,-81,-10,None
0,-2,0,1,-1,1,-1,-1,-1,0,0,0,56,-82,-10,None
0,-3,-2,-2,-2,-4,-2,-2,-3,0,0,0,56,-82,-10,None
0,-1,7,-2,5,2,-3,-2,-3,0,0,0,56,-82,-10,None
0,-2,-6,-3,-5,-2,0,-1,0,0,0,0,56,-82,-10,None
0,1,7,-3,1,-1,-1,-1,-2,0,0,0,56,-82,-10,None
0,1,7,-3,1,-1,-1,-1,-2,0,0,0,56,-82,-10,None
0,1,7,-3,1,-1,-1,-1,-2,0,0,0,56,-82,-10,None
0,1,-1,-1,-3,-2,-1,-2,-1,0,0,0,56,-82,-10,None
0,-1,-2,-1,-3,0,-1,-1,-1,0,0,0,56,-82,-10,None
0,-2,5,-1,-1,1,-2,-1,-3,0,0,0,56,-82,-10,None
0,3,0,-2,6,1,-1,-2,-1,0,0,0,56,-82,-10,None
0,3,0,-2,6,1,-1,-2,-1,0,0,0,56,-82,-10,None
0,3,0,-2,6,1,-1,-2,-1,0,0,0,57,-81,-9,None
0,-1,3,-3,-5,3,-1,-2,-1,0,0,0,57,-81,-9,None
0,-2,2,-1,4,-2,-1,-2,-1,0,0,0,57,-81,-9,None
0,-1,-4,-3,-3,5,0,-1,-3,0,0,0,57,-81,-9,None
0,0,7,-1,4,0,0,-2,-1,0,0,0,57,-81,-9,None
0,0,7,-1,4,0,0,-2,-1,0,0,0,57,-81,-9,None
0,0,7,-1,4,0,0,-2,-1,0,0,0,56,-82,-9,None
0,0,-3,-2,-1,1,-1,-1,-1,0,0,0,56,-82,-9,None
