0,-3,-2,-3,4,15,-3,-6,-1,0,0,0,79,-101,-9,None
0,-1,0,-12,-5,6,1,11,-1,0,0,0,79,-101,-9,None
0,-2,-2,-4,-5,-20,15,1,1,0,0,0,79,-101,-9,None
0,-2,-2,-4,-5,-20,15,1,1,0,0,0,79,-101,-9,None
0,-2,-2,-4,-5,-20,15,1,1,0,0,0,70,-110,-10,None
0,-1,-1,-4,5,10,-19,-6,-4,0,0,0,70,-110,-10,None
0,-3,1,-3,-10,-3,19,-7,-3,0,0,0,70,-110,-10,None
0,-1,0,-4,8,7,-40,-22,-4,0,0,0,70,-110,-10,None
0,-1,1,-6,-16,-4,-1,8,-1,0,0,0,70,-110,-10,None
0,-1,1,-6,-16,-4,-1,8,-1,0,0,0,70,-110,-10,None
0,-1,1,-6,-16,-4,-1,8,-1,0,0,0,60,-118,-7,None
0,1,1,-1,11,-14,45,3,1,0,0,0,60,-118,-7,None
0,-4,-2,-1,10,13,-33,0,-5,0,0,0,60,-118,-7,None
0,-4,-2,-6,4,10,-2,-21,-4,0,0,0,60,-118,-7,None
0,1,2,-2,-9,-11,50,-6,-5,0,0,0,60,-118,-7,None
0,1,2,-2,-9,-11,50,-6,-5,0,0,0,60,-118,-7,None
0,1,2,-2,-9,-11,50,-6,-5,0,0,0,50,-122,-7,None
0,-2,-1,-7,-3,1,-39,-30,-2,0,0,0,50,-122,-7,None
0,5,4,-9,3,5,29,-13,9,0,0,0,50,-122,-7,None
0,0,3,3,2,3,10,78,2,0,0,0,50,-122,-7,None
0,1,0,-6,-3,-13,-6,-63,2,0,0,0,50,-122,-7,None
0,1,0,-6,-3,-13,-6,-63,2,0,0,0,50,-122,-7,None
0,1,0,-6,-3,-13,-6,-63,2,0,0,0,37,-119,-5,None
0,-1,-1,-2,8,6,35,67,0,0,0,0,37,-119,-5,None
0,-1,-2,-8,2,-3,-64,-31,0,0,0,0,37,-119,-5,None
0,-5,-2,-3,-7,-5,0,-8,-7,0,0,0,37,-119,-5,None
0,-4,-1,0,7,15,52,-30,-7,0,0,0,37,-119,-5,None
0,-4,-1,0,7,15,52,-30,-7,0,0,0,37,-119,-5,None
0,-4,-1,0,7,15,52,-30,-7,0,0,0,20,-116,0,None
0,0,-1,-6,7,10,-20,19,-1,0,0,0,20,-116,0,None
0,-2,-1,2,-3,-2,1,6,-4,0,0,0,20,-116,0,None
0,-2,0,-6,3,-11,-24,-14,-2,0,0,0,20,-116,0,None
0,0,0,-2,-7,-4,-18,7,0,0,0,0,20,-116,0,None
0,0,0,-2,-7,-4,-18,7,0,0,0,0,20,-116,0,None
0,0,0,-2,-7,-4,-18,7,0,0,0,0,9,-123,2,None
0,-4,-2,-4,6,-1,-17,-28,-5,0,0,0,9,-123,2,None
0,-1,0,1,3,-12,-8,1,2,0,0,0,9,-123,2,None
0,-2,0,4,8,28,20,12,-2,0,0,0,9,-123,2,None
0,-1,-1,-5,-27,-19,1,13,0,0,0,0,9,-123,2,None
0,-1,-1,-5,-27,-19,1,13,0,0,0,0,9,-123,2,None
0,-1,-1,-5,-27,-19,1,13,0,0,0,0,-3,-125,3,None
0,-1,3,4,15,10,-11,-19,0,0,0,0,-3,-125,3,None
0,1,1,0,-17,-12,11,30,2,0,0,0,-3,-125,3,None
0,0,0,0,-17,-24,-12,-40,-4,0,0,0,-3,-125,3,None
0,-1,1,3,14,62,16,19,3,0,0,0,-3,-125,3,None
0,-1,1,3,14,62,16,19,3,0,0,0,-3,-125,3,None
0,-1,1,3,14,62,16,19,3,0,0,0,-14,-114,11,None
0,-4,-3,2,-16,-43,-26,-3,-7,0,0,0,-14,-114,11,None
0,1,1,3,40,25,31,8,4,0,0,0,-14,-114,11,None
0,-1,1,-5,-9,-39,0,-12,-1,0,0,0,-14,-114,11,None
0,-3,-1,-6,-14,6,-5,10,-4,0,0,0,-14,-114,11,None
0,-3,-1,-6,-14,6,-5,10,-4,0,0,0,-14,-114,11,None
0,-3,-1,-6,-14,6,-5,10,-4,0,0,0,-24,-102,9,None
0,0,3,2,14,25,-21,-12,0,0,0,0,-24,-102,9,None
0,-2,4,8,10,-41,-4,-7,-6,0,0,0,-24,-102,9,None
0,0,-1,-6,1,26,8,-2,1,0,0,0,-24,-102,9,None
0,1,1,1,67,45,7,21,1,0,0,0,-24,-102,9,None
0,1,1,1,67,45,7,21,1,0,0,0,-24,-102,9,None
0,1,1,1,67,45,7,21,1,0,0,0,-31,-97,9,None
0,-5,-4,-2,-59,-10,-7,-21,-5,0,0,0,-31,-97,9,None
0,-2,-2,-6,-19,-9,-8,0,-5,0,0,0,-31,-97,9,None
0,3,6,12,63,46,17,5,3,0,0,0,-31,-97,9,None
0,-3,-2,-3,-32,5,-18,-4,-4,0,0,0,-31,-97,9,None
0,-3,-2,-3,-32,5,-18,-4,-4,0,0,0,-31,-97,9,None
0,-3,-2,-3,-32,5,-18,-4,-4,0,0,0,-37,-95,10,None
0,0,3,-2,-32,-32,6,-3,0,0,0,0,-37,-95,10,None
0,-2,-1,2,-15,32,-3,8,0,0,0,0,-37,-95,10,None
0,-1,-2,-7,-89,-31,1,-13,-3,0,0,0,-37,-95,10,None
0,0,0,3,24,-7,0,8,1,0,0,0,-37,-95,10,None
0,0,0,3,24,-7,0,8,1,0,0,0,-37,-95,10,None
0,0,0,3,24,-7,0,8,1,0,0,0,-41,-84,11,None
0,1,3,4,32,13,6,-6,0,0,0,0,-41,-84,11,None
0,-2,-4,-8,-5,-6,-1,7,-2,0,0,0,-41,-84,11,None
0,2,5,-4,-33,-26,-9,-6,2,0,0,0,-41,-84,11,None
0,-2,-2,-2,71,-7,-2,1,-3,0,0,0,-41,-84,11,None
0,-2,-2,-2,71,-7,-2,1,-3,0,0,0,-41,-84,11,None
0,-2,-2,-2,71,-7,-2,1,-3,0,0,0,-47,-71,7,None
0,-2,-4,-13,-4,49,-4,-5,-1,0,0,0,-47,-71,7,None
0,-1,1,-4,-2,-11,-21,-11,-5,0,0,0,-47,-71,7,None
0,1,3,0,42,7,13,4,3,0,0,0,-47,-71,7,None
0,-2,-1,-10,-79,6,-7,0,-3,0,0,0,-47,-71,7,None
0,-2,-1,-10,-79,6,-7,0,-3,0,0,0,-47,-71,7,None
0,-2,-1,-10,-79,6,-7,0,-3,0,0,0,-47,-67,1,None
0,0,0,-3,89,-11,2,-3,-2,0,0,0,-47,-67,1,None
0,-1,-1,-7,-53,-69,-11,-1,-2,0,0,0,-47,-67,1,None
0,-3,-4,-2,29,78,6,-7,-2,0,0,0,-47,-67,1,None
0,0,2,4,24,-20,4,6,1,0,0,0,-47,-67,1,None
0,0,2,4,24,-20,4,6,1,0,0,0,-47,-67,1,None
0,0,2,4,24,-20,4,6,1,0,0,0,-49,-66,0,None
0,-2,1,-2,6,3,-4,-6,-2,0,0,0,-49,-66,0,None
0,-1,2,-5,-17,98,7,5,0,0,0,0,-49,-66,0,None
0,-6,-3,5,-12,7,-22,-9,-6,0,0,0,-49,-66,0,None
0,-4,-3,-16,-103,-38,-6,-6,-6,0,0,0,-49,-66,0,None
0,-4,-3,-16,-103,-38,-6,-6,-6,0,0,0,-49,-66,0,None
0,-4,-3,-16,-103,-38,-6,-6,-6,0,0,0,-56,-58,0,None
0,1,4,2,-10,-11,13,3,2,0,0,0,-56,-58,0,None
0,-3,-10,5,127,44,0,-1,-3,0,0,0,-56,-58,0,None
0,1,1,-7,-40,-13,0,-1,1,0,0,0,-56,-58,0,None
0,1,20,-2,37,-17,-11,-4,-3,0,0,0,-56,-58,0,None
0,1,20,-2,37,-17,-11,-4,-3,0,0,0,-56,-58,0,None
0,1,20,-2,37,-17,-11,-4,-3,0,0,0,-59,-55,2,None
0,-6,-18,1,54,25,3,-2,-4,0,0,0,-59,-55,2,None
0,-2,-21,-10,-95,-56,-3,1,0,0,0,0,-59,-55,2,None
0,-1,-1,0,24,-30,-8,-7,-3,0,0,0,-59,-55,2,None
0,-1,-6,2,-6,-10,8,1,-1,0,0,0,-59,-55,2,None
0,-1,-6,2,-6,-10,8,1,-1,0,0,0,-59,-55,2,None
0,-1,-6,2,-6,-10,8,1,-1,0,0,0,-62,-52,0,None
0,4,23,7,13,14,6,4,2,0,0,0,-62,-52,0,None
0,-1,9,-1,-8,3,-4,-7,-5,0,0,0,-62,-52,0,None
0,-3,-8,-6,24,1,3,0,-2,0,0,0,-62,-52,0,None
0,-2,-1,0,9,5,-21,-4,0,0,0,0,-62,-52,0,None
0,-2,-1,0,9,5,-21,-4,0,0,0,0,-62,-52,0,None
0,-2,-1,0,9,5,-21,-4,0,0,0,0,-64,-50,-1,None
0,-1,-1,-6,-46,15,20,2,-1,0,0,0,-64,-50,-1,None
0,-1,5,3,12,-4,-14,-1,-2,0,0,0,-64,-50,-1,None
0,-3,1,-8,-37,-31,20,-1,1,0,0,0,-64,-50,-1,None
0,3,6,15,102,39,-8,-1,1,0,0,0,-64,-50,-1,None
0,3,6,15,102,39,-8,-1,1,0,0,0,-64,-50,-1,None
0,3,6,15,102,39,-8,-1,1,0,0,0,-65,-49,0,None
0,24,-5,-11,-67,-36,-49,-17,10,0,0,0,-65,-49,0,None
0,-12,5,8,11,50,-74,-10,29,0,0,0,-65,-49,0,None
0,-39,6,-8,-6,-94,109,50,-26,0,0,0,-65,-49,0,None
0,1,-2,-6,6,21,3,9,3,0,0,0,-65,-49,0,None
0,1,-2,-6,6,21,3,9,3,0,0,0,-65,-49,0,None
0,1,-2,-6,6,21,3,9,3,0,0,0,-68,-48,3,None
0,-28,-3,18,28,72,-91,-17,60,0,0,0,-68,-48,3,None
0,114,13,25,15,57,-100,-21,31,0,0,0,-68,-48,3,None
0,-100,10,21,-36,23,29,20,-19,0,0,0,-68,-48,3,None
0,-19,-31,1,-11,-41,-74,-2,-20,0,0,0,-68,-48,3,None
0,-19,-31,1,-11,-41,-74,-2,-20,0,0,0,-68,-48,3,None
0,-19,-31,1,-11,-41,-74,-2,-20,0,0,0,-71,-41,5,None
0,-33,-15,-31,-18,-7,-68,-74,-125,0,0,0,-71,-41,5,None
0,-17,36,12,-19,21,22,1,80,0,0,0,-71,-41,5,None
0,90,-31,-25,34,-80,56,7,-3,0,0,0,-71,-41,5,None
0,127,34,23,-10,45,-47,21,127,0,0,0,-71,-41,5,None
0,127,34,23,-10,45,-47,21,127,0,0,0,-71,-41,5,None
0,127,34,23,-10,45,-47,21,127,0,0,0,-88,-26,-6,None
0,-121,15,28,-7,-84,50,38,10,0,0,0,-88,-26,-6,None
0,78,-19,-31,36,44,21,-12,-32,0,0,0,-88,-26,-6,None
0,48,14,14,6,-8,-29,17,107,0,0,0,-88,-26,-6,None
0,8,-20,-50,-28,-11,-18,-33,-114,0,0,0,-88,-26,-6,None
0,8,-20,-50,-28,-11,-18,-33,-114,0,0,0,-88,-26,-6,None
0,8,-20,-50,-28,-11,-18,-33,-114,0,0,0,-79,-41,-3,None
0,102,10,-2,74,-13,-13,31,86,0,0,0,-79,-41,-3,None
0,-63,4,8,-18,-53,51,17,-17,0,0,0,-79,-41,-3,None
0,-10,-4,4,-12,14,-34,-8,19,0,0,0,-79,-41,-3,None
0,-17,7,3,57,9,24,7,24,0,0,0,-79,-41,-3,None
0,-17,7,3,57,9,24,7,24,0,0,0,-79,-41,-3,None
0,-17,7,3,57,9,24,7,24,0,0,0,-61,-57,-14,None
0,-21,17,7,1,8,32,2,-27,0,0,0,-61,-57,-14,None
0,-35,-36,-6,-24,-36,20,0,-42,0,0,0,-61,-57,-14,None
0,-7,-2,-19,27,61,-74,-31,-26,0,0,0,-61,-57,-14,None
0,-33,2,13,-16,-13,17,-2,1,0,0,0,-61,-57,-14,None
0,-33,2,13,-16,-13,17,-2,1,0,0,0,-61,-57,-14,None
0,-33,2,13,-16,-13,17,-2,1,0,0,0,-34,-54,11,None
0,21,10,-8,13,39,25,-8,-34,0,0,0,-34,-54,11,None
0,-33,-31,-7,7,1,6,-19,-6,0,0,0,-34,-54,11,None
0,21,11,-1,-18,-38,-32,59,34,0,0,0,-34,-54,11,None
0,-25,9,4,16,54,40,3,1,0,0,0,-34,-54,11,None
0,-25,9,4,16,54,40,3,1,0,0,0,-34,-54,11,None
0,-25,9,4,16,54,40,3,1,0,0,0,-74,-28,0,None
0,6,-65,-1,-98,-36,7,-2,7,0,0,0,-74,-28,0,None
0,36,91,-2,63,-77,-16,1,-1,0,0,0,-74,-28,0,None
0,-87,-91,-3,4,52,-23,-41,-65,0,0,0,-74,-28,0,None
0,30,52,7,-110,-114,7,-58,-37,0,0,0,-74,-28,0,None
0,30,52,7,-110,-114,7,-58,-37,0,0,0,-74,-28,0,None
0,30,52,7,-110,-114,7,-58,-37,0,0,0,-75,-45,7,None
0,23,52,15,76,92,13,110,104,0,0,0,-75,-45,7,None
0,-11,10,-7,-52,-95,-9,-7,-4,0,0,0,-75,-45,7,None
0,34,68,3,30,98,-10,-19,-8,0,0,0,-75,-45,7,None
0,-40,-51,-7,-15,33,15,3,-1,0,0,0,-75,-45,7,None
0,-40,-51,-7,-15,33,15,3,-1,0,0,0,-75,-45,7,None
0,-40,-51,-7,-15,33,15,3,-1,0,0,0,-73,-55,17,None
0,4,-22,-19,12,-26,-16,-53,-19,0,0,0,-73,-55,17,None
0,7,1,-9,-68,-61,9,11,-13,0,0,0,-73,-55,17,None
0,17,7,5,38,-19,-15,17,30,0,0,0,-73,-55,17,None
0,3,13,-17,-15,103,2,-2,-1,0,0,0,-73,-55,17,None
0,3,13,-17,-15,103,2,-2,-1,0,0,0,-73,-55,17,None
0,3,13,-17,-15,103,2,-2,-1,0,0,0,-90,-22,11,None
0,2,-16,19,104,-128,-15,-20,-36,0,0,0,-90,-22,11,None
0,-30,-18,-6,68,127,24,13,56,0,0,0,-90,-22,11,None
0,23,-2,-13,-5,-69,-35,-18,-24,0,0,0,-90,-22,11,None
0,-32,11,5,42,-17,3,10,15,0,0,0,-90,-22,11,None
0,-32,11,5,42,-17,3,10,15,0,0,0,-90,-22,11,None
0,-32,11,5,42,-17,3,10,15,0,0,0,-80,-18,10,None
0,0,9,-10,-40,68,11,10,-8,0,0,0,-80,-18,10,None
0,-9,20,15,100,20,6,3,-12,0,0,0,-80,-18,10,None
0,4,1,0,17,-36,-10,-25,-1,0,0,0,-80,-18,10,None
0,0,-12,-12,9,-3,0,10,-1,0,0,0,-80,-18,10,None
0,0,-12,-12,9,-3,0,10,-1,0,0,0,-80,-18,10,None
0,0,-12,-12,9,-3,0,10,-1,0,0,0,-88,-44,15,None
0,2,23,-1,-30,69,13,-1,0,0,0,0,-88,-44,15,None
0,-10,-24,-7,-27,-59,-14,-10,-18,0,0,0,-88,-44,15,None
0,6,17,2,-13,32,3,-10,1,0,0,0,-88,-44,15,None
0,-4,-11,1,22,-50,-4,8,-2,0,0,0,-88,-44,15,None
0,-4,-11,1,22,-50,-4,8,-2,0,0,0,-88,-44,15,None
0,-4,-11,1,22,-50,-4,8,-2,0,0,0,-98,-46,14,None
0,2,4,-10,-82,-11,-39,-22,-7,0,0,0,-98,-46,14,None
0,2,-6,-11,-41,26,45,11,-6,0,0,0,-98,-46,14,None
0,-1,-10,0,10,29,-4,-11,-9,0,0,0,-98,-46,14,None
0,-4,6,2,-4,-38,-3,3,5,0,0,0,-98,-46,14,None
0,-4,6,2,-4,-38,-3,3,5,0,0,0,-98,-46,14,None
0,-4,6,2,-4,-38,-3,3,5,0,0,0,-108,-33,11,None
0,0,-7,-5,21,8,-17,-16,-4,0,0,0,-108,-33,11,None
0,-1,0,-2,-20,-10,58,15,-7,0,0,0,-108,-33,11,None
0,8,12,-8,-42,-30,-13,-9,8,0,0,0,-108,-33,11,None
0,26,6,2,4,42,12,9,62,0,0,0,-108,-33,11,None
0,26,6,2,4,42,12,9,62,0,0,0,-108,-33,11,None
0,26,6,2,4,42,12,9,62,0,0,0,-102,-34,12,None
0,-87,-4,-2,-20,3,-97,-8,3,0,0,0,-102,-34,12,None
0,37,-6,8,-13,67,37,25,19,0,0,0,-102,-34,12,None
0,79,36,3,17,-83,83,46,99,0,0,0,-102,-34,12,None
0,-90,-16,-11,-39,37,20,-26,-71,0,0,0,-102,-34,12,None
0,-90,-16,-11,-39,37,20,-26,-71,0,0,0,-102,-34,12,None
0,-90,-16,-11,-39,37,20,-26,-71,0,0,0,-92,-38,17,None
0,119,-45,-34,22,41,-54,-76,-86,0,0,0,-92,-38,17,None
0,54,28,28,65,-5,-54,17,98,0,0,0,-92,-38,17,None
0,35,-9,-37,29,91,-128,-96,33,0,0,0,-92,-38,17,None
0,-59,-16,-34,-13,42,-1,-17,-52,0,0,0,-92,-38,17,None
0,-59,-16,-34,-13,42,-1,-17,-52,0,0,0,-92,-38,17,None
0,-59,-16,-34,-13,42,-1,-17,-52,0,0,0,-121,-30,4,None
0,92,54,20,-22,-96,120,43,110,0,0,0,-121,-30,4,None
0,35,-41,-71,-31,-87,-97,-65,-128,0,0,0,-121,-30,4,None
0,-26,17,14,33,127,100,96,97,0,0,0,-121,-30,4,None
0,-67,-1,29,-12,-80,-76,6,127,0,0,0,-121,-30,4,None
0,-67,-1,29,-12,-80,-76,6,127,0,0,0,-121,-30,4,None
0,-67,-1,29,-12,-80,-76,6,127,0,0,0,-88,-31,15,None
0,-114,-21,-22,-32,-86,102,56,74,0,0,0,-88,-31,15,None
0,42,8,8,-7,83,-42,-41,-51,0,0,0,-88,-31,15,None
0,77,3,11,-16,4,-63,1,-4,0,0,0,-88,-31,15,None
0,-6,1,-3,-3,3,21,4,-43,0,0,0,-88,-31,15,None
0,-6,1,-3,-3,3,21,4,-43,0,0,0,-88,-31,15,None
0,-6,1,-3,-3,3,21,4,-43,0,0,0,-78,-35,-3,None
0,20,25,4,7,-19,8,5,-67,0,0,0,-78,-35,-3,None
0,-85,1,10,-10,-65,-36,18,77,0,0,0,-78,-35,-3,None
0,-44,-6,-2,1,-22,19,-31,-109,0,0,0,-78,-35,-3,None
0,-10,-2,20,3,91,67,38,88,0,0,0,-78,-35,-3,None
0,-10,-2,20,3,91,67,38,88,0,0,0,-78,-35,-3,None
0,-10,-2,20,3,91,67,38,88,0,0,0,-50,-56,-7,None
0,29,-13,-6,-25,10,-25,-37,-16,0,0,0,-50,-56,-7,None
0,-31,-7,-8,17,-8,-17,-16,-98,0,0,0,-50,-56,-7,None
0,-56,-9,-6,-15,-27,-5,-23,-29,0,0,0,-50,-56,-7,None
0,72,9,-1,11,-16,-8,-6,-11,0,0,0,-50,-56,-7,None
0,72,9,-1,11,-16,-8,-6,-11,0,0,0,-50,-56,-7,None
0,72,9,-1,11,-16,-8,-6,-11,0,0,0,-74,-50,5,None
0,-32,7,1,12,34,-6,17,7,0,0,0,-74,-50,5,None
0,-38,-3,1,-17,19,-5,10,25,0,0,0,-74,-50,5,None
0,-5,-12,-2,-2,-18,8,-4,-10,0,0,0,-74,-50,5,None
0,40,6,1,33,-36,-20,12,2,0,0,0,-74,-50,5,None
0,40,6,1,33,-36,-20,12,2,0,0,0,-74,-50,5,None
0,40,6,1,33,-36,-20,12,2,0,0,0,-79,-51,10,None
0,-38,-1,-6,3,-2,-2,1,-10,0,0,0,-79,-51,10,None
0,-11,-4,2,11,32,-16,-7,19,0,0,0,-79,-51,10,None
0,18,3,1,-3,-9,-18,-6,-6,0,0,0,-79,-51,10,None
0,13,1,-7,13,-18,-15,-7,-25,0,0,0,-79,-51,10,None
0,13,1,-7,13,-18,-15,-7,-25,0,0,0,-79,-51,10,None
0,13,1,-7,13,-18,-15,-7,-25,0,0,0,-92,-41,4,None
0,-4,0,3,2,33,-24,-9,-6,0,0,0,-92,-41,4,None
0,22,6,4,0,-15,15,2,21,0,0,0,-92,-41,4,None
0,-21,-6,-8,-44,-9,-6,1,-12,0,0,0,-92,-41,4,None
0,1,1,-2,-13,-19,8,-4,-15,0,0,0,-92,-41,4,None
0,1,1,-2,-13,-19,8,-4,-15,0,0,0,-92,-41,4,None
0,1,1,-2,-13,-19,8,-4,-15,0,0,0,-85,-24,5,None
0,16,-2,0,26,5,-10,-7,3,0,0,0,-85,-24,5,None
0,-6,2,1,-12,3,22,13,24,0,0,0,-85,-24,5,None
0,-23,-2,-2,-5,-11,3,-7,-5,0,0,0,-85,-24,5,None
0,20,27,-4,-2,-8,-30,-12,-24,0,0,0,-85,-24,5,None
0,20,27,-4,-2,-8,-30,-12,-24,0,0,0,-85,-24,5,None
0,20,27,-4,-2,-8,-30,-12,-24,0,0,0,-82,-35,6,None
0,23,0,3,-13,-6,-8,8,11,0,0,0,-82,-35,6,None
0,-16,-6,-4,-3,14,12,-9,15,0,0,0,-82,-35,6,None
0,-19,-28,2,10,8,-9,8,-13,0,0,0,-82,-35,6,None
0,26,-2,-2,6,-15,-7,11,27,0,0,0,-82,-35,6,None
0,26,-2,-2,6,-15,-7,11,27,0,0,0,-82,-35,6,None
0,26,-2,-2,6,-15,-7,11,27,0,0,0,-77,-40,6,None
0,-6,10,-3,1,4,-8,-4,-27,0,0,0,-77,-40,6,None
0,-7,9,-2,-13,-11,19,-9,7,0,0,0,-77,-40,6,None
0,7,9,3,-11,8,-2,28,-14,0,0,0,-77,-40,6,None
0,13,-1,-5,12,-11,-7,-3,4,0,0,0,-77,-40,6,None
0,13,-1,-5,12,-11,-7,-3,4,0,0,0,-77,-40,6,None
0,13,-1,-5,12,-11,-7,-3,4,0,0,0,-68,-43,6,None
0,-24,-40,-1,-6,11,4,-6,-2,0,0,0,-68,-43,6,None
0,-8,-5,0,-2,10,-8,1,-2,0,0,0,-68,-43,6,None
0,7,16,-1,0,-10,-3,-17,0,0,0,0,-68,-43,6,None
0,0,-9,-3,-1,-13,-6,-12,-13,0,0,0,-68,-43,6,None
0,0,-9,-3,-1,-13,-6,-12,-13,0,0,0,-68,-43,6,None
0,0,-9,-3,-1,-13,-6,-12,-13,0,0,0,-67,-44,8,None
0,1,15,5,4,10,-1,9,19,0,0,0,-67,-44,8,None
0,6,8,-4,3,5,1,-8,0,0,0,0,-67,-44,8,None
0,-15,-7,-3,-6,-12,-5,-5,1,0,0,0,-67,-44,8,None
0,-2,-31,0,5,-1,-2,-5,3,0,0,0,-67,-44,8,None
0,-2,-31,0,5,-1,-2,-5,3,0,0,0,-67,-44,8,None
0,-2,-31,0,5,-1,-2,-5,3,0,0,0,-65,-44,9,None
0,7,4,2,-20,3,-1,4,-5,0,0,0,-65,-44,9,None
0,-3,-5,-5,13,5,5,10,-8,0,0,0,-65,-44,9,None
0,-5,5,1,2,-2,-1,-13,6,0,0,0,-65,-44,9,None
0,7,6,1,-11,-11,-7,2,-1,0,0,0,-65,-44,9,None
0,7,6,1,-11,-11,-7,2,-1,0,0,0,-65,-44,9,None
0,7,6,1,-11,-11,-7,2,-1,0,0,0,-64,-46,8,None
0,8,15,-1,3,13,-1,-1,9,0,0,0,-64,-46,8,None
0,-25,-6,-4,-9,-13,-2,1,-5,0,0,0,-64,-46,8,None
0,22,22,-3,4,10,-2,-7,2,0,0,0,-64,-46,8,None
0,-4,-48,-6,-11,-11,-1,-4,-6,0,0,0,-64,-46,8,None
0,-4,-48,-6,-11,-11,-1,-4,-6,0,0,0,-64,-46,8,None
0,-4,-48,-6,-11,-11,-1,-4,-6,0,0,0,-67,-52,11,None
0,5,16,-2,-1,-1,3,4,-7,0,0,0,-67,-52,11,None
0,-10,4,0,3,-6,2,12,7,0,0,0,-67,-52,11,None
0,-6,-4,-2,-4,3,-4,-13,-9,0,0,0,-67,-52,11,None
0,1,18,0,2,5,-1,2,-3,0,0,0,-67,-52,11,None
0,1,18,0,2,5,-1,2,-3,0,0,0,-67,-52,11,None
0,1,18,0,2,5,-1,2,-3,0,0,0,-65,-58,10,None
0,0,-1,-3,3,-5,-2,-11,-3,0,0,0,-65,-58,10,None
0,7,-4,-1,-4,-7,-2,3,8,0,0,0,-65,-58,10,None
0,-10,-9,-2,-1,7,-3,3,0,0,0,0,-65,-58,10,None
0,8,20,-3,-9,0,1,2,-9,0,0,0,-65,-58,10,None
0,8,20,-3,-9,0,1,2,-9,0,0,0,-65,-58,10,None
0,8,20,-3,-9,0,1,2,-9,0,0,0,-60,-65,11,None
0,-7,-4,2,11,5,-1,-4,6,0,0,0,-60,-65,11,None
0,4,0,-1,-4,-4,-4,-7,-6,0,0,0,-60,-65,11,None
0,-3,8,-3,0,0,1,2,1,0,0,0,-60,-65,11,None
0,-3,9,-2,-8,-1,-4,-2,-7,0,0,0,-60,-65,11,None
0,-3,9,-2,-8,-1,-4,-2,-7,0,0,0,-60,-65,11,None
0,-3,9,-2,-8,-1,-4,-2,-7,0,0,0,-58,-71,15,None
0,0,-5,-5,-3,-7,-7,-7,-3,0,0,0,-58,-71,15,None
0,1,1,2,-5,2,0,3,5,0,0,0,-58,-71,15,None
0,-4,-5,-1,6,3,0,-2,-6,0,0,0,-58,-71,15,None
0,-1,2,-1,-2,3,-1,-2,1,0,0,0,-58,-71,15,None
0,-1,2,-1,-2,3,-1,-2,1,0,0,0,-58,-71,15,None
0,-1,2,-1,-2,3,-1,-2,1,0,0,0,-57,-79,14,None
0,0,-4,-5,-10,2,0,1,2,0,0,0,-57,-79,14,None
0,3,3,-2,3,-1,2,2,-1,0,0,0,-57,-79,14,None
0,-5,-3,2,1,-8,-6,-3,-3,0,0,0,-57,-79,14,None
0,0,5,-2,-13,5,-1,-5,-7,0,0,0,-57,-79,14,None
0,0,5,-2,-13,5,-1,-5,-7,0,0,0,-57,-79,14,None
0,0,5,-2,-13,5,-1,-5,-7,0,0,0,-56,-84,9,None
0,-3,2,-2,-11,-3,0,0,1,0,0,0,-56,-84,9,None
0,-1,2,0,4,-1,1,-1,-1,0,0,0,-56,-84,9,None
0,-3,-3,-4,-4,1,0,-3,-5,0,0,0,-56,-84,9,None
0,-2,3,1,10,2,-3,0,-1,0,0,0,-56,-84,9,None
0,-2,3,1,10,2,-3,0,-1,0,0,0,-56,-84,9,None
0,-2,3,1,10,2,-3,0,-1,0,0,0,-53,-83,12,None
0,0,-1,-3,2,0,-2,0,-5,0,0,0,-53,-83,12,None
0,1,-3,-2,7,3,-2,-2,2,0,0,0,-53,-83,12,None
0,-2,-2,-4,6,5,1,-1,-1,0,0,0,-53,-83,12,None
0,0,3,-4,14,0,-1,-2,-2,0,0,0,-53,-83,12,None
0,0,3,-4,14,0,-1,-2,-2,0,0,0,-53,-83,12,None
0,0,3,-4,14,0,-1,-2,-2,0,0,0,-45,-84,16,None
0,-2,-2,0,-15,0,-3,-2,0,0,0,0,-45,-84,16,None
0,1,-2,-1,-8,-1,1,0,-1,0,0,0,-45,-84,16,None
0,-2,3,-3,7,-1,-3,-2,-3,0,0,0,-45,-84,16,None
0,-1,3,-2,-7,2,2,-1,-2,0,0,0,-45,-84,16,None
0,-1,3,-2,-7,2,2,-1,-2,0,0,0,-45,-84,16,None
0,-1,3,-2,-7,2,2,-1,-2,0,0,0,-43,-89,13,None
0,-2,-2,-2,11,2,-1,-2,-2,0,0,0,-43,-89,13,None
0,0,2,0,-6,1,0,-1,0,0,0,0,-43,-89,13,None
0,0,-1,0,-14,-1,0,1,0,0,0,0,-43,-89,13,None
0,-1,-1,-5,3,1,0,2,1,0,0,0,-43,-89,13,None
0,-1,-1,-5,3,1,0,2,1,0,0,0,-43,-89,13,None
0,-1,-1,-5,3,1,0,2,1,0,0,0,-48,-91,4,None
0,0,-1,-7,7,0,0,-2,-3,0,0,0,-48,-91,4,None
0,0,2,-3,-16,-2,-5,-5,-3,0,0,0,-48,-91,4,None
0,-3,-2,0,11,1,0,-1,0,0,0,0,-48,-91,4,None
0,-2,-1,-6,-17,2,2,1,0,0,0,0,-48,-91,4,None
0,-2,-1,-6,-17,2,2,1,0,0,0,0,-48,-91,4,None
0,-2,-1,-6,-17,2,2,1,0,0,0,0,-41,-91,3,None
0,-2,2,-2,6,0,-4,-4,-1,0,0,0,-41,-91,3,None
0,-3,-2,-3,17,-2,-4,0,-2,0,0,0,-41,-91,3,None
0,-1,0,-6,-34,-2,-4,-4,-4,0,0,0,-41,-91,3,None
0,0,0,-2,20,10,6,1,2,0,0,0,-41,-91,3,None
0,0,0,-2,20,10,6,1,2,0,0,0,-41,-91,3,None
0,0,0,-2,20,10,6,1,2,0,0,0,-34,-96,11,None
0,-2,0,-2,-20,-8,-2,0,0,0,0,0,-34,-96,11,None
0,-1,-1,-1,1,-3,-2,-2,-1,0,0,0,-34,-96,11,None
0,-3,-1,-2,7,-4,-6,-4,-3,0,0,0,-34,-96,11,None
0,-1,0,1,2,5,1,0,-3,0,0,0,-34,-96,11,None
0,-1,0,1,2,5,1,0,-3,0,0,0,-34,-96,11,None
0,-1,0,1,2,5,1,0,-3,0,0,0,-26,-103,9,None
0,0,-2,-1,7,2,1,0,0,0,0,0,-26,-103,9,None
0,-1,2,0,2,1,3,0,0,0,0,0,-26,-103,9,None
0,1,2,-4,-7,-4,-1,-1,0,0,0,0,-26,-103,9,None
0,-3,-2,-2,12,6,-9,-7,-6,0,0,0,-26,-103,9,None
0,-3,-2,-2,12,6,-9,-7,-6,0,0,0,-26,-103,9,None
0,-3,-2,-2,12,6,-9,-7,-6,0,0,0,-19,-104,6,None
0,0,0,-1,15,3,-1,-2,-1,0,0,0,-19,-104,6,None
0,-2,-2,-2,13,-8,1,0,2,0,0,0,-19,-104,6,None
0,0,0,2,37,38,5,1,0,0,0,0,-19,-104,6,None
0,0,4,-10,-45,-2,2,-3,-1,0,0,0,-19,-104,6,None
0,0,4,-10,-45,-2,2,-3,-1,0,0,0,-19,-104,6,None
0,0,4,-10,-45,-2,2,-3,-1,0,0,0,-8,-107,5,None
0,-1,1,3,46,-17,-1,-1,-1,0,0,0,-8,-107,5,None
0,0,0,-9,-36,-9,-4,-1,-1,0,0,0,-8,-107,5,None
0,-4,-4,-19,-50,-10,-2,-2,-4,0,0,0,-8,-107,5,None
0,-2,0,3,4,27,0,-3,-2,0,0,0,-8,-107,5,None
0,-2,0,3,4,27,0,-3,-2,0,0,0,-8,-107,5,None
0,-2,0,3,4,27,0,-3,-2,0,0,0,1,-106,8,None
0,0,0,-3,-29,-22,-4,3,1,0,0,0,1,-106,8,None
0,0,0,-4,-18,-8,6,-2,-1,0,0,0,1,-106,8,None
0,-1,0,2,1,-11,-1,-1,-1,0,0,0,1,-106,8,None
0,0,2,0,18,18,0,0,0,0,0,0,1,-106,8,None
0,0,2,0,18,18,0,0,0,0,0,0,1,-106,8,None
0,0,2,0,18,18,0,0,0,0,0,0,2,-95,7,None
0,1,1,-1,-32,-45,-9,-4,-2,0,0,0,2,-95,7,None
0,-1,0,-1,0,11,-7,-2,-3,0,0,0,2,-95,7,None
0,-3,1,2,-32,-5,4,4,-2,0,0,0,2,-95,7,None
0,1,3,2,72,-34,-5,0,0,0,0,0,2,-95,7,None
0,1,3,2,72,-34,-5,0,0,0,0,0,2,-95,7,None
0,1,3,2,72,-34,-5,0,0,0,0,0,7,-98,3,None
0,-6,-1,-8,-42,64,2,-9,-5,0,0,0,7,-98,3,None
0,-1,1,3,38,-10,7,3,0,0,0,0,7,-98,3,None
0,-2,0,-6,-62,-49,-8,-2,-2,0,0,0,7,-98,3,None
0,-1,-1,-4,8,7,-5,-2,-1,0,0,0,7,-98,3,None
0,-1,-1,-4,8,7,-5,-2,-1,0,0,0,7,-98,3,None
0,-1,-1,-4,8,7,-5,-2,-1,0,0,0,15,-111,-4,None
0,0,3,3,-2,29,-4,-1,0,0,0,0,15,-111,-4,None
0,-3,-3,-11,-55,-54,-10,-7,-4,0,0,0,15,-111,-4,None
0,1,4,9,-21,-19,-4,1,2,0,0,0,15,-111,-4,None
0,-6,-6,-23,-1,-20,1,-5,-5,0,0,0,15,-111,-4,None
0,-6,-6,-23,-1,-20,1,-5,-5,0,0,0,15,-111,-4,None
0,-6,-6,-23,-1,-20,1,-5,-5,0,0,0,18,-112,-1,None
0,0,0,0,15,12,4,-4,-1,0,0,0,18,-112,-1,None
0,1,4,11,70,41,7,3,1,0,0,0,18,-112,-1,None
0,-4,-3,0,-39,-17,-7,-1,-4,0,0,0,18,-112,-1,None
0,0,2,11,5,-20,3,0,-1,0,0,0,18,-112,-1,None
0,0,2,11,5,-20,3,0,-1,0,0,0,18,-112,-1,None
0,0,2,11,5,-20,3,0,-1,0,0,0,17,-107,0,None
0,-2,-2,1,29,65,-7,-4,-3,0,0,0,17,-107,0,None
0,-1,-1,-1,24,-6,0,-2,-3,0,0,0,17,-107,0,None
0,-1,1,2,40,1,0,-1,0,0,0,0,17,-107,0,None
0,0,1,2,2,44,5,3,0,0,0,0,17,-107,0,None
0,0,1,2,2,44,5,3,0,0,0,0,17,-107,0,None
0,0,1,2,2,44,5,3,0,0,0,0,20,-105,-4,None
0,0,2,-4,15,14,8,0,1,0,0,0,20,-105,-4,None
0,-3,-1,2,-10,16,-8,-3,-3,0,0,0,20,-105,-4,None
0,-3,-1,2,-10,16,-8,-3,-3,0,0,0,20,-105,-4,None
0,-3,-1,2,-10,16,-8,-3,-3,0,0,0,23,-110,-7,None
0,0,1,15,57,24,-4,-4,1,0,0,0,23,-110,-7,None
0,-2,-1,-19,-72,-18,4,5,1,0,0,0,23,-110,-7,None
0,-2,-2,8,31,-7,4,1,-3,0,0,0,23,-110,-7,None
0,0,-1,-20,-24,-60,-19,-3,0,0,0,0,23,-110,-7,None
0,0,-1,-20,-24,-60,-19,-3,0,0,0,0,23,-110,-7,None
0,0,-1,-20,-24,-60,-19,-3,0,0,0,0,24,-111,-9,None
0,-2,0,9,26,62,7,-2,-2,0,0,0,24,-111,-9,None
0,-1,2,6,24,-24,-13,-5,-1,0,0,0,24,-111,-9,None
0,2,6,11,12,-65,15,5,3,0,0,0,24,-111,-9,None
0,-3,-2,-13,33,3,-23,-7,-5,0,0,0,24,-111,-9,None
0,-3,-2,-13,33,3,-23,-7,-5,0,0,0,24,-111,-9,None
0,-3,-2,-13,33,3,-23,-7,-5,0,0,0,27,-106,-7,None
0,1,2,2,-43,15,27,6,1,0,0,0,27,-106,-7,None
0,-1,-1,2,28,5,-25,-9,-3,0,0,0,27,-106,-7,None
0,-1,-1,-7,-38,-56,15,3,-2,0,0,0,27,-106,-7,None
0,-2,-1,14,-5,50,14,0,-2,0,0,0,27,-106,-7,None
0,-2,-1,14,-5,50,14,0,-2,0,0,0,27,-106,-7,None
0,-2,-1,14,-5,50,14,0,-2,0,0,0,33,-101,-7,None
0,1,-1,-9,6,-60,-11,-5,-2,0,0,0,33,-101,-7,None
0,0,3,4,-32,37,8,-2,0,0,0,0,33,-101,-7,None
0,-4,0,0,8,65,-10,1,-4,0,0,0,33,-101,-7,None
0,1,3,-5,-25,-45,7,3,1,0,0,0,33,-101,-7,None
0,1,3,-5,-25,-45,7,3,1,0,0,0,33,-101,-7,None
0,1,3,-5,-25,-45,7,3,1,0,0,0,38,-100,-8,None
0,0,0,-8,33,56,-3,-5,-4,0,0,0,38,-100,-8,None
0,0,-1,-4,-20,-40,-2,2,2,0,0,0,38,-100,-8,None
0,-2,0,2,-27,-16,-13,-6,-4,0,0,0,38,-100,-8,None
0,-1,2,-1,-21,-12,8,1,1,0,0,0,38,-100,-8,None
0,-1,2,-1,-21,-12,8,1,1,0,0,0,38,-100,-8,None
0,-1,2,-1,-21,-12,8,1,1,0,0,0,44,-103,-8,None
0,-4,-3,-37,-55,-22,-16,-6,-3,0,0,0,44,-103,-8,None
0,1,0,-15,29,-42,4,0,-1,0,0,0,44,-103,-8,None
0,-2,0,-2,-6,-28,-5,0,0,0,0,0,44,-103,-8,None
0,-1,2,7,-32,54,-2,-2,-1,0,0,0,44,-103,-8,None
0,-1,2,7,-32,54,-2,-2,-1,0,0,0,44,-103,-8,None
0,-1,2,7,-32,54,-2,-2,-1,0,0,0,50,-97,-8,None
0,1,7,20,38,1,2,2,2,0,0,0,50,-97,-8,None
0,-7,-6,-34,-24,36,3,-2,-6,0,0,0,50,-97,-8,None
0,-2,-1,-11,15,-37,-12,-4,-1,0,0,0,50,-97,-8,None
0,-1,-3,-7,7,-21,-2,-2,-3,0,0,0,50,-97,-8,None
0,-1,-3,-7,7,-21,-2,-2,-3,0,0,0,50,-97,-8,None
0,-1,-3,-7,7,-21,-2,-2,-3,0,0,0,48,-93,-8,None
0,-2,-3,-10,-38,14,-5,-5,-4,0,0,0,48,-93,-8,None
0,-1,1,9,-27,0,1,1,-2,0,0,0,48,-93,-8,None
0,-2,-2,-1,68,29,5,1,-2,0,0,0,48,-93,-8,None
0,-3,-1,3,35,-9,-6,-6,-3,0,0,0,48,-93,-8,None
0,-3,-1,3,35,-9,-6,-6,-3,0,0,0,48,-93,-8,None
0,-3,-1,3,35,-9,-6,-6,-3,0,0,0,51,-88,-6,None
0,-3,1,-13,23,0,2,0,0,0,0,0,51,-88,-6,None
0,3,5,32,-12,43,5,2,0,0,0,0,51,-88,-6,None
0,-2,-7,-78,-52,-23,-6,-6,-1,0,0,0,51,-88,-6,None
0,-1,2,6,-3,20,6,3,1,0,0,0,51,-88,-6,None
0,-1,2,6,-3,20,6,3,1,0,0,0,51,-88,-6,None
0,-1,2,6,-3,20,6,3,1,0,0,0,51,-89,-6,None
0,-5,-2,0,-1,13,-4,-4,-4,0,0,0,51,-89,-6,None
0,-1,3,0,29,-14,1,-1,-3,0,0,0,51,-89,-6,None
0,0,4,28,38,42,-1,-1,0,0,0,0,51,-89,-6,None
0,2,20,-11,-60,26,0,-4,-3,0,0,0,51,-89,-6,None
0,2,20,-11,-60,26,0,-4,-3,0,0,0,51,-89,-6,None
0,2,20,-11,-60,26,0,-4,-3,0,0,0,54,-86,-5,None
0,-2,-22,-9,-3,-60,-5,-2,-3,0,0,0,54,-86,-5,None
0,-3,-1,2,7,-67,0,-1,0,0,0,0,54,-86,-5,None
0,6,35,12,23,44,-2,-2,0,0,0,0,54,-86,-5,None
0,0,-26,-9,-14,-14,-2,-2,-1,0,0,0,54,-86,-5,None
0,0,-26,-9,-14,-14,-2,-2,-1,0,0,0,54,-86,-5,None
0,0,-26,-9,-14,-14,-2,-2,-1,0,0,0,56,-86,-5,None
0,1,23,10,25,8,1,0,4,0,0,0,56,-86,-5,None
0,-2,-5,0,-18,-17,-3,-3,-7,0,0,0,56,-86,-5,None
0,1,5,4,-18,-52,-3,-1,-2,0,0,0,56,-86,-5,None
0,-2,0,11,41,40,4,2,1,0,0,0,56,-86,-5,None
0,-2,0,11,41,40,4,2,1,0,0,0,56,-86,-5,None
0,-2,0,11,41,40,4,2,1,0,0,0,59,-89,-4,None
0,-2,1,-3,27,-2,2,-1,-2,0,0,0,59,-89,-4,None
0,2,11,-11,-38,10,-4,-3,-1,0,0,0,59,-89,-4,None
0,-8,-49,-4,-29,-35,-6,-2,-2,0,0,0,59,-89,-4,None
0,-1,6,3,0,26,0,-1,-1,0,0,0,59,-89,-4,None
0,-1,6,3,0,26,0,-1,-1,0,0,0,59,-89,-4,None
0,-1,6,3,0,26,0,-1,-1,0,0,0,64,-85,-4,None
0,-2,-6,1,9,-5,0,0,-1,0,0,0,64,-85,-4,None
0,0,13,4,25,16,1,0,0,0,0,0,64,-85,-4,None
0,0,-2,4,-21,-6,-3,-2,-3,0,0,0,64,-85,-4,None
0,-2,-1,-4,-2,25,3,-2,-1,0,0,0,64,-85,-4,None
0,-2,-1,-4,-2,25,3,-2,-1,0,0,0,64,-85,-4,None
0,-2,-1,-4,-2,25,3,-2,-1,0,0,0,67,-83,-8,None
0,0,1,-6,-14,-3,1,0,-1,0,0,0,67,-83,-8,None
0,-5,-5,-3,-13,-3,-1,-1,0,0,0,0,67,-83,-8,None
0,-1,-12,3,-7,22,-4,-3,-2,0,0,0,67,-83,-8,None
0,-4,-6,1,12,2,-1,-3,-2,0,0,0,67,-83,-8,None
0,-4,-6,1,12,2,-1,-3,-2,0,0,0,67,-83,-8,None
0,-4,-6,1,12,2,-1,-3,-2,0,0,0,67,-87,-9,None
0,0,9,-1,31,14,0,1,-1,0,0,0,67,-87,-9,None
0,0,1,-3,-19,7,-2,-2,-1,0,0,0,67,-87,-9,None
0,-4,3,-5,-3,0,2,-1,-1,0,0,0,67,-87,-9,None
0,-2,9,-1,-3,-34,-4,-2,0,0,0,0,67,-87,-9,None
0,-2,9,-1,-3,-34,-4,-2,0,0,0,0,67,-87,-9,None
0,-2,9,-1,-3,-34,-4,-2,0,0,0,0,69,-86,-8,None
0,8,40,9,18,15,-1,-3,0,0,0,0,69,-86,-8,None
0,-8,-34,-3,-40,-14,1,-1,0,0,0,0,69,-86,-8,None
0,-1,3,11,-3,25,0,-2,-2,0,0,0,69,-86,-8,None
0,-3,-7,0,-10,-8,0,-1,-3,0,0,0,69,-86,-8,None
0,-3,-7,0,-10,-8,0,-1,-3,0,0,0,69,-86,-8,None
0,-3,-7,0,-10,-8,0,-1,-3,0,0,0,65,-84,-8,None
0,0,9,-4,-9,15,0,-1,0,0,0,0,65,-84,-8,None
0,-1,7,4,24,1,1,0,-1,0,0,0,65,-84,-8,None
0,2,11,3,53,9,2,1,-1,0,0,0,65,-84,-8,None
0,-2,-10,-3,-45,-9,0,-1,-3,0,0,0,65,-84,-8,None
0,-2,-10,-3,-45,-9,0,-1,-3,0,0,0,65,-84,-8,None
0,-2,-10,-3,-45,-9,0,-1,-3,0,0,0,57,-81,-6,None
0,-3,-12,-6,-19,-17,-6,-2,-3,0,0,0,57,-81,-6,None
0,0,4,-2,1,17,-5,-4,-3,0,0,0,57,-81,-6,None
0,-4,-7,0,9,6,2,0,-1,0,0,0,57,-81,-6,None
0,2,9,-5,17,-12,-1,-1,-1,0,0,0,57,-81,-6,None
0,2,9,-5,17,-12,-1,-1,-1,0,0,0,57,-81,-6,None
0,2,9,-5,17,-12,-1,-1,-1,0,0,0,52,-77,-7,None
0,-4,-12,-4,3,14,-1,-1,-1,0,0,0,52,-77,-7,None
0,2,-5,4,44,24,-7,-5,-4,0,0,0,52,-77,-7,None
0,-2,12,-14,-43,-36,0,-1,-2,0,0,0,52,-77,-7,None
0,-1,3,1,16,36,-2,-1,-2,0,0,0,52,-77,-7,None
0,-1,3,1,16,36,-2,-1,-2,0,0,0,52,-77,-7,None
0,-1,3,1,16,36,-2,-1,-2,0,0,0,52,-81,-8,None
0,-2,-10,-2,-6,-6,0,-2,-2,0,0,0,52,-81,-8,None
0,0,2,0,9,-1,-1,0,-1,0,0,0,52,-81,-8,None
0,1,0,-2,-16,-7,0,-3,1,0,0,0,52,-81,-8,None
0,-1,1,-5,5,-9,0,0,-1,0,0,0,52,-81,-8,None
0,-1,1,-5,5,-9,0,0,-1,0,0,0,52,-81,-8,None
0,-1,1,-5,5,-9,0,0,-1,0,0,0,55,-83,-9,None
0,6,27,3,17,6,1,-1,0,0,0,0,55,-83,-9,None
0,-17,-41,-5,-23,-24,-5,-2,0,0,0,0,55,-83,-9,None
0,2,0,-3,-6,25,-2,-3,-5,0,0,0,55,-83,-9,None
0,-1,1,-3,4,13,0,-2,0,0,0,0,55,-83,-9,None
0,-1,1,-3,4,13,0,-2,0,0,0,0,55,-83,-9,None
0,-1,1,-3,4,13,0,-2,0,0,0,0,55,-85,-10,None
0,1,2,0,-3,2,-1,-2,-2,0,0,0,55,-85,-10,None
0,-1,16,-1,1,-3,0,-1,0,0,0,0,55,-85,-10,None
0,-2,0,-3,-3,4,0,0,0,0,0,0,55,-85,-10,None
0,0,-5,-2,3,-13,-2,-1,-1,0,0,0,55,-85,-10,None
0,0,-5,-2,3,-13,-2,-1,-1,0,0,0,55,-85,-10,None
0,0,-5,-2,3,-13,-2,-1,-1,0,0,0,57,-83,-10,None
0,-4,-12,-2,-4,-7,-1,0,-3,0,0,0,57,-83,-10,None
0,5,9,-3,7,12,-1,-2,-3,0,0,0,57,-83,-10,None
0,-3,-8,0,-1,-1,-3,0,-2,0,0,0,57,-83,-10,None
0,-7,7,-3,-2,-9,1,0,-3,0,0,0,57,-83,-10,None
0,-7,7,-3,-2,-9,1,0,-3,0,0,0,57,-83,-10,None
0,-7,7,-3,-2,-9,1,0,-3,0,0,0,57,-79,-10,None
0,9,14,-4,18,-2,-2,0,0,0,0,0,57,-79,-10,None
0,-5,-3,2,9,34,1,-6,-4,0,0,0,57,-79,-10,None
0,3,9,6,5,6,0,-1,-1,0,0,0,57,-79,-10,None
0,-3,0,-5,-5,-15,-1,-1,0,0,0,0,57,-79,-10,None
0,-3,0,-5,-5,-15,-1,-1,0,0,0,0,57,-79,-10,None
0,-3,0,-5,-5,-15,-1,-1,0,0,0,0,56,-81,-9,None
0,-3,-4,-2,6,4,1,-1,-2,0,0,0,56,-81,-9,None
0,4,6,-5,-2,-11,-1,1,-2,0,0,0,56,-81,-9,None
0,-2,1,-2,-8,-7,-3,-1,-2,0,0,0,56,-81,-9,None
0,1,2,0,6,6,0,-2,-2,0,0,0,56,-81,-9,None
0,1,2,0,6,6,0,-2,-2,0,0,0,56,-81,-9,None
0,1,2,0,6,6,0,-2,-2,0,0,0,56,-80,-9,None
0,-5,-16,-3,-12,-9,-3,-2,-1,0,0,0,56,-80,-9,None
0,4,10,-1,-1,3,0,-2,-1,0,0,0,56,-80,-9,None
0,-3,-4,-3,-5,-2,-2,-2,0,0,0,0,56,-80,-9,None
0,0,-1,-5,-2,-7,-1,0,-1,0,0,0,56,-80,-9,None
0,0,-1,-5,-2,-7,-1,0,-1,0,0,0,56,-80,-9,None
0,0,-1,-5,-2,-7,-1,0,-1,0,0,0,56,-82,-10,None
0,-1,13,2,44,9,0,0,0,0,0,0,56,-82,-10,None
0,-5,0,-1,-63,-28,-7,-1,-2,0,0,0,56,-82,-10,None
0,-6,-32,-6,-9,34,3,-2,-3,0,0,0,56,-82,-10,None
0,0,-2,-1,1,-5,-1,-2,-1,0,0,0,56,-82,-10,None
0,0,-2,-1,1,-5,-1,-2,-1,0,0,0,56,-82,-10,None
0,0,-2,-1,1,-5,-1,-2,-1,0,0,0,56,-83,-10,None
0,-4,-7,0,1,-1,-1,-2,-2,0,0,0,56,-83,-10,None
0,3,11,-3,18,1,1,1,1,0,0,0,56,-83,-10,None
0,2,8,-3,-1,-15,-1,-1,0,0,0,0,56,-83,-10,None
0,-1,2,-2,-3,2,-2,-2,-2,0,0,0,56,-83,-10,None
0,-1,2,-2,-3,2,-2,-2,-2,0,0,0,56,-83,-10,None
0,-1,2,-2,-3,2,-2,-2,-2,0,0,0,58,-82,-9,None
0,-5,-16,-6,-20,-1,-1,-2,-1,0,0,0,58,-82,-9,None
0,0,3,-3,10,0,-2,-1,0,0,0,0,58,-82,-9,None
0,0,4,-3,-7,-6,-4,-1,-2,0,0,0,58,-82,-9,None
0,-2,0,-3,5,3,-1,-2,0,0,0,0,58,-82,-9,None
0,-2,0,-3,5,3,-1,-2,0,0,0,0,58,-82,-9,None
0,-2,0,-3,5,3,-1,-2,0,0,0,0,57,-80,-9,None
0,2,15,-3,-14,-4,-1,-1,-3,0,0,0,57,-80,-9,None
0,-2,-34,-1,32,11,-2,-2,-2,0,0,0,57,-80,-9,None
0,-5,6,-3,4,-4,-3,-3,-3,0,0,0,57,-80,-9,None
0,1,2,-3,-1,-2,-1,-1,0,0,0,0,57,-80,-9,None
0,1,2,-3,-1,-2,-1,-1,0,0,0,0,57,-80,-9,None
0,1,2,-3,-1,-2,-1,-1,0,0,0,0,56,-79,-7,None
0,-3,-8,-1,-17,-6,-2,-2,0,0,0,0,56,-79,-7,None
0,-1,10,-1,1,5,1,-1,-1,0,0,0,56,-79,-7,None
0,0,8,0,1,-4,-2,-1,0,0,0,0,56,-79,-7,None
0,-1,-6,-1,0,-2,-2,-2,-3,0,0,0,56,-79,-7,None
0,-1,-6,-1,0,-2,-2,-2,-3,0,0,0,56,-79,-7,None
0,-1,-6,-1,0,-2,-2,-2,-3,0,0,0,57,-80,-8,None
0,-5,-7,-2,-10,2,-2,-3,-1,0,0,0,57,-80,-8,None
0,0,7,-1,4,2,1,-1,-1,0,0,0,57,-80,-8,None
0,1,5,-1,3,-3,0,-1,-1,0,0,0,57,-80,-8,None
0,-1,4,-2,-7,-2,-1,-1,-3,0,0,0,57,-80,-8,None
0,-1,4,-2,-7,-2,-1,-1,-3,0,0,0,57,-80,-8,None
0,-1,4,-2,-7,-2,-1,-1,-3,0,0,0,56,-81,-7,None
0,-2,-4,-1,1,4,-1,-1,-1,0,0,0,56,-81,-7,None
0,7,7,-5,0,-3,-2,-2,-2,0,0,0,56,-81,-7,None
0,-2,2,0,-11,0,0,0,0,0,0,0,56,-81,-7,None
0,-1,-3,-3,-9,6,-1,-1,0,0,0,0,56,-81,-7,None
0,-1,-3,-3,-9,6,-1,-1,0,0,0,0,56,-81,-7,None
0,-1,-3,-3,-9,6,-1,-1,0,0,0,0,56,-82,-7,None
0,-2,-7,-3,0,0,-1,-1,-3,0,0,0,56,-82,-7,None
0,-1,3,-2,-4,0,-1,0,0,0,0,0,56,-82,-7,None
0,4,22,-1,-4,-9,-1,0,0,0,0,0,56,-82,-7,None
0,-5,-29,-3,5,1,-2,-1,-1,0,0,0,56,-82,-7,None
0,-5,-29,-3,5,1,-2,-1,-1,0,0,0,56,-82,-7,None
0,-5,-29,-3,5,1,-2,-1,-1,0,0,0,55,-82,-9,None
0,-3,2,0,1,3,-3,-3,-2,0,0,0,55,-82,-9,None
0,-3,3,0,-5,9,1,-1,-1,0,0,0,55,-82,-9,None
0,4,7,-5,-7,-5,-1,-1,-1,0,0,0,55,-82,-9,None
0,-3,-13,-3,-1,-2,-1,-2,-1,0,0,0,55,-82,-9,None
0,-3,-13,-3,-1,-2,-1,-2,-1,0,0,0,55,-82,-9,None
0,-3,-13,-3,-1,-2,-1,-2,-1,0,0,0,56,-82,-9,None
0,-2,-4,-3,-1,-5,-1,-1,-1,0,0,0,56,-82,-9,None
0,1,-1,-1,0,-1,-2,-2,-2,0,0,0,56,-82,-9,None
0,-4,-11,-1,7,2,0,-1,-2,0,0,0,56,-82,-9,None
0,2,11,0,4,-1,-1,0,-1,0,0,0,56,-82,-9,None
0,2,11,0,4,-1,-1,0,-1,0,0,0,56,-82,-9,None
0,2,11,0,4,-1,-1,0,-1,0,0,0,56,-84,-9,None
0,-2,-5,-2,-10,-2,-2,-2,-2,0,0,0,56,-84,-9,None
0,-3,3,-1,3,1,-2,-1,0,0,0,0,56,-84,-9,None
0,-3,-1,-1,10,5,-1,-3,-1,0,0,0,56,-84,-9,None
0,-1,16,-1,6,-1,-1,-1,-1,0,0,0,56,-84,-9,None
0,-1,16,-1,6,-1,-1,-1,-1,0,0,0,56,-84,-9,None
0,-1,16,-1,6,-1,-1,-1,-1,0,0,0,58,-84,-10,None
0,2,10,-2,-15,1,-1,-1,0,0,0,0,58,-84,-10,None
0,-3,0,-4,-7,-2,-2,-2,-2,0,0,0,58,-84,-10,None
0,-1,-5,1,4,3,1,0,-1,0,0,0,58,-84,-10,None
0,0,4,0,2,1,0,0,-3,0,0,0,58,-84,-10,None
0,0,4,0,2,1,0,0,-3,0,0,0,58,-84,-10,None
0,0,4,0,2,1,0,0,-3,0,0,0,56,-82,-9,None
0,-1,-9,-1,8,0,0,-1,-1,0,0,0,56,-82,-9,None
0,1,10,-3,0,-2,-1,0,-1,0,0,0,56,-82,-9,None
0,0,-1,-2,-4,-1,-1,-1,-1,0,0,0,56,-82,-9,None
0,-1,1,-2,3,0,-1,-1,-2,0,0,0,56,-82,-9,None
0,-1,1,-2,3,0,-1,-1,-2,0,0,0,56,-82,-9,None
0,-1,1,-2,3,0,-1,-1,-2,0,0,0,56,-80,-10,None
0,1,10,-2,0,3,-2,-2,-2,0,0,0,56,-80,-10,None
0,-2,-2,-1,-1,-1,0,-2,-1,0,0,0,56,-80,-10,None
0,2,3,-2,11,0,-1,0,-1,0,0,0,56,-80,-10,None
0,0,-4,-4,-14,-16,-4,-4,-1,0,0,0,56,-80,-10,None
0,0,-4,-4,-14,-16,-4,-4,-1,0,0,0,56,-80,-10,None
0,0,-4,-4,-14,-16,-4,-4,-1,0,0,0,56,-81,-9,None
0,-4,-1,0,4,15,0,-1,-3,0,0,0,56,-81,-9,None
0,-2,-1,-2,-5,-6,-1,-2,-3,0,0,0,56,-81,-9,None
0,-2,-6,-1,3,6,0,-1,-1,0,0,0,56,-81,-9,None
0,2,6,-2,-3,-1,-1,-2,0,0,0,0,56,-81,-9,None
0,2,6,-2,-3,-1,-1,-2,0,0,0,0,56,-81,-9,None
0,2,6,-2,-3,-1,-1,-2,0,0,0,0,56,-82,-9,None
0,-1,-3,-3,-6,-7,-2,-1,-1,0,0,0,56,-82,-9,None
0,-2,-5,-3,4,-2,-2,-1,0,0,0,0,56,-82,-9,None
0,-1,4,-2,-5,0,-2,-3,-2,0,0,0,56,-82,-9,None
0,-2,3,-1,-1,2,0,-1,-2,0,0,0,56,-82,-9,None
0,-2,3,-1,-1,2,0,-1,-2,0,0,0,56,-82,-9,None
0,-2,3,-1,-1,2,0,-1,-2,0,0,0,56,-82,-9,None
0,-1,-3,-2,2,-1,0,-1,-2,0,0,0,56,-82,-9,None
0,4,20,1,11,4,0,-1,0,0,0,0,56,-82,-9,None
0,-8,-60,-5,19,1,-2,-2,-3,0,0,0,56,-82,-9,None
0,0,6,-2,-24,7,-3,-3,-1,0,0,0,56,-82,-9,None
0,0,6,-2,-24,7,-3,-3,-1,0,0,0,56,-82,-9,None
0,0,6,-2,-24,7,-3,-3,-1,0,0,0,55,-82,-9,None
0,0,-2,0,8,-2,-1,-1,-1,0,0,0,55,-82,-9,None
0,-1,-4,-1,-6,-3,0,0,-2,0,0,0,55,-82,-9,None
0,0,16,-1,4,-2,0,0,-1,0,0,0,55,-82,-9,None
0,-1,-1,-2,10,1,-2,0,0,0,0,0,55,-82,-9,None
0,-1,-1,-2,10,1,-2,0,0,0,0,0,55,-82,-9,None
0,-1,-1,-2,10,1,-2,0,0,0,0,0,57,-80,-8,None
0,-2,-6,-3,-4,-1,-1,0,-2,0,0,0,57,-80,-8,None
0,-2,4,0,1,0,-1,0,-2,0,0,0,57,-80,-8,None
0,-1,10,-2,-9,0,-2,-3,-3,0,0,0,57,-80,-8,None
0,-3,-1,-2,2,2,0,-2,-2,0,0,0,57,-80,-8,None
0,-3,-1,-2,2,2,0,-2,-2,0,0,0,57,-80,-8,None
0,-3,-1,-2,2,2,0,-2,-2,0,0,0,57,-79,-8,None
0,1,5,-4,-5,-2,-1,-2,1,0,0,0,57,-79,-8,None
0,5,11,2,-11,-1,0,-1,0,0,0,0,57,-79,-8,None
0,-6,-13,-7,14,10,-2,-4,-5,0,0,0,57,-79,-8,None
0,-1,-1,0,14,3,1,-2,-2,0,0,0,57,-79,-8,None
0,-1,-1,0,14,3,1,-2,-2,0,0,0,57,-79,-8,None
0,-1,-1,0,14,3,1,-2,-2,0,0,0,58,-81,-9,None
0,-3,-1,-2,2,0,-1,-1,-2,0,0,0,58,-81,-9,None
0,-1,-5,-5,-5,2,0,-2,-2,0,0,0,58,-81,-9,None
0,1,11,-1,-11,-5,-1,0,0,0,0,0,58,-81,-9,None
0,-2,4,-1,1,-2,-3,0,0,0,0,0,58,-81,-9,None
0,-2,4,-1,1,-2,-3,0,0,0,0,0,58,-81,-9,None
0,-2,4,-1,1,-2,-3,0,0,0,0,0,58,-82,-10,None
0,-2,-5,-2,2,1,0,-2,-2,0,0,0,58,-82,-10,None
0,-5,-8,-3,2,1,-2,-1,-2,0,0,0,58,-82,-10,None
0,-2,13,-3,-10,-4,0,0,-2,0,0,0,58,-82,-10,None
0,-2,-1,-2,2,2,-1,-2,-2,0,0,0,58,-82,-10,None
0,-2,-1,-2,2,2,-1,-2,-2,0,0,0,58,-82,-10,None
0,-2,-1,-2,2,2,-1,-2,-2,0,0,0,56,-82,-10,None
0,-3,6,-1,-4,0,0,0,-1,0,0,0,56,-82,-10,None
0,-3,-20,-4,-11,-14,-3,0,-1,0,0,0,56,-82,-10,None
0,-2,-17,-2,28,27,-1,-3,-2,0,0,0,56,-82,-10,None
0,-1,1,-4,-44,-11,0,-1,-1,0,0,0,56,-82,-10,None
0,-1,1,-4,-44,-11,0,-1,-1,0,0,0,56,-82,-10,None
0,-1,1,-4,-44,-11,0,-1,-1,0,0,0,55,-80,-10,None
0,-3,-6,0,1,4,0,1,-1,0,0,0,55,-80,-10,None
0,-2,11,-2,3,2,-1,-2,-3,0,0,0,55,-80,-10,None
0,0,8,-2,-9,-12,-1,-1,0,0,0,0,55,-80,-10,None
0,-1,-2,-1,11,0,-3,0,-2,0,0,0,55,-80,-10,None
0,-1,-2,-1,11,0,-3,0,-2,0,0,0,55,-80,-10,None
0,-1,-2,-1,11,0,-3,0,-2,0,0,0,56,-80,-10,None
0,1,2,-3,4,2,-1,-3,-2,0,0,0,56,-80,-10,None
0,-4,-2,-3,-10,-6,-1,-2,-1,0,0,0,56,-80,-10,None
0,1,8,1,-9,-3,0,-1,1,0,0,0,56,-80,-10,None
0,0,-1,-1,1,7,1,-2,-1,0,0,0,56,-80,-10,None
0,0,-1,-1,1,7,1,-2,-1,0,0,0,56,-80,-10,None
0,0,-1,-1,1,7,1,-2,-1,0,0,0,57,-82,-9,None
0,3,2,-1,-8,-4,0,0,1,0,0,0,57,-82,-9,None
0,-3,4,-3,19,6,-1,-2,-3,0,0,0,57,-82,-9,None
0,-3,-25,-4,-22,-7,-3,-2,0,0,0,0,57,-82,-9,None
0,-4,6,-2,5,-2,-1,-2,-1,0,0,0,57,-82,-9,None
0,-4,6,-2,5,-2,-1,-2,-1,0,0,0,57,-82,-9,None
0,-4,6,-2,5,-2,-1,-2,-1,0,0,0,57,-81,-9,None
0,1,10,-1,3,4,-1,-1,-1,0,0,0,57,-81,-9,None
0,-7,-44,-4,-1,2,-1,-1,-2,0,0,0,57,-81,-9,None
0,-3,15,-1,-1,-2,1,1,0,0,0,0,57,-81,-9,None
0,4,5,-1,0,1,-1,0,0,0,0,0,57,-81,-9,None
0,4,5,-1,0,1,-1,0,0,0,0,0,57,-81,-9,None
0,4,5,-1,0,1,-1,0,0,0,0,0,56,-80,-8,None
0,-5,-15,-3,-5,-14,-2,-1,-2,0,0,0,56,-80,-8,None
0,0,14,0,2,34,0,-2,-2,0,0,0,56,-80,-8,None
0,0,12,0,-14,-18,-3,-3,-1,0,0,0,56,-80,-8,None
0,-4,-8,-3,6,3,0,-2,-1,0,0,0,56,-80,-8,None
0,-4,-8,-3,6,3,0,-2,-1,0,0,0,56,-80,-8,None
0,-4,-8,-3,6,3,0,-2,-1,0,0,0,56,-79,-8,None
0,0,6,0,5,6,1,-1,-2,0,0,0,56,-79,-8,None
0,2,8,-2,-2,-3,-1,-1,-1,0,0,0,56,-79,-8,None
0,0,2,-1,1,2,-2,0,-1,0,0,0,56,-79,-8,None
0,-2,3,-3,-1,-5,-2,0,-1,0,0,0,56,-79,-8,None
0,-2,3,-3,-1,-5,-2,0,-1,0,0,0,56,-79,-8,None
0,-2,3,-3,-1,-5,-2,0,-1,0,0,0,57,-81,-8,None
0,-2,-3,-5,-4,-12,-2,-2,-1,0,0,0,57,-81,-8,None
0,-1,8,2,-9,33,2,-1,0,0,0,0,57,-81,-8,None
0,2,30,2,31,-8,-2,0,-1,0,0,0,57,-81,-8,None
0,-4,-26,-4,13,3,-2,-3,-2,0,0,0,57,-81,-8,None
0,-4,-26,-4,13,3,-2,-3,-2,0,0,0,57,-81,-8,None
0,-4,-26,-4,13,3,-2,-3,-2,0,0,0,56,-84,-9,None
0,-1,1,-3,-18,5,0,-1,0,0,0,0,56,-84,-9,None
0,0,-1,-3,-3,-27,-3,-1,-1,0,0,0,56,-84,-9,None
0,-1,5,-2,-10,0,1,0,-2,0,0,0,56,-84,-9,None
0,2,6,0,3,1,-1,-3,-1,0,0,0,56,-84,-9,None
0,2,6,0,3,1,-1,-3,-1,0,0,0,56,-84,-9,None
0,2,6,0,3,1,-1,-3,-1,0,0,0,56,-84,-9,None
0,-2,0,-1,6,-7,-1,-1,-1,0,0,0,56,-84,-9,None
0,1,5,-1,10,2,0,-1,-3,0,0,0,56,-84,-9,None
0,0,0,-4,-19,0,-2,-3,-1,0,0,0,56,-84,-9,None
0,-1,5,-1,-2,-2,-1,-2,-2,0,0,0,56,-84,-9,None
0,-1,5,-1,-2,-2,-1,-2,-2,0,0,0,56,-84,-9,None
0,-1,5,-1,-2,-2,-1,-2,-2,0,0,0,56,-84,-9,None
0,-1,-4,-2,-2,9,-3,-3,-3,0,0,0,56,-84,-9,None
