0,-2,0,-5,-8,-4,15,-1,-3,0,0,0,29,-110,1,None
0,0,0,3,6,8,3,3,-1,0,0,0,29,-110,1,None
0,0,1,-3,3,14,0,-2,-2,0,0,0,29,-110,1,None
0,0,1,-3,3,14,0,-2,-2,0,0,0,29,-110,1,None
0,0,1,-3,3,14,0,-2,-2,0,0,0,18,-112,1,None
0,1,-1,-7,-3,-4,-5,6,3,0,0,0,18,-112,1,None
0,-1,-1,-1,9,-14,-18,-9,-3,0,0,0,18,-112,1,None
0,0,2,-5,-4,10,11,1,1,0,0,0,18,-112,1,None
0,-3,1,6,7,1,-13,0,-2,0,0,0,18,-112,1,None
0,-3,1,6,7,1,-13,0,-2,0,0,0,18,-112,1,None
0,-3,1,6,7,1,-13,0,-2,0,0,0,9,-117,4,None
0,-4,-2,-7,-21,-8,-2,-11,-6,0,0,0,9,-117,4,None
0,-3,1,-3,5,-17,9,8,1,0,0,0,9,-117,4,None
0,0,-1,-3,11,15,-1,-3,-1,0,0,0,9,-117,4,None
0,-2,0,0,-7,-8,-40,-19,-5,0,0,0,9,-117,4,None
0,-2,0,0,-7,-8,-40,-19,-5,0,0,0,9,-117,4,None
0,-2,0,0,-7,-8,-40,-19,-5,0,0,0,1,-124,5,None
0,2,3,5,17,5,58,16,4,0,0,0,1,-124,5,None
0,1,1,0,-18,-5,12,0,1,0,0,0,1,-124,5,None
0,-6,-5,-6,-13,8,-13,-9,-6,0,0,0,1,-124,5,None
0,0,1,-2,-25,-20,-8,-2,-1,0,0,0,1,-124,5,None
0,0,1,-2,-25,-20,-8,-2,-1,0,0,0,1,-124,5,None
0,0,1,-2,-25,-20,-8,-2,-1,0,0,0,-2,-112,6,None
0,0,-1,0,54,2,7,1,-1,0,0,0,-2,-112,6,None
0,-1,-1,-6,-6,27,-13,-5,-2,0,0,0,-2,-112,6,None
0,0,2,-1,-16,-65,6,3,0,0,0,0,-2,-112,6,None
0,1,1,-3,-4,15,-1,0,-1,0,0,0,-2,-112,6,None
0,1,1,-3,-4,15,-1,0,-1,0,0,0,-2,-112,6,None
0,1,1,-3,-4,15,-1,0,-1,0,0,0,-14,-107,7,None
0,-1,0,2,41,-23,-13,-4,-2,0,0,0,-14,-107,7,None
0,-1,-1,-2,-56,13,8,-5,0,0,0,0,-14,-107,7,None
0,-1,2,3,14,34,3,0,-3,0,0,0,-14,-107,7,None
0,1,0,1,37,-15,26,10,5,0,0,0,-14,-107,7,None
0,1,0,1,37,-15,26,10,5,0,0,0,-14,-107,7,None
0,1,0,1,37,-15,26,10,5,0,0,0,-21,-103,12,None
0,-4,1,-8,-68,-1,-17,-3,-5,0,0,0,-21,-103,12,None
0,-1,-1,0,10,-22,0,2,-1,0,0,0,-21,-103,12,None
0,-1,2,2,23,43,0,0,-1,0,0,0,-21,-103,12,None
0,-1,1,0,-27,-22,-7,-4,-4,0,0,0,-21,-103,12,None
0,-1,1,0,-27,-22,-7,-4,-4,0,0,0,-21,-103,12,None
0,-1,1,0,-27,-22,-7,-4,-4,0,0,0,-24,-102,15,None
0,-1,1,1,17,44,20,10,5,0,0,0,-24,-102,15,None
0,-4,-1,-2,-30,-20,-4,-5,-4,0,0,0,-24,-102,15,None
0,-2,-1,-2,-9,16,0,-2,-1,0,0,0,-24,-102,15,None
0,0,2,6,54,3,-3,-1,0,0,0,0,-24,-102,15,None
0,0,2,6,54,3,-3,-1,0,0,0,0,-24,-102,15,None
0,0,2,6,54,3,-3,-1,0,0,0,0,-29,-99,16,None
0,-2,-1,-2,-6,-17,-5,-4,-2,0,0,0,-29,-99,16,None
0,-1,2,-4,4,12,-3,-6,-4,0,0,0,-29,-99,16,None
0,1,1,-5,-16,-28,7,4,3,0,0,0,-29,-99,16,None
0,0,0,-7,-13,-10,2,-1,-1,0,0,0,-29,-99,16,None
0,0,0,-7,-13,-10,2,-1,-1,0,0,0,-29,-99,16,None
0,0,0,-7,-13,-10,2,-1,-1,0,0,0,-35,-92,14,None
0,-2,0,4,2,14,-6,-7,-3,0,0,0,-35,-92,14,None
0,-3,0,-5,15,17,-1,2,-1,0,0,0,-35,-92,14,None
0,-2,0,-8,18,4,-2,-5,-5,0,0,0,-35,-92,14,None
0,-3,-1,-5,15,-13,-1,-6,-2,0,0,0,-35,-92,14,None
0,-3,-1,-5,15,-13,-1,-6,-2,0,0,0,-35,-92,14,None
0,-3,-1,-5,15,-13,-1,-6,-2,0,0,0,-39,-88,13,None
0,0,-3,-4,-23,18,-3,-1,0,0,0,0,-39,-88,13,None
0,0,2,4,18,-2,3,1,2,0,0,0,-39,-88,13,None
0,-1,1,-7,-52,-17,-3,-2,-3,0,0,0,-39,-88,13,None
0,-3,-2,-6,-22,-83,-5,-1,-4,0,0,0,-39,-88,13,None
0,-3,-2,-6,-22,-83,-5,-1,-4,0,0,0,-39,-88,13,None
0,-3,-2,-6,-22,-83,-5,-1,-4,0,0,0,-43,-85,14,None
0,-2,-2,0,20,49,-3,-4,-1,0,0,0,-43,-85,14,None
0,-2,1,3,76,63,-1,-4,-4,0,0,0,-43,-85,14,None
0,-1,-2,-9,-76,-73,-1,2,0,0,0,0,-43,-85,14,None
0,-4,-2,2,29,45,-7,-4,-4,0,0,0,-43,-85,14,None
0,-4,-2,2,29,45,-7,-4,-4,0,0,0,-43,-85,14,None
0,-4,-2,2,29,45,-7,-4,-4,0,0,0,-49,-81,16,None
0,-2,-3,-13,-35,-64,-4,-4,-2,0,0,0,-49,-81,16,None
0,-1,-3,-6,-58,-50,0,0,-1,0,0,0,-49,-81,16,None
0,1,3,4,2,46,1,-2,0,0,0,0,-49,-81,16,None
0,1,1,-1,40,-5,4,2,1,0,0,0,-49,-81,16,None
0,1,1,-1,40,-5,4,2,1,0,0,0,-49,-81,16,None
0,1,1,-1,40,-5,4,2,1,0,0,0,-54,-76,17,None
0,-1,1,2,24,55,1,0,0,0,0,0,-54,-76,17,None
0,-2,0,-1,-6,-50,-7,-4,-1,0,0,0,-54,-76,17,None
0,-2,-2,-6,41,-34,-1,-2,-2,0,0,0,-54,-76,17,None
0,-2,2,-2,-6,88,4,-1,-1,0,0,0,-54,-76,17,None
0,-2,2,-2,-6,88,4,-1,-1,0,0,0,-54,-76,17,None
0,-2,2,-2,-6,88,4,-1,-1,0,0,0,-58,-70,13,None
0,-1,3,1,-1,-2,-5,-1,-1,0,0,0,-58,-70,13,None
0,0,2,3,13,-15,0,1,1,0,0,0,-58,-70,13,None
0,-1,-1,-3,18,31,4,0,-1,0,0,0,-58,-70,13,None
0,1,1,-4,-1,-49,-3,1,1,0,0,0,-58,-70,13,None
0,1,1,-4,-1,-49,-3,1,1,0,0,0,-58,-70,13,None
0,1,1,-4,-1,-49,-3,1,1,0,0,0,-61,-70,15,None
0,-3,-3,-4,-34,-5,1,-5,-5,0,0,0,-61,-70,15,None
0,-2,-2,-7,2,-15,-4,-2,-3,0,0,0,-61,-70,15,None
0,0,1,3,71,67,3,-3,-1,0,0,0,-61,-70,15,None
0,-1,0,0,13,55,8,2,1,0,0,0,-61,-70,15,None
0,-1,0,0,13,55,8,2,1,0,0,0,-61,-70,15,None
0,-1,0,0,13,55,8,2,1,0,0,0,-63,-71,14,None
0,0,3,5,18,-77,-2,1,0,0,0,0,-63,-71,14,None
0,-2,-1,-7,-36,-7,-3,-3,-1,0,0,0,-63,-71,14,None
0,-2,1,3,15,55,0,-1,0,0,0,0,-63,-71,14,None
0,-5,-4,-8,-36,11,-5,-6,-4,0,0,0,-63,-71,14,None
0,-5,-4,-8,-36,11,-5,-6,-4,0,0,0,-63,-71,14,None
0,-5,-4,-8,-36,11,-5,-6,-4,0,0,0,-66,-65,13,None
0,2,3,5,26,8,2,-1,-2,0,0,0,-66,-65,13,None
0,0,2,4,12,10,2,0,0,0,0,0,-66,-65,13,None
0,0,0,-2,-28,-34,-1,-1,-2,0,0,0,-66,-65,13,None
0,0,2,-1,1,-7,-3,-3,-2,0,0,0,-66,-65,13,None
0,0,2,-1,1,-7,-3,-3,-2,0,0,0,-66,-65,13,None
0,0,2,-1,1,-7,-3,-3,-2,0,0,0,-67,-57,12,None
0,-2,-3,-5,-4,-12,-4,0,-2,0,0,0,-67,-57,12,None
0,-3,-2,-4,-19,8,-3,-5,-3,0,0,0,-67,-57,12,None
0,-2,-1,-4,-51,-3,-1,0,-1,0,0,0,-67,-57,12,None
0,2,2,2,-20,-23,7,1,-1,0,0,0,-67,-57,12,None
0,2,2,2,-20,-23,7,1,-1,0,0,0,-67,-57,12,None
0,2,2,2,-20,-23,7,1,-1,0,0,0,-69,-53,15,None
0,-2,-2,-11,-48,-4,-11,-5,-3,0,0,0,-69,-53,15,None
0,-2,-2,-2,0,17,-27,-11,-4,0,0,0,-69,-53,15,None
0,35,4,3,22,8,19,6,17,0,0,0,-69,-53,15,None
0,-26,5,2,3,-30,14,16,19,0,0,0,-69,-53,15,None
0,-26,5,2,3,-30,14,16,19,0,0,0,-69,-53,15,None
0,-26,5,2,3,-30,14,16,19,0,0,0,-72,-55,13,None
0,27,-3,-17,-35,6,2,-3,-16,0,0,0,-72,-55,13,None
0,105,21,31,59,66,-22,11,109,0,0,0,-72,-55,13,None
0,-113,-13,3,-24,-109,2,16,-21,0,0,0,-72,-55,13,None
0,107,-10,3,33,93,-76,-34,-16,0,0,0,-72,-55,13,None
0,107,-10,3,33,93,-76,-34,-16,0,0,0,-72,-55,13,None
0,107,-10,3,33,93,-76,-34,-16,0,0,0,-73,-51,19,None
0,31,47,24,16,-80,-40,10,109,0,0,0,-73,-51,19,None
0,-107,-39,-29,10,79,-80,-27,-128,0,0,0,-73,-51,19,None
0,101,30,13,42,36,-34,-30,-66,0,0,0,-73,-51,19,None
0,50,-54,-15,23,57,-6,8,55,0,0,0,-73,-51,19,None
0,50,-54,-15,23,57,-6,8,55,0,0,0,-73,-51,19,None
0,50,-54,-15,23,57,-6,8,55,0,0,0,-88,-39,0,None
0,-53,4,-31,-1,-78,35,0,-94,0,0,0,-88,-39,0,None
0,97,73,-55,-25,-68,101,44,124,0,0,0,-88,-39,0,None
0,67,-22,37,-68,6,59,51,103,0,0,0,-88,-39,0,None
0,-17,5,-8,-3,-52,-69,-26,-94,0,0,0,-88,-39,0,None
0,-17,5,-8,-3,-52,-69,-26,-94,0,0,0,-88,-39,0,None
0,-17,5,-8,-3,-52,-69,-26,-94,0,0,0,-89,-35,14,None
0,-5,-14,-17,-1,68,-55,-15,-49,0,0,0,-89,-35,14,None
0,-64,-16,3,-16,-83,29,3,-13,0,0,0,-89,-35,14,None
0,-47,13,-8,23,-5,22,2,14,0,0,0,-89,-35,14,None
0,-14,15,-5,-34,-15,23,6,33,0,0,0,-89,-35,14,None
0,-14,15,-5,-34,-15,23,6,33,0,0,0,-89,-35,14,None
0,-14,15,-5,-34,-15,23,6,33,0,0,0,-72,-47,-10,None
0,-16,-16,21,-8,7,11,16,39,0,0,0,-72,-47,-10,None
0,-39,-3,7,-7,0,5,-13,-53,0,0,0,-72,-47,-10,None
0,-4,-8,-10,20,6,-56,-29,-15,0,0,0,-72,-47,-10,None
0,-17,6,12,-25,-1,19,7,17,0,0,0,-72,-47,-10,None
0,-17,6,12,-25,-1,19,7,17,0,0,0,-72,-47,-10,None
0,-17,6,12,-25,-1,19,7,17,0,0,0,-40,-57,13,None
0,-28,-5,-2,30,26,-4,-9,-30,0,0,0,-40,-57,13,None
0,47,35,25,83,58,3,3,-4,0,0,0,-40,-57,13,None
0,-42,-45,-54,-80,-73,-31,-26,-10,0,0,0,-40,-57,13,None
0,1,12,10,9,26,21,7,-25,0,0,0,-40,-57,13,None
0,1,12,10,9,26,21,7,-25,0,0,0,-40,-57,13,None
0,1,12,10,9,26,21,7,-25,0,0,0,-23,-55,-1,None
0,-27,-16,-4,72,-24,25,19,19,0,0,0,-23,-55,-1,None
0,4,10,1,15,-1,-9,-1,5,0,0,0,-23,-55,-1,None
0,42,79,17,37,33,4,-11,34,0,0,0,-23,-55,-1,None
0,-84,-59,-19,-106,-41,-9,-9,-43,0,0,0,-23,-55,-1,None
0,-84,-59,-19,-106,-41,-9,-9,-43,0,0,0,-23,-55,-1,None
0,-84,-59,-19,-106,-41,-9,-9,-43,0,0,0,-75,-38,-1,None
0,-9,-5,-6,21,32,-13,9,6,0,0,0,-75,-38,-1,None
0,-12,-13,-6,-61,51,-23,-15,-28,0,0,0,-75,-38,-1,None
0,-6,-29,16,55,-65,-3,29,9,0,0,0,-75,-38,-1,None
0,4,-13,-21,-74,-91,-10,-18,16,0,0,0,-75,-38,-1,None
0,4,-13,-21,-74,-91,-10,-18,16,0,0,0,-75,-38,-1,None
0,4,-13,-21,-74,-91,-10,-18,16,0,0,0,-84,-59,20,None
0,57,28,5,16,79,9,-3,16,0,0,0,-84,-59,20,None
0,-42,-37,-1,-60,60,14,-4,-10,0,0,0,-84,-59,20,None
0,-48,-53,-21,20,48,-17,-29,12,0,0,0,-84,-59,20,None
0,0,67,8,-33,-102,8,14,-39,0,0,0,-84,-59,20,None
0,0,67,8,-33,-102,8,14,-39,0,0,0,-84,-59,20,None
0,0,67,8,-33,-102,8,14,-39,0,0,0,-65,-41,15,None
0,32,-30,0,-31,76,-9,-3,8,0,0,0,-65,-41,15,None
0,13,21,8,61,-29,-15,-5,1,0,0,0,-65,-41,15,None
0,19,-9,15,8,105,5,-11,-27,0,0,0,-65,-41,15,None
0,-67,35,-2,118,10,1,-15,29,0,0,0,-65,-41,15,None
0,-67,35,-2,118,10,1,-15,29,0,0,0,-65,-41,15,None
0,-67,35,-2,118,10,1,-15,29,0,0,0,-72,-12,15,None
0,-4,-26,-9,19,-43,-4,4,-8,0,0,0,-72,-12,15,None
0,-11,-22,-4,-62,-77,-6,15,1,0,0,0,-72,-12,15,None
0,19,38,-3,36,31,8,7,-7,0,0,0,-72,-12,15,None
0,0,4,5,39,11,4,4,9,0,0,0,-72,-12,15,None
0,0,4,5,39,11,4,4,9,0,0,0,-72,-12,15,None
0,0,4,5,39,11,4,4,9,0,0,0,-84,-25,13,None
0,0,10,3,-47,-1,8,-17,-6,0,0,0,-84,-25,13,None
0,0,-13,-1,24,-33,-8,-9,2,0,0,0,-84,-25,13,None
0,-9,-2,0,10,-7,-9,6,-6,0,0,0,-84,-25,13,None
0,17,3,-2,-19,46,12,3,5,0,0,0,-84,-25,13,None
0,17,3,-2,-19,46,12,3,5,0,0,0,-84,-25,13,None
0,17,3,-2,-19,46,12,3,5,0,0,0,-77,-37,13,None
0,2,5,8,7,-13,-17,-15,2,0,0,0,-77,-37,13,None
0,-11,7,0,-34,0,-15,0,0,0,0,0,-77,-37,13,None
0,27,17,-1,-31,-32,30,3,-7,0,0,0,-77,-37,13,None
0,-16,-7,5,35,16,11,9,25,0,0,0,-77,-37,13,None
0,-16,-7,5,35,16,11,9,25,0,0,0,-77,-37,13,None
0,-16,-7,5,35,16,11,9,25,0,0,0,-93,-35,19,None
0,81,24,17,-23,-7,27,22,61,0,0,0,-93,-35,19,None
0,111,31,80,60,-14,50,44,121,0,0,0,-93,-35,19,None
0,-107,-51,-36,6,76,-55,-21,-49,0,0,0,-93,-35,19,None
0,-37,-9,-10,23,-32,-82,-74,-93,0,0,0,-93,-35,19,None
0,-37,-9,-10,23,-32,-82,-74,-93,0,0,0,-93,-35,19,None
0,-37,-9,-10,23,-32,-82,-74,-93,0,0,0,-104,-35,16,None
0,43,12,78,77,11,-21,15,36,0,0,0,-104,-35,16,None
0,-110,-21,-50,-27,-107,85,-2,-128,0,0,0,-104,-35,16,None
0,127,55,40,63,27,-7,-37,-26,0,0,0,-104,-35,16,None
0,75,10,-8,-10,59,8,64,108,0,0,0,-104,-35,16,None
0,75,10,-8,-10,59,8,64,108,0,0,0,-104,-35,16,None
0,75,10,-8,-10,59,8,64,108,0,0,0,-129,-6,-1,None
0,-95,-97,-31,-4,75,-99,-74,-128,0,0,0,-129,-6,-1,None
0,31,17,54,14,102,-97,2,127,0,0,0,-129,-6,-1,None
0,-11,23,23,0,-50,77,24,-14,0,0,0,-129,-6,-1,None
0,113,42,5,-25,64,-44,22,105,0,0,0,-129,-6,-1,None
0,113,42,5,-25,64,-44,22,105,0,0,0,-129,-6,-1,None
0,113,42,5,-25,64,-44,22,105,0,0,0,-103,-40,-11,None
0,-104,61,9,-44,73,9,16,5,0,0,0,-103,-40,-11,None
0,100,-59,15,13,23,-124,-27,-40,0,0,0,-103,-40,-11,None
0,-9,-18,-26,-71,-26,23,11,66,0,0,0,-103,-40,-11,None
0,-25,-3,37,28,31,2,23,58,0,0,0,-103,-40,-11,None
0,-25,-3,37,28,31,2,23,58,0,0,0,-103,-40,-11,None
0,-25,-3,37,28,31,2,23,58,0,0,0,-63,-36,4,None
0,114,5,-45,5,-54,-67,-61,-33,0,0,0,-63,-36,4,None
0,-128,-4,-32,-16,-38,64,2,20,0,0,0,-63,-36,4,None
0,73,24,-10,38,-24,-32,-3,26,0,0,0,-63,-36,4,None
0,7,0,2,-5,-24,6,-1,12,0,0,0,-63,-36,4,None
0,7,0,2,-5,-24,6,-1,12,0,0,0,-63,-36,4,None
0,7,0,2,-5,-24,6,-1,12,0,0,0,-22,-42,-22,None
0,-37,-5,6,19,21,22,14,13,0,0,0,-22,-42,-22,None
0,-65,10,-20,17,-35,0,-15,-60,0,0,0,-22,-42,-22,None
0,3,-7,4,-2,1,-23,2,-1,0,0,0,-22,-42,-22,None
0,-53,-13,-8,-2,-23,30,-7,-55,0,0,0,-22,-42,-22,None
0,-53,-13,-8,-2,-23,30,-7,-55,0,0,0,-22,-42,-22,None
0,-53,-13,-8,-2,-23,30,-7,-55,0,0,0,-67,-18,14,None
0,-16,13,-10,-24,-32,8,15,27,0,0,0,-67,-18,14,None
0,28,13,3,23,0,3,-10,-49,0,0,0,-67,-18,14,None
0,-41,-6,-7,-27,-14,-8,8,14,0,0,0,-67,-18,14,None
0,9,-8,2,-9,-8,2,-13,-63,0,0,0,-67,-18,14,None
0,9,-8,2,-9,-8,2,-13,-63,0,0,0,-67,-18,14,None
0,9,-8,2,-9,-8,2,-13,-63,0,0,0,-117,-47,10,None
0,-26,7,-6,6,-39,0,7,11,0,0,0,-117,-47,10,None
0,33,2,-12,-14,24,-2,0,29,0,0,0,-117,-47,10,None
0,-26,-1,2,20,-16,-27,-5,-26,0,0,0,-117,-47,10,None
0,-23,-1,-3,1,-12,4,-7,-19,0,0,0,-117,-47,10,None
0,-23,-1,-3,1,-12,4,-7,-19,0,0,0,-117,-47,10,None
0,-23,-1,-3,1,-12,4,-7,-19,0,0,0,-81,-48,7,None
0,33,3,1,15,-43,25,8,16,0,0,0,-81,-48,7,None
0,1,1,-12,-46,-1,7,-2,-1,0,0,0,-81,-48,7,None
0,-12,-3,-5,37,16,-6,-6,-16,0,0,0,-81,-48,7,None
0,0,-8,9,10,13,7,-1,-7,0,0,0,-81,-48,7,None
0,0,-8,9,10,13,7,-1,-7,0,0,0,-81,-48,7,None
0,0,-8,9,10,13,7,-1,-7,0,0,0,-85,-31,8,None
0,-2,1,-13,-42,21,24,4,14,0,0,0,-85,-31,8,None
0,18,0,-7,-11,2,-7,-6,-16,0,0,0,-85,-31,8,None
0,-26,8,1,-45,-40,-23,-1,1,0,0,0,-85,-31,8,None
0,5,-10,-14,17,4,8,1,2,0,0,0,-85,-31,8,None
0,5,-10,-14,17,4,8,1,2,0,0,0,-85,-31,8,None
0,5,-10,-14,17,4,8,1,2,0,0,0,-91,-26,12,None
0,30,43,4,26,-11,1,-5,-16,0,0,0,-91,-26,12,None
0,-29,-29,-9,-18,-23,-5,-17,-14,0,0,0,-91,-26,12,None
0,6,2,9,34,33,-4,19,23,0,0,0,-91,-26,12,None
0,-25,-13,-6,-32,-1,23,31,13,0,0,0,-91,-26,12,None
0,-25,-13,-6,-32,-1,23,31,13,0,0,0,-91,-26,12,None
0,-25,-13,-6,-32,-1,23,31,13,0,0,0,-89,-30,16,None
0,28,19,3,-30,-42,10,-5,1,0,0,0,-89,-30,16,None
0,12,10,-1,45,28,2,4,-3,0,0,0,-89,-30,16,None
0,-3,14,-5,-19,-48,-10,-17,13,0,0,0,-89,-30,16,None
0,-3,-6,4,85,45,5,-13,-26,0,0,0,-89,-30,16,None
0,-3,-6,4,85,45,5,-13,-26,0,0,0,-89,-30,16,None
0,-3,-6,4,85,45,5,-13,-26,0,0,0,-81,-40,19,None
0,1,-18,-16,-121,83,0,2,2,0,0,0,-81,-40,19,None
0,-23,31,-1,53,-92,-18,0,11,0,0,0,-81,-40,19,None
0,-22,-59,2,26,118,15,-1,-8,0,0,0,-81,-40,19,None
0,22,25,-5,-51,-59,-15,-12,-9,0,0,0,-81,-40,19,None
0,22,25,-5,-51,-59,-15,-12,-9,0,0,0,-81,-40,19,None
0,22,25,-5,-51,-59,-15,-12,-9,0,0,0,-80,-47,21,None
0,-31,-15,1,0,-32,-3,10,31,0,0,0,-80,-47,21,None
0,13,8,1,-1,64,10,-4,-30,0,0,0,-80,-47,21,None
0,1,17,-4,-30,64,5,16,9,0,0,0,-80,-47,21,None
0,11,10,7,-52,-99,-9,-14,44,0,0,0,-80,-47,21,None
0,11,10,7,-52,-99,-9,-14,44,0,0,0,-80,-47,21,None
0,11,10,7,-52,-99,-9,-14,44,0,0,0,-80,-41,20,None
0,-30,-25,-11,95,37,4,-26,-108,0,0,0,-80,-41,20,None
0,66,20,-8,0,86,2,34,71,0,0,0,-80,-41,20,None
0,-19,-21,1,-25,-128,-10,-11,-2,0,0,0,-80,-41,20,None
0,21,-17,-7,50,75,0,9,0,0,0,0,-80,-41,20,None
0,21,-17,-7,50,75,0,9,0,0,0,0,-80,-41,20,None
0,21,-17,-7,50,75,0,9,0,0,0,0,-81,-35,17,None
0,21,-28,1,50,-4,3,-1,27,0,0,0,-81,-35,17,None
0,-26,10,-4,-64,81,-7,-13,-9,0,0,0,-81,-35,17,None
0,8,22,-4,67,-19,-4,-5,-12,0,0,0,-81,-35,17,None
0,1,-14,-1,57,4,2,-6,-18,0,0,0,-81,-35,17,None
0,1,-14,-1,57,4,2,-6,-18,0,0,0,-81,-35,17,None
0,1,-14,-1,57,4,2,-6,-18,0,0,0,-77,-43,15,None
0,14,15,-4,-22,-47,-3,4,13,0,0,0,-77,-43,15,None
0,-38,-11,1,26,-40,-1,-4,-22,0,0,0,-77,-43,15,None
0,11,-6,-5,-37,57,-5,-1,6,0,0,0,-77,-43,15,None
0,-22,8,-7,-54,1,-4,-9,-15,0,0,0,-77,-43,15,None
0,-22,8,-7,-54,1,-4,-9,-15,0,0,0,-77,-43,15,None
0,-22,8,-7,-54,1,-4,-9,-15,0,0,0,-73,-47,14,None
0,-16,4,-1,11,98,1,6,10,0,0,0,-73,-47,14,None
0,2,-2,-1,-36,-37,-3,1,6,0,0,0,-73,-47,14,None
0,-14,0,-7,-6,-73,-9,-9,-12,0,0,0,-73,-47,14,None
0,-6,22,0,-3,103,12,-2,18,0,0,0,-73,-47,14,None
0,-6,22,0,-3,103,12,-2,18,0,0,0,-73,-47,14,None
0,-6,22,0,-3,103,12,-2,18,0,0,0,-78,-43,11,None
0,-7,-17,-5,-16,-27,-3,6,-18,0,0,0,-78,-43,11,None
0,0,-10,2,19,-9,1,-8,3,0,0,0,-78,-43,11,None
0,5,8,-3,32,-18,-7,-4,-12,0,0,0,-78,-43,11,None
0,-5,8,-8,-50,27,0,8,-9,0,0,0,-78,-43,11,None
0,-5,8,-8,-50,27,0,8,-9,0,0,0,-78,-43,11,None
0,-5,8,-8,-50,27,0,8,-9,0,0,0,-81,-42,8,None
0,-9,2,-5,-51,-50,-1,0,21,0,0,0,-81,-42,8,None
0,6,3,-2,30,-4,-1,-13,-19,0,0,0,-81,-42,8,None
0,-2,-2,1,-8,-14,1,9,3,0,0,0,-81,-42,8,None
0,-1,9,0,9,-36,0,-3,-9,0,0,0,-81,-42,8,None
0,-1,9,0,9,-36,0,-3,-9,0,0,0,-81,-42,8,None
0,-1,9,0,9,-36,0,-3,-9,0,0,0,-75,-46,12,None
0,-6,8,0,11,-22,-3,-2,4,0,0,0,-75,-46,12,None
0,3,-10,-4,-2,-39,-5,-4,-5,0,0,0,-75,-46,12,None
0,4,17,-2,-22,41,2,-2,-6,0,0,0,-75,-46,12,None
0,-3,-5,-2,17,0,2,-3,-10,0,0,0,-75,-46,12,None
0,-3,-5,-2,17,0,2,-3,-10,0,0,0,-75,-46,12,None
0,-3,-5,-2,17,0,2,-3,-10,0,0,0,-74,-49,15,None
0,0,1,2,-4,-12,3,-3,5,0,0,0,-74,-49,15,None
0,9,-6,0,6,21,-3,-1,3,0,0,0,-74,-49,15,None
0,-1,0,-2,-11,-10,0,0,1,0,0,0,-74,-49,15,None
0,-6,-11,-3,13,-11,-4,-1,-6,0,0,0,-74,-49,15,None
0,-6,-11,-3,13,-11,-4,-1,-6,0,0,0,-74,-49,15,None
0,-6,-11,-3,13,-11,-4,-1,-6,0,0,0,-76,-51,15,None
0,-4,0,-1,0,-27,1,2,2,0,0,0,-76,-51,15,None
0,4,3,-1,9,21,-2,-2,1,0,0,0,-76,-51,15,None
0,0,0,-2,-16,-7,0,-5,-6,0,0,0,-76,-51,15,None
0,-4,-8,-4,15,2,-2,-3,-7,0,0,0,-76,-51,15,None
0,-4,-8,-4,15,2,-2,-3,-7,0,0,0,-76,-51,15,None
0,-4,-8,-4,15,2,-2,-3,-7,0,0,0,-75,-50,12,None
0,0,13,1,-13,8,-2,-3,1,0,0,0,-75,-50,12,None
0,2,-3,-2,-7,-3,1,0,1,0,0,0,-75,-50,12,None
0,-3,-3,-5,-8,17,-3,-1,-1,0,0,0,-75,-50,12,None
0,-1,-3,-2,14,-2,-3,-4,-6,0,0,0,-75,-50,12,None
0,-1,-3,-2,14,-2,-3,-4,-6,0,0,0,-75,-50,12,None
0,-1,-3,-2,14,-2,-3,-4,-6,0,0,0,-69,-49,10,None
0,-1,2,-2,15,-4,8,7,7,0,0,0,-69,-49,10,None
0,-1,-1,-2,1,-2,-4,-2,-1,0,0,0,-69,-49,10,None
0,-2,0,-2,1,7,-2,-1,-4,0,0,0,-69,-49,10,None
0,-1,1,-1,-15,-14,-3,-2,-3,0,0,0,-69,-49,10,None
0,-1,1,-1,-15,-14,-3,-2,-3,0,0,0,-69,-49,10,None
0,-1,1,-1,-15,-14,-3,-2,-3,0,0,0,-68,-52,16,None
0,0,4,1,4,0,-3,-2,0,0,0,0,-68,-52,16,None
0,0,-2,-5,-14,-6,2,0,-1,0,0,0,-68,-52,16,None
0,-2,4,-1,-3,-10,-3,-1,-4,0,0,0,-68,-52,16,None
0,-1,-1,0,3,51,-2,-3,-3,0,0,0,-68,-52,16,None
0,-1,-1,0,3,51,-2,-3,-3,0,0,0,-68,-52,16,None
0,-1,-1,0,3,51,-2,-3,-3,0,0,0,-67,-55,17,None
0,-3,-1,-1,3,-90,-2,1,1,0,0,0,-67,-55,17,None
0,1,0,-2,5,17,1,-1,-2,0,0,0,-67,-55,17,None
0,1,0,-3,-2,0,0,0,-1,0,0,0,-67,-55,17,None
0,-3,-2,-2,-8,-19,-3,-3,-1,0,0,0,-67,-55,17,None
0,-3,-2,-2,-8,-19,-3,-3,-1,0,0,0,-67,-55,17,None
0,-3,-2,-2,-8,-19,-3,-3,-1,0,0,0,-61,-59,15,None
0,-3,-2,-2,2,26,-1,-5,-2,0,0,0,-61,-59,15,None
0,-2,1,-4,-2,-3,-3,-2,0,0,0,0,-61,-59,15,None
0,-1,0,-5,1,-7,-5,-3,-3,0,0,0,-61,-59,15,None
0,-1,1,-3,6,-7,3,4,1,0,0,0,-61,-59,15,None
0,-1,1,-3,6,-7,3,4,1,0,0,0,-61,-59,15,None
0,-1,1,-3,6,-7,3,4,1,0,0,0,-55,-60,11,None
0,-1,4,-1,-6,25,4,-2,1,0,0,0,-55,-60,11,None
0,-1,-2,0,1,-9,-1,-2,-1,0,0,0,-55,-60,11,None
0,-1,-3,-2,-12,16,-4,-1,-2,0,0,0,-55,-60,11,None
0,-1,-1,-2,8,-4,4,-4,-2,0,0,0,-55,-60,11,None
0,-1,-1,-2,8,-4,4,-4,-2,0,0,0,-55,-60,11,None
0,-1,-1,-2,8,-4,4,-4,-2,0,0,0,-56,-57,20,None
0,0,1,-3,-3,-1,-2,-1,-1,0,0,0,-56,-57,20,None
0,-1,-2,-1,6,8,-1,0,-1,0,0,0,-56,-57,20,None
0,-2,0,-1,-1,4,1,1,-1,0,0,0,-56,-57,20,None
0,0,1,-3,-11,-12,-3,-1,-2,0,0,0,-56,-57,20,None
0,0,1,-3,-11,-12,-3,-1,-2,0,0,0,-56,-57,20,None
0,0,1,-3,-11,-12,-3,-1,-2,0,0,0,-61,-59,24,None
0,-2,0,0,5,11,-1,-3,-2,0,0,0,-61,-59,24,None
0,0,-2,-4,-2,-10,0,0,-1,0,0,0,-61,-59,24,None
0,-1,1,-1,12,9,3,2,-1,0,0,0,-61,-59,24,None
0,0,0,-2,-10,-6,-4,-2,-2,0,0,0,-61,-59,24,None
0,0,0,-2,-10,-6,-4,-2,-2,0,0,0,-61,-59,24,None
0,0,0,-2,-10,-6,-4,-2,-2,0,0,0,-54,-67,20,None
0,-4,0,-1,-1,12,-4,-5,-4,0,0,0,-54,-67,20,None
0,0,2,-3,2,3,-2,0,-1,0,0,0,-54,-67,20,None
0,0,1,0,-1,2,5,3,4,0,0,0,-54,-67,20,None
0,-3,-2,-2,8,-1,1,0,-2,0,0,0,-54,-67,20,None
0,-3,-2,-2,8,-1,1,0,-2,0,0,0,-54,-67,20,None
0,-3,-2,-2,8,-1,1,0,-2,0,0,0,-45,-76,17,None
0,-1,1,-4,-6,1,1,0,-1,0,0,0,-45,-76,17,None
0,0,1,-2,4,3,-2,-3,-3,0,0,0,-45,-76,17,None
0,-2,1,0,4,-2,-3,-2,-2,0,0,0,-45,-76,17,None
0,-2,0,0,-1,4,-2,-3,-2,0,0,0,-45,-76,17,None
0,-2,0,0,-1,4,-2,-3,-2,0,0,0,-45,-76,17,None
0,-2,0,0,-1,4,-2,-3,-2,0,0,0,-41,-81,22,None
0,0,1,0,8,3,-2,-1,-1,0,0,0,-41,-81,22,None
0,-2,-1,-2,-9,1,-1,-2,-2,0,0,0,-41,-81,22,None
0,-2,-2,-4,-10,1,-1,0,0,0,0,0,-41,-81,22,None
0,0,1,-2,6,-6,-1,-2,-2,0,0,0,-41,-81,22,None
0,0,1,-2,6,-6,-1,-2,-2,0,0,0,-41,-81,22,None
0,0,1,-2,6,-6,-1,-2,-2,0,0,0,-38,-89,25,None
0,-2,1,-1,-9,-1,-3,-1,-1,0,0,0,-38,-89,25,None
0,-2,-1,0,4,2,-2,-2,-1,0,0,0,-38,-89,25,None
0,-1,0,0,-3,1,0,-3,-2,0,0,0,-38,-89,25,None
0,-1,1,-3,-1,8,0,-1,-1,0,0,0,-38,-89,25,None
0,-1,1,-3,-1,8,0,-1,-1,0,0,0,-38,-89,25,None
0,-1,1,-3,-1,8,0,-1,-1,0,0,0,-35,-97,19,None
0,-1,-1,-1,25,-4,-1,0,-2,0,0,0,-35,-97,19,None
0,0,-1,-3,-17,2,2,2,0,0,0,0,-35,-97,19,None
0,-1,1,-2,-13,-1,0,-1,-3,0,0,0,-35,-97,19,None
0,-2,-2,-6,0,-7,-5,-3,-2,0,0,0,-35,-97,19,None
0,-2,-2,-6,0,-7,-5,-3,-2,0,0,0,-35,-97,19,None
0,-2,-2,-6,0,-7,-5,-3,-2,0,0,0,-33,-99,13,None
0,0,2,-3,-6,-5,-3,-1,-1,0,0,0,-33,-99,13,None
0,-1,1,1,27,16,2,-4,-3,0,0,0,-33,-99,13,None
0,0,1,0,26,5,5,4,1,0,0,0,-33,-99,13,None
0,-2,-3,-5,-10,-22,-3,-2,-3,0,0,0,-33,-99,13,None
0,-2,-3,-5,-10,-22,-3,-2,-3,0,0,0,-33,-99,13,None
0,-2,-3,-5,-10,-22,-3,-2,-3,0,0,0,-28,-100,26,None
0,-1,-1,-6,-21,19,-3,-2,-1,0,0,0,-28,-100,26,None
0,-2,0,-6,-24,-2,-9,-2,0,0,0,0,-28,-100,26,None
0,-1,2,7,43,9,-2,-6,-2,0,0,0,-28,-100,26,None
0,-2,-2,-3,-13,-5,-5,-4,-4,0,0,0,-28,-100,26,None
0,-2,-2,-3,-13,-5,-5,-4,-4,0,0,0,-28,-100,26,None
0,-2,-2,-3,-13,-5,-5,-4,-4,0,0,0,-26,-99,27,None
0,1,1,6,23,8,0,1,0,0,0,0,-26,-99,27,None
0,0,-1,-5,61,-8,1,-1,0,0,0,0,-26,-99,27,None
0,-1,-2,-11,-94,-7,-8,-3,-2,0,0,0,-26,-99,27,None
0,-1,2,1,-9,-12,-3,0,-1,0,0,0,-26,-99,27,None
0,-1,2,1,-9,-12,-3,0,-1,0,0,0,-26,-99,27,None
0,-1,2,1,-9,-12,-3,0,-1,0,0,0,-18,-98,18,None
0,-1,2,6,56,32,3,-2,-1,0,0,0,-18,-98,18,None
0,-3,-1,-6,-10,16,1,-1,-1,0,0,0,-18,-98,18,None
0,-2,0,0,7,-27,3,0,0,0,0,0,-18,-98,18,None
0,-1,1,-5,-7,3,-4,-5,-1,0,0,0,-18,-98,18,None
0,-1,1,-5,-7,3,-4,-5,-1,0,0,0,-18,-98,18,None
0,-1,1,-5,-7,3,-4,-5,-1,0,0,0,-7,-102,18,None
0,-3,-1,-22,-8,-46,-4,0,0,0,0,0,-7,-102,18,None
0,-2,-2,2,-21,27,-6,-2,-1,0,0,0,-7,-102,18,None
0,3,7,22,110,97,7,3,1,0,0,0,-7,-102,18,None
0,-7,-11,-52,-87,-95,-12,-6,-4,0,0,0,-7,-102,18,None
0,-7,-11,-52,-87,-95,-12,-6,-4,0,0,0,-7,-102,18,None
0,-7,-11,-52,-87,-95,-12,-6,-4,0,0,0,1,-111,23,None
0,-2,0,11,92,31,6,-1,-2,0,0,0,1,-111,23,None
0,-2,2,-4,-11,-52,8,2,-1,0,0,0,1,-111,23,None
0,-3,-2,-1,50,58,-13,-5,-2,0,0,0,1,-111,23,None
0,1,5,11,12,47,5,3,1,0,0,0,1,-111,23,None
0,1,5,11,12,47,5,3,1,0,0,0,1,-111,23,None
0,1,5,11,12,47,5,3,1,0,0,0,7,-109,17,None
0,-2,1,-4,2,9,0,-2,-3,0,0,0,7,-109,17,None
0,-3,1,4,-47,-58,-6,-1,-5,0,0,0,7,-109,17,None
0,-2,0,-7,-63,19,6,0,-2,0,0,0,7,-109,17,None
0,0,2,16,4,-63,0,-1,-2,0,0,0,7,-109,17,None
0,0,2,16,4,-63,0,-1,-2,0,0,0,7,-109,17,None
0,0,2,16,4,-63,0,-1,-2,0,0,0,12,-105,9,None
0,0,1,-1,8,23,-3,-3,-1,0,0,0,12,-105,9,None
0,-2,-1,8,98,78,3,-2,-4,0,0,0,12,-105,9,None
0,-1,0,10,30,-17,8,6,2,0,0,0,12,-105,9,None
0,-2,-1,-5,-17,52,-5,-5,-2,0,0,0,12,-105,9,None
0,-2,-1,-5,-17,52,-5,-5,-2,0,0,0,12,-105,9,None
0,-2,-1,-5,-17,52,-5,-5,-2,0,0,0,17,-109,10,None
0,-2,-2,-1,-20,-48,9,5,-2,0,0,0,17,-109,10,None
0,2,4,2,22,-78,-10,-3,-2,0,0,0,17,-109,10,None
0,2,3,7,-7,76,7,-1,0,0,0,0,17,-109,10,None
0,-2,0,11,26,6,1,-2,-2,0,0,0,17,-109,10,None
0,-2,0,11,26,6,1,-2,-2,0,0,0,17,-109,10,None
0,-2,0,11,26,6,1,-2,-2,0,0,0,23,-118,8,None
0,1,2,3,-30,-67,-11,-5,-1,0,0,0,23,-118,8,None
0,2,5,18,100,62,-5,-2,2,0,0,0,23,-118,8,None
0,-4,-7,-39,-64,-125,-5,-5,-6,0,0,0,23,-118,8,None
0,-3,-3,9,48,54,3,-2,-4,0,0,0,23,-118,8,None
0,-3,-3,9,48,54,3,-2,-4,0,0,0,23,-118,8,None
0,-3,-3,9,48,54,3,-2,-4,0,0,0,25,-122,2,None
0,0,3,-8,-69,-31,-4,1,-1,0,0,0,25,-122,2,None
0,-2,2,23,7,-32,7,3,0,0,0,0,25,-122,2,None
0,-2,-4,-21,-67,0,-6,-3,-2,0,0,0,25,-122,2,None
0,1,3,17,44,31,1,2,2,0,0,0,25,-122,2,None
0,1,3,17,44,31,1,2,2,0,0,0,25,-122,2,None
0,1,3,17,44,31,1,2,2,0,0,0,36,-113,4,None
0,2,8,14,-18,-70,-1,-1,3,0,0,0,36,-113,4,None
0,-4,-7,-8,-5,90,8,-5,-2,0,0,0,36,-113,4,None
0,0,3,13,-50,-75,-9,0,-1,0,0,0,36,-113,4,None
0,-1,2,-30,37,21,2,0,-2,0,0,0,36,-113,4,None
0,-1,2,-30,37,21,2,0,-2,0,0,0,36,-113,4,None
0,-1,2,-30,37,21,2,0,-2,0,0,0,42,-102,2,None
0,-3,-3,-9,5,49,-4,-2,-3,0,0,0,42,-102,2,None
0,0,1,-12,-22,-57,-3,-2,0,0,0,0,42,-102,2,None
0,-3,-5,-9,92,89,-8,-8,-4,0,0,0,42,-102,2,None
0,-1,2,5,67,20,3,-1,1,0,0,0,42,-102,2,None
0,-1,2,5,67,20,3,-1,1,0,0,0,42,-102,2,None
0,-1,2,5,67,20,3,-1,1,0,0,0,50,-98,0,None
0,-4,0,-4,-27,9,5,-1,0,0,0,0,50,-98,0,None
0,0,-2,-18,-31,17,0,0,-1,0,0,0,50,-98,0,None
0,1,4,3,-15,13,6,1,0,0,0,0,50,-98,0,None
0,1,3,5,-26,-72,-13,-2,-3,0,0,0,50,-98,0,None
0,1,3,5,-26,-72,-13,-2,-3,0,0,0,50,-98,0,None
0,1,3,5,-26,-72,-13,-2,-3,0,0,0,58,-101,2,None
0,-3,-4,-6,8,97,3,-3,-4,0,0,0,58,-101,2,None
0,2,12,-7,-46,-21,4,1,0,0,0,0,58,-101,2,None
0,-5,0,-4,12,4,-2,-1,-3,0,0,0,58,-101,2,None
0,-1,-24,0,-40,-16,0,-1,2,0,0,0,58,-101,2,None
0,-1,-24,0,-40,-16,0,-1,2,0,0,0,58,-101,2,None
0,-1,-24,0,-40,-16,0,-1,2,0,0,0,62,-98,-2,None
0,6,26,10,1,17,-4,-1,-1,0,0,0,62,-98,-2,None
0,-9,-48,-14,-6,-3,-2,2,-2,0,0,0,62,-98,-2,None
0,0,16,1,59,-52,-6,-3,-1,0,0,0,62,-98,-2,None
0,0,6,-3,-47,4,-1,-1,-2,0,0,0,62,-98,-2,None
0,0,6,-3,-47,4,-1,-1,-2,0,0,0,62,-98,-2,None
0,0,6,-3,-47,4,-1,-1,-2,0,0,0,63,-96,3,None
0,-5,-5,-11,-2,-8,2,-4,-5,0,0,0,63,-96,3,None
0,1,28,6,-15,44,-2,-1,0,0,0,0,63,-96,3,None
0,-3,-27,-3,-51,-47,-5,-4,-3,0,0,0,63,-96,3,None
0,0,0,4,23,27,7,1,0,0,0,0,63,-96,3,None
0,0,0,4,23,27,7,1,0,0,0,0,63,-96,3,None
0,0,0,4,23,27,7,1,0,0,0,0,66,-99,0,None
0,-2,-5,-3,15,-7,-4,-2,0,0,0,0,66,-99,0,None
0,2,15,-7,-36,-16,-5,-2,-1,0,0,0,66,-99,0,None
0,-7,-9,-4,13,15,0,-2,-1,0,0,0,66,-99,0,None
0,2,15,-2,-17,5,-1,-2,-1,0,0,0,66,-99,0,None
0,2,15,-2,-17,5,-1,-2,-1,0,0,0,66,-99,0,None
0,2,15,-2,-17,5,-1,-2,-1,0,0,0,65,-99,-1,None
0,0,-8,-6,-3,-10,-1,0,0,0,0,0,65,-99,-1,None
0,-4,-9,-4,20,7,0,0,-2,0,0,0,65,-99,-1,None
0,3,20,0,6,20,0,-1,-2,0,0,0,65,-99,-1,None
0,-5,-8,2,49,-1,1,-4,-4,0,0,0,65,-99,-1,None
0,-5,-8,2,49,-1,1,-4,-4,0,0,0,65,-99,-1,None
0,-5,-8,2,49,-1,1,-4,-4,0,0,0,65,-100,2,None
0,-2,0,-1,47,48,6,0,0,0,0,0,65,-100,2,None
0,1,3,-1,-6,-4,-2,-2,-1,0,0,0,65,-100,2,None
0,2,3,1,4,-22,0,0,0,0,0,0,65,-100,2,None
0,2,10,-2,1,10,-3,0,0,0,0,0,65,-100,2,None
0,2,10,-2,1,10,-3,0,0,0,0,0,65,-100,2,None
0,2,10,-2,1,10,-3,0,0,0,0,0,61,-98,6,None
0,-4,-5,-3,24,7,-4,-3,-3,0,0,0,61,-98,6,None
0,-4,-23,-6,-9,-10,-2,-3,-3,0,0,0,61,-98,6,None
0,-1,-1,-5,-45,-45,-5,-2,-1,0,0,0,61,-98,6,None
0,-1,-4,-2,-14,-25,1,0,-1,0,0,0,61,-98,6,None
0,-1,-4,-2,-14,-25,1,0,-1,0,0,0,61,-98,6,None
0,-1,-4,-2,-14,-25,1,0,-1,0,0,0,53,-85,6,None
0,-1,-4,-1,-31,0,-1,-3,-3,0,0,0,53,-85,6,None
0,-1,1,-3,-2,-7,-5,-2,-1,0,0,0,53,-85,6,None
0,1,5,-3,28,-2,1,0,0,0,0,0,53,-85,6,None
0,-2,7,-2,-32,-32,-2,0,-1,0,0,0,53,-85,6,None
0,-2,7,-2,-32,-32,-2,0,-1,0,0,0,53,-85,6,None
0,-2,7,-2,-32,-32,-2,0,-1,0,0,0,56,-80,4,None
0,-5,-2,-4,-16,27,-2,-3,-1,0,0,0,56,-80,4,None
0,1,14,0,-10,-20,-2,-3,-3,0,0,0,56,-80,4,None
0,-2,0,1,0,9,1,-1,-1,0,0,0,56,-80,4,None
0,0,6,-1,7,11,2,-1,-1,0,0,0,56,-80,4,None
0,0,6,-1,7,11,2,-1,-1,0,0,0,56,-80,4,None
0,0,6,-1,7,11,2,-1,-1,0,0,0,57,-83,3,None
0,0,0,-4,-7,-14,-2,-1,-1,0,0,0,57,-83,3,None
0,-2,1,-3,-17,2,0,-1,-1,0,0,0,57,-83,3,None
0,-3,8,3,44,42,-1,0,0,0,0,0,57,-83,3,None
0,-1,-7,-15,-15,29,-1,-4,-3,0,0,0,57,-83,3,None
0,-1,-7,-15,-15,29,-1,-4,-3,0,0,0,57,-83,3,None
0,-1,-7,-15,-15,29,-1,-4,-3,0,0,0,58,-86,1,None
0,-7,-8,3,1,11,3,-2,-2,0,0,0,58,-86,1,None
0,-1,-1,-4,-16,-14,0,0,0,0,0,0,58,-86,1,None
0,0,3,2,-6,-16,-4,0,-1,0,0,0,58,-86,1,None
0,1,15,1,2,11,0,1,-1,0,0,0,58,-86,1,None
0,1,15,1,2,11,0,1,-1,0,0,0,58,-86,1,None
0,1,15,1,2,11,0,1,-1,0,0,0,58,-87,-1,None
0,0,1,-4,-1,-5,-3,-2,-2,0,0,0,58,-87,-1,None
0,0,6,-1,1,13,0,-2,-2,0,0,0,58,-87,-1,None
0,-2,0,-3,-17,-6,0,-3,-2,0,0,0,58,-87,-1,None
0,-3,-5,2,27,5,1,-2,-2,0,0,0,58,-87,-1,None
0,-3,-5,2,27,5,1,-2,-2,0,0,0,58,-87,-1,None
0,-3,-5,2,27,5,1,-2,-2,0,0,0,56,-82,-2,None
0,10,19,-5,-14,-47,-5,2,1,0,0,0,56,-82,-2,None
0,-12,-47,0,68,32,3,-4,-4,0,0,0,56,-82,-2,None
0,-2,-4,-4,-56,15,-1,-1,-2,0,0,0,56,-82,-2,None
0,-1,7,2,13,12,-1,-1,0,0,0,0,56,-82,-2,None
0,-1,7,2,13,12,-1,-1,0,0,0,0,56,-82,-2,None
0,-1,7,2,13,12,-1,-1,0,0,0,0,54,-81,-5,None
0,1,1,3,8,-17,1,0,0,0,0,0,54,-81,-5,None
0,3,17,-2,-6,-6,-3,-1,1,0,0,0,54,-81,-5,None
0,0,-5,-3,14,-2,-1,-3,-3,0,0,0,54,-81,-5,None
0,-5,-8,0,-4,4,1,0,0,0,0,0,54,-81,-5,None
0,-5,-8,0,-4,4,1,0,0,0,0,0,54,-81,-5,None
0,-5,-8,0,-4,4,1,0,0,0,0,0,54,-83,-6,None
0,-3,0,-5,-22,-9,-4,-1,-2,0,0,0,54,-83,-6,None
0,0,7,-4,-17,-4,-3,-1,-2,0,0,0,54,-83,-6,None
0,-3,-4,-2,0,2,0,-2,-3,0,0,0,54,-83,-6,None
0,0,3,0,-13,-12,-1,0,-2,0,0,0,54,-83,-6,None
0,0,3,0,-13,-12,-1,0,-2,0,0,0,54,-83,-6,None
0,0,3,0,-13,-12,-1,0,-2,0,0,0,56,-82,-6,None
0,-1,-4,-2,6,-1,-2,-4,-3,0,0,0,56,-82,-6,None
0,1,15,-2,-4,-1,0,0,0,0,0,0,56,-82,-6,None
0,-3,-18,0,12,2,-1,0,1,0,0,0,56,-82,-6,None
0,-2,-5,-7,-13,-30,-5,-4,-5,0,0,0,56,-82,-6,None
0,-2,-5,-7,-13,-30,-5,-4,-5,0,0,0,56,-82,-6,None
0,-2,-5,-7,-13,-30,-5,-4,-5,0,0,0,55,-82,-7,None
0,-2,-6,0,10,50,4,-1,-3,0,0,0,55,-82,-7,None
0,-1,6,1,3,1,-1,-1,-2,0,0,0,55,-82,-7,None
0,1,9,-1,-8,-15,-1,-1,0,0,0,0,55,-82,-7,None
0,1,0,0,5,-1,-2,-1,0,0,0,0,55,-82,-7,None
0,1,0,0,5,-1,-2,-1,0,0,0,0,55,-82,-7,None
0,1,0,0,5,-1,-2,-1,0,0,0,0,55,-82,-8,None
0,-3,-6,-4,-8,-5,-2,-2,-1,0,0,0,55,-82,-8,None
0,2,5,-2,-22,-14,-2,-1,-1,0,0,0,55,-82,-8,None
0,0,4,-2,9,1,-2,-2,-1,0,0,0,55,-82,-8,None
0,-2,-4,-1,2,8,-2,-3,-2,0,0,0,55,-82,-8,None
0,-2,-4,-1,2,8,-2,-3,-2,0,0,0,55,-82,-8,None
0,-2,-4,-1,2,8,-2,-3,-2,0,0,0,55,-80,-7,None
0,-2,1,-2,-3,-10,-1,-1,-2,0,0,0,55,-80,-7,None
0,2,4,-4,0,4,-3,-2,0,0,0,0,55,-80,-7,None
0,-6,3,-4,10,-15,-1,-1,-5,0,0,0,55,-80,-7,None
0,-4,1,2,-27,27,4,-1,-1,0,0,0,55,-80,-7,None
0,-4,1,2,-27,27,4,-1,-1,0,0,0,55,-80,-7,None
0,-4,1,2,-27,27,4,-1,-1,0,0,0,55,-80,-7,None
0,0,-2,-1,-7,17,-2,-2,-3,0,0,0,55,-80,-7,None
0,-4,-7,-3,-1,-5,-1,-2,-2,0,0,0,55,-80,-7,None
0,0,2,-1,1,-3,-1,-1,-1,0,0,0,55,-80,-7,None
0,1,3,-3,-1,-18,0,-1,-1,0,0,0,55,-80,-7,None
0,1,3,-3,-1,-18,0,-1,-1,0,0,0,55,-80,-7,None
0,1,3,-3,-1,-18,0,-1,-1,0,0,0,56,-82,-7,None
0,-3,-1,-3,7,-6,-3,-2,-2,0,0,0,56,-82,-7,None
0,0,4,1,-10,3,-3,0,-1,0,0,0,56,-82,-7,None
0,1,3,-3,-7,-5,-1,-2,-3,0,0,0,56,-82,-7,None
0,-1,-2,-2,16,6,-1,0,-2,0,0,0,56,-82,-7,None
0,-1,-2,-2,16,6,-1,0,-2,0,0,0,56,-82,-7,None
0,-1,-2,-2,16,6,-1,0,-2,0,0,0,57,-81,-7,None
0,-1,-2,-2,-2,-5,-1,-3,-1,0,0,0,57,-81,-7,None
0,-2,2,-2,-2,2,-2,-1,0,0,0,0,57,-81,-7,None
0,6,5,-2,-1,-10,0,0,-1,0,0,0,57,-81,-7,None
0,3,5,-1,10,-5,-4,-3,-3,0,0,0,57,-81,-7,None
0,3,5,-1,10,-5,-4,-3,-3,0,0,0,57,-81,-7,None
0,3,5,-1,10,-5,-4,-3,-3,0,0,0,57,-82,-6,None
0,-16,-52,-4,0,13,1,0,-1,0,0,0,57,-82,-6,None
0,0,11,0,-18,-11,0,-1,-1,0,0,0,57,-82,-6,None
0,-3,-6,-3,2,4,-1,-2,-2,0,0,0,57,-82,-6,None
0,1,5,-2,0,-5,-1,-1,0,0,0,0,57,-82,-6,None
0,1,5,-2,0,-5,-1,-1,0,0,0,0,57,-82,-6,None
0,1,5,-2,0,-5,-1,-1,0,0,0,0,56,-83,-6,None
0,4,14,-3,-4,-15,-1,-1,-2,0,0,0,56,-83,-6,None
0,-2,-3,-2,2,9,0,-1,-2,0,0,0,56,-83,-6,None
0,-3,0,1,-2,0,-1,-1,-1,0,0,0,56,-83,-6,None
0,-2,1,-3,2,4,-1,-1,-1,0,0,0,56,-83,-6,None
0,-2,1,-3,2,4,-1,-1,-1,0,0,0,56,-83,-6,None
0,-2,1,-3,2,4,-1,-1,-1,0,0,0,57,-82,-5,None
0,0,11,-1,-2,-8,-1,-2,0,0,0,0,57,-82,-5,None
0,-2,-5,-4,-2,-1,-3,-1,-2,0,0,0,57,-82,-5,None
0,-2,-5,-4,-2,-1,-3,-1,-2,0,0,0,57,-82,-5,None
0,-2,-5,-4,-2,-1,-3,-1,-2,0,0,0,55,-82,-5,None
0,0,-1,2,16,12,-1,1,0,0,0,0,55,-82,-5,None
0,-2,0,-2,12,-1,-1,-1,-3,0,0,0,55,-82,-5,None
0,3,3,-7,-37,-12,-2,-1,-1,0,0,0,55,-82,-5,None
0,-1,0,-2,13,26,-1,-4,-2,0,0,0,55,-82,-5,None
0,-1,-4,-2,-7,-3,-1,-2,-3,0,0,0,55,-82,-5,None
0,-1,-3,1,3,1,0,-1,0,0,0,0,55,-82,-5,None
0,-1,-3,1,3,1,0,-1,0,0,0,0,55,-82,-5,None
0,-1,-3,1,3,1,0,-1,0,0,0,0,54,-83,-5,None
0,-1,8,0,11,-7,-2,0,0,0,0,0,54,-83,-5,None
0,-1,1,-2,-7,-13,-2,-1,0,0,0,0,54,-83,-5,None
0,-1,2,-4,-6,0,-1,-2,-4,0,0,0,54,-83,-5,None
0,-2,-5,-3,3,12,-2,-1,-2,0,0,0,54,-83,-5,None
0,-2,-5,-3,3,12,-2,-1,-2,0,0,0,54,-83,-5,None
0,-2,-5,-3,3,12,-2,-1,-2,0,0,0,55,-83,-6,None
0,2,9,0,-1,-4,-2,-2,-2,0,0,0,55,-83,-6,None
0,-2,-1,-1,-5,-2,0,0,-1,0,0,0,55,-83,-6,None
0,-3,3,-2,1,8,-1,-3,0,0,0,0,55,-83,-6,None
0,2,6,-2,-11,-10,0,1,1,0,0,0,55,-83,-6,None
0,2,6,-2,-11,-10,0,1,1,0,0,0,55,-83,-6,None
0,2,6,-2,-11,-10,0,1,1,0,0,0,55,-84,-6,None
0,-7,-17,5,19,11,1,0,-1,0,0,0,55,-84,-6,None
0,-1,-1,-7,-10,-8,-3,-4,-2,0,0,0,55,-84,-6,None
0,-2,-1,-1,-1,6,0,-1,-1,0,0,0,55,-84,-6,None
0,-1,1,-3,-11,-3,-2,-2,0,0,0,0,55,-84,-6,None
0,-1,1,-3,-11,-3,-2,-2,0,0,0,0,55,-84,-6,None
0,-1,1,-3,-11,-3,-2,-2,0,0,0,0,56,-83,-6,None
0,1,13,-1,6,-4,-1,-1,-2,0,0,0,56,-83,-6,None
0,-2,-2,-2,3,1,0,-1,-1,0,0,0,56,-83,-6,None
0,-2,3,-2,-11,-3,-1,-3,-1,0,0,0,56,-83,-6,None
0,-2,0,-2,4,4,0,0,-1,0,0,0,56,-83,-6,None
0,-2,0,-2,4,4,0,0,-1,0,0,0,56,-83,-6,None
0,-2,0,-2,4,4,0,0,-1,0,0,0,56,-82,-6,None
0,2,4,-2,4,0,-5,-2,-1,0,0,0,56,-82,-6,None
0,-5,14,1,-1,4,0,-1,-3,0,0,0,56,-82,-6,None
0,-2,1,-4,-4,-3,-1,-1,-2,0,0,0,56,-82,-6,None
0,2,-3,2,3,5,0,-1,-3,0,0,0,56,-82,-6,None
0,2,-3,2,3,5,0,-1,-3,0,0,0,56,-82,-6,None
0,2,-3,2,3,5,0,-1,-3,0,0,0,56,-82,-6,None
0,-3,2,-4,-5,-7,-2,-2,-1,0,0,0,56,-82,-6,None
0,0,-3,-1,0,2,-1,-1,-2,0,0,0,56,-82,-6,None
0,0,1,-2,-6,0,-2,-3,-1,0,0,0,56,-82,-6,None
0,-5,-1,-2,5,0,-3,-1,-2,0,0,0,56,-82,-6,None
0,-5,-1,-2,5,0,-3,-1,-2,0,0,0,56,-82,-6,None
0,-5,-1,-2,5,0,-3,-1,-2,0,0,0,56,-82,-7,None
0,1,1,-3,-13,-11,1,-1,0,0,0,0,56,-82,-7,None
0,4,17,0,14,15,-1,-2,0,0,0,0,56,-82,-7,None
0,1,-7,3,37,21,1,-2,-2,0,0,0,56,-82,-7,None
0,-7,-38,-3,-14,-7,-1,-3,-2,0,0,0,56,-82,-7,None
0,-7,-38,-3,-14,-7,-1,-3,-2,0,0,0,56,-82,-7,None
0,-7,-38,-3,-14,-7,-1,-3,-2,0,0,0,56,-82,-7,None
0,0,3,-2,-2,1,0,-2,-1,0,0,0,56,-82,-7,None
0,-1,-1,-2,-2,-11,-1,0,-1,0,0,0,56,-82,-7,None
0,-1,-1,-2,-2,-11,-1,0,-1,0,0,0,56,-82,-7,None
0,-1,-1,-2,-2,-11,-1,0,-1,0,0,0,56,-82,-7,None
0,-1,4,0,-3,-8,-2,-1,-1,0,0,0,56,-82,-7,None
0,2,9,-2,-3,5,-1,-2,-2,0,0,0,56,-82,-7,None
0,-1,2,-1,9,6,-1,-1,-1,0,0,0,56,-82,-7,None
0,-1,-8,1,12,-4,0,-1,-2,0,0,0,56,-82,-7,None
0,-1,-8,1,12,-4,0,-1,-2,0,0,0,56,-82,-7,None
0,-1,-8,1,12,-4,0,-1,-2,0,0,0,56,-82,-7,None
0,2,-4,-9,-35,6,-2,0,-1,0,0,0,56,-82,-7,None
0,-3,23,-1,-16,-39,-4,-2,0,0,0,0,56,-82,-7,None
0,-2,-2,-2,5,36,-1,-2,-3,0,0,0,56,-82,-7,None
0,-1,0,0,0,0,1,-1,0,0,0,0,56,-82,-7,None
0,-1,0,0,0,0,1,-1,0,0,0,0,56,-82,-7,None
0,-1,0,0,0,0,1,-1,0,0,0,0,55,-83,-7,None
0,-1,-1,-2,5,4,-1,-2,-1,0,0,0,55,-83,-7,None
0,-1,9,-4,-6,-1,-1,-2,-1,0,0,0,55,-83,-7,None
0,-1,1,0,0,-7,-1,-2,-1,0,0,0,55,-83,-7,None
0,-1,-6,-5,-8,-3,-1,-1,-1,0,0,0,55,-83,-7,None
0,-1,-6,-5,-8,-3,-1,-1,-1,0,0,0,55,-83,-7,None
0,-1,-6,-5,-8,-3,-1,-1,-1,0,0,0,56,-82,-7,None
0,-1,3,-1,1,-1,-1,-1,-1,0,0,0,56,-82,-7,None
0,-2,-5,0,3,7,-1,-1,-1,0,0,0,56,-82,-7,None
0,-3,3,0,6,-6,-1,-1,-2,0,0,0,56,-82,-7,None
0,7,8,-6,-7,3,-3,-1,0,0,0,0,56,-82,-7,None
0,7,8,-6,-7,3,-3,-1,0,0,0,0,56,-82,-7,None
0,7,8,-6,-7,3,-3,-1,0,0,0,0,56,-82,-7,None
0,-9,-17,-2,-26,-19,0,-4,-5,0,0,0,56,-82,-7,None
0,-1,10,0,6,12,-1,-2,-3,0,0,0,56,-82,-7,None
0,0,-1,-3,-1,10,2,-1,-1,0,0,0,56,-82,-7,None
0,-2,0,-3,-6,-7,-2,0,-1,0,0,0,56,-82,-7,None
0,-2,0,-3,-6,-7,-2,0,-1,0,0,0,56,-82,-7,None
0,-2,0,-3,-6,-7,-2,0,-1,0,0,0,56,-82,-7,None
0,1,8,-1,4,-5,-1,0,0,0,0,0,56,-82,-7,None
0,0,-4,-2,4,3,0,-1,-1,0,0,0,56,-82,-7,None
0,-3,2,-1,-5,-3,-2,-2,-3,0,0,0,56,-82,-7,None
0,-2,-1,-1,-3,-2,-2,-1,-3,0,0,0,56,-82,-7,None
0,-2,-1,-1,-3,-2,-2,-1,-3,0,0,0,56,-82,-7,None
0,-2,-1,-1,-3,-2,-2,-1,-3,0,0,0,56,-82,-7,None
0,0,3,-2,8,2,1,-2,0,0,0,0,56,-82,-7,None
0,-2,-7,-3,0,7,0,-2,-1,0,0,0,56,-82,-7,None
0,1,6,-3,-2,-6,-1,-1,0,0,0,0,56,-82,-7,None
0,-1,-10,2,1,2,0,-1,-2,0,0,0,56,-82,-7,None
0,-1,-10,2,1,2,0,-1,-2,0,0,0,56,-82,-7,None
0,-1,-10,2,1,2,0,-1,-2,0,0,0,55,-82,-7,None
0,-3,6,-10,6,0,-1,0,-1,0,0,0,55,-82,-7,None
0,3,1,0,17,11,0,0,0,0,0,0,55,-82,-7,None
0,-3,-2,-4,-30,-14,-3,-3,-3,0,0,0,55,-82,-7,None
0,-2,-6,-1,1,4,-1,-3,-2,0,0,0,55,-82,-7,None
0,-2,-6,-1,1,4,-1,-3,-2,0,0,0,55,-82,-7,None
0,-2,-6,-1,1,4,-1,-3,-2,0,0,0,56,-82,-7,None
0,-2,1,1,2,-7,0,0,-1,0,0,0,56,-82,-7,None
0,-1,4,-1,0,7,-1,-1,0,0,0,0,56,-82,-7,None
0,2,0,-4,4,-4,-1,1,0,0,0,0,56,-82,-7,None
0,3,5,-3,-3,-6,-3,-2,-1,0,0,0,56,-82,-7,None
0,3,5,-3,-3,-6,-3,-2,-1,0,0,0,56,-82,-7,None
0,3,5,-3,-3,-6,-3,-2,-1,0,0,0,56,-82,-7,None
0,-6,-13,-2,14,6,0,-2,-4,0,0,0,56,-82,-7,None
0,-3,-1,5,2,2,-1,-1,-1,0,0,0,56,-82,-7,None
0,1,0,-9,11,3,-1,-1,-1,0,0,0,56,-82,-7,None
0,-4,-4,-6,-21,-4,-1,-3,-1,0,0,0,56,-82,-7,None
0,-4,-4,-6,-21,-4,-1,-3,-1,0,0,0,56,-82,-7,None
0,-4,-4,-6,-21,-4,-1,-3,-1,0,0,0,55,-82,-7,None
0,0,6,0,4,1,-2,0,-2,0,0,0,55,-82,-7,None
0,0,0,-2,2,-1,-1,-2,-2,0,0,0,55,-82,-7,None
0,-2,-4,2,1,2,0,-1,-2,0,0,0,55,-82,-7,None
0,-2,7,-1,8,-1,1,-1,-1,0,0,0,55,-82,-7,None
0,-2,7,-1,8,-1,1,-1,-1,0,0,0,55,-82,-7,None
0,-2,7,-1,8,-1,1,-1,-1,0,0,0,56,-82,-6,None
0,2,3,0,-7,1,-2,0,0,0,0,0,56,-82,-6,None
0,-3,-3,-4,4,-3,-1,-1,-2,0,0,0,56,-82,-6,None
0,7,10,3,-13,8,-2,-3,-2,0,0,0,56,-82,-6,None
0,-3,-5,-8,8,7,-4,-2,-2,0,0,0,56,-82,-6,None
0,-3,-5,-8,8,7,-4,-2,-2,0,0,0,56,-82,-6,None
0,-3,-5,-8,8,7,-4,-2,-2,0,0,0,56,-82,-7,None
0,-2,-3,1,-22,2,1,-2,-2,0,0,0,56,-82,-7,None
0,0,2,-2,-1,7,0,-1,-2,0,0,0,56,-82,-7,None
0,-2,-1,0,8,-3,-2,0,-2,0,0,0,56,-82,-7,None
0,-1,-1,0,8,0,1,0,-2,0,0,0,56,-82,-7,None
0,-1,-1,0,8,0,1,0,-2,0,0,0,56,-82,-7,None
0,-1,-1,0,8,0,1,0,-2,0,0,0,56,-82,-7,None
0,2,3,-3,0,-2,-2,-1,-1,0,0,0,56,-82,-7,None
0,-2,-1,-4,-5,-3,-4,-2,-2,0,0,0,56,-82,-7,None
0,-2,1,-2,1,-2,-1,-1,0,0,0,0,56,-82,-7,None
0,-3,-3,-1,-3,1,0,-2,-1,0,0,0,56,-82,-7,None
0,-3,-3,-1,-3,1,0,-2,-1,0,0,0,56,-82,-7,None
0,-3,-3,-1,-3,1,0,-2,-1,0,0,0,56,-82,-7,None
0,1,17,-1,4,0,-3,-2,1,0,0,0,56,-82,-7,None
0,-6,-16,-3,-2,-1,2,0,-1,0,0,0,56,-82,-7,None
0,-3,-1,2,-11,1,-2,-4,-3,0,0,0,56,-82,-7,None
0,-1,0,0,-8,-8,1,-1,-3,0,0,0,56,-82,-7,None
0,-1,0,0,-8,-8,1,-1,-3,0,0,0,56,-82,-7,None
0,-1,0,0,-8,-8,1,-1,-3,0,0,0,56,-82,-8,None
0,-3,0,-2,7,14,-1,0,-1,0,0,0,56,-82,-8,None
0,1,6,-1,1,-3,-3,-1,-2,0,0,0,56,-82,-8,None
0,-2,0,-3,4,-4,-1,0,0,0,0,0,56,-82,-8,None
0,-1,1,-3,-4,-3,-2,0,-2,0,0,0,56,-82,-8,None
0,-1,1,-3,-4,-3,-2,0,-2,0,0,0,56,-82,-8,None
0,-1,1,-3,-4,-3,-2,0,-2,0,0,0,56,-81,-7,None
0,1,1,0,-3,-3,-1,-1,0,0,0,0,56,-81,-7,None
0,-2,1,-3,-1,0,-3,-1,-1,0,0,0,56,-81,-7,None
0,-2,-4,-2,0,1,-1,-1,0,0,0,0,56,-81,-7,None
0,-2,-1,0,-1,2,0,-2,-1,0,0,0,56,-81,-7,None
0,-2,-1,0,-1,2,0,-2,-1,0,0,0,56,-81,-7,None
0,-2,-1,0,-1,2,0,-2,-1,0,0,0,56,-81,-7,None
0,2,-7,-2,1,-1,0,-1,-2,0,0,0,56,-81,-7,None
0,-1,2,-3,-6,0,-1,-2,-1,0,0,0,56,-81,-7,None
0,-1,-6,-1,5,-2,-1,-1,-2,0,0,0,56,-81,-7,None
0,-1,6,-3,3,7,-1,-1,0,0,0,0,56,-81,-7,None
0,-1,6,-3,3,7,-1,-1,0,0,0,0,56,-81,-7,None
0,-1,6,-3,3,7,-1,-1,0,0,0,0,56,-82,-7,None
0,-4,-28,-2,2,-6,-2,-2,-1,0,0,0,56,-82,-7,None
