0,0,1,1,8,1,-36,-6,-3,0,0,0,83,-106,4,None
0,0,0,0,10,20,13,7,1,0,0,0,83,-106,4,None
0,-3,-3,-1,-22,-36,-5,-13,-2,0,0,0,83,-106,4,None
0,-3,-3,-1,-22,-36,-5,-13,-2,0,0,0,83,-106,4,None
0,-3,-3,-1,-22,-36,-5,-13,-2,0,0,0,77,-105,2,None
0,-1,2,-2,-6,-2,-6,5,-1,0,0,0,77,-105,2,None
0,1,0,-2,-4,0,22,6,2,0,0,0,77,-105,2,None
0,-3,-1,-5,7,5,-16,-9,-3,0,0,0,77,-105,2,None
0,-2,0,-3,-27,-1,-5,-3,-3,0,0,0,77,-105,2,None
0,-2,0,-3,-27,-1,-5,-3,-3,0,0,0,77,-105,2,None
0,-2,0,-3,-27,-1,-5,-3,-3,0,0,0,67,-116,4,None
0,-3,-2,-5,6,18,-7,-7,-3,0,0,0,67,-116,4,None
0,-2,-1,-3,3,-27,39,9,1,0,0,0,67,-116,4,None
0,-1,0,-10,4,12,-18,-3,-2,0,0,0,67,-116,4,None
0,-1,2,4,-1,5,14,2,0,0,0,0,67,-116,4,None
0,-1,2,4,-1,5,14,2,0,0,0,0,67,-116,4,None
0,-1,2,4,-1,5,14,2,0,0,0,0,56,-123,5,None
0,-1,-3,-17,4,-8,-3,-3,-2,0,0,0,56,-123,5,None
0,-4,-2,-5,1,15,-18,-3,-4,0,0,0,56,-123,5,None
0,0,0,-2,2,-14,9,3,2,0,0,0,56,-123,5,None
0,-2,0,2,2,-5,-18,-1,-4,0,0,0,56,-123,5,None
0,-2,0,2,2,-5,-18,-1,-4,0,0,0,56,-123,5,None
0,-2,0,2,2,-5,-18,-1,-4,0,0,0,39,-117,1,None
0,-1,0,-4,-7,1,1,0,0,0,0,0,39,-117,1,None
0,0,1,-1,4,9,-15,-5,-1,0,0,0,39,-117,1,None
0,-1,0,-2,1,-10,41,1,-1,0,0,0,39,-117,1,None
0,-5,-4,-3,4,0,-20,-6,-7,0,0,0,39,-117,1,None
0,-5,-4,-3,4,0,-20,-6,-7,0,0,0,39,-117,1,None
0,-5,-4,-3,4,0,-20,-6,-7,0,0,0,31,-121,2,None
0,0,0,3,-3,-16,-2,-9,-1,0,0,0,31,-121,2,None
0,-1,0,-2,5,18,-1,5,1,0,0,0,31,-121,2,None
0,-1,0,5,2,2,-3,-2,-2,0,0,0,31,-121,2,None
0,0,-1,-6,2,9,-1,3,-1,0,0,0,31,-121,2,None
0,0,-1,-6,2,9,-1,3,-1,0,0,0,31,-121,2,None
0,0,-1,-6,2,9,-1,3,-1,0,0,0,20,-119,0,None
0,-1,1,6,-6,-17,1,-1,1,0,0,0,20,-119,0,None
0,0,2,1,-5,20,-20,-5,0,0,0,0,20,-119,0,None
0,-3,0,1,-6,-20,20,-1,-5,0,0,0,20,-119,0,None
0,1,0,-8,4,6,2,0,0,0,0,0,20,-119,0,None
0,1,0,-8,4,6,2,0,0,0,0,0,20,-119,0,None
0,1,0,-8,4,6,2,0,0,0,0,0,8,-122,2,None
0,-1,1,3,5,4,3,2,0,0,0,0,8,-122,2,None
0,-2,-1,1,-3,5,-9,-3,-1,0,0,0,8,-122,2,None
0,0,-1,0,0,-22,-14,-1,-1,0,0,0,8,-122,2,None
0,1,3,2,3,32,-8,-2,0,0,0,0,8,-122,2,None
0,1,3,2,3,32,-8,-2,0,0,0,0,8,-122,2,None
0,1,3,2,3,32,-8,-2,0,0,0,0,0,-118,0,None
0,0,0,-4,-14,1,21,5,0,0,0,0,0,-118,0,None
0,-1,2,-4,-8,-30,11,4,0,0,0,0,0,-118,0,None
0,-2,1,-2,2,8,-16,-7,-2,0,0,0,0,-118,0,None
0,-2,0,3,-1,-4,-6,-3,-4,0,0,0,0,-118,0,None
0,-2,0,3,-1,-4,-6,-3,-4,0,0,0,0,-118,0,None
0,-2,0,3,-1,-4,-6,-3,-4,0,0,0,-6,-110,4,None
0,-1,1,-2,-21,5,-6,-4,-2,0,0,0,-6,-110,4,None
0,-2,1,5,13,12,-2,-6,-5,0,0,0,-6,-110,4,None
0,-3,-3,-5,-1,27,-5,1,0,0,0,0,-6,-110,4,None
0,-1,2,-2,-12,-48,17,5,3,0,0,0,-6,-110,4,None
0,-1,2,-2,-12,-48,17,5,3,0,0,0,-6,-110,4,None
0,-1,2,-2,-12,-48,17,5,3,0,0,0,-16,-106,4,None
0,-1,0,11,71,29,-9,-7,-3,0,0,0,-16,-106,4,None
0,2,4,-6,-50,-15,3,3,3,0,0,0,-16,-106,4,None
0,-2,1,9,69,-34,-4,-4,-4,0,0,0,-16,-106,4,None
0,-3,-2,8,-87,66,0,3,-1,0,0,0,-16,-106,4,None
0,-3,-2,8,-87,66,0,3,-1,0,0,0,-16,-106,4,None
0,-3,-2,8,-87,66,0,3,-1,0,0,0,-25,-100,7,None
0,-2,0,8,6,-12,-4,-3,-2,0,0,0,-25,-100,7,None
0,3,7,7,49,-38,10,4,1,0,0,0,-25,-100,7,None
0,-5,-7,-24,-80,59,-18,-6,-3,0,0,0,-25,-100,7,None
0,-2,1,-2,56,-9,2,0,-3,0,0,0,-25,-100,7,None
0,-2,1,-2,56,-9,2,0,-3,0,0,0,-25,-100,7,None
0,-2,1,-2,56,-9,2,0,-3,0,0,0,-30,-95,7,None
0,1,2,-11,14,45,18,4,3,0,0,0,-30,-95,7,None
0,-6,-6,-11,-8,-28,-14,-9,-8,0,0,0,-30,-95,7,None
0,6,10,7,48,74,10,5,7,0,0,0,-30,-95,7,None
0,-3,-5,-11,8,-67,-4,-7,-4,0,0,0,-30,-95,7,None
0,-3,-5,-11,8,-67,-4,-7,-4,0,0,0,-30,-95,7,None
0,-3,-5,-11,8,-67,-4,-7,-4,0,0,0,-39,-82,4,None
0,-1,0,-14,-79,5,-5,-2,-1,0,0,0,-39,-82,4,None
0,-4,-3,-2,34,62,3,-2,-4,0,0,0,-39,-82,4,None
0,1,2,-5,-24,8,-8,1,-1,0,0,0,-39,-82,4,None
0,-4,-3,0,-7,17,-2,-4,-3,0,0,0,-39,-82,4,None
0,-4,-3,0,-7,17,-2,-4,-3,0,0,0,-39,-82,4,None
0,-4,-3,0,-7,17,-2,-4,-3,0,0,0,-44,-73,12,None
0,-1,2,3,36,56,-1,1,-3,0,0,0,-44,-73,12,None
0,3,3,0,-31,-38,4,2,4,0,0,0,-44,-73,12,None
0,0,1,1,10,64,1,-5,-2,0,0,0,-44,-73,12,None
0,1,3,1,75,-62,-5,-1,1,0,0,0,-44,-73,12,None
0,1,3,1,75,-62,-5,-1,1,0,0,0,-44,-73,12,None
0,1,3,1,75,-62,-5,-1,1,0,0,0,-52,-65,11,None
0,-3,-4,-15,4,-47,-9,-3,-5,0,0,0,-52,-65,11,None
0,-3,-1,-10,-88,81,4,-4,-5,0,0,0,-52,-65,11,None
0,-6,-8,-12,-38,-91,-10,-6,-5,0,0,0,-52,-65,11,None
0,-1,1,0,3,-46,0,0,-2,0,0,0,-52,-65,11,None
0,-1,1,0,3,-46,0,0,-2,0,0,0,-52,-65,11,None
0,-1,1,0,3,-46,0,0,-2,0,0,0,-59,-66,8,None
0,0,4,10,10,-35,5,-2,-2,0,0,0,-59,-66,8,None
0,-1,-3,-11,1,-26,-6,-6,-2,0,0,0,-59,-66,8,None
0,0,0,1,-46,-22,4,2,1,0,0,0,-59,-66,8,None
0,-1,3,-5,-56,11,2,0,-1,0,0,0,-59,-66,8,None
0,-1,3,-5,-56,11,2,0,-1,0,0,0,-59,-66,8,None
0,-1,3,-5,-56,11,2,0,-1,0,0,0,-53,-69,12,None
0,-3,1,1,-8,-48,-4,-2,-2,0,0,0,-53,-69,12,None
0,0,0,-1,-7,6,-1,0,2,0,0,0,-53,-69,12,None
0,0,3,6,8,-31,3,1,-1,0,0,0,-53,-69,12,None
0,-2,-3,-5,19,12,-4,-1,-1,0,0,0,-53,-69,12,None
0,-2,-3,-5,19,12,-4,-1,-1,0,0,0,-53,-69,12,None
0,-2,-3,-5,19,12,-4,-1,-1,0,0,0,-54,-62,10,None
0,-2,-1,-3,87,93,-8,-3,-2,0,0,0,-54,-62,10,None
0,-1,0,0,-41,-11,-6,-1,-3,0,0,0,-54,-62,10,None
0,-3,-2,-1,5,2,7,-2,-3,0,0,0,-54,-62,10,None
0,0,0,-2,-39,41,3,-1,2,0,0,0,-54,-62,10,None
0,0,0,-2,-39,41,3,-1,2,0,0,0,-54,-62,10,None
0,0,0,-2,-39,41,3,-1,2,0,0,0,-63,-50,6,None
0,0,2,0,-24,-37,0,2,-1,0,0,0,-63,-50,6,None
0,0,4,3,64,5,16,2,1,0,0,0,-63,-50,6,None
0,-3,-1,-6,0,-36,-13,-10,-6,0,0,0,-63,-50,6,None
0,-1,1,11,18,50,-57,-5,-4,0,0,0,-63,-50,6,None
0,-1,1,11,18,50,-57,-5,-4,0,0,0,-63,-50,6,None
0,-1,1,11,18,50,-57,-5,-4,0,0,0,-63,-50,9,None
0,2,1,-22,-54,-10,82,11,5,0,0,0,-63,-50,9,None
0,0,2,2,33,-4,35,8,1,0,0,0,-63,-50,9,None
0,-1,1,5,15,15,1,0,-1,0,0,0,-63,-50,9,None
0,5,1,-15,-17,-8,-18,-7,3,0,0,0,-63,-50,9,None
0,5,1,-15,-17,-8,-18,-7,3,0,0,0,-63,-50,9,None
0,5,1,-15,-17,-8,-18,-7,3,0,0,0,-59,-53,9,None
0,27,-2,49,38,68,-127,-31,32,0,0,0,-59,-53,9,None
0,-21,17,-13,-4,-33,-20,40,-3,0,0,0,-59,-53,9,None
0,-36,-11,28,32,44,-35,1,-17,0,0,0,-59,-53,9,None
0,-16,-6,3,-2,-15,-23,-9,-51,0,0,0,-59,-53,9,None
0,-16,-6,3,-2,-15,-23,-9,-51,0,0,0,-59,-53,9,None
0,-16,-6,3,-2,-15,-23,-9,-51,0,0,0,-60,-53,7,None
0,60,-4,-5,-19,10,-116,-27,55,0,0,0,-60,-53,7,None
0,101,0,13,-12,-19,71,62,113,0,0,0,-60,-53,7,None
0,-81,54,78,-19,23,-123,-42,-40,0,0,0,-60,-53,7,None
0,103,-6,40,15,-1,47,-2,9,0,0,0,-60,-53,7,None
0,103,-6,40,15,-1,47,-2,9,0,0,0,-60,-53,7,None
0,103,-6,40,15,-1,47,-2,9,0,0,0,-72,-50,6,None
0,6,-34,13,-14,-19,-71,-55,-103,0,0,0,-72,-50,6,None
0,-80,-31,-49,-10,74,-11,-16,-5,0,0,0,-72,-50,6,None
0,127,-8,-18,6,52,96,26,87,0,0,0,-72,-50,6,None
0,-128,43,-52,-33,101,75,4,-21,0,0,0,-72,-50,6,None
0,-128,43,-52,-33,101,75,4,-21,0,0,0,-72,-50,6,None
0,-128,43,-52,-33,101,75,4,-21,0,0,0,-90,-31,7,None
0,100,0,-22,39,-18,-97,-37,29,0,0,0,-90,-31,7,None
0,7,7,5,5,-113,-90,-29,11,0,0,0,-90,-31,7,None
0,-18,-13,-51,-18,22,-30,-7,-1,0,0,0,-90,-31,7,None
0,23,12,-41,-2,85,62,35,119,0,0,0,-90,-31,7,None
0,23,12,-41,-2,85,62,35,119,0,0,0,-90,-31,7,None
0,23,12,-41,-2,85,62,35,119,0,0,0,-74,-49,-1,None
0,-33,-1,-6,-30,-18,97,60,29,0,0,0,-74,-49,-1,None
0,-13,-13,10,-10,27,-69,-34,-35,0,0,0,-74,-49,-1,None
0,-30,-5,-10,-7,-66,2,22,28,0,0,0,-74,-49,-1,None
0,30,-12,9,9,-70,-29,-7,-45,0,0,0,-74,-49,-1,None
0,30,-12,9,9,-70,-29,-7,-45,0,0,0,-74,-49,-1,None
0,30,-12,9,9,-70,-29,-7,-45,0,0,0,-45,-62,7,None
0,-87,13,0,-24,-15,23,13,-15,0,0,0,-45,-62,7,None
0,-18,-1,11,17,2,25,-8,-21,0,0,0,-45,-62,7,None
0,0,-1,-6,11,-4,-3,-13,-39,0,0,0,-45,-62,7,None
0,4,-1,15,15,5,-10,4,10,0,0,0,-45,-62,7,None
0,4,-1,15,15,5,-10,4,10,0,0,0,-45,-62,7,None
0,4,-1,15,15,5,-10,4,10,0,0,0,-20,-75,7,None
0,-19,8,-12,-38,-40,36,5,-29,0,0,0,-20,-75,7,None
0,-5,5,25,42,53,-16,-10,-13,0,0,0,-20,-75,7,None
0,47,7,-5,-2,-56,30,9,5,0,0,0,-20,-75,7,None
0,27,32,3,102,-16,-52,-32,-33,0,0,0,-20,-75,7,None
0,27,32,3,102,-16,-52,-32,-33,0,0,0,-20,-75,7,None
0,27,32,3,102,-16,-52,-32,-33,0,0,0,-70,-24,0,None
0,-104,-80,-16,-97,40,31,41,47,0,0,0,-70,-24,0,None
0,52,57,14,66,17,21,-66,-27,0,0,0,-70,-24,0,None
0,-83,-115,-46,-86,-59,-48,28,-3,0,0,0,-70,-24,0,None
0,33,83,52,102,55,26,7,15,0,0,0,-70,-24,0,None
0,33,83,52,102,55,26,7,15,0,0,0,-70,-24,0,None
0,33,83,52,102,55,26,7,15,0,0,0,-92,-52,12,None
0,-53,-34,-43,-59,-84,-7,-12,-44,0,0,0,-92,-52,12,None
0,79,7,8,88,63,-9,-4,31,0,0,0,-92,-52,12,None
0,-7,42,-16,-55,-85,-1,-43,-8,0,0,0,-92,-52,12,None
0,-32,-50,5,41,61,-4,9,-9,0,0,0,-92,-52,12,None
0,-32,-50,5,41,61,-4,9,-9,0,0,0,-92,-52,12,None
0,-32,-50,5,41,61,-4,9,-9,0,0,0,-74,-64,29,None
0,67,-15,21,46,111,47,62,48,0,0,0,-74,-64,29,None
0,30,-22,-19,-103,-88,-53,-20,-46,0,0,0,-74,-64,29,None
0,-58,-2,12,-26,94,14,0,-13,0,0,0,-74,-64,29,None
0,10,-10,-17,-72,-29,-32,3,5,0,0,0,-74,-64,29,None
0,10,-10,-17,-72,-29,-32,3,5,0,0,0,-74,-64,29,None
0,10,-10,-17,-72,-29,-32,3,5,0,0,0,-65,-29,22,None
0,-19,10,22,30,-102,13,-20,-15,0,0,0,-65,-29,22,None
0,-24,-57,-16,-43,73,11,15,0,0,0,0,-65,-29,22,None
0,44,38,19,101,-25,8,-3,6,0,0,0,-65,-29,22,None
0,-13,-17,-1,-35,-71,-15,-2,12,0,0,0,-65,-29,22,None
0,-13,-17,-1,-35,-71,-15,-2,12,0,0,0,-65,-29,22,None
0,-13,-17,-1,-35,-71,-15,-2,12,0,0,0,-83,-11,19,None
0,2,15,-7,-17,28,5,-6,-14,0,0,0,-83,-11,19,None
0,-26,-10,-12,-107,-50,-3,-2,-8,0,0,0,-83,-11,19,None
0,15,9,7,91,69,2,-2,-2,0,0,0,-83,-11,19,None
0,-28,-42,3,54,-38,-3,-10,-4,0,0,0,-83,-11,19,None
0,-28,-42,3,54,-38,-3,-10,-4,0,0,0,-83,-11,19,None
0,-28,-42,3,54,-38,-3,-10,-4,0,0,0,-98,-28,23,None
0,33,61,-8,-33,-23,-8,6,-7,0,0,0,-98,-28,23,None
0,-16,10,9,34,12,13,13,-3,0,0,0,-98,-28,23,None
0,10,26,2,67,23,1,4,1,0,0,0,-98,-28,23,None
0,3,-12,-19,-64,-47,-9,-3,10,0,0,0,-98,-28,23,None
0,3,-12,-19,-64,-47,-9,-3,10,0,0,0,-98,-28,23,None
0,3,-12,-19,-64,-47,-9,-3,10,0,0,0,-97,-32,27,None
0,13,31,22,127,91,11,-8,-6,0,0,0,-97,-32,27,None
0,-34,17,-4,-17,-13,-6,6,-2,0,0,0,-97,-32,27,None
0,7,-17,-6,-7,-51,-2,-6,-5,0,0,0,-97,-32,27,None
0,8,1,1,-8,-54,-8,-2,-3,0,0,0,-97,-32,27,None
0,8,1,1,-8,-54,-8,-2,-3,0,0,0,-97,-32,27,None
0,8,1,1,-8,-54,-8,-2,-3,0,0,0,-105,-36,21,None
0,-6,7,-1,16,29,-4,-9,-4,0,0,0,-105,-36,21,None
0,-24,8,-2,-26,-5,3,5,-2,0,0,0,-105,-36,21,None
0,18,1,-1,-7,-46,44,12,9,0,0,0,-105,-36,21,None
0,106,13,-2,6,76,-69,-10,52,0,0,0,-105,-36,21,None
0,106,13,-2,6,76,-69,-10,52,0,0,0,-105,-36,21,None
0,106,13,-2,6,76,-69,-10,52,0,0,0,-103,-28,21,None
0,-107,6,-6,-64,-35,56,9,26,0,0,0,-103,-28,21,None
0,96,3,12,43,33,-11,16,23,0,0,0,-103,-28,21,None
0,-37,37,-14,-46,33,17,27,88,0,0,0,-103,-28,21,None
0,19,-26,37,11,121,-104,-63,-114,0,0,0,-103,-28,21,None
0,19,-26,37,11,121,-104,-63,-114,0,0,0,-103,-28,21,None
0,19,-26,37,11,121,-104,-63,-114,0,0,0,-103,-36,23,None
0,71,21,-35,-33,-119,95,65,34,0,0,0,-103,-36,23,None
0,-128,-32,17,106,106,-125,-83,-128,0,0,0,-103,-36,23,None
0,127,49,-56,-30,80,-2,-21,-15,0,0,0,-103,-36,23,None
0,28,-21,46,-51,-82,91,51,109,0,0,0,-103,-36,23,None
0,28,-21,46,-51,-82,91,51,109,0,0,0,-103,-36,23,None
0,28,-21,46,-51,-82,91,51,109,0,0,0,-118,-19,6,None
0,-78,33,-44,29,-35,7,-6,-113,0,0,0,-118,-19,6,None
0,118,-9,71,42,40,-62,-12,98,0,0,0,-118,-19,6,None
0,15,0,-34,-56,-73,28,14,46,0,0,0,-118,-19,6,None
0,-89,-4,-30,-58,-68,68,28,41,0,0,0,-118,-19,6,None
0,-89,-4,-30,-58,-68,68,28,41,0,0,0,-118,-19,6,None
0,-89,-4,-30,-58,-68,68,28,41,0,0,0,-113,-26,16,None
0,66,-22,14,16,24,-88,-11,46,0,0,0,-113,-26,16,None
0,-128,11,14,-60,-116,34,41,-75,0,0,0,-113,-26,16,None
0,49,-8,69,63,68,25,-54,-42,0,0,0,-113,-26,16,None
0,-39,-8,-39,26,88,-80,-19,43,0,0,0,-113,-26,16,None
0,-39,-8,-39,26,88,-80,-19,43,0,0,0,-113,-26,16,None
0,-39,-8,-39,26,88,-80,-19,43,0,0,0,-85,-22,0,None
0,107,-14,-42,-13,17,-19,-32,38,0,0,0,-85,-22,0,None
0,-124,10,-61,-16,-56,32,22,90,0,0,0,-85,-22,0,None
0,5,-28,25,1,-28,-92,1,4,0,0,0,-85,-22,0,None
0,-89,16,10,24,-3,-22,-9,-51,0,0,0,-85,-22,0,None
0,-89,16,10,24,-3,-22,-9,-51,0,0,0,-85,-22,0,None
0,-89,16,10,24,-3,-22,-9,-51,0,0,0,-22,-71,-8,None
0,-21,17,50,18,14,-35,-36,-98,0,0,0,-22,-71,-8,None
0,69,14,-7,6,-26,32,10,-3,0,0,0,-22,-71,-8,None
0,-61,-15,-31,0,8,1,17,-4,0,0,0,-22,-71,-8,None
0,-7,3,1,-10,-31,11,7,-22,0,0,0,-22,-71,-8,None
0,-7,3,1,-10,-31,11,7,-22,0,0,0,-22,-71,-8,None
0,-7,3,1,-10,-31,11,7,-22,0,0,0,-52,-44,15,None
0,-14,-1,5,1,-2,-10,-11,-1,0,0,0,-52,-44,15,None
0,24,2,-22,-16,-10,45,14,32,0,0,0,-52,-44,15,None
0,-32,-12,29,0,-37,-11,-4,-42,0,0,0,-52,-44,15,None
0,5,16,-15,-2,3,8,-4,-20,0,0,0,-52,-44,15,None
0,5,16,-15,-2,3,8,-4,-20,0,0,0,-52,-44,15,None
0,5,16,-15,-2,3,8,-4,-20,0,0,0,-100,-39,18,None
0,20,-5,13,-8,54,2,4,27,0,0,0,-100,-39,18,None
0,7,2,-12,-15,-11,17,-4,-21,0,0,0,-100,-39,18,None
0,-16,8,-4,-33,41,-13,1,0,0,0,0,-100,-39,18,None
0,33,3,12,72,-24,20,-2,-20,0,0,0,-100,-39,18,None
0,33,3,12,72,-24,20,-2,-20,0,0,0,-100,-39,18,None
0,33,3,12,72,-24,20,-2,-20,0,0,0,-81,-61,9,None
0,-21,-5,-21,-93,-11,5,3,18,0,0,0,-81,-61,9,None
0,6,2,4,26,-34,0,-1,-1,0,0,0,-81,-61,9,None
0,2,6,-3,127,99,10,-15,-20,0,0,0,-81,-61,9,None
0,25,-22,-28,-114,-111,-2,-15,28,0,0,0,-81,-61,9,None
0,25,-22,-28,-114,-111,-2,-15,28,0,0,0,-81,-61,9,None
0,25,-22,-28,-114,-111,-2,-15,28,0,0,0,-79,-17,19,None
0,-61,-41,24,77,73,-19,-1,-96,0,0,0,-79,-17,19,None
0,0,-5,1,26,101,8,9,23,0,0,0,-79,-17,19,None
0,34,-13,-5,-82,-21,-14,-60,-7,0,0,0,-79,-17,19,None
0,-25,51,-9,-9,-61,22,104,26,0,0,0,-79,-17,19,None
0,-25,51,-9,-9,-61,22,104,26,0,0,0,-79,-17,19,None
0,-25,51,-9,-9,-61,22,104,26,0,0,0,-99,-2,27,None
0,9,3,6,47,10,2,-25,35,0,0,0,-99,-2,27,None
0,43,-1,6,42,112,16,2,-23,0,0,0,-99,-2,27,None
0,-30,-13,-11,75,-72,-9,8,1,0,0,0,-99,-2,27,None
0,-6,15,4,80,-39,1,-50,-22,0,0,0,-99,-2,27,None
0,-6,15,4,80,-39,1,-50,-22,0,0,0,-99,-2,27,None
0,-6,15,4,80,-39,1,-50,-22,0,0,0,-75,-18,25,None
0,9,3,-17,-107,-39,-15,-4,9,0,0,0,-75,-18,25,None
0,-5,24,6,58,52,22,16,6,0,0,0,-75,-18,25,None
0,-6,-4,-1,-112,-71,-10,-3,-1,0,0,0,-75,-18,25,None
0,-5,-9,1,27,127,31,-5,-20,0,0,0,-75,-18,25,None
0,-5,-9,1,27,127,31,-5,-20,0,0,0,-75,-18,25,None
0,-5,-9,1,27,127,31,-5,-20,0,0,0,-69,-36,32,None
0,13,27,23,96,61,6,16,31,0,0,0,-69,-36,32,None
0,3,-6,-15,-28,-10,-30,-17,-13,0,0,0,-69,-36,32,None
0,-17,9,25,93,60,9,19,0,0,0,0,-69,-36,32,None
0,18,-13,-23,-128,-25,-1,0,-7,0,0,0,-69,-36,32,None
0,18,-13,-23,-128,-25,-1,0,-7,0,0,0,-69,-36,32,None
0,18,-13,-23,-128,-25,-1,0,-7,0,0,0,-90,-42,31,None
0,-9,-5,2,98,81,18,6,11,0,0,0,-90,-42,31,None
0,-3,4,1,17,-59,3,-8,4,0,0,0,-90,-42,31,None
0,-1,1,0,-6,-56,0,15,-2,0,0,0,-90,-42,31,None
0,-2,6,4,37,115,-1,-1,-1,0,0,0,-90,-42,31,None
0,-2,6,4,37,115,-1,-1,-1,0,0,0,-90,-42,31,None
0,-2,6,4,37,115,-1,-1,-1,0,0,0,-90,-32,28,None
0,2,0,4,-10,-128,-9,-9,7,0,0,0,-90,-32,28,None
0,-1,3,-3,-17,-123,-3,1,0,0,0,0,-90,-32,28,None
0,-9,1,-7,-44,26,1,6,-3,0,0,0,-90,-32,28,None
0,3,-7,-7,-24,-71,-1,-15,-11,0,0,0,-90,-32,28,None
0,3,-7,-7,-24,-71,-1,-15,-11,0,0,0,-90,-32,28,None
0,3,-7,-7,-24,-71,-1,-15,-11,0,0,0,-92,-27,33,None
0,-8,2,-1,33,47,1,-1,5,0,0,0,-92,-27,33,None
0,6,-3,-8,-45,57,4,1,0,0,0,0,-92,-27,33,None
0,-8,-4,2,17,11,-3,2,-4,0,0,0,-92,-27,33,None
0,-2,-5,-1,-24,-6,0,-8,-3,0,0,0,-92,-27,33,None
0,-2,-5,-1,-24,-6,0,-8,-3,0,0,0,-92,-27,33,None
0,-2,-5,-1,-24,-6,0,-8,-3,0,0,0,-92,-33,32,None
0,0,3,-5,-43,-18,0,3,4,0,0,0,-92,-33,32,None
0,-2,4,-7,-33,-65,-3,1,5,0,0,0,-92,-33,32,None
0,-3,-2,1,23,114,14,-1,-2,0,0,0,-92,-33,32,None
0,-2,-3,-2,39,32,-9,-6,-8,0,0,0,-92,-33,32,None
0,-2,-3,-2,39,32,-9,-6,-8,0,0,0,-92,-33,32,None
0,-2,-3,-2,39,32,-9,-6,-8,0,0,0,-86,-39,29,None
0,-2,1,2,-8,46,-6,-1,0,0,0,0,-86,-39,29,None
0,0,-1,-9,-40,-11,-1,-7,-2,0,0,0,-86,-39,29,None
0,-4,1,-1,48,44,2,5,-1,0,0,0,-86,-39,29,None
0,3,-5,-8,-11,20,3,-1,-2,0,0,0,-86,-39,29,None
0,3,-5,-8,-11,20,3,-1,-2,0,0,0,-86,-39,29,None
0,3,-5,-8,-11,20,3,-1,-2,0,0,0,-90,-43,27,None
0,-2,1,-2,9,-14,-4,-2,1,0,0,0,-90,-43,27,None
0,-4,0,-1,1,-2,1,-8,-4,0,0,0,-90,-43,27,None
0,0,0,-4,-36,-22,-6,3,1,0,0,0,-90,-43,27,None
0,-2,0,1,20,-3,5,0,-1,0,0,0,-90,-43,27,None
0,-2,0,1,20,-3,5,0,-1,0,0,0,-90,-43,27,None
0,-2,0,1,20,-3,5,0,-1,0,0,0,-87,-37,27,None
0,0,1,-5,-6,23,-3,-6,-2,0,0,0,-87,-37,27,None
0,-3,-2,-4,-13,-3,-5,-7,-17,0,0,0,-87,-37,27,None
0,0,0,-1,-6,-44,-1,9,19,0,0,0,-87,-37,27,None
0,4,5,-1,2,7,-5,-6,-1,0,0,0,-87,-37,27,None
0,4,5,-1,2,7,-5,-6,-1,0,0,0,-87,-37,27,None
0,4,5,-1,2,7,-5,-6,-1,0,0,0,-82,-30,24,None
0,-1,2,-4,-10,-41,-2,3,1,0,0,0,-82,-30,24,None
0,0,0,-3,2,19,1,-2,-3,0,0,0,-82,-30,24,None
0,-4,-3,-3,-12,-4,7,1,-5,0,0,0,-82,-30,24,None
0,1,0,1,12,3,-5,-5,2,0,0,0,-82,-30,24,None
0,1,0,1,12,3,-5,-5,2,0,0,0,-82,-30,24,None
0,1,0,1,12,3,-5,-5,2,0,0,0,-76,-40,20,None
0,-1,2,-1,-10,7,-1,-2,-3,0,0,0,-76,-40,20,None
0,-3,-1,-3,5,18,-1,-2,0,0,0,0,-76,-40,20,None
0,1,3,-3,-20,-20,-6,-5,-1,0,0,0,-76,-40,20,None
0,-4,2,0,7,-5,-4,-1,-1,0,0,0,-76,-40,20,None
0,-4,2,0,7,-5,-4,-1,-1,0,0,0,-76,-40,20,None
0,-4,2,0,7,-5,-4,-1,-1,0,0,0,-68,-49,20,None
0,0,1,-3,-5,-15,2,-1,0,0,0,0,-68,-49,20,None
0,-1,1,-1,-4,8,-1,-2,2,0,0,0,-68,-49,20,None
0,-2,-4,-2,1,-11,-1,0,-2,0,0,0,-68,-49,20,None
0,0,-1,-1,5,10,1,0,-8,0,0,0,-68,-49,20,None
0,0,-1,-1,5,10,1,0,-8,0,0,0,-68,-49,20,None
0,0,-1,-1,5,10,1,0,-8,0,0,0,-67,-48,20,None
0,-1,-3,-3,-4,0,-2,-3,-2,0,0,0,-67,-48,20,None
0,-2,5,-3,-3,2,8,2,7,0,0,0,-67,-48,20,None
0,3,-2,-2,-3,-1,-7,-5,-10,0,0,0,-67,-48,20,None
0,-9,-15,-3,7,8,0,-1,-3,0,0,0,-67,-48,20,None
0,-9,-15,-3,7,8,0,-1,-3,0,0,0,-67,-48,20,None
0,-9,-15,-3,7,8,0,-1,-3,0,0,0,-69,-45,18,None
0,2,6,-3,-12,-5,2,4,5,0,0,0,-69,-45,18,None
0,-3,-2,-4,-1,-4,-4,-1,1,0,0,0,-69,-45,18,None
0,0,11,0,-3,-5,-5,-2,-6,0,0,0,-69,-45,18,None
0,0,1,-1,-3,-1,0,-1,-1,0,0,0,-69,-45,18,None
0,0,1,-1,-3,-1,0,-1,-1,0,0,0,-69,-45,18,None
0,0,1,-1,-3,-1,0,-1,-1,0,0,0,-64,-43,14,None
0,-3,0,1,0,2,-2,-1,1,0,0,0,-64,-43,14,None
0,1,2,2,2,3,0,-1,-2,0,0,0,-64,-43,14,None
0,-2,-2,-2,-4,2,-2,-2,-3,0,0,0,-64,-43,14,None
0,-2,2,-3,-2,-8,-3,-3,-1,0,0,0,-64,-43,14,None
0,-2,2,-3,-2,-8,-3,-3,-1,0,0,0,-64,-43,14,None
0,-2,2,-3,-2,-8,-3,-3,-1,0,0,0,-59,-47,17,None
0,-3,-3,-3,-2,0,-3,-4,-3,0,0,0,-59,-47,17,None
0,-1,0,-1,1,1,-2,0,-1,0,0,0,-59,-47,17,None
0,-4,0,-1,-6,-1,0,-1,-1,0,0,0,-59,-47,17,None
0,1,0,0,4,6,0,3,-1,0,0,0,-59,-47,17,None
0,1,0,0,4,6,0,3,-1,0,0,0,-59,-47,17,None
0,1,0,0,4,6,0,3,-1,0,0,0,-59,-49,20,None
0,-1,3,-3,-2,-9,-1,-1,1,0,0,0,-59,-49,20,None
0,-1,-2,-9,-2,1,-2,-4,-4,0,0,0,-59,-49,20,None
0,-5,-1,0,1,-3,-2,-1,-1,0,0,0,-59,-49,20,None
0,1,2,1,0,4,-4,-3,-3,0,0,0,-59,-49,20,None
0,1,2,1,0,4,-4,-3,-3,0,0,0,-59,-49,20,None
0,1,2,1,0,4,-4,-3,-3,0,0,0,-58,-51,18,None
0,0,1,0,-5,-1,0,-1,-1,0,0,0,-58,-51,18,None
0,-2,-1,-3,-1,1,2,1,1,0,0,0,-58,-51,18,None
0,-2,0,-2,1,-1,-4,-3,-3,0,0,0,-58,-51,18,None
0,0,2,-5,0,2,0,0,-1,0,0,0,-58,-51,18,None
0,0,2,-5,0,2,0,0,-1,0,0,0,-58,-51,18,None
0,0,2,-5,0,2,0,0,-1,0,0,0,-54,-54,18,None
0,-2,0,-2,-4,-5,-1,-3,-1,0,0,0,-54,-54,18,None
0,-2,-3,0,-2,-2,-2,1,-2,0,0,0,-54,-54,18,None
0,-1,1,-1,0,4,4,1,0,0,0,0,-54,-54,18,None
0,-1,1,-1,4,4,-4,-4,-3,0,0,0,-54,-54,18,None
0,-1,1,-1,4,4,-4,-4,-3,0,0,0,-54,-54,18,None
0,-1,1,-1,4,4,-4,-4,-3,0,0,0,-54,-59,16,None
0,-2,-1,-1,-7,-8,-2,-2,-2,0,0,0,-54,-59,16,None
0,-1,1,-1,6,7,0,0,-1,0,0,0,-54,-59,16,None
0,-1,1,-1,6,7,0,0,-1,0,0,0,-54,-59,16,None
0,-1,1,-1,6,7,0,0,-1,0,0,0,-52,-66,23,None
0,-1,1,-1,-11,0,-2,-1,-3,0,0,0,-52,-66,23,None
0,-1,1,-4,5,0,-2,-1,-1,0,0,0,-52,-66,23,None
0,-1,0,-4,-6,-1,-1,0,0,0,0,0,-52,-66,23,None
0,0,-1,-1,-1,-1,-3,-2,0,0,0,0,-52,-66,23,None
0,0,-1,-1,-1,-1,-3,-2,0,0,0,0,-52,-66,23,None
0,0,-1,-1,-1,-1,-3,-2,0,0,0,0,-47,-80,28,None
0,-1,0,-3,-7,-2,-1,-1,-1,0,0,0,-47,-80,28,None
0,-2,-2,-2,-3,5,-4,-2,-1,0,0,0,-47,-80,28,None
0,-2,1,-2,5,-9,-1,-2,-3,0,0,0,-47,-80,28,None
0,-3,0,3,6,15,3,-2,-1,0,0,0,-47,-80,28,None
0,-3,0,3,6,15,3,-2,-1,0,0,0,-47,-80,28,None
0,-3,0,3,6,15,3,-2,-1,0,0,0,-46,-85,20,None
0,-2,-2,-5,-6,-1,-3,-3,-4,0,0,0,-46,-85,20,None
0,1,1,-1,12,-2,4,2,2,0,0,0,-46,-85,20,None
0,-1,2,0,-6,3,-6,-2,-2,0,0,0,-46,-85,20,None
0,-1,1,-2,-23,-4,5,0,0,0,0,0,-46,-85,20,None
0,-1,1,-2,-23,-4,5,0,0,0,0,0,-46,-85,20,None
0,-1,1,-2,-23,-4,5,0,0,0,0,0,-43,-85,19,None
0,-2,-1,-7,-30,-33,-7,-2,-2,0,0,0,-43,-85,19,None
0,-1,-1,3,10,41,1,-4,-3,0,0,0,-43,-85,19,None
0,-1,1,1,19,8,0,0,0,0,0,0,-43,-85,19,None
0,-2,0,-6,-11,-10,-7,-3,-3,0,0,0,-43,-85,19,None
0,-2,0,-6,-11,-10,-7,-3,-3,0,0,0,-43,-85,19,None
0,-2,0,-6,-11,-10,-7,-3,-3,0,0,0,-35,-89,24,None
0,0,2,3,18,11,0,-2,1,0,0,0,-35,-89,24,None
0,-2,0,-5,-21,-24,-1,-2,-1,0,0,0,-35,-89,24,None
0,0,1,-1,15,0,-2,-2,-1,0,0,0,-35,-89,24,None
0,-3,0,-2,0,0,-5,-2,-3,0,0,0,-35,-89,24,None
0,-3,0,-2,0,0,-5,-2,-3,0,0,0,-35,-89,24,None
0,-3,0,-2,0,0,-5,-2,-3,0,0,0,-30,-93,27,None
0,-1,1,-4,7,2,2,2,-2,0,0,0,-30,-93,27,None
0,-1,0,-3,-7,-10,0,1,-1,0,0,0,-30,-93,27,None
0,-3,-2,-2,35,16,-5,-3,-3,0,0,0,-30,-93,27,None
0,0,0,0,9,-19,-1,-3,0,0,0,0,-30,-93,27,None
0,0,0,0,9,-19,-1,-3,0,0,0,0,-30,-93,27,None
0,0,0,0,9,-19,-1,-3,0,0,0,0,-26,-96,19,None
0,-2,0,-3,46,17,8,0,-2,0,0,0,-26,-96,19,None
0,-1,2,-3,-58,14,-6,-1,-2,0,0,0,-26,-96,19,None
0,-1,-1,-2,-14,-11,1,0,-1,0,0,0,-26,-96,19,None
0,0,1,-1,-6,-1,-2,1,0,0,0,0,-26,-96,19,None
0,0,1,-1,-6,-1,-2,1,0,0,0,0,-26,-96,19,None
0,0,1,-1,-6,-1,-2,1,0,0,0,0,-14,-95,16,None
0,0,1,4,38,3,-1,-1,-1,0,0,0,-14,-95,16,None
0,-1,0,-2,-13,-15,2,-1,1,0,0,0,-14,-95,16,None
0,1,2,-15,-13,10,-5,1,-1,0,0,0,-14,-95,16,None
0,-2,0,17,16,3,3,-3,-2,0,0,0,-14,-95,16,None
0,-2,0,17,16,3,3,-3,-2,0,0,0,-14,-95,16,None
0,-2,0,17,16,3,3,-3,-2,0,0,0,-1,-105,20,None
0,-3,0,5,33,13,-11,-6,-3,0,0,0,-1,-105,20,None
0,0,3,3,35,7,9,1,-2,0,0,0,-1,-105,20,None
0,-1,0,0,-84,-32,8,1,1,0,0,0,-1,-105,20,None
0,0,-1,-45,58,20,-1,-1,0,0,0,0,-1,-105,20,None
0,0,-1,-45,58,20,-1,-1,0,0,0,0,-1,-105,20,None
0,0,-1,-45,58,20,-1,-1,0,0,0,0,4,-107,21,None
0,-1,1,6,32,24,0,-2,-4,0,0,0,4,-107,21,None
0,-3,-1,9,-13,-52,-16,-5,-4,0,0,0,4,-107,21,None
0,-2,-1,9,40,28,-3,0,-2,0,0,0,4,-107,21,None
0,1,-1,3,-64,-28,8,2,0,0,0,0,4,-107,21,None
0,1,-1,3,-64,-28,8,2,0,0,0,0,4,-107,21,None
0,1,-1,3,-64,-28,8,2,0,0,0,0,4,-97,14,None
0,-1,1,4,41,-5,-6,0,-3,0,0,0,4,-97,14,None
0,-1,-1,-20,28,3,-1,0,-2,0,0,0,4,-97,14,None
0,-1,0,9,-32,10,-5,-5,-2,0,0,0,4,-97,14,None
0,1,2,19,-67,-10,-9,-2,0,0,0,0,4,-97,14,None
0,1,2,19,-67,-10,-9,-2,0,0,0,0,4,-97,14,None
0,1,2,19,-67,-10,-9,-2,0,0,0,0,16,-102,13,None
0,-2,-4,-54,-67,-5,12,0,0,0,0,0,16,-102,13,None
0,0,2,12,111,90,6,-2,-1,0,0,0,16,-102,13,None
0,-2,-4,-37,-30,-24,7,0,-2,0,0,0,16,-102,13,None
0,0,2,-5,-23,-45,-8,-2,0,0,0,0,16,-102,13,None
0,0,2,-5,-23,-45,-8,-2,0,0,0,0,16,-102,13,None
0,0,2,-5,-23,-45,-8,-2,0,0,0,0,26,-109,12,None
0,-1,1,24,42,-6,-13,-9,-2,0,0,0,26,-109,12,None
0,-1,-4,-24,-70,2,8,1,2,0,0,0,26,-109,12,None
0,1,3,7,-4,2,0,0,-1,0,0,0,26,-109,12,None
0,0,6,5,79,-64,0,0,-2,0,0,0,26,-109,12,None
0,0,6,5,79,-64,0,0,-2,0,0,0,26,-109,12,None
0,0,6,5,79,-64,0,0,-2,0,0,0,28,-116,6,None
0,-1,-2,15,-2,-39,-7,-3,-2,0,0,0,28,-116,6,None
0,-1,2,-9,73,79,-6,-6,-4,0,0,0,28,-116,6,None
0,-3,0,19,119,-35,0,-2,0,0,0,0,28,-116,6,None
0,-4,-4,9,-15,-17,4,0,0,0,0,0,28,-116,6,None
0,-4,-4,9,-15,-17,4,0,0,0,0,0,28,-116,6,None
0,-4,-4,9,-15,-17,4,0,0,0,0,0,32,-120,1,None
0,2,4,-5,-66,-72,14,5,3,0,0,0,32,-120,1,None
0,-1,2,4,-9,37,-3,-1,-2,0,0,0,32,-120,1,None
0,-2,3,12,3,-34,-15,-5,-1,0,0,0,32,-120,1,None
0,-1,-1,-20,51,77,-1,-2,-4,0,0,0,32,-120,1,None
0,-1,-1,-20,51,77,-1,-2,-4,0,0,0,32,-120,1,None
0,-1,-1,-20,51,77,-1,-2,-4,0,0,0,38,-116,1,None
0,-2,3,11,19,102,5,1,-1,0,0,0,38,-116,1,None
0,-8,-11,-49,-20,-38,-3,-7,-7,0,0,0,38,-116,1,None
0,-1,2,4,-98,-33,2,1,0,0,0,0,38,-116,1,None
0,-2,-2,-17,-37,-79,-12,-2,0,0,0,0,38,-116,1,None
0,-2,-2,-17,-37,-79,-12,-2,0,0,0,0,38,-116,1,None
0,-2,-2,-17,-37,-79,-12,-2,0,0,0,0,46,-108,3,None
0,-1,0,-18,-65,26,7,-2,-2,0,0,0,46,-108,3,None
0,0,4,66,69,8,-3,1,-3,0,0,0,46,-108,3,None
0,1,-2,-24,-37,-60,10,-1,-2,0,0,0,46,-108,3,None
0,2,5,8,81,126,10,4,2,0,0,0,46,-108,3,None
0,2,5,8,81,126,10,4,2,0,0,0,46,-108,3,None
0,2,5,8,81,126,10,4,2,0,0,0,51,-96,4,None
0,-4,-6,-26,59,35,-11,-5,-2,0,0,0,51,-96,4,None
0,1,3,3,-66,-66,-1,1,1,0,0,0,51,-96,4,None
0,-2,-1,-11,-21,42,1,-2,-2,0,0,0,51,-96,4,None
0,2,1,-18,-2,13,-5,-2,0,0,0,0,51,-96,4,None
0,2,1,-18,-2,13,-5,-2,0,0,0,0,51,-96,4,None
0,2,1,-18,-2,13,-5,-2,0,0,0,0,54,-97,3,None
0,-3,-1,2,31,25,-5,-1,-2,0,0,0,54,-97,3,None
0,0,6,-1,4,7,-2,-2,0,0,0,0,54,-97,3,None
0,-4,-23,10,59,62,-5,-3,-1,0,0,0,54,-97,3,None
0,-3,0,4,3,14,3,-2,-3,0,0,0,54,-97,3,None
0,-3,0,4,3,14,3,-2,-3,0,0,0,54,-97,3,None
0,-3,0,4,3,14,3,-2,-3,0,0,0,53,-101,0,None
0,-2,5,-3,-108,-97,-6,0,-2,0,0,0,53,-101,0,None
0,-2,-8,-15,73,63,7,-4,-1,0,0,0,53,-101,0,None
0,-3,4,1,54,-5,-3,0,-1,0,0,0,53,-101,0,None
0,-6,-13,-5,5,-21,-6,-4,-4,0,0,0,53,-101,0,None
0,-6,-13,-5,5,-21,-6,-4,-4,0,0,0,53,-101,0,None
0,-6,-13,-5,5,-21,-6,-4,-4,0,0,0,61,-100,2,None
0,0,0,8,63,41,5,0,0,0,0,0,61,-100,2,None
0,4,10,12,-10,-38,-8,1,0,0,0,0,61,-100,2,None
0,-1,7,3,-7,-7,6,1,0,0,0,0,61,-100,2,None
0,-2,5,3,-14,61,-4,-2,-3,0,0,0,61,-100,2,None
0,-2,5,3,-14,61,-4,-2,-3,0,0,0,61,-100,2,None
0,-2,5,3,-14,61,-4,-2,-3,0,0,0,67,-93,-2,None
0,1,9,4,-15,-39,-4,0,0,0,0,0,67,-93,-2,None
0,-1,-2,-7,-36,-81,-5,-2,-2,0,0,0,67,-93,-2,None
0,0,7,-1,-20,3,-4,-2,-2,0,0,0,67,-93,-2,None
0,-7,-27,-2,-14,-27,-3,-3,-3,0,0,0,67,-93,-2,None
0,-7,-27,-2,-14,-27,-3,-3,-3,0,0,0,67,-93,-2,None
0,-7,-27,-2,-14,-27,-3,-3,-3,0,0,0,76,-99,-1,None
0,-2,12,0,-71,-7,-1,-1,-1,0,0,0,76,-99,-1,None
0,-3,6,-6,7,7,-3,-3,-3,0,0,0,76,-99,-1,None
0,-4,-17,-3,30,10,2,-1,-3,0,0,0,76,-99,-1,None
0,3,22,9,-23,-24,0,-2,1,0,0,0,76,-99,-1,None
0,3,22,9,-23,-24,0,-2,1,0,0,0,76,-99,-1,None
0,3,22,9,-23,-24,0,-2,1,0,0,0,75,-90,0,None
0,-2,-1,1,15,-7,-3,0,-1,0,0,0,75,-90,0,None
0,-1,-11,2,27,-5,-1,0,0,0,0,0,75,-90,0,None
0,4,22,-6,55,31,-1,-1,-1,0,0,0,75,-90,0,None
0,1,4,-1,-26,-17,-1,-3,-1,0,0,0,75,-90,0,None
0,1,4,-1,-26,-17,-1,-3,-1,0,0,0,75,-90,0,None
0,1,4,-1,-26,-17,-1,-3,-1,0,0,0,73,-79,1,None
0,-1,-6,4,-2,-1,0,-2,-2,0,0,0,73,-79,1,None
0,-2,3,-5,-9,-3,1,0,-2,0,0,0,73,-79,1,None
0,-1,1,-3,10,0,-4,-1,-1,0,0,0,73,-79,1,None
0,-3,4,10,28,-12,3,1,-1,0,0,0,73,-79,1,None
0,-3,4,10,28,-12,3,1,-1,0,0,0,73,-79,1,None
0,-3,4,10,28,-12,3,1,-1,0,0,0,67,-84,5,None
0,-4,-18,-19,6,39,-5,-4,-3,0,0,0,67,-84,5,None
0,-1,1,-5,-52,-21,0,-2,-3,0,0,0,67,-84,5,None
0,0,-1,-8,-34,-21,-4,-1,-2,0,0,0,67,-84,5,None
0,-2,-3,1,-19,-2,2,1,-1,0,0,0,67,-84,5,None
0,-2,-3,1,-19,-2,2,1,-1,0,0,0,67,-84,5,None
0,-2,-3,1,-19,-2,2,1,-1,0,0,0,61,-88,7,None
0,1,10,-1,-7,-9,-1,1,-1,0,0,0,61,-88,7,None
0,1,6,20,35,37,3,0,1,0,0,0,61,-88,7,None
0,1,31,-19,-28,-2,-6,-3,-3,0,0,0,61,-88,7,None
0,-2,-42,-2,1,-17,-5,-3,-3,0,0,0,61,-88,7,None
0,-2,-42,-2,1,-17,-5,-3,-3,0,0,0,61,-88,7,None
0,-2,-42,-2,1,-17,-5,-3,-3,0,0,0,56,-89,5,None
0,-2,-2,7,17,29,0,-3,-1,0,0,0,56,-89,5,None
0,-2,1,0,-20,-7,-2,-1,-2,0,0,0,56,-89,5,None
0,-1,0,0,0,0,3,-1,0,0,0,0,56,-89,5,None
0,-1,13,-4,10,-6,0,-1,-2,0,0,0,56,-89,5,None
0,-1,13,-4,10,-6,0,-1,-2,0,0,0,56,-89,5,None
0,-1,13,-4,10,-6,0,-1,-2,0,0,0,53,-89,2,None
0,1,-2,-4,1,-10,-2,0,0,0,0,0,53,-89,2,None
0,-3,-10,-9,-27,-6,-1,-1,-1,0,0,0,53,-89,2,None
0,-2,-6,-2,-11,8,-3,-2,-2,0,0,0,53,-89,2,None
0,0,14,-3,0,16,-1,-1,-2,0,0,0,53,-89,2,None
0,0,14,-3,0,16,-1,-1,-2,0,0,0,53,-89,2,None
0,0,14,-3,0,16,-1,-1,-2,0,0,0,52,-87,0,None
0,-5,-28,-2,-22,-1,1,0,-1,0,0,0,52,-87,0,None
0,1,19,4,-7,-57,-3,1,0,0,0,0,52,-87,0,None
0,-11,-49,-3,-33,69,-4,-5,-3,0,0,0,52,-87,0,None
0,-2,13,6,26,21,1,-2,-2,0,0,0,52,-87,0,None
0,-2,13,6,26,21,1,-2,-2,0,0,0,52,-87,0,None
0,-2,13,6,26,21,1,-2,-2,0,0,0,52,-87,-2,None
0,2,10,-3,-2,-20,1,0,-1,0,0,0,52,-87,-2,None
0,1,-3,-1,8,-12,0,0,0,0,0,0,52,-87,-2,None
0,0,2,-1,9,-15,-3,-1,0,0,0,0,52,-87,-2,None
0,-1,-2,-6,-2,13,0,-1,0,0,0,0,52,-87,-2,None
0,-1,-2,-6,-2,13,0,-1,0,0,0,0,52,-87,-2,None
0,-1,-2,-6,-2,13,0,-1,0,0,0,0,55,-82,-4,None
0,-2,3,2,6,6,0,-2,-2,0,0,0,55,-82,-4,None
0,-3,1,-11,-22,0,-4,-2,-2,0,0,0,55,-82,-4,None
0,0,5,2,3,-2,1,-1,-2,0,0,0,55,-82,-4,None
0,-2,1,-6,-9,12,-1,-2,-2,0,0,0,55,-82,-4,None
0,-2,1,-6,-9,12,-1,-2,-2,0,0,0,55,-82,-4,None
0,-2,1,-6,-9,12,-1,-2,-2,0,0,0,54,-80,-6,None
0,3,6,2,-1,-16,-1,-2,0,0,0,0,54,-80,-6,None
0,-3,7,-12,1,7,0,-2,-2,0,0,0,54,-80,-6,None
0,-4,7,17,12,21,-3,-1,-1,0,0,0,54,-80,-6,None
0,-2,-3,-9,-4,-13,-1,-2,-3,0,0,0,54,-80,-6,None
0,-2,-3,-9,-4,-13,-1,-2,-3,0,0,0,54,-80,-6,None
0,-2,-3,-9,-4,-13,-1,-2,-3,0,0,0,55,-83,-7,None
0,-5,-2,-2,9,21,4,-2,-1,0,0,0,55,-83,-7,None
0,1,-5,-2,-4,26,-3,-2,-4,0,0,0,55,-83,-7,None
0,1,4,0,13,-6,1,0,1,0,0,0,55,-83,-7,None
0,0,6,-4,-6,-21,-3,0,0,0,0,0,55,-83,-7,None
0,0,6,-4,-6,-21,-3,0,0,0,0,0,55,-83,-7,None
0,0,6,-4,-6,-21,-3,0,0,0,0,0,55,-84,-8,None
0,-1,2,-1,-6,-7,-1,-2,-1,0,0,0,55,-84,-8,None
0,-1,-3,-4,-8,7,-1,-1,-1,0,0,0,55,-84,-8,None
0,1,4,-8,-5,-19,-1,-2,-2,0,0,0,55,-84,-8,None
0,-2,-2,1,-4,14,-2,-3,-1,0,0,0,55,-84,-8,None
0,-2,-2,1,-4,14,-2,-3,-1,0,0,0,55,-84,-8,None
0,-2,-2,1,-4,14,-2,-3,-1,0,0,0,53,-80,-8,None
0,0,3,-6,-3,-6,-3,-1,0,0,0,0,53,-80,-8,None
0,-3,9,4,20,-1,0,0,-1,0,0,0,53,-80,-8,None
0,0,3,-17,-85,7,-4,-3,-2,0,0,0,53,-80,-8,None
0,-5,-27,7,16,-14,-2,-2,-3,0,0,0,53,-80,-8,None
0,-5,-27,7,16,-14,-2,-2,-3,0,0,0,53,-80,-8,None
0,-5,-27,7,16,-14,-2,-2,-3,0,0,0,51,-80,-9,None
0,0,5,5,20,14,1,0,-1,0,0,0,51,-80,-9,None
0,-3,-7,-2,-7,-8,-2,-3,-2,0,0,0,51,-80,-9,None
0,2,11,-1,25,-4,0,1,1,0,0,0,51,-80,-9,None
0,0,11,-3,-3,8,0,-1,-1,0,0,0,51,-80,-9,None
0,0,11,-3,-3,8,0,-1,-1,0,0,0,51,-80,-9,None
0,0,11,-3,-3,8,0,-1,-1,0,0,0,54,-80,-10,None
0,-1,-2,-5,-18,-13,-4,-1,-1,0,0,0,54,-80,-10,None
0,1,-2,0,-2,1,0,-2,0,0,0,0,54,-80,-10,None
0,-2,-3,-3,11,-6,0,-2,-3,0,0,0,54,-80,-10,None
0,0,4,-3,-7,9,0,-1,-1,0,0,0,54,-80,-10,None
0,0,4,-3,-7,9,0,-1,-1,0,0,0,54,-80,-10,None
0,0,4,-3,-7,9,0,-1,-1,0,0,0,56,-82,-10,None
0,-2,-1,0,9,-5,-2,-2,-1,0,0,0,56,-82,-10,None
0,-1,-1,-6,-17,4,2,-2,-3,0,0,0,56,-82,-10,None
0,-2,-2,0,8,1,1,0,-2,0,0,0,56,-82,-10,None
0,-1,3,-4,-4,1,-2,-2,-3,0,0,0,56,-82,-10,None
0,-1,3,-4,-4,1,-2,-2,-3,0,0,0,56,-82,-10,None
0,-1,3,-4,-4,1,-2,-2,-3,0,0,0,56,-83,-9,None
0,4,5,-11,2,0,-2,-1,-2,0,0,0,56,-83,-9,None
0,2,1,-6,4,-10,-4,-2,0,0,0,0,56,-83,-9,None
0,-5,6,-6,-48,8,-3,-4,-3,0,0,0,56,-83,-9,None
0,1,7,3,15,34,2,-2,0,0,0,0,56,-83,-9,None
0,1,7,3,15,34,2,-2,0,0,0,0,56,-83,-9,None
0,1,7,3,15,34,2,-2,0,0,0,0,55,-84,-8,None
0,-8,-26,-7,-4,-8,0,-1,-2,0,0,0,55,-84,-8,None
0,-1,-3,-2,-8,-8,-2,-2,0,0,0,0,55,-84,-8,None
0,1,4,1,25,-15,-2,-1,-1,0,0,0,55,-84,-8,None
0,1,-2,-6,-8,2,-1,-2,1,0,0,0,55,-84,-8,None
0,1,-2,-6,-8,2,-1,-2,1,0,0,0,55,-84,-8,None
0,1,-2,-6,-8,2,-1,-2,1,0,0,0,56,-83,-7,None
0,-4,10,1,-5,3,-1,-1,-2,0,0,0,56,-83,-7,None
0,-1,-1,-1,-4,-2,-1,-1,-2,0,0,0,56,-83,-7,None
0,-1,-5,2,9,5,-1,-1,-2,0,0,0,56,-83,-7,None
0,0,5,-1,-4,-4,0,-2,-1,0,0,0,56,-83,-7,None
0,0,5,-1,-4,-4,0,-2,-1,0,0,0,56,-83,-7,None
0,0,5,-1,-4,-4,0,-2,-1,0,0,0,56,-83,-7,None
0,1,0,0,7,-1,-2,-1,-1,0,0,0,56,-83,-7,None
0,-1,1,1,10,6,1,0,-2,0,0,0,56,-83,-7,None
0,2,2,0,15,10,4,2,0,0,0,0,56,-83,-7,None
0,-7,-1,-10,-5,-5,-7,-7,-5,0,0,0,56,-83,-7,None
0,-7,-1,-10,-5,-5,-7,-7,-5,0,0,0,56,-83,-7,None
0,-7,-1,-10,-5,-5,-7,-7,-5,0,0,0,56,-84,-6,None
0,2,8,3,0,-3,-2,-1,-1,0,0,0,56,-84,-6,None
0,-3,1,-3,-11,15,-1,-2,-2,0,0,0,56,-84,-6,None
0,0,-6,2,15,0,0,1,-1,0,0,0,56,-84,-6,None
0,0,4,-2,-2,-5,0,1,1,0,0,0,56,-84,-6,None
0,0,4,-2,-2,-5,0,1,1,0,0,0,56,-84,-6,None
0,0,4,-2,-2,-5,0,1,1,0,0,0,56,-83,-7,None
0,-3,-3,-1,-1,-3,-2,-1,-1,0,0,0,56,-83,-7,None
0,-2,-2,0,-2,2,-1,-2,-1,0,0,0,56,-83,-7,None
0,0,3,-4,6,-10,-3,-3,-1,0,0,0,56,-83,-7,None
0,0,2,2,0,-1,1,0,-1,0,0,0,56,-83,-7,None
0,0,2,2,0,-1,1,0,-1,0,0,0,56,-83,-7,None
0,0,2,2,0,-1,1,0,-1,0,0,0,56,-82,-8,None
0,6,16,-7,0,-6,-3,0,0,0,0,0,56,-82,-8,None
0,-6,-28,10,-41,-7,-2,-1,-3,0,0,0,56,-82,-8,None
0,-5,-6,-3,12,35,-2,-6,-5,0,0,0,56,-82,-8,None
0,0,1,-3,5,-4,2,2,-1,0,0,0,56,-82,-8,None
0,0,1,-3,5,-4,2,2,-1,0,0,0,56,-82,-8,None
0,0,1,-3,5,-4,2,2,-1,0,0,0,54,-84,-7,None
0,-2,-2,2,-7,-3,-2,-1,-3,0,0,0,54,-84,-7,None
0,2,12,-8,10,-6,0,0,1,0,0,0,54,-84,-7,None
0,-1,-2,4,-2,-15,-2,0,-1,0,0,0,54,-84,-7,None
0,-3,-4,0,-8,2,-3,-1,-2,0,0,0,54,-84,-7,None
0,-3,-4,0,-8,2,-3,-1,-2,0,0,0,54,-84,-7,None
0,-3,-4,0,-8,2,-3,-1,-2,0,0,0,54,-84,-8,None
0,0,6,-3,13,7,-1,-1,-1,0,0,0,54,-84,-8,None
0,-1,3,-1,-4,-3,-1,-2,-2,0,0,0,54,-84,-8,None
0,-3,-3,-4,-5,-8,-2,0,-1,0,0,0,54,-84,-8,None
0,-1,5,-3,4,4,0,-1,0,0,0,0,54,-84,-8,None
0,-1,5,-3,4,4,0,-1,0,0,0,0,54,-84,-8,None
0,-1,5,-3,4,4,0,-1,0,0,0,0,54,-83,-8,None
0,-3,-4,-2,-7,-2,-1,-1,0,0,0,0,54,-83,-8,None
0,-3,-3,-6,-4,-3,-1,-2,-2,0,0,0,54,-83,-8,None
0,1,1,2,27,13,2,-1,-1,0,0,0,54,-83,-8,None
0,-2,-1,-5,-36,-2,-4,-4,-2,0,0,0,54,-83,-8,None
0,-2,-1,-5,-36,-2,-4,-4,-2,0,0,0,54,-83,-8,None
0,-2,-1,-5,-36,-2,-4,-4,-2,0,0,0,54,-82,-9,None
0,-2,-4,-2,-6,7,1,-2,-1,0,0,0,54,-82,-9,None
0,-1,-1,1,4,4,0,0,-1,0,0,0,54,-82,-9,None
0,2,6,-4,7,-11,-3,-1,0,0,0,0,54,-82,-9,None
0,2,1,3,14,-4,-1,0,-1,0,0,0,54,-82,-9,None
0,2,1,3,14,-4,-1,0,-1,0,0,0,54,-82,-9,None
0,2,1,3,14,-4,-1,0,-1,0,0,0,54,-82,-8,None
0,-1,-2,-2,-4,3,-2,-2,-1,0,0,0,54,-82,-8,None
0,-1,5,-5,-4,2,-2,-2,-2,0,0,0,54,-82,-8,None
0,-1,-1,-3,-5,-8,-1,0,-1,0,0,0,54,-82,-8,None
0,-3,0,-1,4,3,0,-2,-3,0,0,0,54,-82,-8,None
0,-3,0,-1,4,3,0,-2,-3,0,0,0,54,-82,-8,None
0,-3,0,-1,4,3,0,-2,-3,0,0,0,54,-83,-9,None
0,3,11,6,-11,-1,-2,-2,-1,0,0,0,54,-83,-9,None
0,-10,9,-11,20,-3,-1,-1,-1,0,0,0,54,-83,-9,None
0,1,1,0,-13,5,0,-2,-2,0,0,0,54,-83,-9,None
0,-3,-3,-5,-11,17,1,-2,-4,0,0,0,54,-83,-9,None
0,-3,-3,-5,-11,17,1,-2,-4,0,0,0,54,-83,-9,None
0,-3,-3,-5,-11,17,1,-2,-4,0,0,0,54,-85,-9,None
0,-4,-2,2,15,0,-1,-2,-1,0,0,0,54,-85,-9,None
0,2,5,-2,0,-1,-1,-1,-2,0,0,0,54,-85,-9,None
0,-2,1,-4,-9,-9,-1,-1,-1,0,0,0,54,-85,-9,None
0,0,2,1,6,-6,-1,0,0,0,0,0,54,-85,-9,None
0,0,2,1,6,-6,-1,0,0,0,0,0,54,-85,-9,None
0,0,2,1,6,-6,-1,0,0,0,0,0,56,-83,-8,None
0,0,1,-6,-1,1,-1,-2,-1,0,0,0,56,-83,-8,None
0,-1,-3,-1,-5,1,-1,-1,-2,0,0,0,56,-83,-8,None
0,-2,0,-4,-3,-1,-1,-1,0,0,0,0,56,-83,-8,None
0,3,0,9,-3,4,-2,0,-1,0,0,0,56,-83,-8,None
0,3,0,9,-3,4,-2,0,-1,0,0,0,56,-83,-8,None
0,3,0,9,-3,4,-2,0,-1,0,0,0,55,-82,-8,None
0,-7,-8,-15,-32,-8,-2,-3,-4,0,0,0,55,-82,-8,None
0,1,-1,4,21,-9,1,-1,1,0,0,0,55,-82,-8,None
0,-2,-1,-1,-6,11,-1,-1,0,0,0,0,55,-82,-8,None
0,-2,1,-1,10,-5,0,-1,0,0,0,0,55,-82,-8,None
0,-2,1,-1,10,-5,0,-1,0,0,0,0,55,-82,-8,None
0,-2,1,-1,10,-5,0,-1,0,0,0,0,56,-82,-8,None
0,1,1,1,4,-1,-3,-1,0,0,0,0,56,-82,-8,None
0,-1,-1,-1,0,-3,-3,-1,0,0,0,0,56,-82,-8,None
0,-2,4,-3,23,-5,1,-1,-2,0,0,0,56,-82,-8,None
0,8,26,-1,-1,-6,-1,-1,0,0,0,0,56,-82,-8,None
0,8,26,-1,-1,-6,-1,-1,0,0,0,0,56,-82,-8,None
0,8,26,-1,-1,-6,-1,-1,0,0,0,0,57,-83,-7,None
0,-8,-28,-2,20,0,0,-1,-3,0,0,0,57,-83,-7,None
0,2,2,-5,-24,6,-3,-2,-1,0,0,0,57,-83,-7,None
0,-4,-5,-1,7,0,1,-2,-1,0,0,0,57,-83,-7,None
0,-3,-2,-4,-2,-2,0,-2,-2,0,0,0,57,-83,-7,None
0,-3,-2,-4,-2,-2,0,-2,-2,0,0,0,57,-83,-7,None
0,-3,-2,-4,-2,-2,0,-2,-2,0,0,0,56,-82,-7,None
0,1,12,2,-1,-1,0,-1,-1,0,0,0,56,-82,-7,None
0,0,1,-1,3,4,0,0,-2,0,0,0,56,-82,-7,None
0,-1,-2,-4,-12,-4,-4,-1,-1,0,0,0,56,-82,-7,None
0,-3,-6,-3,5,-1,-1,-1,-1,0,0,0,56,-82,-7,None
0,-3,-6,-3,5,-1,-1,-1,-1,0,0,0,56,-82,-7,None
0,-3,-6,-3,5,-1,-1,-1,-1,0,0,0,55,-81,-7,None
0,0,9,-5,-25,-7,-3,-2,-2,0,0,0,55,-81,-7,None
0,-2,-4,-2,10,28,-2,-2,-2,0,0,0,55,-81,-7,None
0,-1,0,-1,-17,-33,-2,-2,-1,0,0,0,55,-81,-7,None
0,-5,-8,-6,-2,17,1,-3,-3,0,0,0,55,-81,-7,None
0,-5,-8,-6,-2,17,1,-3,-3,0,0,0,55,-81,-7,None
0,-5,-8,-6,-2,17,1,-3,-3,0,0,0,54,-83,-7,None
0,-1,0,2,14,3,2,1,0,0,0,0,54,-83,-7,None
0,0,0,-1,-8,-8,-1,-1,-1,0,0,0,54,-83,-7,None
0,-1,2,-2,3,-1,-1,-1,-2,0,0,0,54,-83,-7,None
0,-2,-3,-1,3,-4,-3,-2,-2,0,0,0,54,-83,-7,None
0,-2,-3,-1,3,-4,-3,-2,-2,0,0,0,54,-83,-7,None
0,-2,-3,-1,3,-4,-3,-2,-2,0,0,0,56,-82,-8,None
0,1,-1,4,-7,2,-1,-1,-1,0,0,0,56,-82,-8,None
0,-2,3,-6,1,0,-1,-3,-1,0,0,0,56,-82,-8,None
0,3,12,-2,-12,5,-1,-2,-1,0,0,0,56,-82,-8,None
0,-7,-26,-3,3,-9,-2,-2,-2,0,0,0,56,-82,-8,None
0,-7,-26,-3,3,-9,-2,-2,-2,0,0,0,56,-82,-8,None
0,-7,-26,-3,3,-9,-2,-2,-2,0,0,0,54,-81,-8,None
0,0,5,1,12,8,-2,-2,-1,0,0,0,54,-81,-8,None
0,-2,0,-4,-54,-14,-3,-3,-2,0,0,0,54,-81,-8,None
0,-3,-4,-1,10,15,0,-1,-2,0,0,0,54,-81,-8,None
0,1,11,-4,-5,-3,0,1,0,0,0,0,54,-81,-8,None
0,1,11,-4,-5,-3,0,1,0,0,0,0,54,-81,-8,None
0,1,11,-4,-5,-3,0,1,0,0,0,0,54,-82,-7,None
0,-1,2,-2,1,-3,1,-1,-1,0,0,0,54,-82,-7,None
0,-1,-4,-1,11,-3,-1,-1,-1,0,0,0,54,-82,-7,None
0,-1,0,-5,-8,-5,-2,-1,-3,0,0,0,54,-82,-7,None
0,0,3,-2,-2,2,-2,-2,-1,0,0,0,54,-82,-7,None
0,0,3,-2,-2,2,-2,-2,-1,0,0,0,54,-82,-7,None
0,0,3,-2,-2,2,-2,-2,-1,0,0,0,54,-81,-7,None
0,-3,-3,-2,6,3,-1,-2,-2,0,0,0,54,-81,-7,None
0,-1,2,0,6,1,0,-3,-1,0,0,0,54,-81,-7,None
0,-2,-1,1,-3,4,-1,-1,0,0,0,0,54,-81,-7,None
0,-2,1,-5,1,-14,-3,-2,-2,0,0,0,54,-81,-7,None
0,-2,1,-5,1,-14,-3,-2,-2,0,0,0,54,-81,-7,None
0,-2,1,-5,1,-14,-3,-2,-2,0,0,0,55,-82,-7,None
0,3,-8,-5,4,15,-2,-3,-3,0,0,0,55,-82,-7,None
0,0,6,0,4,9,2,-1,-3,0,0,0,55,-82,-7,None
0,-1,-1,2,0,2,0,0,1,0,0,0,55,-82,-7,None
0,1,-1,-14,-7,-8,-1,0,0,0,0,0,55,-82,-7,None
0,1,-1,-14,-7,-8,-1,0,0,0,0,0,55,-82,-7,None
0,1,-1,-14,-7,-8,-1,0,0,0,0,0,56,-82,-7,None
0,1,11,-2,0,-10,-3,-1,-2,0,0,0,56,-82,-7,None
0,0,-8,0,-1,9,-1,-1,0,0,0,0,56,-82,-7,None
0,-6,-10,-5,11,9,1,-3,-4,0,0,0,56,-82,-7,None
0,-1,3,2,-3,1,0,-1,-2,0,0,0,56,-82,-7,None
0,-1,3,2,-3,1,0,-1,-2,0,0,0,56,-82,-7,None
0,-1,3,2,-3,1,0,-1,-2,0,0,0,57,-84,-8,None
0,-3,4,-2,-6,-2,-1,-1,-3,0,0,0,57,-84,-8,None
0,-2,-3,-2,6,0,-1,-2,-1,0,0,0,57,-84,-8,None
0,0,4,-1,2,1,-3,-1,-1,0,0,0,57,-84,-8,None
0,0,3,-2,-19,3,-1,-1,-1,0,0,0,57,-84,-8,None
0,0,3,-2,-19,3,-1,-1,-1,0,0,0,57,-84,-8,None
0,0,3,-2,-19,3,-1,-1,-1,0,0,0,58,-83,-8,None
0,-3,-10,-1,7,0,1,-1,2,0,0,0,58,-83,-8,None
0,2,14,-1,13,4,-2,-2,-2,0,0,0,58,-83,-8,None
0,-3,0,-5,2,8,0,-1,-2,0,0,0,58,-83,-8,None
0,-2,0,-3,-3,-3,-3,-3,-3,0,0,0,58,-83,-8,None
0,-2,0,-3,-3,-3,-3,-3,-3,0,0,0,58,-83,-8,None
0,-2,0,-3,-3,-3,-3,-3,-3,0,0,0,57,-80,-8,None
0,-1,-3,-3,-1,3,1,-1,0,0,0,0,57,-80,-8,None
0,-2,-4,0,2,0,-1,1,0,0,0,0,57,-80,-8,None
0,0,2,-2,-9,-4,-1,-2,-1,0,0,0,57,-80,-8,None
0,0,-2,-1,4,3,-1,-1,0,0,0,0,57,-80,-8,None
0,0,-2,-1,4,3,-1,-1,0,0,0,0,57,-80,-8,None
0,0,-2,-1,4,3,-1,-1,0,0,0,0,56,-79,-8,None
0,-5,2,0,1,-5,-1,-1,-2,0,0,0,56,-79,-8,None
0,-2,-5,-5,-5,-4,-2,-2,-1,0,0,0,56,-79,-8,None
0,-5,7,-1,0,-5,-3,-3,-1,0,0,0,56,-79,-8,None
0,4,3,4,6,-1,2,-1,-3,0,0,0,56,-79,-8,None
0,4,3,4,6,-1,2,-1,-3,0,0,0,56,-79,-8,None
0,4,3,4,6,-1,2,-1,-3,0,0,0,55,-81,-7,None
0,-1,-2,-4,-15,9,-2,-2,-1,0,0,0,55,-81,-7,None
0,-2,-2,0,9,3,0,-3,-3,0,0,0,55,-81,-7,None
0,-1,-4,-2,-8,-8,-1,-1,-1,0,0,0,55,-81,-7,None
0,-1,2,1,12,8,-1,-1,-2,0,0,0,55,-81,-7,None
0,-1,2,1,12,8,-1,-1,-2,0,0,0,55,-81,-7,None
0,-1,2,1,12,8,-1,-1,-2,0,0,0,55,-81,-8,None
0,0,2,-2,0,0,-3,-2,-1,0,0,0,55,-81,-8,None
