0,0,1,1,-15,9,-50,-12,-4,0,0,0,89,-111,29,None
0,-2,-2,-5,-17,-7,64,27,1,0,0,0,89,-111,29,None
0,0,-2,-1,19,12,10,-8,-2,0,0,0,89,-111,29,None
0,0,-2,-1,19,12,10,-8,-2,0,0,0,89,-111,29,None
0,0,-2,-1,19,12,10,-8,-2,0,0,0,92,-121,28,None
0,0,0,-2,-12,6,20,-7,-1,0,0,0,92,-121,28,None
0,1,3,5,-8,11,-15,1,-4,0,0,0,92,-121,28,None
0,-4,-3,-8,34,0,-9,-22,-4,0,0,0,92,-121,28,None
0,-6,-1,9,-5,6,-31,-2,-8,0,0,0,92,-121,28,None
0,-6,-1,9,-5,6,-31,-2,-8,0,0,0,92,-121,28,None
0,-6,-1,9,-5,6,-31,-2,-8,0,0,0,86,-129,22,None
0,4,1,-13,-17,-8,41,21,10,0,0,0,86,-129,22,None
0,-4,-2,-5,1,9,7,-9,-3,0,0,0,86,-129,22,None
0,-4,-1,2,1,3,-35,-2,-4,0,0,0,86,-129,22,None
0,1,2,-1,-13,-5,12,-6,-2,0,0,0,86,-129,22,None
0,1,2,-1,-13,-5,12,-6,-2,0,0,0,86,-129,22,None
0,1,2,-1,-13,-5,12,-6,-2,0,0,0,74,-142,23,None
0,-4,-2,-6,-9,-4,-46,-14,-5,0,0,0,74,-142,23,None
0,-1,-3,-1,1,-5,14,8,0,0,0,0,74,-142,23,None
0,3,5,8,9,0,33,6,4,0,0,0,74,-142,23,None
0,-3,-3,-11,-7,-4,1,8,0,0,0,0,74,-142,23,None
0,-3,-3,-11,-7,-4,1,8,0,0,0,0,74,-142,23,None
0,-3,-3,-11,-7,-4,1,8,0,0,0,0,55,-146,15,None
0,-2,-1,0,33,8,-28,-15,-5,0,0,0,55,-146,15,None
0,0,-1,-8,-18,4,4,2,0,0,0,0,55,-146,15,None
0,-1,1,6,-15,-18,-12,-3,-4,0,0,0,55,-146,15,None
0,0,0,-6,25,10,-12,-2,0,0,0,0,55,-146,15,None
0,0,0,-6,25,10,-12,-2,0,0,0,0,55,-146,15,None
0,0,0,-6,25,10,-12,-2,0,0,0,0,39,-144,8,None
0,0,1,-2,-9,-5,-7,-2,-3,0,0,0,39,-144,8,None
0,-1,1,-1,-1,-13,5,-8,0,0,0,0,39,-144,8,None
0,-1,2,5,-14,-2,-16,3,-1,0,0,0,39,-144,8,None
0,-1,-2,-4,7,20,2,0,0,0,0,0,39,-144,8,None
0,-1,-2,-4,7,20,2,0,0,0,0,0,39,-144,8,None
0,-1,-2,-4,7,20,2,0,0,0,0,0,34,-147,8,None
0,-3,-3,-1,-5,0,7,-5,-1,0,0,0,34,-147,8,None
0,1,2,3,-4,7,17,6,0,0,0,0,34,-147,8,None
0,0,-2,-9,21,-32,-15,-8,-1,0,0,0,34,-147,8,None
0,-2,-2,2,19,12,3,3,-5,0,0,0,34,-147,8,None
0,-2,-2,2,19,12,3,3,-5,0,0,0,34,-147,8,None
0,-2,-2,2,19,12,3,3,-5,0,0,0,35,-141,13,None
0,-3,0,-1,-10,-2,2,0,-2,0,0,0,35,-141,13,None
0,0,1,8,49,-12,12,-1,0,0,0,0,35,-141,13,None
0,-3,-7,-23,-59,-1,-19,-3,-5,0,0,0,35,-141,13,None
0,0,5,4,15,30,-1,-6,0,0,0,0,35,-141,13,None
0,0,5,4,15,30,-1,-6,0,0,0,0,35,-141,13,None
0,0,5,4,15,30,-1,-6,0,0,0,0,28,-136,14,None
0,0,4,2,-3,-41,4,4,0,0,0,0,28,-136,14,None
0,-4,-5,-1,-8,26,1,0,-2,0,0,0,28,-136,14,None
0,0,2,-2,32,27,1,-2,-1,0,0,0,28,-136,14,None
0,1,2,-6,-16,-22,11,4,2,0,0,0,28,-136,14,None
0,1,2,-6,-16,-22,11,4,2,0,0,0,28,-136,14,None
0,1,2,-6,-16,-22,11,4,2,0,0,0,26,-124,14,None
0,4,5,5,41,7,0,3,3,0,0,0,26,-124,14,None
0,-3,-2,-6,-20,-32,-8,-7,-3,0,0,0,26,-124,14,None
0,-3,1,-4,15,36,6,2,-3,0,0,0,26,-124,14,None
0,1,3,0,-50,-18,0,-2,2,0,0,0,26,-124,14,None
0,1,3,0,-50,-18,0,-2,2,0,0,0,26,-124,14,None
0,1,3,0,-50,-18,0,-2,2,0,0,0,23,-115,14,None
0,-1,2,4,17,-1,-5,-5,-5,0,0,0,23,-115,14,None
0,0,2,-5,-42,-7,3,-3,0,0,0,0,23,-115,14,None
0,-2,5,3,23,24,5,5,2,0,0,0,23,-115,14,None
0,-2,-1,-3,33,-14,-4,0,0,0,0,0,23,-115,14,None
0,-2,-1,-3,33,-14,-4,0,0,0,0,0,23,-115,14,None
0,-2,-1,-3,33,-14,-4,0,0,0,0,0,14,-104,14,None
0,-3,-2,2,-33,19,-2,-8,-13,0,0,0,14,-104,14,None
0,0,4,-4,7,24,8,4,10,0,0,0,14,-104,14,None
0,-3,-1,-3,-17,-52,-12,-5,-5,0,0,0,14,-104,14,None
0,1,4,-2,11,6,4,2,2,0,0,0,14,-104,14,None
0,1,4,-2,11,6,4,2,2,0,0,0,14,-104,14,None
0,1,4,-2,11,6,4,2,2,0,0,0,8,-96,12,None
0,-3,2,-1,-62,24,6,-13,-5,0,0,0,8,-96,12,None
0,-1,2,-2,3,-26,2,10,-15,0,0,0,8,-96,12,None
0,-3,-1,1,-4,35,-12,-5,9,0,0,0,8,-96,12,None
0,-2,2,8,15,1,6,5,-2,0,0,0,8,-96,12,None
0,-2,2,8,15,1,6,5,-2,0,0,0,8,-96,12,None
0,-2,2,8,15,1,6,5,-2,0,0,0,4,-87,11,None
0,-2,0,-12,1,1,-3,-5,-1,0,0,0,4,-87,11,None
0,0,0,-5,23,-9,-4,-3,-7,0,0,0,4,-87,11,None
0,-1,5,3,13,-2,1,0,6,0,0,0,4,-87,11,None
0,-1,-7,0,-4,-19,-7,-14,1,0,0,0,4,-87,11,None
0,-1,-7,0,-4,-19,-7,-14,1,0,0,0,4,-87,11,None
0,-1,-7,0,-4,-19,-7,-14,1,0,0,0,-1,-82,11,None
0,-4,-1,-8,-14,28,-4,1,-18,0,0,0,-1,-82,11,None
0,-2,-2,5,38,53,-1,0,12,0,0,0,-1,-82,11,None
0,3,6,1,-23,-28,7,8,0,0,0,0,-1,-82,11,None
0,0,2,-2,-3,14,-5,-7,-9,0,0,0,-1,-82,11,None
0,0,2,-2,-3,14,-5,-7,-9,0,0,0,-1,-82,11,None
0,0,2,-2,-3,14,-5,-7,-9,0,0,0,-9,-77,14,None
0,3,-2,-9,-20,-23,0,-14,18,0,0,0,-9,-77,14,None
0,3,-1,-8,-39,8,6,31,7,0,0,0,-9,-77,14,None
0,-2,-3,1,-17,-6,2,-1,-11,0,0,0,-9,-77,14,None
0,-4,5,7,29,43,-3,6,-2,0,0,0,-9,-77,14,None
0,-4,5,7,29,43,-3,6,-2,0,0,0,-9,-77,14,None
0,-4,5,7,29,43,-3,6,-2,0,0,0,-13,-70,16,None
0,-1,-4,-13,-71,-65,-10,-4,-5,0,0,0,-13,-70,16,None
0,-4,-2,0,1,-38,-7,-22,1,0,0,0,-13,-70,16,None
0,-1,-3,-5,6,-4,-9,-9,-13,0,0,0,-13,-70,16,None
0,0,1,-1,26,-6,-7,10,0,0,0,0,-13,-70,16,None
0,0,1,-1,26,-6,-7,10,0,0,0,0,-13,-70,16,None
0,0,1,-1,26,-6,-7,10,0,0,0,0,-18,-62,19,None
0,-4,-2,4,22,32,7,-1,-1,0,0,0,-18,-62,19,None
0,-2,1,-8,-11,-12,-11,-7,1,0,0,0,-18,-62,19,None
0,-1,-1,-3,11,-18,4,0,-2,0,0,0,-18,-62,19,None
0,-1,2,-5,-14,-16,-2,-18,-46,0,0,0,-18,-62,19,None
0,-1,2,-5,-14,-16,-2,-18,-46,0,0,0,-18,-62,19,None
0,-1,2,-5,-14,-16,-2,-18,-46,0,0,0,-23,-51,17,None
0,-1,-1,-4,29,26,-2,14,18,0,0,0,-23,-51,17,None
0,-1,7,12,17,-2,0,-8,-14,0,0,0,-23,-51,17,None
0,6,-6,-1,51,43,1,-2,1,0,0,0,-23,-51,17,None
0,-6,-2,-11,-14,-28,-2,-4,-3,0,0,0,-23,-51,17,None
0,-6,-2,-11,-14,-28,-2,-4,-3,0,0,0,-23,-51,17,None
0,-6,-2,-11,-14,-28,-2,-4,-3,0,0,0,-28,-40,21,None
0,6,7,4,46,31,-4,-5,2,0,0,0,-28,-40,21,None
0,0,-3,0,11,2,9,13,43,0,0,0,-28,-40,21,None
0,-1,0,-1,3,6,-4,4,-28,0,0,0,-28,-40,21,None
0,-3,8,-12,-33,-3,2,0,10,0,0,0,-28,-40,21,None
0,-3,8,-12,-33,-3,2,0,10,0,0,0,-28,-40,21,None
0,-3,8,-12,-33,-3,2,0,10,0,0,0,-33,-36,27,None
0,2,4,3,19,-59,2,1,7,0,0,0,-33,-36,27,None
0,-1,6,3,5,75,2,3,9,0,0,0,-33,-36,27,None
0,2,4,0,7,-10,10,2,39,0,0,0,-33,-36,27,None
0,1,-7,-8,-7,-44,-2,0,-8,0,0,0,-33,-36,27,None
0,1,-7,-8,-7,-44,-2,0,-8,0,0,0,-33,-36,27,None
0,1,-7,-8,-7,-44,-2,0,-8,0,0,0,-39,-30,29,None
0,-2,17,5,33,8,-2,-4,-38,0,0,0,-39,-30,29,None
0,-5,-23,-6,-4,27,0,8,4,0,0,0,-39,-30,29,None
0,-3,-2,-10,-25,-18,-8,-10,-7,0,0,0,-39,-30,29,None
0,-5,26,5,-40,-62,-14,-8,0,0,0,0,-39,-30,29,None
0,-5,26,5,-40,-62,-14,-8,0,0,0,0,-39,-30,29,None
0,-5,26,5,-40,-62,-14,-8,0,0,0,0,-42,-23,34,None
0,2,-25,12,69,80,14,-1,1,0,0,0,-42,-23,34,None
0,-2,0,-2,-17,-5,-2,-16,-10,0,0,0,-42,-23,34,None
0,-2,1,2,-51,-41,1,0,-2,0,0,0,-42,-23,34,None
0,2,-2,9,6,70,6,4,8,0,0,0,-42,-23,34,None
0,2,-2,9,6,70,6,4,8,0,0,0,-42,-23,34,None
0,2,-2,9,6,70,6,4,8,0,0,0,-41,-14,37,None
0,0,7,-13,-32,-32,-13,1,19,0,0,0,-41,-14,37,None
0,-7,-1,-3,17,-24,0,-16,-37,0,0,0,-41,-14,37,None
0,-3,-6,4,-12,37,-3,17,25,0,0,0,-41,-14,37,None
0,4,-1,-17,-26,-61,-3,-7,-1,0,0,0,-41,-14,37,None
0,4,-1,-17,-26,-61,-3,-7,-1,0,0,0,-41,-14,37,None
0,4,-1,-17,-26,-61,-3,-7,-1,0,0,0,-46,-7,41,None
0,-6,-2,-2,-12,10,1,0,-1,0,0,0,-46,-7,41,None
0,0,-1,3,-28,17,2,-3,-24,0,0,0,-46,-7,41,None
0,-2,7,-10,0,-5,-7,-10,-4,0,0,0,-46,-7,41,None
0,0,-5,4,5,16,1,9,6,0,0,0,-46,-7,41,None
0,0,-5,4,5,16,1,9,6,0,0,0,-46,-7,41,None
0,0,-5,4,5,16,1,9,6,0,0,0,-50,-3,46,None
0,-8,-3,-5,-32,-5,1,-1,-1,0,0,0,-50,-3,46,None
0,-1,6,3,0,-45,-6,-10,0,0,0,0,-50,-3,46,None
0,-2,0,-2,28,33,2,7,-13,0,0,0,-50,-3,46,None
0,0,-7,-5,-37,7,3,2,9,0,0,0,-50,-3,46,None
0,0,-7,-5,-37,7,3,2,9,0,0,0,-50,-3,46,None
0,0,-7,-5,-37,7,3,2,9,0,0,0,-50,-1,52,None
0,-4,-3,-5,-18,-15,-2,-5,-31,0,0,0,-50,-1,52,None
0,0,2,-7,41,-3,-1,2,29,0,0,0,-50,-1,52,None
0,-2,2,7,19,1,-2,-5,-7,0,0,0,-50,-1,52,None
0,-2,-6,-4,13,27,6,2,5,0,0,0,-50,-1,52,None
0,-2,-6,-4,13,27,6,2,5,0,0,0,-50,-1,52,None
0,-2,-6,-4,13,27,6,2,5,0,0,0,-51,0,57,None
0,0,4,-2,6,-9,-9,-6,-2,0,0,0,-51,0,57,None
0,-1,1,-3,-20,-7,-2,-2,-9,0,0,0,-51,0,57,None
0,0,2,3,-12,10,5,0,-5,0,0,0,-51,0,57,None
0,-2,-3,-6,5,-3,3,-6,2,0,0,0,-51,0,57,None
0,-2,-3,-6,5,-3,3,-6,2,0,0,0,-51,0,57,None
0,-2,-3,-6,5,-3,3,-6,2,0,0,0,-47,10,61,None
0,2,-2,-3,-6,-1,-7,2,2,0,0,0,-47,10,61,None
0,0,2,-10,1,-45,1,-2,-5,0,0,0,-47,10,61,None
0,-1,0,5,0,19,3,-1,4,0,0,0,-47,10,61,None
0,-7,-1,4,33,4,-8,-10,-13,0,0,0,-47,10,61,None
0,-7,-1,4,33,4,-8,-10,-13,0,0,0,-47,10,61,None
0,-7,-1,4,33,4,-8,-10,-13,0,0,0,-56,17,61,None
0,-5,-3,11,-18,-6,3,-1,0,0,0,0,-56,17,61,None
0,3,-21,-18,-18,-9,4,12,6,0,0,0,-56,17,61,None
0,-2,2,-4,-12,-30,-10,-12,-9,0,0,0,-56,17,61,None
0,1,10,-2,17,26,1,3,2,0,0,0,-56,17,61,None
0,1,10,-2,17,26,1,3,2,0,0,0,-56,17,61,None
0,1,10,-2,17,26,1,3,2,0,0,0,-63,3,67,None
0,-4,-7,-18,-5,10,-2,0,2,0,0,0,-63,3,67,None
0,-2,9,2,-45,-10,-12,-11,-8,0,0,0,-63,3,67,None
0,-3,-12,-7,31,20,4,4,3,0,0,0,-63,3,67,None
0,0,16,-15,-8,-14,-7,-5,-4,0,0,0,-63,3,67,None
0,0,16,-15,-8,-14,-7,-5,-4,0,0,0,-63,3,67,None
0,0,16,-15,-8,-14,-7,-5,-4,0,0,0,-65,-1,71,None
0,-3,7,1,10,-16,-8,1,0,0,0,0,-65,-1,71,None
0,-1,-5,-3,22,9,-6,-7,-8,0,0,0,-65,-1,71,None
0,-1,5,-6,-5,-2,-1,-2,-6,0,0,0,-65,-1,71,None
0,-5,-9,5,5,11,6,4,4,0,0,0,-65,-1,71,None
0,-5,-9,5,5,11,6,4,4,0,0,0,-65,-1,71,None
0,-5,-9,5,5,11,6,4,4,0,0,0,-72,2,72,None
0,7,10,2,14,-14,4,0,3,0,0,0,-72,2,72,None
0,-3,3,-5,-14,6,-8,-4,-5,0,0,0,-72,2,72,None
0,-4,28,6,-8,-30,-9,-10,-11,0,0,0,-72,2,72,None
0,-3,-5,4,-19,-19,5,3,-1,0,0,0,-72,2,72,None
0,-3,-5,4,-19,-19,5,3,-1,0,0,0,-72,2,72,None
0,-3,-5,4,-19,-19,5,3,-1,0,0,0,-78,5,81,None
0,-3,-2,9,-17,10,-1,2,2,0,0,0,-78,5,81,None
0,0,8,2,21,-11,7,1,0,0,0,0,-78,5,81,None
0,5,-10,-11,-64,-2,-7,-4,1,0,0,0,-78,5,81,None
0,-4,-23,-29,46,7,-4,-6,-4,0,0,0,-78,5,81,None
0,-4,-23,-29,46,7,-4,-6,-4,0,0,0,-78,5,81,None
0,-4,-23,-29,46,7,-4,-6,-4,0,0,0,-81,4,82,None
0,1,-2,-10,-17,-17,6,6,4,0,0,0,-81,4,82,None
0,4,8,27,16,30,1,2,3,0,0,0,-81,4,82,None
0,1,2,0,1,-11,2,0,-1,0,0,0,-81,4,82,None
0,-9,-2,-19,-12,19,-12,-7,-7,0,0,0,-81,4,82,None
0,-9,-2,-19,-12,19,-12,-7,-7,0,0,0,-81,4,82,None
0,-9,-2,-19,-12,19,-12,-7,-7,0,0,0,-85,1,84,None
0,6,-7,4,-21,20,12,5,4,0,0,0,-85,1,84,None
0,-1,-25,-12,-16,5,6,5,2,0,0,0,-85,1,84,None
0,-1,4,-4,36,22,-5,-3,-1,0,0,0,-85,1,84,None
0,2,3,19,3,-34,3,0,1,0,0,0,-85,1,84,None
0,2,3,19,3,-34,3,0,1,0,0,0,-85,1,84,None
0,2,3,19,3,-34,3,0,1,0,0,0,-89,-1,85,None
0,-8,-26,-35,-3,36,4,2,-7,0,0,0,-89,-1,85,None
0,4,-1,12,-7,-36,5,7,8,0,0,0,-89,-1,85,None
0,-2,-3,0,12,49,-9,-5,0,0,0,0,-89,-1,85,None
0,5,4,0,-1,9,3,1,4,0,0,0,-89,-1,85,None
0,5,4,0,-1,9,3,1,4,0,0,0,-89,-1,85,None
0,5,4,0,-1,9,3,1,4,0,0,0,-88,-4,82,None
0,0,33,25,26,-8,-15,-11,-11,0,0,0,-88,-4,82,None
0,-4,-1,-15,43,-12,0,-3,-5,0,0,0,-88,-4,82,None
0,-2,-6,6,-7,-1,7,1,-1,0,0,0,-88,-4,82,None
0,9,5,8,24,4,-3,-2,1,0,0,0,-88,-4,82,None
0,9,5,8,24,4,-3,-2,1,0,0,0,-88,-4,82,None
0,9,5,8,24,4,-3,-2,1,0,0,0,-87,-7,78,None
0,-5,0,-1,-12,-3,-4,2,5,0,0,0,-87,-7,78,None
0,4,15,-1,16,6,-10,-9,-6,0,0,0,-87,-7,78,None
0,1,-2,7,-16,-22,9,6,3,0,0,0,-87,-7,78,None
0,1,-13,9,17,88,4,4,2,0,0,0,-87,-7,78,None
0,1,-13,9,17,88,4,4,2,0,0,0,-87,-7,78,None
0,1,-13,9,17,88,4,4,2,0,0,0,-85,-14,74,None
0,-7,-4,-12,-11,-32,-8,-4,0,0,0,0,-85,-14,74,None
0,-3,20,-11,19,5,-10,-15,-5,0,0,0,-85,-14,74,None
0,-9,-5,-23,-25,-8,4,8,-14,0,0,0,-85,-14,74,None
0,-2,-20,-1,-24,-27,-5,-3,-1,0,0,0,-85,-14,74,None
0,-2,-20,-1,-24,-27,-5,-3,-1,0,0,0,-85,-14,74,None
0,-2,-20,-1,-24,-27,-5,-3,-1,0,0,0,-78,-22,68,None
0,-1,-4,-2,35,8,3,0,0,0,0,0,-78,-22,68,None
0,3,5,-2,-27,8,-2,-2,-4,0,0,0,-78,-22,68,None
0,-3,1,-15,5,-20,-8,-6,0,0,0,0,-78,-22,68,None
0,0,17,11,-23,2,-3,-11,-3,0,0,0,-78,-22,68,None
0,0,17,11,-23,2,-3,-11,-3,0,0,0,-78,-22,68,None
0,0,17,11,-23,2,-3,-11,-3,0,0,0,-71,-33,59,None
0,10,-6,28,13,37,8,19,18,0,0,0,-71,-33,59,None
0,-7,-15,-8,77,3,-4,-6,-36,0,0,0,-71,-33,59,None
0,8,9,21,45,0,-8,-6,3,0,0,0,-71,-33,59,None
0,-9,-5,-15,-96,-26,0,-14,14,0,0,0,-71,-33,59,None
0,-9,-5,-15,-96,-26,0,-14,14,0,0,0,-71,-33,59,None
0,-9,-5,-15,-96,-26,0,-14,14,0,0,0,-64,-43,51,None
0,-1,6,3,11,0,-2,2,-35,0,0,0,-64,-43,51,None
0,9,5,2,-32,-4,-1,7,13,0,0,0,-64,-43,51,None
0,2,-7,0,40,-30,3,-1,-2,0,0,0,-64,-43,51,None
0,-1,4,-26,-10,-15,2,4,-6,0,0,0,-64,-43,51,None
0,-1,4,-26,-10,-15,2,4,-6,0,0,0,-64,-43,51,None
0,-1,4,-26,-10,-15,2,4,-6,0,0,0,-52,-50,55,None
0,1,-1,26,53,32,3,-12,15,0,0,0,-52,-50,55,None
0,-3,1,-10,-112,-30,-2,0,1,0,0,0,-52,-50,55,None
0,-3,-2,-4,-15,24,1,-3,-7,0,0,0,-52,-50,55,None
0,1,2,-13,16,-26,-1,-6,1,0,0,0,-52,-50,55,None
0,1,2,-13,16,-26,-1,-6,1,0,0,0,-52,-50,55,None
0,1,2,-13,16,-26,-1,-6,1,0,0,0,-44,-63,55,None
0,-4,6,-28,14,-21,-6,5,22,0,0,0,-44,-63,55,None
0,-4,3,14,-4,7,2,-36,-14,0,0,0,-44,-63,55,None
0,0,-12,0,0,22,3,53,17,0,0,0,-44,-63,55,None
0,-1,10,10,37,7,-5,-11,-10,0,0,0,-44,-63,55,None
0,-1,10,10,37,7,-5,-11,-10,0,0,0,-44,-63,55,None
0,-1,10,10,37,7,-5,-11,-10,0,0,0,-37,-52,46,None
0,2,0,-33,-21,-18,-6,-9,12,0,0,0,-37,-52,46,None
0,-6,-11,-8,-8,-18,1,12,20,0,0,0,-37,-52,46,None
0,-5,4,-25,21,16,-2,-17,-3,0,0,0,-37,-52,46,None
0,9,-8,96,47,-12,12,7,-22,0,0,0,-37,-52,46,None
0,9,-8,96,47,-12,12,7,-22,0,0,0,-37,-52,46,None
0,9,-8,96,47,-12,12,7,-22,0,0,0,-25,-42,40,None
0,-12,20,-89,8,-20,-19,-20,-57,0,0,0,-25,-42,40,None
0,3,-2,-20,27,85,14,39,78,0,0,0,-25,-42,40,None
0,-3,-5,-3,5,-15,-5,-14,-22,0,0,0,-25,-42,40,None
0,1,7,-33,-35,30,-3,10,13,0,0,0,-25,-42,40,None
0,1,7,-33,-35,30,-3,10,13,0,0,0,-25,-42,40,None
0,1,7,-33,-35,30,-3,10,13,0,0,0,-21,-58,39,None
0,-8,-42,3,-38,-66,-4,-16,-17,0,0,0,-21,-58,39,None
0,-1,-4,20,9,-31,0,-10,-52,0,0,0,-21,-58,39,None
0,-6,19,6,69,36,-2,19,45,0,0,0,-21,-58,39,None
0,7,2,-53,14,-16,9,-7,-2,0,0,0,-21,-58,39,None
0,7,2,-53,14,-16,9,-7,-2,0,0,0,-21,-58,39,None
0,7,2,-53,14,-16,9,-7,-2,0,0,0,-24,-58,43,None
0,0,-55,81,-17,38,4,10,-25,0,0,0,-24,-58,43,None
0,-3,-2,-7,32,-16,-12,-9,-1,0,0,0,-24,-58,43,None
0,-1,-12,27,-49,18,-1,-7,-9,0,0,0,-24,-58,43,None
0,-2,-2,-22,70,-7,-11,-8,5,0,0,0,-24,-58,43,None
0,-2,-2,-22,70,-7,-11,-8,5,0,0,0,-24,-58,43,None
0,-2,-2,-22,70,-7,-11,-8,5,0,0,0,-27,-59,42,None
0,4,17,2,14,3,5,2,7,0,0,0,-27,-59,42,None
0,-3,-3,-19,-78,-19,1,4,-9,0,0,0,-27,-59,42,None
0,2,7,-5,-2,2,3,-16,-7,0,0,0,-27,-59,42,None
0,-7,5,1,-30,-6,-6,8,2,0,0,0,-27,-59,42,None
0,-7,5,1,-30,-6,-6,8,2,0,0,0,-27,-59,42,None
0,-7,5,1,-30,-6,-6,8,2,0,0,0,-27,-74,50,None
0,3,12,13,-75,20,2,-1,-6,0,0,0,-27,-74,50,None
0,-7,0,1,4,-4,1,-7,-7,0,0,0,-27,-74,50,None
0,-4,0,-83,8,-10,0,-8,1,0,0,0,-27,-74,50,None
0,-4,-8,21,0,21,4,14,-2,0,0,0,-27,-74,50,None
0,-4,-8,21,0,21,4,14,-2,0,0,0,-27,-74,50,None
0,-4,-8,21,0,21,4,14,-2,0,0,0,-42,-73,56,None
0,-2,10,3,9,-12,1,-1,15,0,0,0,-42,-73,56,None
0,0,15,10,60,23,-7,-6,-4,0,0,0,-42,-73,56,None
0,2,-4,-9,-8,-21,-5,-9,-3,0,0,0,-42,-73,56,None
0,-31,4,-1,7,-9,-3,1,-41,0,0,0,-42,-73,56,None
0,-31,4,-1,7,-9,-3,1,-41,0,0,0,-42,-73,56,None
0,-31,4,-1,7,-9,-3,1,-41,0,0,0,-53,-74,58,None
0,15,11,-3,27,-15,0,-3,15,0,0,0,-53,-74,58,None
0,-2,2,-2,34,21,-6,-4,-6,0,0,0,-53,-74,58,None
0,0,0,26,-32,22,2,-6,-16,0,0,0,-53,-74,58,None
0,6,5,12,3,38,-1,7,33,0,0,0,-53,-74,58,None
0,6,5,12,3,38,-1,7,33,0,0,0,-53,-74,58,None
0,6,5,12,3,38,-1,7,33,0,0,0,-56,-78,57,None
0,-6,13,0,68,-35,-10,-2,5,0,0,0,-56,-78,57,None
0,-9,-1,-9,-36,-26,1,-4,-22,0,0,0,-56,-78,57,None
0,5,-2,27,-3,20,0,2,11,0,0,0,-56,-78,57,None
0,3,-3,-8,25,-11,-5,-5,-1,0,0,0,-56,-78,57,None
0,3,-3,-8,25,-11,-5,-5,-1,0,0,0,-56,-78,57,None
0,3,-3,-8,25,-11,-5,-5,-1,0,0,0,-57,-80,56,None
0,-3,6,-12,3,8,-4,-2,-3,0,0,0,-57,-80,56,None
0,4,-6,-46,-12,4,0,0,5,0,0,0,-57,-80,56,None
0,-4,6,15,26,-1,-3,-5,-2,0,0,0,-57,-80,56,None
0,3,2,-10,10,-21,-4,-5,8,0,0,0,-57,-80,56,None
0,3,2,-10,10,-21,-4,-5,8,0,0,0,-57,-80,56,None
0,3,2,-10,10,-21,-4,-5,8,0,0,0,-57,-80,55,None
0,-4,-2,-16,-23,50,4,-2,3,0,0,0,-57,-80,55,None
0,1,4,8,15,-12,-6,1,-8,0,0,0,-57,-80,55,None
0,-2,1,-7,14,-14,-3,-5,-7,0,0,0,-57,-80,55,None
0,-2,-1,-1,-28,-9,-2,2,-5,0,0,0,-57,-80,55,None
0,-2,-1,-1,-28,-9,-2,2,-5,0,0,0,-57,-80,55,None
0,-2,-1,-1,-28,-9,-2,2,-5,0,0,0,-55,-74,53,None
0,1,4,-6,-6,38,5,-2,10,0,0,0,-55,-74,53,None
0,0,0,1,9,-33,-1,-1,6,0,0,0,-55,-74,53,None
0,-1,-3,-4,0,-23,-3,-5,-18,0,0,0,-55,-74,53,None
0,2,-3,1,-5,8,7,1,2,0,0,0,-55,-74,53,None
0,2,-3,1,-5,8,7,1,2,0,0,0,-55,-74,53,None
0,2,-3,1,-5,8,7,1,2,0,0,0,-50,-67,52,None
0,-3,-1,-5,14,-7,-3,0,-3,0,0,0,-50,-67,52,None
0,0,4,10,17,29,-3,2,-1,0,0,0,-50,-67,52,None
0,-1,0,7,-5,-18,7,0,0,0,0,0,-50,-67,52,None
0,1,2,-3,8,21,-4,-3,-5,0,0,0,-50,-67,52,None
0,1,2,-3,8,21,-4,-3,-5,0,0,0,-50,-67,52,None
0,1,2,-3,8,21,-4,-3,-5,0,0,0,-45,-63,50,None
0,-3,2,-4,40,-13,-1,-1,-3,0,0,0,-45,-63,50,None
0,0,2,8,-1,19,-3,-1,0,0,0,0,-45,-63,50,None
0,-1,-1,-5,-5,-5,8,-2,1,0,0,0,-45,-63,50,None
0,-3,-1,-2,3,-21,-9,-5,-4,0,0,0,-45,-63,50,None
0,-3,-1,-2,3,-21,-9,-5,-4,0,0,0,-45,-63,50,None
0,-3,-1,-2,3,-21,-9,-5,-4,0,0,0,-39,-58,47,None
0,-2,3,-2,-12,19,1,3,0,0,0,0,-39,-58,47,None
0,1,-1,3,9,0,6,-2,4,0,0,0,-39,-58,47,None
0,-3,-2,-3,10,8,-5,-1,0,0,0,0,-39,-58,47,None
0,1,-1,-1,12,9,0,-5,-3,0,0,0,-39,-58,47,None
0,1,-1,-1,12,9,0,-5,-3,0,0,0,-39,-58,47,None
0,1,-1,-1,12,9,0,-5,-3,0,0,0,-30,-53,43,None
0,-5,-2,-4,-47,-17,-3,-3,-12,0,0,0,-30,-53,43,None
0,-2,2,3,1,2,1,7,6,0,0,0,-30,-53,43,None
0,-2,1,-2,0,3,-6,0,-1,0,0,0,-30,-53,43,None
0,-1,0,-2,-6,6,-3,-6,-3,0,0,0,-30,-53,43,None
0,-1,0,-2,-6,6,-3,-6,-3,0,0,0,-30,-53,43,None
0,-1,0,-2,-6,6,-3,-6,-3,0,0,0,-19,-46,35,None
0,-1,2,0,4,-9,11,4,3,0,0,0,-19,-46,35,None
0,-2,0,-1,-7,13,-3,-7,-5,0,0,0,-19,-46,35,None
0,-2,-1,-3,-1,-9,0,5,-3,0,0,0,-19,-46,35,None
0,1,1,-2,-2,6,-5,-5,-2,0,0,0,-19,-46,35,None
0,1,1,-2,-2,6,-5,-5,-2,0,0,0,-19,-46,35,None
0,1,1,-2,-2,6,-5,-5,-2,0,0,0,-7,-42,27,None
0,-1,-1,-3,-2,-2,-14,-16,0,0,0,0,-7,-42,27,None
0,-2,1,-2,2,-3,16,18,-3,0,0,0,-7,-42,27,None
0,-2,0,1,-11,11,-5,-8,-3,0,0,0,-7,-42,27,None
0,-3,-2,-3,-6,-5,-1,1,-5,0,0,0,-7,-42,27,None
0,-3,-2,-3,-6,-5,-1,1,-5,0,0,0,-7,-42,27,None
0,-3,-2,-3,-6,-5,-1,1,-5,0,0,0,0,-44,26,None
0,0,0,-2,3,0,-2,-4,3,0,0,0,0,-44,26,None
0,-3,0,-1,4,5,-5,-8,-5,0,0,0,0,-44,26,None
0,1,3,0,-3,0,-5,-5,1,0,0,0,0,-44,26,None
0,-1,0,-2,9,6,9,6,-3,0,0,0,0,-44,26,None
0,-1,0,-2,9,6,9,6,-3,0,0,0,0,-44,26,None
0,-1,0,-2,9,6,9,6,-3,0,0,0,-5,-57,32,None
0,-2,-2,-2,9,-8,-1,-1,2,0,0,0,-5,-57,32,None
0,-3,-2,-1,16,7,-2,1,-4,0,0,0,-5,-57,32,None
0,-2,-3,-2,-16,-10,-9,-4,-4,0,0,0,-5,-57,32,None
0,-2,-1,-4,-1,-2,-5,-2,1,0,0,0,-5,-57,32,None
0,-2,-1,-4,-1,-2,-5,-2,1,0,0,0,-5,-57,32,None
0,-2,-1,-4,-1,-2,-5,-2,1,0,0,0,-10,-62,26,None
0,1,0,1,12,9,8,5,-3,0,0,0,-10,-62,26,None
0,0,1,-2,-14,-1,-12,-6,-2,0,0,0,-10,-62,26,None
0,0,0,0,-11,5,12,0,1,0,0,0,-10,-62,26,None
0,1,2,-1,10,-2,-5,-2,-4,0,0,0,-10,-62,26,None
0,1,2,-1,10,-2,-5,-2,-4,0,0,0,-10,-62,26,None
0,1,2,-1,10,-2,-5,-2,-4,0,0,0,-10,-56,16,None
0,-1,1,-1,-3,-2,3,0,-1,0,0,0,-10,-56,16,None
0,-1,0,-1,-26,4,-4,-5,-1,0,0,0,-10,-56,16,None
0,0,0,0,10,1,-1,0,1,0,0,0,-10,-56,16,None
0,-1,1,-2,-2,-1,1,-2,-1,0,0,0,-10,-56,16,None
0,-1,1,-2,-2,-1,1,-2,-1,0,0,0,-10,-56,16,None
0,-1,1,-2,-2,-1,1,-2,-1,0,0,0,-14,-54,20,None
0,-2,-2,-3,-15,-2,-7,0,-2,0,0,0,-14,-54,20,None
0,0,-1,-1,-2,-1,-1,-4,0,0,0,0,-14,-54,20,None
0,-2,-1,-4,35,2,0,2,-2,0,0,0,-14,-54,20,None
0,0,-2,-2,-7,3,1,-1,-2,0,0,0,-14,-54,20,None
0,0,-2,-2,-7,3,1,-1,-2,0,0,0,-14,-54,20,None
0,0,-2,-2,-7,3,1,-1,-2,0,0,0,-26,-63,26,None
0,-3,0,-2,-8,-8,-12,-6,-2,0,0,0,-26,-63,26,None
0,1,2,1,12,7,3,-1,-1,0,0,0,-26,-63,26,None
0,0,2,0,3,-4,9,2,1,0,0,0,-26,-63,26,None
0,-3,-2,0,-13,4,-6,-1,1,0,0,0,-26,-63,26,None
0,-3,-2,0,-13,4,-6,-1,1,0,0,0,-26,-63,26,None
0,-3,-2,0,-13,4,-6,-1,1,0,0,0,-36,-66,23,None
0,-2,1,-1,-1,-5,4,0,-3,0,0,0,-36,-66,23,None
0,-3,3,-1,4,9,-8,-5,-1,0,0,0,-36,-66,23,None
0,-2,0,-2,-25,1,-2,-5,0,0,0,0,-36,-66,23,None
0,1,-1,-3,-5,-13,24,11,3,0,0,0,-36,-66,23,None
0,1,-1,-3,-5,-13,24,11,3,0,0,0,-36,-66,23,None
0,1,-1,-3,-5,-13,24,11,3,0,0,0,-43,-60,21,None
0,-1,3,-1,26,10,-6,0,-1,0,0,0,-43,-60,21,None
0,-2,-3,-2,-5,3,1,0,1,0,0,0,-43,-60,21,None
0,0,0,-1,-9,-2,-11,-5,-3,0,0,0,-43,-60,21,None
0,-1,1,0,6,0,-9,-5,-4,0,0,0,-43,-60,21,None
0,-1,1,0,6,0,-9,-5,-4,0,0,0,-43,-60,21,None
0,-1,1,0,6,0,-9,-5,-4,0,0,0,-48,-58,29,None
0,-1,0,-2,-1,-8,14,2,0,0,0,0,-48,-58,29,None
0,-1,1,-4,-15,-12,-2,-3,-5,0,0,0,-48,-58,29,None
0,-1,1,-2,-1,17,-1,-1,6,0,0,0,-48,-58,29,None
0,-2,2,-3,7,-16,-2,-1,3,0,0,0,-48,-58,29,None
0,-2,2,-3,7,-16,-2,-1,3,0,0,0,-48,-58,29,None
0,-2,2,-3,7,-16,-2,-1,3,0,0,0,-52,-68,31,None
0,0,0,-1,-2,15,-9,2,2,0,0,0,-52,-68,31,None
0,-1,1,-1,-4,-2,-11,-4,-2,0,0,0,-52,-68,31,None
0,1,2,0,0,21,15,9,2,0,0,0,-52,-68,31,None
0,-4,0,-2,22,-20,-11,-8,-6,0,0,0,-52,-68,31,None
0,-4,0,-2,22,-20,-11,-8,-6,0,0,0,-52,-68,31,None
0,-4,0,-2,22,-20,-11,-8,-6,0,0,0,-54,-70,34,None
0,0,1,-1,-20,-5,3,-4,-16,0,0,0,-54,-70,34,None
0,2,2,0,2,8,15,13,21,0,0,0,-54,-70,34,None
0,-3,0,-4,-6,-18,-12,-7,-7,0,0,0,-54,-70,34,None
0,-1,-2,-5,-29,-1,-1,-1,0,0,0,0,-54,-70,34,None
0,-1,-2,-5,-29,-1,-1,-1,0,0,0,0,-54,-70,34,None
0,-1,-2,-5,-29,-1,-1,-1,0,0,0,0,-48,-63,40,None
0,-2,-1,-1,-22,6,-6,-2,-2,0,0,0,-48,-63,40,None
0,-3,-1,-3,14,-18,-2,-4,-8,0,0,0,-48,-63,40,None
0,-1,0,3,26,2,1,3,0,0,0,0,-48,-63,40,None
0,-4,-1,-4,-23,10,-2,-3,-3,0,0,0,-48,-63,40,None
0,-4,-1,-4,-23,10,-2,-3,-3,0,0,0,-48,-63,40,None
0,-4,-1,-4,-23,10,-2,-3,-3,0,0,0,-39,-70,42,None
0,0,0,-4,-7,-18,-2,-6,1,0,0,0,-39,-70,42,None
0,-2,0,-3,14,11,0,-3,-4,0,0,0,-39,-70,42,None
0,0,0,2,24,-17,-9,-2,0,0,0,0,-39,-70,42,None
0,-2,-1,-12,-78,3,0,-1,-3,0,0,0,-39,-70,42,None
0,-2,-1,-12,-78,3,0,-1,-3,0,0,0,-39,-70,42,None
0,-2,-1,-12,-78,3,0,-1,-3,0,0,0,-26,-91,32,None
0,-1,1,-2,-3,2,-3,0,3,0,0,0,-26,-91,32,None
0,-2,0,1,-5,5,0,-4,-4,0,0,0,-26,-91,32,None
0,2,4,-4,-21,-2,7,0,-1,0,0,0,-26,-91,32,None
0,0,5,9,61,22,0,0,0,0,0,0,-26,-91,32,None
0,0,5,9,61,22,0,0,0,0,0,0,-26,-91,32,None
0,0,5,9,61,22,0,0,0,0,0,0,-15,-106,34,None
0,-3,-3,-13,-42,-27,-8,-2,-1,0,0,0,-15,-106,34,None
0,0,1,13,4,21,1,-1,0,0,0,0,-15,-106,34,None
0,-2,-3,-8,-90,-7,-10,-5,-5,0,0,0,-15,-106,34,None
0,-2,-5,-20,2,2,-3,-4,-3,0,0,0,-15,-106,34,None
0,-2,-5,-20,2,2,-3,-4,-3,0,0,0,-15,-106,34,None
0,-2,-5,-20,2,2,-3,-4,-3,0,0,0,-6,-112,51,None
0,0,-3,-2,51,-13,-6,-2,1,0,0,0,-6,-112,51,None
0,-1,-3,-6,67,1,-5,-1,-3,0,0,0,-6,-112,51,None
0,-3,-3,2,16,19,-4,-1,-1,0,0,0,-6,-112,51,None
0,2,0,8,39,7,-1,-1,2,0,0,0,-6,-112,51,None
0,2,0,8,39,7,-1,-1,2,0,0,0,-6,-112,51,None
0,2,0,8,39,7,-1,-1,2,0,0,0,2,-122,52,None
0,0,2,5,9,-5,2,0,-2,0,0,0,2,-122,52,None
0,-1,-4,-6,-43,-9,-1,-6,-3,0,0,0,2,-122,52,None
0,3,6,14,41,32,3,4,2,0,0,0,2,-122,52,None
0,-5,-6,-19,-79,20,1,-3,-1,0,0,0,2,-122,52,None
0,-5,-6,-19,-79,20,1,-3,-1,0,0,0,2,-122,52,None
0,-5,-6,-19,-79,20,1,-3,-1,0,0,0,9,-129,41,None
0,-1,-1,-7,7,-42,1,0,-1,0,0,0,9,-129,41,None
0,-1,-2,-2,5,33,-10,-5,-3,0,0,0,9,-129,41,None
0,-1,5,25,73,-17,0,-2,-3,0,0,0,9,-129,41,None
0,-1,-1,-42,-86,-18,1,-1,-2,0,0,0,9,-129,41,None
0,-1,-1,-42,-86,-18,1,-1,-2,0,0,0,9,-129,41,None
0,-1,-1,-42,-86,-18,1,-1,-2,0,0,0,12,-134,36,None
0,-3,-3,8,27,33,6,2,0,0,0,0,12,-134,36,None
0,2,5,3,-39,-33,1,0,2,0,0,0,12,-134,36,None
0,-1,-1,-10,-7,23,6,-3,-2,0,0,0,12,-134,36,None
0,2,5,27,60,-17,1,4,3,0,0,0,12,-134,36,None
0,2,5,27,60,-17,1,4,3,0,0,0,12,-134,36,None
0,2,5,27,60,-17,1,4,3,0,0,0,23,-137,39,None
0,-2,-1,18,-3,-51,-11,-6,-4,0,0,0,23,-137,39,None
0,-2,-5,-29,7,77,14,-1,-1,0,0,0,23,-137,39,None
0,2,5,-4,-12,-54,-8,1,4,0,0,0,23,-137,39,None
0,-2,-2,20,29,-7,-9,-3,-4,0,0,0,23,-137,39,None
0,-2,-2,20,29,-7,-9,-3,-4,0,0,0,23,-137,39,None
0,-2,-2,20,29,-7,-9,-3,-4,0,0,0,31,-127,29,None
0,1,0,-4,15,14,-3,-2,1,0,0,0,31,-127,29,None
0,-1,4,9,-17,-11,-5,-4,-3,0,0,0,31,-127,29,None
0,-3,-2,-12,13,-17,0,0,-4,0,0,0,31,-127,29,None
0,-4,2,2,4,-9,9,0,-1,0,0,0,31,-127,29,None
0,-4,2,2,4,-9,9,0,-1,0,0,0,31,-127,29,None
0,-4,2,2,4,-9,9,0,-1,0,0,0,33,-121,17,None
0,-2,0,-7,-22,50,-2,-1,-1,0,0,0,33,-121,17,None
0,0,2,-5,-4,-21,-9,-2,-3,0,0,0,33,-121,17,None
0,-6,-9,-14,-25,11,-16,-8,-9,0,0,0,33,-121,17,None
0,-1,2,-18,-21,11,2,0,-1,0,0,0,33,-121,17,None
0,-1,2,-18,-21,11,2,0,-1,0,0,0,33,-121,17,None
0,-1,2,-18,-21,11,2,0,-1,0,0,0,42,-123,12,None
0,2,6,16,70,64,13,3,3,0,0,0,42,-123,12,None
0,-3,-7,-66,-22,45,-9,-5,-3,0,0,0,42,-123,12,None
0,-3,-7,-66,-22,45,-9,-5,-3,0,0,0,42,-123,12,None
0,-3,-7,-66,-22,45,-9,-5,-3,0,0,0,59,-126,9,None
0,-1,-4,-18,-57,-72,-2,0,0,0,0,0,59,-126,9,None
0,1,2,17,52,0,-4,-3,-3,0,0,0,59,-126,9,None
0,1,-2,-7,-12,-9,-13,-3,-2,0,0,0,59,-126,9,None
0,1,1,-1,21,-2,2,-2,2,0,0,0,59,-126,9,None
0,1,1,-1,21,-2,2,-2,2,0,0,0,59,-126,9,None
0,1,1,-1,21,-2,2,-2,2,0,0,0,59,-118,5,None
0,-2,0,1,5,-33,0,-2,-3,0,0,0,59,-118,5,None
0,2,2,0,14,54,6,-3,0,0,0,0,59,-118,5,None
0,-3,1,-9,-18,-40,0,6,-2,0,0,0,59,-118,5,None
0,1,10,30,26,-34,7,4,2,0,0,0,59,-118,5,None
0,1,10,30,26,-34,7,4,2,0,0,0,59,-118,5,None
0,1,10,30,26,-34,7,4,2,0,0,0,59,-108,0,None
0,0,8,-17,-60,-3,-5,-5,-1,0,0,0,59,-108,0,None
0,-9,-40,5,20,2,-7,-1,-2,0,0,0,59,-108,0,None
0,-1,-1,-2,-41,4,2,-4,-3,0,0,0,59,-108,0,None
0,-5,8,15,-8,47,1,-1,-2,0,0,0,59,-108,0,None
0,-5,8,15,-8,47,1,-1,-2,0,0,0,59,-108,0,None
0,-5,8,15,-8,47,1,-1,-2,0,0,0,64,-103,1,None
0,-6,-10,7,-18,35,5,0,-2,0,0,0,64,-103,1,None
0,2,14,-31,-32,4,-4,-4,1,0,0,0,64,-103,1,None
0,-3,-12,-2,10,0,3,-2,-11,0,0,0,64,-103,1,None
0,-1,-7,9,8,-29,-10,-2,-2,0,0,0,64,-103,1,None
0,-1,-7,9,8,-29,-10,-2,-2,0,0,0,64,-103,1,None
0,-1,-7,9,8,-29,-10,-2,-2,0,0,0,72,-97,0,None
0,-1,7,0,6,31,8,-2,-3,0,0,0,72,-97,0,None
0,2,14,2,-2,-20,-2,1,4,0,0,0,72,-97,0,None
0,-10,-13,-8,-12,0,-1,-2,0,0,0,0,72,-97,0,None
0,0,10,3,-10,-22,-5,0,-3,0,0,0,72,-97,0,None
0,0,10,3,-10,-22,-5,0,-3,0,0,0,72,-97,0,None
0,0,10,3,-10,-22,-5,0,-3,0,0,0,70,-105,1,None
0,0,-1,0,-16,13,-2,-3,-2,0,0,0,70,-105,1,None
0,-4,-6,6,12,-5,5,-1,0,0,0,0,70,-105,1,None
0,1,9,-7,-12,10,-2,-1,1,0,0,0,70,-105,1,None
0,-2,-4,3,-4,-9,1,-1,-3,0,0,0,70,-105,1,None
0,-2,-4,3,-4,-9,1,-1,-3,0,0,0,70,-105,1,None
0,-2,-4,3,-4,-9,1,-1,-3,0,0,0,94,-111,0,None
0,-2,-5,-3,33,13,0,-2,1,0,0,0,94,-111,0,None
0,1,15,-2,9,-2,-1,-2,-6,0,0,0,94,-111,0,None
0,-1,10,-2,-12,6,-4,-4,0,0,0,0,94,-111,0,None
0,-2,-4,0,-11,-29,2,0,0,0,0,0,94,-111,0,None
0,-2,-4,0,-11,-29,2,0,0,0,0,0,94,-111,0,None
0,-2,-4,0,-11,-29,2,0,0,0,0,0,94,-102,8,None
0,1,3,0,19,23,3,1,-2,0,0,0,94,-102,8,None
0,-1,0,-1,-1,-2,-7,-3,-3,0,0,0,94,-102,8,None
0,0,4,-2,-26,-49,-3,-1,0,0,0,0,94,-102,8,None
0,-8,-10,-4,37,70,1,-4,-1,0,0,0,94,-102,8,None
0,-8,-10,-4,37,70,1,-4,-1,0,0,0,94,-102,8,None
0,-8,-10,-4,37,70,1,-4,-1,0,0,0,72,-71,6,None
0,0,2,2,-18,-51,-2,0,-6,0,0,0,72,-71,6,None
0,-1,0,-1,-76,1,-7,-2,-2,0,0,0,72,-71,6,None
0,-2,-3,-6,-25,38,1,-3,0,0,0,0,72,-71,6,None
0,-2,7,-2,9,-29,2,0,-1,0,0,0,72,-71,6,None
0,-2,7,-2,9,-29,2,0,-1,0,0,0,72,-71,6,None
0,-2,7,-2,9,-29,2,0,-1,0,0,0,52,-79,6,None
0,-1,-2,-4,-3,-1,-4,-1,0,0,0,0,52,-79,6,None
0,-1,3,-6,49,4,4,0,0,0,0,0,52,-79,6,None
0,4,24,-4,-16,-5,1,-1,-2,0,0,0,52,-79,6,None
0,1,4,0,-11,-26,-4,-3,-3,0,0,0,52,-79,6,None
0,1,4,0,-11,-26,-4,-3,-3,0,0,0,52,-79,6,None
0,1,4,0,-11,-26,-4,-3,-3,0,0,0,58,-91,5,None
0,-6,-18,-9,-14,18,-1,-4,-3,0,0,0,58,-91,5,None
0,2,-1,1,-11,-21,0,0,-1,0,0,0,58,-91,5,None
0,-1,2,-11,42,9,-4,-1,0,0,0,0,58,-91,5,None
0,0,3,-1,-14,-10,0,0,-4,0,0,0,58,-91,5,None
0,0,3,-1,-14,-10,0,0,-4,0,0,0,58,-91,5,None
0,0,3,-1,-14,-10,0,0,-4,0,0,0,69,-92,0,None
0,0,3,1,8,1,-1,0,1,0,0,0,69,-92,0,None
0,-2,-1,3,10,15,1,-2,-3,0,0,0,69,-92,0,None
0,-4,8,-1,-8,5,-2,-2,-2,0,0,0,69,-92,0,None
0,1,2,4,4,1,4,1,0,0,0,0,69,-92,0,None
0,1,2,4,4,1,4,1,0,0,0,0,69,-92,0,None
0,1,2,4,4,1,4,1,0,0,0,0,63,-88,-3,None
0,0,10,1,24,17,0,-1,-1,0,0,0,63,-88,-3,None
0,-2,11,-5,-9,-18,-5,-2,-5,0,0,0,63,-88,-3,None
0,-2,-6,4,27,30,2,-1,-1,0,0,0,63,-88,-3,None
0,-1,-8,-5,-23,10,-1,-1,0,0,0,0,63,-88,-3,None
0,-1,-8,-5,-23,10,-1,-1,0,0,0,0,63,-88,-3,None
0,-1,-8,-5,-23,10,-1,-1,0,0,0,0,57,-83,-7,None
0,-3,4,2,24,-48,-5,-2,-1,0,0,0,57,-83,-7,None
0,-1,3,-3,-12,-60,-4,-1,0,0,0,0,57,-83,-7,None
0,6,16,7,15,96,4,0,0,0,0,0,57,-83,-7,None
0,-4,-4,-6,9,-30,-1,-2,-4,0,0,0,57,-83,-7,None
0,-4,-4,-6,9,-30,-1,-2,-4,0,0,0,57,-83,-7,None
0,-4,-4,-6,9,-30,-1,-2,-4,0,0,0,55,-76,-9,None
0,0,3,-3,-6,0,-2,-3,1,0,0,0,55,-76,-9,None
0,1,-5,2,11,18,-3,-1,1,0,0,0,55,-76,-9,None
0,-2,-3,-4,-7,-30,-1,0,0,0,0,0,55,-76,-9,None
0,-1,-1,0,-7,-1,-3,-1,-1,0,0,0,55,-76,-9,None
0,-1,-1,0,-7,-1,-3,-1,-1,0,0,0,55,-76,-9,None
0,-1,-1,0,-7,-1,-3,-1,-1,0,0,0,56,-74,-11,None
0,-3,-2,-1,24,31,-1,-1,-2,0,0,0,56,-74,-11,None
0,-2,-4,-1,-1,-9,-1,-2,-3,0,0,0,56,-74,-11,None
0,-2,-7,-8,-23,-13,-2,-1,-1,0,0,0,56,-74,-11,None
0,-1,2,-5,-35,9,-2,-1,-2,0,0,0,56,-74,-11,None
0,-1,2,-5,-35,9,-2,-1,-2,0,0,0,56,-74,-11,None
0,-1,2,-5,-35,9,-2,-1,-2,0,0,0,60,-77,-13,None
0,-3,-4,-3,4,4,-2,-3,-1,0,0,0,60,-77,-13,None
0,-1,3,3,14,19,1,-1,0,0,0,0,60,-77,-13,None
0,-3,-5,-4,-9,-37,-2,-2,0,0,0,0,60,-77,-13,None
0,-2,-2,-1,-5,-20,-2,-3,-2,0,0,0,60,-77,-13,None
0,-2,-2,-1,-5,-20,-2,-3,-2,0,0,0,60,-77,-13,None
0,-2,-2,-1,-5,-20,-2,-3,-2,0,0,0,61,-77,-15,None
0,6,5,7,-7,4,0,-2,-2,0,0,0,61,-77,-15,None
0,1,14,-5,11,1,-5,0,0,0,0,0,61,-77,-15,None
0,-4,-25,1,13,-39,0,-2,-2,0,0,0,61,-77,-15,None
0,-1,1,1,5,74,1,-2,-2,0,0,0,61,-77,-15,None
0,-1,1,1,5,74,1,-2,-2,0,0,0,61,-77,-15,None
0,-1,1,1,5,74,1,-2,-2,0,0,0,59,-74,-17,None
0,-2,-1,2,11,14,2,0,0,0,0,0,59,-74,-17,None
0,0,3,-1,1,-4,-2,-2,-2,0,0,0,59,-74,-17,None
0,0,1,-2,-2,-22,-2,0,-1,0,0,0,59,-74,-17,None
0,-2,2,-2,1,-20,-2,-1,-1,0,0,0,59,-74,-17,None
0,-2,2,-2,1,-20,-2,-1,-1,0,0,0,59,-74,-17,None
0,-2,2,-2,1,-20,-2,-1,-1,0,0,0,59,-71,-18,None
0,-2,-3,-6,-9,2,-3,-2,-1,0,0,0,59,-71,-18,None
0,-4,-6,3,20,15,1,-1,-1,0,0,0,59,-71,-18,None
0,0,8,-10,-16,-33,-5,-1,0,0,0,0,59,-71,-18,None
0,-6,-21,-2,5,-25,-5,-3,-3,0,0,0,59,-71,-18,None
0,-6,-21,-2,5,-25,-5,-3,-3,0,0,0,59,-71,-18,None
0,-6,-21,-2,5,-25,-5,-3,-3,0,0,0,58,-73,-19,None
0,-3,3,-5,-4,22,-1,-1,-2,0,0,0,58,-73,-19,None
0,-1,-3,2,8,1,3,-2,-2,0,0,0,58,-73,-19,None
0,-1,2,4,16,22,2,-1,-2,0,0,0,58,-73,-19,None
0,2,11,-1,13,-17,-2,0,0,0,0,0,58,-73,-19,None
0,2,11,-1,13,-17,-2,0,0,0,0,0,58,-73,-19,None
0,2,11,-1,13,-17,-2,0,0,0,0,0,58,-76,-18,None
0,0,-2,-5,-14,-17,-3,-1,0,0,0,0,58,-76,-18,None
0,-3,-4,-1,-12,7,-1,-1,-3,0,0,0,58,-76,-18,None
0,-1,-1,-2,3,12,-1,-3,-1,0,0,0,58,-76,-18,None
0,1,6,-3,-12,-5,0,-2,-1,0,0,0,58,-76,-18,None
0,1,6,-3,-12,-5,0,-2,-1,0,0,0,58,-76,-18,None
0,1,6,-3,-12,-5,0,-2,-1,0,0,0,58,-80,-18,None
0,2,15,-1,0,2,0,-1,-1,0,0,0,58,-80,-18,None
0,-3,-31,-1,-4,1,-2,-2,-2,0,0,0,58,-80,-18,None
0,-2,1,-2,2,48,-1,-2,-3,0,0,0,58,-80,-18,None
0,-2,-1,-3,15,-3,-1,-2,-3,0,0,0,58,-80,-18,None
0,-2,-1,-3,15,-3,-1,-2,-3,0,0,0,58,-80,-18,None
0,-2,-1,-3,15,-3,-1,-2,-3,0,0,0,58,-81,-16,None
0,-1,0,-1,1,-9,0,-2,-1,0,0,0,58,-81,-16,None
0,-3,9,-1,2,1,-2,-2,-1,0,0,0,58,-81,-16,None
0,3,-2,0,-6,-14,-1,-1,-2,0,0,0,58,-81,-16,None
0,-1,-1,-3,-5,-2,0,-1,-1,0,0,0,58,-81,-16,None
0,-1,-1,-3,-5,-2,0,-1,-1,0,0,0,58,-81,-16,None
0,-1,-1,-3,-5,-2,0,-1,-1,0,0,0,59,-80,-14,None
0,-2,-6,-2,4,11,-2,0,0,0,0,0,59,-80,-14,None
0,-2,10,0,-17,-7,1,-2,-1,0,0,0,59,-80,-14,None
0,-4,-6,-3,-4,8,0,-1,-1,0,0,0,59,-80,-14,None
0,2,6,2,7,20,-1,-1,-1,0,0,0,59,-80,-14,None
0,2,6,2,7,20,-1,-1,-1,0,0,0,59,-80,-14,None
0,2,6,2,7,20,-1,-1,-1,0,0,0,59,-80,-12,None
0,-3,-1,-5,2,26,-1,-1,0,0,0,0,59,-80,-12,None
0,-1,0,-2,-8,-18,-2,-2,-3,0,0,0,59,-80,-12,None
0,1,3,2,10,10,-1,0,-1,0,0,0,59,-80,-12,None
0,0,1,-1,-1,-15,-2,0,1,0,0,0,59,-80,-12,None
0,0,1,-1,-1,-15,-2,0,1,0,0,0,59,-80,-12,None
0,0,1,-1,-1,-15,-2,0,1,0,0,0,59,-82,-10,None
0,-2,-2,-1,-8,-3,0,-1,-2,0,0,0,59,-82,-10,None
0,2,0,-1,5,10,-1,-2,-1,0,0,0,59,-82,-10,None
0,-3,-2,-2,23,0,-1,-1,-1,0,0,0,59,-82,-10,None
0,4,36,4,-38,-8,1,-1,0,0,0,0,59,-82,-10,None
0,4,36,4,-38,-8,1,-1,0,0,0,0,59,-82,-10,None
0,4,36,4,-38,-8,1,-1,0,0,0,0,59,-82,-9,None
0,-8,-19,-14,-11,9,1,-1,-3,0,0,0,59,-82,-9,None
0,1,1,-3,30,-20,-6,-4,-5,0,0,0,59,-82,-9,None
0,-4,-5,-2,-1,-2,0,-1,-2,0,0,0,59,-82,-9,None
0,0,6,1,8,2,1,-1,-1,0,0,0,59,-82,-9,None
0,0,6,1,8,2,1,-1,-1,0,0,0,59,-82,-9,None
0,0,6,1,8,2,1,-1,-1,0,0,0,59,-82,-9,None
0,1,6,-1,-3,-22,-2,-2,0,0,0,0,59,-82,-9,None
0,-3,1,-3,-9,8,-2,0,-1,0,0,0,59,-82,-9,None
0,-1,5,-3,-10,-1,-2,-1,-1,0,0,0,59,-82,-9,None
0,-1,-13,-3,1,-8,-1,-1,-1,0,0,0,59,-82,-9,None
0,-1,-13,-3,1,-8,-1,-1,-1,0,0,0,59,-82,-9,None
0,-1,-13,-3,1,-8,-1,-1,-1,0,0,0,61,-83,-9,None
0,-1,3,0,2,-1,-2,-1,-1,0,0,0,61,-83,-9,None
0,-1,-4,-4,-3,7,2,1,0,0,0,0,61,-83,-9,None
0,0,4,0,-9,1,-3,-1,-1,0,0,0,61,-83,-9,None
0,-2,-7,-4,-5,1,-3,-2,-2,0,0,0,61,-83,-9,None
0,-2,-7,-4,-5,1,-3,-2,-2,0,0,0,61,-83,-9,None
0,-2,-7,-4,-5,1,-3,-2,-2,0,0,0,61,-84,-9,None
0,-1,-3,1,17,6,2,-2,-3,0,0,0,61,-84,-9,None
0,1,5,-4,-11,9,0,-1,-2,0,0,0,61,-84,-9,None
0,-2,1,-1,3,-2,-1,0,-1,0,0,0,61,-84,-9,None
0,-1,-6,-3,5,-9,-4,-2,0,0,0,0,61,-84,-9,None
0,-1,-6,-3,5,-9,-4,-2,0,0,0,0,61,-84,-9,None
0,-1,-6,-3,5,-9,-4,-2,0,0,0,0,59,-83,-10,None
0,0,4,0,-3,1,-2,0,-1,0,0,0,59,-83,-10,None
0,-2,0,0,-2,3,0,-1,-2,0,0,0,59,-83,-10,None
0,-2,-1,-4,-5,-6,-1,-2,-1,0,0,0,59,-83,-10,None
0,-1,-4,-4,-5,-2,-1,-2,-2,0,0,0,59,-83,-10,None
0,-1,-4,-4,-5,-2,-1,-2,-2,0,0,0,59,-83,-10,None
0,-1,-4,-4,-5,-2,-1,-2,-2,0,0,0,58,-82,-11,None
0,2,22,1,7,-9,-1,-2,-1,0,0,0,58,-82,-11,None
0,-1,-5,-1,1,13,0,0,-1,0,0,0,58,-82,-11,None
0,0,0,-2,-13,-13,-2,-2,0,0,0,0,58,-82,-11,None
0,-2,-2,-2,-6,-6,0,0,-3,0,0,0,58,-82,-11,None
0,-2,-2,-2,-6,-6,0,0,-3,0,0,0,58,-82,-11,None
0,-2,-2,-2,-6,-6,0,0,-3,0,0,0,58,-83,-12,None
0,-2,1,-3,5,14,0,-2,-1,0,0,0,58,-83,-12,None
0,-1,3,-4,3,-5,-2,-1,-1,0,0,0,58,-83,-12,None
0,-2,0,-2,-3,-9,0,-1,-1,0,0,0,58,-83,-12,None
0,1,0,-3,6,2,-1,-1,-1,0,0,0,58,-83,-12,None
0,1,0,-3,6,2,-1,-1,-1,0,0,0,58,-83,-12,None
0,1,0,-3,6,2,-1,-1,-1,0,0,0,58,-82,-12,None
0,-1,-4,-2,-12,-16,-4,-1,-2,0,0,0,58,-82,-12,None
0,-2,0,-1,-6,2,-1,-2,-1,0,0,0,58,-82,-12,None
0,-4,-1,-1,12,11,0,-1,-1,0,0,0,58,-82,-12,None
0,-1,-2,3,-21,-10,3,0,0,0,0,0,58,-82,-12,None
0,-1,-2,3,-21,-10,3,0,0,0,0,0,58,-82,-12,None
0,-1,-2,3,-21,-10,3,0,0,0,0,0,57,-82,-13,None
0,-5,-9,-10,-18,16,-5,-6,-2,0,0,0,57,-82,-13,None
0,-1,1,1,-15,7,0,-1,-2,0,0,0,57,-82,-13,None
0,-1,4,-2,20,12,-1,-3,-2,0,0,0,57,-82,-13,None
0,0,-1,-2,20,-6,-4,0,-1,0,0,0,57,-82,-13,None
0,0,-1,-2,20,-6,-4,0,-1,0,0,0,57,-82,-13,None
0,0,-1,-2,20,-6,-4,0,-1,0,0,0,57,-81,-13,None
0,0,1,0,4,-10,0,0,-2,0,0,0,57,-81,-13,None
0,-2,0,-2,-4,2,-1,-1,-1,0,0,0,57,-81,-13,None
0,0,-1,-1,-3,1,-2,-1,-2,0,0,0,57,-81,-13,None
0,-4,-5,-2,0,4,-2,-2,-1,0,0,0,57,-81,-13,None
0,-4,-5,-2,0,4,-2,-2,-1,0,0,0,57,-81,-13,None
0,-4,-5,-2,0,4,-2,-2,-1,0,0,0,57,-78,-14,None
0,0,13,2,-2,0,1,0,-1,0,0,0,57,-78,-14,None
0,2,-4,-3,1,-10,-2,-1,-2,0,0,0,57,-78,-14,None
0,6,17,-1,1,-5,-1,-1,0,0,0,0,57,-78,-14,None
0,-6,-26,0,5,22,-1,-4,-4,0,0,0,57,-78,-14,None
0,-6,-26,0,5,22,-1,-4,-4,0,0,0,57,-78,-14,None
0,-6,-26,0,5,22,-1,-4,-4,0,0,0,58,-78,-15,None
0,0,3,0,4,10,0,-1,-1,0,0,0,58,-78,-15,None
0,-1,0,-2,11,-7,-2,-2,0,0,0,0,58,-78,-15,None
0,2,1,-1,-5,-10,-1,0,0,0,0,0,58,-78,-15,None
0,0,9,-5,-2,-9,-1,-1,-1,0,0,0,58,-78,-15,None
0,0,9,-5,-2,-9,-1,-1,-1,0,0,0,58,-78,-15,None
0,0,9,-5,-2,-9,-1,-1,-1,0,0,0,59,-77,-14,None
0,-1,-7,-2,1,-2,-3,-2,-1,0,0,0,59,-77,-14,None
0,-2,0,0,-1,3,0,-1,0,0,0,0,59,-77,-14,None
0,1,-9,-3,-11,-3,0,-3,-1,0,0,0,59,-77,-14,None
0,-3,8,-6,1,8,-3,-2,-3,0,0,0,59,-77,-14,None
0,-3,8,-6,1,8,-3,-2,-3,0,0,0,59,-77,-14,None
0,-3,8,-6,1,8,-3,-2,-3,0,0,0,59,-77,-14,None
0,-2,-7,1,10,12,0,-2,-2,0,0,0,59,-77,-14,None
0,0,7,-1,13,5,0,-2,-1,0,0,0,59,-77,-14,None
0,-4,-1,-1,0,-1,-3,-2,-1,0,0,0,59,-77,-14,None
0,0,1,-2,4,-1,-2,-2,0,0,0,0,59,-77,-14,None
0,0,1,-2,4,-1,-2,-2,0,0,0,0,59,-77,-14,None
0,0,1,-2,4,-1,-2,-2,0,0,0,0,59,-77,-13,None
0,2,2,-2,-7,-14,-3,0,-2,0,0,0,59,-77,-13,None
0,-4,-1,-3,-3,3,-1,-2,-1,0,0,0,59,-77,-13,None
0,1,-3,-1,4,22,0,-1,-2,0,0,0,59,-77,-13,None
0,0,3,3,-21,2,3,0,1,0,0,0,59,-77,-13,None
0,0,3,3,-21,2,3,0,1,0,0,0,59,-77,-13,None
0,0,3,3,-21,2,3,0,1,0,0,0,59,-77,-12,None
0,-1,-4,1,-23,11,3,0,-1,0,0,0,59,-77,-12,None
0,0,-1,-6,9,-6,-6,-3,-3,0,0,0,59,-77,-12,None
0,-3,-1,-2,-10,-16,0,-2,-2,0,0,0,59,-77,-12,None
0,0,1,-4,3,3,0,-1,-1,0,0,0,59,-77,-12,None
0,0,1,-4,3,3,0,-1,-1,0,0,0,59,-77,-12,None
0,0,1,-4,3,3,0,-1,-1,0,0,0,59,-78,-12,None
0,0,0,-1,6,-4,-1,-3,-2,0,0,0,59,-78,-12,None
0,-1,0,-1,-8,-3,-1,-1,0,0,0,0,59,-78,-12,None
0,-2,3,-2,-3,3,0,0,-2,0,0,0,59,-78,-12,None
0,6,9,-1,5,-7,-2,-2,-1,0,0,0,59,-78,-12,None
0,6,9,-1,5,-7,-2,-2,-1,0,0,0,59,-78,-12,None
0,6,9,-1,5,-7,-2,-2,-1,0,0,0,59,-79,-12,None
0,-11,-33,-3,4,-6,0,0,-2,0,0,0,59,-79,-12,None
0,1,13,0,-6,3,0,-1,1,0,0,0,59,-79,-12,None
0,-3,-2,0,-1,-13,-2,-1,-1,0,0,0,59,-79,-12,None
0,-4,-7,-6,0,18,-1,-3,-1,0,0,0,59,-79,-12,None
0,-4,-7,-6,0,18,-1,-3,-1,0,0,0,59,-79,-12,None
0,-4,-7,-6,0,18,-1,-3,-1,0,0,0,58,-79,-10,None
0,3,11,-2,10,1,0,-1,-1,0,0,0,58,-79,-10,None
0,-1,3,-2,-2,9,1,-2,-4,0,0,0,58,-79,-10,None
0,-2,-2,-1,1,2,-1,-3,-4,0,0,0,58,-79,-10,None
0,-2,3,-2,5,-8,-3,0,-1,0,0,0,58,-79,-10,None
0,-2,3,-2,5,-8,-3,0,-1,0,0,0,58,-79,-10,None
0,-2,3,-2,5,-8,-3,0,-1,0,0,0,59,-79,-9,None
0,-3,7,-2,-1,-6,-2,-2,-1,0,0,0,59,-79,-9,None
0,1,-5,-1,-1,-2,-1,1,-2,0,0,0,59,-79,-9,None
0,-2,2,-3,2,4,0,-3,-1,0,0,0,59,-79,-9,None
0,-1,-2,-2,-4,-5,-2,0,-2,0,0,0,59,-79,-9,None
0,-1,-2,-2,-4,-5,-2,0,-2,0,0,0,59,-79,-9,None
0,-1,-2,-2,-4,-5,-2,0,-2,0,0,0,59,-80,-9,None
0,0,4,-1,-5,9,2,1,1,0,0,0,59,-80,-9,None
0,-2,-7,-3,15,-9,-5,-4,-4,0,0,0,59,-80,-9,None
0,-3,-4,-4,-11,4,-2,-3,-3,0,0,0,59,-80,-9,None
0,0,5,-2,-1,-3,-1,0,-1,0,0,0,59,-80,-9,None
0,0,5,-2,-1,-3,-1,0,-1,0,0,0,59,-80,-9,None
0,0,5,-2,-1,-3,-1,0,-1,0,0,0,59,-81,-9,None
0,0,1,0,3,5,-1,-1,-1,0,0,0,59,-81,-9,None
0,-2,1,-2,-6,1,0,0,-1,0,0,0,59,-81,-9,None
0,0,0,-1,-2,1,-1,-2,-3,0,0,0,59,-81,-9,None
0,-3,-2,-1,6,-5,-2,-2,-2,0,0,0,59,-81,-9,None
0,-3,-2,-1,6,-5,-2,-2,-2,0,0,0,59,-81,-9,None
0,-3,-2,-1,6,-5,-2,-2,-2,0,0,0,59,-81,-8,None
0,3,17,-4,-2,-7,-3,-2,-2,0,0,0,59,-81,-8,None
0,0,2,2,-10,3,-1,-1,0,0,0,0,59,-81,-8,None
0,-2,0,-1,3,2,1,0,-1,0,0,0,59,-81,-8,None
0,-1,-3,-1,8,2,-3,-2,0,0,0,0,59,-81,-8,None
0,-1,-3,-1,8,2,-3,-2,0,0,0,0,59,-81,-8,None
0,-1,-3,-1,8,2,-3,-2,0,0,0,0,60,-79,-9,None
0,-4,-2,-1,-13,1,-2,-2,-4,0,0,0,60,-79,-9,None
0,-3,0,-2,-7,5,0,-1,-1,0,0,0,60,-79,-9,None
0,-1,0,0,0,1,-1,-1,0,0,0,0,60,-79,-9,None
0,0,5,-2,3,-3,-2,-2,0,0,0,0,60,-79,-9,None
0,0,5,-2,3,-3,-2,-2,0,0,0,0,60,-79,-9,None
0,0,5,-2,3,-3,-2,-2,0,0,0,0,59,-78,-10,None
0,0,-2,-2,1,-3,-1,-1,-2,0,0,0,59,-78,-10,None
0,-2,0,-3,0,-1,0,-1,-1,0,0,0,59,-78,-10,None
0,-2,0,-3,-1,-1,-1,-1,-2,0,0,0,59,-78,-10,None
0,-3,-5,-2,-8,1,1,0,-1,0,0,0,59,-78,-10,None
0,-3,-5,-2,-8,1,1,0,-1,0,0,0,59,-78,-10,None
0,-3,-5,-2,-8,1,1,0,-1,0,0,0,59,-79,-10,None
0,0,0,-2,0,-5,-1,-2,-1,0,0,0,59,-79,-10,None
0,-2,-3,1,-5,1,2,0,-2,0,0,0,59,-79,-10,None
0,1,3,-3,-4,-5,-2,0,0,0,0,0,59,-79,-10,None
0,-4,6,0,1,10,-3,-2,-1,0,0,0,59,-79,-10,None
0,-4,6,0,1,10,-3,-2,-1,0,0,0,59,-79,-10,None
0,-4,6,0,1,10,-3,-2,-1,0,0,0,59,-81,-10,None
0,-6,-17,-6,0,2,-1,-4,-3,0,0,0,59,-81,-10,None
0,2,6,-3,-9,-16,1,-1,1,0,0,0,59,-81,-10,None
0,1,2,-1,-1,10,-4,-3,0,0,0,0,59,-81,-10,None
0,-7,-4,-1,-2,-14,-3,-1,-3,0,0,0,59,-81,-10,None
0,-7,-4,-1,-2,-14,-3,-1,-3,0,0,0,59,-81,-10,None
0,-7,-4,-1,-2,-14,-3,-1,-3,0,0,0,59,-81,-12,None
0,-1,4,-1,5,2,-1,-1,-2,0,0,0,59,-81,-12,None
0,-1,1,-1,-1,2,-1,-1,-2,0,0,0,59,-81,-12,None
0,-4,-7,-3,-7,-10,1,-1,-2,0,0,0,59,-81,-12,None
0,2,7,-1,6,3,-2,-1,-1,0,0,0,59,-81,-12,None
0,2,7,-1,6,3,-2,-1,-1,0,0,0,59,-81,-12,None
0,2,7,-1,6,3,-2,-1,-1,0,0,0,59,-79,-11,None
0,0,3,-1,0,-3,0,-2,-2,0,0,0,59,-79,-11,None
0,0,-4,-3,-2,4,-1,-1,-2,0,0,0,59,-79,-11,None
0,0,9,-1,3,6,-1,-2,-2,0,0,0,59,-79,-11,None
0,-2,-2,-1,3,2,0,-3,-4,0,0,0,59,-79,-11,None
0,-2,-2,-1,3,2,0,-3,-4,0,0,0,59,-79,-11,None
0,-2,-2,-1,3,2,0,-3,-4,0,0,0,58,-78,-11,None
0,1,0,-1,-5,-4,-1,-2,0,0,0,0,58,-78,-11,None
