0,-5,0,-8,25,13,-18,-16,-8,0,0,0,105,-113,37,None
0,-1,-5,-1,1,3,-9,-5,-2,0,0,0,105,-113,37,None
0,-2,0,-1,-29,-2,14,5,-1,0,0,0,105,-113,37,None
0,-2,0,-1,-29,-2,14,5,-1,0,0,0,105,-113,37,None
0,-2,0,-1,-29,-2,14,5,-1,0,0,0,104,-131,24,None
0,2,8,8,-27,-8,-26,-79,3,0,0,0,104,-131,24,None
0,2,4,-2,-12,13,36,91,7,0,0,0,104,-131,24,None
0,-2,-3,-2,-32,-13,-11,-41,-5,0,0,0,104,-131,24,None
0,-2,-1,-4,-36,20,3,21,-3,0,0,0,104,-131,24,None
0,-2,-1,-4,-36,20,3,21,-3,0,0,0,104,-131,24,None
0,-2,-1,-4,-36,20,3,21,-3,0,0,0,96,-143,24,None
0,-4,-6,-5,-7,-28,-37,-14,-4,0,0,0,96,-143,24,None
0,-4,-6,-5,8,11,-5,-15,-5,0,0,0,96,-143,24,None
0,2,2,-2,-23,-21,17,14,1,0,0,0,96,-143,24,None
0,-2,-3,-1,-10,1,-13,-5,0,0,0,0,96,-143,24,None
0,-2,-3,-1,-10,1,-13,-5,0,0,0,0,96,-143,24,None
0,-2,-3,-1,-10,1,-13,-5,0,0,0,0,73,-147,20,None
0,-3,-7,-12,18,-26,-9,10,-5,0,0,0,73,-147,20,None
0,-4,-6,-4,19,18,-6,-22,-5,0,0,0,73,-147,20,None
0,0,-3,-1,0,18,-10,6,-3,0,0,0,73,-147,20,None
0,-2,-5,-6,23,-2,-12,-23,-3,0,0,0,73,-147,20,None
0,-2,-5,-6,23,-2,-12,-23,-3,0,0,0,73,-147,20,None
0,-2,-5,-6,23,-2,-12,-23,-3,0,0,0,51,-154,4,None
0,3,0,-2,14,-13,12,31,4,0,0,0,51,-154,4,None
0,-2,0,-1,-12,3,-14,-14,-3,0,0,0,51,-154,4,None
0,-4,-3,-4,30,3,-22,-12,-6,0,0,0,51,-154,4,None
0,-5,-9,-17,21,-2,-18,-13,-4,0,0,0,51,-154,4,None
0,-5,-9,-17,21,-2,-18,-13,-4,0,0,0,51,-154,4,None
0,-5,-9,-17,21,-2,-18,-13,-4,0,0,0,48,-152,9,None
0,0,0,2,-8,2,15,29,0,0,0,0,48,-152,9,None
0,2,3,-2,20,7,-6,-6,3,0,0,0,48,-152,9,None
0,-5,-7,-6,0,6,-16,-8,-7,0,0,0,48,-152,9,None
0,-1,-2,0,-1,-21,8,4,1,0,0,0,48,-152,9,None
0,-1,-2,0,-1,-21,8,4,1,0,0,0,48,-152,9,None
0,-1,-2,0,-1,-21,8,4,1,0,0,0,49,-140,14,None
0,2,8,7,-18,6,19,5,0,0,0,0,49,-140,14,None
0,-5,-3,-1,-1,18,-12,-20,-6,0,0,0,49,-140,14,None
0,-1,-1,-2,-16,6,10,11,0,0,0,0,49,-140,14,None
0,2,6,4,3,-41,-6,-3,0,0,0,0,49,-140,14,None
0,2,6,4,3,-41,-6,-3,0,0,0,0,49,-140,14,None
0,2,6,4,3,-41,-6,-3,0,0,0,0,41,-130,22,None
0,-1,2,-4,37,-4,8,9,4,0,0,0,41,-130,22,None
0,-5,-7,-9,12,-11,-12,-2,-2,0,0,0,41,-130,22,None
0,2,7,5,1,18,1,-6,0,0,0,0,41,-130,22,None
0,1,8,0,3,7,5,6,4,0,0,0,41,-130,22,None
0,1,8,0,3,7,5,6,4,0,0,0,41,-130,22,None
0,1,8,0,3,7,5,6,4,0,0,0,35,-122,17,None
0,0,-1,-9,25,9,2,1,-2,0,0,0,35,-122,17,None
0,-2,-2,1,12,0,0,-8,-5,0,0,0,35,-122,17,None
0,4,10,8,12,-8,12,0,3,0,0,0,35,-122,17,None
0,-2,-1,-8,10,7,-5,-6,-3,0,0,0,35,-122,17,None
0,-2,-1,-8,10,7,-5,-6,-3,0,0,0,35,-122,17,None
0,-2,-1,-8,10,7,-5,-6,-3,0,0,0,34,-116,15,None
0,-3,-1,1,-45,27,10,5,-2,0,0,0,34,-116,15,None
0,1,8,9,-13,-5,8,-6,1,0,0,0,34,-116,15,None
0,-2,5,0,33,5,-11,-4,-4,0,0,0,34,-116,15,None
0,-1,-6,-10,-17,7,-15,0,-2,0,0,0,34,-116,15,None
0,-1,-6,-10,-17,7,-15,0,-2,0,0,0,34,-116,15,None
0,-1,-6,-10,-17,7,-15,0,-2,0,0,0,30,-105,16,None
0,-1,5,2,-26,3,11,-5,-3,0,0,0,30,-105,16,None
0,1,6,-4,-16,15,5,3,1,0,0,0,30,-105,16,None
0,-3,-2,-5,10,-3,0,2,0,0,0,0,30,-105,16,None
0,1,9,12,-48,4,9,-3,-1,0,0,0,30,-105,16,None
0,1,9,12,-48,4,9,-3,-1,0,0,0,30,-105,16,None
0,1,9,12,-48,4,9,-3,-1,0,0,0,22,-96,15,None
0,4,15,20,5,-7,19,0,1,0,0,0,22,-96,15,None
0,-2,-2,-14,-15,-15,-17,-10,-3,0,0,0,22,-96,15,None
0,0,5,6,-2,7,12,6,4,0,0,0,22,-96,15,None
0,1,7,0,-32,28,17,10,3,0,0,0,22,-96,15,None
0,1,7,0,-32,28,17,10,3,0,0,0,22,-96,15,None
0,1,7,0,-32,28,17,10,3,0,0,0,19,-92,15,None
0,-3,-3,-9,21,-30,-9,-1,0,0,0,0,19,-92,15,None
0,-3,-4,-9,-11,-9,-14,-4,-2,0,0,0,19,-92,15,None
0,-1,0,-2,11,-11,-5,-3,-6,0,0,0,19,-92,15,None
0,1,2,-5,35,15,-4,-1,1,0,0,0,19,-92,15,None
0,1,2,-5,35,15,-4,-1,1,0,0,0,19,-92,15,None
0,1,2,-5,35,15,-4,-1,1,0,0,0,16,-88,16,None
0,-3,-6,-8,-3,-27,-18,-6,-6,0,0,0,16,-88,16,None
0,1,1,-1,-4,-4,1,1,0,0,0,0,16,-88,16,None
0,-1,5,3,-10,13,4,-2,1,0,0,0,16,-88,16,None
0,-2,-2,7,52,-4,-1,-2,-6,0,0,0,16,-88,16,None
0,-2,-2,7,52,-4,-1,-2,-6,0,0,0,16,-88,16,None
0,-2,-2,7,52,-4,-1,-2,-6,0,0,0,7,-82,18,None
0,-3,-7,-6,-12,28,5,-2,1,0,0,0,7,-82,18,None
0,0,2,5,-30,-4,5,-4,-1,0,0,0,7,-82,18,None
0,-2,-5,-8,14,-2,-8,1,0,0,0,0,7,-82,18,None
0,-5,-7,-10,-6,1,-13,-8,-9,0,0,0,7,-82,18,None
0,-5,-7,-10,-6,1,-13,-8,-9,0,0,0,7,-82,18,None
0,-5,-7,-10,-6,1,-13,-8,-9,0,0,0,0,-74,19,None
0,0,1,4,-4,2,6,-2,8,0,0,0,0,-74,19,None
0,-1,0,-7,4,15,0,7,-2,0,0,0,0,-74,19,None
0,-3,-5,-3,-7,-1,-8,1,-8,0,0,0,0,-74,19,None
0,1,4,2,1,2,3,0,13,0,0,0,0,-74,19,None
0,1,4,2,1,2,3,0,13,0,0,0,0,-74,19,None
0,1,4,2,1,2,3,0,13,0,0,0,-3,-66,19,None
0,-1,2,-6,9,-22,0,-3,-5,0,0,0,-3,-66,19,None
0,-2,0,-1,17,18,-4,-12,-17,0,0,0,-3,-66,19,None
0,0,5,7,-21,-3,13,7,9,0,0,0,-3,-66,19,None
0,-4,-2,-2,-5,15,3,0,-1,0,0,0,-3,-66,19,None
0,-4,-2,-2,-5,15,3,0,-1,0,0,0,-3,-66,19,None
0,-4,-2,-2,-5,15,3,0,-1,0,0,0,-10,-59,19,None
0,0,1,-7,-9,7,-10,0,-5,0,0,0,-10,-59,19,None
0,-2,-2,0,3,-29,-3,-6,-13,0,0,0,-10,-59,19,None
0,-2,0,-3,13,-3,-10,-7,-10,0,0,0,-10,-59,19,None
0,-7,-8,-11,-12,3,-8,-5,6,0,0,0,-10,-59,19,None
0,-7,-8,-11,-12,3,-8,-5,6,0,0,0,-10,-59,19,None
0,-7,-8,-11,-12,3,-8,-5,6,0,0,0,-17,-53,20,None
0,1,0,-2,10,-5,-6,8,9,0,0,0,-17,-53,20,None
0,-3,-2,-7,18,17,0,-16,-24,0,0,0,-17,-53,20,None
0,-4,-1,-11,-7,-14,-7,11,16,0,0,0,-17,-53,20,None
0,1,1,7,7,2,2,2,5,0,0,0,-17,-53,20,None
0,1,1,7,7,2,2,2,5,0,0,0,-17,-53,20,None
0,1,1,7,7,2,2,2,5,0,0,0,-22,-42,25,None
0,-2,4,7,3,15,7,-7,-12,0,0,0,-22,-42,25,None
0,2,5,-4,6,7,15,10,24,0,0,0,-22,-42,25,None
0,-1,-21,-18,12,-39,-5,-3,-16,0,0,0,-22,-42,25,None
0,-4,-1,-2,-26,-9,0,-7,-18,0,0,0,-22,-42,25,None
0,-4,-1,-2,-26,-9,0,-7,-18,0,0,0,-22,-42,25,None
0,-4,-1,-2,-26,-9,0,-7,-18,0,0,0,-26,-31,30,None
0,-2,2,2,36,7,-3,-8,6,0,0,0,-26,-31,30,None
0,4,-2,-13,30,39,-7,6,13,0,0,0,-26,-31,30,None
0,0,2,0,6,-58,0,4,3,0,0,0,-26,-31,30,None
0,4,5,-3,6,40,-1,25,16,0,0,0,-26,-31,30,None
0,4,5,-3,6,40,-1,25,16,0,0,0,-26,-31,30,None
0,4,5,-3,6,40,-1,25,16,0,0,0,-32,-22,32,None
0,-5,1,-3,13,-46,-22,-9,-25,0,0,0,-32,-22,32,None
0,3,5,8,-31,-8,-2,-7,14,0,0,0,-32,-22,32,None
0,-4,-8,1,-9,27,18,-4,-9,0,0,0,-32,-22,32,None
0,1,3,-3,-18,-7,-7,-9,9,0,0,0,-32,-22,32,None
0,1,3,-3,-18,-7,-7,-9,9,0,0,0,-32,-22,32,None
0,1,3,-3,-18,-7,-7,-9,9,0,0,0,-37,-16,35,None
0,1,3,-3,-19,3,9,11,8,0,0,0,-37,-16,35,None
0,1,-3,7,-2,-21,0,0,7,0,0,0,-37,-16,35,None
0,1,15,8,8,16,0,-4,-15,0,0,0,-37,-16,35,None
0,-1,-23,-6,12,-7,-11,-5,-7,0,0,0,-37,-16,35,None
0,-1,-23,-6,12,-7,-11,-5,-7,0,0,0,-37,-16,35,None
0,-1,-23,-6,12,-7,-11,-5,-7,0,0,0,-40,-7,39,None
0,-8,-14,-11,-5,45,2,-3,-2,0,0,0,-40,-7,39,None
0,1,0,2,-10,-6,-5,-3,15,0,0,0,-40,-7,39,None
0,4,0,-4,34,33,-1,7,26,0,0,0,-40,-7,39,None
0,-1,10,-3,-53,-16,-3,-11,-21,0,0,0,-40,-7,39,None
0,-1,10,-3,-53,-16,-3,-11,-21,0,0,0,-40,-7,39,None
0,-1,10,-3,-53,-16,-3,-11,-21,0,0,0,-44,0,44,None
0,4,10,1,-15,16,11,-5,16,0,0,0,-44,0,44,None
0,-6,-1,-1,3,-21,4,-3,-42,0,0,0,-44,0,44,None
0,2,11,10,20,29,10,47,69,0,0,0,-44,0,44,None
0,0,-1,-1,23,14,3,-16,-5,0,0,0,-44,0,44,None
0,0,-1,-1,23,14,3,-16,-5,0,0,0,-44,0,44,None
0,0,-1,-1,23,14,3,-16,-5,0,0,0,-50,9,49,None
0,-1,5,-15,-19,0,-6,6,-15,0,0,0,-50,9,49,None
0,-3,-4,-5,56,-2,-2,-3,29,0,0,0,-50,9,49,None
0,-1,1,-10,-90,-3,-14,-20,-25,0,0,0,-50,9,49,None
0,0,-2,0,29,-52,0,1,-5,0,0,0,-50,9,49,None
0,0,-2,0,29,-52,0,1,-5,0,0,0,-50,9,49,None
0,0,-2,0,29,-52,0,1,-5,0,0,0,-53,8,56,None
0,-1,-11,-7,12,12,-5,4,0,0,0,0,-53,8,56,None
0,-3,4,4,16,-8,-7,-7,-16,0,0,0,-53,8,56,None
0,-2,-1,-3,-47,17,2,-7,-17,0,0,0,-53,8,56,None
0,-2,2,-2,-16,-4,1,1,4,0,0,0,-53,8,56,None
0,-2,2,-2,-16,-4,1,1,4,0,0,0,-53,8,56,None
0,-2,2,-2,-16,-4,1,1,4,0,0,0,-54,8,58,None
0,-1,10,5,-2,-4,-9,-10,-10,0,0,0,-54,8,58,None
0,0,3,12,-30,-9,4,5,0,0,0,0,-54,8,58,None
0,-3,-3,-6,39,5,1,-2,-4,0,0,0,-54,8,58,None
0,-3,0,-5,-7,-7,-2,-3,-1,0,0,0,-54,8,58,None
0,-3,0,-5,-7,-7,-2,-3,-1,0,0,0,-54,8,58,None
0,-3,0,-5,-7,-7,-2,-3,-1,0,0,0,-53,11,57,None
0,-1,-1,9,29,-3,0,2,0,0,0,0,-53,11,57,None
0,-2,2,-13,-38,3,-5,2,-2,0,0,0,-53,11,57,None
0,-3,-4,-4,4,-2,-15,-10,-11,0,0,0,-53,11,57,None
0,1,8,5,30,-9,1,-4,-6,0,0,0,-53,11,57,None
0,1,8,5,30,-9,1,-4,-6,0,0,0,-53,11,57,None
0,1,8,5,30,-9,1,-4,-6,0,0,0,-49,19,64,None
0,0,2,-6,-31,25,10,5,1,0,0,0,-49,19,64,None
0,-3,0,-3,2,4,-3,-1,0,0,0,0,-49,19,64,None
0,-2,0,-4,5,-41,-11,-12,-11,0,0,0,-49,19,64,None
0,0,1,-2,-10,1,10,3,0,0,0,0,-49,19,64,None
0,0,1,-2,-10,1,10,3,0,0,0,0,-49,19,64,None
0,0,1,-2,-10,1,10,3,0,0,0,0,-54,24,64,None
0,0,-1,-1,9,-12,-4,1,0,0,0,0,-54,24,64,None
0,-2,1,-3,12,-14,-7,1,-2,0,0,0,-54,24,64,None
0,0,8,1,9,-15,2,-8,-9,0,0,0,-54,24,64,None
0,-3,-13,-4,-8,39,8,3,1,0,0,0,-54,24,64,None
0,-3,-13,-4,-8,39,8,3,1,0,0,0,-54,24,64,None
0,-3,-13,-4,-8,39,8,3,1,0,0,0,-61,23,64,None
0,-2,-9,-10,5,4,-6,0,1,0,0,0,-61,23,64,None
0,-2,0,0,8,15,-2,-4,-6,0,0,0,-61,23,64,None
0,-3,12,6,-3,-8,-2,-4,-5,0,0,0,-61,23,64,None
0,1,8,-3,31,-2,-6,-2,-2,0,0,0,-61,23,64,None
0,1,8,-3,31,-2,-6,-2,-2,0,0,0,-61,23,64,None
0,1,8,-3,31,-2,-6,-2,-2,0,0,0,-62,9,65,None
0,-2,-3,1,-14,-6,-1,-5,-4,0,0,0,-62,9,65,None
0,4,-6,0,0,8,12,5,5,0,0,0,-62,9,65,None
0,-3,-6,-17,-27,3,-10,-8,-7,0,0,0,-62,9,65,None
0,-4,5,1,12,0,-13,-5,-5,0,0,0,-62,9,65,None
0,-4,5,1,12,0,-13,-5,-5,0,0,0,-62,9,65,None
0,-4,5,1,12,0,-13,-5,-5,0,0,0,-65,5,67,None
0,-4,-2,-3,9,-31,-10,-3,-2,0,0,0,-65,5,67,None
0,-5,-10,-2,6,3,3,0,-1,0,0,0,-65,5,67,None
0,-3,0,-1,36,2,-9,-3,-6,0,0,0,-65,5,67,None
0,0,1,-4,-18,-12,-2,1,-1,0,0,0,-65,5,67,None
0,0,1,-4,-18,-12,-2,1,-1,0,0,0,-65,5,67,None
0,0,1,-4,-18,-12,-2,1,-1,0,0,0,-69,6,71,None
0,-1,11,2,-3,-5,1,-4,-4,0,0,0,-69,6,71,None
0,-3,3,-2,-22,-11,5,0,1,0,0,0,-69,6,71,None
0,0,-1,-1,-25,3,-2,-4,-2,0,0,0,-69,6,71,None
0,-1,-11,-4,-17,0,8,1,-1,0,0,0,-69,6,71,None
0,-1,-11,-4,-17,0,8,1,-1,0,0,0,-69,6,71,None
0,-1,-11,-4,-17,0,8,1,-1,0,0,0,-72,10,74,None
0,1,6,0,4,1,-3,-3,-2,0,0,0,-72,10,74,None
0,1,0,4,31,-3,0,0,-2,0,0,0,-72,10,74,None
0,-5,2,-2,11,-6,-13,-5,-8,0,0,0,-72,10,74,None
0,-3,-24,0,-9,15,15,6,8,0,0,0,-72,10,74,None
0,-3,-24,0,-9,15,15,6,8,0,0,0,-72,10,74,None
0,-3,-24,0,-9,15,15,6,8,0,0,0,-78,11,79,None
0,1,-2,-6,-3,31,-1,-2,10,0,0,0,-78,11,79,None
0,-3,7,0,-1,-18,-13,-3,-21,0,0,0,-78,11,79,None
0,2,17,5,23,11,6,-2,-1,0,0,0,-78,11,79,None
0,2,-13,1,-6,29,14,5,4,0,0,0,-78,11,79,None
0,2,-13,1,-6,29,14,5,4,0,0,0,-78,11,79,None
0,2,-13,1,-6,29,14,5,4,0,0,0,-81,10,82,None
0,0,-4,1,16,-7,1,-3,-2,0,0,0,-81,10,82,None
0,-4,0,-1,-25,-3,2,2,4,0,0,0,-81,10,82,None
0,4,5,7,11,27,9,-1,1,0,0,0,-81,10,82,None
0,-3,16,-14,-67,-32,-16,-8,-9,0,0,0,-81,10,82,None
0,-3,16,-14,-67,-32,-16,-8,-9,0,0,0,-81,10,82,None
0,-3,16,-14,-67,-32,-16,-8,-9,0,0,0,-84,8,84,None
0,-5,-5,-22,-4,-9,1,0,-6,0,0,0,-84,8,84,None
0,-1,-9,4,-4,21,9,5,8,0,0,0,-84,8,84,None
0,-2,-12,-4,1,-2,0,1,-1,0,0,0,-84,8,84,None
0,-1,-8,-11,17,14,-4,0,5,0,0,0,-84,8,84,None
0,-1,-8,-11,17,14,-4,0,5,0,0,0,-84,8,84,None
0,-1,-8,-11,17,14,-4,0,5,0,0,0,-88,6,84,None
0,1,18,8,-5,-27,-12,-6,-6,0,0,0,-88,6,84,None
0,-2,-3,-5,-25,-10,3,-4,-4,0,0,0,-88,6,84,None
0,-2,10,1,33,39,1,-2,-1,0,0,0,-88,6,84,None
0,2,-4,33,2,11,14,4,1,0,0,0,-88,6,84,None
0,2,-4,33,2,11,14,4,1,0,0,0,-88,6,84,None
0,2,-4,33,2,11,14,4,1,0,0,0,-90,5,81,None
0,2,5,3,0,-5,1,-1,-1,0,0,0,-90,5,81,None
0,-1,-7,-20,57,10,-1,0,-1,0,0,0,-90,5,81,None
0,-2,-10,9,1,-5,-3,-1,0,0,0,0,-90,5,81,None
0,-2,23,-16,-7,-10,-14,-10,-12,0,0,0,-90,5,81,None
0,-2,23,-16,-7,-10,-14,-10,-12,0,0,0,-90,5,81,None
0,-2,23,-16,-7,-10,-14,-10,-12,0,0,0,-87,5,80,None
0,0,11,13,28,15,8,7,0,0,0,0,-87,5,80,None
0,-5,-8,-6,-11,-18,-13,-3,12,0,0,0,-87,5,80,None
0,1,-5,-1,19,26,9,-1,-5,0,0,0,-87,5,80,None
0,-2,11,-2,17,-12,-6,-4,-6,0,0,0,-87,5,80,None
0,-2,11,-2,17,-12,-6,-4,-6,0,0,0,-87,5,80,None
0,-2,11,-2,17,-12,-6,-4,-6,0,0,0,-84,0,75,None
0,3,7,6,2,-28,-18,-6,-9,0,0,0,-84,0,75,None
0,-8,5,-3,2,18,6,1,0,0,0,0,-84,0,75,None
0,2,-2,1,-5,-11,8,1,7,0,0,0,-84,0,75,None
0,-7,15,-10,-5,10,-18,-5,-4,0,0,0,-84,0,75,None
0,-7,15,-10,-5,10,-18,-5,-4,0,0,0,-84,0,75,None
0,-7,15,-10,-5,10,-18,-5,-4,0,0,0,-80,-6,71,None
0,1,-19,-8,2,7,2,-7,11,0,0,0,-80,-6,71,None
0,4,24,18,-6,17,4,4,4,0,0,0,-80,-6,71,None
0,-3,-11,16,43,-9,-1,3,-17,0,0,0,-80,-6,71,None
0,-4,12,-1,73,-8,-14,-1,2,0,0,0,-80,-6,71,None
0,-4,12,-1,73,-8,-14,-1,2,0,0,0,-80,-6,71,None
0,-4,12,-1,73,-8,-14,-1,2,0,0,0,-75,-14,68,None
0,-5,-12,-9,2,11,0,-3,-5,0,0,0,-75,-14,68,None
0,10,4,-2,1,-7,-5,-11,4,0,0,0,-75,-14,68,None
0,-6,-7,-12,-12,-9,-4,5,-22,0,0,0,-75,-14,68,None
0,0,8,-14,-46,-14,0,-5,-3,0,0,0,-75,-14,68,None
0,0,8,-14,-46,-14,0,-5,-3,0,0,0,-75,-14,68,None
0,0,8,-14,-46,-14,0,-5,-3,0,0,0,-73,-25,60,None
0,1,1,19,-13,24,14,2,0,0,0,0,-73,-25,60,None
0,-3,-5,-10,16,-23,-13,-2,-14,0,0,0,-73,-25,60,None
0,-1,0,-2,0,-1,-13,-11,3,0,0,0,-73,-25,60,None
0,-2,-7,-7,-34,-8,-1,-2,-1,0,0,0,-73,-25,60,None
0,-2,-7,-7,-34,-8,-1,-2,-1,0,0,0,-73,-25,60,None
0,-2,-7,-7,-34,-8,-1,-2,-1,0,0,0,-68,-30,54,None
0,-6,-8,-19,-2,-18,-6,0,-19,0,0,0,-68,-30,54,None
0,-2,-1,0,2,-6,-7,-5,7,0,0,0,-68,-30,54,None
0,1,4,-15,-41,-8,0,5,19,0,0,0,-68,-30,54,None
0,4,-1,44,24,20,18,0,2,0,0,0,-68,-30,54,None
0,4,-1,44,24,20,18,0,2,0,0,0,-68,-30,54,None
0,4,-1,44,24,20,18,0,2,0,0,0,-59,-36,51,None
0,-1,-4,-6,-26,-24,-13,-4,1,0,0,0,-59,-36,51,None
0,-3,11,31,-27,11,8,5,-5,0,0,0,-59,-36,51,None
0,4,5,-1,-17,5,11,4,32,0,0,0,-59,-36,51,None
0,-2,-7,-1,43,-2,-8,-3,-18,0,0,0,-59,-36,51,None
0,-2,-7,-1,43,-2,-8,-3,-18,0,0,0,-59,-36,51,None
0,-2,-7,-1,43,-2,-8,-3,-18,0,0,0,-47,-37,52,None
0,0,-11,28,1,1,4,9,19,0,0,0,-47,-37,52,None
0,-2,2,-22,5,-24,-14,-19,-6,0,0,0,-47,-37,52,None
0,-3,12,-46,22,9,-9,8,23,0,0,0,-47,-37,52,None
0,-7,-28,-16,34,15,-3,-4,-26,0,0,0,-47,-37,52,None
0,-7,-28,-16,34,15,-3,-4,-26,0,0,0,-47,-37,52,None
0,-7,-28,-16,34,15,-3,-4,-26,0,0,0,-31,-43,50,None
0,-4,-14,8,8,5,6,5,-5,0,0,0,-31,-43,50,None
0,9,19,38,12,4,-9,9,11,0,0,0,-31,-43,50,None
0,0,-8,-6,46,6,3,-6,12,0,0,0,-31,-43,50,None
0,1,11,-14,-13,-28,-2,-3,-8,0,0,0,-31,-43,50,None
0,1,11,-14,-13,-28,-2,-3,-8,0,0,0,-31,-43,50,None
0,1,11,-14,-13,-28,-2,-3,-8,0,0,0,-22,-62,34,None
0,-2,8,-7,-7,19,14,-5,-12,0,0,0,-22,-62,34,None
0,-2,-5,-24,-20,-13,2,1,-11,0,0,0,-22,-62,34,None
0,-4,-4,4,-45,-23,-4,-5,-9,0,0,0,-22,-62,34,None
0,0,4,8,-44,24,6,3,6,0,0,0,-22,-62,34,None
0,0,4,8,-44,24,6,3,6,0,0,0,-22,-62,34,None
0,0,4,8,-44,24,6,3,6,0,0,0,-30,-59,39,None
0,-2,-4,-9,36,-9,-15,-2,-2,0,0,0,-30,-59,39,None
0,0,-3,-6,2,-1,-9,-3,2,0,0,0,-30,-59,39,None
0,0,9,-16,-17,-8,4,-4,-13,0,0,0,-30,-59,39,None
0,-18,-9,-35,19,-3,-2,0,6,0,0,0,-30,-59,39,None
0,-18,-9,-35,19,-3,-2,0,6,0,0,0,-30,-59,39,None
0,-18,-9,-35,19,-3,-2,0,6,0,0,0,-40,-47,44,None
0,2,-1,-2,14,3,-1,2,5,0,0,0,-40,-47,44,None
0,1,1,-6,-7,22,10,1,-4,0,0,0,-40,-47,44,None
0,-2,-3,18,-4,-16,2,-8,-21,0,0,0,-40,-47,44,None
0,3,20,-5,33,-16,-10,-3,14,0,0,0,-40,-47,44,None
0,3,20,-5,33,-16,-10,-3,14,0,0,0,-40,-47,44,None
0,3,20,-5,33,-16,-10,-3,14,0,0,0,-47,-43,46,None
0,-8,-2,-7,-7,34,3,2,-5,0,0,0,-47,-43,46,None
0,-5,-4,-5,-3,-32,-1,-2,-7,0,0,0,-47,-43,46,None
0,2,3,37,25,10,-6,-3,-1,0,0,0,-47,-43,46,None
0,-3,-5,-6,16,8,-3,-2,-17,0,0,0,-47,-43,46,None
0,-3,-5,-6,16,8,-3,-2,-17,0,0,0,-47,-43,46,None
0,-3,-5,-6,16,8,-3,-2,-17,0,0,0,-61,-56,50,None
0,3,4,2,-10,-1,2,6,25,0,0,0,-61,-56,50,None
0,-2,-9,-1,29,10,3,-3,-7,0,0,0,-61,-56,50,None
0,-9,3,-44,13,3,-6,-3,-10,0,0,0,-61,-56,50,None
0,4,-4,3,-52,-5,4,-6,-1,0,0,0,-61,-56,50,None
0,4,-4,3,-52,-5,4,-6,-1,0,0,0,-61,-56,50,None
0,4,-4,3,-52,-5,4,-6,-1,0,0,0,-66,-68,56,None
0,2,12,0,2,-7,7,-4,-5,0,0,0,-66,-68,56,None
0,-5,2,-12,-14,40,1,4,-8,0,0,0,-66,-68,56,None
0,-1,-5,0,-6,-30,-1,-8,-1,0,0,0,-66,-68,56,None
0,3,10,17,-15,28,6,4,8,0,0,0,-66,-68,56,None
0,3,10,17,-15,28,6,4,8,0,0,0,-66,-68,56,None
0,3,10,17,-15,28,6,4,8,0,0,0,-68,-69,57,None
0,0,-1,-23,3,-6,-12,-5,-3,0,0,0,-68,-69,57,None
0,-2,-5,5,6,44,7,2,7,0,0,0,-68,-69,57,None
0,-2,-1,6,-39,-19,-4,-2,-9,0,0,0,-68,-69,57,None
0,0,-9,6,25,-6,-4,0,3,0,0,0,-68,-69,57,None
0,0,-9,6,25,-6,-4,0,3,0,0,0,-68,-69,57,None
0,0,-9,6,25,-6,-4,0,3,0,0,0,-70,-60,58,None
0,-2,-8,-6,15,2,-1,2,-5,0,0,0,-70,-60,58,None
0,-9,0,-9,-19,-10,-1,-11,-20,0,0,0,-70,-60,58,None
0,2,3,1,-2,28,16,7,16,0,0,0,-70,-60,58,None
0,-2,-15,-1,-27,-4,-6,-1,2,0,0,0,-70,-60,58,None
0,-2,-15,-1,-27,-4,-6,-1,2,0,0,0,-70,-60,58,None
0,-2,-15,-1,-27,-4,-6,-1,2,0,0,0,-72,-57,56,None
0,-2,9,-2,-12,-8,0,-3,3,0,0,0,-72,-57,56,None
0,3,0,-4,-4,-9,0,-2,-5,0,0,0,-72,-57,56,None
0,-2,-7,-1,25,4,-8,0,-4,0,0,0,-72,-57,56,None
0,-1,1,-6,18,-12,-10,-1,3,0,0,0,-72,-57,56,None
0,-1,1,-6,18,-12,-10,-1,3,0,0,0,-72,-57,56,None
0,-1,1,-6,18,-12,-10,-1,3,0,0,0,-71,-58,55,None
0,0,2,-3,-3,4,4,-3,-6,0,0,0,-71,-58,55,None
0,-1,-1,-1,2,11,-7,1,8,0,0,0,-71,-58,55,None
0,-2,-2,4,10,30,2,-4,-7,0,0,0,-71,-58,55,None
0,5,7,9,-19,8,11,-1,7,0,0,0,-71,-58,55,None
0,5,7,9,-19,8,11,-1,7,0,0,0,-71,-58,55,None
0,5,7,9,-19,8,11,-1,7,0,0,0,-67,-59,54,None
0,1,3,3,-11,0,5,-2,-5,0,0,0,-67,-59,54,None
0,2,3,-5,21,-8,-4,0,-1,0,0,0,-67,-59,54,None
0,-2,2,4,-15,3,0,-3,-2,0,0,0,-67,-59,54,None
0,-1,1,-1,-3,-1,0,-3,-4,0,0,0,-67,-59,54,None
0,-1,1,-1,-3,-1,0,-3,-4,0,0,0,-67,-59,54,None
0,-1,1,-1,-3,-1,0,-3,-4,0,0,0,-64,-56,53,None
0,-2,-2,-9,34,2,-11,-2,-1,0,0,0,-64,-56,53,None
0,-3,-4,-5,1,-14,-9,-2,1,0,0,0,-64,-56,53,None
0,2,1,1,-12,7,5,-1,-6,0,0,0,-64,-56,53,None
0,-1,-3,-3,43,-22,-8,1,1,0,0,0,-64,-56,53,None
0,-1,-3,-3,43,-22,-8,1,1,0,0,0,-64,-56,53,None
0,-1,-3,-3,43,-22,-8,1,1,0,0,0,-59,-52,49,None
0,-2,0,-3,-4,-5,-5,-2,-4,0,0,0,-59,-52,49,None
0,2,2,2,-3,10,7,-2,1,0,0,0,-59,-52,49,None
0,-2,1,2,-5,-22,3,-1,-6,0,0,0,-59,-52,49,None
0,-2,1,-5,19,13,-4,-2,-3,0,0,0,-59,-52,49,None
0,-2,1,-5,19,13,-4,-2,-3,0,0,0,-59,-52,49,None
0,-2,1,-5,19,13,-4,-2,-3,0,0,0,-52,-48,46,None
0,-2,4,2,-8,6,2,-2,0,0,0,0,-52,-48,46,None
0,-1,1,0,-12,-7,6,0,-2,0,0,0,-52,-48,46,None
0,-3,-8,-8,2,2,-6,-1,0,0,0,0,-52,-48,46,None
0,-2,-2,-5,1,-3,-7,-2,-2,0,0,0,-52,-48,46,None
0,-2,-2,-5,1,-3,-7,-2,-2,0,0,0,-52,-48,46,None
0,-2,-2,-5,1,-3,-7,-2,-2,0,0,0,-45,-49,44,None
0,0,2,-1,0,1,1,-3,-2,0,0,0,-45,-49,44,None
0,-1,-2,-6,12,-12,-11,-1,-2,0,0,0,-45,-49,44,None
0,-1,-1,1,-11,4,-5,0,-3,0,0,0,-45,-49,44,None
0,-1,4,1,-12,10,8,-1,-2,0,0,0,-45,-49,44,None
0,-1,4,1,-12,10,8,-1,-2,0,0,0,-45,-49,44,None
0,-1,4,1,-12,10,8,-1,-2,0,0,0,-41,-50,43,None
0,0,0,-2,-3,1,4,-2,-1,0,0,0,-41,-50,43,None
0,-1,-2,-5,-11,2,-3,-3,-1,0,0,0,-41,-50,43,None
0,1,2,3,-10,-15,4,1,1,0,0,0,-41,-50,43,None
0,0,4,1,-11,-4,0,-2,-2,0,0,0,-41,-50,43,None
0,0,4,1,-11,-4,0,-2,-2,0,0,0,-41,-50,43,None
0,0,4,1,-11,-4,0,-2,-2,0,0,0,-41,-49,41,None
0,-4,-3,-7,18,1,-12,-4,-4,0,0,0,-41,-49,41,None
0,-1,-4,-5,4,-2,-5,4,2,0,0,0,-41,-49,41,None
0,0,5,1,11,-8,4,2,-1,0,0,0,-41,-49,41,None
0,-4,-9,-7,25,24,-7,-5,-4,0,0,0,-41,-49,41,None
0,-4,-9,-7,25,24,-7,-5,-4,0,0,0,-41,-49,41,None
0,-4,-9,-7,25,24,-7,-5,-4,0,0,0,-36,-44,36,None
0,-2,-1,-1,2,-8,-1,-1,-3,0,0,0,-36,-44,36,None
0,-1,4,2,-9,3,1,-5,-2,0,0,0,-36,-44,36,None
0,1,3,2,2,0,-3,-5,-3,0,0,0,-36,-44,36,None
0,0,1,0,12,-15,0,3,-2,0,0,0,-36,-44,36,None
0,0,1,0,12,-15,0,3,-2,0,0,0,-36,-44,36,None
0,0,1,0,12,-15,0,3,-2,0,0,0,-31,-45,32,None
0,0,2,3,-16,18,7,-1,1,0,0,0,-31,-45,32,None
0,0,0,-2,-6,-2,6,0,0,0,0,0,-31,-45,32,None
0,-3,-2,-4,19,21,-7,-1,-1,0,0,0,-31,-45,32,None
0,-2,-2,-6,-4,-30,-11,-4,-4,0,0,0,-31,-45,32,None
0,-2,-2,-6,-4,-30,-11,-4,-4,0,0,0,-31,-45,32,None
0,-2,-2,-6,-4,-30,-11,-4,-4,0,0,0,-28,-48,30,None
0,-2,-2,-4,5,2,-7,-2,-2,0,0,0,-28,-48,30,None
0,0,0,-5,12,-8,-6,1,1,0,0,0,-28,-48,30,None
0,-3,-4,-5,2,4,0,0,-3,0,0,0,-28,-48,30,None
0,0,5,3,-10,6,-2,-3,1,0,0,0,-28,-48,30,None
0,0,5,3,-10,6,-2,-3,1,0,0,0,-28,-48,30,None
0,0,5,3,-10,6,-2,-3,1,0,0,0,-27,-48,25,None
0,-1,4,-2,-1,-5,-1,0,-1,0,0,0,-27,-48,25,None
0,-3,-3,-4,1,-4,2,-1,-4,0,0,0,-27,-48,25,None
0,1,2,2,-13,10,5,-4,-1,0,0,0,-27,-48,25,None
0,0,1,0,-4,1,6,0,-1,0,0,0,-27,-48,25,None
0,0,1,0,-4,1,6,0,-1,0,0,0,-27,-48,25,None
0,0,1,0,-4,1,6,0,-1,0,0,0,-29,-52,27,None
0,0,-1,-3,0,-4,-5,-1,-1,0,0,0,-29,-52,27,None
0,-3,-2,-4,2,-8,-8,-2,-2,0,0,0,-29,-52,27,None
0,-1,1,-3,7,11,-1,-1,-2,0,0,0,-29,-52,27,None
0,-4,-2,-5,3,-7,-17,-1,-2,0,0,0,-29,-52,27,None
0,-4,-2,-5,3,-7,-17,-1,-2,0,0,0,-29,-52,27,None
0,-4,-2,-5,3,-7,-17,-1,-2,0,0,0,-31,-54,27,None
0,-2,-4,-5,-5,-6,3,0,-2,0,0,0,-31,-54,27,None
0,0,4,1,13,8,0,-4,0,0,0,0,-31,-54,27,None
0,0,3,1,1,-2,-4,-3,-1,0,0,0,-31,-54,27,None
0,-1,0,-3,-4,-2,2,0,-2,0,0,0,-31,-54,27,None
0,-1,0,-3,-4,-2,2,0,-2,0,0,0,-31,-54,27,None
0,-1,0,-3,-4,-2,2,0,-2,0,0,0,-32,-60,23,None
0,-2,0,2,-3,7,8,2,1,0,0,0,-32,-60,23,None
0,1,2,2,-6,1,6,-1,-1,0,0,0,-32,-60,23,None
0,-5,-6,-5,-12,-1,-4,-2,-3,0,0,0,-32,-60,23,None
0,-1,-2,-2,1,2,-4,-2,-2,0,0,0,-32,-60,23,None
0,-1,-2,-2,1,2,-4,-2,-2,0,0,0,-32,-60,23,None
0,-1,-2,-2,1,2,-4,-2,-2,0,0,0,-31,-60,18,None
0,-1,1,0,4,3,6,-1,0,0,0,0,-31,-60,18,None
0,-2,-2,-7,-2,-9,-16,-4,-4,0,0,0,-31,-60,18,None
0,-2,-3,-6,6,-3,-14,-1,-3,0,0,0,-31,-60,18,None
0,0,4,2,12,14,14,4,2,0,0,0,-31,-60,18,None
0,0,4,2,12,14,14,4,2,0,0,0,-31,-60,18,None
0,0,4,2,12,14,14,4,2,0,0,0,-34,-60,26,None
0,1,3,-1,3,-10,-4,-5,-1,0,0,0,-34,-60,26,None
0,-1,1,5,-18,8,1,-2,-3,0,0,0,-34,-60,26,None
0,1,6,4,1,10,7,-3,-1,0,0,0,-34,-60,26,None
0,0,4,2,-4,-3,10,0,-1,0,0,0,-34,-60,26,None
0,0,4,2,-4,-3,10,0,-1,0,0,0,-34,-60,26,None
0,0,4,2,-4,-3,10,0,-1,0,0,0,-42,-74,24,None
0,-2,-4,-8,-2,-4,-2,0,-1,0,0,0,-42,-74,24,None
0,-1,0,-4,3,1,-4,-1,-1,0,0,0,-42,-74,24,None
0,-2,3,-2,10,-7,-4,-1,-2,0,0,0,-42,-74,24,None
0,-4,-3,-8,-3,-7,-14,-4,-4,0,0,0,-42,-74,24,None
0,-4,-3,-8,-3,-7,-14,-4,-4,0,0,0,-42,-74,24,None
0,-4,-3,-8,-3,-7,-14,-4,-4,0,0,0,-48,-77,21,None
0,-1,0,-2,-2,-1,-6,-4,-4,0,0,0,-48,-77,21,None
0,2,2,-1,14,10,17,8,3,0,0,0,-48,-77,21,None
0,-3,-3,-6,1,-3,-2,-1,-1,0,0,0,-48,-77,21,None
0,1,-1,-2,-14,0,3,0,-1,0,0,0,-48,-77,21,None
0,1,-1,-2,-14,0,3,0,-1,0,0,0,-48,-77,21,None
0,1,-1,-2,-14,0,3,0,-1,0,0,0,-49,-75,14,None
0,0,6,7,-5,8,3,-6,-3,0,0,0,-49,-75,14,None
0,-1,4,2,-2,2,7,-3,-2,0,0,0,-49,-75,14,None
0,-1,0,-1,-18,1,-1,-1,0,0,0,0,-49,-75,14,None
0,-1,2,0,-3,-3,-4,-4,-2,0,0,0,-49,-75,14,None
0,-1,2,0,-3,-3,-4,-4,-2,0,0,0,-49,-75,14,None
0,-1,2,0,-3,-3,-4,-4,-2,0,0,0,-45,-75,20,None
0,0,3,0,8,-3,-2,-1,0,0,0,0,-45,-75,20,None
0,-4,-6,-10,-3,4,-3,3,-1,0,0,0,-45,-75,20,None
0,0,-2,-3,-2,-3,-4,-2,-2,0,0,0,-45,-75,20,None
0,-1,3,-1,9,2,0,-1,-1,0,0,0,-45,-75,20,None
0,-1,3,-1,9,2,0,-1,-1,0,0,0,-45,-75,20,None
0,-1,3,-1,9,2,0,-1,-1,0,0,0,-45,-91,37,None
0,0,-2,-6,3,-4,-11,0,-3,0,0,0,-45,-91,37,None
0,-3,-1,-2,-31,-7,-6,-4,-2,0,0,0,-45,-91,37,None
0,-1,5,5,-2,8,10,-2,0,0,0,0,-45,-91,37,None
0,0,2,3,18,3,1,-2,-1,0,0,0,-45,-91,37,None
0,0,2,3,18,3,1,-2,-1,0,0,0,-45,-91,37,None
0,0,2,3,18,3,1,-2,-1,0,0,0,-54,-91,40,None
0,-2,-6,-5,-44,-3,-5,-4,-3,0,0,0,-54,-91,40,None
0,1,5,5,4,7,0,-2,0,0,0,0,-54,-91,40,None
0,-1,1,-5,11,-9,1,0,-4,0,0,0,-54,-91,40,None
0,-3,-7,-10,10,-5,-14,-2,-3,0,0,0,-54,-91,40,None
0,-3,-7,-10,10,-5,-14,-2,-3,0,0,0,-54,-91,40,None
0,-3,-7,-10,10,-5,-14,-2,-3,0,0,0,-46,-81,35,None
0,0,0,-1,14,-1,0,2,1,0,0,0,-46,-81,35,None
0,0,3,1,18,3,-1,-4,-1,0,0,0,-46,-81,35,None
0,-3,-5,-11,-4,-12,-20,-3,-5,0,0,0,-46,-81,35,None
0,-1,-1,0,-4,16,13,-3,-3,0,0,0,-46,-81,35,None
0,-1,-1,0,-4,16,13,-3,-3,0,0,0,-46,-81,35,None
0,-1,-1,0,-4,16,13,-3,-3,0,0,0,-34,-70,34,None
0,0,7,3,3,3,11,0,1,0,0,0,-34,-70,34,None
0,-2,-2,-3,-6,1,-4,-1,-1,0,0,0,-34,-70,34,None
0,-1,0,1,27,-1,-2,-2,-1,0,0,0,-34,-70,34,None
0,1,7,7,-12,10,9,-1,0,0,0,0,-34,-70,34,None
0,1,7,7,-12,10,9,-1,0,0,0,0,-34,-70,34,None
0,1,7,7,-12,10,9,-1,0,0,0,0,-24,-88,31,None
0,-2,-1,-6,43,8,-2,3,-1,0,0,0,-24,-88,31,None
0,-4,-8,-10,27,-17,-14,-6,-4,0,0,0,-24,-88,31,None
0,-1,0,1,-8,-2,1,-1,1,0,0,0,-24,-88,31,None
0,0,1,-3,-1,-5,-8,-1,-1,0,0,0,-24,-88,31,None
0,0,1,-3,-1,-5,-8,-1,-1,0,0,0,-24,-88,31,None
0,0,1,-3,-1,-5,-8,-1,-1,0,0,0,-18,-107,28,None
0,-6,-7,-3,39,3,-15,-4,-5,0,0,0,-18,-107,28,None
0,1,-1,0,-31,14,8,3,1,0,0,0,-18,-107,28,None
0,0,2,-2,-33,7,4,-1,0,0,0,0,-18,-107,28,None
0,-3,-5,-4,3,-15,-9,-1,-2,0,0,0,-18,-107,28,None
0,-3,-5,-4,3,-15,-9,-1,-2,0,0,0,-18,-107,28,None
0,-3,-5,-4,3,-15,-9,-1,-2,0,0,0,-9,-106,23,None
0,1,0,1,2,5,-6,-3,-2,0,0,0,-9,-106,23,None
0,2,7,7,23,5,13,-5,-3,0,0,0,-9,-106,23,None
0,-5,-10,-25,-28,-12,-15,-5,-5,0,0,0,-9,-106,23,None
0,-4,-11,-22,-52,-39,-14,1,-3,0,0,0,-9,-106,23,None
0,-4,-11,-22,-52,-39,-14,1,-3,0,0,0,-9,-106,23,None
0,-4,-11,-22,-52,-39,-14,1,-3,0,0,0,-1,-108,29,None
0,0,1,6,27,7,3,-2,-1,0,0,0,-1,-108,29,None
0,-3,-3,-6,-21,-8,-10,-3,-2,0,0,0,-1,-108,29,None
0,1,-2,9,33,25,-12,4,1,0,0,0,-1,-108,29,None
0,-3,-3,-28,-57,-28,-5,-6,-5,0,0,0,-1,-108,29,None
0,-3,-3,-28,-57,-28,-5,-6,-5,0,0,0,-1,-108,29,None
0,-3,-3,-28,-57,-28,-5,-6,-5,0,0,0,4,-116,32,None
0,-1,4,9,27,51,12,2,-3,0,0,0,4,-116,32,None
0,-5,-9,-10,18,-71,-27,-6,-5,0,0,0,4,-116,32,None
0,-3,0,12,-1,33,20,0,-1,0,0,0,4,-116,32,None
0,4,9,10,44,22,11,-1,6,0,0,0,4,-116,32,None
0,4,9,10,44,22,11,-1,6,0,0,0,4,-116,32,None
0,4,9,10,44,22,11,-1,6,0,0,0,5,-119,20,None
0,-2,-1,-11,-19,-26,-7,0,-1,0,0,0,5,-119,20,None
0,-1,-1,-5,24,-57,-10,2,-2,0,0,0,5,-119,20,None
0,0,7,4,-4,23,16,1,-3,0,0,0,5,-119,20,None
0,0,1,-4,54,48,-5,-2,1,0,0,0,5,-119,20,None
0,0,1,-4,54,48,-5,-2,1,0,0,0,5,-119,20,None
0,0,1,-4,54,48,-5,-2,1,0,0,0,10,-122,14,None
0,-1,-5,-20,-48,-84,-15,3,2,0,0,0,10,-122,14,None
0,-1,-1,11,-27,-27,6,-5,0,0,0,0,10,-122,14,None
0,4,9,-34,-31,10,5,1,2,0,0,0,10,-122,14,None
0,-1,6,58,50,47,-1,4,1,0,0,0,10,-122,14,None
0,-1,6,58,50,47,-1,4,1,0,0,0,10,-122,14,None
0,-1,6,58,50,47,-1,4,1,0,0,0,26,-124,11,None
0,-3,-5,-12,32,46,1,-8,-4,0,0,0,26,-124,11,None
0,-1,2,1,-21,20,9,-2,2,0,0,0,26,-124,11,None
0,0,5,6,45,52,-3,-2,0,0,0,0,26,-124,11,None
0,-1,-1,1,29,-34,-7,-2,-2,0,0,0,26,-124,11,None
0,-1,-1,1,29,-34,-7,-2,-2,0,0,0,26,-124,11,None
0,-1,-1,1,29,-34,-7,-2,-2,0,0,0,45,-120,6,None
0,2,9,7,-39,36,13,8,4,0,0,0,45,-120,6,None
0,-3,-7,-5,26,-2,0,0,-5,0,0,0,45,-120,6,None
0,-8,-14,0,87,76,-12,-6,-2,0,0,0,45,-120,6,None
0,-1,9,-2,-62,23,4,0,-4,0,0,0,45,-120,6,None
0,-1,9,-2,-62,23,4,0,-4,0,0,0,45,-120,6,None
0,-1,9,-2,-62,23,4,0,-4,0,0,0,51,-113,1,None
0,1,15,0,-29,18,-2,-5,6,0,0,0,51,-113,1,None
0,-6,-3,-4,6,6,-5,-3,-20,0,0,0,51,-113,1,None
0,7,16,7,-43,1,6,11,5,0,0,0,51,-113,1,None
0,-2,11,12,24,-11,14,-7,1,0,0,0,51,-113,1,None
0,-2,11,12,24,-11,14,-7,1,0,0,0,51,-113,1,None
0,-2,11,12,24,-11,14,-7,1,0,0,0,63,-116,2,None
0,-6,-39,-50,10,-1,-7,0,-2,0,0,0,63,-116,2,None
0,6,29,5,-36,44,-2,-2,2,0,0,0,63,-116,2,None
0,-7,-43,-9,-48,-75,-9,-6,-6,0,0,0,63,-116,2,None
0,-3,-9,-4,-9,-28,-2,1,-6,0,0,0,63,-116,2,None
0,-3,-9,-4,-9,-28,-2,1,-6,0,0,0,63,-116,2,None
0,-3,-9,-4,-9,-28,-2,1,-6,0,0,0,69,-110,3,None
0,4,43,5,31,-3,-13,-2,-4,0,0,0,69,-110,3,None
0,-4,-27,-13,14,-5,2,-1,2,0,0,0,69,-110,3,None
0,-5,-3,-5,42,-31,-10,-5,-8,0,0,0,69,-110,3,None
0,-4,-13,-23,25,-12,-15,-2,-2,0,0,0,69,-110,3,None
0,-4,-13,-23,25,-12,-15,-2,-2,0,0,0,69,-110,3,None
0,-4,-13,-23,25,-12,-15,-2,-2,0,0,0,109,-82,-6,None
0,1,-2,8,-19,-8,7,-4,-2,0,0,0,109,-82,-6,None
0,6,20,14,-32,58,38,1,7,0,0,0,109,-82,-6,None
0,9,42,-18,-63,-21,26,-1,6,0,0,0,109,-82,-6,None
0,4,-21,-39,-46,31,18,1,4,0,0,0,109,-82,-6,None
0,4,-21,-39,-46,31,18,1,4,0,0,0,109,-82,-6,None
0,4,-21,-39,-46,31,18,1,4,0,0,0,100,-251,-28,None
0,3,-5,-79,-27,-11,7,-1,-1,0,0,0,100,-251,-28,None
0,-5,-27,-60,19,-7,-17,2,-3,0,0,0,100,-251,-28,None
0,-13,-5,77,31,-23,-30,-2,-4,0,0,0,100,-251,-28,None
0,-7,24,116,5,-17,-12,3,0,0,0,0,100,-251,-28,None
0,-7,24,116,5,-17,-12,3,0,0,0,0,100,-251,-28,None
0,-7,24,116,5,-17,-12,3,0,0,0,0,151,-172,54,None
0,-2,19,66,14,-4,-2,-2,-4,0,0,0,151,-172,54,None
0,4,32,99,12,2,-8,-5,2,0,0,0,151,-172,54,None
0,8,25,54,-26,6,8,2,-1,0,0,0,151,-172,54,None
0,2,5,4,-16,39,21,-3,-1,0,0,0,151,-172,54,None
0,2,5,4,-16,39,21,-3,-1,0,0,0,151,-172,54,None
0,2,5,4,-16,39,21,-3,-1,0,0,0,29,-10,1,None
0,-4,-14,2,-9,-17,-2,-2,-5,0,0,0,29,-10,1,None
0,-3,-10,-79,-5,6,-2,-2,0,0,0,0,29,-10,1,None
0,2,-6,-69,13,0,5,-1,1,0,0,0,29,-10,1,None
0,-2,-4,-47,-37,-40,-5,-3,-1,0,0,0,29,-10,1,None
0,-2,-4,-47,-37,-40,-5,-3,-1,0,0,0,29,-10,1,None
0,-2,-4,-47,-37,-40,-5,-3,-1,0,0,0,6,-75,16,None
0,-4,-12,-33,21,10,-6,-1,-1,0,0,0,6,-75,16,None
0,-4,-4,-23,0,-1,-6,1,-1,0,0,0,6,-75,16,None
0,-5,-10,-13,26,-16,-8,-2,0,0,0,0,6,-75,16,None
0,-2,-10,-36,18,-7,-14,-2,-3,0,0,0,6,-75,16,None
0,-2,-10,-36,18,-7,-14,-2,-3,0,0,0,6,-75,16,None
0,-2,-10,-36,18,-7,-14,-2,-3,0,0,0,59,-130,26,None
0,-3,7,7,0,-14,-4,-3,-4,0,0,0,59,-130,26,None
0,0,3,25,7,22,3,-1,-2,0,0,0,59,-130,26,None
0,-2,2,0,-6,-8,0,-1,-2,0,0,0,59,-130,26,None
0,1,6,-14,-6,9,0,-2,-1,0,0,0,59,-130,26,None
0,1,6,-14,-6,9,0,-2,-1,0,0,0,59,-130,26,None
0,1,6,-14,-6,9,0,-2,-1,0,0,0,81,-115,7,None
0,1,8,30,-29,2,8,0,0,0,0,0,81,-115,7,None
0,1,6,29,-20,0,7,2,0,0,0,0,81,-115,7,None
0,4,53,-16,1,-2,-3,-3,-1,0,0,0,81,-115,7,None
0,1,-4,-6,-1,-3,4,1,-2,0,0,0,81,-115,7,None
0,1,-4,-6,-1,-3,4,1,-2,0,0,0,81,-115,7,None
0,1,-4,-6,-1,-3,4,1,-2,0,0,0,50,-87,-5,None
0,-2,-1,12,5,-7,-2,0,-2,0,0,0,50,-87,-5,None
0,-3,-11,-12,19,1,-7,-1,-2,0,0,0,50,-87,-5,None
0,0,-1,-14,-3,-11,-6,-1,-1,0,0,0,50,-87,-5,None
0,-1,3,2,1,6,2,-1,-1,0,0,0,50,-87,-5,None
0,-1,3,2,1,6,2,-1,-1,0,0,0,50,-87,-5,None
0,-1,3,2,1,6,2,-1,-1,0,0,0,56,-79,-13,None
0,-4,-6,7,-10,3,7,-2,-1,0,0,0,56,-79,-13,None
0,1,5,-9,-12,-5,-5,-1,0,0,0,0,56,-79,-13,None
0,-3,-17,-2,-10,-1,-1,-4,-3,0,0,0,56,-79,-13,None
0,2,4,3,9,6,0,0,-1,0,0,0,56,-79,-13,None
0,2,4,3,9,6,0,0,-1,0,0,0,56,-79,-13,None
0,2,4,3,9,6,0,0,-1,0,0,0,64,-77,-18,None
0,-2,-13,-4,-12,-3,-5,-2,-2,0,0,0,64,-77,-18,None
0,0,4,-4,7,0,-5,-2,-1,0,0,0,64,-77,-18,None
0,-1,-10,1,1,-2,-1,-1,-1,0,0,0,64,-77,-18,None
0,-2,-4,-6,4,-2,-5,-3,-1,0,0,0,64,-77,-18,None
0,-2,-4,-6,4,-2,-5,-3,-1,0,0,0,64,-77,-18,None
0,-2,-4,-6,4,-2,-5,-3,-1,0,0,0,56,-70,-22,None
0,-1,5,-7,9,-2,-5,-1,-2,0,0,0,56,-70,-22,None
0,-2,1,2,-8,1,0,1,-1,0,0,0,56,-70,-22,None
0,-4,0,-10,17,10,-2,-2,-2,0,0,0,56,-70,-22,None
0,-2,-6,-14,3,-4,-5,-2,-4,0,0,0,56,-70,-22,None
0,-2,-6,-14,3,-4,-5,-2,-4,0,0,0,56,-70,-22,None
0,-2,-6,-14,3,-4,-5,-2,-4,0,0,0,53,-80,-21,None
0,-4,-7,0,8,9,-5,-1,-2,0,0,0,53,-80,-21,None
0,-2,-2,-8,5,2,0,-1,-2,0,0,0,53,-80,-21,None
0,-3,-10,-6,6,-9,-8,-2,-4,0,0,0,53,-80,-21,None
0,-1,2,-12,3,-7,-9,-2,-1,0,0,0,53,-80,-21,None
0,-1,2,-12,3,-7,-9,-2,-1,0,0,0,53,-80,-21,None
0,-1,2,-12,3,-7,-9,-2,-1,0,0,0,58,-87,-21,None
0,-1,-1,1,0,3,1,-4,-3,0,0,0,58,-87,-21,None
0,-1,-2,1,4,3,0,-1,-1,0,0,0,58,-87,-21,None
0,-2,-7,-3,-6,-4,-2,-2,-3,0,0,0,58,-87,-21,None
0,-1,1,0,0,6,3,-3,-2,0,0,0,58,-87,-21,None
0,-1,1,0,0,6,3,-3,-2,0,0,0,58,-87,-21,None
0,-1,1,0,0,6,3,-3,-2,0,0,0,58,-80,-24,None
0,-1,1,4,-11,1,1,1,0,0,0,0,58,-80,-24,None
0,-2,-9,-8,11,3,-1,0,-2,0,0,0,58,-80,-24,None
0,-4,-5,6,-3,-11,-2,-2,0,0,0,0,58,-80,-24,None
0,-2,1,5,-7,11,0,1,0,0,0,0,58,-80,-24,None
0,-2,1,5,-7,11,0,1,0,0,0,0,58,-80,-24,None
0,-2,1,5,-7,11,0,1,0,0,0,0,53,-75,-25,None
0,-2,-5,-14,-2,-9,-2,-2,-2,0,0,0,53,-75,-25,None
0,-1,1,-6,11,-2,-7,-2,-1,0,0,0,53,-75,-25,None
0,0,-2,-4,0,1,1,-1,-2,0,0,0,53,-75,-25,None
0,-3,-1,0,0,-1,1,-1,-1,0,0,0,53,-75,-25,None
0,-3,-1,0,0,-1,1,-1,-1,0,0,0,53,-75,-25,None
0,-3,-1,0,0,-1,1,-1,-1,0,0,0,53,-73,-25,None
0,-1,6,1,2,-3,-4,-1,-1,0,0,0,53,-73,-25,None
0,-1,4,3,-2,6,4,-2,-2,0,0,0,53,-73,-25,None
0,0,-4,1,-11,2,4,-1,-1,0,0,0,53,-73,-25,None
0,1,1,-5,2,-1,-4,-1,-1,0,0,0,53,-73,-25,None
0,1,1,-5,2,-1,-4,-1,-1,0,0,0,53,-73,-25,None
0,1,1,-5,2,-1,-4,-1,-1,0,0,0,54,-75,-24,None
0,1,1,-1,3,-1,-1,0,-1,0,0,0,54,-75,-24,None
0,0,16,-1,-7,-5,-3,-2,-2,0,0,0,54,-75,-24,None
0,-1,-7,-3,16,9,-2,-3,-3,0,0,0,54,-75,-24,None
0,-1,-1,-6,3,2,-4,-1,-2,0,0,0,54,-75,-24,None
0,-1,-1,-6,3,2,-4,-1,-2,0,0,0,54,-75,-24,None
0,-1,-1,-6,3,2,-4,-1,-2,0,0,0,54,-77,-24,None
0,0,1,2,-5,-2,0,-1,0,0,0,0,54,-77,-24,None
0,1,5,0,2,0,0,-1,-1,0,0,0,54,-77,-24,None
0,-2,4,-4,-6,-7,-2,-2,-1,0,0,0,54,-77,-24,None
0,-1,1,0,-3,3,1,-4,-2,0,0,0,54,-77,-24,None
0,-1,1,0,-3,3,1,-4,-2,0,0,0,54,-77,-24,None
0,-1,1,0,-3,3,1,-4,-2,0,0,0,57,-78,-23,None
0,0,2,-3,-1,4,4,0,-2,0,0,0,57,-78,-23,None
0,-2,-3,-1,0,-1,-3,-1,0,0,0,0,57,-78,-23,None
0,-1,-2,-3,-6,-1,-1,0,-2,0,0,0,57,-78,-23,None
0,-2,2,-1,0,1,1,-1,-1,0,0,0,57,-78,-23,None
0,-2,2,-1,0,1,1,-1,-1,0,0,0,57,-78,-23,None
0,-2,2,-1,0,1,1,-1,-1,0,0,0,59,-77,-20,None
0,-4,-9,-12,-6,-5,-8,-3,-2,0,0,0,59,-77,-20,None
0,-4,-4,-3,-14,-11,-4,-2,-1,0,0,0,59,-77,-20,None
0,-1,-3,-1,-1,7,4,-2,-2,0,0,0,59,-77,-20,None
0,-2,1,-7,4,-3,-4,-1,-1,0,0,0,59,-77,-20,None
0,-2,1,-7,4,-3,-4,-1,-1,0,0,0,59,-77,-20,None
0,-2,1,-7,4,-3,-4,-1,-1,0,0,0,58,-78,-17,None
0,0,2,-3,6,1,-2,-1,0,0,0,0,58,-78,-17,None
0,-1,1,0,-4,3,3,-1,0,0,0,0,58,-78,-17,None
0,-3,1,-3,-8,-2,1,-1,-1,0,0,0,58,-78,-17,None
0,-1,0,-1,1,-4,-3,-1,-3,0,0,0,58,-78,-17,None
0,-1,0,-1,1,-4,-3,-1,-3,0,0,0,58,-78,-17,None
0,-1,0,-1,1,-4,-3,-1,-3,0,0,0,59,-78,-14,None
0,-1,0,4,-4,2,1,0,0,0,0,0,59,-78,-14,None
0,-1,-2,1,3,5,-2,-2,0,0,0,0,59,-78,-14,None
0,1,-3,-2,6,-5,-5,0,-2,0,0,0,59,-78,-14,None
0,-3,-3,-6,-8,1,-3,-4,-2,0,0,0,59,-78,-14,None
0,-3,-3,-6,-8,1,-3,-4,-2,0,0,0,59,-78,-14,None
0,-3,-3,-6,-8,1,-3,-4,-2,0,0,0,59,-79,-13,None
0,-1,3,1,-2,3,1,-1,-1,0,0,0,59,-79,-13,None
0,-3,0,-6,9,1,-2,-1,-3,0,0,0,59,-79,-13,None
0,-1,0,0,-1,0,-2,1,-1,0,0,0,59,-79,-13,None
0,0,3,1,-8,0,2,-1,-1,0,0,0,59,-79,-13,None
0,0,3,1,-8,0,2,-1,-1,0,0,0,59,-79,-13,None
0,0,3,1,-8,0,2,-1,-1,0,0,0,59,-80,-12,None
0,1,0,-2,-2,2,0,-1,-1,0,0,0,59,-80,-12,None
0,-2,-1,-2,2,2,-2,-2,-1,0,0,0,59,-80,-12,None
0,-2,3,0,-4,1,2,-2,-2,0,0,0,59,-80,-12,None
0,0,0,-1,-2,2,0,0,1,0,0,0,59,-80,-12,None
0,0,0,-1,-2,2,0,0,1,0,0,0,59,-80,-12,None
0,0,0,-1,-2,2,0,0,1,0,0,0,58,-81,-10,None
0,-2,-1,0,9,0,-3,-1,-3,0,0,0,58,-81,-10,None
0,-1,-1,-1,8,3,0,0,-3,0,0,0,58,-81,-10,None
0,-1,0,-1,-5,1,4,-1,-1,0,0,0,58,-81,-10,None
0,-2,-1,-7,4,-2,-5,-1,-1,0,0,0,58,-81,-10,None
0,-2,-1,-7,4,-2,-5,-1,-1,0,0,0,58,-81,-10,None
0,-2,-1,-7,4,-2,-5,-1,-1,0,0,0,57,-83,-10,None
0,-1,0,-2,-1,1,-2,0,-1,0,0,0,57,-83,-10,None
0,-1,0,1,-7,0,3,-1,0,0,0,0,57,-83,-10,None
0,-1,0,-1,-6,2,0,0,-1,0,0,0,57,-83,-10,None
0,-2,-3,-1,-1,-1,-1,-2,-2,0,0,0,57,-83,-10,None
0,-2,-3,-1,-1,-1,-1,-2,-2,0,0,0,57,-83,-10,None
0,-2,-3,-1,-1,-1,-1,-2,-2,0,0,0,56,-83,-9,None
0,5,6,2,-6,2,0,-2,-1,0,0,0,56,-83,-9,None
0,-3,-3,-4,-1,4,-1,-2,-4,0,0,0,56,-83,-9,None
0,-2,-2,-5,8,-1,-3,-1,-1,0,0,0,56,-83,-9,None
0,0,0,-2,-1,-1,-2,0,-3,0,0,0,56,-83,-9,None
0,0,0,-2,-1,-1,-2,0,-3,0,0,0,56,-83,-9,None
0,0,0,-2,-1,-1,-2,0,-3,0,0,0,56,-83,-10,None
0,-3,0,0,0,0,1,-1,-1,0,0,0,56,-83,-10,None
0,-1,-2,-5,4,-3,-5,-1,1,0,0,0,56,-83,-10,None
0,0,1,-4,-1,0,-2,-1,-1,0,0,0,56,-83,-10,None
0,0,2,-1,-2,3,2,0,-1,0,0,0,56,-83,-10,None
0,0,2,-1,-2,3,2,0,-1,0,0,0,56,-83,-10,None
0,0,2,-1,-2,3,2,0,-1,0,0,0,56,-84,-10,None
0,-1,-2,-1,-4,-2,1,-2,-3,0,0,0,56,-84,-10,None
0,0,2,-2,2,-1,-1,0,-2,0,0,0,56,-84,-10,None
0,-1,-3,5,-8,1,2,0,-2,0,0,0,56,-84,-10,None
0,-1,2,-1,2,1,1,-2,-1,0,0,0,56,-84,-10,None
0,-1,2,-1,2,1,1,-2,-1,0,0,0,56,-84,-10,None
0,-1,2,-1,2,1,1,-2,-1,0,0,0,57,-83,-11,None
0,-2,-2,-3,3,5,-5,-1,-2,0,0,0,57,-83,-11,None
0,-1,-2,-3,0,-4,-4,-3,-2,0,0,0,57,-83,-11,None
0,0,0,-4,-2,0,-1,-2,-1,0,0,0,57,-83,-11,None
0,-1,-1,-4,5,-2,-6,-1,-2,0,0,0,57,-83,-11,None
0,-1,-1,-4,5,-2,-6,-1,-2,0,0,0,57,-83,-11,None
0,-1,-1,-4,5,-2,-6,-1,-2,0,0,0,57,-83,-12,None
0,-3,0,0,1,0,0,-2,-2,0,0,0,57,-83,-12,None
0,-1,3,2,-6,2,3,-1,0,0,0,0,57,-83,-12,None
0,-3,1,-3,-2,-1,0,-1,-2,0,0,0,57,-83,-12,None
0,0,1,-2,2,-1,-1,-1,0,0,0,0,57,-83,-12,None
0,0,1,-2,2,-1,-1,-1,0,0,0,0,57,-83,-12,None
0,0,1,-2,2,-1,-1,-1,0,0,0,0,57,-81,-13,None
0,-1,-4,-1,-4,-1,0,-2,-2,0,0,0,57,-81,-13,None
0,-2,9,-2,-6,5,0,-1,-2,0,0,0,57,-81,-13,None
0,-1,-3,1,2,-9,-7,-2,-1,0,0,0,57,-81,-13,None
0,-3,-3,-6,-6,0,-1,-2,-3,0,0,0,57,-81,-13,None
0,-3,-3,-6,-6,0,-1,-2,-3,0,0,0,57,-81,-13,None
0,-3,-3,-6,-6,0,-1,-2,-3,0,0,0,57,-81,-14,None
0,-2,0,-3,2,-1,0,-1,-1,0,0,0,57,-81,-14,None
0,-1,-5,-4,11,-1,-3,-1,-1,0,0,0,57,-81,-14,None
0,-1,1,-3,1,-1,-4,-1,-2,0,0,0,57,-81,-14,None
0,-1,2,3,-5,1,0,0,-1,0,0,0,57,-81,-14,None
0,-1,2,3,-5,1,0,0,-1,0,0,0,57,-81,-14,None
0,-1,2,3,-5,1,0,0,-1,0,0,0,57,-80,-15,None
0,0,1,0,-5,2,1,-2,-2,0,0,0,57,-80,-15,None
0,0,-3,-1,-4,-1,-1,-2,-3,0,0,0,57,-80,-15,None
0,-1,2,1,-6,2,4,-1,0,0,0,0,57,-80,-15,None
0,-1,1,-1,0,0,1,-1,-1,0,0,0,57,-80,-15,None
0,-1,1,-1,0,0,1,-1,-1,0,0,0,57,-80,-15,None
0,-1,1,-1,0,0,1,-1,-1,0,0,0,57,-80,-15,None
0,-1,-1,-4,1,-4,-2,-1,-1,0,0,0,57,-80,-15,None
0,-2,0,4,11,1,-3,0,-1,0,0,0,57,-80,-15,None
0,1,1,-6,-13,3,0,-1,-1,0,0,0,57,-80,-15,None
0,-3,-3,-7,11,5,-6,-2,-3,0,0,0,57,-80,-15,None
0,-3,-3,-7,11,5,-6,-2,-3,0,0,0,57,-80,-15,None
0,-3,-3,-7,11,5,-6,-2,-3,0,0,0,57,-79,-15,None
0,0,0,-5,3,-2,-3,0,-2,0,0,0,57,-79,-15,None
0,-2,1,2,-5,0,1,-2,0,0,0,0,57,-79,-15,None
0,1,1,0,1,1,0,-2,-1,0,0,0,57,-79,-15,None
0,0,1,-3,1,-2,-1,-1,-1,0,0,0,57,-79,-15,None
0,0,1,-3,1,-2,-1,-1,-1,0,0,0,57,-79,-15,None
0,0,1,-3,1,-2,-1,-1,-1,0,0,0,58,-79,-16,None
0,-3,3,1,-7,1,4,-1,-2,0,0,0,58,-79,-16,None
0,-1,0,-2,-4,2,2,1,-2,0,0,0,58,-79,-16,None
0,-3,-1,-5,2,-1,-5,-2,-1,0,0,0,58,-79,-16,None
0,0,-1,-1,8,-3,-4,-2,0,0,0,0,58,-79,-16,None
0,0,-1,-1,8,-3,-4,-2,0,0,0,0,58,-79,-16,None
0,0,-1,-1,8,-3,-4,-2,0,0,0,0,59,-80,-16,None
0,-1,4,-5,-13,3,-2,-3,0,0,0,0,59,-80,-16,None
0,-2,-3,-1,5,-3,-5,-2,-2,0,0,0,59,-80,-16,None
0,-1,-2,-6,-3,-4,-2,-1,-3,0,0,0,59,-80,-16,None
0,-2,0,5,-3,3,2,-1,0,0,0,0,59,-80,-16,None
0,-2,0,5,-3,3,2,-1,0,0,0,0,59,-80,-16,None
0,-2,0,5,-3,3,2,-1,0,0,0,0,58,-79,-16,None
0,-1,2,-2,3,-1,-1,0,-1,0,0,0,58,-79,-16,None
0,0,0,-2,-2,0,1,-2,-1,0,0,0,58,-79,-16,None
0,0,2,1,-4,7,3,1,-1,0,0,0,58,-79,-16,None
0,0,2,-2,-4,1,2,-1,-1,0,0,0,58,-79,-16,None
0,0,2,-2,-4,1,2,-1,-1,0,0,0,58,-79,-16,None
0,0,2,-2,-4,1,2,-1,-1,0,0,0,57,-79,-15,None
0,-3,-6,-2,3,-4,-4,-1,-1,0,0,0,57,-79,-15,None
0,1,8,-9,8,-1,-3,1,-1,0,0,0,57,-79,-15,None
0,-6,-16,8,-4,1,-2,0,-3,0,0,0,57,-79,-15,None
0,-1,3,-4,7,0,-6,-2,-2,0,0,0,57,-79,-15,None
0,-1,3,-4,7,0,-6,-2,-2,0,0,0,57,-79,-15,None
0,-1,3,-4,7,0,-6,-2,-2,0,0,0,58,-79,-15,None
0,-2,-3,-3,5,0,-3,-3,0,0,0,0,58,-79,-15,None
0,-1,-5,0,-3,2,0,-3,-1,0,0,0,58,-79,-15,None
0,1,9,-3,5,3,-1,-2,-1,0,0,0,58,-79,-15,None
0,-2,0,-2,-5,-3,1,0,-2,0,0,0,58,-79,-15,None
0,-2,0,-2,-5,-3,1,0,-2,0,0,0,58,-79,-15,None
0,-2,0,-2,-5,-3,1,0,-2,0,0,0,57,-80,-14,None
0,0,0,4,-7,2,1,-3,0,0,0,0,57,-80,-14,None
0,-1,5,2,-5,2,4,-1,0,0,0,0,57,-80,-14,None
0,-4,3,-7,8,-3,-3,0,-3,0,0,0,57,-80,-14,None
0,-2,-6,5,-5,-4,-3,-4,-2,0,0,0,57,-80,-14,None
0,-2,-6,5,-5,-4,-3,-4,-2,0,0,0,57,-80,-14,None
0,-2,-6,5,-5,-4,-3,-4,-2,0,0,0,57,-80,-14,None
0,-1,3,-5,-4,5,-1,-2,-1,0,0,0,57,-80,-14,None
0,-1,-4,-5,2,-2,-6,-2,-2,0,0,0,57,-80,-14,None
0,-1,0,-3,4,-2,-4,-2,0,0,0,0,57,-80,-14,None
0,-2,0,-5,-3,-1,1,0,-1,0,0,0,57,-80,-14,None
0,-2,0,-5,-3,-1,1,0,-1,0,0,0,57,-80,-14,None
0,-2,0,-5,-3,-1,1,0,-1,0,0,0,57,-80,-13,None
0,-1,0,-3,3,-1,0,0,-3,0,0,0,57,-80,-13,None
0,-2,-1,0,-3,0,-1,-1,-2,0,0,0,57,-80,-13,None
0,1,1,0,-8,2,3,-3,0,0,0,0,57,-80,-13,None
0,-1,3,0,-3,1,2,1,0,0,0,0,57,-80,-13,None
0,-1,3,0,-3,1,2,1,0,0,0,0,57,-80,-13,None
0,-1,3,0,-3,1,2,1,0,0,0,0,59,-80,-13,None
0,1,6,-2,0,-4,-3,-1,-1,0,0,0,59,-80,-13,None
0,-2,-3,-2,-7,-2,0,-2,-2,0,0,0,59,-80,-13,None
0,-2,4,-2,6,4,-2,-1,-1,0,0,0,59,-80,-13,None
0,-2,-3,-5,5,-3,-4,0,-1,0,0,0,59,-80,-13,None
0,-2,-3,-5,5,-3,-4,0,-1,0,0,0,59,-80,-13,None
0,-2,-3,-5,5,-3,-4,0,-1,0,0,0,58,-80,-13,None
0,-4,-3,-3,5,-2,-3,-1,-2,0,0,0,58,-80,-13,None
0,-2,-1,-1,-5,-1,3,-1,0,0,0,0,58,-80,-13,None
0,1,1,-3,1,-1,-3,-1,0,0,0,0,58,-80,-13,None
0,-2,-1,-3,-4,0,-1,-3,-2,0,0,0,58,-80,-13,None
0,-2,-1,-3,-4,0,-1,-3,-2,0,0,0,58,-80,-13,None
0,-2,-1,-3,-4,0,-1,-3,-2,0,0,0,58,-80,-13,None
0,-3,0,2,-7,3,2,-1,-3,0,0,0,58,-80,-13,None
0,-1,3,3,-4,2,0,-2,0,0,0,0,58,-80,-13,None
0,-1,0,-10,-1,0,-3,-1,-1,0,0,0,58,-80,-13,None
0,0,1,-3,-8,-3,-2,-1,-2,0,0,0,58,-80,-13,None
0,0,1,-3,-8,-3,-2,-1,-2,0,0,0,58,-80,-13,None
0,0,1,-3,-8,-3,-2,-1,-2,0,0,0,57,-81,-13,None
0,3,0,-3,3,0,-1,-1,0,0,0,0,57,-81,-13,None
0,-1,-2,-6,5,1,-5,-3,-3,0,0,0,57,-81,-13,None
0,-5,-2,-2,0,-1,-3,-1,-2,0,0,0,57,-81,-13,None
0,-1,1,0,0,1,-1,-2,-2,0,0,0,57,-81,-13,None
0,-1,1,0,0,1,-1,-2,-2,0,0,0,57,-81,-13,None
0,-1,1,0,0,1,-1,-2,-2,0,0,0,57,-81,-14,None
0,-4,-2,-3,5,-2,-3,-1,-1,0,0,0,57,-81,-14,None
0,-1,-2,-6,-7,-1,0,0,-1,0,0,0,57,-81,-14,None
0,2,1,10,-4,-3,3,-2,-1,0,0,0,57,-81,-14,None
0,0,3,0,-2,4,2,-1,0,0,0,0,57,-81,-14,None
0,0,3,0,-2,4,2,-1,0,0,0,0,57,-81,-14,None
0,0,3,0,-2,4,2,-1,0,0,0,0,58,-81,-14,None
0,0,-1,-1,1,0,-2,-2,-1,0,0,0,58,-81,-14,None
0,0,2,3,7,8,2,-1,-3,0,0,0,58,-81,-14,None
0,-2,1,-4,-8,-7,-1,-2,-3,0,0,0,58,-81,-14,None
0,-4,-2,-5,6,-4,-7,-1,-2,0,0,0,58,-81,-14,None
0,-4,-2,-5,6,-4,-7,-1,-2,0,0,0,58,-81,-14,None
0,-4,-2,-5,6,-4,-7,-1,-2,0,0,0,57,-81,-14,None
0,-1,0,-2,1,0,-3,-2,-2,0,0,0,57,-81,-14,None
0,-1,1,-3,-4,0,0,0,0,0,0,0,57,-81,-14,None
0,-1,-1,-6,3,2,-2,0,-2,0,0,0,57,-81,-14,None
0,-1,0,-1,-2,1,-1,-2,-2,0,0,0,57,-81,-14,None
0,-1,0,-1,-2,1,-1,-2,-2,0,0,0,57,-81,-14,None
0,-1,0,-1,-2,1,-1,-2,-2,0,0,0,57,-80,-14,None
0,0,-1,0,-7,1,4,-1,1,0,0,0,57,-80,-14,None
0,2,4,4,-6,-1,0,0,-1,0,0,0,57,-80,-14,None
0,-2,-2,2,3,-2,-2,-2,-1,0,0,0,57,-80,-14,None
0,-1,1,0,-4,7,4,-1,0,0,0,0,57,-80,-14,None
0,-1,1,0,-4,7,4,-1,0,0,0,0,57,-80,-14,None
0,-1,1,0,-4,7,4,-1,0,0,0,0,57,-80,-14,None
0,0,0,-2,-8,3,0,-1,-2,0,0,0,57,-80,-14,None
0,-4,-3,-2,5,-6,-5,-2,-2,0,0,0,57,-80,-14,None
0,-1,-1,-3,2,0,-4,-1,-3,0,0,0,57,-80,-14,None
0,-1,1,-1,-2,-1,0,-1,1,0,0,0,57,-80,-14,None
0,-1,1,-1,-2,-1,0,-1,1,0,0,0,57,-80,-14,None
0,-1,1,-1,-2,-1,0,-1,1,0,0,0,58,-80,-14,None
0,-2,-1,-4,2,-2,-5,-1,-2,0,0,0,58,-80,-14,None
0,-1,-1,-3,0,1,-1,-1,-2,0,0,0,58,-80,-14,None
0,-1,1,-1,-2,4,4,-1,0,0,0,0,58,-80,-14,None
0,-2,2,-3,-6,-1,2,-4,-4,0,0,0,58,-80,-14,None
0,-2,2,-3,-6,-1,2,-4,-4,0,0,0,58,-80,-14,None
0,-2,2,-3,-6,-1,2,-4,-4,0,0,0,58,-80,-14,None
0,-2,-2,-6,-1,-1,-2,0,0,0,0,0,58,-80,-14,None
