0,0,-5,-13,-17,-12,9,4,2,0,0,0,70,-124,23,None
0,-2,0,0,32,12,0,-6,-1,0,0,0,70,-124,23,None
0,-1,0,-4,-13,9,-8,-4,0,0,0,0,70,-124,23,None
0,-1,0,-4,-13,9,-8,-4,0,0,0,0,70,-124,23,None
0,-1,0,-4,-13,9,-8,-4,0,0,0,0,81,-123,27,None
0,-1,-1,-7,-6,-15,-12,-4,-4,0,0,0,81,-123,27,None
0,-1,3,-3,-31,14,2,-4,-1,0,0,0,81,-123,27,None
0,-2,-1,-3,9,3,12,5,0,0,0,0,81,-123,27,None
0,-4,-2,0,13,5,-17,-7,-5,0,0,0,81,-123,27,None
0,-4,-2,0,13,5,-17,-7,-5,0,0,0,81,-123,27,None
0,-4,-2,0,13,5,-17,-7,-5,0,0,0,91,-135,29,None
0,-4,-5,-9,4,-10,-8,-1,-3,0,0,0,91,-135,29,None
0,-3,1,-7,23,21,-7,-7,-5,0,0,0,91,-135,29,None
0,0,0,1,21,-11,5,7,0,0,0,0,91,-135,29,None
0,0,-3,-5,-7,9,9,10,2,0,0,0,91,-135,29,None
0,0,-3,-5,-7,9,9,10,2,0,0,0,91,-135,29,None
0,0,-3,-5,-7,9,9,10,2,0,0,0,83,-132,22,None
0,-2,-4,-10,-37,-7,-8,-3,-1,0,0,0,83,-132,22,None
0,-2,2,4,-32,10,-12,-9,-6,0,0,0,83,-132,22,None
0,0,-1,-2,9,-4,-9,-5,-2,0,0,0,83,-132,22,None
0,-5,-4,5,-13,-1,-15,-11,-6,0,0,0,83,-132,22,None
0,-5,-4,5,-13,-1,-15,-11,-6,0,0,0,83,-132,22,None
0,-5,-4,5,-13,-1,-15,-11,-6,0,0,0,80,-130,15,None
0,2,3,-11,7,8,4,-2,1,0,0,0,80,-130,15,None
0,0,-7,-16,4,-20,-6,6,2,0,0,0,80,-130,15,None
0,-4,-4,-2,15,11,-6,-4,-4,0,0,0,80,-130,15,None
0,0,1,2,-28,-8,3,-1,-3,0,0,0,80,-130,15,None
0,0,1,2,-28,-8,3,-1,-3,0,0,0,80,-130,15,None
0,0,1,2,-28,-8,3,-1,-3,0,0,0,74,-143,22,None
0,-6,-3,6,-18,14,-20,-15,-9,0,0,0,74,-143,22,None
0,0,0,-4,35,-10,-17,-3,4,0,0,0,74,-143,22,None
0,1,-3,-7,5,2,37,17,2,0,0,0,74,-143,22,None
0,0,2,5,-8,22,0,-2,0,0,0,0,74,-143,22,None
0,0,2,5,-8,22,0,-2,0,0,0,0,74,-143,22,None
0,0,2,5,-8,22,0,-2,0,0,0,0,66,-145,25,None
0,-5,-4,-10,18,-15,-20,-10,-7,0,0,0,66,-145,25,None
0,-3,1,8,3,-14,0,-5,-6,0,0,0,66,-145,25,None
0,0,3,-2,9,-4,-19,-3,1,0,0,0,66,-145,25,None
0,2,-4,-15,34,4,25,3,1,0,0,0,66,-145,25,None
0,2,-4,-15,34,4,25,3,1,0,0,0,66,-145,25,None
0,2,-4,-15,34,4,25,3,1,0,0,0,55,-139,24,None
0,-2,-6,-3,22,-15,-16,0,-1,0,0,0,55,-139,24,None
0,-1,-1,5,-10,3,27,8,-1,0,0,0,55,-139,24,None
0,-2,-2,-4,8,-1,-16,-10,-4,0,0,0,55,-139,24,None
0,-4,-2,-8,29,-14,-13,-1,-4,0,0,0,55,-139,24,None
0,-4,-2,-8,29,-14,-13,-1,-4,0,0,0,55,-139,24,None
0,-4,-2,-8,29,-14,-13,-1,-4,0,0,0,44,-137,23,None
0,0,1,-2,-24,16,9,0,0,0,0,0,44,-137,23,None
0,0,4,10,-2,14,7,-6,-2,0,0,0,44,-137,23,None
0,-4,-6,-13,16,11,0,-3,-2,0,0,0,44,-137,23,None
0,0,0,6,-5,-6,-14,-5,-1,0,0,0,44,-137,23,None
0,0,0,6,-5,-6,-14,-5,-1,0,0,0,44,-137,23,None
0,0,0,6,-5,-6,-14,-5,-1,0,0,0,37,-138,18,None
0,1,4,3,-27,-2,21,5,2,0,0,0,37,-138,18,None
0,1,3,-4,3,-13,0,1,1,0,0,0,37,-138,18,None
0,-1,1,5,5,6,-5,-1,-1,0,0,0,37,-138,18,None
0,-2,2,-6,-35,-13,4,-4,-2,0,0,0,37,-138,18,None
0,-2,2,-6,-35,-13,4,-4,-2,0,0,0,37,-138,18,None
0,-2,2,-6,-35,-13,4,-4,-2,0,0,0,33,-136,19,None
0,0,1,2,15,34,16,5,0,0,0,0,33,-136,19,None
0,-4,-5,-14,1,-14,-18,-7,-5,0,0,0,33,-136,19,None
0,0,6,10,10,-10,6,-1,-1,0,0,0,33,-136,19,None
0,2,11,8,-23,42,16,5,4,0,0,0,33,-136,19,None
0,2,11,8,-23,42,16,5,4,0,0,0,33,-136,19,None
0,2,11,8,-23,42,16,5,4,0,0,0,31,-126,14,None
0,-2,3,0,16,-11,-2,-1,0,0,0,0,31,-126,14,None
0,1,3,1,-1,-29,1,-3,-2,0,0,0,31,-126,14,None
0,3,8,-1,-16,16,22,1,3,0,0,0,31,-126,14,None
0,-2,5,2,14,38,-14,-1,-2,0,0,0,31,-126,14,None
0,-2,5,2,14,38,-14,-1,-2,0,0,0,31,-126,14,None
0,-2,5,2,14,38,-14,-1,-2,0,0,0,26,-115,14,None
0,-2,-2,-8,-31,11,7,11,3,0,0,0,26,-115,14,None
0,-2,5,11,12,11,7,0,0,0,0,0,26,-115,14,None
0,-2,1,-10,-11,-34,-9,-4,-4,0,0,0,26,-115,14,None
0,-2,-1,-3,32,23,-14,-3,-1,0,0,0,26,-115,14,None
0,-2,-1,-3,32,23,-14,-3,-1,0,0,0,26,-115,14,None
0,-2,-1,-3,32,23,-14,-3,-1,0,0,0,24,-104,12,None
0,1,4,-5,-32,-32,1,-2,0,0,0,0,24,-104,12,None
0,0,9,5,-3,62,3,3,1,0,0,0,24,-104,12,None
0,-3,-3,0,-6,-27,-9,0,-1,0,0,0,24,-104,12,None
0,-2,1,-1,2,22,18,0,-3,0,0,0,24,-104,12,None
0,-2,1,-1,2,22,18,0,-3,0,0,0,24,-104,12,None
0,-2,1,-1,2,22,18,0,-3,0,0,0,17,-95,18,None
0,0,3,6,-1,21,4,3,1,0,0,0,17,-95,18,None
0,-2,-2,-9,-36,19,-8,-5,-5,0,0,0,17,-95,18,None
0,-2,-2,1,1,-4,-5,1,-1,0,0,0,17,-95,18,None
0,1,0,-4,-36,-18,4,-1,0,0,0,0,17,-95,18,None
0,1,0,-4,-36,-18,4,-1,0,0,0,0,17,-95,18,None
0,1,0,-4,-36,-18,4,-1,0,0,0,0,9,-87,16,None
0,-2,-2,-7,30,-20,-8,-4,-3,0,0,0,9,-87,16,None
0,-1,-2,0,29,53,-1,4,2,0,0,0,9,-87,16,None
0,-4,1,-5,20,103,1,-2,-3,0,0,0,9,-87,16,None
0,-1,-4,-7,28,-128,-11,-4,-4,0,0,0,9,-87,16,None
0,-1,-4,-7,28,-128,-11,-4,-4,0,0,0,9,-87,16,None
0,-1,-4,-7,28,-128,-11,-4,-4,0,0,0,4,-81,17,None
0,4,1,0,19,12,-2,-3,-1,0,0,0,4,-81,17,None
0,-5,-3,2,-4,-49,-8,-5,-4,0,0,0,4,-81,17,None
0,0,2,5,-11,-32,0,-6,-2,0,0,0,4,-81,17,None
0,-2,0,-2,8,46,2,-1,-3,0,0,0,4,-81,17,None
0,-2,0,-2,8,46,2,-1,-3,0,0,0,4,-81,17,None
0,-2,0,-2,8,46,2,-1,-3,0,0,0,1,-77,18,None
0,-2,-5,-1,-4,11,-2,3,2,0,0,0,1,-77,18,None
0,-1,-1,-3,21,35,3,-3,-1,0,0,0,1,-77,18,None
0,-1,-1,-7,1,29,-6,-3,-2,0,0,0,1,-77,18,None
0,-2,-6,-6,18,-76,-13,-2,-16,0,0,0,1,-77,18,None
0,-2,-6,-6,18,-76,-13,-2,-16,0,0,0,1,-77,18,None
0,-2,-6,-6,18,-76,-13,-2,-16,0,0,0,-3,-64,17,None
0,-3,16,7,-4,22,3,-1,5,0,0,0,-3,-64,17,None
0,-3,-30,-29,-16,36,6,1,-6,0,0,0,-3,-64,17,None
0,-1,-1,3,-16,23,-12,-4,15,0,0,0,-3,-64,17,None
0,2,3,-3,-33,29,20,15,10,0,0,0,-3,-64,17,None
0,2,3,-3,-33,29,20,15,10,0,0,0,-3,-64,17,None
0,2,3,-3,-33,29,20,15,10,0,0,0,-11,-50,15,None
0,2,8,2,16,38,3,-7,2,0,0,0,-11,-50,15,None
0,-8,-3,-5,-4,-128,-47,-10,-34,0,0,0,-11,-50,15,None
0,0,13,2,0,49,6,3,-4,0,0,0,-11,-50,15,None
0,0,1,-4,1,36,5,0,5,0,0,0,-11,-50,15,None
0,0,1,-4,1,36,5,0,5,0,0,0,-11,-50,15,None
0,0,1,-4,1,36,5,0,5,0,0,0,-16,-39,15,None
0,-6,-5,-13,17,43,-9,-4,-9,0,0,0,-16,-39,15,None
0,1,-4,6,2,-11,19,-10,-8,0,0,0,-16,-39,15,None
0,-2,-7,1,0,50,6,-2,11,0,0,0,-16,-39,15,None
0,-4,3,-12,26,-55,0,13,-14,0,0,0,-16,-39,15,None
0,-4,3,-12,26,-55,0,13,-14,0,0,0,-16,-39,15,None
0,-4,3,-12,26,-55,0,13,-14,0,0,0,-19,-33,20,None
0,1,11,3,-28,36,-9,-9,6,0,0,0,-19,-33,20,None
0,2,-25,-20,12,-21,11,10,11,0,0,0,-19,-33,20,None
0,-6,-3,-5,5,-24,-8,-13,-38,0,0,0,-19,-33,20,None
0,-20,-5,7,-5,83,4,2,13,0,0,0,-19,-33,20,None
0,-20,-5,7,-5,83,4,2,13,0,0,0,-19,-33,20,None
0,-20,-5,7,-5,83,4,2,13,0,0,0,-19,-24,25,None
0,22,-8,1,-6,40,6,2,-3,0,0,0,-19,-24,25,None
0,-3,25,15,-11,-12,-26,-11,4,0,0,0,-19,-24,25,None
0,3,-3,1,-21,73,5,-4,2,0,0,0,-19,-24,25,None
0,-2,1,-1,5,63,-4,-13,21,0,0,0,-19,-24,25,None
0,-2,1,-1,5,63,-4,-13,21,0,0,0,-19,-24,25,None
0,-2,1,-1,5,63,-4,-13,21,0,0,0,-24,-11,29,None
0,-4,-3,-8,16,-53,0,9,-24,0,0,0,-24,-11,29,None
0,17,8,3,16,-96,-9,-3,6,0,0,0,-24,-11,29,None
0,4,2,0,4,-18,-4,7,10,0,0,0,-24,-11,29,None
0,5,4,3,3,-24,-8,-7,-7,0,0,0,-24,-11,29,None
0,5,4,3,3,-24,-8,-7,-7,0,0,0,-24,-11,29,None
0,5,4,3,3,-24,-8,-7,-7,0,0,0,-33,2,33,None
0,-10,-5,-5,-7,-58,0,3,8,0,0,0,-33,2,33,None
0,8,4,-1,34,76,13,-1,-6,0,0,0,-33,2,33,None
0,-5,2,3,9,-64,2,3,4,0,0,0,-33,2,33,None
0,2,5,1,-14,36,-2,-6,-5,0,0,0,-33,2,33,None
0,2,5,1,-14,36,-2,-6,-5,0,0,0,-33,2,33,None
0,2,5,1,-14,36,-2,-6,-5,0,0,0,-38,6,39,None
0,-2,-8,-5,-5,-27,-4,-6,-19,0,0,0,-38,6,39,None
0,-7,5,2,5,57,6,6,18,0,0,0,-38,6,39,None
0,2,2,-3,22,10,-8,0,2,0,0,0,-38,6,39,None
0,-5,-8,-13,17,-87,-21,-3,-7,0,0,0,-38,6,39,None
0,-5,-8,-13,17,-87,-21,-3,-7,0,0,0,-38,6,39,None
0,-5,-8,-13,17,-87,-21,-3,-7,0,0,0,-40,5,45,None
0,-3,4,3,4,61,-4,-6,-7,0,0,0,-40,5,45,None
0,-6,-1,-8,-26,-6,8,2,1,0,0,0,-40,5,45,None
0,-5,-1,-3,3,-54,-14,-3,-5,0,0,0,-40,5,45,None
0,8,3,1,-9,65,16,-1,-2,0,0,0,-40,5,45,None
0,8,3,1,-9,65,16,-1,-2,0,0,0,-40,5,45,None
0,8,3,1,-9,65,16,-1,-2,0,0,0,-44,6,48,None
0,-3,4,7,1,-81,-15,6,9,0,0,0,-44,6,48,None
0,-6,1,-4,1,51,-4,-5,0,0,0,0,-44,6,48,None
0,2,-2,-4,-20,16,5,2,0,0,0,0,-44,6,48,None
0,-3,-2,1,8,-30,-10,-7,-11,0,0,0,-44,6,48,None
0,-3,-2,1,8,-30,-10,-7,-11,0,0,0,-44,6,48,None
0,-3,-2,1,8,-30,-10,-7,-11,0,0,0,-46,10,64,None
0,-1,1,-3,-13,-23,24,4,9,0,0,0,-46,10,64,None
0,-3,3,-5,18,69,-11,0,0,0,0,0,-46,10,64,None
0,-5,-5,1,51,-75,-33,-8,-10,0,0,0,-46,10,64,None
0,1,1,5,-4,-7,-16,-1,0,0,0,0,-46,10,64,None
0,1,1,5,-4,-7,-16,-1,0,0,0,0,-46,10,64,None
0,1,1,5,-4,-7,-16,-1,0,0,0,0,-52,13,64,None
0,-7,-3,-1,9,69,-5,-7,-2,0,0,0,-52,13,64,None
0,-2,0,-4,4,51,4,2,0,0,0,0,-52,13,64,None
0,0,3,2,-35,24,16,-2,-2,0,0,0,-52,13,64,None
0,0,-3,-3,8,-14,7,0,1,0,0,0,-52,13,64,None
0,0,-3,-3,8,-14,7,0,1,0,0,0,-52,13,64,None
0,0,-3,-3,8,-14,7,0,1,0,0,0,-51,8,68,None
0,2,7,12,-6,-21,-8,-3,2,0,0,0,-51,8,68,None
0,-1,1,0,-7,-40,13,2,-2,0,0,0,-51,8,68,None
0,0,2,-3,-4,-23,-8,-2,-1,0,0,0,-51,8,68,None
0,-2,-2,-4,13,-46,9,4,0,0,0,0,-51,8,68,None
0,-2,-2,-4,13,-46,9,4,0,0,0,0,-51,8,68,None
0,-2,-2,-4,13,-46,9,4,0,0,0,0,-55,-7,74,None
0,-6,6,-4,20,9,-8,-6,-6,0,0,0,-55,-7,74,None
0,-3,-14,-6,-12,-15,10,6,3,0,0,0,-55,-7,74,None
0,-4,-2,-2,16,-106,-15,-2,-3,0,0,0,-55,-7,74,None
0,-1,3,-4,-36,-6,-3,-3,-4,0,0,0,-55,-7,74,None
0,-1,3,-4,-36,-6,-3,-3,-4,0,0,0,-55,-7,74,None
0,-1,3,-4,-36,-6,-3,-3,-4,0,0,0,-55,-9,75,None
0,-1,1,-7,0,-33,-2,-3,-4,0,0,0,-55,-9,75,None
0,-2,-5,2,27,-23,-17,0,0,0,0,0,-55,-9,75,None
0,1,-1,-18,-24,31,0,-3,-1,0,0,0,-55,-9,75,None
0,-3,3,14,10,48,9,0,-1,0,0,0,-55,-9,75,None
0,-3,3,14,10,48,9,0,-1,0,0,0,-55,-9,75,None
0,-3,3,14,10,48,9,0,-1,0,0,0,-59,-9,79,None
0,-3,-14,-10,-8,-16,2,0,1,0,0,0,-59,-9,79,None
0,0,10,-1,5,34,-1,-3,-3,0,0,0,-59,-9,79,None
0,1,-1,-3,15,12,2,2,0,0,0,0,-59,-9,79,None
0,0,2,-8,9,4,-1,-1,-3,0,0,0,-59,-9,79,None
0,0,2,-8,9,4,-1,-1,-3,0,0,0,-59,-9,79,None
0,0,2,-8,9,4,-1,-1,-3,0,0,0,-66,-6,80,None
0,1,1,-3,-4,-8,1,0,1,0,0,0,-66,-6,80,None
0,-3,15,3,0,-19,-9,-6,-8,0,0,0,-66,-6,80,None
0,-3,-5,3,-5,46,17,2,-1,0,0,0,-66,-6,80,None
0,-1,-19,-10,-7,34,15,7,7,0,0,0,-66,-6,80,None
0,-1,-19,-10,-7,34,15,7,7,0,0,0,-66,-6,80,None
0,-1,-19,-10,-7,34,15,7,7,0,0,0,-70,0,83,None
0,-1,-2,-3,2,9,-5,-4,-2,0,0,0,-70,0,83,None
0,0,4,-1,-15,-18,-4,-4,-4,0,0,0,-70,0,83,None
0,-2,11,3,0,15,4,-1,-3,0,0,0,-70,0,83,None
0,-5,1,-9,6,-33,-14,-5,-3,0,0,0,-70,0,83,None
0,-5,1,-9,6,-33,-14,-5,-3,0,0,0,-70,0,83,None
0,-5,1,-9,6,-33,-14,-5,-3,0,0,0,-70,0,87,None
0,-6,2,-9,-1,23,-8,-6,-6,0,0,0,-70,0,87,None
0,3,-34,-4,-20,8,19,8,9,0,0,0,-70,0,87,None
0,-3,11,-5,5,14,-13,-8,-6,0,0,0,-70,0,87,None
0,-2,-5,-5,2,7,-3,-5,-3,0,0,0,-70,0,87,None
0,-2,-5,-5,2,7,-3,-5,-3,0,0,0,-70,0,87,None
0,-2,-5,-5,2,7,-3,-5,-3,0,0,0,-71,0,93,None
0,-8,16,-13,-24,-15,-10,-5,-10,0,0,0,-71,0,93,None
0,-3,21,22,16,19,3,-3,-3,0,0,0,-71,0,93,None
0,0,-18,-5,1,3,6,1,0,0,0,0,-71,0,93,None
0,-3,18,-17,-11,-10,-13,-9,-12,0,0,0,-71,0,93,None
0,-3,18,-17,-11,-10,-13,-9,-12,0,0,0,-71,0,93,None
0,-3,18,-17,-11,-10,-13,-9,-12,0,0,0,-77,0,96,None
0,-11,5,2,-1,-24,-20,-14,-13,0,0,0,-77,0,96,None
0,-9,-21,-11,-8,30,9,6,7,0,0,0,-77,0,96,None
0,13,-34,48,24,7,11,5,11,0,0,0,-77,0,96,None
0,4,6,15,-9,37,15,5,4,0,0,0,-77,0,96,None
0,4,6,15,-9,37,15,5,4,0,0,0,-77,0,96,None
0,4,6,15,-9,37,15,5,4,0,0,0,-82,6,96,None
0,0,13,-31,20,4,1,-1,-4,0,0,0,-82,6,96,None
0,-9,15,4,-4,-16,-19,-7,-9,0,0,0,-82,6,96,None
0,-4,16,28,-36,8,7,-5,-5,0,0,0,-82,6,96,None
0,9,-11,6,4,52,19,8,11,0,0,0,-82,6,96,None
0,9,-11,6,4,52,19,8,11,0,0,0,-82,6,96,None
0,9,-11,6,4,52,19,8,11,0,0,0,-84,16,93,None
0,4,-5,18,26,9,14,10,10,0,0,0,-84,16,93,None
0,-1,-6,-15,-11,10,5,1,0,0,0,0,-84,16,93,None
0,-6,18,-31,5,-17,-11,-6,-9,0,0,0,-84,16,93,None
0,13,10,69,1,2,13,2,9,0,0,0,-84,16,93,None
0,-6,-10,-30,20,-2,2,2,-2,0,0,0,-84,16,93,None
0,-6,3,17,9,-15,-6,-2,-4,0,0,0,-84,16,93,None
0,-6,3,17,9,-15,-6,-2,-4,0,0,0,-84,16,93,None
0,-6,3,17,9,-15,-6,-2,-4,0,0,0,-82,3,88,None
0,1,-13,-6,6,22,6,-1,3,0,0,0,-82,3,88,None
0,-3,21,-24,10,-11,-8,-7,-8,0,0,0,-82,3,88,None
0,-3,5,-17,33,0,-16,-10,-8,0,0,0,-82,3,88,None
0,-2,-7,18,-2,0,7,3,4,0,0,0,-82,3,88,None
0,-2,-7,18,-2,0,7,3,4,0,0,0,-82,3,88,None
0,-2,-7,18,-2,0,7,3,4,0,0,0,-74,-9,83,None
0,2,-15,-9,-34,2,2,-2,3,0,0,0,-74,-9,83,None
0,3,10,-17,12,31,-4,-3,-3,0,0,0,-74,-9,83,None
0,0,3,12,20,-6,-2,6,3,0,0,0,-74,-9,83,None
0,-2,2,-8,-40,-5,-5,-7,-5,0,0,0,-74,-9,83,None
0,-2,2,-8,-40,-5,-5,-7,-5,0,0,0,-74,-9,83,None
0,-2,2,-8,-40,-5,-5,-7,-5,0,0,0,-71,-21,70,None
0,-1,-11,1,11,16,10,4,2,0,0,0,-71,-21,70,None
0,-2,-10,-37,-14,-37,-7,-1,-2,0,0,0,-71,-21,70,None
0,-6,14,-43,-2,4,0,-7,-8,0,0,0,-71,-21,70,None
0,5,11,-1,-7,-29,-10,-1,-3,0,0,0,-71,-21,70,None
0,5,11,-1,-7,-29,-10,-1,-3,0,0,0,-71,-21,70,None
0,5,11,-1,-7,-29,-10,-1,-3,0,0,0,-66,-38,58,None
0,-2,-14,11,4,21,7,4,4,0,0,0,-66,-38,58,None
0,-1,10,-19,9,-14,-4,-3,-4,0,0,0,-66,-38,58,None
0,1,-2,1,-45,-26,1,-3,-1,0,0,0,-66,-38,58,None
0,-5,7,-28,-3,-10,-10,-2,-5,0,0,0,-66,-38,58,None
0,-5,7,-28,-3,-10,-10,-2,-5,0,0,0,-66,-38,58,None
0,-5,7,-28,-3,-10,-10,-2,-5,0,0,0,-58,-50,56,None
0,-2,-6,-63,15,24,-7,-5,-5,0,0,0,-58,-50,56,None
0,1,-37,44,-30,-15,18,11,8,0,0,0,-58,-50,56,None
0,-1,4,-15,47,0,-11,-3,-4,0,0,0,-58,-50,56,None
0,-5,-8,-20,58,16,-3,-3,-2,0,0,0,-58,-50,56,None
0,-5,-8,-20,58,16,-3,-3,-2,0,0,0,-58,-50,56,None
0,-5,-8,-20,58,16,-3,-3,-2,0,0,0,-39,-60,66,None
0,2,0,21,37,-44,-9,-4,-1,0,0,0,-39,-60,66,None
0,-11,-4,-85,18,-26,-10,-10,-12,0,0,0,-39,-60,66,None
0,1,0,69,44,50,4,3,0,0,0,0,-39,-60,66,None
0,2,-24,64,-111,1,20,9,8,0,0,0,-39,-60,66,None
0,2,-24,64,-111,1,20,9,8,0,0,0,-39,-60,66,None
0,2,-24,64,-111,1,20,9,8,0,0,0,-11,-52,56,None
0,3,22,7,-19,14,3,-9,-7,0,0,0,-11,-52,56,None
0,-5,5,-19,27,-27,-7,6,-1,0,0,0,-11,-52,56,None
0,-2,-4,-35,-16,6,-4,-6,-5,0,0,0,-11,-52,56,None
0,1,-2,8,18,-6,-5,-1,0,0,0,0,-11,-52,56,None
0,1,-2,8,18,-6,-5,-1,0,0,0,0,-11,-52,56,None
0,1,-2,8,18,-6,-5,-1,0,0,0,0,-4,-33,35,None
0,4,-1,35,-7,32,4,4,6,0,0,0,-4,-33,35,None
0,-3,-19,49,-12,9,3,0,1,0,0,0,-4,-33,35,None
0,1,12,1,-63,-10,1,-3,-5,0,0,0,-4,-33,35,None
0,-4,-5,-68,31,-10,9,1,1,0,0,0,-4,-33,35,None
0,-4,-5,-68,31,-10,9,1,1,0,0,0,-4,-33,35,None
0,-4,-5,-68,31,-10,9,1,1,0,0,0,-12,-52,43,None
0,6,-15,46,14,45,17,9,7,0,0,0,-12,-52,43,None
0,1,12,59,-29,-26,-11,-5,-1,0,0,0,-12,-52,43,None
0,2,-5,7,-6,35,10,4,4,0,0,0,-12,-52,43,None
0,5,-24,44,33,-14,6,2,1,0,0,0,-12,-52,43,None
0,5,-24,44,33,-14,6,2,1,0,0,0,-12,-52,43,None
0,5,-24,44,33,-14,6,2,1,0,0,0,-14,-59,47,None
0,-25,5,99,-3,1,-4,4,1,0,0,0,-14,-59,47,None
0,1,1,-35,-14,14,5,-5,-1,0,0,0,-14,-59,47,None
0,-1,4,34,7,-3,-4,-1,-3,0,0,0,-14,-59,47,None
0,3,12,-16,27,-38,-12,-2,1,0,0,0,-14,-59,47,None
0,3,12,-16,27,-38,-12,-2,1,0,0,0,-14,-59,47,None
0,3,12,-16,27,-38,-12,-2,1,0,0,0,-26,-49,50,None
0,4,-8,-48,-19,0,1,-1,-3,0,0,0,-26,-49,50,None
0,0,-2,11,16,18,6,2,1,0,0,0,-26,-49,50,None
0,-7,-8,-36,25,-15,-6,-5,-7,0,0,0,-26,-49,50,None
0,3,9,70,-33,20,2,-2,1,0,0,0,-26,-49,50,None
0,3,9,70,-33,20,2,-2,1,0,0,0,-26,-49,50,None
0,3,9,70,-33,20,2,-2,1,0,0,0,-45,-46,54,None
0,-4,7,-83,-5,-21,-4,-2,-2,0,0,0,-45,-46,54,None
0,0,10,-39,31,-7,-2,-5,-3,0,0,0,-45,-46,54,None
0,0,-8,-15,0,14,0,3,2,0,0,0,-45,-46,54,None
0,-1,1,-12,30,18,3,-2,0,0,0,0,-45,-46,54,None
0,-1,1,-12,30,18,3,-2,0,0,0,0,-45,-46,54,None
0,-1,1,-12,30,18,3,-2,0,0,0,0,-53,-57,60,None
0,1,0,40,-28,-19,-8,1,2,0,0,0,-53,-57,60,None
0,0,11,-41,-2,-10,-7,-4,-4,0,0,0,-53,-57,60,None
0,-1,1,7,-38,5,6,0,2,0,0,0,-53,-57,60,None
0,-5,2,-7,11,17,3,-2,-3,0,0,0,-53,-57,60,None
0,-5,2,-7,11,17,3,-2,-3,0,0,0,-53,-57,60,None
0,-5,2,-7,11,17,3,-2,-3,0,0,0,-57,-71,66,None
0,2,-6,-17,3,-29,-5,0,0,0,0,0,-57,-71,66,None
0,0,1,-29,8,47,8,-2,-2,0,0,0,-57,-71,66,None
0,-2,4,4,18,-19,2,-1,-1,0,0,0,-57,-71,66,None
0,-5,-4,-8,12,21,-13,-6,-2,0,0,0,-57,-71,66,None
0,-5,-4,-8,12,21,-13,-6,-2,0,0,0,-57,-71,66,None
0,-5,-4,-8,12,21,-13,-6,-2,0,0,0,-59,-73,66,None
0,1,2,-36,18,-14,-4,-1,-2,0,0,0,-59,-73,66,None
0,2,-2,54,-19,10,4,1,0,0,0,0,-59,-73,66,None
0,-2,4,20,30,-16,-12,0,0,0,0,0,-59,-73,66,None
0,-4,0,-18,6,8,-6,-3,-5,0,0,0,-59,-73,66,None
0,-4,0,-18,6,8,-6,-3,-5,0,0,0,-59,-73,66,None
0,-4,0,-18,6,8,-6,-3,-5,0,0,0,-59,-65,65,None
0,-1,7,-104,2,-30,-2,-7,-5,0,0,0,-59,-65,65,None
0,-1,-53,24,16,58,14,11,10,0,0,0,-59,-65,65,None
0,-2,1,-40,17,-1,-5,-2,-2,0,0,0,-59,-65,65,None
0,2,4,-37,5,4,5,0,2,0,0,0,-59,-65,65,None
0,2,4,-37,5,4,5,0,2,0,0,0,-59,-65,65,None
0,2,4,-37,5,4,5,0,2,0,0,0,-60,-59,66,None
0,0,-5,16,16,7,11,1,0,0,0,0,-60,-59,66,None
0,-3,15,-14,14,-52,-18,-6,-5,0,0,0,-60,-59,66,None
0,-1,5,-29,4,22,-1,0,1,0,0,0,-60,-59,66,None
0,-2,-10,10,-16,-19,4,-1,-2,0,0,0,-60,-59,66,None
0,-2,-10,10,-16,-19,4,-1,-2,0,0,0,-60,-59,66,None
0,-2,-10,10,-16,-19,4,-1,-2,0,0,0,-58,-61,64,None
0,-1,-4,57,22,2,-7,-4,-3,0,0,0,-58,-61,64,None
0,-4,6,28,9,-1,-3,0,-2,0,0,0,-58,-61,64,None
0,-1,4,-12,6,-15,1,-2,-1,0,0,0,-58,-61,64,None
0,1,10,-4,10,-1,-5,-2,-3,0,0,0,-58,-61,64,None
0,1,10,-4,10,-1,-5,-2,-3,0,0,0,-58,-61,64,None
0,1,10,-4,10,-1,-5,-2,-3,0,0,0,-54,-63,64,None
0,0,-3,10,16,10,0,1,2,0,0,0,-54,-63,64,None
0,0,13,-20,-40,-4,-3,-6,-4,0,0,0,-54,-63,64,None
0,2,-6,9,13,-17,4,2,1,0,0,0,-54,-63,64,None
0,-3,-6,18,-17,13,1,-1,-2,0,0,0,-54,-63,64,None
0,-3,-6,18,-17,13,1,-1,-2,0,0,0,-54,-63,64,None
0,-3,-6,18,-17,13,1,-1,-2,0,0,0,-52,-59,63,None
0,-1,2,9,-3,-5,-5,-4,-4,0,0,0,-52,-59,63,None
0,0,8,-9,10,0,-3,-3,-2,0,0,0,-52,-59,63,None
0,-3,0,-13,7,12,-4,-3,-1,0,0,0,-52,-59,63,None
0,0,2,-20,9,3,-9,-2,-1,0,0,0,-52,-59,63,None
0,0,2,-20,9,3,-9,-2,-1,0,0,0,-52,-59,63,None
0,0,2,-20,9,3,-9,-2,-1,0,0,0,-49,-56,62,None
0,1,0,8,-6,18,3,2,2,0,0,0,-49,-56,62,None
0,-1,7,-1,14,-35,-3,-1,-4,0,0,0,-49,-56,62,None
0,-1,0,3,-7,20,-2,-2,-2,0,0,0,-49,-56,62,None
0,-2,4,-30,-1,3,5,-1,-2,0,0,0,-49,-56,62,None
0,-2,4,-30,-1,3,5,-1,-2,0,0,0,-49,-56,62,None
0,-2,4,-30,-1,3,5,-1,-2,0,0,0,-47,-57,61,None
0,3,4,29,-1,-2,9,1,0,0,0,0,-47,-57,61,None
0,-1,3,-12,27,18,-6,-5,-1,0,0,0,-47,-57,61,None
0,1,1,-3,-6,-13,1,-1,-1,0,0,0,-47,-57,61,None
0,-3,3,-1,-1,-2,1,0,-2,0,0,0,-47,-57,61,None
0,-3,3,-1,-1,-2,1,0,-2,0,0,0,-47,-57,61,None
0,-3,3,-1,-1,-2,1,0,-2,0,0,0,-49,-56,61,None
0,-2,-2,-22,53,1,-11,-1,-1,0,0,0,-49,-56,61,None
0,0,0,-4,9,-6,-5,-3,-2,0,0,0,-49,-56,61,None
0,-1,1,1,-20,13,3,-1,-2,0,0,0,-49,-56,61,None
0,-2,5,13,6,-15,-10,-3,-2,0,0,0,-49,-56,61,None
0,-2,5,13,6,-15,-10,-3,-2,0,0,0,-49,-56,61,None
0,-2,5,13,6,-15,-10,-3,-2,0,0,0,-47,-55,59,None
0,-4,-5,-9,-21,22,-2,-3,-3,0,0,0,-47,-55,59,None
0,0,3,-9,-7,-3,4,-1,-2,0,0,0,-47,-55,59,None
0,-2,4,2,0,-9,-2,-1,-1,0,0,0,-47,-55,59,None
0,1,-1,-8,8,0,-2,-1,0,0,0,0,-47,-55,59,None
0,1,-1,-8,8,0,-2,-1,0,0,0,0,-47,-55,59,None
0,1,-1,-8,8,0,-2,-1,0,0,0,0,-45,-53,58,None
0,0,0,-5,-5,-9,4,1,-1,0,0,0,-45,-53,58,None
0,0,1,-1,-8,8,-4,0,-2,0,0,0,-45,-53,58,None
0,-3,-1,-3,6,0,-5,-2,-2,0,0,0,-45,-53,58,None
0,-4,-3,-7,8,-1,-2,-1,-2,0,0,0,-45,-53,58,None
0,-4,-3,-7,8,-1,-2,-1,-2,0,0,0,-45,-53,58,None
0,-4,-3,-7,8,-1,-2,-1,-2,0,0,0,-43,-52,57,None
0,-1,3,-6,-6,4,0,-1,-3,0,0,0,-43,-52,57,None
0,0,0,-4,11,1,-1,-2,-1,0,0,0,-43,-52,57,None
0,-1,-2,1,0,-10,-1,-1,-2,0,0,0,-43,-52,57,None
0,0,2,-3,-15,4,-4,-2,-3,0,0,0,-43,-52,57,None
0,0,2,-3,-15,4,-4,-2,-3,0,0,0,-43,-52,57,None
0,0,2,-3,-15,4,-4,-2,-3,0,0,0,-37,-45,51,None
0,-1,2,-3,0,-2,12,-1,-4,0,0,0,-37,-45,51,None
0,-3,2,-3,-5,4,-3,0,0,0,0,0,-37,-45,51,None
0,-1,1,1,-13,-6,4,0,0,0,0,0,-37,-45,51,None
0,-2,0,-4,-4,5,2,-1,-2,0,0,0,-37,-45,51,None
0,-2,0,-4,-4,5,2,-1,-2,0,0,0,-37,-45,51,None
0,-2,0,-4,-4,5,2,-1,-2,0,0,0,-30,-36,48,None
0,-4,-5,-9,23,-6,-13,-7,-2,0,0,0,-30,-36,48,None
0,-3,-1,-1,3,-3,-6,-1,-3,0,0,0,-30,-36,48,None
0,0,3,1,-10,1,1,-4,-2,0,0,0,-30,-36,48,None
0,-2,0,-4,17,2,1,7,1,0,0,0,-30,-36,48,None
0,-2,0,-4,17,2,1,7,1,0,0,0,-30,-36,48,None
0,-2,0,-4,17,2,1,7,1,0,0,0,-22,-33,44,None
0,-1,1,-2,-9,-4,-13,-5,-3,0,0,0,-22,-33,44,None
0,-1,4,-1,-14,6,19,1,-1,0,0,0,-22,-33,44,None
0,1,0,1,4,-2,-4,-2,0,0,0,0,-22,-33,44,None
0,-1,-1,-2,6,1,-4,-3,-2,0,0,0,-22,-33,44,None
0,-1,-1,-2,6,1,-4,-3,-2,0,0,0,-22,-33,44,None
0,-1,-1,-2,6,1,-4,-3,-2,0,0,0,-12,-34,40,None
0,0,0,-3,-5,2,5,2,0,0,0,0,-12,-34,40,None
0,-1,-1,-3,12,-3,-4,-4,0,0,0,0,-12,-34,40,None
0,-4,-1,-5,20,-5,-12,-4,-3,0,0,0,-12,-34,40,None
0,-1,-3,-5,5,-2,-3,-5,-3,0,0,0,-12,-34,40,None
0,-1,-3,-5,5,-2,-3,-5,-3,0,0,0,-12,-34,40,None
0,-1,-3,-5,5,-2,-3,-5,-3,0,0,0,-9,-38,31,None
0,0,0,-1,7,5,5,2,0,0,0,0,-9,-38,31,None
0,-3,-2,-5,5,2,-9,0,-2,0,0,0,-9,-38,31,None
0,-1,-3,-2,-7,-6,1,-3,-3,0,0,0,-9,-38,31,None
0,-1,1,0,-2,-2,-2,-1,-2,0,0,0,-9,-38,31,None
0,-1,1,0,-2,-2,-2,-1,-2,0,0,0,-9,-38,31,None
0,-1,1,0,-2,-2,-2,-1,-2,0,0,0,-9,-43,26,None
0,1,4,1,0,2,5,-1,-1,0,0,0,-9,-43,26,None
0,-1,0,-3,-7,-3,-5,-3,-1,0,0,0,-9,-43,26,None
0,-1,3,1,-2,3,6,1,0,0,0,0,-9,-43,26,None
0,0,2,0,0,2,4,-2,0,0,0,0,-9,-43,26,None
0,0,2,0,0,2,4,-2,0,0,0,0,-9,-43,26,None
0,0,2,0,0,2,4,-2,0,0,0,0,-14,-57,33,None
0,-4,-4,-8,-6,-5,-10,-1,-2,0,0,0,-14,-57,33,None
0,-1,-2,-4,3,-2,-5,-1,-2,0,0,0,-14,-57,33,None
0,0,1,-1,9,-2,-4,-3,-3,0,0,0,-14,-57,33,None
0,-2,-2,-5,6,1,0,1,-1,0,0,0,-14,-57,33,None
0,-2,-2,-5,6,1,0,1,-1,0,0,0,-14,-57,33,None
0,-2,-2,-5,6,1,0,1,-1,0,0,0,-17,-63,26,None
0,-1,0,-3,-2,-3,-2,-1,-1,0,0,0,-17,-63,26,None
0,-1,3,-1,10,1,-2,-4,-4,0,0,0,-17,-63,26,None
0,0,2,0,3,6,6,2,1,0,0,0,-17,-63,26,None
0,-3,-4,-3,-13,-3,-6,-2,-3,0,0,0,-17,-63,26,None
0,-3,-4,-3,-13,-3,-6,-2,-3,0,0,0,-17,-63,26,None
0,-3,-4,-3,-13,-3,-6,-2,-3,0,0,0,-18,-61,18,None
0,-3,-1,-3,8,-3,-2,-2,-1,0,0,0,-18,-61,18,None
0,0,0,-2,3,5,5,1,-1,0,0,0,-18,-61,18,None
0,-1,-2,-7,-8,-2,-5,-2,-2,0,0,0,-18,-61,18,None
0,-1,-1,-4,5,0,-2,-1,-3,0,0,0,-18,-61,18,None
0,-1,-1,-4,5,0,-2,-1,-3,0,0,0,-18,-61,18,None
0,-1,-1,-4,5,0,-2,-1,-3,0,0,0,-20,-58,12,None
0,-1,2,2,19,-1,1,-3,-2,0,0,0,-20,-58,12,None
0,-1,0,-4,0,-4,-8,-1,0,0,0,0,-20,-58,12,None
0,-2,-2,-5,-2,-1,-3,-1,-1,0,0,0,-20,-58,12,None
0,0,2,1,13,5,3,-1,0,0,0,0,-20,-58,12,None
0,0,2,1,13,5,3,-1,0,0,0,0,-20,-58,12,None
0,0,2,1,13,5,3,-1,0,0,0,0,-24,-59,14,None
0,1,1,2,-2,0,0,-1,-1,0,0,0,-24,-59,14,None
0,-3,-1,-4,-6,-2,-6,-2,-2,0,0,0,-24,-59,14,None
0,1,2,2,4,5,9,1,-1,0,0,0,-24,-59,14,None
0,0,5,1,-3,1,4,-2,0,0,0,0,-24,-59,14,None
0,0,5,1,-3,1,4,-2,0,0,0,0,-24,-59,14,None
0,0,5,1,-3,1,4,-2,0,0,0,0,-37,-63,17,None
0,-1,-2,-4,-18,0,0,1,-1,0,0,0,-37,-63,17,None
0,-1,0,-1,2,0,3,0,0,0,0,0,-37,-63,17,None
0,0,2,0,8,1,0,-2,-1,0,0,0,-37,-63,17,None
0,-4,0,-5,1,-3,-9,-4,-3,0,0,0,-37,-63,17,None
0,-4,0,-5,1,-3,-9,-4,-3,0,0,0,-37,-63,17,None
0,-4,0,-5,1,-3,-9,-4,-3,0,0,0,-49,-61,10,None
0,-2,-2,-5,1,-4,-10,-1,0,0,0,0,-49,-61,10,None
0,1,3,2,7,7,10,1,1,0,0,0,-49,-61,10,None
0,-2,2,-2,1,-1,-1,-1,-1,0,0,0,-49,-61,10,None
0,0,-1,-1,-14,3,0,-1,-3,0,0,0,-49,-61,10,None
0,0,-1,-1,-14,3,0,-1,-3,0,0,0,-49,-61,10,None
0,0,-1,-1,-14,3,0,-1,-3,0,0,0,-53,-62,14,None
0,1,5,4,-7,3,2,-3,-2,0,0,0,-53,-62,14,None
0,1,3,0,0,1,10,1,1,0,0,0,-53,-62,14,None
0,-2,-2,-4,-10,-2,-5,-1,0,0,0,0,-53,-62,14,None
0,-2,0,-1,5,2,3,1,0,0,0,0,-53,-62,14,None
0,-2,0,-1,5,2,3,1,0,0,0,0,-53,-62,14,None
0,-2,0,-1,5,2,3,1,0,0,0,0,-58,-72,29,None
0,0,2,-3,9,3,1,1,-2,0,0,0,-58,-72,29,None
0,-3,-3,-8,6,-8,-18,-6,-4,0,0,0,-58,-72,29,None
0,-3,-3,-3,4,-4,-10,-4,-3,0,0,0,-58,-72,29,None
0,-1,1,-1,3,1,1,-2,0,0,0,0,-58,-72,29,None
0,-1,1,-1,3,1,1,-2,0,0,0,0,-58,-72,29,None
0,-1,1,-1,3,1,1,-2,0,0,0,0,-69,-79,40,None
0,-2,0,-1,2,-1,-4,-3,-2,0,0,0,-69,-79,40,None
0,-2,-3,-11,-10,-1,1,0,-1,0,0,0,-69,-79,40,None
0,0,2,4,-4,4,5,-2,-1,0,0,0,-69,-79,40,None
0,-2,0,1,0,-1,4,-2,-2,0,0,0,-69,-79,40,None
0,-2,0,1,0,-1,4,-2,-2,0,0,0,-69,-79,40,None
0,-2,0,1,0,-1,4,-2,-2,0,0,0,-75,-79,32,None
0,-2,-3,-3,-6,1,-3,1,-1,0,0,0,-75,-79,32,None
0,0,3,3,-2,2,5,-2,-1,0,0,0,-75,-79,32,None
0,1,4,1,6,-2,-6,-4,-3,0,0,0,-75,-79,32,None
0,2,-1,-8,3,-6,-5,0,1,0,0,0,-75,-79,32,None
0,2,-1,-8,3,-6,-5,0,1,0,0,0,-75,-79,32,None
0,2,-1,-8,3,-6,-5,0,1,0,0,0,-65,-74,37,None
0,-3,2,-3,-2,0,3,0,0,0,0,0,-65,-74,37,None
0,1,5,4,-9,2,9,1,-1,0,0,0,-65,-74,37,None
0,-4,-1,-6,3,1,-7,1,0,0,0,0,-65,-74,37,None
0,-2,0,1,-11,-4,-7,-4,-4,0,0,0,-65,-74,37,None
0,-2,0,1,-11,-4,-7,-4,-4,0,0,0,-65,-74,37,None
0,-2,0,1,-11,-4,-7,-4,-4,0,0,0,-53,-82,47,None
0,0,3,3,-11,1,11,-1,-2,0,0,0,-53,-82,47,None
0,-2,1,1,1,7,-3,-3,0,0,0,0,-53,-82,47,None
0,-1,-2,-7,-5,0,0,-3,-2,0,0,0,-53,-82,47,None
0,-2,2,-1,-1,6,3,-2,0,0,0,0,-53,-82,47,None
0,-2,2,-1,-1,6,3,-2,0,0,0,0,-53,-82,47,None
0,-2,2,-1,-1,6,3,-2,0,0,0,0,-48,-112,40,None
0,-2,-1,-3,15,-4,-5,-2,-2,0,0,0,-48,-112,40,None
0,-5,-7,-8,13,-7,-22,-5,-7,0,0,0,-48,-112,40,None
0,0,-2,-2,-3,-3,-2,-1,-1,0,0,0,-48,-112,40,None
0,-2,2,-2,1,3,1,0,-3,0,0,0,-48,-112,40,None
0,-2,2,-2,1,3,1,0,-3,0,0,0,-48,-112,40,None
0,-2,2,-2,1,3,1,0,-3,0,0,0,-41,-122,29,None
0,-2,-5,-10,3,-5,-11,-3,-1,0,0,0,-41,-122,29,None
0,-2,2,0,-4,-5,-5,-2,-3,0,0,0,-41,-122,29,None
0,1,4,3,-21,4,7,1,1,0,0,0,-41,-122,29,None
0,-3,-4,-5,17,12,-3,-3,-3,0,0,0,-41,-122,29,None
0,-3,-4,-5,17,12,-3,-3,-3,0,0,0,-41,-122,29,None
0,-3,-4,-5,17,12,-3,-3,-3,0,0,0,-20,-137,35,None
0,-2,-5,-7,-13,-7,-9,-3,-2,0,0,0,-20,-137,35,None
0,0,3,3,2,-1,11,0,-2,0,0,0,-20,-137,35,None
0,-5,-6,-13,0,-2,-4,-2,-3,0,0,0,-20,-137,35,None
0,-4,-7,6,40,-12,-8,-1,-3,0,0,0,-20,-137,35,None
0,-4,-7,6,40,-12,-8,-1,-3,0,0,0,-20,-137,35,None
0,-4,-7,6,40,-12,-8,-1,-3,0,0,0,-6,-145,44,None
0,-4,-1,5,0,16,-2,-5,-7,0,0,0,-6,-145,44,None
0,-1,0,4,11,5,-4,-2,1,0,0,0,-6,-145,44,None
0,-1,-2,2,14,-7,-2,-1,-2,0,0,0,-6,-145,44,None
0,2,2,-9,-23,29,6,-4,-1,0,0,0,-6,-145,44,None
0,2,2,-9,-23,29,6,-4,-1,0,0,0,-6,-145,44,None
0,2,2,-9,-23,29,6,-4,-1,0,0,0,-7,-110,36,None
0,3,8,7,-9,-35,15,4,2,0,0,0,-7,-110,36,None
0,-5,-4,-15,58,-9,-6,-3,-5,0,0,0,-7,-110,36,None
0,0,2,7,9,45,22,2,-1,0,0,0,-7,-110,36,None
0,2,10,11,-74,-6,11,0,3,0,0,0,-7,-110,36,None
0,2,10,11,-74,-6,11,0,3,0,0,0,-7,-110,36,None
0,2,10,11,-74,-6,11,0,3,0,0,0,2,-103,24,None
0,2,6,-21,2,12,-1,-1,0,0,0,0,2,-103,24,None
0,-2,-5,-18,84,-86,-8,-1,-3,0,0,0,2,-103,24,None
0,-2,-1,3,26,18,-6,-3,-2,0,0,0,2,-103,24,None
0,1,5,-6,-23,10,3,5,0,0,0,0,2,-103,24,None
0,1,5,-6,-23,10,3,5,0,0,0,0,2,-103,24,None
0,1,5,-6,-23,10,3,5,0,0,0,0,18,-120,26,None
0,-5,-6,16,2,3,-8,1,-3,0,0,0,18,-120,26,None
0,-1,-1,16,-32,-18,0,-2,-1,0,0,0,18,-120,26,None
0,3,5,-6,-11,23,0,-2,0,0,0,0,18,-120,26,None
0,1,2,10,38,12,-4,5,2,0,0,0,18,-120,26,None
0,1,2,10,38,12,-4,5,2,0,0,0,18,-120,26,None
0,1,2,10,38,12,-4,5,2,0,0,0,28,-130,25,None
0,-1,-2,-1,-7,-28,-4,2,-2,0,0,0,28,-130,25,None
0,-2,4,-6,-22,-9,6,-1,-2,0,0,0,28,-130,25,None
0,4,6,28,126,-55,2,-3,3,0,0,0,28,-130,25,None
0,-5,-10,-48,-36,10,-19,-9,-4,0,0,0,28,-130,25,None
0,-5,-10,-48,-36,10,-19,-9,-4,0,0,0,28,-130,25,None
0,-5,-10,-48,-36,10,-19,-9,-4,0,0,0,25,-124,13,None
0,1,4,-8,46,27,6,5,1,0,0,0,25,-124,13,None
0,0,4,17,-5,65,2,-6,-4,0,0,0,25,-124,13,None
0,-6,-7,-32,35,38,-4,0,-2,0,0,0,25,-124,13,None
0,-3,-3,-5,17,-59,-13,-4,-3,0,0,0,25,-124,13,None
0,-3,-3,-5,17,-59,-13,-4,-3,0,0,0,25,-124,13,None
0,-3,-3,-5,17,-59,-13,-4,-3,0,0,0,31,-132,7,None
0,-1,-1,-1,65,86,10,-4,-1,0,0,0,31,-132,7,None
0,1,5,-12,-21,77,1,2,1,0,0,0,31,-132,7,None
0,1,5,-12,-21,77,1,2,1,0,0,0,31,-132,7,None
0,1,5,-12,-21,77,1,2,1,0,0,0,51,-136,4,None
0,-2,0,15,9,-45,-16,-2,-2,0,0,0,51,-136,4,None
0,-6,-8,-22,-57,37,6,-8,-9,0,0,0,51,-136,4,None
0,1,3,11,20,4,-1,-1,1,0,0,0,51,-136,4,None
0,-3,-5,-1,-52,-44,-17,-2,-3,0,0,0,51,-136,4,None
0,-3,-5,-1,-52,-44,-17,-2,-3,0,0,0,51,-136,4,None
0,-3,-5,-1,-52,-44,-17,-2,-3,0,0,0,58,-118,4,None
0,2,5,6,-7,-41,1,3,2,0,0,0,58,-118,4,None
0,-4,-2,2,1,-30,4,-1,-2,0,0,0,58,-118,4,None
0,-4,-5,-4,23,-107,-15,-7,-5,0,0,0,58,-118,4,None
0,-1,1,-5,-39,-9,-3,-1,-2,0,0,0,58,-118,4,None
0,-1,1,-5,-39,-9,-3,-1,-2,0,0,0,58,-118,4,None
0,-1,1,-5,-39,-9,-3,-1,-2,0,0,0,75,-100,0,None
0,1,1,-11,-48,-48,-1,0,0,0,0,0,75,-100,0,None
0,0,4,2,26,-84,-4,0,2,0,0,0,75,-100,0,None
0,-2,0,4,-55,79,9,-2,0,0,0,0,75,-100,0,None
0,0,2,-13,-3,-22,10,0,1,0,0,0,75,-100,0,None
0,0,2,-13,-3,-22,10,0,1,0,0,0,75,-100,0,None
0,0,2,-13,-3,-22,10,0,1,0,0,0,69,-114,1,None
0,-1,2,-1,-40,58,3,0,-3,0,0,0,69,-114,1,None
0,3,27,18,38,39,-1,1,2,0,0,0,69,-114,1,None
0,-2,18,2,-3,-22,-1,-1,-2,0,0,0,69,-114,1,None
0,-3,-33,-2,-7,-7,-4,0,0,0,0,0,69,-114,1,None
0,-3,-33,-2,-7,-7,-4,0,0,0,0,0,69,-114,1,None
0,-3,-33,-2,-7,-7,-4,0,0,0,0,0,74,-105,0,None
0,-3,-7,-2,-4,17,-7,-4,-1,0,0,0,74,-105,0,None
0,-1,-2,0,-3,10,2,1,-2,0,0,0,74,-105,0,None
0,-2,-2,-7,-22,-9,3,-2,-2,0,0,0,74,-105,0,None
0,-2,9,1,2,15,-2,-2,-2,0,0,0,74,-105,0,None
0,-2,9,1,2,15,-2,-2,-2,0,0,0,74,-105,0,None
0,-2,9,1,2,15,-2,-2,-2,0,0,0,71,-95,-7,None
0,-2,3,-10,-20,20,-1,-3,-3,0,0,0,71,-95,-7,None
0,0,-6,9,20,8,4,0,1,0,0,0,71,-95,-7,None
0,0,0,-8,-25,-3,-5,-2,-1,0,0,0,71,-95,-7,None
0,0,2,-1,30,3,-2,-2,-3,0,0,0,71,-95,-7,None
0,0,2,-1,30,3,-2,-2,-3,0,0,0,71,-95,-7,None
0,0,2,-1,30,3,-2,-2,-3,0,0,0,72,-100,2,None
0,-2,-3,-3,-8,-14,-2,-1,-2,0,0,0,72,-100,2,None
0,1,3,-1,9,9,-1,1,0,0,0,0,72,-100,2,None
0,-3,-9,-4,10,3,-6,-3,-1,0,0,0,72,-100,2,None
0,1,11,0,-16,25,4,-1,0,0,0,0,72,-100,2,None
0,1,11,0,-16,25,4,-1,0,0,0,0,72,-100,2,None
0,1,11,0,-16,25,4,-1,0,0,0,0,70,-102,5,None
0,-1,1,-3,-14,-32,0,-1,-1,0,0,0,70,-102,5,None
0,-1,-4,0,3,29,-4,-4,-3,0,0,0,70,-102,5,None
0,-1,-1,-6,-21,-4,0,-1,0,0,0,0,70,-102,5,None
0,-1,3,7,-2,11,5,-2,1,0,0,0,70,-102,5,None
0,-1,3,7,-2,11,5,-2,1,0,0,0,70,-102,5,None
0,-1,3,7,-2,11,5,-2,1,0,0,0,59,-88,7,None
0,0,2,-4,-7,2,-1,1,-1,0,0,0,59,-88,7,None
0,-1,-5,2,21,12,-2,-2,-1,0,0,0,59,-88,7,None
0,-1,-2,-2,-3,-6,-4,-2,-1,0,0,0,59,-88,7,None
0,0,3,-1,-4,-1,-3,-2,-1,0,0,0,59,-88,7,None
0,0,3,-1,-4,-1,-3,-2,-1,0,0,0,59,-88,7,None
0,0,3,-1,-4,-1,-3,-2,-1,0,0,0,61,-79,4,None
0,-3,-1,-5,2,9,-6,-1,-3,0,0,0,61,-79,4,None
0,-3,2,0,2,-5,0,-2,-1,0,0,0,61,-79,4,None
0,1,-2,-2,10,2,3,0,-2,0,0,0,61,-79,4,None
0,0,6,0,14,14,1,-1,-1,0,0,0,61,-79,4,None
0,0,6,0,14,14,1,-1,-1,0,0,0,61,-79,4,None
0,0,6,0,14,14,1,-1,-1,0,0,0,63,-83,2,None
0,-1,-1,-4,-20,10,-2,-2,-2,0,0,0,63,-83,2,None
0,1,-1,2,-7,-4,5,-1,0,0,0,0,63,-83,2,None
0,-2,0,-3,-7,-7,-2,0,-1,0,0,0,63,-83,2,None
0,-3,-1,-1,10,12,-3,1,0,0,0,0,63,-83,2,None
0,-3,-1,-1,10,12,-3,1,0,0,0,0,63,-83,2,None
0,-3,-1,-1,10,12,-3,1,0,0,0,0,61,-87,-1,None
0,-2,1,-3,2,2,-1,-2,-2,0,0,0,61,-87,-1,None
0,1,3,0,0,-2,1,0,-2,0,0,0,61,-87,-1,None
0,-4,-1,-3,4,3,-6,-3,-2,0,0,0,61,-87,-1,None
0,-1,-3,-3,-9,-7,-1,-3,-2,0,0,0,61,-87,-1,None
0,-1,-3,-3,-9,-7,-1,-3,-2,0,0,0,61,-87,-1,None
0,-1,-3,-3,-9,-7,-1,-3,-2,0,0,0,61,-86,-4,None
0,-2,5,0,-2,15,3,0,-1,0,0,0,61,-86,-4,None
0,-1,-1,-6,-5,-14,-1,-3,-1,0,0,0,61,-86,-4,None
0,1,1,-4,-5,5,-1,-1,-2,0,0,0,61,-86,-4,None
0,-1,1,-1,-4,0,2,-1,0,0,0,0,61,-86,-4,None
0,-1,1,-1,-4,0,2,-1,0,0,0,0,61,-86,-4,None
0,-1,1,-1,-4,0,2,-1,0,0,0,0,59,-81,-7,None
0,-1,0,-5,-15,-4,0,0,0,0,0,0,59,-81,-7,None
0,-2,-5,6,2,12,-3,-2,-3,0,0,0,59,-81,-7,None
0,1,15,-1,2,-3,-1,0,-1,0,0,0,59,-81,-7,None
0,-2,-5,-3,-7,6,-2,-1,-2,0,0,0,59,-81,-7,None
0,-2,-5,-3,-7,6,-2,-1,-2,0,0,0,59,-81,-7,None
0,-2,-5,-3,-7,6,-2,-1,-2,0,0,0,58,-79,-10,None
0,-1,-3,-6,16,-1,-5,-2,-3,0,0,0,58,-79,-10,None
0,1,-1,-3,6,-5,-4,-2,-2,0,0,0,58,-79,-10,None
0,-2,0,-6,-14,6,2,-3,-1,0,0,0,58,-79,-10,None
0,-1,5,2,3,-6,1,0,-2,0,0,0,58,-79,-10,None
0,-1,5,2,3,-6,1,0,-2,0,0,0,58,-79,-10,None
0,-1,5,2,3,-6,1,0,-2,0,0,0,57,-80,-10,None
0,0,-1,-5,-9,-1,-1,-4,-3,0,0,0,57,-80,-10,None
0,-1,1,5,-3,-7,1,-1,-2,0,0,0,57,-80,-10,None
0,-2,-5,0,-7,6,0,-2,-1,0,0,0,57,-80,-10,None
0,-1,1,-5,5,6,-2,-3,-1,0,0,0,57,-80,-10,None
0,-1,1,-5,5,6,-2,-3,-1,0,0,0,57,-80,-10,None
0,-1,1,-5,5,6,-2,-3,-1,0,0,0,57,-81,-12,None
0,-1,-4,-3,4,-4,-4,-3,-2,0,0,0,57,-81,-12,None
0,2,2,-2,1,2,-2,-2,0,0,0,0,57,-81,-12,None
0,-10,-4,-3,10,-3,-2,-1,-3,0,0,0,57,-81,-12,None
0,5,1,0,-4,-3,-6,1,-1,0,0,0,57,-81,-12,None
0,5,1,0,-4,-3,-6,1,-1,0,0,0,57,-81,-12,None
0,5,1,0,-4,-3,-6,1,-1,0,0,0,58,-80,-13,None
0,-2,3,0,-8,14,2,-3,-1,0,0,0,58,-80,-13,None
0,-5,0,-3,6,-4,0,-3,-2,0,0,0,58,-80,-13,None
0,1,-2,-1,-2,-5,-1,-3,-1,0,0,0,58,-80,-13,None
0,-2,1,-3,-12,-2,2,0,-1,0,0,0,58,-80,-13,None
0,-2,1,-3,-12,-2,2,0,-1,0,0,0,58,-80,-13,None
0,-2,1,-3,-12,-2,2,0,-1,0,0,0,57,-80,-14,None
0,1,0,0,2,1,-1,-1,-1,0,0,0,57,-80,-14,None
0,-2,-2,-4,-1,2,-3,-1,-1,0,0,0,57,-80,-14,None
0,1,-3,-2,3,-2,-1,-3,0,0,0,0,57,-80,-14,None
0,-2,3,0,2,0,0,-1,-1,0,0,0,57,-80,-14,None
0,-2,3,0,2,0,0,-1,-1,0,0,0,57,-80,-14,None
0,-2,3,0,2,0,0,-1,-1,0,0,0,58,-77,-13,None
0,0,-1,-4,6,-3,-5,-1,-1,0,0,0,58,-77,-13,None
0,-4,-5,-6,1,2,-3,1,-1,0,0,0,58,-77,-13,None
0,6,15,1,-5,1,1,-1,-2,0,0,0,58,-77,-13,None
0,-5,-26,-6,1,-4,-4,-1,-2,0,0,0,58,-77,-13,None
0,-5,-26,-6,1,-4,-4,-1,-2,0,0,0,58,-77,-13,None
0,-5,-26,-6,1,-4,-4,-1,-2,0,0,0,58,-77,-13,None
0,-3,-3,1,-2,30,1,-3,-3,0,0,0,58,-77,-13,None
0,0,1,-1,-4,-2,2,-2,-2,0,0,0,58,-77,-13,None
0,-1,-7,-2,-1,2,-1,-1,-1,0,0,0,58,-77,-13,None
0,0,6,-2,4,-6,-2,-2,-1,0,0,0,58,-77,-13,None
0,0,6,-2,4,-6,-2,-2,-1,0,0,0,58,-77,-13,None
0,0,6,-2,4,-6,-2,-2,-1,0,0,0,59,-78,-12,None
0,1,1,-1,0,-9,0,-1,-1,0,0,0,59,-78,-12,None
0,-3,-2,-2,-1,6,-2,-2,0,0,0,0,59,-78,-12,None
0,-1,-1,-4,2,-1,-5,-1,-1,0,0,0,59,-78,-12,None
0,0,4,-3,4,0,-4,-2,-2,0,0,0,59,-78,-12,None
0,0,4,-3,4,0,-4,-2,-2,0,0,0,59,-78,-12,None
0,0,4,-3,4,0,-4,-2,-2,0,0,0,60,-79,-12,None
0,-1,1,0,-4,-5,-1,-1,1,0,0,0,60,-79,-12,None
0,0,4,-2,1,5,0,-1,-1,0,0,0,60,-79,-12,None
0,-2,-2,-3,-1,-3,-4,-3,-2,0,0,0,60,-79,-12,None
0,-1,4,1,-8,6,1,-2,-2,0,0,0,60,-79,-12,None
0,-1,4,1,-8,6,1,-2,-2,0,0,0,60,-79,-12,None
0,-1,4,1,-8,6,1,-2,-2,0,0,0,60,-78,-11,None
0,-5,1,1,0,0,1,3,0,0,0,0,60,-78,-11,None
0,0,-2,-6,-2,-4,-6,-2,-2,0,0,0,60,-78,-11,None
0,-4,-5,1,-8,-1,2,-2,-4,0,0,0,60,-78,-11,None
0,-1,2,-1,-6,1,1,0,0,0,0,0,60,-78,-11,None
0,-1,2,-1,-6,1,1,0,0,0,0,0,60,-78,-11,None
0,-1,2,-1,-6,1,1,0,0,0,0,0,59,-79,-10,None
0,-2,0,-6,6,-6,-6,-3,-3,0,0,0,59,-79,-10,None
0,-1,1,-3,5,-7,-4,-1,-1,0,0,0,59,-79,-10,None
0,0,1,-2,-1,1,0,-1,1,0,0,0,59,-79,-10,None
0,-1,3,-2,2,5,-2,-2,-2,0,0,0,59,-79,-10,None
0,-1,3,-2,2,5,-2,-2,-2,0,0,0,59,-79,-10,None
0,-1,3,-2,2,5,-2,-2,-2,0,0,0,60,-80,-9,None
0,0,-1,-1,-1,-11,-1,0,-1,0,0,0,60,-80,-9,None
0,-3,1,-1,-7,4,3,0,-2,0,0,0,60,-80,-9,None
0,1,2,-3,-3,3,1,-2,-2,0,0,0,60,-80,-9,None
0,-2,1,-1,4,1,-2,-1,-1,0,0,0,60,-80,-9,None
0,-2,1,-1,4,1,-2,-1,-1,0,0,0,60,-80,-9,None
0,-2,1,-1,4,1,-2,-1,-1,0,0,0,59,-80,-9,None
0,0,0,0,-5,-1,0,-1,1,0,0,0,59,-80,-9,None
0,-2,1,-1,-1,3,0,-2,0,0,0,0,59,-80,-9,None
0,-3,-5,-4,4,2,-4,-1,-1,0,0,0,59,-80,-9,None
0,1,6,-3,5,0,-1,0,-1,0,0,0,59,-80,-9,None
0,1,6,-3,5,0,-1,0,-1,0,0,0,59,-80,-9,None
0,1,6,-3,5,0,-1,0,-1,0,0,0,59,-80,-9,None
0,-1,3,1,-9,-4,0,-2,1,0,0,0,59,-80,-9,None
0,-3,-3,-4,6,6,-2,-3,-4,0,0,0,59,-80,-9,None
0,-1,-1,-1,2,0,-2,0,-1,0,0,0,59,-80,-9,None
0,-1,-1,-1,-10,-4,1,-2,0,0,0,0,59,-80,-9,None
0,-1,-1,-1,-10,-4,1,-2,0,0,0,0,59,-80,-9,None
0,-1,-1,-1,-10,-4,1,-2,0,0,0,0,59,-81,-9,None
0,2,1,0,-6,1,3,-1,-2,0,0,0,59,-81,-9,None
0,-1,0,-2,3,1,-2,-1,-1,0,0,0,59,-81,-9,None
0,-2,0,-1,-4,2,-1,-2,-2,0,0,0,59,-81,-9,None
0,0,-1,-1,1,3,-1,-2,-2,0,0,0,59,-81,-9,None
0,0,-1,-1,1,3,-1,-2,-2,0,0,0,59,-81,-9,None
0,0,-1,-1,1,3,-1,-2,-2,0,0,0,59,-81,-10,None
0,-2,-1,-4,8,6,-5,-3,-3,0,0,0,59,-81,-10,None
0,0,0,-3,1,-4,-2,-2,0,0,0,0,59,-81,-10,None
0,-3,1,-1,-4,2,0,-1,-4,0,0,0,59,-81,-10,None
0,-4,-4,-5,7,-6,-6,-2,-1,0,0,0,59,-81,-10,None
0,-4,-4,-5,7,-6,-6,-2,-1,0,0,0,59,-81,-10,None
0,-4,-4,-5,7,-6,-6,-2,-1,0,0,0,58,-81,-10,None
0,4,5,-2,4,11,-3,-2,-1,0,0,0,58,-81,-10,None
0,-1,1,1,-3,1,2,0,-1,0,0,0,58,-81,-10,None
0,0,3,1,-4,-3,1,0,-1,0,0,0,58,-81,-10,None
0,-2,2,-1,-3,-2,0,-2,-1,0,0,0,58,-81,-10,None
0,-2,2,-1,-3,-2,0,-2,-1,0,0,0,58,-81,-10,None
0,-2,2,-1,-3,-2,0,-2,-1,0,0,0,58,-80,-10,None
0,-1,-2,-2,-6,-3,1,-1,-2,0,0,0,58,-80,-10,None
0,-1,0,-2,-2,1,-3,-1,-2,0,0,0,58,-80,-10,None
0,0,0,-5,6,-3,-5,-2,0,0,0,0,58,-80,-10,None
0,-3,0,-3,4,0,-3,1,0,0,0,0,58,-80,-10,None
0,-3,0,-3,4,0,-3,1,0,0,0,0,58,-80,-10,None
0,-3,0,-3,4,0,-3,1,0,0,0,0,58,-80,-10,None
0,-2,1,-2,-4,-7,1,0,-1,0,0,0,58,-80,-10,None
0,1,-1,-3,0,10,-2,-2,-2,0,0,0,58,-80,-10,None
0,-1,2,0,-1,-8,-1,-2,-1,0,0,0,58,-80,-10,None
0,-4,-5,0,-2,14,3,-2,-2,0,0,0,58,-80,-10,None
0,-4,-5,0,-2,14,3,-2,-2,0,0,0,58,-80,-10,None
0,-4,-5,0,-2,14,3,-2,-2,0,0,0,59,-80,-11,None
0,-1,3,-1,-9,-11,3,-1,0,0,0,0,59,-80,-11,None
0,-2,1,-1,-3,2,-3,-1,-1,0,0,0,59,-80,-11,None
0,-1,-4,0,-1,2,0,-2,1,0,0,0,59,-80,-11,None
0,0,3,-1,-4,-2,0,-1,-1,0,0,0,59,-80,-11,None
0,0,3,-1,-4,-2,0,-1,-1,0,0,0,59,-80,-11,None
0,0,3,-1,-4,-2,0,-1,-1,0,0,0,59,-80,-11,None
0,-1,-2,-5,5,-1,-5,-1,-3,0,0,0,59,-80,-11,None
0,-3,-6,-2,2,-4,-1,-1,-2,0,0,0,59,-80,-11,None
0,-3,8,-4,-2,4,2,0,1,0,0,0,59,-80,-11,None
0,-1,9,-2,2,-6,-3,-3,-2,0,0,0,59,-80,-11,None
0,-1,9,-2,2,-6,-3,-3,-2,0,0,0,59,-80,-11,None
0,-1,9,-2,2,-6,-3,-3,-2,0,0,0,58,-79,-11,None
0,1,-6,0,17,0,-1,-2,-2,0,0,0,58,-79,-11,None
0,0,-4,0,-21,-3,3,-1,-1,0,0,0,58,-79,-11,None
0,0,-2,-1,-5,4,0,0,-1,0,0,0,58,-79,-11,None
0,0,-3,-3,2,-2,-3,-3,-1,0,0,0,58,-79,-11,None
0,0,-3,-3,2,-2,-3,-3,-1,0,0,0,58,-79,-11,None
0,0,-3,-3,2,-2,-3,-3,-1,0,0,0,59,-79,-11,None
0,-3,5,1,-5,-1,1,-1,-2,0,0,0,59,-79,-11,None
0,-4,4,-1,2,-2,-1,-2,-1,0,0,0,59,-79,-11,None
0,6,-4,-5,8,-4,-4,-1,-2,0,0,0,59,-79,-11,None
0,-4,13,-2,-4,-4,-5,-1,-3,0,0,0,59,-79,-11,None
0,-4,13,-2,-4,-4,-5,-1,-3,0,0,0,59,-79,-11,None
0,-4,13,-2,-4,-4,-5,-1,-3,0,0,0,59,-79,-11,None
0,-5,11,0,-9,13,3,-3,-3,0,0,0,59,-79,-11,None
0,3,1,-4,-1,7,-5,-1,-1,0,0,0,59,-79,-11,None
0,-3,-9,-3,-4,-4,-3,-2,-3,0,0,0,59,-79,-11,None
0,2,5,2,6,0,2,0,-1,0,0,0,59,-79,-11,None
0,2,5,2,6,0,2,0,-1,0,0,0,59,-79,-11,None
0,2,5,2,6,0,2,0,-1,0,0,0,58,-81,-11,None
0,-1,-3,-1,0,0,0,-1,-1,0,0,0,58,-81,-11,None
0,-2,-3,-3,-6,-5,-1,-1,-2,0,0,0,58,-81,-11,None
0,0,14,2,1,8,2,-2,-1,0,0,0,58,-81,-11,None
0,1,-3,-1,-4,3,0,-1,-2,0,0,0,58,-81,-11,None
0,1,-3,-1,-4,3,0,-1,-2,0,0,0,58,-81,-11,None
0,1,-3,-1,-4,3,0,-1,-2,0,0,0,59,-80,-10,None
0,-4,-6,-4,0,-3,-4,-2,-1,0,0,0,59,-80,-10,None
0,0,1,-2,6,-1,-2,-1,-2,0,0,0,59,-80,-10,None
0,-2,-1,-1,-6,-2,0,-1,-1,0,0,0,59,-80,-10,None
0,-2,-3,-3,5,0,-1,0,-3,0,0,0,59,-80,-10,None
0,-2,-3,-3,5,0,-1,0,-3,0,0,0,59,-80,-10,None
0,-2,-3,-3,5,0,-1,0,-3,0,0,0,58,-78,-11,None
0,-2,-9,-4,-6,-1,-3,-2,-3,0,0,0,58,-78,-11,None
0,1,6,0,1,-3,1,0,-1,0,0,0,58,-78,-11,None
0,0,0,-2,-5,3,-1,-1,0,0,0,0,58,-78,-11,None
0,-1,-6,-4,-4,0,-4,-4,-2,0,0,0,58,-78,-11,None
0,-1,-6,-4,-4,0,-4,-4,-2,0,0,0,58,-78,-11,None
0,-1,-6,-4,-4,0,-4,-4,-2,0,0,0,59,-80,-11,None
0,1,7,1,5,4,4,-1,1,0,0,0,59,-80,-11,None
0,-2,1,0,-2,-6,1,-1,-1,0,0,0,59,-80,-11,None
0,-2,0,-3,3,-1,-4,0,-3,0,0,0,59,-80,-11,None
0,-2,-2,-2,2,-1,-2,-2,0,0,0,0,59,-80,-11,None
0,-2,-2,-2,2,-1,-2,-2,0,0,0,0,59,-80,-11,None
0,-2,-2,-2,2,-1,-2,-2,0,0,0,0,60,-81,-11,None
0,-1,-1,-3,-3,8,-4,-1,-3,0,0,0,60,-81,-11,None
0,-1,-3,-4,11,-1,-5,-2,-1,0,0,0,60,-81,-11,None
0,-1,-1,-1,11,-1,-1,0,-1,0,0,0,60,-81,-11,None
0,0,-5,-7,-20,0,0,0,-2,0,0,0,60,-81,-11,None
0,0,-5,-7,-20,0,0,0,-2,0,0,0,60,-81,-11,None
0,0,-5,-7,-20,0,0,0,-2,0,0,0,59,-80,-11,None
0,-1,-1,1,10,5,-1,-1,-2,0,0,0,59,-80,-11,None
0,-3,-2,-4,-12,10,-1,-2,-1,0,0,0,59,-80,-11,None
0,-2,2,1,-14,-2,2,-2,-1,0,0,0,59,-80,-11,None
0,1,3,2,6,10,3,-1,0,0,0,0,59,-80,-11,None
0,1,3,2,6,10,3,-1,0,0,0,0,59,-80,-11,None
0,1,3,2,6,10,3,-1,0,0,0,0,58,-80,-10,None
0,-2,-2,-4,6,-9,-5,-2,-1,0,0,0,58,-80,-10,None
0,0,2,-2,3,1,0,-2,-3,0,0,0,58,-80,-10,None
0,0,-2,-3,-2,-1,0,-2,0,0,0,0,58,-80,-10,None
0,-5,1,-6,12,-2,-6,-1,-1,0,0,0,58,-80,-10,None
0,-5,1,-6,12,-2,-6,-1,-1,0,0,0,58,-80,-10,None
0,-5,1,-6,12,-2,-6,-1,-1,0,0,0,59,-80,-10,None
0,-1,-3,-5,-9,-4,-4,-2,-1,0,0,0,59,-80,-10,None
0,-2,2,2,0,0,2,0,-2,0,0,0,59,-80,-10,None
0,-2,-1,0,2,-6,0,-4,-2,0,0,0,59,-80,-10,None
0,-3,-6,-2,1,4,0,0,-2,0,0,0,59,-80,-10,None
0,-3,-6,-2,1,4,0,0,-2,0,0,0,59,-80,-10,None
0,-3,-6,-2,1,4,0,0,-2,0,0,0,59,-80,-11,None
0,0,7,0,-3,4,2,-1,-1,0,0,0,59,-80,-11,None
0,-2,0,-2,-18,-4,3,-2,-3,0,0,0,59,-80,-11,None
0,-4,-2,-3,15,0,0,-3,-3,0,0,0,59,-80,-11,None
0,1,-1,-2,-5,-4,-1,-2,-1,0,0,0,59,-80,-11,None
0,1,-1,-2,-5,-4,-1,-2,-1,0,0,0,59,-80,-11,None
0,1,-1,-2,-5,-4,-1,-2,-1,0,0,0,59,-80,-11,None
0,0,0,0,-2,-3,0,0,-1,0,0,0,59,-80,-11,None
0,-1,1,-3,13,-2,-5,-1,-1,0,0,0,59,-80,-11,None
0,-2,0,-5,-2,-1,-5,-2,0,0,0,0,59,-80,-11,None
0,-2,3,0,-4,0,1,-2,-2,0,0,0,59,-80,-11,None
0,-2,3,0,-4,0,1,-2,-2,0,0,0,59,-80,-11,None
0,-2,3,0,-4,0,1,-2,-2,0,0,0,59,-79,-10,None
0,-1,0,-4,-3,-1,-2,-1,-1,0,0,0,59,-79,-10,None
0,-1,1,-1,2,-5,-3,-1,1,0,0,0,59,-79,-10,None
0,-2,-1,1,-6,15,3,-2,-2,0,0,0,59,-79,-10,None
0,-1,1,0,-7,-1,2,-1,-1,0,0,0,59,-79,-10,None
0,-1,1,0,-7,-1,2,-1,-1,0,0,0,59,-79,-10,None
0,-1,1,0,-7,-1,2,-1,-1,0,0,0,59,-79,-11,None
0,-1,1,-3,-3,7,-3,-2,0,0,0,0,59,-79,-11,None
0,0,0,-1,1,3,0,-1,0,0,0,0,59,-79,-11,None
0,-4,2,-2,1,-2,-1,0,0,0,0,0,59,-79,-11,None
0,1,-4,-2,7,6,-4,-1,0,0,0,0,59,-79,-11,None
0,1,-4,-2,7,6,-4,-1,0,0,0,0,59,-79,-11,None
0,1,-4,-2,7,6,-4,-1,0,0,0,0,59,-80,-11,None
0,-4,0,-1,-2,-6,-1,-2,-3,0,0,0,59,-80,-11,None
0,-1,0,-1,5,4,1,-2,-1,0,0,0,59,-80,-11,None
0,-1,0,-4,-23,-3,-3,1,0,0,0,0,59,-80,-11,None
0,-2,0,0,2,-6,-3,-1,-3,0,0,0,59,-80,-11,None
0,-2,0,0,2,-6,-3,-1,-3,0,0,0,59,-80,-11,None
0,-2,0,0,2,-6,-3,-1,-3,0,0,0,59,-80,-11,None
0,0,-1,-1,-8,10,1,-3,-2,0,0,0,59,-80,-11,None
0,-1,1,-1,-1,-3,2,-2,-2,0,0,0,59,-80,-11,None
0,-3,-1,-3,5,3,-2,-1,-4,0,0,0,59,-80,-11,None
0,1,2,0,-4,-6,0,-2,-2,0,0,0,59,-80,-11,None
0,1,2,0,-4,-6,0,-2,-2,0,0,0,59,-80,-11,None
0,1,2,0,-4,-6,0,-2,-2,0,0,0,59,-79,-11,None
0,0,0,-1,-4,-3,-2,-1,-1,0,0,0,59,-79,-11,None
0,-1,-2,-3,7,0,-3,-3,-2,0,0,0,59,-79,-11,None
0,0,0,-4,2,-4,-3,-3,-3,0,0,0,59,-79,-11,None
0,0,3,0,-6,4,1,0,0,0,0,0,59,-79,-11,None
0,0,3,0,-6,4,1,0,0,0,0,0,59,-79,-11,None
0,0,3,0,-6,4,1,0,0,0,0,0,59,-79,-11,None
0,-3,-2,-2,2,0,-2,-2,-1,0,0,0,59,-79,-11,None
