0,-1,-2,-3,3,22,-29,-51,-4,0,0,0,88,-118,12,None
0,-2,1,-2,-13,-38,51,22,-1,0,0,0,88,-118,12,None
0,2,4,0,-4,-9,-14,-3,4,0,0,0,88,-118,12,None
0,2,4,0,-4,-9,-14,-3,4,0,0,0,88,-118,12,None
0,2,4,0,-4,-9,-14,-3,4,0,0,0,85,-127,12,None
0,0,0,-5,22,24,11,12,2,0,0,0,85,-127,12,None
0,-3,-2,-4,1,-8,11,29,-2,0,0,0,85,-127,12,None
0,-4,-3,-5,-8,10,-98,-57,-7,0,0,0,85,-127,12,None
0,-2,-2,5,-9,-2,81,19,-4,0,0,0,85,-127,12,None
0,-2,-2,5,-9,-2,81,19,-4,0,0,0,85,-127,12,None
0,-2,-2,5,-9,-2,81,19,-4,0,0,0,76,-130,14,None
0,0,-2,4,-5,-21,-10,8,3,0,0,0,76,-130,14,None
0,-2,2,-4,-23,-15,-2,-25,-5,0,0,0,76,-130,14,None
0,1,-1,-18,3,30,30,36,6,0,0,0,76,-130,14,None
0,-3,-2,1,18,-2,-20,-26,-4,0,0,0,76,-130,14,None
0,-3,-2,1,18,-2,-20,-26,-4,0,0,0,76,-130,14,None
0,-3,-2,1,18,-2,-20,-26,-4,0,0,0,65,-143,21,None
0,-4,-1,5,-12,-1,-26,-1,-8,0,0,0,65,-143,21,None
0,2,0,-19,-8,3,60,9,5,0,0,0,65,-143,21,None
0,-5,-3,1,12,-42,-62,-18,-7,0,0,0,65,-143,21,None
0,0,1,4,6,35,12,-4,-2,0,0,0,65,-143,21,None
0,0,1,4,6,35,12,-4,-2,0,0,0,65,-143,21,None
0,0,1,4,6,35,12,-4,-2,0,0,0,53,-152,27,None
0,-1,-2,-6,5,5,-3,-7,-4,0,0,0,53,-152,27,None
0,0,2,8,15,8,-38,-2,1,0,0,0,53,-152,27,None
0,2,1,2,-3,-8,69,20,4,0,0,0,53,-152,27,None
0,-2,-2,0,4,-4,-14,-6,0,0,0,0,53,-152,27,None
0,-2,-2,0,4,-4,-14,-6,0,0,0,0,53,-152,27,None
0,-2,-2,0,4,-4,-14,-6,0,0,0,0,39,-159,27,None
0,-2,-1,-4,14,-16,-5,1,-3,0,0,0,39,-159,27,None
0,-1,-2,-4,18,-8,-15,-12,-4,0,0,0,39,-159,27,None
0,-2,-2,2,-6,37,5,18,1,0,0,0,39,-159,27,None
0,1,3,4,5,-4,-4,-17,-2,0,0,0,39,-159,27,None
0,1,3,4,5,-4,-4,-17,-2,0,0,0,39,-159,27,None
0,1,3,4,5,-4,-4,-17,-2,0,0,0,27,-156,25,None
0,-2,-2,-5,7,-20,3,2,0,0,0,0,27,-156,25,None
0,-2,-3,-4,-3,12,7,9,-2,0,0,0,27,-156,25,None
0,-4,0,0,-17,1,-15,-25,-6,0,0,0,27,-156,25,None
0,1,2,4,49,20,-16,6,1,0,0,0,27,-156,25,None
0,1,2,4,49,20,-16,6,1,0,0,0,27,-156,25,None
0,1,2,4,49,20,-16,6,1,0,0,0,28,-149,22,None
0,1,-1,-12,-38,-4,11,9,1,0,0,0,28,-149,22,None
0,0,0,-4,-21,-6,-1,-1,-1,0,0,0,28,-149,22,None
0,-2,2,-4,10,-13,-3,-4,-1,0,0,0,28,-149,22,None
0,-1,-4,-4,9,2,-10,-8,-2,0,0,0,28,-149,22,None
0,-1,-4,-4,9,2,-10,-8,-2,0,0,0,28,-149,22,None
0,-1,-4,-4,9,2,-10,-8,-2,0,0,0,25,-141,23,None
0,0,3,2,9,10,-6,1,-2,0,0,0,25,-141,23,None
0,-1,1,2,12,-3,15,5,0,0,0,0,25,-141,23,None
0,-1,-3,-1,5,13,-1,-1,-2,0,0,0,25,-141,23,None
0,-2,-1,-8,-15,-2,-6,-1,0,0,0,0,25,-141,23,None
0,-2,-1,-8,-15,-2,-6,-1,0,0,0,0,25,-141,23,None
0,-2,-1,-8,-15,-2,-6,-1,0,0,0,0,19,-134,22,None
0,1,5,8,-13,19,3,-1,0,0,0,0,19,-134,22,None
0,-2,0,-2,-6,-25,-4,-3,-3,0,0,0,19,-134,22,None
0,-1,2,1,-2,-2,-5,1,-3,0,0,0,19,-134,22,None
0,0,2,0,-24,2,-1,-4,1,0,0,0,19,-134,22,None
0,0,2,0,-24,2,-1,-4,1,0,0,0,19,-134,22,None
0,0,2,0,-24,2,-1,-4,1,0,0,0,16,-128,22,None
0,-2,0,2,-11,-9,5,0,-1,0,0,0,16,-128,22,None
0,-2,1,0,12,30,0,-3,0,0,0,0,16,-128,22,None
0,0,1,-1,-16,-7,-2,4,-2,0,0,0,16,-128,22,None
0,-2,4,6,0,6,-5,-6,-2,0,0,0,16,-128,22,None
0,-2,4,6,0,6,-5,-6,-2,0,0,0,16,-128,22,None
0,-2,4,6,0,6,-5,-6,-2,0,0,0,10,-116,17,None
0,1,1,-10,-30,-24,0,3,3,0,0,0,10,-116,17,None
0,2,7,16,28,14,14,3,1,0,0,0,10,-116,17,None
0,-4,1,-2,-15,3,-5,-6,-5,0,0,0,10,-116,17,None
0,-2,1,-5,12,-1,1,-7,-3,0,0,0,10,-116,17,None
0,-2,1,-5,12,-1,1,-7,-3,0,0,0,10,-116,17,None
0,-2,1,-5,12,-1,1,-7,-3,0,0,0,4,-109,13,None
0,-2,2,2,4,-4,-10,-3,-2,0,0,0,4,-109,13,None
0,0,2,0,-27,1,10,5,2,0,0,0,4,-109,13,None
0,-1,3,3,13,8,3,3,0,0,0,0,4,-109,13,None
0,0,0,-7,4,-2,-7,-5,-2,0,0,0,4,-109,13,None
0,0,0,-7,4,-2,-7,-5,-2,0,0,0,4,-109,13,None
0,0,0,-7,4,-2,-7,-5,-2,0,0,0,3,-97,9,None
0,-2,0,1,7,5,4,0,1,0,0,0,3,-97,9,None
0,-1,2,-4,-20,-12,-5,-7,-14,0,0,0,3,-97,9,None
0,0,-1,-5,3,1,5,6,3,0,0,0,3,-97,9,None
0,-4,-2,-3,-8,-5,-6,1,4,0,0,0,3,-97,9,None
0,-4,-2,-3,-8,-5,-6,1,4,0,0,0,3,-97,9,None
0,-4,-2,-3,-8,-5,-6,1,4,0,0,0,-4,-87,10,None
0,2,5,3,-14,0,0,0,1,0,0,0,-4,-87,10,None
0,-5,-5,-8,-18,-57,-6,-6,-4,0,0,0,-4,-87,10,None
0,-3,0,0,-3,52,-5,0,2,0,0,0,-4,-87,10,None
0,0,1,2,0,19,16,2,-1,0,0,0,-4,-87,10,None
0,0,1,2,0,19,16,2,-1,0,0,0,-4,-87,10,None
0,0,1,2,0,19,16,2,-1,0,0,0,-7,-77,7,None
0,-1,0,-4,43,23,2,2,0,0,0,0,-7,-77,7,None
0,-2,-3,-9,-44,-25,-17,-8,-1,0,0,0,-7,-77,7,None
0,-3,1,-1,3,-28,-6,-9,-9,0,0,0,-7,-77,7,None
0,-2,0,1,-4,6,-6,-7,-3,0,0,0,-7,-77,7,None
0,-2,0,1,-4,6,-6,-7,-3,0,0,0,-7,-77,7,None
0,-2,0,1,-4,6,-6,-7,-3,0,0,0,-11,-71,11,None
0,-2,-3,-3,19,3,-7,-2,-1,0,0,0,-11,-71,11,None
0,-1,-2,-9,1,26,3,1,-1,0,0,0,-11,-71,11,None
0,4,3,10,17,42,1,-2,2,0,0,0,-11,-71,11,None
0,-2,-4,-3,-2,-86,-13,-1,-5,0,0,0,-11,-71,11,None
0,-2,-4,-3,-2,-86,-13,-1,-5,0,0,0,-11,-71,11,None
0,-2,-4,-3,-2,-86,-13,-1,-5,0,0,0,-14,-64,7,None
0,-1,7,-6,-5,37,0,-1,4,0,0,0,-14,-64,7,None
0,0,-4,-4,34,-43,-3,0,-1,0,0,0,-14,-64,7,None
0,-1,0,-10,-16,-30,1,1,0,0,0,0,-14,-64,7,None
0,0,4,7,25,10,4,-2,-5,0,0,0,-14,-64,7,None
0,0,4,7,25,10,4,-2,-5,0,0,0,-14,-64,7,None
0,0,4,7,25,10,4,-2,-5,0,0,0,-16,-50,12,None
0,-1,-3,-4,5,76,1,-4,-13,0,0,0,-16,-50,12,None
0,-2,-4,-4,0,9,9,10,10,0,0,0,-16,-50,12,None
0,-5,-3,-5,2,-66,-6,-6,2,0,0,0,-16,-50,12,None
0,0,-3,-3,9,21,3,-4,5,0,0,0,-16,-50,12,None
0,0,-3,-3,9,21,3,-4,5,0,0,0,-16,-50,12,None
0,0,-3,-3,9,21,3,-4,5,0,0,0,-20,-40,15,None
0,-2,-3,-2,4,-29,-4,-2,-20,0,0,0,-20,-40,15,None
0,-3,6,5,3,40,1,-2,3,0,0,0,-20,-40,15,None
0,-5,-7,-14,-29,-28,2,-5,-17,0,0,0,-20,-40,15,None
0,-3,-7,3,-8,43,-3,-1,24,0,0,0,-20,-40,15,None
0,-3,-7,3,-8,43,-3,-1,24,0,0,0,-20,-40,15,None
0,-3,-7,3,-8,43,-3,-1,24,0,0,0,-26,-31,22,None
0,-3,6,-3,5,-45,-9,-11,-2,0,0,0,-26,-31,22,None
0,-4,2,11,18,-10,-7,-6,-6,0,0,0,-26,-31,22,None
0,-3,8,1,26,9,5,15,-19,0,0,0,-26,-31,22,None
0,-1,15,-1,-12,47,1,5,5,0,0,0,-26,-31,22,None
0,-1,15,-1,-12,47,1,5,5,0,0,0,-26,-31,22,None
0,-1,15,-1,-12,47,1,5,5,0,0,0,-28,-22,24,None
0,6,-16,-20,6,-32,-5,2,18,0,0,0,-28,-22,24,None
0,1,-2,0,-9,37,9,2,-7,0,0,0,-28,-22,24,None
0,0,1,3,10,85,3,-2,16,0,0,0,-28,-22,24,None
0,-6,4,-3,-22,-33,-17,-18,-27,0,0,0,-28,-22,24,None
0,-6,4,-3,-22,-33,-17,-18,-27,0,0,0,-28,-22,24,None
0,-6,4,-3,-22,-33,-17,-18,-27,0,0,0,-32,-15,31,None
0,1,21,18,15,-36,3,10,11,0,0,0,-32,-15,31,None
0,-2,-8,-7,-15,-19,-5,-4,2,0,0,0,-32,-15,31,None
0,1,-4,-6,-50,39,-8,-9,-10,0,0,0,-32,-15,31,None
0,2,-2,-2,7,19,15,12,4,0,0,0,-32,-15,31,None
0,2,-2,-2,7,19,15,12,4,0,0,0,-32,-15,31,None
0,2,-2,-2,7,19,15,12,4,0,0,0,-35,-6,34,None
0,-5,3,-5,-52,-44,-6,-5,-1,0,0,0,-35,-6,34,None
0,1,1,-10,27,-18,-6,-2,-2,0,0,0,-35,-6,34,None
0,-1,-1,10,32,-29,-2,-1,0,0,0,0,-35,-6,34,None
0,1,3,-3,-17,-25,-1,-5,4,0,0,0,-35,-6,34,None
0,1,3,-3,-17,-25,-1,-5,4,0,0,0,-35,-6,34,None
0,1,3,-3,-17,-25,-1,-5,4,0,0,0,-41,0,44,None
0,-1,-5,0,6,-37,3,1,1,0,0,0,-41,0,44,None
0,-3,5,4,3,55,6,-2,-42,0,0,0,-41,0,44,None
0,0,1,-10,-31,-14,-6,2,6,0,0,0,-41,0,44,None
0,0,1,-1,5,-10,-11,-1,-2,0,0,0,-41,0,44,None
0,0,1,-1,5,-10,-11,-1,-2,0,0,0,-41,0,44,None
0,0,1,-1,5,-10,-11,-1,-2,0,0,0,-45,2,51,None
0,-2,-6,-3,20,28,7,3,-2,0,0,0,-45,2,51,None
0,2,10,-1,-36,0,-3,-5,11,0,0,0,-45,2,51,None
0,1,-15,-1,35,-19,0,-3,6,0,0,0,-45,2,51,None
0,-8,-11,-12,-2,4,-5,-9,-19,0,0,0,-45,2,51,None
0,-8,-11,-12,-2,4,-5,-9,-19,0,0,0,-45,2,51,None
0,-8,-11,-12,-2,4,-5,-9,-19,0,0,0,-49,3,54,None
0,1,1,8,7,27,-4,1,11,0,0,0,-49,3,54,None
0,2,0,-3,11,52,6,8,8,0,0,0,-49,3,54,None
0,-2,3,-6,5,-18,-3,-1,-1,0,0,0,-49,3,54,None
0,-4,-2,-5,4,-42,-1,-4,-5,0,0,0,-49,3,54,None
0,-4,-2,-5,4,-42,-1,-4,-5,0,0,0,-49,3,54,None
0,-4,-2,-5,4,-42,-1,-4,-5,0,0,0,-53,1,59,None
0,-4,-1,5,-6,47,-8,-11,-7,0,0,0,-53,1,59,None
0,-4,-1,-7,-12,-13,-2,-2,5,0,0,0,-53,1,59,None
0,2,2,-2,-21,68,7,0,-1,0,0,0,-53,1,59,None
0,3,2,-1,-14,2,-4,-2,-1,0,0,0,-53,1,59,None
0,3,2,-1,-14,2,-4,-2,-1,0,0,0,-53,1,59,None
0,3,2,-1,-14,2,-4,-2,-1,0,0,0,-57,-2,64,None
0,-2,4,-4,-18,-1,7,3,-6,0,0,0,-57,-2,64,None
0,-3,-4,-1,26,-24,-5,-3,-1,0,0,0,-57,-2,64,None
0,-2,1,0,-3,60,-2,-7,-5,0,0,0,-57,-2,64,None
0,1,-1,-1,2,16,-2,1,-2,0,0,0,-57,-2,64,None
0,1,-1,-1,2,16,-2,1,-2,0,0,0,-57,-2,64,None
0,1,-1,-1,2,16,-2,1,-2,0,0,0,-56,2,67,None
0,-2,-6,-14,10,-29,2,2,1,0,0,0,-56,2,67,None
0,-1,4,5,-22,103,7,-1,5,0,0,0,-56,2,67,None
0,-4,-7,-8,1,-86,-9,-2,-1,0,0,0,-56,2,67,None
0,-2,3,2,-22,25,-9,-9,-9,0,0,0,-56,2,67,None
0,-2,3,2,-22,25,-9,-9,-9,0,0,0,-56,2,67,None
0,-2,3,2,-22,25,-9,-9,-9,0,0,0,-58,5,67,None
0,-2,-4,-8,22,30,-6,-3,-6,0,0,0,-58,5,67,None
0,-1,1,2,-7,-54,-4,0,3,0,0,0,-58,5,67,None
0,-4,8,7,31,-34,-2,-7,-5,0,0,0,-58,5,67,None
0,0,-10,-8,-18,-6,2,3,1,0,0,0,-58,5,67,None
0,0,-10,-8,-18,-6,2,3,1,0,0,0,-58,5,67,None
0,0,-10,-8,-18,-6,2,3,1,0,0,0,-62,0,68,None
0,-5,6,5,-5,8,-5,-6,-8,0,0,0,-62,0,68,None
0,0,-3,-8,9,-31,-3,-1,2,0,0,0,-62,0,68,None
0,-1,4,-1,16,-4,6,3,-1,0,0,0,-62,0,68,None
0,-3,17,1,51,19,-12,-5,-5,0,0,0,-62,0,68,None
0,-3,17,1,51,19,-12,-5,-5,0,0,0,-62,0,68,None
0,-3,17,1,51,19,-12,-5,-5,0,0,0,-62,-5,72,None
0,-9,-18,-3,-51,21,5,1,-1,0,0,0,-62,-5,72,None
0,-3,-3,7,-2,2,-5,-5,-2,0,0,0,-62,-5,72,None
0,7,5,0,-1,-26,0,-2,0,0,0,0,-62,-5,72,None
0,3,-3,-11,0,3,3,4,1,0,0,0,-62,-5,72,None
0,3,-3,-11,0,3,3,4,1,0,0,0,-62,-5,72,None
0,3,-3,-11,0,3,3,4,1,0,0,0,-66,-2,78,None
0,1,-12,-14,-4,13,1,1,0,0,0,0,-66,-2,78,None
0,-2,3,-2,-12,-53,-4,-2,-6,0,0,0,-66,-2,78,None
0,-3,4,-12,3,24,-4,-1,-2,0,0,0,-66,-2,78,None
0,1,-16,-2,5,-20,10,5,8,0,0,0,-66,-2,78,None
0,1,-16,-2,5,-20,10,5,8,0,0,0,-66,-2,78,None
0,1,-16,-2,5,-20,10,5,8,0,0,0,-69,0,84,None
0,4,6,24,23,28,-4,0,1,0,0,0,-69,0,84,None
0,-1,-5,-6,0,-13,2,-3,0,0,0,0,-69,0,84,None
0,4,16,7,3,-3,2,-1,-2,0,0,0,-69,0,84,None
0,-1,7,5,-20,-1,7,4,1,0,0,0,-69,0,84,None
0,-1,7,5,-20,-1,7,4,1,0,0,0,-69,0,84,None
0,-1,7,5,-20,-1,7,4,1,0,0,0,-73,3,88,None
0,1,-13,-9,7,8,3,0,1,0,0,0,-73,3,88,None
0,1,25,2,22,24,-5,-5,-3,0,0,0,-73,3,88,None
0,-3,-16,-16,-22,14,5,1,0,0,0,0,-73,3,88,None
0,3,-21,-6,13,-6,0,1,2,0,0,0,-73,3,88,None
0,3,-21,-6,13,-6,0,1,2,0,0,0,-73,3,88,None
0,3,-21,-6,13,-6,0,1,2,0,0,0,-78,9,96,None
0,5,24,15,12,3,5,3,1,0,0,0,-78,9,96,None
0,-2,-54,-21,-3,12,7,10,9,0,0,0,-78,9,96,None
0,-5,25,38,-5,-1,-3,-5,-6,0,0,0,-78,9,96,None
0,14,-25,-8,25,22,20,14,17,0,0,0,-78,9,96,None
0,14,-25,-8,25,22,20,14,17,0,0,0,-78,9,96,None
0,14,-25,-8,25,22,20,14,17,0,0,0,-83,11,100,None
0,-3,0,-5,9,-9,0,-3,-5,0,0,0,-83,11,100,None
0,-1,22,8,-25,-31,-9,-4,-5,0,0,0,-83,11,100,None
0,6,-15,-33,35,7,4,2,4,0,0,0,-83,11,100,None
0,-1,16,-54,-32,-6,-12,-11,-9,0,0,0,-83,11,100,None
0,-1,16,-54,-32,-6,-12,-11,-9,0,0,0,-83,11,100,None
0,-1,16,-54,-32,-6,-12,-11,-9,0,0,0,-86,14,98,None
0,-10,-11,-39,-11,-17,-2,0,-5,0,0,0,-86,14,98,None
0,6,-28,1,4,12,9,6,10,0,0,0,-86,14,98,None
0,-7,0,-5,-13,3,-11,-6,-6,0,0,0,-86,14,98,None
0,-7,9,12,-21,-11,-3,-4,-6,0,0,0,-86,14,98,None
0,-7,9,12,-21,-11,-3,-4,-6,0,0,0,-86,14,98,None
0,-7,9,12,-21,-11,-3,-4,-6,0,0,0,-88,16,94,None
0,2,16,-9,-10,-18,-16,-12,-9,0,0,0,-88,16,94,None
0,-5,34,-35,37,-23,-17,-5,-7,0,0,0,-88,16,94,None
0,2,-19,42,-4,55,14,9,11,0,0,0,-88,16,94,None
0,-12,7,-15,-7,-31,-10,-9,-12,0,0,0,-88,16,94,None
0,-12,7,-15,-7,-31,-10,-9,-12,0,0,0,-88,16,94,None
0,-12,7,-15,-7,-31,-10,-9,-12,0,0,0,-87,8,85,None
0,8,-4,30,-34,-6,11,6,6,0,0,0,-87,8,85,None
0,-2,-6,2,25,26,0,-4,-3,0,0,0,-87,8,85,None
0,-4,8,-13,-41,-33,-3,0,-1,0,0,0,-87,8,85,None
0,-3,-19,2,3,13,-1,0,0,0,0,0,-87,8,85,None
0,-3,-19,2,3,13,-1,0,0,0,0,0,-87,8,85,None
0,-3,-19,2,3,13,-1,0,0,0,0,0,-81,-1,79,None
0,-6,3,-28,11,3,-11,-7,-6,0,0,0,-81,-1,79,None
0,-6,11,-60,-25,-16,-13,-16,-13,0,0,0,-81,-1,79,None
0,1,-40,-74,-17,16,11,12,8,0,0,0,-81,-1,79,None
0,-3,-20,62,21,7,12,6,5,0,0,0,-81,-1,79,None
0,-3,-20,62,21,7,12,6,5,0,0,0,-81,-1,79,None
0,-3,-20,62,21,7,12,6,5,0,0,0,-73,-14,74,None
0,-3,-9,-2,24,12,0,-4,-2,0,0,0,-73,-14,74,None
0,1,-4,10,-3,-6,-1,-2,-1,0,0,0,-73,-14,74,None
0,-5,15,-8,52,-44,-17,-10,-9,0,0,0,-73,-14,74,None
0,-3,14,-21,-5,1,-9,-6,-6,0,0,0,-73,-14,74,None
0,-3,14,-21,-5,1,-9,-6,-6,0,0,0,-73,-14,74,None
0,-3,14,-21,-5,1,-9,-6,-6,0,0,0,-65,-27,69,None
0,5,-8,21,-12,-10,5,5,4,0,0,0,-65,-27,69,None
0,-1,13,19,40,32,-1,-1,-2,0,0,0,-65,-27,69,None
0,-6,3,-35,6,-25,-12,-10,-9,0,0,0,-65,-27,69,None
0,-4,3,-42,-18,-16,-3,-5,-5,0,0,0,-65,-27,69,None
0,-4,3,-42,-18,-16,-3,-5,-5,0,0,0,-65,-27,69,None
0,-4,3,-42,-18,-16,-3,-5,-5,0,0,0,-60,-34,58,None
0,3,-24,85,-39,30,15,11,9,0,0,0,-60,-34,58,None
0,-4,24,7,8,-13,-13,-9,-8,0,0,0,-60,-34,58,None
0,-2,7,-10,-22,-23,-8,-5,-3,0,0,0,-60,-34,58,None
0,1,4,4,-6,13,0,-4,-3,0,0,0,-60,-34,58,None
0,1,4,4,-6,13,0,-4,-3,0,0,0,-60,-34,58,None
0,1,4,4,-6,13,0,-4,-3,0,0,0,-51,-43,51,None
0,-9,19,-89,52,-8,-16,-11,-11,0,0,0,-51,-43,51,None
0,1,-10,14,-39,-1,8,6,4,0,0,0,-51,-43,51,None
0,3,-5,37,4,31,13,3,3,0,0,0,-51,-43,51,None
0,-3,18,-4,-32,-25,-15,-8,-6,0,0,0,-51,-43,51,None
0,-3,18,-4,-32,-25,-15,-8,-6,0,0,0,-51,-43,51,None
0,-3,18,-4,-32,-25,-15,-8,-6,0,0,0,-35,-53,55,None
0,-9,16,-88,23,-11,-18,-14,-14,0,0,0,-35,-53,55,None
0,4,13,10,-8,-7,10,5,3,0,0,0,-35,-53,55,None
0,-4,-14,8,44,6,4,4,0,0,0,0,-35,-53,55,None
0,-3,-14,81,7,23,-10,0,0,0,0,0,-35,-53,55,None
0,-3,-14,81,7,23,-10,0,0,0,0,0,-35,-53,55,None
0,-3,-14,81,7,23,-10,0,0,0,0,0,-26,-57,57,None
0,0,2,-7,21,25,-4,-1,-3,0,0,0,-26,-57,57,None
0,-4,-13,-64,50,3,8,1,0,0,0,0,-26,-57,57,None
0,6,6,64,13,15,0,-1,2,0,0,0,-26,-57,57,None
0,0,30,-78,90,-20,-13,-8,-6,0,0,0,-26,-57,57,None
0,0,30,-78,90,-20,-13,-8,-6,0,0,0,-26,-57,57,None
0,0,30,-78,90,-20,-13,-8,-6,0,0,0,-20,-39,44,None
0,2,-20,-42,-11,-7,15,9,5,0,0,0,-20,-39,44,None
0,2,-9,81,-21,8,-16,-4,1,0,0,0,-20,-39,44,None
0,-2,19,-52,-110,6,-7,-7,-6,0,0,0,-20,-39,44,None
0,-3,6,18,-90,-2,4,0,-1,0,0,0,-20,-39,44,None
0,-3,6,18,-90,-2,4,0,-1,0,0,0,-20,-39,44,None
0,-3,6,18,-90,-2,4,0,-1,0,0,0,-7,-29,36,None
0,4,13,39,-38,-42,0,-1,3,0,0,0,-7,-29,36,None
0,0,22,-40,61,-53,-6,-9,-9,0,0,0,-7,-29,36,None
0,2,-22,66,-47,58,15,10,8,0,0,0,-7,-29,36,None
0,4,-14,42,-8,15,14,9,7,0,0,0,-7,-29,36,None
0,4,-14,42,-8,15,14,9,7,0,0,0,-7,-29,36,None
0,4,-14,42,-8,15,14,9,7,0,0,0,1,-52,46,None
0,2,2,70,1,6,1,3,5,0,0,0,1,-52,46,None
0,-1,-2,21,-27,13,7,1,0,0,0,0,1,-52,46,None
0,1,20,19,4,-30,-11,-7,-5,0,0,0,1,-52,46,None
0,-4,3,-60,54,-15,-6,-4,-4,0,0,0,1,-52,46,None
0,-4,3,-60,54,-15,-6,-4,-4,0,0,0,1,-52,46,None
0,-4,3,-60,54,-15,-6,-4,-4,0,0,0,-6,-51,55,None
0,-2,13,-45,33,-3,-7,-5,-5,0,0,0,-6,-51,55,None
0,-1,-5,-50,-59,12,1,0,-3,0,0,0,-6,-51,55,None
0,-27,-26,46,-6,10,8,1,2,0,0,0,-6,-51,55,None
0,2,1,-16,38,12,-5,-5,-11,0,0,0,-6,-51,55,None
0,2,1,-16,38,12,-5,-5,-11,0,0,0,-6,-51,55,None
0,2,1,-16,38,12,-5,-5,-11,0,0,0,-27,-52,62,None
0,-4,1,-24,-18,-20,0,0,-2,0,0,0,-27,-52,62,None
0,-3,-2,42,-8,9,-3,-1,0,0,0,0,-27,-52,62,None
0,7,22,-26,49,-15,-7,-2,-2,0,0,0,-27,-52,62,None
0,5,-4,57,-62,-3,9,3,6,0,0,0,-27,-52,62,None
0,5,-4,57,-62,-3,9,3,6,0,0,0,-27,-52,62,None
0,5,-4,57,-62,-3,9,3,6,0,0,0,-43,-63,65,None
0,-4,-8,-15,-21,20,6,0,3,0,0,0,-43,-63,65,None
0,-1,-2,-48,36,7,0,0,-6,0,0,0,-43,-63,65,None
0,2,26,21,-4,-6,-7,-8,-13,0,0,0,-43,-63,65,None
0,-1,2,3,19,8,-4,-5,6,0,0,0,-43,-63,65,None
0,-1,2,3,19,8,-4,-5,6,0,0,0,-43,-63,65,None
0,-1,2,3,19,8,-4,-5,6,0,0,0,-50,-77,67,None
0,2,5,0,-5,-6,-6,-6,-4,0,0,0,-50,-77,67,None
0,0,-7,25,12,-1,0,3,5,0,0,0,-50,-77,67,None
0,-1,0,-37,3,2,-3,-4,-2,0,0,0,-50,-77,67,None
0,-6,1,-29,29,-32,-6,-5,-7,0,0,0,-50,-77,67,None
0,-6,1,-29,29,-32,-6,-5,-7,0,0,0,-50,-77,67,None
0,-6,1,-29,29,-32,-6,-5,-7,0,0,0,-52,-82,67,None
0,-1,-1,67,17,10,-1,-1,-2,0,0,0,-52,-82,67,None
0,-1,-16,34,-12,4,8,3,2,0,0,0,-52,-82,67,None
0,0,-2,12,13,-5,2,0,1,0,0,0,-52,-82,67,None
0,-1,-5,-1,21,13,5,0,-1,0,0,0,-52,-82,67,None
0,-1,-5,-1,21,13,5,0,-1,0,0,0,-52,-82,67,None
0,-1,-5,-1,21,13,5,0,-1,0,0,0,-53,-81,65,None
0,-2,-4,-7,14,5,0,-2,1,0,0,0,-53,-81,65,None
0,-3,0,12,-17,1,-8,0,-1,0,0,0,-53,-81,65,None
0,2,-2,-22,11,-5,-2,1,1,0,0,0,-53,-81,65,None
0,-1,12,-26,5,-2,-16,-7,-3,0,0,0,-53,-81,65,None
0,-1,12,-26,5,-2,-16,-7,-3,0,0,0,-53,-81,65,None
0,-1,12,-26,5,-2,-16,-7,-3,0,0,0,-54,-74,65,None
0,-2,3,9,-2,-1,2,-3,-4,0,0,0,-54,-74,65,None
0,-1,2,-25,7,5,3,-2,0,0,0,0,-54,-74,65,None
0,0,-4,-64,22,-3,-4,-4,-1,0,0,0,-54,-74,65,None
0,-2,8,-17,-11,9,-3,-2,-2,0,0,0,-54,-74,65,None
0,-2,8,-17,-11,9,-3,-2,-2,0,0,0,-54,-74,65,None
0,-2,8,-17,-11,9,-3,-2,-2,0,0,0,-51,-69,61,None
0,-3,-3,-5,-5,-15,4,1,-2,0,0,0,-51,-69,61,None
0,0,3,-4,-1,9,-4,-2,-1,0,0,0,-51,-69,61,None
0,-3,-3,-39,0,-2,-3,-4,-2,0,0,0,-51,-69,61,None
0,-2,-2,5,8,5,7,0,-3,0,0,0,-51,-69,61,None
0,-2,-2,5,8,5,7,0,-3,0,0,0,-51,-69,61,None
0,-2,-2,5,8,5,7,0,-3,0,0,0,-47,-67,57,None
0,0,3,-3,13,-2,-6,-1,-1,0,0,0,-47,-67,57,None
0,-1,-3,8,11,7,1,0,1,0,0,0,-47,-67,57,None
0,0,2,-1,-9,-2,1,1,0,0,0,0,-47,-67,57,None
0,-3,-3,-7,-3,-6,-2,0,-2,0,0,0,-47,-67,57,None
0,-3,-3,-7,-3,-6,-2,0,-2,0,0,0,-47,-67,57,None
0,-3,-3,-7,-3,-6,-2,0,-2,0,0,0,-41,-59,52,None
0,-1,0,3,12,12,0,-2,-2,0,0,0,-41,-59,52,None
0,-1,4,-23,-6,3,0,-2,-2,0,0,0,-41,-59,52,None
0,-2,-1,3,12,9,2,-1,-1,0,0,0,-41,-59,52,None
0,-2,-3,0,-13,-13,-3,-2,-1,0,0,0,-41,-59,52,None
0,-2,-3,0,-13,-13,-3,-2,-1,0,0,0,-41,-59,52,None
0,-2,-3,0,-13,-13,-3,-2,-1,0,0,0,-36,-47,49,None
0,-3,-2,-19,-3,10,-3,-2,-5,0,0,0,-36,-47,49,None
0,0,2,0,-13,-8,5,2,0,0,0,0,-36,-47,49,None
0,0,2,1,27,-4,-1,1,-2,0,0,0,-36,-47,49,None
0,0,-3,2,6,14,-5,0,0,0,0,0,-36,-47,49,None
0,0,-3,2,6,14,-5,0,0,0,0,0,-36,-47,49,None
0,0,-3,2,6,14,-5,0,0,0,0,0,-30,-42,47,None
0,-2,1,0,-10,5,-1,-3,-3,0,0,0,-30,-42,47,None
0,0,-1,-3,6,10,1,-2,-1,0,0,0,-30,-42,47,None
0,-1,-2,0,9,-2,-6,-4,-2,0,0,0,-30,-42,47,None
0,-2,2,-10,-11,-13,-1,0,-1,0,0,0,-30,-42,47,None
0,-2,2,-10,-11,-13,-1,0,-1,0,0,0,-30,-42,47,None
0,-2,2,-10,-11,-13,-1,0,-1,0,0,0,-26,-41,44,None
0,0,1,-1,-3,-5,0,-3,-2,0,0,0,-26,-41,44,None
0,-1,0,-4,1,3,1,-2,-1,0,0,0,-26,-41,44,None
0,-1,2,-8,-14,3,2,0,1,0,0,0,-26,-41,44,None
0,-1,2,3,-12,-10,-5,-1,-3,0,0,0,-26,-41,44,None
0,-1,2,3,-12,-10,-5,-1,-3,0,0,0,-26,-41,44,None
0,-1,2,3,-12,-10,-5,-1,-3,0,0,0,-20,-40,38,None
0,-1,-1,-3,49,16,7,-1,-1,0,0,0,-20,-40,38,None
0,-3,-4,-2,4,-5,-2,1,-1,0,0,0,-20,-40,38,None
0,-1,1,0,7,5,-1,-4,-2,0,0,0,-20,-40,38,None
0,-2,-2,-7,16,5,-1,-2,-1,0,0,0,-20,-40,38,None
0,-2,-2,-7,16,5,-1,-2,-1,0,0,0,-20,-40,38,None
0,-2,-2,-7,16,5,-1,-2,-1,0,0,0,-15,-37,31,None
0,1,3,0,9,-11,1,2,1,0,0,0,-15,-37,31,None
0,-2,2,-5,-2,8,0,-1,-2,0,0,0,-15,-37,31,None
0,-2,1,0,6,-10,-4,-1,-3,0,0,0,-15,-37,31,None
0,-1,-1,1,27,6,0,-2,0,0,0,0,-15,-37,31,None
0,-1,-1,1,27,6,0,-2,0,0,0,0,-15,-37,31,None
0,-1,-1,1,27,6,0,-2,0,0,0,0,-13,-40,33,None
0,-1,-1,-7,-18,2,-4,-2,-2,0,0,0,-13,-40,33,None
0,0,1,0,6,8,3,1,0,0,0,0,-13,-40,33,None
0,-1,0,-4,5,-6,-6,-2,-3,0,0,0,-13,-40,33,None
0,-1,-3,0,5,4,0,-4,-2,0,0,0,-13,-40,33,None
0,-1,-3,0,5,4,0,-4,-2,0,0,0,-13,-40,33,None
0,-1,-3,0,5,4,0,-4,-2,0,0,0,-12,-48,29,None
0,-1,0,-3,-8,-2,-1,-1,-2,0,0,0,-12,-48,29,None
0,0,0,0,17,-1,1,-1,-1,0,0,0,-12,-48,29,None
0,-2,-1,-2,9,2,-2,-1,-3,0,0,0,-12,-48,29,None
0,-1,-1,-5,5,8,0,0,-1,0,0,0,-12,-48,29,None
0,-1,-1,-5,5,8,0,0,-1,0,0,0,-12,-48,29,None
0,-1,-1,-5,5,8,0,0,-1,0,0,0,-13,-50,23,None
0,-2,1,-2,-1,-3,-4,-2,-2,0,0,0,-13,-50,23,None
0,-2,-1,-1,-6,0,0,0,0,0,0,0,-13,-50,23,None
0,-1,0,-4,9,-6,0,-2,-2,0,0,0,-13,-50,23,None
0,0,3,1,0,2,-1,-2,1,0,0,0,-13,-50,23,None
0,0,3,1,0,2,-1,-2,1,0,0,0,-13,-50,23,None
0,0,3,1,0,2,-1,-2,1,0,0,0,-13,-54,15,None
0,1,2,-1,-22,-5,-5,-1,1,0,0,0,-13,-54,15,None
0,-1,-2,-7,1,-3,-10,-5,-3,0,0,0,-13,-54,15,None
0,-1,1,2,6,13,7,0,0,0,0,0,-13,-54,15,None
0,0,0,-1,-7,-10,2,0,0,0,0,0,-13,-54,15,None
0,0,0,-1,-7,-10,2,0,0,0,0,0,-13,-54,15,None
0,0,0,-1,-7,-10,2,0,0,0,0,0,-15,-65,24,None
0,-2,-1,-2,-14,5,-7,-1,-1,0,0,0,-15,-65,24,None
0,1,3,-1,16,6,-2,-2,-1,0,0,0,-15,-65,24,None
0,-1,0,-2,-4,-12,1,1,0,0,0,0,-15,-65,24,None
0,-2,0,-2,-12,-4,0,0,-3,0,0,0,-15,-65,24,None
0,-2,0,-2,-12,-4,0,0,-3,0,0,0,-15,-65,24,None
0,-2,0,-2,-12,-4,0,0,-3,0,0,0,-25,-74,27,None
0,-1,1,2,8,0,-2,-4,-1,0,0,0,-25,-74,27,None
0,-1,-1,-1,4,-2,5,2,-1,0,0,0,-25,-74,27,None
0,-1,-2,-4,-25,1,-7,-3,-3,0,0,0,-25,-74,27,None
0,-2,1,-2,1,10,-3,0,-2,0,0,0,-25,-74,27,None
0,-2,1,-2,1,10,-3,0,-2,0,0,0,-25,-74,27,None
0,-2,1,-2,1,10,-3,0,-2,0,0,0,-31,-73,14,None
0,0,1,-3,16,-5,8,3,0,0,0,0,-31,-73,14,None
0,-2,0,-4,-13,-5,-1,-4,-3,0,0,0,-31,-73,14,None
0,-1,1,-1,2,-3,-10,-4,-1,0,0,0,-31,-73,14,None
0,-1,1,-2,19,8,1,-2,-2,0,0,0,-31,-73,14,None
0,-1,1,-2,19,8,1,-2,-2,0,0,0,-31,-73,14,None
0,-1,1,-2,19,8,1,-2,-2,0,0,0,-29,-61,9,None
0,0,-1,-1,4,1,2,0,-1,0,0,0,-29,-61,9,None
0,-1,0,-2,-21,-5,-9,-7,-3,0,0,0,-29,-61,9,None
0,-2,0,-2,-23,2,9,3,1,0,0,0,-29,-61,9,None
0,0,2,1,6,0,5,0,-2,0,0,0,-29,-61,9,None
0,0,2,1,6,0,5,0,-2,0,0,0,-29,-61,9,None
0,0,2,1,6,0,5,0,-2,0,0,0,-35,-71,35,None
0,0,1,-2,-19,-7,1,1,1,0,0,0,-35,-71,35,None
0,-2,-2,0,4,8,-4,-4,-3,0,0,0,-35,-71,35,None
0,-1,2,1,6,3,0,-2,-1,0,0,0,-35,-71,35,None
0,-2,1,-2,4,11,9,6,1,0,0,0,-35,-71,35,None
0,-2,1,-2,4,11,9,6,1,0,0,0,-35,-71,35,None
0,-2,1,-2,4,11,9,6,1,0,0,0,-44,-87,33,None
0,-1,-3,-4,15,-7,-6,-3,-1,0,0,0,-44,-87,33,None
0,-1,0,-3,-2,-24,-7,2,-1,0,0,0,-44,-87,33,None
0,-1,2,0,13,23,-8,-5,-1,0,0,0,-44,-87,33,None
0,-1,0,-5,-37,9,-3,-2,-2,0,0,0,-44,-87,33,None
0,-1,0,-5,-37,9,-3,-2,-2,0,0,0,-44,-87,33,None
0,-1,0,-5,-37,9,-3,-2,-2,0,0,0,-51,-83,24,None
0,-2,1,1,8,2,6,-2,-2,0,0,0,-51,-83,24,None
0,0,1,-2,-6,0,4,-1,-2,0,0,0,-51,-83,24,None
0,-2,-1,-3,-23,-17,-10,-3,-4,0,0,0,-51,-83,24,None
0,-2,-2,-3,-2,3,-8,-2,-1,0,0,0,-51,-83,24,None
0,-2,-2,-3,-2,3,-8,-2,-1,0,0,0,-51,-83,24,None
0,-2,-2,-3,-2,3,-8,-2,-1,0,0,0,-46,-71,16,None
0,-2,2,0,2,5,2,-4,-3,0,0,0,-46,-71,16,None
0,-1,-1,-4,6,4,-1,-3,1,0,0,0,-46,-71,16,None
0,0,1,1,-10,-23,3,2,1,0,0,0,-46,-71,16,None
0,-2,0,-5,0,24,-4,-4,-1,0,0,0,-46,-71,16,None
0,-2,0,-5,0,24,-4,-4,-1,0,0,0,-46,-71,16,None
0,-2,0,-5,0,24,-4,-4,-1,0,0,0,-31,-75,32,None
0,-2,0,-7,-10,-5,-6,1,0,0,0,0,-31,-75,32,None
0,-3,1,2,24,21,-6,-1,-1,0,0,0,-31,-75,32,None
0,-1,2,0,-33,-8,-1,-3,-4,0,0,0,-31,-75,32,None
0,0,2,-1,4,-14,7,3,0,0,0,0,-31,-75,32,None
0,0,2,-1,4,-14,7,3,0,0,0,0,-31,-75,32,None
0,0,2,-1,4,-14,7,3,0,0,0,0,-38,-96,44,None
0,-2,0,-4,-14,-3,-2,-4,-1,0,0,0,-38,-96,44,None
0,-2,2,3,-19,6,0,-2,-1,0,0,0,-38,-96,44,None
0,-1,1,-2,19,2,0,-1,1,0,0,0,-38,-96,44,None
0,-3,-2,-2,-3,-10,-8,-6,-5,0,0,0,-38,-96,44,None
0,-3,-2,-2,-3,-10,-8,-6,-5,0,0,0,-38,-96,44,None
0,-3,-2,-2,-3,-10,-8,-6,-5,0,0,0,-39,-105,33,None
0,-1,1,-3,-6,-20,-6,-2,-1,0,0,0,-39,-105,33,None
0,-4,-2,-4,-1,37,2,-2,-4,0,0,0,-39,-105,33,None
0,-1,-2,-3,22,1,-5,-1,-1,0,0,0,-39,-105,33,None
0,-2,-2,-4,-21,-17,1,-1,-3,0,0,0,-39,-105,33,None
0,-2,-2,-4,-21,-17,1,-1,-3,0,0,0,-39,-105,33,None
0,-2,-2,-4,-21,-17,1,-1,-3,0,0,0,-22,-98,27,None
0,-2,1,1,-26,-10,-1,1,-2,0,0,0,-22,-98,27,None
0,-1,1,-6,37,-25,-11,-5,-2,0,0,0,-22,-98,27,None
0,-1,0,-10,-50,32,16,3,1,0,0,0,-22,-98,27,None
0,-4,-4,-1,12,-4,-6,-4,-2,0,0,0,-22,-98,27,None
0,-4,-4,-1,12,-4,-6,-4,-2,0,0,0,-22,-98,27,None
0,-4,-4,-1,12,-4,-6,-4,-2,0,0,0,-7,-117,42,None
0,-1,-1,4,54,8,-1,-3,-1,0,0,0,-7,-117,42,None
0,-2,-3,-13,-25,-21,-25,-9,-4,0,0,0,-7,-117,42,None
0,-2,-1,0,14,6,-2,-4,-5,0,0,0,-7,-117,42,None
0,0,2,6,27,-2,1,-1,0,0,0,0,-7,-117,42,None
0,0,2,6,27,-2,1,-1,0,0,0,0,-7,-117,42,None
0,0,2,6,27,-2,1,-1,0,0,0,0,-11,-138,38,None
0,-4,-6,-11,27,7,-11,-1,-1,0,0,0,-11,-138,38,None
0,-1,0,4,51,13,13,0,-1,0,0,0,-11,-138,38,None
0,0,3,6,0,5,2,1,1,0,0,0,-11,-138,38,None
0,-2,0,1,17,-23,-5,-3,-3,0,0,0,-11,-138,38,None
0,-2,0,1,17,-23,-5,-3,-3,0,0,0,-11,-138,38,None
0,-2,0,1,17,-23,-5,-3,-3,0,0,0,-4,-143,33,None
0,-1,1,-16,35,52,-3,-5,-2,0,0,0,-4,-143,33,None
0,0,0,27,-40,-29,-4,3,0,0,0,0,-4,-143,33,None
0,-1,-1,-21,-17,-16,2,-2,-2,0,0,0,-4,-143,33,None
0,0,0,10,46,-4,3,2,2,0,0,0,-4,-143,33,None
0,0,0,10,46,-4,3,2,2,0,0,0,-4,-143,33,None
0,0,0,10,46,-4,3,2,2,0,0,0,11,-143,35,None
0,-2,-1,3,48,27,4,-3,-4,0,0,0,11,-143,35,None
0,2,4,10,-2,-6,2,1,-1,0,0,0,11,-143,35,None
0,-3,-3,-19,-16,-22,-6,0,-3,0,0,0,11,-143,35,None
0,2,3,20,62,66,7,-1,0,0,0,0,11,-143,35,None
0,2,3,20,62,66,7,-1,0,0,0,0,11,-143,35,None
0,2,3,20,62,66,7,-1,0,0,0,0,19,-127,40,None
0,-4,-3,-17,-128,-68,-6,-3,-4,0,0,0,19,-127,40,None
0,0,-1,-9,6,51,8,0,0,0,0,0,19,-127,40,None
0,-1,0,7,-1,-15,0,2,2,0,0,0,19,-127,40,None
0,4,8,-1,9,52,0,-5,2,0,0,0,19,-127,40,None
0,4,8,-1,9,52,0,-5,2,0,0,0,19,-127,40,None
0,4,8,-1,9,52,0,-5,2,0,0,0,20,-122,31,None
0,4,9,28,-31,52,2,5,3,0,0,0,20,-122,31,None
0,-2,-4,-56,37,-55,-1,-1,0,0,0,0,20,-122,31,None
0,-5,-6,-8,-18,-13,-6,-4,-7,0,0,0,20,-122,31,None
0,-5,-1,0,-34,-18,-1,2,-3,0,0,0,20,-122,31,None
0,-5,-1,0,-34,-18,-1,2,-3,0,0,0,20,-122,31,None
0,-5,-1,0,-34,-18,-1,2,-3,0,0,0,28,-132,22,None
0,0,0,0,-27,5,-2,0,-1,0,0,0,28,-132,22,None
0,-3,5,26,61,-22,-2,-5,-1,0,0,0,28,-132,22,None
0,5,3,-6,4,19,-3,0,1,0,0,0,28,-132,22,None
0,-6,-8,-21,-23,-15,-7,-4,-2,0,0,0,28,-132,22,None
0,-6,-8,-21,-23,-15,-7,-4,-2,0,0,0,28,-132,22,None
0,-6,-8,-21,-23,-15,-7,-4,-2,0,0,0,42,-138,15,None
0,2,0,-8,0,-41,-9,-4,0,0,0,0,42,-138,15,None
0,-3,1,5,-52,18,13,4,-3,0,0,0,42,-138,15,None
0,-1,0,-4,83,-46,-4,-4,-1,0,0,0,42,-138,15,None
0,-2,-2,-7,-67,36,-1,-3,-3,0,0,0,42,-138,15,None
0,-2,-2,-7,-67,36,-1,-3,-3,0,0,0,42,-138,15,None
0,-2,-2,-7,-67,36,-1,-3,-3,0,0,0,42,-128,10,None
0,0,2,10,66,20,6,3,0,0,0,0,42,-128,10,None
0,1,2,-13,-111,23,5,-1,-1,0,0,0,42,-128,10,None
0,-3,0,11,-4,-10,-3,-3,-1,0,0,0,42,-128,10,None
0,4,6,-2,22,-86,-2,3,0,0,0,0,42,-128,10,None
0,4,6,-2,22,-86,-2,3,0,0,0,0,42,-128,10,None
0,4,6,-2,22,-86,-2,3,0,0,0,0,48,-116,12,None
0,-2,4,-9,-10,-18,0,0,1,0,0,0,48,-116,12,None
0,-3,-9,-10,-3,13,2,-5,-5,0,0,0,48,-116,12,None
0,0,0,8,-2,-27,-9,-1,-4,0,0,0,48,-116,12,None
0,-3,-3,-7,-4,-12,2,2,-1,0,0,0,48,-116,12,None
0,-3,-3,-7,-4,-12,2,2,-1,0,0,0,48,-116,12,None
0,-3,-3,-7,-4,-12,2,2,-1,0,0,0,55,-114,11,None
0,0,4,2,-17,36,3,0,-2,0,0,0,55,-114,11,None
0,-6,-1,-3,90,26,-5,-1,-3,0,0,0,55,-114,11,None
0,0,0,-4,-47,-95,-3,-3,0,0,0,0,55,-114,11,None
0,-2,1,-10,-90,45,1,-1,-2,0,0,0,55,-114,11,None
0,-2,1,-10,-90,45,1,-1,-2,0,0,0,55,-114,11,None
0,-2,1,-10,-90,45,1,-1,-2,0,0,0,56,-108,6,None
0,-2,-4,-9,8,-28,-3,-2,-6,0,0,0,56,-108,6,None
0,0,0,8,4,-9,-2,0,1,0,0,0,56,-108,6,None
0,-2,-2,0,17,29,1,-2,-2,0,0,0,56,-108,6,None
0,-1,0,0,-12,17,-2,0,-2,0,0,0,56,-108,6,None
0,-1,0,0,-12,17,-2,0,-2,0,0,0,56,-108,6,None
0,-1,0,0,-12,17,-2,0,-2,0,0,0,61,-106,2,None
0,-1,0,5,32,-2,-4,-2,-1,0,0,0,61,-106,2,None
0,-2,2,0,-14,-26,9,0,-2,0,0,0,61,-106,2,None
0,-1,3,2,24,69,-2,-4,-2,0,0,0,61,-106,2,None
0,-1,0,-9,-8,-26,-7,-3,-3,0,0,0,61,-106,2,None
0,-1,0,-9,-8,-26,-7,-3,-3,0,0,0,61,-106,2,None
0,-1,0,-9,-8,-26,-7,-3,-3,0,0,0,68,-100,2,None
0,-4,-4,-1,4,13,0,-5,-1,0,0,0,68,-100,2,None
0,0,2,-2,27,17,-4,-2,0,0,0,0,68,-100,2,None
0,-3,-3,-8,-36,-14,-3,-2,-1,0,0,0,68,-100,2,None
0,-2,1,2,32,-12,0,0,-2,0,0,0,68,-100,2,None
0,-2,1,2,32,-12,0,0,-2,0,0,0,68,-100,2,None
0,-2,1,2,32,-12,0,0,-2,0,0,0,85,-84,1,None
0,1,1,1,6,-20,2,-2,-1,0,0,0,85,-84,1,None
0,-5,-11,-4,-27,26,-5,2,-1,0,0,0,85,-84,1,None
0,0,2,0,-2,45,7,-1,-1,0,0,0,85,-84,1,None
0,0,1,8,27,14,5,1,0,0,0,0,85,-84,1,None
0,0,1,8,27,14,5,1,0,0,0,0,85,-84,1,None
0,0,1,8,27,14,5,1,0,0,0,0,74,-118,-1,None
0,0,-2,-13,-18,-35,-1,-2,1,0,0,0,74,-118,-1,None
0,-5,3,0,2,1,-7,-1,-1,0,0,0,74,-118,-1,None
0,-3,16,8,0,12,0,0,-2,0,0,0,74,-118,-1,None
0,-2,-32,2,50,-7,0,-1,-1,0,0,0,74,-118,-1,None
0,-2,-32,2,50,-7,0,-1,-1,0,0,0,74,-118,-1,None
0,-2,-32,2,50,-7,0,-1,-1,0,0,0,80,-112,8,None
0,-2,3,0,-2,-31,-2,-3,-3,0,0,0,80,-112,8,None
0,2,2,2,-1,-6,-2,-4,-2,0,0,0,80,-112,8,None
0,-3,-1,1,-33,40,2,-1,-3,0,0,0,80,-112,8,None
0,0,12,10,29,-17,0,-1,-1,0,0,0,80,-112,8,None
0,0,12,10,29,-17,0,-1,-1,0,0,0,80,-112,8,None
0,0,12,10,29,-17,0,-1,-1,0,0,0,55,-76,3,None
0,-2,-2,-2,11,2,-2,-1,-3,0,0,0,55,-76,3,None
0,1,-1,-2,-30,-15,-2,-1,-3,0,0,0,55,-76,3,None
0,-1,-1,-9,18,-41,-3,-1,0,0,0,0,55,-76,3,None
0,0,6,-1,1,48,1,-2,-1,0,0,0,55,-76,3,None
0,0,6,-1,1,48,1,-2,-1,0,0,0,55,-76,3,None
0,0,6,-1,1,48,1,-2,-1,0,0,0,46,-81,3,None
0,-3,-3,-3,-24,24,-1,-5,0,0,0,0,46,-81,3,None
0,-1,5,-6,21,-6,-2,1,0,0,0,0,46,-81,3,None
0,-2,-3,-13,-18,-6,-4,-3,-2,0,0,0,46,-81,3,None
0,-3,2,-8,-49,-5,-3,-3,-3,0,0,0,46,-81,3,None
0,-3,2,-8,-49,-5,-3,-3,-3,0,0,0,46,-81,3,None
0,-3,2,-8,-49,-5,-3,-3,-3,0,0,0,52,-93,4,None
0,0,1,8,25,27,3,0,-1,0,0,0,52,-93,4,None
0,1,2,-10,-21,5,0,-1,0,0,0,0,52,-93,4,None
0,1,6,5,12,7,-1,1,1,0,0,0,52,-93,4,None
0,-8,-25,-7,-11,1,-2,-5,-2,0,0,0,52,-93,4,None
0,-8,-25,-7,-11,1,-2,-5,-2,0,0,0,52,-93,4,None
0,-8,-25,-7,-11,1,-2,-5,-2,0,0,0,60,-90,0,None
0,-2,0,1,9,-4,2,1,-1,0,0,0,60,-90,0,None
0,2,1,-1,-26,-1,-1,-1,-2,0,0,0,60,-90,0,None
0,1,-3,-2,-1,-41,-2,1,0,0,0,0,60,-90,0,None
0,0,7,-11,-4,27,-1,-2,-2,0,0,0,60,-90,0,None
0,0,7,-11,-4,27,-1,-2,-2,0,0,0,60,-90,0,None
0,0,7,-11,-4,27,-1,-2,-2,0,0,0,58,-79,-6,None
0,-2,2,-8,26,20,2,1,-2,0,0,0,58,-79,-6,None
0,-1,-4,4,7,-17,-4,-4,-1,0,0,0,58,-79,-6,None
0,-1,2,5,16,27,2,-2,-1,0,0,0,58,-79,-6,None
0,1,6,-4,-5,-22,1,0,0,0,0,0,58,-79,-6,None
0,1,6,-4,-5,-22,1,0,0,0,0,0,58,-79,-6,None
0,1,6,-4,-5,-22,1,0,0,0,0,0,58,-75,-8,None
0,-6,-2,-20,-46,-5,-7,-4,-2,0,0,0,58,-75,-8,None
0,7,17,-5,-33,-3,-3,-3,-2,0,0,0,58,-75,-8,None
0,-3,-13,5,13,26,3,-1,-1,0,0,0,58,-75,-8,None
0,0,5,-1,7,-16,-1,0,-2,0,0,0,58,-75,-8,None
0,0,5,-1,7,-16,-1,0,-2,0,0,0,58,-75,-8,None
0,0,5,-1,7,-16,-1,0,-2,0,0,0,61,-76,-11,None
0,-2,-7,-9,17,24,-2,-2,-1,0,0,0,61,-76,-11,None
0,-2,7,-4,-1,11,1,-2,0,0,0,0,61,-76,-11,None
0,-2,2,2,6,2,-1,-2,-1,0,0,0,61,-76,-11,None
0,-2,-1,-20,10,3,-4,-3,-3,0,0,0,61,-76,-11,None
0,-2,-1,-20,10,3,-4,-3,-3,0,0,0,61,-76,-11,None
0,-2,-1,-20,10,3,-4,-3,-3,0,0,0,60,-79,-12,None
0,-1,0,3,-21,-5,-3,-2,-1,0,0,0,60,-79,-12,None
0,-2,-6,1,-1,-16,0,0,-1,0,0,0,60,-79,-12,None
0,1,-1,-2,28,18,0,-2,-2,0,0,0,60,-79,-12,None
0,-1,5,2,-4,-1,0,0,-1,0,0,0,60,-79,-12,None
0,-1,5,2,-4,-1,0,0,-1,0,0,0,60,-79,-12,None
0,-1,5,2,-4,-1,0,0,-1,0,0,0,59,-80,-13,None
0,0,1,5,-4,-9,0,0,-1,0,0,0,59,-80,-13,None
0,-2,-6,-3,11,10,-1,-1,-2,0,0,0,59,-80,-13,None
0,-2,-1,0,3,9,-2,-1,-2,0,0,0,59,-80,-13,None
0,1,30,4,18,-24,-2,-1,0,0,0,0,59,-80,-13,None
0,1,30,4,18,-24,-2,-1,0,0,0,0,59,-80,-13,None
0,1,30,4,18,-24,-2,-1,0,0,0,0,58,-79,-13,None
0,-6,-24,-18,-55,7,-5,-6,-7,0,0,0,58,-79,-13,None
0,-1,-3,3,-24,-2,-1,1,-1,0,0,0,58,-79,-13,None
0,-3,-2,-21,5,4,-2,-1,-2,0,0,0,58,-79,-13,None
0,0,0,0,-16,-15,0,-1,-1,0,0,0,58,-79,-13,None
0,0,0,0,-16,-15,0,-1,-1,0,0,0,58,-79,-13,None
0,0,0,0,-16,-15,0,-1,-1,0,0,0,57,-77,-13,None
0,2,7,2,24,24,1,0,0,0,0,0,57,-77,-13,None
0,-3,-2,3,19,0,-1,-1,-2,0,0,0,57,-77,-13,None
0,2,5,5,-9,0,0,-1,-1,0,0,0,57,-77,-13,None
0,0,-3,-8,-3,1,-3,-2,-1,0,0,0,57,-77,-13,None
0,0,-3,-8,-3,1,-3,-2,-1,0,0,0,57,-77,-13,None
0,0,-3,-8,-3,1,-3,-2,-1,0,0,0,56,-77,-13,None
0,-2,4,2,11,-8,0,0,-2,0,0,0,56,-77,-13,None
0,-3,-1,-4,-3,1,-1,0,-1,0,0,0,56,-77,-13,None
0,-1,4,4,16,12,1,0,0,0,0,0,56,-77,-13,None
0,-5,-2,2,-19,-4,-1,-1,-1,0,0,0,56,-77,-13,None
0,-5,-2,2,-19,-4,-1,-1,-1,0,0,0,56,-77,-13,None
0,-5,-2,2,-19,-4,-1,-1,-1,0,0,0,58,-77,-13,None
0,4,2,4,-9,-6,0,-1,-3,0,0,0,58,-77,-13,None
0,-4,-1,0,2,-11,0,-3,-3,0,0,0,58,-77,-13,None
0,0,0,-4,2,13,-1,-2,-2,0,0,0,58,-77,-13,None
0,0,-4,3,2,8,0,-1,0,0,0,0,58,-77,-13,None
0,0,-4,3,2,8,0,-1,0,0,0,0,58,-77,-13,None
0,0,-4,3,2,8,0,-1,0,0,0,0,59,-79,-12,None
0,1,7,3,-9,-37,-1,2,0,0,0,0,59,-79,-12,None
0,-1,1,-6,16,0,-3,-1,-1,0,0,0,59,-79,-12,None
0,-2,-2,-1,3,5,0,-2,-3,0,0,0,59,-79,-12,None
0,-1,-3,-1,-9,1,-2,-2,-2,0,0,0,59,-79,-12,None
0,-1,-3,-1,-9,1,-2,-2,-2,0,0,0,59,-79,-12,None
0,-1,-3,-1,-9,1,-2,-2,-2,0,0,0,61,-78,-10,None
0,-1,4,-1,18,12,-1,1,-1,0,0,0,61,-78,-10,None
0,-1,-2,-2,4,1,-3,-2,0,0,0,0,61,-78,-10,None
0,-1,1,1,-1,0,0,-1,0,0,0,0,61,-78,-10,None
0,0,1,3,4,-8,-2,1,-1,0,0,0,61,-78,-10,None
0,0,1,3,4,-8,-2,1,-1,0,0,0,61,-78,-10,None
0,0,1,3,4,-8,-2,1,-1,0,0,0,60,-79,-9,None
0,2,-2,-15,-64,4,-4,-4,-2,0,0,0,60,-79,-9,None
0,-1,10,2,17,16,4,1,-3,0,0,0,60,-79,-9,None
0,-4,-26,4,-16,-4,0,0,-3,0,0,0,60,-79,-9,None
0,-1,1,-3,-10,-13,-3,-2,-1,0,0,0,60,-79,-9,None
0,-1,1,-3,-10,-13,-3,-2,-1,0,0,0,60,-79,-9,None
0,-1,1,-3,-10,-13,-3,-2,-1,0,0,0,60,-81,-8,None
0,0,2,1,26,3,-2,0,1,0,0,0,60,-81,-8,None
0,1,2,-1,0,-6,0,-1,0,0,0,0,60,-81,-8,None
0,1,7,-5,9,0,-3,-1,-3,0,0,0,60,-81,-8,None
0,-1,-3,-3,1,11,-1,-2,-3,0,0,0,60,-81,-8,None
0,-1,-3,-3,1,11,-1,-2,-3,0,0,0,60,-81,-8,None
0,-1,-3,-3,1,11,-1,-2,-3,0,0,0,59,-81,-8,None
0,-1,-3,5,9,-2,-1,-2,0,0,0,0,59,-81,-8,None
0,-1,-3,-3,-5,6,-2,-1,-1,0,0,0,59,-81,-8,None
0,-1,4,-2,11,-1,-1,-1,-1,0,0,0,59,-81,-8,None
0,-3,-6,-1,-10,3,1,-1,-2,0,0,0,59,-81,-8,None
0,-3,-6,-1,-10,3,1,-1,-2,0,0,0,59,-81,-8,None
0,-3,-6,-1,-10,3,1,-1,-2,0,0,0,59,-81,-8,None
0,-1,10,4,10,-4,1,0,-1,0,0,0,59,-81,-8,None
0,-3,-1,-5,1,2,0,-2,-1,0,0,0,59,-81,-8,None
0,-4,-1,-6,-38,-10,-5,-4,-5,0,0,0,59,-81,-8,None
0,1,2,2,1,5,0,-1,-2,0,0,0,59,-81,-8,None
0,1,2,2,1,5,0,-1,-2,0,0,0,59,-81,-8,None
0,1,2,2,1,5,0,-1,-2,0,0,0,59,-81,-8,None
0,-1,-1,1,11,-8,-4,-1,-1,0,0,0,59,-81,-8,None
0,-1,0,-2,3,0,-3,0,-2,0,0,0,59,-81,-8,None
0,-2,3,1,6,3,2,-1,0,0,0,0,59,-81,-8,None
0,-1,-1,-4,-2,1,-2,-2,-1,0,0,0,59,-81,-8,None
0,-1,-1,-4,-2,1,-2,-2,-1,0,0,0,59,-81,-8,None
0,-1,-1,-4,-2,1,-2,-2,-1,0,0,0,59,-81,-8,None
0,-3,-1,-2,12,5,-1,-2,-2,0,0,0,59,-81,-8,None
0,-2,-2,-1,-7,1,-1,-2,-1,0,0,0,59,-81,-8,None
0,2,6,-1,6,0,3,0,-2,0,0,0,59,-81,-8,None
0,1,1,-6,5,8,-5,-2,-3,0,0,0,59,-81,-8,None
0,1,1,-6,5,8,-5,-2,-3,0,0,0,59,-81,-8,None
0,1,1,-6,5,8,-5,-2,-3,0,0,0,59,-81,-8,None
0,-4,-3,4,8,25,0,-1,-2,0,0,0,59,-81,-8,None
0,-2,-1,-1,-1,-1,0,-1,1,0,0,0,59,-81,-8,None
0,-2,4,-1,8,-4,-2,-2,-2,0,0,0,59,-81,-8,None
0,-1,1,-2,4,-1,-1,1,0,0,0,0,59,-81,-8,None
0,-1,1,-2,4,-1,-1,1,0,0,0,0,59,-81,-8,None
0,-1,1,-2,4,-1,-1,1,0,0,0,0,58,-82,-9,None
0,1,-1,-3,-5,-4,-1,-2,-1,0,0,0,58,-82,-9,None
0,-2,-2,-2,-3,-1,-3,-2,-2,0,0,0,58,-82,-9,None
0,-2,1,-2,6,5,-4,-3,0,0,0,0,58,-82,-9,None
0,2,3,1,6,3,0,-1,-2,0,0,0,58,-82,-9,None
0,2,3,1,6,3,0,-1,-2,0,0,0,58,-82,-9,None
0,2,3,1,6,3,0,-1,-2,0,0,0,59,-80,-10,None
0,-2,-18,-8,-20,-9,1,3,0,0,0,0,59,-80,-10,None
0,-7,-11,-3,5,14,-9,-8,-7,0,0,0,59,-80,-10,None
0,-1,2,0,11,0,1,0,1,0,0,0,59,-80,-10,None
0,1,-4,-4,-6,-2,0,-3,-1,0,0,0,59,-80,-10,None
0,1,-4,-4,-6,-2,0,-3,-1,0,0,0,59,-80,-10,None
0,1,-4,-4,-6,-2,0,-3,-1,0,0,0,58,-81,-10,None
0,-1,6,0,22,-2,-1,-1,-1,0,0,0,58,-81,-10,None
0,3,4,-3,7,-6,-2,1,0,0,0,0,58,-81,-10,None
0,-2,-4,-4,-10,2,-3,-1,-2,0,0,0,58,-81,-10,None
0,-6,2,2,7,7,0,-2,-2,0,0,0,58,-81,-10,None
0,-6,2,2,7,7,0,-2,-2,0,0,0,58,-81,-10,None
0,-6,2,2,7,7,0,-2,-2,0,0,0,58,-80,-10,None
0,-1,4,-3,2,2,0,-1,0,0,0,0,58,-80,-10,None
0,0,1,-1,-13,-4,1,0,-2,0,0,0,58,-80,-10,None
0,-2,3,0,0,6,-1,-2,-2,0,0,0,58,-80,-10,None
0,-1,-1,-2,16,-3,-1,-2,0,0,0,0,58,-80,-10,None
0,-1,-1,-2,16,-3,-1,-2,0,0,0,0,58,-80,-10,None
0,-1,-1,-2,16,-3,-1,-2,0,0,0,0,58,-80,-10,None
0,0,2,-2,-18,2,-1,0,-2,0,0,0,58,-80,-10,None
0,-3,-3,-4,-14,-9,-3,-3,-1,0,0,0,58,-80,-10,None
0,0,1,-1,9,4,1,0,0,0,0,0,58,-80,-10,None
0,-2,-1,-2,2,0,-2,-1,-2,0,0,0,58,-80,-10,None
0,-2,-1,-2,2,0,-2,-1,-2,0,0,0,58,-80,-10,None
0,-2,-1,-2,2,0,-2,-1,-2,0,0,0,59,-80,-11,None
0,-3,0,-1,-2,2,0,-3,-3,0,0,0,59,-80,-11,None
0,0,3,0,9,0,0,-1,-1,0,0,0,59,-80,-11,None
0,-1,0,-4,-1,0,-3,-1,-2,0,0,0,59,-80,-11,None
0,-2,-4,-4,-15,0,-2,-2,-1,0,0,0,59,-80,-11,None
0,-2,-4,-4,-15,0,-2,-2,-1,0,0,0,59,-80,-11,None
0,-2,-4,-4,-15,0,-2,-2,-1,0,0,0,60,-80,-11,None
0,-3,5,-7,15,-1,-1,-1,-1,0,0,0,60,-80,-11,None
0,-2,1,4,-24,-13,-1,-1,-2,0,0,0,60,-80,-11,None
0,-3,12,5,13,9,0,-3,-2,0,0,0,60,-80,-11,None
0,-2,-4,-3,-5,14,1,-2,-3,0,0,0,60,-80,-11,None
0,-2,-4,-3,-5,14,1,-2,-3,0,0,0,60,-80,-11,None
0,-2,-4,-3,-5,14,1,-2,-3,0,0,0,59,-80,-11,None
0,-1,1,0,-5,-8,-4,-4,-1,0,0,0,59,-80,-11,None
0,0,-2,-2,9,0,0,2,0,0,0,0,59,-80,-11,None
0,0,2,-1,2,-4,-1,-2,0,0,0,0,59,-80,-11,None
0,-2,3,0,-1,-5,-1,-1,0,0,0,0,59,-80,-11,None
0,-2,3,0,-1,-5,-1,-1,0,0,0,0,59,-80,-11,None
0,-2,3,0,-1,-5,-1,-1,0,0,0,0,58,-79,-10,None
0,-2,-1,-2,8,2,-2,0,-2,0,0,0,58,-79,-10,None
0,1,6,-2,1,6,-1,-2,-2,0,0,0,58,-79,-10,None
0,0,-6,-2,-11,-2,1,0,0,0,0,0,58,-79,-10,None
0,0,-2,-2,-2,-1,-2,-3,-1,0,0,0,58,-79,-10,None
0,0,-2,-2,-2,-1,-2,-3,-1,0,0,0,58,-79,-10,None
0,0,-2,-2,-2,-1,-2,-3,-1,0,0,0,59,-80,-10,None
0,-3,0,-1,4,4,0,-2,-2,0,0,0,59,-80,-10,None
0,1,-1,-4,-18,-6,-2,1,0,0,0,0,59,-80,-10,None
0,-3,-2,-2,12,9,-1,-2,-2,0,0,0,59,-80,-10,None
0,-3,-3,-3,-13,-3,-1,-3,-3,0,0,0,59,-80,-10,None
0,-3,-3,-3,-13,-3,-1,-3,-3,0,0,0,59,-80,-10,None
0,-3,-3,-3,-13,-3,-1,-3,-3,0,0,0,59,-80,-11,None
0,-1,3,2,2,4,1,0,-1,0,0,0,59,-80,-11,None
0,-1,0,-3,8,2,0,-1,-1,0,0,0,59,-80,-11,None
0,0,0,-3,9,-5,-3,-1,0,0,0,0,59,-80,-11,None
0,0,4,-2,-4,0,-1,-1,-2,0,0,0,59,-80,-11,None
0,0,4,-2,-4,0,-1,-1,-2,0,0,0,59,-80,-11,None
0,0,4,-2,-4,0,-1,-1,-2,0,0,0,58,-80,-10,None
0,-1,0,-1,-5,0,0,-3,0,0,0,0,58,-80,-10,None
0,-1,0,-1,6,2,0,-1,-2,0,0,0,58,-80,-10,None
0,1,-2,-4,-10,-1,-2,-2,-1,0,0,0,58,-80,-10,None
0,-1,0,-1,-1,0,0,0,-1,0,0,0,58,-80,-10,None
0,-1,0,-1,-1,0,0,0,-1,0,0,0,58,-80,-10,None
0,-1,0,-1,-1,0,0,0,-1,0,0,0,58,-80,-10,None
0,-5,0,-14,-8,-5,-2,0,0,0,0,0,58,-80,-10,None
0,-1,-1,16,17,0,-1,-2,-2,0,0,0,58,-80,-10,None
0,-4,-3,-5,-24,-2,-2,-3,-3,0,0,0,58,-80,-10,None
0,0,-1,-4,-1,-5,-1,-2,-1,0,0,0,58,-80,-10,None
0,0,-1,-4,-1,-5,-1,-2,-1,0,0,0,58,-80,-10,None
0,0,-1,-4,-1,-5,-1,-2,-1,0,0,0,58,-81,-10,None
0,1,-2,-1,11,2,-2,-2,-2,0,0,0,58,-81,-10,None
0,0,3,-8,-6,-4,0,-1,0,0,0,0,58,-81,-10,None
0,0,1,0,-1,-1,0,0,0,0,0,0,58,-81,-10,None
0,-1,2,6,8,1,-1,0,-2,0,0,0,58,-81,-10,None
0,-1,2,6,8,1,-1,0,-2,0,0,0,58,-81,-10,None
0,-1,2,6,8,1,-1,0,-2,0,0,0,59,-80,-10,None
0,1,-3,-7,-10,-4,-1,-1,-2,0,0,0,59,-80,-10,None
0,0,0,-9,-9,3,-3,-1,-1,0,0,0,59,-80,-10,None
0,-2,-2,0,13,6,-1,-3,-2,0,0,0,59,-80,-10,None
0,-3,0,-4,10,2,-2,-2,-1,0,0,0,59,-80,-10,None
0,-3,0,-4,10,2,-2,-2,-1,0,0,0,59,-80,-10,None
0,-3,0,-4,10,2,-2,-2,-1,0,0,0,58,-80,-10,None
0,-1,3,4,-1,4,-1,-3,-1,0,0,0,58,-80,-10,None
0,-2,0,-4,0,-2,-2,-1,0,0,0,0,58,-80,-10,None
0,0,0,-6,1,-3,-1,-1,-1,0,0,0,58,-80,-10,None
0,0,2,-3,-8,0,-1,0,0,0,0,0,58,-80,-10,None
0,0,2,-3,-8,0,-1,0,0,0,0,0,58,-80,-10,None
0,0,2,-3,-8,0,-1,0,0,0,0,0,59,-79,-11,None
0,0,3,-1,3,-11,1,-1,0,0,0,0,59,-79,-11,None
0,-1,-1,-3,-12,18,0,-2,-2,0,0,0,59,-79,-11,None
0,-1,0,-1,-4,0,-1,-2,-2,0,0,0,59,-79,-11,None
0,-1,1,-2,1,3,-1,-3,-2,0,0,0,59,-79,-11,None
0,-1,1,-2,1,3,-1,-3,-2,0,0,0,59,-79,-11,None
0,-1,1,-2,1,3,-1,-3,-2,0,0,0,59,-80,-11,None
0,-1,-3,1,0,-6,-2,-1,-2,0,0,0,59,-80,-11,None
0,-3,0,-4,-1,-1,-1,-1,-1,0,0,0,59,-80,-11,None
0,0,2,0,-6,0,0,-1,-2,0,0,0,59,-80,-11,None
0,-2,-1,-3,4,-1,-2,-3,-1,0,0,0,59,-80,-11,None
0,-2,-1,-3,4,-1,-2,-3,-1,0,0,0,59,-80,-11,None
0,-2,-1,-3,4,-1,-2,-3,-1,0,0,0,58,-80,-11,None
0,0,1,0,5,4,-2,-2,-1,0,0,0,58,-80,-11,None
0,-1,1,-2,1,-3,0,-1,-1,0,0,0,58,-80,-11,None
0,-1,0,-1,-8,-6,-1,-1,0,0,0,0,58,-80,-11,None
0,-2,1,-2,2,4,0,-1,-1,0,0,0,58,-80,-11,None
0,-2,1,-2,2,4,0,-1,-1,0,0,0,58,-80,-11,None
0,-2,1,-2,2,4,0,-1,-1,0,0,0,59,-80,-11,None
0,1,-1,0,-4,7,-2,-2,-1,0,0,0,59,-80,-11,None
0,-1,1,-1,0,-13,0,-2,-1,0,0,0,59,-80,-11,None
0,-3,-2,-4,-10,19,-1,1,-1,0,0,0,59,-80,-11,None
0,-1,0,-2,25,5,-5,-2,-1,0,0,0,59,-80,-11,None
0,-1,0,-2,25,5,-5,-2,-1,0,0,0,59,-80,-11,None
0,-1,0,-2,25,5,-5,-2,-1,0,0,0,59,-80,-10,None
0,-1,0,0,3,-1,-2,-1,-2,0,0,0,59,-80,-10,None
0,-2,-2,-5,-5,-3,-2,-1,-2,0,0,0,59,-80,-10,None
0,-1,0,-3,6,-4,-3,-2,-1,0,0,0,59,-80,-10,None
0,-2,2,0,-6,-1,0,1,0,0,0,0,59,-80,-10,None
0,-2,2,0,-6,-1,0,1,0,0,0,0,59,-80,-10,None
0,-2,2,0,-6,-1,0,1,0,0,0,0,59,-80,-10,None
0,-5,0,-1,-3,6,0,-2,-3,0,0,0,59,-80,-10,None
0,0,1,-2,11,2,-3,-3,0,0,0,0,59,-80,-10,None
0,1,2,8,15,0,0,-1,-1,0,0,0,59,-80,-10,None
0,-2,-6,-20,-16,-6,-2,0,-1,0,0,0,59,-80,-10,None
0,-2,-6,-20,-16,-6,-2,0,-1,0,0,0,59,-80,-10,None
0,-2,-6,-20,-16,-6,-2,0,-1,0,0,0,58,-79,-10,None
0,-5,3,-1,1,9,-5,-5,-4,0,0,0,58,-79,-10,None
0,-1,-1,-4,-28,-8,0,0,-1,0,0,0,58,-79,-10,None
0,-2,-2,0,3,0,-2,-3,-3,0,0,0,58,-79,-10,None
0,0,1,0,-4,-5,0,0,-1,0,0,0,58,-79,-10,None
0,0,1,0,-4,-5,0,0,-1,0,0,0,58,-79,-10,None
0,0,1,0,-4,-5,0,0,-1,0,0,0,58,-80,-11,None
0,1,-1,-3,5,0,-1,0,0,0,0,0,58,-80,-11,None
