0,-2,0,-5,9,10,7,-12,-1,0,0,0,81,-111,31,None
0,1,-1,-13,11,21,10,8,1,0,0,0,81,-111,31,None
0,-4,-3,-4,1,-4,1,-4,-4,0,0,0,81,-111,31,None
0,-4,-3,-4,1,-4,1,-4,-4,0,0,0,81,-111,31,None
0,-4,-3,-4,1,-4,1,-4,-4,0,0,0,95,-119,36,None
0,-2,6,12,37,-10,2,-5,-1,0,0,0,95,-119,36,None
0,-2,-3,-12,37,8,-12,3,-5,0,0,0,95,-119,36,None
0,-1,-3,-5,36,-21,3,-12,-1,0,0,0,95,-119,36,None
0,0,-2,-3,22,18,1,15,0,0,0,0,95,-119,36,None
0,0,-2,-3,22,18,1,15,0,0,0,0,95,-119,36,None
0,0,-2,-3,22,18,1,15,0,0,0,0,87,-133,31,None
0,-1,3,-1,-8,1,-11,-5,-1,0,0,0,87,-133,31,None
0,0,0,-2,3,-10,-22,-3,-3,0,0,0,87,-133,31,None
0,-1,3,6,-28,-22,23,-2,-3,0,0,0,87,-133,31,None
0,-3,0,-3,-39,36,6,-5,-1,0,0,0,87,-133,31,None
0,-3,0,-3,-39,36,6,-5,-1,0,0,0,87,-133,31,None
0,-3,0,-3,-39,36,6,-5,-1,0,0,0,86,-134,28,None
0,-2,-4,-6,-10,-1,-4,3,1,0,0,0,86,-134,28,None
0,-1,-5,-4,-25,-8,-9,-4,-4,0,0,0,86,-134,28,None
0,-3,0,2,-41,1,-16,-10,-4,0,0,0,86,-134,28,None
0,-2,-1,-2,3,4,5,3,1,0,0,0,86,-134,28,None
0,-2,-1,-2,3,4,5,3,1,0,0,0,86,-134,28,None
0,-2,-1,-2,3,4,5,3,1,0,0,0,79,-139,32,None
0,-3,-7,-10,27,-5,-4,-2,-4,0,0,0,79,-139,32,None
0,0,1,1,-25,-9,-1,-3,1,0,0,0,79,-139,32,None
0,-1,-4,-8,10,14,-5,3,0,0,0,0,79,-139,32,None
0,-5,-4,-2,39,-36,-29,-16,-9,0,0,0,79,-139,32,None
0,-5,-4,-2,39,-36,-29,-16,-9,0,0,0,79,-139,32,None
0,-5,-4,-2,39,-36,-29,-16,-9,0,0,0,73,-142,30,None
0,-4,-6,-18,-20,38,1,4,-1,0,0,0,73,-142,30,None
0,1,-2,-6,-13,-11,31,12,3,0,0,0,73,-142,30,None
0,-4,-4,1,28,-10,-37,-14,-5,0,0,0,73,-142,30,None
0,-6,-9,-7,5,4,-2,-4,-5,0,0,0,73,-142,30,None
0,-6,-9,-7,5,4,-2,-4,-5,0,0,0,73,-142,30,None
0,-6,-9,-7,5,4,-2,-4,-5,0,0,0,75,-141,25,None
0,2,0,-7,-1,-4,18,4,0,0,0,0,75,-141,25,None
0,-2,-1,-1,36,-4,-10,-5,-3,0,0,0,75,-141,25,None
0,-4,-11,-17,18,4,-12,-2,-5,0,0,0,75,-141,25,None
0,-2,0,1,-5,-2,-10,-11,-4,0,0,0,75,-141,25,None
0,-2,0,1,-5,-2,-10,-11,-4,0,0,0,75,-141,25,None
0,-2,0,1,-5,-2,-10,-11,-4,0,0,0,76,-137,22,None
0,-3,1,0,9,-5,-3,-1,-2,0,0,0,76,-137,22,None
0,-3,-5,-9,31,-4,-11,-2,-3,0,0,0,76,-137,22,None
0,1,2,6,-3,3,5,-2,0,0,0,0,76,-137,22,None
0,-1,5,9,-15,13,4,-6,-3,0,0,0,76,-137,22,None
0,-1,5,9,-15,13,4,-6,-3,0,0,0,76,-137,22,None
0,-1,5,9,-15,13,4,-6,-3,0,0,0,68,-137,23,None
0,-1,-2,-12,9,-8,3,1,1,0,0,0,68,-137,23,None
0,-1,-1,-2,3,-3,-7,-2,-3,0,0,0,68,-137,23,None
0,2,9,12,-30,17,21,3,3,0,0,0,68,-137,23,None
0,3,5,-4,-35,9,1,3,1,0,0,0,68,-137,23,None
0,3,5,-4,-35,9,1,3,1,0,0,0,68,-137,23,None
0,3,5,-4,-35,9,1,3,1,0,0,0,61,-135,24,None
0,-3,-3,-3,-5,8,-3,0,-4,0,0,0,61,-135,24,None
0,1,6,12,-10,1,6,-3,-1,0,0,0,61,-135,24,None
0,0,6,2,-1,3,1,-2,-2,0,0,0,61,-135,24,None
0,0,3,-5,23,-3,-1,1,0,0,0,0,61,-135,24,None
0,0,3,-5,23,-3,-1,1,0,0,0,0,61,-135,24,None
0,0,3,-5,23,-3,-1,1,0,0,0,0,57,-129,24,None
0,2,8,10,0,15,7,-3,-1,0,0,0,57,-129,24,None
0,4,13,8,-23,15,22,5,1,0,0,0,57,-129,24,None
0,0,4,0,11,-5,-6,0,0,0,0,0,57,-129,24,None
0,1,3,4,19,-15,9,5,4,0,0,0,57,-129,24,None
0,1,3,4,19,-15,9,5,4,0,0,0,57,-129,24,None
0,1,3,4,19,-15,9,5,4,0,0,0,48,-118,20,None
0,0,10,12,-48,23,9,-5,0,0,0,0,48,-118,20,None
0,-5,-2,-6,34,6,4,-2,-1,0,0,0,48,-118,20,None
0,-1,0,-3,9,10,-11,3,-1,0,0,0,48,-118,20,None
0,1,4,2,-30,-7,12,1,-1,0,0,0,48,-118,20,None
0,1,4,2,-30,-7,12,1,-1,0,0,0,48,-118,20,None
0,1,4,2,-30,-7,12,1,-1,0,0,0,37,-103,12,None
0,-2,4,0,22,-12,-10,-5,-3,0,0,0,37,-103,12,None
0,-1,0,-2,17,14,-1,4,1,0,0,0,37,-103,12,None
0,1,3,-1,-11,0,20,2,3,0,0,0,37,-103,12,None
0,0,6,3,5,16,3,-1,-2,0,0,0,37,-103,12,None
0,0,6,3,5,16,3,-1,-2,0,0,0,37,-103,12,None
0,0,6,3,5,16,3,-1,-2,0,0,0,29,-92,6,None
0,-1,-2,-7,5,-20,-5,0,-1,0,0,0,29,-92,6,None
0,-3,-1,-1,-17,44,3,-5,0,0,0,0,29,-92,6,None
0,2,6,5,-5,-34,6,1,2,0,0,0,29,-92,6,None
0,-1,-1,-9,16,4,-12,0,-2,0,0,0,29,-92,6,None
0,-1,-1,-9,16,4,-12,0,-2,0,0,0,29,-92,6,None
0,-1,-1,-9,16,4,-12,0,-2,0,0,0,21,-84,4,None
0,-3,-9,-8,6,-27,-5,-4,-4,0,0,0,21,-84,4,None
0,-4,-3,-9,-26,7,-7,-6,-6,0,0,0,21,-84,4,None
0,0,-2,-9,6,-2,-9,-2,-1,0,0,0,21,-84,4,None
0,-2,-4,-6,23,-31,-7,-3,-4,0,0,0,21,-84,4,None
0,-2,-4,-6,23,-31,-7,-3,-4,0,0,0,21,-84,4,None
0,-2,-4,-6,23,-31,-7,-3,-4,0,0,0,15,-73,3,None
0,2,4,5,-25,68,0,-1,0,0,0,0,15,-73,3,None
0,2,2,-2,-8,-103,0,4,2,0,0,0,15,-73,3,None
0,-5,-7,-3,10,25,-10,-6,-5,0,0,0,15,-73,3,None
0,0,1,3,-12,99,14,4,1,0,0,0,15,-73,3,None
0,0,1,3,-12,99,14,4,1,0,0,0,15,-73,3,None
0,0,1,3,-12,99,14,4,1,0,0,0,12,-63,4,None
0,0,3,7,6,14,-6,-3,0,0,0,0,12,-63,4,None
0,0,-4,-13,-8,-21,-6,1,0,0,0,0,12,-63,4,None
0,-3,-3,-2,-7,19,-11,-4,-6,0,0,0,12,-63,4,None
0,-1,2,0,17,53,4,-15,-1,0,0,0,12,-63,4,None
0,-1,2,0,17,53,4,-15,-1,0,0,0,12,-63,4,None
0,-1,2,0,17,53,4,-15,-1,0,0,0,6,-53,6,None
0,-3,-5,-2,24,-53,1,9,2,0,0,0,6,-53,6,None
0,-2,0,2,32,47,-14,-3,-2,0,0,0,6,-53,6,None
0,-2,1,-2,3,82,11,-4,-2,0,0,0,6,-53,6,None
0,-5,-10,-16,-2,-91,-39,-5,-6,0,0,0,6,-53,6,None
0,-5,-10,-16,-2,-91,-39,-5,-6,0,0,0,6,-53,6,None
0,-5,-10,-16,-2,-91,-39,-5,-6,0,0,0,0,-50,12,None
0,0,0,-5,-1,-25,-6,-8,-3,0,0,0,0,-50,12,None
0,2,4,6,-2,83,3,0,0,0,0,0,0,-50,12,None
0,0,2,-6,-6,67,4,1,-1,0,0,0,0,-50,12,None
0,-4,-3,5,9,-49,-7,1,-1,0,0,0,0,-50,12,None
0,-4,-3,5,9,-49,-7,1,-1,0,0,0,0,-50,12,None
0,-4,-3,5,9,-49,-7,1,-1,0,0,0,-5,-41,16,None
0,5,4,1,4,36,10,-2,3,0,0,0,-5,-41,16,None
0,-3,13,10,-13,67,-11,-12,-32,0,0,0,-5,-41,16,None
0,-4,-15,-11,23,-28,-14,9,13,0,0,0,-5,-41,16,None
0,2,-2,-7,2,-12,8,0,5,0,0,0,-5,-41,16,None
0,2,-2,-7,2,-12,8,0,5,0,0,0,-5,-41,16,None
0,2,-2,-7,2,-12,8,0,5,0,0,0,-14,-29,21,None
0,-9,-4,2,1,2,-10,-8,-12,0,0,0,-14,-29,21,None
0,-1,0,-7,7,-30,-2,4,3,0,0,0,-14,-29,21,None
0,-4,10,7,-15,-67,-2,-12,17,0,0,0,-14,-29,21,None
0,-4,-3,-2,-12,118,13,0,-34,0,0,0,-14,-29,21,None
0,-4,-3,-2,-12,118,13,0,-34,0,0,0,-14,-29,21,None
0,-4,-3,-2,-12,118,13,0,-34,0,0,0,-21,-20,31,None
0,-6,-6,-5,-1,-30,-3,-5,-4,0,0,0,-21,-20,31,None
0,3,6,-3,-4,-23,5,3,-3,0,0,0,-21,-20,31,None
0,15,-11,4,0,-28,2,-34,-11,0,0,0,-21,-20,31,None
0,12,17,6,-6,-9,19,68,62,0,0,0,-21,-20,31,None
0,12,17,6,-6,-9,19,68,62,0,0,0,-21,-20,31,None
0,12,17,6,-6,-9,19,68,62,0,0,0,-28,-12,36,None
0,-1,-6,-5,0,4,3,-1,0,0,0,0,-28,-12,36,None
0,-10,-3,-5,16,11,5,2,12,0,0,0,-28,-12,36,None
0,6,5,-4,-8,-53,-4,6,-7,0,0,0,-28,-12,36,None
0,1,0,-14,16,10,-10,-24,-12,0,0,0,-28,-12,36,None
0,1,0,-14,16,10,-10,-24,-12,0,0,0,-28,-12,36,None
0,1,0,-14,16,10,-10,-24,-12,0,0,0,-35,-6,40,None
0,8,11,11,18,-21,-1,3,20,0,0,0,-35,-6,40,None
0,7,13,5,-9,-32,-3,0,1,0,0,0,-35,-6,40,None
0,-4,5,2,4,59,11,-13,-4,0,0,0,-35,-6,40,None
0,-8,-11,-6,-52,9,-12,10,-15,0,0,0,-35,-6,40,None
0,-8,-11,-6,-52,9,-12,10,-15,0,0,0,-35,-6,40,None
0,-8,-11,-6,-52,9,-12,10,-15,0,0,0,-39,1,41,None
0,-7,3,-4,-9,0,-4,-7,-4,0,0,0,-39,1,41,None
0,-6,-2,-5,2,12,3,-5,-3,0,0,0,-39,1,41,None
0,-5,-3,-1,-17,32,-8,8,-2,0,0,0,-39,1,41,None
0,-5,-2,0,26,19,7,-9,-7,0,0,0,-39,1,41,None
0,-5,-2,0,26,19,7,-9,-7,0,0,0,-39,1,41,None
0,-5,-2,0,26,19,7,-9,-7,0,0,0,-45,8,45,None
0,2,4,-1,-10,16,-4,-3,-1,0,0,0,-45,8,45,None
0,0,-11,-12,-2,-21,-7,-2,-2,0,0,0,-45,8,45,None
0,-5,11,7,9,-48,-5,5,-7,0,0,0,-45,8,45,None
0,-2,-3,6,-21,-9,4,-12,4,0,0,0,-45,8,45,None
0,-2,-3,6,-21,-9,4,-12,4,0,0,0,-45,8,45,None
0,-2,-3,6,-21,-9,4,-12,4,0,0,0,-51,9,51,None
0,0,7,4,9,28,10,5,-11,0,0,0,-51,9,51,None
0,0,-4,-1,-18,50,13,3,16,0,0,0,-51,9,51,None
0,-3,1,-2,-21,32,8,7,-4,0,0,0,-51,9,51,None
0,-3,0,-5,1,-34,-7,-14,-4,0,0,0,-51,9,51,None
0,-3,0,-5,1,-34,-7,-14,-4,0,0,0,-51,9,51,None
0,-3,0,-5,1,-34,-7,-14,-4,0,0,0,-53,5,56,None
0,-1,-2,-8,9,4,-8,-3,-8,0,0,0,-53,5,56,None
0,0,-4,0,-9,-21,-8,0,-3,0,0,0,-53,5,56,None
0,0,-1,-5,-17,-8,-8,-1,0,0,0,0,-53,5,56,None
0,-2,1,-2,5,7,-8,-4,-6,0,0,0,-53,5,56,None
0,-2,1,-2,5,7,-8,-4,-6,0,0,0,-53,5,56,None
0,-2,1,-2,5,7,-8,-4,-6,0,0,0,-51,2,62,None
0,-3,-3,0,-20,-25,2,0,-6,0,0,0,-51,2,62,None
0,4,4,-15,-34,4,8,-1,2,0,0,0,-51,2,62,None
0,-3,2,0,0,-37,-19,2,-2,0,0,0,-51,2,62,None
0,-1,2,6,42,11,10,-10,-3,0,0,0,-51,2,62,None
0,-1,2,6,42,11,10,-10,-3,0,0,0,-51,2,62,None
0,-1,2,6,42,11,10,-10,-3,0,0,0,-52,0,65,None
0,-1,0,-9,-42,-16,-2,1,3,0,0,0,-52,0,65,None
0,-3,0,3,9,-4,-4,-3,-2,0,0,0,-52,0,65,None
0,-3,-6,-7,0,24,-10,-2,-5,0,0,0,-52,0,65,None
0,1,4,-12,13,-56,3,-3,-3,0,0,0,-52,0,65,None
0,1,4,-12,13,-56,3,-3,-3,0,0,0,-52,0,65,None
0,1,4,-12,13,-56,3,-3,-3,0,0,0,-54,6,71,None
0,6,-22,-1,8,-13,11,7,9,0,0,0,-54,6,71,None
0,-5,-2,-2,11,45,-8,-4,-6,0,0,0,-54,6,71,None
0,-4,-4,-6,14,-25,-13,-3,-5,0,0,0,-54,6,71,None
0,-1,3,3,-11,32,5,0,2,0,0,0,-54,6,71,None
0,-1,3,3,-11,32,5,0,2,0,0,0,-54,6,71,None
0,-1,3,3,-11,32,5,0,2,0,0,0,-52,12,75,None
0,-1,2,-13,3,26,2,-1,-3,0,0,0,-52,12,75,None
0,-4,-2,4,-30,-58,-18,-7,-4,0,0,0,-52,12,75,None
0,-1,-4,2,18,12,16,5,1,0,0,0,-52,12,75,None
0,4,5,2,-4,-21,-2,-4,-1,0,0,0,-52,12,75,None
0,4,5,2,-4,-21,-2,-4,-1,0,0,0,-52,12,75,None
0,4,5,2,-4,-21,-2,-4,-1,0,0,0,-55,-1,80,None
0,-4,2,-9,13,8,-9,-3,-6,0,0,0,-55,-1,80,None
0,-2,-13,-9,20,-16,-1,-1,1,0,0,0,-55,-1,80,None
0,-4,19,6,2,-5,-4,-6,-7,0,0,0,-55,-1,80,None
0,-7,-14,-18,-7,-28,-11,-3,-3,0,0,0,-55,-1,80,None
0,-7,-14,-18,-7,-28,-11,-3,-3,0,0,0,-55,-1,80,None
0,-7,-14,-18,-7,-28,-11,-3,-3,0,0,0,-59,-10,86,None
0,-3,-14,-1,13,4,4,4,3,0,0,0,-59,-10,86,None
0,1,-1,-4,2,-16,9,1,1,0,0,0,-59,-10,86,None
0,1,2,-4,-4,-18,2,-2,-2,0,0,0,-59,-10,86,None
0,-5,-2,-9,5,-6,-1,-1,-2,0,0,0,-59,-10,86,None
0,-5,-2,-9,5,-6,-1,-1,-2,0,0,0,-59,-10,86,None
0,-5,-2,-9,5,-6,-1,-1,-2,0,0,0,-64,-3,86,None
0,0,11,2,-31,6,-4,-6,-5,0,0,0,-64,-3,86,None
0,0,-4,-5,3,-8,10,4,3,0,0,0,-64,-3,86,None
0,0,-2,-7,8,0,-5,0,0,0,0,0,-64,-3,86,None
0,0,5,8,11,-1,-2,0,-3,0,0,0,-64,-3,86,None
0,0,5,8,11,-1,-2,0,-3,0,0,0,-64,-3,86,None
0,0,5,8,11,-1,-2,0,-3,0,0,0,-70,6,88,None
0,-4,8,-8,12,-1,-3,2,-1,0,0,0,-70,6,88,None
0,-1,2,2,48,-18,-16,-10,-5,0,0,0,-70,6,88,None
0,-1,-15,-12,-17,-1,5,2,1,0,0,0,-70,6,88,None
0,2,0,7,-8,8,2,-2,2,0,0,0,-70,6,88,None
0,2,0,7,-8,8,2,-2,2,0,0,0,-70,6,88,None
0,2,0,7,-8,8,2,-2,2,0,0,0,-72,6,92,None
0,0,12,4,-2,-7,-1,-6,-4,0,0,0,-72,6,92,None
0,-2,2,-5,12,8,-3,-4,-5,0,0,0,-72,6,92,None
0,1,21,27,9,-5,3,2,1,0,0,0,-72,6,92,None
0,-3,5,0,-6,-14,-2,-3,-2,0,0,0,-72,6,92,None
0,-3,5,0,-6,-14,-2,-3,-2,0,0,0,-72,6,92,None
0,-3,5,0,-6,-14,-2,-3,-2,0,0,0,-77,4,94,None
0,-1,-3,-6,7,-10,-5,0,0,0,0,0,-77,4,94,None
0,-2,6,10,-6,1,-7,-3,-3,0,0,0,-77,4,94,None
0,2,6,2,1,2,6,-1,-1,0,0,0,-77,4,94,None
0,0,29,-1,1,-12,-12,-6,-7,0,0,0,-77,4,94,None
0,0,29,-1,1,-12,-12,-6,-7,0,0,0,-77,4,94,None
0,0,29,-1,1,-12,-12,-6,-7,0,0,0,-80,2,97,None
0,-2,-40,-6,4,6,16,9,7,0,0,0,-80,2,97,None
0,2,3,20,16,16,12,6,5,0,0,0,-80,2,97,None
0,0,1,-13,-2,-21,-4,0,0,0,0,0,-80,2,97,None
0,-11,-11,-36,17,0,-19,-9,-11,0,0,0,-80,2,97,None
0,-11,-11,-36,17,0,-19,-9,-11,0,0,0,-80,2,97,None
0,-11,-11,-36,17,0,-19,-9,-11,0,0,0,-80,4,95,None
0,6,-7,14,-29,16,13,2,4,0,0,0,-80,4,95,None
0,0,9,-1,-6,-12,-1,-5,-6,0,0,0,-80,4,95,None
0,-3,-15,-9,16,5,4,4,3,0,0,0,-80,4,95,None
0,-2,-21,-8,-14,-1,3,1,1,0,0,0,-80,4,95,None
0,-2,-21,-8,-14,-1,3,1,1,0,0,0,-80,4,95,None
0,-2,-21,-8,-14,-1,3,1,1,0,0,0,-81,4,91,None
0,0,58,1,28,-20,-28,-14,-13,0,0,0,-81,4,91,None
0,-9,-38,-28,-11,6,13,8,4,0,0,0,-81,4,91,None
0,-1,5,-22,-1,-15,-10,-4,-2,0,0,0,-81,4,91,None
0,4,-4,17,48,28,12,5,4,0,0,0,-81,4,91,None
0,4,-4,17,48,28,12,5,4,0,0,0,-81,4,91,None
0,4,-4,17,48,28,12,5,4,0,0,0,-82,3,86,None
0,-3,8,-16,10,-29,-4,-7,-5,0,0,0,-82,3,86,None
0,0,34,29,56,-2,-9,-2,-2,0,0,0,-82,3,86,None
0,-1,4,12,-8,19,4,-2,-3,0,0,0,-82,3,86,None
0,-2,-7,-2,-36,-1,6,-4,-2,0,0,0,-82,3,86,None
0,-2,-7,-2,-36,-1,6,-4,-2,0,0,0,-82,3,86,None
0,-2,-7,-2,-36,-1,6,-4,-2,0,0,0,-80,-4,79,None
0,3,-7,-8,16,-30,-8,-1,1,0,0,0,-80,-4,79,None
0,-17,18,-28,-2,8,-15,-8,-8,0,0,0,-80,-4,79,None
0,18,-12,7,-60,9,18,9,4,0,0,0,-80,-4,79,None
0,5,0,-14,34,-8,-8,-1,-2,0,0,0,-80,-4,79,None
0,5,0,-14,34,-8,-8,-1,-2,0,0,0,-80,-4,79,None
0,5,0,-14,34,-8,-8,-1,-2,0,0,0,-78,-18,69,None
0,-3,9,1,13,1,-10,-4,-5,0,0,0,-78,-18,69,None
0,6,12,-14,-32,5,-7,-7,-7,0,0,0,-78,-18,69,None
0,-2,1,2,25,4,-5,-5,-3,0,0,0,-78,-18,69,None
0,0,-21,21,4,8,10,4,4,0,0,0,-78,-18,69,None
0,0,-21,21,4,8,10,4,4,0,0,0,-78,-18,69,None
0,0,-21,21,4,8,10,4,4,0,0,0,-80,-31,64,None
0,-5,-19,-23,-72,1,1,-1,-1,0,0,0,-80,-31,64,None
0,3,9,19,-6,5,5,-1,1,0,0,0,-80,-31,64,None
0,4,2,-3,-1,-26,-7,-3,0,0,0,0,-80,-31,64,None
0,-3,4,1,-27,53,-6,-2,-4,0,0,0,-80,-31,64,None
0,-3,4,1,-27,53,-6,-2,-4,0,0,0,-80,-31,64,None
0,-3,4,1,-27,53,-6,-2,-4,0,0,0,-76,-44,58,None
0,-14,1,6,27,21,3,-2,-2,0,0,0,-76,-44,58,None
0,23,-12,2,72,-6,3,2,-1,0,0,0,-76,-44,58,None
0,-10,-2,-8,20,-23,-10,-8,-10,0,0,0,-76,-44,58,None
0,-2,12,-5,-76,-25,-1,10,17,0,0,0,-76,-44,58,None
0,-2,12,-5,-76,-25,-1,10,17,0,0,0,-76,-44,58,None
0,-2,12,-5,-76,-25,-1,10,17,0,0,0,-60,-62,60,None
0,-1,3,3,3,21,6,-2,-3,0,0,0,-60,-62,60,None
0,-5,6,0,-29,-35,-2,0,3,0,0,0,-60,-62,60,None
0,-7,0,-77,7,90,0,-5,-8,0,0,0,-60,-62,60,None
0,-8,3,-14,8,-11,-5,-7,-9,0,0,0,-60,-62,60,None
0,-8,3,-14,8,-11,-5,-7,-9,0,0,0,-60,-62,60,None
0,-8,3,-14,8,-11,-5,-7,-9,0,0,0,-35,-71,61,None
0,0,-17,40,20,-17,-15,0,1,0,0,0,-35,-71,61,None
0,-5,-5,-16,-25,-35,-11,-4,-5,0,0,0,-35,-71,61,None
0,-10,-4,-12,81,-14,-8,-5,-10,0,0,0,-35,-71,61,None
0,5,3,16,31,5,-6,-3,-3,0,0,0,-35,-71,61,None
0,5,3,16,31,5,-6,-3,-3,0,0,0,-35,-71,61,None
0,5,3,16,31,5,-6,-3,-3,0,0,0,-17,-44,45,None
0,2,15,-24,19,-22,-18,-6,-4,0,0,0,-17,-44,45,None
0,-31,-17,-59,-65,38,9,-5,-3,0,0,0,-17,-44,45,None
0,5,-11,37,-36,9,9,7,8,0,0,0,-17,-44,45,None
0,2,4,-24,-44,14,4,0,-3,0,0,0,-17,-44,45,None
0,2,4,-24,-44,14,4,0,-3,0,0,0,-17,-44,45,None
0,2,4,-24,-44,14,4,0,-3,0,0,0,-7,-40,33,None
0,-1,-3,40,-76,-7,17,2,-3,0,0,0,-7,-40,33,None
0,6,14,-6,-28,21,12,3,6,0,0,0,-7,-40,33,None
0,-2,-15,-23,60,-25,0,4,4,0,0,0,-7,-40,33,None
0,-9,16,-13,-3,0,1,-1,-2,0,0,0,-7,-40,33,None
0,-9,16,-13,-3,0,1,-1,-2,0,0,0,-7,-40,33,None
0,-9,16,-13,-3,0,1,-1,-2,0,0,0,3,-46,37,None
0,7,-2,-12,-47,21,9,-1,-1,0,0,0,3,-46,37,None
0,2,4,11,19,-19,-16,-4,-3,0,0,0,3,-46,37,None
0,-7,3,-12,-28,-7,-5,-3,-3,0,0,0,3,-46,37,None
0,-2,-10,16,-29,-24,3,-2,-3,0,0,0,3,-46,37,None
0,-2,-10,16,-29,-24,3,-2,-3,0,0,0,3,-46,37,None
0,-2,-10,16,-29,-24,3,-2,-3,0,0,0,2,-36,38,None
0,-5,5,-13,8,34,-8,-6,-1,0,0,0,2,-36,38,None
0,3,-5,-7,14,-35,-3,2,0,0,0,0,2,-36,38,None
0,-4,12,-77,-19,-15,-3,-6,-3,0,0,0,2,-36,38,None
0,-2,-13,8,-6,5,8,0,-1,0,0,0,2,-36,38,None
0,-2,-13,8,-6,5,8,0,-1,0,0,0,2,-36,38,None
0,-2,-13,8,-6,5,8,0,-1,0,0,0,-27,-35,49,None
0,1,5,-17,59,-12,-4,0,1,0,0,0,-27,-35,49,None
0,-2,-19,-12,-4,21,8,1,-2,0,0,0,-27,-35,49,None
0,-2,-5,36,-25,5,1,1,3,0,0,0,-27,-35,49,None
0,0,0,-81,69,-9,-13,-7,-5,0,0,0,-27,-35,49,None
0,0,0,-81,69,-9,-13,-7,-5,0,0,0,-27,-35,49,None
0,0,0,-81,69,-9,-13,-7,-5,0,0,0,-43,-55,57,None
0,11,-32,39,7,17,0,3,3,0,0,0,-43,-55,57,None
0,-9,-4,1,1,-2,4,0,-1,0,0,0,-43,-55,57,None
0,1,8,7,-28,-19,-8,-3,2,0,0,0,-43,-55,57,None
0,-1,3,-18,17,7,-10,-4,-3,0,0,0,-43,-55,57,None
0,-1,3,-18,17,7,-10,-4,-3,0,0,0,-43,-55,57,None
0,-1,3,-18,17,7,-10,-4,-3,0,0,0,-49,-75,63,None
0,-9,3,-13,20,23,6,-2,-3,0,0,0,-49,-75,63,None
0,4,5,23,-7,0,4,0,0,0,0,0,-49,-75,63,None
0,-3,9,52,19,-5,-8,-2,-2,0,0,0,-49,-75,63,None
0,2,3,17,-9,-1,3,2,0,0,0,0,-49,-75,63,None
0,2,3,17,-9,-1,3,2,0,0,0,0,-49,-75,63,None
0,2,3,17,-9,-1,3,2,0,0,0,0,-53,-80,64,None
0,-5,11,-17,-12,-17,-4,-2,-1,0,0,0,-53,-80,64,None
0,4,7,11,12,-3,-9,-3,-2,0,0,0,-53,-80,64,None
0,-4,-6,-5,-2,17,-3,2,-1,0,0,0,-53,-80,64,None
0,0,3,15,-34,16,5,-3,0,0,0,0,-53,-80,64,None
0,0,3,15,-34,16,5,-3,0,0,0,0,-53,-80,64,None
0,0,3,15,-34,16,5,-3,0,0,0,0,-57,-75,65,None
0,-5,2,2,37,3,-6,-2,-2,0,0,0,-57,-75,65,None
0,0,-2,-27,-7,-28,-8,-2,-1,0,0,0,-57,-75,65,None
0,3,5,13,9,15,8,-1,-2,0,0,0,-57,-75,65,None
0,3,22,47,8,-19,-1,-4,-1,0,0,0,-57,-75,65,None
0,3,22,47,8,-19,-1,-4,-1,0,0,0,-57,-75,65,None
0,3,22,47,8,-19,-1,-4,-1,0,0,0,-59,-73,65,None
0,-2,16,-31,5,-16,-22,-8,-5,0,0,0,-59,-73,65,None
0,1,-2,10,-13,25,9,2,1,0,0,0,-59,-73,65,None
0,-1,4,4,-14,-4,3,3,0,0,0,0,-59,-73,65,None
0,0,-2,18,38,-12,-3,0,-1,0,0,0,-59,-73,65,None
0,0,-2,18,38,-12,-3,0,-1,0,0,0,-59,-73,65,None
0,0,-2,18,38,-12,-3,0,-1,0,0,0,-56,-73,64,None
0,-3,-2,12,-2,14,-3,-5,-4,0,0,0,-56,-73,64,None
0,0,-8,7,-19,13,3,-3,-1,0,0,0,-56,-73,64,None
0,-1,-2,-6,15,-34,-9,-1,-1,0,0,0,-56,-73,64,None
0,-2,-3,-19,11,-5,-2,-1,0,0,0,0,-56,-73,64,None
0,-2,-3,-19,11,-5,-2,-1,0,0,0,0,-56,-73,64,None
0,-2,-3,-19,11,-5,-2,-1,0,0,0,0,-49,-71,61,None
0,1,1,-12,-31,8,8,1,-1,0,0,0,-49,-71,61,None
0,1,-8,13,9,18,9,1,1,0,0,0,-49,-71,61,None
0,-3,-5,-8,5,3,3,-2,-1,0,0,0,-49,-71,61,None
0,0,1,0,-31,-11,-2,-3,-1,0,0,0,-49,-71,61,None
0,0,1,0,-31,-11,-2,-3,-1,0,0,0,-49,-71,61,None
0,0,1,0,-31,-11,-2,-3,-1,0,0,0,-46,-67,59,None
0,0,1,52,5,31,14,4,2,0,0,0,-46,-67,59,None
0,-2,1,-1,11,-13,-12,-3,-4,0,0,0,-46,-67,59,None
0,-2,3,-6,-7,4,-4,-3,-1,0,0,0,-46,-67,59,None
0,0,-1,3,4,-3,2,1,-1,0,0,0,-46,-67,59,None
0,0,-1,3,4,-3,2,1,-1,0,0,0,-46,-67,59,None
0,0,-1,3,4,-3,2,1,-1,0,0,0,-45,-62,56,None
0,-2,0,-11,8,-5,-9,-2,-2,0,0,0,-45,-62,56,None
0,-3,-2,-13,22,-5,-2,-3,-4,0,0,0,-45,-62,56,None
0,1,5,16,-11,20,6,1,-1,0,0,0,-45,-62,56,None
0,0,2,-4,4,5,-4,-2,-1,0,0,0,-45,-62,56,None
0,0,2,-4,4,5,-4,-2,-1,0,0,0,-45,-62,56,None
0,0,2,-4,4,5,-4,-2,-1,0,0,0,-42,-58,54,None
0,0,-4,-16,9,-15,3,1,1,0,0,0,-42,-58,54,None
0,-1,3,6,1,32,6,-2,-2,0,0,0,-42,-58,54,None
0,-1,1,-9,-1,-12,1,-1,-1,0,0,0,-42,-58,54,None
0,-5,-6,0,16,5,-4,-3,-3,0,0,0,-42,-58,54,None
0,-5,-6,0,16,5,-4,-3,-3,0,0,0,-42,-58,54,None
0,-5,-6,0,16,5,-4,-3,-3,0,0,0,-41,-57,54,None
0,-3,1,-15,-6,-21,-6,-1,-2,0,0,0,-41,-57,54,None
0,2,3,4,-13,-6,-4,2,2,0,0,0,-41,-57,54,None
0,-3,-3,0,-6,12,-4,-3,-1,0,0,0,-41,-57,54,None
0,-3,-3,-5,-2,-2,-3,0,-2,0,0,0,-41,-57,54,None
0,-3,-3,-5,-2,-2,-3,0,-2,0,0,0,-41,-57,54,None
0,-3,-3,-5,-2,-2,-3,0,-2,0,0,0,-40,-57,53,None
0,0,0,-3,-4,-3,0,-1,-2,0,0,0,-40,-57,53,None
0,0,3,0,8,1,1,-3,-4,0,0,0,-40,-57,53,None
0,0,-1,-2,2,1,-3,-3,-3,0,0,0,-40,-57,53,None
0,1,1,0,-10,6,4,-1,0,0,0,0,-40,-57,53,None
0,1,1,0,-10,6,4,-1,0,0,0,0,-40,-57,53,None
0,1,1,0,-10,6,4,-1,0,0,0,0,-35,-52,49,None
0,-2,3,-8,-3,0,10,1,-1,0,0,0,-35,-52,49,None
0,-2,-2,-3,1,-6,-19,-2,-2,0,0,0,-35,-52,49,None
0,-1,0,-4,1,-28,5,-12,0,0,0,0,-35,-52,49,None
0,-1,0,0,14,37,2,9,-2,0,0,0,-35,-52,49,None
0,-1,0,0,14,37,2,9,-2,0,0,0,-35,-52,49,None
0,-1,0,0,14,37,2,9,-2,0,0,0,-28,-41,47,None
0,-3,-3,-8,21,-11,-10,-3,-3,0,0,0,-28,-41,47,None
0,-2,-3,-6,7,-6,-2,-2,-3,0,0,0,-28,-41,47,None
0,1,4,4,-12,5,-1,-2,0,0,0,0,-28,-41,47,None
0,-2,3,-3,6,-12,-1,-6,-3,0,0,0,-28,-41,47,None
0,-2,3,-3,6,-12,-1,-6,-3,0,0,0,-28,-41,47,None
0,-2,3,-3,6,-12,-1,-6,-3,0,0,0,-21,-39,44,None
0,0,-2,-6,2,0,2,0,1,0,0,0,-21,-39,44,None
0,0,2,2,-19,9,9,-1,-3,0,0,0,-21,-39,44,None
0,-2,3,-1,4,4,2,2,1,0,0,0,-21,-39,44,None
0,-1,-1,-4,0,-8,-8,-7,-2,0,0,0,-21,-39,44,None
0,-1,-1,-4,0,-8,-8,-7,-2,0,0,0,-21,-39,44,None
0,-1,-1,-4,0,-8,-8,-7,-2,0,0,0,-19,-44,41,None
0,-3,-3,-4,-11,-1,-11,4,-3,0,0,0,-19,-44,41,None
0,-1,0,-1,-6,-6,-2,-6,0,0,0,0,-19,-44,41,None
0,-1,-3,-3,22,6,0,1,-2,0,0,0,-19,-44,41,None
0,-3,-3,-5,1,-5,-9,1,1,0,0,0,-19,-44,41,None
0,-3,-3,-5,1,-5,-9,1,1,0,0,0,-19,-44,41,None
0,-3,-3,-5,1,-5,-9,1,1,0,0,0,-14,-44,32,None
0,0,2,0,3,0,8,-4,-3,0,0,0,-14,-44,32,None
0,-1,2,-1,14,0,2,5,4,0,0,0,-14,-44,32,None
0,-1,-2,-2,12,8,-5,-13,-2,0,0,0,-14,-44,32,None
0,0,1,2,-3,0,6,8,-2,0,0,0,-14,-44,32,None
0,0,1,2,-3,0,6,8,-2,0,0,0,-14,-44,32,None
0,0,1,2,-3,0,6,8,-2,0,0,0,-7,-41,26,None
0,-1,2,-2,2,-5,-2,-4,-1,0,0,0,-7,-41,26,None
0,-1,0,-4,11,1,0,0,1,0,0,0,-7,-41,26,None
0,-1,-1,-1,-1,2,-6,-5,-3,0,0,0,-7,-41,26,None
0,-1,1,-2,-5,1,1,6,-1,0,0,0,-7,-41,26,None
0,-1,1,-2,-5,1,1,6,-1,0,0,0,-7,-41,26,None
0,-1,1,-2,-5,1,1,6,-1,0,0,0,-4,-50,28,None
0,-1,-3,-7,0,-4,-7,-6,-3,0,0,0,-4,-50,28,None
0,-2,-5,-5,0,-2,-6,-1,-1,0,0,0,-4,-50,28,None
0,0,2,-1,12,-1,-4,-3,-2,0,0,0,-4,-50,28,None
0,-1,1,-1,5,2,5,-4,0,0,0,0,-4,-50,28,None
0,-1,1,-1,5,2,5,-4,0,0,0,0,-4,-50,28,None
0,-1,1,-1,5,2,5,-4,0,0,0,0,-8,-65,28,None
0,-1,-1,-4,-1,3,-2,1,-1,0,0,0,-8,-65,28,None
0,-1,2,3,-5,-1,2,-1,0,0,0,0,-8,-65,28,None
0,-1,3,1,-3,2,7,3,-1,0,0,0,-8,-65,28,None
0,-2,-2,-4,-12,-4,-5,-6,-1,0,0,0,-8,-65,28,None
0,-2,-2,-4,-12,-4,-5,-6,-1,0,0,0,-8,-65,28,None
0,-2,-2,-4,-12,-4,-5,-6,-1,0,0,0,-19,-69,18,None
0,-1,0,-4,1,2,-2,-2,0,0,0,0,-19,-69,18,None
0,-2,0,0,13,1,2,-2,-1,0,0,0,-19,-69,18,None
0,-3,-3,-5,-10,2,-11,1,-2,0,0,0,-19,-69,18,None
0,-2,-4,-8,0,-6,-8,-2,-3,0,0,0,-19,-69,18,None
0,-2,-4,-8,0,-6,-8,-2,-3,0,0,0,-19,-69,18,None
0,-2,-4,-8,0,-6,-8,-2,-3,0,0,0,-21,-61,8,None
0,0,2,2,5,-1,2,0,-2,0,0,0,-21,-61,8,None
0,-1,0,-2,3,4,4,-12,-2,0,0,0,-21,-61,8,None
0,1,0,-2,-4,0,-7,13,-2,0,0,0,-21,-61,8,None
0,-2,0,2,30,5,10,-2,1,0,0,0,-21,-61,8,None
0,-2,0,2,30,5,10,-2,1,0,0,0,-21,-61,8,None
0,-2,0,2,30,5,10,-2,1,0,0,0,-21,-66,22,None
0,1,3,-1,3,1,4,-3,-1,0,0,0,-21,-66,22,None
0,-4,-2,-2,-26,-1,-7,-3,-6,0,0,0,-21,-66,22,None
0,-2,-2,-4,0,5,2,1,-2,0,0,0,-21,-66,22,None
0,-1,1,1,8,-1,-4,-9,-2,0,0,0,-21,-66,22,None
0,-1,1,1,8,-1,-4,-9,-2,0,0,0,-21,-66,22,None
0,-1,1,1,8,-1,-4,-9,-2,0,0,0,-31,-77,26,None
0,-2,-2,-7,-3,-7,-8,1,-1,0,0,0,-31,-77,26,None
0,-2,-3,-7,7,-2,-8,-2,-3,0,0,0,-31,-77,26,None
0,0,2,1,15,4,7,0,1,0,0,0,-31,-77,26,None
0,-2,2,-1,-3,-2,-6,0,-3,0,0,0,-31,-77,26,None
0,-2,2,-1,-3,-2,-6,0,-3,0,0,0,-31,-77,26,None
0,-2,2,-1,-3,-2,-6,0,-3,0,0,0,-45,-78,19,None
0,-3,0,-2,-19,3,3,-1,0,0,0,0,-45,-78,19,None
0,0,5,3,3,-1,9,3,1,0,0,0,-45,-78,19,None
0,0,6,2,1,1,6,-2,1,0,0,0,-45,-78,19,None
0,0,1,-3,-17,4,3,-1,1,0,0,0,-45,-78,19,None
0,0,1,-3,-17,4,3,-1,1,0,0,0,-45,-78,19,None
0,0,1,-3,-17,4,3,-1,1,0,0,0,-49,-68,10,None
0,0,2,1,3,3,4,0,-1,0,0,0,-49,-68,10,None
0,-1,4,-2,6,-2,-4,1,-2,0,0,0,-49,-68,10,None
0,-3,-1,-5,-19,-4,-8,0,-2,0,0,0,-49,-68,10,None
0,0,0,-1,-6,0,1,-2,0,0,0,0,-49,-68,10,None
0,0,0,-1,-6,0,1,-2,0,0,0,0,-49,-68,10,None
0,0,0,-1,-6,0,1,-2,0,0,0,0,-52,-73,31,None
0,-1,4,-1,14,0,4,-2,0,0,0,0,-52,-73,31,None
0,-1,-4,-5,7,-2,-10,1,-1,0,0,0,-52,-73,31,None
0,-3,-3,-3,-4,4,-10,-6,-3,0,0,0,-52,-73,31,None
0,1,0,1,11,-2,7,-2,1,0,0,0,-52,-73,31,None
0,1,0,1,11,-2,7,-2,1,0,0,0,-52,-73,31,None
0,1,0,1,11,-2,7,-2,1,0,0,0,-60,-84,36,None
0,-2,-1,-2,0,4,5,3,0,0,0,0,-60,-84,36,None
0,-2,-4,-2,7,-1,-6,-2,-2,0,0,0,-60,-84,36,None
0,-1,3,4,-2,5,0,-3,-1,0,0,0,-60,-84,36,None
0,-2,2,-4,13,-6,-4,-4,-5,0,0,0,-60,-84,36,None
0,-2,2,-4,13,-6,-4,-4,-5,0,0,0,-60,-84,36,None
0,-2,2,-4,13,-6,-4,-4,-5,0,0,0,-68,-81,28,None
0,-2,-3,-5,3,-2,-4,-1,-2,0,0,0,-68,-81,28,None
0,-1,1,-1,-2,-1,0,-1,-2,0,0,0,-68,-81,28,None
0,-1,4,-1,-2,4,4,-1,0,0,0,0,-68,-81,28,None
0,-1,0,-3,-4,-2,-1,1,-1,0,0,0,-68,-81,28,None
0,-1,0,-3,-4,-2,-1,1,-1,0,0,0,-68,-81,28,None
0,-1,0,-3,-4,-2,-1,1,-1,0,0,0,-61,-71,27,None
0,0,4,1,-8,1,-9,-4,-2,0,0,0,-61,-71,27,None
0,0,5,2,-21,9,18,1,1,0,0,0,-61,-71,27,None
0,0,5,2,-21,9,18,1,1,0,0,0,-61,-71,27,None
0,0,5,2,-21,9,18,1,1,0,0,0,-55,-78,44,None
0,-1,-1,-2,5,5,4,3,1,0,0,0,-55,-78,44,None
0,-2,-4,-3,-35,-9,-9,-3,-2,0,0,0,-55,-78,44,None
0,0,3,5,-3,0,4,-4,-1,0,0,0,-55,-78,44,None
0,0,0,-1,9,-5,-15,-4,-3,0,0,0,-55,-78,44,None
0,-2,-5,-7,6,-14,-3,1,1,0,0,0,-55,-78,44,None
0,-2,0,0,3,16,-1,-2,-2,0,0,0,-55,-78,44,None
0,-2,0,0,3,16,-1,-2,-2,0,0,0,-55,-78,44,None
0,-2,0,0,3,16,-1,-2,-2,0,0,0,-54,-95,42,None
0,-1,1,-3,28,-2,0,0,-2,0,0,0,-54,-95,42,None
0,-3,-3,-12,2,-9,-12,0,-2,0,0,0,-54,-95,42,None
0,-3,-3,-12,2,-9,-12,0,-2,0,0,0,-54,-95,42,None
0,-3,-3,-12,2,-9,-12,0,-2,0,0,0,-42,-103,33,None
0,0,-2,-3,-32,-10,-3,-2,-2,0,0,0,-42,-103,33,None
0,-3,2,4,29,-3,4,-3,-2,0,0,0,-42,-103,33,None
0,-2,-3,-3,-1,17,-2,-1,0,0,0,0,-42,-103,33,None
0,-1,-4,-7,-20,-11,-1,-3,-3,0,0,0,-42,-103,33,None
0,-1,-4,-7,-20,-11,-1,-3,-3,0,0,0,-42,-103,33,None
0,-1,-4,-7,-20,-11,-1,-3,-3,0,0,0,-25,-112,39,None
0,1,5,13,9,16,2,0,-1,0,0,0,-25,-112,39,None
0,-1,-3,-22,-20,-16,-5,-2,-2,0,0,0,-25,-112,39,None
0,-3,-6,-4,-1,9,-11,-2,-6,0,0,0,-25,-112,39,None
0,-1,-1,0,8,20,1,1,1,0,0,0,-25,-112,39,None
0,-1,-1,0,8,20,1,1,1,0,0,0,-25,-112,39,None
0,-1,-1,0,8,20,1,1,1,0,0,0,-21,-126,33,None
0,-2,-4,-2,12,-21,-8,-4,-2,0,0,0,-21,-126,33,None
0,-4,-7,-6,14,16,-13,-3,-5,0,0,0,-21,-126,33,None
0,-2,-5,-3,-40,-41,-3,-5,-2,0,0,0,-21,-126,33,None
0,-1,-1,-20,-22,13,3,1,0,0,0,0,-21,-126,33,None
0,-1,-1,-20,-22,13,3,1,0,0,0,0,-21,-126,33,None
0,-1,-1,-20,-22,13,3,1,0,0,0,0,-15,-123,24,None
0,-6,-6,-2,-1,-7,-10,-4,-6,0,0,0,-15,-123,24,None
0,0,0,5,20,-8,2,-2,0,0,0,0,-15,-123,24,None
0,2,7,5,-20,6,9,-1,-2,0,0,0,-15,-123,24,None
0,-1,1,-10,45,2,2,-1,-2,0,0,0,-15,-123,24,None
0,-1,1,-10,45,2,2,-1,-2,0,0,0,-15,-123,24,None
0,-1,1,-10,45,2,2,-1,-2,0,0,0,-4,-120,18,None
0,-2,-4,-10,-2,-9,-11,-8,-6,0,0,0,-4,-120,18,None
0,3,5,-2,-3,6,14,5,3,0,0,0,-4,-120,18,None
0,-2,2,-2,12,-30,-3,0,1,0,0,0,-4,-120,18,None
0,-3,-5,8,69,35,-11,0,-3,0,0,0,-4,-120,18,None
0,-3,-5,8,69,35,-11,0,-3,0,0,0,-4,-120,18,None
0,-3,-5,8,69,35,-11,0,-3,0,0,0,4,-124,23,None
0,-1,3,-8,-50,-26,5,2,0,0,0,0,4,-124,23,None
0,-1,-1,14,-3,29,-8,-8,-2,0,0,0,4,-124,23,None
0,-1,0,7,42,19,-6,4,2,0,0,0,4,-124,23,None
0,2,-2,-2,-58,-24,3,-1,1,0,0,0,4,-124,23,None
0,2,-2,-2,-58,-24,3,-1,1,0,0,0,4,-124,23,None
0,2,-2,-2,-58,-24,3,-1,1,0,0,0,8,-125,23,None
0,1,6,7,33,45,17,5,0,0,0,0,8,-125,23,None
0,-4,-1,5,12,-2,-6,0,-6,0,0,0,8,-125,23,None
0,-5,-6,-11,-6,-35,-14,-6,-4,0,0,0,8,-125,23,None
0,0,4,21,0,60,9,0,-1,0,0,0,8,-125,23,None
0,0,4,21,0,60,9,0,-1,0,0,0,8,-125,23,None
0,0,4,21,0,60,9,0,-1,0,0,0,12,-133,14,None
0,-1,-2,-8,-54,8,13,1,1,0,0,0,12,-133,14,None
0,0,1,-6,37,-9,0,-1,0,0,0,0,12,-133,14,None
0,2,3,-4,-10,-23,-1,2,1,0,0,0,12,-133,14,None
0,-2,6,-2,-3,37,8,-1,-6,0,0,0,12,-133,14,None
0,-2,6,-2,-3,37,8,-1,-6,0,0,0,12,-133,14,None
0,-2,6,-2,-3,37,8,-1,-6,0,0,0,21,-139,11,None
0,-2,1,25,127,-41,-18,-7,-3,0,0,0,21,-139,11,None
0,-1,-5,-17,-20,29,1,0,3,0,0,0,21,-139,11,None
0,0,-1,-30,-84,-45,0,-2,-5,0,0,0,21,-139,11,None
0,1,2,2,-19,56,0,-2,1,0,0,0,21,-139,11,None
0,1,2,2,-19,56,0,-2,1,0,0,0,21,-139,11,None
0,1,2,2,-19,56,0,-2,1,0,0,0,31,-130,8,None
0,-1,-3,-2,-31,-15,-8,0,-1,0,0,0,31,-130,8,None
0,1,4,-5,-33,-46,-2,0,2,0,0,0,31,-130,8,None
0,-1,1,8,74,25,5,0,2,0,0,0,31,-130,8,None
0,-3,-4,-14,30,-87,-14,-2,-3,0,0,0,31,-130,8,None
0,-3,-4,-14,30,-87,-14,-2,-3,0,0,0,31,-130,8,None
0,-3,-4,-14,30,-87,-14,-2,-3,0,0,0,31,-118,4,None
0,0,0,5,57,92,5,-2,-2,0,0,0,31,-118,4,None
0,-3,1,10,54,-62,-4,-10,-4,0,0,0,31,-118,4,None
0,-2,-3,-13,-39,18,-4,-1,0,0,0,0,31,-118,4,None
0,0,4,13,21,27,21,8,3,0,0,0,31,-118,4,None
0,0,4,13,21,27,21,8,3,0,0,0,31,-118,4,None
0,0,4,13,21,27,21,8,3,0,0,0,39,-119,4,None
0,0,5,6,-16,-53,6,-1,0,0,0,0,39,-119,4,None
0,3,7,4,45,-19,1,2,3,0,0,0,39,-119,4,None
0,-4,4,41,11,47,4,-1,-5,0,0,0,39,-119,4,None
0,-4,-7,-1,4,-27,2,-7,-4,0,0,0,39,-119,4,None
0,-4,-7,-1,4,-27,2,-7,-4,0,0,0,39,-119,4,None
0,-4,-7,-1,4,-27,2,-7,-4,0,0,0,53,-118,3,None
0,-1,4,10,-68,10,-4,1,-1,0,0,0,53,-118,3,None
0,-3,-5,4,-4,30,-10,-4,-3,0,0,0,53,-118,3,None
0,0,3,-19,-66,35,-2,-8,-5,0,0,0,53,-118,3,None
0,0,8,17,33,-26,-4,2,-3,0,0,0,53,-118,3,None
0,0,8,17,33,-26,-4,2,-3,0,0,0,53,-118,3,None
0,0,8,17,33,-26,-4,2,-3,0,0,0,58,-109,0,None
0,-7,-14,-46,-61,-53,-6,-6,-8,0,0,0,58,-109,0,None
0,-4,-4,4,21,12,1,-3,-7,0,0,0,58,-109,0,None
0,3,9,16,50,59,17,1,4,0,0,0,58,-109,0,None
0,-5,-4,-26,-23,-28,-6,-5,-1,0,0,0,58,-109,0,None
0,-5,-4,-26,-23,-28,-6,-5,-1,0,0,0,58,-109,0,None
0,-5,-4,-26,-23,-28,-6,-5,-1,0,0,0,57,-99,-2,None
0,1,1,-8,-30,-21,-2,4,1,0,0,0,57,-99,-2,None
0,-2,3,-12,-19,-1,-1,0,-1,0,0,0,57,-99,-2,None
0,-2,3,4,2,4,3,1,-3,0,0,0,57,-99,-2,None
0,-5,-7,-5,-15,-44,-19,-8,-5,0,0,0,57,-99,-2,None
0,-5,-7,-5,-15,-44,-19,-8,-5,0,0,0,57,-99,-2,None
0,-5,-7,-5,-15,-44,-19,-8,-5,0,0,0,60,-96,-3,None
0,0,2,4,-30,56,4,3,0,0,0,0,60,-96,-3,None
0,1,1,-8,-46,11,5,-1,0,0,0,0,60,-96,-3,None
0,2,3,-1,10,-2,-7,-2,-1,0,0,0,60,-96,-3,None
0,2,3,10,-4,-16,3,3,4,0,0,0,60,-96,-3,None
0,2,3,10,-4,-16,3,3,4,0,0,0,60,-96,-3,None
0,2,3,10,-4,-16,3,3,4,0,0,0,71,-91,-6,None
0,1,3,-16,14,58,8,-1,1,0,0,0,71,-91,-6,None
0,-2,-1,13,-5,5,-1,-1,-1,0,0,0,71,-91,-6,None
0,-1,-6,-22,35,-51,-8,-2,-1,0,0,0,71,-91,-6,None
0,-3,-3,-19,-118,18,-5,-5,-3,0,0,0,71,-91,-6,None
0,-3,-3,-19,-118,18,-5,-5,-3,0,0,0,71,-91,-6,None
0,-3,-3,-19,-118,18,-5,-5,-3,0,0,0,72,-102,-6,None
0,3,4,5,66,7,2,0,1,0,0,0,72,-102,-6,None
0,0,2,-4,-34,0,-4,1,-1,0,0,0,72,-102,-6,None
0,0,-5,-1,9,-81,0,-3,0,0,0,0,72,-102,-6,None
0,-1,7,-27,-11,40,0,-3,-2,0,0,0,72,-102,-6,None
0,-1,7,-27,-11,40,0,-3,-2,0,0,0,72,-102,-6,None
0,-1,7,-27,-11,40,0,-3,-2,0,0,0,74,-103,-2,None
0,-3,3,3,24,-38,-4,-2,-2,0,0,0,74,-103,-2,None
0,-1,0,-7,-20,5,-2,-2,-2,0,0,0,74,-103,-2,None
0,-6,-22,-1,3,2,-3,-1,-1,0,0,0,74,-103,-2,None
0,-1,-1,11,4,-3,8,4,-1,0,0,0,74,-103,-2,None
0,-1,-1,11,4,-3,8,4,-1,0,0,0,74,-103,-2,None
0,-1,-1,11,4,-3,8,4,-1,0,0,0,66,-92,-5,None
0,-2,-7,-5,8,6,-6,-4,-1,0,0,0,66,-92,-5,None
0,-3,-6,-3,-5,9,-2,-3,-2,0,0,0,66,-92,-5,None
0,0,13,6,18,8,1,4,1,0,0,0,66,-92,-5,None
0,-2,0,4,43,3,-6,-1,-2,0,0,0,66,-92,-5,None
0,-2,0,4,43,3,-6,-1,-2,0,0,0,66,-92,-5,None
0,-2,0,4,43,3,-6,-1,-2,0,0,0,55,-87,-4,None
0,-3,0,-1,39,14,-3,-5,-2,0,0,0,55,-87,-4,None
0,1,6,3,32,-16,5,2,-1,0,0,0,55,-87,-4,None
0,-6,-5,-7,-16,23,-7,-5,-4,0,0,0,55,-87,-4,None
0,2,2,0,27,-2,-3,-3,-1,0,0,0,55,-87,-4,None
0,2,2,0,27,-2,-3,-3,-1,0,0,0,55,-87,-4,None
0,2,2,0,27,-2,-3,-3,-1,0,0,0,59,-89,-4,None
0,2,8,-1,-19,-15,0,-1,0,0,0,0,59,-89,-4,None
0,-2,-2,-7,17,48,4,-3,-1,0,0,0,59,-89,-4,None
0,-2,0,-7,-11,4,2,0,-3,0,0,0,59,-89,-4,None
0,0,1,3,14,1,2,-2,0,0,0,0,59,-89,-4,None
0,0,1,3,14,1,2,-2,0,0,0,0,59,-89,-4,None
0,0,1,3,14,1,2,-2,0,0,0,0,57,-88,-4,None
0,0,2,-3,-48,-6,-4,-4,-2,0,0,0,57,-88,-4,None
0,-1,-2,-11,-29,-19,-8,-2,0,0,0,0,57,-88,-4,None
0,1,6,3,4,23,-1,-1,-2,0,0,0,57,-88,-4,None
0,-2,1,7,14,-3,0,-3,-1,0,0,0,57,-88,-4,None
0,-2,1,7,14,-3,0,-3,-1,0,0,0,57,-88,-4,None
0,-2,1,7,14,-3,0,-3,-1,0,0,0,59,-80,-7,None
0,-2,-1,-3,1,-14,-2,-2,0,0,0,0,59,-80,-7,None
0,-1,0,-1,-9,2,-2,0,-3,0,0,0,59,-80,-7,None
0,-1,2,-3,-13,6,2,-2,-2,0,0,0,59,-80,-7,None
0,3,2,-2,-12,-19,-2,-2,0,0,0,0,59,-80,-7,None
0,3,2,-2,-12,-19,-2,-2,0,0,0,0,59,-80,-7,None
0,3,2,-2,-12,-19,-2,-2,0,0,0,0,57,-78,-9,None
0,-1,4,-5,14,-6,-4,-1,-4,0,0,0,57,-78,-9,None
0,-5,-2,-8,-30,30,4,-3,-4,0,0,0,57,-78,-9,None
0,3,2,-3,11,-13,-5,-2,-2,0,0,0,57,-78,-9,None
0,-2,-5,-4,5,-3,-7,-1,0,0,0,0,57,-78,-9,None
0,-2,-5,-4,5,-3,-7,-1,0,0,0,0,57,-78,-9,None
0,-2,-5,-4,5,-3,-7,-1,0,0,0,0,56,-81,-11,None
0,0,2,1,11,-4,-3,-1,0,0,0,0,56,-81,-11,None
0,1,4,3,18,0,-1,0,0,0,0,0,56,-81,-11,None
0,-4,-3,-5,-2,-1,-5,-1,-3,0,0,0,56,-81,-11,None
0,-1,2,-4,-12,-4,-4,-2,-1,0,0,0,56,-81,-11,None
0,-1,2,-4,-12,-4,-4,-2,-1,0,0,0,56,-81,-11,None
0,-1,2,-4,-12,-4,-4,-2,-1,0,0,0,57,-81,-13,None
0,-3,-4,3,-11,17,3,-1,-4,0,0,0,57,-81,-13,None
0,-1,-1,1,-36,-26,2,0,-1,0,0,0,57,-81,-13,None
0,-2,-2,-4,18,12,-6,-3,-1,0,0,0,57,-81,-13,None
0,1,-2,-1,-17,-2,2,-2,-1,0,0,0,57,-81,-13,None
0,1,-2,-1,-17,-2,2,-2,-1,0,0,0,57,-81,-13,None
0,1,-2,-1,-17,-2,2,-2,-1,0,0,0,56,-80,-14,None
0,-3,-2,-3,8,6,-1,-1,0,0,0,0,56,-80,-14,None
0,-1,-3,-3,7,-9,-5,-3,-2,0,0,0,56,-80,-14,None
0,2,0,1,6,4,-3,0,-2,0,0,0,56,-80,-14,None
0,-1,0,-3,-4,-11,-3,-1,-4,0,0,0,56,-80,-14,None
0,-1,0,-3,-4,-11,-3,-1,-4,0,0,0,56,-80,-14,None
0,-1,0,-3,-4,-11,-3,-1,-4,0,0,0,57,-79,-15,None
0,-2,-3,0,16,-23,-2,-2,-1,0,0,0,57,-79,-15,None
0,0,4,2,4,39,-2,-1,0,0,0,0,57,-79,-15,None
0,-1,1,-3,-8,-11,1,-1,-2,0,0,0,57,-79,-15,None
0,-2,3,1,0,4,2,-1,1,0,0,0,57,-79,-15,None
0,-2,3,1,0,4,2,-1,1,0,0,0,57,-79,-15,None
0,-2,3,1,0,4,2,-1,1,0,0,0,55,-78,-14,None
0,-2,-2,-6,-2,-2,-3,-2,-4,0,0,0,55,-78,-14,None
0,2,1,4,16,-1,1,0,2,0,0,0,55,-78,-14,None
0,-6,0,-3,-41,-9,-1,-2,-4,0,0,0,55,-78,-14,None
0,-2,-3,-2,10,22,-3,-1,-1,0,0,0,55,-78,-14,None
0,-2,-3,-2,10,22,-3,-1,-1,0,0,0,55,-78,-14,None
0,-2,-3,-2,10,22,-3,-1,-1,0,0,0,55,-77,-15,None
0,-2,0,-2,1,-2,-2,-3,-2,0,0,0,55,-77,-15,None
0,-2,2,2,9,-1,2,-2,-1,0,0,0,55,-77,-15,None
0,-1,0,-5,6,4,-4,-3,0,0,0,0,55,-77,-15,None
0,0,3,-1,1,-6,1,0,-2,0,0,0,55,-77,-15,None
0,0,3,-1,1,-6,1,0,-2,0,0,0,55,-77,-15,None
0,0,3,-1,1,-6,1,0,-2,0,0,0,56,-77,-14,None
0,0,0,-1,-17,-1,1,-1,1,0,0,0,56,-77,-14,None
0,2,2,-3,0,-8,-2,0,0,0,0,0,56,-77,-14,None
0,-2,-1,-2,10,1,-2,-2,-2,0,0,0,56,-77,-14,None
0,-2,-1,-1,-15,-5,2,0,-2,0,0,0,56,-77,-14,None
0,-2,-1,-1,-15,-5,2,0,-2,0,0,0,56,-77,-14,None
0,-2,-1,-1,-15,-5,2,0,-2,0,0,0,56,-77,-14,None
0,0,0,0,13,20,0,-1,-1,0,0,0,56,-77,-14,None
0,-4,-2,-6,2,-15,-6,-1,-3,0,0,0,56,-77,-14,None
0,-4,4,1,4,8,-1,-1,1,0,0,0,56,-77,-14,None
0,4,-6,1,18,9,-1,-3,-2,0,0,0,56,-77,-14,None
0,4,-6,1,18,9,-1,-3,-2,0,0,0,56,-77,-14,None
0,4,-6,1,18,9,-1,-3,-2,0,0,0,58,-80,-13,None
0,-3,-4,-8,-15,-13,-6,-3,-2,0,0,0,58,-80,-13,None
0,-1,0,-3,-14,-7,0,-1,-1,0,0,0,58,-80,-13,None
0,0,-4,-1,-1,-1,2,-1,-1,0,0,0,58,-80,-13,None
0,-2,5,-1,-3,2,0,-4,-1,0,0,0,58,-80,-13,None
0,-2,5,-1,-3,2,0,-4,-1,0,0,0,58,-80,-13,None
0,-2,5,-1,-3,2,0,-4,-1,0,0,0,59,-83,-13,None
0,-1,0,0,3,-5,1,2,1,0,0,0,59,-83,-13,None
0,-3,-2,-1,9,-12,0,1,-2,0,0,0,59,-83,-13,None
0,1,6,-1,-46,31,2,-1,-1,0,0,0,59,-83,-13,None
0,-3,1,-6,-6,-28,-7,-3,-2,0,0,0,59,-83,-13,None
0,-3,1,-6,-6,-28,-7,-3,-2,0,0,0,59,-83,-13,None
0,-3,1,-6,-6,-28,-7,-3,-2,0,0,0,59,-87,-12,None
0,0,0,2,1,8,0,-1,-2,0,0,0,59,-87,-12,None
0,-1,3,-3,-4,5,-1,-1,0,0,0,0,59,-87,-12,None
0,-1,-2,-2,19,-8,-3,-1,-1,0,0,0,59,-87,-12,None
0,-1,1,-2,4,-2,-4,-2,-2,0,0,0,59,-87,-12,None
0,-1,1,-2,4,-2,-4,-2,-2,0,0,0,59,-87,-12,None
0,-1,1,-2,4,-2,-4,-2,-2,0,0,0,58,-85,-10,None
0,-2,0,-2,-16,4,3,-1,-1,0,0,0,58,-85,-10,None
0,4,1,3,12,5,-1,0,1,0,0,0,58,-85,-10,None
0,-3,0,-1,47,13,-1,-3,-3,0,0,0,58,-85,-10,None
0,-3,-2,-4,-43,4,3,-1,-3,0,0,0,58,-85,-10,None
0,-3,-2,-4,-43,4,3,-1,-3,0,0,0,58,-85,-10,None
0,-3,-2,-4,-43,4,3,-1,-3,0,0,0,56,-84,-9,None
0,-1,3,-1,12,0,1,-3,-2,0,0,0,56,-84,-9,None
0,-2,1,-1,6,-5,-3,-2,-1,0,0,0,56,-84,-9,None
0,-2,-1,-1,2,-9,-2,-2,-1,0,0,0,56,-84,-9,None
0,-2,1,-1,7,-1,0,-1,-1,0,0,0,56,-84,-9,None
0,-2,1,-1,7,-1,0,-1,-1,0,0,0,56,-84,-9,None
0,-2,1,-1,7,-1,0,-1,-1,0,0,0,57,-83,-9,None
0,1,1,-2,17,17,-6,0,0,0,0,0,57,-83,-9,None
0,-2,-2,-6,-5,-23,-4,-6,-5,0,0,0,57,-83,-9,None
0,-2,-1,0,-12,4,1,-1,-2,0,0,0,57,-83,-9,None
0,0,3,0,8,17,4,0,-1,0,0,0,57,-83,-9,None
0,0,3,0,8,17,4,0,-1,0,0,0,57,-83,-9,None
0,0,3,0,8,17,4,0,-1,0,0,0,57,-83,-9,None
0,0,-1,-3,-4,-11,-2,0,-2,0,0,0,57,-83,-9,None
0,-1,0,-2,-15,1,-1,-2,-2,0,0,0,57,-83,-9,None
0,-1,3,0,-6,-10,1,0,-2,0,0,0,57,-83,-9,None
0,-1,-1,-2,13,-8,-6,0,-1,0,0,0,57,-83,-9,None
0,-1,-1,-2,13,-8,-6,0,-1,0,0,0,57,-83,-9,None
0,-1,-1,-2,13,-8,-6,0,-1,0,0,0,57,-83,-10,None
0,-2,-1,-4,-8,14,0,-2,-2,0,0,0,57,-83,-10,None
0,-1,1,0,16,-13,-1,-2,-1,0,0,0,57,-83,-10,None
0,-2,-4,-8,-13,-10,-6,-4,-3,0,0,0,57,-83,-10,None
0,0,0,-1,-2,-5,-4,-2,-1,0,0,0,57,-83,-10,None
0,0,0,-1,-2,-5,-4,-2,-1,0,0,0,57,-83,-10,None
0,0,0,-1,-2,-5,-4,-2,-1,0,0,0,56,-82,-10,None
0,0,1,1,-6,-3,-1,-1,-2,0,0,0,56,-82,-10,None
0,-1,0,-3,-4,8,-2,-1,-1,0,0,0,56,-82,-10,None
0,0,-2,-2,10,-9,1,0,1,0,0,0,56,-82,-10,None
0,-1,1,0,16,15,3,0,0,0,0,0,56,-82,-10,None
0,-1,1,0,16,15,3,0,0,0,0,0,56,-82,-10,None
0,-1,1,0,16,15,3,0,0,0,0,0,55,-81,-11,None
0,5,4,-3,-29,-10,-1,-3,0,0,0,0,55,-81,-11,None
0,-2,-1,-2,11,35,1,-2,-1,0,0,0,55,-81,-11,None
0,-1,0,-2,3,-8,-2,0,0,0,0,0,55,-81,-11,None
0,-1,1,-2,-5,-2,-1,1,1,0,0,0,55,-81,-11,None
0,-1,1,-2,-5,-2,-1,1,1,0,0,0,55,-81,-11,None
0,-1,1,-2,-5,-2,-1,1,1,0,0,0,56,-81,-12,None
0,-3,-2,-3,13,-4,-5,-2,-1,0,0,0,56,-81,-12,None
0,0,-2,-5,-3,14,-2,-2,-2,0,0,0,56,-81,-12,None
0,-1,-2,1,8,-2,1,-2,-2,0,0,0,56,-81,-12,None
0,-2,2,-4,-14,-9,-4,-3,-3,0,0,0,56,-81,-12,None
0,-2,2,-4,-14,-9,-4,-3,-3,0,0,0,56,-81,-12,None
0,-2,2,-4,-14,-9,-4,-3,-3,0,0,0,56,-81,-13,None
0,-4,-2,-2,-16,6,-2,0,-2,0,0,0,56,-81,-13,None
0,-2,1,-3,-7,-9,-1,-2,-2,0,0,0,56,-81,-13,None
0,-2,2,-2,-9,2,1,-1,-2,0,0,0,56,-81,-13,None
0,-1,-2,-3,3,-14,-3,-3,-2,0,0,0,56,-81,-13,None
0,-1,-2,-3,3,-14,-3,-3,-2,0,0,0,56,-81,-13,None
0,-1,-2,-3,3,-14,-3,-3,-2,0,0,0,56,-81,-13,None
0,-1,-1,-5,10,-1,-3,-1,-1,0,0,0,56,-81,-13,None
0,-1,0,0,-16,19,2,-3,-2,0,0,0,56,-81,-13,None
0,0,2,0,0,7,-1,0,0,0,0,0,56,-81,-13,None
0,-1,-1,-1,8,1,-5,-2,-2,0,0,0,56,-81,-13,None
0,-1,-1,-1,8,1,-5,-2,-2,0,0,0,56,-81,-13,None
0,-1,-1,-1,8,1,-5,-2,-2,0,0,0,56,-80,-13,None
0,-1,1,-2,4,-1,0,-2,-1,0,0,0,56,-80,-13,None
0,-2,1,-1,-15,-13,0,-1,-1,0,0,0,56,-80,-13,None
0,-1,-1,-2,19,11,-3,-2,-1,0,0,0,56,-80,-13,None
0,-3,-4,-7,-41,-2,-2,-1,-2,0,0,0,56,-80,-13,None
0,-3,-4,-7,-41,-2,-2,-1,-2,0,0,0,56,-80,-13,None
0,-3,-4,-7,-41,-2,-2,-1,-2,0,0,0,55,-79,-14,None
0,-2,3,2,2,6,4,0,-2,0,0,0,55,-79,-14,None
0,0,-1,-3,6,-8,-4,0,-2,0,0,0,55,-79,-14,None
0,-1,0,-2,5,-6,-3,-1,-3,0,0,0,55,-79,-14,None
0,1,2,2,-12,1,1,-2,0,0,0,0,55,-79,-14,None
0,1,2,2,-12,1,1,-2,0,0,0,0,55,-79,-14,None
0,1,2,2,-12,1,1,-2,0,0,0,0,56,-80,-13,None
0,-4,-2,-5,4,3,-2,0,-2,0,0,0,56,-80,-13,None
0,1,1,-2,3,-2,-3,-2,-1,0,0,0,56,-80,-13,None
0,0,0,0,-20,-7,1,1,-1,0,0,0,56,-80,-13,None
0,-1,3,0,22,7,1,0,-2,0,0,0,56,-80,-13,None
0,-1,3,0,22,7,1,0,-2,0,0,0,56,-80,-13,None
0,-1,3,0,22,7,1,0,-2,0,0,0,56,-81,-13,None
0,-2,0,-2,-4,-5,-2,-1,-2,0,0,0,56,-81,-13,None
0,0,0,1,-7,1,3,-2,1,0,0,0,56,-81,-13,None
0,0,3,4,15,34,5,-1,1,0,0,0,56,-81,-13,None
0,-1,0,-6,2,-8,-4,-1,-3,0,0,0,56,-81,-13,None
0,-1,0,-6,2,-8,-4,-1,-3,0,0,0,56,-81,-13,None
0,-1,0,-6,2,-8,-4,-1,-3,0,0,0,56,-82,-13,None
0,-1,-2,-1,4,2,-1,-3,-1,0,0,0,56,-82,-13,None
0,-4,2,-1,-4,-9,-1,-2,-2,0,0,0,56,-82,-13,None
0,0,0,-4,3,-12,-6,-3,1,0,0,0,56,-82,-13,None
0,-1,0,-2,2,9,-3,0,-1,0,0,0,56,-82,-13,None
0,-1,0,-2,2,9,-3,0,-1,0,0,0,56,-82,-13,None
0,-1,0,-2,2,9,-3,0,-1,0,0,0,56,-81,-13,None
0,-1,1,0,5,4,-1,-1,-2,0,0,0,56,-81,-13,None
0,2,-2,0,-10,5,0,1,-2,0,0,0,56,-81,-13,None
0,-2,0,-4,2,7,-3,-2,-2,0,0,0,56,-81,-13,None
0,-1,1,1,-10,1,3,-1,-1,0,0,0,56,-81,-13,None
0,-1,1,1,-10,1,3,-1,-1,0,0,0,56,-81,-13,None
0,-1,1,1,-10,1,3,-1,-1,0,0,0,56,-81,-12,None
0,0,3,0,-4,-3,2,0,-1,0,0,0,56,-81,-12,None
0,-1,1,-2,4,-1,-2,-3,-1,0,0,0,56,-81,-12,None
0,1,1,0,-5,-17,-1,0,-2,0,0,0,56,-81,-12,None
0,-2,-1,1,-4,31,4,-4,-3,0,0,0,56,-81,-12,None
0,-2,-1,1,-4,31,4,-4,-3,0,0,0,56,-81,-12,None
0,-2,-1,1,-4,31,4,-4,-3,0,0,0,56,-81,-12,None
0,0,4,-4,2,-9,-7,-3,-2,0,0,0,56,-81,-12,None
0,-3,-1,-4,8,-3,-3,-1,-2,0,0,0,56,-81,-12,None
0,0,2,-3,-13,-5,-1,0,-1,0,0,0,56,-81,-12,None
0,3,2,-2,12,-10,-3,0,1,0,0,0,56,-81,-12,None
0,3,2,-2,12,-10,-3,0,1,0,0,0,56,-81,-12,None
0,3,2,-2,12,-10,-3,0,1,0,0,0,57,-81,-12,None
0,-2,-3,-1,-2,-9,-3,-1,-1,0,0,0,57,-81,-12,None
0,2,2,0,-8,-4,1,0,-1,0,0,0,57,-81,-12,None
0,-2,1,-1,-2,12,5,-2,-4,0,0,0,57,-81,-12,None
0,-5,0,-2,9,-8,-1,-1,-1,0,0,0,57,-81,-12,None
0,-5,0,-2,9,-8,-1,-1,-1,0,0,0,57,-81,-12,None
0,-5,0,-2,9,-8,-1,-1,-1,0,0,0,57,-81,-13,None
0,-1,-1,-2,2,6,-1,-2,-1,0,0,0,57,-81,-13,None
0,-4,2,-2,-4,-9,-3,-3,0,0,0,0,57,-81,-13,None
0,-2,-2,-5,-4,-4,-6,-1,-1,0,0,0,57,-81,-13,None
0,-2,-1,-2,2,-2,-2,-1,-2,0,0,0,57,-81,-13,None
0,-2,-1,-2,2,-2,-2,-1,-2,0,0,0,57,-81,-13,None
0,-2,-1,-2,2,-2,-2,-1,-2,0,0,0,57,-81,-13,None
0,0,-1,-1,10,23,3,-2,-1,0,0,0,57,-81,-13,None
0,-2,-2,-5,-10,-19,-3,-1,-2,0,0,0,57,-81,-13,None
0,-3,-1,-2,0,19,-1,-3,-1,0,0,0,57,-81,-13,None
0,1,-2,0,6,-2,1,0,0,0,0,0,57,-81,-13,None
0,1,-2,0,6,-2,1,0,0,0,0,0,57,-81,-13,None
0,1,-2,0,6,-2,1,0,0,0,0,0,56,-81,-13,None
0,0,12,2,-3,-9,3,2,-2,0,0,0,56,-81,-13,None
0,-2,-4,-5,-13,6,-3,-2,-1,0,0,0,56,-81,-13,None
0,-1,-1,0,-9,-5,0,-3,-4,0,0,0,56,-81,-13,None
0,1,1,-2,2,2,0,0,-1,0,0,0,56,-81,-13,None
0,1,1,-2,2,2,0,0,-1,0,0,0,56,-81,-13,None
0,1,1,-2,2,2,0,0,-1,0,0,0,56,-82,-12,None
0,-2,-2,-3,5,-3,-4,0,0,0,0,0,56,-82,-12,None
0,-1,-2,-3,10,5,-2,-1,-1,0,0,0,56,-82,-12,None
0,-1,0,-2,-6,-15,0,-3,0,0,0,0,56,-82,-12,None
0,-5,1,-4,12,10,-4,-3,-2,0,0,0,56,-82,-12,None
0,-5,1,-4,12,10,-4,-3,-2,0,0,0,56,-82,-12,None
0,-5,1,-4,12,10,-4,-3,-2,0,0,0,56,-81,-13,None
0,-1,-2,-3,-7,-4,-1,-3,-2,0,0,0,56,-81,-13,None
0,-3,0,2,6,13,5,-1,-2,0,0,0,56,-81,-13,None
0,4,0,2,-4,-3,2,1,0,0,0,0,56,-81,-13,None
0,-1,-1,-4,-1,-8,-3,-2,0,0,0,0,56,-81,-13,None
0,-1,-1,-4,-1,-8,-3,-2,0,0,0,0,56,-81,-13,None
0,-1,-1,-4,-1,-8,-3,-2,0,0,0,0,56,-81,-13,None
0,-1,-1,-2,-8,6,1,-1,-1,0,0,0,56,-81,-13,None
0,0,1,-1,0,-1,-1,0,-1,0,0,0,56,-81,-13,None
0,-2,4,-4,9,-7,-4,-2,-3,0,0,0,56,-81,-13,None
0,-2,-2,-4,-4,1,-3,-2,-4,0,0,0,56,-81,-13,None
0,-2,-2,-4,-4,1,-3,-2,-4,0,0,0,56,-81,-13,None
0,-2,-2,-4,-4,1,-3,-2,-4,0,0,0,57,-81,-13,None
0,-4,-1,-1,-6,-3,2,1,-1,0,0,0,57,-81,-13,None
0,-3,-1,-5,4,0,-2,0,-1,0,0,0,57,-81,-13,None
0,-5,0,-2,5,-7,-2,-1,-2,0,0,0,57,-81,-13,None
0,3,2,-1,-12,-4,1,-1,-1,0,0,0,57,-81,-13,None
0,3,2,-1,-12,-4,1,-1,-1,0,0,0,57,-81,-13,None
0,3,2,-1,-12,-4,1,-1,-1,0,0,0,56,-81,-13,None
0,-1,0,0,3,4,0,-2,-1,0,0,0,56,-81,-13,None
0,-2,-3,-5,6,-6,-2,-1,-2,0,0,0,56,-81,-13,None
0,-2,-1,0,-11,4,-1,-1,-1,0,0,0,56,-81,-13,None
0,-2,2,-2,-31,-8,0,-2,-2,0,0,0,56,-81,-13,None
0,-2,2,-2,-31,-8,0,-2,-2,0,0,0,56,-81,-13,None
0,-2,2,-2,-31,-8,0,-2,-2,0,0,0,55,-81,-13,None
0,-1,-2,-4,16,16,-3,-1,-2,0,0,0,55,-81,-13,None
