0,0,-3,-5,-30,4,-19,-7,-1,0,0,0,75,-114,17,None
0,9,2,4,22,1,18,1,6,0,0,0,75,-114,17,None
0,-15,-2,-1,-5,4,-13,4,-5,0,0,0,75,-114,17,None
0,-15,-2,-1,-5,4,-13,4,-5,0,0,0,75,-114,17,None
0,-15,-2,-1,-5,4,-13,4,-5,0,0,0,76,-118,20,None
0,-1,1,-1,16,-3,24,5,0,0,0,0,76,-118,20,None
0,3,0,-5,-14,3,1,-5,-3,0,0,0,76,-118,20,None
0,-4,2,0,5,-5,-28,-6,-1,0,0,0,76,-118,20,None
0,5,-1,-4,4,-3,6,-5,-1,0,0,0,76,-118,20,None
0,5,-1,-4,4,-3,6,-5,-1,0,0,0,76,-118,20,None
0,5,-1,-4,4,-3,6,-5,-1,0,0,0,79,-113,26,None
0,4,2,-1,-17,-3,-6,-3,-1,0,0,0,79,-113,26,None
0,-15,4,7,26,0,-9,-5,-3,0,0,0,79,-113,26,None
0,8,-2,-3,21,21,27,1,0,0,0,0,79,-113,26,None
0,-9,-2,-7,-5,11,-5,-1,-1,0,0,0,79,-113,26,None
0,-9,-2,-7,-5,11,-5,-1,-1,0,0,0,79,-113,26,None
0,-9,-2,-7,-5,11,-5,-1,-1,0,0,0,79,-120,25,None
0,-5,0,3,-10,-20,-8,-4,-8,0,0,0,79,-120,25,None
0,7,-1,-8,3,-9,-2,-4,-3,0,0,0,79,-120,25,None
0,2,4,3,16,-7,-6,-2,1,0,0,0,79,-120,25,None
0,2,-1,2,2,4,-4,-6,-5,0,0,0,79,-120,25,None
0,2,-1,2,2,4,-4,-6,-5,0,0,0,79,-120,25,None
0,2,-1,2,2,4,-4,-6,-5,0,0,0,81,-129,21,None
0,-9,1,-5,7,12,6,6,3,0,0,0,81,-129,21,None
0,6,-4,-6,-51,-18,-8,-7,-3,0,0,0,81,-129,21,None
0,-5,0,0,-29,11,-7,-1,-2,0,0,0,81,-129,21,None
0,5,5,10,-7,15,4,5,3,0,0,0,81,-129,21,None
0,5,5,10,-7,15,4,5,3,0,0,0,81,-129,21,None
0,5,5,10,-7,15,4,5,3,0,0,0,79,-138,20,None
0,-13,-6,-6,0,-50,-14,-13,-10,0,0,0,79,-138,20,None
0,3,0,-9,20,11,15,7,2,0,0,0,79,-138,20,None
0,-3,2,1,16,-3,0,-1,0,0,0,0,79,-138,20,None
0,3,0,-4,21,-5,-4,-3,1,0,0,0,79,-138,20,None
0,3,0,-4,21,-5,-4,-3,1,0,0,0,79,-138,20,None
0,3,0,-4,21,-5,-4,-3,1,0,0,0,67,-136,25,None
0,1,3,13,27,12,-11,-3,0,0,0,0,67,-136,25,None
0,-3,-3,-14,-79,0,-12,-4,-3,0,0,0,67,-136,25,None
0,-2,-2,-1,-39,-1,-6,-2,-5,0,0,0,67,-136,25,None
0,-2,-4,-5,2,-14,10,3,-1,0,0,0,67,-136,25,None
0,-2,-4,-5,2,-14,10,3,-1,0,0,0,67,-136,25,None
0,-2,-4,-5,2,-14,10,3,-1,0,0,0,56,-127,6,None
0,-1,-1,0,-9,8,-4,-4,-2,0,0,0,56,-127,6,None
0,-1,0,0,10,3,8,0,-1,0,0,0,56,-127,6,None
0,1,0,-2,44,9,2,7,5,0,0,0,56,-127,6,None
0,-3,-3,-9,-10,-9,-9,-5,-4,0,0,0,56,-127,6,None
0,-3,-3,-9,-10,-9,-9,-5,-4,0,0,0,56,-127,6,None
0,-3,-3,-9,-10,-9,-9,-5,-4,0,0,0,46,-126,0,None
0,0,2,-5,-23,27,7,5,4,0,0,0,46,-126,0,None
0,3,3,11,26,-5,1,-3,-2,0,0,0,46,-126,0,None
0,-5,-5,-4,-6,0,-19,-8,-7,0,0,0,46,-126,0,None
0,-3,1,-1,-21,-13,8,-3,0,0,0,0,46,-126,0,None
0,-3,1,-1,-21,-13,8,-3,0,0,0,0,46,-126,0,None
0,-3,1,-1,-21,-13,8,-3,0,0,0,0,53,-134,3,None
0,0,-3,-11,7,-8,4,2,2,0,0,0,53,-134,3,None
0,-1,0,1,15,13,-4,-1,0,0,0,0,53,-134,3,None
0,-2,2,4,-3,-10,1,-3,-3,0,0,0,53,-134,3,None
0,-2,0,-4,1,12,-5,-4,-2,0,0,0,53,-134,3,None
0,-2,0,-4,1,12,-5,-4,-2,0,0,0,53,-134,3,None
0,-2,0,-4,1,12,-5,-4,-2,0,0,0,52,-118,9,None
0,0,1,-1,10,4,-6,-6,-5,0,0,0,52,-118,9,None
0,2,1,-1,-9,-5,8,7,2,0,0,0,52,-118,9,None
0,-2,2,-2,-29,-26,6,0,-1,0,0,0,52,-118,9,None
0,-2,0,2,26,44,-1,-4,-2,0,0,0,52,-118,9,None
0,-2,0,2,26,44,-1,-4,-2,0,0,0,52,-118,9,None
0,-2,0,2,26,44,-1,-4,-2,0,0,0,42,-111,14,None
0,-1,1,-3,-35,-1,-8,-5,-3,0,0,0,42,-111,14,None
0,-1,3,-1,-3,-2,15,2,0,0,0,0,42,-111,14,None
0,2,5,-4,21,5,3,2,1,0,0,0,42,-111,14,None
0,-2,2,-3,-33,-25,-4,-1,0,0,0,0,42,-111,14,None
0,-2,2,-3,-33,-25,-4,-1,0,0,0,0,42,-111,14,None
0,-2,2,-3,-33,-25,-4,-1,0,0,0,0,39,-103,18,None
0,-1,3,-2,-19,-3,-4,0,0,0,0,0,39,-103,18,None
0,0,2,4,1,5,-4,-1,-1,0,0,0,39,-103,18,None
0,-3,-3,-4,25,12,-3,-5,-4,0,0,0,39,-103,18,None
0,-2,-2,-13,-54,-9,6,4,1,0,0,0,39,-103,18,None
0,-2,-2,-13,-54,-9,6,4,1,0,0,0,39,-103,18,None
0,-2,-2,-13,-54,-9,6,4,1,0,0,0,34,-101,16,None
0,0,4,0,28,24,22,4,4,0,0,0,34,-101,16,None
0,0,2,-2,21,-13,0,-2,-1,0,0,0,34,-101,16,None
0,-2,1,-1,5,-10,-13,-3,-3,0,0,0,34,-101,16,None
0,1,3,1,31,-8,-6,-4,-1,0,0,0,34,-101,16,None
0,1,3,1,31,-8,-6,-4,-1,0,0,0,34,-101,16,None
0,1,3,1,31,-8,-6,-4,-1,0,0,0,30,-96,19,None
0,-2,-3,-10,-71,-19,-8,-1,-3,0,0,0,30,-96,19,None
0,-2,-2,-4,8,14,-9,-5,-5,0,0,0,30,-96,19,None
0,-2,1,3,2,29,5,2,2,0,0,0,30,-96,19,None
0,0,0,-3,7,-6,-1,-1,-1,0,0,0,30,-96,19,None
0,0,0,-3,7,-6,-1,-1,-1,0,0,0,30,-96,19,None
0,0,0,-3,7,-6,-1,-1,-1,0,0,0,29,-92,22,None
0,-1,1,3,27,-11,-3,-2,0,0,0,0,29,-92,22,None
0,0,1,-6,-9,24,4,1,0,0,0,0,29,-92,22,None
0,-2,0,-6,-11,-33,-9,-5,-2,0,0,0,29,-92,22,None
0,-2,-1,2,-7,7,-6,-7,-2,0,0,0,29,-92,22,None
0,-2,-1,2,-7,7,-6,-7,-2,0,0,0,29,-92,22,None
0,-2,-1,2,-7,7,-6,-7,-2,0,0,0,22,-85,21,None
0,-1,-2,-1,10,-3,-1,-4,-6,0,0,0,22,-85,21,None
0,1,1,1,-44,16,6,5,10,0,0,0,22,-85,21,None
0,0,3,2,90,-44,0,-3,-14,0,0,0,22,-85,21,None
0,0,0,-1,-56,3,-8,7,9,0,0,0,22,-85,21,None
0,0,0,-1,-56,3,-8,7,9,0,0,0,22,-85,21,None
0,0,0,-1,-56,3,-8,7,9,0,0,0,13,-77,19,None
0,-1,0,0,4,26,0,-6,-3,0,0,0,13,-77,19,None
0,1,0,-6,-20,-8,3,7,8,0,0,0,13,-77,19,None
0,1,0,-1,15,40,-9,-2,3,0,0,0,13,-77,19,None
0,0,3,5,32,-55,14,-3,0,0,0,0,13,-77,19,None
0,0,3,5,32,-55,14,-3,0,0,0,0,13,-77,19,None
0,0,3,5,32,-55,14,-3,0,0,0,0,8,-76,20,None
0,-1,-4,-5,-5,27,-7,-4,-5,0,0,0,8,-76,20,None
0,-2,-4,-10,-9,-3,14,-3,-18,0,0,0,8,-76,20,None
0,-2,1,-3,9,26,-4,-10,3,0,0,0,8,-76,20,None
0,-3,-2,-3,1,14,-2,8,-4,0,0,0,8,-76,20,None
0,-3,-2,-3,1,14,-2,8,-4,0,0,0,8,-76,20,None
0,-3,-2,-3,1,14,-2,8,-4,0,0,0,0,-66,24,None
0,0,1,0,18,0,1,3,5,0,0,0,0,-66,24,None
0,-3,1,1,19,-38,-7,-8,-16,0,0,0,0,-66,24,None
0,-5,-1,-5,-40,1,5,-3,-1,0,0,0,0,-66,24,None
0,2,0,-3,10,27,-9,-1,37,0,0,0,0,-66,24,None
0,2,0,-3,10,27,-9,-1,37,0,0,0,0,-66,24,None
0,2,0,-3,10,27,-9,-1,37,0,0,0,-6,-55,20,None
0,-2,1,3,-3,1,6,10,-43,0,0,0,-6,-55,20,None
0,-4,-1,2,27,112,-8,-3,12,0,0,0,-6,-55,20,None
0,-2,-1,0,-23,-101,-6,-8,-8,0,0,0,-6,-55,20,None
0,0,3,1,-7,-6,-2,-10,-4,0,0,0,-6,-55,20,None
0,0,3,1,-7,-6,-2,-10,-4,0,0,0,-6,-55,20,None
0,0,3,1,-7,-6,-2,-10,-4,0,0,0,-14,-43,18,None
0,-1,1,1,4,13,0,5,12,0,0,0,-14,-43,18,None
0,-2,-4,-10,-15,-53,6,-7,-10,0,0,0,-14,-43,18,None
0,3,7,7,-9,80,1,2,-14,0,0,0,-14,-43,18,None
0,0,-1,-3,13,-10,5,16,23,0,0,0,-14,-43,18,None
0,0,-1,-3,13,-10,5,16,23,0,0,0,-14,-43,18,None
0,0,-1,-3,13,-10,5,16,23,0,0,0,-18,-39,20,None
0,2,2,-4,-10,-15,-7,1,9,0,0,0,-18,-39,20,None
0,-1,4,0,7,1,3,0,-5,0,0,0,-18,-39,20,None
0,1,-5,-10,-9,13,-1,-2,30,0,0,0,-18,-39,20,None
0,-2,-1,-3,5,-30,2,-7,-30,0,0,0,-18,-39,20,None
0,-2,-1,-3,5,-30,2,-7,-30,0,0,0,-18,-39,20,None
0,-2,-1,-3,5,-30,2,-7,-30,0,0,0,-22,-36,25,None
0,-1,3,-8,18,106,-1,-7,2,0,0,0,-22,-36,25,None
0,1,5,0,-18,-86,-12,0,13,0,0,0,-22,-36,25,None
0,-3,-16,-6,-7,26,5,-2,-22,0,0,0,-22,-36,25,None
0,-7,0,1,-8,37,-5,-9,-50,0,0,0,-22,-36,25,None
0,-7,0,1,-8,37,-5,-9,-50,0,0,0,-22,-36,25,None
0,-7,0,1,-8,37,-5,-9,-50,0,0,0,-29,-26,29,None
0,5,-2,-13,-5,-55,-2,10,33,0,0,0,-29,-26,29,None
0,-5,8,8,10,29,3,-12,-9,0,0,0,-29,-26,29,None
0,-1,1,-11,-36,-71,3,8,6,0,0,0,-29,-26,29,None
0,4,-6,-5,3,63,-3,-16,-10,0,0,0,-29,-26,29,None
0,4,-6,-5,3,63,-3,-16,-10,0,0,0,-29,-26,29,None
0,4,-6,-5,3,63,-3,-16,-10,0,0,0,-36,-19,35,None
0,-2,-3,-2,-13,-33,3,-3,2,0,0,0,-36,-19,35,None
0,1,-2,0,56,-50,-12,7,-7,0,0,0,-36,-19,35,None
0,-5,-4,0,-14,51,12,-8,-4,0,0,0,-36,-19,35,None
0,-1,5,-1,30,-1,2,-1,3,0,0,0,-36,-19,35,None
0,-1,5,-1,30,-1,2,-1,3,0,0,0,-36,-19,35,None
0,-1,5,-1,30,-1,2,-1,3,0,0,0,-41,-16,40,None
0,-7,4,3,-16,-13,-12,-7,-3,0,0,0,-41,-16,40,None
0,-1,11,-6,-27,60,-5,4,-5,0,0,0,-41,-16,40,None
0,-3,-9,1,25,-64,-10,7,-3,0,0,0,-41,-16,40,None
0,-2,-4,6,0,-41,-1,-4,-6,0,0,0,-41,-16,40,None
0,-2,-4,6,0,-41,-1,-4,-6,0,0,0,-41,-16,40,None
0,-2,-4,6,0,-41,-1,-4,-6,0,0,0,-48,-10,44,None
0,-7,4,-2,48,-41,4,-8,-6,0,0,0,-48,-10,44,None
0,-4,3,3,-6,4,-16,-28,-20,0,0,0,-48,-10,44,None
0,3,-1,-8,-42,35,8,25,31,0,0,0,-48,-10,44,None
0,1,6,6,17,-26,0,-8,5,0,0,0,-48,-10,44,None
0,1,6,6,17,-26,0,-8,5,0,0,0,-48,-10,44,None
0,1,6,6,17,-26,0,-8,5,0,0,0,-50,-4,47,None
0,-4,-3,3,4,-12,0,13,-9,0,0,0,-50,-4,47,None
0,0,-3,-4,35,35,9,4,2,0,0,0,-50,-4,47,None
0,0,11,0,-7,-5,-6,-10,-2,0,0,0,-50,-4,47,None
0,-2,12,-3,-36,-2,-10,-5,3,0,0,0,-50,-4,47,None
0,-2,12,-3,-36,-2,-10,-5,3,0,0,0,-50,-4,47,None
0,-2,12,-3,-36,-2,-10,-5,3,0,0,0,-55,-3,55,None
0,-3,-14,3,22,76,11,-4,-5,0,0,0,-55,-3,55,None
0,0,-3,-1,28,-31,6,5,2,0,0,0,-55,-3,55,None
0,1,7,10,-34,17,6,1,-8,0,0,0,-55,-3,55,None
0,-2,-2,-14,12,-26,-4,2,0,0,0,0,-55,-3,55,None
0,-2,-2,-14,12,-26,-4,2,0,0,0,0,-55,-3,55,None
0,-2,-2,-14,12,-26,-4,2,0,0,0,0,-61,-1,60,None
0,3,5,0,8,-23,-4,-6,-7,0,0,0,-61,-1,60,None
0,-3,-4,1,-56,-25,0,2,-1,0,0,0,-61,-1,60,None
0,-3,-4,-5,38,-65,-11,-10,-3,0,0,0,-61,-1,60,None
0,2,1,-1,20,30,-3,6,-2,0,0,0,-61,-1,60,None
0,2,1,-1,20,30,-3,6,-2,0,0,0,-61,-1,60,None
0,2,1,-1,20,30,-3,6,-2,0,0,0,-64,1,63,None
0,-5,-1,-2,-40,-30,-8,-6,-1,0,0,0,-64,1,63,None
0,3,-3,-6,-8,-32,1,-3,12,0,0,0,-64,1,63,None
0,0,2,-5,2,69,5,4,-2,0,0,0,-64,1,63,None
0,1,4,5,10,5,0,0,4,0,0,0,-64,1,63,None
0,1,4,5,10,5,0,0,4,0,0,0,-64,1,63,None
0,1,4,5,10,5,0,0,4,0,0,0,-66,-2,65,None
0,-1,1,2,20,-6,-9,-9,-9,0,0,0,-66,-2,65,None
0,-2,-3,-12,-3,36,2,4,5,0,0,0,-66,-2,65,None
0,-3,0,-5,-1,-15,-7,-4,-10,0,0,0,-66,-2,65,None
0,-1,-2,-4,-9,40,8,2,0,0,0,0,-66,-2,65,None
0,-1,-2,-4,-9,40,8,2,0,0,0,0,-66,-2,65,None
0,-1,-2,-4,-9,40,8,2,0,0,0,0,-72,-7,72,None
0,-1,-1,-5,8,-7,-2,-6,1,0,0,0,-72,-7,72,None
0,0,0,5,14,21,1,0,-2,0,0,0,-72,-7,72,None
0,-3,-1,-9,-34,-29,3,2,4,0,0,0,-72,-7,72,None
0,-4,-5,0,-15,63,-7,-1,-2,0,0,0,-72,-7,72,None
0,-4,-5,0,-15,63,-7,-1,-2,0,0,0,-72,-7,72,None
0,-4,-5,0,-15,63,-7,-1,-2,0,0,0,-68,-2,77,None
0,-1,2,-2,-10,24,-3,-1,0,0,0,0,-68,-2,77,None
0,-1,0,-1,-1,-23,2,1,3,0,0,0,-68,-2,77,None
0,-1,3,0,-11,-1,-8,-5,-5,0,0,0,-68,-2,77,None
0,-3,0,4,23,-90,-8,-1,-2,0,0,0,-68,-2,77,None
0,-3,0,4,23,-90,-8,-1,-2,0,0,0,-68,-2,77,None
0,-3,0,4,23,-90,-8,-1,-2,0,0,0,-72,0,76,None
0,0,0,-4,-14,87,4,-4,-3,0,0,0,-72,0,76,None
0,-2,-3,6,-5,-104,-10,0,1,0,0,0,-72,0,76,None
0,-2,-2,1,18,41,1,-6,-3,0,0,0,-72,0,76,None
0,-2,-3,-8,-13,17,1,-1,-2,0,0,0,-72,0,76,None
0,-2,-3,-8,-13,17,1,-1,-2,0,0,0,-72,0,76,None
0,-2,-3,-8,-13,17,1,-1,-2,0,0,0,-75,-10,76,None
0,2,3,-5,-2,-25,7,3,3,0,0,0,-75,-10,76,None
0,-4,-4,-3,-6,14,-3,-3,-2,0,0,0,-75,-10,76,None
0,1,4,4,9,9,-2,-3,-2,0,0,0,-75,-10,76,None
0,-2,2,6,0,7,-4,1,-1,0,0,0,-75,-10,76,None
0,-2,2,6,0,7,-4,1,-1,0,0,0,-75,-10,76,None
0,-2,2,6,0,7,-4,1,-1,0,0,0,-72,-16,75,None
0,0,3,-2,-11,-17,-4,-3,-1,0,0,0,-72,-16,75,None
0,1,-17,-16,-15,30,9,3,3,0,0,0,-72,-16,75,None
0,-2,-4,-6,27,13,-7,-2,-3,0,0,0,-72,-16,75,None
0,1,0,14,-24,27,6,0,0,0,0,0,-72,-16,75,None
0,1,0,14,-24,27,6,0,0,0,0,0,-72,-16,75,None
0,1,0,14,-24,27,6,0,0,0,0,0,-70,-17,77,None
0,1,7,2,-2,-34,2,-1,-1,0,0,0,-70,-17,77,None
0,2,-16,-23,6,30,-5,1,1,0,0,0,-70,-17,77,None
0,-6,11,0,-13,-7,-10,-10,-9,0,0,0,-70,-17,77,None
0,4,-2,-12,11,7,6,7,8,0,0,0,-70,-17,77,None
0,4,-2,-12,11,7,6,7,8,0,0,0,-70,-17,77,None
0,4,-2,-12,11,7,6,7,8,0,0,0,-71,-15,79,None
0,3,3,-7,1,10,6,0,5,0,0,0,-71,-15,79,None
0,-1,15,24,10,-14,-2,-3,-2,0,0,0,-71,-15,79,None
0,2,-1,6,7,20,3,0,-2,0,0,0,-71,-15,79,None
0,-1,-2,-29,8,-1,-5,0,-1,0,0,0,-71,-15,79,None
0,-1,-2,-29,8,-1,-5,0,-1,0,0,0,-71,-15,79,None
0,-1,-2,-29,8,-1,-5,0,-1,0,0,0,-72,-4,84,None
0,-1,-4,4,8,-15,-7,-3,1,0,0,0,-72,-4,84,None
0,2,16,7,-11,22,6,0,-3,0,0,0,-72,-4,84,None
0,0,-2,-1,12,5,5,2,0,0,0,0,-72,-4,84,None
0,-5,1,-7,10,5,-3,-8,-9,0,0,0,-72,-4,84,None
0,-5,1,-7,10,5,-3,-8,-9,0,0,0,-72,-4,84,None
0,-5,1,-7,10,5,-3,-8,-9,0,0,0,-77,6,90,None
0,-1,10,6,-4,-22,-7,0,-2,0,0,0,-77,6,90,None
0,-2,-13,-8,0,15,8,5,5,0,0,0,-77,6,90,None
0,-2,1,-4,-10,-8,-6,-4,-2,0,0,0,-77,6,90,None
0,-1,0,1,-20,-1,-4,-4,-2,0,0,0,-77,6,90,None
0,-1,0,1,-20,-1,-4,-4,-2,0,0,0,-77,6,90,None
0,-1,0,1,-20,-1,-4,-4,-2,0,0,0,-79,2,95,None
0,-3,13,7,-11,2,-5,-5,-8,0,0,0,-79,2,95,None
0,-3,1,-21,12,8,-7,-4,-4,0,0,0,-79,2,95,None
0,-1,-6,-3,-2,4,3,2,3,0,0,0,-79,2,95,None
0,-6,2,1,-17,-26,-3,-6,-7,0,0,0,-79,2,95,None
0,-6,2,1,-17,-26,-3,-6,-7,0,0,0,-79,2,95,None
0,-6,2,1,-17,-26,-3,-6,-7,0,0,0,-75,-14,100,None
0,0,-15,-6,-16,-17,4,4,4,0,0,0,-75,-14,100,None
0,-6,18,8,-4,-8,-14,-11,-11,0,0,0,-75,-14,100,None
0,-3,-8,-6,-8,-4,0,2,-1,0,0,0,-75,-14,100,None
0,1,-5,-2,-8,-4,4,2,2,0,0,0,-75,-14,100,None
0,1,-5,-2,-8,-4,4,2,2,0,0,0,-75,-14,100,None
0,1,-5,-2,-8,-4,4,2,2,0,0,0,-71,-13,98,None
0,-1,11,15,87,30,-2,-1,-3,0,0,0,-71,-13,98,None
0,2,-2,-24,-117,-27,-4,0,1,0,0,0,-71,-13,98,None
0,0,-8,-5,64,6,2,-3,-2,0,0,0,-71,-13,98,None
0,-5,9,3,-2,30,-2,-2,-2,0,0,0,-71,-13,98,None
0,-5,9,3,-2,30,-2,-2,-2,0,0,0,-71,-13,98,None
0,-5,9,3,-2,30,-2,-2,-2,0,0,0,-73,-3,87,None
0,-1,-5,-3,31,0,2,1,-1,0,0,0,-73,-3,87,None
0,1,7,11,47,10,4,1,-1,0,0,0,-73,-3,87,None
0,3,1,-9,-61,-9,-6,-3,-4,0,0,0,-73,-3,87,None
0,0,2,-2,64,3,8,2,2,0,0,0,-73,-3,87,None
0,0,2,-2,64,3,8,2,2,0,0,0,-73,-3,87,None
0,0,2,-2,64,3,8,2,2,0,0,0,-77,0,78,None
0,4,1,-10,-42,3,2,1,0,0,0,0,-77,0,78,None
0,-2,3,26,95,27,3,1,3,0,0,0,-77,0,78,None
0,-11,-9,-41,-128,-48,-13,-7,-6,0,0,0,-77,0,78,None
0,0,-11,-1,59,4,-3,-4,-3,0,0,0,-77,0,78,None
0,0,-11,-1,59,4,-3,-4,-3,0,0,0,-77,0,78,None
0,0,-11,-1,59,4,-3,-4,-3,0,0,0,-73,-5,73,None
0,8,8,1,-53,-6,2,2,3,0,0,0,-73,-5,73,None
0,-3,0,11,19,12,-2,-3,-2,0,0,0,-73,-5,73,None
0,2,-3,1,62,13,3,2,1,0,0,0,-73,-5,73,None
0,2,-2,13,-23,7,4,2,1,0,0,0,-73,-5,73,None
0,2,-2,13,-23,7,4,2,1,0,0,0,-73,-5,73,None
0,2,-2,13,-23,7,4,2,1,0,0,0,-66,-13,65,None
0,-6,-14,-14,-48,-45,-6,-6,-3,0,0,0,-66,-13,65,None
0,0,3,-9,33,30,-3,0,-3,0,0,0,-66,-13,65,None
0,-1,7,6,-3,5,1,-1,2,0,0,0,-66,-13,65,None
0,-8,0,-11,-28,-18,-7,-10,-3,0,0,0,-66,-13,65,None
0,-8,0,-11,-28,-18,-7,-10,-3,0,0,0,-66,-13,65,None
0,-8,0,-11,-28,-18,-7,-10,-3,0,0,0,-61,-21,62,None
0,-1,-9,4,47,4,2,1,-9,0,0,0,-61,-21,62,None
0,-10,-2,-7,-15,3,-10,-6,-5,0,0,0,-61,-21,62,None
0,-3,11,2,10,10,2,-6,-4,0,0,0,-61,-21,62,None
0,3,2,1,-10,5,2,4,-9,0,0,0,-61,-21,62,None
0,3,2,1,-10,5,2,4,-9,0,0,0,-61,-21,62,None
0,3,2,1,-10,5,2,4,-9,0,0,0,-49,-37,65,None
0,1,11,39,17,2,8,-2,0,0,0,0,-49,-37,65,None
0,4,6,-4,-4,1,-3,2,15,0,0,0,-49,-37,65,None
0,-3,1,3,52,5,3,2,-10,0,0,0,-49,-37,65,None
0,-4,0,-19,40,-25,-17,-15,-4,0,0,0,-49,-37,65,None
0,-4,0,-19,40,-25,-17,-15,-4,0,0,0,-49,-37,65,None
0,-4,0,-19,40,-25,-17,-15,-4,0,0,0,-26,-62,62,None
0,0,0,-6,51,36,1,-2,-7,0,0,0,-26,-62,62,None
0,4,-5,9,-29,-5,13,6,6,0,0,0,-26,-62,62,None
0,1,2,22,77,4,-6,-4,1,0,0,0,-26,-62,62,None
0,3,14,-6,-8,-24,-8,-4,9,0,0,0,-26,-62,62,None
0,3,14,-6,-8,-24,-8,-4,9,0,0,0,-26,-62,62,None
0,3,14,-6,-8,-24,-8,-4,9,0,0,0,-8,-74,45,None
0,-9,12,-56,-33,-9,-14,-10,-11,0,0,0,-8,-74,45,None
0,-11,-32,-5,-2,-20,9,2,-6,0,0,0,-8,-74,45,None
0,9,-2,1,-38,33,5,8,6,0,0,0,-8,-74,45,None
0,2,0,8,-72,18,1,0,0,0,0,0,-8,-74,45,None
0,2,0,8,-72,18,1,0,0,0,0,0,-8,-74,45,None
0,2,0,8,-72,18,1,0,0,0,0,0,-11,-59,41,None
0,-6,-7,-21,-12,0,-8,-5,1,0,0,0,-11,-59,41,None
0,-1,2,-9,14,5,-4,-8,-12,0,0,0,-11,-59,41,None
0,-2,13,-33,-2,-16,-7,-4,-9,0,0,0,-11,-59,41,None
0,-14,-9,1,-11,0,8,-16,-18,0,0,0,-11,-59,41,None
0,-14,-9,1,-11,0,8,-16,-18,0,0,0,-11,-59,41,None
0,-14,-9,1,-11,0,8,-16,-18,0,0,0,-17,-54,47,None
0,4,-14,2,57,25,7,40,35,0,0,0,-17,-54,47,None
0,0,8,-13,-7,-28,-9,-10,-9,0,0,0,-17,-54,47,None
0,-6,4,-4,-12,0,7,2,-2,0,0,0,-17,-54,47,None
0,7,4,-5,33,9,0,2,6,0,0,0,-17,-54,47,None
0,7,4,-5,33,9,0,2,6,0,0,0,-17,-54,47,None
0,7,4,-5,33,9,0,2,6,0,0,0,-13,-63,48,None
0,-3,-4,-5,-26,-7,-4,-11,-6,0,0,0,-13,-63,48,None
0,3,-2,55,-28,6,3,2,-1,0,0,0,-13,-63,48,None
0,-1,14,-11,49,-3,-5,-4,8,0,0,0,-13,-63,48,None
0,4,-8,8,24,-17,-1,3,-7,0,0,0,-13,-63,48,None
0,4,-8,8,24,-17,-1,3,-7,0,0,0,-13,-63,48,None
0,4,-8,8,24,-17,-1,3,-7,0,0,0,-29,-67,54,None
0,-6,-6,2,-18,-9,1,-4,-2,0,0,0,-29,-67,54,None
0,-1,1,-16,12,19,-2,1,3,0,0,0,-29,-67,54,None
0,1,1,3,25,-12,-1,-5,-3,0,0,0,-29,-67,54,None
0,-2,4,15,-27,1,0,3,-2,0,0,0,-29,-67,54,None
0,-2,4,15,-27,1,0,3,-2,0,0,0,-29,-67,54,None
0,-2,4,15,-27,1,0,3,-2,0,0,0,-43,-62,60,None
0,-1,9,22,-9,7,-4,-4,-6,0,0,0,-43,-62,60,None
0,0,-3,-18,29,-23,0,-1,2,0,0,0,-43,-62,60,None
0,-5,-7,16,-21,26,1,-1,-2,0,0,0,-43,-62,60,None
0,-2,-1,-17,-14,-6,1,3,1,0,0,0,-43,-62,60,None
0,-2,-1,-17,-14,-6,1,3,1,0,0,0,-43,-62,60,None
0,-2,-1,-17,-14,-6,1,3,1,0,0,0,-50,-66,63,None
0,-3,-1,-2,39,1,2,-4,-1,0,0,0,-50,-66,63,None
0,-2,7,-6,10,2,-7,-4,-4,0,0,0,-50,-66,63,None
0,10,0,-66,-27,-3,5,2,1,0,0,0,-50,-66,63,None
0,-14,-9,6,47,4,4,7,4,0,0,0,-50,-66,63,None
0,-14,-9,6,47,4,4,7,4,0,0,0,-50,-66,63,None
0,-14,-9,6,47,4,4,7,4,0,0,0,-54,-73,69,None
0,1,-3,-1,19,22,-8,-8,-5,0,0,0,-54,-73,69,None
0,-1,5,-1,-33,-27,-4,-4,-4,0,0,0,-54,-73,69,None
0,0,1,-3,11,16,1,0,-2,0,0,0,-54,-73,69,None
0,1,5,-38,-15,4,-11,-5,-5,0,0,0,-54,-73,69,None
0,1,5,-38,-15,4,-11,-5,-5,0,0,0,-54,-73,69,None
0,1,5,-38,-15,4,-11,-5,-5,0,0,0,-57,-73,70,None
0,-2,-4,6,4,-2,3,1,-1,0,0,0,-57,-73,70,None
0,-3,-2,-13,-2,-1,3,-1,-2,0,0,0,-57,-73,70,None
0,-6,-9,8,11,-7,-4,-2,1,0,0,0,-57,-73,70,None
0,4,3,5,14,4,2,2,2,0,0,0,-57,-73,70,None
0,4,3,5,14,4,2,2,2,0,0,0,-57,-73,70,None
0,4,3,5,14,4,2,2,2,0,0,0,-55,-67,68,None
0,-4,-2,2,-41,-11,-2,-4,-4,0,0,0,-55,-67,68,None
0,1,4,-3,4,17,-1,-3,1,0,0,0,-55,-67,68,None
0,-1,-1,23,23,-4,-2,0,0,0,0,0,-55,-67,68,None
0,0,0,-3,-27,-23,-1,0,-1,0,0,0,-55,-67,68,None
0,0,0,-3,-27,-23,-1,0,-1,0,0,0,-55,-67,68,None
0,0,0,-3,-27,-23,-1,0,-1,0,0,0,-50,-66,67,None
0,1,-5,-10,3,-2,-1,-3,-2,0,0,0,-50,-66,67,None
0,0,2,0,11,7,-1,0,-2,0,0,0,-50,-66,67,None
0,-2,-1,12,-8,5,-3,0,-2,0,0,0,-50,-66,67,None
0,0,6,0,-3,-32,-2,0,1,0,0,0,-50,-66,67,None
0,0,6,0,-3,-32,-2,0,1,0,0,0,-50,-66,67,None
0,0,6,0,-3,-32,-2,0,1,0,0,0,-48,-65,66,None
0,-2,1,-2,0,15,1,-3,-4,0,0,0,-48,-65,66,None
0,-5,-3,-5,-5,13,-3,0,-3,0,0,0,-48,-65,66,None
0,-3,-2,17,-18,-12,-1,-2,-1,0,0,0,-48,-65,66,None
0,3,5,-1,18,8,-4,-1,-1,0,0,0,-48,-65,66,None
0,3,5,-1,18,8,-4,-1,-1,0,0,0,-48,-65,66,None
0,3,5,-1,18,8,-4,-1,-1,0,0,0,-46,-62,66,None
0,-4,-3,-17,2,-12,1,-3,-3,0,0,0,-46,-62,66,None
0,-1,0,2,0,13,2,-1,-1,0,0,0,-46,-62,66,None
0,0,6,6,-1,-3,0,0,-1,0,0,0,-46,-62,66,None
0,-2,-8,-6,11,-11,-4,-6,-3,0,0,0,-46,-62,66,None
0,-2,-8,-6,11,-11,-4,-6,-3,0,0,0,-46,-62,66,None
0,-2,-8,-6,11,-11,-4,-6,-3,0,0,0,-45,-60,64,None
0,1,5,-11,-2,-2,-4,-4,-3,0,0,0,-45,-60,64,None
0,-4,-14,-26,-8,2,0,-2,-2,0,0,0,-45,-60,64,None
0,0,1,6,17,0,-1,1,0,0,0,0,-45,-60,64,None
0,-2,-1,0,-2,7,1,-1,0,0,0,0,-45,-60,64,None
0,-2,-1,0,-2,7,1,-1,0,0,0,0,-45,-60,64,None
0,-2,-1,0,-2,7,1,-1,0,0,0,0,-46,-59,63,None
0,-2,1,4,-12,0,-2,-2,-1,0,0,0,-46,-59,63,None
0,0,5,-5,16,-30,-3,0,-1,0,0,0,-46,-59,63,None
0,-2,0,3,9,26,-3,-3,-2,0,0,0,-46,-59,63,None
0,-1,-3,0,-34,2,1,-1,-2,0,0,0,-46,-59,63,None
0,-1,-3,0,-34,2,1,-1,-2,0,0,0,-46,-59,63,None
0,-1,-3,0,-34,2,1,-1,-2,0,0,0,-45,-57,62,None
0,-1,2,-8,11,-7,1,-1,-2,0,0,0,-45,-57,62,None
0,0,1,1,14,-8,-2,-2,-2,0,0,0,-45,-57,62,None
0,-3,-6,0,-11,-6,0,0,-1,0,0,0,-45,-57,62,None
0,1,2,5,7,13,1,0,0,0,0,0,-45,-57,62,None
0,1,2,5,7,13,1,0,0,0,0,0,-45,-57,62,None
0,1,2,5,7,13,1,0,0,0,0,0,-43,-55,61,None
0,0,1,2,2,-3,-5,-1,-1,0,0,0,-43,-55,61,None
0,0,1,1,-8,6,0,-2,-1,0,0,0,-43,-55,61,None
0,-2,2,1,-7,-7,-1,-1,-2,0,0,0,-43,-55,61,None
0,-1,0,-2,15,4,-6,-2,-2,0,0,0,-43,-55,61,None
0,-1,0,-2,15,4,-6,-2,-2,0,0,0,-43,-55,61,None
0,-1,0,-2,15,4,-6,-2,-2,0,0,0,-42,-54,60,None
0,-1,-1,0,3,-5,2,0,-2,0,0,0,-42,-54,60,None
0,0,2,3,-8,-2,-1,1,1,0,0,0,-42,-54,60,None
0,0,2,-4,11,14,0,-3,0,0,0,0,-42,-54,60,None
0,-3,2,-1,-11,-10,0,-1,-2,0,0,0,-42,-54,60,None
0,-3,2,-1,-11,-10,0,-1,-2,0,0,0,-42,-54,60,None
0,-3,2,-1,-11,-10,0,-1,-2,0,0,0,-41,-53,58,None
0,-1,-2,1,8,11,1,-1,-1,0,0,0,-41,-53,58,None
0,-1,2,2,-8,2,0,-2,-2,0,0,0,-41,-53,58,None
0,-1,0,1,10,-9,-1,-1,0,0,0,0,-41,-53,58,None
0,-1,0,1,5,3,0,-1,-2,0,0,0,-41,-53,58,None
0,-1,0,1,5,3,0,-1,-2,0,0,0,-41,-53,58,None
0,-1,0,1,5,3,0,-1,-2,0,0,0,-39,-54,57,None
0,1,3,1,-2,2,-4,-2,0,0,0,0,-39,-54,57,None
0,-1,2,-1,2,6,-2,-1,-2,0,0,0,-39,-54,57,None
0,-3,-1,-3,6,-13,-6,-3,-3,0,0,0,-39,-54,57,None
0,0,-1,1,2,10,2,-2,-3,0,0,0,-39,-54,57,None
0,0,-1,1,2,10,2,-2,-3,0,0,0,-39,-54,57,None
0,0,-1,1,2,10,2,-2,-3,0,0,0,-38,-53,54,None
0,-3,-1,-4,1,-7,-4,-3,-3,0,0,0,-38,-53,54,None
0,0,0,0,4,6,0,0,2,0,0,0,-38,-53,54,None
0,-1,0,1,-10,-1,10,-1,0,0,0,0,-38,-53,54,None
0,-1,2,1,1,12,1,0,-1,0,0,0,-38,-53,54,None
0,-1,2,1,1,12,1,0,-1,0,0,0,-38,-53,54,None
0,-1,2,1,1,12,1,0,-1,0,0,0,-32,-46,47,None
0,0,0,-1,5,-8,0,0,-2,0,0,0,-32,-46,47,None
0,-2,0,0,-4,-1,-9,-5,-3,0,0,0,-32,-46,47,None
0,-2,1,-1,2,1,-2,0,-2,0,0,0,-32,-46,47,None
0,-1,0,-2,7,2,1,-1,-1,0,0,0,-32,-46,47,None
0,-1,0,-2,7,2,1,-1,-1,0,0,0,-32,-46,47,None
0,-1,0,-2,7,2,1,-1,-1,0,0,0,-25,-47,48,None
0,-1,0,-2,1,-3,-4,-3,-2,0,0,0,-25,-47,48,None
0,-2,0,-2,-2,3,1,-1,-1,0,0,0,-25,-47,48,None
0,-2,0,-5,1,-4,0,0,-1,0,0,0,-25,-47,48,None
0,-1,1,1,7,1,-13,-3,-1,0,0,0,-25,-47,48,None
0,-1,1,1,7,1,-13,-3,-1,0,0,0,-25,-47,48,None
0,-1,1,1,7,1,-13,-3,-1,0,0,0,-17,-48,46,None
0,-2,0,9,3,0,10,2,0,0,0,0,-17,-48,46,None
0,-1,-1,-10,3,2,0,-2,0,0,0,0,-17,-48,46,None
0,-1,-3,-3,-8,-2,-4,-1,-2,0,0,0,-17,-48,46,None
0,-1,0,-2,2,1,1,-3,-4,0,0,0,-17,-48,46,None
0,-1,0,-2,2,1,1,-3,-4,0,0,0,-17,-48,46,None
0,-1,0,-2,2,1,1,-3,-4,0,0,0,-11,-49,38,None
0,-1,2,-2,3,-1,-5,-1,1,0,0,0,-11,-49,38,None
0,-1,0,2,-2,-1,-2,-2,-4,0,0,0,-11,-49,38,None
0,-4,-1,-1,3,-2,-4,-1,-1,0,0,0,-11,-49,38,None
0,0,-1,-7,9,2,0,-1,0,0,0,0,-11,-49,38,None
0,0,-1,-7,9,2,0,-1,0,0,0,0,-11,-49,38,None
0,0,-1,-7,9,2,0,-1,0,0,0,0,-9,-49,31,None
0,-1,-1,-5,-5,0,1,0,-4,0,0,0,-9,-49,31,None
0,-1,0,1,-6,0,0,0,-2,0,0,0,-9,-49,31,None
0,-1,1,-2,-4,-2,-3,-2,-3,0,0,0,-9,-49,31,None
0,1,1,2,0,2,1,-5,-1,0,0,0,-9,-49,31,None
0,1,1,2,0,2,1,-5,-1,0,0,0,-9,-49,31,None
0,1,1,2,0,2,1,-5,-1,0,0,0,-9,-55,33,None
0,-2,1,2,-11,1,-2,2,1,0,0,0,-9,-55,33,None
0,2,0,-5,1,-1,-2,-2,-1,0,0,0,-9,-55,33,None
0,0,1,2,12,0,-3,-3,-3,0,0,0,-9,-55,33,None
0,-1,-2,-4,-7,-3,-3,-3,-2,0,0,0,-9,-55,33,None
0,-1,-2,-4,-7,-3,-3,-3,-2,0,0,0,-9,-55,33,None
0,-1,-2,-4,-7,-3,-3,-3,-2,0,0,0,-13,-65,33,None
0,0,-1,-4,-1,1,-1,-1,-1,0,0,0,-13,-65,33,None
0,-2,0,1,11,4,1,-1,0,0,0,0,-13,-65,33,None
0,-3,-1,-2,-1,-3,-5,-3,-1,0,0,0,-13,-65,33,None
0,-1,0,-1,-4,2,3,3,-1,0,0,0,-13,-65,33,None
0,-1,0,-1,-4,2,3,3,-1,0,0,0,-13,-65,33,None
0,-1,0,-1,-4,2,3,3,-1,0,0,0,-19,-62,25,None
0,-1,-1,-2,10,1,-4,-3,-1,0,0,0,-19,-62,25,None
0,-1,2,1,4,1,3,3,0,0,0,0,-19,-62,25,None
0,-1,-2,-2,-10,0,-1,-1,-2,0,0,0,-19,-62,25,None
0,-3,1,0,-3,0,0,2,-2,0,0,0,-19,-62,25,None
0,-3,1,0,-3,0,0,2,-2,0,0,0,-19,-62,25,None
0,-3,1,0,-3,0,0,2,-2,0,0,0,-22,-52,16,None
0,0,2,-2,14,-1,-1,-6,-3,0,0,0,-22,-52,16,None
0,-2,-2,-2,-4,-3,-5,-3,-4,0,0,0,-22,-52,16,None
0,-1,-1,0,3,3,3,1,0,0,0,0,-22,-52,16,None
0,-2,0,-1,10,4,4,-2,1,0,0,0,-22,-52,16,None
0,-2,0,-1,10,4,4,-2,1,0,0,0,-22,-52,16,None
0,-2,0,-1,10,4,4,-2,1,0,0,0,-27,-52,18,None
0,0,1,-5,-1,0,2,1,0,0,0,0,-27,-52,18,None
0,-1,1,-1,-15,-1,-3,-3,-3,0,0,0,-27,-52,18,None
0,-1,2,-3,-6,0,1,-1,-1,0,0,0,-27,-52,18,None
0,-2,2,-2,0,2,4,2,0,0,0,0,-27,-52,18,None
0,-2,2,-2,0,2,4,2,0,0,0,0,-27,-52,18,None
0,-2,2,-2,0,2,4,2,0,0,0,0,-41,-69,28,None
0,-2,2,-5,-8,0,-4,-3,-2,0,0,0,-41,-69,28,None
0,-3,2,1,-6,1,-2,-2,-1,0,0,0,-41,-69,28,None
0,-1,1,1,6,1,1,1,1,0,0,0,-41,-69,28,None
0,-2,-1,0,1,-2,-4,-1,-1,0,0,0,-41,-69,28,None
0,-2,-1,0,1,-2,-4,-1,-1,0,0,0,-41,-69,28,None
0,-2,-1,0,1,-2,-4,-1,-1,0,0,0,-48,-79,24,None
0,-2,0,-2,-9,-2,-6,-2,-1,0,0,0,-48,-79,24,None
0,0,1,-2,-2,2,5,1,-1,0,0,0,-48,-79,24,None
0,1,0,-3,1,1,-1,-4,-2,0,0,0,-48,-79,24,None
0,-3,0,-2,-5,-2,-4,-1,-2,0,0,0,-48,-79,24,None
0,-3,0,-2,-5,-2,-4,-1,-2,0,0,0,-48,-79,24,None
0,-3,0,-2,-5,-2,-4,-1,-2,0,0,0,-46,-69,18,None
0,-2,1,0,-8,1,0,1,-2,0,0,0,-46,-69,18,None
0,-1,1,-1,0,-1,0,-2,-1,0,0,0,-46,-69,18,None
0,-2,-2,-1,-3,0,-3,-2,-2,0,0,0,-46,-69,18,None
0,-1,0,-8,-9,2,0,-2,0,0,0,0,-46,-69,18,None
0,-1,0,-8,-9,2,0,-2,0,0,0,0,-46,-69,18,None
0,-1,0,-8,-9,2,0,-2,0,0,0,0,-46,-58,20,None
0,-1,1,0,0,0,-2,-3,-2,0,0,0,-46,-58,20,None
0,0,-1,-1,7,2,-1,-2,1,0,0,0,-46,-58,20,None
0,0,0,-3,-6,1,1,-1,-1,0,0,0,-46,-58,20,None
0,-1,0,0,-5,-1,-2,0,-1,0,0,0,-46,-58,20,None
0,-1,0,0,-5,-1,-2,0,-1,0,0,0,-46,-58,20,None
0,-1,0,0,-5,-1,-2,0,-1,0,0,0,-52,-70,16,None
0,0,1,0,3,-1,-3,-3,-1,0,0,0,-52,-70,16,None
0,-1,2,-2,-5,3,1,1,-1,0,0,0,-52,-70,16,None
0,-1,3,-2,-9,0,-1,-3,-1,0,0,0,-52,-70,16,None
0,-1,0,0,1,1,-1,-1,0,0,0,0,-52,-70,16,None
0,-1,0,0,1,1,-1,-1,0,0,0,0,-52,-70,16,None
0,-1,0,0,1,1,-1,-1,0,0,0,0,-61,-87,26,None
0,0,0,-1,-11,-3,-2,-2,-1,0,0,0,-61,-87,26,None
0,-1,0,-1,-16,-1,-3,-5,-2,0,0,0,-61,-87,26,None
0,-1,1,0,3,5,6,3,0,0,0,0,-61,-87,26,None
0,0,0,-2,8,-2,-2,0,0,0,0,0,-61,-87,26,None
0,0,0,-2,8,-2,-2,0,0,0,0,0,-61,-87,26,None
0,0,0,-2,8,-2,-2,0,0,0,0,0,-45,-105,32,None
0,-3,-2,-4,-3,1,-1,-1,-4,0,0,0,-45,-105,32,None
0,-3,-2,-3,14,-2,-3,-2,-3,0,0,0,-45,-105,32,None
0,-2,-3,-5,7,-4,-9,-4,-4,0,0,0,-45,-105,32,None
0,-4,-2,-4,5,0,-3,-2,-1,0,0,0,-45,-105,32,None
0,-4,-2,-4,5,0,-3,-2,-1,0,0,0,-45,-105,32,None
0,-4,-2,-4,5,0,-3,-2,-1,0,0,0,-30,-99,33,None
0,-1,0,-1,-6,0,-3,-2,-2,0,0,0,-30,-99,33,None
0,-2,-2,-1,16,0,-2,0,-1,0,0,0,-30,-99,33,None
0,-1,0,-2,-8,-3,-3,-2,-2,0,0,0,-30,-99,33,None
0,-2,2,1,-17,1,2,-1,-3,0,0,0,-30,-99,33,None
0,-2,2,1,-17,1,2,-1,-3,0,0,0,-30,-99,33,None
0,-2,2,1,-17,1,2,-1,-3,0,0,0,-31,-101,34,None
0,-2,-1,-2,5,0,3,1,1,0,0,0,-31,-101,34,None
0,-3,-3,-2,11,2,-3,-2,-4,0,0,0,-31,-101,34,None
0,0,-1,-2,-4,3,0,-2,-2,0,0,0,-31,-101,34,None
0,-1,0,0,2,1,-2,-1,-2,0,0,0,-31,-101,34,None
0,-1,0,0,2,1,-2,-1,-2,0,0,0,-31,-101,34,None
0,-1,0,0,2,1,-2,-1,-2,0,0,0,-30,-106,25,None
0,1,0,-7,14,-8,0,-1,-1,0,0,0,-30,-106,25,None
0,2,2,0,6,-1,-4,-1,1,0,0,0,-30,-106,25,None
0,-3,-2,-3,-2,-12,0,-2,-2,0,0,0,-30,-106,25,None
0,-4,-2,-4,29,19,-5,-3,-3,0,0,0,-30,-106,25,None
0,-4,-2,-4,29,19,-5,-3,-3,0,0,0,-30,-106,25,None
0,-4,-2,-4,29,19,-5,-3,-3,0,0,0,-12,-126,28,None
0,-3,-2,1,1,10,2,-2,-2,0,0,0,-12,-126,28,None
0,-2,-1,-2,5,-17,-12,-2,-1,0,0,0,-12,-126,28,None
0,-2,-1,-5,-37,11,12,-1,-2,0,0,0,-12,-126,28,None
0,-2,-2,-4,42,-18,-2,0,-2,0,0,0,-12,-126,28,None
0,-2,-2,-4,42,-18,-2,0,-2,0,0,0,-12,-126,28,None
0,-2,-2,-4,42,-18,-2,0,-2,0,0,0,-2,-143,38,None
0,0,1,-1,-28,-16,-5,-3,1,0,0,0,-2,-143,38,None
0,1,2,4,37,1,4,2,-1,0,0,0,-2,-143,38,None
0,-3,-3,-11,-8,-5,-19,-1,0,0,0,0,-2,-143,38,None
0,-4,-3,0,56,-5,-2,-7,-5,0,0,0,-2,-143,38,None
0,-4,-3,0,56,-5,-2,-7,-5,0,0,0,-2,-143,38,None
0,-4,-3,0,56,-5,-2,-7,-5,0,0,0,-6,-138,33,None
0,-2,2,9,18,-17,-3,0,-5,0,0,0,-6,-138,33,None
0,-1,-1,-15,-27,-5,10,2,-3,0,0,0,-6,-138,33,None
0,0,4,14,90,31,-2,-1,-2,0,0,0,-6,-138,33,None
0,1,2,-12,-81,-12,6,-2,0,0,0,0,-6,-138,33,None
0,1,2,-12,-81,-12,6,-2,0,0,0,0,-6,-138,33,None
0,1,2,-12,-81,-12,6,-2,0,0,0,0,-3,-128,18,None
0,0,5,15,105,48,-2,0,-3,0,0,0,-3,-128,18,None
0,-7,-10,-27,-68,-9,-13,-11,-7,0,0,0,-3,-128,18,None
0,5,11,14,17,59,4,7,7,0,0,0,-3,-128,18,None
0,-3,-6,-11,11,-11,-3,-1,-5,0,0,0,-3,-128,18,None
0,-3,-6,-11,11,-11,-3,-1,-5,0,0,0,-3,-128,18,None
0,-3,-6,-11,11,-11,-3,-1,-5,0,0,0,8,-118,11,None
0,0,1,23,11,37,6,-4,-3,0,0,0,8,-118,11,None
0,-4,-5,-39,-112,-26,8,2,-4,0,0,0,8,-118,11,None
0,0,7,21,40,63,6,0,2,0,0,0,8,-118,11,None
0,-5,-3,-8,-3,11,-24,-7,-5,0,0,0,8,-118,11,None
0,-5,-3,-8,-3,11,-24,-7,-5,0,0,0,8,-118,11,None
0,-5,-3,-8,-3,11,-24,-7,-5,0,0,0,22,-120,12,None
0,-2,-5,14,-41,7,-6,-3,0,0,0,0,22,-120,12,None
0,1,6,-1,127,-86,0,0,0,0,0,0,22,-120,12,None
0,-2,-4,-15,-81,9,0,-2,-1,0,0,0,22,-120,12,None
0,4,6,2,15,10,7,1,0,0,0,0,22,-120,12,None
0,4,6,2,15,10,7,1,0,0,0,0,22,-120,12,None
0,4,6,2,15,10,7,1,0,0,0,0,33,-114,10,None
0,-2,0,-10,-41,-10,-6,-3,-3,0,0,0,33,-114,10,None
0,-4,4,29,59,75,4,-3,-1,0,0,0,33,-114,10,None
0,-4,-6,-16,17,21,-4,-2,-6,0,0,0,33,-114,10,None
0,1,3,3,-1,-53,-1,0,2,0,0,0,33,-114,10,None
0,1,3,3,-1,-53,-1,0,2,0,0,0,33,-114,10,None
0,1,3,3,-1,-53,-1,0,2,0,0,0,37,-102,5,None
0,0,0,-15,-49,20,-1,-5,0,0,0,0,37,-102,5,None
0,4,6,22,25,14,7,8,4,0,0,0,37,-102,5,None
0,0,2,-19,17,-32,-8,-2,-3,0,0,0,37,-102,5,None
0,-4,-1,6,17,-49,14,2,-2,0,0,0,37,-102,5,None
0,-4,-1,6,17,-49,14,2,-2,0,0,0,37,-102,5,None
0,-4,-1,6,17,-49,14,2,-2,0,0,0,45,-102,9,None
0,-2,-3,3,33,5,-2,-4,-2,0,0,0,45,-102,9,None
0,-3,-2,-5,5,59,-4,-5,-3,0,0,0,45,-102,9,None
0,-2,-4,5,-35,-119,-7,-4,-4,0,0,0,45,-102,9,None
0,1,3,6,30,-5,0,0,2,0,0,0,45,-102,9,None
0,1,3,6,30,-5,0,0,2,0,0,0,45,-102,9,None
0,1,3,6,30,-5,0,0,2,0,0,0,66,-115,13,None
0,2,2,-14,-27,-92,0,4,2,0,0,0,66,-115,13,None
0,-4,-5,-39,11,73,-4,-4,-3,0,0,0,66,-115,13,None
0,-2,-2,13,18,-62,-1,-2,-4,0,0,0,66,-115,13,None
0,-2,-1,-2,-5,95,2,-3,-1,0,0,0,66,-115,13,None
0,-2,-1,-2,-5,95,2,-3,-1,0,0,0,66,-115,13,None
0,-2,-1,-2,-5,95,2,-3,-1,0,0,0,84,-101,5,None
0,1,2,-5,24,12,1,0,-2,0,0,0,84,-101,5,None
0,-1,3,15,-9,21,0,-1,-2,0,0,0,84,-101,5,None
0,1,1,-19,13,26,4,-1,1,0,0,0,84,-101,5,None
0,-2,0,9,-32,34,0,-1,-2,0,0,0,84,-101,5,None
0,-2,0,9,-32,34,0,-1,-2,0,0,0,84,-101,5,None
0,-2,0,9,-32,34,0,-1,-2,0,0,0,65,-94,-1,None
0,-4,-5,-51,3,-4,0,-2,-3,0,0,0,65,-94,-1,None
0,0,6,8,-32,-33,-3,0,-1,0,0,0,65,-94,-1,None
0,-8,-12,6,15,5,-2,-2,-2,0,0,0,65,-94,-1,None
0,2,0,4,7,-11,-3,1,1,0,0,0,65,-94,-1,None
0,2,0,4,7,-11,-3,1,1,0,0,0,65,-94,-1,None
0,2,0,4,7,-11,-3,1,1,0,0,0,71,-103,-4,None
0,3,16,-1,0,20,2,0,-2,0,0,0,71,-103,-4,None
0,-3,-10,0,-9,-27,-2,-2,0,0,0,0,71,-103,-4,None
0,-1,7,-7,-18,2,-1,-1,-3,0,0,0,71,-103,-4,None
0,-2,-1,-6,-17,13,-3,-2,-2,0,0,0,71,-103,-4,None
0,-2,-1,-6,-17,13,-3,-2,-2,0,0,0,71,-103,-4,None
0,-2,-1,-6,-17,13,-3,-2,-2,0,0,0,75,-108,-3,None
0,-1,-3,-2,-1,1,1,-1,0,0,0,0,75,-108,-3,None
0,3,14,5,-13,-13,-4,0,0,0,0,0,75,-108,-3,None
0,1,1,5,5,10,1,-2,-2,0,0,0,75,-108,-3,None
0,1,7,-7,-13,-2,-1,-1,0,0,0,0,75,-108,-3,None
0,1,7,-7,-13,-2,-1,-1,0,0,0,0,75,-108,-3,None
0,1,7,-7,-13,-2,-1,-1,0,0,0,0,79,-110,0,None
0,-2,1,4,11,4,-1,-1,-1,0,0,0,79,-110,0,None
0,-1,-1,6,2,-9,-4,-2,-1,0,0,0,79,-110,0,None
0,-1,-1,-7,-7,6,-1,-1,-2,0,0,0,79,-110,0,None
0,-1,-5,-5,-1,-3,0,-1,-1,0,0,0,79,-110,0,None
0,-1,-5,-5,-1,-3,0,-1,-1,0,0,0,79,-110,0,None
0,-1,-5,-5,-1,-3,0,-1,-1,0,0,0,79,-93,0,None
0,-2,0,0,-4,-5,-1,0,-1,0,0,0,79,-93,0,None
0,-1,-3,3,-7,1,0,-2,0,0,0,0,79,-93,0,None
0,-1,1,-5,-3,1,1,-1,-1,0,0,0,79,-93,0,None
0,2,25,-1,-5,-1,-2,0,-2,0,0,0,79,-93,0,None
0,2,25,-1,-5,-1,-2,0,-2,0,0,0,79,-93,0,None
0,2,25,-1,-5,-1,-2,0,-2,0,0,0,73,-83,5,None
0,-5,-26,0,3,3,0,0,1,0,0,0,73,-83,5,None
0,1,1,6,-13,0,-2,-3,-2,0,0,0,73,-83,5,None
0,2,2,-8,11,7,-3,-3,-2,0,0,0,73,-83,5,None
0,0,2,2,8,-1,-1,-2,0,0,0,0,73,-83,5,None
0,0,2,2,8,-1,-1,-2,0,0,0,0,73,-83,5,None
0,0,2,2,8,-1,-1,-2,0,0,0,0,72,-82,6,None
0,-2,5,-1,1,6,0,-2,-2,0,0,0,72,-82,6,None
0,-3,-5,-4,9,-10,-1,-2,-1,0,0,0,72,-82,6,None
0,6,24,7,-8,-1,0,-2,0,0,0,0,72,-82,6,None
0,-4,-14,-17,-14,5,0,-1,-2,0,0,0,72,-82,6,None
0,-4,-14,-17,-14,5,0,-1,-2,0,0,0,72,-82,6,None
0,-4,-14,-17,-14,5,0,-1,-2,0,0,0,66,-81,5,None
0,-2,2,3,10,4,-5,-4,-2,0,0,0,66,-81,5,None
0,0,-3,-2,-3,4,-1,0,-1,0,0,0,66,-81,5,None
0,-2,4,4,3,-2,0,-1,-2,0,0,0,66,-81,5,None
0,0,1,-3,4,2,0,0,0,0,0,0,66,-81,5,None
0,0,1,-3,4,2,0,0,0,0,0,0,66,-81,5,None
0,0,1,-3,4,2,0,0,0,0,0,0,61,-82,1,None
0,0,1,-2,-2,-4,-1,-1,-1,0,0,0,61,-82,1,None
0,0,5,-4,-2,-3,-2,-1,-1,0,0,0,61,-82,1,None
0,-4,-6,-7,-7,0,-1,-1,-2,0,0,0,61,-82,1,None
0,-2,0,-2,9,-6,-2,-1,0,0,0,0,61,-82,1,None
0,-2,0,-2,9,-6,-2,-1,0,0,0,0,61,-82,1,None
0,-2,0,-2,9,-6,-2,-1,0,0,0,0,60,-84,-2,None
0,-6,-9,4,-7,3,1,-2,-2,0,0,0,60,-84,-2,None
0,1,-2,4,-11,4,-1,-2,-1,0,0,0,60,-84,-2,None
0,-2,-4,-3,-6,0,0,-2,-1,0,0,0,60,-84,-2,None
0,-3,-8,0,-4,-7,-2,-1,-1,0,0,0,60,-84,-2,None
0,-3,-8,0,-4,-7,-2,-1,-1,0,0,0,60,-84,-2,None
0,-3,-8,0,-4,-7,-2,-1,-1,0,0,0,58,-84,-6,None
0,0,12,-1,3,0,0,-1,-1,0,0,0,58,-84,-6,None
0,-1,1,-4,3,2,0,-1,-2,0,0,0,58,-84,-6,None
0,-3,-8,0,1,-7,-3,-2,-1,0,0,0,58,-84,-6,None
0,0,8,1,1,5,-1,-2,-1,0,0,0,58,-84,-6,None
0,0,8,1,1,5,-1,-2,-1,0,0,0,58,-84,-6,None
0,0,8,1,1,5,-1,-2,-1,0,0,0,59,-81,-10,None
0,2,1,-4,-2,2,0,-1,-1,0,0,0,59,-81,-10,None
0,-3,1,-3,-1,-1,-2,-1,-3,0,0,0,59,-81,-10,None
0,-2,-6,-6,-3,0,-2,-2,-2,0,0,0,59,-81,-10,None
0,0,3,0,-5,3,-1,-1,-3,0,0,0,59,-81,-10,None
0,0,3,0,-5,3,-1,-1,-3,0,0,0,59,-81,-10,None
0,0,3,0,-5,3,-1,-1,-3,0,0,0,59,-77,-13,None
0,2,1,-4,-2,5,-1,-1,0,0,0,0,59,-77,-13,None
0,-6,-3,0,6,-6,-2,-3,-3,0,0,0,59,-77,-13,None
0,-1,2,-12,-13,-3,0,-1,-1,0,0,0,59,-77,-13,None
0,1,-3,0,-4,4,-1,-1,-2,0,0,0,59,-77,-13,None
0,1,-3,0,-4,4,-1,-1,-2,0,0,0,59,-77,-13,None
0,1,-3,0,-4,4,-1,-1,-2,0,0,0,59,-76,-13,None
0,-1,1,-3,2,-5,-1,-1,-1,0,0,0,59,-76,-13,None
0,0,4,-2,2,1,-3,-2,0,0,0,0,59,-76,-13,None
0,-1,-2,-1,-1,4,-2,-2,0,0,0,0,59,-76,-13,None
0,-2,-1,-2,1,0,-2,-1,-1,0,0,0,59,-76,-13,None
0,-2,-1,-2,1,0,-2,-1,-1,0,0,0,59,-76,-13,None
0,-2,-1,-2,1,0,-2,-1,-1,0,0,0,60,-76,-13,None
0,0,0,-2,0,-4,-1,-2,-2,0,0,0,60,-76,-13,None
0,-1,1,0,-2,2,0,0,-1,0,0,0,60,-76,-13,None
0,-3,0,0,-3,0,-1,-1,-2,0,0,0,60,-76,-13,None
0,-2,-4,-1,-2,-1,-1,-2,0,0,0,0,60,-76,-13,None
0,-2,-4,-1,-2,-1,-1,-2,0,0,0,0,60,-76,-13,None
0,-2,-4,-1,-2,-1,-1,-2,0,0,0,0,60,-75,-14,None
0,-2,2,-1,-2,0,0,-1,-2,0,0,0,60,-75,-14,None
0,-4,1,-4,-2,1,0,-2,-1,0,0,0,60,-75,-14,None
0,3,11,13,21,2,2,1,2,0,0,0,60,-75,-14,None
0,-4,-31,-1,-12,-1,-4,-3,-2,0,0,0,60,-75,-14,None
0,-4,-31,-1,-12,-1,-4,-3,-2,0,0,0,60,-75,-14,None
0,-4,-31,-1,-12,-1,-4,-3,-2,0,0,0,61,-76,-14,None
0,-1,2,-1,-3,3,1,0,-1,0,0,0,61,-76,-14,None
0,-1,-1,-1,3,-2,-1,-1,-2,0,0,0,61,-76,-14,None
0,-1,-2,-2,7,0,-1,-2,-2,0,0,0,61,-76,-14,None
0,0,10,-4,0,3,-1,0,0,0,0,0,61,-76,-14,None
0,0,10,-4,0,3,-1,0,0,0,0,0,61,-76,-14,None
0,0,10,-4,0,3,-1,0,0,0,0,0,60,-75,-14,None
0,-1,0,-3,-3,-2,-1,-3,-1,0,0,0,60,-75,-14,None
0,-1,-2,-3,3,-1,-1,0,0,0,0,0,60,-75,-14,None
0,0,0,-4,-4,1,-2,-1,-2,0,0,0,60,-75,-14,None
0,0,5,0,-4,-1,0,-2,-1,0,0,0,60,-75,-14,None
0,0,5,0,-4,-1,0,-2,-1,0,0,0,60,-75,-14,None
0,0,5,0,-4,-1,0,-2,-1,0,0,0,60,-76,-13,None
0,-2,-3,-4,-1,-1,-3,0,-1,0,0,0,60,-76,-13,None
0,-1,6,-2,-1,-1,-2,-1,-2,0,0,0,60,-76,-13,None
0,-3,-2,-4,-7,-1,-1,-2,-2,0,0,0,60,-76,-13,None
0,-3,3,1,1,-2,0,-1,-1,0,0,0,60,-76,-13,None
0,-3,3,1,1,-2,0,-1,-1,0,0,0,60,-76,-13,None
0,-3,3,1,1,-2,0,-1,-1,0,0,0,61,-76,-11,None
0,1,12,-9,-1,-2,-3,-2,-2,0,0,0,61,-76,-11,None
0,-6,-31,-3,5,1,-1,0,-2,0,0,0,61,-76,-11,None
0,-6,-2,1,-8,1,-2,-2,-1,0,0,0,61,-76,-11,None
0,1,2,-3,2,4,0,-1,-1,0,0,0,61,-76,-11,None
0,1,2,-3,2,4,0,-1,-1,0,0,0,61,-76,-11,None
0,1,2,-3,2,4,0,-1,-1,0,0,0,62,-76,-10,None
0,-4,-4,1,-1,2,0,1,-1,0,0,0,62,-76,-10,None
0,2,7,-6,-8,1,1,-3,-1,0,0,0,62,-76,-10,None
0,-1,-1,-7,-1,-2,-2,-1,-2,0,0,0,62,-76,-10,None
0,-1,1,1,5,0,-2,-2,-1,0,0,0,62,-76,-10,None
0,-1,1,1,5,0,-2,-2,-1,0,0,0,62,-76,-10,None
0,-1,1,1,5,0,-2,-2,-1,0,0,0,62,-77,-8,None
0,-1,3,-2,-3,1,0,-1,0,0,0,0,62,-77,-8,None
0,0,6,-1,1,0,-2,-1,-1,0,0,0,62,-77,-8,None
0,-1,-3,0,4,0,-1,-2,-1,0,0,0,62,-77,-8,None
0,-1,7,-1,-7,0,-1,0,0,0,0,0,62,-77,-8,None
0,-1,7,-1,-7,0,-1,0,0,0,0,0,62,-77,-8,None
0,-1,7,-1,-7,0,-1,0,0,0,0,0,63,-79,-7,None
0,-1,-3,-8,-1,0,-1,-2,-2,0,0,0,63,-79,-7,None
0,0,4,-5,1,-4,-1,-1,-1,0,0,0,63,-79,-7,None
0,-3,-1,-1,-10,3,-1,-1,-2,0,0,0,63,-79,-7,None
0,-2,1,-4,-4,-1,0,-1,-1,0,0,0,63,-79,-7,None
0,-2,1,-4,-4,-1,0,-1,-1,0,0,0,63,-79,-7,None
0,-2,1,-4,-4,-1,0,-1,-1,0,0,0,61,-79,-5,None
0,-1,-1,1,3,-2,-2,-2,-3,0,0,0,61,-79,-5,None
0,-1,3,2,-2,1,-2,-1,-1,0,0,0,61,-79,-5,None
0,-1,2,-3,-3,0,0,-1,0,0,0,0,61,-79,-5,None
0,-2,1,-2,4,-1,-2,-2,-3,0,0,0,61,-79,-5,None
0,-2,1,-2,4,-1,-2,-2,-3,0,0,0,61,-79,-5,None
0,-2,1,-2,4,-1,-2,-2,-3,0,0,0,61,-79,-5,None
0,0,-1,1,3,0,-2,-1,-3,0,0,0,61,-79,-5,None
0,-2,4,0,-4,0,0,-1,-1,0,0,0,61,-79,-5,None
0,0,-1,-4,-1,-1,0,-1,-2,0,0,0,61,-79,-5,None
0,-2,1,0,0,1,-1,-2,-2,0,0,0,61,-79,-5,None
0,-2,1,0,0,1,-1,-2,-2,0,0,0,61,-79,-5,None
0,-2,1,0,0,1,-1,-2,-2,0,0,0,62,-79,-6,None
0,-2,-1,-1,-3,-2,0,-1,-1,0,0,0,62,-79,-6,None
0,0,2,-2,-5,0,0,-2,-2,0,0,0,62,-79,-6,None
0,2,8,-3,4,0,-1,-1,-1,0,0,0,62,-79,-6,None
0,-8,-32,-3,-2,-1,-2,-1,-1,0,0,0,62,-79,-6,None
0,-8,-32,-3,-2,-1,-2,-1,-1,0,0,0,62,-79,-6,None
0,-8,-32,-3,-2,-1,-2,-1,-1,0,0,0,61,-79,-7,None
0,-1,0,-3,-2,-1,1,-2,-1,0,0,0,61,-79,-7,None
0,0,-1,0,1,0,-3,-2,-2,0,0,0,61,-79,-7,None
0,-2,-6,-1,2,0,-2,-1,-2,0,0,0,61,-79,-7,None
0,0,10,-4,-1,-1,-1,-1,-2,0,0,0,61,-79,-7,None
0,0,10,-4,-1,-1,-1,-1,-2,0,0,0,61,-79,-7,None
0,0,10,-4,-1,-1,-1,-1,-2,0,0,0,61,-79,-8,None
0,-1,-2,0,1,1,-2,-1,-1,0,0,0,61,-79,-8,None
0,-2,-2,-3,-2,2,-1,-2,-1,0,0,0,61,-79,-8,None
0,-2,2,0,-3,0,-1,-1,0,0,0,0,61,-79,-8,None
0,1,3,-3,-3,1,-1,-1,-1,0,0,0,61,-79,-8,None
0,1,3,-3,-3,1,-1,-1,-1,0,0,0,61,-79,-8,None
0,1,3,-3,-3,1,-1,-1,-1,0,0,0,61,-80,-9,None
0,-1,2,-1,3,0,-2,0,-1,0,0,0,61,-80,-9,None
0,-1,0,-2,-5,1,-1,-1,-2,0,0,0,61,-80,-9,None
0,0,13,-4,-4,0,-4,-1,-2,0,0,0,61,-80,-9,None
0,-1,-16,-2,3,-1,-3,-2,-2,0,0,0,61,-80,-9,None
0,-1,-16,-2,3,-1,-3,-2,-2,0,0,0,61,-80,-9,None
0,-1,-16,-2,3,-1,-3,-2,-2,0,0,0,61,-79,-9,None
0,-1,-2,-1,3,0,-1,-1,0,0,0,0,61,-79,-9,None
0,-1,1,-2,-2,1,0,-2,-1,0,0,0,61,-79,-9,None
0,0,1,-2,1,0,-1,-1,-1,0,0,0,61,-79,-9,None
0,-1,9,-2,2,1,-2,-1,-2,0,0,0,61,-79,-9,None
0,-1,9,-2,2,1,-2,-1,-2,0,0,0,61,-79,-9,None
0,-1,9,-2,2,1,-2,-1,-2,0,0,0,60,-79,-9,None
0,-1,2,-3,-5,1,-2,-2,-2,0,0,0,60,-79,-9,None
0,0,-1,-2,-3,1,-1,-1,0,0,0,0,60,-79,-9,None
0,-2,-7,-3,1,0,-1,-2,-2,0,0,0,60,-79,-9,None
0,0,8,-1,-2,-1,0,-1,0,0,0,0,60,-79,-9,None
0,0,8,-1,-2,-1,0,-1,0,0,0,0,60,-79,-9,None
0,0,8,-1,-2,-1,0,-1,0,0,0,0,60,-78,-10,None
0,-1,-6,-2,-5,0,0,-1,-2,0,0,0,60,-78,-10,None
0,2,9,2,7,-2,-2,-2,-1,0,0,0,60,-78,-10,None
0,-2,-4,-12,1,0,-1,-2,-2,0,0,0,60,-78,-10,None
0,-1,6,0,2,3,0,-2,-1,0,0,0,60,-78,-10,None
0,-1,6,0,2,3,0,-2,-1,0,0,0,60,-78,-10,None
0,-1,6,0,2,3,0,-2,-1,0,0,0,61,-78,-10,None
0,-3,3,-2,0,0,0,-2,-1,0,0,0,61,-78,-10,None
0,-3,-1,-2,1,0,-2,-2,-2,0,0,0,61,-78,-10,None
0,-3,-3,1,-5,1,0,-1,-1,0,0,0,61,-78,-10,None
0,0,3,0,-6,0,-1,-1,-1,0,0,0,61,-78,-10,None
0,0,3,0,-6,0,-1,-1,-1,0,0,0,61,-78,-10,None
0,0,3,0,-6,0,-1,-1,-1,0,0,0,62,-78,-10,None
0,-1,-2,-3,5,-1,-3,-1,-2,0,0,0,62,-78,-10,None
0,-1,1,-2,-3,-1,0,-2,-1,0,0,0,62,-78,-10,None
0,-1,-2,1,-2,-1,0,-2,-1,0,0,0,62,-78,-10,None
0,1,2,-4,2,-1,-2,-1,-1,0,0,0,62,-78,-10,None
0,1,2,-4,2,-1,-2,-1,-1,0,0,0,62,-78,-10,None
0,1,2,-4,2,-1,-2,-1,-1,0,0,0,61,-77,-11,None
0,1,0,-1,1,-1,-1,-1,0,0,0,0,61,-77,-11,None
0,-2,-2,-3,-4,0,-1,-2,-3,0,0,0,61,-77,-11,None
0,3,16,2,1,0,-1,1,-2,0,0,0,61,-77,-11,None
0,-6,-26,-3,1,0,-1,-2,-2,0,0,0,61,-77,-11,None
0,-6,-26,-3,1,0,-1,-2,-2,0,0,0,61,-77,-11,None
0,-6,-26,-3,1,0,-1,-2,-2,0,0,0,61,-77,-10,None
0,-4,-2,-3,-5,0,-1,-2,-1,0,0,0,61,-77,-10,None
0,2,-2,0,-4,0,-1,0,0,0,0,0,61,-77,-10,None
0,0,-2,-2,3,-1,-2,-2,-4,0,0,0,61,-77,-10,None
0,-1,10,-2,-3,-1,-1,-1,-3,0,0,0,61,-77,-10,None
0,-1,10,-2,-3,-1,-1,-1,-3,0,0,0,61,-77,-10,None
0,-1,10,-2,-3,-1,-1,-1,-3,0,0,0,62,-77,-11,None
0,0,2,-2,-1,1,0,-2,-1,0,0,0,62,-77,-11,None
0,-3,-3,-3,2,0,-2,-2,0,0,0,0,62,-77,-11,None
0,-4,-5,0,3,-1,-1,-1,-1,0,0,0,62,-77,-11,None
0,-1,6,-1,-5,-1,-1,0,-1,0,0,0,62,-77,-11,None
0,-1,6,-1,-5,-1,-1,0,-1,0,0,0,62,-77,-11,None
0,-1,6,-1,-5,-1,-1,0,-1,0,0,0,62,-78,-10,None
0,-3,3,-1,1,0,-1,-2,-1,0,0,0,62,-78,-10,None
0,-2,5,-1,1,0,-1,-2,-2,0,0,0,62,-78,-10,None
0,-6,-1,3,-4,1,0,-2,0,0,0,0,62,-78,-10,None
0,2,3,-14,-13,0,-1,-2,-1,0,0,0,62,-78,-10,None
0,2,3,-14,-13,0,-1,-2,-1,0,0,0,62,-78,-10,None
0,2,3,-14,-13,0,-1,-2,-1,0,0,0,62,-78,-11,None
0,-3,0,2,8,1,-2,0,-2,0,0,0,62,-78,-11,None
0,-3,-1,-2,-5,2,0,-1,-3,0,0,0,62,-78,-11,None
0,-2,-2,-2,-3,0,0,-1,0,0,0,0,62,-78,-11,None
0,-2,1,1,5,0,-2,-2,-2,0,0,0,62,-78,-11,None
0,-2,1,1,5,0,-2,-2,-2,0,0,0,62,-78,-11,None
0,-2,1,1,5,0,-2,-2,-2,0,0,0,62,-77,-10,None
0,-2,-1,-4,-4,-2,-2,-1,-2,0,0,0,62,-77,-10,None
0,-1,3,-3,-4,0,-1,-2,0,0,0,0,62,-77,-10,None
0,-4,-4,-4,4,0,-3,0,-2,0,0,0,62,-77,-10,None
0,-2,6,1,6,1,-1,-2,-1,0,0,0,62,-77,-10,None
0,-2,6,1,6,1,-1,-2,-1,0,0,0,62,-77,-10,None
0,-2,6,1,6,1,-1,-2,-1,0,0,0,62,-77,-10,None
0,1,1,-2,-4,0,1,-2,-2,0,0,0,62,-77,-10,None
0,-2,-1,-1,-1,-1,0,-2,0,0,0,0,62,-77,-10,None
0,4,7,-5,-1,0,-2,-1,0,0,0,0,62,-77,-10,None
0,-7,-27,-2,-8,1,0,0,-1,0,0,0,62,-77,-10,None
0,-7,-27,-2,-8,1,0,0,-1,0,0,0,62,-77,-10,None
0,-7,-27,-2,-8,1,0,0,-1,0,0,0,62,-78,-10,None
0,-1,-1,0,-1,0,-1,-2,-1,0,0,0,62,-78,-10,None
0,-3,0,-1,1,0,-1,-1,-2,0,0,0,62,-78,-10,None
0,-1,-2,-3,1,-1,-2,-3,0,0,0,0,62,-78,-10,None
0,1,10,0,0,-1,-1,-1,-3,0,0,0,62,-78,-10,None
0,1,10,0,0,-1,-1,-1,-3,0,0,0,62,-78,-10,None
0,1,10,0,0,-1,-1,-1,-3,0,0,0,62,-78,-10,None
0,0,0,-2,2,-1,-2,-1,-2,0,0,0,62,-78,-10,None
0,0,-5,-4,2,0,-2,-1,-3,0,0,0,62,-78,-10,None
0,-2,-1,1,-2,1,0,0,-3,0,0,0,62,-78,-10,None
0,1,8,1,-1,1,0,0,-1,0,0,0,62,-78,-10,None
0,1,8,1,-1,1,0,0,-1,0,0,0,62,-78,-10,None
0,1,8,1,-1,1,0,0,-1,0,0,0,62,-77,-10,None
0,-3,-1,-2,-1,0,-1,-2,-2,0,0,0,62,-77,-10,None
0,0,5,-2,4,1,0,-1,-1,0,0,0,62,-77,-10,None
0,-2,-2,-7,-4,-3,-2,-2,-2,0,0,0,62,-77,-10,None
0,5,3,-1,5,0,-2,-2,-1,0,0,0,62,-77,-10,None
0,5,3,-1,5,0,-2,-2,-1,0,0,0,62,-77,-10,None
0,5,3,-1,5,0,-2,-2,-1,0,0,0,61,-77,-10,None
0,0,2,-1,3,0,-1,-1,-1,0,0,0,61,-77,-10,None
0,-2,-1,-1,-3,-1,-1,-1,-1,0,0,0,61,-77,-10,None
0,-2,-2,-1,4,0,-2,-2,-2,0,0,0,61,-77,-10,None
0,-2,3,-3,2,0,-3,-1,0,0,0,0,61,-77,-10,None
0,-2,3,-3,2,0,-3,-1,0,0,0,0,61,-77,-10,None
0,-2,3,-3,2,0,-3,-1,0,0,0,0,61,-78,-10,None
0,-2,0,-1,-5,-1,-2,-1,-1,0,0,0,61,-78,-10,None
0,-1,0,-1,-1,0,0,-2,-1,0,0,0,61,-78,-10,None
0,-1,-3,0,-1,0,-1,-1,-2,0,0,0,61,-78,-10,None
0,-2,2,-2,-4,-1,0,-1,-2,0,0,0,61,-78,-10,None
0,-2,2,-2,-4,-1,0,-1,-2,0,0,0,61,-78,-10,None
0,-2,2,-2,-4,-1,0,-1,-2,0,0,0,62,-79,-10,None
0,2,6,5,2,1,1,-1,-1,0,0,0,62,-79,-10,None
0,0,15,-4,2,1,-1,-1,-1,0,0,0,62,-79,-10,None
0,-1,-14,0,-1,0,-1,-2,-1,0,0,0,62,-79,-10,None
0,0,2,-2,-3,-2,0,-1,-1,0,0,0,62,-79,-10,None
0,0,2,-2,-3,-2,0,-1,-1,0,0,0,62,-79,-10,None
0,0,2,-2,-3,-2,0,-1,-1,0,0,0,61,-78,-10,None
0,-2,-3,0,3,0,-2,-2,-2,0,0,0,61,-78,-10,None
0,-1,1,-2,2,-1,-3,-1,-2,0,0,0,61,-78,-10,None
0,0,4,-1,-4,0,0,-1,-2,0,0,0,61,-78,-10,None
0,-2,3,-2,1,1,0,-1,-1,0,0,0,61,-78,-10,None
0,-2,3,-2,1,1,0,-1,-1,0,0,0,61,-78,-10,None
0,-2,3,-2,1,1,0,-1,-1,0,0,0,61,-78,-9,None
0,0,-3,-5,-3,0,-2,-1,0,0,0,0,61,-78,-9,None
0,-2,-2,-2,-6,0,-1,-2,-1,0,0,0,61,-78,-9,None
0,-3,1,-1,-5,1,-1,-1,-1,0,0,0,61,-78,-9,None
0,0,-2,-2,-1,0,0,-2,-1,0,0,0,61,-78,-9,None
0,0,-2,-2,-1,0,0,-2,-1,0,0,0,61,-78,-9,None
0,0,-2,-2,-1,0,0,-2,-1,0,0,0,61,-78,-9,None
0,4,0,-5,-6,-1,-1,-3,-1,0,0,0,61,-78,-9,None
0,-2,-5,-2,-2,0,0,-1,0,0,0,0,61,-78,-9,None
0,-2,1,0,3,0,-1,-1,-2,0,0,0,61,-78,-9,None
0,0,5,-2,3,-1,-1,-1,-1,0,0,0,61,-78,-9,None
0,0,5,-2,3,-1,-1,-1,-1,0,0,0,61,-78,-9,None
0,0,5,-2,3,-1,-1,-1,-1,0,0,0,61,-78,-9,None
0,-2,1,-2,-3,1,-2,0,-2,0,0,0,61,-78,-9,None
0,-2,-4,-2,-1,0,-1,-1,-1,0,0,0,61,-78,-9,None
0,-1,1,-1,0,-1,-1,-2,-3,0,0,0,61,-78,-9,None
0,-1,0,-1,-3,0,-1,-2,0,0,0,0,61,-78,-9,None
0,-1,0,-1,-3,0,-1,-2,0,0,0,0,61,-78,-9,None
0,-1,0,-1,-3,0,-1,-2,0,0,0,0,61,-78,-10,None
0,-2,-1,-4,-7,0,1,0,-1,0,0,0,61,-78,-10,None
