0,-5,-1,0,4,13,-66,-38,-11,0,0,0,99,-130,35,None
0,2,0,-6,-7,-18,88,16,8,0,0,0,99,-130,35,None
0,0,2,-1,16,7,-8,18,-1,0,0,0,99,-130,35,None
0,0,2,-1,16,7,-8,18,-1,0,0,0,99,-130,35,None
0,0,2,-1,16,7,-8,18,-1,0,0,0,100,-126,36,None
0,-2,0,-1,16,8,-24,-6,0,0,0,0,100,-126,36,None
0,0,0,-5,19,11,2,-2,-3,0,0,0,100,-126,36,None
0,-5,0,8,-6,2,-45,-47,-7,0,0,0,100,-126,36,None
0,1,0,-4,-17,7,9,41,5,0,0,0,100,-126,36,None
0,1,0,-4,-17,7,9,41,5,0,0,0,100,-126,36,None
0,1,0,-4,-17,7,9,41,5,0,0,0,92,-128,37,None
0,4,2,-2,3,1,19,6,5,0,0,0,92,-128,37,None
0,-4,-3,-5,-21,-4,4,9,-4,0,0,0,92,-128,37,None
0,-3,-1,4,-17,2,-25,-16,-5,0,0,0,92,-128,37,None
0,2,1,-9,7,-6,-18,-23,0,0,0,0,92,-128,37,None
0,2,1,-9,7,-6,-18,-23,0,0,0,0,92,-128,37,None
0,2,1,-9,7,-6,-18,-23,0,0,0,0,77,-147,26,None
0,-4,-3,-4,40,12,6,3,-6,0,0,0,77,-147,26,None
0,0,1,4,-11,7,0,10,0,0,0,0,77,-147,26,None
0,-2,-1,-2,27,1,-11,-6,-3,0,0,0,77,-147,26,None
0,-2,-4,-4,28,-8,2,-8,-2,0,0,0,77,-147,26,None
0,-2,-4,-4,28,-8,2,-8,-2,0,0,0,77,-147,26,None
0,-2,-4,-4,28,-8,2,-8,-2,0,0,0,59,-153,11,None
0,0,1,-5,-12,0,-2,12,1,0,0,0,59,-153,11,None
0,1,1,-3,-1,-6,6,-11,-2,0,0,0,59,-153,11,None
0,-2,-1,-3,27,4,-15,1,-1,0,0,0,59,-153,11,None
0,-1,-1,3,22,4,-5,-8,-2,0,0,0,59,-153,11,None
0,-1,-1,3,22,4,-5,-8,-2,0,0,0,59,-153,11,None
0,-1,-1,3,22,4,-5,-8,-2,0,0,0,49,-143,12,None
0,0,-2,-6,-21,4,-1,-4,-3,0,0,0,49,-143,12,None
0,-2,-1,1,30,5,20,6,0,0,0,0,49,-143,12,None
0,0,-1,-6,-50,-9,-16,-3,-4,0,0,0,49,-143,12,None
0,0,2,6,-26,1,-2,-7,-2,0,0,0,49,-143,12,None
0,0,2,6,-26,1,-2,-7,-2,0,0,0,49,-143,12,None
0,0,2,6,-26,1,-2,-7,-2,0,0,0,43,-130,7,None
0,0,0,-6,-39,-11,-1,-3,-10,0,0,0,43,-130,7,None
0,-1,-1,-5,-21,7,-5,4,12,0,0,0,43,-130,7,None
0,0,-1,-10,-41,5,7,6,0,0,0,0,43,-130,7,None
0,1,5,11,58,17,8,-15,-17,0,0,0,43,-130,7,None
0,1,5,11,58,17,8,-15,-17,0,0,0,43,-130,7,None
0,1,5,11,58,17,8,-15,-17,0,0,0,33,-129,16,None
0,-4,-5,-16,-39,-23,-11,0,8,0,0,0,33,-129,16,None
0,-2,-1,-3,-41,17,11,4,-5,0,0,0,33,-129,16,None
0,1,7,20,60,29,1,-6,19,0,0,0,33,-129,16,None
0,-3,-6,-21,-90,-67,-12,1,-14,0,0,0,33,-129,16,None
0,-3,-6,-21,-90,-67,-12,1,-14,0,0,0,33,-129,16,None
0,-3,-6,-21,-90,-67,-12,1,-14,0,0,0,29,-138,17,None
0,0,2,6,20,20,1,2,-2,0,0,0,29,-138,17,None
0,0,6,12,17,31,3,0,-3,0,0,0,29,-138,17,None
0,1,2,-5,48,-60,4,-3,-5,0,0,0,29,-138,17,None
0,-1,4,7,48,58,-5,-6,3,0,0,0,29,-138,17,None
0,-1,4,7,48,58,-5,-6,3,0,0,0,29,-138,17,None
0,-1,4,7,48,58,-5,-6,3,0,0,0,28,-134,10,None
0,-3,0,-3,-15,33,5,-5,-4,0,0,0,28,-134,10,None
0,0,0,-6,-17,-23,-1,3,10,0,0,0,28,-134,10,None
0,-3,-2,0,2,-15,-3,-8,-13,0,0,0,28,-134,10,None
0,1,5,6,34,2,9,0,18,0,0,0,28,-134,10,None
0,1,5,6,34,2,9,0,18,0,0,0,28,-134,10,None
0,1,5,6,34,2,9,0,18,0,0,0,21,-122,3,None
0,2,7,3,-34,-41,5,10,22,0,0,0,21,-122,3,None
0,-2,-1,-2,18,20,-1,8,3,0,0,0,21,-122,3,None
0,-1,0,-2,-5,23,-9,-15,-2,0,0,0,21,-122,3,None
0,2,3,-3,-24,1,11,18,-4,0,0,0,21,-122,3,None
0,2,3,-3,-24,1,11,18,-4,0,0,0,21,-122,3,None
0,2,3,-3,-24,1,11,18,-4,0,0,0,16,-102,0,None
0,2,3,7,16,13,6,-7,16,0,0,0,16,-102,0,None
0,-7,-6,-8,-5,-20,-9,-9,-26,0,0,0,16,-102,0,None
0,0,11,3,-26,9,2,16,28,0,0,0,16,-102,0,None
0,-5,-10,1,-27,36,-7,-38,-21,0,0,0,16,-102,0,None
0,-5,-10,1,-27,36,-7,-38,-21,0,0,0,16,-102,0,None
0,-5,-10,1,-27,36,-7,-38,-21,0,0,0,12,-92,4,None
0,0,-2,-9,15,-25,1,27,8,0,0,0,12,-92,4,None
0,0,1,-7,-9,-18,3,-4,-13,0,0,0,12,-92,4,None
0,-2,3,-1,17,32,0,-1,-13,0,0,0,12,-92,4,None
0,-2,3,-7,1,-22,1,-5,0,0,0,0,12,-92,4,None
0,-2,3,-7,1,-22,1,-5,0,0,0,0,12,-92,4,None
0,-2,3,-7,1,-22,1,-5,0,0,0,0,9,-87,7,None
0,-2,0,4,12,14,-17,-11,-15,0,0,0,9,-87,7,None
0,-3,1,-3,-8,0,5,-6,5,0,0,0,9,-87,7,None
0,3,-1,1,35,43,2,4,-7,0,0,0,9,-87,7,None
0,-1,-1,0,11,-21,-4,-1,8,0,0,0,9,-87,7,None
0,-1,-1,0,11,-21,-4,-1,8,0,0,0,9,-87,7,None
0,-1,-1,0,11,-21,-4,-1,8,0,0,0,2,-83,5,None
0,-2,-1,-7,-35,-7,-4,-5,-10,0,0,0,2,-83,5,None
0,-1,1,1,4,-25,-7,0,-3,0,0,0,2,-83,5,None
0,-2,0,-9,-26,-13,-8,-4,-15,0,0,0,2,-83,5,None
0,0,7,14,31,8,3,5,5,0,0,0,2,-83,5,None
0,0,7,14,31,8,3,5,5,0,0,0,2,-83,5,None
0,0,7,14,31,8,3,5,5,0,0,0,-3,-71,4,None
0,-3,-4,-8,0,17,1,3,-5,0,0,0,-3,-71,4,None
0,1,0,-3,-7,-8,-2,-14,-1,0,0,0,-3,-71,4,None
0,1,0,-3,-7,-8,-2,-14,-1,0,0,0,-3,-71,4,None
0,1,0,-3,-7,-8,-2,-14,-1,0,0,0,-5,-58,6,None
0,-3,0,-4,-2,-18,-2,-3,-8,0,0,0,-5,-58,6,None
0,-1,0,2,-4,27,7,-5,-24,0,0,0,-5,-58,6,None
0,-2,3,-2,26,-11,-3,-3,14,0,0,0,-5,-58,6,None
0,1,2,-6,23,-49,-3,14,2,0,0,0,-5,-58,6,None
0,1,2,-6,23,-49,-3,14,2,0,0,0,-5,-58,6,None
0,1,2,-6,23,-49,-3,14,2,0,0,0,-10,-45,12,None
0,-2,-4,-4,-33,4,-1,-1,6,0,0,0,-10,-45,12,None
0,-1,2,-7,7,1,-1,0,0,0,0,0,-10,-45,12,None
0,-1,2,-5,-10,-8,-7,-6,-5,0,0,0,-10,-45,12,None
0,-4,-2,-6,-4,18,2,-8,-11,0,0,0,-10,-45,12,None
0,-4,-2,-6,-4,18,2,-8,-11,0,0,0,-10,-45,12,None
0,-4,-2,-6,-4,18,2,-8,-11,0,0,0,-14,-40,20,None
0,-2,-2,-6,-5,-9,-6,-7,-6,0,0,0,-14,-40,20,None
0,1,-3,-12,-21,-7,3,9,12,0,0,0,-14,-40,20,None
0,0,2,8,65,51,4,-7,15,0,0,0,-14,-40,20,None
0,0,-4,3,-10,18,-3,0,5,0,0,0,-14,-40,20,None
0,0,-4,3,-10,18,-3,0,5,0,0,0,-14,-40,20,None
0,0,-4,3,-10,18,-3,0,5,0,0,0,-19,-31,26,None
0,-1,-7,8,2,-7,-8,2,-7,0,0,0,-19,-31,26,None
0,2,2,-16,-15,-14,6,0,4,0,0,0,-19,-31,26,None
0,2,0,-7,47,-9,2,-22,21,0,0,0,-19,-31,26,None
0,-1,8,2,12,14,4,11,-38,0,0,0,-19,-31,26,None
0,-1,8,2,12,14,4,11,-38,0,0,0,-19,-31,26,None
0,-1,8,2,12,14,4,11,-38,0,0,0,-26,-21,29,None
0,1,-13,1,33,12,0,35,65,0,0,0,-26,-21,29,None
0,-3,-5,-1,-13,-11,3,15,-15,0,0,0,-26,-21,29,None
0,4,6,-7,-7,5,3,1,8,0,0,0,-26,-21,29,None
0,-3,22,13,-20,-2,-6,-43,22,0,0,0,-26,-21,29,None
0,-3,22,13,-20,-2,-6,-43,22,0,0,0,-26,-21,29,None
0,-3,22,13,-20,-2,-6,-43,22,0,0,0,-30,-15,36,None
0,-1,0,-2,-20,5,-1,26,-63,0,0,0,-30,-15,36,None
0,-8,1,11,12,-31,-17,-43,-36,0,0,0,-30,-15,36,None
0,-7,-10,-4,-31,18,0,32,9,0,0,0,-30,-15,36,None
0,-2,2,-5,16,10,6,-21,-8,0,0,0,-30,-15,36,None
0,-2,2,-5,16,10,6,-21,-8,0,0,0,-30,-15,36,None
0,-2,2,-5,16,10,6,-21,-8,0,0,0,-34,-13,43,None
0,0,10,0,22,4,0,-15,5,0,0,0,-34,-13,43,None
0,-2,10,-9,2,-12,-19,-9,14,0,0,0,-34,-13,43,None
0,-3,-17,-6,-1,-11,3,-21,-77,0,0,0,-34,-13,43,None
0,0,-3,-6,-32,-21,-8,8,31,0,0,0,-34,-13,43,None
0,0,-3,-6,-32,-21,-8,8,31,0,0,0,-34,-13,43,None
0,0,-3,-6,-32,-21,-8,8,31,0,0,0,-40,-14,46,None
0,3,-20,2,26,31,17,1,6,0,0,0,-40,-14,46,None
0,-1,2,3,-11,-10,-11,10,-5,0,0,0,-40,-14,46,None
0,-2,1,-7,9,3,-3,-26,-12,0,0,0,-40,-14,46,None
0,-1,-3,1,-10,5,8,34,16,0,0,0,-40,-14,46,None
0,-1,-3,1,-10,5,8,34,16,0,0,0,-40,-14,46,None
0,-1,-3,1,-10,5,8,34,16,0,0,0,-48,-14,51,None
0,-4,5,-6,-13,-30,-18,-33,-17,0,0,0,-48,-14,51,None
0,-4,2,-3,-37,20,5,-24,-12,0,0,0,-48,-14,51,None
0,3,9,8,47,0,23,53,21,0,0,0,-48,-14,51,None
0,-3,-8,-7,-7,-5,-10,-17,-58,0,0,0,-48,-14,51,None
0,-3,-8,-7,-7,-5,-10,-17,-58,0,0,0,-48,-14,51,None
0,-3,-8,-7,-7,-5,-10,-17,-58,0,0,0,-55,-4,60,None
0,-6,5,-3,-23,-7,-13,-2,1,0,0,0,-55,-4,60,None
0,1,-5,-2,19,-2,5,7,22,0,0,0,-55,-4,60,None
0,-2,3,-3,-4,11,-16,-10,-3,0,0,0,-55,-4,60,None
0,-5,8,-1,21,9,0,-33,-23,0,0,0,-55,-4,60,None
0,-5,8,-1,21,9,0,-33,-23,0,0,0,-55,-4,60,None
0,-5,8,-1,21,9,0,-33,-23,0,0,0,-59,-6,63,None
0,8,-14,-14,-44,13,11,19,26,0,0,0,-59,-6,63,None
0,-5,-3,3,-18,-31,2,33,4,0,0,0,-59,-6,63,None
0,0,0,6,3,-1,-14,-23,28,0,0,0,-59,-6,63,None
0,5,2,11,46,29,14,16,5,0,0,0,-59,-6,63,None
0,5,2,11,46,29,14,16,5,0,0,0,-59,-6,63,None
0,5,2,11,46,29,14,16,5,0,0,0,-64,-15,67,None
0,-8,4,-31,-90,-43,-20,-20,-23,0,0,0,-64,-15,67,None
0,8,-18,-12,32,20,7,6,91,0,0,0,-64,-15,67,None
0,0,-2,5,14,7,6,-5,-55,0,0,0,-64,-15,67,None
0,1,3,-6,1,0,-13,13,19,0,0,0,-64,-15,67,None
0,1,3,-6,1,0,-13,13,19,0,0,0,-64,-15,67,None
0,1,3,-6,1,0,-13,13,19,0,0,0,-67,-13,64,None
0,-10,2,4,13,9,10,-23,-22,0,0,0,-67,-13,64,None
0,0,4,-4,9,4,-3,11,-3,0,0,0,-67,-13,64,None
0,-5,4,2,-15,-27,-6,-16,-13,0,0,0,-67,-13,64,None
0,-1,-6,-11,-27,-3,-4,8,0,0,0,0,-67,-13,64,None
0,-1,-6,-11,-27,-3,-4,8,0,0,0,0,-67,-13,64,None
0,-1,-6,-11,-27,-3,-4,8,0,0,0,0,-67,-7,66,None
0,-5,5,5,-13,26,4,-15,-3,0,0,0,-67,-7,66,None
0,-3,1,-4,0,1,-2,1,-8,0,0,0,-67,-7,66,None
0,-1,4,12,-2,19,1,-1,-8,0,0,0,-67,-7,66,None
0,0,-1,-4,20,-10,11,16,5,0,0,0,-67,-7,66,None
0,0,-1,-4,20,-10,11,16,5,0,0,0,-67,-7,66,None
0,0,-1,-4,20,-10,11,16,5,0,0,0,-67,-9,68,None
0,4,9,1,8,-19,-7,-6,4,0,0,0,-67,-9,68,None
0,-5,-1,4,-18,10,-1,-15,-35,0,0,0,-67,-9,68,None
0,-1,-1,-9,-35,-17,-2,-3,19,0,0,0,-67,-9,68,None
0,6,0,-13,21,4,1,7,26,0,0,0,-67,-9,68,None
0,6,0,-13,21,4,1,7,26,0,0,0,-67,-9,68,None
0,6,0,-13,21,4,1,7,26,0,0,0,-67,-10,71,None
0,-1,7,13,11,-8,-4,20,-28,0,0,0,-67,-10,71,None
0,-2,3,-2,-14,23,1,-8,2,0,0,0,-67,-10,71,None
0,-3,-5,-7,23,-26,0,9,-10,0,0,0,-67,-10,71,None
0,0,10,29,32,32,-9,-12,3,0,0,0,-67,-10,71,None
0,0,10,29,32,32,-9,-12,3,0,0,0,-67,-10,71,None
0,0,10,29,32,32,-9,-12,3,0,0,0,-67,-6,72,None
0,-8,-4,-6,-44,-14,0,1,3,0,0,0,-67,-6,72,None
0,-4,1,2,3,3,-14,-13,-18,0,0,0,-67,-6,72,None
0,-1,-8,-4,-21,12,11,8,2,0,0,0,-67,-6,72,None
0,-3,4,0,47,-9,-8,-6,-12,0,0,0,-67,-6,72,None
0,-3,4,0,47,-9,-8,-6,-12,0,0,0,-67,-6,72,None
0,-3,4,0,47,-9,-8,-6,-12,0,0,0,-64,-7,71,None
0,1,3,-8,19,3,-2,-2,4,0,0,0,-64,-7,71,None
0,2,3,0,2,3,3,5,-6,0,0,0,-64,-7,71,None
0,-3,3,-4,-12,-1,-8,-11,-6,0,0,0,-64,-7,71,None
0,-3,-5,2,-17,-16,-2,3,3,0,0,0,-64,-7,71,None
0,-3,-5,2,-17,-16,-2,3,3,0,0,0,-64,-7,71,None
0,-3,-5,2,-17,-16,-2,3,3,0,0,0,-65,-5,69,None
0,-3,-3,2,23,-8,-2,-6,-5,0,0,0,-65,-5,69,None
0,1,2,-10,-28,-13,4,1,11,0,0,0,-65,-5,69,None
0,-4,11,4,3,4,-1,4,-1,0,0,0,-65,-5,69,None
0,-3,-12,-8,-29,4,-3,-3,-8,0,0,0,-65,-5,69,None
0,-3,-12,-8,-29,4,-3,-3,-8,0,0,0,-65,-5,69,None
0,-3,-12,-8,-29,4,-3,-3,-8,0,0,0,-68,1,71,None
0,2,1,-10,23,9,6,-1,-3,0,0,0,-68,1,71,None
0,-3,3,7,16,1,1,7,6,0,0,0,-68,1,71,None
0,-1,6,6,5,-2,-5,-12,-2,0,0,0,-68,1,71,None
0,0,-14,-7,-1,8,5,13,-23,0,0,0,-68,1,71,None
0,0,-14,-7,-1,8,5,13,-23,0,0,0,-68,1,71,None
0,0,-14,-7,-1,8,5,13,-23,0,0,0,-67,6,74,None
0,0,5,-4,-5,1,2,0,5,0,0,0,-67,6,74,None
0,0,-1,-7,0,-3,-2,-8,-12,0,0,0,-67,6,74,None
0,-4,-10,-1,-12,-1,-2,2,-1,0,0,0,-67,6,74,None
0,-3,-2,-5,-25,-4,0,-10,4,0,0,0,-67,6,74,None
0,-3,-2,-5,-25,-4,0,-10,4,0,0,0,-67,6,74,None
0,-3,-2,-5,-25,-4,0,-10,4,0,0,0,-67,2,79,None
0,0,-4,7,46,17,9,0,-2,0,0,0,-67,2,79,None
0,-1,-1,-5,-12,-9,-3,-2,-16,0,0,0,-67,2,79,None
0,0,10,11,5,7,-1,0,7,0,0,0,-67,2,79,None
0,-2,14,-17,-71,-24,-8,-10,-7,0,0,0,-67,2,79,None
0,-2,14,-17,-71,-24,-8,-10,-7,0,0,0,-67,2,79,None
0,-2,14,-17,-71,-24,-8,-10,-7,0,0,0,-71,2,83,None
0,0,-6,1,44,5,-1,-2,2,0,0,0,-71,2,83,None
0,-2,8,0,22,-3,-4,-6,-2,0,0,0,-71,2,83,None
0,-4,4,-12,15,-8,-3,-1,-9,0,0,0,-71,2,83,None
0,0,16,10,11,8,3,-2,1,0,0,0,-71,2,83,None
0,0,16,10,11,8,3,-2,1,0,0,0,-71,2,83,None
0,0,16,10,11,8,3,-2,1,0,0,0,-74,8,84,None
0,10,-5,0,-21,8,7,3,12,0,0,0,-74,8,84,None
0,-3,-2,-6,-20,1,-1,-15,20,0,0,0,-74,8,84,None
0,2,13,11,0,-4,0,25,-9,0,0,0,-74,8,84,None
0,0,2,0,16,7,1,-7,6,0,0,0,-74,8,84,None
0,0,2,0,16,7,1,-7,6,0,0,0,-74,8,84,None
0,0,2,0,16,7,1,-7,6,0,0,0,-76,11,82,None
0,-5,-1,-11,-11,-9,-5,8,-7,0,0,0,-76,11,82,None
0,3,-12,3,0,8,5,-8,-1,0,0,0,-76,11,82,None
0,-1,6,-2,-3,9,-1,-6,-2,0,0,0,-76,11,82,None
0,-3,-30,-20,3,13,4,5,7,0,0,0,-76,11,82,None
0,-3,-30,-20,3,13,4,5,7,0,0,0,-76,11,82,None
0,-3,-30,-20,3,13,4,5,7,0,0,0,-72,6,81,None
0,-1,-2,1,-19,-5,-4,-6,4,0,0,0,-72,6,81,None
0,0,16,3,17,-1,-2,5,-6,0,0,0,-72,6,81,None
0,-2,-15,-20,-37,-22,-1,0,5,0,0,0,-72,6,81,None
0,4,20,-6,-22,26,-1,-1,-4,0,0,0,-72,6,81,None
0,4,20,-6,-22,26,-1,-1,-4,0,0,0,-72,6,81,None
0,4,20,-6,-22,26,-1,-1,-4,0,0,0,-73,-1,83,None
0,0,16,23,33,3,4,-6,11,0,0,0,-73,-1,83,None
0,-3,-22,-23,-49,-10,0,8,-22,0,0,0,-73,-1,83,None
0,1,-10,1,-29,-1,-1,-5,-3,0,0,0,-73,-1,83,None
0,-2,2,0,23,-20,-5,-9,4,0,0,0,-73,-1,83,None
0,-2,2,0,23,-20,-5,-9,4,0,0,0,-73,-1,83,None
0,-2,2,0,23,-20,-5,-9,4,0,0,0,-79,-3,79,None
0,-4,-1,-1,-44,-17,-5,1,-3,0,0,0,-79,-3,79,None
0,-2,18,3,33,11,-3,-4,-6,0,0,0,-79,-3,79,None
0,1,-19,-2,36,20,15,6,9,0,0,0,-79,-3,79,None
0,-2,-11,2,-26,-6,-3,-1,-3,0,0,0,-79,-3,79,None
0,-2,-11,2,-26,-6,-3,-1,-3,0,0,0,-79,-3,79,None
0,-2,-11,2,-26,-6,-3,-1,-3,0,0,0,-82,-1,75,None
0,0,3,-5,11,10,-3,-1,-4,0,0,0,-82,-1,75,None
0,-1,-4,-3,28,-5,-2,-3,-3,0,0,0,-82,-1,75,None
0,-1,7,-7,-27,-5,-5,-8,-8,0,0,0,-82,-1,75,None
0,-1,-3,-5,31,1,2,4,4,0,0,0,-82,-1,75,None
0,-1,-3,-5,31,1,2,4,4,0,0,0,-82,-1,75,None
0,-1,-3,-5,31,1,2,4,4,0,0,0,-78,-7,72,None
0,-1,1,-2,10,-21,-5,-12,-8,0,0,0,-78,-7,72,None
0,-1,4,-3,3,26,-1,15,1,0,0,0,-78,-7,72,None
0,0,-7,2,6,-2,5,-6,24,0,0,0,-78,-7,72,None
0,-1,-1,-2,10,-9,-7,-15,-3,0,0,0,-78,-7,72,None
0,-1,-1,-2,10,-9,-7,-15,-3,0,0,0,-78,-7,72,None
0,-1,-1,-2,10,-9,-7,-15,-3,0,0,0,-71,-20,67,None
0,-6,7,3,1,2,0,40,5,0,0,0,-71,-20,67,None
0,-1,0,-1,-2,-7,-6,-9,-8,0,0,0,-71,-20,67,None
0,-2,5,-3,8,-6,2,-6,-2,0,0,0,-71,-20,67,None
0,-2,-3,-1,-2,-14,-4,4,6,0,0,0,-71,-20,67,None
0,-2,-3,-1,-2,-14,-4,4,6,0,0,0,-71,-20,67,None
0,-2,-3,-1,-2,-14,-4,4,6,0,0,0,-64,-34,64,None
0,-2,-2,-3,-16,26,3,-14,-7,0,0,0,-64,-34,64,None
0,-1,-4,-3,-5,12,0,0,7,0,0,0,-64,-34,64,None
0,-1,-1,-1,23,13,-8,4,-3,0,0,0,-64,-34,64,None
0,-3,-3,-1,-23,-17,-2,-10,-18,0,0,0,-64,-34,64,None
0,-3,-3,-1,-23,-17,-2,-10,-18,0,0,0,-64,-34,64,None
0,-3,-3,-1,-23,-17,-2,-10,-18,0,0,0,-57,-44,56,None
0,-1,-3,-2,20,12,0,-3,-4,0,0,0,-57,-44,56,None
0,-2,1,5,1,0,-4,-3,-1,0,0,0,-57,-44,56,None
0,1,5,-9,1,0,-4,-7,-10,0,0,0,-57,-44,56,None
0,-2,2,-19,0,8,2,3,-4,0,0,0,-57,-44,56,None
0,-2,2,-19,0,8,2,3,-4,0,0,0,-57,-44,56,None
0,-2,2,-19,0,8,2,3,-4,0,0,0,-58,-39,55,None
0,3,3,35,14,7,-2,-4,27,0,0,0,-58,-39,55,None
0,-4,-13,-9,-48,-9,11,-2,-41,0,0,0,-58,-39,55,None
0,-3,8,2,8,11,-18,0,1,0,0,0,-58,-39,55,None
0,2,2,-4,-6,-2,10,1,1,0,0,0,-58,-39,55,None
0,2,2,-4,-6,-2,10,1,1,0,0,0,-58,-39,55,None
0,2,2,-4,-6,-2,10,1,1,0,0,0,-53,-41,57,None
0,-1,-16,-18,29,14,-1,-2,-3,0,0,0,-53,-41,57,None
0,-1,-3,31,-2,-2,-2,-16,46,0,0,0,-53,-41,57,None
0,-7,-1,-11,7,5,5,26,-26,0,0,0,-53,-41,57,None
0,4,-8,12,35,-9,-5,2,12,0,0,0,-53,-41,57,None
0,4,-8,12,35,-9,-5,2,12,0,0,0,-53,-41,57,None
0,4,-8,12,35,-9,-5,2,12,0,0,0,-39,-49,54,None
0,-1,0,-11,10,2,1,-9,-9,0,0,0,-39,-49,54,None
0,0,11,11,19,-18,-3,-1,4,0,0,0,-39,-49,54,None
0,0,3,6,57,-9,-1,-11,-5,0,0,0,-39,-49,54,None
0,-4,12,7,-28,-3,-5,-1,3,0,0,0,-39,-49,54,None
0,-4,12,7,-28,-3,-5,-1,3,0,0,0,-39,-49,54,None
0,-4,12,7,-28,-3,-5,-1,3,0,0,0,-30,-63,53,None
0,-2,1,-14,-14,-14,-2,-5,-8,0,0,0,-30,-63,53,None
0,4,10,10,35,40,2,4,0,0,0,0,-30,-63,53,None
0,-4,-14,-13,-83,-12,-4,-8,-1,0,0,0,-30,-63,53,None
0,0,3,-3,-15,9,2,7,-1,0,0,0,-30,-63,53,None
0,0,3,-3,-15,9,2,7,-1,0,0,0,-30,-63,53,None
0,0,3,-3,-15,9,2,7,-1,0,0,0,-29,-62,56,None
0,0,-1,3,-22,-4,-2,-3,13,0,0,0,-29,-62,56,None
0,-10,-1,-43,10,-25,-8,-2,-50,0,0,0,-29,-62,56,None
0,4,9,-7,5,-5,3,-2,3,0,0,0,-29,-62,56,None
0,-2,2,10,0,40,-1,-3,0,0,0,0,-29,-62,56,None
0,-2,2,10,0,40,-1,-3,0,0,0,0,-29,-62,56,None
0,-2,2,10,0,40,-1,-3,0,0,0,0,-31,-53,58,None
0,-3,5,-7,22,-22,-3,-4,-11,0,0,0,-31,-53,58,None
0,1,-1,-2,-27,-24,3,-5,-3,0,0,0,-31,-53,58,None
0,1,2,10,-21,36,4,11,39,0,0,0,-31,-53,58,None
0,-2,-3,-4,28,-3,-1,-4,-15,0,0,0,-31,-53,58,None
0,-2,-3,-4,28,-3,-1,-4,-15,0,0,0,-31,-53,58,None
0,-2,-3,-4,28,-3,-1,-4,-15,0,0,0,-31,-55,58,None
0,2,8,-4,-1,8,-1,-1,-1,0,0,0,-31,-55,58,None
0,3,-2,-1,30,7,5,8,20,0,0,0,-31,-55,58,None
0,0,6,25,2,-9,-8,-10,-10,0,0,0,-31,-55,58,None
0,-2,-2,6,32,-4,-1,3,-16,0,0,0,-31,-55,58,None
0,-2,-2,6,32,-4,-1,3,-16,0,0,0,-31,-55,58,None
0,-2,-2,6,32,-4,-1,3,-16,0,0,0,-34,-63,64,None
0,-2,-1,-7,-25,7,0,-5,-9,0,0,0,-34,-63,64,None
0,-1,-3,-4,7,2,2,0,7,0,0,0,-34,-63,64,None
0,-1,-17,42,28,-4,1,-1,-1,0,0,0,-34,-63,64,None
0,-1,10,4,-20,-8,-7,-5,6,0,0,0,-34,-63,64,None
0,-1,10,4,-20,-8,-7,-5,6,0,0,0,-34,-63,64,None
0,-1,10,4,-20,-8,-7,-5,6,0,0,0,-37,-64,66,None
0,-2,13,17,-8,4,-5,-4,-11,0,0,0,-37,-64,66,None
0,0,0,-13,-20,7,0,1,-1,0,0,0,-37,-64,66,None
0,-2,-1,-33,-12,-17,-5,-4,-3,0,0,0,-37,-64,66,None
0,-2,-6,-2,-13,-4,3,0,-2,0,0,0,-37,-64,66,None
0,-2,-6,-2,-13,-4,3,0,-2,0,0,0,-37,-64,66,None
0,-2,-6,-2,-13,-4,3,0,-2,0,0,0,-43,-64,64,None
0,-1,-3,-10,14,22,-3,-1,2,0,0,0,-43,-64,64,None
0,-3,-1,-4,9,1,-4,-1,-18,0,0,0,-43,-64,64,None
0,-1,9,-15,-40,-2,-2,-14,-19,0,0,0,-43,-64,64,None
0,-6,1,-7,23,1,-3,6,-13,0,0,0,-43,-64,64,None
0,-6,1,-7,23,1,-3,6,-13,0,0,0,-43,-64,64,None
0,-6,1,-7,23,1,-3,6,-13,0,0,0,-48,-66,64,None
0,1,-3,-13,-3,-20,-1,7,23,0,0,0,-48,-66,64,None
0,0,-3,-6,-16,0,1,-1,13,0,0,0,-48,-66,64,None
0,-1,1,-1,3,7,5,1,-9,0,0,0,-48,-66,64,None
0,2,-4,0,16,1,1,-5,-7,0,0,0,-48,-66,64,None
0,2,-4,0,16,1,1,-5,-7,0,0,0,-48,-66,64,None
0,2,-4,0,16,1,1,-5,-7,0,0,0,-50,-64,64,None
0,-1,0,3,-11,0,2,2,3,0,0,0,-50,-64,64,None
0,2,0,-4,13,13,2,3,7,0,0,0,-50,-64,64,None
0,1,2,-5,4,-10,-4,-4,-4,0,0,0,-50,-64,64,None
0,-2,1,9,6,1,-3,-1,12,0,0,0,-50,-64,64,None
0,-2,1,9,6,1,-3,-1,12,0,0,0,-50,-64,64,None
0,-2,1,9,6,1,-3,-1,12,0,0,0,-52,-64,63,None
0,-3,-2,-14,-38,-27,1,-4,-9,0,0,0,-52,-64,63,None
0,-3,0,-6,-13,32,-7,-3,0,0,0,0,-52,-64,63,None
0,-2,1,-11,25,-4,-4,-2,-4,0,0,0,-52,-64,63,None
0,1,-2,-6,1,9,3,0,2,0,0,0,-52,-64,63,None
0,1,-2,-6,1,9,3,0,2,0,0,0,-52,-64,63,None
0,1,-2,-6,1,9,3,0,2,0,0,0,-53,-64,61,None
0,-1,-1,1,2,2,2,-1,-6,0,0,0,-53,-64,61,None
0,-1,-1,5,3,-17,2,-1,-6,0,0,0,-53,-64,61,None
0,-3,-1,-4,3,0,-2,-1,4,0,0,0,-53,-64,61,None
0,-1,3,-4,-20,2,-1,-1,3,0,0,0,-53,-64,61,None
0,-1,3,-4,-20,2,-1,-1,3,0,0,0,-53,-64,61,None
0,-1,3,-4,-20,2,-1,-1,3,0,0,0,-48,-59,57,None
0,-1,0,-1,25,3,-1,-4,-6,0,0,0,-48,-59,57,None
0,-1,-1,-2,6,-13,-4,-2,2,0,0,0,-48,-59,57,None
0,-1,3,-1,-1,5,-2,-2,-3,0,0,0,-48,-59,57,None
0,1,1,-3,9,2,-9,-4,3,0,0,0,-48,-59,57,None
0,1,1,-3,9,2,-9,-4,3,0,0,0,-48,-59,57,None
0,1,1,-3,9,2,-9,-4,3,0,0,0,-40,-54,52,None
0,0,0,-4,6,-1,9,2,-5,0,0,0,-40,-54,52,None
0,0,0,0,-2,-2,-6,-4,-3,0,0,0,-40,-54,52,None
0,2,2,-2,3,7,7,4,7,0,0,0,-40,-54,52,None
0,-1,-2,-4,0,-5,-2,-5,-4,0,0,0,-40,-54,52,None
0,-1,-2,-4,0,-5,-2,-5,-4,0,0,0,-40,-54,52,None
0,-1,-2,-4,0,-5,-2,-5,-4,0,0,0,-33,-45,47,None
0,-3,-2,0,-7,-1,-10,-2,-4,0,0,0,-33,-45,47,None
0,-3,0,1,-11,1,-1,-12,-3,0,0,0,-33,-45,47,None
0,-2,1,-3,4,-3,-7,3,-5,0,0,0,-33,-45,47,None
0,1,0,-5,2,12,13,2,5,0,0,0,-33,-45,47,None
0,1,0,-5,2,12,13,2,5,0,0,0,-33,-45,47,None
0,1,0,-5,2,12,13,2,5,0,0,0,-28,-45,43,None
0,1,2,-4,5,-5,-10,-4,-4,0,0,0,-28,-45,43,None
0,-3,0,-1,13,-3,-7,-18,0,0,0,0,-28,-45,43,None
0,-2,1,-2,-2,-4,9,15,-1,0,0,0,-28,-45,43,None
0,0,1,-3,-3,5,2,-4,-1,0,0,0,-28,-45,43,None
0,0,1,-3,-3,5,2,-4,-1,0,0,0,-28,-45,43,None
0,0,1,-3,-3,5,2,-4,-1,0,0,0,-20,-48,37,None
0,-3,1,2,1,5,-2,-3,-3,0,0,0,-20,-48,37,None
0,-2,0,-2,-1,-7,-3,3,-1,0,0,0,-20,-48,37,None
0,-3,-1,-1,-8,3,-9,-14,-4,0,0,0,-20,-48,37,None
0,-1,1,-3,-11,-1,5,-5,0,0,0,0,-20,-48,37,None
0,-1,1,-3,-11,-1,5,-5,0,0,0,0,-20,-48,37,None
0,-1,1,-3,-11,-1,5,-5,0,0,0,0,-12,-46,31,None
0,-1,0,-3,-4,1,1,8,-3,0,0,0,-12,-46,31,None
0,-1,-1,-1,0,-4,-7,2,0,0,0,0,-12,-46,31,None
0,0,2,-1,9,4,10,-1,0,0,0,0,-12,-46,31,None
0,-4,-2,-5,2,0,-9,-1,-2,0,0,0,-12,-46,31,None
0,-4,-2,-5,2,0,-9,-1,-2,0,0,0,-12,-46,31,None
0,-4,-2,-5,2,0,-9,-1,-2,0,0,0,-9,-47,27,None
0,-3,-1,-3,0,4,-4,-11,-4,0,0,0,-9,-47,27,None
0,-1,0,-1,-12,-1,4,6,-4,0,0,0,-9,-47,27,None
0,-1,-1,-3,1,0,5,1,0,0,0,0,-9,-47,27,None
0,-1,0,-2,-6,-3,-22,-9,-5,0,0,0,-9,-47,27,None
0,-1,0,-2,-6,-3,-22,-9,-5,0,0,0,-9,-47,27,None
0,-1,0,-2,-6,-3,-22,-9,-5,0,0,0,-14,-52,26,None
0,-1,0,-2,-18,3,14,4,0,0,0,0,-14,-52,26,None
0,0,3,-1,1,-1,4,4,-2,0,0,0,-14,-52,26,None
0,-1,-1,-3,-2,1,-7,-5,-1,0,0,0,-14,-52,26,None
0,-1,-1,-2,-6,-3,-3,-3,-1,0,0,0,-14,-52,26,None
0,-1,-1,-2,-6,-3,-3,-3,-1,0,0,0,-14,-52,26,None
0,-1,-1,-2,-6,-3,-3,-3,-1,0,0,0,-22,-56,21,None
0,0,1,0,12,-1,-1,1,-1,0,0,0,-22,-56,21,None
0,-1,0,-4,4,-1,2,2,0,0,0,0,-22,-56,21,None
0,0,1,-2,5,6,-6,-5,0,0,0,0,-22,-56,21,None
0,-1,2,0,0,0,3,2,-1,0,0,0,-22,-56,21,None
0,-1,2,0,0,0,3,2,-1,0,0,0,-22,-56,21,None
0,-1,2,0,0,0,3,2,-1,0,0,0,-24,-52,21,None
0,-3,-1,-2,7,-1,-6,-4,-3,0,0,0,-24,-52,21,None
0,-1,0,-3,-1,1,-1,-4,-3,0,0,0,-24,-52,21,None
0,-1,0,-1,-3,-3,-1,-2,-1,0,0,0,-24,-52,21,None
0,0,1,0,16,0,4,3,-1,0,0,0,-24,-52,21,None
0,0,1,0,16,0,4,3,-1,0,0,0,-24,-52,21,None
0,0,1,0,16,0,4,3,-1,0,0,0,-27,-49,22,None
0,0,1,-2,3,1,-3,-2,-1,0,0,0,-27,-49,22,None
0,-2,-1,0,2,1,-4,-2,-1,0,0,0,-27,-49,22,None
0,-3,2,-1,8,-2,-2,-4,-2,0,0,0,-27,-49,22,None
0,-1,1,-3,3,0,1,-1,-1,0,0,0,-27,-49,22,None
0,-1,1,-3,3,0,1,-1,-1,0,0,0,-27,-49,22,None
0,-1,1,-3,3,0,1,-1,-1,0,0,0,-35,-58,30,None
0,0,-1,-3,0,4,0,-2,0,0,0,0,-35,-58,30,None
0,-1,1,-1,-1,-2,4,4,0,0,0,0,-35,-58,30,None
0,-3,-1,-2,2,-2,-9,-1,-2,0,0,0,-35,-58,30,None
0,-3,-2,-2,-10,0,8,-1,-2,0,0,0,-35,-58,30,None
0,-3,-2,-2,-10,0,8,-1,-2,0,0,0,-35,-58,30,None
0,-3,-2,-2,-10,0,8,-1,-2,0,0,0,-44,-61,31,None
0,0,2,0,-14,-2,-5,-4,0,0,0,0,-44,-61,31,None
0,-1,2,0,7,4,-7,-3,-1,0,0,0,-44,-61,31,None
0,0,0,-5,-17,-12,8,0,-1,0,0,0,-44,-61,31,None
0,0,0,-1,-11,2,0,0,1,0,0,0,-44,-61,31,None
0,0,0,-1,-11,2,0,0,1,0,0,0,-44,-61,31,None
0,0,0,-1,-11,2,0,0,1,0,0,0,-47,-57,27,None
0,-2,0,0,5,7,6,-2,-3,0,0,0,-47,-57,27,None
0,-1,1,-4,0,-4,9,0,0,0,0,0,-47,-57,27,None
0,0,-1,-2,11,7,-9,-4,-2,0,0,0,-47,-57,27,None
0,-2,0,-3,-15,-11,-5,-2,-3,0,0,0,-47,-57,27,None
0,-2,0,-3,-15,-11,-5,-2,-3,0,0,0,-47,-57,27,None
0,-2,0,-3,-15,-11,-5,-2,-3,0,0,0,-48,-49,32,None
0,0,1,-1,6,3,0,2,2,0,0,0,-48,-49,32,None
0,-1,-2,-1,-4,-5,-4,-3,-2,0,0,0,-48,-49,32,None
0,-1,2,-3,-12,-2,-4,-3,-3,0,0,0,-48,-49,32,None
0,-2,0,-2,8,5,-2,-3,-1,0,0,0,-48,-49,32,None
0,-2,0,-2,8,5,-2,-3,-1,0,0,0,-48,-49,32,None
0,-2,0,-2,8,5,-2,-3,-1,0,0,0,-55,-57,50,None
0,-3,-2,-4,0,0,-6,-3,-3,0,0,0,-55,-57,50,None
0,0,1,0,-11,1,4,1,1,0,0,0,-55,-57,50,None
0,-2,0,2,7,3,-7,-4,-1,0,0,0,-55,-57,50,None
0,-1,2,0,5,2,6,4,-1,0,0,0,-55,-57,50,None
0,-1,2,0,5,2,6,4,-1,0,0,0,-55,-57,50,None
0,-1,2,0,5,2,6,4,-1,0,0,0,-63,-78,49,None
0,-2,0,-3,-9,-10,-8,-5,-4,0,0,0,-63,-78,49,None
0,-2,1,0,8,4,8,3,3,0,0,0,-63,-78,49,None
0,-1,1,-1,-4,13,4,0,1,0,0,0,-63,-78,49,None
0,-3,-3,-2,16,7,-7,-5,-5,0,0,0,-63,-78,49,None
0,-3,-3,-2,16,7,-7,-5,-5,0,0,0,-63,-78,49,None
0,-3,-3,-2,16,7,-7,-5,-5,0,0,0,-51,-79,38,None
0,-1,0,-3,-13,0,0,0,-3,0,0,0,-51,-79,38,None
0,-1,0,-3,-2,-4,-5,-1,-2,0,0,0,-51,-79,38,None
0,0,1,-1,2,-1,-2,-2,-2,0,0,0,-51,-79,38,None
0,1,3,-1,-4,-5,7,2,1,0,0,0,-51,-79,38,None
0,1,3,-1,-4,-5,7,2,1,0,0,0,-51,-79,38,None
0,1,3,-1,-4,-5,7,2,1,0,0,0,-33,-78,43,None
0,-1,1,-4,-23,-10,-4,-2,0,0,0,0,-33,-78,43,None
0,-2,0,2,40,27,-1,-2,-4,0,0,0,-33,-78,43,None
0,-2,-2,-9,-56,-14,-2,1,1,0,0,0,-33,-78,43,None
0,0,1,2,2,11,-2,-4,-2,0,0,0,-33,-78,43,None
0,0,1,2,2,11,-2,-4,-2,0,0,0,-33,-78,43,None
0,0,1,2,2,11,-2,-4,-2,0,0,0,-20,-96,50,None
0,-1,0,-1,13,-4,2,0,-1,0,0,0,-20,-96,50,None
0,0,-1,-5,-27,-14,-11,-3,-3,0,0,0,-20,-96,50,None
0,-2,2,3,21,6,6,-2,-4,0,0,0,-20,-96,50,None
0,-3,-1,-4,-16,-11,-3,1,0,0,0,0,-20,-96,50,None
0,-3,-1,-4,-16,-11,-3,1,0,0,0,0,-20,-96,50,None
0,-3,-1,-4,-16,-11,-3,1,0,0,0,0,-19,-116,46,None
0,0,0,-2,-3,2,7,1,3,0,0,0,-19,-116,46,None
0,-2,1,1,-8,4,2,-1,-1,0,0,0,-19,-116,46,None
0,-1,-1,-2,38,14,-3,-2,-4,0,0,0,-19,-116,46,None
0,-3,-2,-4,-5,-6,-13,-5,-3,0,0,0,-19,-116,46,None
0,-3,-2,-4,-5,-6,-13,-5,-3,0,0,0,-19,-116,46,None
0,-3,-2,-4,-5,-6,-13,-5,-3,0,0,0,-11,-114,40,None
0,-1,0,0,-9,5,6,-2,-1,0,0,0,-11,-114,40,None
0,-2,0,-4,-20,-26,-4,-2,-2,0,0,0,-11,-114,40,None
0,-1,-1,-1,20,34,-4,-2,-1,0,0,0,-11,-114,40,None
0,-1,1,7,68,1,-2,-1,2,0,0,0,-11,-114,40,None
0,-1,1,7,68,1,-2,-1,2,0,0,0,-11,-114,40,None
0,-1,1,7,68,1,-2,-1,2,0,0,0,8,-117,40,None
0,-3,-2,-18,-54,-8,7,1,-1,0,0,0,8,-117,40,None
0,-2,0,-4,-29,-5,-5,-2,-2,0,0,0,8,-117,40,None
0,-1,-1,-1,57,-2,1,-1,1,0,0,0,8,-117,40,None
0,0,1,5,-83,12,0,0,-3,0,0,0,8,-117,40,None
0,0,1,5,-83,12,0,0,-3,0,0,0,8,-117,40,None
0,0,1,5,-83,12,0,0,-3,0,0,0,16,-125,42,None
0,-3,-4,-2,2,-36,-14,-5,-4,0,0,0,16,-125,42,None
0,1,-1,2,72,-16,-4,-2,1,0,0,0,16,-125,42,None
0,0,0,-5,-39,0,-1,-1,1,0,0,0,16,-125,42,None
0,-1,-1,-3,-6,3,3,0,0,0,0,0,16,-125,42,None
0,-1,-1,-3,-6,3,3,0,0,0,0,0,16,-125,42,None
0,-1,-1,-3,-6,3,3,0,0,0,0,0,6,-111,31,None
0,0,0,3,38,19,-8,-5,-2,0,0,0,6,-111,31,None
0,-2,1,-3,-119,6,3,1,-1,0,0,0,6,-111,31,None
0,-1,2,2,77,17,2,-4,-4,0,0,0,6,-111,31,None
0,-3,-3,-15,-30,-19,-12,-6,-4,0,0,0,6,-111,31,None
0,-3,-3,-15,-30,-19,-12,-6,-4,0,0,0,6,-111,31,None
0,-3,-3,-15,-30,-19,-12,-6,-4,0,0,0,5,-112,19,None
0,-3,-3,-7,9,7,4,-3,-4,0,0,0,5,-112,19,None
0,1,4,9,45,14,6,3,1,0,0,0,5,-112,19,None
0,0,1,-13,-41,-34,-3,1,-1,0,0,0,5,-112,19,None
0,3,5,5,38,18,-2,2,2,0,0,0,5,-112,19,None
0,3,5,5,38,18,-2,2,2,0,0,0,5,-112,19,None
0,3,5,5,38,18,-2,2,2,0,0,0,20,-127,21,None
0,-7,-6,-4,41,33,-8,-8,-11,0,0,0,20,-127,21,None
0,-2,-4,-3,-38,81,3,-3,-3,0,0,0,20,-127,21,None
0,-1,-1,-2,53,-50,-12,-1,-1,0,0,0,20,-127,21,None
0,-6,-5,-6,70,41,-6,-8,-9,0,0,0,20,-127,21,None
0,-6,-5,-6,70,41,-6,-8,-9,0,0,0,20,-127,21,None
0,-6,-5,-6,70,41,-6,-8,-9,0,0,0,30,-133,27,None
0,4,5,9,-9,-49,-4,7,6,0,0,0,30,-133,27,None
0,-1,2,-3,12,17,-2,-4,-3,0,0,0,30,-133,27,None
0,-4,-3,-7,28,26,0,-5,0,0,0,0,30,-133,27,None
0,2,3,-3,6,-92,5,2,2,0,0,0,30,-133,27,None
0,2,3,-3,6,-92,5,2,2,0,0,0,30,-133,27,None
0,2,3,-3,6,-92,5,2,2,0,0,0,29,-125,17,None
0,-6,0,9,-42,85,9,2,-6,0,0,0,29,-125,17,None
0,-4,-5,-11,-6,-86,-13,-4,-6,0,0,0,29,-125,17,None
0,0,3,15,-4,-22,12,0,-2,0,0,0,29,-125,17,None
0,1,6,2,15,9,11,3,2,0,0,0,29,-125,17,None
0,1,6,2,15,9,11,3,2,0,0,0,29,-125,17,None
0,1,6,2,15,9,11,3,2,0,0,0,31,-125,10,None
0,-1,-4,-10,-2,-1,-17,-14,1,0,0,0,31,-125,10,None
0,1,3,18,46,14,22,15,1,0,0,0,31,-125,10,None
0,-4,-5,-7,23,-16,-13,-7,-6,0,0,0,31,-125,10,None
0,-3,-7,-60,-78,10,-2,-7,-5,0,0,0,31,-125,10,None
0,-3,-7,-60,-78,10,-2,-7,-5,0,0,0,31,-125,10,None
0,-3,-7,-60,-78,10,-2,-7,-5,0,0,0,37,-126,12,None
0,2,3,10,9,-9,0,3,2,0,0,0,37,-126,12,None
0,1,6,29,102,92,6,0,2,0,0,0,37,-126,12,None
0,0,-5,-25,-94,-84,-15,-4,-3,0,0,0,37,-126,12,None
0,-4,2,-12,47,-6,-4,2,0,0,0,0,37,-126,12,None
0,-4,2,-12,47,-6,-4,2,0,0,0,0,37,-126,12,None
0,-4,2,-12,47,-6,-4,2,0,0,0,0,51,-113,14,None
0,-2,-1,-12,-37,55,-7,-6,-6,0,0,0,51,-113,14,None
0,0,1,-13,30,-36,-5,-1,-1,0,0,0,51,-113,14,None
0,1,6,28,3,28,10,4,2,0,0,0,51,-113,14,None
0,0,4,10,11,-23,-1,1,-1,0,0,0,51,-113,14,None
0,0,4,10,11,-23,-1,1,-1,0,0,0,51,-113,14,None
0,0,4,10,11,-23,-1,1,-1,0,0,0,61,-106,17,None
0,1,4,3,-41,-26,6,1,1,0,0,0,61,-106,17,None
0,-3,12,-29,-90,-9,-2,-5,-5,0,0,0,61,-106,17,None
0,-4,6,35,71,23,14,8,2,0,0,0,61,-106,17,None
0,-1,-22,2,77,6,-8,-8,4,0,0,0,61,-106,17,None
0,-1,-22,2,77,6,-8,-8,4,0,0,0,61,-106,17,None
0,-1,-22,2,77,6,-8,-8,4,0,0,0,68,-106,14,None
0,6,2,8,96,-34,20,9,2,0,0,0,68,-106,14,None
0,-3,-6,-11,-66,67,-12,-11,-3,0,0,0,68,-106,14,None
0,3,-2,-16,12,-20,0,4,5,0,0,0,68,-106,14,None
0,-5,7,18,-8,72,-2,-5,-7,0,0,0,68,-106,14,None
0,-5,7,18,-8,72,-2,-5,-7,0,0,0,68,-106,14,None
0,-5,7,18,-8,72,-2,-5,-7,0,0,0,65,-96,9,None
0,-4,-2,-15,-54,-21,-10,-2,-3,0,0,0,65,-96,9,None
0,1,1,-2,34,-31,-1,-2,1,0,0,0,65,-96,9,None
0,-2,-2,-10,-40,10,-2,-4,-1,0,0,0,65,-96,9,None
0,2,19,1,-66,-21,-4,-1,0,0,0,0,65,-96,9,None
0,2,19,1,-66,-21,-4,-1,0,0,0,0,65,-96,9,None
0,2,19,1,-66,-21,-4,-1,0,0,0,0,70,-93,6,None
0,-3,-16,-8,38,-10,-3,-2,-2,0,0,0,70,-93,6,None
0,1,3,7,-17,-72,0,2,-1,0,0,0,70,-93,6,None
0,-5,-6,-12,-61,77,-6,-8,-6,0,0,0,70,-93,6,None
0,2,8,2,3,-46,0,3,0,0,0,0,70,-93,6,None
0,2,8,2,3,-46,0,3,0,0,0,0,70,-93,6,None
0,2,8,2,3,-46,0,3,0,0,0,0,85,-89,2,None
0,-5,-13,2,3,-6,-1,-1,-1,0,0,0,85,-89,2,None
0,1,-3,-4,-1,-32,-4,-3,0,0,0,0,85,-89,2,None
0,1,27,-2,-52,14,0,1,-1,0,0,0,85,-89,2,None
0,8,-17,4,-11,-10,-2,-3,-4,0,0,0,85,-89,2,None
0,8,-17,4,-11,-10,-2,-3,-4,0,0,0,85,-89,2,None
0,8,-17,4,-11,-10,-2,-3,-4,0,0,0,86,-122,6,None
0,0,19,0,16,13,1,0,1,0,0,0,86,-122,6,None
0,10,-48,-5,37,20,-3,-2,2,0,0,0,86,-122,6,None
0,11,9,-6,-3,-1,-3,-2,-8,0,0,0,86,-122,6,None
0,-4,22,3,10,58,3,0,-3,0,0,0,86,-122,6,None
0,-4,22,3,10,58,3,0,-3,0,0,0,86,-122,6,None
0,-4,22,3,10,58,3,0,-3,0,0,0,70,-96,6,None
0,-3,4,-1,20,-8,-3,-1,-2,0,0,0,70,-96,6,None
0,3,8,6,28,35,1,0,1,0,0,0,70,-96,6,None
0,-5,-5,-2,-42,-15,-2,-2,-1,0,0,0,70,-96,6,None
0,-5,-8,0,8,-17,1,-2,-3,0,0,0,70,-96,6,None
0,-5,-8,0,8,-17,1,-2,-3,0,0,0,70,-96,6,None
0,-5,-8,0,8,-17,1,-2,-3,0,0,0,52,-76,1,None
0,4,3,1,13,-6,-2,-2,-1,0,0,0,52,-76,1,None
0,-7,7,-6,7,31,-2,-2,-3,0,0,0,52,-76,1,None
0,-2,-8,-3,-10,-46,0,0,1,0,0,0,52,-76,1,None
0,-4,-2,1,-3,-2,1,0,-1,0,0,0,52,-76,1,None
0,-4,-2,1,-3,-2,1,0,-1,0,0,0,52,-76,1,None
0,-4,-2,1,-3,-2,1,0,-1,0,0,0,52,-88,6,None
0,-1,7,-6,-10,-17,-4,-1,1,0,0,0,52,-88,6,None
0,-4,8,-1,-6,3,-2,-3,-3,0,0,0,52,-88,6,None
0,-3,-3,-3,9,-2,2,-1,0,0,0,0,52,-88,6,None
0,3,-2,-2,-9,-2,0,1,1,0,0,0,52,-88,6,None
0,3,-2,-2,-9,-2,0,1,1,0,0,0,52,-88,6,None
0,3,-2,-2,-9,-2,0,1,1,0,0,0,56,-89,4,None
0,-1,4,2,2,0,-3,0,-2,0,0,0,56,-89,4,None
0,-3,5,1,-13,-29,-2,0,-2,0,0,0,56,-89,4,None
0,2,11,-7,20,46,-3,-3,-3,0,0,0,56,-89,4,None
0,-6,-25,-2,-12,18,-1,-2,-1,0,0,0,56,-89,4,None
0,-6,-25,-2,-12,18,-1,-2,-1,0,0,0,56,-89,4,None
0,-6,-25,-2,-12,18,-1,-2,-1,0,0,0,58,-83,0,None
0,0,0,-3,-28,-11,1,-1,-2,0,0,0,58,-83,0,None
0,-4,5,2,35,19,1,0,0,0,0,0,58,-83,0,None
0,4,3,-2,-25,-36,1,1,1,0,0,0,58,-83,0,None
0,0,6,-1,0,-4,1,-1,0,0,0,0,58,-83,0,None
0,0,6,-1,0,-4,1,-1,0,0,0,0,58,-83,0,None
0,0,6,-1,0,-4,1,-1,0,0,0,0,58,-78,-3,None
0,-2,-2,0,14,23,1,-1,0,0,0,0,58,-78,-3,None
0,0,2,-5,3,-4,-4,-2,-3,0,0,0,58,-78,-3,None
0,-3,-6,0,12,9,-1,-1,-1,0,0,0,58,-78,-3,None
0,0,5,-2,-22,-46,-3,-1,-1,0,0,0,58,-78,-3,None
0,0,5,-2,-22,-46,-3,-1,-1,0,0,0,58,-78,-3,None
0,0,5,-2,-22,-46,-3,-1,-1,0,0,0,61,-77,-5,None
0,1,-2,2,-12,-8,-1,-2,0,0,0,0,61,-77,-5,None
0,-5,2,-6,19,-8,-4,-3,-3,0,0,0,61,-77,-5,None
0,-4,-7,-7,-22,2,-3,-3,-1,0,0,0,61,-77,-5,None
0,-1,5,0,2,-4,0,1,0,0,0,0,61,-77,-5,None
0,-1,5,0,2,-4,0,1,0,0,0,0,61,-77,-5,None
0,-1,5,0,2,-4,0,1,0,0,0,0,60,-79,-7,None
0,-1,4,-4,11,8,-4,-3,-1,0,0,0,60,-79,-7,None
0,-2,1,-1,-2,-14,-4,-1,-1,0,0,0,60,-79,-7,None
0,-2,-1,1,22,24,0,0,0,0,0,0,60,-79,-7,None
0,-1,-2,-1,-2,15,1,-3,-2,0,0,0,60,-79,-7,None
0,-1,-2,-1,-2,15,1,-3,-2,0,0,0,60,-79,-7,None
0,-1,-2,-1,-2,15,1,-3,-2,0,0,0,58,-82,-7,None
0,-1,0,-3,6,-8,-3,-2,0,0,0,0,58,-82,-7,None
0,-1,17,-4,-18,-12,1,-3,-2,0,0,0,58,-82,-7,None
0,3,-8,-1,2,-5,1,-1,0,0,0,0,58,-82,-7,None
0,-4,4,4,41,22,-2,-3,-4,0,0,0,58,-82,-7,None
0,-4,4,4,41,22,-2,-3,-4,0,0,0,58,-82,-7,None
0,-4,4,4,41,22,-2,-3,-4,0,0,0,58,-82,-8,None
0,-2,-1,6,8,9,2,0,-3,0,0,0,58,-82,-8,None
0,-1,1,-12,-27,-39,-5,-2,-1,0,0,0,58,-82,-8,None
0,-2,2,-1,6,30,-1,-2,-1,0,0,0,58,-82,-8,None
0,1,2,-1,-8,-4,-1,0,1,0,0,0,58,-82,-8,None
0,1,2,-1,-8,-4,-1,0,1,0,0,0,58,-82,-8,None
0,1,2,-1,-8,-4,-1,0,1,0,0,0,57,-81,-9,None
0,0,5,-2,-12,1,-2,-1,-1,0,0,0,57,-81,-9,None
0,-3,-8,-1,1,9,-2,-2,-3,0,0,0,57,-81,-9,None
0,-1,3,4,19,12,0,-1,-2,0,0,0,57,-81,-9,None
0,-1,6,-9,-39,1,-4,-3,-1,0,0,0,57,-81,-9,None
0,-1,6,-9,-39,1,-4,-3,-1,0,0,0,57,-81,-9,None
0,-1,6,-9,-39,1,-4,-3,-1,0,0,0,56,-80,-10,None
0,-4,-24,-7,-10,-1,0,-2,-3,0,0,0,56,-80,-10,None
0,-1,-4,0,-2,52,1,-2,-2,0,0,0,56,-80,-10,None
0,-3,-5,-4,9,-16,-1,-2,-2,0,0,0,56,-80,-10,None
0,0,6,0,4,4,0,1,-1,0,0,0,56,-80,-10,None
0,0,6,0,4,4,0,1,-1,0,0,0,56,-80,-10,None
0,0,6,0,4,4,0,1,-1,0,0,0,54,-80,-10,None
0,0,7,-3,2,8,-3,-2,-1,0,0,0,54,-80,-10,None
0,-3,-3,0,-3,-19,0,-1,-1,0,0,0,54,-80,-10,None
0,-3,0,1,6,20,0,-3,-2,0,0,0,54,-80,-10,None
0,0,-2,0,-4,-4,-1,-1,0,0,0,0,54,-80,-10,None
0,0,-2,0,-4,-4,-1,-1,0,0,0,0,54,-80,-10,None
0,0,-2,0,-4,-4,-1,-1,0,0,0,0,56,-79,-10,None
0,0,4,-1,9,8,1,-1,-1,0,0,0,56,-79,-10,None
0,3,15,0,-1,-8,-2,-1,-1,0,0,0,56,-79,-10,None
0,-6,-2,-3,28,5,-2,-2,-3,0,0,0,56,-79,-10,None
0,3,-2,-4,-12,-4,1,0,-1,0,0,0,56,-79,-10,None
0,3,-2,-4,-12,-4,1,0,-1,0,0,0,56,-79,-10,None
0,3,-2,-4,-12,-4,1,0,-1,0,0,0,58,-78,-11,None
0,0,2,-2,14,5,1,0,-1,0,0,0,58,-78,-11,None
0,-1,3,-2,-2,-1,-2,0,-1,0,0,0,58,-78,-11,None
0,0,4,-3,-7,-10,0,1,-1,0,0,0,58,-78,-11,None
0,-3,-3,0,-2,8,0,-2,-1,0,0,0,58,-78,-11,None
0,-3,-3,0,-2,8,0,-2,-1,0,0,0,58,-78,-11,None
0,-3,-3,0,-2,8,0,-2,-1,0,0,0,59,-76,-11,None
0,-1,4,-1,-11,-18,-1,-1,-2,0,0,0,59,-76,-11,None
0,-4,-9,-4,12,29,-2,-4,-1,0,0,0,59,-76,-11,None
0,-2,-2,-2,-23,-6,0,-2,-1,0,0,0,59,-76,-11,None
0,-3,-2,-1,9,10,2,-1,-1,0,0,0,59,-76,-11,None
0,-3,-2,-1,9,10,2,-1,-1,0,0,0,59,-76,-11,None
0,-3,-2,-1,9,10,2,-1,-1,0,0,0,57,-73,-9,None
0,-2,3,-4,29,13,-5,-2,-2,0,0,0,57,-73,-9,None
0,-1,-3,-2,-10,-48,-3,0,-1,0,0,0,57,-73,-9,None
0,-1,-3,0,24,-1,-3,-3,-1,0,0,0,57,-73,-9,None
0,-2,4,-4,4,13,-1,-3,-1,0,0,0,57,-73,-9,None
0,-2,4,-4,4,13,-1,-3,-1,0,0,0,57,-73,-9,None
0,-2,4,-4,4,13,-1,-3,-1,0,0,0,55,-78,-7,None
0,0,3,-1,-5,4,-1,-2,1,0,0,0,55,-78,-7,None
0,-2,-4,-4,16,10,-3,-4,-2,0,0,0,55,-78,-7,None
0,1,1,-2,-1,5,0,0,-2,0,0,0,55,-78,-7,None
0,1,6,0,-6,-30,-2,0,-3,0,0,0,55,-78,-7,None
0,1,6,0,-6,-30,-2,0,-3,0,0,0,55,-78,-7,None
0,1,6,0,-6,-30,-2,0,-3,0,0,0,55,-83,-4,None
0,-9,-24,-6,-22,-4,0,-4,-2,0,0,0,55,-83,-4,None
0,-1,-4,-3,-21,-23,-2,0,0,0,0,0,55,-83,-4,None
0,-2,2,-2,-8,6,0,-2,-2,0,0,0,55,-83,-4,None
0,-2,-4,-2,8,11,0,-1,-1,0,0,0,55,-83,-4,None
0,-2,-4,-2,8,11,0,-1,-1,0,0,0,55,-83,-4,None
0,-2,-4,-2,8,11,0,-1,-1,0,0,0,56,-86,-5,None
0,0,6,-3,-10,-4,0,-3,-2,0,0,0,56,-86,-5,None
0,-1,1,-2,2,-1,-2,-2,-3,0,0,0,56,-86,-5,None
0,-1,-2,-4,-7,-15,-3,-1,0,0,0,0,56,-86,-5,None
0,-4,3,-2,-10,-2,-1,0,0,0,0,0,56,-86,-5,None
0,-4,3,-2,-10,-2,-1,0,0,0,0,0,56,-86,-5,None
0,-4,3,-2,-10,-2,-1,0,0,0,0,0,59,-88,-7,None
0,3,11,-1,31,-3,-2,-1,-1,0,0,0,59,-88,-7,None
0,0,0,-1,-47,37,3,0,-1,0,0,0,59,-88,-7,None
0,0,2,-2,9,7,0,-1,-3,0,0,0,59,-88,-7,None
0,-2,-2,-3,4,5,-1,-2,-1,0,0,0,59,-88,-7,None
0,-2,-2,-3,4,5,-1,-2,-1,0,0,0,59,-88,-7,None
0,-2,-2,-3,4,5,-1,-2,-1,0,0,0,63,-88,-10,None
0,0,2,-3,-18,-20,-2,-1,-1,0,0,0,63,-88,-10,None
0,-1,-3,0,17,7,-1,-3,0,0,0,0,63,-88,-10,None
0,-1,1,-3,-11,2,-1,-2,-2,0,0,0,63,-88,-10,None
0,0,-2,-3,-11,6,-1,1,-1,0,0,0,63,-88,-10,None
0,0,-2,-3,-11,6,-1,1,-1,0,0,0,63,-88,-10,None
0,0,-2,-3,-11,6,-1,1,-1,0,0,0,63,-82,-11,None
0,-1,0,-2,-3,-40,-6,0,-2,0,0,0,63,-82,-11,None
0,-2,1,0,10,30,1,-2,-3,0,0,0,63,-82,-11,None
0,-2,1,0,-6,-4,-2,-2,-2,0,0,0,63,-82,-11,None
0,-1,-3,-4,11,-6,-3,-1,-3,0,0,0,63,-82,-11,None
0,-1,-3,-4,11,-6,-3,-1,-3,0,0,0,63,-82,-11,None
0,-1,-3,-4,11,-6,-3,-1,-3,0,0,0,61,-76,-13,None
0,1,5,2,4,25,3,3,1,0,0,0,61,-76,-13,None
0,1,17,-1,-10,-26,1,0,-2,0,0,0,61,-76,-13,None
0,-1,-4,-3,-11,-12,-3,-2,-1,0,0,0,61,-76,-13,None
0,-1,-1,-3,-3,2,-2,-3,-2,0,0,0,61,-76,-13,None
0,-1,-1,-3,-3,2,-2,-3,-2,0,0,0,61,-76,-13,None
0,-1,-1,-3,-3,2,-2,-3,-2,0,0,0,58,-78,-13,None
0,-3,0,0,5,-2,-2,-1,-2,0,0,0,58,-78,-13,None
0,-1,3,-3,16,13,-3,-3,-1,0,0,0,58,-78,-13,None
0,-2,0,-3,1,5,-1,0,-1,0,0,0,58,-78,-13,None
0,-1,-2,-1,0,-5,0,-1,-1,0,0,0,58,-78,-13,None
0,-1,-2,-1,0,-5,0,-1,-1,0,0,0,58,-78,-13,None
0,-1,-2,-1,0,-5,0,-1,-1,0,0,0,57,-82,-13,None
0,1,6,-2,-8,7,-2,0,-1,0,0,0,57,-82,-13,None
0,-5,-5,-2,7,3,-1,-2,-1,0,0,0,57,-82,-13,None
0,0,-3,-7,-17,-13,-2,-2,-3,0,0,0,57,-82,-13,None
0,-1,10,0,0,-2,1,-2,-2,0,0,0,57,-82,-13,None
0,-1,10,0,0,-2,1,-2,-2,0,0,0,57,-82,-13,None
0,-1,10,0,0,-2,1,-2,-2,0,0,0,57,-82,-13,None
0,-6,-44,-6,7,10,-1,-2,-3,0,0,0,57,-82,-13,None
0,-3,-5,-2,1,-17,-2,0,-2,0,0,0,57,-82,-13,None
0,-1,4,0,3,4,0,0,1,0,0,0,57,-82,-13,None
0,-4,-5,-3,0,-1,-5,-2,-1,0,0,0,57,-82,-13,None
0,-4,-5,-3,0,-1,-5,-2,-1,0,0,0,57,-82,-13,None
0,-4,-5,-3,0,-1,-5,-2,-1,0,0,0,58,-79,-13,None
0,-2,9,0,-1,17,1,-2,-4,0,0,0,58,-79,-13,None
0,-2,0,-2,-2,0,0,0,-2,0,0,0,58,-79,-13,None
0,0,-2,0,1,-1,0,-1,-2,0,0,0,58,-79,-13,None
0,1,2,-3,6,4,-4,-1,-1,0,0,0,58,-79,-13,None
0,1,2,-3,6,4,-4,-1,-1,0,0,0,58,-79,-13,None
0,1,2,-3,6,4,-4,-1,-1,0,0,0,59,-76,-12,None
0,-1,7,-1,-5,-4,-2,-1,0,0,0,0,59,-76,-12,None
0,-1,-4,-2,-1,1,-2,-2,-2,0,0,0,59,-76,-12,None
0,-2,16,-1,2,-2,-1,-1,-1,0,0,0,59,-76,-12,None
0,-1,-3,-2,0,7,-1,-3,-2,0,0,0,59,-76,-12,None
0,-1,-3,-2,0,7,-1,-3,-2,0,0,0,59,-76,-12,None
0,-1,-3,-2,0,7,-1,-3,-2,0,0,0,59,-77,-10,None
0,0,6,0,-7,2,1,-2,-1,0,0,0,59,-77,-10,None
0,1,-4,-2,0,-13,-1,-2,0,0,0,0,59,-77,-10,None
0,-3,1,0,4,3,0,-1,-1,0,0,0,59,-77,-10,None
0,0,0,-2,-7,2,1,-1,0,0,0,0,59,-77,-10,None
0,0,0,-2,-7,2,1,-1,0,0,0,0,59,-77,-10,None
0,0,0,-2,-7,2,1,-1,0,0,0,0,59,-82,-9,None
0,-1,2,-4,-4,0,-2,-1,-1,0,0,0,59,-82,-9,None
0,-2,7,-2,3,-3,-1,-1,-1,0,0,0,59,-82,-9,None
0,0,1,1,-6,4,0,0,-2,0,0,0,59,-82,-9,None
0,-5,-5,-2,-13,2,-1,-1,-1,0,0,0,59,-82,-9,None
0,-5,-5,-2,-13,2,-1,-1,-1,0,0,0,59,-82,-9,None
0,-5,-5,-2,-13,2,-1,-1,-1,0,0,0,57,-83,-8,None
0,0,-1,-1,12,7,-2,-2,-3,0,0,0,57,-83,-8,None
0,2,-2,-4,-11,-7,-1,-2,0,0,0,0,57,-83,-8,None
0,-3,8,-2,3,6,0,-1,-1,0,0,0,57,-83,-8,None
0,-3,7,-1,8,-2,-2,1,-1,0,0,0,57,-83,-8,None
0,-3,7,-1,8,-2,-2,1,-1,0,0,0,57,-83,-8,None
0,-3,7,-1,8,-2,-2,1,-1,0,0,0,56,-81,-9,None
0,-1,-1,-4,-3,1,-3,-2,0,0,0,0,56,-81,-9,None
0,-4,-24,-1,0,-5,-1,-1,-1,0,0,0,56,-81,-9,None
0,2,1,-1,8,9,-2,-1,-1,0,0,0,56,-81,-9,None
0,-8,-29,-5,0,3,0,-3,-2,0,0,0,56,-81,-9,None
0,-8,-29,-5,0,3,0,-3,-2,0,0,0,56,-81,-9,None
0,-8,-29,-5,0,3,0,-3,-2,0,0,0,58,-80,-10,None
0,1,7,-2,-4,-7,-1,-1,-2,0,0,0,58,-80,-10,None
0,0,4,-1,2,-1,-1,-2,-1,0,0,0,58,-80,-10,None
0,-2,-5,-3,6,1,-2,-2,-1,0,0,0,58,-80,-10,None
0,-1,1,-1,2,-4,-2,-2,-1,0,0,0,58,-80,-10,None
0,-1,1,-1,2,-4,-2,-2,-1,0,0,0,58,-80,-10,None
0,-1,1,-1,2,-4,-2,-2,-1,0,0,0,58,-80,-11,None
0,-1,2,-3,-5,4,0,1,0,0,0,0,58,-80,-11,None
0,-1,-2,-1,6,8,0,0,-2,0,0,0,58,-80,-11,None
0,-2,-2,-4,-2,-4,-1,-1,-1,0,0,0,58,-80,-11,None
0,-1,6,0,9,4,0,-1,-1,0,0,0,58,-80,-11,None
0,-1,6,0,9,4,0,-1,-1,0,0,0,58,-80,-11,None
0,-1,6,0,9,4,0,-1,-1,0,0,0,59,-80,-11,None
0,0,4,-1,-9,-15,-2,-1,0,0,0,0,59,-80,-11,None
0,1,11,0,-7,10,-1,-2,-2,0,0,0,59,-80,-11,None
0,-1,-2,-3,-4,-5,-2,-1,-1,0,0,0,59,-80,-11,None
0,0,3,-1,-4,2,2,0,-1,0,0,0,59,-80,-11,None
0,0,3,-1,-4,2,2,0,-1,0,0,0,59,-80,-11,None
0,0,3,-1,-4,2,2,0,-1,0,0,0,57,-81,-10,None
0,-1,1,-2,5,2,-3,-1,-1,0,0,0,57,-81,-10,None
0,-3,12,-2,-17,-10,-2,1,-2,0,0,0,57,-81,-10,None
0,-3,-13,-5,9,3,-2,-3,-1,0,0,0,57,-81,-10,None
0,-2,-4,2,4,-7,-2,-3,-2,0,0,0,57,-81,-10,None
0,-2,-4,2,4,-7,-2,-3,-2,0,0,0,57,-81,-10,None
0,-2,-4,2,4,-7,-2,-3,-2,0,0,0,57,-82,-10,None
0,-2,0,-11,12,31,1,-3,-4,0,0,0,57,-82,-10,None
0,2,8,0,-17,-17,-1,-2,-1,0,0,0,57,-82,-10,None
0,-1,0,-3,-7,2,-1,-1,-2,0,0,0,57,-82,-10,None
0,3,8,-3,4,0,-3,-2,-1,0,0,0,57,-82,-10,None
0,3,8,-3,4,0,-3,-2,-1,0,0,0,57,-82,-10,None
0,3,8,-3,4,0,-3,-2,-1,0,0,0,56,-82,-10,None
0,0,0,1,-6,-4,0,-1,-2,0,0,0,56,-82,-10,None
0,-2,-5,-3,5,3,-1,-1,-2,0,0,0,56,-82,-10,None
0,-1,0,-2,4,-1,-1,-2,-2,0,0,0,56,-82,-10,None
0,0,2,-2,-7,1,-1,-1,1,0,0,0,56,-82,-10,None
0,0,2,-2,-7,1,-1,-1,1,0,0,0,56,-82,-10,None
0,0,2,-2,-7,1,-1,-1,1,0,0,0,57,-82,-10,None
0,-2,-26,-1,-51,-5,-2,-3,-3,0,0,0,57,-82,-10,None
0,-3,-3,-2,13,10,-1,-2,-2,0,0,0,57,-82,-10,None
0,-2,0,0,4,-6,-2,-2,-3,0,0,0,57,-82,-10,None
0,0,-1,-2,-3,4,0,-1,-3,0,0,0,57,-82,-10,None
0,0,-1,-2,-3,4,0,-1,-3,0,0,0,57,-82,-10,None
0,0,-1,-2,-3,4,0,-1,-3,0,0,0,58,-82,-10,None
0,-2,6,-3,4,-3,1,-1,0,0,0,0,58,-82,-10,None
0,-2,1,-1,4,-2,-1,-2,-1,0,0,0,58,-82,-10,None
0,0,-2,-2,-7,2,0,-1,-1,0,0,0,58,-82,-10,None
0,-1,6,-4,-3,-1,1,-1,-1,0,0,0,58,-82,-10,None
0,-1,6,-4,-3,-1,1,-1,-1,0,0,0,58,-82,-10,None
0,-1,6,-4,-3,-1,1,-1,-1,0,0,0,58,-81,-12,None
0,-2,3,-1,12,-3,-3,-1,-3,0,0,0,58,-81,-12,None
0,-1,-3,-1,1,-1,-3,-2,-2,0,0,0,58,-81,-12,None
0,-1,4,0,3,3,-1,-1,0,0,0,0,58,-81,-12,None
0,-2,-3,-2,0,-14,-2,-3,-2,0,0,0,58,-81,-12,None
0,-2,-3,-2,0,-14,-2,-3,-2,0,0,0,58,-81,-12,None
0,-2,-3,-2,0,-14,-2,-3,-2,0,0,0,57,-80,-11,None
0,-1,14,-2,-4,12,-3,-4,-2,0,0,0,57,-80,-11,None
0,-1,0,-1,9,2,1,-2,-1,0,0,0,57,-80,-11,None
0,-2,1,-3,-8,-3,0,-2,0,0,0,0,57,-80,-11,None
0,0,-3,-2,1,3,0,0,-2,0,0,0,57,-80,-11,None
0,0,-3,-2,1,3,0,0,-2,0,0,0,57,-80,-11,None
0,0,-3,-2,1,3,0,0,-2,0,0,0,57,-80,-11,None
0,0,4,0,1,-3,0,0,0,0,0,0,57,-80,-11,None
0,0,3,-2,-5,1,-1,-3,-2,0,0,0,57,-80,-11,None
0,0,-1,-3,-1,-2,-2,-2,-1,0,0,0,57,-80,-11,None
0,1,5,-1,-2,2,-2,-3,-2,0,0,0,57,-80,-11,None
0,1,5,-1,-2,2,-2,-3,-2,0,0,0,57,-80,-11,None
0,1,5,-1,-2,2,-2,-3,-2,0,0,0,58,-80,-11,None
0,-3,-2,-1,9,0,-1,1,-1,0,0,0,58,-80,-11,None
0,-1,-1,-2,-3,0,0,-2,-2,0,0,0,58,-80,-11,None
0,0,3,7,9,1,-1,0,0,0,0,0,58,-80,-11,None
0,2,5,-15,-1,13,1,-2,-2,0,0,0,58,-80,-11,None
0,2,5,-15,-1,13,1,-2,-2,0,0,0,58,-80,-11,None
0,2,5,-15,-1,13,1,-2,-2,0,0,0,58,-80,-11,None
0,-3,0,0,1,-5,-1,-1,-1,0,0,0,58,-80,-11,None
0,-1,-3,-1,0,-5,-3,-1,0,0,0,0,58,-80,-11,None
0,-3,0,0,-4,0,0,0,-1,0,0,0,58,-80,-11,None
0,-2,5,1,-2,2,0,0,0,0,0,0,58,-80,-11,None
0,-2,5,1,-2,2,0,0,0,0,0,0,58,-80,-11,None
0,-2,5,1,-2,2,0,0,0,0,0,0,59,-80,-11,None
0,-1,-1,-3,6,-1,-1,-2,0,0,0,0,59,-80,-11,None
0,-1,-1,-2,2,2,0,-1,-2,0,0,0,59,-80,-11,None
0,-1,4,-2,-2,1,1,-2,-1,0,0,0,59,-80,-11,None
0,1,-3,0,-3,-9,-1,-1,-1,0,0,0,59,-80,-11,None
0,1,-3,0,-3,-9,-1,-1,-1,0,0,0,59,-80,-11,None
0,1,-3,0,-3,-9,-1,-1,-1,0,0,0,58,-79,-10,None
0,-4,-3,-3,5,5,-1,-2,-2,0,0,0,58,-79,-10,None
0,4,13,-5,8,8,-1,-3,-2,0,0,0,58,-79,-10,None
0,-3,-17,-1,-11,-3,0,-2,-2,0,0,0,58,-79,-10,None
0,-3,-5,-3,1,-2,-1,-2,-3,0,0,0,58,-79,-10,None
0,-3,-5,-3,1,-2,-1,-2,-3,0,0,0,58,-79,-10,None
0,-3,-5,-3,1,-2,-1,-2,-3,0,0,0,57,-80,-10,None
0,-1,1,1,1,-1,0,0,-1,0,0,0,57,-80,-10,None
0,-1,6,-3,-8,-3,-1,-1,0,0,0,0,57,-80,-10,None
0,0,3,-4,0,0,-3,-2,-3,0,0,0,57,-80,-10,None
0,-1,-1,1,6,3,-2,0,-1,0,0,0,57,-80,-10,None
0,-1,-1,1,6,3,-2,0,-1,0,0,0,57,-80,-10,None
0,-1,-1,1,6,3,-2,0,-1,0,0,0,57,-80,-11,None
0,1,3,-3,-2,-4,0,-2,0,0,0,0,57,-80,-11,None
0,-3,-8,-1,1,2,-2,-1,-2,0,0,0,57,-80,-11,None
0,-1,12,-5,1,-2,-2,-2,-1,0,0,0,57,-80,-11,None
0,0,-3,1,-7,-7,0,0,-1,0,0,0,57,-80,-11,None
0,0,-3,1,-7,-7,0,0,-1,0,0,0,57,-80,-11,None
0,0,-3,1,-7,-7,0,0,-1,0,0,0,57,-81,-10,None
0,-2,12,-1,5,12,-2,-2,-2,0,0,0,57,-81,-10,None
0,-3,-8,6,2,6,-1,-2,-2,0,0,0,57,-81,-10,None
0,1,-3,-6,-20,-5,-2,0,-1,0,0,0,57,-81,-10,None
0,-3,6,1,-5,-2,-1,-1,-1,0,0,0,57,-81,-10,None
0,-3,6,1,-5,-2,-1,-1,-1,0,0,0,57,-81,-10,None
0,-3,6,1,-5,-2,-1,-1,-1,0,0,0,57,-82,-11,None
0,2,3,-3,5,-4,-2,-2,-1,0,0,0,57,-82,-11,None
0,-1,-2,-3,1,-10,-2,-1,0,0,0,0,57,-82,-11,None
0,-1,0,-1,3,4,-1,0,-2,0,0,0,57,-82,-11,None
0,-4,-2,-2,6,8,-3,-2,-1,0,0,0,57,-82,-11,None
0,-4,-2,-2,6,8,-3,-2,-1,0,0,0,57,-82,-11,None
0,-4,-2,-2,6,8,-3,-2,-1,0,0,0,57,-80,-11,None
0,-1,-6,-3,-4,-8,-2,-2,-1,0,0,0,57,-80,-11,None
0,-3,-4,-1,-8,5,1,-1,-2,0,0,0,57,-80,-11,None
0,-1,-1,-2,5,2,0,-1,-2,0,0,0,57,-80,-11,None
0,-1,1,-3,-1,2,-2,0,0,0,0,0,57,-80,-11,None
0,-1,1,-3,-1,2,-2,0,0,0,0,0,57,-80,-11,None
0,-1,1,-3,-1,2,-2,0,0,0,0,0,57,-80,-11,None
0,-2,-4,1,-3,-3,-1,-1,-2,0,0,0,57,-80,-11,None
0,-2,0,-6,-9,0,-1,-1,-1,0,0,0,57,-80,-11,None
0,0,2,-4,6,5,-2,-2,-1,0,0,0,57,-80,-11,None
0,-1,-3,1,-1,-2,-2,-2,-1,0,0,0,57,-80,-11,None
0,-1,-3,1,-1,-2,-2,-2,-1,0,0,0,57,-80,-11,None
0,-1,-3,1,-1,-2,-2,-2,-1,0,0,0,58,-81,-11,None
0,0,-1,-1,0,2,2,0,-1,0,0,0,58,-81,-11,None
0,-2,1,-4,3,1,-2,-2,0,0,0,0,58,-81,-11,None
0,-4,-2,-2,0,-6,-3,-2,-3,0,0,0,58,-81,-11,None
0,-2,1,0,-1,6,0,-1,-1,0,0,0,58,-81,-11,None
0,-2,1,0,-1,6,0,-1,-1,0,0,0,58,-81,-11,None
0,-2,1,0,-1,6,0,-1,-1,0,0,0,59,-80,-11,None
0,-1,6,-2,2,0,-2,-2,0,0,0,0,59,-80,-11,None
0,-7,-28,-2,-2,-5,-2,-1,-1,0,0,0,59,-80,-11,None
0,1,2,1,1,-12,-1,-1,-1,0,0,0,59,-80,-11,None
0,-2,0,-2,-4,14,2,-3,-3,0,0,0,59,-80,-11,None
0,-2,0,-2,-4,14,2,-3,-3,0,0,0,59,-80,-11,None
0,-2,0,-2,-4,14,2,-3,-3,0,0,0,59,-80,-11,None
0,-5,-4,-3,-4,3,-2,-3,-1,0,0,0,59,-80,-11,None
0,3,5,-1,-2,0,1,-2,-2,0,0,0,59,-80,-11,None
0,1,4,-3,-2,-3,-2,-1,0,0,0,0,59,-80,-11,None
0,0,9,0,10,0,-3,-1,0,0,0,0,59,-80,-11,None
0,0,9,0,10,0,-3,-1,0,0,0,0,59,-80,-11,None
0,0,9,0,10,0,-3,-1,0,0,0,0,58,-80,-11,None
0,-2,-11,-5,-4,-5,-2,1,0,0,0,0,58,-80,-11,None
0,0,7,-2,-12,-4,-2,0,-1,0,0,0,58,-80,-11,None
0,-1,-5,-2,8,10,0,-2,-2,0,0,0,58,-80,-11,None
0,1,4,-2,-7,-3,-3,-1,-1,0,0,0,58,-80,-11,None
0,1,4,-2,-7,-3,-3,-1,-1,0,0,0,58,-80,-11,None
0,1,4,-2,-7,-3,-3,-1,-1,0,0,0,58,-79,-11,None
0,-1,1,-1,-1,2,-3,-3,-1,0,0,0,58,-79,-11,None
0,0,3,-3,-3,0,0,-1,-1,0,0,0,58,-79,-11,None
0,4,-1,1,-5,0,1,0,0,0,0,0,58,-79,-11,None
0,-3,-4,-4,4,2,-2,-2,-1,0,0,0,58,-79,-11,None
0,-3,-4,-4,4,2,-2,-2,-1,0,0,0,58,-79,-11,None
0,-3,-4,-4,4,2,-2,-2,-1,0,0,0,57,-79,-12,None
0,0,0,-1,0,0,1,-1,-2,0,0,0,57,-79,-12,None
0,-1,1,-1,1,2,-2,-3,-2,0,0,0,57,-79,-12,None
0,-3,3,-2,-2,0,-1,-1,-2,0,0,0,57,-79,-12,None
0,-1,-2,-3,-1,-1,0,-1,-1,0,0,0,57,-79,-12,None
0,-1,-2,-3,-1,-1,0,-1,-1,0,0,0,57,-79,-12,None
0,-1,-2,-3,-1,-1,0,-1,-1,0,0,0,57,-79,-10,None
0,0,0,-3,2,1,-2,-1,-1,0,0,0,57,-79,-10,None
0,-1,6,-1,0,-8,-1,-2,-2,0,0,0,57,-79,-10,None
0,-4,9,0,4,10,-1,-2,0,0,0,0,57,-79,-10,None
0,-6,-30,-3,-7,-7,-1,-1,-3,0,0,0,57,-79,-10,None
0,-6,-30,-3,-7,-7,-1,-1,-3,0,0,0,57,-79,-10,None
0,-6,-30,-3,-7,-7,-1,-1,-3,0,0,0,58,-81,-10,None
0,-2,1,-2,0,-1,-1,-1,-2,0,0,0,58,-81,-10,None
0,-1,3,-2,0,-3,-2,0,0,0,0,0,58,-81,-10,None
0,-4,-5,-1,-3,3,0,-2,-2,0,0,0,58,-81,-10,None
0,1,6,-2,0,-2,-1,-1,-1,0,0,0,58,-81,-10,None
0,1,6,-2,0,-2,-1,-1,-1,0,0,0,58,-81,-10,None
0,1,6,-2,0,-2,-1,-1,-1,0,0,0,58,-81,-10,None
0,-1,4,-1,-1,-3,-1,-1,-2,0,0,0,58,-81,-10,None
0,0,-2,-1,-3,0,1,-2,-2,0,0,0,58,-81,-10,None
0,0,1,-3,10,-1,-3,-2,-2,0,0,0,58,-81,-10,None
0,-1,8,-3,11,3,-4,-2,-1,0,0,0,58,-81,-10,None
0,-1,8,-3,11,3,-4,-2,-1,0,0,0,58,-81,-10,None
0,-1,8,-3,11,3,-4,-2,-1,0,0,0,58,-80,-11,None
0,-2,-3,1,-12,-2,0,-3,-2,0,0,0,58,-80,-11,None
