0,-33,4,-2,-18,0,4,2,-7,0,0,0,64,-107,23,None
0,3,-5,0,19,1,1,-3,-11,0,0,0,64,-107,23,None
0,11,3,2,10,4,0,-3,-1,0,0,0,64,-107,23,None
0,11,3,2,10,4,0,-3,-1,0,0,0,64,-107,23,None
0,11,3,2,10,4,0,-3,-1,0,0,0,68,-112,23,None
0,-7,-2,0,40,0,-6,0,-1,0,0,0,68,-112,23,None
0,-2,-7,-20,-79,-23,-7,-6,-4,0,0,0,68,-112,23,None
0,2,3,-4,13,-4,-4,-2,0,0,0,0,68,-112,23,None
0,-3,1,2,18,3,-8,-5,-2,0,0,0,68,-112,23,None
0,-3,1,2,18,3,-8,-5,-2,0,0,0,68,-112,23,None
0,-3,1,2,18,3,-8,-5,-2,0,0,0,81,-113,18,None
0,19,4,0,19,9,16,5,3,0,0,0,81,-113,18,None
0,-9,4,5,19,8,-2,4,6,0,0,0,81,-113,18,None
0,0,-2,-5,-27,-17,10,0,-2,0,0,0,81,-113,18,None
0,5,3,-6,-33,13,-7,-5,-1,0,0,0,81,-113,18,None
0,5,3,-6,-33,13,-7,-5,-1,0,0,0,81,-113,18,None
0,5,3,-6,-33,13,-7,-5,-1,0,0,0,90,-110,18,None
0,-19,0,2,-23,-13,2,2,1,0,0,0,90,-110,18,None
0,-11,1,-3,27,-18,-6,-2,-5,0,0,0,90,-110,18,None
0,-4,-6,-4,-17,23,-10,-6,-7,0,0,0,90,-110,18,None
0,-4,-1,2,0,0,-16,-14,-4,0,0,0,90,-110,18,None
0,-4,-1,2,0,0,-16,-14,-4,0,0,0,90,-110,18,None
0,-4,-1,2,0,0,-16,-14,-4,0,0,0,86,-106,18,None
0,2,-1,-9,-5,2,28,13,-1,0,0,0,86,-106,18,None
0,8,0,-3,23,2,-11,-3,3,0,0,0,86,-106,18,None
0,1,4,-3,-2,-3,22,6,5,0,0,0,86,-106,18,None
0,-10,-2,-1,14,-10,-18,-3,-5,0,0,0,86,-106,18,None
0,-10,-2,-1,14,-10,-18,-3,-5,0,0,0,86,-106,18,None
0,-10,-2,-1,14,-10,-18,-3,-5,0,0,0,84,-99,16,None
0,-7,-2,-4,-18,0,-8,-3,-4,0,0,0,84,-99,16,None
0,16,5,5,-1,1,-13,-10,-1,0,0,0,84,-99,16,None
0,-17,-2,-2,19,9,-7,-2,-3,0,0,0,84,-99,16,None
0,-3,-3,-2,-5,7,9,-1,-3,0,0,0,84,-99,16,None
0,-3,-3,-2,-5,7,9,-1,-3,0,0,0,84,-99,16,None
0,-3,-3,-2,-5,7,9,-1,-3,0,0,0,86,-94,15,None
0,-5,2,0,7,-4,-9,-4,-4,0,0,0,86,-94,15,None
0,9,-2,-3,24,9,12,3,2,0,0,0,86,-94,15,None
0,2,0,-3,8,3,-19,-6,-1,0,0,0,86,-94,15,None
0,-6,1,0,-1,-12,1,7,0,0,0,0,86,-94,15,None
0,-6,1,0,-1,-12,1,7,0,0,0,0,86,-94,15,None
0,-6,1,0,-1,-12,1,7,0,0,0,0,80,-109,18,None
0,-3,-2,-7,-19,5,-1,-2,-4,0,0,0,80,-109,18,None
0,7,1,3,21,9,5,-3,-2,0,0,0,80,-109,18,None
0,-5,-3,-10,4,0,-2,-1,0,0,0,0,80,-109,18,None
0,-2,1,-2,-16,-3,-3,3,0,0,0,0,80,-109,18,None
0,-2,1,-2,-16,-3,-3,3,0,0,0,0,80,-109,18,None
0,-2,1,-2,-16,-3,-3,3,0,0,0,0,76,-116,18,None
0,2,-2,-2,9,-2,-1,-5,-2,0,0,0,76,-116,18,None
0,1,0,2,-18,11,4,-1,-2,0,0,0,76,-116,18,None
0,0,3,1,-27,-3,-7,-2,-1,0,0,0,76,-116,18,None
0,-1,-2,-11,-4,14,-1,-5,-4,0,0,0,76,-116,18,None
0,-1,-2,-11,-4,14,-1,-5,-4,0,0,0,76,-116,18,None
0,-1,-2,-11,-4,14,-1,-5,-4,0,0,0,74,-110,9,None
0,-1,-1,0,20,-13,-3,3,2,0,0,0,74,-110,9,None
0,-3,-2,-1,-3,10,5,-3,-3,0,0,0,74,-110,9,None
0,1,3,6,-16,-13,-7,-1,0,0,0,0,74,-110,9,None
0,-1,1,-2,12,6,-2,-1,-1,0,0,0,74,-110,9,None
0,-1,1,-2,12,6,-2,-1,-1,0,0,0,74,-110,9,None
0,-1,1,-2,12,6,-2,-1,-1,0,0,0,74,-105,8,None
0,-4,1,-1,-8,10,-1,-5,-3,0,0,0,74,-105,8,None
0,1,1,-6,-23,-3,5,5,1,0,0,0,74,-105,8,None
0,-1,-1,9,9,4,-11,-10,-6,0,0,0,74,-105,8,None
0,1,-2,-7,0,-4,8,4,1,0,0,0,74,-105,8,None
0,1,-2,-7,0,-4,8,4,1,0,0,0,74,-105,8,None
0,1,-2,-7,0,-4,8,4,1,0,0,0,71,-104,6,None
0,-2,1,2,-18,4,-7,-6,-2,0,0,0,71,-104,6,None
0,1,0,-1,9,0,-3,1,-2,0,0,0,71,-104,6,None
0,-2,1,-2,20,-11,0,-6,-3,0,0,0,71,-104,6,None
0,-3,-1,-2,-6,7,17,4,-1,0,0,0,71,-104,6,None
0,-3,-1,-2,-6,7,17,4,-1,0,0,0,71,-104,6,None
0,-3,-1,-2,-6,7,17,4,-1,0,0,0,69,-106,7,None
0,-1,3,9,-3,-2,-5,-3,-1,0,0,0,69,-106,7,None
0,0,-3,-6,4,0,-14,-4,-4,0,0,0,69,-106,7,None
0,0,2,0,-3,9,9,5,3,0,0,0,69,-106,7,None
0,-3,2,3,-16,-21,1,-2,-5,0,0,0,69,-106,7,None
0,-3,2,3,-16,-21,1,-2,-5,0,0,0,69,-106,7,None
0,-3,2,3,-16,-21,1,-2,-5,0,0,0,70,-105,8,None
0,0,2,-2,13,21,2,-2,-2,0,0,0,70,-105,8,None
0,-1,0,-9,-30,-19,2,-1,-1,0,0,0,70,-105,8,None
0,-2,2,-1,-7,-10,-5,0,0,0,0,0,70,-105,8,None
0,-1,-1,-6,-44,18,6,0,1,0,0,0,70,-105,8,None
0,-1,-1,-6,-44,18,6,0,1,0,0,0,70,-105,8,None
0,-1,-1,-6,-44,18,6,0,1,0,0,0,67,-102,12,None
0,-1,-1,-6,6,-12,-1,0,-1,0,0,0,67,-102,12,None
0,2,7,11,28,19,9,0,0,0,0,0,67,-102,12,None
0,-2,0,-10,2,-29,-2,0,-3,0,0,0,67,-102,12,None
0,0,-1,-4,25,8,-9,1,2,0,0,0,67,-102,12,None
0,0,-1,-4,25,8,-9,1,2,0,0,0,67,-102,12,None
0,0,-1,-4,25,8,-9,1,2,0,0,0,64,-92,16,None
0,-3,-1,-6,-84,0,0,-4,-4,0,0,0,64,-92,16,None
0,-3,-1,0,40,54,1,1,0,0,0,0,64,-92,16,None
0,2,3,6,40,-47,-4,-3,0,0,0,0,64,-92,16,None
0,-2,0,-4,-10,-1,-5,-1,-3,0,0,0,64,-92,16,None
0,-2,0,-4,-10,-1,-5,-1,-3,0,0,0,64,-92,16,None
0,-2,0,-4,-10,-1,-5,-1,-3,0,0,0,59,-86,20,None
0,3,2,6,31,-1,12,4,1,0,0,0,59,-86,20,None
0,-1,0,-3,-52,14,-5,-3,-2,0,0,0,59,-86,20,None
0,-4,-5,-9,-11,34,0,-4,-3,0,0,0,59,-86,20,None
0,-1,5,9,41,-12,-1,-5,-3,0,0,0,59,-86,20,None
0,-1,5,9,41,-12,-1,-5,-3,0,0,0,59,-86,20,None
0,-1,5,9,41,-12,-1,-5,-3,0,0,0,50,-83,21,None
0,-2,-2,-11,-24,-51,-8,5,-1,0,0,0,50,-83,21,None
0,-1,-2,-8,23,23,4,0,-1,0,0,0,50,-83,21,None
0,3,4,9,49,0,8,7,4,0,0,0,50,-83,21,None
0,-4,-2,-7,2,-64,-10,-6,-2,0,0,0,50,-83,21,None
0,-4,-2,-7,2,-64,-10,-6,-2,0,0,0,50,-83,21,None
0,-4,-2,-7,2,-64,-10,-6,-2,0,0,0,39,-81,20,None
0,-1,1,5,27,49,14,-2,1,0,0,0,39,-81,20,None
0,-2,0,-1,-7,-21,-6,-9,-5,0,0,0,39,-81,20,None
0,1,1,-2,34,32,11,5,2,0,0,0,39,-81,20,None
0,3,1,-4,-41,32,7,1,6,0,0,0,39,-81,20,None
0,3,1,-4,-41,32,7,1,6,0,0,0,39,-81,20,None
0,3,1,-4,-41,32,7,1,6,0,0,0,30,-78,24,None
0,-5,-2,-9,18,35,-18,-8,-15,0,0,0,30,-78,24,None
0,-1,0,1,-3,-64,-4,-6,-24,0,0,0,30,-78,24,None
0,-4,-2,6,21,14,5,5,13,0,0,0,30,-78,24,None
0,0,-2,-2,24,-5,-2,-2,-4,0,0,0,30,-78,24,None
0,0,-2,-2,24,-5,-2,-2,-4,0,0,0,30,-78,24,None
0,0,-2,-2,24,-5,-2,-2,-4,0,0,0,22,-74,25,None
0,0,0,-10,-58,-28,-8,-9,0,0,0,0,22,-74,25,None
0,0,-1,-3,21,44,0,10,9,0,0,0,22,-74,25,None
0,-1,-2,-7,-30,9,-12,-18,17,0,0,0,22,-74,25,None
0,0,1,2,-4,29,7,19,-18,0,0,0,22,-74,25,None
0,0,1,2,-4,29,7,19,-18,0,0,0,22,-74,25,None
0,0,1,2,-4,29,7,19,-18,0,0,0,15,-68,31,None
0,-4,-1,-3,24,-2,-3,-6,6,0,0,0,15,-68,31,None
0,0,1,0,14,-6,4,-2,-3,0,0,0,15,-68,31,None
0,-2,1,-2,-18,-23,-3,-6,-3,0,0,0,15,-68,31,None
0,-3,-1,-4,-3,14,-1,-10,2,0,0,0,15,-68,31,None
0,-3,-1,-4,-3,14,-1,-10,2,0,0,0,15,-68,31,None
0,-3,-1,-4,-3,14,-1,-10,2,0,0,0,7,-64,30,None
0,-2,-2,-8,-10,-18,-10,-1,-5,0,0,0,7,-64,30,None
0,0,0,-1,7,-10,2,1,19,0,0,0,7,-64,30,None
0,0,1,-2,-7,6,-8,-3,-1,0,0,0,7,-64,30,None
0,-1,2,3,13,1,-2,-8,-11,0,0,0,7,-64,30,None
0,-1,2,3,13,1,-2,-8,-11,0,0,0,7,-64,30,None
0,-1,2,3,13,1,-2,-8,-11,0,0,0,0,-58,32,None
0,-1,2,2,10,-30,-4,-2,10,0,0,0,0,-58,32,None
0,-2,-1,-8,-28,-7,-5,-13,-17,0,0,0,0,-58,32,None
0,1,3,-1,-17,18,12,20,-9,0,0,0,0,-58,32,None
0,1,0,0,4,-12,-1,4,34,0,0,0,0,-58,32,None
0,1,0,0,4,-12,-1,4,34,0,0,0,0,-58,32,None
0,1,0,0,4,-12,-1,4,34,0,0,0,-4,-50,35,None
0,1,-2,3,-19,76,-2,-11,-3,0,0,0,-4,-50,35,None
0,2,3,9,7,73,-3,23,-8,0,0,0,-4,-50,35,None
0,2,1,-4,29,-44,10,-15,15,0,0,0,-4,-50,35,None
0,-3,0,-8,-63,-30,-7,9,-13,0,0,0,-4,-50,35,None
0,-3,0,-8,-63,-30,-7,9,-13,0,0,0,-4,-50,35,None
0,-3,0,-8,-63,-30,-7,9,-13,0,0,0,-10,-42,39,None
0,0,1,-4,-4,-12,-3,0,2,0,0,0,-10,-42,39,None
0,-4,-2,-7,2,18,2,-9,-7,0,0,0,-10,-42,39,None
0,2,-5,-6,-23,-11,-7,-6,0,0,0,0,-10,-42,39,None
0,1,4,-1,9,17,6,7,2,0,0,0,-10,-42,39,None
0,1,4,-1,9,17,6,7,2,0,0,0,-10,-42,39,None
0,1,4,-1,9,17,6,7,2,0,0,0,-17,-32,37,None
0,-3,8,10,24,-25,-6,-3,3,0,0,0,-17,-32,37,None
0,-7,-3,-8,-7,44,-1,-4,-13,0,0,0,-17,-32,37,None
0,-2,1,-2,-29,-37,-9,-6,-10,0,0,0,-17,-32,37,None
0,-5,-6,-13,16,23,4,-11,-28,0,0,0,-17,-32,37,None
0,-5,-6,-13,16,23,4,-11,-28,0,0,0,-17,-32,37,None
0,-5,-6,-13,16,23,4,-11,-28,0,0,0,-24,-29,44,None
0,-7,-3,-2,-6,51,-8,-8,-5,0,0,0,-24,-29,44,None
0,1,4,2,17,-24,5,1,17,0,0,0,-24,-29,44,None
0,0,18,11,-11,-60,-8,20,-1,0,0,0,-24,-29,44,None
0,-2,-10,8,20,69,3,-28,-14,0,0,0,-24,-29,44,None
0,-2,-10,8,20,69,3,-28,-14,0,0,0,-24,-29,44,None
0,-2,-10,8,20,69,3,-28,-14,0,0,0,-29,-22,44,None
0,-1,2,3,7,50,0,31,24,0,0,0,-29,-22,44,None
0,-2,0,8,-3,-61,-12,-3,2,0,0,0,-29,-22,44,None
0,1,1,-21,-35,36,4,-9,1,0,0,0,-29,-22,44,None
0,5,-11,-8,30,26,11,-26,-13,0,0,0,-29,-22,44,None
0,5,-11,-8,30,26,11,-26,-13,0,0,0,-29,-22,44,None
0,5,-11,-8,30,26,11,-26,-13,0,0,0,-36,-14,47,None
0,-2,-1,-2,-54,-128,-12,37,-40,0,0,0,-36,-14,47,None
0,6,3,-10,35,106,25,4,21,0,0,0,-36,-14,47,None
0,-5,-12,-2,-29,-33,-1,-3,-7,0,0,0,-36,-14,47,None
0,-3,12,10,18,2,-11,2,8,0,0,0,-36,-14,47,None
0,-3,12,10,18,2,-11,2,8,0,0,0,-36,-14,47,None
0,-3,12,10,18,2,-11,2,8,0,0,0,-42,-8,50,None
0,-11,-15,-21,-12,-65,-5,-13,-30,0,0,0,-42,-8,50,None
0,5,7,-7,-2,-52,-1,-14,5,0,0,0,-42,-8,50,None
0,0,3,3,30,42,-11,7,-33,0,0,0,-42,-8,50,None
0,-6,-4,-11,-21,-20,6,7,18,0,0,0,-42,-8,50,None
0,-6,-4,-11,-21,-20,6,7,18,0,0,0,-42,-8,50,None
0,-6,-4,-11,-21,-20,6,7,18,0,0,0,-45,-4,51,None
0,-4,8,5,18,34,-9,-31,-16,0,0,0,-45,-4,51,None
0,0,-6,-1,-12,-66,-1,9,3,0,0,0,-45,-4,51,None
0,-3,-1,-1,37,127,3,2,13,0,0,0,-45,-4,51,None
0,-1,6,-5,-31,-89,-14,-1,5,0,0,0,-45,-4,51,None
0,-1,6,-5,-31,-89,-14,-1,5,0,0,0,-45,-4,51,None
0,-1,6,-5,-31,-89,-14,-1,5,0,0,0,-53,-2,58,None
0,6,0,-8,49,39,9,7,15,0,0,0,-53,-2,58,None
0,-3,1,3,3,-33,-9,-15,-18,0,0,0,-53,-2,58,None
0,-2,-7,-6,8,70,5,-8,-30,0,0,0,-53,-2,58,None
0,1,3,2,27,-40,11,24,17,0,0,0,-53,-2,58,None
0,1,3,2,27,-40,11,24,17,0,0,0,-53,-2,58,None
0,1,3,2,27,-40,11,24,17,0,0,0,-55,-5,64,None
0,2,4,-3,25,31,-2,-12,1,0,0,0,-55,-5,64,None
0,-3,0,-3,-41,4,-9,-3,4,0,0,0,-55,-5,64,None
0,-3,0,1,-22,12,7,-6,-1,0,0,0,-55,-5,64,None
0,-3,4,5,32,-73,-5,7,-4,0,0,0,-55,-5,64,None
0,-3,4,5,32,-73,-5,7,-4,0,0,0,-55,-5,64,None
0,-3,4,5,32,-73,-5,7,-4,0,0,0,-57,-6,66,None
0,1,7,3,-2,14,-2,-11,3,0,0,0,-57,-6,66,None
0,-2,-2,12,4,-29,-3,1,1,0,0,0,-57,-6,66,None
0,-6,-2,-6,-30,-44,-8,-4,-1,0,0,0,-57,-6,66,None
0,0,-1,-4,-17,11,12,8,-1,0,0,0,-57,-6,66,None
0,0,-1,-4,-17,11,12,8,-1,0,0,0,-57,-6,66,None
0,0,-1,-4,-17,11,12,8,-1,0,0,0,-61,-3,71,None
0,0,-5,2,41,73,2,-7,11,0,0,0,-61,-3,71,None
0,-3,-1,-6,-36,-30,-6,-12,-17,0,0,0,-61,-3,71,None
0,2,4,8,-10,-12,-7,17,15,0,0,0,-61,-3,71,None
0,-1,-2,-6,8,-14,-4,-8,-14,0,0,0,-61,-3,71,None
0,-1,-2,-6,8,-14,-4,-8,-14,0,0,0,-61,-3,71,None
0,-1,-2,-6,8,-14,-4,-8,-14,0,0,0,-62,-2,74,None
0,1,7,1,-10,-6,3,1,18,0,0,0,-62,-2,74,None
0,-3,-1,-7,15,40,-1,-2,0,0,0,0,-62,-2,74,None
0,-2,-3,-5,-26,-76,-13,-6,2,0,0,0,-62,-2,74,None
0,1,4,6,-20,53,3,-2,-5,0,0,0,-62,-2,74,None
0,1,4,6,-20,53,3,-2,-5,0,0,0,-62,-2,74,None
0,1,4,6,-20,53,3,-2,-5,0,0,0,-62,-11,80,None
0,-4,-3,-1,29,-35,-4,0,-6,0,0,0,-62,-11,80,None
0,-2,1,-8,-19,77,-5,-2,-3,0,0,0,-62,-11,80,None
0,1,2,3,10,10,12,-2,8,0,0,0,-62,-11,80,None
0,-2,0,-5,-10,-24,-12,-1,0,0,0,0,-62,-11,80,None
0,-2,0,-5,-10,-24,-12,-1,0,0,0,0,-62,-11,80,None
0,-2,0,-5,-10,-24,-12,-1,0,0,0,0,-61,-12,80,None
0,2,1,0,-10,-17,2,-6,-7,0,0,0,-61,-12,80,None
0,-5,-1,-1,26,-5,-4,2,-1,0,0,0,-61,-12,80,None
0,1,-2,-7,4,23,1,0,-2,0,0,0,-61,-12,80,None
0,-1,2,3,-14,20,-7,-5,2,0,0,0,-61,-12,80,None
0,-1,2,3,-14,20,-7,-5,2,0,0,0,-61,-12,80,None
0,-1,2,3,-14,20,-7,-5,2,0,0,0,-62,-7,78,None
0,0,-6,-5,-2,-38,-7,-1,-5,0,0,0,-62,-7,78,None
0,-1,13,9,4,-5,6,-1,1,0,0,0,-62,-7,78,None
0,0,-7,-13,-31,-2,4,0,-1,0,0,0,-62,-7,78,None
0,-4,-5,3,17,10,4,-4,-3,0,0,0,-62,-7,78,None
0,-4,-5,3,17,10,4,-4,-3,0,0,0,-62,-7,78,None
0,-4,-5,3,17,10,4,-4,-3,0,0,0,-63,-10,81,None
0,-3,0,-11,-6,18,-3,-2,-2,0,0,0,-63,-10,81,None
0,3,-4,1,-9,-26,-7,5,2,0,0,0,-63,-10,81,None
0,-7,5,1,-1,14,1,-8,-9,0,0,0,-63,-10,81,None
0,-5,9,5,1,11,-15,-9,-7,0,0,0,-63,-10,81,None
0,-5,9,5,1,11,-15,-9,-7,0,0,0,-63,-10,81,None
0,-5,9,5,1,11,-15,-9,-7,0,0,0,-65,-13,84,None
0,0,-21,-14,-32,10,12,3,4,0,0,0,-65,-13,84,None
0,1,8,6,25,-4,-2,-4,-2,0,0,0,-65,-13,84,None
0,-1,3,-7,10,21,3,2,-3,0,0,0,-65,-13,84,None
0,1,-3,-4,-5,16,-2,-1,3,0,0,0,-65,-13,84,None
0,1,-3,-4,-5,16,-2,-1,3,0,0,0,-65,-13,84,None
0,1,-3,-4,-5,16,-2,-1,3,0,0,0,-66,-9,85,None
0,-2,7,2,17,-1,5,4,0,0,0,0,-66,-9,85,None
0,-3,-1,-5,-25,-13,-9,-5,-4,0,0,0,-66,-9,85,None
0,2,4,11,37,-23,-3,-5,-1,0,0,0,-66,-9,85,None
0,-5,3,-9,35,21,-4,-4,-5,0,0,0,-66,-9,85,None
0,-5,3,-9,35,21,-4,-4,-5,0,0,0,-66,-9,85,None
0,-5,3,-9,35,21,-4,-4,-5,0,0,0,-66,-5,89,None
0,3,-2,-18,-67,-53,5,2,1,0,0,0,-66,-5,89,None
0,-3,-8,0,2,22,6,4,2,0,0,0,-66,-5,89,None
0,-3,7,8,14,-4,-7,-4,-4,0,0,0,-66,-5,89,None
0,-2,-5,-7,-9,1,-1,-3,-1,0,0,0,-66,-5,89,None
0,-2,-5,-7,-9,1,-1,-3,-1,0,0,0,-66,-5,89,None
0,-2,-5,-7,-9,1,-1,-3,-1,0,0,0,-66,-7,94,None
0,0,3,3,9,16,1,0,-2,0,0,0,-66,-7,94,None
0,1,1,0,0,-14,3,0,0,0,0,0,-66,-7,94,None
0,-1,1,-4,-1,-14,-8,-6,-6,0,0,0,-66,-7,94,None
0,-3,-8,7,-6,16,2,-1,-3,0,0,0,-66,-7,94,None
0,-3,-8,7,-6,16,2,-1,-3,0,0,0,-66,-7,94,None
0,-3,-8,7,-6,16,2,-1,-3,0,0,0,-69,-8,99,None
0,-2,-16,12,-2,22,6,2,6,0,0,0,-69,-8,99,None
0,-2,0,-7,1,-11,-5,-3,-2,0,0,0,-69,-8,99,None
0,-2,8,-15,16,-5,-6,-7,-5,0,0,0,-69,-8,99,None
0,-11,29,12,-4,-23,-23,-19,-18,0,0,0,-69,-8,99,None
0,-11,29,12,-4,-23,-23,-19,-18,0,0,0,-69,-8,99,None
0,-11,29,12,-4,-23,-23,-19,-18,0,0,0,-69,0,99,None
0,22,-56,-9,39,70,40,33,30,0,0,0,-69,0,99,None
0,-2,-10,12,-9,4,5,1,3,0,0,0,-69,0,99,None
0,2,-3,7,-5,3,1,-2,-2,0,0,0,-69,0,99,None
0,5,1,5,-15,14,7,2,3,0,0,0,-69,0,99,None
0,5,1,5,-15,14,7,2,3,0,0,0,-69,0,99,None
0,5,1,5,-15,14,7,2,3,0,0,0,-72,5,94,None
0,-7,64,12,26,-22,-27,-22,-25,0,0,0,-72,5,94,None
0,-7,13,-58,-17,-18,-9,-5,-6,0,0,0,-72,5,94,None
0,8,-37,13,46,58,29,25,24,0,0,0,-72,5,94,None
0,0,17,27,-56,-6,3,1,3,0,0,0,-72,5,94,None
0,0,17,27,-56,-6,3,1,3,0,0,0,-72,5,94,None
0,0,17,27,-56,-6,3,1,3,0,0,0,-75,8,91,None
0,4,-14,80,24,7,2,-5,-15,0,0,0,-75,8,91,None
0,-3,-1,-53,25,4,-1,10,13,0,0,0,-75,8,91,None
0,-6,16,40,-27,24,-7,-14,-20,0,0,0,-75,8,91,None
0,0,-8,-2,43,8,6,17,11,0,0,0,-75,8,91,None
0,0,-8,-2,43,8,6,17,11,0,0,0,-75,8,91,None
0,0,-8,-2,43,8,6,17,11,0,0,0,-75,11,88,None
0,-7,10,-23,-41,-8,-8,-19,-14,0,0,0,-75,11,88,None
0,4,19,17,-23,-12,-8,6,26,0,0,0,-75,11,88,None
0,0,-4,-16,-66,-17,-7,-9,25,0,0,0,-75,11,88,None
0,0,-5,-33,-28,-11,-9,4,-39,0,0,0,-75,11,88,None
0,0,-5,-33,-28,-11,-9,4,-39,0,0,0,-75,11,88,None
0,0,-5,-33,-28,-11,-9,4,-39,0,0,0,-80,6,80,None
0,-9,14,-9,-4,1,-9,-24,0,0,0,0,-80,6,80,None
0,10,-12,14,28,19,7,-17,41,0,0,0,-80,6,80,None
0,-17,-3,-32,10,-37,-12,25,27,0,0,0,-80,6,80,None
0,2,-4,7,22,-6,-2,16,-25,0,0,0,-80,6,80,None
0,2,-4,7,22,-6,-2,16,-25,0,0,0,-80,6,80,None
0,2,-4,7,22,-6,-2,16,-25,0,0,0,-77,-16,69,None
0,-7,11,-44,7,8,7,-1,-22,0,0,0,-77,-16,69,None
0,-6,-1,3,20,-9,-5,-10,-3,0,0,0,-77,-16,69,None
0,2,25,-3,17,-7,-14,-30,-24,0,0,0,-77,-16,69,None
0,0,0,36,-1,-7,1,-13,9,0,0,0,-77,-16,69,None
0,0,0,36,-1,-7,1,-13,9,0,0,0,-77,-16,69,None
0,0,0,36,-1,-7,1,-13,9,0,0,0,-64,-41,62,None
0,-2,-13,-26,0,7,-13,6,10,0,0,0,-64,-41,62,None
0,9,0,80,3,28,17,7,-25,0,0,0,-64,-41,62,None
0,0,21,17,1,4,3,-10,-20,0,0,0,-64,-41,62,None
0,0,-12,9,-46,-22,5,6,13,0,0,0,-64,-41,62,None
0,0,-12,9,-46,-22,5,6,13,0,0,0,-64,-41,62,None
0,0,-12,9,-46,-22,5,6,13,0,0,0,-41,-27,62,None
0,2,3,3,4,14,-3,-10,-16,0,0,0,-41,-27,62,None
0,4,-1,11,-56,-55,-11,0,35,0,0,0,-41,-27,62,None
0,-4,14,-30,62,25,-7,9,-68,0,0,0,-41,-27,62,None
0,6,-27,30,58,-17,9,-1,28,0,0,0,-41,-27,62,None
0,6,-27,30,58,-17,9,-1,28,0,0,0,-41,-27,62,None
0,6,-27,30,58,-17,9,-1,28,0,0,0,-13,-50,50,None
0,-6,13,19,84,-21,-5,-1,-33,0,0,0,-13,-50,50,None
0,-5,3,0,83,37,3,25,-10,0,0,0,-13,-50,50,None
0,-2,-8,-20,80,-25,-7,-9,14,0,0,0,-13,-50,50,None
0,-2,9,-41,53,17,-11,-26,-13,0,0,0,-13,-50,50,None
0,-2,9,-41,53,17,-11,-26,-13,0,0,0,-13,-50,50,None
0,-2,9,-41,53,17,-11,-26,-13,0,0,0,21,-79,31,None
0,1,6,36,-63,7,6,17,26,0,0,0,21,-79,31,None
0,-7,-13,-19,-55,-27,-5,-3,-16,0,0,0,21,-79,31,None
0,0,-5,-20,-62,29,2,0,8,0,0,0,21,-79,31,None
0,8,8,22,-88,36,11,9,11,0,0,0,21,-79,31,None
0,8,8,22,-88,36,11,9,11,0,0,0,21,-79,31,None
0,8,8,22,-88,36,11,9,11,0,0,0,12,-77,43,None
0,0,-7,-36,-61,-29,5,-1,7,0,0,0,12,-77,43,None
0,0,3,10,-17,-1,-2,-5,11,0,0,0,12,-77,43,None
0,0,4,50,-50,2,12,1,-19,0,0,0,12,-77,43,None
0,-13,-10,-83,-40,-11,-10,-18,-12,0,0,0,12,-77,43,None
0,-13,-10,-83,-40,-11,-10,-18,-12,0,0,0,12,-77,43,None
0,-13,-10,-83,-40,-11,-10,-18,-12,0,0,0,-11,-51,44,None
0,-3,3,-5,38,-29,-5,-4,7,0,0,0,-11,-51,44,None
0,-6,-1,-15,13,19,0,-6,-14,0,0,0,-11,-51,44,None
0,2,-11,-16,-34,-10,0,-14,-10,0,0,0,-11,-51,44,None
0,-1,-11,-4,58,30,1,8,4,0,0,0,-11,-51,44,None
0,-1,-11,-4,58,30,1,8,4,0,0,0,-11,-51,44,None
0,-1,-11,-4,58,30,1,8,4,0,0,0,-26,-48,43,None
0,1,-5,-4,0,1,-5,6,20,0,0,0,-26,-48,43,None
0,-4,-5,-14,-22,-8,-2,-11,-27,0,0,0,-26,-48,43,None
0,-3,-10,-34,6,23,2,-3,-10,0,0,0,-26,-48,43,None
0,1,7,-8,12,9,-1,13,6,0,0,0,-26,-48,43,None
0,1,7,-8,12,9,-1,13,6,0,0,0,-26,-48,43,None
0,1,7,-8,12,9,-1,13,6,0,0,0,-47,-59,52,None
0,-3,-10,7,-3,13,-2,3,9,0,0,0,-47,-59,52,None
0,-2,0,10,-5,5,3,-6,-18,0,0,0,-47,-59,52,None
0,-2,4,-39,20,-39,-7,-3,2,0,0,0,-47,-59,52,None
0,2,5,54,-9,14,1,-2,7,0,0,0,-47,-59,52,None
0,2,5,54,-9,14,1,-2,7,0,0,0,-47,-59,52,None
0,2,5,54,-9,14,1,-2,7,0,0,0,-52,-75,56,None
0,-1,-5,50,-19,17,3,1,-20,0,0,0,-52,-75,56,None
0,-1,5,2,56,7,3,-2,-18,0,0,0,-52,-75,56,None
0,0,-7,7,7,-25,-9,1,27,0,0,0,-52,-75,56,None
0,-5,4,-20,-4,60,4,-1,-30,0,0,0,-52,-75,56,None
0,-5,4,-20,-4,60,4,-1,-30,0,0,0,-52,-75,56,None
0,-5,4,-20,-4,60,4,-1,-30,0,0,0,-59,-82,57,None
0,1,16,-27,14,-3,-10,-6,6,0,0,0,-59,-82,57,None
0,-1,-1,-23,26,-7,0,0,-8,0,0,0,-59,-82,57,None
0,1,-1,31,-15,6,13,7,8,0,0,0,-59,-82,57,None
0,3,10,6,3,-17,-7,-4,22,0,0,0,-59,-82,57,None
0,3,10,6,3,-17,-7,-4,22,0,0,0,-59,-82,57,None
0,3,10,6,3,-17,-7,-4,22,0,0,0,-67,-77,60,None
0,-3,-5,-16,31,-4,-2,0,-13,0,0,0,-67,-77,60,None
0,-3,0,-17,-6,19,-3,-5,-6,0,0,0,-67,-77,60,None
0,-5,-7,-6,-24,-26,-6,-6,-22,0,0,0,-67,-77,60,None
0,0,0,-16,38,-19,-3,3,9,0,0,0,-67,-77,60,None
0,0,0,-16,38,-19,-3,3,9,0,0,0,-67,-77,60,None
0,0,0,-16,38,-19,-3,3,9,0,0,0,-67,-73,61,None
0,-2,-3,-5,-6,-9,2,-1,8,0,0,0,-67,-73,61,None
0,0,1,10,-1,37,0,3,1,0,0,0,-67,-73,61,None
0,3,1,1,23,11,2,1,9,0,0,0,-67,-73,61,None
0,-6,-2,-2,10,-11,-4,-4,-11,0,0,0,-67,-73,61,None
0,-6,-2,-2,10,-11,-4,-4,-11,0,0,0,-67,-73,61,None
0,-6,-2,-2,10,-11,-4,-4,-11,0,0,0,-63,-69,59,None
0,-1,2,-5,-9,-16,-4,-3,-1,0,0,0,-63,-69,59,None
0,-2,-2,1,-3,-43,-5,-5,-9,0,0,0,-63,-69,59,None
0,0,-1,5,-2,9,1,-2,4,0,0,0,-63,-69,59,None
0,-2,2,-36,-8,-32,-4,0,7,0,0,0,-63,-69,59,None
0,-2,2,-36,-8,-32,-4,0,7,0,0,0,-63,-69,59,None
0,-2,2,-36,-8,-32,-4,0,7,0,0,0,-59,-72,58,None
0,-1,6,-21,2,38,2,-5,-7,0,0,0,-59,-72,58,None
0,-2,11,1,-10,-12,-6,-4,-3,0,0,0,-59,-72,58,None
0,2,5,9,7,9,-1,0,-3,0,0,0,-59,-72,58,None
0,2,17,10,2,-13,-1,-2,11,0,0,0,-59,-72,58,None
0,2,17,10,2,-13,-1,-2,11,0,0,0,-59,-72,58,None
0,2,17,10,2,-13,-1,-2,11,0,0,0,-58,-71,57,None
0,0,-8,6,40,40,0,-1,3,0,0,0,-58,-71,57,None
0,-4,-2,-9,-18,-7,-4,-4,-13,0,0,0,-58,-71,57,None
0,2,-1,-2,2,6,2,2,13,0,0,0,-58,-71,57,None
0,-2,0,-20,3,6,2,-3,-14,0,0,0,-58,-71,57,None
0,-2,0,-20,3,6,2,-3,-14,0,0,0,-58,-71,57,None
0,-2,0,-20,3,6,2,-3,-14,0,0,0,-55,-68,55,None
0,-2,0,-6,-5,-24,-4,-1,8,0,0,0,-55,-68,55,None
0,1,1,24,-3,25,3,3,-7,0,0,0,-55,-68,55,None
0,-2,-3,8,8,-11,1,-2,-20,0,0,0,-55,-68,55,None
0,-2,-12,-5,-4,-2,-1,-1,16,0,0,0,-55,-68,55,None
0,-2,-12,-5,-4,-2,-1,-1,16,0,0,0,-55,-68,55,None
0,-2,-12,-5,-4,-2,-1,-1,16,0,0,0,-53,-64,54,None
0,0,3,-1,-14,-5,3,-4,-6,0,0,0,-53,-64,54,None
0,-1,-6,-5,5,-8,-4,0,8,0,0,0,-53,-64,54,None
0,-1,1,-7,-29,2,-1,0,4,0,0,0,-53,-64,54,None
0,-1,-3,0,20,-17,-1,-4,-8,0,0,0,-53,-64,54,None
0,-1,-3,0,20,-17,-1,-4,-8,0,0,0,-53,-64,54,None
0,-1,-3,0,20,-17,-1,-4,-8,0,0,0,-51,-62,54,None
0,-1,-1,2,-4,52,2,1,-5,0,0,0,-51,-62,54,None
0,-1,-2,-17,22,-29,2,0,2,0,0,0,-51,-62,54,None
0,-1,-1,4,-14,4,-5,-1,8,0,0,0,-51,-62,54,None
0,-4,-1,-6,-32,2,0,-5,-12,0,0,0,-51,-62,54,None
0,-4,-1,-6,-32,2,0,-5,-12,0,0,0,-51,-62,54,None
0,-4,-1,-6,-32,2,0,-5,-12,0,0,0,-50,-65,55,None
0,0,0,-3,-17,-19,-3,0,-6,0,0,0,-50,-65,55,None
0,-2,-5,-3,11,7,-2,-1,9,0,0,0,-50,-65,55,None
0,-3,-1,-2,13,25,-2,-8,-18,0,0,0,-50,-65,55,None
0,-1,-2,-24,2,-10,0,6,10,0,0,0,-50,-65,55,None
0,-1,-2,-24,2,-10,0,6,10,0,0,0,-50,-65,55,None
0,-1,-2,-24,2,-10,0,6,10,0,0,0,-51,-66,56,None
0,-2,5,-10,30,-9,-4,-6,-4,0,0,0,-51,-66,56,None
0,-2,-6,-8,3,14,0,2,0,0,0,0,-51,-66,56,None
0,-1,1,-8,5,-16,1,-1,-2,0,0,0,-51,-66,56,None
0,1,2,4,4,24,-3,-5,-5,0,0,0,-51,-66,56,None
0,1,2,4,4,24,-3,-5,-5,0,0,0,-51,-66,56,None
0,1,2,4,4,24,-3,-5,-5,0,0,0,-52,-66,55,None
0,-2,1,-8,8,-22,-5,-1,-5,0,0,0,-52,-66,55,None
0,-1,5,-5,-19,7,-1,-5,-7,0,0,0,-52,-66,55,None
0,-1,-4,3,3,-2,2,3,9,0,0,0,-52,-66,55,None
0,-3,-4,-7,-7,5,0,-2,-6,0,0,0,-52,-66,55,None
0,-3,-4,-7,-7,5,0,-2,-6,0,0,0,-52,-66,55,None
0,-3,-4,-7,-7,5,0,-2,-6,0,0,0,-51,-63,54,None
0,0,-2,2,-10,-14,-1,-1,2,0,0,0,-51,-63,54,None
0,0,1,2,-1,10,-1,-2,-2,0,0,0,-51,-63,54,None
0,-2,-1,-2,8,13,-3,1,5,0,0,0,-51,-63,54,None
0,-2,2,9,3,3,-4,-1,-1,0,0,0,-51,-63,54,None
0,-2,2,9,3,3,-4,-1,-1,0,0,0,-51,-63,54,None
0,-2,2,9,3,3,-4,-1,-1,0,0,0,-51,-63,56,None
0,-2,-2,-5,-2,-6,6,-1,-6,0,0,0,-51,-63,56,None
0,-2,-1,-3,0,-11,-5,-3,-2,0,0,0,-51,-63,56,None
0,-1,2,-4,5,4,-2,2,4,0,0,0,-51,-63,56,None
0,-1,-2,4,2,-12,1,-3,-6,0,0,0,-51,-63,56,None
0,-1,-2,4,2,-12,1,-3,-6,0,0,0,-51,-63,56,None
0,-1,-2,4,2,-12,1,-3,-6,0,0,0,-48,-61,55,None
0,-1,-1,2,-11,26,0,-2,-2,0,0,0,-48,-61,55,None
0,-2,-3,-7,2,3,-6,-3,-2,0,0,0,-48,-61,55,None
0,0,2,2,2,-2,6,3,4,0,0,0,-48,-61,55,None
0,0,1,4,7,4,0,-2,-2,0,0,0,-48,-61,55,None
0,0,1,4,7,4,0,-2,-2,0,0,0,-48,-61,55,None
0,0,1,4,7,4,0,-2,-2,0,0,0,-42,-59,54,None
0,1,0,-3,7,-11,-4,-1,0,0,0,0,-42,-59,54,None
0,0,-1,-3,4,1,-2,-2,-2,0,0,0,-42,-59,54,None
0,-2,-1,-3,-4,-1,-10,-2,-2,0,0,0,-42,-59,54,None
0,-1,-1,-1,-2,5,3,-6,-4,0,0,0,-42,-59,54,None
0,-1,-1,-1,-2,5,3,-6,-4,0,0,0,-42,-59,54,None
0,-1,-1,-1,-2,5,3,-6,-4,0,0,0,-36,-57,53,None
0,-2,0,-1,-14,-2,-1,1,-1,0,0,0,-36,-57,53,None
0,-2,-1,-2,-2,-2,-2,5,-1,0,0,0,-36,-57,53,None
0,-1,1,1,2,-2,2,-3,2,0,0,0,-36,-57,53,None
0,-2,-2,-2,2,6,-1,2,-1,0,0,0,-36,-57,53,None
0,-2,-2,-2,2,6,-1,2,-1,0,0,0,-36,-57,53,None
0,-2,-2,-2,2,6,-1,2,-1,0,0,0,-27,-55,50,None
0,-3,1,0,0,-6,0,-3,-1,0,0,0,-27,-55,50,None
0,1,2,0,6,1,5,-1,-1,0,0,0,-27,-55,50,None
0,0,0,-7,-3,2,-5,1,1,0,0,0,-27,-55,50,None
0,-1,1,4,-2,3,0,-3,-2,0,0,0,-27,-55,50,None
0,-1,1,4,-2,3,0,-3,-2,0,0,0,-27,-55,50,None
0,-1,1,4,-2,3,0,-3,-2,0,0,0,-17,-51,47,None
0,-3,0,-4,8,-4,-2,-2,-1,0,0,0,-17,-51,47,None
0,-1,0,-6,-2,-4,-4,-2,-3,0,0,0,-17,-51,47,None
0,-1,0,-5,-1,1,3,-2,0,0,0,0,-17,-51,47,None
0,-1,-1,1,11,-1,-7,-5,-3,0,0,0,-17,-51,47,None
0,-1,-1,1,11,-1,-7,-5,-3,0,0,0,-17,-51,47,None
0,-1,-1,1,11,-1,-7,-5,-3,0,0,0,-12,-52,44,None
0,1,3,1,-3,-6,-3,-3,-2,0,0,0,-12,-52,44,None
0,-4,-2,-2,-7,2,0,0,-2,0,0,0,-12,-52,44,None
0,0,1,-4,9,4,5,0,-1,0,0,0,-12,-52,44,None
0,-1,5,4,12,0,0,-5,-6,0,0,0,-12,-52,44,None
0,-1,5,4,12,0,0,-5,-6,0,0,0,-12,-52,44,None
0,-1,5,4,12,0,0,-5,-6,0,0,0,-11,-55,39,None
0,-2,-2,1,-11,-1,-9,0,-1,0,0,0,-11,-55,39,None
0,1,0,-13,0,-1,10,11,29,0,0,0,-11,-55,39,None
0,-3,-2,10,15,-2,-22,-4,-16,0,0,0,-11,-55,39,None
0,-2,3,-15,-5,5,24,5,5,0,0,0,-11,-55,39,None
0,-2,3,-15,-5,5,24,5,5,0,0,0,-11,-55,39,None
0,-2,3,-15,-5,5,24,5,5,0,0,0,-9,-51,33,None
0,2,-4,-11,-7,-2,-10,-8,-11,0,0,0,-9,-51,33,None
0,1,3,2,-8,0,-2,-5,12,0,0,0,-9,-51,33,None
0,-2,1,-4,0,1,2,5,-6,0,0,0,-9,-51,33,None
0,-1,1,1,-19,0,-10,-4,0,0,0,0,-9,-51,33,None
0,-1,1,1,-19,0,-10,-4,0,0,0,0,-9,-51,33,None
0,-1,1,1,-19,0,-10,-4,0,0,0,0,-9,-56,32,None
0,0,2,5,1,0,2,2,1,0,0,0,-9,-56,32,None
0,0,1,-3,14,2,3,-7,-14,0,0,0,-9,-56,32,None
0,-1,1,-4,-11,-1,0,0,15,0,0,0,-9,-56,32,None
0,-3,-4,-2,0,1,-6,-4,-14,0,0,0,-9,-56,32,None
0,-3,-4,-2,0,1,-6,-4,-14,0,0,0,-9,-56,32,None
0,-3,-4,-2,0,1,-6,-4,-14,0,0,0,-13,-58,31,None
0,0,0,-3,9,-1,2,1,6,0,0,0,-13,-58,31,None
0,-2,-1,0,1,-1,-6,-1,-9,0,0,0,-13,-58,31,None
0,-3,0,-3,-6,2,3,-4,-7,0,0,0,-13,-58,31,None
0,0,-1,0,8,-1,-4,1,6,0,0,0,-13,-58,31,None
0,0,-1,0,8,-1,-4,1,6,0,0,0,-13,-58,31,None
0,0,-1,0,8,-1,-4,1,6,0,0,0,-20,-54,20,None
0,0,1,-1,6,0,2,0,2,0,0,0,-20,-54,20,None
0,-1,0,0,-3,-1,-6,-3,-10,0,0,0,-20,-54,20,None
0,-2,0,-3,-4,1,0,-5,-5,0,0,0,-20,-54,20,None
0,0,-1,-2,4,1,1,0,4,0,0,0,-20,-54,20,None
0,0,-1,-2,4,1,1,0,4,0,0,0,-20,-54,20,None
0,0,-1,-2,4,1,1,0,4,0,0,0,-27,-44,17,None
0,-2,1,1,-11,1,1,2,-3,0,0,0,-27,-44,17,None
0,-2,0,2,-7,-1,1,-5,-8,0,0,0,-27,-44,17,None
0,1,2,-3,3,0,2,1,4,0,0,0,-27,-44,17,None
0,-1,0,-2,2,0,-3,-1,0,0,0,0,-27,-44,17,None
0,-1,0,-2,2,0,-3,-1,0,0,0,0,-27,-44,17,None
0,-1,0,-2,2,0,-3,-1,0,0,0,0,-35,-59,26,None
0,-3,0,-3,-7,2,4,-1,-2,0,0,0,-35,-59,26,None
0,-1,0,-1,1,-1,0,0,-4,0,0,0,-35,-59,26,None
0,-2,0,0,2,0,-1,0,3,0,0,0,-35,-59,26,None
0,-2,0,-2,-6,0,-5,-1,-4,0,0,0,-35,-59,26,None
0,-2,0,-2,-6,0,-5,-1,-4,0,0,0,-35,-59,26,None
0,-2,0,-2,-6,0,-5,-1,-4,0,0,0,-44,-67,36,None
0,-1,1,-1,-9,-1,-1,-3,-4,0,0,0,-44,-67,36,None
0,-2,0,-1,5,4,6,1,3,0,0,0,-44,-67,36,None
0,-1,-1,-1,1,-2,-2,-2,0,0,0,0,-44,-67,36,None
0,0,0,-2,-5,-1,-6,-4,-4,0,0,0,-44,-67,36,None
0,0,0,-2,-5,-1,-6,-4,-4,0,0,0,-44,-67,36,None
0,0,0,-2,-5,-1,-6,-4,-4,0,0,0,-55,-68,40,None
0,-1,0,-4,4,0,-2,-1,1,0,0,0,-55,-68,40,None
0,-3,1,-2,7,-2,-7,-4,-6,0,0,0,-55,-68,40,None
0,0,0,-5,-4,1,1,0,3,0,0,0,-55,-68,40,None
0,-2,0,-3,-1,1,6,1,1,0,0,0,-55,-68,40,None
0,-2,0,-3,-1,1,6,1,1,0,0,0,-55,-68,40,None
0,-2,0,-3,-1,1,6,1,1,0,0,0,-60,-67,46,None
0,-1,1,-2,2,-1,-1,-1,0,0,0,0,-60,-67,46,None
0,0,0,-2,-7,-2,-1,0,-2,0,0,0,-60,-67,46,None
0,-1,0,0,-11,0,-1,-4,-4,0,0,0,-60,-67,46,None
0,-1,0,-2,-3,-2,-4,-2,-3,0,0,0,-60,-67,46,None
0,-1,0,-2,-3,-2,-4,-2,-3,0,0,0,-60,-67,46,None
0,-1,0,-2,-3,-2,-4,-2,-3,0,0,0,-61,-65,56,None
0,0,0,-2,4,1,1,-1,1,0,0,0,-61,-65,56,None
0,-1,0,-3,0,0,-2,-2,0,0,0,0,-61,-65,56,None
0,-2,0,0,4,1,1,-1,-1,0,0,0,-61,-65,56,None
0,-1,-3,-1,12,0,-6,1,-1,0,0,0,-61,-65,56,None
0,-1,-3,-1,12,0,-6,1,-1,0,0,0,-61,-65,56,None
0,-1,-3,-1,12,0,-6,1,-1,0,0,0,-62,-60,53,None
0,-1,-1,-3,-3,1,1,-1,-2,0,0,0,-62,-60,53,None
0,-2,2,0,-9,-2,-2,-5,-4,0,0,0,-62,-60,53,None
0,-1,-1,-4,6,2,3,5,2,0,0,0,-62,-60,53,None
0,-1,0,0,-3,-2,-5,-4,-3,0,0,0,-62,-60,53,None
0,-1,0,0,-3,-2,-5,-4,-3,0,0,0,-62,-60,53,None
0,-1,0,0,-3,-2,-5,-4,-3,0,0,0,-55,-60,41,None
0,-3,1,-1,-12,-1,0,1,-3,0,0,0,-55,-60,41,None
0,1,2,-1,-1,1,0,-3,0,0,0,0,-55,-60,41,None
0,-1,1,-3,4,-2,-3,-2,-1,0,0,0,-55,-60,41,None
0,-1,0,-1,-7,3,0,-1,-2,0,0,0,-55,-60,41,None
0,-1,0,-1,-7,3,0,-1,-2,0,0,0,-55,-60,41,None
0,-1,0,-1,-7,3,0,-1,-2,0,0,0,-40,-60,46,None
0,-1,2,-2,-14,-5,-1,-1,-1,0,0,0,-40,-60,46,None
0,-2,-1,0,25,2,-4,-2,-4,0,0,0,-40,-60,46,None
0,0,0,1,-1,-2,1,-1,0,0,0,0,-40,-60,46,None
0,-3,-2,1,15,16,6,1,-1,0,0,0,-40,-60,46,None
0,-3,-2,1,15,16,6,1,-1,0,0,0,-40,-60,46,None
0,-3,-2,1,15,16,6,1,-1,0,0,0,-22,-84,51,None
0,-2,1,-2,-10,0,-1,-3,-2,0,0,0,-22,-84,51,None
0,-2,0,-4,-10,-10,-4,0,-2,0,0,0,-22,-84,51,None
0,-1,0,-1,-2,2,-4,-2,-3,0,0,0,-22,-84,51,None
0,-1,2,1,19,-1,-2,-2,-2,0,0,0,-22,-84,51,None
0,-1,2,1,19,-1,-2,-2,-2,0,0,0,-22,-84,51,None
0,-1,2,1,19,-1,-2,-2,-2,0,0,0,-7,-103,42,None
0,-1,-1,-2,1,-18,-2,0,0,0,0,0,-7,-103,42,None
0,-1,-3,-7,-7,11,1,0,-2,0,0,0,-7,-103,42,None
0,0,1,2,8,17,4,-4,-1,0,0,0,-7,-103,42,None
0,-2,-2,-7,17,-3,-2,-1,-1,0,0,0,-7,-103,42,None
0,-2,-2,-7,17,-3,-2,-1,-1,0,0,0,-7,-103,42,None
0,-2,-2,-7,17,-3,-2,-1,-1,0,0,0,5,-112,32,None
0,0,1,7,38,0,-1,-3,-2,0,0,0,5,-112,32,None
0,-2,0,-17,-46,-24,-17,-4,-3,0,0,0,5,-112,32,None
0,-3,-3,-4,16,-8,14,0,-3,0,0,0,5,-112,32,None
0,1,5,10,-39,-1,-3,0,1,0,0,0,5,-112,32,None
0,1,5,10,-39,-1,-3,0,1,0,0,0,5,-112,32,None
0,1,5,10,-39,-1,-3,0,1,0,0,0,19,-122,39,None
0,-1,2,17,43,11,-1,-1,-3,0,0,0,19,-122,39,None
0,-3,-6,-40,-21,34,4,-5,-4,0,0,0,19,-122,39,None
0,-3,-3,-8,-22,-60,-9,-5,-2,0,0,0,19,-122,39,None
0,-1,0,4,25,-2,5,2,1,0,0,0,19,-122,39,None
0,-1,0,4,25,-2,5,2,1,0,0,0,19,-122,39,None
0,-1,0,4,25,-2,5,2,1,0,0,0,25,-122,45,None
0,-1,0,5,58,35,-11,-4,-1,0,0,0,25,-122,45,None
0,0,-1,7,27,-23,-5,1,2,0,0,0,25,-122,45,None
0,1,6,15,89,31,-6,-3,-1,0,0,0,25,-122,45,None
0,-5,-7,-56,-102,-31,-3,-6,-6,0,0,0,25,-122,45,None
0,-5,-7,-56,-102,-31,-3,-6,-6,0,0,0,25,-122,45,None
0,-5,-7,-56,-102,-31,-3,-6,-6,0,0,0,27,-99,35,None
0,-2,-2,12,-9,-33,-5,1,-1,0,0,0,27,-99,35,None
0,2,4,8,16,44,3,0,0,0,0,0,27,-99,35,None
0,-2,0,-3,-22,105,5,-3,0,0,0,0,27,-99,35,None
0,-2,2,38,29,-52,5,3,0,0,0,0,27,-99,35,None
0,-2,2,38,29,-52,5,3,0,0,0,0,27,-99,35,None
0,-2,2,38,29,-52,5,3,0,0,0,0,35,-98,23,None
0,2,-3,-37,53,63,-2,-3,-1,0,0,0,35,-98,23,None
0,-1,3,20,43,-87,-4,0,-3,0,0,0,35,-98,23,None
0,-1,-2,-13,-8,-33,3,0,0,0,0,0,35,-98,23,None
0,-1,-1,-4,-32,76,-4,-1,1,0,0,0,35,-98,23,None
0,-1,-1,-4,-32,76,-4,-1,1,0,0,0,35,-98,23,None
0,-1,-1,-4,-32,76,-4,-1,1,0,0,0,38,-113,16,None
0,-2,0,-13,-38,-98,-2,-3,-1,0,0,0,38,-113,16,None
0,-1,2,22,58,96,2,1,-2,0,0,0,38,-113,16,None
0,-3,-5,-17,53,-45,-12,-7,-5,0,0,0,38,-113,16,None
0,2,0,-6,-30,-64,-5,-5,2,0,0,0,38,-113,16,None
0,2,0,-6,-30,-64,-5,-5,2,0,0,0,38,-113,16,None
0,2,0,-6,-30,-64,-5,-5,2,0,0,0,40,-121,23,None
0,2,6,-5,13,45,18,10,1,0,0,0,40,-121,23,None
0,-1,-1,-2,-3,87,7,1,0,0,0,0,40,-121,23,None
0,-3,-3,-37,-40,-43,-10,-2,-4,0,0,0,40,-121,23,None
0,1,3,7,63,40,3,-1,-3,0,0,0,40,-121,23,None
0,1,3,7,63,40,3,-1,-3,0,0,0,40,-121,23,None
0,1,3,7,63,40,3,-1,-3,0,0,0,43,-126,17,None
0,-5,-3,1,29,26,-4,-3,-4,0,0,0,43,-126,17,None
0,-1,2,8,-27,-77,-4,-1,1,0,0,0,43,-126,17,None
0,-3,-3,-7,-28,-1,-6,-1,-4,0,0,0,43,-126,17,None
0,0,1,9,44,51,2,-2,-2,0,0,0,43,-126,17,None
0,0,1,9,44,51,2,-2,-2,0,0,0,43,-126,17,None
0,0,1,9,44,51,2,-2,-2,0,0,0,49,-127,17,None
0,0,-1,-6,-43,-49,-7,-4,-1,0,0,0,49,-127,17,None
0,-1,0,-26,25,35,3,2,0,0,0,0,49,-127,17,None
0,0,4,24,-41,-20,2,0,0,0,0,0,49,-127,17,None
0,-2,-6,-26,-16,2,-10,-3,-4,0,0,0,49,-127,17,None
0,-2,-6,-26,-16,2,-10,-3,-4,0,0,0,49,-127,17,None
0,-2,-6,-26,-16,2,-10,-3,-4,0,0,0,51,-120,14,None
0,-4,1,7,-16,90,10,1,-1,0,0,0,51,-120,14,None
0,-4,-5,-3,-27,-90,-19,-9,-5,0,0,0,51,-120,14,None
0,0,1,10,4,45,4,1,0,0,0,0,51,-120,14,None
0,-1,2,-19,-63,-9,5,2,0,0,0,0,51,-120,14,None
0,-1,2,-19,-63,-9,5,2,0,0,0,0,51,-120,14,None
0,-1,2,-19,-63,-9,5,2,0,0,0,0,70,-104,6,None
0,-5,-3,-3,-17,12,-7,-6,-4,0,0,0,70,-104,6,None
0,-1,3,10,12,4,5,0,-1,0,0,0,70,-104,6,None
0,0,1,0,17,-2,-3,-1,-1,0,0,0,70,-104,6,None
0,-2,1,6,18,-6,0,0,-2,0,0,0,70,-104,6,None
0,-2,1,6,18,-6,0,0,-2,0,0,0,70,-104,6,None
0,-2,1,6,18,-6,0,0,-2,0,0,0,64,-94,0,None
0,3,17,-35,-77,-31,1,-2,-2,0,0,0,64,-94,0,None
0,-7,-36,-6,-39,-27,7,-1,-2,0,0,0,64,-94,0,None
0,0,2,5,22,19,-4,0,-1,0,0,0,64,-94,0,None
0,7,10,4,15,4,-1,-1,0,0,0,0,64,-94,0,None
0,7,10,4,15,4,-1,-1,0,0,0,0,64,-94,0,None
0,7,10,4,15,4,-1,-1,0,0,0,0,73,-105,4,None
0,-6,-50,-1,1,-37,-4,-2,-1,0,0,0,73,-105,4,None
0,-1,6,-5,10,-1,1,0,-2,0,0,0,73,-105,4,None
0,-3,1,0,-31,26,1,-1,-1,0,0,0,73,-105,4,None
0,-3,-6,3,51,-22,-2,0,0,0,0,0,73,-105,4,None
0,-3,-6,3,51,-22,-2,0,0,0,0,0,73,-105,4,None
0,-3,-6,3,51,-22,-2,0,0,0,0,0,74,-99,2,None
0,-2,8,0,-23,-12,-4,-3,-2,0,0,0,74,-99,2,None
0,3,21,0,-3,33,3,0,-2,0,0,0,74,-99,2,None
0,-4,-14,-2,-5,-13,-2,-1,0,0,0,0,74,-99,2,None
0,-1,9,-2,-23,-12,-2,-1,-3,0,0,0,74,-99,2,None
0,-1,9,-2,-23,-12,-2,-1,-3,0,0,0,74,-99,2,None
0,-1,9,-2,-23,-12,-2,-1,-3,0,0,0,78,-93,-1,None
0,2,9,16,20,6,0,1,1,0,0,0,78,-93,-1,None
0,-2,8,-14,-20,57,1,-3,-2,0,0,0,78,-93,-1,None
0,2,12,11,-5,-23,-3,-4,-2,0,0,0,78,-93,-1,None
0,-2,-2,0,16,5,-2,-3,-2,0,0,0,78,-93,-1,None
0,-2,-2,0,16,5,-2,-3,-2,0,0,0,78,-93,-1,None
0,-2,-2,0,16,5,-2,-3,-2,0,0,0,94,-93,2,None
0,-2,1,-1,-14,-10,-1,-2,-1,0,0,0,94,-93,2,None
0,0,-1,3,-3,-30,0,-2,0,0,0,0,94,-93,2,None
0,-1,3,-4,11,68,-2,-2,-1,0,0,0,94,-93,2,None
0,-2,-5,1,-9,-4,-3,-2,-2,0,0,0,94,-93,2,None
0,-2,-5,1,-9,-4,-3,-2,-2,0,0,0,94,-93,2,None
0,-2,-5,1,-9,-4,-3,-2,-2,0,0,0,103,-108,9,None
0,0,8,1,3,2,2,-1,-1,0,0,0,103,-108,9,None
0,1,7,-1,1,-16,-1,0,1,0,0,0,103,-108,9,None
0,0,0,-3,1,-16,-2,-1,-2,0,0,0,103,-108,9,None
0,-2,1,-1,-13,3,3,0,-1,0,0,0,103,-108,9,None
0,-2,1,-1,-13,3,3,0,-1,0,0,0,103,-108,9,None
0,-2,1,-1,-13,3,3,0,-1,0,0,0,75,-86,12,None
0,0,3,-1,-8,0,-3,-3,-2,0,0,0,75,-86,12,None
0,0,-3,-2,4,-5,-2,-1,-2,0,0,0,75,-86,12,None
0,-3,-1,-1,-4,-10,0,-1,-2,0,0,0,75,-86,12,None
0,-2,-3,-1,3,7,-1,-1,-2,0,0,0,75,-86,12,None
0,-2,-3,-1,3,7,-1,-1,-2,0,0,0,75,-86,12,None
0,-2,-3,-1,3,7,-1,-1,-2,0,0,0,55,-66,8,None
0,-2,1,-4,9,-11,-3,-1,-1,0,0,0,55,-66,8,None
0,-1,-1,-1,2,4,-2,-3,-2,0,0,0,55,-66,8,None
0,0,3,-1,-15,-8,0,0,0,0,0,0,55,-66,8,None
0,-1,1,0,15,-8,-4,-2,-1,0,0,0,55,-66,8,None
0,-1,1,0,15,-8,-4,-2,-1,0,0,0,55,-66,8,None
0,-1,1,0,15,-8,-4,-2,-1,0,0,0,59,-73,9,None
0,-1,0,-6,34,17,-4,-3,-2,0,0,0,59,-73,9,None
0,-3,1,2,-3,2,0,-1,-2,0,0,0,59,-73,9,None
0,0,3,-3,-3,-4,-1,-2,0,0,0,0,59,-73,9,None
0,-2,-2,-1,2,-5,-3,-2,-2,0,0,0,59,-73,9,None
0,-2,-2,-1,2,-5,-3,-2,-2,0,0,0,59,-73,9,None
0,-2,-2,-1,2,-5,-3,-2,-2,0,0,0,65,-86,9,None
0,0,0,-1,-15,-5,0,0,0,0,0,0,65,-86,9,None
0,3,16,1,7,0,1,0,-1,0,0,0,65,-86,9,None
0,-1,-26,-3,10,-15,-2,-2,0,0,0,0,65,-86,9,None
0,-1,-2,-3,-8,5,-2,-2,-2,0,0,0,65,-86,9,None
0,-1,-2,-3,-8,5,-2,-2,-2,0,0,0,65,-86,9,None
0,-1,-2,-3,-8,5,-2,-2,-2,0,0,0,62,-88,4,None
0,2,0,1,0,5,1,-2,-1,0,0,0,62,-88,4,None
0,-2,2,-4,-12,-7,-1,-1,-2,0,0,0,62,-88,4,None
0,0,7,-1,3,-4,-2,-1,-2,0,0,0,62,-88,4,None
0,-1,3,-2,-7,2,0,-1,-2,0,0,0,62,-88,4,None
0,-1,3,-2,-7,2,0,-1,-2,0,0,0,62,-88,4,None
0,-1,3,-2,-7,2,0,-1,-2,0,0,0,58,-88,-1,None
0,-1,0,-3,-4,3,0,-1,-1,0,0,0,58,-88,-1,None
0,-3,-5,0,9,-6,-1,-2,0,0,0,0,58,-88,-1,None
0,-4,5,2,-3,2,0,-1,-1,0,0,0,58,-88,-1,None
0,0,-10,-20,-8,-9,-1,-2,-2,0,0,0,58,-88,-1,None
0,0,-10,-20,-8,-9,-1,-2,-2,0,0,0,58,-88,-1,None
0,0,-10,-20,-8,-9,-1,-2,-2,0,0,0,59,-83,-5,None
0,-2,7,1,12,0,-2,-1,-1,0,0,0,59,-83,-5,None
0,0,-4,1,-9,-1,-2,0,-3,0,0,0,59,-83,-5,None
0,-2,4,-1,6,1,-1,-1,-2,0,0,0,59,-83,-5,None
0,-1,4,0,-4,4,0,-1,-1,0,0,0,59,-83,-5,None
0,-1,4,0,-4,4,0,-1,-1,0,0,0,59,-83,-5,None
0,-1,4,0,-4,4,0,-1,-1,0,0,0,58,-79,-8,None
0,-2,-2,-3,4,-2,-2,-1,-2,0,0,0,58,-79,-8,None
0,-1,-2,-2,-6,-3,-1,-2,-1,0,0,0,58,-79,-8,None
0,1,3,-5,-7,-1,-1,0,0,0,0,0,58,-79,-8,None
0,2,20,3,8,1,-2,-2,-1,0,0,0,58,-79,-8,None
0,2,20,3,8,1,-2,-2,-1,0,0,0,58,-79,-8,None
0,2,20,3,8,1,-2,-2,-1,0,0,0,56,-80,-10,None
0,-1,-7,0,-8,-1,-2,-2,-1,0,0,0,56,-80,-10,None
0,-2,-2,-1,6,-1,-1,-2,-1,0,0,0,56,-80,-10,None
0,-2,2,-6,-4,-4,-1,0,-2,0,0,0,56,-80,-10,None
0,-1,4,10,6,2,-1,-2,-1,0,0,0,56,-80,-10,None
0,-1,4,10,6,2,-1,-2,-1,0,0,0,56,-80,-10,None
0,-1,4,10,6,2,-1,-2,-1,0,0,0,57,-82,-11,None
0,-2,2,-1,-2,2,0,-1,-2,0,0,0,57,-82,-11,None
0,-1,-2,-3,-3,-1,1,-2,-1,0,0,0,57,-82,-11,None
0,1,1,-4,0,-4,-2,-3,-1,0,0,0,57,-82,-11,None
0,-2,-6,2,-1,3,-1,-1,-1,0,0,0,57,-82,-11,None
0,-2,-6,2,-1,3,-1,-1,-1,0,0,0,57,-82,-11,None
0,-2,-6,2,-1,3,-1,-1,-1,0,0,0,57,-81,-12,None
0,-1,2,0,-10,1,1,0,-1,0,0,0,57,-81,-12,None
0,-1,-4,-1,3,1,-2,-1,-2,0,0,0,57,-81,-12,None
0,-2,0,-1,7,-2,-2,-1,-1,0,0,0,57,-81,-12,None
0,-2,-4,-5,-2,3,0,-1,-2,0,0,0,57,-81,-12,None
0,-2,-4,-5,-2,3,0,-1,-2,0,0,0,57,-81,-12,None
0,-2,-4,-5,-2,3,0,-1,-2,0,0,0,57,-77,-14,None
0,-2,0,1,2,-3,-2,-2,-2,0,0,0,57,-77,-14,None
0,-2,3,-5,2,0,-2,-1,0,0,0,0,57,-77,-14,None
0,-2,-1,2,0,-1,0,-3,-1,0,0,0,57,-77,-14,None
0,-1,-2,-6,-3,0,0,-1,-1,0,0,0,57,-77,-14,None
0,-1,-2,-6,-3,0,0,-1,-1,0,0,0,57,-77,-14,None
0,-1,-2,-6,-3,0,0,-1,-1,0,0,0,56,-76,-15,None
0,0,-1,-4,-3,-2,-2,-2,-1,0,0,0,56,-76,-15,None
0,-4,-3,0,-2,1,0,-1,-1,0,0,0,56,-76,-15,None
0,1,7,-2,-3,0,0,-2,-1,0,0,0,56,-76,-15,None
0,-2,-4,-3,2,0,-2,-1,-1,0,0,0,56,-76,-15,None
0,-2,-4,-3,2,0,-2,-1,-1,0,0,0,56,-76,-15,None
0,-2,-4,-3,2,0,-2,-1,-1,0,0,0,57,-75,-15,None
0,-1,1,-1,1,-1,-2,-1,-1,0,0,0,57,-75,-15,None
0,-1,-1,0,-5,0,-2,-2,-2,0,0,0,57,-75,-15,None
0,0,-1,-2,6,-1,-1,0,0,0,0,0,57,-75,-15,None
0,-2,-1,-2,3,0,-1,-2,-2,0,0,0,57,-75,-15,None
0,-2,-1,-2,3,0,-1,-2,-2,0,0,0,57,-75,-15,None
0,-2,-1,-2,3,0,-1,-2,-2,0,0,0,58,-75,-14,None
0,-2,1,0,-2,1,-2,-2,-1,0,0,0,58,-75,-14,None
0,-1,1,-4,-1,-1,0,-1,-2,0,0,0,58,-75,-14,None
0,0,-1,-1,-3,1,-2,-1,-2,0,0,0,58,-75,-14,None
0,-2,-1,-2,-2,1,-2,0,-1,0,0,0,58,-75,-14,None
0,-2,-1,-2,-2,1,-2,0,-1,0,0,0,58,-75,-14,None
0,-2,-1,-2,-2,1,-2,0,-1,0,0,0,58,-76,-14,None
0,0,-1,-1,-3,0,0,-2,-3,0,0,0,58,-76,-14,None
0,-1,0,-1,3,0,-1,-2,-2,0,0,0,58,-76,-14,None
0,-2,0,-3,-3,-2,-1,0,-2,0,0,0,58,-76,-14,None
0,-1,0,2,-2,0,0,-2,-2,0,0,0,58,-76,-14,None
0,-1,0,2,-2,0,0,-2,-2,0,0,0,58,-76,-14,None
0,-1,0,2,-2,0,0,-2,-2,0,0,0,59,-77,-13,None
0,-3,2,-5,1,-2,-2,-2,-2,0,0,0,59,-77,-13,None
0,0,1,-3,2,0,-1,-3,-1,0,0,0,59,-77,-13,None
0,0,0,-2,-2,1,-1,-1,-2,0,0,0,59,-77,-13,None
0,-2,-2,-5,-2,1,-1,-1,-1,0,0,0,59,-77,-13,None
0,-2,-2,-5,-2,1,-1,-1,-1,0,0,0,59,-77,-13,None
0,-2,-2,-5,-2,1,-1,-1,-1,0,0,0,59,-78,-11,None
0,-1,1,-3,-1,0,-2,-2,-1,0,0,0,59,-78,-11,None
0,-3,-1,-2,-4,-1,-1,-1,0,0,0,0,59,-78,-11,None
0,-1,-1,-4,-4,-1,-1,-1,-1,0,0,0,59,-78,-11,None
0,-1,1,-1,0,1,-1,-2,-1,0,0,0,59,-78,-11,None
0,-1,1,-1,0,1,-1,-2,-1,0,0,0,59,-78,-11,None
0,-1,1,-1,0,1,-1,-2,-1,0,0,0,59,-79,-10,None
0,-1,1,-2,-2,1,-2,-1,-2,0,0,0,59,-79,-10,None
0,-2,-5,0,-2,2,-1,0,0,0,0,0,59,-79,-10,None
0,-1,3,-2,4,-1,-1,-2,-3,0,0,0,59,-79,-10,None
0,-1,1,-1,-1,1,-2,-1,-1,0,0,0,59,-79,-10,None
0,-1,1,-1,-1,1,-2,-1,-1,0,0,0,59,-79,-10,None
0,-1,1,-1,-1,1,-2,-1,-1,0,0,0,60,-81,-9,None
0,0,0,-2,-2,0,1,-1,0,0,0,0,60,-81,-9,None
0,0,8,-2,1,0,-1,-1,-3,0,0,0,60,-81,-9,None
0,-2,-2,-1,0,0,-1,-2,-2,0,0,0,60,-81,-9,None
0,-1,-2,-3,-3,0,-1,-2,-3,0,0,0,60,-81,-9,None
0,-1,-2,-3,-3,0,-1,-2,-3,0,0,0,60,-81,-9,None
0,-1,-2,-3,-3,0,-1,-2,-3,0,0,0,60,-82,-10,None
0,-1,0,-1,-4,1,0,-1,0,0,0,0,60,-82,-10,None
0,-1,-2,-2,1,0,-2,-2,-1,0,0,0,60,-82,-10,None
0,0,0,-1,0,-1,-1,-1,-1,0,0,0,60,-82,-10,None
0,-2,-2,-2,-4,1,-1,-2,-1,0,0,0,60,-82,-10,None
0,-2,-2,-2,-4,1,-1,-2,-1,0,0,0,60,-82,-10,None
0,-2,-2,-2,-4,1,-1,-2,-1,0,0,0,59,-82,-8,None
0,-1,1,-3,4,-1,-2,0,-1,0,0,0,59,-82,-8,None
0,0,0,2,-1,0,0,0,-1,0,0,0,59,-82,-8,None
0,-1,0,-3,3,1,-1,-2,-1,0,0,0,59,-82,-8,None
0,-1,3,-1,2,-1,0,-3,-2,0,0,0,59,-82,-8,None
0,-1,3,-1,2,-1,0,-3,-2,0,0,0,59,-82,-8,None
0,-1,3,-1,2,-1,0,-3,-2,0,0,0,59,-83,-8,None
0,0,1,-2,0,-2,-1,-1,-2,0,0,0,59,-83,-8,None
0,0,0,1,-5,0,-2,-2,-1,0,0,0,59,-83,-8,None
0,-3,1,-1,-6,1,-1,-1,0,0,0,0,59,-83,-8,None
0,-1,0,-3,2,1,-2,-1,0,0,0,0,59,-83,-8,None
0,-1,0,-3,2,1,-2,-1,0,0,0,0,59,-83,-8,None
0,-1,0,-3,2,1,-2,-1,0,0,0,0,58,-82,-8,None
0,0,-1,-1,-1,1,-2,-2,-2,0,0,0,58,-82,-8,None
0,0,-2,-4,-3,0,-1,0,-2,0,0,0,58,-82,-8,None
0,-2,1,-2,3,-1,-1,-1,-3,0,0,0,58,-82,-8,None
0,-2,0,-4,0,-1,-1,-2,-2,0,0,0,58,-82,-8,None
0,-2,0,-4,0,-1,-1,-2,-2,0,0,0,58,-82,-8,None
0,-2,0,-4,0,-1,-1,-2,-2,0,0,0,59,-83,-9,None
0,-2,15,1,-2,1,0,-1,-2,0,0,0,59,-83,-9,None
0,0,0,-3,2,1,-1,-2,-2,0,0,0,59,-83,-9,None
0,-1,0,-2,1,0,-2,-3,0,0,0,0,59,-83,-9,None
0,-3,-4,-2,-2,0,0,-1,-3,0,0,0,59,-83,-9,None
0,-3,-4,-2,-2,0,0,-1,-3,0,0,0,59,-83,-9,None
0,-3,-4,-2,-2,0,0,-1,-3,0,0,0,58,-82,-10,None
0,-1,3,-1,-4,-1,-1,-2,0,0,0,0,58,-82,-10,None
0,-1,0,-3,2,0,-3,-2,-2,0,0,0,58,-82,-10,None
0,-3,-2,-1,-2,0,0,0,-2,0,0,0,58,-82,-10,None
0,2,5,-1,-2,-1,-1,-1,-2,0,0,0,58,-82,-10,None
0,2,5,-1,-2,-1,-1,-1,-2,0,0,0,58,-82,-10,None
0,2,5,-1,-2,-1,-1,-1,-2,0,0,0,59,-80,-10,None
0,-1,-6,-2,3,0,-1,-1,-2,0,0,0,59,-80,-10,None
0,0,-1,-2,2,0,-1,-1,-3,0,0,0,59,-80,-10,None
0,-2,-2,-2,-4,0,0,-2,-2,0,0,0,59,-80,-10,None
0,2,0,-1,3,2,-2,-2,-1,0,0,0,59,-80,-10,None
0,2,0,-1,3,2,-2,-2,-1,0,0,0,59,-80,-10,None
0,2,0,-1,3,2,-2,-2,-1,0,0,0,58,-79,-11,None
0,-2,-4,-4,0,-1,-1,-1,-2,0,0,0,58,-79,-11,None
0,-3,-3,-1,-4,1,-1,-1,0,0,0,0,58,-79,-11,None
0,-1,3,-1,-3,0,-2,-1,-1,0,0,0,58,-79,-11,None
0,-2,0,-1,2,0,-1,-2,-2,0,0,0,58,-79,-11,None
0,-2,0,-1,2,0,-1,-2,-2,0,0,0,58,-79,-11,None
0,-2,0,-1,2,0,-1,-2,-2,0,0,0,59,-80,-11,None
0,-3,-4,-2,-3,-1,-1,-1,-1,0,0,0,59,-80,-11,None
0,-1,2,-2,-3,0,-1,-3,0,0,0,0,59,-80,-11,None
0,-1,-1,-4,0,-2,-1,-1,-1,0,0,0,59,-80,-11,None
0,-2,0,-2,3,-2,-1,-2,0,0,0,0,59,-80,-11,None
0,-2,0,-2,3,-2,-1,-2,0,0,0,0,59,-80,-11,None
0,-2,0,-2,3,-2,-1,-2,0,0,0,0,58,-80,-11,None
0,0,-2,-2,-4,-1,-2,-1,-1,0,0,0,58,-80,-11,None
0,-2,0,-3,1,0,0,-1,-1,0,0,0,58,-80,-11,None
0,1,2,-1,0,0,-2,-3,-2,0,0,0,58,-80,-11,None
0,-2,-2,-3,-5,1,-1,-1,-1,0,0,0,58,-80,-11,None
0,-2,-2,-3,-5,1,-1,-1,-1,0,0,0,58,-80,-11,None
0,-2,-2,-3,-5,1,-1,-1,-1,0,0,0,58,-80,-12,None
0,-2,0,-1,-4,1,-1,-1,0,0,0,0,58,-80,-12,None
0,-2,0,-3,0,-1,-2,-2,-2,0,0,0,58,-80,-12,None
0,-1,-1,-2,1,0,-1,-2,-2,0,0,0,58,-80,-12,None
0,3,0,-4,-4,3,1,-1,-1,0,0,0,58,-80,-12,None
0,3,0,-4,-4,3,1,-1,-1,0,0,0,58,-80,-12,None
0,3,0,-4,-4,3,1,-1,-1,0,0,0,58,-79,-12,None
0,-1,-1,0,7,-1,-2,-2,-2,0,0,0,58,-79,-12,None
0,-1,0,4,1,1,-2,0,-1,0,0,0,58,-79,-12,None
0,-2,1,0,-3,0,0,0,-1,0,0,0,58,-79,-12,None
0,-2,0,-1,2,-1,-1,-1,-2,0,0,0,58,-79,-12,None
0,-2,0,-1,2,-1,-1,-1,-2,0,0,0,58,-79,-12,None
0,-2,0,-1,2,-1,-1,-1,-2,0,0,0,58,-79,-12,None
0,-1,-2,-2,2,1,-1,-1,0,0,0,0,58,-79,-12,None
0,0,1,-4,-4,1,1,-2,-2,0,0,0,58,-79,-12,None
0,-1,1,-2,-2,0,-2,-2,-2,0,0,0,58,-79,-12,None
0,-3,-2,0,2,0,-2,0,-1,0,0,0,58,-79,-12,None
0,-3,-2,0,2,0,-2,0,-1,0,0,0,58,-79,-12,None
0,-3,-2,0,2,0,-2,0,-1,0,0,0,58,-80,-13,None
0,1,0,-3,-5,0,-1,-2,-2,0,0,0,58,-80,-13,None
0,1,17,-1,-1,0,-1,-2,-1,0,0,0,58,-80,-13,None
0,-1,-19,-8,4,1,-1,-1,-2,0,0,0,58,-80,-13,None
0,-1,-1,3,-7,-2,-1,-3,-2,0,0,0,58,-80,-13,None
0,-1,-1,3,-7,-2,-1,-3,-2,0,0,0,58,-80,-13,None
0,-1,-1,3,-7,-2,-1,-3,-2,0,0,0,58,-80,-12,None
0,-1,-4,3,-4,0,0,-2,-1,0,0,0,58,-80,-12,None
0,1,2,-3,2,2,-2,-2,-1,0,0,0,58,-80,-12,None
0,-1,5,-2,0,0,-1,-1,-1,0,0,0,58,-80,-12,None
0,-3,1,-4,-3,1,-1,-2,-2,0,0,0,58,-80,-12,None
0,-3,1,-4,-3,1,-1,-2,-2,0,0,0,58,-80,-12,None
0,-3,1,-4,-3,1,-1,-2,-2,0,0,0,58,-80,-11,None
0,-1,-1,-3,-5,1,0,-2,-2,0,0,0,58,-80,-11,None
0,-2,-5,0,0,-2,-2,-1,-2,0,0,0,58,-80,-11,None
0,-1,5,0,-3,0,-1,0,-1,0,0,0,58,-80,-11,None
0,-1,-2,-1,0,1,1,-1,-1,0,0,0,58,-80,-11,None
0,-1,-2,-1,0,1,1,-1,-1,0,0,0,58,-80,-11,None
0,-1,-2,-1,0,1,1,-1,-1,0,0,0,58,-79,-11,None
0,-2,4,-4,1,1,-3,0,-2,0,0,0,58,-79,-11,None
0,-5,-5,-4,2,0,0,-2,-2,0,0,0,58,-79,-11,None
0,0,2,0,-3,0,0,-2,-1,0,0,0,58,-79,-11,None
0,0,3,0,4,0,-2,-1,-1,0,0,0,58,-79,-11,None
0,0,3,0,4,0,-2,-1,-1,0,0,0,58,-79,-11,None
0,0,3,0,4,0,-2,-1,-1,0,0,0,58,-79,-11,None
0,0,-1,-3,3,0,-1,-1,-3,0,0,0,58,-79,-11,None
0,-4,-2,-3,-5,-1,-1,0,0,0,0,0,58,-79,-11,None
0,-1,1,-3,-5,1,0,-2,-2,0,0,0,58,-79,-11,None
0,-1,0,-1,0,0,-1,-2,0,0,0,0,58,-79,-11,None
0,-1,0,-1,0,0,-1,-2,0,0,0,0,58,-79,-11,None
0,-1,0,-1,0,0,-1,-2,0,0,0,0,59,-80,-11,None
0,-1,2,-1,-2,-1,0,-2,-1,0,0,0,59,-80,-11,None
0,-1,-1,-3,-2,0,1,-1,0,0,0,0,59,-80,-11,None
0,-1,4,-1,2,0,-2,-1,-1,0,0,0,59,-80,-11,None
0,-1,-1,-3,4,0,-1,-3,-2,0,0,0,59,-80,-11,None
0,-1,-1,-3,4,0,-1,-3,-2,0,0,0,59,-80,-11,None
0,-1,-1,-3,4,0,-1,-3,-2,0,0,0,58,-80,-10,None
0,-3,-2,-2,-3,0,-2,-1,-1,0,0,0,58,-80,-10,None
0,-1,-1,-2,3,0,-1,0,-3,0,0,0,58,-80,-10,None
0,-1,-1,-1,0,1,-1,-1,-2,0,0,0,58,-80,-10,None
0,-1,1,-2,-5,2,0,0,-1,0,0,0,58,-80,-10,None
0,-1,1,-2,-5,2,0,0,-1,0,0,0,58,-80,-10,None
0,-1,1,-2,-5,2,0,0,-1,0,0,0,59,-80,-10,None
0,-1,0,-4,-2,1,1,-2,-1,0,0,0,59,-80,-10,None
0,0,-1,-3,0,-1,-2,-1,-3,0,0,0,59,-80,-10,None
0,-3,0,0,-3,-1,-1,-2,-1,0,0,0,59,-80,-10,None
0,-1,7,-1,-2,1,-2,-1,-1,0,0,0,59,-80,-10,None
0,-1,7,-1,-2,1,-2,-1,-1,0,0,0,59,-80,-10,None
0,-1,7,-1,-2,1,-2,-1,-1,0,0,0,59,-80,-11,None
0,-6,-32,-4,1,-2,-2,-2,-1,0,0,0,59,-80,-11,None
0,-1,0,-2,4,0,-1,0,-3,0,0,0,59,-80,-11,None
0,0,2,-2,-2,-1,-1,0,-2,0,0,0,59,-80,-11,None
0,-1,-4,-3,3,-1,-3,-2,-1,0,0,0,59,-80,-11,None
0,-1,-4,-3,3,-1,-3,-2,-1,0,0,0,59,-80,-11,None
0,-1,-4,-3,3,-1,-3,-2,-1,0,0,0,59,-80,-11,None
0,-1,9,-2,2,1,-2,-1,-1,0,0,0,59,-80,-11,None
0,-2,0,-2,-5,0,-1,-1,-1,0,0,0,59,-80,-11,None
0,3,-3,0,-2,-1,-2,-3,-1,0,0,0,59,-80,-11,None
0,-1,2,-11,-5,-3,-3,-1,-1,0,0,0,59,-80,-11,None
0,-1,2,-11,-5,-3,-3,-1,-1,0,0,0,59,-80,-11,None
0,-1,2,-11,-5,-3,-3,-1,-1,0,0,0,58,-80,-11,None
0,0,5,2,2,0,-1,0,-1,0,0,0,58,-80,-11,None
0,-1,-1,-1,-4,-1,-1,-2,0,0,0,0,58,-80,-11,None
0,-1,5,-1,4,1,0,-1,-1,0,0,0,58,-80,-11,None
0,0,-2,-1,0,1,-1,-2,-2,0,0,0,58,-80,-11,None
0,0,-2,-1,0,1,-1,-2,-2,0,0,0,58,-80,-11,None
0,0,-2,-1,0,1,-1,-2,-2,0,0,0,58,-80,-11,None
0,1,5,-4,-2,0,0,-2,-3,0,0,0,58,-80,-11,None
0,-1,-1,-3,3,0,-2,-2,-2,0,0,0,58,-80,-11,None
0,-3,0,-1,2,1,-2,-2,-1,0,0,0,58,-80,-11,None
0,-1,-1,-1,-1,-1,-1,-1,-2,0,0,0,58,-80,-11,None
0,-1,-1,-1,-1,-1,-1,-1,-2,0,0,0,58,-80,-11,None
0,-1,-1,-1,-1,-1,-1,-1,-2,0,0,0,58,-80,-11,None
0,-1,2,-2,-2,1,0,0,-1,0,0,0,58,-80,-11,None
0,0,3,-1,2,1,-2,-1,-2,0,0,0,58,-80,-11,None
0,-4,-1,-2,-3,-1,0,0,-1,0,0,0,58,-80,-11,None
0,-1,0,-1,-5,1,1,-1,0,0,0,0,58,-80,-11,None
0,-1,0,-1,-5,1,1,-1,0,0,0,0,58,-80,-11,None
0,-1,0,-1,-5,1,1,-1,0,0,0,0,59,-80,-11,None
0,0,6,-3,1,-3,-2,-2,-1,0,0,0,59,-80,-11,None
0,-2,0,-1,-2,2,-3,-1,-1,0,0,0,59,-80,-11,None
0,-1,0,-1,-2,0,-2,-1,-2,0,0,0,59,-80,-11,None
0,-2,0,-1,4,2,-1,-1,-1,0,0,0,59,-80,-11,None
0,-2,0,-1,4,2,-1,-1,-1,0,0,0,59,-80,-11,None
0,-2,0,-1,4,2,-1,-1,-1,0,0,0,58,-80,-11,None
0,-2,2,-1,2,1,-1,-1,-3,0,0,0,58,-80,-11,None
