0,8,-1,0,9,2,15,0,-1,0,0,0,75,-127,35,None
0,-13,-4,-7,-10,-2,-9,-2,-1,0,0,0,75,-127,35,None
0,-1,4,4,-12,-17,-7,-12,-3,0,0,0,75,-127,35,None
0,-1,4,4,-12,-17,-7,-12,-3,0,0,0,75,-127,35,None
0,-1,4,4,-12,-17,-7,-12,-3,0,0,0,89,-126,31,None
0,-3,-1,-5,-18,17,1,7,3,0,0,0,89,-126,31,None
0,8,4,6,48,-4,-10,2,2,0,0,0,89,-126,31,None
0,1,1,-5,-76,-21,3,2,-2,0,0,0,89,-126,31,None
0,-3,-2,-6,27,-7,-7,-2,-2,0,0,0,89,-126,31,None
0,-3,-2,-6,27,-7,-7,-2,-2,0,0,0,89,-126,31,None
0,-3,-2,-6,27,-7,-7,-2,-2,0,0,0,89,-120,26,None
0,-3,0,0,45,-8,-12,-10,-4,0,0,0,89,-120,26,None
0,-3,-3,3,-13,-5,3,-3,-4,0,0,0,89,-120,26,None
0,5,1,-7,26,15,7,4,2,0,0,0,89,-120,26,None
0,-5,-1,-2,14,-3,-12,-6,-5,0,0,0,89,-120,26,None
0,-5,-1,-2,14,-3,-12,-6,-5,0,0,0,89,-120,26,None
0,-5,-1,-2,14,-3,-12,-6,-5,0,0,0,80,-107,20,None
0,-4,-3,-4,-4,-18,-9,-5,-5,0,0,0,80,-107,20,None
0,0,1,5,16,7,-8,-4,-2,0,0,0,80,-107,20,None
0,0,1,-1,16,4,14,-1,-2,0,0,0,80,-107,20,None
0,1,-1,-7,54,18,4,6,4,0,0,0,80,-107,20,None
0,1,-1,-7,54,18,4,6,4,0,0,0,80,-107,20,None
0,1,-1,-7,54,18,4,6,4,0,0,0,76,-125,13,None
0,-4,-2,-5,43,7,-1,2,0,0,0,0,76,-125,13,None
0,0,-1,-7,-10,-15,-2,-5,-3,0,0,0,76,-125,13,None
0,-2,-2,4,45,-4,-38,-14,-8,0,0,0,76,-125,13,None
0,1,0,-4,-47,13,29,10,2,0,0,0,76,-125,13,None
0,1,0,-4,-47,13,29,10,2,0,0,0,76,-125,13,None
0,1,0,-4,-47,13,29,10,2,0,0,0,78,-130,0,None
0,-1,0,2,-75,9,1,-3,-1,0,0,0,78,-130,0,None
0,0,-2,-12,-52,-5,-3,2,-1,0,0,0,78,-130,0,None
0,-1,1,4,-20,-5,-9,-10,-3,0,0,0,78,-130,0,None
0,-3,1,10,-52,4,-5,-1,-3,0,0,0,78,-130,0,None
0,-3,1,10,-52,4,-5,-1,-3,0,0,0,78,-130,0,None
0,-3,1,10,-52,4,-5,-1,-3,0,0,0,75,-127,3,None
0,0,-1,-10,-11,-9,3,5,2,0,0,0,75,-127,3,None
0,-2,-5,-3,18,3,0,-5,-3,0,0,0,75,-127,3,None
0,-2,-3,-4,14,7,-9,-2,-3,0,0,0,75,-127,3,None
0,-3,-3,1,1,2,1,0,-3,0,0,0,75,-127,3,None
0,-3,-3,1,1,2,1,0,-3,0,0,0,75,-127,3,None
0,-3,-3,1,1,2,1,0,-3,0,0,0,63,-123,3,None
0,1,0,-3,39,9,12,-5,-1,0,0,0,63,-123,3,None
0,2,1,-5,13,-6,-8,7,2,0,0,0,63,-123,3,None
0,0,4,4,-14,8,2,-5,-2,0,0,0,63,-123,3,None
0,0,1,-4,21,22,11,7,1,0,0,0,63,-123,3,None
0,0,1,-4,21,22,11,7,1,0,0,0,63,-123,3,None
0,0,1,-4,21,22,11,7,1,0,0,0,54,-120,2,None
0,-4,-2,-5,7,-27,-7,-10,-5,0,0,0,54,-120,2,None
0,1,4,2,-5,8,11,3,2,0,0,0,54,-120,2,None
0,-1,1,-1,5,0,14,7,2,0,0,0,54,-120,2,None
0,-1,-1,-5,31,-4,-4,-2,-2,0,0,0,54,-120,2,None
0,-1,-1,-5,31,-4,-4,-2,-2,0,0,0,54,-120,2,None
0,-1,-1,-5,31,-4,-4,-2,-2,0,0,0,50,-122,5,None
0,-3,0,-1,-11,17,9,1,-2,0,0,0,50,-122,5,None
0,0,4,-1,-38,-8,-14,-6,-2,0,0,0,50,-122,5,None
0,-2,-1,-7,15,18,9,2,-1,0,0,0,50,-122,5,None
0,-2,3,-3,-29,-32,-2,-3,-1,0,0,0,50,-122,5,None
0,-2,3,-3,-29,-32,-2,-3,-1,0,0,0,50,-122,5,None
0,-2,3,-3,-29,-32,-2,-3,-1,0,0,0,45,-116,4,None
0,0,5,4,-14,5,4,2,-1,0,0,0,45,-116,4,None
0,-1,1,-2,12,-1,0,1,-1,0,0,0,45,-116,4,None
0,-2,0,-2,12,-3,-6,-8,-3,0,0,0,45,-116,4,None
0,-3,3,1,-38,21,6,4,-1,0,0,0,45,-116,4,None
0,-3,3,1,-38,21,6,4,-1,0,0,0,45,-116,4,None
0,-3,3,1,-38,21,6,4,-1,0,0,0,39,-108,5,None
0,2,5,4,18,-30,-5,0,1,0,0,0,39,-108,5,None
0,0,-1,-6,7,46,-2,2,0,0,0,0,39,-108,5,None
0,-2,0,-4,-22,-39,-3,-4,-5,0,0,0,39,-108,5,None
0,1,5,0,45,-53,11,3,3,0,0,0,39,-108,5,None
0,1,5,0,45,-53,11,3,3,0,0,0,39,-108,5,None
0,1,5,0,45,-53,11,3,3,0,0,0,31,-101,8,None
0,-2,2,7,-2,50,-7,2,0,0,0,0,31,-101,8,None
0,0,2,-2,5,-26,-1,-5,-1,0,0,0,31,-101,8,None
0,1,4,6,-23,35,3,4,2,0,0,0,31,-101,8,None
0,-5,-2,-11,-3,-34,-7,-4,-5,0,0,0,31,-101,8,None
0,-5,-2,-11,-3,-34,-7,-4,-5,0,0,0,31,-101,8,None
0,-5,-2,-11,-3,-34,-7,-4,-5,0,0,0,24,-92,9,None
0,-4,-1,5,-1,10,-2,-3,-5,0,0,0,24,-92,9,None
0,-1,0,-9,-34,-38,6,-1,2,0,0,0,24,-92,9,None
0,4,4,-3,22,55,14,5,3,0,0,0,24,-92,9,None
0,-1,1,6,23,-68,-16,-2,-1,0,0,0,24,-92,9,None
0,-1,1,6,23,-68,-16,-2,-1,0,0,0,24,-92,9,None
0,-1,1,6,23,-68,-16,-2,-1,0,0,0,17,-85,10,None
0,-5,-5,-9,-50,104,-3,-10,-8,0,0,0,17,-85,10,None
0,-2,-3,-6,-36,37,-2,-2,-3,0,0,0,17,-85,10,None
0,0,-1,-1,7,-15,-10,0,0,0,0,0,17,-85,10,None
0,0,-1,-1,-6,47,5,-1,0,0,0,0,17,-85,10,None
0,0,-1,-1,-6,47,5,-1,0,0,0,0,17,-85,10,None
0,0,-1,-1,-6,47,5,-1,0,0,0,0,12,-78,13,None
0,0,2,2,27,-46,-2,-1,-1,0,0,0,12,-78,13,None
0,2,-2,-8,-15,-16,-7,-4,-3,0,0,0,12,-78,13,None
0,-3,-1,-3,-14,-35,0,-13,-3,0,0,0,12,-78,13,None
0,2,2,2,-16,13,4,9,1,0,0,0,12,-78,13,None
0,2,2,2,-16,13,4,9,1,0,0,0,12,-78,13,None
0,2,2,2,-16,13,4,9,1,0,0,0,5,-67,12,None
0,-2,-1,-5,10,7,-7,-2,-3,0,0,0,5,-67,12,None
0,-1,-1,3,5,23,-2,-5,6,0,0,0,5,-67,12,None
0,-1,-7,-3,20,-44,-6,2,-12,0,0,0,5,-67,12,None
0,-4,-4,-5,-18,23,-11,-15,-21,0,0,0,5,-67,12,None
0,-4,-4,-5,-18,23,-11,-15,-21,0,0,0,5,-67,12,None
0,-4,-4,-5,-18,23,-11,-15,-21,0,0,0,-2,-55,16,None
0,1,1,-3,0,-124,2,6,17,0,0,0,-2,-55,16,None
0,-2,1,0,0,35,7,1,10,0,0,0,-2,-55,16,None
0,-1,1,-3,-10,66,3,4,9,0,0,0,-2,-55,16,None
0,-5,0,0,1,79,-15,-10,-12,0,0,0,-2,-55,16,None
0,-5,0,0,1,79,-15,-10,-12,0,0,0,-2,-55,16,None
0,-5,0,0,1,79,-15,-10,-12,0,0,0,-11,-44,23,None
0,0,-1,-6,-28,-47,0,9,0,0,0,0,-11,-44,23,None
0,-2,2,7,33,5,2,-6,-6,0,0,0,-11,-44,23,None
0,1,-1,-2,-46,-6,-4,-16,12,0,0,0,-11,-44,23,None
0,-8,-3,-6,-14,116,-1,10,-9,0,0,0,-11,-44,23,None
0,-8,-3,-6,-14,116,-1,10,-9,0,0,0,-11,-44,23,None
0,-8,-3,-6,-14,116,-1,10,-9,0,0,0,-21,-38,24,None
0,-1,1,-2,51,-98,-3,-7,4,0,0,0,-21,-38,24,None
0,-4,-1,-4,-16,21,-15,-17,-4,0,0,0,-21,-38,24,None
0,1,3,-7,37,-46,12,29,-8,0,0,0,-21,-38,24,None
0,-9,-2,5,-27,31,0,-24,-1,0,0,0,-21,-38,24,None
0,-9,-2,5,-27,31,0,-24,-1,0,0,0,-21,-38,24,None
0,-9,-2,5,-27,31,0,-24,-1,0,0,0,-27,-33,32,None
0,-2,-2,-1,3,41,-5,5,-10,0,0,0,-27,-33,32,None
0,1,3,-2,-9,-46,11,1,2,0,0,0,-27,-33,32,None
0,-7,-2,-12,-17,126,-1,-18,-16,0,0,0,-27,-33,32,None
0,1,-1,1,45,-128,-6,-3,-5,0,0,0,-27,-33,32,None
0,1,-1,1,45,-128,-6,-3,-5,0,0,0,-27,-33,32,None
0,1,-1,1,45,-128,-6,-3,-5,0,0,0,-29,-37,35,None
0,4,4,5,-30,39,-5,0,16,0,0,0,-29,-37,35,None
0,-6,1,-3,-1,24,-4,-1,-13,0,0,0,-29,-37,35,None
0,-1,3,5,40,-32,7,8,2,0,0,0,-29,-37,35,None
0,-1,-14,-16,10,40,5,-9,6,0,0,0,-29,-37,35,None
0,-1,-14,-16,10,40,5,-9,6,0,0,0,-29,-37,35,None
0,-1,-14,-16,10,40,5,-9,6,0,0,0,-32,-31,37,None
0,5,2,-5,16,46,28,-16,-6,0,0,0,-32,-31,37,None
0,-3,6,9,-37,70,-5,38,2,0,0,0,-32,-31,37,None
0,0,9,4,14,25,-8,-5,4,0,0,0,-32,-31,37,None
0,3,0,-8,-29,-14,-6,7,25,0,0,0,-32,-31,37,None
0,3,0,-8,-29,-14,-6,7,25,0,0,0,-32,-31,37,None
0,3,0,-8,-29,-14,-6,7,25,0,0,0,-42,-24,43,None
0,-5,3,5,-17,24,-4,2,-7,0,0,0,-42,-24,43,None
0,-5,-9,-8,28,-41,5,-6,-29,0,0,0,-42,-24,43,None
0,-1,4,-2,-12,6,-1,-11,4,0,0,0,-42,-24,43,None
0,1,5,0,-9,-29,-5,11,11,0,0,0,-42,-24,43,None
0,1,5,0,-9,-29,-5,11,11,0,0,0,-42,-24,43,None
0,1,5,0,-9,-29,-5,11,11,0,0,0,-46,-16,45,None
0,1,-7,-8,10,-69,-9,-12,-4,0,0,0,-46,-16,45,None
0,3,1,-2,41,52,-3,-5,-13,0,0,0,-46,-16,45,None
0,-7,1,-1,-1,28,-14,4,26,0,0,0,-46,-16,45,None
0,3,-7,-1,36,-24,3,-10,-29,0,0,0,-46,-16,45,None
0,3,-7,-1,36,-24,3,-10,-29,0,0,0,-46,-16,45,None
0,3,-7,-1,36,-24,3,-10,-29,0,0,0,-45,-14,48,None
0,3,9,-16,-38,-16,-6,6,-1,0,0,0,-45,-14,48,None
0,-2,-13,15,57,-56,-5,10,23,0,0,0,-45,-14,48,None
0,0,-3,-2,-21,-63,6,-6,-5,0,0,0,-45,-14,48,None
0,4,-3,-3,16,30,12,15,6,0,0,0,-45,-14,48,None
0,4,-3,-3,16,30,12,15,6,0,0,0,-45,-14,48,None
0,4,-3,-3,16,30,12,15,6,0,0,0,-46,-16,50,None
0,-2,7,5,34,32,-1,1,1,0,0,0,-46,-16,50,None
0,-1,-2,-11,-40,8,1,-12,-9,0,0,0,-46,-16,50,None
0,1,1,-1,-6,22,1,3,-3,0,0,0,-46,-16,50,None
0,-1,4,2,-23,6,-4,2,6,0,0,0,-46,-16,50,None
0,-1,4,2,-23,6,-4,2,6,0,0,0,-46,-16,50,None
0,-1,4,2,-23,6,-4,2,6,0,0,0,-53,-12,52,None
0,-5,-8,-4,9,15,-11,-8,-14,0,0,0,-53,-12,52,None
0,3,7,0,-36,-18,1,-7,2,0,0,0,-53,-12,52,None
0,-4,-3,-2,-15,-12,-9,-3,-10,0,0,0,-53,-12,52,None
0,0,5,1,58,7,-12,-7,-2,0,0,0,-53,-12,52,None
0,0,5,1,58,7,-12,-7,-2,0,0,0,-53,-12,52,None
0,0,5,1,58,7,-12,-7,-2,0,0,0,-57,-5,57,None
0,-2,-3,-5,-28,19,7,2,0,0,0,0,-57,-5,57,None
0,0,5,0,-2,-23,-7,-7,2,0,0,0,-57,-5,57,None
0,0,2,2,6,6,-1,3,-4,0,0,0,-57,-5,57,None
0,-1,3,-4,-17,-13,2,-1,-1,0,0,0,-57,-5,57,None
0,-1,3,-4,-17,-13,2,-1,-1,0,0,0,-57,-5,57,None
0,-1,3,-4,-17,-13,2,-1,-1,0,0,0,-56,-5,62,None
0,-2,-2,1,29,54,-3,-3,-1,0,0,0,-56,-5,62,None
0,-1,0,-9,-15,1,3,2,5,0,0,0,-56,-5,62,None
0,0,-4,-2,14,-65,-10,1,-6,0,0,0,-56,-5,62,None
0,-1,2,-9,-13,24,0,-3,0,0,0,0,-56,-5,62,None
0,-1,2,-9,-13,24,0,-3,0,0,0,0,-56,-5,62,None
0,-1,2,-9,-13,24,0,-3,0,0,0,0,-56,1,72,None
0,-1,-1,0,-2,-90,-12,-2,-2,0,0,0,-56,1,72,None
0,-2,0,1,11,15,6,-5,0,0,0,0,-56,1,72,None
0,-1,-1,-4,-13,1,-1,0,-8,0,0,0,-56,1,72,None
0,1,2,-3,8,22,4,0,3,0,0,0,-56,1,72,None
0,1,2,-3,8,22,4,0,3,0,0,0,-56,1,72,None
0,1,2,-3,8,22,4,0,3,0,0,0,-67,-1,69,None
0,-3,0,0,-29,-1,-4,0,1,0,0,0,-67,-1,69,None
0,0,-1,-3,31,17,0,-3,-2,0,0,0,-67,-1,69,None
0,0,0,8,39,-4,-1,-2,0,0,0,0,-67,-1,69,None
0,-5,0,-5,-3,17,-6,-6,-4,0,0,0,-67,-1,69,None
0,-5,0,-5,-3,17,-6,-6,-4,0,0,0,-67,-1,69,None
0,-5,0,-5,-3,17,-6,-6,-4,0,0,0,-66,-19,73,None
0,-4,-8,-7,39,55,3,-3,-6,0,0,0,-66,-19,73,None
0,-1,4,2,-15,-8,-4,-3,1,0,0,0,-66,-19,73,None
0,-3,-3,4,21,-84,-5,-2,-3,0,0,0,-66,-19,73,None
0,0,3,-5,-6,11,3,-4,-1,0,0,0,-66,-19,73,None
0,0,3,-5,-6,11,3,-4,-1,0,0,0,-66,-19,73,None
0,0,3,-5,-6,11,3,-4,-1,0,0,0,-67,-26,73,None
0,0,-7,2,-14,16,3,4,1,0,0,0,-67,-26,73,None
0,-1,-1,-12,-7,5,2,-5,-2,0,0,0,-67,-26,73,None
0,1,10,6,-6,-11,-7,-2,-2,0,0,0,-67,-26,73,None
0,-1,0,-1,-22,49,2,1,0,0,0,0,-67,-26,73,None
0,-1,0,-1,-22,49,2,1,0,0,0,0,-67,-26,73,None
0,-1,0,-1,-22,49,2,1,0,0,0,0,-71,-15,72,None
0,-3,-4,-2,-24,-8,0,-3,-1,0,0,0,-71,-15,72,None
0,0,5,-3,27,-16,0,1,1,0,0,0,-71,-15,72,None
0,-2,-5,-14,-13,29,-3,-3,-2,0,0,0,-71,-15,72,None
0,-2,15,3,-2,-104,-6,-6,-7,0,0,0,-71,-15,72,None
0,-2,15,3,-2,-104,-6,-6,-7,0,0,0,-71,-15,72,None
0,-2,15,3,-2,-104,-6,-6,-7,0,0,0,-70,-13,72,None
0,2,-5,-3,17,24,9,6,4,0,0,0,-70,-13,72,None
0,-2,15,9,6,-21,-15,-9,-7,0,0,0,-70,-13,72,None
0,2,-22,-12,-28,50,7,4,5,0,0,0,-70,-13,72,None
0,0,0,2,-12,-7,0,-4,-2,0,0,0,-70,-13,72,None
0,0,0,2,-12,-7,0,-4,-2,0,0,0,-70,-13,72,None
0,0,0,2,-12,-7,0,-4,-2,0,0,0,-71,-14,77,None
0,-2,4,-2,11,3,0,-1,-3,0,0,0,-71,-14,77,None
0,0,4,1,-10,-37,-3,-1,-3,0,0,0,-71,-14,77,None
0,-3,6,-1,3,36,1,-2,-5,0,0,0,-71,-14,77,None
0,-6,-12,-10,-1,8,2,1,0,0,0,0,-71,-14,77,None
0,-6,-12,-10,-1,8,2,1,0,0,0,0,-71,-14,77,None
0,-6,-12,-10,-1,8,2,1,0,0,0,0,-74,-11,80,None
0,4,9,19,0,11,-5,1,3,0,0,0,-74,-11,80,None
0,-1,-5,-4,-7,-8,8,3,2,0,0,0,-74,-11,80,None
0,1,12,-7,22,-19,-7,-2,-3,0,0,0,-74,-11,80,None
0,-4,-18,-3,-40,-1,-1,-3,-2,0,0,0,-74,-11,80,None
0,-4,-18,-3,-40,-1,-1,-3,-2,0,0,0,-74,-11,80,None
0,-4,-18,-3,-40,-1,-1,-3,-2,0,0,0,-70,-10,85,None
0,-5,4,-3,7,-5,-3,-5,-5,0,0,0,-70,-10,85,None
0,0,2,0,-9,-36,-5,-3,-1,0,0,0,-70,-10,85,None
0,-8,4,4,-8,3,-5,-4,-10,0,0,0,-70,-10,85,None
0,5,-11,1,34,49,8,6,7,0,0,0,-70,-10,85,None
0,5,-11,1,34,49,8,6,7,0,0,0,-70,-10,85,None
0,5,-11,1,34,49,8,6,7,0,0,0,-72,-11,87,None
0,-5,3,-12,-17,3,1,-1,-2,0,0,0,-72,-11,87,None
0,1,-10,-5,5,12,0,-1,2,0,0,0,-72,-11,87,None
0,0,3,2,-14,-7,-4,-5,-5,0,0,0,-72,-11,87,None
0,2,18,6,-14,-24,-8,-6,-7,0,0,0,-72,-11,87,None
0,2,18,6,-14,-24,-8,-6,-7,0,0,0,-72,-11,87,None
0,2,18,6,-14,-24,-8,-6,-7,0,0,0,-76,-7,85,None
0,-6,-7,-9,6,18,-2,-4,-9,0,0,0,-76,-7,85,None
0,-1,-13,-6,0,19,3,3,5,0,0,0,-76,-7,85,None
0,-1,-13,-6,0,19,3,3,5,0,0,0,-76,-7,85,None
0,-1,-13,-6,0,19,3,3,5,0,0,0,-82,0,82,None
0,0,7,-5,-17,5,2,-1,1,0,0,0,-82,0,82,None
0,2,-3,6,14,-7,0,2,3,0,0,0,-82,0,82,None
0,-4,4,-15,-52,-4,-5,-5,-5,0,0,0,-82,0,82,None
0,-5,-8,4,-3,-18,3,2,0,0,0,0,-82,0,82,None
0,0,-8,2,43,17,13,5,6,0,0,0,-82,0,82,None
0,-4,5,-3,-34,56,-2,-6,-4,0,0,0,-82,0,82,None
0,-4,5,-3,-34,56,-2,-6,-4,0,0,0,-82,0,82,None
0,-4,5,-3,-34,56,-2,-6,-4,0,0,0,-80,-2,81,None
0,-2,8,-1,31,-65,-5,-4,-7,0,0,0,-80,-2,81,None
0,-6,1,-16,-37,13,-8,-7,1,0,0,0,-80,-2,81,None
0,-6,1,-16,-37,13,-8,-7,1,0,0,0,-80,-2,81,None
0,-6,1,-16,-37,13,-8,-7,1,0,0,0,-75,-9,79,None
0,13,0,18,127,42,15,7,13,0,0,0,-75,-9,79,None
0,-7,-24,-26,-72,-40,1,5,-1,0,0,0,-75,-9,79,None
0,-12,3,11,-27,11,2,-3,18,0,0,0,-75,-9,79,None
0,27,3,-1,-8,41,1,-11,-12,0,0,0,-75,-9,79,None
0,27,3,-1,-8,41,1,-11,-12,0,0,0,-75,-9,79,None
0,27,3,-1,-8,41,1,-11,-12,0,0,0,-74,-19,70,None
0,31,27,-17,-51,7,-11,3,1,0,0,0,-74,-19,70,None
0,5,6,9,72,-10,-7,-1,34,0,0,0,-74,-19,70,None
0,-48,-24,-36,-70,-39,-1,-17,-47,0,0,0,-74,-19,70,None
0,15,12,8,124,10,-2,18,4,0,0,0,-74,-19,70,None
0,15,12,8,124,10,-2,18,4,0,0,0,-74,-19,70,None
0,15,12,8,124,10,-2,18,4,0,0,0,-71,-28,63,None
0,1,40,0,-1,6,-14,-8,-8,0,0,0,-71,-28,63,None
0,19,14,-4,-50,-25,-2,-1,-1,0,0,0,-71,-28,63,None
0,3,-14,11,14,23,-4,-5,3,0,0,0,-71,-28,63,None
0,-14,-2,13,79,-25,2,-10,-6,0,0,0,-71,-28,63,None
0,-14,-2,13,79,-25,2,-10,-6,0,0,0,-71,-28,63,None
0,-14,-2,13,79,-25,2,-10,-6,0,0,0,-63,-32,60,None
0,-15,-14,-4,64,-5,-1,-4,-11,0,0,0,-63,-32,60,None
0,-3,1,-6,17,-30,-4,6,0,0,0,0,-63,-32,60,None
0,0,7,24,127,68,-1,-5,2,0,0,0,-63,-32,60,None
0,-4,11,-12,-75,-28,-3,-2,-6,0,0,0,-63,-32,60,None
0,-4,11,-12,-75,-28,-3,-2,-6,0,0,0,-63,-32,60,None
0,-4,11,-12,-75,-28,-3,-2,-6,0,0,0,-51,-39,62,None
0,3,-24,-6,-20,-62,-1,-4,-4,0,0,0,-51,-39,62,None
0,-17,15,-10,17,-1,3,-13,3,0,0,0,-51,-39,62,None
0,18,6,33,50,12,9,14,2,0,0,0,-51,-39,62,None
0,-12,-9,-21,-17,81,-1,-4,-37,0,0,0,-51,-39,62,None
0,-12,-9,-21,-17,81,-1,-4,-37,0,0,0,-51,-39,62,None
0,-12,-9,-21,-17,81,-1,-4,-37,0,0,0,-38,-54,61,None
0,-8,19,7,-67,-27,-10,7,21,0,0,0,-38,-54,61,None
0,-12,8,-3,76,8,-9,-10,-46,0,0,0,-38,-54,61,None
0,9,8,-8,3,-17,0,8,15,0,0,0,-38,-54,61,None
0,5,4,19,39,4,7,-2,19,0,0,0,-38,-54,61,None
0,5,4,19,39,4,7,-2,19,0,0,0,-38,-54,61,None
0,5,4,19,39,4,7,-2,19,0,0,0,-28,-58,47,None
0,-24,-17,-13,-16,-18,-3,-7,-13,0,0,0,-28,-58,47,None
0,1,3,-5,26,32,-4,-9,-21,0,0,0,-28,-58,47,None
0,12,0,6,-26,-16,3,4,12,0,0,0,-28,-58,47,None
0,14,-5,-18,-6,-51,-11,-2,-4,0,0,0,-28,-58,47,None
0,14,-5,-18,-6,-51,-11,-2,-4,0,0,0,-28,-58,47,None
0,14,-5,-18,-6,-51,-11,-2,-4,0,0,0,-19,-72,44,None
0,-33,-38,-15,-72,6,4,4,13,0,0,0,-19,-72,44,None
0,1,5,1,-101,8,8,5,8,0,0,0,-19,-72,44,None
0,5,13,31,-15,7,5,5,1,0,0,0,-19,-72,44,None
0,-5,2,-2,6,2,5,-2,4,0,0,0,-19,-72,44,None
0,-5,2,-2,6,2,5,-2,4,0,0,0,-19,-72,44,None
0,-5,2,-2,6,2,5,-2,4,0,0,0,-16,-87,46,None
0,2,6,-7,-35,-8,1,-4,-20,0,0,0,-16,-87,46,None
0,-1,-1,10,-3,-33,-5,1,7,0,0,0,-16,-87,46,None
0,-4,-3,-23,-55,42,-4,-12,-11,0,0,0,-16,-87,46,None
0,-7,8,-3,-19,-21,-6,9,16,0,0,0,-16,-87,46,None
0,-7,8,-3,-19,-21,-6,9,16,0,0,0,-16,-87,46,None
0,-7,8,-3,-19,-21,-6,9,16,0,0,0,-22,-67,43,None
0,-1,6,-4,-31,14,-1,-14,-31,0,0,0,-22,-67,43,None
0,-2,7,-4,52,-12,1,13,11,0,0,0,-22,-67,43,None
0,11,1,-18,29,-10,-6,-7,0,0,0,0,-22,-67,43,None
0,-6,-3,10,4,2,6,4,12,0,0,0,-22,-67,43,None
0,-6,-3,10,4,2,6,4,12,0,0,0,-22,-67,43,None
0,-6,-3,10,4,2,6,4,12,0,0,0,-35,-60,45,None
0,9,-7,-15,22,61,0,-7,7,0,0,0,-35,-60,45,None
0,-2,-1,7,49,-54,-7,-3,-11,0,0,0,-35,-60,45,None
0,1,-5,-31,-66,-61,-8,1,2,0,0,0,-35,-60,45,None
0,-6,3,0,-13,73,1,-5,2,0,0,0,-35,-60,45,None
0,-6,3,0,-13,73,1,-5,2,0,0,0,-35,-60,45,None
0,-6,3,0,-13,73,1,-5,2,0,0,0,-51,-72,51,None
0,1,7,21,71,19,-7,-1,-3,0,0,0,-51,-72,51,None
0,0,-8,-4,10,13,2,-4,-2,0,0,0,-51,-72,51,None
0,1,3,-6,4,21,8,5,5,0,0,0,-51,-72,51,None
0,-7,-12,37,-17,-21,5,1,-6,0,0,0,-51,-72,51,None
0,-7,-12,37,-17,-21,5,1,-6,0,0,0,-51,-72,51,None
0,-7,-12,37,-17,-21,5,1,-6,0,0,0,-60,-75,52,None
0,0,2,-2,16,-14,0,-3,2,0,0,0,-60,-75,52,None
0,7,-4,4,-29,16,1,2,2,0,0,0,-60,-75,52,None
0,-7,-5,-20,35,12,-3,-2,-3,0,0,0,-60,-75,52,None
0,0,2,-9,24,20,-2,-2,-4,0,0,0,-60,-75,52,None
0,0,2,-9,24,20,-2,-2,-4,0,0,0,-60,-75,52,None
0,0,2,-9,24,20,-2,-2,-4,0,0,0,-57,-75,53,None
0,-3,-2,-10,-30,-7,2,-2,-8,0,0,0,-57,-75,53,None
0,-2,-9,1,-1,13,-2,-2,5,0,0,0,-57,-75,53,None
0,12,3,17,29,-38,2,10,21,0,0,0,-57,-75,53,None
0,-8,4,-6,-24,-6,-5,-4,11,0,0,0,-57,-75,53,None
0,-8,4,-6,-24,-6,-5,-4,11,0,0,0,-57,-75,53,None
0,-8,4,-6,-24,-6,-5,-4,11,0,0,0,-55,-70,56,None
0,0,1,1,-6,5,1,8,25,0,0,0,-55,-70,56,None
0,-6,0,-7,31,7,-1,-9,-30,0,0,0,-55,-70,56,None
0,-1,-3,-2,5,25,-2,-4,-4,0,0,0,-55,-70,56,None
0,-2,2,-6,-20,-43,-3,-1,-6,0,0,0,-55,-70,56,None
0,-2,2,-6,-20,-43,-3,-1,-6,0,0,0,-55,-70,56,None
0,-2,2,-6,-20,-43,-3,-1,-6,0,0,0,-58,-68,55,None
0,-1,-10,-2,38,-37,2,2,1,0,0,0,-58,-68,55,None
0,-2,-1,3,10,-12,-2,-1,8,0,0,0,-58,-68,55,None
0,-4,3,1,7,79,-1,-6,-12,0,0,0,-58,-68,55,None
0,-1,0,-2,15,-6,-6,-3,-2,0,0,0,-58,-68,55,None
0,-1,0,-2,15,-6,-6,-3,-2,0,0,0,-58,-68,55,None
0,-1,0,-2,15,-6,-6,-3,-2,0,0,0,-59,-69,56,None
0,-5,-4,-15,-13,-4,5,-3,-8,0,0,0,-59,-69,56,None
0,0,-2,-3,2,11,-11,-2,2,0,0,0,-59,-69,56,None
0,-2,-4,2,2,-16,2,0,-1,0,0,0,-59,-69,56,None
0,-3,4,-12,23,-3,-1,-3,-7,0,0,0,-59,-69,56,None
0,-3,4,-12,23,-3,-1,-3,-7,0,0,0,-59,-69,56,None
0,-3,4,-12,23,-3,-1,-3,-7,0,0,0,-58,-67,55,None
0,4,-6,12,4,56,2,2,6,0,0,0,-58,-67,55,None
0,-1,-1,-3,-13,-18,-2,-3,0,0,0,0,-58,-67,55,None
0,-2,6,0,9,-28,1,-1,-2,0,0,0,-58,-67,55,None
0,-5,-7,-12,7,22,-8,-8,-12,0,0,0,-58,-67,55,None
0,-5,-7,-12,7,22,-8,-8,-12,0,0,0,-58,-67,55,None
0,-5,-7,-12,7,22,-8,-8,-12,0,0,0,-53,-66,54,None
0,0,3,-2,-37,-8,-1,-1,1,0,0,0,-53,-66,54,None
0,-4,-1,-1,10,3,1,4,8,0,0,0,-53,-66,54,None
0,-2,2,-6,6,-3,-5,-4,-8,0,0,0,-53,-66,54,None
0,0,3,-2,12,-9,2,1,-1,0,0,0,-53,-66,54,None
0,0,3,-2,12,-9,2,1,-1,0,0,0,-53,-66,54,None
0,0,3,-2,12,-9,2,1,-1,0,0,0,-49,-61,52,None
0,-1,5,1,14,-4,-2,-2,-6,0,0,0,-49,-61,52,None
0,-2,2,2,-13,25,-1,-1,-9,0,0,0,-49,-61,52,None
0,0,-2,-6,7,18,1,-1,6,0,0,0,-49,-61,52,None
0,0,1,-5,-36,4,-7,-3,0,0,0,0,-49,-61,52,None
0,0,1,-5,-36,4,-7,-3,0,0,0,0,-49,-61,52,None
0,0,1,-5,-36,4,-7,-3,0,0,0,0,-45,-59,50,None
0,-6,-5,-5,24,12,3,-3,-10,0,0,0,-45,-59,50,None
0,-2,-1,0,8,10,-8,-4,-1,0,0,0,-45,-59,50,None
0,-2,3,0,3,11,-2,-2,-5,0,0,0,-45,-59,50,None
0,0,-1,-1,5,-10,2,-1,-1,0,0,0,-45,-59,50,None
0,0,-1,-1,5,-10,2,-1,-1,0,0,0,-45,-59,50,None
0,0,-1,-1,5,-10,2,-1,-1,0,0,0,-38,-56,46,None
0,0,3,1,20,16,-10,-3,-1,0,0,0,-38,-56,46,None
0,0,1,-5,-46,-40,-5,-2,1,0,0,0,-38,-56,46,None
0,-3,0,-1,0,-9,4,-3,-6,0,0,0,-38,-56,46,None
0,0,1,-4,1,22,-7,0,2,0,0,0,-38,-56,46,None
0,0,1,-4,1,22,-7,0,2,0,0,0,-38,-56,46,None
0,0,1,-4,1,22,-7,0,2,0,0,0,-29,-53,41,None
0,2,3,1,-5,-7,8,2,2,0,0,0,-29,-53,41,None
0,-2,-1,-3,4,-2,-1,-3,-4,0,0,0,-29,-53,41,None
0,-3,0,-3,4,-9,-12,-5,-3,0,0,0,-29,-53,41,None
0,-3,-3,-2,3,30,5,2,2,0,0,0,-29,-53,41,None
0,-3,-3,-2,3,30,5,2,2,0,0,0,-29,-53,41,None
0,-3,-3,-2,3,30,5,2,2,0,0,0,-17,-51,35,None
0,-1,1,1,0,-36,-1,-2,-1,0,0,0,-17,-51,35,None
0,-2,-1,-1,13,9,3,1,1,0,0,0,-17,-51,35,None
0,-2,0,-4,6,-5,-3,-2,-4,0,0,0,-17,-51,35,None
0,-2,1,0,-5,-1,-1,-2,-3,0,0,0,-17,-51,35,None
0,-2,1,0,-5,-1,-1,-2,-3,0,0,0,-17,-51,35,None
0,-2,1,0,-5,-1,-1,-2,-3,0,0,0,-4,-50,31,None
0,-1,2,1,1,-85,-7,-2,-1,0,0,0,-4,-50,31,None
0,-1,-1,-2,12,48,2,-1,-2,0,0,0,-4,-50,31,None
0,-1,0,-3,-6,-3,-5,-2,-4,0,0,0,-4,-50,31,None
0,-1,-1,-1,-9,-22,3,1,0,0,0,0,-4,-50,31,None
0,-1,-1,-1,-9,-22,3,1,0,0,0,0,-4,-50,31,None
0,-1,-1,-1,-9,-22,3,1,0,0,0,0,5,-47,24,None
0,0,1,0,2,14,2,2,0,0,0,0,5,-47,24,None
0,-2,-2,-3,0,-9,-3,-3,-3,0,0,0,5,-47,24,None
0,-3,2,1,16,11,-2,-4,-3,0,0,0,5,-47,24,None
0,-2,0,-1,-1,-16,8,4,1,0,0,0,5,-47,24,None
0,-2,0,-1,-1,-16,8,4,1,0,0,0,5,-47,24,None
0,-2,0,-1,-1,-16,8,4,1,0,0,0,5,-48,24,None
0,-2,-3,-1,-6,-15,-7,-2,-3,0,0,0,5,-48,24,None
0,-1,2,-5,8,2,-1,-3,0,0,0,0,5,-48,24,None
0,0,2,6,-6,9,-5,0,1,0,0,0,5,-48,24,None
0,-2,1,-3,-19,-10,4,-1,-4,0,0,0,5,-48,24,None
0,-2,1,-3,-19,-10,4,-1,-4,0,0,0,5,-48,24,None
0,-2,1,-3,-19,-10,4,-1,-4,0,0,0,-1,-54,27,None
0,0,0,2,2,20,-3,-1,1,0,0,0,-1,-54,27,None
0,-4,-1,-5,6,-7,-2,-2,-3,0,0,0,-1,-54,27,None
0,0,-2,-8,-13,-10,-1,0,1,0,0,0,-1,-54,27,None
0,-1,6,5,8,4,-5,-5,-3,0,0,0,-1,-54,27,None
0,-1,6,5,8,4,-5,-5,-3,0,0,0,-1,-54,27,None
0,-1,6,5,8,4,-5,-5,-3,0,0,0,-5,-62,16,None
0,-1,-3,1,26,17,3,1,-1,0,0,0,-5,-62,16,None
0,-1,0,-11,-1,7,-1,-1,-1,0,0,0,-5,-62,16,None
0,1,-2,4,-10,-4,0,2,1,0,0,0,-5,-62,16,None
0,0,1,-12,11,1,-4,-4,-4,0,0,0,-5,-62,16,None
0,0,1,-12,11,1,-4,-4,-4,0,0,0,-5,-62,16,None
0,0,1,-12,11,1,-4,-4,-4,0,0,0,-2,-60,7,None
0,-1,4,-2,-7,17,-4,-4,-3,0,0,0,-2,-60,7,None
0,-1,-4,2,-15,-2,3,0,0,0,0,0,-2,-60,7,None
0,0,3,-6,-1,-5,-2,-3,-2,0,0,0,-2,-60,7,None
0,-1,-3,10,13,-1,5,2,-1,0,0,0,-2,-60,7,None
0,-1,-3,10,13,-1,5,2,-1,0,0,0,-2,-60,7,None
0,-1,-3,10,13,-1,5,2,-1,0,0,0,-1,-62,6,None
0,-3,-2,-13,-12,5,-8,-7,-3,0,0,0,-1,-62,6,None
0,0,2,2,-2,1,0,-1,-1,0,0,0,-1,-62,6,None
0,0,3,-4,8,4,9,2,1,0,0,0,-1,-62,6,None
0,-2,-3,-4,1,-2,-10,-4,-2,0,0,0,-1,-62,6,None
0,-2,-3,-4,1,-2,-10,-4,-2,0,0,0,-1,-62,6,None
0,-2,-3,-4,1,-2,-10,-4,-2,0,0,0,-17,-77,20,None
0,-1,2,-4,-11,2,-4,-2,-1,0,0,0,-17,-77,20,None
0,0,4,2,5,2,3,-1,-4,0,0,0,-17,-77,20,None
0,-3,0,-3,0,-3,-3,-2,-1,0,0,0,-17,-77,20,None
0,-1,0,-2,-11,5,-3,-5,-2,0,0,0,-17,-77,20,None
0,-1,0,-2,-11,5,-3,-5,-2,0,0,0,-17,-77,20,None
0,-1,0,-2,-11,5,-3,-5,-2,0,0,0,-40,-90,15,None
0,1,4,0,-5,4,3,0,1,0,0,0,-40,-90,15,None
0,0,2,0,15,3,6,4,2,0,0,0,-40,-90,15,None
0,-3,0,5,-11,-6,-2,-1,-1,0,0,0,-40,-90,15,None
0,-2,-3,-6,-9,-8,-8,-3,-4,0,0,0,-40,-90,15,None
0,-2,-3,-6,-9,-8,-8,-3,-4,0,0,0,-40,-90,15,None
0,-2,-3,-6,-9,-8,-8,-3,-4,0,0,0,-45,-88,9,None
0,0,-1,-12,3,5,-3,0,0,0,0,0,-45,-88,9,None
0,0,-1,5,2,3,-1,-3,-2,0,0,0,-45,-88,9,None
0,-2,-1,-5,-9,1,-4,-2,-2,0,0,0,-45,-88,9,None
0,0,4,2,-2,4,9,3,0,0,0,0,-45,-88,9,None
0,0,4,2,-2,4,9,3,0,0,0,0,-45,-88,9,None
0,0,4,2,-2,4,9,3,0,0,0,0,-45,-85,25,None
0,-1,1,3,-6,1,0,-3,-3,0,0,0,-45,-85,25,None
0,-2,0,-6,-1,-7,-2,-2,-1,0,0,0,-45,-85,25,None
0,-2,1,1,-7,5,0,-2,-2,0,0,0,-45,-85,25,None
0,2,1,-4,1,-1,0,-1,1,0,0,0,-45,-85,25,None
0,2,1,-4,1,-1,0,-1,1,0,0,0,-45,-85,25,None
0,2,1,-4,1,-1,0,-1,1,0,0,0,-60,-98,45,None
0,-2,-2,1,1,22,-3,-1,-4,0,0,0,-60,-98,45,None
0,-2,2,3,2,-14,-4,-2,-2,0,0,0,-60,-98,45,None
0,-1,0,-5,-21,-9,3,-2,-2,0,0,0,-60,-98,45,None
0,-2,-1,-2,14,5,-5,-1,-1,0,0,0,-60,-98,45,None
0,-2,-1,-2,14,5,-5,-1,-1,0,0,0,-60,-98,45,None
0,-2,-1,-2,14,5,-5,-1,-1,0,0,0,-66,-108,37,None
0,0,2,1,16,0,-1,3,2,0,0,0,-66,-108,37,None
0,-2,-2,-4,-9,14,1,-3,0,0,0,0,-66,-108,37,None
0,-1,-2,-3,13,-17,-15,-5,-3,0,0,0,-66,-108,37,None
0,-1,-2,-6,-15,28,5,1,0,0,0,0,-66,-108,37,None
0,-1,-2,-6,-15,28,5,1,0,0,0,0,-66,-108,37,None
0,-1,-2,-6,-15,28,5,1,0,0,0,0,-49,-116,23,None
0,-2,4,7,-8,10,-3,-4,-3,0,0,0,-49,-116,23,None
0,-3,-4,-8,-7,-58,-5,-2,-3,0,0,0,-49,-116,23,None
0,-1,0,1,36,27,-3,-3,-2,0,0,0,-49,-116,23,None
0,0,0,-6,-7,0,-5,-3,0,0,0,0,-49,-116,23,None
0,0,0,-6,-7,0,-5,-3,0,0,0,0,-49,-116,23,None
0,0,0,-6,-7,0,-5,-3,0,0,0,0,-35,-112,24,None
0,-1,1,-1,-14,-1,2,0,-1,0,0,0,-35,-112,24,None
0,-1,-1,-2,14,10,-5,-2,-1,0,0,0,-35,-112,24,None
0,2,3,-2,-1,54,6,2,0,0,0,0,-35,-112,24,None
0,-2,-2,-6,5,-106,-9,-4,-2,0,0,0,-35,-112,24,None
0,-2,-2,-6,5,-106,-9,-4,-2,0,0,0,-35,-112,24,None
0,-2,-2,-6,5,-106,-9,-4,-2,0,0,0,-28,-119,43,None
0,0,2,17,100,63,4,1,0,0,0,0,-28,-119,43,None
0,-6,-11,-30,-57,-57,-9,-7,-6,0,0,0,-28,-119,43,None
0,-3,0,5,13,25,2,0,-2,0,0,0,-28,-119,43,None
0,0,-1,-1,29,19,-4,-2,-2,0,0,0,-28,-119,43,None
0,0,-1,-1,29,19,-4,-2,-2,0,0,0,-28,-119,43,None
0,0,-1,-1,29,19,-4,-2,-2,0,0,0,-19,-113,42,None
0,-3,-6,-13,-59,-31,-5,-2,-3,0,0,0,-19,-113,42,None
0,4,7,5,30,41,3,1,4,0,0,0,-19,-113,42,None
0,-3,-2,4,-6,-18,4,-1,-4,0,0,0,-19,-113,42,None
0,-2,-2,4,69,57,-1,-2,-2,0,0,0,-19,-113,42,None
0,-2,-2,4,69,57,-1,-2,-2,0,0,0,-19,-113,42,None
0,-2,-2,4,69,57,-1,-2,-2,0,0,0,-5,-114,33,None
0,0,3,-3,-61,9,4,1,0,0,0,0,-5,-114,33,None
0,-3,-2,-17,-63,116,-2,-3,-4,0,0,0,-5,-114,33,None
0,-1,-2,-14,-4,-99,-12,-4,-4,0,0,0,-5,-114,33,None
0,0,2,5,9,2,-1,-3,-3,0,0,0,-5,-114,33,None
0,0,2,5,9,2,-1,-3,-3,0,0,0,-5,-114,33,None
0,0,2,5,9,2,-1,-3,-3,0,0,0,4,-113,21,None
0,0,3,3,58,0,14,-1,-1,0,0,0,4,-113,21,None
0,-1,1,3,-27,-71,-3,-2,-3,0,0,0,4,-113,21,None
0,4,6,20,110,94,20,9,4,0,0,0,4,-113,21,None
0,-5,-6,-28,-128,-38,-6,-8,-3,0,0,0,4,-113,21,None
0,-5,-6,-28,-128,-38,-6,-8,-3,0,0,0,4,-113,21,None
0,-5,-6,-28,-128,-38,-6,-8,-3,0,0,0,13,-110,14,None
0,-5,-3,-7,3,-109,-15,-4,-8,0,0,0,13,-110,14,None
0,1,0,7,5,-10,2,-2,-3,0,0,0,13,-110,14,None
0,7,8,11,34,63,-4,1,6,0,0,0,13,-110,14,None
0,-7,-2,-11,7,-90,-2,-3,-6,0,0,0,13,-110,14,None
0,-7,-2,-11,7,-90,-2,-3,-6,0,0,0,13,-110,14,None
0,-7,-2,-11,7,-90,-2,-3,-6,0,0,0,25,-117,14,None
0,4,-1,6,38,97,11,5,1,0,0,0,25,-117,14,None
0,-1,2,0,-48,-35,-1,-1,0,0,0,0,25,-117,14,None
0,-4,-2,-10,44,-4,1,3,-3,0,0,0,25,-117,14,None
0,4,2,-3,-13,-18,-14,-8,-1,0,0,0,25,-117,14,None
0,4,2,-3,-13,-18,-14,-8,-1,0,0,0,25,-117,14,None
0,4,2,-3,-13,-18,-14,-8,-1,0,0,0,35,-135,10,None
0,-1,1,-4,60,12,-9,-1,3,0,0,0,35,-135,10,None
0,1,5,17,73,26,13,5,0,0,0,0,35,-135,10,None
0,1,-1,-8,-48,49,8,-1,1,0,0,0,35,-135,10,None
0,-6,-8,-9,1,-65,-5,-5,-5,0,0,0,35,-135,10,None
0,-6,-8,-9,1,-65,-5,-5,-5,0,0,0,35,-135,10,None
0,-6,-8,-9,1,-65,-5,-5,-5,0,0,0,40,-129,3,None
0,-3,0,1,23,20,-8,-5,-5,0,0,0,40,-129,3,None
0,4,6,6,39,-4,-5,-2,0,0,0,0,40,-129,3,None
0,-7,-7,-11,51,-66,-7,-5,-5,0,0,0,40,-129,3,None
0,3,6,10,103,110,12,6,4,0,0,0,40,-129,3,None
0,3,6,10,103,110,12,6,4,0,0,0,40,-129,3,None
0,3,6,10,103,110,12,6,4,0,0,0,49,-119,4,None
0,-4,-5,-17,-31,-25,-11,-2,-2,0,0,0,49,-119,4,None
0,-1,0,17,62,121,10,-1,0,0,0,0,49,-119,4,None
0,-6,-5,-14,-37,-62,-13,-8,-8,0,0,0,49,-119,4,None
0,2,4,-3,59,4,10,4,-1,0,0,0,49,-119,4,None
0,2,4,-3,59,4,10,4,-1,0,0,0,49,-119,4,None
0,2,4,-3,59,4,10,4,-1,0,0,0,62,-113,5,None
0,-4,-5,-11,-64,14,-1,-5,1,0,0,0,62,-113,5,None
0,-5,-1,-11,42,-37,-7,-2,-3,0,0,0,62,-113,5,None
0,-1,1,-9,-34,25,-2,-4,-2,0,0,0,62,-113,5,None
0,-1,1,-1,44,-1,-8,-2,0,0,0,0,62,-113,5,None
0,-1,1,-1,44,-1,-8,-2,0,0,0,0,62,-113,5,None
0,-1,1,-1,44,-1,-8,-2,0,0,0,0,64,-105,1,None
0,2,17,-6,-36,-12,-4,-2,2,0,0,0,64,-105,1,None
0,1,-40,-15,-16,-23,-4,-3,-3,0,0,0,64,-105,1,None
0,2,42,32,-42,43,3,-1,-1,0,0,0,64,-105,1,None
0,-6,-63,-51,-83,-3,-3,-1,-1,0,0,0,64,-105,1,None
0,-6,-63,-51,-83,-3,-3,-1,-1,0,0,0,64,-105,1,None
0,-6,-63,-51,-83,-3,-3,-1,-1,0,0,0,64,-106,-3,None
0,0,-8,21,-68,-68,0,-3,-2,0,0,0,64,-106,-3,None
0,-3,13,10,26,-16,0,0,2,0,0,0,64,-106,-3,None
0,0,-6,-14,11,10,4,3,0,0,0,0,64,-106,-3,None
0,3,14,18,-9,8,-2,-3,1,0,0,0,64,-106,-3,None
0,3,14,18,-9,8,-2,-3,1,0,0,0,64,-106,-3,None
0,3,14,18,-9,8,-2,-3,1,0,0,0,78,-100,-4,None
0,-3,6,-12,42,23,2,-2,-2,0,0,0,78,-100,-4,None
0,-1,-2,-10,-86,-42,-7,-3,-5,0,0,0,78,-100,-4,None
0,-3,3,1,-27,-45,-5,-1,0,0,0,0,78,-100,-4,None
0,-1,-8,7,-24,24,-2,-1,-2,0,0,0,78,-100,-4,None
0,-1,-8,7,-24,24,-2,-1,-2,0,0,0,78,-100,-4,None
0,-1,-8,7,-24,24,-2,-1,-2,0,0,0,83,-109,3,None
0,-2,2,0,18,8,7,1,-2,0,0,0,83,-109,3,None
0,-6,16,7,-11,87,1,-4,-3,0,0,0,83,-109,3,None
0,13,-22,-21,-29,-29,-2,-2,-3,0,0,0,83,-109,3,None
0,3,31,14,-20,25,3,1,-2,0,0,0,83,-109,3,None
0,3,31,14,-20,25,3,1,-2,0,0,0,83,-109,3,None
0,3,31,14,-20,25,3,1,-2,0,0,0,89,-112,6,None
0,0,-8,3,0,-5,3,2,1,0,0,0,89,-112,6,None
0,-6,-8,-14,8,-13,-2,0,0,0,0,0,89,-112,6,None
0,-1,1,-1,14,-14,-4,-4,-4,0,0,0,89,-112,6,None
0,1,12,-11,-6,0,2,0,0,0,0,0,89,-112,6,None
0,1,12,-11,-6,0,2,0,0,0,0,0,89,-112,6,None
0,1,12,-11,-6,0,2,0,0,0,0,0,77,-84,12,None
0,0,1,14,-32,-15,-5,-1,-2,0,0,0,77,-84,12,None
0,5,10,-6,1,-10,-4,-6,-1,0,0,0,77,-84,12,None
0,-3,0,1,48,55,5,1,-1,0,0,0,77,-84,12,None
0,0,8,17,42,-1,-3,1,1,0,0,0,77,-84,12,None
0,0,8,17,42,-1,-3,1,1,0,0,0,77,-84,12,None
0,0,8,17,42,-1,-3,1,1,0,0,0,62,-71,8,None
0,-6,-2,-15,-10,-44,-4,-3,-3,0,0,0,62,-71,8,None
0,-2,-3,-10,-13,37,-4,-2,-1,0,0,0,62,-71,8,None
0,-4,-2,6,8,-84,-2,-2,-1,0,0,0,62,-71,8,None
0,-4,-1,2,-45,9,3,2,-1,0,0,0,62,-71,8,None
0,-4,-1,2,-45,9,3,2,-1,0,0,0,62,-71,8,None
0,-4,-1,2,-45,9,3,2,-1,0,0,0,60,-87,10,None
0,2,3,9,-9,8,-7,-4,-2,0,0,0,60,-87,10,None
0,0,5,2,-2,-15,3,0,0,0,0,0,60,-87,10,None
0,-4,-2,-5,-35,-17,-5,-3,-2,0,0,0,60,-87,10,None
0,1,5,2,2,20,0,-1,-2,0,0,0,60,-87,10,None
0,1,5,2,2,20,0,-1,-2,0,0,0,60,-87,10,None
0,1,5,2,2,20,0,-1,-2,0,0,0,62,-90,5,None
0,-1,3,1,12,-4,1,-2,-2,0,0,0,62,-90,5,None
0,1,5,3,3,-15,-1,1,0,0,0,0,62,-90,5,None
0,-2,2,-6,-10,0,-3,-3,1,0,0,0,62,-90,5,None
0,-2,14,17,-28,17,5,2,0,0,0,0,62,-90,5,None
0,-2,14,17,-28,17,5,2,0,0,0,0,62,-90,5,None
0,-2,14,17,-28,17,5,2,0,0,0,0,61,-85,0,None
0,-1,-29,1,57,47,7,1,0,0,0,0,61,-85,0,None
0,-3,-5,-9,-36,-11,-3,0,-3,0,0,0,61,-85,0,None
0,-3,-1,-7,-19,-1,-3,-2,0,0,0,0,61,-85,0,None
0,0,6,4,31,-7,-2,-1,-1,0,0,0,61,-85,0,None
0,0,6,4,31,-7,-2,-1,-1,0,0,0,61,-85,0,None
0,0,6,4,31,-7,-2,-1,-1,0,0,0,57,-82,-6,None
0,-3,6,-11,-2,-9,-3,-2,-1,0,0,0,57,-82,-6,None
0,0,3,-2,-6,0,-1,0,-1,0,0,0,57,-82,-6,None
0,-3,-7,-2,-6,10,-3,-2,-3,0,0,0,57,-82,-6,None
0,-3,-3,-6,-2,1,-1,-2,-2,0,0,0,57,-82,-6,None
0,-3,-3,-6,-2,1,-1,-2,-2,0,0,0,57,-82,-6,None
0,-3,-3,-6,-2,1,-1,-2,-2,0,0,0,57,-81,-12,None
0,4,9,1,29,-1,5,1,1,0,0,0,57,-81,-12,None
0,-3,-23,5,53,12,-6,-4,-1,0,0,0,57,-81,-12,None
0,-6,1,12,-49,33,2,-3,-3,0,0,0,57,-81,-12,None
0,-2,-1,6,7,-7,-3,0,-2,0,0,0,57,-81,-12,None
0,-2,-1,6,7,-7,-3,0,-2,0,0,0,57,-81,-12,None
0,-2,-1,6,7,-7,-3,0,-2,0,0,0,56,-81,-15,None
0,-1,-2,-1,4,1,-2,0,0,0,0,0,56,-81,-15,None
0,1,13,2,29,-13,0,0,0,0,0,0,56,-81,-15,None
0,-2,-2,-3,11,-17,-4,-2,-1,0,0,0,56,-81,-15,None
0,-2,-8,-6,1,9,-1,-2,0,0,0,0,56,-81,-15,None
0,-2,-8,-6,1,9,-1,-2,0,0,0,0,56,-81,-15,None
0,-2,-8,-6,1,9,-1,-2,0,0,0,0,57,-80,-16,None
0,-2,9,-6,-22,1,-4,-2,-3,0,0,0,57,-80,-16,None
0,-1,6,5,-9,-8,0,0,0,0,0,0,57,-80,-16,None
0,-3,-3,-7,3,-4,-2,-3,-2,0,0,0,57,-80,-16,None
0,0,1,-8,-11,-19,-3,-2,-1,0,0,0,57,-80,-16,None
0,0,1,-8,-11,-19,-3,-2,-1,0,0,0,57,-80,-16,None
0,0,1,-8,-11,-19,-3,-2,-1,0,0,0,57,-79,-17,None
0,-1,8,2,27,31,3,-1,-1,0,0,0,57,-79,-17,None
0,-9,-24,-10,21,-17,0,-2,-3,0,0,0,57,-79,-17,None
0,1,1,-1,36,35,3,1,0,0,0,0,57,-79,-17,None
0,-4,-2,-7,4,-21,-3,-1,-1,0,0,0,57,-79,-17,None
0,-4,-2,-7,4,-21,-3,-1,-1,0,0,0,57,-79,-17,None
0,-4,-2,-7,4,-21,-3,-1,-1,0,0,0,57,-79,-17,None
0,2,-5,1,-13,-6,-4,-2,-2,0,0,0,57,-79,-17,None
0,1,8,0,-5,-3,-2,-1,0,0,0,0,57,-79,-17,None
0,0,3,-1,-1,-4,0,-1,-1,0,0,0,57,-79,-17,None
0,-2,-2,-1,9,6,0,-2,-1,0,0,0,57,-79,-17,None
0,-2,-2,-1,9,6,0,-2,-1,0,0,0,57,-79,-17,None
0,-2,-2,-1,9,6,0,-2,-1,0,0,0,56,-77,-17,None
0,-3,5,-9,-11,2,-2,-2,-3,0,0,0,56,-77,-17,None
0,0,5,-2,-20,-12,2,-1,0,0,0,0,56,-77,-17,None
0,3,-2,-7,-33,-16,-4,-3,-1,0,0,0,56,-77,-17,None
0,-4,7,-8,0,11,2,-3,-3,0,0,0,56,-77,-17,None
0,-4,7,-8,0,11,2,-3,-3,0,0,0,56,-77,-17,None
0,-4,7,-8,0,11,2,-3,-3,0,0,0,55,-77,-18,None
0,-2,2,7,-28,23,1,-5,1,0,0,0,55,-77,-18,None
0,-1,5,5,-21,-12,-1,-1,-3,0,0,0,55,-77,-18,None
0,-2,1,1,18,-10,-1,1,0,0,0,0,55,-77,-18,None
0,1,-2,4,10,2,-2,-1,-2,0,0,0,55,-77,-18,None
0,1,-2,4,10,2,-2,-1,-2,0,0,0,55,-77,-18,None
0,1,-2,4,10,2,-2,-1,-2,0,0,0,56,-78,-18,None
0,-1,-1,-11,-6,-12,-2,-3,-1,0,0,0,56,-78,-18,None
0,-1,6,4,6,9,-1,-1,-2,0,0,0,56,-78,-18,None
0,-2,0,-3,-9,0,-2,-2,-2,0,0,0,56,-78,-18,None
0,-1,-2,-5,-3,5,-2,-2,-2,0,0,0,56,-78,-18,None
0,-1,-2,-5,-3,5,-2,-2,-2,0,0,0,56,-78,-18,None
0,-1,-2,-5,-3,5,-2,-2,-2,0,0,0,57,-78,-17,None
0,-1,1,-2,0,-3,0,0,-3,0,0,0,57,-78,-17,None
0,2,23,-5,2,0,-4,-3,-2,0,0,0,57,-78,-17,None
0,-4,-40,-5,-32,-2,0,-1,-2,0,0,0,57,-78,-17,None
0,-2,2,-2,-2,17,-2,-3,-1,0,0,0,57,-78,-17,None
0,-2,2,-2,-2,17,-2,-3,-1,0,0,0,57,-78,-17,None
0,-2,2,-2,-2,17,-2,-3,-1,0,0,0,58,-78,-16,None
0,-3,-4,-9,-11,-3,-3,-2,-2,0,0,0,58,-78,-16,None
0,-2,0,-3,-3,-1,-1,-1,-1,0,0,0,58,-78,-16,None
0,-3,10,-7,-12,-13,-3,-2,-2,0,0,0,58,-78,-16,None
0,1,3,4,3,-4,-1,1,-1,0,0,0,58,-78,-16,None
0,1,3,4,3,-4,-1,1,-1,0,0,0,58,-78,-16,None
0,1,3,4,3,-4,-1,1,-1,0,0,0,60,-78,-14,None
0,0,-6,-3,1,2,-2,0,-1,0,0,0,60,-78,-14,None
0,-2,0,-3,0,10,-1,-3,-2,0,0,0,60,-78,-14,None
0,-1,7,1,4,-1,3,-2,-2,0,0,0,60,-78,-14,None
0,2,-4,-2,1,5,-1,0,-1,0,0,0,60,-78,-14,None
0,2,-4,-2,1,5,-1,0,-1,0,0,0,60,-78,-14,None
0,2,-4,-2,1,5,-1,0,-1,0,0,0,60,-78,-12,None
0,0,3,-6,2,-7,-2,-1,-2,0,0,0,60,-78,-12,None
0,-1,-3,-2,11,2,0,0,0,0,0,0,60,-78,-12,None
0,-2,5,-3,25,6,0,-1,-1,0,0,0,60,-78,-12,None
0,-2,1,2,-25,2,-1,-2,0,0,0,0,60,-78,-12,None
0,-2,1,2,-25,2,-1,-2,0,0,0,0,60,-78,-12,None
0,-2,1,2,-25,2,-1,-2,0,0,0,0,60,-78,-11,None
0,-3,-1,-6,-41,-13,-4,-2,-2,0,0,0,60,-78,-11,None
0,1,-2,2,12,6,0,0,-1,0,0,0,60,-78,-11,None
0,1,1,-7,-8,3,-2,-2,0,0,0,0,60,-78,-11,None
0,-2,3,5,21,-2,1,-1,-1,0,0,0,60,-78,-11,None
0,-2,3,5,21,-2,1,-1,-1,0,0,0,60,-78,-11,None
0,-2,3,5,21,-2,1,-1,-1,0,0,0,60,-79,-9,None
0,5,14,-21,-4,0,2,1,-1,0,0,0,60,-79,-9,None
0,-5,-38,16,5,10,-4,-4,-2,0,0,0,60,-79,-9,None
0,-3,10,-2,-9,-8,-1,-1,-2,0,0,0,60,-79,-9,None
0,-1,-1,-1,7,-2,0,0,-3,0,0,0,60,-79,-9,None
0,-1,-1,-1,7,-2,0,0,-3,0,0,0,60,-79,-9,None
0,-1,-1,-1,7,-2,0,0,-3,0,0,0,58,-82,-10,None
0,0,2,1,9,-2,-2,0,-1,0,0,0,58,-82,-10,None
0,0,7,-8,-3,-4,-1,-1,-2,0,0,0,58,-82,-10,None
0,3,1,1,8,11,-1,-2,-3,0,0,0,58,-82,-10,None
0,-6,-5,-8,10,11,-4,-2,-2,0,0,0,58,-82,-10,None
0,-6,-5,-8,10,11,-4,-2,-2,0,0,0,58,-82,-10,None
0,-6,-5,-8,10,11,-4,-2,-2,0,0,0,58,-83,-9,None
0,-4,-6,-14,-20,8,0,-3,-1,0,0,0,58,-83,-9,None
0,-3,6,-6,-31,-7,0,-1,-1,0,0,0,58,-83,-9,None
0,-1,-1,9,-13,-11,-1,-2,-2,0,0,0,58,-83,-9,None
0,1,4,-3,1,-3,-2,-1,-1,0,0,0,58,-83,-9,None
0,1,4,-3,1,-3,-2,-1,-1,0,0,0,58,-83,-9,None
0,1,4,-3,1,-3,-2,-1,-1,0,0,0,58,-83,-10,None
0,-1,-1,6,19,0,-1,-1,-1,0,0,0,58,-83,-10,None
0,-1,2,-6,-3,6,-1,-2,-2,0,0,0,58,-83,-10,None
0,-1,3,-9,0,-3,-3,0,0,0,0,0,58,-83,-10,None
0,-3,-3,-3,-4,-2,-2,-1,-1,0,0,0,58,-83,-10,None
0,-3,-3,-3,-4,-2,-2,-1,-1,0,0,0,58,-83,-10,None
0,-3,-3,-3,-4,-2,-2,-1,-1,0,0,0,58,-82,-10,None
0,0,8,6,5,-2,1,-3,-2,0,0,0,58,-82,-10,None
0,0,2,-13,-42,-19,-6,-2,-1,0,0,0,58,-82,-10,None
0,-1,-3,2,23,27,2,-2,-1,0,0,0,58,-82,-10,None
0,-1,0,0,12,35,1,-2,0,0,0,0,58,-82,-10,None
0,-1,0,0,12,35,1,-2,0,0,0,0,58,-82,-10,None
0,-1,0,0,12,35,1,-2,0,0,0,0,58,-82,-9,None
0,-3,-1,5,32,-12,-6,-1,-1,0,0,0,58,-82,-9,None
0,2,13,-4,1,-7,-3,-1,-2,0,0,0,58,-82,-9,None
0,-1,1,-2,-1,-7,0,-1,-3,0,0,0,58,-82,-9,None
0,0,-1,3,-6,5,0,-2,-1,0,0,0,58,-82,-9,None
0,0,-1,3,-6,5,0,-2,-1,0,0,0,58,-82,-9,None
0,0,-1,3,-6,5,0,-2,-1,0,0,0,58,-81,-9,None
0,0,3,3,53,25,3,2,1,0,0,0,58,-81,-9,None
0,0,-2,25,64,-1,-2,-1,-3,0,0,0,58,-81,-9,None
0,-5,-4,-39,-32,6,-2,-3,-3,0,0,0,58,-81,-9,None
0,-2,-4,5,-45,-30,-4,-4,-3,0,0,0,58,-81,-9,None
0,-2,-4,5,-45,-30,-4,-4,-3,0,0,0,58,-81,-9,None
0,-2,-4,5,-45,-30,-4,-4,-3,0,0,0,58,-81,-11,None
0,-1,-3,8,1,5,-3,-1,-1,0,0,0,58,-81,-11,None
0,-1,0,-4,15,12,0,-2,-1,0,0,0,58,-81,-11,None
0,-1,3,6,8,-4,0,0,-1,0,0,0,58,-81,-11,None
0,3,6,-4,-6,-13,0,0,0,0,0,0,58,-81,-11,None
0,3,6,-4,-6,-13,0,0,0,0,0,0,58,-81,-11,None
0,3,6,-4,-6,-13,0,0,0,0,0,0,58,-79,-11,None
0,-3,-4,-4,-8,-6,1,-2,-3,0,0,0,58,-79,-11,None
0,-1,0,-10,-25,0,1,0,0,0,0,0,58,-79,-11,None
0,3,16,5,1,-4,-3,-1,1,0,0,0,58,-79,-11,None
0,1,-25,-8,32,15,-1,-1,-2,0,0,0,58,-79,-11,None
0,1,-25,-8,32,15,-1,-1,-2,0,0,0,58,-79,-11,None
0,1,-25,-8,32,15,-1,-1,-2,0,0,0,58,-79,-13,None
0,-3,-6,-2,-46,-9,-1,-2,-2,0,0,0,58,-79,-13,None
0,0,0,-5,15,-1,-1,-2,-1,0,0,0,58,-79,-13,None
0,-1,-1,-1,3,-8,-2,-1,-1,0,0,0,58,-79,-13,None
0,-1,6,1,10,2,0,0,-1,0,0,0,58,-79,-13,None
0,-1,6,1,10,2,0,0,-1,0,0,0,58,-79,-13,None
0,-1,6,1,10,2,0,0,-1,0,0,0,59,-79,-14,None
0,-1,0,-1,-8,3,-1,-2,-1,0,0,0,59,-79,-14,None
0,-3,-2,-4,-11,1,0,0,-1,0,0,0,59,-79,-14,None
0,-3,-1,0,2,-6,-2,-2,-2,0,0,0,59,-79,-14,None
0,-2,5,-6,-3,-5,-1,-2,-3,0,0,0,59,-79,-14,None
0,-2,5,-6,-3,-5,-1,-2,-3,0,0,0,59,-79,-14,None
0,-2,5,-6,-3,-5,-1,-2,-3,0,0,0,59,-79,-14,None
0,0,-1,2,8,-6,0,-1,-1,0,0,0,59,-79,-14,None
0,-1,3,-16,2,19,0,-3,-2,0,0,0,59,-79,-14,None
0,-2,-4,6,26,-21,-5,-4,-2,0,0,0,59,-79,-14,None
0,-3,3,2,32,-8,3,-2,-2,0,0,0,59,-79,-14,None
0,-3,3,2,32,-8,3,-2,-2,0,0,0,59,-79,-14,None
0,-3,3,2,32,-8,3,-2,-2,0,0,0,59,-79,-14,None
0,-2,-1,-5,-33,-7,-1,-3,-1,0,0,0,59,-79,-14,None
0,-1,1,4,9,11,4,-1,0,0,0,0,59,-79,-14,None
0,0,0,0,-12,5,0,-1,0,0,0,0,59,-79,-14,None
0,-1,1,-3,-5,-7,-5,-2,-1,0,0,0,59,-79,-14,None
0,-1,1,-3,-5,-7,-5,-2,-1,0,0,0,59,-79,-14,None
0,-1,1,-3,-5,-7,-5,-2,-1,0,0,0,58,-78,-13,None
0,-2,1,-1,17,-5,0,0,-1,0,0,0,58,-78,-13,None
0,-2,0,-3,-14,-7,0,-1,-1,0,0,0,58,-78,-13,None
0,-3,-2,-3,-1,3,-2,-3,-1,0,0,0,58,-78,-13,None
0,0,5,-3,-8,2,0,-1,-1,0,0,0,58,-78,-13,None
0,0,5,-3,-8,2,0,-1,-1,0,0,0,58,-78,-13,None
0,0,5,-3,-8,2,0,-1,-1,0,0,0,58,-78,-13,None
0,-4,7,9,46,12,0,0,-2,0,0,0,58,-78,-13,None
0,-1,-32,-3,-60,-8,-5,-2,-2,0,0,0,58,-78,-13,None
0,-4,-3,-11,10,6,0,-3,-4,0,0,0,58,-78,-13,None
0,-1,2,-1,7,19,0,-2,-2,0,0,0,58,-78,-13,None
0,-1,2,-1,7,19,0,-2,-2,0,0,0,58,-78,-13,None
0,-1,2,-1,7,19,0,-2,-2,0,0,0,59,-80,-13,None
0,1,-2,-1,2,3,-2,0,-1,0,0,0,59,-80,-13,None
0,-1,8,1,7,0,-2,-1,0,0,0,0,59,-80,-13,None
0,0,1,1,-1,-3,-1,-1,-1,0,0,0,59,-80,-13,None
0,-1,-3,-6,-22,-10,-2,0,-1,0,0,0,59,-80,-13,None
0,-1,-3,-6,-22,-10,-2,0,-1,0,0,0,59,-80,-13,None
0,-1,-3,-6,-22,-10,-2,0,-1,0,0,0,59,-81,-12,None
0,-2,0,-5,-9,7,-3,-3,-2,0,0,0,59,-81,-12,None
0,-2,8,-1,11,3,0,-2,-1,0,0,0,59,-81,-12,None
0,0,-2,-1,-16,0,-1,-1,-1,0,0,0,59,-81,-12,None
0,-3,6,-4,5,0,-2,-2,-1,0,0,0,59,-81,-12,None
0,-3,6,-4,5,0,-2,-2,-1,0,0,0,59,-81,-12,None
0,-3,6,-4,5,0,-2,-2,-1,0,0,0,58,-79,-12,None
0,-1,0,-4,-9,-3,-2,-3,-2,0,0,0,58,-79,-12,None
0,1,7,0,5,-5,1,-2,-1,0,0,0,58,-79,-12,None
0,0,0,-9,20,2,-5,-1,-2,0,0,0,58,-79,-12,None
0,-2,0,1,0,-4,-3,-2,-1,0,0,0,58,-79,-12,None
0,-2,0,1,0,-4,-3,-2,-1,0,0,0,58,-79,-12,None
0,-2,0,1,0,-4,-3,-2,-1,0,0,0,58,-80,-13,None
0,-1,-3,-7,-29,3,0,-4,-1,0,0,0,58,-80,-13,None
0,-1,2,-2,0,-7,1,0,-1,0,0,0,58,-80,-13,None
0,-1,2,-1,5,5,0,-1,-1,0,0,0,58,-80,-13,None
0,-1,2,-4,1,-2,-3,1,-1,0,0,0,58,-80,-13,None
0,-1,2,-4,1,-2,-3,1,-1,0,0,0,58,-80,-13,None
0,-1,2,-4,1,-2,-3,1,-1,0,0,0,59,-80,-11,None
0,-1,0,-2,-9,-4,0,0,0,0,0,0,59,-80,-11,None
0,-1,5,-5,15,2,-2,-2,-2,0,0,0,59,-80,-11,None
0,-1,-2,0,-9,1,-1,-1,-1,0,0,0,59,-80,-11,None
0,0,5,6,7,3,1,-3,-1,0,0,0,59,-80,-11,None
0,0,5,6,7,3,1,-3,-1,0,0,0,59,-80,-11,None
0,0,5,6,7,3,1,-3,-1,0,0,0,58,-81,-12,None
0,-4,-4,-1,3,-3,-3,-2,0,0,0,0,58,-81,-12,None
0,-2,2,-2,0,0,-3,1,-1,0,0,0,58,-81,-12,None
0,-2,-1,-5,-24,-9,-2,-1,-2,0,0,0,58,-81,-12,None
0,-3,-1,1,1,5,-1,-2,-2,0,0,0,58,-81,-12,None
0,-3,-1,1,1,5,-1,-2,-2,0,0,0,58,-81,-12,None
0,-3,-1,1,1,5,-1,-2,-2,0,0,0,58,-80,-12,None
0,1,2,-2,16,2,0,0,-1,0,0,0,58,-80,-12,None
0,0,1,-3,6,3,0,-3,-2,0,0,0,58,-80,-12,None
0,-1,1,2,2,1,0,-1,0,0,0,0,58,-80,-12,None
0,-3,6,-4,16,1,0,0,-1,0,0,0,58,-80,-12,None
0,-3,6,-4,16,1,0,0,-1,0,0,0,58,-80,-12,None
0,-3,6,-4,16,1,0,0,-1,0,0,0,58,-79,-12,None
0,0,1,7,-18,0,-4,-2,-2,0,0,0,58,-79,-12,None
0,-2,-1,-12,-17,5,-1,-2,0,0,0,0,58,-79,-12,None
0,-3,-5,2,10,0,-1,0,-1,0,0,0,58,-79,-12,None
0,-1,2,-6,-2,24,0,-3,-1,0,0,0,58,-79,-12,None
0,-1,2,-6,-2,24,0,-3,-1,0,0,0,58,-79,-12,None
0,-1,2,-6,-2,24,0,-3,-1,0,0,0,58,-80,-12,None
0,-2,-2,-3,-8,-4,1,-2,-2,0,0,0,58,-80,-12,None
0,-3,-2,3,-4,-1,2,-1,-1,0,0,0,58,-80,-12,None
0,2,6,1,2,-2,-2,-1,-1,0,0,0,58,-80,-12,None
0,0,-3,-4,-11,-3,0,-2,0,0,0,0,58,-80,-12,None
0,0,-3,-4,-11,-3,0,-2,0,0,0,0,58,-80,-12,None
0,0,-3,-4,-11,-3,0,-2,0,0,0,0,59,-80,-12,None
0,-2,-1,-5,3,0,-2,-2,-2,0,0,0,59,-80,-12,None
0,0,14,-1,7,0,-3,-3,0,0,0,0,59,-80,-12,None
0,-4,-14,0,-3,8,-1,-2,-3,0,0,0,59,-80,-12,None
0,-2,-5,-7,5,4,-1,-2,-3,0,0,0,59,-80,-12,None
0,-2,-5,-7,5,4,-1,-2,-3,0,0,0,59,-80,-12,None
0,-2,-5,-7,5,4,-1,-2,-3,0,0,0,59,-80,-13,None
0,-2,-4,-3,-5,5,-2,-1,-3,0,0,0,59,-80,-13,None
0,-2,2,0,-10,-2,-1,-2,-2,0,0,0,59,-80,-13,None
0,1,6,2,7,0,0,0,0,0,0,0,59,-80,-13,None
0,0,1,-2,-10,-8,-1,-1,-1,0,0,0,59,-80,-13,None
0,0,1,-2,-10,-8,-1,-1,-1,0,0,0,59,-80,-13,None
0,0,1,-2,-10,-8,-1,-1,-1,0,0,0,59,-80,-12,None
0,-1,1,-2,6,-1,-2,-1,-1,0,0,0,59,-80,-12,None
0,0,-3,-1,8,4,-1,-2,-1,0,0,0,59,-80,-12,None
0,-1,3,-2,-8,1,-1,-2,-1,0,0,0,59,-80,-12,None
0,0,-3,-4,-15,-8,-1,1,0,0,0,0,59,-80,-12,None
0,0,-3,-4,-15,-8,-1,1,0,0,0,0,59,-80,-12,None
0,0,-3,-4,-15,-8,-1,1,0,0,0,0,59,-79,-12,None
0,-1,3,-1,39,2,0,0,-1,0,0,0,59,-79,-12,None
