0,0,0,-2,-4,-5,-11,20,2,0,0,0,92,-103,13,None
0,0,1,0,-12,-6,9,-1,0,0,0,0,92,-103,13,None
0,-1,1,2,20,9,7,10,-1,0,0,0,92,-103,13,None
0,-1,1,2,20,9,7,10,-1,0,0,0,92,-103,13,None
0,-1,1,2,20,9,7,10,-1,0,0,0,98,-114,13,None
0,-2,-4,-10,3,16,-35,-28,-3,0,0,0,98,-114,13,None
0,-4,-1,3,-18,-14,17,9,-7,0,0,0,98,-114,13,None
0,1,0,-2,25,1,-8,-35,2,0,0,0,98,-114,13,None
0,2,4,0,-13,-23,32,57,5,0,0,0,98,-114,13,None
0,2,4,0,-13,-23,32,57,5,0,0,0,98,-114,13,None
0,2,4,0,-13,-23,32,57,5,0,0,0,88,-118,18,None
0,0,-2,-2,-15,0,-5,-21,-1,0,0,0,88,-118,18,None
0,-5,2,13,-28,1,-28,-7,-5,0,0,0,88,-118,18,None
0,-3,-2,-8,-18,-19,29,6,-3,0,0,0,88,-118,18,None
0,1,0,-5,-38,6,-19,-19,-4,0,0,0,88,-118,18,None
0,1,0,-5,-38,6,-19,-19,-4,0,0,0,88,-118,18,None
0,1,0,-5,-38,6,-19,-19,-4,0,0,0,74,-131,21,None
0,-3,-1,-3,-27,-11,-9,0,-5,0,0,0,74,-131,21,None
0,0,2,-2,8,-7,5,10,4,0,0,0,74,-131,21,None
0,-6,-5,-6,-6,26,-21,-11,-7,0,0,0,74,-131,21,None
0,-2,-1,-2,1,20,-2,-12,-1,0,0,0,74,-131,21,None
0,-2,-1,-2,1,20,-2,-12,-1,0,0,0,74,-131,21,None
0,-2,-1,-2,1,20,-2,-12,-1,0,0,0,56,-138,15,None
0,1,2,3,10,-29,11,21,3,0,0,0,56,-138,15,None
0,-1,-3,-11,22,4,-8,-19,-5,0,0,0,56,-138,15,None
0,-2,-1,-4,6,-5,0,1,-1,0,0,0,56,-138,15,None
0,-2,-1,-4,-9,-2,-12,12,0,0,0,0,56,-138,15,None
0,-2,-1,-4,-9,-2,-12,12,0,0,0,0,56,-138,15,None
0,-2,-1,-4,-9,-2,-12,12,0,0,0,0,42,-143,17,None
0,-2,0,8,58,39,-7,-11,-4,0,0,0,42,-143,17,None
0,-1,-1,-8,-73,-17,16,-1,0,0,0,0,42,-143,17,None
0,-2,0,-4,10,-2,-16,3,-3,0,0,0,42,-143,17,None
0,1,-2,-2,21,-11,-1,-12,-3,0,0,0,42,-143,17,None
0,1,-2,-2,21,-11,-1,-12,-3,0,0,0,42,-143,17,None
0,1,-2,-2,21,-11,-1,-12,-3,0,0,0,41,-154,12,None
0,0,3,7,20,2,-12,-3,0,0,0,0,41,-154,12,None
0,1,1,-7,29,-10,7,7,2,0,0,0,41,-154,12,None
0,-2,-1,-6,-32,-10,-12,1,-3,0,0,0,41,-154,12,None
0,-4,0,-1,-52,32,-3,-19,-7,0,0,0,41,-154,12,None
0,-4,0,-1,-52,32,-3,-19,-7,0,0,0,41,-154,12,None
0,-4,0,-1,-52,32,-3,-19,-7,0,0,0,39,-140,19,None
0,-2,1,-6,-33,-32,9,7,-1,0,0,0,39,-140,19,None
0,-1,2,-2,0,9,-7,-5,-4,0,0,0,39,-140,19,None
0,2,1,2,14,-25,6,6,1,0,0,0,39,-140,19,None
0,-2,0,3,-2,17,2,-9,-3,0,0,0,39,-140,19,None
0,-2,0,3,-2,17,2,-9,-3,0,0,0,39,-140,19,None
0,-2,0,3,-2,17,2,-9,-3,0,0,0,27,-136,24,None
0,-1,0,-5,-16,10,3,4,1,0,0,0,27,-136,24,None
0,-2,0,-2,30,-5,-3,-4,-2,0,0,0,27,-136,24,None
0,-1,2,3,-3,4,0,4,0,0,0,0,27,-136,24,None
0,1,6,7,19,-23,13,2,3,0,0,0,27,-136,24,None
0,1,6,7,19,-23,13,2,3,0,0,0,27,-136,24,None
0,1,6,7,19,-23,13,2,3,0,0,0,19,-128,24,None
0,-3,-4,-11,0,-25,-6,-5,-6,0,0,0,19,-128,24,None
0,-1,-1,0,-19,31,-3,-4,-1,0,0,0,19,-128,24,None
0,2,2,3,51,26,8,2,-1,0,0,0,19,-128,24,None
0,-4,-4,-12,-70,-31,-2,-6,-2,0,0,0,19,-128,24,None
0,-4,-4,-12,-70,-31,-2,-6,-2,0,0,0,19,-128,24,None
0,-4,-4,-12,-70,-31,-2,-6,-2,0,0,0,14,-123,24,None
0,1,4,2,0,11,3,3,0,0,0,0,14,-123,24,None
0,-1,1,-11,-40,-38,5,1,2,0,0,0,14,-123,24,None
0,-2,0,1,15,12,-2,1,0,0,0,0,14,-123,24,None
0,-1,0,-1,35,-9,-10,-8,-4,0,0,0,14,-123,24,None
0,-1,0,-1,35,-9,-10,-8,-4,0,0,0,14,-123,24,None
0,-1,0,-1,35,-9,-10,-8,-4,0,0,0,10,-118,19,None
0,0,2,-1,13,14,10,4,3,0,0,0,10,-118,19,None
0,-1,6,1,-25,-34,6,2,2,0,0,0,10,-118,19,None
0,-4,-2,-5,11,38,-5,-3,-5,0,0,0,10,-118,19,None
0,-1,2,2,32,6,-3,-3,-1,0,0,0,10,-118,19,None
0,-1,2,2,32,6,-3,-3,-1,0,0,0,10,-118,19,None
0,-1,2,2,32,6,-3,-3,-1,0,0,0,2,-106,17,None
0,0,1,-6,-41,-23,10,4,-2,0,0,0,2,-106,17,None
0,0,3,4,-6,29,7,1,1,0,0,0,2,-106,17,None
0,-2,-1,-4,-34,-26,-11,-3,-1,0,0,0,2,-106,17,None
0,-2,2,2,-3,25,3,-7,-20,0,0,0,2,-106,17,None
0,-2,2,2,-3,25,3,-7,-20,0,0,0,2,-106,17,None
0,-2,2,2,-3,25,3,-7,-20,0,0,0,-2,-100,16,None
0,-6,-4,-2,-26,-9,-6,-2,12,0,0,0,-2,-100,16,None
0,-1,1,-4,-10,15,-4,-5,0,0,0,0,-2,-100,16,None
0,-3,3,-1,-4,37,2,1,-17,0,0,0,-2,-100,16,None
0,1,1,-4,-5,-8,-1,8,16,0,0,0,-2,-100,16,None
0,1,1,-4,-5,-8,-1,8,16,0,0,0,-2,-100,16,None
0,1,1,-4,-5,-8,-1,8,16,0,0,0,-8,-96,13,None
0,-3,-2,-4,26,15,-6,-6,-10,0,0,0,-8,-96,13,None
0,0,0,1,4,6,-6,-14,-7,0,0,0,-8,-96,13,None
0,-4,-2,-7,-36,-28,-6,12,-6,0,0,0,-8,-96,13,None
0,-3,2,1,19,-17,2,-7,-1,0,0,0,-8,-96,13,None
0,-3,2,1,19,-17,2,-7,-1,0,0,0,-8,-96,13,None
0,-3,2,1,19,-17,2,-7,-1,0,0,0,-15,-88,13,None
0,1,4,-3,33,53,9,-2,5,0,0,0,-15,-88,13,None
0,-1,-2,0,-27,13,-8,2,-22,0,0,0,-15,-88,13,None
0,-1,0,-1,17,-8,2,-1,28,0,0,0,-15,-88,13,None
0,0,1,-4,18,-7,-6,-2,-9,0,0,0,-15,-88,13,None
0,0,1,-4,18,-7,-6,-2,-9,0,0,0,-15,-88,13,None
0,0,1,-4,18,-7,-6,-2,-9,0,0,0,-16,-81,13,None
0,-2,-2,-1,-15,-3,-8,-14,11,0,0,0,-16,-81,13,None
0,-2,-1,-1,20,1,17,18,-1,0,0,0,-16,-81,13,None
0,-1,-1,-7,-42,-14,-9,-14,-20,0,0,0,-16,-81,13,None
0,0,-1,-1,12,-5,-3,9,46,0,0,0,-16,-81,13,None
0,0,-1,-1,12,-5,-3,9,46,0,0,0,-16,-81,13,None
0,0,-1,-1,12,-5,-3,9,46,0,0,0,-16,-69,13,None
0,-1,1,-2,-10,14,-2,-1,-13,0,0,0,-16,-69,13,None
0,-3,-2,-4,15,26,-5,-10,9,0,0,0,-16,-69,13,None
0,-4,-3,-2,27,-29,-3,2,-29,0,0,0,-16,-69,13,None
0,2,1,0,-35,1,-9,-18,-3,0,0,0,-16,-69,13,None
0,2,1,0,-35,1,-9,-18,-3,0,0,0,-16,-69,13,None
0,2,1,0,-35,1,-9,-18,-3,0,0,0,-19,-60,13,None
0,-2,0,0,-8,2,7,15,8,0,0,0,-19,-60,13,None
0,-1,-6,-8,30,-7,0,-2,-1,0,0,0,-19,-60,13,None
0,2,4,0,14,58,0,-16,29,0,0,0,-19,-60,13,None
0,-3,4,9,39,-49,-1,14,-42,0,0,0,-19,-60,13,None
0,-3,4,9,39,-49,-1,14,-42,0,0,0,-19,-60,13,None
0,-3,4,9,39,-49,-1,14,-42,0,0,0,-23,-50,15,None
0,0,1,-7,1,-25,-2,1,3,0,0,0,-23,-50,15,None
0,-2,-5,3,27,2,-7,2,-6,0,0,0,-23,-50,15,None
0,-2,2,-4,-23,-36,2,-12,9,0,0,0,-23,-50,15,None
0,2,-4,3,56,33,7,11,3,0,0,0,-23,-50,15,None
0,2,-4,3,56,33,7,11,3,0,0,0,-23,-50,15,None
0,2,-4,3,56,33,7,11,3,0,0,0,-25,-40,18,None
0,1,3,2,-31,-16,-11,-12,18,0,0,0,-25,-40,18,None
0,-7,5,-1,-9,-20,5,3,-32,0,0,0,-25,-40,18,None
0,5,16,6,26,-71,-2,11,14,0,0,0,-25,-40,18,None
0,-2,-14,-15,-11,76,14,-5,-16,0,0,0,-25,-40,18,None
0,-2,-14,-15,-11,76,14,-5,-16,0,0,0,-25,-40,18,None
0,-2,-14,-15,-11,76,14,-5,-16,0,0,0,-27,-34,22,None
0,1,9,0,38,24,3,17,18,0,0,0,-27,-34,22,None
0,1,-12,-5,-7,-16,-5,-23,-2,0,0,0,-27,-34,22,None
0,-7,-9,2,-51,-1,1,11,-15,0,0,0,-27,-34,22,None
0,-2,7,-3,-25,19,1,-5,23,0,0,0,-27,-34,22,None
0,-2,7,-3,-25,19,1,-5,23,0,0,0,-27,-34,22,None
0,-2,7,-3,-25,19,1,-5,23,0,0,0,-30,-28,27,None
0,-2,-4,0,7,15,-4,-9,-15,0,0,0,-30,-28,27,None
0,-4,1,-10,-2,-25,-15,-13,-41,0,0,0,-30,-28,27,None
0,2,-9,3,50,21,10,6,43,0,0,0,-30,-28,27,None
0,-5,0,-6,-31,-31,3,-12,-12,0,0,0,-30,-28,27,None
0,-5,0,-6,-31,-31,3,-12,-12,0,0,0,-30,-28,27,None
0,-5,0,-6,-31,-31,3,-12,-12,0,0,0,-32,-16,30,None
0,0,-11,-9,-29,6,-5,2,-9,0,0,0,-32,-16,30,None
0,11,-4,-2,38,17,16,-9,-4,0,0,0,-32,-16,30,None
0,-5,-5,-4,-28,-13,-4,3,-9,0,0,0,-32,-16,30,None
0,3,4,-12,-9,13,-3,12,-8,0,0,0,-32,-16,30,None
0,3,4,-12,-9,13,-3,12,-8,0,0,0,-32,-16,30,None
0,3,4,-12,-9,13,-3,12,-8,0,0,0,-37,-6,34,None
0,-2,-5,1,0,-38,9,-2,15,0,0,0,-37,-6,34,None
0,-3,9,-5,7,3,-8,-3,16,0,0,0,-37,-6,34,None
0,-1,2,-4,11,41,-4,-18,-16,0,0,0,-37,-6,34,None
0,1,4,10,-1,-25,6,16,8,0,0,0,-37,-6,34,None
0,1,4,10,-1,-25,6,16,8,0,0,0,-37,-6,34,None
0,1,4,10,-1,-25,6,16,8,0,0,0,-43,2,42,None
0,-3,11,1,-22,5,-3,-1,19,0,0,0,-43,2,42,None
0,1,5,5,1,10,-2,4,6,0,0,0,-43,2,42,None
0,1,1,-5,-46,4,-4,2,0,0,0,0,-43,2,42,None
0,-6,3,3,9,29,-7,-11,-21,0,0,0,-43,2,42,None
0,-6,3,3,9,29,-7,-11,-21,0,0,0,-43,2,42,None
0,-6,3,3,9,29,-7,-11,-21,0,0,0,-49,0,51,None
0,2,0,-8,10,-59,5,-1,-25,0,0,0,-49,0,51,None
0,-5,-3,6,30,24,-6,1,30,0,0,0,-49,0,51,None
0,-2,0,-17,-10,-2,-3,0,-45,0,0,0,-49,0,51,None
0,1,-1,-5,-45,20,6,-2,3,0,0,0,-49,0,51,None
0,1,-1,-5,-45,20,6,-2,3,0,0,0,-49,0,51,None
0,1,-1,-5,-45,20,6,-2,3,0,0,0,-53,-1,55,None
0,-1,-2,-1,22,-31,-8,-4,-11,0,0,0,-53,-1,55,None
0,-3,2,6,12,-23,-7,-2,-7,0,0,0,-53,-1,55,None
0,-1,6,2,-3,29,8,8,3,0,0,0,-53,-1,55,None
0,-1,-3,-6,1,-27,-8,-6,18,0,0,0,-53,-1,55,None
0,-1,-3,-6,1,-27,-8,-6,18,0,0,0,-53,-1,55,None
0,-1,-3,-6,1,-27,-8,-6,18,0,0,0,-54,3,57,None
0,-5,-3,3,19,31,6,5,-11,0,0,0,-54,3,57,None
0,-2,2,-7,-29,5,3,0,23,0,0,0,-54,3,57,None
0,0,2,8,34,73,-6,-20,5,0,0,0,-54,3,57,None
0,-6,-4,-2,-3,-94,-17,-2,-49,0,0,0,-54,3,57,None
0,-6,-4,-2,-3,-94,-17,-2,-49,0,0,0,-54,3,57,None
0,-6,-4,-2,-3,-94,-17,-2,-49,0,0,0,-61,5,62,None
0,2,3,1,10,99,7,15,23,0,0,0,-61,5,62,None
0,2,3,-5,-6,-40,0,6,9,0,0,0,-61,5,62,None
0,-2,-5,-10,-37,30,0,0,3,0,0,0,-61,5,62,None
0,-3,-3,-6,27,11,0,-12,2,0,0,0,-61,5,62,None
0,-3,-3,-6,27,11,0,-12,2,0,0,0,-61,5,62,None
0,-3,-3,-6,27,11,0,-12,2,0,0,0,-61,2,68,None
0,-1,2,2,-31,-13,-8,-8,-22,0,0,0,-61,2,68,None
0,-1,1,0,-1,3,4,7,-1,0,0,0,-61,2,68,None
0,0,2,4,4,-40,-2,0,-3,0,0,0,-61,2,68,None
0,0,4,-2,-33,53,-2,-4,11,0,0,0,-61,2,68,None
0,0,4,-2,-33,53,-2,-4,11,0,0,0,-61,2,68,None
0,0,4,-2,-33,53,-2,-4,11,0,0,0,-57,0,70,None
0,-5,24,16,4,-87,-20,-14,-24,0,0,0,-57,0,70,None
0,-4,-17,-9,14,15,2,3,7,0,0,0,-57,0,70,None
0,-1,-1,-7,-1,-26,-2,-5,0,0,0,0,-57,0,70,None
0,1,1,2,13,58,-7,-4,5,0,0,0,-57,0,70,None
0,1,1,2,13,58,-7,-4,5,0,0,0,-57,0,70,None
0,1,1,2,13,58,-7,-4,5,0,0,0,-62,0,70,None
0,-4,-1,-7,0,14,1,-4,-3,0,0,0,-62,0,70,None
0,0,9,9,24,-16,-4,-5,-8,0,0,0,-62,0,70,None
0,-2,0,-12,-29,-12,2,2,-3,0,0,0,-62,0,70,None
0,-5,1,-1,32,22,0,-1,4,0,0,0,-62,0,70,None
0,-5,1,-1,32,22,0,-1,4,0,0,0,-62,0,70,None
0,-5,1,-1,32,22,0,-1,4,0,0,0,-66,-1,71,None
0,6,1,-11,-27,22,-5,-4,-9,0,0,0,-66,-1,71,None
0,3,-5,-6,15,4,14,7,8,0,0,0,-66,-1,71,None
0,4,13,11,18,-10,-7,2,1,0,0,0,-66,-1,71,None
0,2,-9,1,-7,4,8,3,12,0,0,0,-66,-1,71,None
0,2,-9,1,-7,4,8,3,12,0,0,0,-66,-1,71,None
0,2,-9,1,-7,4,8,3,12,0,0,0,-68,-1,72,None
0,-1,-6,-11,0,24,-1,-5,-5,0,0,0,-68,-1,72,None
0,-3,0,-4,-20,-36,-8,-3,-7,0,0,0,-68,-1,72,None
0,3,8,12,-2,31,2,0,1,0,0,0,-68,-1,72,None
0,-1,8,-10,-19,-36,-6,-7,-8,0,0,0,-68,-1,72,None
0,-1,8,-10,-19,-36,-6,-7,-8,0,0,0,-68,-1,72,None
0,-1,8,-10,-19,-36,-6,-7,-8,0,0,0,-70,0,75,None
0,-3,-10,-4,10,30,6,4,3,0,0,0,-70,0,75,None
0,4,2,-5,-10,2,0,3,3,0,0,0,-70,0,75,None
0,-4,-4,-6,15,-16,0,4,0,0,0,0,-70,0,75,None
0,-4,14,-10,5,-41,-19,-16,-13,0,0,0,-70,0,75,None
0,-4,14,-10,5,-41,-19,-16,-13,0,0,0,-70,0,75,None
0,-4,14,-10,5,-41,-19,-16,-13,0,0,0,-72,6,81,None
0,2,-16,1,-38,5,19,12,8,0,0,0,-72,6,81,None
0,-4,-10,1,26,29,-2,-3,3,0,0,0,-72,6,81,None
0,0,6,2,20,-15,-2,-4,-5,0,0,0,-72,6,81,None
0,-1,-14,7,4,8,11,8,7,0,0,0,-72,6,81,None
0,-1,-14,7,4,8,11,8,7,0,0,0,-72,6,81,None
0,-1,-14,7,4,8,11,8,7,0,0,0,-78,11,86,None
0,-4,11,-2,9,21,-10,-9,-12,0,0,0,-78,11,86,None
0,-7,13,-5,-9,-36,-13,-9,-12,0,0,0,-78,11,86,None
0,-6,-6,-3,0,20,5,2,-1,0,0,0,-78,11,86,None
0,2,6,-4,12,-2,3,-1,3,0,0,0,-78,11,86,None
0,2,6,-4,12,-2,3,-1,3,0,0,0,-78,11,86,None
0,2,6,-4,12,-2,3,-1,3,0,0,0,-84,12,91,None
0,0,-2,-14,5,-11,-5,-5,-5,0,0,0,-84,12,91,None
0,-2,-5,-5,-45,16,7,5,6,0,0,0,-84,12,91,None
0,-1,-4,24,6,8,5,1,-1,0,0,0,-84,12,91,None
0,-1,-2,0,-32,2,7,2,-7,0,0,0,-84,12,91,None
0,-1,-2,0,-32,2,7,2,-7,0,0,0,-84,12,91,None
0,-1,-2,0,-32,2,7,2,-7,0,0,0,-85,5,94,None
0,-1,4,-2,11,-85,-9,-4,2,0,0,0,-85,5,94,None
0,0,47,3,37,46,-14,-14,-15,0,0,0,-85,5,94,None
0,-7,-17,-40,-29,-42,-15,-4,-2,0,0,0,-85,5,94,None
0,-2,-8,11,19,5,-2,-1,2,0,0,0,-85,5,94,None
0,-2,-8,11,19,5,-2,-1,2,0,0,0,-85,5,94,None
0,-2,-8,11,19,5,-2,-1,2,0,0,0,-83,1,94,None
0,0,-11,-4,0,11,2,1,-2,0,0,0,-83,1,94,None
0,2,7,30,-12,8,7,4,2,0,0,0,-83,1,94,None
0,1,12,8,46,9,-6,-4,-5,0,0,0,-83,1,94,None
0,-7,-4,-21,1,-11,-5,0,1,0,0,0,-83,1,94,None
0,-7,-4,-21,1,-11,-5,0,1,0,0,0,-83,1,94,None
0,-7,-4,-21,1,-11,-5,0,1,0,0,0,-84,0,89,None
0,1,-9,-5,-31,-4,0,-4,-3,0,0,0,-84,0,89,None
0,-6,-10,-15,11,18,-5,-5,-4,0,0,0,-84,0,89,None
0,-4,-7,-5,6,8,2,-1,-1,0,0,0,-84,0,89,None
0,2,-3,2,35,7,3,0,2,0,0,0,-84,0,89,None
0,2,-3,2,35,7,3,0,2,0,0,0,-84,0,89,None
0,2,-3,2,35,7,3,0,2,0,0,0,-85,-1,80,None
0,-1,13,0,-12,-4,-2,-3,-3,0,0,0,-85,-1,80,None
0,2,6,-20,21,34,2,2,-1,0,0,0,-85,-1,80,None
0,0,-41,19,24,4,15,10,9,0,0,0,-85,-1,80,None
0,-6,-2,-11,-34,-15,-3,-2,2,0,0,0,-85,-1,80,None
0,-6,-2,-11,-34,-15,-3,-2,2,0,0,0,-85,-1,80,None
0,-6,-2,-11,-34,-15,-3,-2,2,0,0,0,-82,-10,75,None
0,-2,19,10,66,2,-6,-5,-8,0,0,0,-82,-10,75,None
0,-2,14,5,25,-15,-15,-10,-8,0,0,0,-82,-10,75,None
0,-3,-1,-30,-37,-3,5,2,-1,0,0,0,-82,-10,75,None
0,10,-4,38,-54,47,-7,-1,4,0,0,0,-82,-10,75,None
0,10,-4,38,-54,47,-7,-1,4,0,0,0,-82,-10,75,None
0,10,-4,38,-54,47,-7,-1,4,0,0,0,-75,-21,70,None
0,-6,-1,17,2,7,-3,-3,-3,0,0,0,-75,-21,70,None
0,1,-14,1,-37,-20,8,1,1,0,0,0,-75,-21,70,None
0,2,18,-12,-43,-23,-5,-5,-5,0,0,0,-75,-21,70,None
0,-1,-22,5,47,-32,8,6,6,0,0,0,-75,-21,70,None
0,-1,-22,5,47,-32,8,6,6,0,0,0,-75,-21,70,None
0,-1,-22,5,47,-32,8,6,6,0,0,0,-69,-34,65,None
0,-1,3,-10,49,2,-2,-3,-4,0,0,0,-69,-34,65,None
0,2,-1,7,32,24,0,0,3,0,0,0,-69,-34,65,None
0,-7,5,-22,19,-30,-13,-6,-5,0,0,0,-69,-34,65,None
0,-2,3,-8,-45,-21,-2,-1,-1,0,0,0,-69,-34,65,None
0,-2,3,-8,-45,-21,-2,-1,-1,0,0,0,-69,-34,65,None
0,-2,3,-8,-45,-21,-2,-1,-1,0,0,0,-64,-42,54,None
0,-3,-3,-25,-41,18,0,-2,-3,0,0,0,-64,-42,54,None
0,-1,-4,32,29,11,8,3,2,0,0,0,-64,-42,54,None
0,3,2,13,12,21,-3,-4,2,0,0,0,-64,-42,54,None
0,-6,12,-19,25,-18,-10,-7,-8,0,0,0,-64,-42,54,None
0,-6,12,-19,25,-18,-10,-7,-8,0,0,0,-64,-42,54,None
0,-6,12,-19,25,-18,-10,-7,-8,0,0,0,-56,-45,53,None
0,-1,0,-34,6,-12,-3,-6,-3,0,0,0,-56,-45,53,None
0,-3,-22,-3,10,43,5,6,5,0,0,0,-56,-45,53,None
0,2,8,11,77,-10,2,-1,-1,0,0,0,-56,-45,53,None
0,-2,7,-10,16,-27,-7,-6,-5,0,0,0,-56,-45,53,None
0,-2,7,-10,16,-27,-7,-6,-5,0,0,0,-56,-45,53,None
0,-2,7,-10,16,-27,-7,-6,-5,0,0,0,-40,-56,61,None
0,-2,-1,-29,-12,-21,-4,-1,-2,0,0,0,-40,-56,61,None
0,0,-2,-13,-50,-26,3,0,1,0,0,0,-40,-56,61,None
0,-3,1,7,-12,65,1,-4,-6,0,0,0,-40,-56,61,None
0,-2,3,-4,27,50,2,1,0,0,0,0,-40,-56,61,None
0,-2,3,-4,27,50,2,1,0,0,0,0,-40,-56,61,None
0,-2,3,-4,27,50,2,1,0,0,0,0,-34,-62,58,None
0,-1,-4,13,28,-19,-3,-1,2,0,0,0,-34,-62,58,None
0,0,1,-13,4,20,-3,0,-1,0,0,0,-34,-62,58,None
0,0,6,7,38,-47,-9,1,2,0,0,0,-34,-62,58,None
0,0,4,22,45,62,4,-1,1,0,0,0,-34,-62,58,None
0,0,4,22,45,62,4,-1,1,0,0,0,-34,-62,58,None
0,0,4,22,45,62,4,-1,1,0,0,0,-37,-52,47,None
0,-1,0,-3,34,22,2,0,-2,0,0,0,-37,-52,47,None
0,-4,-2,-31,6,-11,-12,-8,-7,0,0,0,-37,-52,47,None
0,-1,-24,54,9,-17,2,1,1,0,0,0,-37,-52,47,None
0,1,9,10,29,-10,1,-3,-5,0,0,0,-37,-52,47,None
0,1,9,10,29,-10,1,-3,-5,0,0,0,-37,-52,47,None
0,1,9,10,29,-10,1,-3,-5,0,0,0,-29,-22,43,None
0,0,-5,30,-1,7,3,5,6,0,0,0,-29,-22,43,None
0,1,1,-19,16,-39,-3,-4,-9,0,0,0,-29,-22,43,None
0,-2,29,25,4,24,-10,-8,-6,0,0,0,-29,-22,43,None
0,-3,-3,-1,-40,-13,1,5,3,0,0,0,-29,-22,43,None
0,-3,-3,-1,-40,-13,1,5,3,0,0,0,-29,-22,43,None
0,-3,-3,-1,-40,-13,1,5,3,0,0,0,-13,-44,48,None
0,0,1,-4,-52,12,4,-3,-6,0,0,0,-13,-44,48,None
0,-1,2,-11,-1,38,-4,-1,6,0,0,0,-13,-44,48,None
0,-2,9,-4,-59,-3,-1,-3,-5,0,0,0,-13,-44,48,None
0,9,-16,57,-5,6,12,2,5,0,0,0,-13,-44,48,None
0,9,-16,57,-5,6,12,2,5,0,0,0,-13,-44,48,None
0,9,-16,57,-5,6,12,2,5,0,0,0,-14,-62,52,None
0,-25,-5,-17,20,10,-1,1,-6,0,0,0,-14,-62,52,None
0,0,0,16,-46,-65,1,1,-1,0,0,0,-14,-62,52,None
0,3,10,-65,-7,25,4,-2,-2,0,0,0,-14,-62,52,None
0,-2,1,17,-40,-1,-8,-3,-1,0,0,0,-14,-62,52,None
0,-2,1,17,-40,-1,-8,-3,-1,0,0,0,-14,-62,52,None
0,-2,1,17,-40,-1,-8,-3,-1,0,0,0,-25,-53,56,None
0,1,-8,-21,-7,-54,-1,-2,-3,0,0,0,-25,-53,56,None
0,0,7,21,6,12,6,2,-8,0,0,0,-25,-53,56,None
0,0,7,21,6,12,6,2,-8,0,0,0,-25,-53,56,None
0,0,7,21,6,12,6,2,-8,0,0,0,-37,-50,64,None
0,-6,-9,3,71,26,-8,-7,4,0,0,0,-37,-50,64,None
0,-3,5,-10,28,-25,-6,3,8,0,0,0,-37,-50,64,None
0,7,1,-24,-9,33,-1,-1,4,0,0,0,-37,-50,64,None
0,-4,3,35,13,7,0,-2,-3,0,0,0,-37,-50,64,None
0,-4,3,35,13,7,0,-2,-3,0,0,0,-37,-50,64,None
0,-4,3,35,13,7,0,-2,-3,0,0,0,-44,-59,70,None
0,5,11,-25,19,-3,-4,-4,-6,0,0,0,-44,-59,70,None
0,-2,0,22,3,-17,-1,-9,-8,0,0,0,-44,-59,70,None
0,4,0,55,4,18,4,3,3,0,0,0,-44,-59,70,None
0,-3,-10,-32,24,25,1,-8,2,0,0,0,-44,-59,70,None
0,-3,-10,-32,24,25,1,-8,2,0,0,0,-44,-59,70,None
0,-3,-10,-32,24,25,1,-8,2,0,0,0,-43,-68,71,None
0,-1,-6,2,-42,-13,1,11,13,0,0,0,-43,-68,71,None
0,-4,6,-8,3,-9,0,-5,-18,0,0,0,-43,-68,71,None
0,-2,2,23,35,22,2,4,0,0,0,0,-43,-68,71,None
0,-1,-4,-20,3,-34,-5,-2,2,0,0,0,-43,-68,71,None
0,-1,-4,-20,3,-34,-5,-2,2,0,0,0,-43,-68,71,None
0,-1,-4,-20,3,-34,-5,-2,2,0,0,0,-45,-71,71,None
0,1,-5,-19,-3,49,5,-2,-6,0,0,0,-45,-71,71,None
0,-4,1,-53,34,-36,-6,-3,-2,0,0,0,-45,-71,71,None
0,0,-4,15,14,-40,-8,-3,0,0,0,0,-45,-71,71,None
0,-2,-4,-21,-7,1,2,0,-6,0,0,0,-45,-71,71,None
0,-2,-4,-21,-7,1,2,0,-6,0,0,0,-45,-71,71,None
0,-2,-4,-21,-7,1,2,0,-6,0,0,0,-49,-70,68,None
0,-1,4,1,3,-4,3,-1,-1,0,0,0,-49,-70,68,None
0,0,5,-32,3,11,-3,-3,-1,0,0,0,-49,-70,68,None
0,1,-1,-1,-15,11,-1,-3,-3,0,0,0,-49,-70,68,None
0,-3,-4,-15,-25,-12,-4,0,2,0,0,0,-49,-70,68,None
0,-3,-4,-15,-25,-12,-4,0,2,0,0,0,-49,-70,68,None
0,-3,-4,-15,-25,-12,-4,0,2,0,0,0,-52,-68,66,None
0,0,2,5,20,-14,2,1,0,0,0,0,-52,-68,66,None
0,-3,2,-6,4,26,-1,-2,-2,0,0,0,-52,-68,66,None
0,2,1,17,-18,19,1,0,1,0,0,0,-52,-68,66,None
0,0,-1,3,10,-18,-2,0,-3,0,0,0,-52,-68,66,None
0,0,-1,3,10,-18,-2,0,-3,0,0,0,-52,-68,66,None
0,0,-1,3,10,-18,-2,0,-3,0,0,0,-48,-69,65,None
0,-1,0,-6,15,-13,-4,-3,-2,0,0,0,-48,-69,65,None
0,-3,2,-2,-5,7,2,-1,-3,0,0,0,-48,-69,65,None
0,-1,1,-19,3,5,3,2,1,0,0,0,-48,-69,65,None
0,-2,-1,5,-12,-3,-8,-1,-1,0,0,0,-48,-69,65,None
0,-2,-1,5,-12,-3,-8,-1,-1,0,0,0,-48,-69,65,None
0,-2,-1,5,-12,-3,-8,-1,-1,0,0,0,-44,-67,66,None
0,-1,-1,9,-5,-9,2,0,-1,0,0,0,-44,-67,66,None
0,0,1,-4,-17,-11,3,-4,-1,0,0,0,-44,-67,66,None
0,-2,-2,-23,-13,15,-8,-3,-2,0,0,0,-44,-67,66,None
0,0,-7,11,6,0,-2,-1,0,0,0,0,-44,-67,66,None
0,0,-7,11,6,0,-2,-1,0,0,0,0,-44,-67,66,None
0,0,-7,11,6,0,-2,-1,0,0,0,0,-45,-61,63,None
0,-2,0,2,1,-17,-2,-1,-1,0,0,0,-45,-61,63,None
0,-1,-4,-4,21,7,-4,0,0,0,0,0,-45,-61,63,None
0,-1,4,-8,18,-12,-2,-3,-3,0,0,0,-45,-61,63,None
0,1,6,-6,-17,-16,-3,-1,-1,0,0,0,-45,-61,63,None
0,1,6,-6,-17,-16,-3,-1,-1,0,0,0,-45,-61,63,None
0,1,6,-6,-17,-16,-3,-1,-1,0,0,0,-42,-58,60,None
0,-4,-5,-3,0,24,5,-1,-3,0,0,0,-42,-58,60,None
0,-1,0,-12,-12,16,-3,-1,0,0,0,0,-42,-58,60,None
0,-2,-1,7,-37,5,-2,-4,-4,0,0,0,-42,-58,60,None
0,0,4,5,5,11,2,0,0,0,0,0,-42,-58,60,None
0,0,4,5,5,11,2,0,0,0,0,0,-42,-58,60,None
0,0,4,5,5,11,2,0,0,0,0,0,-39,-57,57,None
0,-1,-1,-8,11,-14,-3,-2,-2,0,0,0,-39,-57,57,None
0,0,1,-3,-1,-13,-7,-2,-1,0,0,0,-39,-57,57,None
0,1,1,1,12,1,1,-1,-1,0,0,0,-39,-57,57,None
0,-1,3,-2,14,8,-1,-1,-2,0,0,0,-39,-57,57,None
0,-1,3,-2,14,8,-1,-1,-2,0,0,0,-39,-57,57,None
0,-1,3,-2,14,8,-1,-1,-2,0,0,0,-36,-50,53,None
0,-1,-1,-6,8,-9,-3,-1,-1,0,0,0,-36,-50,53,None
0,0,2,-4,1,13,2,0,-2,0,0,0,-36,-50,53,None
0,-2,-1,-2,17,17,-5,0,-1,0,0,0,-36,-50,53,None
0,-4,0,-3,3,14,5,-16,-4,0,0,0,-36,-50,53,None
0,-4,0,-3,3,14,5,-16,-4,0,0,0,-36,-50,53,None
0,-4,0,-3,3,14,5,-16,-4,0,0,0,-30,-41,51,None
0,-1,-1,-1,-8,-7,2,11,-2,0,0,0,-30,-41,51,None
0,1,2,0,-1,6,1,0,2,0,0,0,-30,-41,51,None
0,1,1,-4,14,-29,-2,-1,1,0,0,0,-30,-41,51,None
0,-3,-1,-2,3,10,-17,-4,-3,0,0,0,-30,-41,51,None
0,-3,-1,-2,3,10,-17,-4,-3,0,0,0,-30,-41,51,None
0,-3,-1,-2,3,10,-17,-4,-3,0,0,0,-21,-34,46,None
0,-1,-1,1,-9,15,19,0,-1,0,0,0,-21,-34,46,None
0,-2,1,-6,25,-9,-4,-3,-1,0,0,0,-21,-34,46,None
0,-2,2,-4,6,-10,-3,2,-2,0,0,0,-21,-34,46,None
0,0,2,-1,-12,-5,3,-2,-3,0,0,0,-21,-34,46,None
0,0,2,-1,-12,-5,3,-2,-3,0,0,0,-21,-34,46,None
0,0,2,-1,-12,-5,3,-2,-3,0,0,0,-11,-32,41,None
0,-1,-2,-3,1,-4,-15,-4,0,0,0,0,-11,-32,41,None
0,-1,-2,-4,1,-6,6,10,0,0,0,0,-11,-32,41,None
0,0,1,2,-13,-6,-2,-35,0,0,0,0,-11,-32,41,None
0,0,3,2,6,24,6,34,1,0,0,0,-11,-32,41,None
0,0,3,2,6,24,6,34,1,0,0,0,-11,-32,41,None
0,0,3,2,6,24,6,34,1,0,0,0,-7,-34,32,None
0,-2,0,-3,-6,0,-2,-12,1,0,0,0,-7,-34,32,None
0,-1,1,-4,-8,-11,-2,-3,-3,0,0,0,-7,-34,32,None
0,-2,2,-1,-10,8,-13,-7,-5,0,0,0,-7,-34,32,None
0,0,2,-2,7,-7,12,-1,5,0,0,0,-7,-34,32,None
0,0,2,-2,7,-7,12,-1,5,0,0,0,-7,-34,32,None
0,0,2,-2,7,-7,12,-1,5,0,0,0,-4,-42,34,None
0,0,0,-2,6,1,-6,6,-2,0,0,0,-4,-42,34,None
0,-3,-2,-6,7,-9,-7,-10,-3,0,0,0,-4,-42,34,None
0,-1,1,-1,10,10,7,8,-1,0,0,0,-4,-42,34,None
0,-2,-2,-3,19,-8,-10,-9,-3,0,0,0,-4,-42,34,None
0,-2,-2,-3,19,-8,-10,-9,-3,0,0,0,-4,-42,34,None
0,-2,-2,-3,19,-8,-10,-9,-3,0,0,0,-8,-60,37,None
0,-3,0,-1,13,-4,-4,-1,-5,0,0,0,-8,-60,37,None
0,-3,0,-1,5,5,-10,-7,-2,0,0,0,-8,-60,37,None
0,0,0,-1,-3,4,10,4,-2,0,0,0,-8,-60,37,None
0,-3,-1,-2,0,-9,-6,0,1,0,0,0,-8,-60,37,None
0,-3,-1,-2,0,-9,-6,0,1,0,0,0,-8,-60,37,None
0,-3,-1,-2,0,-9,-6,0,1,0,0,0,-9,-62,31,None
0,0,0,-4,-6,3,2,-4,-1,0,0,0,-9,-62,31,None
0,-2,-1,-2,-9,2,-6,-6,-4,0,0,0,-9,-62,31,None
0,-2,0,-3,-17,-2,2,7,-1,0,0,0,-9,-62,31,None
0,2,2,0,-2,0,-3,2,-1,0,0,0,-9,-62,31,None
0,2,2,0,-2,0,-3,2,-1,0,0,0,-9,-62,31,None
0,2,2,0,-2,0,-3,2,-1,0,0,0,-10,-53,21,None
0,-2,0,-1,-8,-2,1,-5,-3,0,0,0,-10,-53,21,None
0,-2,0,0,-19,1,-8,-2,-2,0,0,0,-10,-53,21,None
0,-2,1,0,22,2,9,6,0,0,0,0,-10,-53,21,None
0,0,1,-2,5,0,6,-3,-3,0,0,0,-10,-53,21,None
0,0,1,-2,5,0,6,-3,-3,0,0,0,-10,-53,21,None
0,0,1,-2,5,0,6,-3,-3,0,0,0,-13,-48,21,None
0,1,-2,-2,-19,-2,-8,-3,0,0,0,0,-13,-48,21,None
0,0,2,0,5,0,1,0,0,0,0,0,-13,-48,21,None
0,-2,-3,-5,-2,0,-7,-6,-2,0,0,0,-13,-48,21,None
0,-3,0,-2,17,6,8,-1,-2,0,0,0,-13,-48,21,None
0,-3,0,-2,17,6,8,-1,-2,0,0,0,-13,-48,21,None
0,-3,0,-2,17,6,8,-1,-2,0,0,0,-23,-64,27,None
0,-2,1,-4,8,-4,-9,-5,-3,0,0,0,-23,-64,27,None
0,-2,-1,-4,14,0,6,3,0,0,0,0,-23,-64,27,None
0,0,2,1,9,5,-5,-1,-1,0,0,0,-23,-64,27,None
0,-1,-2,-2,-29,-6,-5,-3,-1,0,0,0,-23,-64,27,None
0,-1,-2,-2,-29,-6,-5,-3,-1,0,0,0,-23,-64,27,None
0,-1,-2,-2,-29,-6,-5,-3,-1,0,0,0,-37,-68,26,None
0,-2,1,1,16,7,2,0,-2,0,0,0,-37,-68,26,None
0,1,2,-1,-1,-4,3,-2,-2,0,0,0,-37,-68,26,None
0,-2,0,-3,-16,-2,-5,0,-2,0,0,0,-37,-68,26,None
0,-2,0,-2,-5,-2,-2,-3,-2,0,0,0,-37,-68,26,None
0,-2,0,-2,-5,-2,-2,-3,-2,0,0,0,-37,-68,26,None
0,-2,0,-2,-5,-2,-2,-3,-2,0,0,0,-42,-64,12,None
0,-1,1,-1,6,-3,-2,-3,0,0,0,0,-42,-64,12,None
0,-1,-1,-1,-7,5,8,2,1,0,0,0,-42,-64,12,None
0,0,0,-4,0,3,-5,0,-1,0,0,0,-42,-64,12,None
0,-1,2,1,7,5,11,1,1,0,0,0,-42,-64,12,None
0,-1,2,1,7,5,11,1,1,0,0,0,-42,-64,12,None
0,-1,2,1,7,5,11,1,1,0,0,0,-39,-58,19,None
0,1,2,-1,-6,-13,-7,-3,-2,0,0,0,-39,-58,19,None
0,-1,-1,-4,-12,8,-3,-1,-3,0,0,0,-39,-58,19,None
0,-1,0,0,-13,-5,-3,-4,-3,0,0,0,-39,-58,19,None
0,-1,2,-2,8,5,3,1,1,0,0,0,-39,-58,19,None
0,-1,2,-2,8,5,3,1,1,0,0,0,-39,-58,19,None
0,-1,2,-2,8,5,3,1,1,0,0,0,-39,-79,37,None
0,-2,-1,-2,-21,-2,-7,1,1,0,0,0,-39,-79,37,None
0,-1,0,0,8,-6,4,-3,-1,0,0,0,-39,-79,37,None
0,-1,0,-1,-8,5,8,3,2,0,0,0,-39,-79,37,None
0,-2,-1,-3,12,-6,-13,-5,-4,0,0,0,-39,-79,37,None
0,-2,-1,-3,12,-6,-13,-5,-4,0,0,0,-39,-79,37,None
0,-2,-1,-3,12,-6,-13,-5,-4,0,0,0,-49,-83,49,None
0,-1,1,1,4,11,2,0,-3,0,0,0,-49,-83,49,None
0,-2,2,0,-7,-7,-6,-2,-2,0,0,0,-49,-83,49,None
0,-2,-2,-3,11,4,-1,0,-1,0,0,0,-49,-83,49,None
0,-1,0,0,-7,-2,0,-2,-1,0,0,0,-49,-83,49,None
0,-1,0,0,-7,-2,0,-2,-1,0,0,0,-49,-83,49,None
0,-1,0,0,-7,-2,0,-2,-1,0,0,0,-52,-79,37,None
0,-1,1,-5,-24,-5,2,-1,-1,0,0,0,-52,-79,37,None
0,0,1,0,12,-1,-1,-1,-2,0,0,0,-52,-79,37,None
0,-4,-1,-1,-3,19,-4,-2,-3,0,0,0,-52,-79,37,None
0,-1,-1,-4,-29,-11,-7,-3,-4,0,0,0,-52,-79,37,None
0,-1,-1,-4,-29,-11,-7,-3,-4,0,0,0,-52,-79,37,None
0,-1,-1,-4,-29,-11,-7,-3,-4,0,0,0,-34,-72,29,None
0,-1,1,0,9,9,8,1,1,0,0,0,-34,-72,29,None
0,-1,1,-4,0,0,-1,2,1,0,0,0,-34,-72,29,None
0,-2,1,-2,11,-16,-8,-3,-1,0,0,0,-34,-72,29,None
0,0,3,-1,-10,-3,1,-2,-4,0,0,0,-34,-72,29,None
0,0,3,-1,-10,-3,1,-2,-4,0,0,0,-34,-72,29,None
0,0,3,-1,-10,-3,1,-2,-4,0,0,0,-14,-84,45,None
0,-2,-1,-3,3,-10,-11,-5,-2,0,0,0,-14,-84,45,None
0,-1,2,0,6,14,-2,0,0,0,0,0,-14,-84,45,None
0,-2,2,4,37,29,10,3,-1,0,0,0,-14,-84,45,None
0,-3,-5,-11,-23,-2,-19,-11,-5,0,0,0,-14,-84,45,None
0,-3,-5,-11,-23,-2,-19,-11,-5,0,0,0,-14,-84,45,None
0,-3,-5,-11,-23,-2,-19,-11,-5,0,0,0,-8,-118,47,None
0,-2,-2,-3,28,-6,4,2,-2,0,0,0,-8,-118,47,None
0,0,3,1,-2,-6,3,-1,-2,0,0,0,-8,-118,47,None
0,-1,0,-2,12,7,4,-1,0,0,0,0,-8,-118,47,None
0,-2,0,1,22,0,-8,-2,-3,0,0,0,-8,-118,47,None
0,-2,0,1,22,0,-8,-2,-3,0,0,0,-8,-118,47,None
0,-2,0,1,22,0,-8,-2,-3,0,0,0,-1,-129,44,None
0,-2,-3,-5,-15,-2,-4,-3,-3,0,0,0,-1,-129,44,None
0,-2,-1,0,10,7,3,-2,-1,0,0,0,-1,-129,44,None
0,1,0,-3,26,-11,-5,2,1,0,0,0,-1,-129,44,None
0,-3,-4,-6,-10,1,-3,-4,-4,0,0,0,-1,-129,44,None
0,-3,-4,-6,-10,1,-3,-4,-4,0,0,0,-1,-129,44,None
0,-3,-4,-6,-10,1,-3,-4,-4,0,0,0,7,-124,42,None
0,0,3,15,57,30,1,0,0,0,0,0,7,-124,42,None
0,-4,-7,-33,-45,-43,-17,-8,-5,0,0,0,7,-124,42,None
0,1,2,12,85,20,4,1,0,0,0,0,7,-124,42,None
0,0,-1,-18,-38,-30,3,3,1,0,0,0,7,-124,42,None
0,0,-1,-18,-38,-30,3,3,1,0,0,0,7,-124,42,None
0,0,-1,-18,-38,-30,3,3,1,0,0,0,16,-124,46,None
0,-3,-2,11,-1,25,-2,-5,-3,0,0,0,16,-124,46,None
0,-1,-3,-15,-18,-45,-5,0,-2,0,0,0,16,-124,46,None
0,-2,-3,-18,-16,24,-4,-3,-3,0,0,0,16,-124,46,None
0,1,5,12,-10,-27,10,2,0,0,0,0,16,-124,46,None
0,1,5,12,-10,-27,10,2,0,0,0,0,16,-124,46,None
0,1,5,12,-10,-27,10,2,0,0,0,0,15,-122,34,None
0,-2,-3,-7,17,27,-10,-7,-3,0,0,0,15,-122,34,None
0,2,4,19,63,-18,5,4,2,0,0,0,15,-122,34,None
0,-1,1,-9,-92,-26,-7,-2,-2,0,0,0,15,-122,34,None
0,-3,-3,-3,15,2,4,-1,0,0,0,0,15,-122,34,None
0,-3,-3,-3,15,2,4,-1,0,0,0,0,15,-122,34,None
0,-3,-3,-3,15,2,4,-1,0,0,0,0,18,-132,18,None
0,0,-1,-15,-88,30,7,4,1,0,0,0,18,-132,18,None
0,0,6,17,16,-68,4,-1,-1,0,0,0,18,-132,18,None
0,3,6,-1,12,35,2,4,2,0,0,0,18,-132,18,None
0,1,-1,6,42,22,-11,-7,-1,0,0,0,18,-132,18,None
0,1,-1,6,42,22,-11,-7,-1,0,0,0,18,-132,18,None
0,1,-1,6,42,22,-11,-7,-1,0,0,0,32,-145,15,None
0,-1,0,-18,2,12,1,1,2,0,0,0,32,-145,15,None
0,-1,-3,9,23,23,4,-1,-1,0,0,0,32,-145,15,None
0,-2,-1,3,0,-15,-6,-6,-2,0,0,0,32,-145,15,None
0,2,3,-4,-7,-50,10,5,3,0,0,0,32,-145,15,None
0,2,3,-4,-7,-50,10,5,3,0,0,0,32,-145,15,None
0,2,3,-4,-7,-50,10,5,3,0,0,0,41,-136,25,None
0,-6,-7,-21,-76,12,-9,-10,-5,0,0,0,41,-136,25,None
0,0,10,16,127,72,-2,2,-3,0,0,0,41,-136,25,None
0,-6,-16,-21,-121,-122,-16,-13,-8,0,0,0,41,-136,25,None
0,2,6,10,75,-10,4,3,2,0,0,0,41,-136,25,None
0,2,6,10,75,-10,4,3,2,0,0,0,41,-136,25,None
0,2,6,10,75,-10,4,3,2,0,0,0,37,-111,22,None
0,2,5,10,36,79,9,2,3,0,0,0,37,-111,22,None
0,-4,-3,-7,52,-71,-8,-1,-4,0,0,0,37,-111,22,None
0,-1,6,18,75,75,5,3,-1,0,0,0,37,-111,22,None
0,-2,-3,-30,-124,-6,0,0,-4,0,0,0,37,-111,22,None
0,-2,-3,-30,-124,-6,0,0,-4,0,0,0,37,-111,22,None
0,-2,-3,-30,-124,-6,0,0,-4,0,0,0,47,-125,14,None
0,-2,-2,3,-3,-104,-3,0,-1,0,0,0,47,-125,14,None
0,-1,-1,-11,-108,39,4,-3,0,0,0,0,47,-125,14,None
0,0,7,9,-6,63,6,-1,0,0,0,0,47,-125,14,None
0,-4,-2,-5,45,-62,-7,-2,-2,0,0,0,47,-125,14,None
0,-4,-2,-5,45,-62,-7,-2,-2,0,0,0,47,-125,14,None
0,-4,-2,-5,45,-62,-7,-2,-2,0,0,0,65,-141,15,None
0,-2,6,15,61,53,5,0,-1,0,0,0,65,-141,15,None
0,-1,-3,-9,-68,32,4,-4,-2,0,0,0,65,-141,15,None
0,-1,-2,-8,1,-43,0,0,-3,0,0,0,65,-141,15,None
0,0,-1,0,-34,35,-4,-3,-3,0,0,0,65,-141,15,None
0,0,-1,0,-34,35,-4,-3,-3,0,0,0,65,-141,15,None
0,0,-1,0,-34,35,-4,-3,-3,0,0,0,67,-122,12,None
0,-1,-2,-1,-11,-68,-5,-6,-3,0,0,0,67,-122,12,None
0,-2,-3,-6,-1,50,-3,2,-1,0,0,0,67,-122,12,None
0,-1,-1,-8,-6,-39,-4,1,0,0,0,0,67,-122,12,None
0,-3,1,12,47,72,0,-5,-1,0,0,0,67,-122,12,None
0,-3,1,12,47,72,0,-5,-1,0,0,0,67,-122,12,None
0,-3,1,12,47,72,0,-5,-1,0,0,0,62,-94,9,None
0,2,4,5,43,-12,3,4,0,0,0,0,62,-94,9,None
0,-3,-2,-9,-53,18,-2,-3,-2,0,0,0,62,-94,9,None
0,6,13,-2,11,-20,2,-1,0,0,0,0,62,-94,9,None
0,-10,-25,9,50,42,2,-1,-1,0,0,0,62,-94,9,None
0,-10,-25,9,50,42,2,-1,-1,0,0,0,62,-94,9,None
0,-10,-25,9,50,42,2,-1,-1,0,0,0,83,-87,8,None
0,1,-1,-3,-3,-33,-2,1,-6,0,0,0,83,-87,8,None
0,-2,-1,-6,-23,24,0,-1,-1,0,0,0,83,-87,8,None
0,-3,-1,-1,23,22,-2,-2,-1,0,0,0,83,-87,8,None
0,0,9,-2,-18,-21,0,-1,0,0,0,0,83,-87,8,None
0,0,9,-2,-18,-21,0,-1,0,0,0,0,83,-87,8,None
0,0,9,-2,-18,-21,0,-1,0,0,0,0,79,-115,-2,None
0,4,1,-8,-2,-10,0,0,0,0,0,0,79,-115,-2,None
0,-1,0,2,26,-8,0,-2,0,0,0,0,79,-115,-2,None
0,0,18,5,-15,7,2,-4,-1,0,0,0,79,-115,-2,None
0,-3,-14,-26,28,4,-4,-2,-2,0,0,0,79,-115,-2,None
0,-3,-14,-26,28,4,-4,-2,-2,0,0,0,79,-115,-2,None
0,-3,-14,-26,28,4,-4,-2,-2,0,0,0,88,-133,4,None
0,2,33,-6,-80,-28,-3,1,-1,0,0,0,88,-133,4,None
0,0,23,5,7,5,-1,-3,-1,0,0,0,88,-133,4,None
0,-5,2,-9,-7,-16,-5,-2,-1,0,0,0,88,-133,4,None
0,3,1,10,5,51,0,-4,-3,0,0,0,88,-133,4,None
0,3,1,10,5,51,0,-4,-3,0,0,0,88,-133,4,None
0,3,1,10,5,51,0,-4,-3,0,0,0,83,-105,4,None
0,-6,8,4,44,31,-1,0,0,0,0,0,83,-105,4,None
0,-3,-11,-10,-6,-38,-5,-4,-3,0,0,0,83,-105,4,None
0,-4,-12,-1,-27,32,-2,-1,-3,0,0,0,83,-105,4,None
0,-1,19,1,-10,39,1,0,0,0,0,0,83,-105,4,None
0,-1,19,1,-10,39,1,0,0,0,0,0,83,-105,4,None
0,-1,19,1,-10,39,1,0,0,0,0,0,57,-84,4,None
0,0,-13,-2,42,50,0,0,-2,0,0,0,57,-84,4,None
0,0,0,0,-3,-8,-1,-3,-1,0,0,0,57,-84,4,None
0,-4,-9,-3,-15,10,2,-2,-2,0,0,0,57,-84,4,None
0,3,3,0,-30,-28,0,1,-1,0,0,0,57,-84,4,None
0,3,3,0,-30,-28,0,1,-1,0,0,0,57,-84,4,None
0,3,3,0,-30,-28,0,1,-1,0,0,0,46,-77,1,None
0,-1,-5,-5,-4,-2,-1,-4,-1,0,0,0,46,-77,1,None
0,-1,-10,-6,-14,-6,-2,-1,0,0,0,0,46,-77,1,None
0,-2,7,0,18,13,1,0,-2,0,0,0,46,-77,1,None
0,-1,4,-1,10,-21,-2,-2,-4,0,0,0,46,-77,1,None
0,-1,4,-1,10,-21,-2,-2,-4,0,0,0,46,-77,1,None
0,-1,4,-1,10,-21,-2,-2,-4,0,0,0,56,-80,0,None
0,-2,-6,-3,-9,-23,-3,-3,-1,0,0,0,56,-80,0,None
0,-1,7,0,18,8,-1,-1,0,0,0,0,56,-80,0,None
0,-1,-9,-4,-5,-20,0,1,0,0,0,0,56,-80,0,None
0,0,2,2,-12,15,-1,-1,-1,0,0,0,56,-80,0,None
0,0,2,2,-12,15,-1,-1,-1,0,0,0,56,-80,0,None
0,0,2,2,-12,15,-1,-1,-1,0,0,0,61,-79,-3,None
0,-1,-2,-4,-1,-9,-1,-2,-1,0,0,0,61,-79,-3,None
