0,2,8,2,-81,-13,-2,-2,-1,0,0,0,69,-121,27,None
0,-11,-8,-6,-28,-11,-2,-2,-5,0,0,0,69,-121,27,None
0,6,1,-3,27,2,-8,-6,-2,0,0,0,69,-121,27,None
0,6,1,-3,27,2,-8,-6,-2,0,0,0,69,-121,27,None
0,6,1,-3,27,2,-8,-6,-2,0,0,0,78,-119,28,None
0,3,4,2,24,20,9,4,4,0,0,0,78,-119,28,None
0,-5,4,8,84,68,4,-1,-5,0,0,0,78,-119,28,None
0,0,-3,-12,9,-3,-13,-5,-2,0,0,0,78,-119,28,None
0,1,-3,4,3,6,-5,-3,-1,0,0,0,78,-119,28,None
0,1,-3,4,3,6,-5,-3,-1,0,0,0,78,-119,28,None
0,1,-3,4,3,6,-5,-3,-1,0,0,0,84,-114,30,None
0,-8,1,4,8,-13,5,0,-4,0,0,0,84,-114,30,None
0,0,2,1,50,12,-14,-5,0,0,0,0,84,-114,30,None
0,-3,-3,-7,45,29,8,-3,-2,0,0,0,84,-114,30,None
0,-2,3,2,32,-3,-4,4,0,0,0,0,84,-114,30,None
0,-2,3,2,32,-3,-4,4,0,0,0,0,84,-114,30,None
0,-2,3,2,32,-3,-4,4,0,0,0,0,87,-111,26,None
0,-3,-4,-9,-8,7,3,-2,0,0,0,0,87,-111,26,None
0,0,-5,-11,-46,-19,-15,-5,-4,0,0,0,87,-111,26,None
0,0,3,7,-41,-8,10,1,-2,0,0,0,87,-111,26,None
0,-2,1,-7,-60,-16,-2,-3,-2,0,0,0,87,-111,26,None
0,-2,1,-7,-60,-16,-2,-3,-2,0,0,0,87,-111,26,None
0,-2,1,-7,-60,-16,-2,-3,-2,0,0,0,86,-114,23,None
0,-1,-2,-4,-40,-7,-9,-5,-5,0,0,0,86,-114,23,None
0,0,0,-2,-40,-15,3,0,1,0,0,0,86,-114,23,None
0,-4,3,6,-38,-29,-6,0,0,0,0,0,86,-114,23,None
0,-1,-1,-9,-1,16,8,-3,-3,0,0,0,86,-114,23,None
0,-1,-1,-9,-1,16,8,-3,-3,0,0,0,86,-114,23,None
0,-1,-1,-9,-1,16,8,-3,-3,0,0,0,80,-113,15,None
0,0,-3,-5,19,-6,-5,3,1,0,0,0,80,-113,15,None
0,-4,-3,-9,25,4,-7,-6,-4,0,0,0,80,-113,15,None
0,-3,-1,0,-21,-10,-3,-6,-3,0,0,0,80,-113,15,None
0,-2,-2,-6,29,-3,-13,-4,-4,0,0,0,80,-113,15,None
0,-2,-2,-6,29,-3,-13,-4,-4,0,0,0,80,-113,15,None
0,-2,-2,-6,29,-3,-13,-4,-4,0,0,0,78,-114,11,None
0,-1,-1,1,-11,-5,-4,-6,-4,0,0,0,78,-114,11,None
0,0,-2,-6,-30,-8,9,4,4,0,0,0,78,-114,11,None
0,3,1,-1,86,22,10,4,2,0,0,0,78,-114,11,None
0,-2,-2,-5,14,-30,-15,-8,-6,0,0,0,78,-114,11,None
0,-2,-2,-5,14,-30,-15,-8,-6,0,0,0,78,-114,11,None
0,-2,-2,-5,14,-30,-15,-8,-6,0,0,0,74,-118,12,None
0,-2,-3,-6,-43,30,-3,-1,-1,0,0,0,74,-118,12,None
0,-1,-2,-8,-36,-10,0,0,-2,0,0,0,74,-118,12,None
0,-1,-1,2,-7,-19,-2,-3,-2,0,0,0,74,-118,12,None
0,3,5,0,13,26,20,3,2,0,0,0,74,-118,12,None
0,3,5,0,13,26,20,3,2,0,0,0,74,-118,12,None
0,3,5,0,13,26,20,3,2,0,0,0,71,-113,8,None
0,-3,-2,2,19,-14,-16,0,0,0,0,0,71,-113,8,None
0,0,1,5,31,-9,1,-2,-4,0,0,0,71,-113,8,None
0,1,0,-6,-16,16,-4,-2,1,0,0,0,71,-113,8,None
0,3,5,0,-32,0,14,6,2,0,0,0,71,-113,8,None
0,3,5,0,-32,0,14,6,2,0,0,0,71,-113,8,None
0,3,5,0,-32,0,14,6,2,0,0,0,68,-100,4,None
0,-1,-1,-1,18,-12,1,-1,-1,0,0,0,68,-100,4,None
0,1,3,6,-15,7,-1,1,0,0,0,0,68,-100,4,None
0,-3,-1,-12,-38,-8,0,-5,-3,0,0,0,68,-100,4,None
0,-1,4,4,-2,15,2,2,2,0,0,0,68,-100,4,None
0,-1,4,4,-2,15,2,2,2,0,0,0,68,-100,4,None
0,-1,4,4,-2,15,2,2,2,0,0,0,69,-100,10,None
0,1,4,1,9,-1,9,2,0,0,0,0,69,-100,10,None
0,-2,2,2,2,4,9,4,1,0,0,0,69,-100,10,None
0,-2,2,3,29,5,-4,-1,-2,0,0,0,69,-100,10,None
0,-2,-3,-10,0,-11,-6,-3,-2,0,0,0,69,-100,10,None
0,-2,-3,-10,0,-11,-6,-3,-2,0,0,0,69,-100,10,None
0,-2,-3,-10,0,-11,-6,-3,-2,0,0,0,63,-102,14,None
0,-1,2,-8,-33,-6,14,-2,-1,0,0,0,63,-102,14,None
0,-1,6,0,-8,-5,-9,-3,-3,0,0,0,63,-102,14,None
0,-3,0,-2,-6,25,4,5,-1,0,0,0,63,-102,14,None
0,0,2,-10,-26,-29,12,0,0,0,0,0,63,-102,14,None
0,0,2,-10,-26,-29,12,0,0,0,0,0,63,-102,14,None
0,0,2,-10,-26,-29,12,0,0,0,0,0,58,-99,15,None
0,-1,3,7,25,5,0,-1,-1,0,0,0,58,-99,15,None
0,0,2,-2,13,-36,0,-2,-1,0,0,0,58,-99,15,None
0,-1,0,-4,14,58,-1,-1,-1,0,0,0,58,-99,15,None
0,-1,1,6,0,-2,-9,-1,-2,0,0,0,58,-99,15,None
0,-1,1,6,0,-2,-9,-1,-2,0,0,0,58,-99,15,None
0,-1,1,6,0,-2,-9,-1,-2,0,0,0,54,-95,15,None
0,0,0,-7,2,11,-9,-4,-1,0,0,0,54,-95,15,None
0,-2,-3,-11,15,-23,6,-1,0,0,0,0,54,-95,15,None
0,-1,0,0,-24,-13,-18,-7,-3,0,0,0,54,-95,15,None
0,-3,1,2,10,21,4,-3,-3,0,0,0,54,-95,15,None
0,-3,1,2,10,21,4,-3,-3,0,0,0,54,-95,15,None
0,-3,1,2,10,21,4,-3,-3,0,0,0,46,-88,18,None
0,0,1,-3,13,-5,8,7,4,0,0,0,46,-88,18,None
0,-1,0,-2,-12,0,-4,-2,0,0,0,0,46,-88,18,None
0,-4,-1,0,-9,-42,-7,-5,-6,0,0,0,46,-88,18,None
0,4,3,-2,7,27,-4,2,1,0,0,0,46,-88,18,None
0,4,3,-2,7,27,-4,2,1,0,0,0,46,-88,18,None
0,4,3,-2,7,27,-4,2,1,0,0,0,41,-82,18,None
0,-5,-4,-4,-11,-7,-9,-7,-7,0,0,0,41,-82,18,None
0,-3,1,0,-12,35,-1,-2,-2,0,0,0,41,-82,18,None
0,0,1,-2,0,-20,7,1,1,0,0,0,41,-82,18,None
0,-1,-2,-3,13,-12,-6,-2,0,0,0,0,41,-82,18,None
0,-1,-2,-3,13,-12,-6,-2,0,0,0,0,41,-82,18,None
0,-1,-2,-3,13,-12,-6,-2,0,0,0,0,37,-82,22,None
0,-2,1,-1,-2,23,-8,-12,-20,0,0,0,37,-82,22,None
0,0,-1,-2,12,4,6,-1,2,0,0,0,37,-82,22,None
0,-4,-2,-5,-11,-11,-9,-13,19,0,0,0,37,-82,22,None
0,2,1,-1,-4,4,9,35,8,0,0,0,37,-82,22,None
0,2,1,-1,-4,4,9,35,8,0,0,0,37,-82,22,None
0,2,1,-1,-4,4,9,35,8,0,0,0,29,-80,22,None
0,0,1,-4,7,-2,6,2,6,0,0,0,29,-80,22,None
0,-4,-2,-4,-7,3,-9,-10,-10,0,0,0,29,-80,22,None
0,-1,1,-1,-4,-9,-7,-7,-2,0,0,0,29,-80,22,None
0,-2,2,1,-1,3,0,1,5,0,0,0,29,-80,22,None
0,-2,2,1,-1,3,0,1,5,0,0,0,29,-80,22,None
0,-2,2,1,-1,3,0,1,5,0,0,0,22,-69,23,None
0,-4,-9,-1,11,-2,2,1,2,0,0,0,22,-69,23,None
0,-2,-2,-4,-19,-5,0,0,-4,0,0,0,22,-69,23,None
0,1,1,-3,-3,9,-1,-1,-7,0,0,0,22,-69,23,None
0,-5,-2,0,7,-9,-7,-14,-7,0,0,0,22,-69,23,None
0,-5,-2,0,7,-9,-7,-14,-7,0,0,0,22,-69,23,None
0,-5,-2,0,7,-9,-7,-14,-7,0,0,0,14,-61,29,None
0,0,3,-5,-18,7,2,2,-2,0,0,0,14,-61,29,None
0,-3,2,-1,-17,-15,-9,-3,-2,0,0,0,14,-61,29,None
0,-2,0,3,23,37,10,4,-4,0,0,0,14,-61,29,None
0,-3,-1,-5,-76,-5,-11,-10,-12,0,0,0,14,-61,29,None
0,-3,-1,-5,-76,-5,-11,-10,-12,0,0,0,14,-61,29,None
0,-3,-1,-5,-76,-5,-11,-10,-12,0,0,0,7,-52,33,None
0,-4,-2,1,9,-28,-6,-4,1,0,0,0,7,-52,33,None
0,4,2,1,23,11,8,2,7,0,0,0,7,-52,33,None
0,-1,1,-1,-26,0,-11,-1,-9,0,0,0,7,-52,33,None
0,0,0,0,-2,-15,12,0,5,0,0,0,7,-52,33,None
0,0,0,0,-2,-15,12,0,5,0,0,0,7,-52,33,None
0,0,0,0,-2,-15,12,0,5,0,0,0,0,-44,34,None
0,0,4,3,-4,34,12,2,3,0,0,0,0,-44,34,None
0,-2,-2,-8,-17,7,-12,-4,-2,0,0,0,0,-44,34,None
0,-2,0,-1,-2,-7,-7,0,-7,0,0,0,0,-44,34,None
0,0,2,0,2,-14,-5,-9,-4,0,0,0,0,-44,34,None
0,0,2,0,2,-14,-5,-9,-4,0,0,0,0,-44,34,None
0,0,2,0,2,-14,-5,-9,-4,0,0,0,-7,-38,40,None
0,0,-1,-4,8,13,-8,1,2,0,0,0,-7,-38,40,None
0,0,0,-1,31,13,8,1,-2,0,0,0,-7,-38,40,None
0,-3,2,-1,-21,-33,1,0,-9,0,0,0,-7,-38,40,None
0,-4,-5,-12,-5,43,-9,-7,-6,0,0,0,-7,-38,40,None
0,-4,-5,-12,-5,43,-9,-7,-6,0,0,0,-7,-38,40,None
0,-4,-5,-12,-5,43,-9,-7,-6,0,0,0,-12,-26,43,None
0,4,3,2,18,-105,-7,1,12,0,0,0,-12,-26,43,None
0,-1,2,2,-35,23,1,-10,-11,0,0,0,-12,-26,43,None
0,2,5,-2,-17,-20,0,7,29,0,0,0,-12,-26,43,None
0,4,0,-1,60,-26,-4,6,-15,0,0,0,-12,-26,43,None
0,4,0,-1,60,-26,-4,6,-15,0,0,0,-12,-26,43,None
0,4,0,-1,60,-26,-4,6,-15,0,0,0,-18,-20,47,None
0,2,4,-1,3,40,1,21,-4,0,0,0,-18,-20,47,None
0,-1,-3,-5,-7,-44,-1,-1,9,0,0,0,-18,-20,47,None
0,-1,2,-9,-23,7,1,-10,-16,0,0,0,-18,-20,47,None
0,0,1,-2,25,50,5,7,17,0,0,0,-18,-20,47,None
0,0,1,-2,25,50,5,7,17,0,0,0,-18,-20,47,None
0,0,1,-2,25,50,5,7,17,0,0,0,-25,-19,51,None
0,3,3,-2,-40,-39,-4,-10,23,0,0,0,-25,-19,51,None
0,-2,-1,-2,17,19,3,-11,7,0,0,0,-25,-19,51,None
0,-4,-4,-5,3,-32,-2,-5,2,0,0,0,-25,-19,51,None
0,-8,-2,5,17,104,-4,-5,-37,0,0,0,-25,-19,51,None
0,-8,-2,5,17,104,-4,-5,-37,0,0,0,-25,-19,51,None
0,-8,-2,5,17,104,-4,-5,-37,0,0,0,-34,-19,55,None
0,-4,12,-1,-7,-52,-10,-16,-13,0,0,0,-34,-19,55,None
0,2,-10,-8,5,-24,3,33,11,0,0,0,-34,-19,55,None
0,2,-4,-4,13,-12,-4,-2,6,0,0,0,-34,-19,55,None
0,-4,-10,1,-2,-1,10,-18,-7,0,0,0,-34,-19,55,None
0,-4,-10,1,-2,-1,10,-18,-7,0,0,0,-34,-19,55,None
0,-4,-10,1,-2,-1,10,-18,-7,0,0,0,-40,-10,55,None
0,-8,5,2,-9,78,11,14,2,0,0,0,-40,-10,55,None
0,-4,5,1,3,77,-22,-16,-8,0,0,0,-40,-10,55,None
0,-2,-10,-11,26,-34,6,3,-8,0,0,0,-40,-10,55,None
0,2,6,-4,15,13,0,3,16,0,0,0,-40,-10,55,None
0,2,6,-4,15,13,0,3,16,0,0,0,-40,-10,55,None
0,2,6,-4,15,13,0,3,16,0,0,0,-42,-5,52,None
0,-1,-7,-18,30,5,-7,-12,-13,0,0,0,-42,-5,52,None
0,5,-5,5,5,-46,14,8,6,0,0,0,-42,-5,52,None
0,-1,1,3,-17,-52,-4,4,-5,0,0,0,-42,-5,52,None
0,2,3,-3,-26,46,3,-7,2,0,0,0,-42,-5,52,None
0,2,3,-3,-26,46,3,-7,2,0,0,0,-42,-5,52,None
0,2,3,-3,-26,46,3,-7,2,0,0,0,-48,0,54,None
0,0,-2,-1,19,30,0,1,-4,0,0,0,-48,0,54,None
0,-6,13,2,-15,-75,-8,-5,-15,0,0,0,-48,0,54,None
0,-3,-12,-5,51,53,4,1,-2,0,0,0,-48,0,54,None
0,0,-3,-10,-6,0,3,4,7,0,0,0,-48,0,54,None
0,0,-3,-10,-6,0,3,4,7,0,0,0,-48,0,54,None
0,0,-3,-10,-6,0,3,4,7,0,0,0,-54,1,58,None
0,4,2,2,-62,-31,16,-5,-2,0,0,0,-54,1,58,None
0,-1,4,7,-1,6,6,1,0,0,0,0,-54,1,58,None
0,2,2,-11,14,52,-6,-4,-7,0,0,0,-54,1,58,None
0,-3,3,1,-5,-48,-7,-2,1,0,0,0,-54,1,58,None
0,-3,3,1,-5,-48,-7,-2,1,0,0,0,-54,1,58,None
0,-3,3,1,-5,-48,-7,-2,1,0,0,0,-57,1,62,None
0,-4,-5,1,14,11,-10,-3,-2,0,0,0,-57,1,62,None
0,-3,-1,-6,11,3,9,-5,-7,0,0,0,-57,1,62,None
0,-1,2,-1,-7,18,-5,0,2,0,0,0,-57,1,62,None
0,-2,-1,6,-14,-43,-8,-9,-7,0,0,0,-57,1,62,None
0,-2,-1,6,-14,-43,-8,-9,-7,0,0,0,-57,1,62,None
0,-2,-1,6,-14,-43,-8,-9,-7,0,0,0,-55,-5,72,None
0,-2,-1,-2,-6,21,0,-2,-6,0,0,0,-55,-5,72,None
0,-1,-2,-6,31,16,2,0,-4,0,0,0,-55,-5,72,None
0,0,6,-2,-45,6,-11,-2,1,0,0,0,-55,-5,72,None
0,0,4,6,-25,6,14,4,5,0,0,0,-55,-5,72,None
0,0,4,6,-25,6,14,4,5,0,0,0,-55,-5,72,None
0,0,4,6,-25,6,14,4,5,0,0,0,-50,-8,80,None
0,-1,-1,5,42,-5,1,1,-1,0,0,0,-50,-8,80,None
0,-5,-4,-22,-88,-39,-12,-7,-6,0,0,0,-50,-8,80,None
0,-1,3,1,9,27,4,0,-1,0,0,0,-50,-8,80,None
0,0,2,1,8,-38,-14,-8,-4,0,0,0,-50,-8,80,None
0,0,2,1,8,-38,-14,-8,-4,0,0,0,-50,-8,80,None
0,0,2,1,8,-38,-14,-8,-4,0,0,0,-54,9,82,None
0,-2,-5,-2,32,29,8,3,1,0,0,0,-54,9,82,None
0,0,-1,6,21,55,0,-4,-4,0,0,0,-54,9,82,None
0,-2,1,-1,-2,-91,-11,-2,-3,0,0,0,-54,9,82,None
0,-2,-1,-5,1,-1,-2,-3,-1,0,0,0,-54,9,82,None
0,-2,-1,-5,1,-1,-2,-3,-1,0,0,0,-54,9,82,None
0,-2,-1,-5,1,-1,-2,-3,-1,0,0,0,-59,3,83,None
0,-3,-1,-10,33,61,-4,-5,-8,0,0,0,-59,3,83,None
0,1,0,-3,8,-33,1,1,1,0,0,0,-59,3,83,None
0,-2,1,5,0,41,-12,-2,-2,0,0,0,-59,3,83,None
0,0,6,2,10,-24,21,-2,0,0,0,0,-59,3,83,None
0,0,6,2,10,-24,21,-2,0,0,0,0,-59,3,83,None
0,0,6,2,10,-24,21,-2,0,0,0,0,-59,-19,89,None
0,-5,-1,-4,13,21,-5,-3,-5,0,0,0,-59,-19,89,None
0,1,-17,-13,-2,52,-4,1,3,0,0,0,-59,-19,89,None
0,-5,0,-2,7,0,-5,-3,-3,0,0,0,-59,-19,89,None
0,2,-4,-5,-25,-46,-2,5,2,0,0,0,-59,-19,89,None
0,2,-4,-5,-25,-46,-2,5,2,0,0,0,-59,-19,89,None
0,2,-4,-5,-25,-46,-2,5,2,0,0,0,-57,-21,89,None
0,-7,-5,4,0,6,-11,-10,-3,0,0,0,-57,-21,89,None
0,0,4,4,9,1,1,-3,-3,0,0,0,-57,-21,89,None
0,-1,14,5,23,2,6,-4,-6,0,0,0,-57,-21,89,None
0,-5,-11,-14,-29,-5,-5,3,2,0,0,0,-57,-21,89,None
0,-5,-11,-14,-29,-5,-5,3,2,0,0,0,-57,-21,89,None
0,-5,-11,-14,-29,-5,-5,3,2,0,0,0,-58,-8,91,None
0,4,10,-2,-15,-45,4,0,-1,0,0,0,-58,-8,91,None
0,1,3,-1,-4,5,-4,3,0,0,0,0,-58,-8,91,None
0,-5,3,-2,-25,35,4,-4,-4,0,0,0,-58,-8,91,None
0,0,-3,-4,56,38,-9,-8,-5,0,0,0,-58,-8,91,None
0,0,-3,-4,56,38,-9,-8,-5,0,0,0,-58,-8,91,None
0,0,-3,-4,56,38,-9,-8,-5,0,0,0,-61,3,98,None
0,5,-22,-14,12,-6,12,11,6,0,0,0,-61,3,98,None
0,-3,8,13,-1,28,-3,-3,-2,0,0,0,-61,3,98,None
0,2,3,-4,1,-5,2,-1,24,0,0,0,-61,3,98,None
0,-3,12,-13,22,-7,-2,1,-27,0,0,0,-61,3,98,None
0,-3,12,-13,22,-7,-2,1,-27,0,0,0,-61,3,98,None
0,-3,12,-13,22,-7,-2,1,-27,0,0,0,-67,4,107,None
0,3,-6,17,-34,-11,-6,-3,-2,0,0,0,-67,4,107,None
0,0,-12,5,29,74,9,2,0,0,0,0,-67,4,107,None
0,2,-12,0,3,-34,10,-1,0,0,0,0,-67,4,107,None
0,-11,5,-7,11,18,-17,-18,9,0,0,0,-67,4,107,None
0,-11,5,-7,11,18,-17,-18,9,0,0,0,-67,4,107,None
0,-11,5,-7,11,18,-17,-18,9,0,0,0,-68,-1,109,None
0,4,9,8,-18,-32,4,12,5,0,0,0,-68,-1,109,None
0,-4,11,-8,33,11,-5,-4,-14,0,0,0,-68,-1,109,None
0,-2,10,-4,-51,-29,-10,-5,-16,0,0,0,-68,-1,109,None
0,-3,-8,14,-13,-5,12,-6,11,0,0,0,-68,-1,109,None
0,-3,-8,14,-13,-5,12,-6,11,0,0,0,-68,-1,109,None
0,-3,-8,14,-13,-5,12,-6,11,0,0,0,-66,-4,102,None
0,-12,-6,-30,-41,30,-12,1,-29,0,0,0,-66,-4,102,None
0,3,-24,9,51,-12,9,17,23,0,0,0,-66,-4,102,None
0,1,14,10,20,22,5,-1,-3,0,0,0,-66,-4,102,None
0,0,-12,-11,22,-13,1,6,1,0,0,0,-66,-4,102,None
0,0,-12,-11,22,-13,1,6,1,0,0,0,-66,-4,102,None
0,0,-12,-11,22,-13,1,6,1,0,0,0,-79,4,92,None
0,-4,10,-7,-81,-16,-8,-8,0,0,0,0,-79,4,92,None
0,3,7,-4,-17,-26,-9,-19,12,0,0,0,-79,4,92,None
0,-2,-4,2,28,-10,3,-6,17,0,0,0,-79,4,92,None
0,1,6,0,75,24,-5,26,-26,0,0,0,-79,4,92,None
0,1,6,0,75,24,-5,26,-26,0,0,0,-79,4,92,None
0,1,6,0,75,24,-5,26,-26,0,0,0,-71,-2,80,None
0,-4,-9,-14,35,-31,-6,-7,0,0,0,0,-71,-2,80,None
0,-1,9,-3,-18,-60,-12,-3,-2,0,0,0,-71,-2,80,None
0,2,-3,-5,18,47,5,-15,-6,0,0,0,-71,-2,80,None
0,-6,7,12,15,-25,-7,-4,13,0,0,0,-71,-2,80,None
0,-6,7,12,15,-25,-7,-4,13,0,0,0,-71,-2,80,None
0,-6,7,12,15,-25,-7,-4,13,0,0,0,-63,-11,78,None
0,1,8,-13,-32,-11,-4,2,3,0,0,0,-63,-11,78,None
0,-7,10,-2,-34,-53,-6,-21,-23,0,0,0,-63,-11,78,None
0,6,-28,-2,12,12,12,16,30,0,0,0,-63,-11,78,None
0,-5,-5,-13,-11,18,-5,-5,-24,0,0,0,-63,-11,78,None
0,-5,-5,-13,-11,18,-5,-5,-24,0,0,0,-63,-11,78,None
0,-5,-5,-13,-11,18,-5,-5,-24,0,0,0,-45,-32,80,None
0,1,-11,9,12,29,-2,-9,23,0,0,0,-45,-32,80,None
0,-4,13,10,-46,12,0,0,-11,0,0,0,-45,-32,80,None
0,0,1,-21,26,-10,-8,11,15,0,0,0,-45,-32,80,None
0,-7,-33,3,-32,-13,13,-3,-3,0,0,0,-45,-32,80,None
0,-7,-33,3,-32,-13,13,-3,-3,0,0,0,-45,-32,80,None
0,-7,-33,3,-32,-13,13,-3,-3,0,0,0,-30,-47,75,None
0,-1,4,1,1,-21,-5,-3,-8,0,0,0,-30,-47,75,None
0,3,-1,-21,57,23,-10,0,4,0,0,0,-30,-47,75,None
0,3,-5,13,59,-1,6,2,-14,0,0,0,-30,-47,75,None
0,2,28,10,-14,-5,-17,-3,48,0,0,0,-30,-47,75,None
0,2,28,10,-14,-5,-17,-3,48,0,0,0,-30,-47,75,None
0,2,28,10,-14,-5,-17,-3,48,0,0,0,-23,-59,50,None
0,-1,17,10,36,23,12,-3,-28,0,0,0,-23,-59,50,None
0,-2,-12,6,8,40,-5,-10,-9,0,0,0,-23,-59,50,None
0,-8,-9,-48,-62,-40,10,12,-27,0,0,0,-23,-59,50,None
0,9,-8,15,-92,2,4,-5,-10,0,0,0,-23,-59,50,None
0,9,-8,15,-92,2,4,-5,-10,0,0,0,-23,-59,50,None
0,9,-8,15,-92,2,4,-5,-10,0,0,0,-21,-72,53,None
0,-3,-2,7,27,18,-5,-9,0,0,0,0,-21,-72,53,None
0,1,9,1,-29,-11,7,6,-3,0,0,0,-21,-72,53,None
0,-11,6,-10,-16,9,-17,-12,-14,0,0,0,-21,-72,53,None
0,0,-11,-10,43,17,6,-1,-11,0,0,0,-21,-72,53,None
0,0,-11,-10,43,17,6,-1,-11,0,0,0,-21,-72,53,None
0,0,-11,-10,43,17,6,-1,-11,0,0,0,-20,-62,51,None
0,-4,0,-12,-39,-13,4,3,10,0,0,0,-20,-62,51,None
0,-1,-3,1,-25,-5,0,-1,-18,0,0,0,-20,-62,51,None
0,1,10,3,15,15,-3,6,3,0,0,0,-20,-62,51,None
0,2,16,6,-10,-21,-4,-3,-2,0,0,0,-20,-62,51,None
0,2,16,6,-10,-21,-4,-3,-2,0,0,0,-20,-62,51,None
0,2,16,6,-10,-21,-4,-3,-2,0,0,0,-14,-51,50,None
0,0,3,-8,6,-35,-4,-3,-2,0,0,0,-14,-51,50,None
0,-2,2,-5,14,0,0,-5,-13,0,0,0,-14,-51,50,None
0,0,-3,25,-1,2,0,-5,8,0,0,0,-14,-51,50,None
0,-2,10,-1,5,30,-4,2,-1,0,0,0,-14,-51,50,None
0,-2,10,-1,5,30,-4,2,-1,0,0,0,-14,-51,50,None
0,-2,10,-1,5,30,-4,2,-1,0,0,0,-30,-43,52,None
0,-1,-11,-3,5,-23,-2,0,3,0,0,0,-30,-43,52,None
0,-1,-1,-5,27,-10,-3,0,9,0,0,0,-30,-43,52,None
0,0,2,-3,11,-11,2,0,-8,0,0,0,-30,-43,52,None
0,-1,-6,-35,18,44,0,-7,1,0,0,0,-30,-43,52,None
0,-1,-6,-35,18,44,0,-7,1,0,0,0,-30,-43,52,None
0,-1,-6,-35,18,44,0,-7,1,0,0,0,-44,-51,60,None
0,-3,13,40,-71,13,-9,-5,-1,0,0,0,-44,-51,60,None
0,-5,-2,-11,-5,38,2,3,6,0,0,0,-44,-51,60,None
0,-2,3,21,-23,1,2,-9,-24,0,0,0,-44,-51,60,None
0,5,9,-10,19,-29,5,11,10,0,0,0,-44,-51,60,None
0,5,9,-10,19,-29,5,11,10,0,0,0,-44,-51,60,None
0,5,9,-10,19,-29,5,11,10,0,0,0,-48,-54,64,None
0,1,1,-4,31,8,-3,-4,-9,0,0,0,-48,-54,64,None
0,-2,3,1,-28,-19,0,3,6,0,0,0,-48,-54,64,None
0,-2,3,-15,12,12,-4,-6,-10,0,0,0,-48,-54,64,None
0,-2,-19,-15,2,0,-2,-12,-4,0,0,0,-48,-54,64,None
0,-2,-19,-15,2,0,-2,-12,-4,0,0,0,-48,-54,64,None
0,-2,-19,-15,2,0,-2,-12,-4,0,0,0,-49,-52,68,None
0,4,11,28,-2,-14,-1,0,-4,0,0,0,-49,-52,68,None
0,0,8,10,17,-74,-2,11,6,0,0,0,-49,-52,68,None
0,-1,-3,-7,-100,39,1,-4,3,0,0,0,-49,-52,68,None
0,-4,17,3,21,-14,-12,-8,-8,0,0,0,-49,-52,68,None
0,-4,17,3,21,-14,-12,-8,-8,0,0,0,-49,-52,68,None
0,-4,17,3,21,-14,-12,-8,-8,0,0,0,-51,-51,73,None
0,0,-3,-20,-7,-30,-2,-5,4,0,0,0,-51,-51,73,None
0,1,-1,1,43,-10,1,-1,-3,0,0,0,-51,-51,73,None
0,1,20,15,11,-10,-10,-1,-2,0,0,0,-51,-51,73,None
0,3,-7,4,-32,3,5,3,1,0,0,0,-51,-51,73,None
0,3,-7,4,-32,3,5,3,1,0,0,0,-51,-51,73,None
0,3,-7,4,-32,3,5,3,1,0,0,0,-54,-50,74,None
0,-1,-2,-9,41,39,-1,-6,-20,0,0,0,-54,-50,74,None
0,-2,0,1,0,6,-8,2,24,0,0,0,-54,-50,74,None
0,-3,-3,-12,-12,-33,-2,-5,1,0,0,0,-54,-50,74,None
0,-2,7,-4,-7,6,-1,0,0,0,0,0,-54,-50,74,None
0,-2,7,-4,-7,6,-1,0,0,0,0,0,-54,-50,74,None
0,-2,7,-4,-7,6,-1,0,0,0,0,0,-55,-54,74,None
0,-1,-5,-9,48,15,2,2,11,0,0,0,-55,-54,74,None
0,-1,-7,-5,-38,4,5,-4,-15,0,0,0,-55,-54,74,None
0,0,1,2,8,-5,2,8,13,0,0,0,-55,-54,74,None
0,-1,0,-4,-13,-43,-8,-5,-3,0,0,0,-55,-54,74,None
0,-1,0,-4,-13,-43,-8,-5,-3,0,0,0,-55,-54,74,None
0,-1,0,-4,-13,-43,-8,-5,-3,0,0,0,-52,-53,72,None
0,-1,-2,6,-6,4,3,1,16,0,0,0,-52,-53,72,None
0,-2,10,17,6,22,3,-3,-38,0,0,0,-52,-53,72,None
0,-1,-6,-4,11,-1,-2,1,3,0,0,0,-52,-53,72,None
0,-1,0,7,10,-14,-2,0,-3,0,0,0,-52,-53,72,None
0,-1,0,7,10,-14,-2,0,-3,0,0,0,-52,-53,72,None
0,-1,0,7,10,-14,-2,0,-3,0,0,0,-51,-54,72,None
0,-1,16,-33,-8,-16,-5,-5,-6,0,0,0,-51,-54,72,None
0,-1,-16,-5,1,46,3,1,8,0,0,0,-51,-54,72,None
0,0,0,-4,14,-7,-2,-1,-2,0,0,0,-51,-54,72,None
0,-4,-2,11,-30,33,0,0,-7,0,0,0,-51,-54,72,None
0,-4,-2,11,-30,33,0,0,-7,0,0,0,-51,-54,72,None
0,-4,-2,11,-30,33,0,0,-7,0,0,0,-50,-55,72,None
0,-1,2,-6,-3,-9,0,-5,-6,0,0,0,-50,-55,72,None
0,-1,1,-6,19,-7,-7,-2,9,0,0,0,-50,-55,72,None
0,-1,1,-9,-27,-19,-3,2,-8,0,0,0,-50,-55,72,None
0,0,-2,-13,-10,-2,0,-4,15,0,0,0,-50,-55,72,None
0,0,-2,-13,-10,-2,0,-4,15,0,0,0,-50,-55,72,None
0,0,-2,-13,-10,-2,0,-4,15,0,0,0,-49,-53,70,None
0,-6,-11,1,24,10,1,0,-22,0,0,0,-49,-53,70,None
0,-3,0,-7,-12,0,-3,-3,8,0,0,0,-49,-53,70,None
0,0,1,5,31,5,1,4,6,0,0,0,-49,-53,70,None
0,0,2,1,13,-3,2,-6,-9,0,0,0,-49,-53,70,None
0,0,2,1,13,-3,2,-6,-9,0,0,0,-49,-53,70,None
0,0,2,1,13,-3,2,-6,-9,0,0,0,-46,-51,69,None
0,8,-3,1,-16,5,-5,2,2,0,0,0,-46,-51,69,None
0,-6,-4,-8,7,-17,3,-5,-8,0,0,0,-46,-51,69,None
0,0,1,-3,7,47,-1,-5,13,0,0,0,-46,-51,69,None
0,-1,1,-1,0,-15,-3,3,-9,0,0,0,-46,-51,69,None
0,-1,1,-1,0,-15,-3,3,-9,0,0,0,-46,-51,69,None
0,-1,1,-1,0,-15,-3,3,-9,0,0,0,-44,-53,68,None
0,1,-2,8,0,7,-1,0,4,0,0,0,-44,-53,68,None
0,0,3,-9,-10,-9,3,-1,-4,0,0,0,-44,-53,68,None
0,0,1,1,21,-3,0,1,4,0,0,0,-44,-53,68,None
0,-1,0,0,6,-13,-5,-3,-3,0,0,0,-44,-53,68,None
0,-1,0,0,6,-13,-5,-3,-3,0,0,0,-44,-53,68,None
0,-1,0,0,6,-13,-5,-3,-3,0,0,0,-43,-50,66,None
0,-3,-2,-1,-7,16,0,-1,2,0,0,0,-43,-50,66,None
0,1,2,-4,-6,-3,-2,0,6,0,0,0,-43,-50,66,None
0,-6,-4,-1,1,3,-4,-8,-13,0,0,0,-43,-50,66,None
0,1,4,4,-8,0,1,1,0,0,0,0,-43,-50,66,None
0,1,4,4,-8,0,1,1,0,0,0,0,-43,-50,66,None
0,1,4,4,-8,0,1,1,0,0,0,0,-40,-46,63,None
0,-2,2,-4,2,-1,5,5,1,0,0,0,-40,-46,63,None
0,-2,-1,-5,-10,-23,3,-3,-2,0,0,0,-40,-46,63,None
0,0,-1,4,0,28,1,-1,-7,0,0,0,-40,-46,63,None
0,-1,1,-5,5,-2,0,-1,-3,0,0,0,-40,-46,63,None
0,-1,1,-5,5,-2,0,-1,-3,0,0,0,-40,-46,63,None
0,-1,1,-5,5,-2,0,-1,-3,0,0,0,-35,-45,58,None
0,-2,-1,1,8,-5,-6,0,7,0,0,0,-35,-45,58,None
0,-2,-1,-2,-2,2,7,0,-1,0,0,0,-35,-45,58,None
0,-2,-1,-1,3,-8,-2,-2,-3,0,0,0,-35,-45,58,None
0,0,3,1,4,0,-1,-3,0,0,0,0,-35,-45,58,None
0,0,3,1,4,0,-1,-3,0,0,0,0,-35,-45,58,None
0,0,3,1,4,0,-1,-3,0,0,0,0,-25,-44,53,None
0,-3,-2,-3,-3,4,0,0,-1,0,0,0,-25,-44,53,None
0,-1,1,0,-12,4,2,0,0,0,0,0,-25,-44,53,None
0,-2,0,-3,0,-4,0,-1,-6,0,0,0,-25,-44,53,None
0,-2,0,-2,-6,4,3,-1,-1,0,0,0,-25,-44,53,None
0,-2,0,-2,-6,4,3,-1,-1,0,0,0,-25,-44,53,None
0,-2,0,-2,-6,4,3,-1,-1,0,0,0,-14,-45,44,None
0,-1,0,-1,-1,-4,-6,-5,-3,0,0,0,-14,-45,44,None
0,-1,2,-3,4,3,-7,-3,-3,0,0,0,-14,-45,44,None
0,0,0,-2,-1,-3,3,1,1,0,0,0,-14,-45,44,None
0,-2,0,0,-2,1,-7,-4,-2,0,0,0,-14,-45,44,None
0,-2,0,0,-2,1,-7,-4,-2,0,0,0,-14,-45,44,None
0,-2,0,0,-2,1,-7,-4,-2,0,0,0,-3,-44,38,None
0,0,2,-1,1,3,5,1,0,0,0,0,-3,-44,38,None
0,0,1,0,-3,1,-3,1,2,0,0,0,-3,-44,38,None
0,-4,-4,-3,-1,-1,-5,-1,-5,0,0,0,-3,-44,38,None
0,-1,-2,-7,15,3,3,3,1,0,0,0,-3,-44,38,None
0,-1,-2,-7,15,3,3,3,1,0,0,0,-3,-44,38,None
0,-1,-2,-7,15,3,3,3,1,0,0,0,3,-46,34,None
0,-1,0,-2,4,-1,-1,-2,-2,0,0,0,3,-46,34,None
0,-2,-1,-3,-19,0,-6,-2,-3,0,0,0,3,-46,34,None
0,0,6,4,-4,2,2,-3,-3,0,0,0,3,-46,34,None
0,0,-1,2,-3,-4,-1,0,-1,0,0,0,3,-46,34,None
0,0,-1,2,-3,-4,-1,0,-1,0,0,0,3,-46,34,None
0,0,-1,2,-3,-4,-1,0,-1,0,0,0,3,-45,30,None
0,-3,-3,-7,-15,-2,-2,-6,-1,0,0,0,3,-45,30,None
0,-2,-2,-5,-6,-1,-7,-2,-3,0,0,0,3,-45,30,None
0,-2,0,4,12,-4,-4,-4,-5,0,0,0,3,-45,30,None
0,3,2,-2,2,6,4,3,2,0,0,0,3,-45,30,None
0,3,2,-2,2,6,4,3,2,0,0,0,3,-45,30,None
0,3,2,-2,2,6,4,3,2,0,0,0,2,-47,27,None
0,-5,-1,-4,-6,0,-4,-3,-4,0,0,0,2,-47,27,None
0,1,2,0,15,2,2,0,0,0,0,0,2,-47,27,None
0,-2,4,8,5,0,1,1,-5,0,0,0,2,-47,27,None
0,-1,-2,1,-6,-2,-7,-3,1,0,0,0,2,-47,27,None
0,-1,-2,1,-6,-2,-7,-3,1,0,0,0,2,-47,27,None
0,-1,-2,1,-6,-2,-7,-3,1,0,0,0,1,-51,23,None
0,-1,-5,-25,4,2,2,1,-1,0,0,0,1,-51,23,None
0,-1,0,1,16,4,-3,-1,-2,0,0,0,1,-51,23,None
0,-2,1,-5,-4,-7,-1,-1,-2,0,0,0,1,-51,23,None
0,-2,1,5,-9,2,-3,-3,-2,0,0,0,1,-51,23,None
0,-2,1,5,-9,2,-3,-3,-2,0,0,0,1,-51,23,None
0,-2,1,5,-9,2,-3,-3,-2,0,0,0,-2,-50,23,None
0,0,4,6,11,5,8,2,2,0,0,0,-2,-50,23,None
0,-1,-1,-5,0,2,1,-2,0,0,0,0,-2,-50,23,None
0,-1,-1,-6,-10,-1,-4,-1,-1,0,0,0,-2,-50,23,None
0,-2,0,-1,2,-1,-4,-2,-3,0,0,0,-2,-50,23,None
0,-2,0,-1,2,-1,-4,-2,-3,0,0,0,-2,-50,23,None
0,-2,0,-1,2,-1,-4,-2,-3,0,0,0,-13,-58,25,None
0,-2,0,4,2,3,-2,-2,-1,0,0,0,-13,-58,25,None
0,0,1,-2,-15,3,2,-2,-2,0,0,0,-13,-58,25,None
0,0,-1,2,-14,0,1,-1,0,0,0,0,-13,-58,25,None
0,-2,1,-5,1,0,-3,-3,-3,0,0,0,-13,-58,25,None
0,-2,1,-5,1,0,-3,-3,-3,0,0,0,-13,-58,25,None
0,-2,1,-5,1,0,-3,-3,-3,0,0,0,-22,-63,19,None
0,-1,-2,1,4,2,-2,4,1,0,0,0,-22,-63,19,None
0,-1,1,1,-9,-6,3,-2,-1,0,0,0,-22,-63,19,None
0,1,2,-4,8,16,6,-2,1,0,0,0,-22,-63,19,None
0,0,0,-7,2,-25,8,0,-1,0,0,0,-22,-63,19,None
0,0,0,-7,2,-25,8,0,-1,0,0,0,-22,-63,19,None
0,0,0,-7,2,-25,8,0,-1,0,0,0,-30,-75,26,None
0,-2,0,2,-4,0,-8,-3,-1,0,0,0,-30,-75,26,None
0,-1,-1,-3,-2,1,-2,-2,-1,0,0,0,-30,-75,26,None
0,-1,-1,-3,5,-4,-2,-3,0,0,0,0,-30,-75,26,None
0,-3,-1,-2,-4,12,-2,-2,-3,0,0,0,-30,-75,26,None
0,-3,-1,-2,-4,12,-2,-2,-3,0,0,0,-30,-75,26,None
0,-3,-1,-2,-4,12,-2,-2,-3,0,0,0,-31,-81,34,None
0,1,2,3,-14,-1,0,-4,-2,0,0,0,-31,-81,34,None
0,-3,0,-2,2,-4,-2,-2,-2,0,0,0,-31,-81,34,None
0,-1,-1,-6,-5,2,4,-1,-3,0,0,0,-31,-81,34,None
0,1,2,1,-10,2,-5,0,-2,0,0,0,-31,-81,34,None
0,1,2,1,-10,2,-5,0,-2,0,0,0,-31,-81,34,None
0,1,2,1,-10,2,-5,0,-2,0,0,0,-31,-84,32,None
0,-1,-1,-1,-13,-1,11,4,1,0,0,0,-31,-84,32,None
0,-3,-2,-5,20,-4,-10,-8,-4,0,0,0,-31,-84,32,None
0,-1,0,-2,5,-1,-2,1,0,0,0,0,-31,-84,32,None
0,-1,2,1,4,12,9,3,1,0,0,0,-31,-84,32,None
0,-1,2,1,4,12,9,3,1,0,0,0,-31,-84,32,None
0,-1,2,1,4,12,9,3,1,0,0,0,-31,-93,30,None
0,-1,1,-6,-11,-25,-10,-5,-3,0,0,0,-31,-93,30,None
0,2,2,-2,13,9,0,2,0,0,0,0,-31,-93,30,None
0,-1,1,4,-9,-15,-3,-2,-3,0,0,0,-31,-93,30,None
0,-3,0,-3,23,16,-1,-5,-4,0,0,0,-31,-93,30,None
0,-3,0,-3,23,16,-1,-5,-4,0,0,0,-31,-93,30,None
0,-3,0,-3,23,16,-1,-5,-4,0,0,0,-28,-114,41,None
0,-3,0,-1,-9,15,-1,-2,-4,0,0,0,-28,-114,41,None
0,-1,-1,1,-20,-6,-9,-4,-1,0,0,0,-28,-114,41,None
0,0,-1,-7,12,3,23,6,1,0,0,0,-28,-114,41,None
0,0,1,-1,5,-5,-6,-1,0,0,0,0,-28,-114,41,None
0,0,1,-1,5,-5,-6,-1,0,0,0,0,-28,-114,41,None
0,0,1,-1,5,-5,-6,-1,0,0,0,0,-16,-124,47,None
0,-2,-3,-4,-5,-16,-5,-5,-3,0,0,0,-16,-124,47,None
0,0,3,4,25,32,-4,0,0,0,0,0,-16,-124,47,None
0,-5,-4,-10,-5,-31,-5,-4,-3,0,0,0,-16,-124,47,None
0,-2,-2,3,49,11,7,-2,-2,0,0,0,-16,-124,47,None
0,-2,-2,3,49,11,7,-2,-2,0,0,0,-16,-124,47,None
0,-2,-2,3,49,11,7,-2,-2,0,0,0,-6,-116,40,None
0,-2,0,-4,-48,2,-5,-3,-4,0,0,0,-6,-116,40,None
0,-1,3,13,46,1,-8,0,-2,0,0,0,-6,-116,40,None
0,-4,-8,-41,-85,7,-16,-7,-6,0,0,0,-6,-116,40,None
0,-3,-5,7,-33,-40,5,2,-1,0,0,0,-6,-116,40,None
0,-3,-5,7,-33,-40,5,2,-1,0,0,0,-6,-116,40,None
0,-3,-5,7,-33,-40,5,2,-1,0,0,0,5,-122,38,None
0,0,0,-3,7,6,-2,-3,0,0,0,0,5,-122,38,None
0,0,2,21,1,31,6,2,1,0,0,0,5,-122,38,None
0,0,2,-1,76,16,-13,-5,-2,0,0,0,5,-122,38,None
0,-1,0,-20,-5,14,-11,-4,-3,0,0,0,5,-122,38,None
0,-1,0,-20,-5,14,-11,-4,-3,0,0,0,5,-122,38,None
0,-1,0,-20,-5,14,-11,-4,-3,0,0,0,10,-127,44,None
0,-1,-1,-8,34,-3,-6,-2,-2,0,0,0,10,-127,44,None
0,-1,-3,-20,-75,-64,17,2,-2,0,0,0,10,-127,44,None
0,1,3,21,-20,53,5,-1,0,0,0,0,10,-127,44,None
0,-3,-3,-6,3,-4,-9,-3,-2,0,0,0,10,-127,44,None
0,-3,-3,-6,3,-4,-9,-3,-2,0,0,0,10,-127,44,None
0,-3,-3,-6,3,-4,-9,-3,-2,0,0,0,13,-124,36,None
0,3,8,39,57,24,-2,-1,1,0,0,0,13,-124,36,None
0,-1,1,-9,-46,-51,-10,-5,-3,0,0,0,13,-124,36,None
0,-1,-4,-15,44,64,4,1,3,0,0,0,13,-124,36,None
0,4,8,22,-15,-8,18,4,3,0,0,0,13,-124,36,None
0,4,8,22,-15,-8,18,4,3,0,0,0,13,-124,36,None
0,4,8,22,-15,-8,18,4,3,0,0,0,24,-128,36,None
0,-1,-2,-10,40,-1,0,2,0,0,0,0,24,-128,36,None
0,-2,-1,12,-48,27,9,-1,-2,0,0,0,24,-128,36,None
0,0,3,11,49,-23,-12,-6,0,0,0,0,24,-128,36,None
0,-2,-3,-12,63,35,-2,1,2,0,0,0,24,-128,36,None
0,-2,-3,-12,63,35,-2,1,2,0,0,0,24,-128,36,None
0,-2,-3,-12,63,35,-2,1,2,0,0,0,37,-133,31,None
0,3,5,7,-11,13,5,2,1,0,0,0,37,-133,31,None
0,-5,-3,4,20,-18,-8,-2,-1,0,0,0,37,-133,31,None
0,0,0,-15,-14,-7,-7,-3,-4,0,0,0,37,-133,31,None
0,1,3,5,32,39,-4,-1,-2,0,0,0,37,-133,31,None
0,1,3,5,32,39,-4,-1,-2,0,0,0,37,-133,31,None
0,1,3,5,32,39,-4,-1,-2,0,0,0,41,-124,27,None
0,-1,2,1,31,-60,3,-2,2,0,0,0,41,-124,27,None
0,-2,-7,-26,36,-13,-7,-2,-5,0,0,0,41,-124,27,None
0,0,3,26,-20,1,8,2,0,0,0,0,41,-124,27,None
0,0,1,-28,6,-11,-5,-5,-2,0,0,0,41,-124,27,None
0,0,1,-28,6,-11,-5,-5,-2,0,0,0,41,-124,27,None
0,0,1,-28,6,-11,-5,-5,-2,0,0,0,43,-125,20,None
0,-4,-6,-25,-46,-8,2,-2,-4,0,0,0,43,-125,20,None
0,0,2,0,-9,-4,-10,-4,0,0,0,0,43,-125,20,None
0,0,2,0,-9,-4,-10,-4,0,0,0,0,43,-125,20,None
0,0,2,0,-9,-4,-10,-4,0,0,0,0,49,-121,14,None
0,-1,3,14,-1,-20,3,3,1,0,0,0,49,-121,14,None
0,-1,-1,-22,59,53,13,-1,-2,0,0,0,49,-121,14,None
0,-2,-5,3,41,9,-9,-3,-1,0,0,0,49,-121,14,None
0,2,5,6,20,-4,6,0,1,0,0,0,49,-121,14,None
0,2,5,6,20,-4,6,0,1,0,0,0,49,-121,14,None
0,2,5,6,20,-4,6,0,1,0,0,0,52,-113,11,None
0,-3,-1,-24,-49,-59,-6,-1,-4,0,0,0,52,-113,11,None
0,-2,1,11,15,-6,-8,-5,-2,0,0,0,52,-113,11,None
0,0,1,6,2,30,6,0,0,0,0,0,52,-113,11,None
0,0,1,-14,-56,-31,12,4,1,0,0,0,52,-113,11,None
0,0,1,-14,-56,-31,12,4,1,0,0,0,52,-113,11,None
0,0,1,-14,-56,-31,12,4,1,0,0,0,53,-103,6,None
0,2,-1,13,89,49,-3,-4,-3,0,0,0,53,-103,6,None
0,-2,-1,10,14,-61,-4,-2,-5,0,0,0,53,-103,6,None
0,-2,-1,-18,-33,-70,1,-3,-4,0,0,0,53,-103,6,None
0,3,5,0,31,88,5,2,2,0,0,0,53,-103,6,None
0,3,5,0,31,88,5,2,2,0,0,0,53,-103,6,None
0,3,5,0,31,88,5,2,2,0,0,0,58,-99,4,None
0,-8,-6,-3,-35,-63,-6,-5,-4,0,0,0,58,-99,4,None
0,-2,0,3,-34,41,-1,-5,-1,0,0,0,58,-99,4,None
0,1,2,1,-5,15,2,1,0,0,0,0,58,-99,4,None
0,0,1,7,45,20,-3,0,1,0,0,0,58,-99,4,None
0,0,1,7,45,20,-3,0,1,0,0,0,58,-99,4,None
0,0,1,7,45,20,-3,0,1,0,0,0,63,-92,2,None
0,-2,-2,-6,1,-12,-1,-4,-3,0,0,0,63,-92,2,None
0,-2,0,1,-41,12,-3,-2,-1,0,0,0,63,-92,2,None
0,-2,-1,-3,12,47,-7,-4,-3,0,0,0,63,-92,2,None
0,0,3,4,49,26,2,0,0,0,0,0,63,-92,2,None
0,0,3,4,49,26,2,0,0,0,0,0,63,-92,2,None
0,0,3,4,49,26,2,0,0,0,0,0,65,-95,1,None
0,1,4,17,-1,-54,-6,-1,0,0,0,0,65,-95,1,None
0,-1,-1,-1,-92,-22,-3,0,-2,0,0,0,65,-95,1,None
0,-2,6,-10,75,54,7,0,-3,0,0,0,65,-95,1,None
0,-2,-4,28,-11,1,-1,-4,-3,0,0,0,65,-95,1,None
0,-2,-4,28,-11,1,-1,-4,-3,0,0,0,65,-95,1,None
0,-2,-4,28,-11,1,-1,-4,-3,0,0,0,64,-93,-3,None
0,-1,2,-11,-31,3,-1,-2,1,0,0,0,64,-93,-3,None
0,0,-1,7,-14,-39,-15,-1,-3,0,0,0,64,-93,-3,None
0,-1,4,3,15,4,5,-1,-1,0,0,0,64,-93,-3,None
0,-2,-3,-18,7,2,-1,-6,-3,0,0,0,64,-93,-3,None
0,-2,-3,-18,7,2,-1,-6,-3,0,0,0,64,-93,-3,None
0,-2,-3,-18,7,2,-1,-6,-3,0,0,0,71,-88,-1,None
0,-3,-1,-2,44,6,-2,-1,-1,0,0,0,71,-88,-1,None
0,-2,-4,-9,-80,-17,-10,-4,-1,0,0,0,71,-88,-1,None
0,-1,-2,-3,-36,-1,-2,-2,-1,0,0,0,71,-88,-1,None
0,-3,-3,-17,-15,-24,-6,-1,-3,0,0,0,71,-88,-1,None
0,-3,-3,-17,-15,-24,-6,-1,-3,0,0,0,71,-88,-1,None
0,-3,-3,-17,-15,-24,-6,-1,-3,0,0,0,86,-102,0,None
0,-1,0,0,-4,17,2,0,-1,0,0,0,86,-102,0,None
0,-2,3,-4,5,1,6,3,0,0,0,0,86,-102,0,None
0,0,-1,1,-10,-21,-4,-2,-2,0,0,0,86,-102,0,None
0,-2,0,-8,7,-17,-3,0,-2,0,0,0,86,-102,0,None
0,-2,0,-8,7,-17,-3,0,-2,0,0,0,86,-102,0,None
0,-2,0,-8,7,-17,-3,0,-2,0,0,0,95,-119,8,None
0,1,2,-5,-6,3,2,-1,-1,0,0,0,95,-119,8,None
0,-1,2,11,32,15,3,0,-1,0,0,0,95,-119,8,None
0,-3,-7,-23,-83,-26,-7,-4,-5,0,0,0,95,-119,8,None
0,0,2,5,25,5,-2,-1,-1,0,0,0,95,-119,8,None
0,0,2,5,25,5,-2,-1,-1,0,0,0,95,-119,8,None
0,0,2,5,25,5,-2,-1,-1,0,0,0,73,-88,11,None
0,1,3,1,24,8,4,3,1,0,0,0,73,-88,11,None
0,-1,-1,-4,27,-44,-4,-1,-2,0,0,0,73,-88,11,None
0,-2,-4,-14,-65,32,-5,-3,-2,0,0,0,73,-88,11,None
0,-2,0,-10,20,-11,0,-1,-1,0,0,0,73,-88,11,None
0,-2,0,-10,20,-11,0,-1,-1,0,0,0,73,-88,11,None
0,-2,0,-10,20,-11,0,-1,-1,0,0,0,51,-70,5,None
0,-2,-2,-7,-3,-18,2,-1,-3,0,0,0,51,-70,5,None
0,-2,-1,-31,-30,4,-2,-3,-3,0,0,0,51,-70,5,None
0,0,4,14,29,8,-1,2,1,0,0,0,51,-70,5,None
0,0,0,-7,-15,5,-1,-2,-1,0,0,0,51,-70,5,None
0,0,0,-7,-15,5,-1,-2,-1,0,0,0,51,-70,5,None
0,0,0,-7,-15,5,-1,-2,-1,0,0,0,53,-82,6,None
0,-2,1,-8,-19,-12,-8,-6,-3,0,0,0,53,-82,6,None
0,1,4,7,21,13,6,5,2,0,0,0,53,-82,6,None
0,-3,-2,13,10,-10,-1,-3,-1,0,0,0,53,-82,6,None
0,-3,-2,-15,-40,-4,-3,-2,-3,0,0,0,53,-82,6,None
0,-3,-2,-15,-40,-4,-3,-2,-3,0,0,0,53,-82,6,None
0,-3,-2,-15,-40,-4,-3,-2,-3,0,0,0,63,-94,6,None
0,2,3,1,1,-1,-1,-1,-1,0,0,0,63,-94,6,None
0,-1,-1,-1,-4,7,0,-1,-1,0,0,0,63,-94,6,None
0,-1,2,1,14,9,0,0,-2,0,0,0,63,-94,6,None
0,-2,-2,-1,-6,-16,-2,-3,-3,0,0,0,63,-94,6,None
0,-2,-2,-1,-6,-16,-2,-3,-3,0,0,0,63,-94,6,None
0,-2,-2,-1,-6,-16,-2,-3,-3,0,0,0,63,-92,0,None
0,1,1,-1,-7,16,1,0,0,0,0,0,63,-92,0,None
0,-4,-1,-4,-6,42,-5,-5,-4,0,0,0,63,-92,0,None
0,0,-1,0,0,-17,2,1,-2,0,0,0,63,-92,0,None
0,1,12,1,20,13,-3,-3,-3,0,0,0,63,-92,0,None
0,1,12,1,20,13,-3,-3,-3,0,0,0,63,-92,0,None
0,1,12,1,20,13,-3,-3,-3,0,0,0,60,-84,-5,None
0,-7,-31,-5,-14,11,0,0,-2,0,0,0,60,-84,-5,None
0,-2,1,3,25,-10,0,-1,1,0,0,0,60,-84,-5,None
0,4,-5,-9,4,-16,-5,-2,-2,0,0,0,60,-84,-5,None
0,-4,-1,3,-39,28,-1,-3,-3,0,0,0,60,-84,-5,None
0,-4,-1,3,-39,28,-1,-3,-3,0,0,0,60,-84,-5,None
0,-4,-1,3,-39,28,-1,-3,-3,0,0,0,60,-76,-9,None
0,0,4,-35,22,18,1,-2,-1,0,0,0,60,-76,-9,None
0,-1,3,55,-23,-28,-1,0,-1,0,0,0,60,-76,-9,None
0,-3,-6,-46,7,1,-2,-2,-1,0,0,0,60,-76,-9,None
0,-1,1,-2,-5,-14,-3,0,-1,0,0,0,60,-76,-9,None
0,-1,1,-2,-5,-14,-3,0,-1,0,0,0,60,-76,-9,None
0,-1,1,-2,-5,-14,-3,0,-1,0,0,0,58,-77,-11,None
0,0,6,5,-14,1,-2,-1,-2,0,0,0,58,-77,-11,None
0,-1,-2,2,26,9,-2,-2,-2,0,0,0,58,-77,-11,None
0,-1,8,7,6,-7,0,0,-2,0,0,0,58,-77,-11,None
0,0,-3,-6,-8,0,1,-2,-1,0,0,0,58,-77,-11,None
0,0,-3,-6,-8,0,1,-2,-1,0,0,0,58,-77,-11,None
0,0,-3,-6,-8,0,1,-2,-1,0,0,0,59,-81,-13,None
0,-2,5,0,6,10,1,0,-1,0,0,0,59,-81,-13,None
0,2,0,-16,27,12,0,-1,-2,0,0,0,59,-81,-13,None
0,-2,-1,9,1,29,1,-2,-1,0,0,0,59,-81,-13,None
0,-2,-6,-22,1,15,-1,-2,-1,0,0,0,59,-81,-13,None
0,-2,-6,-22,1,15,-1,-2,-1,0,0,0,59,-81,-13,None
0,-2,-6,-22,1,15,-1,-2,-1,0,0,0,59,-82,-14,None
0,-2,2,14,2,4,-2,-1,-2,0,0,0,59,-82,-14,None
0,-1,-2,-25,-22,-9,-2,-2,-1,0,0,0,59,-82,-14,None
0,0,2,8,8,-3,-1,-1,0,0,0,0,59,-82,-14,None
0,-3,-4,-19,22,10,-3,-2,-4,0,0,0,59,-82,-14,None
0,-3,-4,-19,22,10,-3,-2,-4,0,0,0,59,-82,-14,None
0,-3,-4,-19,22,10,-3,-2,-4,0,0,0,58,-78,-14,None
0,0,5,3,-4,1,-1,0,-2,0,0,0,58,-78,-14,None
0,0,1,-3,-21,-3,0,-1,-2,0,0,0,58,-78,-14,None
0,-2,1,-1,35,39,0,-1,-3,0,0,0,58,-78,-14,None
0,-1,-1,2,21,-56,-5,-1,-1,0,0,0,58,-78,-14,None
0,-1,-1,2,21,-56,-5,-1,-1,0,0,0,58,-78,-14,None
0,-1,-1,2,21,-56,-5,-1,-1,0,0,0,58,-74,-16,None
0,-2,-1,-41,-80,-9,-1,-2,-2,0,0,0,58,-74,-16,None
0,0,-1,1,-2,-6,-1,0,0,0,0,0,58,-74,-16,None
0,-1,2,18,48,7,1,-2,-1,0,0,0,58,-74,-16,None
0,0,4,12,0,8,2,0,-1,0,0,0,58,-74,-16,None
0,0,4,12,0,8,2,0,-1,0,0,0,58,-74,-16,None
0,0,4,12,0,8,2,0,-1,0,0,0,59,-73,-16,None
0,-3,1,2,9,6,0,-1,-2,0,0,0,59,-73,-16,None
0,1,0,0,16,3,-2,-3,-2,0,0,0,59,-73,-16,None
0,1,2,-6,-29,-21,-1,0,-1,0,0,0,59,-73,-16,None
0,0,0,0,-17,-3,0,-1,-1,0,0,0,59,-73,-16,None
0,0,0,0,-17,-3,0,-1,-1,0,0,0,59,-73,-16,None
0,0,0,0,-17,-3,0,-1,-1,0,0,0,60,-74,-16,None
0,-1,3,8,24,-5,0,-1,-1,0,0,0,60,-74,-16,None
0,-1,-1,-3,-26,4,-3,-3,-2,0,0,0,60,-74,-16,None
0,0,1,6,-7,-15,0,0,-2,0,0,0,60,-74,-16,None
0,-2,-1,-3,-1,2,-1,0,-1,0,0,0,60,-74,-16,None
0,-2,-1,-3,-1,2,-1,0,-1,0,0,0,60,-74,-16,None
0,-2,-1,-3,-1,2,-1,0,-1,0,0,0,61,-75,-15,None
0,-1,0,8,5,8,-1,1,-2,0,0,0,61,-75,-15,None
0,-2,1,-6,3,-4,-1,-1,0,0,0,0,61,-75,-15,None
0,-1,-1,-9,-17,-11,-4,-4,-2,0,0,0,61,-75,-15,None
0,-2,0,7,4,10,-1,-1,-1,0,0,0,61,-75,-15,None
0,-2,0,7,4,10,-1,-1,-1,0,0,0,61,-75,-15,None
0,-2,0,7,4,10,-1,-1,-1,0,0,0,61,-76,-14,None
0,0,2,4,12,7,0,-1,0,0,0,0,61,-76,-14,None
0,-2,0,-2,-12,-18,-3,-2,-3,0,0,0,61,-76,-14,None
0,0,1,2,13,0,-2,-1,-2,0,0,0,61,-76,-14,None
0,-1,-1,-2,-6,6,1,-1,-2,0,0,0,61,-76,-14,None
0,-1,-1,-2,-6,6,1,-1,-2,0,0,0,61,-76,-14,None
0,-1,-1,-2,-6,6,1,-1,-2,0,0,0,62,-76,-13,None
0,-1,1,6,-4,0,-1,-1,-1,0,0,0,62,-76,-13,None
0,-2,0,-6,4,1,-1,-1,-2,0,0,0,62,-76,-13,None
0,-1,0,-4,-15,-6,-2,-2,1,0,0,0,62,-76,-13,None
0,-2,1,-7,-19,1,-1,-1,-1,0,0,0,62,-76,-13,None
0,-2,1,-7,-19,1,-1,-1,-1,0,0,0,62,-76,-13,None
0,-2,1,-7,-19,1,-1,-1,-1,0,0,0,60,-77,-11,None
0,-3,-1,5,-1,0,-3,-3,-3,0,0,0,60,-77,-11,None
0,-1,-2,-2,9,8,-1,0,-2,0,0,0,60,-77,-11,None
0,-1,0,-3,-14,-7,0,-1,-2,0,0,0,60,-77,-11,None
0,0,-1,-3,5,3,0,-1,-2,0,0,0,60,-77,-11,None
0,0,-1,-3,5,3,0,-1,-2,0,0,0,60,-77,-11,None
0,0,-1,-3,5,3,0,-1,-2,0,0,0,60,-78,-10,None
0,0,1,-2,1,0,-2,-2,-1,0,0,0,60,-78,-10,None
0,-1,1,-4,-9,0,0,-2,-1,0,0,0,60,-78,-10,None
0,-1,0,-2,-2,-1,-1,-2,-1,0,0,0,60,-78,-10,None
0,-1,0,-2,2,1,-1,0,-1,0,0,0,60,-78,-10,None
0,-1,0,-2,2,1,-1,0,-1,0,0,0,60,-78,-10,None
0,-1,0,-2,2,1,-1,0,-1,0,0,0,60,-79,-10,None
0,0,1,1,14,4,1,-1,-1,0,0,0,60,-79,-10,None
0,0,3,7,-12,7,2,1,0,0,0,0,60,-79,-10,None
0,-4,-4,-26,16,-29,-8,-4,-4,0,0,0,60,-79,-10,None
0,-1,-2,6,-12,12,1,-2,-2,0,0,0,60,-79,-10,None
0,-1,-2,6,-12,12,1,-2,-2,0,0,0,60,-79,-10,None
0,-1,-2,6,-12,12,1,-2,-2,0,0,0,60,-80,-9,None
0,-2,-2,-10,-16,-10,-3,-2,-1,0,0,0,60,-80,-9,None
0,-1,1,-3,8,5,1,-2,-1,0,0,0,60,-80,-9,None
0,-1,1,2,-1,2,-2,0,1,0,0,0,60,-80,-9,None
0,-1,0,-2,-1,-3,-2,-1,-2,0,0,0,60,-80,-9,None
0,-1,0,-2,-1,-3,-2,-1,-2,0,0,0,60,-80,-9,None
0,-1,0,-2,-1,-3,-2,-1,-2,0,0,0,59,-81,-9,None
0,-2,1,0,4,1,-2,0,-2,0,0,0,59,-81,-9,None
0,-2,0,-5,4,-5,-4,-3,-1,0,0,0,59,-81,-9,None
0,-3,1,3,-11,4,0,0,-1,0,0,0,59,-81,-9,None
0,-1,0,-2,8,-4,-2,-3,-2,0,0,0,59,-81,-9,None
0,-1,0,-2,8,-4,-2,-3,-2,0,0,0,59,-81,-9,None
0,-1,0,-2,8,-4,-2,-3,-2,0,0,0,60,-81,-9,None
0,0,2,2,0,6,0,0,-1,0,0,0,60,-81,-9,None
0,0,1,-11,-3,-5,-3,0,-2,0,0,0,60,-81,-9,None
0,-1,2,14,31,15,1,1,0,0,0,0,60,-81,-9,None
0,-1,0,1,-6,-9,-4,-1,-1,0,0,0,60,-81,-9,None
0,-1,0,1,-6,-9,-4,-1,-1,0,0,0,60,-81,-9,None
0,-1,0,1,-6,-9,-4,-1,-1,0,0,0,59,-82,-9,None
0,-1,-1,0,6,3,-2,-2,-1,0,0,0,59,-82,-9,None
0,-1,0,-3,-5,-2,1,-2,0,0,0,0,59,-82,-9,None
0,-1,1,0,1,7,0,-1,-2,0,0,0,59,-82,-9,None
0,-2,1,-4,2,-1,-1,-1,0,0,0,0,59,-82,-9,None
0,-2,1,-4,2,-1,-1,-1,0,0,0,0,59,-82,-9,None
0,-2,1,-4,2,-1,-1,-1,0,0,0,0,59,-81,-9,None
0,-1,0,-4,-3,-2,-1,-1,-1,0,0,0,59,-81,-9,None
0,-2,0,-1,13,-2,-3,-2,-1,0,0,0,59,-81,-9,None
0,-1,0,1,-16,0,0,-1,-1,0,0,0,59,-81,-9,None
0,-1,-1,-2,8,1,-2,-1,0,0,0,0,59,-81,-9,None
0,-1,-1,-2,8,1,-2,-1,0,0,0,0,59,-81,-9,None
0,-1,-1,-2,8,1,-2,-1,0,0,0,0,59,-81,-9,None
0,1,2,10,-19,-1,-2,-2,-2,0,0,0,59,-81,-9,None
0,-2,-3,3,2,2,-2,-1,-2,0,0,0,59,-81,-9,None
0,-2,-1,0,-11,-3,-1,-1,-1,0,0,0,59,-81,-9,None
0,0,1,-3,14,1,0,-1,-2,0,0,0,59,-81,-9,None
0,0,1,-3,14,1,0,-1,-2,0,0,0,59,-81,-9,None
0,0,1,-3,14,1,0,-1,-2,0,0,0,58,-80,-10,None
0,-1,0,-3,-26,2,-1,0,-1,0,0,0,58,-80,-10,None
0,-3,0,-5,10,4,-2,-2,-2,0,0,0,58,-80,-10,None
0,0,0,-3,-11,3,-1,-4,-3,0,0,0,58,-80,-10,None
0,-1,2,4,3,-1,1,-1,-2,0,0,0,58,-80,-10,None
0,-1,2,4,3,-1,1,-1,-2,0,0,0,58,-80,-10,None
0,-1,2,4,3,-1,1,-1,-2,0,0,0,59,-80,-11,None
0,0,0,-2,13,0,0,-1,-1,0,0,0,59,-80,-11,None
0,-1,0,-6,-1,-1,-1,-2,-1,0,0,0,59,-80,-11,None
0,-1,-2,-6,-13,-2,0,0,-2,0,0,0,59,-80,-11,None
0,-2,1,-1,1,8,0,-2,-1,0,0,0,59,-80,-11,None
0,-2,1,-1,1,8,0,-2,-1,0,0,0,59,-80,-11,None
0,-2,1,-1,1,8,0,-2,-1,0,0,0,59,-79,-11,None
0,-2,0,-6,20,0,-1,-2,-2,0,0,0,59,-79,-11,None
0,-2,-1,3,-26,-5,-2,-2,-2,0,0,0,59,-79,-11,None
0,0,3,0,3,1,-1,-1,0,0,0,0,59,-79,-11,None
0,-1,-2,1,-7,-4,-2,-2,-2,0,0,0,59,-79,-11,None
0,-1,-2,1,-7,-4,-2,-2,-2,0,0,0,59,-79,-11,None
0,-1,-2,1,-7,-4,-2,-2,-2,0,0,0,60,-79,-11,None
0,-2,-1,0,3,2,0,-1,-1,0,0,0,60,-79,-11,None
0,1,0,2,14,0,-1,-2,0,0,0,0,60,-79,-11,None
0,-2,-1,-5,2,0,-2,-2,-1,0,0,0,60,-79,-11,None
0,-2,0,-5,0,-1,-1,-1,0,0,0,0,60,-79,-11,None
0,-2,0,-5,0,-1,-1,-1,0,0,0,0,60,-79,-11,None
0,-2,0,-5,0,-1,-1,-1,0,0,0,0,60,-79,-12,None
0,0,3,10,-6,-3,0,-1,0,0,0,0,60,-79,-12,None
0,-2,-1,-26,-1,3,-1,-1,-1,0,0,0,60,-79,-12,None
0,0,-1,0,4,-1,-2,-2,-3,0,0,0,60,-79,-12,None
0,-1,1,-7,-17,-12,-1,-2,0,0,0,0,60,-79,-12,None
0,-1,1,-7,-17,-12,-1,-2,0,0,0,0,60,-79,-12,None
0,-1,1,-7,-17,-12,-1,-2,0,0,0,0,59,-79,-12,None
0,-1,-1,3,7,12,1,-2,-1,0,0,0,59,-79,-12,None
0,-3,-1,-1,4,-5,-4,-2,-3,0,0,0,59,-79,-12,None
0,-2,-1,1,-7,-1,-1,-1,-2,0,0,0,59,-79,-12,None
0,-1,2,0,6,-1,1,-1,-2,0,0,0,59,-79,-12,None
0,-1,2,0,6,-1,1,-1,-2,0,0,0,59,-79,-12,None
0,-1,2,0,6,-1,1,-1,-2,0,0,0,60,-78,-13,None
0,-1,-1,-6,-1,0,-2,0,-3,0,0,0,60,-78,-13,None
0,-2,1,-5,-6,-2,0,0,-2,0,0,0,60,-78,-13,None
0,-2,0,3,-1,-3,-1,0,0,0,0,0,60,-78,-13,None
0,-1,0,6,5,1,-2,-2,-3,0,0,0,60,-78,-13,None
0,-1,0,6,5,1,-2,-2,-3,0,0,0,60,-78,-13,None
0,-1,0,6,5,1,-2,-2,-3,0,0,0,60,-78,-12,None
0,-1,0,-13,2,-3,-2,-1,-1,0,0,0,60,-78,-12,None
0,0,0,3,2,15,-1,0,-2,0,0,0,60,-78,-12,None
0,0,1,-3,-22,-10,1,0,0,0,0,0,60,-78,-12,None
0,-2,-2,-8,2,8,-3,-2,-2,0,0,0,60,-78,-12,None
0,-2,-2,-8,2,8,-3,-2,-2,0,0,0,60,-78,-12,None
0,-2,-2,-8,2,8,-3,-2,-2,0,0,0,59,-79,-13,None
0,-2,-1,-3,-9,0,0,-2,-1,0,0,0,59,-79,-13,None
0,-1,1,4,1,-3,1,-2,-1,0,0,0,59,-79,-13,None
0,0,1,-4,8,3,-1,-1,-1,0,0,0,59,-79,-13,None
0,-1,-1,-3,-8,-1,-2,-2,0,0,0,0,59,-79,-13,None
0,-1,-1,-3,-8,-1,-2,-2,0,0,0,0,59,-79,-13,None
0,-1,-1,-3,-8,-1,-2,-2,0,0,0,0,59,-78,-13,None
0,-1,2,-3,2,-4,-3,-1,-1,0,0,0,59,-78,-13,None
0,-1,-1,1,3,0,-1,-2,0,0,0,0,59,-78,-13,None
0,0,-1,2,5,1,-1,-1,0,0,0,0,59,-78,-13,None
0,-1,0,-2,-12,-9,0,-2,-1,0,0,0,59,-78,-13,None
0,-1,0,-2,-12,-9,0,-2,-1,0,0,0,59,-78,-13,None
0,-1,0,-2,-12,-9,0,-2,-1,0,0,0,59,-79,-12,None
0,-2,0,-1,8,18,0,-2,-1,0,0,0,59,-79,-12,None
0,0,0,1,2,-5,0,-1,-2,0,0,0,59,-79,-12,None
0,-2,0,-4,2,2,0,-1,-2,0,0,0,59,-79,-12,None
0,-1,1,-2,-3,0,0,-2,-2,0,0,0,59,-79,-12,None
0,-1,1,-2,-3,0,0,-2,-2,0,0,0,59,-79,-12,None
0,-1,1,-2,-3,0,0,-2,-2,0,0,0,59,-79,-12,None
0,-2,-1,-2,5,-3,0,-1,-3,0,0,0,59,-79,-12,None
0,-2,0,1,-4,-1,-1,-1,-2,0,0,0,59,-79,-12,None
0,-1,0,-5,-5,3,-1,-3,-1,0,0,0,59,-79,-12,None
0,-2,0,0,13,7,-1,0,-1,0,0,0,59,-79,-12,None
0,-2,0,0,13,7,-1,0,-1,0,0,0,59,-79,-12,None
0,-2,0,0,13,7,-1,0,-1,0,0,0,60,-79,-12,None
0,-2,1,-2,-8,-6,-3,-1,-1,0,0,0,60,-79,-12,None
0,0,0,-1,-3,1,-1,-1,-1,0,0,0,60,-79,-12,None
0,-2,1,-16,-1,-1,0,-2,-1,0,0,0,60,-79,-12,None
0,3,1,7,23,8,-1,-3,-1,0,0,0,60,-79,-12,None
0,3,1,7,23,8,-1,-3,-1,0,0,0,60,-79,-12,None
0,3,1,7,23,8,-1,-3,-1,0,0,0,59,-79,-12,None
0,0,-2,-5,-29,-9,-2,-1,-1,0,0,0,59,-79,-12,None
0,-1,2,1,-10,-4,-1,0,-2,0,0,0,59,-79,-12,None
0,-2,-2,-4,14,7,-1,-2,-2,0,0,0,59,-79,-12,None
0,-2,1,-2,-2,4,1,-1,-1,0,0,0,59,-79,-12,None
0,-2,1,-2,-2,4,1,-1,-1,0,0,0,59,-79,-12,None
0,-2,1,-2,-2,4,1,-1,-1,0,0,0,59,-79,-11,None
0,-1,2,-2,1,-3,0,-1,-1,0,0,0,59,-79,-11,None
0,0,-1,-1,4,-1,-1,-1,0,0,0,0,59,-79,-11,None
0,-2,0,0,-4,-2,-1,-2,0,0,0,0,59,-79,-11,None
0,-2,-2,-3,-5,-2,-3,-1,-2,0,0,0,59,-79,-11,None
0,-2,-2,-3,-5,-2,-3,-1,-2,0,0,0,59,-79,-11,None
0,-2,-2,-3,-5,-2,-3,-1,-2,0,0,0,60,-79,-11,None
0,-1,0,1,0,1,-1,-1,-2,0,0,0,60,-79,-11,None
0,-2,0,-4,-1,0,-1,-3,-1,0,0,0,60,-79,-11,None
0,0,1,1,-2,1,-1,-2,-2,0,0,0,60,-79,-11,None
0,-3,1,1,-8,1,0,-1,-2,0,0,0,60,-79,-11,None
0,-3,1,1,-8,1,0,-1,-2,0,0,0,60,-79,-11,None
0,-3,1,1,-8,1,0,-1,-2,0,0,0,59,-79,-11,None
0,0,0,-3,2,-4,-3,-2,-1,0,0,0,59,-79,-11,None
0,-2,0,-1,17,17,-2,-1,-2,0,0,0,59,-79,-11,None
0,-1,1,0,-25,-17,-2,0,0,0,0,0,59,-79,-11,None
0,-1,0,-6,2,1,-2,-2,-1,0,0,0,59,-79,-11,None
0,-1,0,-6,2,1,-2,-2,-1,0,0,0,59,-79,-11,None
0,-1,0,-6,2,1,-2,-2,-1,0,0,0,60,-79,-11,None
0,-1,0,-2,1,1,-1,0,-2,0,0,0,60,-79,-11,None
0,-2,0,0,-1,-6,-1,-1,0,0,0,0,60,-79,-11,None
0,-1,0,0,2,4,-2,-1,-2,0,0,0,60,-79,-11,None
0,-1,-1,-3,1,-1,-2,-2,-2,0,0,0,60,-79,-11,None
0,-1,-1,-3,1,-1,-2,-2,-2,0,0,0,60,-79,-11,None
0,-1,-1,-3,1,-1,-2,-2,-2,0,0,0,60,-79,-11,None
0,-2,0,-2,-1,0,-1,-2,-1,0,0,0,60,-79,-11,None
0,-1,0,1,-3,-1,0,-1,-2,0,0,0,60,-79,-11,None
0,-3,0,-3,-4,1,-3,-3,-1,0,0,0,60,-79,-11,None
0,-2,1,1,-18,-8,-1,0,-1,0,0,0,60,-79,-11,None
0,-2,1,1,-18,-8,-1,0,-1,0,0,0,60,-79,-11,None
0,-2,1,1,-18,-8,-1,0,-1,0,0,0,59,-79,-12,None
0,-1,-1,-2,19,9,-1,-1,-2,0,0,0,59,-79,-12,None
0,-1,1,-2,0,-4,-3,-2,-1,0,0,0,59,-79,-12,None
0,-1,0,0,8,-2,-1,-2,-2,0,0,0,59,-79,-12,None
0,-1,-2,-3,-9,3,1,-1,-2,0,0,0,59,-79,-12,None
0,-1,-2,-3,-9,3,1,-1,-2,0,0,0,59,-79,-12,None
0,-1,-2,-3,-9,3,1,-1,-2,0,0,0,60,-79,-12,None
0,-1,1,1,-2,0,-2,0,-2,0,0,0,60,-79,-12,None
