0,0,13,-5,33,55,-1,-6,0,0,0,0,-32,-40,73,None
0,-8,6,0,4,75,-9,-13,-14,0,0,0,-32,-40,73,None
0,0,-26,-13,-51,2,6,4,1,0,0,0,-32,-40,73,None
0,0,-26,-13,-51,2,6,4,1,0,0,0,-32,-40,73,None
0,0,-26,-13,-51,2,6,4,1,0,0,0,-32,-35,72,None
0,1,10,11,20,4,-3,-4,-1,0,0,0,-32,-35,72,None
0,1,3,1,20,-2,12,-6,-10,0,0,0,-32,-35,72,None
0,-4,-6,-15,-22,-16,-4,2,-5,0,0,0,-32,-35,72,None
0,-1,10,9,64,-44,-22,-8,-9,0,0,0,-32,-35,72,None
0,-1,10,9,64,-44,-22,-8,-9,0,0,0,-32,-35,72,None
0,-1,10,9,64,-44,-22,-8,-9,0,0,0,-34,-28,65,None
0,-1,1,-1,32,42,20,4,1,0,0,0,-34,-28,65,None
0,-4,-11,-11,-38,0,-8,-8,-2,0,0,0,-34,-28,65,None
0,3,3,4,37,-23,-16,-5,8,0,0,0,-34,-28,65,None
0,1,5,-1,-2,-46,-6,2,0,0,0,0,-34,-28,65,None
0,1,5,-1,-2,-46,-6,2,0,0,0,0,-34,-28,65,None
0,1,5,-1,-2,-46,-6,2,0,0,0,0,-39,-21,65,None
0,-1,1,-3,-1,127,-13,1,-9,0,0,0,-39,-21,65,None
0,0,-1,-1,22,-110,2,-2,-5,0,0,0,-39,-21,65,None
0,1,-4,-3,-11,21,16,-3,-6,0,0,0,-39,-21,65,None
0,-3,8,-8,-26,35,-2,1,-10,0,0,0,-39,-21,65,None
0,-3,8,-8,-26,35,-2,1,-10,0,0,0,-39,-21,65,None
0,-3,8,-8,-26,35,-2,1,-10,0,0,0,-36,-24,64,None
0,-1,2,-7,-8,-63,14,3,-8,0,0,0,-36,-24,64,None
0,0,-12,-3,5,60,-15,-2,18,0,0,0,-36,-24,64,None
0,-1,-9,-1,3,45,2,-3,-3,0,0,0,-36,-24,64,None
0,-3,6,4,-23,18,7,-2,-11,0,0,0,-36,-24,64,None
0,-3,6,4,-23,18,7,-2,-11,0,0,0,-36,-24,64,None
0,-3,6,4,-23,18,7,-2,-11,0,0,0,-37,-24,64,None
0,-6,0,1,-5,-30,-17,-2,-9,0,0,0,-37,-24,64,None
0,-3,3,6,34,-39,0,-2,-7,0,0,0,-37,-24,64,None
0,0,12,2,-51,-79,-3,-2,2,0,0,0,-37,-24,64,None
0,-3,4,-1,15,62,-5,-3,-3,0,0,0,-37,-24,64,None
0,-3,4,-1,15,62,-5,-3,-3,0,0,0,-37,-24,64,None
0,-3,4,-1,15,62,-5,-3,-3,0,0,0,-43,-19,61,None
0,2,-16,-3,-5,-13,18,6,10,0,0,0,-43,-19,61,None
0,1,2,-1,-10,-25,-11,-3,-1,0,0,0,-43,-19,61,None
0,1,-2,-3,19,-2,-1,4,1,0,0,0,-43,-19,61,None
0,-3,6,10,36,4,-13,-7,5,0,0,0,-43,-19,61,None
0,-3,6,10,36,4,-13,-7,5,0,0,0,-43,-19,61,None
0,-3,6,10,36,4,-13,-7,5,0,0,0,-44,-15,58,None
0,1,7,-4,-19,65,-8,-5,-9,0,0,0,-44,-15,58,None
0,-1,1,0,-9,-23,-7,-3,0,0,0,0,-44,-15,58,None
0,-2,-8,-11,-15,79,8,3,3,0,0,0,-44,-15,58,None
0,-1,1,-5,-14,-63,-4,-4,-4,0,0,0,-44,-15,58,None
0,-1,1,-5,-14,-63,-4,-4,-4,0,0,0,-44,-15,58,None
0,-1,1,-5,-14,-63,-4,-4,-4,0,0,0,-46,-9,56,None
0,-1,3,2,19,-19,3,-2,0,0,0,0,-46,-9,56,None
0,-1,-1,-3,-9,21,4,5,1,0,0,0,-46,-9,56,None
0,-1,2,3,44,1,-14,-3,-4,0,0,0,-46,-9,56,None
0,-4,-8,-10,-32,-47,15,-2,-1,0,0,0,-46,-9,56,None
0,-4,-8,-10,-32,-47,15,-2,-1,0,0,0,-46,-9,56,None
0,-4,-8,-10,-32,-47,15,-2,-1,0,0,0,-48,-12,63,None
0,-2,0,-4,-8,75,11,-1,0,0,0,0,-48,-12,63,None
0,-3,2,0,-7,-8,-8,-2,-1,0,0,0,-48,-12,63,None
0,-3,2,-6,18,59,0,1,-4,0,0,0,-48,-12,63,None
0,1,-14,-2,10,-6,-2,5,8,0,0,0,-48,-12,63,None
0,1,-14,-2,10,-6,-2,5,8,0,0,0,-48,-12,63,None
0,1,-14,-2,10,-6,-2,5,8,0,0,0,-51,-16,66,None
0,-1,5,3,-20,17,-4,-6,-2,0,0,0,-51,-16,66,None
0,-1,-3,-10,0,-41,0,-1,-4,0,0,0,-51,-16,66,None
0,-1,0,-2,-7,-43,5,0,0,0,0,0,-51,-16,66,None
0,-2,0,-13,-25,-8,-8,-5,-3,0,0,0,-51,-16,66,None
0,-2,0,-13,-25,-8,-8,-5,-3,0,0,0,-51,-16,66,None
0,-2,0,-13,-25,-8,-8,-5,-3,0,0,0,-55,-13,69,None
0,0,9,17,-5,-26,4,-1,-2,0,0,0,-55,-13,69,None
0,-2,-3,-8,-7,14,3,1,0,0,0,0,-55,-13,69,None
0,-2,-2,0,-7,38,-16,-4,-2,0,0,0,-55,-13,69,None
0,-2,7,4,19,-7,2,-2,-1,0,0,0,-55,-13,69,None
0,-2,7,4,19,-7,2,-2,-1,0,0,0,-55,-13,69,None
0,-2,7,4,19,-7,2,-2,-1,0,0,0,-56,-8,71,None
0,-3,-3,-8,19,2,-3,1,-2,0,0,0,-56,-8,71,None
0,-2,-2,-3,0,10,4,-2,1,0,0,0,-56,-8,71,None
0,3,2,5,-9,27,-4,1,2,0,0,0,-56,-8,71,None
0,-3,-1,2,-9,8,-4,-7,-3,0,0,0,-56,-8,71,None
0,-3,-1,2,-9,8,-4,-7,-3,0,0,0,-56,-8,71,None
0,-3,-1,2,-9,8,-4,-7,-3,0,0,0,-57,-12,75,None
0,0,5,-4,3,32,8,-1,-1,0,0,0,-57,-12,75,None
0,0,5,2,7,27,-4,-3,-3,0,0,0,-57,-12,75,None
0,-1,3,-2,1,-78,-9,-5,-4,0,0,0,-57,-12,75,None
0,-1,0,-8,-32,-6,-5,-1,-1,0,0,0,-57,-12,75,None
0,-1,0,-8,-32,-6,-5,-1,-1,0,0,0,-57,-12,75,None
0,-1,0,-8,-32,-6,-5,-1,-1,0,0,0,-59,-17,79,None
0,1,1,-1,5,-28,18,5,2,0,0,0,-59,-17,79,None
0,2,-11,-1,-17,3,9,3,5,0,0,0,-59,-17,79,None
0,-4,-7,-3,12,34,-16,-6,-4,0,0,0,-59,-17,79,None
0,5,10,3,-9,-5,10,5,4,0,0,0,-59,-17,79,None
0,5,10,3,-9,-5,10,5,4,0,0,0,-59,-17,79,None
0,5,10,3,-9,-5,10,5,4,0,0,0,-60,-15,82,None
0,-4,8,1,38,-19,-34,-12,-9,0,0,0,-60,-15,82,None
0,-5,3,-4,26,38,24,0,-6,0,0,0,-60,-15,82,None
0,3,2,3,-22,13,4,0,3,0,0,0,-60,-15,82,None
0,-1,-3,-5,3,42,-3,-3,1,0,0,0,-60,-15,82,None
0,-1,-3,-5,3,42,-3,-3,1,0,0,0,-60,-15,82,None
0,-1,-3,-5,3,42,-3,-3,1,0,0,0,-62,-8,86,None
0,4,5,13,10,17,-1,3,4,0,0,0,-62,-8,86,None
0,-2,6,5,-12,-45,-13,-5,-4,0,0,0,-62,-8,86,None
0,-6,-8,-19,-21,-49,-2,-4,-7,0,0,0,-62,-8,86,None
0,0,11,8,59,53,-2,-1,0,0,0,0,-62,-8,86,None
0,0,11,8,59,53,-2,-1,0,0,0,0,-62,-8,86,None
0,0,11,8,59,53,-2,-1,0,0,0,0,-61,-3,93,None
0,1,-5,-19,22,-24,5,1,7,0,0,0,-61,-3,93,None
0,5,28,5,48,-45,-8,-1,0,0,0,0,-61,-3,93,None
0,3,-27,-15,-98,26,14,4,4,0,0,0,-61,-3,93,None
0,-10,27,8,51,-56,3,-7,-13,0,0,0,-61,-3,93,None
0,-10,27,8,51,-56,3,-7,-13,0,0,0,-61,-3,93,None
0,-10,27,8,51,-56,3,-7,-13,0,0,0,-64,-7,99,None
0,-8,-24,-13,-38,-14,-4,1,-1,0,0,0,-64,-7,99,None
0,-2,-11,-3,-47,-10,-13,-7,-2,0,0,0,-64,-7,99,None
0,-2,4,6,80,26,5,0,6,0,0,0,-64,-7,99,None
0,7,9,21,-88,-14,-7,-3,-16,0,0,0,-64,-7,99,None
0,7,9,21,-88,-14,-7,-3,-16,0,0,0,-64,-7,99,None
0,7,9,21,-88,-14,-7,-3,-16,0,0,0,-71,3,101,None
0,3,5,-35,40,11,-4,7,14,0,0,0,-71,3,101,None
0,16,-7,30,55,24,18,13,7,0,0,0,-71,3,101,None
0,-4,5,5,27,-22,-7,-38,-8,0,0,0,-71,3,101,None
0,4,-20,3,47,25,8,36,-3,0,0,0,-71,3,101,None
0,4,-20,3,47,25,8,36,-3,0,0,0,-71,3,101,None
0,4,-20,3,47,25,8,36,-3,0,0,0,-81,17,100,None
0,-6,40,43,-61,-6,6,24,10,0,0,0,-81,17,100,None
0,6,-46,-40,-46,41,9,-26,-55,0,0,0,-81,17,100,None
0,0,28,-5,17,3,3,48,24,0,0,0,-81,17,100,None
0,28,3,66,65,36,16,-12,11,0,0,0,-81,17,100,None
0,28,3,66,65,36,16,-12,11,0,0,0,-81,17,100,None
0,28,3,66,65,36,16,-12,11,0,0,0,-81,12,97,None
0,-73,-3,11,56,16,-13,-32,4,0,0,0,-81,12,97,None
0,-19,9,-51,-104,-64,-23,-36,-62,0,0,0,-81,12,97,None
0,41,5,12,127,10,6,38,90,0,0,0,-81,12,97,None
0,1,3,10,-18,-41,-15,-19,9,0,0,0,-81,12,97,None
0,1,3,10,-18,-41,-15,-19,9,0,0,0,-81,12,97,None
0,1,3,10,-18,-41,-15,-19,9,0,0,0,-71,-18,83,None
0,11,20,-28,-67,-10,20,33,-9,0,0,0,-71,-18,83,None
0,6,-39,58,-11,82,8,-8,18,0,0,0,-71,-18,83,None
0,-21,-47,22,-54,10,27,-8,-27,0,0,0,-71,-18,83,None
0,2,11,-13,34,-48,-21,-1,-14,0,0,0,-71,-18,83,None
0,2,11,-13,34,-48,-21,-1,-14,0,0,0,-71,-18,83,None
0,2,11,-13,34,-48,-21,-1,-14,0,0,0,-59,-37,79,None
0,26,-8,6,-80,31,14,-6,-23,0,0,0,-59,-37,79,None
0,-18,15,-35,127,-7,-11,-10,-22,0,0,0,-59,-37,79,None
0,-12,27,-38,18,-6,-15,9,32,0,0,0,-59,-37,79,None
0,19,-17,-10,-79,-41,11,30,-43,0,0,0,-59,-37,79,None
0,19,-17,-10,-79,-41,11,30,-43,0,0,0,-59,-37,79,None
0,19,-17,-10,-79,-41,11,30,-43,0,0,0,-56,-40,59,None
0,-9,-3,-87,93,37,0,-16,15,0,0,0,-56,-40,59,None
0,-5,1,-21,74,-86,-19,5,-68,0,0,0,-56,-40,59,None
0,-43,22,-25,59,29,6,17,63,0,0,0,-56,-40,59,None
0,54,9,12,2,4,0,4,37,0,0,0,-56,-40,59,None
0,54,9,12,2,4,0,4,37,0,0,0,-56,-40,59,None
0,54,9,12,2,4,0,4,37,0,0,0,-24,-52,49,None
0,-4,-12,67,65,15,9,25,8,0,0,0,-24,-52,49,None
0,33,20,1,-117,-10,-5,5,26,0,0,0,-24,-52,49,None
0,-8,-10,-10,-69,-26,-21,-39,-6,0,0,0,-24,-52,49,None
0,-12,-10,-35,-45,-26,-7,-12,-35,0,0,0,-24,-52,49,None
0,-12,-10,-35,-45,-26,-7,-12,-35,0,0,0,-24,-52,49,None
0,-12,-10,-35,-45,-26,-7,-12,-35,0,0,0,3,-87,40,None
0,14,3,-7,-16,-41,-24,-25,-3,0,0,0,3,-87,40,None
0,-7,5,31,-28,33,20,10,40,0,0,0,3,-87,40,None
0,-13,-13,-53,-94,-30,-6,-54,-119,0,0,0,3,-87,40,None
0,-18,-6,-9,42,28,-11,-12,1,0,0,0,3,-87,40,None
0,-18,-6,-9,42,28,-11,-12,1,0,0,0,3,-87,40,None
0,-18,-6,-9,42,28,-11,-12,1,0,0,0,7,-75,26,None
0,4,-8,3,-56,-48,-31,0,17,0,0,0,7,-75,26,None
0,-22,9,-30,30,77,-6,-18,2,0,0,0,7,-75,26,None
0,15,2,15,3,16,39,22,6,0,0,0,7,-75,26,None
0,-33,-29,-28,-54,-8,7,-11,0,0,0,0,7,-75,26,None
0,-33,-29,-28,-54,-8,7,-11,0,0,0,0,7,-75,26,None
0,-33,-29,-28,-54,-8,7,-11,0,0,0,0,-42,-47,34,None
0,7,2,2,-26,-56,-8,-22,-55,0,0,0,-42,-47,34,None
0,-2,12,-27,81,28,-16,-3,34,0,0,0,-42,-47,34,None
0,11,-15,61,20,40,11,14,10,0,0,0,-42,-47,34,None
0,-6,2,-17,-41,20,3,-10,-34,0,0,0,-42,-47,34,None
0,-6,2,-17,-41,20,3,-10,-34,0,0,0,-42,-47,34,None
0,-6,2,-17,-41,20,3,-10,-34,0,0,0,-67,-46,44,None
0,-15,-21,12,51,-13,3,6,65,0,0,0,-67,-46,44,None
0,13,8,4,7,3,-5,16,21,0,0,0,-67,-46,44,None
0,0,8,20,3,-96,-16,3,-32,0,0,0,-67,-46,44,None
0,-23,-15,-38,43,22,2,-15,37,0,0,0,-67,-46,44,None
0,-23,-15,-38,43,22,2,-15,37,0,0,0,-67,-46,44,None
0,-23,-15,-38,43,22,2,-15,37,0,0,0,-70,-54,57,None
0,3,11,-79,45,-12,-17,-15,-18,0,0,0,-70,-54,57,None
0,0,-24,31,-29,0,16,26,17,0,0,0,-70,-54,57,None
0,4,-2,-26,-4,7,-4,-7,0,0,0,0,-70,-54,57,None
0,-5,12,43,73,33,0,2,3,0,0,0,-70,-54,57,None
0,-5,12,43,73,33,0,2,3,0,0,0,-70,-54,57,None
0,-5,12,43,73,33,0,2,3,0,0,0,-64,-52,65,None
0,0,-5,-32,-90,-12,-1,-3,-20,0,0,0,-64,-52,65,None
0,0,-3,-3,7,23,4,13,6,0,0,0,-64,-52,65,None
0,1,2,15,3,-29,-5,-7,-3,0,0,0,-64,-52,65,None
0,-8,16,23,15,33,-1,4,19,0,0,0,-64,-52,65,None
0,-8,16,23,15,33,-1,4,19,0,0,0,-64,-52,65,None
0,-8,16,23,15,33,-1,4,19,0,0,0,-61,-47,68,None
0,5,-12,38,23,48,5,3,-19,0,0,0,-61,-47,68,None
0,-11,11,-11,17,-47,-3,-12,-6,0,0,0,-61,-47,68,None
0,3,-7,7,20,48,-5,4,4,0,0,0,-61,-47,68,None
0,-7,-3,-9,-15,1,5,5,-17,0,0,0,-61,-47,68,None
0,-7,-3,-9,-15,1,5,5,-17,0,0,0,-61,-47,68,None
0,-7,-3,-9,-15,1,5,5,-17,0,0,0,-57,-46,68,None
0,7,-2,21,10,-11,-3,0,9,0,0,0,-57,-46,68,None
0,-5,10,15,-90,-18,-4,-9,-26,0,0,0,-57,-46,68,None
0,3,4,-17,15,-11,-12,-5,-11,0,0,0,-57,-46,68,None
0,-6,13,3,-15,34,-2,0,21,0,0,0,-57,-46,68,None
0,-6,13,3,-15,34,-2,0,21,0,0,0,-57,-46,68,None
0,-6,13,3,-15,34,-2,0,21,0,0,0,-55,-49,68,None
0,1,-14,-10,-37,10,6,-9,-22,0,0,0,-55,-49,68,None
0,-5,-3,-6,26,-55,0,13,-23,0,0,0,-55,-49,68,None
0,-2,3,7,-29,39,-2,-10,-42,0,0,0,-55,-49,68,None
0,1,0,-12,29,-3,-4,-5,8,0,0,0,-55,-49,68,None
0,1,0,-12,29,-3,-4,-5,8,0,0,0,-55,-49,68,None
0,1,0,-12,29,-3,-4,-5,8,0,0,0,-57,-52,67,None
0,1,6,11,31,-32,0,-3,15,0,0,0,-57,-52,67,None
0,-1,8,2,4,15,5,-1,4,0,0,0,-57,-52,67,None
0,1,-3,1,6,-9,2,-1,7,0,0,0,-57,-52,67,None
0,-23,-16,15,42,13,3,-1,-33,0,0,0,-57,-52,67,None
0,-23,-16,15,42,13,3,-1,-33,0,0,0,-57,-52,67,None
0,-23,-16,15,42,13,3,-1,-33,0,0,0,-55,-50,67,None
0,12,10,5,-28,-5,0,-19,18,0,0,0,-55,-50,67,None
0,-4,-4,-1,8,-23,-11,19,54,0,0,0,-55,-50,67,None
0,4,-7,-13,61,-3,8,4,-9,0,0,0,-55,-50,67,None
0,1,1,-11,-4,-6,-11,-5,0,0,0,0,-55,-50,67,None
0,1,1,-11,-4,-6,-11,-5,0,0,0,0,-55,-50,67,None
0,1,1,-11,-4,-6,-11,-5,0,0,0,0,-53,-50,64,None
0,-4,-1,15,7,36,5,0,-5,0,0,0,-53,-50,64,None
0,-1,-4,7,17,17,1,-3,1,0,0,0,-53,-50,64,None
0,-3,5,-9,0,1,-13,-5,-7,0,0,0,-53,-50,64,None
0,-3,3,0,-22,-37,-7,-10,-1,0,0,0,-53,-50,64,None
0,-3,3,0,-22,-37,-7,-10,-1,0,0,0,-53,-50,64,None
0,-3,3,0,-22,-37,-7,-10,-1,0,0,0,-52,-52,65,None
0,-3,1,-35,26,13,8,6,-9,0,0,0,-52,-52,65,None
0,2,-1,6,-19,15,-5,-6,4,0,0,0,-52,-52,65,None
0,-4,-12,-5,-3,6,10,3,-15,0,0,0,-52,-52,65,None
0,9,9,-22,12,-18,11,9,18,0,0,0,-52,-52,65,None
0,9,9,-22,12,-18,11,9,18,0,0,0,-52,-52,65,None
0,9,9,-22,12,-18,11,9,18,0,0,0,-52,-52,65,None
0,-2,-7,12,-24,-44,-24,-7,-10,0,0,0,-52,-52,65,None
0,2,4,-13,-1,74,5,-5,23,0,0,0,-52,-52,65,None
0,-2,1,11,-23,-13,0,-6,7,0,0,0,-52,-52,65,None
0,1,-1,0,6,1,2,5,5,0,0,0,-52,-52,65,None
0,1,-1,0,6,1,2,5,5,0,0,0,-52,-52,65,None
0,1,-1,0,6,1,2,5,5,0,0,0,-55,-52,64,None
0,-3,5,7,26,-10,0,8,-10,0,0,0,-55,-52,64,None
0,0,0,-12,8,-13,-1,-6,0,0,0,0,-55,-52,64,None
0,2,0,33,6,13,-4,2,1,0,0,0,-55,-52,64,None
0,-6,0,-20,-4,-15,-6,-2,-2,0,0,0,-55,-52,64,None
0,-6,0,-20,-4,-15,-6,-2,-2,0,0,0,-55,-52,64,None
0,-6,0,-20,-4,-15,-6,-2,-2,0,0,0,-56,-54,65,None
0,-4,3,-29,16,15,2,-11,-63,0,0,0,-56,-54,65,None
0,-1,-13,14,5,-4,11,19,51,0,0,0,-56,-54,65,None
0,-4,6,-15,40,9,0,-1,1,0,0,0,-56,-54,65,None
0,-5,1,-5,3,-15,-7,-9,17,0,0,0,-56,-54,65,None
0,-5,1,-5,3,-15,-7,-9,17,0,0,0,-56,-54,65,None
0,-5,1,-5,3,-15,-7,-9,17,0,0,0,-54,-54,66,None
0,2,0,9,-46,37,6,11,-2,0,0,0,-54,-54,66,None
0,-3,3,-4,16,-45,-5,-8,-22,0,0,0,-54,-54,66,None
0,-6,9,-44,-38,-23,-18,-8,-18,0,0,0,-54,-54,66,None
0,8,-23,78,-67,-35,10,0,15,0,0,0,-54,-54,66,None
0,8,-23,78,-67,-35,10,0,15,0,0,0,-54,-54,66,None
0,8,-23,78,-67,-35,10,0,15,0,0,0,-55,-53,67,None
0,-1,0,4,17,50,6,3,11,0,0,0,-55,-53,67,None
0,-4,9,-7,13,-7,-5,-4,-15,0,0,0,-55,-53,67,None
0,8,4,8,-6,17,0,-2,28,0,0,0,-55,-53,67,None
0,1,8,-33,15,-37,-2,-2,-9,0,0,0,-55,-53,67,None
0,1,8,-33,15,-37,-2,-2,-9,0,0,0,-55,-53,67,None
0,1,8,-33,15,-37,-2,-2,-9,0,0,0,-57,-54,65,None
0,-2,-4,0,-44,-18,-2,5,8,0,0,0,-57,-54,65,None
0,1,-1,13,-2,-5,-2,-4,-8,0,0,0,-57,-54,65,None
0,-3,-4,-13,-12,9,-3,-7,-7,0,0,0,-57,-54,65,None
0,-1,-2,-32,70,-8,-8,1,-7,0,0,0,-57,-54,65,None
0,-1,-2,-32,70,-8,-8,1,-7,0,0,0,-57,-54,65,None
0,-1,-2,-32,70,-8,-8,1,-7,0,0,0,-54,-54,63,None
0,-3,-3,22,27,-18,1,-3,1,0,0,0,-54,-54,63,None
0,-6,1,-14,25,16,-1,-5,-22,0,0,0,-54,-54,63,None
0,-2,1,7,-1,-7,4,0,-8,0,0,0,-54,-54,63,None
0,0,4,-18,9,19,-4,0,-4,0,0,0,-54,-54,63,None
0,0,4,-18,9,19,-4,0,-4,0,0,0,-54,-54,63,None
0,0,4,-18,9,19,-4,0,-4,0,0,0,-53,-52,62,None
0,-5,5,6,19,-6,2,-10,-5,0,0,0,-53,-52,62,None
0,12,7,-3,-9,-10,-5,0,27,0,0,0,-53,-52,62,None
0,-18,3,-3,-23,-26,-1,7,-1,0,0,0,-53,-52,62,None
0,2,1,8,-29,17,-4,-4,5,0,0,0,-53,-52,62,None
0,2,1,8,-29,17,-4,-4,5,0,0,0,-53,-52,62,None
0,2,1,8,-29,17,-4,-4,5,0,0,0,-55,-53,64,None
0,3,3,-1,21,7,0,-1,15,0,0,0,-55,-53,64,None
0,-3,-1,-9,-13,19,2,-7,-24,0,0,0,-55,-53,64,None
0,2,-8,8,6,1,1,2,-13,0,0,0,-55,-53,64,None
0,-1,3,-10,-9,17,-4,-4,15,0,0,0,-55,-53,64,None
0,-1,3,-10,-9,17,-4,-4,15,0,0,0,-55,-53,64,None
0,-1,3,-10,-9,17,-4,-4,15,0,0,0,-55,-53,63,None
0,-1,0,-2,-7,-12,-1,0,-1,0,0,0,-55,-53,63,None
0,-5,-2,14,31,13,-1,-2,-10,0,0,0,-55,-53,63,None
0,4,4,-1,-7,6,-2,-4,16,0,0,0,-55,-53,63,None
0,-7,-1,-5,-11,10,-1,-5,-17,0,0,0,-55,-53,63,None
0,-7,-1,-5,-11,10,-1,-5,-17,0,0,0,-55,-53,63,None
0,-7,-1,-5,-11,10,-1,-5,-17,0,0,0,-54,-54,64,None
0,2,4,-4,44,-2,-4,-7,-3,0,0,0,-54,-54,64,None
0,-6,-5,-1,-14,2,-3,4,-12,0,0,0,-54,-54,64,None
0,1,5,-2,4,-18,-4,-7,-2,0,0,0,-54,-54,64,None
0,1,2,1,13,12,0,1,-7,0,0,0,-54,-54,64,None
0,1,2,1,13,12,0,1,-7,0,0,0,-54,-54,64,None
0,1,2,1,13,12,0,1,-7,0,0,0,-53,-54,64,None
0,-2,1,-14,-5,0,-3,2,-6,0,0,0,-53,-54,64,None
0,-3,-1,-30,15,-13,-1,-8,10,0,0,0,-53,-54,64,None
0,2,-6,44,35,6,7,7,0,0,0,0,-53,-54,64,None
0,-4,-5,-32,-55,-15,-9,-6,-9,0,0,0,-53,-54,64,None
0,-4,-5,-32,-55,-15,-9,-6,-9,0,0,0,-53,-54,64,None
0,-4,-5,-32,-55,-15,-9,-6,-9,0,0,0,-56,-55,63,None
0,0,1,0,-4,-16,-5,-3,0,0,0,0,-56,-55,63,None
0,0,-1,-7,-6,26,1,-2,-2,0,0,0,-56,-55,63,None
0,2,1,-5,11,-23,2,0,4,0,0,0,-56,-55,63,None
0,1,1,-1,6,18,4,2,0,0,0,0,-56,-55,63,None
0,1,1,-1,6,18,4,2,0,0,0,0,-56,-55,63,None
0,1,1,-1,6,18,4,2,0,0,0,0,-57,-54,61,None
0,-4,-14,1,4,-1,1,1,7,0,0,0,-57,-54,61,None
0,-1,3,13,-14,-8,-5,-3,-6,0,0,0,-57,-54,61,None
0,0,6,-15,-1,-14,-2,-2,-5,0,0,0,-57,-54,61,None
0,-2,-5,4,18,2,4,0,2,0,0,0,-57,-54,61,None
0,-2,-5,4,18,2,4,0,2,0,0,0,-57,-54,61,None
0,-2,-5,4,18,2,4,0,2,0,0,0,-56,-55,61,None
0,-1,3,-6,-12,26,-6,-2,2,0,0,0,-56,-55,61,None
0,3,4,-1,27,-31,-1,-2,-5,0,0,0,-56,-55,61,None
0,-19,-3,-30,-10,72,-4,-10,-6,0,0,0,-56,-55,61,None
0,0,6,9,0,-34,-3,-1,22,0,0,0,-56,-55,61,None
0,0,6,9,0,-34,-3,-1,22,0,0,0,-56,-55,61,None
0,0,6,9,0,-34,-3,-1,22,0,0,0,-54,-55,62,None
0,-2,3,3,50,0,0,-2,-25,0,0,0,-54,-55,62,None
0,-3,6,8,-5,-22,-7,-8,-21,0,0,0,-54,-55,62,None
0,7,3,-5,6,1,-1,4,16,0,0,0,-54,-55,62,None
0,-5,-9,-14,-5,5,-5,1,-8,0,0,0,-54,-55,62,None
0,-5,-9,-14,-5,5,-5,1,-8,0,0,0,-54,-55,62,None
0,-5,-9,-14,-5,5,-5,1,-8,0,0,0,-55,-56,62,None
0,-2,7,-12,6,-4,2,0,19,0,0,0,-55,-56,62,None
0,-2,-1,0,-6,3,4,-4,-8,0,0,0,-55,-56,62,None
0,1,8,-15,8,-1,-3,-5,-14,0,0,0,-55,-56,62,None
0,-3,-3,-7,13,11,-2,1,-2,0,0,0,-55,-56,62,None
0,-3,-3,-7,13,11,-2,1,-2,0,0,0,-55,-56,62,None
0,-3,-3,-7,13,11,-2,1,-2,0,0,0,-56,-57,62,None
0,4,2,13,-5,-3,0,-3,7,0,0,0,-56,-57,62,None
0,-3,3,-9,1,5,2,2,0,0,0,0,-56,-57,62,None
0,3,4,5,39,19,-5,-2,2,0,0,0,-56,-57,62,None
0,3,7,1,-18,-27,-1,-1,-1,0,0,0,-56,-57,62,None
0,3,7,1,-18,-27,-1,-1,-1,0,0,0,-56,-57,62,None
0,3,7,1,-18,-27,-1,-1,-1,0,0,0,-56,-56,62,None
0,-5,-9,-16,-8,23,1,-3,-10,0,0,0,-56,-56,62,None
0,-1,-1,7,4,-5,2,3,13,0,0,0,-56,-56,62,None
0,6,2,6,-5,-29,-3,0,-1,0,0,0,-56,-56,62,None
0,-7,3,-3,17,19,1,-1,-5,0,0,0,-56,-56,62,None
0,-7,3,-3,17,19,1,-1,-5,0,0,0,-56,-56,62,None
0,-7,3,-3,17,19,1,-1,-5,0,0,0,-55,-56,61,None
0,0,2,2,0,3,-1,2,-4,0,0,0,-55,-56,61,None
0,-3,-4,-9,14,7,-5,-5,0,0,0,0,-55,-56,61,None
0,0,-3,4,-5,-9,-2,-5,-10,0,0,0,-55,-56,61,None
0,4,-3,-12,11,18,2,2,1,0,0,0,-55,-56,61,None
0,4,-3,-12,11,18,2,2,1,0,0,0,-55,-56,61,None
0,4,-3,-12,11,18,2,2,1,0,0,0,-54,-56,62,None
0,1,4,6,-2,-19,-2,-3,7,0,0,0,-54,-56,62,None
0,-3,-2,-1,-2,4,-1,-3,3,0,0,0,-54,-56,62,None
0,-4,-2,0,-15,8,1,1,-2,0,0,0,-54,-56,62,None
0,2,4,-1,18,-24,-5,-3,2,0,0,0,-54,-56,62,None
0,2,4,-1,18,-24,-5,-3,2,0,0,0,-54,-56,62,None
0,2,4,-1,18,-24,-5,-3,2,0,0,0,-54,-55,63,None
0,-3,-7,-9,5,0,-2,1,3,0,0,0,-54,-55,63,None
0,0,4,5,-13,13,0,-4,-7,0,0,0,-54,-55,63,None
0,-2,-4,1,-4,-8,-5,-2,-2,0,0,0,-54,-55,63,None
0,0,2,4,6,-6,3,1,-5,0,0,0,-54,-55,63,None
0,0,2,4,6,-6,3,1,-5,0,0,0,-54,-55,63,None
0,0,2,4,6,-6,3,1,-5,0,0,0,-53,-56,62,None
0,0,0,4,-22,15,0,-4,0,0,0,0,-53,-56,62,None
0,2,11,3,3,-44,-3,0,3,0,0,0,-53,-56,62,None
0,-1,-5,1,33,55,6,1,2,0,0,0,-53,-56,62,None
0,-5,-9,-8,-7,-1,1,0,-2,0,0,0,-53,-56,62,None
0,-5,-9,-8,-7,-1,1,0,-2,0,0,0,-53,-56,62,None
0,-5,-9,-8,-7,-1,1,0,-2,0,0,0,-52,-56,62,None
0,0,3,5,13,2,0,0,0,0,0,0,-52,-56,62,None
0,-4,-1,-6,22,-15,-2,-2,0,0,0,0,-52,-56,62,None
0,0,0,-3,-3,-12,-3,1,2,0,0,0,-52,-56,62,None
0,0,1,3,2,17,-3,-4,-7,0,0,0,-52,-56,62,None
0,0,1,3,2,17,-3,-4,-7,0,0,0,-52,-56,62,None
0,0,1,3,2,17,-3,-4,-7,0,0,0,-53,-56,62,None
0,-3,2,0,14,10,-4,-3,-1,0,0,0,-53,-56,62,None
0,-2,-1,5,-8,22,-3,-2,-2,0,0,0,-53,-56,62,None
0,1,3,2,-8,-6,3,-2,0,0,0,0,-53,-56,62,None
0,0,3,4,6,-7,2,-1,-3,0,0,0,-53,-56,62,None
0,0,3,4,6,-7,2,-1,-3,0,0,0,-53,-56,62,None
0,0,3,4,6,-7,2,-1,-3,0,0,0,-53,-57,61,None
0,1,1,-3,-1,-12,-6,0,2,0,0,0,-53,-57,61,None
0,-2,-3,-6,-4,24,1,1,-1,0,0,0,-53,-57,61,None
0,0,7,36,-13,-1,0,-3,-4,0,0,0,-53,-57,61,None
0,0,6,7,20,-6,-2,0,-3,0,0,0,-53,-57,61,None
0,0,6,7,20,-6,-2,0,-3,0,0,0,-53,-57,61,None
0,0,6,7,20,-6,-2,0,-3,0,0,0,-52,-56,61,None
0,-2,-3,-8,2,-12,4,2,-1,0,0,0,-52,-56,61,None
0,1,0,-3,6,-8,-1,1,0,0,0,0,-52,-56,61,None
0,-4,-4,-12,-2,21,-4,-4,-4,0,0,0,-52,-56,61,None
0,0,1,-2,10,9,-2,-2,-3,0,0,0,-52,-56,61,None
0,0,1,-2,10,9,-2,-2,-3,0,0,0,-52,-56,61,None
0,0,1,-2,10,9,-2,-2,-3,0,0,0,-52,-55,61,None
0,0,0,5,6,-7,1,-1,0,0,0,0,-52,-55,61,None
0,-1,-1,-3,4,-13,2,1,0,0,0,0,-52,-55,61,None
0,-2,1,1,-3,-11,-8,-2,-1,0,0,0,-52,-55,61,None
0,-3,-3,-1,-7,-2,-1,-3,-2,0,0,0,-52,-55,61,None
0,-3,-3,-1,-7,-2,-1,-3,-2,0,0,0,-52,-55,61,None
0,-3,-3,-1,-7,-2,-1,-3,-2,0,0,0,-52,-56,62,None
0,-1,0,-6,-14,15,1,-2,-1,0,0,0,-52,-56,62,None
0,-1,-2,-4,-5,6,-7,-2,-3,0,0,0,-52,-56,62,None
0,0,3,-12,4,-25,-7,1,0,0,0,0,-52,-56,62,None
0,0,0,-1,-3,3,0,-1,-2,0,0,0,-52,-56,62,None
0,0,0,-1,-3,3,0,-1,-2,0,0,0,-52,-56,62,None
0,0,0,-1,-3,3,0,-1,-2,0,0,0,-51,-56,61,None
0,-1,0,0,14,-2,-3,-1,-1,0,0,0,-51,-56,61,None
0,-2,2,0,1,12,3,-2,-3,0,0,0,-51,-56,61,None
0,-2,-1,-5,-18,6,-6,-4,-4,0,0,0,-51,-56,61,None
0,-1,0,0,1,2,-8,-3,0,0,0,0,-51,-56,61,None
0,-1,0,0,1,2,-8,-3,0,0,0,0,-51,-56,61,None
0,-1,0,0,1,2,-8,-3,0,0,0,0,-51,-55,59,None
0,-3,1,-3,0,0,7,-1,-2,0,0,0,-51,-55,59,None
0,0,0,0,-8,-3,3,0,-1,0,0,0,-51,-55,59,None
0,-1,-1,-8,-3,-13,0,-1,-1,0,0,0,-51,-55,59,None
0,-2,-2,-5,6,6,3,0,-2,0,0,0,-51,-55,59,None
0,-2,-2,-5,6,6,3,0,-2,0,0,0,-51,-55,59,None
0,-2,-2,-5,6,6,3,0,-2,0,0,0,-48,-54,60,None
0,-3,2,0,-3,7,-11,-5,-4,0,0,0,-48,-54,60,None
0,-2,-7,2,5,-4,-5,-3,-2,0,0,0,-48,-54,60,None
0,-1,2,-3,11,-8,5,-2,-2,0,0,0,-48,-54,60,None
0,-3,-3,-22,10,3,-4,-3,-3,0,0,0,-48,-54,60,None
0,-3,-3,-22,10,3,-4,-3,-3,0,0,0,-48,-54,60,None
0,-3,-3,-22,10,3,-4,-3,-3,0,0,0,-47,-56,58,None
0,0,3,15,-14,-10,-8,-3,-1,0,0,0,-47,-56,58,None
0,0,2,-2,4,1,18,4,1,0,0,0,-47,-56,58,None
0,-1,-1,-4,4,-5,-5,-1,0,0,0,0,-47,-56,58,None
0,-2,-2,-10,-9,9,-7,-3,-1,0,0,0,-47,-56,58,None
0,-2,-2,-10,-9,9,-7,-3,-1,0,0,0,-47,-56,58,None
0,-2,-2,-10,-9,9,-7,-3,-1,0,0,0,-46,-55,57,None
0,-1,-1,-6,-1,1,6,1,-1,0,0,0,-46,-55,57,None
