0,1,1,8,-13,7,12,17,0,0,0,0,75,-126,12,None
0,-1,0,-3,20,2,-11,-12,0,0,0,0,75,-126,12,None
0,-2,-2,2,5,13,-13,4,-5,0,0,0,75,-126,12,None
0,-2,-2,2,5,13,-13,4,-5,0,0,0,75,-126,12,None
0,-2,-2,2,5,13,-13,4,-5,0,0,0,71,-127,8,None
0,-2,1,-1,-17,4,24,-4,-1,0,0,0,71,-127,8,None
0,-2,2,0,31,6,-12,0,-2,0,0,0,71,-127,8,None
0,-1,0,-12,17,-5,-8,-31,-3,0,0,0,71,-127,8,None
0,-2,1,6,9,38,-10,42,-1,0,0,0,71,-127,8,None
0,-2,1,6,9,38,-10,42,-1,0,0,0,71,-127,8,None
0,-2,1,6,9,38,-10,42,-1,0,0,0,67,-134,8,None
0,1,1,-1,7,-22,11,-4,-1,0,0,0,67,-134,8,None
0,-3,-1,-3,6,10,-4,-13,-3,0,0,0,67,-134,8,None
0,-1,-1,1,7,-21,-11,4,-2,0,0,0,67,-134,8,None
0,-1,-2,-11,-36,2,-11,3,0,0,0,0,67,-134,8,None
0,-1,-2,-11,-36,2,-11,3,0,0,0,0,67,-134,8,None
0,-1,-2,-11,-36,2,-11,3,0,0,0,0,54,-135,9,None
0,0,-2,-1,23,11,3,-15,-3,0,0,0,54,-135,9,None
0,1,0,10,-8,13,6,-2,-1,0,0,0,54,-135,9,None
0,-4,-3,4,-14,2,-14,-2,-4,0,0,0,54,-135,9,None
0,-3,-1,-6,41,13,16,4,-1,0,0,0,54,-135,9,None
0,-3,-1,-6,41,13,16,4,-1,0,0,0,54,-135,9,None
0,-3,-1,-6,41,13,16,4,-1,0,0,0,44,-126,6,None
0,-5,-6,-3,-8,-17,-28,-12,-6,0,0,0,44,-126,6,None
0,1,2,-4,26,-16,-11,-5,-1,0,0,0,44,-126,6,None
0,2,4,-7,-14,-6,5,4,1,0,0,0,44,-126,6,None
0,-4,-2,-4,-1,-3,4,-4,-3,0,0,0,44,-126,6,None
0,-4,-2,-4,-1,-3,4,-4,-3,0,0,0,44,-126,6,None
0,-4,-2,-4,-1,-3,4,-4,-3,0,0,0,37,-121,8,None
0,-2,-3,1,-8,38,8,-2,0,0,0,0,37,-121,8,None
0,0,1,4,-2,-5,3,3,-1,0,0,0,37,-121,8,None
0,-3,-2,-6,8,6,-15,1,-1,0,0,0,37,-121,8,None
0,0,2,3,33,-20,4,0,-1,0,0,0,37,-121,8,None
0,0,2,3,33,-20,4,0,-1,0,0,0,37,-121,8,None
0,0,2,3,33,-20,4,0,-1,0,0,0,35,-125,9,None
0,1,3,-3,-55,-31,-1,-1,-1,0,0,0,35,-125,9,None
0,-2,1,4,8,20,-3,-5,-3,0,0,0,35,-125,9,None
0,-3,-2,-1,20,17,-9,-4,-3,0,0,0,35,-125,9,None
0,0,1,0,-31,-17,6,-11,2,0,0,0,35,-125,9,None
0,0,1,0,-31,-17,6,-11,2,0,0,0,35,-125,9,None
0,0,1,0,-31,-17,6,-11,2,0,0,0,32,-129,13,None
0,-2,0,-2,18,12,8,15,0,0,0,0,32,-129,13,None
0,-1,-3,-7,18,5,-6,-4,-1,0,0,0,32,-129,13,None
0,1,0,-6,-97,-10,2,3,0,0,0,0,32,-129,13,None
0,-1,2,5,-7,-3,-1,0,-1,0,0,0,32,-129,13,None
0,-1,2,5,-7,-3,-1,0,-1,0,0,0,32,-129,13,None
0,-1,2,5,-7,-3,-1,0,-1,0,0,0,29,-125,14,None
0,0,4,0,2,18,-3,-8,-2,0,0,0,29,-125,14,None
0,-3,-4,-3,-4,-6,5,-4,-4,0,0,0,29,-125,14,None
0,-3,1,-6,-3,5,5,3,-1,0,0,0,29,-125,14,None
0,2,4,7,52,-32,7,2,1,0,0,0,29,-125,14,None
0,2,4,7,52,-32,7,2,1,0,0,0,29,-125,14,None
0,2,4,7,52,-32,7,2,1,0,0,0,22,-113,12,None
0,-2,-3,-19,-128,-13,-27,-12,-5,0,0,0,22,-113,12,None
0,-1,2,2,13,-17,12,6,3,0,0,0,22,-113,12,None
0,-1,1,9,36,62,12,1,1,0,0,0,22,-113,12,None
0,0,-2,-9,-38,-6,-5,0,0,0,0,0,22,-113,12,None
0,0,-2,-9,-38,-6,-5,0,0,0,0,0,22,-113,12,None
0,0,-2,-9,-38,-6,-5,0,0,0,0,0,17,-108,11,None
0,-3,1,4,70,-24,0,-2,-3,0,0,0,17,-108,11,None
0,0,4,-5,-59,0,-7,-7,-3,0,0,0,17,-108,11,None
0,0,3,1,-34,-32,5,-1,-1,0,0,0,17,-108,11,None
0,-2,-1,-5,11,24,0,2,-1,0,0,0,17,-108,11,None
0,-2,-1,-5,11,24,0,2,-1,0,0,0,17,-108,11,None
0,-2,-1,-5,11,24,0,2,-1,0,0,0,15,-103,11,None
0,-3,2,5,15,14,0,-7,-3,0,0,0,15,-103,11,None
0,-2,-2,-11,-21,0,5,4,-1,0,0,0,15,-103,11,None
0,0,0,-2,41,-21,-8,-3,-7,0,0,0,15,-103,11,None
0,-1,3,5,9,11,10,7,9,0,0,0,15,-103,11,None
0,-1,3,5,9,11,10,7,9,0,0,0,15,-103,11,None
0,-1,3,5,9,11,10,7,9,0,0,0,9,-98,9,None
0,-1,3,-4,-35,-6,1,-6,2,0,0,0,9,-98,9,None
0,-3,-1,-4,7,5,-6,-1,8,0,0,0,9,-98,9,None
0,1,8,7,17,10,0,0,2,0,0,0,9,-98,9,None
0,-1,-5,-6,2,47,3,-1,-9,0,0,0,9,-98,9,None
0,-1,-5,-6,2,47,3,-1,-9,0,0,0,9,-98,9,None
0,-1,-5,-6,2,47,3,-1,-9,0,0,0,6,-92,14,None
0,-1,1,1,1,-51,1,2,4,0,0,0,6,-92,14,None
0,-1,2,0,4,5,-5,-6,-7,0,0,0,6,-92,14,None
0,1,4,2,-31,-16,8,0,7,0,0,0,6,-92,14,None
0,-1,2,-1,5,39,-1,-2,-6,0,0,0,6,-92,14,None
0,-1,2,-1,5,39,-1,-2,-6,0,0,0,6,-92,14,None
0,-1,2,-1,5,39,-1,-2,-6,0,0,0,2,-93,15,None
0,2,2,2,58,17,-2,3,-2,0,0,0,2,-93,15,None
0,-2,-2,-4,-34,-21,-4,-5,-1,0,0,0,2,-93,15,None
0,-1,-1,-3,-13,14,-3,8,-9,0,0,0,2,-93,15,None
0,3,22,1,-10,-63,-5,3,4,0,0,0,2,-93,15,None
0,3,22,1,-10,-63,-5,3,4,0,0,0,2,-93,15,None
0,3,22,1,-10,-63,-5,3,4,0,0,0,-1,-85,18,None
0,-4,-8,-6,-12,52,2,-1,4,0,0,0,-1,-85,18,None
0,0,4,1,-15,-22,0,1,-4,0,0,0,-1,-85,18,None
0,-5,-5,-2,28,21,-6,-8,-7,0,0,0,-1,-85,18,None
0,-2,1,-2,33,-5,4,0,-6,0,0,0,-1,-85,18,None
0,-2,1,-2,33,-5,4,0,-6,0,0,0,-1,-85,18,None
0,-2,1,-2,33,-5,4,0,-6,0,0,0,-7,-79,18,None
0,3,6,3,-9,-16,2,-1,2,0,0,0,-7,-79,18,None
0,0,-1,-3,-17,5,1,-6,-10,0,0,0,-7,-79,18,None
0,0,4,-3,16,-10,-9,1,-6,0,0,0,-7,-79,18,None
0,-11,-10,-1,-13,-2,-5,-1,-4,0,0,0,-7,-79,18,None
0,-11,-10,-1,-13,-2,-5,-1,-4,0,0,0,-7,-79,18,None
0,-11,-10,-1,-13,-2,-5,-1,-4,0,0,0,-16,-73,21,None
0,11,40,0,-21,-14,0,1,4,0,0,0,-16,-73,21,None
0,-5,-10,-3,7,-1,0,-7,-9,0,0,0,-16,-73,21,None
0,2,3,0,27,56,3,4,12,0,0,0,-16,-73,21,None
0,2,-11,-2,-21,-30,-6,-6,-2,0,0,0,-16,-73,21,None
0,2,-11,-2,-21,-30,-6,-6,-2,0,0,0,-16,-73,21,None
0,2,-11,-2,-21,-30,-6,-6,-2,0,0,0,-19,-69,24,None
0,-3,6,2,44,4,-3,-13,-14,0,0,0,-19,-69,24,None
0,-1,4,-10,-95,-11,-1,18,-5,0,0,0,-19,-69,24,None
0,-3,-1,5,-9,-13,0,-18,2,0,0,0,-19,-69,24,None
0,4,9,1,38,15,1,20,11,0,0,0,-19,-69,24,None
0,4,9,1,38,15,1,20,11,0,0,0,-19,-69,24,None
0,4,9,1,38,15,1,20,11,0,0,0,-23,-66,28,None
0,-4,-32,-16,-28,-17,-8,-5,-2,0,0,0,-23,-66,28,None
0,2,4,10,34,28,6,-2,-10,0,0,0,-23,-66,28,None
0,2,-5,-6,39,-31,-5,-5,-10,0,0,0,-23,-66,28,None
0,0,-7,-3,-16,29,-2,-5,-2,0,0,0,-23,-66,28,None
0,0,-7,-3,-16,29,-2,-5,-2,0,0,0,-23,-66,28,None
0,0,-7,-3,-16,29,-2,-5,-2,0,0,0,-30,-55,33,None
0,-1,7,4,-9,-4,-1,-2,7,0,0,0,-30,-55,33,None
0,0,-6,6,22,3,2,7,13,0,0,0,-30,-55,33,None
0,5,11,-6,-87,-38,-10,-2,24,0,0,0,-30,-55,33,None
0,-4,-1,-1,-23,-38,7,-2,-18,0,0,0,-30,-55,33,None
0,-4,-1,-1,-23,-38,7,-2,-18,0,0,0,-30,-55,33,None
0,-4,-1,-1,-23,-38,7,-2,-18,0,0,0,-37,-49,37,None
0,-1,-3,2,31,110,0,-7,-10,0,0,0,-37,-49,37,None
0,1,6,-5,19,-13,-8,1,-13,0,0,0,-37,-49,37,None
0,7,21,2,-14,19,6,4,19,0,0,0,-37,-49,37,None
0,2,-23,-10,-22,2,0,7,30,0,0,0,-37,-49,37,None
0,2,-23,-10,-22,2,0,7,30,0,0,0,-37,-49,37,None
0,2,-23,-10,-22,2,0,7,30,0,0,0,-41,-43,42,None
0,-6,6,6,52,-14,2,2,-30,0,0,0,-41,-43,42,None
0,-5,3,-11,-54,-7,-7,-13,6,0,0,0,-41,-43,42,None
0,-1,-4,3,23,2,5,12,-9,0,0,0,-41,-43,42,None
0,-5,7,-6,-3,-20,-5,-12,25,0,0,0,-41,-43,42,None
0,-5,7,-6,-3,-20,-5,-12,25,0,0,0,-41,-43,42,None
0,-5,7,-6,-3,-20,-5,-12,25,0,0,0,-42,-40,45,None
0,3,-6,-1,27,-23,-1,14,-7,0,0,0,-42,-40,45,None
0,-1,3,-3,-69,-7,4,-7,15,0,0,0,-42,-40,45,None
0,-9,-13,-14,8,-6,-3,-7,-16,0,0,0,-42,-40,45,None
0,3,5,-1,-25,31,1,-2,-7,0,0,0,-42,-40,45,None
0,3,5,-1,-25,31,1,-2,-7,0,0,0,-42,-40,45,None
0,3,5,-1,-25,31,1,-2,-7,0,0,0,-45,-34,48,None
0,-2,-2,1,19,-13,-5,0,26,0,0,0,-45,-34,48,None
0,-4,11,-2,42,-38,-5,-10,-25,0,0,0,-45,-34,48,None
0,-6,-19,-4,-6,75,13,-5,-26,0,0,0,-45,-34,48,None
0,1,-4,0,34,-30,-8,-2,-4,0,0,0,-45,-34,48,None
0,1,-4,0,34,-30,-8,-2,-4,0,0,0,-45,-34,48,None
0,1,-4,0,34,-30,-8,-2,-4,0,0,0,-47,-27,49,None
0,-3,9,10,-41,-14,-9,-10,-6,0,0,0,-47,-27,49,None
0,0,-6,-5,40,78,-1,-13,-7,0,0,0,-47,-27,49,None
0,1,-1,-6,21,12,3,18,30,0,0,0,-47,-27,49,None
0,-11,13,12,7,20,-7,-17,-16,0,0,0,-47,-27,49,None
0,-11,13,12,7,20,-7,-17,-16,0,0,0,-47,-27,49,None
0,-11,13,12,7,20,-7,-17,-16,0,0,0,-49,-23,50,None
0,9,10,4,60,-50,1,-9,-60,0,0,0,-49,-23,50,None
0,0,-51,5,41,1,-4,11,27,0,0,0,-49,-23,50,None
0,-1,2,-15,-25,-69,1,1,-22,0,0,0,-49,-23,50,None
0,5,1,-5,-35,36,0,1,-2,0,0,0,-49,-23,50,None
0,5,1,-5,-35,36,0,1,-2,0,0,0,-49,-23,50,None
0,5,1,-5,-35,36,0,1,-2,0,0,0,-49,-21,52,None
0,-7,-5,-3,-17,6,-5,-5,6,0,0,0,-49,-21,52,None
0,-25,1,-6,32,37,4,-7,-12,0,0,0,-49,-21,52,None
0,11,12,9,-47,-25,-6,7,11,0,0,0,-49,-21,52,None
0,-4,13,2,-2,-22,2,-4,3,0,0,0,-49,-21,52,None
0,-4,13,2,-2,-22,2,-4,3,0,0,0,-49,-21,52,None
0,-4,13,2,-2,-22,2,-4,3,0,0,0,-52,-16,52,None
0,-2,-14,-24,-60,5,0,2,6,0,0,0,-52,-16,52,None
0,3,-3,0,0,-25,2,-1,-7,0,0,0,-52,-16,52,None
0,-12,0,1,2,-2,-1,0,5,0,0,0,-52,-16,52,None
0,1,5,-10,10,-10,-7,-10,-9,0,0,0,-52,-16,52,None
0,1,5,-10,10,-10,-7,-10,-9,0,0,0,-52,-16,52,None
0,1,5,-10,10,-10,-7,-10,-9,0,0,0,-53,-12,54,None
0,2,-4,2,-4,59,9,6,19,0,0,0,-53,-12,54,None
0,4,10,-5,-10,-9,0,11,-14,0,0,0,-53,-12,54,None
0,-1,-3,2,35,2,-9,-15,-5,0,0,0,-53,-12,54,None
0,5,-4,-4,31,-29,-5,-8,-6,0,0,0,-53,-12,54,None
0,5,-4,-4,31,-29,-5,-8,-6,0,0,0,-53,-12,54,None
0,5,-4,-4,31,-29,-5,-8,-6,0,0,0,-56,-9,57,None
0,-3,-13,-7,3,23,6,3,-13,0,0,0,-56,-9,57,None
0,2,6,-6,-23,11,-1,10,30,0,0,0,-56,-9,57,None
0,-7,2,2,12,-74,-10,6,-17,0,0,0,-56,-9,57,None
0,0,6,7,27,52,2,-2,-18,0,0,0,-56,-9,57,None
0,0,6,7,27,52,2,-2,-18,0,0,0,-56,-9,57,None
0,0,6,7,27,52,2,-2,-18,0,0,0,-55,-7,60,None
0,-8,9,-10,-10,2,-1,15,4,0,0,0,-55,-7,60,None
0,-1,7,3,2,-21,-5,-5,1,0,0,0,-55,-7,60,None
0,7,4,2,5,17,1,-12,-4,0,0,0,-55,-7,60,None
0,-8,-25,3,-2,5,-3,2,-10,0,0,0,-55,-7,60,None
0,-8,-25,3,-2,5,-3,2,-10,0,0,0,-55,-7,60,None
0,-8,-25,3,-2,5,-3,2,-10,0,0,0,-55,-12,63,None
0,-3,1,-1,14,-43,-2,-10,4,0,0,0,-55,-12,63,None
0,7,3,-2,28,38,6,8,7,0,0,0,-55,-12,63,None
0,-3,2,-6,7,1,-3,-9,-10,0,0,0,-55,-12,63,None
0,-8,-6,-3,-1,-8,-6,-4,-4,0,0,0,-55,-12,63,None
0,-8,-6,-3,-1,-8,-6,-4,-4,0,0,0,-55,-12,63,None
0,-8,-6,-3,-1,-8,-6,-4,-4,0,0,0,-53,0,71,None
0,2,-4,7,22,36,1,-4,-1,0,0,0,-53,0,71,None
0,-1,8,-1,3,-21,-4,-4,-6,0,0,0,-53,0,71,None
0,-5,-6,-2,-9,58,20,7,4,0,0,0,-53,0,71,None
0,-1,9,-3,16,-2,-11,-26,3,0,0,0,-53,0,71,None
0,-1,9,-3,16,-2,-11,-26,3,0,0,0,-53,0,71,None
0,-1,9,-3,16,-2,-11,-26,3,0,0,0,-63,-2,70,None
0,0,-3,8,37,5,15,28,-9,0,0,0,-63,-2,70,None
0,-5,-1,-13,-22,-27,-6,-13,2,0,0,0,-63,-2,70,None
0,2,-1,2,20,-22,-5,23,14,0,0,0,-63,-2,70,None
0,0,-1,-12,-53,14,1,-7,-10,0,0,0,-63,-2,70,None
0,0,-1,-12,-53,14,1,-7,-10,0,0,0,-63,-2,70,None
0,0,-1,-12,-53,14,1,-7,-10,0,0,0,-70,-16,76,None
0,33,14,0,-45,-35,-4,-1,12,0,0,0,-70,-16,76,None
0,-30,2,2,59,6,-2,-13,-7,0,0,0,-70,-16,76,None
0,0,-4,1,50,16,-2,-11,-2,0,0,0,-70,-16,76,None
0,-8,-10,-26,-34,-3,-4,2,-2,0,0,0,-70,-16,76,None
0,-8,-10,-26,-34,-3,-4,2,-2,0,0,0,-70,-16,76,None
0,-8,-10,-26,-34,-3,-4,2,-2,0,0,0,-73,-21,77,None
0,2,-3,6,-23,22,-1,-10,11,0,0,0,-73,-21,77,None
0,6,-3,-9,-38,-36,2,6,0,0,0,0,-73,-21,77,None
0,1,-7,4,2,31,-1,-7,13,0,0,0,-73,-21,77,None
0,8,4,7,31,-8,19,22,7,0,0,0,-73,-21,77,None
0,8,4,7,31,-8,19,22,7,0,0,0,-73,-21,77,None
0,8,4,7,31,-8,19,22,7,0,0,0,-73,-20,78,None
0,-10,-5,-6,31,33,-2,-12,-2,0,0,0,-73,-20,78,None
0,4,1,2,-18,26,-6,-12,2,0,0,0,-73,-20,78,None
0,-58,-21,2,15,-14,-7,-2,-45,0,0,0,-73,-20,78,None
0,6,6,1,19,-10,-4,-30,5,0,0,0,-73,-20,78,None
0,6,6,1,19,-10,-4,-30,5,0,0,0,-73,-20,78,None
0,6,6,1,19,-10,-4,-30,5,0,0,0,-73,-13,79,None
0,4,6,-10,5,-14,9,47,36,0,0,0,-73,-13,79,None
0,1,-6,-7,-50,-16,-3,2,-20,0,0,0,-73,-13,79,None
0,14,11,-2,-14,39,-1,-5,15,0,0,0,-73,-13,79,None
0,-1,-2,-12,-18,0,0,-9,-14,0,0,0,-73,-13,79,None
0,-1,-2,-12,-18,0,0,-9,-14,0,0,0,-73,-13,79,None
0,-1,-2,-12,-18,0,0,-9,-14,0,0,0,-73,-11,81,None
0,-35,-4,8,38,2,-12,-16,-54,0,0,0,-73,-11,81,None
0,9,-6,-9,-4,-1,8,8,2,0,0,0,-73,-11,81,None
0,10,5,0,-4,-34,-7,2,20,0,0,0,-73,-11,81,None
0,-2,7,-7,25,48,-3,-18,-29,0,0,0,-73,-11,81,None
0,-2,7,-7,25,48,-3,-18,-29,0,0,0,-73,-11,81,None
0,-2,7,-7,25,48,-3,-18,-29,0,0,0,-70,-11,89,None
0,0,12,19,40,-52,-8,0,-27,0,0,0,-70,-11,89,None
0,3,-2,-18,24,16,3,22,17,0,0,0,-70,-11,89,None
0,6,6,-8,-55,-38,-5,-12,-5,0,0,0,-70,-11,89,None
0,6,-4,13,39,51,18,23,25,0,0,0,-70,-11,89,None
0,6,-4,13,39,51,18,23,25,0,0,0,-70,-11,89,None
0,6,-4,13,39,51,18,23,25,0,0,0,-72,-9,89,None
0,1,-6,-18,-53,-21,3,-27,9,0,0,0,-72,-9,89,None
0,7,18,29,124,36,2,5,17,0,0,0,-72,-9,89,None
0,-7,5,-8,-22,-18,-10,-23,-26,0,0,0,-72,-9,89,None
0,-5,18,-9,-55,-46,-21,11,-7,0,0,0,-72,-9,89,None
0,-5,18,-9,-55,-46,-21,11,-7,0,0,0,-72,-9,89,None
0,-5,18,-9,-55,-46,-21,11,-7,0,0,0,-77,0,85,None
0,3,4,2,-59,16,8,-3,0,0,0,0,-77,0,85,None
0,7,-15,1,47,-7,28,16,50,0,0,0,-77,0,85,None
0,-5,7,-10,4,22,-10,-28,-3,0,0,0,-77,0,85,None
0,-8,-10,5,-36,-54,-6,31,-60,0,0,0,-77,0,85,None
0,-8,-10,5,-36,-54,-6,31,-60,0,0,0,-77,0,85,None
0,-8,-10,5,-36,-54,-6,31,-60,0,0,0,-82,7,82,None
0,-6,19,-6,6,-22,-13,-11,-11,0,0,0,-82,7,82,None
0,-4,-10,11,22,19,-7,-15,-4,0,0,0,-82,7,82,None
0,7,2,19,-8,17,13,20,34,0,0,0,-82,7,82,None
0,-4,15,-27,17,-9,-10,-7,7,0,0,0,-82,7,82,None
0,-4,15,-27,17,-9,-10,-7,7,0,0,0,-82,7,82,None
0,-4,15,-27,17,-9,-10,-7,7,0,0,0,-78,3,84,None
0,-2,-18,6,20,34,3,10,32,0,0,0,-78,3,84,None
0,-3,17,5,-69,-27,-23,-32,-61,0,0,0,-78,3,84,None
0,-5,4,-11,-60,-11,-12,-11,-20,0,0,0,-78,3,84,None
0,14,-17,11,45,25,16,15,39,0,0,0,-78,3,84,None
0,14,-17,11,45,25,16,15,39,0,0,0,-78,3,84,None
0,14,-17,11,45,25,16,15,39,0,0,0,-74,-7,82,None
0,5,13,-50,59,-21,4,-3,8,0,0,0,-74,-7,82,None
0,-4,-1,12,45,7,2,-1,-1,0,0,0,-74,-7,82,None
0,2,-3,-12,-63,-24,-16,-4,-4,0,0,0,-74,-7,82,None
0,-3,26,10,57,-36,-7,-4,5,0,0,0,-74,-7,82,None
0,-3,26,10,57,-36,-7,-4,5,0,0,0,-74,-7,82,None
0,-3,26,10,57,-36,-7,-4,5,0,0,0,-78,-7,77,None
0,-8,11,-11,-7,-12,-4,-29,-26,0,0,0,-78,-7,77,None
0,3,-1,-3,-70,-39,-5,-23,30,0,0,0,-78,-7,77,None
0,12,2,4,97,7,9,45,20,0,0,0,-78,-7,77,None
0,-10,-20,-45,-96,-25,4,-16,-37,0,0,0,-78,-7,77,None
0,-10,-20,-45,-96,-25,4,-16,-37,0,0,0,-78,-7,77,None
0,-10,-20,-45,-96,-25,4,-16,-37,0,0,0,-81,-2,68,None
0,9,4,9,24,-11,-18,-12,26,0,0,0,-81,-2,68,None
0,-8,-23,16,-15,9,5,15,2,0,0,0,-81,-2,68,None
0,6,1,8,17,13,4,-4,5,0,0,0,-81,-2,68,None
0,0,-4,31,38,34,1,-9,-12,0,0,0,-81,-2,68,None
0,0,-4,31,38,34,1,-9,-12,0,0,0,-81,-2,68,None
0,0,-4,31,38,34,1,-9,-12,0,0,0,-80,-7,59,None
0,-14,-6,-73,-98,-42,-20,-11,3,0,0,0,-80,-7,59,None
0,-1,-3,15,-12,52,-4,-1,-2,0,0,0,-80,-7,59,None
0,-4,18,-6,10,-3,-7,-18,-3,0,0,0,-80,-7,59,None
0,1,-14,-15,9,-6,8,19,30,0,0,0,-80,-7,59,None
0,1,-14,-15,9,-6,8,19,30,0,0,0,-80,-7,59,None
0,1,-14,-15,9,-6,8,19,30,0,0,0,-76,-13,58,None
0,2,13,16,36,-3,-6,-5,-3,0,0,0,-76,-13,58,None
0,-12,14,-9,-36,-3,-13,-62,-111,0,0,0,-76,-13,58,None
0,4,-12,-2,-6,45,24,69,94,0,0,0,-76,-13,58,None
0,-2,5,52,26,48,-5,0,-34,0,0,0,-76,-13,58,None
0,-2,5,52,26,48,-5,0,-34,0,0,0,-76,-13,58,None
0,-2,5,52,26,48,-5,0,-34,0,0,0,-77,-28,54,None
0,-3,8,-43,29,18,3,9,-7,0,0,0,-77,-28,54,None
0,-2,-9,-13,49,7,-3,-19,-21,0,0,0,-77,-28,54,None
0,-4,-21,-14,56,35,-2,-11,-46,0,0,0,-77,-28,54,None
0,10,5,5,38,-70,5,13,43,0,0,0,-77,-28,54,None
0,10,5,5,38,-70,5,13,43,0,0,0,-77,-28,54,None
0,10,5,5,38,-70,5,13,43,0,0,0,-64,-49,46,None
0,4,-45,99,8,52,33,21,3,0,0,0,-64,-49,46,None
0,3,-13,61,31,29,18,10,16,0,0,0,-64,-49,46,None
0,2,-12,70,73,16,10,1,-41,0,0,0,-64,-49,46,None
0,-7,6,-27,-62,-27,-12,-22,-22,0,0,0,-64,-49,46,None
0,-7,6,-27,-62,-27,-12,-22,-22,0,0,0,-64,-49,46,None
0,-7,6,-27,-62,-27,-12,-22,-22,0,0,0,-50,-47,44,None
0,4,5,41,-22,-41,-8,25,75,0,0,0,-50,-47,44,None
0,6,0,-17,55,-24,-11,2,8,0,0,0,-50,-47,44,None
0,-5,15,-46,-76,-45,-17,-20,19,0,0,0,-50,-47,44,None
0,-12,-2,-25,19,20,1,-8,-61,0,0,0,-50,-47,44,None
0,-12,-2,-25,19,20,1,-8,-61,0,0,0,-50,-47,44,None
0,-12,-2,-25,19,20,1,-8,-61,0,0,0,-37,-62,39,None
0,3,4,18,22,35,10,1,19,0,0,0,-37,-62,39,None
0,-8,-2,-54,-97,9,-8,10,5,0,0,0,-37,-62,39,None
0,0,-1,48,-14,-24,4,7,-5,0,0,0,-37,-62,39,None
0,-8,0,-34,-10,-6,-14,-15,-8,0,0,0,-37,-62,39,None
0,-8,0,-34,-10,-6,-14,-15,-8,0,0,0,-37,-62,39,None
0,-8,0,-34,-10,-6,-14,-15,-8,0,0,0,-7,-68,39,None
0,-11,10,-107,23,-52,-22,-14,-26,0,0,0,-7,-68,39,None
0,-3,9,63,-23,46,10,34,13,0,0,0,-7,-68,39,None
0,-11,-18,-19,32,-40,-4,-40,-46,0,0,0,-7,-68,39,None
0,2,0,36,-18,-9,-4,10,59,0,0,0,-7,-68,39,None
0,2,0,36,-18,-9,-4,10,59,0,0,0,-7,-68,39,None
0,2,0,36,-18,-9,-4,10,59,0,0,0,-8,-63,37,None
0,7,3,-66,29,-32,2,-6,-23,0,0,0,-8,-63,37,None
0,-3,16,-27,51,34,-5,-10,-12,0,0,0,-8,-63,37,None
0,1,-5,-20,17,52,8,-7,22,0,0,0,-8,-63,37,None
0,-8,5,19,-111,56,6,5,-41,0,0,0,-8,-63,37,None
0,-8,5,19,-111,56,6,5,-41,0,0,0,-8,-63,37,None
0,-8,5,19,-111,56,6,5,-41,0,0,0,-25,-61,35,None
0,6,-14,24,-23,-77,-1,-3,19,0,0,0,-25,-61,35,None
0,-4,23,-75,28,15,-16,-7,-4,0,0,0,-25,-61,35,None
0,3,-18,18,-67,35,17,4,-16,0,0,0,-25,-61,35,None
0,2,-2,-25,2,11,8,6,27,0,0,0,-25,-61,35,None
0,2,-2,-25,2,11,8,6,27,0,0,0,-25,-61,35,None
0,2,-2,-25,2,11,8,6,27,0,0,0,-37,-60,41,None
0,-8,2,17,73,23,-4,-9,-28,0,0,0,-37,-60,41,None
0,1,5,-15,11,21,1,9,18,0,0,0,-37,-60,41,None
0,2,11,-25,-46,-34,-7,-11,-16,0,0,0,-37,-60,41,None
0,4,0,25,99,-15,-3,6,25,0,0,0,-37,-60,41,None
0,4,0,25,99,-15,-3,6,25,0,0,0,-37,-60,41,None
0,4,0,25,99,-15,-3,6,25,0,0,0,-51,-64,44,None
0,-8,-17,42,-26,60,4,-1,-17,0,0,0,-51,-64,44,None
0,0,-6,22,-8,-53,-3,-1,-11,0,0,0,-51,-64,44,None
0,0,9,-10,21,64,-5,-3,7,0,0,0,-51,-64,44,None
0,1,0,-10,16,17,-4,-10,-28,0,0,0,-51,-64,44,None
0,1,0,-10,16,17,-4,-10,-28,0,0,0,-51,-64,44,None
0,1,0,-10,16,17,-4,-10,-28,0,0,0,-61,-67,48,None
0,-1,1,0,-37,34,7,9,16,0,0,0,-61,-67,48,None
0,3,1,22,-13,-21,13,7,1,0,0,0,-61,-67,48,None
0,0,9,-13,11,-55,-10,-8,-12,0,0,0,-61,-67,48,None
0,-7,-7,-3,14,32,-4,0,4,0,0,0,-61,-67,48,None
0,-7,-7,-3,14,32,-4,0,4,0,0,0,-61,-67,48,None
0,-7,-7,-3,14,32,-4,0,4,0,0,0,-65,-65,52,None
0,-1,1,-7,-61,14,-5,-8,-3,0,0,0,-65,-65,52,None
0,4,5,-10,58,8,0,8,25,0,0,0,-65,-65,52,None
0,3,-7,1,26,-70,-3,5,9,0,0,0,-65,-65,52,None
0,2,1,-15,-27,81,3,-1,9,0,0,0,-65,-65,52,None
0,2,1,-15,-27,81,3,-1,9,0,0,0,-65,-65,52,None
0,2,1,-15,-27,81,3,-1,9,0,0,0,-65,-62,54,None
0,-4,-5,-2,-8,45,1,0,-5,0,0,0,-65,-62,54,None
0,-2,-2,6,2,-57,-10,-1,-2,0,0,0,-65,-62,54,None
0,-5,5,-12,-15,-2,1,-3,-9,0,0,0,-65,-62,54,None
0,2,2,0,6,-24,6,1,11,0,0,0,-65,-62,54,None
0,2,2,0,6,-24,6,1,11,0,0,0,-65,-62,54,None
0,2,2,0,6,-24,6,1,11,0,0,0,-63,-62,56,None
0,0,0,-5,13,30,-3,-3,-4,0,0,0,-63,-62,56,None
0,0,4,33,-6,17,10,-1,-2,0,0,0,-63,-62,56,None
0,0,3,-5,-11,24,-1,-1,-8,0,0,0,-63,-62,56,None
0,1,5,-7,17,-62,-10,-2,12,0,0,0,-63,-62,56,None
0,1,5,-7,17,-62,-10,-2,12,0,0,0,-63,-62,56,None
0,1,5,-7,17,-62,-10,-2,12,0,0,0,-58,-60,55,None
0,-4,-12,9,-1,24,0,-1,-16,0,0,0,-58,-60,55,None
0,0,3,-26,65,-19,5,1,-22,0,0,0,-58,-60,55,None
0,-7,-3,11,47,-22,-2,1,25,0,0,0,-58,-60,55,None
0,-1,-4,5,10,19,-1,-4,7,0,0,0,-58,-60,55,None
0,-1,-4,5,10,19,-1,-4,7,0,0,0,-58,-60,55,None
0,-1,-4,5,10,19,-1,-4,7,0,0,0,-55,-58,54,None
0,-5,3,-4,-23,-29,-2,-4,-17,0,0,0,-55,-58,54,None
0,1,-2,-15,-17,3,1,-1,4,0,0,0,-55,-58,54,None
0,-3,0,-3,10,15,-2,-1,-14,0,0,0,-55,-58,54,None
0,-2,2,-6,-4,-25,-1,-2,-1,0,0,0,-55,-58,54,None
0,-2,2,-6,-4,-25,-1,-2,-1,0,0,0,-55,-58,54,None
0,-2,2,-6,-4,-25,-1,-2,-1,0,0,0,-51,-57,50,None
0,3,5,9,-7,-6,-3,-3,8,0,0,0,-51,-57,50,None
0,-2,-1,-8,-15,-5,-7,0,-1,0,0,0,-51,-57,50,None
0,-1,1,-5,12,4,-3,-4,-10,0,0,0,-51,-57,50,None
0,-2,0,-1,-12,-14,-3,-4,3,0,0,0,-51,-57,50,None
0,-2,0,-1,-12,-14,-3,-4,3,0,0,0,-51,-57,50,None
0,-2,0,-1,-12,-14,-3,-4,3,0,0,0,-46,-52,47,None
0,-2,-1,-4,20,-7,-1,-1,-10,0,0,0,-46,-52,47,None
0,0,1,1,4,-9,-9,0,0,0,0,0,-46,-52,47,None
0,-1,2,-12,-8,-11,4,1,-8,0,0,0,-46,-52,47,None
0,-2,-3,-5,8,0,0,0,1,0,0,0,-46,-52,47,None
0,-2,-3,-5,8,0,0,0,1,0,0,0,-46,-52,47,None
0,-2,-3,-5,8,0,0,0,1,0,0,0,-38,-49,41,None
0,-4,-3,4,10,3,1,1,-4,0,0,0,-38,-49,41,None
0,-2,1,-9,-27,-16,-5,-15,1,0,0,0,-38,-49,41,None
0,3,4,0,0,16,4,11,6,0,0,0,-38,-49,41,None
0,-1,-1,-1,9,-8,-5,-3,-6,0,0,0,-38,-49,41,None
0,-1,-1,-1,9,-8,-5,-3,-6,0,0,0,-38,-49,41,None
0,-1,-1,-1,9,-8,-5,-3,-6,0,0,0,-27,-43,37,None
0,-5,0,2,2,-1,-5,-2,-7,0,0,0,-27,-43,37,None
0,-1,0,-8,-13,-6,1,-1,1,0,0,0,-27,-43,37,None
0,-1,0,-8,14,-2,3,-4,-5,0,0,0,-27,-43,37,None
0,-1,0,3,14,-1,-1,-2,-2,0,0,0,-27,-43,37,None
0,-1,0,3,14,-1,-1,-2,-2,0,0,0,-27,-43,37,None
0,-1,0,3,14,-1,-1,-2,-2,0,0,0,-18,-43,39,None
0,-1,1,-1,-1,-12,-2,-3,-2,0,0,0,-18,-43,39,None
0,2,-1,-4,-3,0,1,0,1,0,0,0,-18,-43,39,None
0,-2,-1,-4,0,8,-10,-3,-4,0,0,0,-18,-43,39,None
0,-1,1,0,-9,-2,10,2,0,0,0,0,-18,-43,39,None
0,-1,1,0,-9,-2,10,2,0,0,0,0,-18,-43,39,None
0,-1,1,0,-9,-2,10,2,0,0,0,0,-14,-50,36,None
0,0,0,2,-2,2,-4,-5,0,0,0,0,-14,-50,36,None
0,-3,0,-4,0,-4,-6,-1,-3,0,0,0,-14,-50,36,None
0,-3,0,-1,6,4,-2,1,-2,0,0,0,-14,-50,36,None
0,-2,1,-3,-8,-5,-2,-1,0,0,0,0,-14,-50,36,None
0,-2,1,-3,-8,-5,-2,-1,0,0,0,0,-14,-50,36,None
0,-2,1,-3,-8,-5,-2,-1,0,0,0,0,-8,-50,28,None
0,0,0,-1,-4,-5,-3,-8,-4,0,0,0,-8,-50,28,None
0,-1,1,0,2,3,-3,6,-1,0,0,0,-8,-50,28,None
0,-1,2,-2,0,-2,1,-4,-5,0,0,0,-8,-50,28,None
0,-1,1,-2,1,2,0,1,2,0,0,0,-8,-50,28,None
0,-1,1,-2,1,2,0,1,2,0,0,0,-8,-50,28,None
0,-1,1,-2,1,2,0,1,2,0,0,0,-4,-46,20,None
0,-2,2,-3,-1,1,1,0,-2,0,0,0,-4,-46,20,None
0,0,1,-4,5,-1,-1,-3,0,0,0,0,-4,-46,20,None
0,-1,0,-5,7,5,2,2,-1,0,0,0,-4,-46,20,None
0,-1,0,-1,1,-1,-6,-3,-2,0,0,0,-4,-46,20,None
0,-1,0,-1,1,-1,-6,-3,-2,0,0,0,-4,-46,20,None
0,-1,0,-1,1,-1,-6,-3,-2,0,0,0,-3,-54,21,None
0,-2,0,-1,4,-1,0,0,-2,0,0,0,-3,-54,21,None
0,0,-1,5,-11,-4,-5,-4,-1,0,0,0,-3,-54,21,None
0,-1,-1,-8,-5,-5,0,-1,-2,0,0,0,-3,-54,21,None
0,-1,0,-2,-4,1,-10,-4,-2,0,0,0,-3,-54,21,None
0,-1,0,-2,-4,1,-10,-4,-2,0,0,0,-3,-54,21,None
0,-1,0,-2,-4,1,-10,-4,-2,0,0,0,-7,-63,20,None
0,-1,2,0,20,1,13,4,0,0,0,0,-7,-63,20,None
0,-2,2,10,-2,2,-4,-4,-4,0,0,0,-7,-63,20,None
0,-3,-4,-2,-14,-4,-12,-6,-4,0,0,0,-7,-63,20,None
0,0,9,-10,10,2,13,3,1,0,0,0,-7,-63,20,None
0,0,9,-10,10,2,13,3,1,0,0,0,-7,-63,20,None
0,0,9,-10,10,2,13,3,1,0,0,0,-12,-65,13,None
0,0,-2,15,1,0,-6,-10,-1,0,0,0,-12,-65,13,None
0,-2,-17,-34,-12,4,3,9,-1,0,0,0,-12,-65,13,None
0,0,2,7,5,1,-2,-7,-3,0,0,0,-12,-65,13,None
0,-1,1,-3,15,-4,-5,-3,-3,0,0,0,-12,-65,13,None
0,-1,1,-3,15,-4,-5,-3,-3,0,0,0,-12,-65,13,None
0,-1,1,-3,15,-4,-5,-3,-3,0,0,0,-15,-63,7,None
0,-2,0,-7,-10,-4,-8,1,-2,0,0,0,-15,-63,7,None
0,-1,3,5,-11,-1,0,-7,-1,0,0,0,-15,-63,7,None
0,-2,0,-3,24,-2,-5,-3,-1,0,0,0,-15,-63,7,None
0,-1,3,-2,-2,1,-1,1,-2,0,0,0,-15,-63,7,None
0,-1,3,-2,-2,1,-1,1,-2,0,0,0,-15,-63,7,None
0,-1,3,-2,-2,1,-1,1,-2,0,0,0,-24,-73,19,None
0,-2,0,0,-11,8,7,2,1,0,0,0,-24,-73,19,None
0,-1,19,2,12,0,-2,0,-1,0,0,0,-24,-73,19,None
0,-3,-25,-5,10,-7,-4,-6,-4,0,0,0,-24,-73,19,None
0,0,-1,-3,-13,3,-1,-4,-1,0,0,0,-24,-73,19,None
0,0,-1,-3,-13,3,-1,-4,-1,0,0,0,-24,-73,19,None
0,0,-1,-3,-13,3,-1,-4,-1,0,0,0,-42,-83,17,None
0,0,-2,-7,4,-7,-3,0,-3,0,0,0,-42,-83,17,None
0,0,2,-5,21,-2,2,0,1,0,0,0,-42,-83,17,None
0,-2,10,3,-4,0,-5,-2,-2,0,0,0,-42,-83,17,None
0,-2,-1,6,-6,5,4,-13,-1,0,0,0,-42,-83,17,None
0,-2,-1,6,-6,5,4,-13,-1,0,0,0,-42,-83,17,None
0,-2,-1,6,-6,5,4,-13,-1,0,0,0,-48,-84,6,None
0,-2,-1,-6,2,1,-5,7,0,0,0,0,-48,-84,6,None
0,-2,2,0,-3,2,6,1,1,0,0,0,-48,-84,6,None
0,0,5,-2,-20,-5,-1,-4,-2,0,0,0,-48,-84,6,None
0,-3,-5,0,-2,-1,-5,1,-3,0,0,0,-48,-84,6,None
0,-3,-5,0,-2,-1,-5,1,-3,0,0,0,-48,-84,6,None
0,-3,-5,0,-2,-1,-5,1,-3,0,0,0,-40,-87,6,None
0,1,6,-3,4,5,9,0,2,0,0,0,-40,-87,6,None
0,-1,-2,2,-16,3,-2,-5,-2,0,0,0,-40,-87,6,None
0,-1,4,-1,-5,-1,0,3,0,0,0,0,-40,-87,6,None
0,-1,-1,-3,7,0,1,3,1,0,0,0,-40,-87,6,None
0,-1,-1,-3,7,0,1,3,1,0,0,0,-40,-87,6,None
0,-1,-1,-3,7,0,1,3,1,0,0,0,-42,-99,35,None
0,-1,1,5,8,8,4,0,0,0,0,0,-42,-99,35,None
0,0,-4,-7,-9,0,-1,-1,-1,0,0,0,-42,-99,35,None
0,0,2,-1,4,5,3,-2,0,0,0,0,-42,-99,35,None
0,-2,3,3,-1,-2,-3,0,-2,0,0,0,-42,-99,35,None
0,-2,3,3,-1,-2,-3,0,-2,0,0,0,-42,-99,35,None
0,-2,3,3,-1,-2,-3,0,-2,0,0,0,-54,-105,35,None
0,-2,-1,-2,-9,-7,-8,-5,-4,0,0,0,-54,-105,35,None
0,-4,-1,2,-9,2,-1,-1,-1,0,0,0,-54,-105,35,None
0,-2,3,-5,7,4,0,0,0,0,0,0,-54,-105,35,None
0,-1,-3,0,-1,2,1,1,0,0,0,0,-54,-105,35,None
0,-1,-3,0,-1,2,1,1,0,0,0,0,-54,-105,35,None
0,-1,-3,0,-1,2,1,1,0,0,0,0,-54,-102,26,None
0,-1,0,-3,-17,-2,-3,-2,-1,0,0,0,-54,-102,26,None
0,-2,0,-1,6,0,-4,-4,-2,0,0,0,-54,-102,26,None
0,0,0,-5,4,-6,-6,-2,-1,0,0,0,-54,-102,26,None
0,-2,0,-2,-3,2,-1,-1,-3,0,0,0,-54,-102,26,None
0,-2,0,-2,-3,2,-1,-1,-3,0,0,0,-54,-102,26,None
0,-2,0,-2,-3,2,-1,-1,-3,0,0,0,-38,-103,28,None
0,-2,0,-3,-2,-6,0,-2,-2,0,0,0,-38,-103,28,None
0,-1,0,-5,9,10,7,4,1,0,0,0,-38,-103,28,None
0,0,1,-1,-7,-6,-2,-2,-1,0,0,0,-38,-103,28,None
0,1,0,0,-8,-1,-3,-2,-2,0,0,0,-38,-103,28,None
0,1,0,0,-8,-1,-3,-2,-2,0,0,0,-38,-103,28,None
0,1,0,0,-8,-1,-3,-2,-2,0,0,0,-27,-121,40,None
0,-2,-2,-2,18,4,-2,-2,-2,0,0,0,-27,-121,40,None
0,-3,-3,-1,5,-4,-9,-2,-3,0,0,0,-27,-121,40,None
0,-1,0,-1,-8,4,1,1,-1,0,0,0,-27,-121,40,None
0,-1,-2,-3,9,-2,-3,0,-1,0,0,0,-27,-121,40,None
0,-1,-2,-3,9,-2,-3,0,-1,0,0,0,-27,-121,40,None
0,-1,-2,-3,9,-2,-3,0,-1,0,0,0,-31,-119,31,None
0,-4,-4,-6,15,-7,-10,-4,-4,0,0,0,-31,-119,31,None
0,0,-1,-2,-6,-4,-6,-5,-2,0,0,0,-31,-119,31,None
0,-1,0,-2,-4,2,2,-1,1,0,0,0,-31,-119,31,None
0,-2,-3,-4,17,-3,-8,1,-4,0,0,0,-31,-119,31,None
0,-2,-3,-4,17,-3,-8,1,-4,0,0,0,-31,-119,31,None
0,-2,-3,-4,17,-3,-8,1,-4,0,0,0,-23,-117,15,None
0,0,-1,-5,-5,0,3,2,1,0,0,0,-23,-117,15,None
0,-2,1,0,-20,-11,4,-1,-3,0,0,0,-23,-117,15,None
0,0,0,1,19,24,-1,-4,0,0,0,0,-23,-117,15,None
0,-2,-1,-4,-7,-10,-5,-3,-2,0,0,0,-23,-117,15,None
0,-2,-1,-4,-7,-10,-5,-3,-2,0,0,0,-23,-117,15,None
0,-2,-1,-4,-7,-10,-5,-3,-2,0,0,0,-11,-135,31,None
0,-1,3,-4,-10,8,1,1,1,0,0,0,-11,-135,31,None
0,1,-3,-5,34,3,-5,0,-3,0,0,0,-11,-135,31,None
0,-1,0,-3,-29,-43,-14,-4,-2,0,0,0,-11,-135,31,None
0,-4,-4,8,1,32,6,-2,-4,0,0,0,-11,-135,31,None
0,-4,-4,8,1,32,6,-2,-4,0,0,0,-11,-135,31,None
0,-4,-4,8,1,32,6,-2,-4,0,0,0,-11,-145,38,None
0,1,1,2,11,-8,-3,-2,-4,0,0,0,-11,-145,38,None
0,-2,-1,-5,-12,-9,7,-1,2,0,0,0,-11,-145,38,None
0,0,2,2,54,9,8,1,0,0,0,0,-11,-145,38,None
0,0,4,-7,-34,-24,1,-2,-1,0,0,0,-11,-145,38,None
0,0,4,-7,-34,-24,1,-2,-1,0,0,0,-11,-145,38,None
0,0,4,-7,-34,-24,1,-2,-1,0,0,0,-15,-127,30,None
0,0,2,4,-26,32,-2,4,2,0,0,0,-15,-127,30,None
0,-4,-3,0,-68,-37,1,-7,-7,0,0,0,-15,-127,30,None
0,0,3,-2,39,4,11,6,-1,0,0,0,-15,-127,30,None
0,0,1,-18,-84,-41,-13,-9,0,0,0,0,-15,-127,30,None
0,0,1,-18,-84,-41,-13,-9,0,0,0,0,-15,-127,30,None
0,0,1,-18,-84,-41,-13,-9,0,0,0,0,-4,-115,24,None
0,1,5,14,108,81,11,2,1,0,0,0,-4,-115,24,None
0,-8,-5,-17,-25,-70,-12,-8,-6,0,0,0,-4,-115,24,None
0,-2,6,4,-81,-14,-5,4,-1,0,0,0,-4,-115,24,None
0,-5,-5,1,127,44,4,0,0,0,0,0,-4,-115,24,None
0,-5,-5,1,127,44,4,0,0,0,0,0,-4,-115,24,None
0,-5,-5,1,127,44,4,0,0,0,0,0,19,-123,24,None
0,-1,-1,0,84,-13,-6,-4,-1,0,0,0,19,-123,24,None
0,2,5,9,-14,-47,-8,-8,0,0,0,0,19,-123,24,None
0,-1,-1,-51,-21,-11,4,5,-1,0,0,0,19,-123,24,None
0,-2,1,-9,-14,21,1,-1,0,0,0,0,19,-123,24,None
0,-2,1,-9,-14,21,1,-1,0,0,0,0,19,-123,24,None
0,-2,1,-9,-14,21,1,-1,0,0,0,0,35,-124,17,None
0,-6,-4,7,-114,-86,-6,-7,-11,0,0,0,35,-124,17,None
0,-4,0,2,93,109,13,4,-2,0,0,0,35,-124,17,None
0,2,2,6,48,-41,-4,-5,-2,0,0,0,35,-124,17,None
0,3,4,7,0,-30,-2,1,1,0,0,0,35,-124,17,None
0,3,4,7,0,-30,-2,1,1,0,0,0,35,-124,17,None
0,3,4,7,0,-30,-2,1,1,0,0,0,35,-117,6,None
0,1,3,-19,-26,9,6,5,2,0,0,0,35,-117,6,None
0,-6,-5,7,-45,-4,-8,-4,-6,0,0,0,35,-117,6,None
0,-4,-4,6,65,49,8,-4,-4,0,0,0,35,-117,6,None
0,2,1,-1,-5,-6,-2,-2,0,0,0,0,35,-117,6,None
0,2,1,-1,-5,-6,-2,-2,0,0,0,0,35,-117,6,None
0,2,1,-1,-5,-6,-2,-2,0,0,0,0,39,-117,2,None
0,0,0,-3,-28,-43,-15,-5,-1,0,0,0,39,-117,2,None
0,4,7,0,35,100,5,5,3,0,0,0,39,-117,2,None
0,0,2,24,-7,-73,-4,-7,-2,0,0,0,39,-117,2,None
0,-4,-6,1,33,-2,9,-1,-3,0,0,0,39,-117,2,None
0,-4,-6,1,33,-2,9,-1,-3,0,0,0,39,-117,2,None
0,-4,-6,1,33,-2,9,-1,-3,0,0,0,54,-114,6,None
0,-1,-2,-6,25,-3,-3,-6,0,0,0,0,54,-114,6,None
0,2,5,1,6,-20,6,8,1,0,0,0,54,-114,6,None
0,1,2,0,-24,67,6,0,-1,0,0,0,54,-114,6,None
0,0,3,5,-12,-19,-5,-2,-1,0,0,0,54,-114,6,None
0,0,3,5,-12,-19,-5,-2,-1,0,0,0,54,-114,6,None
0,0,3,5,-12,-19,-5,-2,-1,0,0,0,54,-99,4,None
0,-5,-2,-6,-5,36,-3,-3,-6,0,0,0,54,-99,4,None
0,0,0,-2,12,-47,-3,0,4,0,0,0,54,-99,4,None
0,-4,-4,-4,-52,27,-2,-4,-4,0,0,0,54,-99,4,None
0,-2,1,-4,-18,14,-6,-3,-3,0,0,0,54,-99,4,None
0,-2,1,-4,-18,14,-6,-3,-3,0,0,0,54,-99,4,None
0,-2,1,-4,-18,14,-6,-3,-3,0,0,0,54,-93,2,None
0,-1,2,4,42,2,1,-1,1,0,0,0,54,-93,2,None
0,-1,-3,-11,-9,0,-3,-5,-1,0,0,0,54,-93,2,None
0,0,-2,-9,-50,-44,-9,-2,1,0,0,0,54,-93,2,None
0,0,-1,1,7,56,3,-3,0,0,0,0,54,-93,2,None
0,0,-1,1,7,56,3,-3,0,0,0,0,54,-93,2,None
0,0,-1,1,7,56,3,-3,0,0,0,0,69,-98,0,None
0,2,2,7,51,8,5,2,3,0,0,0,69,-98,0,None
0,-1,-1,-8,15,-7,-5,0,-2,0,0,0,69,-98,0,None
0,-3,0,-4,15,-3,-3,-2,-1,0,0,0,69,-98,0,None
0,4,16,1,-9,-1,0,-3,0,0,0,0,69,-98,0,None
0,4,16,1,-9,-1,0,-3,0,0,0,0,69,-98,0,None
0,4,16,1,-9,-1,0,-3,0,0,0,0,61,-107,-7,None
0,-7,-31,-6,-20,-6,3,2,-3,0,0,0,61,-107,-7,None
0,0,0,2,11,5,-3,-1,-1,0,0,0,61,-107,-7,None
0,0,2,2,-5,14,-1,-3,-2,0,0,0,61,-107,-7,None
0,-2,0,-4,15,-5,1,0,-2,0,0,0,61,-107,-7,None
0,-2,0,-4,15,-5,1,0,-2,0,0,0,61,-107,-7,None
0,-2,0,-4,15,-5,1,0,-2,0,0,0,60,-105,-4,None
0,-1,1,-6,-18,-2,-2,-4,-2,0,0,0,60,-105,-4,None
0,-1,4,-3,-8,-5,-2,-3,0,0,0,0,60,-105,-4,None
0,-2,-3,0,8,15,-2,-1,-1,0,0,0,60,-105,-4,None
0,-3,-3,-6,-4,-15,-5,-2,-3,0,0,0,60,-105,-4,None
0,-3,-3,-6,-4,-15,-5,-2,-3,0,0,0,60,-105,-4,None
0,-3,-3,-6,-4,-15,-5,-2,-3,0,0,0,60,-109,-5,None
0,2,14,-4,-18,-12,-3,-5,-2,0,0,0,60,-109,-5,None
0,-1,0,2,-7,11,2,6,-2,0,0,0,60,-109,-5,None
0,0,3,2,17,-10,-2,-1,0,0,0,0,60,-109,-5,None
0,-4,-4,-5,9,14,-4,0,-2,0,0,0,60,-109,-5,None
0,-4,-4,-5,9,14,-4,0,-2,0,0,0,60,-109,-5,None
0,-4,-4,-5,9,14,-4,0,-2,0,0,0,63,-118,-2,None
0,-1,3,-3,-28,-16,-2,-3,-1,0,0,0,63,-118,-2,None
0,2,3,2,9,15,2,0,-1,0,0,0,63,-118,-2,None
0,-2,-5,0,15,4,-2,-3,-3,0,0,0,63,-118,-2,None
0,0,1,-2,-15,-22,0,1,-1,0,0,0,63,-118,-2,None
0,0,1,-2,-15,-22,0,1,-1,0,0,0,63,-118,-2,None
0,0,1,-2,-15,-22,0,1,-1,0,0,0,52,-101,0,None
0,-4,-1,-2,-4,4,-1,-2,-3,0,0,0,52,-101,0,None
0,0,0,0,-4,5,2,-2,2,0,0,0,52,-101,0,None
0,0,4,1,5,-2,-1,3,-2,0,0,0,52,-101,0,None
0,-1,-3,-14,-43,-4,2,0,-3,0,0,0,52,-101,0,None
0,-1,-3,-14,-43,-4,2,0,-3,0,0,0,52,-101,0,None
0,-1,-3,-14,-43,-4,2,0,-3,0,0,0,40,-87,-2,None
0,0,5,12,4,-4,-1,-1,0,0,0,0,40,-87,-2,None
0,-3,-2,-4,-7,-4,-5,-3,-4,0,0,0,40,-87,-2,None
0,-1,-1,-3,-7,11,0,-2,-2,0,0,0,40,-87,-2,None
0,0,-1,0,8,-2,1,1,0,0,0,0,40,-87,-2,None
0,0,-1,0,8,-2,1,1,0,0,0,0,40,-87,-2,None
0,0,-1,0,8,-2,1,1,0,0,0,0,49,-85,-3,None
0,0,1,-3,-12,-1,0,1,0,0,0,0,49,-85,-3,None
0,-3,-3,-14,1,6,-2,-3,-2,0,0,0,49,-85,-3,None
0,-1,0,1,1,5,0,-2,0,0,0,0,49,-85,-3,None
0,-1,0,1,17,4,-3,-2,-3,0,0,0,49,-85,-3,None
0,-1,0,1,17,4,-3,-2,-3,0,0,0,49,-85,-3,None
0,-1,0,1,17,4,-3,-2,-3,0,0,0,60,-85,-6,None
0,-2,3,-7,-14,-9,-1,-3,-1,0,0,0,60,-85,-6,None
0,3,2,3,0,-7,-2,-1,-1,0,0,0,60,-85,-6,None
0,-2,1,-5,6,12,-1,-3,-2,0,0,0,60,-85,-6,None
0,-4,-3,-1,1,-3,0,-1,-2,0,0,0,60,-85,-6,None
0,-4,-3,-1,1,-3,0,-1,-2,0,0,0,60,-85,-6,None
0,-4,-3,-1,1,-3,0,-1,-2,0,0,0,59,-82,-9,None
0,3,20,-2,-1,9,1,0,-1,0,0,0,59,-82,-9,None
0,-1,-7,0,2,-2,-2,-2,0,0,0,0,59,-82,-9,None
0,-2,-2,-4,2,-3,-1,0,0,0,0,0,59,-82,-9,None
0,-1,-2,3,-3,-3,-1,-2,-1,0,0,0,59,-82,-9,None
0,-1,-2,3,-3,-3,-1,-2,-1,0,0,0,59,-82,-9,None
0,-1,-2,3,-3,-3,-1,-2,-1,0,0,0,56,-81,-12,None
0,0,3,6,15,10,-1,-4,-2,0,0,0,56,-81,-12,None
0,-5,-3,-15,-6,-8,-5,-3,-3,0,0,0,56,-81,-12,None
0,-1,-2,-3,-3,2,-4,-3,0,0,0,0,56,-81,-12,None
0,0,2,3,6,3,0,-1,1,0,0,0,56,-81,-12,None
0,0,2,3,6,3,0,-1,1,0,0,0,56,-81,-12,None
0,0,2,3,6,3,0,-1,1,0,0,0,56,-82,-14,None
0,-1,-5,-3,9,2,0,-2,-1,0,0,0,56,-82,-14,None
0,0,3,-1,3,1,-2,-3,-1,0,0,0,56,-82,-14,None
0,-2,-4,-1,1,3,0,1,-1,0,0,0,56,-82,-14,None
0,-2,1,-4,-5,-9,-3,-3,-2,0,0,0,56,-82,-14,None
0,-2,1,-4,-5,-9,-3,-3,-2,0,0,0,56,-82,-14,None
0,-2,1,-4,-5,-9,-3,-3,-2,0,0,0,55,-82,-15,None
0,-1,-6,-6,-6,7,1,1,0,0,0,0,55,-82,-15,None
0,0,-1,3,4,-1,-1,0,-1,0,0,0,55,-82,-15,None
0,-1,3,-2,-2,3,-1,-3,-2,0,0,0,55,-82,-15,None
0,-1,0,-1,5,-7,-2,-1,-1,0,0,0,55,-82,-15,None
0,-1,0,-1,5,-7,-2,-1,-1,0,0,0,55,-82,-15,None
0,-1,0,-1,5,-7,-2,-1,-1,0,0,0,54,-82,-16,None
0,0,-2,-4,1,0,-3,-2,0,0,0,0,54,-82,-16,None
0,-3,1,3,3,7,0,0,-2,0,0,0,54,-82,-16,None
0,-2,2,0,-17,-11,-2,-2,-2,0,0,0,54,-82,-16,None
0,-1,-2,-2,13,7,-2,0,-2,0,0,0,54,-82,-16,None
0,-1,-2,-2,13,7,-2,0,-2,0,0,0,54,-82,-16,None
0,-1,-2,-2,13,7,-2,0,-2,0,0,0,54,-82,-16,None
0,-3,-4,-4,-6,1,-1,-1,-1,0,0,0,54,-82,-16,None
0,-2,3,0,-3,2,2,-1,-2,0,0,0,54,-82,-16,None
0,-1,1,-6,6,0,-2,-2,-1,0,0,0,54,-82,-16,None
0,0,0,-1,-1,-5,-2,-1,0,0,0,0,54,-82,-16,None
0,0,0,-1,-1,-5,-2,-1,0,0,0,0,54,-82,-16,None
0,0,0,-1,-1,-5,-2,-1,0,0,0,0,55,-81,-16,None
0,0,1,-4,-7,2,0,0,-3,0,0,0,55,-81,-16,None
0,-2,1,1,7,4,1,-1,-1,0,0,0,55,-81,-16,None
0,2,16,-2,5,2,-2,-3,-2,0,0,0,55,-81,-16,None
0,-2,-1,0,-3,3,0,-1,-1,0,0,0,55,-81,-16,None
0,-2,-1,0,-3,3,0,-1,-1,0,0,0,55,-81,-16,None
0,-2,-1,0,-3,3,0,-1,-1,0,0,0,55,-79,-15,None
0,-2,-1,-1,5,1,-1,-2,-2,0,0,0,55,-79,-15,None
0,-1,0,-2,6,0,-3,-2,-1,0,0,0,55,-79,-15,None
0,-1,2,-3,-2,3,0,-2,-2,0,0,0,55,-79,-15,None
0,-1,2,-2,-7,1,0,-2,0,0,0,0,55,-79,-15,None
0,-1,2,-2,-7,1,0,-2,0,0,0,0,55,-79,-15,None
0,-1,2,-2,-7,1,0,-2,0,0,0,0,56,-78,-15,None
0,-3,-1,-5,3,-2,-3,-2,-2,0,0,0,56,-78,-15,None
0,-2,6,-1,-4,-2,-1,0,-1,0,0,0,56,-78,-15,None
0,-3,-3,-2,-1,2,-2,-2,-2,0,0,0,56,-78,-15,None
0,-4,-2,-2,2,0,0,-1,-3,0,0,0,56,-78,-15,None
0,-4,-2,-2,2,0,0,-1,-3,0,0,0,56,-78,-15,None
0,-4,-2,-2,2,0,0,-1,-3,0,0,0,57,-79,-14,None
0,-2,-4,-3,-1,-2,-2,-1,-1,0,0,0,57,-79,-14,None
0,-1,0,-1,-6,0,0,-1,-2,0,0,0,57,-79,-14,None
0,-1,-5,0,2,3,0,-1,-2,0,0,0,57,-79,-14,None
0,0,-2,-1,-1,0,-2,-4,-1,0,0,0,57,-79,-14,None
0,0,-2,-1,-1,0,-2,-4,-1,0,0,0,57,-79,-14,None
0,0,-2,-1,-1,0,-2,-4,-1,0,0,0,57,-80,-13,None
0,-2,3,-1,-7,-1,0,-1,-2,0,0,0,57,-80,-13,None
0,-1,0,0,-4,1,-1,-3,0,0,0,0,57,-80,-13,None
0,-2,-3,-2,2,0,-1,-3,1,0,0,0,57,-80,-13,None
0,-1,2,0,-2,-2,-2,-1,-1,0,0,0,57,-80,-13,None
0,-1,2,0,-2,-2,-2,-1,-1,0,0,0,57,-80,-13,None
0,-1,2,0,-2,-2,-2,-1,-1,0,0,0,57,-81,-13,None
0,-1,1,-3,-4,-1,-4,-4,-2,0,0,0,57,-81,-13,None
0,1,2,-3,6,0,-2,-2,-3,0,0,0,57,-81,-13,None
0,-3,-4,-2,1,3,3,7,-1,0,0,0,57,-81,-13,None
0,-1,-1,-2,-2,3,1,-1,-1,0,0,0,57,-81,-13,None
0,-1,-1,-2,-2,3,1,-1,-1,0,0,0,57,-81,-13,None
0,-1,-1,-2,-2,3,1,-1,-1,0,0,0,56,-80,-12,None
0,-1,1,-2,-3,0,2,-1,-1,0,0,0,56,-80,-12,None
0,-2,-1,-3,0,0,-1,-1,-1,0,0,0,56,-80,-12,None
0,-1,1,-2,-5,0,-2,-4,-2,0,0,0,56,-80,-12,None
0,-1,0,-2,-4,-1,1,0,-1,0,0,0,56,-80,-12,None
0,-1,0,-2,-4,-1,1,0,-1,0,0,0,56,-80,-12,None
0,-1,0,-2,-4,-1,1,0,-1,0,0,0,56,-80,-11,None
0,-1,-2,-3,3,0,-2,0,-1,0,0,0,56,-80,-11,None
0,-1,-1,-2,-3,2,-1,-2,-1,0,0,0,56,-80,-11,None
0,-2,-1,-2,-2,0,-2,-1,-2,0,0,0,56,-80,-11,None
0,-2,1,-3,1,0,-1,0,0,0,0,0,56,-80,-11,None
0,-2,1,-3,1,0,-1,0,0,0,0,0,56,-80,-11,None
0,-2,1,-3,1,0,-1,0,0,0,0,0,56,-80,-10,None
0,-2,-1,0,10,0,-1,0,-1,0,0,0,56,-80,-10,None
0,0,-1,-1,-6,0,0,-2,-2,0,0,0,56,-80,-10,None
0,-1,-1,-1,1,0,-1,-2,-1,0,0,0,56,-80,-10,None
0,-1,-1,-1,1,-2,-3,-4,-1,0,0,0,56,-80,-10,None
0,-1,-1,-1,1,-2,-3,-4,-1,0,0,0,56,-80,-10,None
0,-1,-1,-1,1,-2,-3,-4,-1,0,0,0,55,-82,-9,None
0,1,3,-1,-8,1,0,-1,-1,0,0,0,55,-82,-9,None
0,-1,2,0,-1,1,-1,1,0,0,0,0,55,-82,-9,None
0,-2,-2,-3,2,-1,-2,-2,-1,0,0,0,55,-82,-9,None
0,-1,2,-3,-4,-3,0,0,0,0,0,0,55,-82,-9,None
0,-1,2,-3,-4,-3,0,0,0,0,0,0,55,-82,-9,None
0,-1,2,-3,-4,-3,0,0,0,0,0,0,56,-82,-9,None
0,-2,0,-2,-3,0,0,-2,0,0,0,0,56,-82,-9,None
0,-2,0,-1,4,-1,-3,-1,-3,0,0,0,56,-82,-9,None
0,-1,-1,-3,-1,0,-2,-3,0,0,0,0,56,-82,-9,None
0,-1,0,-2,-3,1,0,-1,-3,0,0,0,56,-82,-9,None
0,-1,0,-2,-3,1,0,-1,-3,0,0,0,56,-82,-9,None
0,-1,0,-2,-3,1,0,-1,-3,0,0,0,56,-82,-9,None
0,-2,0,-1,3,-1,-1,0,-2,0,0,0,56,-82,-9,None
0,-1,-1,-3,-5,-2,-4,-6,-3,0,0,0,56,-82,-9,None
0,0,2,1,-1,5,3,2,-1,0,0,0,56,-82,-9,None
0,0,1,-2,-3,-1,0,-1,-2,0,0,0,56,-82,-9,None
0,0,1,-2,-3,-1,0,-1,-2,0,0,0,56,-82,-9,None
0,0,1,-2,-3,-1,0,-1,-2,0,0,0,56,-82,-10,None
0,0,0,-2,2,-1,-1,-2,-2,0,0,0,56,-82,-10,None
0,0,1,-4,-1,0,-1,1,0,0,0,0,56,-82,-10,None
0,-1,1,-1,-3,0,-3,-1,-2,0,0,0,56,-82,-10,None
0,-2,-1,-1,4,-1,-2,-2,-2,0,0,0,56,-82,-10,None
0,-2,-1,-1,4,-1,-2,-2,-2,0,0,0,56,-82,-10,None
0,-2,-1,-1,4,-1,-2,-2,-2,0,0,0,56,-82,-9,None
0,0,-1,-2,-3,0,-2,-2,-2,0,0,0,56,-82,-9,None
0,-1,1,-2,-3,2,0,-2,-1,0,0,0,56,-82,-9,None
0,-2,-2,-3,1,0,-2,-2,-1,0,0,0,56,-82,-9,None
0,-2,0,-2,1,0,-1,-2,-1,0,0,0,56,-82,-9,None
0,-2,0,-2,1,0,-1,-2,-1,0,0,0,56,-82,-9,None
0,-2,0,-2,1,0,-1,-2,-1,0,0,0,56,-82,-10,None
0,-1,1,-1,-6,0,0,-2,-3,0,0,0,56,-82,-10,None
0,-1,-1,-1,-3,1,0,1,-1,0,0,0,56,-82,-10,None
0,-1,0,-3,2,0,-2,-1,-2,0,0,0,56,-82,-10,None
0,-2,0,-2,-5,0,-2,-1,-3,0,0,0,56,-82,-10,None
0,-2,0,-2,-5,0,-2,-1,-3,0,0,0,56,-82,-10,None
0,-2,0,-2,-5,0,-2,-1,-3,0,0,0,56,-82,-10,None
0,-2,0,-3,-4,1,-2,-3,-1,0,0,0,56,-82,-10,None
0,0,0,-2,5,0,-2,-1,-1,0,0,0,56,-82,-10,None
0,0,-1,-3,1,-3,-2,-4,-3,0,0,0,56,-82,-10,None
0,1,0,-1,-4,-1,0,-2,0,0,0,0,56,-82,-10,None
0,1,0,-1,-4,-1,0,-2,0,0,0,0,56,-82,-10,None
0,1,0,-1,-4,-1,0,-2,0,0,0,0,56,-82,-10,None
0,-2,0,-3,0,0,-1,-3,-3,0,0,0,56,-82,-10,None
0,-2,0,-2,3,1,0,-1,-2,0,0,0,56,-82,-10,None
0,-2,0,-1,-3,-1,-1,-2,-2,0,0,0,56,-82,-10,None
0,0,2,-1,-1,1,0,-3,-1,0,0,0,56,-82,-10,None
0,0,2,-1,-1,1,0,-3,-1,0,0,0,56,-82,-10,None
0,0,2,-1,-1,1,0,-3,-1,0,0,0,57,-81,-10,None
0,-1,-1,-3,1,0,-1,0,-2,0,0,0,57,-81,-10,None
0,-1,0,-2,-3,0,-1,1,-2,0,0,0,57,-81,-10,None
0,-1,2,-1,-3,0,1,-1,-1,0,0,0,57,-81,-10,None
0,-2,-1,-2,3,0,-4,-2,-2,0,0,0,57,-81,-10,None
0,-2,-1,-2,3,0,-4,-2,-2,0,0,0,57,-81,-10,None
0,-2,-1,-2,3,0,-4,-2,-2,0,0,0,57,-81,-11,None
0,-1,-1,-2,2,1,-1,-2,0,0,0,0,57,-81,-11,None
0,-3,0,-2,-1,1,0,-2,-1,0,0,0,57,-81,-11,None
0,-2,-1,-2,2,-1,-1,-3,-1,0,0,0,57,-81,-11,None
0,-1,0,-3,2,0,-3,0,0,0,0,0,57,-81,-11,None
0,-1,0,-3,2,0,-3,0,0,0,0,0,57,-81,-11,None
0,-1,0,-3,2,0,-3,0,0,0,0,0,57,-81,-11,None
0,-2,-1,-1,-5,-2,-1,-2,-2,0,0,0,57,-81,-11,None
0,0,1,0,-2,1,0,0,-2,0,0,0,57,-81,-11,None
0,-1,1,-3,0,-2,-2,-1,-2,0,0,0,57,-81,-11,None
0,-2,2,0,-4,0,-1,-2,-1,0,0,0,57,-81,-11,None
0,-2,2,0,-4,0,-1,-2,-1,0,0,0,57,-81,-11,None
0,-2,2,0,-4,0,-1,-2,-1,0,0,0,57,-81,-12,None
0,-1,-1,-1,-2,1,0,-1,-1,0,0,0,57,-81,-12,None
0,-1,-1,-2,4,-1,-1,-3,-2,0,0,0,57,-81,-12,None
0,0,0,-3,0,-1,-3,-2,-2,0,0,0,57,-81,-12,None
0,-2,0,-2,-2,-1,-2,-1,-3,0,0,0,57,-81,-12,None
0,-2,0,-2,-2,-1,-2,-1,-3,0,0,0,57,-81,-12,None
0,-2,0,-2,-2,-1,-2,-1,-3,0,0,0,57,-81,-11,None
0,-1,2,-2,2,0,0,-1,-2,0,0,0,57,-81,-11,None
0,-2,-1,-3,2,0,-1,-1,1,0,0,0,57,-81,-11,None
0,1,1,0,-4,1,0,-1,0,0,0,0,57,-81,-11,None
0,-2,0,-3,-1,0,0,-1,0,0,0,0,57,-81,-11,None
0,-2,0,-3,-1,0,0,-1,0,0,0,0,57,-81,-11,None
0,-2,0,-3,-1,0,0,-1,0,0,0,0,57,-81,-11,None
0,-2,0,-2,1,0,-1,-2,-1,0,0,0,57,-81,-11,None
0,-1,0,-2,-4,-1,-3,-2,0,0,0,0,57,-81,-11,None
0,-1,0,-2,-2,1,0,-2,-1,0,0,0,57,-81,-11,None
0,-2,-2,-3,2,0,-2,-1,-1,0,0,0,57,-81,-11,None
0,-2,-2,-3,2,0,-2,-1,-1,0,0,0,57,-81,-11,None
0,-2,-2,-3,2,0,-2,-1,-1,0,0,0,57,-80,-11,None
0,-1,-1,-2,1,1,0,0,-2,0,0,0,57,-80,-11,None
0,-1,0,-3,-3,0,0,-1,-2,0,0,0,57,-80,-11,None
0,-1,2,-1,2,0,-2,0,-2,0,0,0,57,-80,-11,None
0,-2,0,-1,2,1,-1,-1,-3,0,0,0,57,-80,-11,None
0,-2,0,-1,2,1,-1,-1,-3,0,0,0,57,-80,-11,None
0,-2,0,-1,2,1,-1,-1,-3,0,0,0,57,-81,-11,None
0,-1,1,-1,-5,0,-2,-3,-2,0,0,0,57,-81,-11,None
0,-2,1,-2,-3,-1,-1,-2,-2,0,0,0,57,-81,-11,None
0,-1,-1,-3,0,-1,-3,-2,-2,0,0,0,57,-81,-11,None
0,0,1,-2,-4,0,1,-1,-1,0,0,0,57,-81,-11,None
0,0,1,-2,-4,0,1,-1,-1,0,0,0,57,-81,-11,None
0,0,1,-2,-4,0,1,-1,-1,0,0,0,57,-80,-11,None
0,1,1,0,-5,0,-1,-1,-2,0,0,0,57,-80,-11,None
0,0,-1,-1,3,-2,-3,-2,-2,0,0,0,57,-80,-11,None
0,-2,-2,-2,0,1,-1,-2,-2,0,0,0,57,-80,-11,None
0,1,0,-1,-2,2,1,-1,-1,0,0,0,57,-80,-11,None
0,1,0,-1,-2,2,1,-1,-1,0,0,0,57,-80,-11,None
0,1,0,-1,-2,2,1,-1,-1,0,0,0,57,-81,-11,None
0,-1,1,-3,2,-1,-2,0,0,0,0,0,57,-81,-11,None
0,-1,1,-2,1,0,-2,-1,-1,0,0,0,57,-81,-11,None
0,-2,0,-2,-5,0,0,-2,1,0,0,0,57,-81,-11,None
0,-1,-1,-1,-1,0,0,-2,-1,0,0,0,57,-81,-11,None
0,-1,-1,-1,-1,0,0,-2,-1,0,0,0,57,-81,-11,None
0,-1,-1,-1,-1,0,0,-2,-1,0,0,0,57,-81,-11,None
0,-1,-1,-2,1,-1,-1,-2,-1,0,0,0,57,-81,-11,None
0,-1,1,0,-2,0,-1,-1,-1,0,0,0,57,-81,-11,None
0,-2,1,-2,-3,1,0,-1,-2,0,0,0,57,-81,-11,None
0,0,1,-3,1,0,-5,-3,-3,0,0,0,57,-81,-11,None
0,0,1,-3,1,0,-5,-3,-3,0,0,0,57,-81,-11,None
0,0,1,-3,1,0,-5,-3,-3,0,0,0,57,-81,-11,None
0,-2,1,-3,-1,2,0,-3,0,0,0,0,57,-81,-11,None
0,0,2,-1,-2,1,2,1,-1,0,0,0,57,-81,-11,None
0,0,0,-1,2,-1,-1,0,-2,0,0,0,57,-81,-11,None
0,0,-1,-1,1,2,-2,-1,-3,0,0,0,57,-81,-11,None
0,0,-1,-1,1,2,-2,-1,-3,0,0,0,57,-81,-11,None
0,0,-1,-1,1,2,-2,-1,-3,0,0,0,56,-81,-11,None
0,-2,0,-2,-2,-1,-1,-2,-1,0,0,0,56,-81,-11,None
0,-2,0,-1,0,0,0,-2,-2,0,0,0,56,-81,-11,None
0,-4,0,-2,2,1,0,-1,-1,0,0,0,56,-81,-11,None
0,0,1,-2,-5,-1,0,0,0,0,0,0,56,-81,-11,None
0,0,1,-2,-5,-1,0,0,0,0,0,0,56,-81,-11,None
0,0,1,-2,-5,-1,0,0,0,0,0,0,57,-80,-11,None
0,-2,0,0,-4,0,-1,-1,-1,0,0,0,57,-80,-11,None
0,-1,-2,-2,2,0,0,-2,0,0,0,0,57,-80,-11,None
0,-2,0,-1,-1,0,0,-2,-1,0,0,0,57,-80,-11,None
0,-1,0,-3,-2,0,0,0,0,0,0,0,57,-80,-11,None
0,-1,0,-3,-2,0,0,0,0,0,0,0,57,-80,-11,None
0,-1,0,-3,-2,0,0,0,0,0,0,0,57,-80,-11,None
0,-1,0,-2,3,0,-1,-2,-1,0,0,0,57,-80,-11,None
0,-1,0,-2,1,-1,-3,-3,-3,0,0,0,57,-80,-11,None
0,0,0,0,-4,1,0,0,2,0,0,0,57,-80,-11,None
0,0,1,-1,0,0,-2,-1,0,0,0,0,57,-80,-11,None
0,0,1,-1,0,0,-2,-1,0,0,0,0,57,-80,-11,None
0,0,1,-1,0,0,-2,-1,0,0,0,0,57,-80,-11,None
0,-1,-1,-2,4,-1,-3,-3,-1,0,0,0,57,-80,-11,None
0,0,1,-3,-4,0,-1,-3,-1,0,0,0,57,-80,-11,None
0,-2,1,-1,-3,0,0,-1,-2,0,0,0,57,-80,-11,None
0,-2,0,-2,2,0,-2,-1,-3,0,0,0,57,-80,-11,None
0,-2,0,-2,2,0,-2,-1,-3,0,0,0,57,-80,-11,None
0,-2,0,-2,2,0,-2,-1,-3,0,0,0,57,-81,-12,None
0,0,0,-1,-1,0,-3,-1,-1,0,0,0,57,-81,-12,None
