0,-2,-3,-7,3,-9,4,-7,-3,0,0,0,86,-113,26,None
0,-1,2,1,9,6,-10,-2,-2,0,0,0,86,-113,26,None
0,-3,-2,-5,10,1,2,-5,-3,0,0,0,86,-113,26,None
0,-3,-2,-5,10,1,2,-5,-3,0,0,0,86,-113,26,None
0,-3,-2,-5,10,1,2,-5,-3,0,0,0,91,-124,29,None
0,-1,0,-4,-1,-3,3,4,0,0,0,0,91,-124,29,None
0,-1,-1,-4,-2,2,12,0,1,0,0,0,91,-124,29,None
0,-1,-1,6,2,-4,-1,4,0,0,0,0,91,-124,29,None
0,-4,-6,-11,7,-6,-18,-11,-7,0,0,0,91,-124,29,None
0,-4,-6,-11,7,-6,-18,-11,-7,0,0,0,91,-124,29,None
0,-4,-6,-11,7,-6,-18,-11,-7,0,0,0,87,-129,28,None
0,0,1,-4,-3,-1,-2,-8,-2,0,0,0,87,-129,28,None
0,0,1,-1,4,0,0,8,0,0,0,0,87,-129,28,None
0,-2,-1,0,-3,9,15,0,-1,0,0,0,87,-129,28,None
0,-1,-4,-8,-19,-8,-11,-1,-3,0,0,0,87,-129,28,None
0,-1,-4,-8,-19,-8,-11,-1,-3,0,0,0,87,-129,28,None
0,-1,-4,-8,-19,-8,-11,-1,-3,0,0,0,80,-135,20,None
0,-3,-3,-7,0,2,-2,-3,-3,0,0,0,80,-135,20,None
0,1,0,-1,-6,4,5,-3,0,0,0,0,80,-135,20,None
0,-5,-9,-19,9,12,-25,-10,-8,0,0,0,80,-135,20,None
0,-3,3,15,-25,-21,-5,3,-1,0,0,0,80,-135,20,None
0,-3,3,15,-25,-21,-5,3,-1,0,0,0,80,-135,20,None
0,-3,3,15,-25,-21,-5,3,-1,0,0,0,65,-146,13,None
0,4,3,-12,-12,3,15,8,6,0,0,0,65,-146,13,None
0,-3,-6,-11,11,1,-13,-5,-2,0,0,0,65,-146,13,None
0,1,-3,-8,-2,-10,7,2,2,0,0,0,65,-146,13,None
0,-3,-1,4,-14,11,-4,-8,-6,0,0,0,65,-146,13,None
0,-3,-1,4,-14,11,-4,-8,-6,0,0,0,65,-146,13,None
0,-3,-1,4,-14,11,-4,-8,-6,0,0,0,55,-143,12,None
0,-5,-4,-4,14,-10,-16,-8,-6,0,0,0,55,-143,12,None
0,-1,-2,-3,16,-14,0,4,0,0,0,0,55,-143,12,None
0,-1,0,6,-5,12,6,-2,-2,0,0,0,55,-143,12,None
0,-1,-3,-9,24,14,4,2,0,0,0,0,55,-143,12,None
0,-1,-3,-9,24,14,4,2,0,0,0,0,55,-143,12,None
0,-1,-3,-9,24,14,4,2,0,0,0,0,47,-137,10,None
0,-2,-4,-2,29,2,-12,0,-2,0,0,0,47,-137,10,None
0,-1,0,4,-12,-26,-8,-10,-3,0,0,0,47,-137,10,None
0,2,5,3,3,24,13,2,0,0,0,0,47,-137,10,None
0,-2,-4,-7,3,-11,-10,-4,-3,0,0,0,47,-137,10,None
0,-2,-4,-7,3,-11,-10,-4,-3,0,0,0,47,-137,10,None
0,-2,-4,-7,3,-11,-10,-4,-3,0,0,0,46,-129,12,None
0,1,0,2,-3,2,3,2,0,0,0,0,46,-129,12,None
0,1,6,9,-21,2,1,-6,-2,0,0,0,46,-129,12,None
0,-5,-5,-5,14,-3,-10,-8,-5,0,0,0,46,-129,12,None
0,0,-1,-5,2,2,7,3,1,0,0,0,46,-129,12,None
0,0,-1,-5,2,2,7,3,1,0,0,0,46,-129,12,None
0,0,-1,-5,2,2,7,3,1,0,0,0,40,-130,13,None
0,0,5,8,-13,-1,5,-1,-2,0,0,0,40,-130,13,None
0,-3,-3,-11,4,4,0,2,-1,0,0,0,40,-130,13,None
0,-1,-1,-3,21,-1,-4,5,1,0,0,0,40,-130,13,None
0,-1,1,-11,-21,23,-7,-3,0,0,0,0,40,-130,13,None
0,-1,1,-11,-21,23,-7,-3,0,0,0,0,40,-130,13,None
0,-1,1,-11,-21,23,-7,-3,0,0,0,0,32,-130,13,None
0,-2,0,2,-14,-24,20,7,0,0,0,0,32,-130,13,None
0,-3,0,0,29,-2,-8,-7,-3,0,0,0,32,-130,13,None
0,0,2,-8,-54,13,2,4,-1,0,0,0,32,-130,13,None
0,-1,5,7,-5,-11,3,-2,0,0,0,0,32,-130,13,None
0,-1,5,7,-5,-11,3,-2,0,0,0,0,32,-130,13,None
0,-1,5,7,-5,-11,3,-2,0,0,0,0,28,-122,14,None
0,0,6,3,-26,13,4,0,-1,0,0,0,28,-122,14,None
0,-3,-4,-7,-29,18,-1,-1,-2,0,0,0,28,-122,14,None
0,2,8,10,0,-17,8,-2,-1,0,0,0,28,-122,14,None
0,0,3,-4,12,21,4,6,3,0,0,0,28,-122,14,None
0,0,3,-4,12,21,4,6,3,0,0,0,28,-122,14,None
0,0,3,-4,12,21,4,6,3,0,0,0,22,-112,13,None
0,-3,-4,-7,3,-30,-19,-5,-3,0,0,0,22,-112,13,None
0,0,3,2,-1,6,9,0,0,0,0,0,22,-112,13,None
0,-1,4,1,4,-2,-4,-1,-1,0,0,0,22,-112,13,None
0,-1,3,-7,-6,-39,-6,-4,-4,0,0,0,22,-112,13,None
0,-1,3,-7,-6,-39,-6,-4,-4,0,0,0,22,-112,13,None
0,-1,3,-7,-6,-39,-6,-4,-4,0,0,0,15,-103,10,None
0,-2,-4,-6,-9,28,10,1,-1,0,0,0,15,-103,10,None
0,1,6,8,-12,33,8,0,1,0,0,0,15,-103,10,None
0,0,0,-3,20,-20,-5,-1,-1,0,0,0,15,-103,10,None
0,-1,3,3,4,1,8,1,-1,0,0,0,15,-103,10,None
0,-1,3,3,4,1,8,1,-1,0,0,0,15,-103,10,None
0,-1,3,3,4,1,8,1,-1,0,0,0,11,-97,8,None
0,1,8,6,-22,32,8,-3,-2,0,0,0,11,-97,8,None
0,-1,1,-5,-4,-18,-9,-4,-1,0,0,0,11,-97,8,None
0,-2,-3,-5,12,4,-12,-2,0,0,0,0,11,-97,8,None
0,-2,0,1,-7,-11,6,-1,-4,0,0,0,11,-97,8,None
0,-2,0,1,-7,-11,6,-1,-4,0,0,0,11,-97,8,None
0,-2,0,1,-7,-11,6,-1,-4,0,0,0,7,-89,10,None
0,-2,0,-1,10,19,-9,-5,-2,0,0,0,7,-89,10,None
0,-1,1,-5,37,-5,-11,-3,-2,0,0,0,7,-89,10,None
0,-2,-2,-4,36,13,9,0,-2,0,0,0,7,-89,10,None
0,3,5,-3,-3,-36,-1,1,2,0,0,0,7,-89,10,None
0,3,5,-3,-3,-36,-1,1,2,0,0,0,7,-89,10,None
0,3,5,-3,-3,-36,-1,1,2,0,0,0,0,-83,10,None
0,-2,-2,2,44,22,-12,-3,-3,0,0,0,0,-83,10,None
0,-2,-1,0,-21,-15,3,-3,-3,0,0,0,0,-83,10,None
0,1,7,3,-17,-16,4,-1,1,0,0,0,0,-83,10,None
0,-1,-1,-1,21,96,5,0,2,0,0,0,0,-83,10,None
0,-1,-1,-1,21,96,5,0,2,0,0,0,0,-83,10,None
0,-1,-1,-1,21,96,5,0,2,0,0,0,-3,-74,13,None
0,-3,-6,-8,-5,-76,-18,-5,-4,0,0,0,-3,-74,13,None
0,-1,1,-1,-9,15,3,2,0,0,0,0,-3,-74,13,None
0,-4,-4,-2,10,-13,-11,-4,-4,0,0,0,-3,-74,13,None
0,-4,-4,-7,13,-24,-5,-1,-3,0,0,0,-3,-74,13,None
0,-4,-4,-7,13,-24,-5,-1,-3,0,0,0,-3,-74,13,None
0,-4,-4,-7,13,-24,-5,-1,-3,0,0,0,-8,-69,21,None
0,2,3,-2,-10,30,3,-2,3,0,0,0,-8,-69,21,None
0,-3,0,1,0,4,-6,-5,-11,0,0,0,-8,-69,21,None
0,1,-1,-10,30,-28,-2,1,1,0,0,0,-8,-69,21,None
0,-1,-1,6,8,49,-1,-3,-5,0,0,0,-8,-69,21,None
0,-1,-1,6,8,49,-1,-3,-5,0,0,0,-8,-69,21,None
0,-1,-1,6,8,49,-1,-3,-5,0,0,0,-12,-65,24,None
0,2,3,2,-10,31,7,5,4,0,0,0,-12,-65,24,None
0,-6,-9,-7,30,-90,-3,1,-2,0,0,0,-12,-65,24,None
0,0,1,4,-1,65,-3,-3,0,0,0,0,-12,-65,24,None
0,-3,-1,-4,-35,-15,-12,-5,-3,0,0,0,-12,-65,24,None
0,-3,-1,-4,-35,-15,-12,-5,-3,0,0,0,-12,-65,24,None
0,-3,-1,-4,-35,-15,-12,-5,-3,0,0,0,-16,-56,28,None
0,1,-3,-6,13,22,4,-4,-3,0,0,0,-16,-56,28,None
0,2,4,-3,2,18,-1,2,2,0,0,0,-16,-56,28,None
0,-1,-2,-4,-15,-56,4,0,-9,0,0,0,-16,-56,28,None
0,-3,-3,-6,23,18,0,-5,16,0,0,0,-16,-56,28,None
0,-3,-3,-6,23,18,0,-5,16,0,0,0,-16,-56,28,None
0,-3,-3,-6,23,18,0,-5,16,0,0,0,-20,-49,31,None
0,-3,-1,-2,-20,-2,-2,7,-3,0,0,0,-20,-49,31,None
0,2,18,12,-10,8,-5,-13,21,0,0,0,-20,-49,31,None
0,-3,-2,-2,-8,-34,3,10,-21,0,0,0,-20,-49,31,None
0,0,5,6,1,37,0,-7,-5,0,0,0,-20,-49,31,None
0,0,5,6,1,37,0,-7,-5,0,0,0,-20,-49,31,None
0,0,5,6,1,37,0,-7,-5,0,0,0,-25,-39,36,None
0,-2,-6,-1,13,-84,-4,9,16,0,0,0,-25,-39,36,None
0,-2,-1,3,8,14,7,-4,3,0,0,0,-25,-39,36,None
0,2,3,-7,-15,61,-12,6,2,0,0,0,-25,-39,36,None
0,-1,-2,-3,0,-66,-2,-1,-5,0,0,0,-25,-39,36,None
0,-1,-2,-3,0,-66,-2,-1,-5,0,0,0,-25,-39,36,None
0,-1,-2,-3,0,-66,-2,-1,-5,0,0,0,-30,-34,39,None
0,-4,4,1,-21,26,4,-5,6,0,0,0,-30,-34,39,None
0,-5,4,-5,-1,-34,-18,-13,-8,0,0,0,-30,-34,39,None
0,-4,-11,4,16,-59,-1,-1,6,0,0,0,-30,-34,39,None
0,-2,0,-17,-63,-27,0,-5,-7,0,0,0,-30,-34,39,None
0,-2,0,-17,-63,-27,0,-5,-7,0,0,0,-30,-34,39,None
0,-2,0,-17,-63,-27,0,-5,-7,0,0,0,-35,-29,44,None
0,1,-1,9,47,21,4,8,4,0,0,0,-35,-29,44,None
0,1,2,-8,-1,-29,5,4,18,0,0,0,-35,-29,44,None
0,-4,10,11,-17,127,0,-11,-38,0,0,0,-35,-29,44,None
0,-1,-4,-7,19,-66,-2,2,7,0,0,0,-35,-29,44,None
0,-1,-4,-7,19,-66,-2,2,7,0,0,0,-35,-29,44,None
0,-1,-4,-7,19,-66,-2,2,7,0,0,0,-37,-24,49,None
0,-3,9,-7,13,-46,-22,-13,-4,0,0,0,-37,-24,49,None
0,-7,-10,-2,20,95,3,-7,-19,0,0,0,-37,-24,49,None
0,4,1,-5,-1,-112,-2,7,28,0,0,0,-37,-24,49,None
0,0,11,3,24,-53,-7,-2,-3,0,0,0,-37,-24,49,None
0,0,11,3,24,-53,-7,-2,-3,0,0,0,-37,-24,49,None
0,0,11,3,24,-53,-7,-2,-3,0,0,0,-41,-14,50,None
0,-7,-7,-10,-35,63,2,-10,-34,0,0,0,-41,-14,50,None
0,1,6,9,-7,15,9,-3,-5,0,0,0,-41,-14,50,None
0,-1,-7,-4,-2,6,-7,-2,14,0,0,0,-41,-14,50,None
0,0,7,1,4,48,3,8,-15,0,0,0,-41,-14,50,None
0,0,7,1,4,48,3,8,-15,0,0,0,-41,-14,50,None
0,0,7,1,4,48,3,8,-15,0,0,0,-47,-7,51,None
0,-1,1,7,6,-98,-7,-5,3,0,0,0,-47,-7,51,None
0,1,-1,-13,-46,58,2,2,-3,0,0,0,-47,-7,51,None
0,-2,3,-4,7,-27,-12,-10,1,0,0,0,-47,-7,51,None
0,-2,-7,3,17,85,2,-3,-7,0,0,0,-47,-7,51,None
0,-2,-7,3,17,85,2,-3,-7,0,0,0,-47,-7,51,None
0,-2,-7,3,17,85,2,-3,-7,0,0,0,-48,-5,53,None
0,0,0,4,-15,-12,10,3,-4,0,0,0,-48,-5,53,None
0,-1,-6,-6,10,-25,-7,3,-4,0,0,0,-48,-5,53,None
0,0,16,5,-36,-2,-5,0,2,0,0,0,-48,-5,53,None
0,-3,-16,-15,-52,-36,1,-2,0,0,0,0,-48,-5,53,None
0,-3,-16,-15,-52,-36,1,-2,0,0,0,0,-48,-5,53,None
0,-3,-16,-15,-52,-36,1,-2,0,0,0,0,-48,-2,57,None
0,-3,1,3,-10,88,-6,-7,-5,0,0,0,-48,-2,57,None
0,-3,-7,-7,17,2,0,4,-4,0,0,0,-48,-2,57,None
0,0,4,4,-15,23,8,-7,1,0,0,0,-48,-2,57,None
0,0,1,-3,10,14,0,3,4,0,0,0,-48,-2,57,None
0,0,1,-3,10,14,0,3,4,0,0,0,-48,-2,57,None
0,0,1,-3,10,14,0,3,4,0,0,0,-50,-1,60,None
0,-4,3,-6,60,14,-6,-3,-4,0,0,0,-50,-1,60,None
0,1,1,-3,-20,-12,1,5,3,0,0,0,-50,-1,60,None
0,-2,-8,-10,-6,28,-3,-6,-5,0,0,0,-50,-1,60,None
0,-1,2,5,-7,26,-4,2,0,0,0,0,-50,-1,60,None
0,-1,2,5,-7,26,-4,2,0,0,0,0,-50,-1,60,None
0,-1,2,5,-7,26,-4,2,0,0,0,0,-51,0,59,None
0,1,0,-3,11,-19,-2,-1,2,0,0,0,-51,0,59,None
0,-2,2,5,26,1,2,3,-1,0,0,0,-51,0,59,None
0,-3,-3,-7,-19,-20,-5,-5,-4,0,0,0,-51,0,59,None
0,-2,1,3,44,30,0,0,-4,0,0,0,-51,0,59,None
0,-2,1,3,44,30,0,0,-4,0,0,0,-51,0,59,None
0,-2,1,3,44,30,0,0,-4,0,0,0,-53,0,62,None
0,0,3,2,-17,34,9,2,4,0,0,0,-53,0,62,None
0,1,-1,-4,-9,-8,-4,0,-4,0,0,0,-53,0,62,None
0,-5,-2,-1,8,-40,-3,-1,-1,0,0,0,-53,0,62,None
0,0,1,3,-2,-28,-6,-3,1,0,0,0,-53,0,62,None
0,0,1,3,-2,-28,-6,-3,1,0,0,0,-53,0,62,None
0,0,1,3,-2,-28,-6,-3,1,0,0,0,-55,6,64,None
0,-1,0,-6,-19,1,3,-1,-3,0,0,0,-55,6,64,None
0,-2,0,-3,5,6,-4,3,0,0,0,0,-55,6,64,None
0,1,-1,-6,6,18,6,0,0,0,0,0,-55,6,64,None
0,-2,1,1,-1,91,9,-2,-1,0,0,0,-55,6,64,None
0,-2,1,1,-1,91,9,-2,-1,0,0,0,-55,6,64,None
0,-2,1,1,-1,91,9,-2,-1,0,0,0,-59,9,68,None
0,0,-1,-4,-17,-35,-6,-2,-3,0,0,0,-59,9,68,None
0,-2,-3,0,1,-13,-6,-3,-4,0,0,0,-59,9,68,None
0,-2,1,-2,13,50,0,-3,0,0,0,0,-59,9,68,None
0,-1,5,-1,-34,-12,2,-2,-2,0,0,0,-59,9,68,None
0,-1,5,-1,-34,-12,2,-2,-2,0,0,0,-59,9,68,None
0,-1,5,-1,-34,-12,2,-2,-2,0,0,0,-65,1,73,None
0,-1,1,0,-2,-37,-4,-1,-1,0,0,0,-65,1,73,None
0,-1,2,-2,8,9,-4,-3,-3,0,0,0,-65,1,73,None
0,1,-3,-6,0,-13,2,0,-2,0,0,0,-65,1,73,None
0,-3,2,6,-8,19,-8,-3,-1,0,0,0,-65,1,73,None
0,-3,2,6,-8,19,-8,-3,-1,0,0,0,-65,1,73,None
0,-3,2,6,-8,19,-8,-3,-1,0,0,0,-64,-6,74,None
0,-3,7,-15,12,-8,-10,-7,-7,0,0,0,-64,-6,74,None
0,2,-2,6,4,-13,5,0,2,0,0,0,-64,-6,74,None
0,-2,3,-1,4,0,4,-1,-2,0,0,0,-64,-6,74,None
0,-1,-15,-12,5,-35,3,3,3,0,0,0,-64,-6,74,None
0,-1,-15,-12,5,-35,3,3,3,0,0,0,-64,-6,74,None
0,-1,-15,-12,5,-35,3,3,3,0,0,0,-64,-7,73,None
0,0,6,-2,-24,-5,2,-3,-2,0,0,0,-64,-7,73,None
0,3,-4,0,-12,31,7,2,2,0,0,0,-64,-7,73,None
0,-6,7,-3,11,-19,-17,-8,-8,0,0,0,-64,-7,73,None
0,0,-9,-2,-8,-5,8,3,3,0,0,0,-64,-7,73,None
0,0,-9,-2,-8,-5,8,3,3,0,0,0,-64,-7,73,None
0,0,-9,-2,-8,-5,8,3,3,0,0,0,-67,-3,75,None
0,-3,-4,2,-1,11,-3,-3,-1,0,0,0,-67,-3,75,None
0,-4,-4,-10,12,6,-5,-2,-1,0,0,0,-67,-3,75,None
0,-1,6,-1,-6,-9,-3,-3,-4,0,0,0,-67,-3,75,None
0,-1,4,6,12,15,0,-1,1,0,0,0,-67,-3,75,None
0,-1,4,6,12,15,0,-1,1,0,0,0,-67,-3,75,None
0,-1,4,6,12,15,0,-1,1,0,0,0,-69,0,79,None
0,-1,3,-6,-7,4,-1,-3,-1,0,0,0,-69,0,79,None
0,-2,-5,-2,-4,-7,-1,2,-3,0,0,0,-69,0,79,None
0,-1,0,7,-9,32,3,-5,0,0,0,0,-69,0,79,None
0,-2,6,1,-16,-11,-1,-2,-4,0,0,0,-69,0,79,None
0,-2,6,1,-16,-11,-1,-2,-4,0,0,0,-69,0,79,None
0,-2,6,1,-16,-11,-1,-2,-4,0,0,0,-72,2,81,None
0,0,3,0,35,8,-5,1,0,0,0,0,-72,2,81,None
0,0,-1,-7,-10,-16,-5,-3,-2,0,0,0,-72,2,81,None
0,8,-8,9,30,30,22,12,9,0,0,0,-72,2,81,None
0,-3,-9,-5,7,-20,-10,-4,-2,0,0,0,-72,2,81,None
0,-3,-9,-5,7,-20,-10,-4,-2,0,0,0,-72,2,81,None
0,-3,-9,-5,7,-20,-10,-4,-2,0,0,0,-74,7,85,None
0,-1,0,-2,-9,-1,-2,-3,-4,0,0,0,-74,7,85,None
0,-5,12,1,23,-11,-2,-4,-6,0,0,0,-74,7,85,None
0,1,-3,-6,-10,-9,1,-2,1,0,0,0,-74,7,85,None
0,0,-6,-2,7,-20,1,0,-1,0,0,0,-74,7,85,None
0,0,-6,-2,7,-20,1,0,-1,0,0,0,-74,7,85,None
0,0,-6,-2,7,-20,1,0,-1,0,0,0,-80,8,86,None
0,4,1,9,2,22,14,4,4,0,0,0,-80,8,86,None
0,-1,14,-11,-5,2,-4,-5,-6,0,0,0,-80,8,86,None
0,-2,-2,2,-11,1,-6,-2,-3,0,0,0,-80,8,86,None
0,0,9,28,12,-3,3,3,2,0,0,0,-80,8,86,None
0,0,9,28,12,-3,3,3,2,0,0,0,-80,8,86,None
0,0,9,28,12,-3,3,3,2,0,0,0,-86,7,87,None
0,-3,-24,-22,-25,-3,2,2,3,0,0,0,-86,7,87,None
0,-1,-7,-5,-2,-1,0,1,-1,0,0,0,-86,7,87,None
0,0,26,-8,12,-11,-12,-5,-5,0,0,0,-86,7,87,None
0,0,7,-3,-10,-23,-4,-4,-5,0,0,0,-86,7,87,None
0,0,7,-3,-10,-23,-4,-4,-5,0,0,0,-86,7,87,None
0,0,7,-3,-10,-23,-4,-4,-5,0,0,0,-86,5,85,None
0,-3,15,20,-2,16,0,2,-3,0,0,0,-86,5,85,None
0,-5,-5,2,-2,19,5,0,0,0,0,0,-86,5,85,None
0,-3,-6,-10,5,-19,2,-2,-3,0,0,0,-86,5,85,None
0,0,12,-3,-9,-22,-3,-4,-4,0,0,0,-86,5,85,None
0,0,12,-3,-9,-22,-3,-4,-4,0,0,0,-86,5,85,None
0,0,12,-3,-9,-22,-3,-4,-4,0,0,0,-85,2,82,None
0,0,4,-4,15,11,-4,-1,2,0,0,0,-85,2,82,None
0,-4,-7,-6,4,-1,0,2,-1,0,0,0,-85,2,82,None
0,-1,-9,-2,-17,11,3,0,-1,0,0,0,-85,2,82,None
0,-5,9,-33,12,-8,-15,-8,-7,0,0,0,-85,2,82,None
0,-5,9,-33,12,-8,-15,-8,-7,0,0,0,-85,2,82,None
0,-5,9,-33,12,-8,-15,-8,-7,0,0,0,-82,-3,77,None
0,-2,-26,7,-4,7,8,4,1,0,0,0,-82,-3,77,None
0,2,-5,10,-8,-2,5,1,3,0,0,0,-82,-3,77,None
0,-2,0,0,-5,-22,3,0,1,0,0,0,-82,-3,77,None
0,-4,-1,-30,19,18,-7,-5,-3,0,0,0,-82,-3,77,None
0,-4,-1,-30,19,18,-7,-5,-3,0,0,0,-82,-3,77,None
0,-4,-1,-30,19,18,-7,-5,-3,0,0,0,-76,-11,71,None
0,-1,11,1,-32,-9,-1,-3,-3,0,0,0,-76,-11,71,None
0,4,9,3,-2,3,3,-2,-1,0,0,0,-76,-11,71,None
0,0,-12,6,-1,0,-2,2,1,0,0,0,-76,-11,71,None
0,1,-15,12,2,-2,-2,-1,-1,0,0,0,-76,-11,71,None
0,1,-15,12,2,-2,-2,-1,-1,0,0,0,-76,-11,71,None
0,1,-15,12,2,-2,-2,-1,-1,0,0,0,-71,-19,64,None
0,-3,5,-11,0,-13,-2,-4,-4,0,0,0,-71,-19,64,None
0,-2,-6,-10,9,21,-11,-4,-1,0,0,0,-71,-19,64,None
0,-2,5,13,37,12,-17,-7,-5,0,0,0,-71,-19,64,None
0,-2,10,-15,-38,-21,1,-1,-1,0,0,0,-71,-19,64,None
0,-2,10,-15,-38,-21,1,-1,-1,0,0,0,-71,-19,64,None
0,-2,10,-15,-38,-21,1,-1,-1,0,0,0,-70,-33,58,None
0,-4,-5,-3,5,22,-2,-4,-3,0,0,0,-70,-33,58,None
0,-1,4,3,-1,-34,-5,-3,-2,0,0,0,-70,-33,58,None
0,-2,-3,-12,1,12,9,0,0,0,0,0,-70,-33,58,None
0,1,5,11,-9,56,5,-1,0,0,0,0,-70,-33,58,None
0,1,5,11,-9,56,5,-1,0,0,0,0,-70,-33,58,None
0,1,5,11,-9,56,5,-1,0,0,0,0,-67,-42,54,None
0,-3,-7,-12,8,-40,-6,-1,-1,0,0,0,-67,-42,54,None
0,-2,5,4,9,10,-6,-4,-3,0,0,0,-67,-42,54,None
0,-3,4,-10,-53,-15,-3,-3,-4,0,0,0,-67,-42,54,None
0,-1,-6,0,-18,-25,-4,-1,-2,0,0,0,-67,-42,54,None
0,-1,-6,0,-18,-25,-4,-1,-2,0,0,0,-67,-42,54,None
0,-1,-6,0,-18,-25,-4,-1,-2,0,0,0,-58,-52,48,None
0,-1,4,-12,18,-6,-2,0,-1,0,0,0,-58,-52,48,None
0,-3,-1,-3,-36,9,2,-1,-1,0,0,0,-58,-52,48,None
0,0,-19,9,5,27,8,1,1,0,0,0,-58,-52,48,None
0,-2,-2,3,27,-20,0,1,1,0,0,0,-58,-52,48,None
0,-2,-2,3,27,-20,0,1,1,0,0,0,-58,-52,48,None
0,-2,-2,3,27,-20,0,1,1,0,0,0,-46,-56,56,None
0,-1,2,0,-12,-13,1,-2,-1,0,0,0,-46,-56,56,None
0,2,8,-3,3,2,3,-3,-3,0,0,0,-46,-56,56,None
0,-1,8,-19,-6,-12,-15,-3,-5,0,0,0,-46,-56,56,None
0,-3,-14,17,1,-33,4,3,3,0,0,0,-46,-56,56,None
0,-3,-14,17,1,-33,4,3,3,0,0,0,-46,-56,56,None
0,-3,-14,17,1,-33,4,3,3,0,0,0,-33,-60,63,None
0,0,9,6,-6,3,-1,-4,-2,0,0,0,-33,-60,63,None
0,-3,-6,-52,22,5,-6,-3,-4,0,0,0,-33,-60,63,None
0,-1,17,33,17,-13,-9,-3,-1,0,0,0,-33,-60,63,None
0,-1,19,-2,9,-3,-6,-4,-5,0,0,0,-33,-60,63,None
0,-1,19,-2,9,-3,-6,-4,-5,0,0,0,-33,-60,63,None
0,-1,19,-2,9,-3,-6,-4,-5,0,0,0,-27,-49,45,None
0,-2,1,-12,16,31,-1,1,-2,0,0,0,-27,-49,45,None
0,-2,-4,-21,40,-9,-5,0,-1,0,0,0,-27,-49,45,None
0,-4,-8,-35,-3,53,5,-3,-4,0,0,0,-27,-49,45,None
0,-3,13,-86,-1,-1,-11,-9,-8,0,0,0,-27,-49,45,None
0,-3,13,-86,-1,-1,-11,-9,-8,0,0,0,-27,-49,45,None
0,-3,13,-86,-1,-1,-11,-9,-8,0,0,0,-26,-41,42,None
0,0,-39,63,-2,23,11,5,4,0,0,0,-26,-41,42,None
0,-3,6,-8,-7,-22,-4,-4,-4,0,0,0,-26,-41,42,None
0,-2,2,-7,-11,6,7,1,-1,0,0,0,-26,-41,42,None
0,0,-1,-14,9,8,1,1,1,0,0,0,-26,-41,42,None
0,0,-1,-14,9,8,1,1,1,0,0,0,-26,-41,42,None
0,0,-1,-14,9,8,1,1,1,0,0,0,-21,-59,51,None
0,-1,28,-14,-23,-30,-16,-7,-5,0,0,0,-21,-59,51,None
0,0,-5,0,-56,4,8,0,1,0,0,0,-21,-59,51,None
0,0,8,-3,11,-18,2,0,-1,0,0,0,-21,-59,51,None
0,-1,-7,22,14,-7,-2,-1,1,0,0,0,-21,-59,51,None
0,-1,-7,22,14,-7,-2,-1,1,0,0,0,-21,-59,51,None
0,-1,-7,22,14,-7,-2,-1,1,0,0,0,-16,-60,52,None
0,0,11,-22,-61,-5,1,-3,-1,0,0,0,-16,-60,52,None
0,2,-9,81,-14,8,8,4,4,0,0,0,-16,-60,52,None
0,-2,7,22,31,8,2,0,0,0,0,0,-16,-60,52,None
0,-2,1,-20,-44,21,-6,-3,-4,0,0,0,-16,-60,52,None
0,-2,1,-20,-44,21,-6,-3,-4,0,0,0,-16,-60,52,None
0,-2,1,-20,-44,21,-6,-3,-4,0,0,0,-26,-51,54,None
0,1,2,-9,17,-3,-1,1,-3,0,0,0,-26,-51,54,None
0,-2,3,-12,66,-17,-4,0,0,0,0,0,-26,-51,54,None
0,-3,10,-54,-3,20,-13,-8,-8,0,0,0,-26,-51,54,None
0,0,-5,-1,-12,2,3,-1,-1,0,0,0,-26,-51,54,None
0,0,-5,-1,-12,2,3,-1,-1,0,0,0,-26,-51,54,None
0,0,-5,-1,-12,2,3,-1,-1,0,0,0,-39,-54,62,None
0,-2,-10,-7,38,-17,0,-1,1,0,0,0,-39,-54,62,None
0,-3,-1,-2,8,-10,-8,-3,-3,0,0,0,-39,-54,62,None
0,-1,0,-4,-37,-31,2,0,-1,0,0,0,-39,-54,62,None
0,1,7,22,6,14,7,2,1,0,0,0,-39,-54,62,None
0,1,7,22,6,14,7,2,1,0,0,0,-39,-54,62,None
0,1,7,22,6,14,7,2,1,0,0,0,-47,-65,65,None
0,-1,4,-17,37,-7,-4,-4,-3,0,0,0,-47,-65,65,None
0,0,6,-2,-13,20,2,1,0,0,0,0,-47,-65,65,None
0,-3,-9,18,-14,-1,10,3,3,0,0,0,-47,-65,65,None
0,-1,-4,-20,41,1,-8,-3,-2,0,0,0,-47,-65,65,None
0,-1,-4,-20,41,1,-8,-3,-2,0,0,0,-47,-65,65,None
0,-1,-4,-20,41,1,-8,-3,-2,0,0,0,-49,-73,67,None
0,-4,-19,32,1,4,1,1,0,0,0,0,-49,-73,67,None
0,-2,-1,0,-32,-31,-2,-2,-2,0,0,0,-49,-73,67,None
0,0,-5,9,25,36,0,1,0,0,0,0,-49,-73,67,None
0,-1,-6,5,13,3,2,-1,-1,0,0,0,-49,-73,67,None
0,-1,-6,5,13,3,2,-1,-1,0,0,0,-49,-73,67,None
0,-1,-6,5,13,3,2,-1,-1,0,0,0,-51,-75,67,None
0,1,5,-22,-14,-5,-3,-3,-2,0,0,0,-51,-75,67,None
0,-1,1,-23,1,4,3,-2,-3,0,0,0,-51,-75,67,None
0,-1,-5,-12,8,-15,-8,-4,-2,0,0,0,-51,-75,67,None
0,0,0,8,-11,-15,2,-1,0,0,0,0,-51,-75,67,None
0,0,0,8,-11,-15,2,-1,0,0,0,0,-51,-75,67,None
0,0,0,8,-11,-15,2,-1,0,0,0,0,-55,-75,65,None
0,-1,6,-13,-7,6,-3,-4,-2,0,0,0,-55,-75,65,None
0,-1,-4,0,46,-4,-8,-2,-2,0,0,0,-55,-75,65,None
0,-2,-8,-13,5,-10,-3,0,-1,0,0,0,-55,-75,65,None
0,-1,1,15,-8,-17,1,-1,0,0,0,0,-55,-75,65,None
0,-1,1,15,-8,-17,1,-1,0,0,0,0,-55,-75,65,None
0,-1,1,15,-8,-17,1,-1,0,0,0,0,-55,-72,64,None
0,-3,2,-7,23,-8,-8,-2,-5,0,0,0,-55,-72,64,None
0,2,1,-1,9,45,4,0,1,0,0,0,-55,-72,64,None
0,-1,-1,2,-33,-4,-4,-3,0,0,0,0,-55,-72,64,None
0,-1,3,19,7,14,6,1,0,0,0,0,-55,-72,64,None
0,-1,3,19,7,14,6,1,0,0,0,0,-55,-72,64,None
0,-1,3,19,7,14,6,1,0,0,0,0,-52,-68,60,None
0,-2,-2,4,3,-14,0,0,-2,0,0,0,-52,-68,60,None
0,0,2,1,-32,55,4,-2,-2,0,0,0,-52,-68,60,None
0,0,-4,0,2,-47,0,0,-1,0,0,0,-52,-68,60,None
0,-1,-5,0,23,-8,-6,-2,0,0,0,0,-52,-68,60,None
0,-1,-5,0,23,-8,-6,-2,0,0,0,0,-52,-68,60,None
0,-1,-5,0,23,-8,-6,-2,0,0,0,0,-47,-62,57,None
0,-1,2,-10,4,45,0,-2,-1,0,0,0,-47,-62,57,None
0,-2,-3,1,-26,-42,1,-2,-1,0,0,0,-47,-62,57,None
0,-1,1,2,13,-5,0,0,-1,0,0,0,-47,-62,57,None
0,-2,0,-2,14,10,-4,-3,-1,0,0,0,-47,-62,57,None
0,-2,0,-2,14,10,-4,-3,-1,0,0,0,-47,-62,57,None
0,-2,0,-2,14,10,-4,-3,-1,0,0,0,-44,-62,55,None
0,-1,3,0,-37,-11,5,-1,-1,0,0,0,-44,-62,55,None
0,-1,2,4,-3,-30,-3,0,-1,0,0,0,-44,-62,55,None
0,0,0,9,10,4,1,0,0,0,0,0,-44,-62,55,None
0,0,-1,-1,-22,26,3,-2,-2,0,0,0,-44,-62,55,None
0,0,-1,-1,-22,26,3,-2,-2,0,0,0,-44,-62,55,None
0,0,-1,-1,-22,26,3,-2,-2,0,0,0,-40,-59,52,None
0,0,4,-1,4,4,0,0,-1,0,0,0,-40,-59,52,None
0,-1,-2,-4,8,-20,-5,-3,-3,0,0,0,-40,-59,52,None
0,-4,-2,-3,-3,9,-4,-3,-2,0,0,0,-40,-59,52,None
0,-1,2,1,-1,-22,1,-1,-1,0,0,0,-40,-59,52,None
0,-1,2,1,-1,-22,1,-1,-1,0,0,0,-40,-59,52,None
0,-1,2,1,-1,-22,1,-1,-1,0,0,0,-38,-54,50,None
0,-1,-1,-2,29,36,-3,-3,-2,0,0,0,-38,-54,50,None
0,-1,-4,-3,4,8,-3,0,-1,0,0,0,-38,-54,50,None
0,0,3,2,2,-4,4,-2,-1,0,0,0,-38,-54,50,None
0,0,0,3,6,10,-7,0,-1,0,0,0,-38,-54,50,None
0,0,0,3,6,10,-7,0,-1,0,0,0,-38,-54,50,None
0,0,0,3,6,10,-7,0,-1,0,0,0,-34,-48,47,None
0,1,1,0,-3,1,9,3,1,0,0,0,-34,-48,47,None
0,-6,-2,-1,10,-23,-3,-4,-3,0,0,0,-34,-48,47,None
0,-1,0,-1,4,50,7,1,-3,0,0,0,-34,-48,47,None
0,-2,-4,-4,5,-16,-3,-4,-3,0,0,0,-34,-48,47,None
0,-2,-4,-4,5,-16,-3,-4,-3,0,0,0,-34,-48,47,None
0,-2,-4,-4,5,-16,-3,-4,-3,0,0,0,-29,-44,43,None
0,-2,0,-1,0,-17,-11,-4,-3,0,0,0,-29,-44,43,None
0,2,6,3,-1,17,7,6,1,0,0,0,-29,-44,43,None
0,-2,-3,-7,17,-23,-8,-1,-1,0,0,0,-29,-44,43,None
0,-2,-3,-1,5,10,-8,-15,-2,0,0,0,-29,-44,43,None
0,-2,-3,-1,5,10,-8,-15,-2,0,0,0,-29,-44,43,None
0,-2,-3,-1,5,10,-8,-15,-2,0,0,0,-25,-41,39,None
0,-2,1,0,0,-9,3,9,-2,0,0,0,-25,-41,39,None
0,-1,2,2,6,9,4,0,1,0,0,0,-25,-41,39,None
0,-2,-1,-2,-14,-10,-11,-1,-2,0,0,0,-25,-41,39,None
0,-1,2,1,-9,1,15,4,1,0,0,0,-25,-41,39,None
0,-1,2,1,-9,1,15,4,1,0,0,0,-25,-41,39,None
0,-1,2,1,-9,1,15,4,1,0,0,0,-20,-41,33,None
0,-1,2,-2,7,5,1,-5,-1,0,0,0,-20,-41,33,None
0,-3,0,-6,-12,-6,-6,-4,-3,0,0,0,-20,-41,33,None
0,-1,0,0,1,9,-12,-4,-2,0,0,0,-20,-41,33,None
0,0,2,2,5,10,4,3,-2,0,0,0,-20,-41,33,None
0,0,2,2,5,10,4,3,-2,0,0,0,-20,-41,33,None
0,0,2,2,5,10,4,3,-2,0,0,0,-17,-48,33,None
0,-3,-4,-7,0,-14,-2,-4,-1,0,0,0,-17,-48,33,None
0,0,0,-3,2,1,-3,2,0,0,0,0,-17,-48,33,None
0,1,3,1,2,0,4,-2,0,0,0,0,-17,-48,33,None
0,0,1,-1,3,3,0,0,1,0,0,0,-17,-48,33,None
0,0,1,-1,3,3,0,0,1,0,0,0,-17,-48,33,None
0,0,1,-1,3,3,0,0,1,0,0,0,-17,-54,34,None
0,-2,-1,-2,6,-2,-3,-2,-1,0,0,0,-17,-54,34,None
0,1,1,0,5,-7,6,1,-1,0,0,0,-17,-54,34,None
0,-1,1,-1,5,14,9,-2,-2,0,0,0,-17,-54,34,None
0,-3,-2,-4,-16,-11,-9,-1,-2,0,0,0,-17,-54,34,None
0,-3,-2,-4,-16,-11,-9,-1,-2,0,0,0,-17,-54,34,None
0,-3,-2,-4,-16,-11,-9,-1,-2,0,0,0,-19,-60,30,None
0,-2,-2,-2,-5,-5,-8,-15,-2,0,0,0,-19,-60,30,None
0,-2,2,0,-3,6,-13,6,-1,0,0,0,-19,-60,30,None
0,-2,1,-3,-2,-6,12,-1,-1,0,0,0,-19,-60,30,None
0,-4,-1,-3,1,-1,-13,0,-3,0,0,0,-19,-60,30,None
0,-4,-1,-3,1,-1,-13,0,-3,0,0,0,-19,-60,30,None
0,-4,-1,-3,1,-1,-13,0,-3,0,0,0,-18,-59,19,None
0,-2,0,-2,14,-1,-1,-2,-1,0,0,0,-18,-59,19,None
0,-2,2,-1,2,6,1,-7,-4,0,0,0,-18,-59,19,None
0,-1,-2,-3,-12,-1,-2,2,-1,0,0,0,-18,-59,19,None
0,0,0,0,15,0,4,-1,-3,0,0,0,-18,-59,19,None
0,0,0,0,15,0,4,-1,-3,0,0,0,-18,-59,19,None
0,0,0,0,15,0,4,-1,-3,0,0,0,-18,-55,17,None
0,0,4,2,3,6,0,-1,-1,0,0,0,-18,-55,17,None
0,-1,-1,-2,-15,2,-4,-3,-2,0,0,0,-18,-55,17,None
0,-1,-1,-4,4,4,-2,-1,-1,0,0,0,-18,-55,17,None
0,0,2,-2,14,2,3,-1,0,0,0,0,-18,-55,17,None
0,0,2,-2,14,2,3,-1,0,0,0,0,-18,-55,17,None
0,0,2,-2,14,2,3,-1,0,0,0,0,-24,-65,21,None
0,-1,-1,-4,-6,-7,-7,1,-2,0,0,0,-24,-65,21,None
0,-1,-3,-2,1,0,-11,-7,-3,0,0,0,-24,-65,21,None
0,-2,-1,-1,24,1,8,2,-2,0,0,0,-24,-65,21,None
0,-1,4,0,-1,0,-17,-4,-2,0,0,0,-24,-65,21,None
0,-1,4,0,-1,0,-17,-4,-2,0,0,0,-24,-65,21,None
0,-1,4,0,-1,0,-17,-4,-2,0,0,0,-32,-73,25,None
0,-1,0,-4,2,2,18,10,-1,0,0,0,-32,-73,25,None
0,1,2,0,11,6,10,-1,1,0,0,0,-32,-73,25,None
0,0,2,-3,6,-1,-3,0,-3,0,0,0,-32,-73,25,None
0,-2,-1,-3,-24,-4,-9,-11,-3,0,0,0,-32,-73,25,None
0,-2,-1,-3,-24,-4,-9,-11,-3,0,0,0,-32,-73,25,None
0,-2,-1,-3,-24,-4,-9,-11,-3,0,0,0,-38,-70,17,None
0,-1,-2,-3,2,1,-3,8,-2,0,0,0,-38,-70,17,None
0,-1,1,-2,8,2,4,-4,0,0,0,0,-38,-70,17,None
0,0,1,-2,-13,-1,-4,-1,0,0,0,0,-38,-70,17,None
0,0,-1,-2,3,8,5,2,0,0,0,0,-38,-70,17,None
0,0,-1,-2,3,8,5,2,0,0,0,0,-38,-70,17,None
0,0,-1,-2,3,8,5,2,0,0,0,0,-40,-65,11,None
0,0,2,0,-1,-5,5,-8,-1,0,0,0,-40,-65,11,None
0,0,3,-1,1,-2,4,4,-1,0,0,0,-40,-65,11,None
0,-1,0,-3,-2,-1,-10,-7,-2,0,0,0,-40,-65,11,None
0,-2,2,1,1,4,11,6,1,0,0,0,-40,-65,11,None
0,-2,2,1,1,4,11,6,1,0,0,0,-40,-65,11,None
0,-2,2,1,1,4,11,6,1,0,0,0,-43,-68,33,None
0,0,2,-3,2,7,6,1,0,0,0,0,-43,-68,33,None
0,-2,-1,-2,-5,-3,-13,-3,-3,0,0,0,-43,-68,33,None
0,-1,0,1,-2,1,-9,-5,-3,0,0,0,-43,-68,33,None
0,0,1,-3,11,-2,19,5,1,0,0,0,-43,-68,33,None
0,0,1,-3,11,-2,19,5,1,0,0,0,-43,-68,33,None
0,0,1,-3,11,-2,19,5,1,0,0,0,-52,-80,29,None
0,-3,-1,-1,7,9,-14,-1,0,0,0,0,-52,-80,29,None
0,-4,-2,-4,1,1,-9,-6,-4,0,0,0,-52,-80,29,None
0,-1,3,1,0,0,9,0,-1,0,0,0,-52,-80,29,None
0,-1,0,-4,-1,-6,-7,3,-1,0,0,0,-52,-80,29,None
0,-1,0,-4,-1,-6,-7,3,-1,0,0,0,-52,-80,29,None
0,-1,0,-4,-1,-6,-7,3,-1,0,0,0,-57,-80,28,None
0,-1,0,-3,-15,-10,-4,-3,0,0,0,0,-57,-80,28,None
0,1,3,0,-12,5,8,0,0,0,0,0,-57,-80,28,None
0,-1,0,0,2,5,-3,-1,-3,0,0,0,-57,-80,28,None
0,-1,-1,-3,-26,-6,-2,-5,-2,0,0,0,-57,-80,28,None
0,-1,-1,-3,-26,-6,-2,-5,-2,0,0,0,-57,-80,28,None
0,-1,-1,-3,-26,-6,-2,-5,-2,0,0,0,-50,-72,24,None
0,-1,4,3,-5,3,10,-1,0,0,0,0,-50,-72,24,None
0,0,2,0,-1,-1,-4,-2,-1,0,0,0,-50,-72,24,None
0,-2,-3,-4,2,-1,-3,0,0,0,0,0,-50,-72,24,None
0,0,2,3,2,10,2,1,-2,0,0,0,-50,-72,24,None
0,0,2,3,2,10,2,1,-2,0,0,0,-50,-72,24,None
0,0,2,3,2,10,2,1,-2,0,0,0,-41,-76,41,None
0,0,2,-5,-20,-17,-10,-6,-3,0,0,0,-41,-76,41,None
0,-4,-2,-4,-1,1,-6,-2,-2,0,0,0,-41,-76,41,None
0,-1,2,-2,-10,10,2,5,3,0,0,0,-41,-76,41,None
0,-1,1,0,-8,6,1,-2,-2,0,0,0,-41,-76,41,None
0,-1,1,0,-8,6,1,-2,-2,0,0,0,-41,-76,41,None
0,-1,1,0,-8,6,1,-2,-2,0,0,0,-40,-93,41,None
0,-1,0,1,8,3,-8,-3,-3,0,0,0,-40,-93,41,None
0,-2,0,-3,1,-21,-4,-4,-2,0,0,0,-40,-93,41,None
0,-2,0,1,-28,2,3,-1,-2,0,0,0,-40,-93,41,None
0,-2,0,-4,18,0,-4,-3,-1,0,0,0,-40,-93,41,None
0,-2,0,-4,18,0,-4,-3,-1,0,0,0,-40,-93,41,None
0,-2,0,-4,18,0,-4,-3,-1,0,0,0,-31,-99,33,None
0,-2,-4,-5,-1,-4,-5,-2,-3,0,0,0,-31,-99,33,None
0,-1,-1,-3,-8,-4,6,-1,-2,0,0,0,-31,-99,33,None
0,-1,2,-2,-7,3,-4,-4,-3,0,0,0,-31,-99,33,None
0,-2,-3,-8,21,-4,-18,-1,-3,0,0,0,-31,-99,33,None
0,-2,-3,-8,21,-4,-18,-1,-3,0,0,0,-31,-99,33,None
0,-2,-3,-8,21,-4,-18,-1,-3,0,0,0,-16,-105,38,None
0,-1,-5,-1,-15,15,7,-2,-1,0,0,0,-16,-105,38,None
0,0,0,-1,7,-28,2,1,-2,0,0,0,-16,-105,38,None
0,-2,-4,-7,6,-4,-8,-4,-1,0,0,0,-16,-105,38,None
0,-3,-6,-3,-6,-3,-11,-7,-5,0,0,0,-16,-105,38,None
0,-3,-6,-3,-6,-3,-11,-7,-5,0,0,0,-16,-105,38,None
0,-3,-6,-3,-6,-3,-11,-7,-5,0,0,0,-12,-120,44,None
0,2,6,13,10,19,8,6,2,0,0,0,-12,-120,44,None
0,-6,-10,-19,-42,-25,-10,-5,-1,0,0,0,-12,-120,44,None
0,-2,-6,0,39,-1,-10,-3,-2,0,0,0,-12,-120,44,None
0,0,-2,0,7,-14,4,-2,-3,0,0,0,-12,-120,44,None
0,0,-2,0,7,-14,4,-2,-3,0,0,0,-12,-120,44,None
0,0,-2,0,7,-14,4,-2,-3,0,0,0,-10,-130,33,None
0,-2,0,-2,41,15,-8,-5,-2,0,0,0,-10,-130,33,None
0,-1,-2,1,7,23,-5,-3,-3,0,0,0,-10,-130,33,None
0,0,2,-3,9,18,2,-1,0,0,0,0,-10,-130,33,None
0,1,5,6,-25,-18,6,3,3,0,0,0,-10,-130,33,None
0,1,5,6,-25,-18,6,3,3,0,0,0,-10,-130,33,None
0,1,5,6,-25,-18,6,3,3,0,0,0,0,-128,23,None
0,-2,-6,-12,-6,0,-3,-2,-3,0,0,0,0,-128,23,None
0,-1,-1,-5,-66,9,-4,-3,-3,0,0,0,0,-128,23,None
0,1,2,-4,-9,-2,8,0,-1,0,0,0,0,-128,23,None
0,-2,2,-3,-10,16,4,0,1,0,0,0,0,-128,23,None
0,-2,2,-3,-10,16,4,0,1,0,0,0,0,-128,23,None
0,-2,2,-3,-10,16,4,0,1,0,0,0,8,-123,23,None
0,-5,-4,5,31,-27,-13,-3,-2,0,0,0,8,-123,23,None
0,1,1,-24,-35,7,5,2,0,0,0,0,8,-123,23,None
0,-1,1,12,8,-26,-2,0,0,0,0,0,8,-123,23,None
0,-2,-5,-9,39,33,-7,-4,-1,0,0,0,8,-123,23,None
0,-2,-5,-9,39,33,-7,-4,-1,0,0,0,8,-123,23,None
0,-2,-5,-9,39,33,-7,-4,-1,0,0,0,9,-121,26,None
0,-2,4,9,-26,-48,3,1,-1,0,0,0,9,-121,26,None
0,-2,-2,-14,-51,56,-6,-5,-5,0,0,0,9,-121,26,None
0,0,3,5,15,-32,-14,-3,0,0,0,0,9,-121,26,None
0,0,0,-25,-57,-27,10,4,2,0,0,0,9,-121,26,None
0,0,0,-25,-57,-27,10,4,2,0,0,0,9,-121,26,None
0,0,0,-25,-57,-27,10,4,2,0,0,0,11,-125,19,None
0,2,8,0,-9,1,5,-1,0,0,0,0,11,-125,19,None
0,-2,4,23,79,78,11,2,1,0,0,0,11,-125,19,None
0,-5,-4,1,-53,-85,-15,-2,-5,0,0,0,11,-125,19,None
0,0,7,11,40,27,-1,-3,-3,0,0,0,11,-125,19,None
0,0,7,11,40,27,-1,-3,-3,0,0,0,11,-125,19,None
0,0,7,11,40,27,-1,-3,-3,0,0,0,22,-135,16,None
0,-5,-12,-71,-79,-56,-9,-4,-5,0,0,0,22,-135,16,None
0,-5,-6,-9,73,-24,-13,-7,-3,0,0,0,22,-135,16,None
0,2,3,7,19,52,24,7,2,0,0,0,22,-135,16,None
0,0,0,12,-18,-24,-7,0,-2,0,0,0,22,-135,16,None
0,0,0,12,-18,-24,-7,0,-2,0,0,0,22,-135,16,None
0,0,0,12,-18,-24,-7,0,-2,0,0,0,35,-135,9,None
0,-1,0,11,22,-9,-9,-5,-4,0,0,0,35,-135,9,None
0,-1,2,3,19,34,9,0,1,0,0,0,35,-135,9,None
0,-1,4,-4,6,-65,6,9,-3,0,0,0,35,-135,9,None
0,-4,-4,-15,-69,-33,-11,-3,-4,0,0,0,35,-135,9,None
0,-4,-4,-15,-69,-33,-11,-3,-4,0,0,0,35,-135,9,None
0,-4,-4,-15,-69,-33,-11,-3,-4,0,0,0,39,-120,7,None
0,-1,-2,6,9,76,-4,-5,-1,0,0,0,39,-120,7,None
0,0,1,-5,14,-76,-4,-5,-5,0,0,0,39,-120,7,None
0,-1,2,12,2,14,10,-2,-1,0,0,0,39,-120,7,None
0,-2,-5,-6,-13,24,-4,-4,0,0,0,0,39,-120,7,None
0,-2,-5,-6,-13,24,-4,-4,0,0,0,0,39,-120,7,None
0,-2,-5,-6,-13,24,-4,-4,0,0,0,0,47,-105,9,None
0,-1,0,5,7,-11,5,3,-2,0,0,0,47,-105,9,None
0,2,8,24,39,33,-8,-4,-1,0,0,0,47,-105,9,None
0,-1,-4,-48,-23,-39,1,-2,0,0,0,0,47,-105,9,None
0,-4,0,14,-5,48,0,-3,-4,0,0,0,47,-105,9,None
0,-4,0,14,-5,48,0,-3,-4,0,0,0,47,-105,9,None
0,-4,0,14,-5,48,0,-3,-4,0,0,0,58,-111,8,None
0,1,5,-22,-2,5,8,0,3,0,0,0,58,-111,8,None
0,1,3,16,10,-24,2,5,-1,0,0,0,58,-111,8,None
0,-3,-2,-5,-26,84,-5,-19,-2,0,0,0,58,-111,8,None
0,1,3,-3,-43,-45,5,16,0,0,0,0,58,-111,8,None
0,1,3,-3,-43,-45,5,16,0,0,0,0,58,-111,8,None
0,1,3,-3,-43,-45,5,16,0,0,0,0,59,-118,3,None
0,-2,3,12,17,21,-1,-3,-2,0,0,0,59,-118,3,None
0,0,-1,-7,-2,-10,5,7,0,0,0,0,59,-118,3,None
0,-2,2,3,-1,86,-5,-2,-2,0,0,0,59,-118,3,None
0,-3,0,-3,17,13,6,-7,-2,0,0,0,59,-118,3,None
0,-3,0,-3,17,13,6,-7,-2,0,0,0,59,-118,3,None
0,-3,0,-3,17,13,6,-7,-2,0,0,0,59,-110,4,None
0,2,4,8,-20,13,0,4,2,0,0,0,59,-110,4,None
0,-3,-3,-8,-24,22,-1,-6,-3,0,0,0,59,-110,4,None
0,1,2,4,-1,7,5,2,-1,0,0,0,59,-110,4,None
0,-1,3,5,28,12,3,-4,0,0,0,0,59,-110,4,None
0,-1,3,5,28,12,3,-4,0,0,0,0,59,-110,4,None
0,-1,3,5,28,12,3,-4,0,0,0,0,71,-95,-5,None
0,-3,-4,-3,-7,10,-5,-1,-5,0,0,0,71,-95,-5,None
0,1,3,6,26,-23,3,-1,2,0,0,0,71,-95,-5,None
0,-1,0,-3,22,46,-7,-1,-1,0,0,0,71,-95,-5,None
0,-1,-2,-8,14,-15,-6,-1,-3,0,0,0,71,-95,-5,None
0,-1,-2,-8,14,-15,-6,-1,-3,0,0,0,71,-95,-5,None
0,-1,-2,-8,14,-15,-6,-1,-3,0,0,0,67,-107,-4,None
0,-1,4,7,9,22,1,-7,-2,0,0,0,67,-107,-4,None
0,-3,3,1,-75,-2,8,-1,-2,0,0,0,67,-107,-4,None
0,-1,-4,-4,40,-19,-8,-1,0,0,0,0,67,-107,-4,None
0,-1,1,-2,40,-26,-2,-2,0,0,0,0,67,-107,-4,None
0,-1,1,-2,40,-26,-2,-2,0,0,0,0,67,-107,-4,None
0,-1,1,-2,40,-26,-2,-2,0,0,0,0,67,-113,-3,None
0,1,0,2,-33,-21,0,-3,0,0,0,0,67,-113,-3,None
0,1,3,-3,-9,-2,3,0,-2,0,0,0,67,-113,-3,None
0,0,3,-1,-15,-3,-1,0,-2,0,0,0,67,-113,-3,None
0,-2,-2,-4,-5,2,0,-4,-2,0,0,0,67,-113,-3,None
0,-2,-2,-4,-5,2,0,-4,-2,0,0,0,67,-113,-3,None
0,-2,-2,-4,-5,2,0,-4,-2,0,0,0,61,-104,0,None
0,0,1,6,26,-9,0,0,1,0,0,0,61,-104,0,None
0,-3,-2,-5,23,9,-7,0,0,0,0,0,61,-104,0,None
0,-4,-3,-1,-7,4,-3,-4,-2,0,0,0,61,-104,0,None
0,0,2,3,11,6,0,-1,-1,0,0,0,61,-104,0,None
0,0,2,3,11,6,0,-1,-1,0,0,0,61,-104,0,None
0,0,2,3,11,6,0,-1,-1,0,0,0,53,-94,-4,None
0,-3,2,-4,1,-30,-6,-2,-2,0,0,0,53,-94,-4,None
0,-1,4,-5,-8,-13,-6,-1,-2,0,0,0,53,-94,-4,None
0,-2,3,4,-1,15,1,-1,-2,0,0,0,53,-94,-4,None
0,-1,-2,-4,-11,8,0,-3,-3,0,0,0,53,-94,-4,None
0,-1,-2,-4,-11,8,0,-3,-3,0,0,0,53,-94,-4,None
0,-1,-2,-4,-11,8,0,-3,-3,0,0,0,51,-91,-4,None
0,0,-5,-2,18,6,0,0,0,0,0,0,51,-91,-4,None
0,-3,-1,-6,-27,-3,0,-3,-3,0,0,0,51,-91,-4,None
0,0,1,-5,-6,-60,-6,0,-2,0,0,0,51,-91,-4,None
0,-2,-2,3,14,30,0,-1,0,0,0,0,51,-91,-4,None
0,-2,-2,3,14,30,0,-1,0,0,0,0,51,-91,-4,None
0,-2,-2,3,14,30,0,-1,0,0,0,0,52,-89,-7,None
0,-1,3,-6,3,-25,-4,-2,-2,0,0,0,52,-89,-7,None
0,1,0,0,-18,6,-1,-2,0,0,0,0,52,-89,-7,None
0,-1,-1,-2,-7,3,-2,0,0,0,0,0,52,-89,-7,None
0,0,-1,-5,-25,-12,-1,-3,-1,0,0,0,52,-89,-7,None
0,0,-1,-5,-25,-12,-1,-3,-1,0,0,0,52,-89,-7,None
0,0,-1,-5,-25,-12,-1,-3,-1,0,0,0,55,-87,-9,None
0,-1,-1,2,-11,14,1,-1,-2,0,0,0,55,-87,-9,None
0,-1,-1,-5,-2,6,2,-2,-2,0,0,0,55,-87,-9,None
0,-2,-3,0,29,18,2,0,-4,0,0,0,55,-87,-9,None
0,-1,3,-6,-40,-6,-2,-2,0,0,0,0,55,-87,-9,None
0,-1,3,-6,-40,-6,-2,-2,0,0,0,0,55,-87,-9,None
0,-1,3,-6,-40,-6,-2,-2,0,0,0,0,59,-82,-12,None
0,-1,1,-2,-4,-3,-2,-1,-1,0,0,0,59,-82,-12,None
0,1,-3,-3,-5,-20,-7,0,0,0,0,0,59,-82,-12,None
0,-1,2,-1,1,-15,-1,-3,-1,0,0,0,59,-82,-12,None
0,-1,1,0,29,10,1,-1,0,0,0,0,59,-82,-12,None
0,-1,1,0,29,10,1,-1,0,0,0,0,59,-82,-12,None
0,-1,1,0,29,10,1,-1,0,0,0,0,60,-80,-15,None
0,-1,-1,-3,1,7,-2,-1,-2,0,0,0,60,-80,-15,None
0,-2,0,1,3,-13,-3,-2,-1,0,0,0,60,-80,-15,None
0,0,2,-1,-13,10,-1,0,-1,0,0,0,60,-80,-15,None
0,-2,-1,0,11,-3,2,-2,-4,0,0,0,60,-80,-15,None
0,-2,-1,0,11,-3,2,-2,-4,0,0,0,60,-80,-15,None
0,-2,-1,0,11,-3,2,-2,-4,0,0,0,59,-79,-16,None
0,-2,-3,-4,9,-9,-4,0,-2,0,0,0,59,-79,-16,None
0,-1,2,2,7,43,4,-2,0,0,0,0,59,-79,-16,None
0,0,-1,-1,-11,-41,-1,-1,-1,0,0,0,59,-79,-16,None
0,-3,0,-4,10,9,-7,-2,-2,0,0,0,59,-79,-16,None
0,-3,0,-4,10,9,-7,-2,-2,0,0,0,59,-79,-16,None
0,-3,0,-4,10,9,-7,-2,-2,0,0,0,60,-79,-15,None
0,-2,0,0,17,-4,0,-2,-2,0,0,0,60,-79,-15,None
0,0,2,1,32,24,0,2,-1,0,0,0,60,-79,-15,None
0,-2,-2,-4,-11,-7,-3,-4,-1,0,0,0,60,-79,-15,None
0,-1,0,-2,-4,-3,-4,-1,-2,0,0,0,60,-79,-15,None
0,-1,0,-2,-4,-3,-4,-1,-2,0,0,0,60,-79,-15,None
0,-1,0,-2,-4,-3,-4,-1,-2,0,0,0,57,-79,-14,None
0,-1,2,1,3,17,3,-1,-2,0,0,0,57,-79,-14,None
0,0,2,0,-4,-17,1,0,-1,0,0,0,57,-79,-14,None
0,-2,-3,-4,-12,15,-3,-2,-3,0,0,0,57,-79,-14,None
0,1,0,0,10,-5,-1,-1,-2,0,0,0,57,-79,-14,None
0,1,0,0,10,-5,-1,-1,-2,0,0,0,57,-79,-14,None
0,1,0,0,10,-5,-1,-1,-2,0,0,0,56,-79,-12,None
0,0,2,-1,-15,8,0,-2,-2,0,0,0,56,-79,-12,None
0,-3,-3,-3,11,-4,-3,-3,-2,0,0,0,56,-79,-12,None
0,-1,1,-3,-4,-11,-6,0,-1,0,0,0,56,-79,-12,None
0,0,2,-1,3,-3,0,-1,-2,0,0,0,56,-79,-12,None
0,0,2,-1,3,-3,0,-1,-2,0,0,0,56,-79,-12,None
0,0,2,-1,3,-3,0,-1,-2,0,0,0,57,-79,-12,None
0,-2,1,-3,3,7,-2,-1,-2,0,0,0,57,-79,-12,None
0,0,1,-2,30,-29,-5,-1,-1,0,0,0,57,-79,-12,None
0,-2,-1,-3,-62,27,4,-4,-3,0,0,0,57,-79,-12,None
0,0,1,-1,-2,3,1,2,1,0,0,0,57,-79,-12,None
0,0,1,-1,-2,3,1,2,1,0,0,0,57,-79,-12,None
0,0,1,-1,-2,3,1,2,1,0,0,0,57,-79,-11,None
0,-1,-2,-4,13,-2,-5,-2,-2,0,0,0,57,-79,-11,None
0,-1,0,-3,-7,-8,-1,-2,-1,0,0,0,57,-79,-11,None
0,0,2,0,12,-13,0,-3,0,0,0,0,57,-79,-11,None
0,-2,1,-3,8,0,-4,-2,-1,0,0,0,57,-79,-11,None
0,-2,1,-3,8,0,-4,-2,-1,0,0,0,57,-79,-11,None
0,-2,1,-3,8,0,-4,-2,-1,0,0,0,57,-80,-11,None
0,-3,-1,-1,-17,2,-2,-2,-2,0,0,0,57,-80,-11,None
0,-1,0,0,-7,-5,1,-2,-1,0,0,0,57,-80,-11,None
0,0,-1,-3,18,3,-2,-1,-2,0,0,0,57,-80,-11,None
0,-3,-2,-1,-9,2,-2,-1,-2,0,0,0,57,-80,-11,None
0,-3,-2,-1,-9,2,-2,-1,-2,0,0,0,57,-80,-11,None
0,-3,-2,-1,-9,2,-2,-1,-2,0,0,0,59,-80,-11,None
0,-1,2,1,-17,-1,0,1,1,0,0,0,59,-80,-11,None
0,-3,-4,-6,-28,1,-4,-4,-4,0,0,0,59,-80,-11,None
0,-1,-2,0,24,31,9,0,-2,0,0,0,59,-80,-11,None
0,0,2,1,-8,-7,3,2,-1,0,0,0,59,-80,-11,None
0,0,2,1,-8,-7,3,2,-1,0,0,0,59,-80,-11,None
0,0,2,1,-8,-7,3,2,-1,0,0,0,58,-80,-10,None
0,-1,2,-2,1,3,0,-1,-1,0,0,0,58,-80,-10,None
0,1,2,-1,-2,-12,-3,0,2,0,0,0,58,-80,-10,None
0,-1,1,-1,-2,-11,-3,-1,0,0,0,0,58,-80,-10,None
0,-2,1,-2,1,5,1,-2,-2,0,0,0,58,-80,-10,None
0,-2,1,-2,1,5,1,-2,-2,0,0,0,58,-80,-10,None
0,-2,1,-2,1,5,1,-2,-2,0,0,0,59,-80,-10,None
0,-1,-2,-4,4,5,-3,-1,-2,0,0,0,59,-80,-10,None
0,-3,-2,-2,-3,7,0,-1,-2,0,0,0,59,-80,-10,None
0,-1,1,1,1,-4,-1,0,-1,0,0,0,59,-80,-10,None
0,-3,3,0,0,4,3,-2,-4,0,0,0,59,-80,-10,None
0,-3,3,0,0,4,3,-2,-4,0,0,0,59,-80,-10,None
0,-3,3,0,0,4,3,-2,-4,0,0,0,60,-80,-9,None
0,-1,0,-2,-6,-2,-3,-2,-1,0,0,0,60,-80,-9,None
0,1,5,7,22,-5,5,1,0,0,0,0,60,-80,-9,None
0,-4,-8,-14,9,9,-10,-7,-6,0,0,0,60,-80,-9,None
0,0,0,0,-11,5,1,0,1,0,0,0,60,-80,-9,None
0,0,0,0,-11,5,1,0,1,0,0,0,60,-80,-9,None
0,0,0,0,-11,5,1,0,1,0,0,0,58,-80,-10,None
0,-2,-2,-2,-9,9,-4,-2,-2,0,0,0,58,-80,-10,None
0,-2,0,0,7,1,2,-2,0,0,0,0,58,-80,-10,None
0,1,3,-1,3,-16,-5,1,2,0,0,0,58,-80,-10,None
0,0,1,-5,3,-5,-5,-2,-1,0,0,0,58,-80,-10,None
0,0,1,-5,3,-5,-5,-2,-1,0,0,0,58,-80,-10,None
0,0,1,-5,3,-5,-5,-2,-1,0,0,0,58,-81,-10,None
0,-1,0,-3,6,0,3,-2,-2,0,0,0,58,-81,-10,None
0,-2,1,-4,-14,5,0,-1,-2,0,0,0,58,-81,-10,None
0,-1,2,1,-4,-2,-1,1,-1,0,0,0,58,-81,-10,None
0,-1,-3,-3,-8,-4,2,-1,-1,0,0,0,58,-81,-10,None
0,-1,-3,-3,-8,-4,2,-1,-1,0,0,0,58,-81,-10,None
0,-1,-3,-3,-8,-4,2,-1,-1,0,0,0,58,-81,-11,None
0,0,2,1,-4,5,4,-2,-1,0,0,0,58,-81,-11,None
0,-3,-2,-6,2,-2,-5,-1,-3,0,0,0,58,-81,-11,None
0,0,1,1,-1,-9,-1,0,-1,0,0,0,58,-81,-11,None
0,-3,-4,-3,4,6,-6,-4,-5,0,0,0,58,-81,-11,None
0,-3,-4,-3,4,6,-6,-4,-5,0,0,0,58,-81,-11,None
0,-3,-4,-3,4,6,-6,-4,-5,0,0,0,58,-80,-11,None
0,-3,-2,-5,-4,14,2,0,-2,0,0,0,58,-80,-11,None
0,0,-2,-3,4,1,-3,-2,-2,0,0,0,58,-80,-11,None
0,-2,2,0,0,-1,5,-1,-1,0,0,0,58,-80,-11,None
0,1,4,-2,-8,-6,-2,0,2,0,0,0,58,-80,-11,None
0,1,4,-2,-8,-6,-2,0,2,0,0,0,58,-80,-11,None
0,1,4,-2,-8,-6,-2,0,2,0,0,0,57,-80,-10,None
0,0,1,-1,6,-20,-7,-2,-1,0,0,0,57,-80,-10,None
0,-2,-1,-3,-12,9,2,-2,-2,0,0,0,57,-80,-10,None
0,-1,1,0,-10,-4,0,0,-1,0,0,0,57,-80,-10,None
0,0,-1,-2,9,-10,-2,-3,-1,0,0,0,57,-80,-10,None
0,0,-1,-2,9,-10,-2,-3,-1,0,0,0,57,-80,-10,None
0,0,-1,-2,9,-10,-2,-3,-1,0,0,0,57,-80,-12,None
0,0,0,-1,3,2,0,-1,-2,0,0,0,57,-80,-12,None
0,-2,1,0,-2,2,2,0,-1,0,0,0,57,-80,-12,None
0,1,-1,-4,7,-1,-6,-1,-1,0,0,0,57,-80,-12,None
0,0,-1,-3,7,-1,-2,-1,-2,0,0,0,57,-80,-12,None
0,0,-1,-3,7,-1,-2,-1,-2,0,0,0,57,-80,-12,None
0,0,-1,-3,7,-1,-2,-1,-2,0,0,0,57,-79,-11,None
0,0,2,4,0,-2,0,-2,0,0,0,0,57,-79,-11,None
0,-2,-3,-9,-11,7,-1,-2,-3,0,0,0,57,-79,-11,None
0,-3,-1,1,-9,6,1,-1,-3,0,0,0,57,-79,-11,None
0,-3,-2,-3,-8,-2,0,-1,-2,0,0,0,57,-79,-11,None
0,-3,-2,-3,-8,-2,0,-1,-2,0,0,0,57,-79,-11,None
0,-3,-2,-3,-8,-2,0,-1,-2,0,0,0,58,-79,-12,None
0,-1,0,0,-6,7,3,0,-2,0,0,0,58,-79,-12,None
0,0,2,-1,5,-9,-6,-1,-2,0,0,0,58,-79,-12,None
0,0,2,0,3,3,-1,0,-1,0,0,0,58,-79,-12,None
0,-1,1,-2,5,-6,0,-1,-1,0,0,0,58,-79,-12,None
0,-1,1,-2,5,-6,0,-1,-1,0,0,0,58,-79,-12,None
0,-1,1,-2,5,-6,0,-1,-1,0,0,0,58,-79,-12,None
0,-1,-1,-4,2,6,-5,-2,0,0,0,0,58,-79,-12,None
0,-1,0,-2,4,5,0,-1,-2,0,0,0,58,-79,-12,None
0,0,0,-3,-2,1,-2,-2,-3,0,0,0,58,-79,-12,None
0,-1,2,-1,-4,-5,-2,0,1,0,0,0,58,-79,-12,None
0,-1,2,-1,-4,-5,-2,0,1,0,0,0,58,-79,-12,None
0,-1,2,-1,-4,-5,-2,0,1,0,0,0,58,-79,-11,None
0,-1,-1,-4,19,6,-2,-3,-2,0,0,0,58,-79,-11,None
0,0,2,2,-2,0,4,-2,0,0,0,0,58,-79,-11,None
0,0,0,-2,-8,-3,2,-1,-2,0,0,0,58,-79,-11,None
0,-1,-1,-2,3,-18,-5,-3,-2,0,0,0,58,-79,-11,None
0,-1,-1,-2,3,-18,-5,-3,-2,0,0,0,58,-79,-11,None
0,-1,-1,-2,3,-18,-5,-3,-2,0,0,0,58,-81,-11,None
0,-1,0,-3,-4,32,1,-2,-1,0,0,0,58,-81,-11,None
0,0,0,-1,-4,6,0,-1,-1,0,0,0,58,-81,-11,None
0,-1,0,-6,11,0,-7,-2,-1,0,0,0,58,-81,-11,None
0,-1,0,0,2,1,-2,-2,-1,0,0,0,58,-81,-11,None
0,-1,0,0,2,1,-2,-2,-1,0,0,0,58,-81,-11,None
0,-1,0,0,2,1,-2,-2,-1,0,0,0,56,-81,-11,None
0,0,1,-2,-9,-12,0,-1,-1,0,0,0,56,-81,-11,None
0,0,2,-1,-8,-1,-3,-2,-1,0,0,0,56,-81,-11,None
0,-1,1,-3,-7,-6,-3,0,-1,0,0,0,56,-81,-11,None
0,0,3,-1,-3,2,2,-3,-1,0,0,0,56,-81,-11,None
0,0,3,-1,-3,2,2,-3,-1,0,0,0,56,-81,-11,None
0,0,3,-1,-3,2,2,-3,-1,0,0,0,56,-82,-12,None
0,-2,-1,-2,-18,-1,0,-2,-2,0,0,0,56,-82,-12,None
0,-2,-2,-2,5,-3,-2,-1,-1,0,0,0,56,-82,-12,None
0,-1,-2,-1,-5,-1,0,-2,-1,0,0,0,56,-82,-12,None
0,-2,1,-3,2,8,0,-1,-2,0,0,0,56,-82,-12,None
0,-2,1,-3,2,8,0,-1,-2,0,0,0,56,-82,-12,None
0,-2,1,-3,2,8,0,-1,-2,0,0,0,57,-82,-12,None
0,0,0,-3,9,-14,-4,-1,-1,0,0,0,57,-82,-12,None
0,-1,0,-3,0,-5,-5,-1,-1,0,0,0,57,-82,-12,None
0,-2,-1,2,-4,-4,0,0,-1,0,0,0,57,-82,-12,None
0,-2,1,-4,10,19,-1,-1,-3,0,0,0,57,-82,-12,None
0,-2,1,-4,10,19,-1,-1,-3,0,0,0,57,-82,-12,None
0,-2,1,-4,10,19,-1,-1,-3,0,0,0,57,-80,-12,None
0,-2,-2,0,0,9,2,-2,-1,0,0,0,57,-80,-12,None
0,-1,1,0,-6,12,1,-1,-2,0,0,0,57,-80,-12,None
0,-3,0,-2,-5,-12,1,-2,-2,0,0,0,57,-80,-12,None
0,0,-1,-1,-3,-4,-3,-1,-2,0,0,0,57,-80,-12,None
0,0,-1,-1,-3,-4,-3,-1,-2,0,0,0,57,-80,-12,None
0,0,-1,-1,-3,-4,-3,-1,-2,0,0,0,57,-80,-12,None
0,0,1,-1,-2,-10,-1,0,0,0,0,0,57,-80,-12,None
0,-2,1,-2,6,-2,1,-1,-1,0,0,0,57,-80,-12,None
0,-2,1,-2,6,4,-5,-3,-2,0,0,0,57,-80,-12,None
0,-2,-1,1,-12,-11,-3,0,-2,0,0,0,57,-80,-12,None
0,-2,-1,1,-12,-11,-3,0,-2,0,0,0,57,-80,-12,None
0,-2,-1,1,-12,-11,-3,0,-2,0,0,0,58,-79,-12,None
0,-3,0,-2,23,14,2,-2,-1,0,0,0,58,-79,-12,None
0,-1,0,-2,2,-9,-3,-1,-2,0,0,0,58,-79,-12,None
0,-1,-1,-3,0,8,2,-2,0,0,0,0,58,-79,-12,None
0,0,1,-1,-10,-12,-2,-3,0,0,0,0,58,-79,-12,None
0,0,1,-1,-10,-12,-2,-3,0,0,0,0,58,-79,-12,None
0,0,1,-1,-10,-12,-2,-3,0,0,0,0,59,-80,-13,None
0,0,1,0,-3,-1,1,0,-2,0,0,0,59,-80,-13,None
0,-2,0,-2,1,2,-2,0,-1,0,0,0,59,-80,-13,None
0,-3,1,-2,0,-4,-1,-1,-2,0,0,0,59,-80,-13,None
0,0,0,-2,5,15,1,-2,-1,0,0,0,59,-80,-13,None
0,0,0,-2,5,15,1,-2,-1,0,0,0,59,-80,-13,None
0,0,0,-2,5,15,1,-2,-1,0,0,0,60,-80,-13,None
0,-1,0,-3,-16,-19,-5,0,0,0,0,0,60,-80,-13,None
0,-1,-2,-6,7,10,-3,-4,-3,0,0,0,60,-80,-13,None
0,-1,0,0,7,-1,3,-1,-2,0,0,0,60,-80,-13,None
0,-3,-1,-2,-2,5,-1,-1,-2,0,0,0,60,-80,-13,None
0,-3,-1,-2,-2,5,-1,-1,-2,0,0,0,60,-80,-13,None
0,-3,-1,-2,-2,5,-1,-1,-2,0,0,0,60,-80,-13,None
0,-3,0,0,2,2,-3,-1,-2,0,0,0,60,-80,-13,None
0,-1,3,1,-14,-15,1,-2,-1,0,0,0,60,-80,-13,None
0,-1,3,0,-12,-3,1,-2,-1,0,0,0,60,-80,-13,None
0,-2,-1,-5,10,8,-3,-2,-2,0,0,0,60,-80,-13,None
0,-2,-1,-5,10,8,-3,-2,-2,0,0,0,60,-80,-13,None
0,-2,-1,-5,10,8,-3,-2,-2,0,0,0,58,-80,-11,None
0,-2,0,-1,-8,-12,-1,-1,-1,0,0,0,58,-80,-11,None
0,0,0,0,-3,1,1,0,-2,0,0,0,58,-80,-11,None
0,0,-1,-3,10,8,-2,-2,0,0,0,0,58,-80,-11,None
0,-2,-1,-3,5,-5,0,-1,-2,0,0,0,58,-80,-11,None
0,-2,-1,-3,5,-5,0,-1,-2,0,0,0,58,-80,-11,None
0,-2,-1,-3,5,-5,0,-1,-2,0,0,0,57,-79,-10,None
0,0,0,-2,-15,-4,-3,-2,-1,0,0,0,57,-79,-10,None
0,-2,0,0,5,-11,-7,-3,-1,0,0,0,57,-79,-10,None
0,-4,-1,-1,1,25,2,-1,-1,0,0,0,57,-79,-10,None
0,-2,0,-3,-11,6,2,0,-1,0,0,0,57,-79,-10,None
0,-2,0,-3,-11,6,2,0,-1,0,0,0,57,-79,-10,None
0,-2,0,-3,-11,6,2,0,-1,0,0,0,56,-80,-10,None
0,-1,0,-1,8,2,-2,-2,-2,0,0,0,56,-80,-10,None
0,-1,0,-3,1,-7,-3,0,-1,0,0,0,56,-80,-10,None
0,0,1,-1,-16,-5,0,0,1,0,0,0,56,-80,-10,None
0,-2,2,0,5,3,0,-2,-1,0,0,0,56,-80,-10,None
0,-2,2,0,5,3,0,-2,-1,0,0,0,56,-80,-10,None
0,-2,2,0,5,3,0,-2,-1,0,0,0,57,-81,-10,None
0,0,1,-4,2,-8,-2,-1,-1,0,0,0,57,-81,-10,None
0,-1,0,-2,8,15,-1,-3,-1,0,0,0,57,-81,-10,None
0,-2,1,0,8,0,0,0,-2,0,0,0,57,-81,-10,None
0,-2,-1,-3,-11,1,-1,-2,-1,0,0,0,57,-81,-10,None
0,-2,-1,-3,-11,1,-1,-2,-1,0,0,0,57,-81,-10,None
0,-2,-1,-3,-11,1,-1,-2,-1,0,0,0,58,-81,-11,None
0,-1,1,-3,1,-6,-1,-3,-2,0,0,0,58,-81,-11,None
0,0,0,-1,-12,3,2,-1,-3,0,0,0,58,-81,-11,None
0,2,1,-1,0,3,-1,0,1,0,0,0,58,-81,-11,None
0,0,0,-1,9,2,-4,-2,-1,0,0,0,58,-81,-11,None
0,0,0,-1,9,2,-4,-2,-1,0,0,0,58,-81,-11,None
0,0,0,-1,9,2,-4,-2,-1,0,0,0,57,-81,-11,None
0,0,-2,0,13,-2,-1,-1,-2,0,0,0,57,-81,-11,None
0,0,1,-2,-16,-11,1,-1,0,0,0,0,57,-81,-11,None
0,-1,0,-2,1,3,-2,-2,-1,0,0,0,57,-81,-11,None
0,-2,-2,0,11,9,-3,-2,-2,0,0,0,57,-81,-11,None
0,-2,-2,0,11,9,-3,-2,-2,0,0,0,57,-81,-11,None
0,-2,-2,0,11,9,-3,-2,-2,0,0,0,57,-81,-12,None
0,-2,1,-1,-7,0,1,-2,-1,0,0,0,57,-81,-12,None
0,0,1,-4,10,-5,-5,-1,-1,0,0,0,57,-81,-12,None
0,-1,1,-2,0,-5,-4,-2,-2,0,0,0,57,-81,-12,None
0,-1,1,-2,-15,-9,0,-1,-2,0,0,0,57,-81,-12,None
0,-1,1,-2,-15,-9,0,-1,-2,0,0,0,57,-81,-12,None
0,-1,1,-2,-15,-9,0,-1,-2,0,0,0,57,-81,-11,None
0,-3,-2,-2,7,21,-1,-3,-4,0,0,0,57,-81,-11,None
