0,-3,-2,0,26,1,-2,1,-2,0,0,0,89,-115,12,None
0,2,0,2,16,-13,-6,-4,0,0,0,0,89,-115,12,None
0,-1,0,-4,-1,4,-6,-4,-1,0,0,0,89,-115,12,None
0,-1,0,-4,-1,4,-6,-4,-1,0,0,0,89,-115,12,None
0,-1,0,-4,-1,4,-6,-4,-1,0,0,0,85,-124,12,None
0,-4,-1,-2,2,-5,-39,-19,-7,0,0,0,85,-124,12,None
0,-1,-1,-7,-2,23,38,12,-1,0,0,0,85,-124,12,None
0,-2,-4,-5,-23,-1,6,-7,-1,0,0,0,85,-124,12,None
0,2,1,-5,-8,3,4,7,2,0,0,0,85,-124,12,None
0,2,1,-5,-8,3,4,7,2,0,0,0,85,-124,12,None
0,2,1,-5,-8,3,4,7,2,0,0,0,78,-122,13,None
0,-3,-1,1,-17,-9,2,-9,-6,0,0,0,78,-122,13,None
0,-3,1,-4,-17,8,-36,-10,-4,0,0,0,78,-122,13,None
0,1,-1,-12,-8,4,31,-13,0,0,0,0,78,-122,13,None
0,-3,0,1,0,-10,13,20,1,0,0,0,78,-122,13,None
0,-3,0,1,0,-10,13,20,1,0,0,0,78,-122,13,None
0,-3,0,1,0,-10,13,20,1,0,0,0,66,-121,10,None
0,0,-1,-7,17,10,1,1,1,0,0,0,66,-121,10,None
0,-3,-1,0,3,-25,-40,-20,-6,0,0,0,66,-121,10,None
0,1,1,0,1,-4,-15,-17,-1,0,0,0,66,-121,10,None
0,-2,-2,-4,11,-7,12,29,-1,0,0,0,66,-121,10,None
0,-2,-2,-4,11,-7,12,29,-1,0,0,0,66,-121,10,None
0,-2,-2,-4,11,-7,12,29,-1,0,0,0,62,-128,11,None
0,1,1,-5,-4,-15,72,3,3,0,0,0,62,-128,11,None
0,-3,-2,-2,16,4,-10,1,-2,0,0,0,62,-128,11,None
0,-1,-3,-2,4,-4,-30,-4,0,0,0,0,62,-128,11,None
0,0,2,2,0,21,-6,-11,-3,0,0,0,62,-128,11,None
0,0,2,2,0,21,-6,-11,-3,0,0,0,62,-128,11,None
0,0,2,2,0,21,-6,-11,-3,0,0,0,53,-126,11,None
0,-1,0,-1,4,-10,-19,0,0,0,0,0,53,-126,11,None
0,-3,-4,-3,4,5,-4,-9,-4,0,0,0,53,-126,11,None
0,-3,1,-1,-2,-12,1,9,-1,0,0,0,53,-126,11,None
0,0,0,-3,-6,8,3,-5,0,0,0,0,53,-126,11,None
0,0,0,-3,-6,8,3,-5,0,0,0,0,53,-126,11,None
0,0,0,-3,-6,8,3,-5,0,0,0,0,44,-131,12,None
0,-1,0,3,17,-4,-17,-7,-2,0,0,0,44,-131,12,None
0,-1,-1,1,-11,-4,5,-2,-1,0,0,0,44,-131,12,None
0,-1,2,-5,-9,-4,-1,-2,-6,0,0,0,44,-131,12,None
0,-1,-1,0,9,2,7,5,2,0,0,0,44,-131,12,None
0,-1,-1,0,9,2,7,5,2,0,0,0,44,-131,12,None
0,-1,-1,0,9,2,7,5,2,0,0,0,42,-128,15,None
0,-1,2,1,7,7,-13,-10,-2,0,0,0,42,-128,15,None
0,-1,0,3,-7,8,4,-1,-2,0,0,0,42,-128,15,None
0,-1,2,1,6,-6,-6,6,-3,0,0,0,42,-128,15,None
0,-1,-1,-5,-1,-9,-16,-19,-6,0,0,0,42,-128,15,None
0,-1,-1,-5,-1,-9,-16,-19,-6,0,0,0,42,-128,15,None
0,-1,-1,-5,-1,-9,-16,-19,-6,0,0,0,40,-120,14,None
0,0,-2,-3,-6,3,17,11,1,0,0,0,40,-120,14,None
0,1,2,-2,9,-8,3,2,4,0,0,0,40,-120,14,None
0,-3,-2,0,-6,14,2,5,-2,0,0,0,40,-120,14,None
0,0,3,4,-16,-8,-15,-7,-2,0,0,0,40,-120,14,None
0,0,3,4,-16,-8,-15,-7,-2,0,0,0,40,-120,14,None
0,0,3,4,-16,-8,-15,-7,-2,0,0,0,37,-114,19,None
0,-3,1,4,-12,17,-2,-9,-5,0,0,0,37,-114,19,None
0,2,3,-2,26,6,9,5,2,0,0,0,37,-114,19,None
0,-1,0,3,-37,-13,-8,-1,1,0,0,0,37,-114,19,None
0,-2,-2,-11,-25,-28,13,3,-1,0,0,0,37,-114,19,None
0,-2,-2,-11,-25,-28,13,3,-1,0,0,0,37,-114,19,None
0,-2,-2,-11,-25,-28,13,3,-1,0,0,0,31,-116,20,None
0,-4,-2,-10,-18,13,-14,-5,-2,0,0,0,31,-116,20,None
0,-1,2,1,11,-10,-7,0,1,0,0,0,31,-116,20,None
0,1,3,11,69,11,9,5,1,0,0,0,31,-116,20,None
0,-2,3,0,-28,34,5,-4,-3,0,0,0,31,-116,20,None
0,-2,3,0,-28,34,5,-4,-3,0,0,0,31,-116,20,None
0,-2,3,0,-28,34,5,-4,-3,0,0,0,27,-113,21,None
0,0,1,0,31,-23,-2,0,1,0,0,0,27,-113,21,None
0,-3,0,-2,0,3,-3,-7,-6,0,0,0,27,-113,21,None
0,0,4,-4,-32,48,11,5,2,0,0,0,27,-113,21,None
0,-3,0,0,46,-65,-8,-4,-4,0,0,0,27,-113,21,None
0,-3,0,0,46,-65,-8,-4,-4,0,0,0,27,-113,21,None
0,-3,0,0,46,-65,-8,-4,-4,0,0,0,19,-109,17,None
0,-1,1,0,-14,15,3,-3,-2,0,0,0,19,-109,17,None
0,2,4,5,-21,24,16,14,7,0,0,0,19,-109,17,None
0,-3,-1,-8,-3,-51,-2,-2,-2,0,0,0,19,-109,17,None
0,-2,-2,1,12,24,-3,2,1,0,0,0,19,-109,17,None
0,-2,-2,1,12,24,-3,2,1,0,0,0,19,-109,17,None
0,-2,-2,1,12,24,-3,2,1,0,0,0,12,-104,18,None
0,-2,-1,-12,-75,-38,-16,-8,-3,0,0,0,12,-104,18,None
0,-7,-1,-9,-15,33,-5,-9,-7,0,0,0,12,-104,18,None
0,-1,1,1,45,16,-3,2,0,0,0,0,12,-104,18,None
0,1,3,-2,1,-12,0,-4,2,0,0,0,12,-104,18,None
0,1,3,-2,1,-12,0,-4,2,0,0,0,12,-104,18,None
0,1,3,-2,1,-12,0,-4,2,0,0,0,8,-100,19,None
0,0,0,3,37,25,-6,2,4,0,0,0,8,-100,19,None
0,-2,-1,-2,-29,29,2,3,3,0,0,0,8,-100,19,None
0,0,-3,-5,22,27,2,-1,3,0,0,0,8,-100,19,None
0,0,4,2,-11,9,7,5,-4,0,0,0,8,-100,19,None
0,0,4,2,-11,9,7,5,-4,0,0,0,8,-100,19,None
0,0,4,2,-11,9,7,5,-4,0,0,0,2,-95,21,None
0,0,-1,-13,-49,-37,-13,-4,-1,0,0,0,2,-95,21,None
0,-3,-4,-2,-8,-13,-7,-6,-4,0,0,0,2,-95,21,None
0,0,2,1,3,-52,-7,-6,-8,0,0,0,2,-95,21,None
0,0,1,6,57,72,9,-7,-4,0,0,0,2,-95,21,None
0,0,1,6,57,72,9,-7,-4,0,0,0,2,-95,21,None
0,0,1,6,57,72,9,-7,-4,0,0,0,-2,-86,21,None
0,-2,-1,-11,-55,-21,-12,4,-2,0,0,0,-2,-86,21,None
0,2,1,-3,7,15,12,6,17,0,0,0,-2,-86,21,None
0,-2,-2,0,-29,-20,-6,2,4,0,0,0,-2,-86,21,None
0,0,-1,-5,-13,6,-1,2,-3,0,0,0,-2,-86,21,None
0,0,-1,-5,-13,6,-1,2,-3,0,0,0,-2,-86,21,None
0,0,-1,-5,-13,6,-1,2,-3,0,0,0,-7,-79,21,None
0,-2,-1,-1,-14,-22,1,-6,9,0,0,0,-7,-79,21,None
0,-4,1,4,22,-45,-6,-10,-12,0,0,0,-7,-79,21,None
0,-2,1,1,13,8,0,5,-5,0,0,0,-7,-79,21,None
0,-5,-1,-3,6,14,7,7,-16,0,0,0,-7,-79,21,None
0,-5,-1,-3,6,14,7,7,-16,0,0,0,-7,-79,21,None
0,-5,-1,-3,6,14,7,7,-16,0,0,0,-11,-74,22,None
0,-5,-3,2,33,51,1,-4,-10,0,0,0,-11,-74,22,None
0,3,3,-7,3,-41,-1,2,3,0,0,0,-11,-74,22,None
0,-3,-3,-11,-20,37,-2,-2,-7,0,0,0,-11,-74,22,None
0,-2,-1,-4,-18,-5,-14,-15,-16,0,0,0,-11,-74,22,None
0,-2,-1,-4,-18,-5,-14,-15,-16,0,0,0,-11,-74,22,None
0,-2,-1,-4,-18,-5,-14,-15,-16,0,0,0,-16,-67,25,None
0,-3,0,14,96,16,5,-6,8,0,0,0,-16,-67,25,None
0,0,-3,-13,-31,13,-2,0,-9,0,0,0,-16,-67,25,None
0,1,2,-5,-1,-35,0,0,11,0,0,0,-16,-67,25,None
0,-1,-3,-5,-24,-22,-6,-6,-2,0,0,0,-16,-67,25,None
0,-1,-3,-5,-24,-22,-6,-6,-2,0,0,0,-16,-67,25,None
0,-1,-3,-5,-24,-22,-6,-6,-2,0,0,0,-22,-56,28,None
0,-1,3,12,37,31,9,-1,-8,0,0,0,-22,-56,28,None
0,5,1,-2,-30,-26,-8,-9,-13,0,0,0,-22,-56,28,None
0,-4,-3,-2,-4,8,-4,2,9,0,0,0,-22,-56,28,None
0,2,10,9,18,24,0,-3,5,0,0,0,-22,-56,28,None
0,2,10,9,18,24,0,-3,5,0,0,0,-22,-56,28,None
0,2,10,9,18,24,0,-3,5,0,0,0,-26,-39,32,None
0,-6,4,1,11,-12,-7,-4,-8,0,0,0,-26,-39,32,None
0,1,-5,3,16,-23,-1,-6,-8,0,0,0,-26,-39,32,None
0,1,19,5,6,-3,-4,-1,2,0,0,0,-26,-39,32,None
0,-12,-26,-2,8,27,0,0,-29,0,0,0,-26,-39,32,None
0,-12,-26,-2,8,27,0,0,-29,0,0,0,-26,-39,32,None
0,-12,-26,-2,8,27,0,0,-29,0,0,0,-30,-30,34,None
0,-1,-6,-1,-22,6,-1,-3,-3,0,0,0,-30,-30,34,None
0,-1,1,-8,15,-25,2,5,6,0,0,0,-30,-30,34,None
0,-1,-14,-3,6,-1,0,-2,-6,0,0,0,-30,-30,34,None
0,1,16,-4,22,-40,-10,-11,12,0,0,0,-30,-30,34,None
0,1,16,-4,22,-40,-10,-11,12,0,0,0,-30,-30,34,None
0,1,16,-4,22,-40,-10,-11,12,0,0,0,-34,-25,39,None
0,5,-9,-5,-33,-32,7,4,12,0,0,0,-34,-25,39,None
0,-8,-6,-4,9,34,-3,-1,-17,0,0,0,-34,-25,39,None
0,1,4,-1,15,-11,9,16,-5,0,0,0,-34,-25,39,None
0,0,6,-1,-17,-55,-6,4,16,0,0,0,-34,-25,39,None
0,0,6,-1,-17,-55,-6,4,16,0,0,0,-34,-25,39,None
0,0,6,-1,-17,-55,-6,4,16,0,0,0,-38,-15,40,None
0,0,-2,-16,20,16,-8,-6,-21,0,0,0,-38,-15,40,None
0,0,8,5,2,10,0,-2,26,0,0,0,-38,-15,40,None
0,-3,8,13,-20,-34,-4,-16,10,0,0,0,-38,-15,40,None
0,-2,-3,-13,-34,18,1,6,-41,0,0,0,-38,-15,40,None
0,-2,-3,-13,-34,18,1,6,-41,0,0,0,-38,-15,40,None
0,-2,-3,-13,-34,18,1,6,-41,0,0,0,-41,-4,41,None
0,-4,-8,-3,17,-9,-8,-2,3,0,0,0,-41,-4,41,None
0,1,-3,2,3,20,7,3,2,0,0,0,-41,-4,41,None
0,0,-2,-7,10,75,4,-3,-11,0,0,0,-41,-4,41,None
0,-1,-3,-4,1,-11,-7,-4,11,0,0,0,-41,-4,41,None
0,-1,-3,-4,1,-11,-7,-4,11,0,0,0,-41,-4,41,None
0,-1,-3,-4,1,-11,-7,-4,11,0,0,0,-45,3,42,None
0,-1,12,3,-3,-5,4,-10,-4,0,0,0,-45,3,42,None
0,-4,0,-9,18,5,-6,4,0,0,0,0,-45,3,42,None
0,-1,-11,-8,-8,-16,-6,-2,-17,0,0,0,-45,3,42,None
0,0,8,2,8,13,8,5,15,0,0,0,-45,3,42,None
0,0,8,2,8,13,8,5,15,0,0,0,-45,3,42,None
0,0,8,2,8,13,8,5,15,0,0,0,-48,8,43,None
0,5,5,-5,-10,-10,-4,3,34,0,0,0,-48,8,43,None
0,-2,1,6,26,24,3,10,-13,0,0,0,-48,8,43,None
0,-2,-1,-8,-51,-27,-9,-9,-6,0,0,0,-48,8,43,None
0,0,-1,4,-9,25,7,1,4,0,0,0,-48,8,43,None
0,0,-1,4,-9,25,7,1,4,0,0,0,-48,8,43,None
0,0,-1,4,-9,25,7,1,4,0,0,0,-51,11,48,None
0,1,3,4,22,12,5,3,1,0,0,0,-51,11,48,None
0,-2,-1,-5,-10,-18,-9,-7,-2,0,0,0,-51,11,48,None
0,-4,5,10,59,11,-1,-2,-1,0,0,0,-51,11,48,None
0,0,-18,-29,-81,-17,-1,1,6,0,0,0,-51,11,48,None
0,0,-18,-29,-81,-17,-1,1,6,0,0,0,-51,11,48,None
0,0,-18,-29,-81,-17,-1,1,6,0,0,0,-52,6,52,None
0,-4,-7,-4,35,22,-2,-1,-11,0,0,0,-52,6,52,None
0,-2,5,0,-33,-6,-5,-2,2,0,0,0,-52,6,52,None
0,2,3,3,4,-2,3,1,-8,0,0,0,-52,6,52,None
0,2,4,4,18,5,1,-4,12,0,0,0,-52,6,52,None
0,2,4,4,18,5,1,-4,12,0,0,0,-52,6,52,None
0,2,4,4,18,5,1,-4,12,0,0,0,-53,4,52,None
0,0,8,4,20,-6,-4,2,-9,0,0,0,-53,4,52,None
0,-2,-5,-8,-4,13,7,1,-1,0,0,0,-53,4,52,None
0,-3,-3,-10,-16,3,-3,-5,1,0,0,0,-53,4,52,None
0,0,5,0,10,-8,-3,0,0,0,0,0,-53,4,52,None
0,0,5,0,10,-8,-3,0,0,0,0,0,-53,4,52,None
0,0,5,0,10,-8,-3,0,0,0,0,0,-56,17,59,None
0,-1,1,-4,-16,8,-1,1,-6,0,0,0,-56,17,59,None
0,1,7,6,-4,-23,1,-3,-1,0,0,0,-56,17,59,None
0,-2,-4,-4,-13,6,-1,-2,0,0,0,0,-56,17,59,None
0,0,2,2,44,-4,-11,-3,2,0,0,0,-56,17,59,None
0,0,2,2,44,-4,-11,-3,2,0,0,0,-56,17,59,None
0,0,2,2,44,-4,-11,-3,2,0,0,0,-63,19,61,None
0,-4,-1,-4,-10,-2,-1,0,-10,0,0,0,-63,19,61,None
0,-1,0,-2,-4,-62,-7,-6,1,0,0,0,-63,19,61,None
0,-1,0,1,-20,15,12,1,-1,0,0,0,-63,19,61,None
0,-3,4,4,1,7,-9,-4,-3,0,0,0,-63,19,61,None
0,-3,4,4,1,7,-9,-4,-3,0,0,0,-63,19,61,None
0,-3,4,4,1,7,-9,-4,-3,0,0,0,-66,13,64,None
0,-2,7,-1,-48,14,4,-2,-2,0,0,0,-66,13,64,None
0,0,-12,-6,2,25,-7,-4,0,0,0,0,-66,13,64,None
0,-3,2,-10,35,-15,-23,-6,-4,0,0,0,-66,13,64,None
0,3,3,10,-14,-10,37,8,6,0,0,0,-66,13,64,None
0,3,3,10,-14,-10,37,8,6,0,0,0,-66,13,64,None
0,3,3,10,-14,-10,37,8,6,0,0,0,-69,0,67,None
0,-5,11,11,12,2,-7,-4,-7,0,0,0,-69,0,67,None
0,1,-2,-12,47,0,1,-1,2,0,0,0,-69,0,67,None
0,-2,26,6,-40,2,-1,-4,-5,0,0,0,-69,0,67,None
0,-6,-11,-11,-22,46,-14,-4,-1,0,0,0,-69,0,67,None
0,-6,-11,-11,-22,46,-14,-4,-1,0,0,0,-69,0,67,None
0,-6,-11,-11,-22,46,-14,-4,-1,0,0,0,-73,-6,69,None
0,-2,-1,0,4,-46,3,0,-2,0,0,0,-73,-6,69,None
0,3,4,1,-3,72,-10,-6,-4,0,0,0,-73,-6,69,None
0,3,1,5,21,-8,6,3,4,0,0,0,-73,-6,69,None
0,-2,5,-1,4,-10,-17,-6,-4,0,0,0,-73,-6,69,None
0,-2,5,-1,4,-10,-17,-6,-4,0,0,0,-73,-6,69,None
0,-2,5,-1,4,-10,-17,-6,-4,0,0,0,-74,2,72,None
0,2,0,-4,14,0,2,-1,0,0,0,0,-74,2,72,None
0,-6,1,6,-31,-22,-5,-5,-7,0,0,0,-74,2,72,None
0,3,9,-17,5,-5,-1,-1,-2,0,0,0,-74,2,72,None
0,-1,-29,-19,-21,9,4,3,4,0,0,0,-74,2,72,None
0,-1,-29,-19,-21,9,4,3,4,0,0,0,-74,2,72,None
0,-1,-29,-19,-21,9,4,3,4,0,0,0,-79,6,72,None
0,-2,-6,-4,-20,-11,-4,1,0,0,0,0,-79,6,72,None
0,2,2,-6,-1,4,3,-4,-2,0,0,0,-79,6,72,None
0,-5,-6,-12,-9,24,1,-1,-4,0,0,0,-79,6,72,None
0,0,-3,12,21,-8,3,4,2,0,0,0,-79,6,72,None
0,0,-3,12,21,-8,3,4,2,0,0,0,-79,6,72,None
0,0,-3,12,21,-8,3,4,2,0,0,0,-80,5,76,None
0,2,2,2,-21,-27,-4,-5,-2,0,0,0,-80,5,76,None
0,-4,1,-1,23,23,2,3,2,0,0,0,-80,5,76,None
0,1,-7,3,-3,8,0,-4,-2,0,0,0,-80,5,76,None
0,2,16,-5,9,-14,-8,-8,-7,0,0,0,-80,5,76,None
0,2,16,-5,9,-14,-8,-8,-7,0,0,0,-80,5,76,None
0,2,16,-5,9,-14,-8,-8,-7,0,0,0,-79,5,80,None
0,-5,21,11,13,23,-8,-5,-8,0,0,0,-79,5,80,None
0,1,-51,-6,-26,11,23,17,17,0,0,0,-79,5,80,None
0,-6,5,-8,7,-11,-10,-6,-5,0,0,0,-79,5,80,None
0,-2,-19,8,6,9,7,1,3,0,0,0,-79,5,80,None
0,-2,-19,8,6,9,7,1,3,0,0,0,-79,5,80,None
0,-2,-19,8,6,9,7,1,3,0,0,0,-82,6,82,None
0,-1,5,-16,1,-6,-7,-3,-6,0,0,0,-82,6,82,None
0,-1,35,-1,-8,-8,-7,-9,-12,0,0,0,-82,6,82,None
0,-1,-14,-4,24,3,4,2,5,0,0,0,-82,6,82,None
0,-24,24,-50,-23,-43,-42,-31,-32,0,0,0,-82,6,82,None
0,-24,24,-50,-23,-43,-42,-31,-32,0,0,0,-82,6,82,None
0,-24,24,-50,-23,-43,-42,-31,-32,0,0,0,-85,10,83,None
0,2,-36,13,-3,18,21,15,12,0,0,0,-85,10,83,None
0,-4,26,24,-4,-4,-8,-8,-7,0,0,0,-85,10,83,None
0,-7,-18,-13,-8,-15,1,1,2,0,0,0,-85,10,83,None
0,-2,18,0,37,-13,-8,-6,-5,0,0,0,-85,10,83,None
0,-2,18,0,37,-13,-8,-6,-5,0,0,0,-85,10,83,None
0,-2,18,0,37,-13,-8,-6,-5,0,0,0,-86,14,82,None
0,2,0,-5,-47,5,-4,-1,-3,0,0,0,-86,14,82,None
0,-3,9,-13,-15,-10,-4,-4,-5,0,0,0,-86,14,82,None
0,-3,9,1,0,-4,-4,-5,-7,0,0,0,-86,14,82,None
0,4,-4,13,-1,26,7,6,6,0,0,0,-86,14,82,None
0,4,-4,13,-1,26,7,6,6,0,0,0,-86,14,82,None
0,4,-4,13,-1,26,7,6,6,0,0,0,-87,13,79,None
0,-6,9,-13,-14,-4,-5,-6,-6,0,0,0,-87,13,79,None
0,7,-19,20,19,7,12,7,9,0,0,0,-87,13,79,None
0,3,10,1,12,-16,0,1,0,0,0,0,-87,13,79,None
0,3,10,11,32,17,8,4,3,0,0,0,-87,13,79,None
0,3,10,11,32,17,8,4,3,0,0,0,-87,13,79,None
0,3,10,11,32,17,8,4,3,0,0,0,-85,7,74,None
0,-4,-26,-15,-43,-6,1,0,1,0,0,0,-85,7,74,None
0,-5,13,-4,25,-2,-7,-5,-5,0,0,0,-85,7,74,None
0,0,-14,-11,1,-11,-1,-3,-1,0,0,0,-85,7,74,None
0,2,-28,-11,-32,-11,12,10,9,0,0,0,-85,7,74,None
0,2,-28,-11,-32,-11,12,10,9,0,0,0,-85,7,74,None
0,2,-28,-11,-32,-11,12,10,9,0,0,0,-80,-1,70,None
0,-2,13,2,39,-8,-9,-6,-7,0,0,0,-80,-1,70,None
0,-3,-6,-3,-22,-3,-1,-3,-1,0,0,0,-80,-1,70,None
0,-2,4,1,-10,10,2,-2,-2,0,0,0,-80,-1,70,None
0,0,7,-5,-12,-20,-2,1,-1,0,0,0,-80,-1,70,None
0,0,7,-5,-12,-20,-2,1,-1,0,0,0,-80,-1,70,None
0,0,7,-5,-12,-20,-2,1,-1,0,0,0,-76,-10,65,None
0,1,-7,16,40,20,2,5,5,0,0,0,-76,-10,65,None
0,1,9,-24,14,0,-9,-5,-4,0,0,0,-76,-10,65,None
0,5,-26,22,7,10,10,10,9,0,0,0,-76,-10,65,None
0,-1,8,6,-3,15,-6,-5,-5,0,0,0,-76,-10,65,None
0,-1,8,6,-3,15,-6,-5,-5,0,0,0,-76,-10,65,None
0,-1,8,6,-3,15,-6,-5,-5,0,0,0,-73,-17,61,None
0,8,6,30,24,-9,10,5,6,0,0,0,-73,-17,61,None
0,-6,7,6,-33,-14,0,0,-7,0,0,0,-73,-17,61,None
0,-1,4,-6,-17,-7,-5,-4,-3,0,0,0,-73,-17,61,None
0,-2,-5,-4,15,7,1,-1,1,0,0,0,-73,-17,61,None
0,-2,-5,-4,15,7,1,-1,1,0,0,0,-73,-17,61,None
0,-2,-5,-4,15,7,1,-1,1,0,0,0,-72,-25,56,None
0,-1,-2,-17,-59,-18,-4,-6,-14,0,0,0,-72,-25,56,None
0,3,-1,1,74,9,-2,-7,28,0,0,0,-72,-25,56,None
0,-2,5,-8,-81,-19,-3,16,-14,0,0,0,-72,-25,56,None
0,-2,-8,2,-2,10,3,-2,1,0,0,0,-72,-25,56,None
0,-2,-8,2,-2,10,3,-2,1,0,0,0,-72,-25,56,None
0,-2,-8,2,-2,10,3,-2,1,0,0,0,-68,-34,49,None
0,0,7,-9,23,35,1,-1,-6,0,0,0,-68,-34,49,None
0,-3,-5,6,-26,-24,-15,-11,2,0,0,0,-68,-34,49,None
0,1,-3,28,56,-16,2,2,4,0,0,0,-68,-34,49,None
0,0,0,-7,3,11,3,2,2,0,0,0,-68,-34,49,None
0,0,0,-7,3,11,3,2,2,0,0,0,-68,-34,49,None
0,0,0,-7,3,11,3,2,2,0,0,0,-60,-39,44,None
0,-2,-7,-3,6,2,1,0,4,0,0,0,-60,-39,44,None
0,1,0,24,-61,-14,2,1,-10,0,0,0,-60,-39,44,None
0,-2,16,-27,-4,24,1,-9,-1,0,0,0,-60,-39,44,None
0,4,-10,11,14,-3,6,4,1,0,0,0,-60,-39,44,None
0,4,-10,11,14,-3,6,4,1,0,0,0,-60,-39,44,None
0,4,-10,11,14,-3,6,4,1,0,0,0,-50,-46,47,None
0,-3,-1,-12,16,7,-2,-3,3,0,0,0,-50,-46,47,None
0,-1,-3,-11,-16,16,1,4,-4,0,0,0,-50,-46,47,None
0,-3,10,21,41,-13,-3,-8,-6,0,0,0,-50,-46,47,None
0,2,10,44,12,29,0,0,5,0,0,0,-50,-46,47,None
0,2,10,44,12,29,0,0,5,0,0,0,-50,-46,47,None
0,2,10,44,12,29,0,0,5,0,0,0,-40,-56,48,None
0,-3,3,-27,-20,-10,-7,-5,-8,0,0,0,-40,-56,48,None
0,-1,11,-13,13,-27,-5,-1,-5,0,0,0,-40,-56,48,None
0,-1,-8,-4,16,32,0,-1,-5,0,0,0,-40,-56,48,None
0,-2,1,-15,24,-27,-6,-11,-12,0,0,0,-40,-56,48,None
0,-2,1,-15,24,-27,-6,-11,-12,0,0,0,-40,-56,48,None
0,-2,1,-15,24,-27,-6,-11,-12,0,0,0,-30,-56,38,None
0,-3,-2,-45,-1,7,-2,-3,-3,0,0,0,-30,-56,38,None
0,-1,-7,31,64,57,2,8,7,0,0,0,-30,-56,38,None
0,-1,1,-17,16,-36,-5,-5,-2,0,0,0,-30,-56,38,None
0,-3,-5,-2,-65,8,-1,-1,-1,0,0,0,-30,-56,38,None
0,-3,-5,-2,-65,8,-1,-1,-1,0,0,0,-30,-56,38,None
0,-3,-5,-2,-65,8,-1,-1,-1,0,0,0,-25,-56,29,None
0,1,12,16,-38,3,-2,-1,-3,0,0,0,-25,-56,29,None
0,-2,1,-52,18,-5,-2,-6,-11,0,0,0,-25,-56,29,None
0,-1,5,16,-43,11,2,1,5,0,0,0,-25,-56,29,None
0,0,-2,2,19,4,1,3,0,0,0,0,-25,-56,29,None
0,0,-2,2,19,4,1,3,0,0,0,0,-25,-56,29,None
0,0,-2,2,19,4,1,3,0,0,0,0,-29,-60,41,None
0,-1,9,42,63,-40,-9,-3,1,0,0,0,-29,-60,41,None
0,-2,-6,-12,-40,3,0,-5,-7,0,0,0,-29,-60,41,None
0,-16,-7,-19,-5,-7,-3,-3,1,0,0,0,-29,-60,41,None
0,2,-1,29,6,8,-3,1,0,0,0,0,-29,-60,41,None
0,2,-1,29,6,8,-3,1,0,0,0,0,-29,-60,41,None
0,2,-1,29,6,8,-3,1,0,0,0,0,-33,-64,45,None
0,0,1,-6,14,-4,0,0,0,0,0,0,-33,-64,45,None
0,-2,-2,-26,-5,-1,2,2,-2,0,0,0,-33,-64,45,None
0,4,-9,-3,24,16,1,4,2,0,0,0,-33,-64,45,None
0,-3,8,-32,19,-9,-6,-4,-4,0,0,0,-33,-64,45,None
0,-3,8,-32,19,-9,-6,-4,-4,0,0,0,-33,-64,45,None
0,-3,8,-32,19,-9,-6,-4,-4,0,0,0,-42,-65,48,None
0,-1,0,-9,-7,-25,-4,-1,2,0,0,0,-42,-65,48,None
0,-2,-21,47,-9,29,3,0,-3,0,0,0,-42,-65,48,None
0,0,-1,-17,23,20,-3,-4,-1,0,0,0,-42,-65,48,None
0,-3,3,-16,8,-19,-3,-2,-1,0,0,0,-42,-65,48,None
0,-3,3,-16,8,-19,-3,-2,-1,0,0,0,-42,-65,48,None
0,-3,3,-16,8,-19,-3,-2,-1,0,0,0,-55,-70,51,None
0,1,2,30,-5,17,4,0,0,0,0,0,-55,-70,51,None
0,0,9,-9,34,-16,-5,-3,-4,0,0,0,-55,-70,51,None
0,0,4,-4,-20,-35,-2,-1,-2,0,0,0,-55,-70,51,None
0,-1,0,11,-33,31,1,1,0,0,0,0,-55,-70,51,None
0,-1,0,11,-33,31,1,1,0,0,0,0,-55,-70,51,None
0,-1,0,11,-33,31,1,1,0,0,0,0,-62,-76,54,None
0,-4,-4,-46,50,7,-4,-5,-6,0,0,0,-62,-76,54,None
0,-3,-16,15,2,-4,2,0,0,0,0,0,-62,-76,54,None
0,0,1,-2,1,8,4,0,0,0,0,0,-62,-76,54,None
0,0,1,-16,3,-15,-2,-1,-2,0,0,0,-62,-76,54,None
0,0,1,-16,3,-15,-2,-1,-2,0,0,0,-62,-76,54,None
0,0,1,-16,3,-15,-2,-1,-2,0,0,0,-64,-75,54,None
0,-1,0,-8,11,18,-3,-2,0,0,0,0,-64,-75,54,None
0,-2,6,1,-17,-13,-1,-1,-3,0,0,0,-64,-75,54,None
0,2,-1,10,-4,-13,3,0,1,0,0,0,-64,-75,54,None
0,-1,1,-4,5,34,-1,-2,-2,0,0,0,-64,-75,54,None
0,-1,1,-4,5,34,-1,-2,-2,0,0,0,-64,-75,54,None
0,-1,1,-4,5,34,-1,-2,-2,0,0,0,-64,-69,51,None
0,-1,1,13,-17,17,-7,0,0,0,0,0,-64,-69,51,None
0,-4,-2,-10,-20,-7,-1,-4,-3,0,0,0,-64,-69,51,None
0,1,1,-2,29,3,-3,-2,-3,0,0,0,-64,-69,51,None
0,-1,6,-5,6,-29,-7,-3,-2,0,0,0,-64,-69,51,None
0,-1,6,-5,6,-29,-7,-3,-2,0,0,0,-64,-69,51,None
0,-1,6,-5,6,-29,-7,-3,-2,0,0,0,-62,-65,50,None
0,-3,-2,-2,1,1,2,1,-1,0,0,0,-62,-65,50,None
0,1,7,-10,27,15,-1,0,0,0,0,0,-62,-65,50,None
0,2,1,-6,7,8,-1,-3,0,0,0,0,-62,-65,50,None
0,-3,-1,-6,-17,-13,3,0,-1,0,0,0,-62,-65,50,None
0,-3,-1,-6,-17,-13,3,0,-1,0,0,0,-62,-65,50,None
0,-3,-1,-6,-17,-13,3,0,-1,0,0,0,-56,-63,45,None
0,-1,-2,4,-7,7,5,1,0,0,0,0,-56,-63,45,None
0,-1,2,-3,-4,-4,-7,-4,-2,0,0,0,-56,-63,45,None
0,-2,2,2,-25,8,-1,-2,-2,0,0,0,-56,-63,45,None
0,-1,2,0,-3,-6,-8,-2,-3,0,0,0,-56,-63,45,None
0,-1,2,0,-3,-6,-8,-2,-3,0,0,0,-56,-63,45,None
0,-1,2,0,-3,-6,-8,-2,-3,0,0,0,-44,-57,41,None
0,-2,1,1,5,0,6,3,-1,0,0,0,-44,-57,41,None
0,1,6,-5,8,-2,3,-1,-1,0,0,0,-44,-57,41,None
0,0,-1,-3,-15,12,3,0,0,0,0,0,-44,-57,41,None
0,-1,0,-5,14,-21,-1,-2,0,0,0,0,-44,-57,41,None
0,-1,0,-5,14,-21,-1,-2,0,0,0,0,-44,-57,41,None
0,-1,0,-5,14,-21,-1,-2,0,0,0,0,-36,-54,40,None
0,-2,-1,-3,11,2,-7,-3,-1,0,0,0,-36,-54,40,None
0,-2,-1,-8,-13,1,-1,-2,-3,0,0,0,-36,-54,40,None
0,-1,-1,1,2,9,-3,-6,-3,0,0,0,-36,-54,40,None
0,0,2,-2,-3,-8,1,3,-1,0,0,0,-36,-54,40,None
0,0,2,-2,-3,-8,1,3,-1,0,0,0,-36,-54,40,None
0,0,2,-2,-3,-8,1,3,-1,0,0,0,-29,-59,36,None
0,1,1,0,-11,-3,0,-2,-1,0,0,0,-29,-59,36,None
0,-1,1,-1,4,0,2,4,-1,0,0,0,-29,-59,36,None
0,-1,1,-1,1,2,-7,-7,-2,0,0,0,-29,-59,36,None
0,-1,1,-4,0,0,2,-2,0,0,0,0,-29,-59,36,None
0,-1,1,-4,0,0,2,-2,0,0,0,0,-29,-59,36,None
0,-1,1,-4,0,0,2,-2,0,0,0,0,-26,-59,34,None
0,-1,-2,-2,0,-6,-3,-3,-1,0,0,0,-26,-59,34,None
0,0,1,-3,5,7,-5,-3,0,0,0,0,-26,-59,34,None
0,-1,-1,-5,-4,-1,-2,1,-4,0,0,0,-26,-59,34,None
0,-1,0,-3,4,5,1,0,-1,0,0,0,-26,-59,34,None
0,-1,0,-3,4,5,1,0,-1,0,0,0,-26,-59,34,None
0,-1,0,-3,4,5,1,0,-1,0,0,0,-23,-52,25,None
0,0,1,0,-4,-2,1,-2,0,0,0,0,-23,-52,25,None
0,-2,0,-4,-7,-1,-5,-1,-2,0,0,0,-23,-52,25,None
0,0,1,-2,-1,-7,0,-3,-1,0,0,0,-23,-52,25,None
0,-2,1,2,4,-1,1,-2,-3,0,0,0,-23,-52,25,None
0,-2,1,2,4,-1,1,-2,-3,0,0,0,-23,-52,25,None
0,-2,1,2,4,-1,1,-2,-3,0,0,0,-19,-50,25,None
0,-1,-1,-2,-8,3,-5,-3,-3,0,0,0,-19,-50,25,None
0,-1,0,-2,5,-4,-1,-2,-1,0,0,0,-19,-50,25,None
0,1,1,0,9,6,2,1,-1,0,0,0,-19,-50,25,None
0,-2,-1,-4,-12,4,0,-1,-2,0,0,0,-19,-50,25,None
0,-2,-1,-4,-12,4,0,-1,-2,0,0,0,-19,-50,25,None
0,-2,-1,-4,-12,4,0,-1,-2,0,0,0,-24,-58,30,None
0,-2,0,-4,-9,-7,-7,-4,-2,0,0,0,-24,-58,30,None
0,1,1,-3,9,-1,0,-4,-3,0,0,0,-24,-58,30,None
0,2,-1,10,-4,-13,3,0,1,0,0,0,-24,-58,30,None
0,-1,1,-4,5,34,-1,-2,-2,0,0,0,-24,-58,30,None
0,-1,1,-4,5,34,-1,-2,-2,0,0,0,-24,-58,30,None
0,-1,1,-4,5,34,-1,-2,-2,0,0,0,-64,-69,51,None
0,-1,1,13,-17,17,-7,0,0,0,0,0,-64,-69,51,None
0,-4,-2,-10,-20,-7,-1,-4,-3,0,0,0,-64,-69,51,None
0,1,1,-2,29,3,-3,-2,-3,0,0,0,-64,-69,51,None
0,-1,6,-5,6,-29,-7,-3,-2,0,0,0,-64,-69,51,None
0,-1,6,-5,6,-29,-7,-3,-2,0,0,0,-64,-69,51,None
0,-1,6,-5,6,-29,-7,-3,-2,0,0,0,-62,-65,50,None
0,-2,0,-1,0,11,2,12,2,0,0,0,-62,-65,50,None
0,-4,-1,-3,-10,-6,0,-5,-2,0,0,0,-62,-65,50,None
0,-4,-1,-3,-10,-6,0,-5,-2,0,0,0,-62,-65,50,None
0,-4,-1,-3,-10,-6,0,-5,-2,0,0,0,-33,-68,27,None
0,-2,-2,-1,-6,2,4,4,0,0,0,0,-33,-68,27,None
0,-1,3,0,10,-1,-3,-4,-2,0,0,0,-33,-68,27,None
0,-2,-2,-3,-8,-2,-5,-4,-2,0,0,0,-33,-68,27,None
0,-1,0,-3,2,4,-6,-4,-2,0,0,0,-33,-68,27,None
0,-1,0,-3,2,4,-6,-4,-2,0,0,0,-33,-68,27,None
0,-1,0,-3,2,4,-6,-4,-2,0,0,0,-33,-63,15,None
0,0,0,-3,13,0,3,0,0,0,0,0,-33,-63,15,None
0,-1,-1,-4,-1,0,1,2,0,0,0,0,-33,-63,15,None
0,-2,0,-3,-9,-2,-3,-4,-2,0,0,0,-33,-63,15,None
0,0,1,-1,11,5,4,2,0,0,0,0,-33,-63,15,None
0,0,1,-1,11,5,4,2,0,0,0,0,-33,-63,15,None
0,0,1,-1,11,5,4,2,0,0,0,0,-30,-55,20,None
0,-1,0,-3,6,-1,-4,-1,0,0,0,0,-30,-55,20,None
0,0,-1,-1,-3,-1,0,0,-1,0,0,0,-30,-55,20,None
0,-1,0,0,3,2,-1,-3,-2,0,0,0,-30,-55,20,None
0,-1,1,0,10,1,-1,0,-1,0,0,0,-30,-55,20,None
0,-1,1,0,10,1,-1,0,-1,0,0,0,-30,-55,20,None
0,-1,1,0,10,1,-1,0,-1,0,0,0,-34,-57,23,None
0,1,2,0,-8,0,0,-3,-1,0,0,0,-34,-57,23,None
0,-1,0,-2,-3,5,-1,0,-2,0,0,0,-34,-57,23,None
0,-1,3,1,1,1,-9,-6,-3,0,0,0,-34,-57,23,None
0,-1,0,-3,4,-3,9,5,2,0,0,0,-34,-57,23,None
0,-1,0,-3,4,-3,9,5,2,0,0,0,-34,-57,23,None
0,-1,0,-3,4,-3,9,5,2,0,0,0,-47,-69,25,None
0,-2,-1,-4,-7,5,1,-4,-2,0,0,0,-47,-69,25,None
0,-1,2,0,-6,-3,-5,-3,-2,0,0,0,-47,-69,25,None
0,-1,0,-3,1,3,1,2,0,0,0,0,-47,-69,25,None
0,-3,-1,-1,-16,-6,-9,-6,-5,0,0,0,-47,-69,25,None
0,-3,-1,-1,-16,-6,-9,-6,-5,0,0,0,-47,-69,25,None
0,-3,-1,-1,-16,-6,-9,-6,-5,0,0,0,-54,-69,19,None
0,0,0,-2,-9,3,11,5,1,0,0,0,-54,-69,19,None
0,0,2,-2,4,0,2,1,-1,0,0,0,-54,-69,19,None
0,-2,-1,-2,-5,0,-4,0,0,0,0,0,-54,-69,19,None
0,1,2,-1,-6,1,4,-1,-1,0,0,0,-54,-69,19,None
0,1,2,-1,-6,1,4,-1,-1,0,0,0,-54,-69,19,None
0,1,2,-1,-6,1,4,-1,-1,0,0,0,-49,-65,18,None
0,-1,1,0,-15,-7,-6,-3,-3,0,0,0,-49,-65,18,None
0,-3,-1,-3,8,-5,-11,-9,-6,0,0,0,-49,-65,18,None
0,1,1,-3,-24,4,12,6,3,0,0,0,-49,-65,18,None
0,0,1,-2,37,3,-2,0,-2,0,0,0,-49,-65,18,None
0,0,1,-2,37,3,-2,0,-2,0,0,0,-49,-65,18,None
0,0,1,-2,37,3,-2,0,-2,0,0,0,-45,-71,23,None
0,-2,-1,-5,-10,-2,-5,-6,-1,0,0,0,-45,-71,23,None
0,-2,0,-1,33,2,-2,0,0,0,0,0,-45,-71,23,None
0,0,1,-5,-34,-8,0,-3,-3,0,0,0,-45,-71,23,None
0,-4,-2,-3,3,3,-6,-6,-4,0,0,0,-45,-71,23,None
0,-4,-2,-3,3,3,-6,-6,-4,0,0,0,-45,-71,23,None
0,-4,-2,-3,3,3,-6,-6,-4,0,0,0,-56,-81,44,None
0,1,2,2,10,1,-2,-3,-2,0,0,0,-56,-81,44,None
0,0,1,1,-5,0,-6,2,0,0,0,0,-56,-81,44,None
0,-2,-4,4,9,6,14,-2,-1,0,0,0,-56,-81,44,None
0,-1,-2,-8,14,-6,-4,-3,-1,0,0,0,-56,-81,44,None
0,-1,-2,-8,14,-6,-4,-3,-1,0,0,0,-56,-81,44,None
0,-1,-2,-8,14,-6,-4,-3,-1,0,0,0,-66,-79,46,None
0,-2,2,-3,-2,-8,-12,-2,-3,0,0,0,-66,-79,46,None
0,-1,0,11,-19,6,7,0,-1,0,0,0,-66,-79,46,None
0,-2,0,-8,11,13,-15,-4,-2,0,0,0,-66,-79,46,None
0,-2,0,0,11,-6,-2,-1,-1,0,0,0,-66,-79,46,None
0,-2,0,0,11,-6,-2,-1,-1,0,0,0,-66,-79,46,None
0,-2,0,0,11,-6,-2,-1,-1,0,0,0,-55,-71,44,None
0,-2,0,4,31,7,5,-4,-4,0,0,0,-55,-71,44,None
0,1,0,-12,-45,-12,-5,0,0,0,0,0,-55,-71,44,None
0,-1,1,7,38,-5,-5,-3,-2,0,0,0,-55,-71,44,None
0,-1,-3,-6,-37,25,-2,-4,-3,0,0,0,-55,-71,44,None
0,-1,-3,-6,-37,25,-2,-4,-3,0,0,0,-55,-71,44,None
0,-1,-3,-6,-37,25,-2,-4,-3,0,0,0,-34,-87,46,None
0,0,1,-5,25,1,-2,3,1,0,0,0,-34,-87,46,None
0,-2,-3,-3,19,16,0,-3,-1,0,0,0,-34,-87,46,None
0,1,0,2,11,-3,-1,-4,-2,0,0,0,-34,-87,46,None
0,0,0,-2,-2,-15,0,2,1,0,0,0,-34,-87,46,None
0,0,0,-2,-2,-15,0,2,1,0,0,0,-34,-87,46,None
0,0,0,-2,-2,-15,0,2,1,0,0,0,-20,-110,44,None
0,-2,-4,-6,-11,-1,-3,-1,-2,0,0,0,-20,-110,44,None
0,1,4,1,40,-8,5,-1,1,0,0,0,-20,-110,44,None
0,-3,0,2,-11,0,-3,-1,-2,0,0,0,-20,-110,44,None
0,-1,-1,-11,-37,12,0,0,-2,0,0,0,-20,-110,44,None
0,-1,-1,-11,-37,12,0,0,-2,0,0,0,-20,-110,44,None
0,-1,-1,-11,-37,12,0,0,-2,0,0,0,-11,-122,31,None
0,-2,-3,0,25,-5,-3,-1,-2,0,0,0,-11,-122,31,None
0,0,4,1,12,33,9,0,-3,0,0,0,-11,-122,31,None
0,-1,-1,-6,46,-7,8,1,-2,0,0,0,-11,-122,31,None
0,0,-2,2,32,9,2,0,-2,0,0,0,-11,-122,31,None
0,0,-2,2,32,9,2,0,-2,0,0,0,-11,-122,31,None
0,0,-2,2,32,9,2,0,-2,0,0,0,0,-123,32,None
0,-2,-3,-13,-19,-37,-10,-4,-2,0,0,0,0,-123,32,None
0,-1,0,6,-58,-17,-3,-1,-1,0,0,0,0,-123,32,None
0,-2,-3,-19,2,-12,-10,-5,-1,0,0,0,0,-123,32,None
0,-1,0,6,-19,39,-2,-3,-2,0,0,0,0,-123,32,None
0,-1,0,6,-19,39,-2,-3,-2,0,0,0,0,-123,32,None
0,-1,0,6,-19,39,-2,-3,-2,0,0,0,9,-110,36,None
0,0,3,6,23,2,3,0,-1,0,0,0,9,-110,36,None
0,-1,0,-7,-11,-9,1,3,0,0,0,0,9,-110,36,None
0,2,5,18,55,27,0,0,1,0,0,0,9,-110,36,None
0,-3,-2,-27,38,-17,-7,-5,-5,0,0,0,9,-110,36,None
0,-3,-2,-27,38,-17,-7,-5,-5,0,0,0,9,-110,36,None
0,-3,-2,-27,38,-17,-7,-5,-5,0,0,0,15,-104,33,None
0,-2,-1,-7,-93,15,5,0,-2,0,0,0,15,-104,33,None
0,-1,0,11,47,-13,-3,-2,-1,0,0,0,15,-104,33,None
0,-1,3,-16,13,-4,-1,0,0,0,0,0,15,-104,33,None
0,1,7,2,-45,-6,8,7,5,0,0,0,15,-104,33,None
0,1,7,2,-45,-6,8,7,5,0,0,0,15,-104,33,None
0,1,7,2,-45,-6,8,7,5,0,0,0,27,-112,29,None
0,-4,-1,9,-14,30,-2,-4,-4,0,0,0,27,-112,29,None
0,-2,-5,-46,45,-12,-11,-7,-3,0,0,0,27,-112,29,None
0,-4,-6,8,-123,42,3,0,-2,0,0,0,27,-112,29,None
0,0,3,13,57,-88,-7,-7,-2,0,0,0,27,-112,29,None
0,0,3,13,57,-88,-7,-7,-2,0,0,0,27,-112,29,None
0,0,3,13,57,-88,-7,-7,-2,0,0,0,38,-122,28,None
0,0,2,-1,42,47,9,4,0,0,0,0,38,-122,28,None
0,1,4,20,20,-13,-3,-1,1,0,0,0,38,-122,28,None
0,-4,-4,-3,-17,-39,-7,0,-3,0,0,0,38,-122,28,None
0,0,-1,7,9,52,-5,-7,-2,0,0,0,38,-122,28,None
0,0,-1,7,9,52,-5,-7,-2,0,0,0,38,-122,28,None
0,0,-1,7,9,52,-5,-7,-2,0,0,0,38,-117,24,None
0,-5,-12,-40,-121,-82,-14,-6,-6,0,0,0,38,-117,24,None
0,0,4,14,16,-13,4,0,-1,0,0,0,38,-117,24,None
0,3,6,8,64,70,7,4,2,0,0,0,38,-117,24,None
0,-3,-2,-3,38,-99,-9,-4,-4,0,0,0,38,-117,24,None
0,-3,-2,-3,38,-99,-9,-4,-4,0,0,0,38,-117,24,None
0,-3,-2,-3,38,-99,-9,-4,-4,0,0,0,41,-113,19,None
0,1,9,23,52,-9,4,2,1,0,0,0,41,-113,19,None
0,-7,-8,-15,7,81,-7,-7,-7,0,0,0,41,-113,19,None
0,0,-2,-18,-15,62,10,6,-3,0,0,0,41,-113,19,None
0,-4,-6,-34,-128,-46,-21,-8,-5,0,0,0,41,-113,19,None
0,-4,-6,-34,-128,-46,-21,-8,-5,0,0,0,41,-113,19,None
0,-4,-6,-34,-128,-46,-21,-8,-5,0,0,0,45,-114,11,None
0,2,1,9,4,24,5,1,2,0,0,0,45,-114,11,None
0,-1,-1,0,98,3,0,-2,-2,0,0,0,45,-114,11,None
0,-1,-1,0,98,3,0,-2,-2,0,0,0,45,-114,11,None
0,-1,-1,0,98,3,0,-2,-2,0,0,0,49,-114,7,None
0,-2,1,-3,-9,-54,-4,-1,-4,0,0,0,49,-114,7,None
0,-1,2,12,39,110,8,0,-1,0,0,0,49,-114,7,None
0,-1,1,-11,44,-65,-5,0,1,0,0,0,49,-114,7,None
0,-2,1,0,-36,79,-2,2,0,0,0,0,49,-114,7,None
0,-2,1,0,-36,79,-2,2,0,0,0,0,49,-114,7,None
0,-2,1,0,-36,79,-2,2,0,0,0,0,56,-109,11,None
0,-3,-5,-41,-73,-128,-16,-9,-6,0,0,0,56,-109,11,None
0,-1,3,17,97,73,8,1,-1,0,0,0,56,-109,11,None
0,-2,-3,-3,35,-10,-4,-1,-2,0,0,0,56,-109,11,None
0,3,9,11,-32,22,11,5,4,0,0,0,56,-109,11,None
0,3,9,11,-32,22,11,5,4,0,0,0,56,-109,11,None
0,3,9,11,-32,22,11,5,4,0,0,0,68,-104,11,None
0,0,-3,-7,-29,-54,-6,-7,-3,0,0,0,68,-104,11,None
0,1,2,4,-12,-18,1,2,3,0,0,0,68,-104,11,None
0,-2,2,-3,-9,-29,0,-4,-3,0,0,0,68,-104,11,None
0,0,-1,2,33,31,8,1,4,0,0,0,68,-104,11,None
0,0,-1,2,33,31,8,1,4,0,0,0,68,-104,11,None
0,0,-1,2,33,31,8,1,4,0,0,0,69,-97,10,None
0,1,3,8,72,43,-9,-2,-1,0,0,0,69,-97,10,None
0,-1,-1,-1,-26,-10,1,1,-2,0,0,0,69,-97,10,None
0,-2,-1,-1,35,3,1,-1,-7,0,0,0,69,-97,10,None
0,0,-1,-13,-91,-35,-4,0,-3,0,0,0,69,-97,10,None
0,0,-1,-13,-91,-35,-4,0,-3,0,0,0,69,-97,10,None
0,0,-1,-13,-91,-35,-4,0,-3,0,0,0,67,-91,8,None
0,-2,1,1,17,-22,-2,-3,-3,0,0,0,67,-91,8,None
0,-2,-2,2,18,16,6,1,0,0,0,0,67,-91,8,None
0,-2,2,6,25,67,3,1,3,0,0,0,67,-91,8,None
0,-4,-3,-13,-32,-41,-7,-3,-4,0,0,0,67,-91,8,None
0,-4,-3,-13,-32,-41,-7,-3,-4,0,0,0,67,-91,8,None
0,-4,-3,-13,-32,-41,-7,-3,-4,0,0,0,77,-88,7,None
0,-4,-1,8,26,41,0,-3,0,0,0,0,77,-88,7,None
0,-2,3,1,-6,-17,-2,1,-1,0,0,0,77,-88,7,None
0,5,21,0,35,18,2,1,2,0,0,0,77,-88,7,None
0,-9,-55,-13,-44,-39,-7,-5,-4,0,0,0,77,-88,7,None
0,-9,-55,-13,-44,-39,-7,-5,-4,0,0,0,77,-88,7,None
0,-9,-55,-13,-44,-39,-7,-5,-4,0,0,0,78,-87,2,None
0,-3,-19,4,-28,5,2,-1,0,0,0,0,78,-87,2,None
0,0,1,-2,-3,7,1,-1,-1,0,0,0,78,-87,2,None
0,-1,-6,-1,-48,-5,-3,-2,-2,0,0,0,78,-87,2,None
0,1,13,-2,27,2,1,-4,-2,0,0,0,78,-87,2,None
0,1,13,-2,27,2,1,-4,-2,0,0,0,78,-87,2,None
0,1,13,-2,27,2,1,-4,-2,0,0,0,75,-102,-2,None
0,1,11,6,0,11,3,-1,-1,0,0,0,75,-102,-2,None
0,-2,-5,-6,-16,-7,-1,-5,0,0,0,0,75,-102,-2,None
0,0,-2,1,25,20,-59,-16,-3,0,0,0,75,-102,-2,None
0,4,45,-8,12,-21,63,28,-3,0,0,0,75,-102,-2,None
0,4,45,-8,12,-21,63,28,-3,0,0,0,75,-102,-2,None
0,4,45,-8,12,-21,63,28,-3,0,0,0,75,-103,-1,None
0,0,-30,-5,-11,-9,-12,-6,0,0,0,0,75,-103,-1,None
0,-18,6,1,9,-5,7,-1,-7,0,0,0,75,-103,-1,None
0,-3,-3,0,-6,4,-5,-5,-1,0,0,0,75,-103,-1,None
0,0,3,0,12,-22,-21,-10,-3,0,0,0,75,-103,-1,None
0,0,3,0,12,-22,-21,-10,-3,0,0,0,75,-103,-1,None
0,0,3,0,12,-22,-21,-10,-3,0,0,0,70,-96,0,None
0,-5,10,-2,-13,-12,3,0,-1,0,0,0,70,-96,0,None
0,5,1,0,-1,-30,2,2,-1,0,0,0,70,-96,0,None
0,0,-5,2,24,62,12,1,0,0,0,0,70,-96,0,None
0,-4,-6,-5,-40,-38,-15,-6,-2,0,0,0,70,-96,0,None
0,-4,-6,-5,-40,-38,-15,-6,-2,0,0,0,70,-96,0,None
0,-4,-6,-5,-40,-38,-15,-6,-2,0,0,0,61,-90,1,None
0,2,12,3,43,29,10,2,0,0,0,0,61,-90,1,None
0,2,-2,-1,20,-5,-10,-5,0,0,0,0,61,-90,1,None
0,-6,8,-10,-75,-30,5,3,-2,0,0,0,61,-90,1,None
0,6,4,8,44,64,0,-2,0,0,0,0,61,-90,1,None
0,6,4,8,44,64,0,-2,0,0,0,0,61,-90,1,None
0,6,4,8,44,64,0,-2,0,0,0,0,54,-83,2,None
0,4,14,15,44,2,-3,-1,2,0,0,0,54,-83,2,None
0,0,-5,-1,1,6,-3,-2,0,0,0,0,54,-83,2,None
0,-4,0,1,23,2,14,3,-1,0,0,0,54,-83,2,None
0,0,0,-6,-10,2,-10,-6,-2,0,0,0,54,-83,2,None
0,0,0,-6,-10,2,-10,-6,-2,0,0,0,54,-83,2,None
0,0,0,-6,-10,2,-10,-6,-2,0,0,0,54,-83,1,None
0,-1,3,2,1,5,0,-2,-5,0,0,0,54,-83,1,None
0,0,5,-1,15,11,-3,1,-2,0,0,0,54,-83,1,None
0,4,11,-2,-12,-12,8,1,1,0,0,0,54,-83,1,None
0,-4,-7,0,-2,-9,-8,-5,-3,0,0,0,54,-83,1,None
0,-4,-7,0,-2,-9,-8,-5,-3,0,0,0,54,-83,1,None
0,-4,-7,0,-2,-9,-8,-5,-3,0,0,0,57,-82,1,None
0,-2,2,-5,-15,-1,-2,-2,-3,0,0,0,57,-82,1,None
0,0,1,-4,-11,19,2,0,-2,0,0,0,57,-82,1,None
0,-1,-1,-7,-6,-4,-1,0,0,0,0,0,57,-82,1,None
0,-1,0,-5,-17,-12,-6,-3,1,0,0,0,57,-82,1,None
0,-1,0,-5,-17,-12,-6,-3,1,0,0,0,57,-82,1,None
0,-1,0,-5,-17,-12,-6,-3,1,0,0,0,61,-80,0,None
0,-3,2,-2,-3,7,0,1,-1,0,0,0,61,-80,0,None
0,1,5,-4,-16,1,-2,-1,-1,0,0,0,61,-80,0,None
0,3,-7,3,4,-1,3,-1,-2,0,0,0,61,-80,0,None
0,-5,0,-1,11,-2,-2,-1,0,0,0,0,61,-80,0,None
0,-5,0,-1,11,-2,-2,-1,0,0,0,0,61,-80,0,None
0,-5,0,-1,11,-2,-2,-1,0,0,0,0,65,-78,0,None
0,1,0,-4,-11,-4,1,-2,1,0,0,0,65,-78,0,None
0,2,0,6,21,-2,0,1,1,0,0,0,65,-78,0,None
0,-3,-6,-10,-31,-10,-3,-4,-3,0,0,0,65,-78,0,None
0,-2,0,-2,-5,-18,-5,-3,-1,0,0,0,65,-78,0,None
0,-2,0,-2,-5,-18,-5,-3,-1,0,0,0,65,-78,0,None
0,-2,0,-2,-5,-18,-5,-3,-1,0,0,0,65,-77,-2,None
0,-3,0,-8,-60,3,-1,-3,-3,0,0,0,65,-77,-2,None
0,0,0,-1,10,3,0,-1,-2,0,0,0,65,-77,-2,None
0,-3,-2,1,22,2,1,-1,-2,0,0,0,65,-77,-2,None
0,-1,0,-3,-3,-2,-2,-2,-1,0,0,0,65,-77,-2,None
0,-1,0,-3,-3,-2,-2,-2,-1,0,0,0,65,-77,-2,None
0,-1,0,-3,-3,-2,-2,-2,-1,0,0,0,63,-77,-3,None
0,-1,0,0,41,-3,-4,-3,-1,0,0,0,63,-77,-3,None
0,3,21,-6,-18,11,-1,-1,-1,0,0,0,63,-77,-3,None
0,-8,-54,-7,-56,-18,-2,-2,0,0,0,0,63,-77,-3,None
0,-1,-4,-7,-8,-23,-4,-5,-3,0,0,0,63,-77,-3,None
0,-1,-4,-7,-8,-23,-4,-5,-3,0,0,0,63,-77,-3,None
0,-1,-4,-7,-8,-23,-4,-5,-3,0,0,0,62,-80,-5,None
0,-2,1,1,27,9,-1,-1,-1,0,0,0,62,-80,-5,None
0,-3,-2,-4,3,4,-1,-1,-1,0,0,0,62,-80,-5,None
0,2,15,1,27,3,-1,1,0,0,0,0,62,-80,-5,None
0,-2,0,-2,0,0,-1,0,-1,0,0,0,62,-80,-5,None
0,-2,0,-2,0,0,-1,0,-1,0,0,0,62,-80,-5,None
0,-2,0,-2,0,0,-1,0,-1,0,0,0,62,-81,-6,None
0,-3,-6,-2,0,4,-3,-3,-2,0,0,0,62,-81,-6,None
0,1,-2,-3,-7,-22,-2,-1,0,0,0,0,62,-81,-6,None
0,-3,20,-3,-23,13,1,-3,-4,0,0,0,62,-81,-6,None
0,-7,-2,3,11,7,1,-2,-3,0,0,0,62,-81,-6,None
0,-7,-2,3,11,7,1,-2,-3,0,0,0,62,-81,-6,None
0,-7,-2,3,11,7,1,-2,-3,0,0,0,60,-80,-7,None
0,4,7,-2,-9,4,0,-1,-1,0,0,0,60,-80,-7,None
0,-2,-3,-2,-11,-4,-2,-2,-2,0,0,0,60,-80,-7,None
0,-1,2,-2,25,0,-2,0,-1,0,0,0,60,-80,-7,None
0,0,1,-2,1,1,-3,-3,-2,0,0,0,60,-80,-7,None
0,0,1,-2,1,1,-3,-3,-2,0,0,0,60,-80,-7,None
0,0,1,-2,1,1,-3,-3,-2,0,0,0,59,-79,-7,None
0,-1,2,-2,-6,-4,-2,-2,1,0,0,0,59,-79,-7,None
0,-1,-7,-3,0,2,-3,-2,-2,0,0,0,59,-79,-7,None
0,-1,1,0,9,2,-1,0,-2,0,0,0,59,-79,-7,None
0,-1,2,-1,1,8,-2,-1,-1,0,0,0,59,-79,-7,None
0,-1,2,-1,1,8,-2,-1,-1,0,0,0,59,-79,-7,None
0,-1,2,-1,1,8,-2,-1,-1,0,0,0,60,-77,-9,None
0,-3,-1,0,-8,-9,1,0,-1,0,0,0,60,-77,-9,None
0,-3,-2,-4,22,31,-5,-4,-2,0,0,0,60,-77,-9,None
0,-5,-7,-3,11,-19,-1,-2,-2,0,0,0,60,-77,-9,None
0,0,4,2,-7,26,1,0,0,0,0,0,60,-77,-9,None
0,0,4,2,-7,26,1,0,0,0,0,0,60,-77,-9,None
0,0,4,2,-7,26,1,0,0,0,0,0,59,-77,-9,None
0,-1,1,-3,4,-1,-2,-2,-1,0,0,0,59,-77,-9,None
0,-1,-4,-1,8,-7,-1,1,-2,0,0,0,59,-77,-9,None
0,1,8,0,9,-1,2,-1,-1,0,0,0,59,-77,-9,None
0,-1,0,-2,-3,-6,-3,-1,-1,0,0,0,59,-77,-9,None
0,-1,0,-2,-3,-6,-3,-1,-1,0,0,0,59,-77,-9,None
0,-1,0,-2,-3,-6,-3,-1,-1,0,0,0,61,-79,-8,None
0,-2,-4,0,6,1,-3,-2,-2,0,0,0,61,-79,-8,None
0,0,6,-2,-11,0,-1,-2,-1,0,0,0,61,-79,-8,None
0,1,1,0,5,7,2,-1,-2,0,0,0,61,-79,-8,None
0,0,-1,-2,-5,-9,-2,0,-1,0,0,0,61,-79,-8,None
0,0,-1,-2,-5,-9,-2,0,-1,0,0,0,61,-79,-8,None
0,0,-1,-2,-5,-9,-2,0,-1,0,0,0,61,-79,-8,None
0,-1,3,-1,1,7,0,-1,-2,0,0,0,61,-79,-8,None
0,4,14,-2,-5,-21,-2,-1,-1,0,0,0,61,-79,-8,None
0,-2,-10,-2,11,16,0,-5,-4,0,0,0,61,-79,-8,None
0,-2,-3,-4,3,-2,-1,-2,-2,0,0,0,61,-79,-8,None
0,-2,-3,-4,3,-2,-1,-2,-2,0,0,0,61,-79,-8,None
0,-2,-3,-4,3,-2,-1,-2,-2,0,0,0,61,-78,-9,None
0,-1,0,-2,-1,-4,-1,-1,1,0,0,0,61,-78,-9,None
0,-3,-2,0,-7,-2,-2,-2,-1,0,0,0,61,-78,-9,None
0,1,4,0,11,0,1,0,1,0,0,0,61,-78,-9,None
0,1,5,-1,3,-1,-2,-1,-1,0,0,0,61,-78,-9,None
0,1,5,-1,3,-1,-2,-1,-1,0,0,0,61,-78,-9,None
0,1,5,-1,3,-1,-2,-1,-1,0,0,0,61,-78,-8,None
0,0,-2,-1,-5,1,-1,-1,-1,0,0,0,61,-78,-8,None
0,-3,-6,-4,-4,-2,-2,-2,-2,0,0,0,61,-78,-8,None
0,0,5,-2,1,6,-1,-1,-1,0,0,0,61,-78,-8,None
0,-3,-3,-2,-2,-3,-2,-2,-2,0,0,0,61,-78,-8,None
0,-3,-3,-2,-2,-3,-2,-2,-2,0,0,0,61,-78,-8,None
0,-3,-3,-2,-2,-3,-2,-2,-2,0,0,0,61,-79,-8,None
0,-2,2,-4,-3,-3,-2,-1,-2,0,0,0,61,-79,-8,None
0,-7,-11,-3,1,4,0,-2,-2,0,0,0,61,-79,-8,None
0,4,13,2,12,4,1,1,2,0,0,0,61,-79,-8,None
0,-3,0,-1,-5,5,-1,-2,-2,0,0,0,61,-79,-8,None
0,-3,0,-1,-5,5,-1,-2,-2,0,0,0,61,-79,-8,None
0,-3,0,-1,-5,5,-1,-2,-2,0,0,0,60,-80,-7,None
0,-1,-1,-1,5,11,0,-2,-3,0,0,0,60,-80,-7,None
0,-2,-1,-1,-6,0,0,-2,-2,0,0,0,60,-80,-7,None
0,0,0,-1,2,-1,0,-1,-1,0,0,0,60,-80,-7,None
0,1,0,-3,7,-5,-1,0,1,0,0,0,60,-80,-7,None
0,1,0,-3,7,-5,-1,0,1,0,0,0,60,-80,-7,None
0,1,0,-3,7,-5,-1,0,1,0,0,0,61,-79,-7,None
0,-2,3,-2,-3,0,-2,-1,-1,0,0,0,61,-79,-7,None
0,1,-3,-2,-1,4,-1,-2,-1,0,0,0,61,-79,-7,None
0,-2,1,-2,-6,-2,-3,-1,-2,0,0,0,61,-79,-7,None
0,2,34,-1,1,-4,-2,-2,-1,0,0,0,61,-79,-7,None
0,2,34,-1,1,-4,-2,-2,-1,0,0,0,61,-79,-7,None
0,2,34,-1,1,-4,-2,-2,-1,0,0,0,61,-78,-7,None
0,-2,-25,-5,-9,12,2,-1,-2,0,0,0,61,-78,-7,None
0,-3,0,-5,-11,-22,-5,-3,-3,0,0,0,61,-78,-7,None
0,-2,0,-2,0,2,-1,-3,-1,0,0,0,61,-78,-7,None
0,1,4,-2,-4,2,-1,-2,-2,0,0,0,61,-78,-7,None
0,1,4,-2,-4,2,-1,-2,-2,0,0,0,61,-78,-7,None
0,1,4,-2,-4,2,-1,-2,-2,0,0,0,61,-79,-8,None
0,0,8,-1,5,-3,0,-1,-2,0,0,0,61,-79,-8,None
0,-2,0,-1,4,4,0,0,-1,0,0,0,61,-79,-8,None
0,-1,-3,-1,1,-3,0,-1,0,0,0,0,61,-79,-8,None
0,1,-11,-2,4,9,0,-2,-3,0,0,0,61,-79,-8,None
0,1,-11,-2,4,9,0,-2,-3,0,0,0,61,-79,-8,None
0,1,-11,-2,4,9,0,-2,-3,0,0,0,61,-79,-7,None
0,0,5,-6,-20,-5,-4,-4,0,0,0,0,61,-79,-7,None
0,-1,-6,-4,1,3,-1,-3,-2,0,0,0,61,-79,-7,None
0,-2,4,-1,-7,-6,-2,-3,-2,0,0,0,61,-79,-7,None
0,-2,-7,0,9,-3,1,-1,-1,0,0,0,61,-79,-7,None
0,-2,-7,0,9,-3,1,-1,-1,0,0,0,61,-79,-7,None
0,-2,-7,0,9,-3,1,-1,-1,0,0,0,60,-80,-7,None
0,-3,1,-1,12,-5,-4,-2,-2,0,0,0,60,-80,-7,None
0,0,7,-2,-6,5,1,0,-2,0,0,0,60,-80,-7,None
0,-2,-2,-3,-9,0,-1,-1,-2,0,0,0,60,-80,-7,None
0,-3,-4,-3,6,0,-2,-1,-1,0,0,0,60,-80,-7,None
0,-3,-4,-3,6,0,-2,-1,-1,0,0,0,60,-80,-7,None
0,-3,-4,-3,6,0,-2,-1,-1,0,0,0,61,-80,-7,None
0,-3,2,0,-2,-6,-1,0,-3,0,0,0,61,-80,-7,None
0,-8,-1,-1,-3,1,0,-1,-2,0,0,0,61,-80,-7,None
0,6,13,1,1,12,0,-1,-3,0,0,0,61,-80,-7,None
0,-7,-39,-8,14,4,-3,-2,-2,0,0,0,61,-80,-7,None
0,-7,-39,-8,14,4,-3,-2,-2,0,0,0,61,-80,-7,None
0,-7,-39,-8,14,4,-3,-2,-2,0,0,0,60,-79,-7,None
0,-1,4,-1,-8,-3,-1,-1,0,0,0,0,60,-79,-7,None
0,1,2,1,7,6,-1,0,1,0,0,0,60,-79,-7,None
0,-1,-2,-2,-4,-5,-1,-1,0,0,0,0,60,-79,-7,None
0,2,11,-1,-4,-2,0,0,0,0,0,0,60,-79,-7,None
0,2,11,-1,-4,-2,0,0,0,0,0,0,60,-79,-7,None
0,2,11,-1,-4,-2,0,0,0,0,0,0,61,-78,-8,None
0,0,1,-2,4,4,0,-1,-2,0,0,0,61,-78,-8,None
0,-2,-4,-2,-4,-2,0,-3,-2,0,0,0,61,-78,-8,None
0,3,2,-5,-4,-1,-1,0,-2,0,0,0,61,-78,-8,None
0,0,4,2,-6,3,0,0,0,0,0,0,61,-78,-8,None
0,0,4,2,-6,3,0,0,0,0,0,0,61,-78,-8,None
0,0,4,2,-6,3,0,0,0,0,0,0,60,-78,-7,None
0,0,-2,-5,11,-8,-3,-1,-2,0,0,0,60,-78,-7,None
0,1,4,-1,-5,9,1,-1,-3,0,0,0,60,-78,-7,None
0,-3,-2,-3,-3,-4,-2,-2,-1,0,0,0,60,-78,-7,None
0,-1,5,0,-1,-2,-1,-2,1,0,0,0,60,-78,-7,None
0,-1,5,0,-1,-2,-1,-2,1,0,0,0,60,-78,-7,None
0,-1,5,0,-1,-2,-1,-2,1,0,0,0,61,-78,-8,None
0,1,2,-1,-1,-2,-2,-1,0,0,0,0,61,-78,-8,None
0,-1,0,-1,0,0,-1,-2,0,0,0,0,61,-78,-8,None
0,-2,-4,-1,5,2,-1,-1,0,0,0,0,61,-78,-8,None
0,-3,-1,-1,-4,-9,-3,-1,-1,0,0,0,61,-78,-8,None
0,-3,-1,-1,-4,-9,-3,-1,-1,0,0,0,61,-78,-8,None
0,-3,-1,-1,-4,-9,-3,-1,-1,0,0,0,61,-78,-9,None
0,-1,18,-3,-40,-5,0,-2,-4,0,0,0,61,-78,-9,None
0,0,1,1,30,13,-2,-1,-2,0,0,0,61,-78,-9,None
0,-5,-4,-6,-38,-11,-5,-4,-3,0,0,0,61,-78,-9,None
0,-2,-2,-1,-3,-3,-2,-3,-2,0,0,0,61,-78,-9,None
0,-2,-2,-1,-3,-3,-2,-3,-2,0,0,0,61,-78,-9,None
0,-2,-2,-1,-3,-3,-2,-3,-2,0,0,0,60,-79,-8,None
0,-2,6,-1,2,4,-1,-1,-2,0,0,0,60,-79,-8,None
0,1,0,-3,3,-3,-1,-2,-1,0,0,0,60,-79,-8,None
0,0,-1,-3,3,0,-1,-2,-1,0,0,0,60,-79,-8,None
0,0,12,-3,-5,3,0,-2,-2,0,0,0,60,-79,-8,None
0,0,12,-3,-5,3,0,-2,-2,0,0,0,60,-79,-8,None
0,0,12,-3,-5,3,0,-2,-2,0,0,0,61,-79,-9,None
0,-1,-6,0,6,1,0,-1,-1,0,0,0,61,-79,-9,None
0,-1,-2,0,16,2,-2,0,0,0,0,0,61,-79,-9,None
0,-1,-1,-1,4,0,0,-1,-1,0,0,0,61,-79,-9,None
0,-2,-5,-8,-19,-3,-2,-3,-3,0,0,0,61,-79,-9,None
0,-2,-5,-8,-19,-3,-2,-3,-3,0,0,0,61,-79,-9,None
0,-2,-5,-8,-19,-3,-2,-3,-3,0,0,0,60,-78,-9,None
0,-2,-7,2,17,15,1,-1,-2,0,0,0,60,-78,-9,None
0,-2,-5,-1,7,3,-1,-3,0,0,0,0,60,-78,-9,None
0,-3,3,-1,11,1,-1,-1,-2,0,0,0,60,-78,-9,None
0,-1,1,0,1,-1,0,1,-1,0,0,0,60,-78,-9,None
0,-1,1,0,1,-1,0,1,-1,0,0,0,60,-78,-9,None
0,-1,1,0,1,-1,0,1,-1,0,0,0,61,-78,-8,None
0,-1,-2,-3,-1,-4,-3,-1,0,0,0,0,61,-78,-8,None
0,-1,5,-2,-13,-4,-2,0,-1,0,0,0,61,-78,-8,None
0,1,-3,-1,-3,3,1,0,-1,0,0,0,61,-78,-8,None
0,4,1,-5,13,3,-1,-2,-3,0,0,0,61,-78,-8,None
0,4,1,-5,13,3,-1,-2,-3,0,0,0,61,-78,-8,None
0,4,1,-5,13,3,-1,-2,-3,0,0,0,61,-78,-8,None
0,-3,-1,1,-1,-2,0,-2,-1,0,0,0,61,-78,-8,None
0,-1,-1,-3,-15,5,1,-1,-2,0,0,0,61,-78,-8,None
0,-2,-2,-2,-9,-5,-2,-3,-1,0,0,0,61,-78,-8,None
0,-2,-1,0,5,1,-1,-1,0,0,0,0,61,-78,-8,None
0,-2,-1,0,5,1,-1,-1,0,0,0,0,61,-78,-8,None
0,-2,-1,0,5,1,-1,-1,0,0,0,0,61,-78,-8,None
0,-2,1,-2,5,2,1,-1,-2,0,0,0,61,-78,-8,None
0,1,0,-2,-6,-8,-2,0,-2,0,0,0,61,-78,-8,None
0,-2,-1,0,6,1,0,0,-2,0,0,0,61,-78,-8,None
0,1,18,-1,-9,-1,-1,-3,-2,0,0,0,61,-78,-8,None
0,1,18,-1,-9,-1,-1,-3,-2,0,0,0,61,-78,-8,None
0,1,18,-1,-9,-1,-1,-3,-2,0,0,0,61,-78,-9,None
0,3,1,-3,-6,5,-1,-1,0,0,0,0,61,-78,-9,None
0,-3,-9,-3,7,5,-1,-3,-2,0,0,0,61,-78,-9,None
0,-2,-1,-5,-2,-5,-3,-2,-1,0,0,0,61,-78,-9,None
0,-2,0,1,-10,-1,2,-1,-3,0,0,0,61,-78,-9,None
0,-2,0,1,-10,-1,2,-1,-3,0,0,0,61,-78,-9,None
0,-2,0,1,-10,-1,2,-1,-3,0,0,0,61,-79,-8,None
0,1,8,-3,2,-1,0,0,0,0,0,0,61,-79,-8,None
0,-2,4,0,-2,-3,-1,-1,1,0,0,0,61,-79,-8,None
0,-1,-1,2,12,7,0,0,-1,0,0,0,61,-79,-8,None
0,2,-2,-7,-11,-11,-2,-1,0,0,0,0,61,-79,-8,None
0,2,-2,-7,-11,-11,-2,-1,0,0,0,0,61,-79,-8,None
0,2,-2,-7,-11,-11,-2,-1,0,0,0,0,61,-79,-8,None
0,-3,-2,-1,15,13,-2,-1,0,0,0,0,61,-79,-8,None
0,-2,-2,-4,-8,6,-1,-1,-3,0,0,0,61,-79,-8,None
0,-2,1,-3,-11,-9,1,-3,-1,0,0,0,61,-79,-8,None
0,-1,-2,1,4,-3,-2,-2,0,0,0,0,61,-79,-8,None
0,-1,-2,1,4,-3,-2,-2,0,0,0,0,61,-79,-8,None
0,-1,-2,1,4,-3,-2,-2,0,0,0,0,61,-79,-8,None
0,-1,-5,-3,0,-4,0,-1,-3,0,0,0,61,-79,-8,None
0,0,3,-2,-11,-5,-1,-2,-1,0,0,0,61,-79,-8,None
0,0,4,0,7,7,-2,-2,0,0,0,0,61,-79,-8,None
0,-3,-4,0,2,3,-2,-2,-1,0,0,0,61,-79,-8,None
0,-3,-4,0,2,3,-2,-2,-1,0,0,0,61,-79,-8,None
0,-3,-4,0,2,3,-2,-2,-1,0,0,0,62,-78,-8,None
0,-1,-4,-2,-7,-4,-2,-1,-3,0,0,0,62,-78,-8,None
0,2,5,-2,3,1,-3,-1,-2,0,0,0,62,-78,-8,None
0,-1,0,-2,-33,-7,-5,0,-1,0,0,0,62,-78,-8,None
0,-3,-5,-3,11,4,-2,-4,-4,0,0,0,62,-78,-8,None
0,-3,-5,-3,11,4,-2,-4,-4,0,0,0,62,-78,-8,None
0,-3,-5,-3,11,4,-2,-4,-4,0,0,0,61,-78,-8,None
0,-2,-1,0,-1,9,1,-2,-1,0,0,0,61,-78,-8,None
0,-1,0,-3,-8,-4,-1,-1,-1,0,0,0,61,-78,-8,None
0,-1,0,-1,10,0,2,0,-2,0,0,0,61,-78,-8,None
0,0,1,-1,-7,1,-1,2,0,0,0,0,61,-78,-8,None
0,0,1,-1,-7,1,-1,2,0,0,0,0,61,-78,-8,None
0,0,1,-1,-7,1,-1,2,0,0,0,0,61,-78,-8,None
0,0,0,-4,-2,-1,-2,-1,-1,0,0,0,61,-78,-8,None
0,-1,0,-1,2,-3,0,-2,-1,0,0,0,61,-78,-8,None
0,-1,0,-3,4,7,0,-1,-2,0,0,0,61,-78,-8,None
0,-1,-1,-3,-1,3,-3,-1,0,0,0,0,61,-78,-8,None
0,-1,-1,-3,-1,3,-3,-1,0,0,0,0,61,-78,-8,None
0,-1,-1,-3,-1,3,-3,-1,0,0,0,0,61,-77,-9,None
0,0,3,-2,2,-5,-2,-2,-2,0,0,0,61,-77,-9,None
