11,9,10
11,9,10
11,9,10
11,9,10
11,9,10
11,9,10
11,9,10
11,9,10
11,9,10
11,9,10
11,9,10
11,9,10
11,9,10
11,9,10
11,9,10
11,9,10
11,9,10
11,9,10
11,9,10
11,9,10
11,9,10
11,9,10
11,9,10
11,9,10
11,9,10
11,9,10
11,9,10
11,9,10
11,9,10
11,9,10
11,9,10
11,9,10
11,9,11
11,9,11
11,9,12
11,10,12
11,10,13
11,10,13
11,11,14
11,11,14
12,10,15
12,10,15
12,10,15
12,9,15
12,8,14
11,8,14
11,7,14
11,7,14
11,7,14
11,7,13
11,7,13
11,8,13
11,8,13
11,9,13
11,10,14
11,10,14
11,10,14
12,10,14
12,9,15
12,9,15
12,8,15
11,8,14
11,7,14
11,7,14
11,6,14
11,6,13
11,7,13
11,7,13
11,8,13
11,8,13
11,9,13
11,9,14
11,10,14
11,10,14
12,10,14
12,9,15
12,9,15
11,8,15
11,7,15
11,7,14
11,7,14
11,7,14
11,6,14
11,7,13
11,7,13
11,7,13
11,7,12
11,8,12
11,8,12
11,8,11
11,8,11
11,8,11
11,9,11
11,9,11
11,9,11
11,9,11
11,9,11
11,9,11
11,9,10
11,9,10
11,9,10
11,9,10
11,9,10
11,9,10
11,9,10
11,9,10
11,9,10
11,9,10
11,9,10
11,9,10