11,9,10
11,9,10
11,9,10
11,9,10
11,9,10
11,9,10
11,9,10
11,9,10
11,9,11
11,9,11
11,9,11
11,9,11
11,9,11
11,9,11
11,9,11
11,9,11
11,9,11
11,9,11
11,9,11
11,9,11
11,9,11
11,9,11
11,9,11
11,9,11
11,9,11
11,9,11
11,9,11
11,9,11
11,9,11
11,9,11
11,9,11
11,9,11
11,9,11
11,9,11
11,9,11
11,9,11
11,9,11
11,9,11
11,9,11
11,9,11
11,9,11
11,9,11
11,9,11
11,9,11
11,9,11
11,9,11
11,9,11
11,9,11
11,9,11
11,9,12
11,10,12
11,10,13
11,10,13
11,10,14
11,10,14
11,10,15
11,10,15
12,9,15
11,9,15
11,8,15
11,7,15
11,7,15
11,6,14
11,6,14
11,7,14
11,7,14
11,8,14
11,8,14
11,9,14
11,9,14
11,10,14
11,10,15
12,10,15
12,10,15
12,9,15
11,9,15
11,8,15
11,7,15
11,7,15
11,7,15
11,6,14
11,6,14
11,7,14
11,7,14
11,7,13
11,7,13
11,8,13
11,8,13
11,9,12
11,9,12
11,9,12
11,9,12
11,9,12
11,9,12
11,9,11
11,9,11
11,9,11
11,9,11
11,9,11
11,9,11
11,9,11
11,9,11
11,9,11
11,9,11
11,9,11