11,9,9
11,9,9
11,9,9
11,9,9
11,9,9
11,9,9
11,9,9
11,9,9
11,9,9
11,9,9
11,9,9
11,9,9
11,9,9
11,9,9
11,9,9
11,9,9
11,9,9
11,9,9
11,9,9
11,9,9
11,9,9
11,9,9
11,9,9
11,9,9
11,9,9
11,9,9
11,9,9
11,9,10
11,10,10
11,10,10
11,10,11
11,10,11
11,10,12
11,11,12
11,10,13
11,10,13
11,10,13
11,9,13
11,8,13
11,8,13
11,7,13
11,7,12
11,7,12
11,7,12
11,7,12
11,8,12
11,8,12
11,9,12
11,10,12
11,10,13
11,10,13
11,10,13
11,9,13
11,8,13
11,8,13
11,7,13
11,7,13
11,6,12
11,6,12
11,7,12
11,7,12
11,7,12
11,8,12
11,9,12
11,9,12
11,10,13
11,10,13
11,10,13
11,10,13
11,9,13
11,9,13
11,8,13
11,8,13
11,7,13
11,7,13
11,7,13
11,7,12
11,7,12
11,7,12
11,7,11
11,7,11
11,8,11
11,8,11
11,8,10
11,8,10
11,8,10
11,8,10
11,9,9
11,9,9
11,9,9
11,9,9
11,9,9
11,9,9
11,9,9
11,9,9
11,9,9
11,9,9
11,9,9
11,9,9
11,9,9
11,9,9
11,9,9
11,9,9
11,9,9
11,9,9
11,9,9
11,9,9
11,9,9
11,9,9
11,9,9
11,9,9