-3  5   10  1   -1  0   2   -3  
0   -5  -2  2   -2  0   3   1   
0   0   -4  -1  -1  0   -2  -2  
-1  -9  18  -3  -2  -1  1   -1  
-2  -2  -8  -5  -3  -2  -2  -3  
0   -3  -3  0   0   1   3   2   
-3  -5  5   2   -3  -1  -10 0   
-2  0   5   -2  -1  -2  -1  -1  
-2  -2  -11 -2  -1  -3  1   -1  
-2  7   13  -3  1   -3  0   -3  
0   -12 -14 -4  -2  0   5   -1  
-2  1   5   -1  -2  -3  -1  -2  
-1  -8  0   -3  -3  1   1   -2  
0   3   3   -1  0   -1  -1  0   
-18 -4  -5  -4  4   -3  -7  -8  
4   0   5   0   -3  2   0   1   
-4  1   8   0   1   -2  0   0   
-10 5   16  8   19  25  -4  2   
20  7   -2  3   18  -10 9   15  
-12 1   -3  2   34  6   -19 -3  
-81 -14 -10 -3  17  -17 -11 -20 
13  -55 -25 -20 -36 17  4   -34 
-76 -47 -29 -14 -31 -13 -23 -54 
-4  -24 -8  -17 -88 6   -49 -48 
-40 -27 -9  2   43  -4  -1  -59 
52  -13 -7  6   13  24  20  21  
44  45  24  1   49  -16 -9  1   
-95 -17 -12 -9  -46 32  24  -10 
-84 -24 6   19  57  -32 -20 -114
-4  -36 -12 -7  127 -92 -12 -60 
21  1   7   16  90  48  -33 89  
-46 22  17  6   11  69  31  5   
-128-29 0   -2  -26 -81 -38 -81 
-86 7   15  13  1   -51 6   52  
13  -14 -17 19  83  12  8   -59 
67  15  12  16  42  79  -40 4   
22  19  8   1   -4  -65 9   -8  
-69 -30 -7  4   -11 18  -16 -25 
-128-36 -11 -7  44  13  -69 -106
-72 -22 -15 2   27  41  -64 -27 
87  19  -8  12  52  -3  49  82  
-65 14  -1  13  43  -20 -2  35  
-120-48 -31 -17 -80 -22 -12 -122
-85 -37 -18 0   23  -25 -56 -117
-12 4   2   -9  -30 59  14  49  
-88 -38 -7  -3  18  6   -44 -11 
27  17  -3  -6  51  -39 -16 -13 
114 5   3   3   -11 -37 -7  33  
-22 -7  6   4   -10 5   -6  -1  
-49 -9  -3  3   -4  -4  1   -18 
14  1   -5  -4  -7  4   -1  -9  
76  -3  -3  -1  -3  -7  -6  -1  
-12 -10 11  2   -3  1   -4  2   
-17 -9  -3  -3  -6  -4  0   1   
-8  -9  1   2   -4  -2  -5  -5  
42  6   -12 -2  0   2   23  4   
-1  -4  7   -2  6   -3  -7  -1  
-8  13  -7  -8  -2  -2  4   2   
-1  -1  -6  0   -1  -1  -6  2   
-4  1   -1  8   2   -1  1   -5  
-2  -3  -4  -4  -2  -1  -6  -1  
-2  5   -1  -4  -1  -2  5   1   
-1  -6  1   -3  -2  -3  -12 -3  