16,9,6
16,9,6
16,9,6
16,9,6
16,9,6
16,9,6
16,9,6
16,9,6
16,9,6
16,9,6
16,9,6
16,9,6
16,9,6
16,9,6
16,9,6
16,9,6
16,9,6
16,9,6
16,9,6
16,9,6
16,9,6
16,9,6
16,9,6
16,9,6
16,9,6
16,9,6
16,9,6
16,9,6
16,9,6
16,9,6
16,9,6
16,9,6
16,9,6
16,9,6
16,9,6
16,9,6
16,9,6
16,9,6
16,9,6
16,9,6
16,10,6
16,10,6
16,11,6
16,11,6
16,12,7
16,12,7
16,13,7
16,13,7
16,14,7
16,14,7
17,15,8
17,15,8
17,15,8
17,16,9
0,16,9
0,16,9
0,16,9
0,16,9
0,16,9
0,16,9
0,16,9
0,16,9
0,16,9
0,16,9
17,16,9
17,15,8
16,15,8
16,15,7
16,14,7
16,14,7
16,13,7
16,12,7
15,12,6
15,11,6
15,11,6
15,10,6
15,10,6
15,10,6
15,9,6
15,9,6
15,9,6
15,9,6
15,9,6
15,9,6
15,9,6
15,9,6
15,9,6
15,9,6
15,9,6
15,9,6
15,9,6
15,9,6
15,9,6
15,9,6
15,9,6
15,9,6
15,9,6
15,9,6
15,9,6
15,9,6
15,9,6
15,9,6
15,9,6
15,9,6
15,9,6
15,9,6