15,8,6
15,8,6
15,8,6
15,8,6
15,8,6
15,8,6
15,8,6
15,8,6
15,8,6
15,8,6
15,8,6
15,8,6
15,8,6
15,8,6
15,8,6
15,8,6
15,8,6
15,8,6
15,8,6
15,9,6
15,9,6
15,9,6
15,10,7
15,10,7
15,11,7
15,12,7
16,13,7
16,13,7
16,14,8
16,15,8
16,15,8
17,15,9
17,15,9
17,16,9
0,16,9
0,16,9
0,16,10
0,16,10
0,16,10
0,16,10
0,16,10
0,16,10
0,16,9
17,16,9
17,15,8
16,15,8
16,15,8
16,14,7
16,13,7
15,13,7
15,12,7
15,12,7
15,11,6
15,11,6
15,11,6
15,10,6
15,10,6
15,9,6
15,9,6
15,9,6
15,9,6
15,9,6
15,8,6
15,8,6
15,8,6
15,8,6
15,8,6
15,8,6
15,8,6
15,8,6
15,8,6
15,8,6
15,8,6
15,8,6
15,8,6
15,8,6
15,8,6
15,8,6
15,8,6
15,8,6
15,8,6
15,8,6
15,8,6
15,8,6
15,8,6
15,8,6