15,8,6
15,8,6
15,8,6
15,8,6
15,8,6
15,8,6
15,8,6
15,8,6
15,8,6
15,8,6
15,8,6
15,8,6
15,8,6
15,8,6
15,8,6
15,8,6
15,8,6
15,8,6
15,8,6
15,8,6
15,8,6
15,8,6
15,8,6
15,8,6
15,8,6
15,8,6
15,9,6
15,9,6
15,9,6
15,9,6
15,10,6
15,10,6
15,11,6
15,11,6
15,12,6
16,13,6
16,13,7
16,14,7
17,14,7
17,15,8
0,15,8
0,15,9
1,15,9
1,15,9
1,15,9
1,15,10
2,15,10
2,15,10
2,15,10
2,15,10
2,15,10
2,15,10
2,15,10
1,15,10
1,15,10
1,15,9
0,15,9
0,15,8
17,15,8
17,14,8
16,14,7
16,13,7
16,13,7
16,12,7
16,12,7
16,11,6
15,11,6
15,10,6
15,10,6
15,10,6
15,9,6
15,9,6
15,9,6
15,9,6
15,8,6
15,8,6
15,8,6
15,8,6
15,8,6
15,8,6
15,8,6
15,8,6
15,8,6
15,8,6
15,8,6
15,8,6
15,8,6
15,8,6
15,8,6
15,8,6
15,8,6
15,8,6
15,8,6
15,8,6
15,8,6
15,8,6
15,8,6
15,8,6
15,8,6
15,8,6