2   0   -1  1   1   -1  2   3   
-1  -2  -1  0   1   -2  0   -1  
1   -1  -1  0   -4  -2  0   4   
-1  2   -1  0   -1  -3  4   6   
-5  0   -1  -1  1   -4  -9  -6  
-3  -4  -3  -2  1   1   0   -2  
2   -1  2   -1  -4  -1  -1  -2  
-4  -3  0   -1  -2  0   -2  3   
-2  -3  -3  -2  2   -3  1   6   
-3  -4  -2  -1  3   3   0   -15 
1   -1  0   0   -4  1   -3  -4  
-6  -5  -3  -1  -2  -2  -2  -2  
6   -1  -3  -2  -4  -5  2   7   
-10 -3  -1  0   -1  1   -1  1   
1   -2  1   -1  -4  -1  1   3   
-2  -2  -2  -2  0   -3  -8  -2  
-2  -3  -3  -2  -1  -1  0   0   
1   -2  0   -1  -1  -4  -5  -9  
-3  0   0   1   -1  -5  -3  -4  
-2  0   0   0   0   0   -1  -7  
1   -1  0   -3  -1  1   -5  -2  
-3  0   -1  -2  -1  1   -3  2   
0   -2  -2  -1  -1  0   -2  1   
-1  0   0   -1  -3  0   0   -2  
-7  -1  -1  -2  -2  0   0   3   
-3  0   0   -3  2   -2  -1  1   
1   -1  -2  -2  -2  -1  0   6   
2   -3  -4  -2  0   1   -1  -3  
-6  -1  -2  -3  0   -1  -2  -11 
-1  0   -2  -3  -1  -4  0   -7  
4   0   -4  -4  0   -3  -4  -11 
-5  -4  0   0   5   0   3   22  
-5  -3  7   -5  -17 -6  -4  -7  
-6  -4  5   11  -1  -6  -16 53  
1   1   -19 24  -2  1   -2  -7  
1   3   -2  14  1   2   15  -9  
-9  -6  -10 -5  -22 -9  2   57  
-1  -1  19  -1  -19 -4  -20 34  
-7  -5  -42 14  -14 1   18  25  
-5  -1  6   -15 13  -4  -29 -25 
-11 -8  -42 8   56  1   5   87  
-1  4   8   -11 41  -9  3   -63 
-2  -10 -19 15  3   -4  -1  -20 
5   3   14  15  10  -1  17  57  
-3  2   -3  -41 -61 -2  -39 35  
-11 -9  17  -35 22  -1  7   -1  
-4  2   19  -11 -4  -4  30  21  
-6  -1  23  -4  -12 -1  13  -9  
6   1   4   2   -13 -6  4   -12 
-4  -7  16  1   -7  -9  -64 80  
-6  -2  46  16  -40 -6  2   47  
7   6   23  -13 -15 2   17  -14 
2   1   -14 7   30  -2  7   42  
1   1   -39 -15 -12 2   34  57  
-3  -5  12  16  -2  3   -3  -24 
1   1   -10 -3  6   -2  22  24  
-4  1   -6  0   3   -11 -22 -16 
0   -1  7   1   2   -5  19  -3  
9   1   -1  2   3   -1  5   -12 
5   1   0   0   -1  1   0   -2  
-7  -1  -2  0   0   1   0   2   
-3  -2  0   0   -2  -4  0   0   
-3  -4  -4  -1  -1  -1  -2  -1  
0   1   1   -2  0   0   -1  -1  
-1  -1  -1  -1  0   -2  -3  -3  
-3  0   -2  -1  -1  -2  -1  -1  
-1  1   0   0   -2  -2  -2  1   
-1  -1  -2  -2  -2  -2  -3  0   
-2  -1  -2  -3  -2  -1  0   -3  
-1  -1  -1  -2  -1  -5  -1  -4  
-3  2   -1  0   1   -2  -2  -3  
1   -4  -1  -2  0   0   -2  -4  