-4  -3  -1  -1  0   1   0   -3  
-1  0   0   -2  -2  0   -4  2   
-3  1   -1  -1  -1  0   -4  0   
-1  -1  -1  -1  -1  -4  3   -1  
-2  -2  -1  0   -2  -2  -4  0   
0   -2  -2  -1  -2  0   1   -3  
0   0   0   -1  -1  -3  -3  -1  
-2  -1  -1  -1  -1  2   1   -2  
0   0   -1  -1  0   -6  -3  -3  
-1  -1  0   -2  -1  -1  -3  0   
-1  -1  -2  -1  -2  1   -1  -1  
-1  -1  -3  1   -2  -3  -4  0   
1   -1  -1  0   -1  -2  -2  3   
-2  0   -1  -1  -3  -2  -3  -2  
-3  -1  0   -1  0   -6  1   -1  
-2  -2  -2  -1  -4  -2  -1  -1  
0   1   -1  -1  0   -3  -2  2   
0   1   -2  0   3   -2  -1  -3  
-1  0   -2  -8  1   -1  1   -2  
-3  -1  -2  -1  5   -3  -1  -2  
-2  -4  -4  -2  -3  -3  -6  32  
-2  -2  0   2   1   -5  0   -30 
5   4   -57 14  33  -3  17  -91 
-8  -10 17  7   -13 11  3   1   
4   -2  16  8   -5  -14 -4  3   
-3  -5  -55 -15 -10 -10 -5  3   
-4  -6  4   3   21  7   4   23  
-8  -3  -27 -3  4   0   -52 37  
-6  -9  -37 1   2   2   -20 70  
0   0   -4  22  -14 -12 15  16  
-7  -10 -33 -24 16  -13 17  76  
2   11  -4  12  -19 -2  13  -12 
-5  10  59  16  9   5   56  -35 
5   -5  -29 -26 -60 3   -15 117 
0   -8  24  -23 -62 -1  1   -120
-21 -8  -26 -3  -42 -18 25  -42 
3   5   -73 -14 10  3   46  53  
9   2   -1  -12 -29 10  15  -52 
5   -1  -60 9   -13 -2  -18 91  
-12 -6  43  -7  -33 10  -52 33  
8   8   -2  -19 -24 2   34  -59 
-1  6   40  -20 31  12  56  -46 
-2  -6  35  -20 -53 -5  -12 50  
-8  -10 -28 1   -35 -19 -79 -58 
-5  -3  17  -57 -76 1   6   -1  
0   -8  -28 30  32  4   13  8   
1   -12 -31 5   -2  3   -40 66  
-3  -2  -11 21  -20 4   38  -72 
4   5   2   -20 -15 5   3   -22 
1   0   7   -19 -37 -6  -20 62  
-8  -5  -31 10  30  12  -8  -37 
0   -5  -12 -1  14  -7  -22 19  
4   6   10  19  19  4   36  -90 
-4  2   7   -36 -20 -3  -9  79  
-1  -2  16  -12 -39 -5  -14 -7  
1   6   22  14  10  3   9   -42 
0   -3  -40 21  6   3   8   35  
-8  -6  42  -4  2   -9  28  0   
-5  -2  -8  -15 -27 -11 -3  -48 
4   3   27  10  10  -1  -16 -119
1   -5  21  -10 42  -5  16  28  
-4  -4  2   -18 -26 -11 -33 -57 
-2  0   -7  7   -3  2   12  6   
3   -1  -3  -6  0   -1  -7  -5  
-2  -2  -2  8   0   -1  5   -8  
0   -1  -2  -2  1   -3  0   3   
-2  -3  -3  -2  -2  -4  -4  -5  
-2  -2  -1  -3  -1  4   1   0   
1   -2  -1  -1  -3  -3  2   -1  
2   0   -1  -1  0   0   -4  0   
-1  -3  -1  1   -3  0   1   0   
-2  -3  -2  -2  -3  -3  0   -3  
-1  -4  -3  -2  0   1   -2  -3  
1   -1  -1  -4  -1  -1  -1  0   
-1  -3  -1  -2  -2  -1  1   0   
0   -1  -1  -1  1   -2  0   -1  
-4  1   -1  -1  0   -3  1   -3  
-3  -2  -1  -1  -2  2   -4  -1  
-3  -1  -2  -1  0   3   0   1   
-4  -1  -2  0   -3  -1  -3  1   